travel_time,id,kind,action,bid_route_0,bid_route_1,bid_route_2,karma_balance,origin,destination,start_time,income,urgency,reward,observation,cost_table
40.61666666666667,146,AV,1,1,8,7,1,0,0,94,1653.1781197118603,0.4,-0.9846464646464647,"0.19630666666666663,0.24687052341597793,0.3006287878787879,0.4,0.94,0.08168187152419273,9.0","0,0,0"
30.5,7,AV,1,3,7,9,4,0,0,55,827.3783452591958,0.3,-0.5545454545454545,"0.18902173913043477,0.27588304093567256,0.3559775641025641,0.3,0.55,0.040879933561629736,11.0","0,0,0"
24.666666666666668,111,AV,1,2,4,3,2,0,0,35,4925.450001742355,0.2,-0.29898989898989903,"0.22974999999999998,0.2782923076923078,0.33284285714285716,0.2,0.35,0.24336154068581314,6.0","0,0,0"
38.083333333333336,198,AV,2,1,2,9,4,0,0,44,2964.6777926145683,0.1,-0.23080808080808085,"0.20477564102564105,0.26732212885154066,0.35062601626016265,0.1,0.44,0.14648175394988758,13.0","0,0,0"
23.65,288,AV,1,1,7,1,12,0,0,33,2218.0502812558643,0.2,-0.2866666666666667,"0.27280666666666664,0.30790254237288134,0.3637480620155039,0.2,0.33,0.10959163803796217,19.0","0,0,0"
17.25,61,AV,1,2,4,3,2,0,0,22,3580.4564780460023,0.9,-0.9409090909090909,"0.20006349206349205,0.2686021897810219,0.3507447916666666,0.9,0.22,0.17690676071171996,6.0","0,0,0"
12.366666666666667,108,AV,1,3,9,0,0,0,0,4,3368.9508766880413,0.5,-0.3747474747474748,"0.21892,0.2745893333333333,0.32386752136752134,0.5,0.04,0.16645648124650464,9.0","0,0,0"
32.833333333333336,47,AV,2,2,3,5,10,0,0,42,586.8516376274475,0.6,-1.193939393939394,"0.19261290322580643,0.2739706666666667,0.34441919191919196,0.6,0.42,0.028995750365243225,15.0","0,0,0"
26.866666666666667,231,AV,1,2,4,3,3,0,0,52,2015.5588757501516,0.2,-0.3256565656565657,"0.23570952380952373,0.2923539944903581,0.34187254901960784,0.2,0.52,0.09958674094184428,7.0","0,0,0"
41.68333333333333,213,AV,2,3,0,1,11,0,0,89,2022.4315636845977,0.1,-0.25262626262626264,"0.26188636363636364,0.30515873015873024,0.36772222222222234,0.1,0.89,0.09992631355425287,11.0","0,0,0"
23.75,255,AV,2,2,2,4,1,0,0,14,3608.770587345788,0.3,-0.4318181818181818,"0.20002380952380952,0.2599926900584796,0.3349826388888888,0.3,0.14,0.17830573243205106,5.0","0,0,0"
30.35,267,AV,1,0,7,4,11,0,0,53,2392.7441380289174,0.2,-0.3678787878787879,"0.21931159420289853,0.2740530973451328,0.3391515151515152,0.2,0.53,0.1182230861528751,18.0","0,0,0"
35.1,221,AV,1,1,9,6,0,0,0,70,2530.9644311939346,0.2,-0.42545454545454553,"0.23072499999999999,0.2381400966183575,0.32488888888888895,0.2,0.7,0.12505241210010515,9.0","0,0,0"
32.416666666666664,112,AV,0,4,4,3,4,0,0,83,11185.875164713363,0.4,-0.7858585858585858,"0.24296666666666666,0.3058898071625345,0.36594202898550726,0.4,0.83,0.5526828641120808,8.0","0,0,0"
19.25,72,AV,1,2,4,3,13,0,0,27,2756.9260540590044,0.2,-0.23333333333333336,"0.22022463768115938,0.26901515151515154,0.3363095238095238,0.2,0.27,0.1362169490778143,17.0","0,0,0"
15.0,45,AV,1,1,6,7,10,0,0,10,3520.054626539052,0.8,-0.7272727272727273,"0.22631818181818183,0.2765348484848485,0.32233333333333336,0.8,0.1,0.17392236585687273,16.0","0,0,0"
34.1,280,AV,1,3,9,0,3,0,0,66,2850.5966631146844,0.3,-0.62,"0.22055555555555556,0.26311328125000005,0.3274280303030303,0.3,0.66,0.14084511984976505,12.0","0,0,0"
41.75,74,AV,1,2,4,3,4,0,0,99,1963.0347272178835,0.1,-0.25303030303030305,"0.17894827586206893,0.24857300275482097,0.32022083333333334,0.1,0.99,0.09699157548376398,8.0","0,0,0"
40.21666666666667,212,AV,2,1,1,0,11,0,0,63,614.9217871931492,0.1,-0.24373737373737378,"0.2368550724637681,0.30020903954802264,0.3502301587301588,0.1,0.63,0.030382668279986823,11.0","0,0,0"
23.466666666666665,263,AV,1,2,4,7,8,0,0,33,1323.5149786113286,0.8,-1.1377777777777778,"0.16308771929824561,0.27615740740740746,0.3399444444444444,0.8,0.33,0.06539354662044386,12.0","0,0,0"
40.55,283,AV,2,1,2,9,8,0,0,86,767.6170681366935,0.5,-1.2287878787878788,"0.19291228070175437,0.2449128205128205,0.3069780701754386,0.5,0.86,0.03792718884414417,17.0","0,0,0"
22.483333333333334,279,AV,1,3,7,3,0,0,0,28,3252.767976975094,0.5,-0.6813131313131313,"0.2183827160493827,0.2885871794871795,0.37445959595959605,0.5,0.28,0.1607160007897979,7.0","0,0,0"
29.8,294,AV,2,1,1,0,15,0,0,29,3257.3450634265246,0.1,-0.18060606060606063,"0.2138733333333333,0.3115042016806722,0.3660869565217391,0.1,0.29,0.1609421500371313,15.0","0,0,0"
31.9,30,AV,1,2,4,3,14,0,0,63,3487.44186130441,0.1,-0.19333333333333336,"0.15450833333333336,0.23179338842975208,0.2825428571428572,0.1,0.63,0.17231100186155868,18.0","0,0,0"
16.3,249,AV,1,2,4,3,1,0,0,19,1475.2077210572677,0.2,-0.1975757575757576,"0.22639682539682543,0.28158792650918635,0.3501302083333333,0.2,0.19,0.07288853276372843,5.0","0,0,0"
39.233333333333334,137,AV,1,2,4,3,1,0,0,86,3151.1733449572957,1.0,-2.3777777777777778,"0.2259393939393939,0.2778050847457627,0.3404311594202899,1.0,0.86,0.1556963119969945,5.0","0,0,0"
34.516666666666666,51,AV,2,3,3,6,0,0,0,57,3024.224513765153,0.1,-0.2091919191919192,"0.19257291666666665,0.26665245478036176,0.33425185185185186,0.1,0.57,0.14942389767216036,6.0","0,0,0"
33.766666666666666,210,AV,0,9,2,0,1,0,0,93,857.6590975250949,0.1,-0.20464646464646466,"0.2029938271604939,0.2572810734463277,0.3360666666666667,0.1,0.93,0.04237607513690668,10.0","0,0,0"
41.2,177,AV,1,2,4,3,1,0,0,98,1148.9174546898266,0.1,-0.24969696969696972,"0.26037820512820514,0.3107833333333334,0.37893181818181815,0.1,0.98,0.05676685821503235,5.0","0,0,0"
40.18333333333333,37,AV,1,1,8,5,12,0,0,89,2187.907521251699,0.1,-0.2435353535353535,"0.23426344086021506,0.2871198830409357,0.3618148148148147,0.1,0.89,0.10810231452182832,20.0","0,0,0"
35.53333333333333,46,AV,1,1,6,0,2,0,0,71,1239.4416864014672,0.5,-1.0767676767676768,"0.22206818181818183,0.2954887955182073,0.3461587301587302,0.5,0.71,0.0612395696405775,8.0","0,0,0"
23.733333333333334,207,AV,0,6,6,6,0,0,0,61,4999.976398121604,0.1,-0.14383838383838385,"0.19537333333333332,0.2575780423280422,0.3308589743589744,0.1,0.61,0.24704381512534654,6.0","0,0,0"
40.03333333333333,76,AV,2,1,2,0,5,0,0,82,898.3728471886773,1.0,-2.426262626262626,"0.2634679487179487,0.3278180555555556,0.3818863636363636,1.0,0.82,0.044387700641524724,5.0","0,0,0"
26.566666666666666,125,AV,1,3,5,1,0,0,0,43,506.5869000089976,0.5,-0.805050505050505,"0.23357936507936508,0.2723888888888889,0.358719298245614,0.5,0.43,0.025029950244917432,5.0","0,0,0"
32.13333333333333,21,AV,2,3,1,5,6,0,0,42,835.7777612710734,0.3,-0.5842424242424242,"0.21053333333333335,0.24026010101010098,0.3253288288288288,0.3,0.42,0.04129494027589717,11.0","0,0,0"
34.81666666666667,22,AV,2,1,1,5,1,0,0,35,4504.939201911708,0.1,-0.21101010101010106,"0.1967266666666667,0.28100147492625366,0.3247261904761905,0.1,0.35,0.2225845241521748,6.0","0,0,0"
30.066666666666666,144,AV,1,2,4,3,2,0,0,57,2446.4664131825853,0.2,-0.36444444444444446,"0.2138279569892473,0.3133271028037383,0.3609833333333334,0.2,0.57,0.12087744984470407,6.0","0,0,0"
35.88333333333333,79,AV,1,1,6,0,0,0,0,69,4164.701887555128,0.3,-0.6524242424242424,"0.23469047619047623,0.2908980716253444,0.3478402777777778,0.3,0.69,0.20577373996162773,6.0","0,0,0"
36.93333333333333,16,AV,1,2,4,3,5,0,0,79,2294.767722006211,0.4,-0.8953535353535353,"0.2482847222222222,0.2829256198347107,0.35386190476190477,0.4,0.79,0.11338216978061968,9.0","0,0,0"
24.366666666666667,66,AV,1,2,4,3,6,0,0,41,1546.5147326922538,0.7,-1.0337373737373736,"0.16436666666666663,0.25939355742296916,0.3116944444444444,0.7,0.41,0.07641174063449208,10.0","0,0,0"
40.983333333333334,81,AV,2,3,1,5,13,0,0,86,617.4453946714843,0.2,-0.49676767676767675,"0.17092063492063492,0.2983630490956072,0.35392916666666663,0.2,0.86,0.03050735719243069,18.0","0,0,0"
23.65,156,AV,0,6,5,4,3,0,0,54,1391.0507319816634,0.2,-0.2866666666666667,"0.26477083333333334,0.3012046568627451,0.36745614035087715,0.2,0.54,0.06873042040573611,9.0","0,0,0"
26.8,282,AV,1,2,6,6,1,0,0,46,1490.1599361877834,0.3,-0.48727272727272725,"0.186752688172043,0.2570013227513227,0.36832323232323233,0.3,0.46,0.0736273067051025,7.0","0,0,0"
24.766666666666666,254,AV,2,1,0,0,5,0,0,9,905.8209551718018,0.2,-0.3002020202020202,"0.238675,0.2740112044817927,0.35942083333333325,0.2,0.09,0.044755704180963,5.0","0,0,0"
15.266666666666667,154,AV,0,9,4,2,5,0,0,35,832.4581618945489,0.7,-0.6476767676767677,"0.1849888888888889,0.24669548872180452,0.3484479166666666,0.7,0.35,0.041130922202737376,14.0","0,0,0"
30.683333333333334,53,AV,1,2,4,3,3,0,0,57,2761.3662775036096,0.1,-0.185959595959596,"0.22834090909090915,0.27056368563685645,0.34729999999999994,0.1,0.57,0.13643633606135613,7.0","0,0,0"
27.533333333333335,234,AV,1,2,4,3,3,0,0,47,1526.0895405694364,0.6,-1.0012121212121212,"0.21407407407407408,0.27495621468926557,0.3470162601626016,0.6,0.47,0.07540255239340664,7.0","0,0,0"
21.75,262,AV,1,2,9,8,3,0,0,29,4549.115907877681,0.8,-1.0545454545454545,"0.23214285714285712,0.26856442577030815,0.33252083333333327,0.8,0.29,0.22476725085176577,12.0","0,0,0"
40.61666666666667,233,AV,1,3,9,0,0,0,0,87,2271.53748778668,0.3,-0.7384848484848484,"0.2591825396825397,0.28783464566929134,0.3591944444444444,0.3,0.87,0.11223438722508516,9.0","0,0,0"
24.7,298,AV,2,1,1,5,12,0,0,8,5702.616109653807,0.1,-0.1496969696969697,"0.17464583333333333,0.24959745762711866,0.30542916666666664,0.1,0.08,0.28176053800041856,17.0","0,0,0"
19.7,142,AV,1,1,9,6,3,0,0,28,572.7967315704935,0.4,-0.47757575757575754,"0.22993750000000004,0.3049217171717172,0.3694803921568626,0.4,0.28,0.02830131156452355,12.0","0,0,0"
35.666666666666664,236,AV,1,1,7,5,5,0,0,68,1597.8734280578535,0.5,-1.0808080808080807,"0.17022222222222222,0.26494298245614034,0.33407954545454543,0.5,0.68,0.07894932222142612,12.0","0,0,0"
37.86666666666667,58,AV,1,0,7,4,5,0,0,82,4505.18942297478,0.1,-0.22949494949494953,"0.20276086956521738,0.2704187675070027,0.34046527777777774,0.1,0.82,0.22259688732374286,12.0","0,0,0"
5.316666666666666,278,AV,0,8,6,5,1,0,0,0,1614.9493849180149,0.2,-0.06444444444444444,"0.20553205128205132,0.26854471544715447,0.34400813008130077,0.2,0.0,0.0797930281099649,9.0","0,0,0"
26.783333333333335,41,AV,1,3,5,1,0,0,0,44,921.9548251796884,0.5,-0.8116161616161617,"0.24919298245614038,0.29791601049868766,0.3660852713178294,0.5,0.44,0.04555286250374671,5.0","0,0,0"
29.583333333333332,277,AV,1,2,4,3,3,0,0,57,1703.2333497257905,0.4,-0.7171717171717171,"0.18290625,0.26345502645502644,0.31965625,0.4,0.57,0.08415505019644881,7.0","0,0,0"
20.166666666666668,272,AV,1,2,4,3,6,0,0,25,626.2908344343901,0.6,-0.7333333333333334,"0.2481203703703704,0.30525210084033616,0.355031007751938,0.6,0.25,0.030944401492541913,10.0","0,0,0"
34.13333333333333,12,AV,2,0,0,8,0,0,0,49,1260.6549751070208,0.7,-1.448080808080808,"0.2570533333333333,0.27092543859649126,0.3233687943262411,0.7,0.49,0.0622876969427672,8.0","0,0,0"
33.983333333333334,64,AV,2,1,1,0,6,0,0,50,1661.9571573900298,0.1,-0.205959595959596,"0.2021333333333333,0.29521273712737117,0.37370238095238084,0.1,0.5,0.08211563496394797,6.0","0,0,0"
40.6,34,AV,1,2,4,3,1,0,0,89,779.0639592631991,0.5,-1.2303030303030305,"0.207,0.28985735735735735,0.3747843137254902,0.5,0.89,0.0384927682449347,5.0","0,0,0"
11.966666666666667,291,AV,0,5,5,4,7,0,0,24,979.573716991658,0.2,-0.14505050505050507,"0.2082413793103448,0.2560318181818182,0.34371354166666657,0.2,0.24,0.048399754113449336,12.0","0,0,0"
30.616666666666667,165,AV,0,6,5,4,2,0,0,73,4645.51881630073,0.9,-1.6700000000000002,"0.24614814814814817,0.28339655172413797,0.34876666666666656,0.9,0.73,0.2295304217929239,8.0","0,0,0"
29.583333333333332,116,AV,2,1,0,0,6,0,0,34,3101.095365071405,0.1,-0.17929292929292928,"0.1952222222222222,0.2666322314049587,0.3210753968253969,0.1,0.34,0.15322200927639995,6.0","0,0,0"
26.716666666666665,151,AV,2,0,1,2,11,0,0,11,946.1123250925148,1.0,-1.619191919191919,"0.19117777777777778,0.2834589743589743,0.3309518518518519,1.0,0.11,0.04674646032644781,11.0","0,0,0"
27.25,153,AV,2,1,1,3,6,0,0,13,3362.377553451843,1.0,-1.6515151515151516,"0.2193064516129032,0.25868044077134983,0.3473026315789475,1.0,0.13,0.1661316999433504,6.0","0,0,0"
42.083333333333336,106,AV,2,3,0,6,1,0,0,79,3898.759045987068,0.6,-1.5303030303030303,"0.2565462962962963,0.23372446236559138,0.3226178861788618,0.6,0.79,0.19263377109878843,7.0","0,0,0"
39.583333333333336,261,AV,2,3,2,2,5,0,0,75,11515.391842589095,0.1,-0.23989898989898994,"0.22043939393939394,0.27310541310541303,0.35826470588235293,0.1,0.75,0.5689639524149042,5.0","0,0,0"
23.183333333333334,230,AV,2,1,2,9,6,0,0,19,5386.149373461946,0.3,-0.4215151515151515,"0.22644927536231887,0.28062000000000004,0.3408809523809524,0.3,0.19,0.2661242342173697,15.0","0,0,0"
14.0,281,AV,1,2,4,3,4,0,0,10,1649.648602545546,0.4,-0.3393939393939394,"0.19275490196078432,0.25013541666666667,0.33145061728395064,0.4,0.1,0.08150748162374356,8.0","0,0,0"
16.566666666666666,14,AV,1,2,4,3,7,0,0,10,4609.601315671212,0.1,-0.10040404040404041,"0.20972222222222225,0.3025,0.3581161616161615,0.1,0.1,0.2277557741388637,11.0","0,0,0"
26.983333333333334,105,AV,1,2,4,3,1,0,0,49,2528.765907819195,0.6,-0.9812121212121212,"0.2566060606060606,0.265289972899729,0.3550243902439024,0.6,0.49,0.12494378526691811,5.0","0,0,0"
28.066666666666666,113,AV,1,3,4,3,1,0,0,53,1310.9401185904849,0.3,-0.5103030303030303,"0.21330701754385967,0.26748633879781425,0.33886394557823124,0.3,0.53,0.06477223540877823,5.0","0,0,0"
23.033333333333335,273,AV,1,2,6,6,4,0,0,32,4968.170350229253,0.8,-1.1167676767676769,"0.23689814814814816,0.2831222222222222,0.37718918918918914,0.8,0.32,0.24547231022417584,10.0","0,0,0"
8.5,246,AV,0,8,8,7,17,0,0,15,17693.100214811147,0.5,-0.25757575757575757,"0.2118888888888889,0.27356119791666667,0.34079729729729735,0.5,0.15,0.874198322236906,25.0","0,0,0"
24.816666666666666,130,AV,2,1,0,0,16,0,0,8,12197.400506638176,0.1,-0.15040404040404043,"0.24476811594202896,0.2637018970189702,0.3286081081081081,0.1,0.08,0.6026613159421645,16.0","0,0,0"
17.8,33,AV,1,1,7,1,1,0,0,21,813.126641713825,0.3,-0.32363636363636367,"0.20345238095238094,0.2693920765027322,0.3371304347826086,0.3,0.21,0.040175771194542055,8.0","0,0,0"
43.88333333333333,269,AV,1,2,4,3,2,0,0,97,522.440884226393,0.3,-0.7978787878787879,"0.18081060606060606,0.25269576719576725,0.29971031746031745,0.3,0.97,0.02581327969172718,6.0","0,0,0"
41.2,4,AV,1,2,4,3,2,0,0,90,961.7772661313056,0.6,-1.4981818181818183,"0.2856,0.3075935251798561,0.3702777777777779,0.6,0.9,0.04752044933955402,6.0","0,0,0"
51.21666666666667,227,AV,2,2,2,3,8,0,0,99,6918.069898529506,0.6,-1.8624242424242423,"0.24275757575757578,0.2898581267217631,0.35464814814814816,0.6,0.99,0.34181488970200175,8.0","0,0,0"
23.633333333333333,251,AV,1,2,4,3,8,0,0,35,783.6834518391023,0.3,-0.42969696969696963,"0.23278846153846153,0.29674858757062145,0.34946739130434784,0.3,0.35,0.038721012736313315,12.0","0,0,0"
30.733333333333334,152,AV,1,2,4,3,1,0,0,57,3523.1638559153366,0.3,-0.5587878787878787,"0.23756249999999998,0.2629289405684754,0.3353962962962963,0.3,0.57,0.1740759897594787,5.0","0,0,0"
41.483333333333334,67,AV,2,0,1,2,11,0,0,84,959.5289757906356,0.4,-1.0056565656565657,"0.18382638888888891,0.2473024193548387,0.33977380952380953,0.4,0.84,0.04740936357053375,11.0","0,0,0"
32.36666666666667,24,AV,2,3,0,1,7,0,0,39,601.3137559373858,0.2,-0.39232323232323235,"0.20190833333333333,0.2492463768115942,0.31251481481481486,0.2,0.39,0.029710309114645228,7.0","0,0,0"
22.4,215,AV,1,2,4,3,7,0,0,32,4090.160813256426,0.2,-0.2715151515151515,"0.25649305555555557,0.280625,0.3379206349206349,0.2,0.32,0.20209074030082702,11.0","0,0,0"
22.166666666666668,182,AV,1,2,4,3,1,0,0,31,2255.9253983027734,0.2,-0.2686868686868687,"0.15580701754385962,0.24486155913978497,0.3158640350877192,0.2,0.31,0.11146300955425625,5.0","0,0,0"
16.7,270,AV,1,2,4,3,3,0,0,16,2949.689674384749,0.1,-0.1012121212121212,"0.25909090909090904,0.30766419753086427,0.39130303030303026,0.1,0.16,0.14574120607241453,7.0","0,0,0"
33.96666666666667,159,AV,1,2,4,3,3,0,0,62,591.6693204447811,0.1,-0.20585858585858588,"0.1815,0.2504146981627297,0.32541428571428577,0.1,0.62,0.02923378723751827,7.0","0,0,0"
31.183333333333334,193,AV,1,3,9,0,5,0,0,57,4061.843573313689,0.1,-0.188989898989899,"0.16195833333333332,0.24340049751243786,0.32283750000000005,0.1,0.57,0.20069161389857007,14.0","0,0,0"
16.333333333333332,48,AV,1,0,5,5,3,0,0,15,2744.255474143275,0.6,-0.5939393939393939,"0.20866666666666667,0.2441901234567901,0.32918181818181813,0.6,0.15,0.13559090844222083,8.0","0,0,0"
25.05,77,AV,2,0,1,9,13,0,0,25,5341.061461458292,0.3,-0.45545454545454545,"0.22273076923076926,0.2760877976190476,0.3500833333333334,0.3,0.25,0.26389648574207625,22.0","0,0,0"
37.11666666666667,118,AV,2,1,2,0,8,0,0,66,6230.691172258436,0.2,-0.44989898989898996,"0.24670000000000003,0.2755873015873016,0.3400427350427351,0.2,0.66,0.3078521967905309,8.0","0,0,0"
39.1,217,AV,0,5,1,4,0,0,0,99,1509.578116022191,0.2,-0.47393939393939394,"0.19762878787878788,0.28392179487179486,0.3434342105263156,0.2,0.99,0.07458673947980204,5.0","0,0,0"
29.816666666666666,266,AV,1,3,5,1,8,0,0,54,912.6272274022258,0.1,-0.1807070707070707,"0.1870576923076923,0.24456442577030812,0.3087539682539683,0.1,0.54,0.04509199526010037,13.0","0,0,0"
31.333333333333332,224,AV,1,2,4,3,7,0,0,59,4021.28082322038,0.4,-0.7595959595959596,"0.17721052631578946,0.26469196428571434,0.3413629629629629,0.4,0.59,0.19868744913115402,11.0","0,0,0"
34.3,237,AV,2,1,2,9,9,0,0,45,2966.188350320237,0.6,-1.247272727272727,"0.1675634920634921,0.23269685039370086,0.3259523809523811,0.6,0.45,0.14655638908990856,18.0","0,0,0"
15.383333333333333,160,AV,1,2,4,3,5,0,0,10,1052.4070316009115,0.1,-0.09323232323232324,"0.19214705882352942,0.25764784946236563,0.32945744680851063,0.1,0.1,0.05199837508215116,9.0","0,0,0"
13.9,222,AV,0,5,2,8,5,0,0,30,2078.9202215407213,0.2,-0.1684848484848485,"0.19215873015873014,0.25484375000000004,0.3286375000000001,0.2,0.3,0.10271736143866485,10.0","0,0,0"
21.183333333333334,73,AV,1,2,4,3,7,0,0,29,1089.3140785512585,0.8,-1.027070707070707,"0.18284722222222222,0.2806333333333333,0.3219015151515151,0.8,0.29,0.05382191522667051,11.0","0,0,0"
45.916666666666664,285,AV,2,0,1,2,6,0,0,92,5394.467136051333,0.4,-1.1131313131313132,"0.23989285714285719,0.2657361111111112,0.3453666666666666,0.4,0.92,0.2665352065179911,6.0","0,0,0"
34.21666666666667,284,AV,2,0,3,9,1,0,0,49,2942.323800284961,0.4,-0.8294949494949496,"0.16036956521739132,0.2261626344086021,0.30121317829457367,0.4,0.49,0.14537726562660996,10.0","0,0,0"
24.35,247,AV,2,1,0,9,0,0,0,14,546.8646928603165,0.2,-0.29515151515151516,"0.2400333333333333,0.2756257575757576,0.35839523809523804,0.2,0.14,0.027020035561031403,9.0","0,0,0"
34.9,62,AV,1,1,7,1,4,0,0,69,7592.14370769901,0.2,-0.4230303030303031,"0.22413888888888892,0.264627688172043,0.35134722222222226,0.2,0.69,0.37512020001424035,11.0","0,0,0"
23.766666666666666,131,AV,1,3,7,0,10,0,0,37,3941.04555698938,0.1,-0.14404040404040405,"0.22548333333333337,0.27603914141414143,0.3292745098039216,0.1,0.37,0.19472310516250035,17.0","0,0,0"
15.583333333333334,15,AV,1,3,9,0,12,0,0,13,1348.5865378412918,1.0,-0.9444444444444445,"0.2040858585858585,0.267780303030303,0.3134017094017094,1.0,0.13,0.0666323071965214,21.0","0,0,0"
35.61666666666667,256,AV,1,2,4,3,12,0,0,67,1885.557658153182,0.1,-0.2158585858585859,"0.22237500000000002,0.28820833333333334,0.35101190476190475,0.1,0.67,0.09316351126856799,16.0","0,0,0"
30.45,203,AV,1,1,4,8,5,0,0,56,3245.380745418587,0.2,-0.36909090909090914,"0.2241666666666667,0.28712581699346407,0.34791944444444445,0.2,0.56,0.16035100509349434,9.0","0,0,0"
34.083333333333336,209,AV,1,1,4,2,1,0,0,66,9095.945853089892,0.2,-0.4131313131313132,"0.18821969696969693,0.2526574074074074,0.34124583333333325,0.2,0.66,0.44942155458275634,5.0","0,0,0"
30.366666666666667,57,AV,1,2,4,3,2,0,0,56,5844.130995646287,0.5,-0.9202020202020202,"0.22455797101449274,0.27479365079365076,0.3419227642276423,0.5,0.56,0.28875264647231946,6.0","0,0,0"
10.316666666666666,245,AV,0,5,3,4,5,0,0,21,4934.883137056144,0.1,-0.06252525252525253,"0.22676543209876543,0.28648705501618127,0.3603243243243244,0.1,0.21,0.2438276224331965,10.0","0,0,0"
26.583333333333332,119,AV,1,2,4,3,4,0,0,45,1564.4426034616197,0.2,-0.3222222222222222,"0.2232936507936508,0.28916406250000004,0.36707317073170725,0.2,0.45,0.07729753873417955,8.0","0,0,0"
39.583333333333336,289,AV,1,1,7,0,2,0,0,85,849.0657401736111,0.1,-0.23989898989898994,"0.2250952380952381,0.24180493827160493,0.3292058823529411,0.1,0.85,0.04195148597571712,9.0","0,0,0"
35.55,135,AV,1,2,4,3,7,0,0,72,1682.490559712908,0.1,-0.21545454545454545,"0.2509035087719298,0.3017010582010582,0.36179032258064514,0.1,0.72,0.08313016976240285,11.0","0,0,0"
24.666666666666668,293,AV,2,2,3,5,2,0,0,19,2909.8477340427667,0.1,-0.14949494949494951,"0.2331018518518519,0.29648,0.3697340425531915,0.1,0.19,0.1437726557913017,7.0","0,0,0"
26.75,229,AV,1,2,4,5,12,0,0,44,7572.106998522375,0.3,-0.48636363636363633,"0.2297045454545454,0.2857943548387097,0.3661212121212122,0.3,0.44,0.37413020632558763,16.0","0,0,0"
42.1,101,AV,2,1,0,6,0,0,0,58,8348.421721831439,0.7,-1.7860606060606061,"0.17725490196078433,0.28131693989071044,0.32486585365853654,0.7,0.58,0.41248713758156286,6.0","0,0,0"
20.583333333333332,26,AV,0,5,8,0,4,0,0,49,6778.2755320215965,0.2,-0.2494949494949495,"0.2518939393939394,0.2903569182389937,0.3490833333333333,0.2,0.49,0.3349077903708691,9.0","0,0,0"
41.333333333333336,253,AV,1,2,4,3,2,0,0,93,5064.807770076448,0.2,-0.501010101010101,"0.182827380952381,0.2187198275862069,0.29034074074074073,0.2,0.93,0.25024706813941117,6.0","0,0,0"
41.0,211,AV,2,2,3,5,12,0,0,78,1778.835052690156,0.4,-0.993939393939394,"0.1655888888888889,0.25463821138211384,0.3267371794871795,0.4,0.78,0.08789045445501824,17.0","0,0,0"
19.4,96,AV,1,2,4,7,4,0,0,21,6081.635477498837,0.4,-0.47030303030303033,"0.21530555555555553,0.26860802469135797,0.3419965277777778,0.4,0.21,0.3004875045265025,8.0","0,0,0"
37.166666666666664,158,AV,1,2,4,3,2,0,0,73,1697.366940102563,0.5,-1.1262626262626263,"0.1846944444444445,0.29272005208333335,0.3637162162162162,0.5,0.73,0.08386519678534977,6.0","0,0,0"
33.416666666666664,192,AV,1,3,4,8,5,0,0,66,5670.319740923212,0.2,-0.40505050505050505,"0.2150277777777778,0.283494623655914,0.3414206349206349,0.2,0.66,0.28016480683878775,9.0","0,0,0"
5.233333333333333,19,AV,0,4,0,0,1,0,0,3,2314.8193170712048,0.4,-0.12686868686868688,"0.17921428571428566,0.2648068783068783,0.3368875968992249,0.4,0.03,0.11437289896607457,5.0","0,0,0"
43.266666666666666,242,AV,1,3,9,0,0,0,0,94,615.3970356119416,1.0,-2.6222222222222222,"0.20850000000000002,0.26026694915254245,0.33656410256410263,1.0,0.94,0.030406149827330708,9.0","0,0,0"
34.083333333333336,2,AV,1,0,6,9,4,0,0,68,1467.6871321740252,0.1,-0.2065656565656566,"0.23028070175438597,0.27571957671957664,0.3251893939393939,0.1,0.68,0.07251694801576773,10.0","0,0,0"
12.333333333333334,8,AV,1,2,4,3,7,0,0,1,1025.7249596144625,0.4,-0.29898989898989903,"0.2064666666666667,0.2654065040650406,0.34075213675213667,0.4,0.01,0.050680040687321244,11.0","0,0,0"
25.4,290,AV,0,5,5,4,1,0,0,65,1485.5718097438446,0.1,-0.15393939393939393,"0.21928333333333336,0.2771935483870968,0.34233333333333327,0.1,0.65,0.07340061198282061,6.0","0,0,0"
20.533333333333335,190,AV,2,3,2,5,6,0,0,3,17322.90883950548,0.1,-0.12444444444444445,"0.2266287878787879,0.3228567708333333,0.36749583333333335,0.1,0.03,0.8559075379611304,11.0","0,0,0"
26.633333333333333,248,AV,1,3,7,3,3,0,0,42,3274.575105225111,0.2,-0.32282828282828285,"0.1897685185185185,0.2483595041322314,0.34173129251700685,0.2,0.42,0.16179346910781556,10.0","0,0,0"
40.583333333333336,275,AV,1,2,4,3,9,0,0,93,1460.106853854364,0.3,-0.7378787878787879,"0.19211904761904766,0.23842011019283751,0.3230958333333333,0.3,0.93,0.07214241407266661,13.0","0,0,0"
27.866666666666667,200,AV,2,1,2,9,1,0,0,23,850.3216016091212,0.1,-0.1688888888888889,"0.23981578947368415,0.28870114942528735,0.3545911949685535,0.1,0.23,0.04201353682867991,10.0","0,0,0"
36.733333333333334,220,AV,1,3,5,2,0,0,0,70,1275.6237969650936,0.1,-0.22262626262626264,"0.189764367816092,0.27058333333333334,0.3470808080808081,0.1,0.7,0.06302729140588091,5.0","0,0,0"
18.7,149,AV,1,3,5,0,6,0,0,27,7336.658338656486,0.2,-0.22666666666666668,"0.16582407407407407,0.27824104683195594,0.3304837398373983,0.2,0.27,0.3624969243722426,11.0","0,0,0"
22.983333333333334,225,AV,1,2,7,5,1,0,0,34,6709.13861087917,0.5,-0.6964646464646465,"0.26568518518518514,0.30079970760233915,0.3730102040816326,0.5,0.34,0.3314918044931234,8.0","0,0,0"
28.833333333333332,98,AV,0,7,9,8,7,0,0,71,4412.688598555705,0.5,-0.8737373737373737,"0.16480833333333333,0.25202116402116403,0.31248245614035086,0.5,0.71,0.21802651443652019,14.0","0,0,0"
12.3,168,AV,1,2,4,3,9,0,0,1,1587.6148581174584,0.1,-0.07454545454545455,"0.20397368421052633,0.2542777777777777,0.3144629629629629,0.1,0.01,0.07844245657766878,13.0","0,0,0"
17.283333333333335,36,AV,1,3,5,1,1,0,0,17,1541.4014724042315,0.5,-0.5237373737373738,"0.19810256410256408,0.2620984848484849,0.3554431818181818,0.5,0.17,0.07615909957607497,6.0","0,0,0"
42.9,206,AV,2,2,2,2,7,0,0,70,3465.4556083993225,0.3,-0.78,"0.20057692307692307,0.27440833333333337,0.3474545454545454,0.3,0.7,0.17122468317412964,7.0","0,0,0"
24.983333333333334,195,AV,1,0,5,7,2,0,0,43,4639.089550420253,0.1,-0.15141414141414145,"0.17645454545454545,0.286729797979798,0.3282777777777778,0.1,0.43,0.22921275821911885,7.0","0,0,0"
14.983333333333333,134,AV,1,2,4,3,8,0,0,13,539.5213747330826,0.6,-0.5448484848484848,"0.23648333333333332,0.26526944444444445,0.3429166666666667,0.6,0.13,0.026657209583190285,12.0","0,0,0"
29.5,258,AV,1,2,4,3,3,0,0,54,720.4688823460104,0.1,-0.1787878787878788,"0.24644444444444447,0.2817772585669782,0.3602698412698413,0.1,0.54,0.035597644309025005,7.0","0,0,0"
33.25,91,AV,1,2,4,3,1,0,0,63,946.2003450753726,0.1,-0.20151515151515154,"0.19427333333333333,0.23326068376068373,0.3102118055555555,0.1,0.63,0.04675080930545112,5.0","0,0,0"
28.9,219,AV,0,9,5,5,5,0,0,72,6031.594525491932,0.1,-0.17515151515151517,"0.1815448717948718,0.2407161016949152,0.31405555555555553,0.1,0.72,0.2980150313162421,14.0","0,0,0"
39.3,186,AV,1,1,7,1,0,0,0,87,3758.845856207275,0.6,-1.429090909090909,"0.19421794871794873,0.26315512820512826,0.35198518518518523,0.6,0.87,0.18572080082906037,7.0","0,0,0"
33.43333333333333,44,AV,1,2,4,3,25,0,0,62,1174.3503864217532,0.7,-1.4183838383838383,"0.1941543209876543,0.2709472934472934,0.29958080808080806,0.7,0.62,0.05802347384370573,29.0","0,0,0"
24.15,175,AV,2,2,1,5,6,0,0,9,3534.445695738256,0.2,-0.2927272727272727,"0.20242708333333337,0.2753321167883211,0.3518378378378378,0.2,0.09,0.1746334141410286,11.0","0,0,0"
16.5,40,AV,1,3,5,2,2,0,0,16,2421.832203454489,1.0,-1.0,"0.19560666666666665,0.25100387596899226,0.33345098039215676,1.0,0.16,0.119660298268526,7.0","0,0,0"
33.68333333333333,54,AV,1,2,4,3,2,0,0,66,3583.4963710051925,0.3,-0.6124242424242424,"0.1729090909090909,0.247757183908046,0.3173557692307692,0.3,0.66,0.17705695877155342,6.0","0,0,0"
12.05,292,AV,1,1,7,5,5,0,0,0,779.2240782816187,0.2,-0.14606060606060609,"0.2137348484848485,0.28138888888888886,0.3530911949685534,0.2,0.0,0.038500679564916006,12.0","0,0,0"
27.583333333333332,265,AV,1,0,4,2,3,0,0,51,2250.3510049999354,0.3,-0.5015151515151515,"0.2518924731182796,0.29847333333333337,0.38604545454545464,0.3,0.51,0.11118758437643748,7.0","0,0,0"
10.25,89,AV,0,9,3,2,13,0,0,24,541.9839687696077,0.1,-0.062121212121212126,"0.25466666666666665,0.2950994152046784,0.34356862745098043,0.1,0.24,0.02677888388271631,22.0","0,0,0"
13.75,189,AV,1,1,6,0,4,0,0,7,1022.032321197676,0.2,-0.16666666666666669,"0.18380701754385967,0.25531975308641974,0.3295000000000001,0.2,0.07,0.05049759112961852,10.0","0,0,0"
19.283333333333335,179,AV,1,1,4,7,5,0,0,25,763.1985099142711,0.2,-0.23373737373737377,"0.21433333333333335,0.2642527777777777,0.3346847826086956,0.2,0.25,0.03770887231748401,9.0","0,0,0"
37.31666666666667,75,AV,1,1,6,0,1,0,0,75,2987.078671303881,0.1,-0.2261616161616162,"0.22576984126984126,0.290827067669173,0.3524095238095238,0.1,0.75,0.14758855888113623,7.0","0,0,0"
32.483333333333334,139,AV,1,1,7,4,10,0,0,63,4034.238052294327,0.1,-0.1968686868686869,"0.18845138888888888,0.27839696969696964,0.3435177304964539,0.1,0.63,0.1993276528139321,17.0","0,0,0"
27.666666666666668,70,AV,1,1,5,2,8,0,0,51,3387.2787239910285,0.1,-0.1676767676767677,"0.18374999999999997,0.2619503205128206,0.325731884057971,0.1,0.51,0.16736204178524355,13.0","0,0,0"
40.5,136,AV,2,1,0,0,9,0,0,78,3393.6426315430986,0.1,-0.24545454545454548,"0.1747931034482759,0.24926356589147286,0.3144010416666666,0.1,0.78,0.16767647606964517,9.0","0,0,0"
32.03333333333333,140,AV,1,1,8,5,1,0,0,61,5654.280440205098,1.0,-1.9414141414141413,"0.2826086956521739,0.3023915094339622,0.3770731707317074,1.0,0.61,0.2793723210896882,9.0","0,0,0"
21.75,174,AV,2,1,1,3,7,0,0,0,1848.7234685638712,0.1,-0.1318181818181818,"0.18487962962962962,0.26279419191919196,0.3611208333333334,0.1,0.0,0.09134357093312716,7.0","0,0,0"
29.566666666666666,90,AV,1,3,9,0,1,0,0,56,2280.385817754286,0.3,-0.5375757575757576,"0.23740555555555554,0.2816075757575758,0.33961363636363623,0.3,0.56,0.1126715743273096,10.0","0,0,0"
39.65,208,AV,2,1,2,9,5,0,0,64,8981.750106371177,0.1,-0.2403030303030303,"0.22002500000000003,0.28874501424501425,0.3209871794871795,0.1,0.64,0.4437792573608979,14.0","0,0,0"
35.13333333333333,180,AV,2,0,3,0,8,0,0,55,2187.718469250836,1.0,-2.1292929292929292,"0.22509999999999997,0.2892285353535354,0.344969298245614,1.0,0.55,0.10809297365222585,8.0","0,0,0"
25.566666666666666,169,AV,2,1,0,2,10,0,0,6,753.5670156580491,0.3,-0.46484848484848484,"0.22315384615384615,0.2883404558404558,0.35084397163120573,0.3,0.06,0.03723298985385701,10.0","0,0,0"
26.916666666666668,132,AV,1,3,9,0,1,0,0,46,1950.0200213032829,0.4,-0.6525252525252526,"0.24857936507936507,0.2956679487179487,0.36628205128205127,0.4,0.46,0.09634853192798135,10.0","0,0,0"
27.683333333333334,104,AV,1,1,4,8,4,0,0,51,870.7377108213431,0.2,-0.3355555555555556,"0.17288888888888887,0.28256920903954796,0.35455128205128206,0.2,0.51,0.04302227629226974,8.0","0,0,0"
32.916666666666664,121,AV,1,2,6,7,3,0,0,63,1342.087988935639,0.9,-1.7954545454545454,"0.21639333333333333,0.3001182336182336,0.3488070175438596,0.9,0.63,0.06631122041798494,9.0","0,0,0"
37.95,171,AV,1,3,9,0,1,0,0,80,2142.030696222753,0.3,-0.6900000000000001,"0.23094166666666666,0.3011388888888889,0.33939166666666665,0.3,0.8,0.10583558664582342,10.0","0,0,0"
38.96666666666667,59,AV,1,2,4,3,13,0,0,87,14754.343640924068,0.3,-0.7084848484848486,"0.21129333333333336,0.2550125,0.3460350877192983,0.3,0.87,0.7289973096860264,17.0","0,0,0"
38.233333333333334,1,AV,1,2,4,3,2,0,0,78,5009.92015912814,0.2,-0.4634343434343435,"0.1875277777777778,0.2366574923547401,0.32776315789473687,0.2,0.78,0.24753512637567007,6.0","0,0,0"
26.016666666666666,148,AV,1,2,4,3,2,0,0,43,2123.4400354784907,0.4,-0.6307070707070708,"0.21605833333333332,0.26636923076923075,0.3275583333333333,0.4,0.43,0.10491704075874904,6.0","0,0,0"
37.9,276,AV,1,2,4,3,9,0,0,77,3942.222625638348,0.3,-0.6890909090909091,"0.1985,0.28080256410256416,0.35455691056910565,0.3,0.77,0.19478126294296802,13.0","0,0,0"
25.483333333333334,78,AV,0,9,7,3,6,0,0,61,2033.019749384408,0.9,-1.3900000000000001,"0.15909876543209872,0.2284457994579946,0.2898791666666667,0.9,0.61,0.10044946518183244,15.0","0,0,0"
35.583333333333336,183,AV,0,7,4,7,0,0,0,94,8987.822610831106,0.4,-0.8626262626262626,"0.23029710144927534,0.2801585365853658,0.34576136363636356,0.4,0.94,0.4440792937110115,7.0","0,0,0"
41.13333333333333,271,AV,2,2,1,2,16,0,0,74,5985.732437913218,0.1,-0.24929292929292932,"0.23735606060606063,0.2903319444444445,0.34922916666666665,0.1,0.74,0.2957490316028605,16.0","0,0,0"
42.333333333333336,260,AV,1,3,6,7,2,0,0,96,1823.811293294481,0.4,-1.0262626262626264,"0.15862318840579712,0.24218915343915343,0.3200731707317073,0.4,0.96,0.09011268535856054,8.0","0,0,0"
12.85,56,AV,1,3,7,9,4,0,0,4,679.8949342204361,0.5,-0.3893939393939394,"0.24350000000000002,0.2831466165413534,0.35886936936936936,0.5,0.04,0.033592926258074716,11.0","0,0,0"
19.616666666666667,161,AV,1,2,4,3,4,0,0,27,9280.176126726552,0.1,-0.11888888888888889,"0.23410416666666667,0.28680694444444443,0.36294871794871786,0.1,0.27,0.4585241874827607,8.0","0,0,0"
22.933333333333334,239,AV,1,1,7,5,12,0,0,31,1626.914224999384,0.1,-0.138989898989899,"0.2433950617283951,0.2955595238095238,0.36313513513513507,0.1,0.31,0.0803841988487261,19.0","0,0,0"
20.6,199,AV,1,2,4,3,6,0,0,29,1111.987968807459,0.7,-0.8739393939393939,"0.17079444444444444,0.24302203856749316,0.3087393162393162,0.7,0.29,0.05494220938540485,10.0","0,0,0"
13.966666666666667,150,AV,1,2,4,3,1,0,0,3,950.4213588862824,0.1,-0.08464646464646465,"0.23652976190476188,0.3072542372881356,0.3653257575757576,0.1,0.03,0.04695936536102284,5.0","0,0,0"
39.61666666666667,100,AV,1,2,4,3,2,0,0,86,8134.997760071039,0.3,-0.7203030303030303,"0.21846428571428572,0.2505833333333333,0.3264962962962963,0.3,0.86,0.40194207385440944,6.0","0,0,0"
40.833333333333336,216,AV,1,1,9,6,0,0,0,91,595.9176043698985,0.4,-0.9898989898989901,"0.23460526315789476,0.29552604166666663,0.3476201550387597,0.4,0.91,0.029443690682060725,9.0","0,0,0"
15.25,164,AV,0,9,9,7,9,0,0,35,1265.4739572733297,0.1,-0.09242424242424242,"0.14158333333333334,0.23681989247311822,0.30868376068376063,0.1,0.35,0.06252579801457091,18.0","0,0,0"
39.86666666666667,86,AV,1,0,7,4,0,0,0,87,2744.8905386527767,0.2,-0.48323232323232324,"0.19721666666666665,0.26240944881889766,0.3245968992248062,0.2,0.87,0.1356222863421919,7.0","0,0,0"
29.616666666666667,63,AV,1,3,6,7,3,0,0,56,5882.279762541917,0.1,-0.1794949494949495,"0.20740579710144935,0.2809186666666666,0.3438333333333334,0.1,0.56,0.29063753875296394,9.0","0,0,0"
42.55,170,AV,1,2,9,4,1,0,0,99,2996.640782499388,1.0,-2.5787878787878786,"0.16377450980392158,0.2405467171717172,0.3470055555555555,1.0,0.99,0.14806101319737625,10.0","0,0,0"
24.416666666666668,95,AV,1,3,9,0,3,0,0,41,3278.222126324269,0.5,-0.73989898989899,"0.19329861111111113,0.26832568807339446,0.3580042735042735,0.5,0.41,0.16197366475964245,12.0","0,0,0"
17.116666666666667,87,AV,0,6,4,9,3,0,0,38,4689.4303597647895,0.4,-0.414949494949495,"0.19054166666666666,0.25491044776119404,0.32739062499999994,0.4,0.38,0.2317000470794511,9.0","0,0,0"
32.6,257,AV,1,1,4,3,11,0,0,63,932.1411738504048,0.3,-0.5927272727272728,"0.2346041666666667,0.2963231884057971,0.36964864864864866,0.3,0.63,0.046056159767061025,15.0","0,0,0"
19.033333333333335,127,AV,1,3,7,3,1,0,0,21,4951.479839002994,0.7,-0.8074747474747475,"0.18204166666666666,0.2530735735735736,0.32915853658536576,0.7,0.21,0.2446476488175187,8.0","0,0,0"
30.8,197,AV,2,1,2,5,0,0,0,35,2302.618320259251,0.3,-0.5599999999999999,"0.1658768115942029,0.2661207349081365,0.33773333333333333,0.3,0.35,0.11377005996029654,5.0","0,0,0"
37.916666666666664,184,AV,1,2,4,3,2,0,0,82,1588.8002265047048,0.2,-0.4595959595959596,"0.1954876543209876,0.25425706214689264,0.3288851851851851,0.2,0.82,0.07850102443987396,6.0","0,0,0"
31.516666666666666,196,AV,1,3,5,1,1,0,0,57,18628.94525544202,0.1,-0.19101010101010102,"0.2108928571428571,0.28387179487179487,0.3540688405797101,0.1,0.57,0.9204374863438488,6.0","0,0,0"
27.183333333333334,20,AV,0,5,5,4,0,0,0,68,5168.6614957092925,0.1,-0.16474747474747475,"0.22632499999999997,0.26483333333333337,0.36176744186046506,0.1,0.68,0.255378376480178,5.0","0,0,0"
24.416666666666668,39,AV,1,2,9,4,6,0,0,37,10751.672106064549,1.0,-1.47979797979798,"0.20427536231884058,0.2607116666666667,0.3146219512195121,1.0,0.37,0.5312293268137855,15.0","0,0,0"
20.1,84,AV,1,2,4,1,1,0,0,29,2629.980017260476,0.2,-0.24363636363636365,"0.195975,0.2450308641975309,0.32606730769230763,0.2,0.29,0.1299446728211638,5.0","0,0,0"
25.216666666666665,27,AV,1,0,8,2,0,0,0,43,640.5426603936758,0.5,-0.7641414141414141,"0.23475,0.2795208333333334,0.35928030303030306,0.5,0.43,0.03164856990797825,8.0","0,0,0"
23.55,94,AV,1,2,4,3,3,0,0,34,2046.5713793034688,0.1,-0.14272727272727273,"0.1873392857142857,0.26092717086834727,0.31943253968253965,0.1,0.34,0.10111903761374018,7.0","0,0,0"
34.3,68,AV,1,2,4,3,7,0,0,68,597.1498506777683,0.3,-0.6236363636363635,"0.1881182795698924,0.2559759887005649,0.32802439024390245,0.3,0.68,0.029504574735270385,11.0","0,0,0"
17.833333333333332,166,AV,1,0,4,2,1,0,0,22,13430.196447392702,0.3,-0.32424242424242417,"0.24711494252873567,0.2853736111111111,0.3582926829268292,0.3,0.22,0.6635725259609666,5.0","0,0,0"
24.633333333333333,23,AV,1,0,5,5,8,0,0,37,2225.3307045190536,0.2,-0.2985858585858586,"0.155247311827957,0.22677410468319564,0.31007017543859644,0.2,0.37,0.1099513564437013,13.0","0,0,0"
20.083333333333332,250,AV,1,1,7,5,3,0,0,28,2909.5116230827134,0.1,-0.12171717171717172,"0.19734057971014493,0.27021900826446277,0.3608985507246376,0.1,0.28,0.14375604888613547,10.0","0,0,0"
22.166666666666668,274,AV,0,6,4,3,13,0,0,51,8029.700924090037,0.4,-0.5373737373737374,"0.1813859649122807,0.24267811704834602,0.3233541666666666,0.4,0.51,0.39673946287985623,19.0","0,0,0"
30.5,243,AV,0,8,8,6,0,0,0,77,2891.134206742707,0.6,-1.109090909090909,"0.21909876543209875,0.26599999999999996,0.36107539682539685,0.6,0.77,0.14284803919103217,8.0","0,0,0"
21.316666666666666,99,AV,1,2,4,3,3,0,0,31,1294.2551843223837,0.1,-0.1291919191919192,"0.21655333333333332,0.2462230971128609,0.3331306306306307,0.1,0.31,0.06394784955402583,7.0","0,0,0"
13.716666666666667,172,AV,0,4,9,6,6,0,0,25,437.5592869272848,0.4,-0.33252525252525256,"0.16812666666666667,0.26196223958333337,0.31695945945945947,0.4,0.25,0.021619365168734063,10.0","0,0,0"
15.166666666666666,42,AV,1,2,4,3,1,0,0,5,3001.8426729260827,0.2,-0.18383838383838383,"0.16204166666666667,0.24672800000000003,0.32893333333333324,0.2,0.05,0.14831803338198302,5.0","0,0,0"
24.183333333333334,129,AV,2,1,0,0,15,0,0,10,513.3463032142733,0.8,-1.1725252525252525,"0.24006521739130438,0.289415300546448,0.3806798245614035,0.8,0.1,0.02536392557256681,15.0","0,0,0"
37.35,25,AV,0,5,5,4,2,0,0,95,2318.1098695731453,0.6,-1.3581818181818182,"0.20524074074074075,0.2696867167919799,0.354465811965812,0.6,0.95,0.11453548186231685,7.0","0,0,0"
32.78333333333333,10,AV,1,1,6,0,12,0,0,62,2241.037238818388,0.3,-0.596060606060606,"0.21437500000000004,0.27006018518518515,0.3540458333333332,0.3,0.62,0.11072740053806189,18.0","0,0,0"
17.266666666666666,9,AV,1,2,4,3,2,0,0,16,3778.090807703549,0.4,-0.41858585858585856,"0.25408064516129036,0.2990933908045977,0.3610426356589148,0.4,0.16,0.18667167456544997,6.0","0,0,0"
16.4,244,AV,1,3,9,0,0,0,0,13,3623.60917519969,0.1,-0.0993939393939394,"0.1938636363636364,0.24021066666666666,0.3229512195121951,0.1,0.13,0.17903889216374055,9.0","0,0,0"
22.483333333333334,117,AV,1,3,9,0,4,0,0,33,742.6585956180782,0.1,-0.13626262626262628,"0.14393333333333336,0.22304128440366977,0.33038888888888884,0.1,0.33,0.03669401576896401,13.0","0,0,0"
36.083333333333336,110,AV,2,1,2,9,7,0,0,54,742.4887258523852,1.0,-2.186868686868687,"0.27319696969696966,0.31472051282051283,0.3871228070175439,1.0,0.54,0.0366856226743472,16.0","0,0,0"
43.3,60,AV,2,0,1,2,5,0,0,78,2563.744074524839,0.4,-1.0496969696969696,"0.18511805555555555,0.2358081232492997,0.32421985815602833,0.4,0.78,0.12667202137465233,5.0","0,0,0"
22.183333333333334,11,AV,0,9,4,8,8,0,0,54,4679.48341028673,0.3,-0.4033333333333334,"0.24245454545454545,0.28049199999999996,0.3623565891472868,0.3,0.54,0.23120857828995,17.0","0,0,0"
24.15,218,AV,1,3,5,0,8,0,0,38,3759.463069718096,0.5,-0.7318181818181818,"0.23666025641025645,0.2823817663817664,0.3607907801418439,0.5,0.38,0.18575129672910448,13.0","0,0,0"
32.266666666666666,80,AV,1,2,4,3,2,0,0,60,2476.7673195544394,0.7,-1.3688888888888888,"0.2151607142857143,0.2598677685950413,0.35325609756097565,0.7,0.6,0.12237458721412664,6.0","0,0,0"
27.066666666666666,141,AV,0,8,3,9,21,0,0,72,4747.153558918807,0.2,-0.3280808080808081,"0.24427536231884056,0.27066812865497075,0.3609166666666666,0.2,0.72,0.23455209241022626,29.0","0,0,0"
31.883333333333333,297,AV,1,2,4,3,7,0,0,59,2403.836358207942,0.2,-0.38646464646464646,"0.24827380952380954,0.29591159420289853,0.38034397163120565,0.2,0.59,0.11877114161815011,11.0","0,0,0"
17.45,13,AV,1,2,4,3,5,0,0,17,1645.9523587482854,0.1,-0.10575757575757577,"0.25161538461538463,0.29728688524590163,0.3681468253968254,0.1,0.17,0.0813248539278105,9.0","0,0,0"
37.166666666666664,115,AV,2,0,3,3,6,0,0,46,6254.49597505133,0.4,-0.901010101010101,"0.2808070175438596,0.30679262086514,0.3569375000000001,0.4,0.46,0.3090283682025544,6.0","0,0,0"
23.116666666666667,6,AV,2,2,1,3,12,0,0,9,2035.9911412414244,0.4,-0.5604040404040405,"0.1905227272727273,0.28004961832061076,0.3462477477477477,0.4,0.09,0.10059627867096521,12.0","0,0,0"
13.583333333333334,122,AV,1,2,4,3,5,0,0,1,491.8679742725259,0.1,-0.08232323232323234,"0.20922619047619054,0.26552400000000004,0.35052380952380957,0.1,0.01,0.024302702898339818,9.0","0,0,0"
26.9,194,AV,1,2,4,3,2,0,0,42,2968.817229463249,0.7,-1.1412121212121211,"0.1892333333333333,0.25550666666666666,0.3245142857142857,0.7,0.42,0.1466862793696381,6.0","0,0,0"
21.433333333333334,235,AV,1,1,6,0,3,0,0,31,8436.938288223368,0.5,-0.6494949494949495,"0.2592291666666667,0.3140800524934383,0.3708513513513513,0.5,0.31,0.4168606522788469,9.0","0,0,0"
37.88333333333333,28,AV,1,3,5,1,9,0,0,81,7958.958807233507,0.6,-1.3775757575757575,"0.23299074074074075,0.2688097112860892,0.32337916666666666,0.6,0.81,0.3932441658930853,14.0","0,0,0"
25.616666666666667,32,AV,1,2,4,3,1,0,0,35,1148.2139867956057,0.1,-0.15525252525252528,"0.17963768115942028,0.24579296875,0.35240598290598285,0.1,0.35,0.05673210057248192,5.0","0,0,0"
33.71666666666667,82,AV,0,7,9,8,5,0,0,93,3630.005597296026,0.1,-0.20434343434343438,"0.20334782608695648,0.22485042735042737,0.3237366666666667,0.1,0.93,0.17935493295913799,12.0","0,0,0"
15.65,18,AV,1,2,4,3,2,0,0,15,1496.328062426438,0.2,-0.1896969696969697,"0.25309803921568624,0.2776287878787879,0.35775203252032517,0.2,0.15,0.07393206763132296,6.0","0,0,0"
31.9,299,AV,2,0,3,3,13,0,0,46,16390.717038727882,0.6,-1.16,"0.26671568627450976,0.3079730046948357,0.36442473118279567,0.6,0.46,0.8098488767684134,13.0","0,0,0"
16.566666666666666,85,AV,1,2,4,6,3,0,0,12,3822.7735841463273,0.9,-0.9036363636363637,"0.1884117647058824,0.26108024691358034,0.3400350877192983,0.9,0.12,0.1888794056993337,7.0","0,0,0"
13.35,102,AV,1,2,4,3,2,0,0,6,1421.705549214182,0.4,-0.32363636363636367,"0.2384551282051282,0.2758999999999999,0.3708939393939393,0.4,0.06,0.07024504415554754,6.0","0,0,0"
19.65,5,AV,1,2,4,3,1,0,0,28,3065.2253709468137,0.8,-0.9527272727272728,"0.2779375,0.28675790754257907,0.3520945945945946,0.8,0.28,0.15144970887106365,5.0","0,0,0"
41.36666666666667,204,AV,2,0,2,8,3,0,0,82,938.3100494872764,0.5,-1.2535353535353535,"0.16947999999999996,0.24611651917404131,0.30428947368421044,0.5,0.82,0.04636095772029518,11.0","0,0,0"
29.166666666666668,157,AV,1,2,4,3,3,0,0,55,20239.22920549412,0.1,-0.1767676767676768,"0.218224358974359,0.27119512195121953,0.3516064814814815,0.1,0.55,1.0,7.0","0,0,0"
35.43333333333333,71,AV,0,5,5,4,2,0,0,97,1567.0706205360798,0.2,-0.4294949494949495,"0.2619444444444444,0.27777116402116403,0.33276000000000006,0.2,0.97,0.07742738641996724,7.0","0,0,0"
17.783333333333335,138,AV,1,2,4,3,6,0,0,20,3206.59631480788,0.4,-0.4311111111111112,"0.19363218390804599,0.2565621693121693,0.3356809523809524,0.4,0.2,0.15843470530673276,10.0","0,0,0"
49.016666666666666,29,AV,2,3,0,1,24,0,0,98,5984.209260784091,1.0,-2.970707070707071,"0.222231884057971,0.2633709273182958,0.35404901960784313,1.0,0.98,0.2956737729497932,24.0","0,0,0"
40.5,295,AV,1,3,5,1,2,0,0,87,727.2326469992182,0.3,-0.7363636363636363,"0.2602777777777778,0.2900139949109415,0.37405238095238097,0.3,0.87,0.03593183513143892,7.0","0,0,0"
19.816666666666666,286,AV,1,2,4,3,3,0,0,28,1986.5043233563797,1.0,-1.201010101010101,"0.22764814814814813,0.2772782258064516,0.3619114583333333,1.0,0.28,0.09815118467145603,7.0","0,0,0"
36.68333333333333,55,AV,1,2,4,3,6,0,0,79,1020.7360413649084,0.1,-0.2223232323232323,"0.20039333333333334,0.25326608187134503,0.3175424836601307,0.1,0.79,0.05043354324421705,10.0","0,0,0"
20.6,31,AV,1,1,6,0,5,0,0,26,5370.167679594476,0.1,-0.12484848484848486,"0.22015333333333334,0.28072526041666657,0.3718118279569893,0.1,0.26,0.26533459476493776,11.0","0,0,0"
16.733333333333334,49,AV,1,2,9,4,3,0,0,15,2612.3907844155665,0.2,-0.20282828282828286,"0.23401999999999998,0.2849104683195593,0.3500151515151515,0.2,0.15,0.12907560648141725,12.0","0,0,0"
38.083333333333336,109,AV,1,1,9,3,2,0,0,81,670.158540600369,0.3,-0.6924242424242425,"0.22700877192982458,0.24305866666666667,0.33918518518518526,0.3,0.81,0.033111860822172434,11.0","0,0,0"
41.9,120,AV,1,2,4,3,4,0,0,94,14505.369879802229,1.0,-2.539393939393939,"0.20138461538461536,0.2676588541666666,0.33533796296296287,1.0,0.94,0.7166957660553899,8.0","0,0,0"
27.7,69,AV,1,2,4,5,5,0,0,53,5590.116807812239,0.4,-0.6715151515151515,"0.20581578947368417,0.25567663817663816,0.3240092592592593,0.4,0.53,0.27620206041714035,9.0","0,0,0"
43.06666666666667,181,AV,2,1,0,0,15,0,0,96,985.8695826897422,0.1,-0.2610101010101011,"0.21668518518518526,0.2783601190476191,0.3464673202614379,0.1,0.96,0.04871082651814225,15.0","0,0,0"
29.933333333333334,52,AV,2,2,1,2,6,0,0,24,4754.245589533712,0.4,-0.7256565656565657,"0.20547101449275362,0.2552514367816092,0.33219607843137255,0.4,0.24,0.234902502524312,6.0","0,0,0"
20.75,128,AV,1,2,4,3,3,0,0,25,4459.768546990965,0.1,-0.12575757575757576,"0.1985493827160494,0.2955730994152047,0.3369897959183673,0.1,0.25,0.22035268743240086,7.0","0,0,0"
35.8,223,AV,2,1,2,6,5,0,0,34,2382.718205806423,0.1,-0.21696969696969695,"0.19557142857142856,0.25506201550387597,0.32625,0.1,0.34,0.1177277149052501,11.0","0,0,0"
25.45,228,AV,1,2,4,3,15,0,0,40,4630.913868273173,0.1,-0.15424242424242426,"0.15422222222222223,0.25799043715846987,0.33179432624113475,0.1,0.4,0.2288088059705391,19.0","0,0,0"
33.916666666666664,201,AV,2,3,0,1,12,0,0,46,1141.5133047894662,0.6,-1.2333333333333332,"0.20163541666666668,0.22422703412073489,0.2917765957446808,0.6,0.46,0.0564010266003407,12.0","0,0,0"
20.966666666666665,167,AV,2,2,3,5,3,0,0,8,4237.057085974603,0.9,-1.1436363636363636,"0.21334782608695646,0.28736202185792353,0.3362777777777778,0.9,0.08,0.20934873768929974,8.0","0,0,0"
20.383333333333333,65,AV,0,4,9,6,10,0,0,49,3958.913906791885,0.2,-0.2470707070707071,"0.23502631578947367,0.2774022038567493,0.3638023255813953,0.2,0.49,0.19560596239095915,14.0","0,0,0"
37.35,114,AV,0,5,5,4,1,0,0,97,5912.288420941998,0.2,-0.45272727272727276,"0.19589855072463766,0.2698531746031746,0.3368292682926829,0.2,0.97,0.2921202364434439,6.0","0,0,0"
26.633333333333333,50,AV,1,2,4,3,8,0,0,39,4429.527615460413,0.4,-0.6456565656565657,"0.17845098039215684,0.258641129032258,0.331472972972973,0.4,0.39,0.2188585133596875,12.0","0,0,0"
29.25,38,AV,1,2,6,4,0,0,0,55,7099.697064525982,1.0,-1.7727272727272727,"0.18911666666666668,0.26246892655367227,0.3689935897435897,1.0,0.55,0.3507889056663633,6.0","0,0,0"
10.85,103,AV,1,3,5,5,8,0,0,0,2486.38103050259,0.3,-0.19727272727272727,"0.21979761904761905,0.2625547445255474,0.3591068376068376,0.3,0.0,0.12284959102235175,13.0","0,0,0"
16.45,17,AV,1,2,9,4,9,0,0,15,1317.647826688136,0.1,-0.0996969696969697,"0.19713888888888892,0.2747086834733893,0.3387991452991453,0.1,0.15,0.06510365653304864,18.0","0,0,0"
23.883333333333333,191,AV,2,1,3,8,0,0,0,11,1628.9397076974285,0.2,-0.28949494949494947,"0.23718181818181816,0.27039062499999994,0.3315208333333334,0.2,0.11,0.0804842759157665,8.0","0,0,0"
29.516666666666666,187,AV,2,3,1,0,9,0,0,31,658.4091024775607,0.1,-0.17888888888888888,"0.22225862068965516,0.29518347338935574,0.3475079365079365,0.1,0.31,0.032531332877974904,9.0","0,0,0"
15.116666666666667,3,AV,1,2,4,3,2,0,0,9,931.9887487728153,0.1,-0.09161616161616162,"0.21866666666666665,0.27599999999999997,0.3552058823529412,0.1,0.09,0.046048628596973375,6.0","0,0,0"
40.4,83,AV,2,0,2,6,2,0,0,78,1899.102970895097,0.1,-0.24484848484848484,"0.2541083333333334,0.28284223918575063,0.34409829059829067,0.1,0.78,0.0938327715750938,8.0","0,0,0"
18.733333333333334,214,AV,0,6,4,0,0,0,0,42,1573.7150367511856,0.1,-0.11353535353535354,"0.1613253968253968,0.2570989583333333,0.332430894308943,0.1,0.42,0.07775568035585004,6.0","0,0,0"
36.666666666666664,188,AV,1,2,4,3,1,0,0,69,1338.7213376931895,0.2,-0.4444444444444444,"0.25936111111111115,0.2905533333333334,0.38327642276422763,0.2,0.69,0.06614487755935793,5.0","0,0,0"
23.433333333333334,232,AV,1,3,6,1,12,0,0,32,2108.868816674547,0.2,-0.28404040404040404,"0.2054561403508772,0.264636231884058,0.3424963768115942,0.2,0.32,0.10419709146344741,18.0","0,0,0"
19.366666666666667,133,AV,1,2,4,3,4,0,0,28,1824.367004680513,0.1,-0.11737373737373738,"0.18784567901234567,0.24490654205607476,0.322072463768116,0.1,0.28,0.09014014250035135,8.0","0,0,0"
13.783333333333333,123,AV,1,1,7,5,1,0,0,9,676.2529471816457,0.2,-0.16707070707070706,"0.22694444444444448,0.28029328165374673,0.34495833333333337,0.2,0.09,0.033412979334117666,8.0","0,0,0"
17.016666666666666,35,AV,0,5,6,9,6,0,0,36,1594.6992934726818,0.2,-0.20626262626262626,"0.21771739130434778,0.24900420168067228,0.3182583333333333,0.2,0.36,0.07879249141759738,11.0","0,0,0"
13.75,264,AV,1,3,9,0,0,0,0,8,3159.4556453821087,0.2,-0.16666666666666669,"0.17282638888888888,0.27187850467289715,0.33171666666666666,0.2,0.08,0.15610553214765938,9.0","0,0,0"
22.266666666666666,252,AV,1,2,4,1,1,0,0,29,7362.36439851089,0.6,-0.8096969696969697,"0.19688461538461538,0.25416933333333325,0.3176171171171171,0.6,0.29,0.36376703498729634,5.0","0,0,0"
38.46666666666667,126,AV,1,2,4,3,1,0,0,84,1405.7852601227096,0.2,-0.46626262626262627,"0.15646428571428572,0.2452043010752688,0.31544285714285714,0.2,0.84,0.0694584386514629,5.0","0,0,0"
34.583333333333336,147,AV,2,3,0,1,6,0,0,47,1167.011530479414,0.3,-0.6287878787878788,"0.18397368421052632,0.2506478696741855,0.3349784946236559,0.3,0.47,0.05766086833794136,6.0","0,0,0"
11.95,0,AV,0,9,4,2,8,0,0,24,914.1934345695068,0.3,-0.21727272727272726,"0.20004166666666667,0.2538159420289854,0.3405789473684211,0.3,0.24,0.04516937998416169,17.0","0,0,0"
8.6,155,AV,0,8,6,5,7,0,0,12,1862.7228332236152,0.2,-0.10424242424242425,"0.23004861111111116,0.2683969696969697,0.35816666666666663,0.2,0.12,0.09203526548916015,15.0","0,0,0"
33.28333333333333,202,AV,1,2,4,3,1,0,0,65,1365.417472605012,0.2,-0.4034343434343434,"0.2508253968253968,0.3022404580152672,0.37698529411764703,0.2,0.65,0.06746390678921493,5.0","0,0,0"
36.4,268,AV,1,2,4,3,4,0,0,75,2010.868248891871,0.4,-0.8824242424242424,"0.18462499999999998,0.25857870370370367,0.32087301587301587,0.4,0.75,0.09935498177697413,8.0","0,0,0"
28.433333333333334,185,AV,1,3,7,3,0,0,0,54,548.7192496267361,1.0,-1.7232323232323232,"0.18515151515151512,0.26142283950617284,0.3346821705426357,1.0,0.54,0.02711166734935643,7.0","0,0,0"
18.65,145,AV,0,9,4,8,0,0,0,49,8028.27043643778,0.3,-0.33909090909090905,"0.18754022988505745,0.29685396825396826,0.35000297619047616,0.3,0.49,0.39666878392080435,9.0","0,0,0"
23.616666666666667,241,AV,1,1,8,5,6,0,0,34,4864.205776554158,0.3,-0.4293939393939394,"0.19322549019607846,0.2652333333333333,0.32648749999999993,0.3,0.34,0.24033552499290464,14.0","0,0,0"
39.3,296,AV,1,2,4,3,2,0,0,84,8333.728817076937,0.8,-1.9054545454545455,"0.20345652173913048,0.26192625368731565,0.3258557692307692,0.8,0.84,0.4117611759055859,6.0","0,0,0"
28.433333333333334,163,AV,1,3,6,7,1,0,0,53,10450.70686878338,0.4,-0.6892929292929293,"0.2106666666666667,0.29287377450980395,0.3379,0.4,0.53,0.5163589365323479,7.0","0,0,0"
32.31666666666667,143,AV,0,7,8,4,6,0,0,87,2793.3389947689566,0.2,-0.3917171717171718,"0.22380701754385968,0.2719139784946237,0.34896153846153843,0.2,0.87,0.13801607592895285,13.0","0,0,0"
32.05,93,AV,1,2,4,1,1,0,0,58,1929.5758599688188,0.4,-0.7769696969696969,"0.1693768115942029,0.26404199475065615,0.3282791666666667,0.4,0.58,0.09533840643718873,5.0","0,0,0"
13.55,97,AV,1,3,9,0,9,0,0,3,1717.0377309640771,0.7,-0.5748484848484848,"0.18061904761904762,0.244563492063492,0.32605982905982905,0.7,0.03,0.0848371108173414,18.0","0,0,0"
21.566666666666666,92,AV,1,1,5,2,15,0,0,32,1117.0806745336297,0.5,-0.6535353535353535,"0.2237111111111111,0.29095000000000004,0.3590394736842106,0.5,0.32,0.055193834863552414,20.0","0,0,0"
36.86666666666667,162,AV,1,1,6,0,0,0,0,68,616.3739675020589,0.5,-1.1171717171717173,"0.22584567901234567,0.2978569182389937,0.35620720720720717,0.5,0.68,0.030454419051430016,6.0","0,0,0"
36.05,88,AV,2,3,0,1,11,0,0,59,854.5785374972068,0.6,-1.3109090909090908,"0.2401290322580645,0.2604761904761905,0.3590427350427351,0.6,0.59,0.04222386775802824,11.0","0,0,0"
36.75,173,AV,1,3,6,7,5,0,0,72,7332.887514065835,0.6,-1.3363636363636362,"0.24084999999999998,0.26075880758807585,0.3228971631205673,0.6,0.72,0.3623106117141683,11.0","0,0,0"
22.416666666666668,178,AV,1,1,6,0,0,0,0,34,3783.636689084741,0.2,-0.27171717171717175,"0.26034259259259257,0.2900701754385965,0.3596837606837606,0.2,0.34,0.18694569099783895,6.0","0,0,0"
41.016666666666666,240,AV,1,2,4,3,5,0,0,99,5004.1281918097375,0.5,-1.242929292929293,"0.22538194444444445,0.26130701754385965,0.3147424242424242,0.5,0.99,0.2472489510841313,9.0","0,0,0"
34.766666666666666,205,AV,1,2,4,3,10,0,0,66,1244.4027248274256,0.1,-0.21070707070707073,"0.2141388888888889,0.2785967261904762,0.3279768518518518,0.1,0.66,0.06148468956958209,14.0","0,0,0"
37.016666666666666,226,AV,1,1,7,5,12,0,0,76,3131.512437779759,0.1,-0.22434343434343434,"0.2387395833333333,0.2929760101010101,0.36336904761904765,0.1,0.76,0.15472488630790748,19.0","0,0,0"
40.56666666666667,107,AV,1,1,5,2,1,0,0,89,1997.7276787447236,0.1,-0.2458585858585859,"0.15490909090909089,0.23683736559139795,0.3288796296296297,0.1,0.89,0.09870571939579707,6.0","0,0,0"
31.216666666666665,43,AV,1,2,4,3,2,0,0,57,3022.892107624705,0.1,-0.1891919191919192,"0.1596,0.2557072829131653,0.3275886524822695,0.1,0.57,0.14935806482215805,6.0","0,0,0"
38.2,238,AV,1,2,4,3,3,0,0,83,4669.869929992837,0.2,-0.4630303030303031,"0.1942666666666667,0.25882581453634085,0.3407047619047619,0.2,0.83,0.23073358587812023,7.0","0,0,0"
40.833333333333336,124,AV,1,3,5,1,9,0,0,86,6783.106781750961,0.2,-0.49494949494949503,"0.18555303030303033,0.24586197916666666,0.31471794871794867,0.2,0.86,0.33514649757064985,14.0","0,0,0"
39.266666666666666,259,AV,1,2,7,1,4,0,0,87,19040.472291926453,0.3,-0.7139393939393939,"0.22824637681159424,0.28254742547425477,0.3330708333333333,0.3,0.87,0.9407706241479663,11.0","0,0,0"
18.25,176,AV,1,3,5,1,1,0,0,26,2813.5576138103806,0.2,-0.2212121212121212,"0.1984404761904762,0.2495390625,0.33889898989898987,0.2,0.26,0.1390150576014335,6.0","0,0,0"
25.033333333333335,287,AV,1,2,4,3,8,0,0,41,583.3206434887895,0.4,-0.6068686868686869,"0.22184408602150538,0.2826666666666667,0.34800000000000003,0.4,0.41,0.028821287489073047,12.0","0,0,0"
