travel_time,id,kind,action,bid_route_0,bid_route_1,bid_route_2,karma_balance,origin,destination,start_time,income,urgency,reward,observation,cost_table
44.96666666666667,146,AV,0,8,3,5,2,0,0,63,1653.1781197118603,0.3,-0.8175757575757575,"0.3472070707070707,0.2524416666666667,0.3456666666666667,0.3,0.63,0.08168187152419273,10.0","0,0,0"
33.81666666666667,7,AV,1,0,7,4,3,0,0,85,827.3783452591958,0.2,-0.40989898989898993,"0.2650294117647059,0.2279820512820513,0.32236585365853654,0.2,0.85,0.040879933561629736,10.0","0,0,0"
5.316666666666666,111,AV,0,7,3,2,3,0,0,1,4925.450001742355,0.6,-0.1933333333333333,"0.26614215686274506,0.21515962441314554,0.3134770114942529,0.6,0.01,0.24336154068581314,10.0","0,0,0"
20.133333333333333,198,AV,1,1,6,5,0,0,0,31,2964.6777926145683,0.1,-0.12202020202020201,"0.277154761904762,0.20748484848484847,0.3050964912280702,0.1,0.31,0.14648175394988758,6.0","0,0,0"
15.3,288,AV,1,3,9,0,6,0,0,12,2218.0502812558643,1.0,-0.9272727272727274,"0.3293387096774194,0.25074137931034485,0.36266666666666664,1.0,0.12,0.10959163803796217,15.0","0,0,0"
36.31666666666667,61,AV,0,5,0,5,1,0,0,48,3580.4564780460023,0.8,-1.760808080808081,"0.2773988095238095,0.23127948717948715,0.32240425531914896,0.8,0.48,0.17690676071171996,6.0","0,0,0"
44.05,108,AV,2,0,0,0,5,0,0,77,3368.9508766880413,0.7,-1.8687878787878784,"0.36851149425287355,0.2669547619047619,0.3632154471544715,0.7,0.77,0.16645648124650464,5.0","0,0,0"
35.11666666666667,47,AV,1,1,5,2,0,0,0,85,586.8516376274475,0.1,-0.2128282828282828,"0.36476262626262623,0.2622369791666667,0.35638372093023263,0.1,0.85,0.028995750365243225,5.0","0,0,0"
27.733333333333334,231,AV,0,8,6,5,0,0,0,38,2015.5588757501516,0.3,-0.5042424242424243,"0.34110555555555555,0.25261190476190476,0.3684041666666667,0.3,0.38,0.09958674094184428,8.0","0,0,0"
18.883333333333333,213,AV,1,2,4,3,2,0,0,25,2022.4315636845977,0.2,-0.2288888888888889,"0.3377471264367816,0.24805392156862743,0.3486705426356589,0.2,0.25,0.09992631355425287,6.0","0,0,0"
16.566666666666666,255,AV,1,1,6,0,3,0,0,18,3608.770587345788,0.9,-0.9036363636363637,"0.35820707070707064,0.26100546448087425,0.380008547008547,0.9,0.18,0.17830573243205106,9.0","0,0,0"
17.75,267,AV,1,3,9,0,6,0,0,18,2392.7441380289174,0.1,-0.10757575757575757,"0.2566862745098039,0.20388392857142856,0.32561240310077516,0.1,0.18,0.1182230861528751,15.0","0,0,0"
33.05,221,AV,1,3,6,7,5,0,0,69,2530.9644311939346,0.1,-0.20030303030303032,"0.34493410852713174,0.2521520467836258,0.34885555555555564,0.1,0.69,0.12505241210010515,11.0","0,0,0"
28.116666666666667,112,AV,0,5,5,1,2,0,0,32,11185.875164713363,0.3,-0.5112121212121212,"0.32180555555555557,0.2817838541666667,0.3633083333333333,0.3,0.32,0.5526828641120808,7.0","0,0,0"
38.11666666666667,72,AV,2,2,0,2,6,0,0,67,2756.9260540590044,0.6,-1.386060606060606,"0.35326190476190467,0.2553258706467661,0.34243859649122804,0.6,0.67,0.1362169490778143,6.0","0,0,0"
31.333333333333332,45,AV,2,3,2,1,20,0,0,31,3520.054626539052,0.5,-0.9494949494949495,"0.3436180555555556,0.23618859649122811,0.3374791666666666,0.5,0.31,0.17392236585687273,20.0","0,0,0"
35.1,280,AV,1,3,5,1,6,0,0,97,2850.5966631146844,0.9,-1.9145454545454548,"0.3837692307692307,0.21908730158730158,0.32880701754385966,0.9,0.97,0.14084511984976505,11.0","0,0,0"
12.65,74,AV,1,1,6,0,0,0,0,3,1963.0347272178835,0.7,-0.5366666666666666,"0.31827192982456143,0.23729824561403512,0.330188888888889,0.7,0.03,0.09699157548376398,6.0","0,0,0"
32.8,212,AV,0,4,4,4,5,0,0,44,614.9217871931492,0.1,-0.1987878787878788,"0.381537037037037,0.26260233918128656,0.3584208333333333,0.1,0.44,0.030382668279986823,9.0","0,0,0"
13.683333333333334,263,AV,1,3,5,0,2,0,0,0,1323.5149786113286,0.1,-0.08292929292929294,"0.4164843750000001,0.2819735772357724,0.3613461538461538,0.1,0.0,0.06539354662044386,7.0","0,0,0"
27.016666666666666,283,AV,1,3,5,6,6,0,0,54,767.6170681366935,0.6,-0.9824242424242424,"0.41364880952380945,0.25399462365591396,0.34495035460992907,0.6,0.54,0.03792718884414417,11.0","0,0,0"
23.066666666666666,279,AV,2,3,0,1,7,0,0,6,3252.767976975094,0.2,-0.27959595959595956,"0.40372916666666675,0.26664120370370376,0.3534772727272727,0.2,0.06,0.1607160007897979,7.0","0,0,0"
22.4,294,AV,2,1,1,0,7,0,0,5,3257.3450634265246,0.1,-0.13575757575757574,"0.39857291666666683,0.26897849462365586,0.33471739130434786,0.1,0.05,0.1609421500371313,7.0","0,0,0"
26.983333333333334,30,AV,1,2,7,1,0,0,0,52,3487.44186130441,0.3,-0.4906060606060606,"0.24128888888888883,0.2127632850241546,0.338719512195122,0.3,0.52,0.17231100186155868,7.0","0,0,0"
27.8,249,AV,1,1,7,1,0,0,0,53,1475.2077210572677,0.3,-0.5054545454545454,"0.3409512195121952,0.2342096774193548,0.3338666666666667,0.3,0.53,0.07288853276372843,7.0","0,0,0"
31.716666666666665,137,AV,1,3,5,2,0,0,0,72,3151.1733449572957,0.3,-0.5766666666666665,"0.3117121212121213,0.2502222222222222,0.35684126984126985,0.3,0.72,0.1556963119969945,5.0","0,0,0"
25.966666666666665,51,AV,0,8,7,9,2,0,0,33,3024.224513765153,0.1,-0.1573737373737374,"0.4282126436781609,0.2802004830917874,0.38884523809523813,0.1,0.33,0.14942389767216036,10.0","0,0,0"
18.6,210,AV,1,0,6,3,0,0,0,23,857.6590975250949,0.1,-0.11272727272727275,"0.3216919191919192,0.24375,0.338037037037037,0.1,0.23,0.04237607513690668,6.0","0,0,0"
24.5,177,AV,1,2,4,3,1,0,0,39,1148.9174546898266,0.2,-0.296969696969697,"0.2573809523809524,0.23140656565656567,0.34763750000000004,0.2,0.39,0.05676685821503235,5.0","0,0,0"
17.416666666666668,37,AV,0,5,7,6,6,0,0,22,2187.907521251699,0.2,-0.21111111111111114,"0.3870156249999999,0.2407524509803922,0.3271458333333333,0.2,0.22,0.10810231452182832,11.0","0,0,0"
42.416666666666664,46,AV,2,3,2,0,5,0,0,72,1239.4416864014672,0.7,-1.7994949494949493,"0.2693020833333333,0.21790395480225985,0.3191054421768708,0.7,0.72,0.0612395696405775,5.0","0,0,0"
23.583333333333332,207,AV,1,0,6,1,0,0,0,43,4999.976398121604,0.4,-0.5717171717171717,"0.3613735632183907,0.2545314009661836,0.34963492063492063,0.4,0.43,0.24704381512534654,6.0","0,0,0"
62.3,76,AV,0,8,6,5,2,0,0,90,898.3728471886773,0.4,-1.5103030303030303,"0.32041228070175426,0.22414871794871793,0.3370045045045046,0.4,0.9,0.044387700641524724,10.0","0,0,0"
7.1,125,AV,0,5,3,5,5,0,0,5,506.5869000089976,0.5,-0.21515151515151515,"0.33143333333333336,0.23985519125683064,0.3385646258503401,0.5,0.05,0.025029950244917432,10.0","0,0,0"
37.21666666666667,21,AV,1,2,9,8,11,0,0,96,835.7777612710734,1.0,-2.2555555555555555,"0.3349642857142857,0.24499765258215964,0.34980392156862744,1.0,0.96,0.04129494027589717,20.0","0,0,0"
28.733333333333334,22,AV,1,2,7,5,4,0,0,62,4504.939201911708,0.1,-0.17414141414141415,"0.27657051282051276,0.2248607305936073,0.32331372549019605,0.1,0.62,0.2225845241521748,11.0","0,0,0"
24.266666666666666,144,AV,1,1,8,8,3,0,0,43,2446.4664131825853,0.2,-0.29414141414141415,"0.3573763440860215,0.23731904761904757,0.3403010752688172,0.2,0.43,0.12087744984470407,11.0","0,0,0"
21.816666666666666,79,AV,1,1,7,1,1,0,0,37,4164.701887555128,0.2,-0.2644444444444444,"0.3162252252252253,0.2626045197740112,0.36898039215686274,0.2,0.37,0.20577373996162773,8.0","0,0,0"
7.116666666666666,16,AV,0,4,0,4,6,0,0,2,2294.767722006211,0.3,-0.1293939393939394,"0.30020555555555556,0.23516161616161615,0.31262121212121213,0.3,0.02,0.11338216978061968,10.0","0,0,0"
27.9,66,AV,2,3,0,0,14,0,0,22,1546.5147326922538,0.3,-0.5072727272727272,"0.25126923076923074,0.2455621890547264,0.34626666666666667,0.3,0.22,0.07641174063449208,14.0","0,0,0"
15.5,81,AV,1,2,4,8,19,0,0,9,617.4453946714843,0.3,-0.2818181818181818,"0.41182432432432436,0.27064734299516907,0.35735294117647065,0.3,0.09,0.03050735719243069,23.0","0,0,0"
10.666666666666666,156,AV,0,6,1,2,0,0,0,9,1391.0507319816634,0.3,-0.1939393939393939,"0.26731111111111105,0.24241791044776115,0.3262083333333334,0.3,0.09,0.06873042040573611,6.0","0,0,0"
14.383333333333333,282,AV,1,2,5,0,1,0,0,8,1490.1599361877834,0.5,-0.43585858585858583,"0.3136862745098039,0.22560277777777776,0.31685507246376815,0.5,0.08,0.0736273067051025,6.0","0,0,0"
19.933333333333334,254,AV,1,0,7,3,3,0,0,21,905.8209551718018,0.2,-0.24161616161616162,"0.28526190476190477,0.2219683908045977,0.3165871212121212,0.2,0.21,0.044755704180963,10.0","0,0,0"
41.266666666666666,154,AV,2,1,2,5,4,0,0,86,832.4581618945489,0.1,-0.2501010101010101,"0.35008928571428577,0.24574200913242006,0.3470854700854701,0.1,0.86,0.041130922202737376,9.0","0,0,0"
53.53333333333333,53,AV,0,9,9,7,1,0,0,79,2761.3662775036096,0.1,-0.3244444444444445,"0.4447526881720431,0.28461016949152546,0.40392248062015507,0.1,0.79,0.13643633606135613,10.0","0,0,0"
13.7,234,AV,0,9,7,3,3,0,0,16,1526.0895405694364,0.1,-0.08303030303030302,"0.29212626262626257,0.24040163934426229,0.33221296296296304,0.1,0.16,0.07540255239340664,12.0","0,0,0"
31.216666666666665,262,AV,1,1,6,0,1,0,0,69,4549.115907877681,0.3,-0.5675757575757575,"0.37691954022988505,0.24945959595959594,0.35,0.3,0.69,0.22476725085176577,7.0","0,0,0"
13.933333333333334,233,AV,1,2,4,5,3,0,0,7,2271.53748778668,0.3,-0.2533333333333333,"0.29366666666666674,0.22611794871794874,0.3218888888888889,0.3,0.07,0.11223438722508516,7.0","0,0,0"
16.333333333333332,298,AV,1,2,4,3,3,0,0,12,5702.616109653807,0.3,-0.29696969696969694,"0.30464285714285716,0.2712146464646465,0.3340326086956522,0.3,0.12,0.28176053800041856,7.0","0,0,0"
42.016666666666666,142,AV,2,3,1,5,0,0,0,81,572.7967315704935,0.5,-1.2732323232323233,"0.2962888888888889,0.22069642857142857,0.327984496124031,0.5,0.81,0.02830131156452355,5.0","0,0,0"
15.266666666666667,236,AV,1,2,4,3,9,0,0,11,1597.8734280578535,0.1,-0.09252525252525254,"0.3000972222222222,0.2599621212121212,0.34505701754385965,0.1,0.11,0.07894932222142612,13.0","0,0,0"
46.55,58,AV,0,8,2,0,13,0,0,69,4505.18942297478,0.6,-1.6927272727272724,"0.3151428571428571,0.25365178571428576,0.3590905797101449,0.6,0.69,0.22259688732374286,21.0","0,0,0"
28.066666666666666,278,AV,1,1,6,0,8,0,0,56,1614.9493849180149,0.7,-1.1907070707070706,"0.4111590909090909,0.26820888888888894,0.34714141414141414,0.7,0.56,0.0797930281099649,14.0","0,0,0"
15.516666666666667,41,AV,0,4,2,4,5,0,0,22,921.9548251796884,0.7,-0.6582828282828282,"0.31453846153846154,0.2253055555555555,0.3250691056910569,0.7,0.22,0.04555286250374671,9.0","0,0,0"
19.783333333333335,277,AV,1,3,9,9,1,0,0,27,1703.2333497257905,0.3,-0.3596969696969697,"0.30044623655913977,0.24739583333333331,0.33646428571428566,0.3,0.27,0.08415505019644881,10.0","0,0,0"
14.6,272,AV,1,3,8,9,3,0,0,9,626.2908344343901,0.1,-0.08848484848484849,"0.22360833333333333,0.19430208333333332,0.31335937500000005,0.1,0.09,0.030944401492541913,11.0","0,0,0"
60.28333333333333,12,AV,0,8,9,9,2,0,0,90,1260.6549751070208,0.5,-1.8267676767676768,"0.24907843137254904,0.2025890410958904,0.3051161616161616,0.5,0.9,0.0622876969427672,10.0","0,0,0"
33.9,64,AV,2,3,0,1,27,0,0,45,1661.9571573900298,0.1,-0.20545454545454547,"0.35565432098765437,0.27386815920398005,0.364768115942029,0.1,0.45,0.08211563496394797,27.0","0,0,0"
18.716666666666665,34,AV,1,0,5,0,2,0,0,20,779.0639592631991,0.1,-0.11343434343434343,"0.32551010101010097,0.2460162037037037,0.33308095238095237,0.1,0.2,0.0384927682449347,7.0","0,0,0"
40.016666666666666,291,AV,2,1,1,0,8,0,0,78,979.573716991658,0.2,-0.485050505050505,"0.3723827160493826,0.29185074626865665,0.39345652173913037,0.2,0.78,0.048399754113449336,8.0","0,0,0"
27.016666666666666,165,AV,2,2,3,8,5,0,0,19,4645.51881630073,1.0,-1.6373737373737374,"0.38804838709677414,0.2881666666666667,0.3648416666666666,1.0,0.19,0.2295304217929239,13.0","0,0,0"
16.2,116,AV,1,1,7,1,0,0,0,10,3101.095365071405,0.5,-0.4909090909090909,"0.3034712643678161,0.24573333333333333,0.3264024390243902,0.5,0.1,0.15322200927639995,7.0","0,0,0"
36.15,151,AV,2,0,0,6,6,0,0,48,946.1123250925148,0.5,-1.0954545454545455,"0.37718965517241365,0.24064358974358974,0.33824637681159414,0.5,0.48,0.04674646032644781,12.0","0,0,0"
24.0,153,AV,1,3,8,5,22,0,0,38,3362.377553451843,0.5,-0.7272727272727273,"0.41913333333333325,0.2489309523809524,0.36489523809523805,0.5,0.38,0.1661316999433504,30.0","0,0,0"
41.516666666666666,106,AV,0,6,4,0,2,0,0,53,3898.759045987068,0.2,-0.5032323232323233,"0.3726011904761905,0.2800431034482759,0.3577814814814815,0.2,0.53,0.19263377109878843,8.0","0,0,0"
23.1,261,AV,1,3,6,7,11,0,0,32,11515.391842589095,0.5,-0.7000000000000001,"0.3165348837209303,0.2545895061728395,0.3403565891472868,0.5,0.32,0.5689639524149042,17.0","0,0,0"
58.63333333333333,230,AV,0,7,7,4,3,0,0,89,5386.149373461946,0.6,-2.132121212121212,"0.3185726495726496,0.23789646464646466,0.3442714285714286,0.6,0.89,0.2661242342173697,10.0","0,0,0"
46.95,281,AV,2,2,0,0,6,0,0,85,1649.648602545546,0.1,-0.2845454545454546,"0.3555875000000001,0.2601666666666667,0.378989898989899,0.1,0.85,0.08150748162374356,6.0","0,0,0"
49.916666666666664,14,AV,0,6,5,4,2,0,0,74,4609.601315671212,0.2,-0.6050505050505051,"0.32325520833333327,0.2432166666666666,0.3469122807017544,0.2,0.74,0.2277557741388637,8.0","0,0,0"
45.1,105,AV,0,7,6,6,0,0,0,61,2528.765907819195,0.1,-0.2733333333333334,"0.34347530864197523,0.2579155251141553,0.36494583333333325,0.1,0.61,0.12494378526691811,7.0","0,0,0"
24.2,113,AV,1,2,5,4,3,0,0,46,1310.9401185904849,0.7,-1.0266666666666666,"0.2508333333333334,0.20833939393939394,0.32327333333333336,0.7,0.46,0.06477223540877823,8.0","0,0,0"
26.8,273,AV,1,3,5,6,1,0,0,56,4968.170350229253,0.3,-0.48727272727272725,"0.3875964912280702,0.25170833333333337,0.331030701754386,0.3,0.56,0.24547231022417584,6.0","0,0,0"
25.833333333333332,246,AV,1,3,7,9,5,0,0,51,17693.100214811147,0.1,-0.15656565656565657,"0.31737499999999996,0.22531127450980393,0.3520972222222223,0.1,0.51,0.874198322236906,12.0","0,0,0"
39.88333333333333,130,AV,0,9,8,8,0,0,0,53,12197.400506638176,0.5,-1.2085858585858587,"0.2606111111111111,0.20300432900432902,0.2998271604938272,0.5,0.53,0.6026613159421645,9.0","0,0,0"
20.85,33,AV,0,8,9,2,7,0,0,25,813.126641713825,0.5,-0.6318181818181818,"0.3951607142857143,0.27555982905982906,0.35390196078431374,0.5,0.25,0.040175771194542055,15.0","0,0,0"
26.683333333333334,269,AV,2,1,2,0,6,0,0,15,522.440884226393,0.1,-0.16171717171717173,"0.44912916666666675,0.2686102150537634,0.36031313131313136,0.1,0.15,0.02581327969172718,6.0","0,0,0"
36.63333333333333,4,AV,1,3,9,0,8,0,0,98,961.7772661313056,0.2,-0.444040404040404,"0.4812952380952381,0.2882810945273631,0.38804301075268816,0.2,0.98,0.04752044933955402,17.0","0,0,0"
24.366666666666667,227,AV,1,1,9,9,8,0,0,47,6918.069898529506,0.4,-0.5907070707070707,"0.29439430894308943,0.22835858585858593,0.31111111111111106,0.4,0.47,0.34181488970200175,17.0","0,0,0"
46.43333333333333,251,AV,2,1,1,4,8,0,0,90,783.6834518391023,0.2,-0.5628282828282828,"0.34813333333333335,0.2535595238095238,0.3509803921568627,0.2,0.9,0.038721012736313315,12.0","0,0,0"
19.0,152,AV,0,6,6,4,1,0,0,23,3523.1638559153366,0.6,-0.6909090909090909,"0.30825438596491234,0.23530238095238099,0.32052777777777786,0.6,0.23,0.1740759897594787,7.0","0,0,0"
33.266666666666666,67,AV,1,1,7,1,11,0,0,82,959.5289757906356,0.3,-0.6048484848484849,"0.4238489583333333,0.2695857843137255,0.37089583333333337,0.3,0.82,0.04740936357053375,18.0","0,0,0"
23.333333333333332,24,AV,1,3,5,1,0,0,0,41,601.3137559373858,0.2,-0.2828282828282828,"0.3276274509803921,0.23825661375661375,0.3263449612403101,0.2,0.41,0.029710309114645228,5.0","0,0,0"
11.85,215,AV,1,3,8,5,10,0,0,3,4090.160813256426,0.6,-0.43090909090909085,"0.3679083333333332,0.25192241379310343,0.34682142857142856,0.6,0.03,0.20209074030082702,18.0","0,0,0"
20.066666666666666,182,AV,2,2,3,5,5,0,0,0,2255.9253983027734,0.3,-0.36484848484848487,"0.2487222222222222,0.23121957671957674,0.2875666666666667,0.3,0.0,0.11146300955425625,10.0","0,0,0"
28.1,270,AV,1,2,4,3,9,0,0,55,2949.689674384749,0.6,-1.0218181818181817,"0.4489313725490195,0.29028205128205126,0.3829166666666666,0.6,0.55,0.14574120607241453,13.0","0,0,0"
27.666666666666668,159,AV,1,2,4,3,2,0,0,59,591.6693204447811,0.2,-0.3353535353535354,"0.42997395833333335,0.24808095238095235,0.36584649122807017,0.2,0.59,0.02923378723751827,6.0","0,0,0"
30.133333333333333,193,AV,1,0,7,4,1,0,0,69,4061.843573313689,0.1,-0.18262626262626264,"0.3508154761904761,0.256755376344086,0.36211666666666664,0.1,0.69,0.20069161389857007,8.0","0,0,0"
33.3,48,AV,1,2,4,5,9,0,0,83,2744.255474143275,0.2,-0.4036363636363636,"0.3872083333333333,0.2670995024875622,0.3767121212121212,0.2,0.83,0.13559090844222083,13.0","0,0,0"
15.1,77,AV,1,3,9,3,6,0,0,8,5341.061461458292,0.5,-0.4575757575757576,"0.28347826086956524,0.21558920187793426,0.3327007575757576,0.5,0.08,0.26389648574207625,15.0","0,0,0"
15.25,118,AV,1,0,4,0,2,0,0,10,6230.691172258436,0.3,-0.2772727272727272,"0.32533838383838387,0.26508675799086756,0.377764705882353,0.3,0.1,0.3078521967905309,6.0","0,0,0"
36.53333333333333,217,AV,1,2,5,6,1,0,0,97,1509.578116022191,0.2,-0.44282828282828285,"0.3685900900900901,0.25587272727272725,0.34093402777777776,0.2,0.97,0.07458673947980204,6.0","0,0,0"
58.7,266,AV,0,7,6,5,4,0,0,87,912.6272274022258,1.0,-3.5575757575757576,"0.3419408602150538,0.26955092592592594,0.37294594594594593,1.0,0.87,0.04509199526010037,11.0","0,0,0"
17.05,224,AV,1,3,6,1,0,0,0,16,4021.28082322038,0.3,-0.31,"0.30450000000000005,0.24232704402515723,0.3169659090909091,0.3,0.16,0.19868744913115402,6.0","0,0,0"
41.483333333333334,237,AV,0,4,6,3,9,0,0,55,2966.188350320237,0.1,-0.2514141414141414,"0.3271927083333333,0.24626760563380284,0.36334234234234236,0.1,0.55,0.14655638908990856,13.0","0,0,0"
21.116666666666667,160,AV,1,1,8,5,33,0,0,34,1052.4070316009115,0.5,-0.63989898989899,"0.2593423423423423,0.2246111111111111,0.3268088235294118,0.5,0.34,0.05199837508215116,41.0","0,0,0"
48.56666666666667,222,AV,0,8,0,6,7,0,0,68,2078.9202215407213,0.1,-0.29434343434343435,"0.2561875,0.2145294117647059,0.3127432432432432,0.1,0.68,0.10271736143866485,15.0","0,0,0"
22.416666666666668,73,AV,1,2,7,5,13,0,0,34,1089.3140785512585,0.5,-0.6792929292929293,"0.37755729166666663,0.25804166666666667,0.3686515151515152,0.5,0.34,0.05382191522667051,20.0","0,0,0"
28.383333333333333,285,AV,2,2,1,5,0,0,0,32,5394.467136051333,0.2,-0.34404040404040404,"0.4175630630630631,0.28541666666666665,0.35432870370370373,0.2,0.32,0.2665352065179911,5.0","0,0,0"
20.866666666666667,284,AV,0,6,0,7,3,0,0,27,2942.323800284961,0.2,-0.25292929292929295,"0.33667142857142857,0.2523257575757576,0.33603846153846156,0.2,0.27,0.14537726562660996,9.0","0,0,0"
31.616666666666667,247,AV,2,3,0,1,5,0,0,36,546.8646928603165,0.1,-0.19161616161616163,"0.35785555555555554,0.26701851851851854,0.3612340425531915,0.1,0.36,0.027020035561031403,5.0","0,0,0"
34.25,62,AV,2,2,0,0,5,0,0,46,7592.14370769901,0.1,-0.20757575757575758,"0.35766666666666663,0.2963383838383839,0.37942857142857145,0.1,0.46,0.37512020001424035,5.0","0,0,0"
24.6,131,AV,2,0,3,0,9,0,0,14,3941.04555698938,0.4,-0.5963636363636364,"0.3098548387096774,0.24612009803921567,0.34495934959349595,0.4,0.14,0.19472310516250035,9.0","0,0,0"
46.05,15,AV,2,3,3,6,0,0,0,78,1348.5865378412918,0.2,-0.5581818181818181,"0.27632857142857137,0.20691954022988504,0.2916063829787234,0.2,0.78,0.0666323071965214,6.0","0,0,0"
37.0,256,AV,2,3,0,4,1,0,0,37,1885.557658153182,0.1,-0.22424242424242424,"0.32116666666666666,0.22871497584541062,0.3131937984496124,0.1,0.37,0.09316351126856799,5.0","0,0,0"
13.45,203,AV,1,2,7,8,4,0,0,4,3245.380745418587,0.7,-0.5706060606060606,"0.3896142857142857,0.2631769230769231,0.3570291666666667,0.7,0.04,0.16035100509349434,11.0","0,0,0"
40.21666666666667,209,AV,0,4,5,5,3,0,0,48,9095.945853089892,0.3,-0.7312121212121213,"0.26875877192982456,0.21213978494623661,0.31019166666666664,0.3,0.48,0.44942155458275634,7.0","0,0,0"
18.933333333333334,57,AV,1,3,7,3,1,0,0,21,5844.130995646287,1.0,-1.1474747474747475,"0.3883921568627451,0.26238,0.36123655913978503,1.0,0.21,0.28875264647231946,8.0","0,0,0"
41.9,245,AV,2,2,2,2,6,0,0,91,4934.883137056144,0.4,-1.0157575757575756,"0.3313333333333334,0.2514507042253521,0.3398048780487805,0.4,0.91,0.2438276224331965,6.0","0,0,0"
21.6,119,AV,1,2,4,3,7,0,0,35,1564.4426034616197,0.1,-0.13090909090909092,"0.3957204301075269,0.24921025641025643,0.3404962121212121,0.1,0.35,0.07729753873417955,11.0","0,0,0"
23.0,289,AV,1,3,8,5,2,0,0,37,849.0657401736111,0.7,-0.9757575757575757,"0.35896774193548386,0.2550208333333333,0.37607539682539687,0.7,0.37,0.04195148597571712,10.0","0,0,0"
34.63333333333333,135,AV,2,2,1,0,6,0,0,53,1682.490559712908,0.2,-0.41979797979797984,"0.28846666666666665,0.25410447761194027,0.33757751937984504,0.2,0.53,0.08313016976240285,6.0","0,0,0"
18.966666666666665,293,AV,1,3,7,8,1,0,0,23,2909.8477340427667,0.1,-0.11494949494949494,"0.3964848484848485,0.27294999999999997,0.33514539007092203,0.1,0.23,0.1437726557913017,8.0","0,0,0"
45.85,229,AV,2,0,2,1,6,0,0,79,7572.106998522375,0.1,-0.2778787878787879,"0.3713541666666667,0.27480913978494625,0.34089855072463765,0.1,0.79,0.37413020632558763,6.0","0,0,0"
40.6,101,AV,2,0,0,9,1,0,0,66,8348.421721831439,0.2,-0.4921212121212122,"0.2888991228070175,0.23407207207207203,0.3465714285714286,0.2,0.66,0.41248713758156286,10.0","0,0,0"
55.266666666666666,26,AV,0,5,5,4,1,0,0,82,6778.2755320215965,0.2,-0.6698989898989899,"0.3235151515151516,0.2587462686567164,0.3486749999999999,0.2,0.82,0.3349077903708691,6.0","0,0,0"
32.6,253,AV,2,3,1,5,0,0,0,35,5064.807770076448,0.2,-0.3951515151515152,"0.33309848484848487,0.2275818181818182,0.3345204081632653,0.2,0.35,0.25024706813941117,5.0","0,0,0"
34.96666666666667,211,AV,2,3,3,2,7,0,0,45,1778.835052690156,0.9,-1.9072727272727275,"0.29512719298245615,0.219593567251462,0.3109111111111111,0.9,0.45,0.08789045445501824,7.0","0,0,0"
49.016666666666666,96,AV,2,3,0,4,7,0,0,97,6081.635477498837,0.3,-0.8912121212121212,"0.3686157407407407,0.2591194029850746,0.36014062499999994,0.3,0.97,0.3004875045265025,11.0","0,0,0"
12.883333333333333,158,AV,1,3,7,0,1,0,0,2,1697.366940102563,0.5,-0.39040404040404036,"0.3305833333333333,0.21861267605633802,0.34103623188405796,0.5,0.02,0.08386519678534977,8.0","0,0,0"
17.983333333333334,192,AV,1,3,8,5,12,0,0,18,5670.319740923212,0.2,-0.217979797979798,"0.24795,0.21140104166666668,0.3224673913043478,0.2,0.18,0.28016480683878775,20.0","0,0,0"
65.63333333333334,19,AV,0,8,6,5,2,0,0,95,2314.8193170712048,0.5,-1.9888888888888892,"0.40963235294117645,0.25953174603174606,0.3556976744186046,0.5,0.95,0.11437289896607457,10.0","0,0,0"
21.633333333333333,242,AV,1,0,4,6,4,0,0,36,615.3970356119416,0.5,-0.6555555555555556,"0.45807738095238093,0.27316222222222225,0.36566129032258055,0.5,0.36,0.030406149827330708,8.0","0,0,0"
35.016666666666666,2,AV,1,1,6,0,9,0,0,96,1467.6871321740252,0.8,-1.6977777777777778,"0.3502649572649573,0.23370555555555556,0.31330701754385964,0.8,0.96,0.07251694801576773,15.0","0,0,0"
34.56666666666667,8,AV,1,3,6,7,4,0,0,91,1025.7249596144625,1.0,-2.0949494949494953,"0.39376086956521744,0.2794227053140097,0.39803125,1.0,0.91,0.050680040687321244,10.0","0,0,0"
48.416666666666664,290,AV,0,5,0,8,8,0,0,71,1485.5718097438446,0.2,-0.5868686868686869,"0.19784285714285715,0.20920959595959596,0.31249145299145303,0.2,0.71,0.07340061198282061,13.0","0,0,0"
35.75,190,AV,2,1,3,3,29,0,0,49,17322.90883950548,0.6,-1.2999999999999998,"0.37343939393939396,0.26047791164658635,0.3472202380952381,0.6,0.49,0.8559075379611304,29.0","0,0,0"
19.416666666666668,248,AV,1,2,4,3,6,0,0,22,3274.575105225111,0.7,-0.8237373737373738,"0.37775287356321835,0.2756420765027322,0.3667814814814815,0.7,0.22,0.16179346910781556,10.0","0,0,0"
18.083333333333332,275,AV,1,1,7,8,1,0,0,21,1460.106853854364,1.0,-1.0959595959595958,"0.3275175438596492,0.24736923076923073,0.3246441441441441,1.0,0.21,0.07214241407266661,8.0","0,0,0"
28.766666666666666,200,AV,1,3,4,7,5,0,0,60,850.3216016091212,0.1,-0.17434343434343436,"0.2816666666666667,0.25440714285714283,0.37160360360360356,0.1,0.6,0.04201353682867991,9.0","0,0,0"
26.666666666666668,220,AV,1,2,4,3,8,0,0,55,1275.6237969650936,0.1,-0.16161616161616163,"0.37305982905982915,0.23747311827956988,0.3437820512820513,0.1,0.55,0.06302729140588091,12.0","0,0,0"
29.566666666666666,149,AV,1,1,9,3,1,0,0,57,7336.658338656486,0.7,-1.2543434343434343,"0.2789062499999999,0.2252388059701493,0.3303861788617886,0.7,0.57,0.3624969243722426,10.0","0,0,0"
34.833333333333336,225,AV,0,9,5,5,2,0,0,44,6709.13861087917,0.3,-0.6333333333333333,"0.3058703703703704,0.22966169154228852,0.3433245614035087,0.3,0.44,0.3314918044931234,11.0","0,0,0"
21.15,98,AV,2,2,1,2,6,0,0,5,4412.688598555705,0.1,-0.12818181818181817,"0.37568390804597707,0.27704615384615383,0.3690942028985507,0.1,0.05,0.21802651443652019,6.0","0,0,0"
16.483333333333334,168,AV,1,2,7,5,1,0,0,11,1587.6148581174584,0.2,-0.19979797979797984,"0.3071551724137931,0.2336041666666667,0.3278407407407407,0.2,0.11,0.07844245657766878,8.0","0,0,0"
52.766666666666666,36,AV,2,0,3,4,13,0,0,97,1541.4014724042315,0.1,-0.3197979797979798,"0.28516161616161617,0.19993846153846154,0.34200476190476187,0.1,0.97,0.07615909957607497,17.0","0,0,0"
22.766666666666666,206,AV,0,8,3,6,3,0,0,30,3465.4556083993225,0.2,-0.27595959595959596,"0.3245980392156863,0.2627796610169491,0.3571737588652482,0.2,0.3,0.17122468317412964,11.0","0,0,0"
56.88333333333333,195,AV,0,4,3,3,2,0,0,83,4639.089550420253,0.1,-0.3447474747474748,"0.3111910569105691,0.2463255208333333,0.32451904761904765,0.1,0.83,0.22921275821911885,6.0","0,0,0"
23.2,134,AV,1,3,8,5,11,0,0,38,539.5213747330826,0.1,-0.1406060606060606,"0.3655555555555555,0.27710696517412936,0.3724263565891473,0.1,0.38,0.026657209583190285,19.0","0,0,0"
41.0,258,AV,2,1,1,0,12,0,0,80,720.4688823460104,0.5,-1.2424242424242424,"0.3152901234567902,0.23227860696517413,0.32429059829059836,0.5,0.8,0.035597644309025005,12.0","0,0,0"
26.716666666666665,91,AV,1,2,4,3,3,0,0,49,946.2003450753726,0.2,-0.3238383838383838,"0.3864238095238096,0.25110169491525425,0.36255855855855856,0.2,0.49,0.04675080930545112,7.0","0,0,0"
21.25,219,AV,1,2,5,6,8,0,0,27,6031.594525491932,0.3,-0.38636363636363635,"0.2042863247863248,0.20190476190476192,0.2891774193548387,0.3,0.27,0.2980150313162421,13.0","0,0,0"
43.7,186,AV,2,0,2,8,0,0,0,100,3758.845856207275,0.1,-0.26484848484848483,"0.3806822916666667,0.2592466666666667,0.3609040404040404,0.1,1.0,0.18572080082906037,8.0","0,0,0"
39.03333333333333,44,AV,2,0,3,3,6,0,0,75,1174.3503864217532,0.1,-0.23656565656565656,"0.4355,0.3014615384615384,0.396718253968254,0.1,0.75,0.05802347384370573,6.0","0,0,0"
40.483333333333334,175,AV,2,1,2,0,18,0,0,76,3534.445695738256,0.2,-0.4907070707070707,"0.330825,0.23356989247311827,0.3314605263157895,0.2,0.76,0.1746334141410286,18.0","0,0,0"
19.883333333333333,40,AV,1,1,7,1,3,0,0,30,2421.832203454489,0.2,-0.241010101010101,"0.32710852713178296,0.260452380952381,0.3667333333333333,0.2,0.3,0.119660298268526,10.0","0,0,0"
32.13333333333333,54,AV,2,3,3,2,8,0,0,40,3583.4963710051925,0.1,-0.19474747474747475,"0.37074074074074076,0.25673004694835677,0.36525238095238094,0.1,0.4,0.17705695877155342,8.0","0,0,0"
39.85,292,AV,2,1,3,8,8,0,0,67,779.2240782816187,0.1,-0.24151515151515152,"0.4421111111111112,0.24233080808080806,0.3747333333333333,0.1,0.67,0.038500679564916006,16.0","0,0,0"
31.066666666666666,265,AV,2,1,3,5,9,0,0,32,2250.3510049999354,0.1,-0.18828282828282827,"0.41999047619047625,0.25405555555555553,0.3606145833333333,0.1,0.32,0.11118758437643748,14.0","0,0,0"
28.566666666666666,89,AV,1,1,6,0,16,0,0,57,541.9839687696077,0.4,-0.6925252525252525,"0.39505092592592594,0.25362021857923495,0.36062380952380946,0.4,0.57,0.02677888388271631,22.0","0,0,0"
40.36666666666667,189,AV,2,0,1,8,4,0,0,61,1022.032321197676,0.5,-1.2232323232323232,"0.3503924731182795,0.23222677595628416,0.32218421052631585,0.5,0.61,0.05049759112961852,12.0","0,0,0"
24.15,179,AV,0,5,9,9,7,0,0,34,763.1985099142711,0.5,-0.7318181818181818,"0.2263494623655914,0.2144538461538462,0.30963513513513513,0.5,0.34,0.03770887231748401,12.0","0,0,0"
32.28333333333333,75,AV,1,2,4,3,4,0,0,79,2987.078671303881,0.1,-0.19565656565656564,"0.3083589743589743,0.2228055555555555,0.28422222222222226,0.1,0.79,0.14758855888113623,8.0","0,0,0"
15.383333333333333,139,AV,0,6,1,1,0,0,0,20,4034.238052294327,0.4,-0.37292929292929294,"0.3909807692307692,0.2483651960784314,0.3640579710144929,0.4,0.2,0.1993276528139321,6.0","0,0,0"
38.1,70,AV,0,8,3,1,2,0,0,48,3387.2787239910285,0.3,-0.6927272727272727,"0.34805555555555556,0.23668461538461535,0.3450277777777778,0.3,0.48,0.16736204178524355,10.0","0,0,0"
13.75,136,AV,0,5,5,4,0,0,0,16,3393.6426315430986,0.6,-0.5,"0.39215053763440855,0.23238805970149254,0.3173333333333333,0.6,0.16,0.16767647606964517,5.0","0,0,0"
62.18333333333333,140,AV,0,6,6,8,4,0,0,90,5654.280440205098,0.2,-0.7537373737373737,"0.3130055555555556,0.23421014492753625,0.34402439024390247,0.2,0.9,0.2793723210896882,10.0","0,0,0"
28.6,174,AV,2,3,0,4,3,0,0,8,1848.7234685638712,0.1,-0.17333333333333334,"0.41847126436781606,0.2557784810126582,0.3461614583333333,0.1,0.08,0.09134357093312716,7.0","0,0,0"
37.85,90,AV,0,4,3,3,1,0,0,48,2280.385817754286,0.4,-0.9175757575757576,"0.3053141025641026,0.2612794871794872,0.3447395833333334,0.4,0.48,0.1126715743273096,5.0","0,0,0"
32.36666666666667,208,AV,1,1,8,7,2,0,0,80,8981.750106371177,0.2,-0.39232323232323235,"0.3588809523809524,0.26032748538011696,0.3497083333333334,0.2,0.8,0.4437792573608979,10.0","0,0,0"
23.333333333333332,180,AV,1,1,9,5,8,0,0,43,2187.718469250836,0.7,-0.9898989898989898,"0.36651612903225805,0.24291552511415523,0.35524537037037035,0.7,0.43,0.10809297365222585,17.0","0,0,0"
28.216666666666665,169,AV,2,1,0,4,2,0,0,21,753.5670156580491,0.2,-0.342020202020202,"0.4030761904761905,0.27107575757575764,0.36643162393162393,0.2,0.21,0.03723298985385701,6.0","0,0,0"
16.033333333333335,132,AV,1,1,5,4,2,0,0,15,1950.0200213032829,0.1,-0.09717171717171719,"0.41635632183908056,0.26847692307692306,0.3313297101449275,0.1,0.15,0.09634853192798135,7.0","0,0,0"
35.03333333333333,104,AV,1,3,6,4,2,0,0,89,870.7377108213431,0.3,-0.6369696969696969,"0.35265625,0.23604347826086955,0.32120098039215683,0.3,0.89,0.04302227629226974,8.0","0,0,0"
36.333333333333336,121,AV,0,4,7,4,3,0,0,45,1342.087988935639,0.3,-0.6606060606060605,"0.35269047619047617,0.24933558558558558,0.3598421052631579,0.3,0.45,0.06631122041798494,7.0","0,0,0"
15.216666666666667,171,AV,1,3,8,3,2,0,0,10,2142.030696222753,0.4,-0.36888888888888893,"0.30388425925925927,0.2423550724637681,0.325052380952381,0.4,0.1,0.10583558664582342,10.0","0,0,0"
63.9,59,AV,0,4,6,4,10,0,0,90,14754.343640924068,0.2,-0.7745454545454545,"0.40579914529914535,0.24316954022988513,0.3746395348837209,0.2,0.9,0.7289973096860264,14.0","0,0,0"
28.95,1,AV,1,2,4,3,2,0,0,61,5009.92015912814,0.3,-0.5263636363636363,"0.2898030303030303,0.226473544973545,0.3238522727272727,0.3,0.61,0.24753512637567007,6.0","0,0,0"
53.43333333333333,148,AV,0,4,3,3,8,0,0,81,2123.4400354784907,0.6,-1.9430303030303029,"0.32687962962962963,0.2414305555555556,0.3489837398373984,0.6,0.81,0.10491704075874904,12.0","0,0,0"
38.75,276,AV,1,3,5,2,1,0,0,99,3942.222625638348,0.1,-0.23484848484848486,"0.36079385964912275,0.25546666666666673,0.3507702702702702,0.1,0.99,0.19478126294296802,6.0","0,0,0"
32.18333333333333,78,AV,1,0,5,8,3,0,0,73,2033.019749384408,0.8,-1.5604040404040402,"0.43889898989898996,0.24305303030303038,0.34203418803418806,0.8,0.73,0.10044946518183244,8.0","0,0,0"
24.85,183,AV,1,3,6,7,5,0,0,49,8987.822610831106,0.1,-0.15060606060606063,"0.32851515151515154,0.2459547619047619,0.35477027027027025,0.1,0.49,0.4440792937110115,11.0","0,0,0"
21.133333333333333,271,AV,1,3,9,1,2,0,0,30,5985.732437913218,0.9,-1.1527272727272728,"0.37451724137931036,0.2692752525252526,0.35569047619047617,0.9,0.3,0.2957490316028605,11.0","0,0,0"
32.266666666666666,260,AV,1,2,4,3,7,0,0,83,1823.811293294481,0.7,-1.3688888888888888,"0.3181172839506173,0.23856140350877195,0.3414795918367347,0.7,0.83,0.09011268535856054,11.0","0,0,0"
60.65,56,AV,0,4,3,7,12,0,0,89,679.8949342204361,1.0,-3.675757575757576,"0.29133333333333333,0.22307598039215684,0.32458536585365855,1.0,0.89,0.033592926258074716,16.0","0,0,0"
28.7,161,AV,1,1,5,2,8,0,0,59,9280.176126726552,0.1,-0.17393939393939395,"0.40752439024390247,0.25876666666666664,0.3414273504273504,0.1,0.59,0.4585241874827607,13.0","0,0,0"
29.15,239,AV,1,1,6,0,0,0,0,65,1626.914224999384,0.1,-0.17666666666666667,"0.28451923076923075,0.24596904761904764,0.3437651515151516,0.1,0.65,0.0803841988487261,6.0","0,0,0"
36.666666666666664,199,AV,1,0,4,4,1,0,0,95,1111.987968807459,0.3,-0.6666666666666665,"0.427020202020202,0.27498870056497166,0.3604791666666667,0.3,0.95,0.05494220938540485,5.0","0,0,0"
21.916666666666668,150,AV,2,2,3,8,0,0,0,1,950.4213588862824,0.8,-1.0626262626262626,"0.25266190476190475,0.22851075268817206,0.31772868217054273,0.8,0.01,0.04695936536102284,8.0","0,0,0"
32.166666666666664,100,AV,1,2,4,3,1,0,0,75,8134.997760071039,0.1,-0.19494949494949496,"0.47614814814814815,0.28968579234972675,0.38560077519379843,0.1,0.75,0.40194207385440944,5.0","0,0,0"
8.833333333333334,216,AV,0,6,5,8,16,0,0,5,595.9176043698985,0.1,-0.05353535353535354,"0.41624137931034483,0.2656439393939394,0.35005982905982896,0.1,0.05,0.029443690682060725,22.0","0,0,0"
13.85,164,AV,1,3,9,0,0,0,0,4,1265.4739572733297,0.1,-0.08393939393939394,"0.47154838709677416,0.27436507936507937,0.3808007246376813,0.1,0.04,0.06252579801457091,9.0","0,0,0"
36.666666666666664,86,AV,2,1,2,0,6,0,0,54,2744.8905386527767,0.1,-0.2222222222222222,"0.35782936507936497,0.24631089743589743,0.35161231884057975,0.1,0.54,0.1356222863421919,6.0","0,0,0"
16.35,63,AV,1,2,9,2,5,0,0,16,5882.279762541917,0.5,-0.4954545454545455,"0.2851047619047619,0.24748655913978496,0.3234961240310077,0.5,0.16,0.29063753875296394,14.0","0,0,0"
31.05,170,AV,2,1,0,1,5,0,0,35,2996.640782499388,0.8,-1.5054545454545456,"0.3708095238095238,0.2300176767676768,0.33486111111111116,0.8,0.35,0.14806101319737625,5.0","0,0,0"
41.0,95,AV,2,2,1,4,4,0,0,73,3278.222126324269,0.1,-0.2484848484848485,"0.30713333333333326,0.2296402116402117,0.3324326241134752,0.1,0.73,0.16197366475964245,8.0","0,0,0"
23.516666666666666,87,AV,2,1,0,0,5,0,0,14,4689.4303597647895,0.1,-0.14252525252525253,"0.38950520833333335,0.2742705314009662,0.3494957264957265,0.1,0.14,0.2317000470794511,5.0","0,0,0"
42.18333333333333,257,AV,2,2,3,5,0,0,0,68,932.1411738504048,1.0,-2.5565656565656565,"0.36166666666666664,0.2585865384615385,0.3492,1.0,0.68,0.046056159767061025,5.0","0,0,0"
30.016666666666666,127,AV,1,2,4,3,4,0,0,63,4951.479839002994,0.4,-0.7276767676767677,"0.23915277777777783,0.22794615384615383,0.3288803418803418,0.4,0.63,0.2446476488175187,8.0","0,0,0"
25.383333333333333,197,AV,1,3,5,1,0,0,0,42,2302.618320259251,0.2,-0.3076767676767677,"0.29853535353535354,0.24389153439153435,0.32688257575757573,0.2,0.42,0.11377005996029654,5.0","0,0,0"
32.266666666666666,184,AV,2,0,1,2,10,0,0,36,1588.8002265047048,0.6,-1.1733333333333333,"0.3247758620689655,0.24231481481481476,0.3537948717948719,0.6,0.36,0.07850102443987396,10.0","0,0,0"
38.233333333333334,196,AV,2,1,0,5,1,0,0,65,18628.94525544202,1.0,-2.317171717171717,"0.33291428571428566,0.2531589743589744,0.33336666666666676,1.0,0.65,0.9204374863438488,6.0","0,0,0"
23.316666666666666,20,AV,1,3,7,3,4,0,0,39,5168.6614957092925,0.2,-0.2826262626262626,"0.33385999999999993,0.24723697916666665,0.34080208333333334,0.2,0.39,0.255378376480178,11.0","0,0,0"
21.766666666666666,39,AV,1,0,7,3,1,0,0,31,10751.672106064549,0.7,-0.9234343434343433,"0.2981989247311828,0.23741447368421054,0.3436868686868687,0.7,0.31,0.5312293268137855,8.0","0,0,0"
35.55,84,AV,2,0,1,2,5,0,0,54,2629.980017260476,0.3,-0.6463636363636363,"0.2794142857142857,0.2398262910798122,0.3391323529411765,0.3,0.54,0.1299446728211638,5.0","0,0,0"
63.93333333333333,27,AV,0,8,3,9,5,0,0,92,640.5426603936758,0.2,-0.7749494949494949,"0.33469999999999994,0.2535648148148148,0.3427608695652174,0.2,0.92,0.03164856990797825,13.0","0,0,0"
31.133333333333333,94,AV,0,8,8,8,11,0,0,43,2046.5713793034688,0.2,-0.37737373737373736,"0.28413793103448276,0.23770398009950253,0.3249868421052632,0.2,0.43,0.10111903761374018,19.0","0,0,0"
43.18333333333333,68,AV,0,6,1,3,1,0,0,58,597.1498506777683,0.4,-1.046868686868687,"0.3519080459770115,0.23365277777777782,0.34043162393162396,0.4,0.58,0.029504574735270385,7.0","0,0,0"
19.7,166,AV,1,1,7,1,0,0,0,28,13430.196447392702,0.2,-0.23878787878787877,"0.386268817204301,0.24365591397849465,0.3425141843971631,0.2,0.28,0.6635725259609666,7.0","0,0,0"
35.63333333333333,23,AV,1,3,7,9,2,0,0,93,2225.3307045190536,0.2,-0.4319191919191919,"0.32788888888888884,0.24250264550264553,0.31448581560283695,0.2,0.93,0.1099513564437013,9.0","0,0,0"
35.0,250,AV,1,1,6,4,0,0,0,94,2909.5116230827134,0.1,-0.21212121212121213,"0.24481034482758623,0.22886029411764708,0.30868055555555557,0.1,0.94,0.14375604888613547,6.0","0,0,0"
20.516666666666666,274,AV,1,3,5,1,1,0,0,32,8029.700924090037,0.3,-0.373030303030303,"0.31870476190476194,0.23472857142857145,0.32969047619047614,0.3,0.32,0.39673946287985623,6.0","0,0,0"
32.583333333333336,243,AV,1,0,4,7,4,0,0,82,2891.134206742707,0.2,-0.394949494949495,"0.4562807017543859,0.2976694444444445,0.3874087301587301,0.2,0.82,0.14284803919103217,8.0","0,0,0"
19.016666666666666,99,AV,0,9,5,0,3,0,0,22,1294.2551843223837,1.0,-1.1525252525252525,"0.31904878048780483,0.25306965174129353,0.3408802083333334,1.0,0.22,0.06394784955402583,12.0","0,0,0"
34.35,172,AV,1,0,9,7,4,0,0,91,437.5592869272848,0.3,-0.6245454545454546,"0.38575694444444436,0.23284114583333335,0.3621524822695036,0.3,0.91,0.021619365168734063,13.0","0,0,0"
51.7,42,AV,0,7,9,0,4,0,0,78,3001.8426729260827,0.2,-0.6266666666666667,"0.3664408602150538,0.27011428571428575,0.358051282051282,0.2,0.78,0.14831803338198302,11.0","0,0,0"
45.266666666666666,129,AV,2,1,0,0,5,0,0,86,513.3463032142733,0.2,-0.5486868686868687,"0.23833928571428573,0.2378870967741935,0.3434605263157895,0.2,0.86,0.02536392557256681,5.0","0,0,0"
39.266666666666666,25,AV,2,0,0,0,5,0,0,58,2318.1098695731453,0.7,-1.6658585858585857,"0.41355357142857146,0.2847814207650274,0.38361627906976736,0.7,0.58,0.11453548186231685,5.0","0,0,0"
26.166666666666668,10,AV,0,4,7,2,4,0,0,34,2241.037238818388,0.1,-0.1585858585858586,"0.3181313131313131,0.23339240506329112,0.335077380952381,0.1,0.34,0.11072740053806189,8.0","0,0,0"
25.216666666666665,9,AV,1,3,5,6,6,0,0,51,3778.090807703549,0.3,-0.45848484848484844,"0.32104444444444447,0.2506846846846847,0.3611342592592593,0.3,0.51,0.18667167456544997,11.0","0,0,0"
27.966666666666665,244,AV,1,1,6,0,11,0,0,53,3623.60917519969,0.3,-0.5084848484848484,"0.4043989898989899,0.26497303921568627,0.3606538461538462,0.3,0.53,0.17903889216374055,17.0","0,0,0"
14.966666666666667,117,AV,1,3,6,1,7,0,0,9,742.6585956180782,0.3,-0.2721212121212121,"0.3987586206896551,0.2651005291005291,0.35783796296296294,0.3,0.09,0.03669401576896401,13.0","0,0,0"
17.45,110,AV,1,2,8,9,14,0,0,21,742.4887258523852,0.3,-0.31727272727272726,"0.2925055555555556,0.24631050228310497,0.34999549549549547,0.3,0.21,0.0366856226743472,22.0","0,0,0"
12.216666666666667,60,AV,0,9,4,8,2,0,0,14,2563.744074524839,0.2,-0.1480808080808081,"0.35828240740740747,0.27319999999999994,0.35121428571428565,0.2,0.14,0.12667202137465233,11.0","0,0,0"
43.833333333333336,11,AV,2,3,3,2,18,0,0,72,4679.48341028673,0.5,-1.3282828282828283,"0.3829333333333333,0.2540748792270532,0.3617235772357724,0.5,0.72,0.23120857828995,18.0","0,0,0"
46.483333333333334,218,AV,0,7,2,1,13,0,0,68,3759.463069718096,0.2,-0.5634343434343435,"0.44404166666666667,0.2842529761904762,0.37626282051282045,0.2,0.68,0.18575129672910448,20.0","0,0,0"
33.53333333333333,80,AV,1,0,9,2,4,0,0,81,2476.7673195544394,0.3,-0.6096969696969696,"0.40613888888888894,0.2623022598870057,0.3656185185185185,0.3,0.81,0.12237458721412664,13.0","0,0,0"
22.5,141,AV,0,4,3,3,2,0,0,30,4747.153558918807,0.6,-0.8181818181818181,"0.44536021505376344,0.26467874396135266,0.36182500000000006,0.6,0.3,0.23455209241022626,6.0","0,0,0"
33.21666666666667,297,AV,1,2,7,8,9,0,0,88,2403.836358207942,0.1,-0.20131313131313133,"0.2812903225806452,0.22585919540229885,0.3231969696969697,0.1,0.88,0.11877114161815011,16.0","0,0,0"
34.71666666666667,13,AV,1,3,7,3,11,0,0,93,1645.9523587482854,0.1,-0.21040404040404043,"0.34400925925925924,0.25810052910052916,0.3669878048780488,0.1,0.93,0.0813248539278105,18.0","0,0,0"
26.9,115,AV,1,1,7,7,6,0,0,50,6254.49597505133,0.3,-0.489090909090909,"0.2623916666666667,0.2370871794871795,0.354204761904762,0.3,0.5,0.3090283682025544,13.0","0,0,0"
33.21666666666667,6,AV,1,3,5,1,1,0,0,85,2035.9911412414244,1.0,-2.0131313131313133,"0.3877956989247312,0.2688128205128205,0.34025000000000005,1.0,0.85,0.10059627867096521,6.0","0,0,0"
29.066666666666666,122,AV,2,3,1,2,5,0,0,22,491.8679742725259,0.3,-0.5284848484848484,"0.35433809523809523,0.25793169398907095,0.325655303030303,0.3,0.22,0.024302702898339818,5.0","0,0,0"
36.88333333333333,194,AV,1,2,4,3,3,0,0,99,2968.817229463249,0.2,-0.44707070707070706,"0.43241666666666667,0.2664393939393939,0.3403387096774194,0.2,0.99,0.1466862793696381,7.0","0,0,0"
55.2,235,AV,0,5,7,7,5,0,0,83,8436.938288223368,0.3,-1.0036363636363637,"0.36334684684684687,0.2572841530054644,0.36060317460317465,0.3,0.83,0.4168606522788469,10.0","0,0,0"
26.75,28,AV,1,2,6,7,2,0,0,53,7958.958807233507,0.3,-0.48636363636363633,"0.34142929292929286,0.25507179487179493,0.3580079365079365,0.3,0.53,0.3932441658930853,8.0","0,0,0"
25.716666666666665,32,AV,1,3,6,1,1,0,0,45,1148.2139867956057,0.3,-0.46757575757575753,"0.29387280701754387,0.23443915343915342,0.3676880341880342,0.3,0.45,0.05673210057248192,7.0","0,0,0"
24.166666666666668,82,AV,0,9,1,5,2,0,0,31,3630.005597296026,0.2,-0.292929292929293,"0.3849420289855072,0.2661142857142857,0.3765567375886525,0.2,0.31,0.17935493295913799,11.0","0,0,0"
22.6,18,AV,1,2,9,4,3,0,0,37,1496.328062426438,0.6,-0.8218181818181819,"0.36628985507246375,0.22552083333333336,0.34385135135135136,0.6,0.37,0.07393206763132296,12.0","0,0,0"
19.233333333333334,299,AV,1,2,4,3,7,0,0,27,16390.717038727882,1.0,-1.1656565656565656,"0.2947008547008548,0.251078431372549,0.32321717171717174,1.0,0.27,0.8098488767684134,11.0","0,0,0"
33.4,85,AV,2,3,1,5,0,0,0,47,3822.7735841463273,0.4,-0.8096969696969696,"0.3714895833333333,0.26024011299435024,0.3481282051282051,0.4,0.47,0.1888794056993337,5.0","0,0,0"
17.633333333333333,102,AV,0,8,8,4,4,0,0,21,1421.705549214182,0.1,-0.10686868686868688,"0.3784772727272727,0.2592785087719298,0.341578125,0.1,0.21,0.07024504415554754,12.0","0,0,0"
29.083333333333332,5,AV,1,1,4,3,1,0,0,63,3065.2253709468137,0.3,-0.5287878787878787,"0.2996576576576577,0.24845121951219515,0.33472789115646256,0.3,0.63,0.15144970887106365,5.0","0,0,0"
33.43333333333333,204,AV,1,3,5,1,1,0,0,90,938.3100494872764,0.1,-0.20262626262626263,"0.3651913580246914,0.2511875,0.36231018518518515,0.1,0.9,0.04636095772029518,6.0","0,0,0"
37.55,157,AV,1,2,5,1,0,0,0,100,20239.22920549412,0.2,-0.4551515151515151,"0.34043333333333337,0.24024875621890543,0.3515763888888889,0.2,1.0,1.0,5.0","0,0,0"
29.25,71,AV,0,6,4,9,10,0,0,41,1567.0706205360798,0.2,-0.35454545454545455,"0.30080729166666664,0.24205897435897433,0.3378632478632479,0.2,0.41,0.07742738641996724,16.0","0,0,0"
43.2,138,AV,0,9,1,0,3,0,0,60,3206.59631480788,0.2,-0.5236363636363637,"0.34689247311827953,0.2630144927536232,0.3703999999999999,0.2,0.6,0.15843470530673276,12.0","0,0,0"
22.95,29,AV,1,1,9,3,1,0,0,38,5984.209260784091,0.1,-0.1390909090909091,"0.3811274509803922,0.2889179894179894,0.37449999999999994,0.1,0.38,0.2956737729497932,10.0","0,0,0"
42.9,295,AV,2,0,3,3,6,0,0,94,727.2326469992182,0.5,-1.3,"0.35160752688172037,0.2579685534591195,0.37093023255813956,0.5,0.94,0.03593183513143892,6.0","0,0,0"
25.433333333333334,286,AV,1,1,6,0,1,0,0,50,1986.5043233563797,0.3,-0.4624242424242424,"0.3914722222222223,0.2622510822510823,0.33569658119658125,0.3,0.5,0.09815118467145603,7.0","0,0,0"
16.466666666666665,55,AV,1,2,4,3,1,0,0,15,1020.7360413649084,0.1,-0.09979797979797979,"0.26985483870967747,0.2333833333333333,0.3484007936507937,0.1,0.15,0.05043354324421705,5.0","0,0,0"
20.833333333333332,31,AV,0,6,5,1,1,0,0,26,5370.167679594476,0.2,-0.25252525252525254,"0.3952094017094017,0.23513218390804597,0.3380426356589147,0.2,0.26,0.26533459476493776,7.0","0,0,0"
8.783333333333333,49,AV,0,5,7,3,10,0,0,5,2612.3907844155665,0.1,-0.053232323232323235,"0.4012121212121212,0.2698559322033898,0.3720990990990991,0.1,0.05,0.12907560648141725,15.0","0,0,0"
29.116666666666667,109,AV,1,0,6,1,11,0,0,64,670.158540600369,0.2,-0.3529292929292929,"0.24206018518518518,0.21873015873015875,0.30244907407407406,0.2,0.64,0.033111860822172434,17.0","0,0,0"
30.0,120,AV,1,3,5,2,0,0,0,66,14505.369879802229,1.0,-1.8181818181818181,"0.36392187500000006,0.2697205882352941,0.35135416666666663,1.0,0.66,0.7166957660553899,5.0","0,0,0"
29.45,69,AV,2,3,1,0,6,0,0,31,5590.116807812239,0.1,-0.1784848484848485,"0.4563823529411765,0.30627864583333336,0.41270833333333334,0.1,0.31,0.27620206041714035,6.0","0,0,0"
39.45,181,AV,2,1,1,0,6,0,0,64,985.8695826897422,0.1,-0.23909090909090913,"0.3445297619047619,0.23805707762557085,0.3411068376068376,0.1,0.64,0.04871082651814225,6.0","0,0,0"
32.2,52,AV,1,3,5,1,1,0,0,76,4754.245589533712,0.3,-0.5854545454545454,"0.3014074074074074,0.23440740740740737,0.3236666666666666,0.3,0.76,0.234902502524312,6.0","0,0,0"
22.2,128,AV,2,2,3,5,5,0,0,0,4459.768546990965,0.4,-0.5381818181818182,"0.3979569892473118,0.2713101851851852,0.34234234234234245,0.4,0.0,0.22035268743240086,10.0","0,0,0"
16.683333333333334,223,AV,1,0,7,3,0,0,0,15,2382.718205806423,0.5,-0.5055555555555555,"0.3275133333333333,0.24591975308641975,0.3511323529411765,0.5,0.15,0.1177277149052501,7.0","0,0,0"
29.2,228,AV,0,5,2,9,7,0,0,40,4630.913868273173,0.2,-0.35393939393939394,"0.4122611111111112,0.2679848484848485,0.37718939393939394,0.2,0.4,0.2288088059705391,12.0","0,0,0"
31.15,201,AV,0,4,2,7,7,0,0,42,1141.5133047894662,0.6,-1.1327272727272726,"0.364375,0.2573022598870056,0.3645074074074074,0.6,0.42,0.0564010266003407,11.0","0,0,0"
29.566666666666666,167,AV,2,1,2,8,2,0,0,28,4237.057085974603,0.6,-1.0751515151515152,"0.2954652777777777,0.2503205128205128,0.33958771929824555,0.6,0.28,0.20934873768929974,10.0","0,0,0"
17.083333333333332,65,AV,1,1,7,7,3,0,0,17,3958.913906791885,0.6,-0.6212121212121211,"0.36536585365853663,0.24002459016393446,0.34767543859649125,0.6,0.17,0.19560596239095915,10.0","0,0,0"
51.8,114,AV,0,9,0,5,3,0,0,78,5912.288420941998,0.3,-0.9418181818181817,"0.42460256410256414,0.2531904761904762,0.32438257575757573,0.3,0.78,0.2921202364434439,12.0","0,0,0"
26.05,50,AV,2,2,1,5,7,0,0,6,4429.527615460413,0.6,-0.9472727272727273,"0.3691666666666667,0.26599264705882353,0.38817886178861793,0.6,0.06,0.2188585133596875,12.0","0,0,0"
11.683333333333334,38,AV,1,1,5,3,7,0,0,3,7099.697064525982,0.2,-0.1416161616161616,"0.4682239583333333,0.2944180790960451,0.38651709401709394,0.2,0.03,0.3507889056663633,12.0","0,0,0"
31.966666666666665,103,AV,1,3,9,0,4,0,0,76,2486.38103050259,0.4,-0.7749494949494949,"0.35617676767676765,0.2359718309859155,0.3433842592592592,0.4,0.76,0.12284959102235175,13.0","0,0,0"
32.28333333333333,17,AV,2,2,2,2,9,0,0,25,1317.647826688136,0.2,-0.3913131313131313,"0.3322864583333333,0.24823015873015877,0.3437481481481482,0.2,0.25,0.06510365653304864,9.0","0,0,0"
30.066666666666666,191,AV,2,3,2,0,15,0,0,16,1628.9397076974285,0.2,-0.36444444444444446,"0.3177395833333333,0.24892039800995025,0.34044715447154467,0.2,0.16,0.0804842759157665,15.0","0,0,0"
35.28333333333333,187,AV,1,2,4,3,2,0,0,93,658.4091024775607,0.2,-0.42767676767676766,"0.2526,0.21088524590163935,0.3146422764227642,0.2,0.93,0.032531332877974904,6.0","0,0,0"
12.433333333333334,3,AV,1,3,9,0,1,0,0,0,931.9887487728153,0.1,-0.07535353535353535,"0.3351363636363637,0.23026455026455028,0.3320416666666667,0.1,0.0,0.046048628596973375,10.0","0,0,0"
32.88333333333333,83,AV,2,0,2,1,6,0,0,41,1899.102970895097,0.6,-1.1957575757575758,"0.41660555555555545,0.24988624338624338,0.35887301587301595,0.6,0.41,0.0938327715750938,6.0","0,0,0"
49.95,214,AV,0,7,4,9,8,0,0,72,1573.7150367511856,0.2,-0.6054545454545455,"0.3772070707070707,0.2551851851851852,0.3736149425287356,0.2,0.72,0.07775568035585004,15.0","0,0,0"
12.05,188,AV,0,8,7,5,2,0,0,12,1338.7213376931895,0.4,-0.29212121212121217,"0.34350520833333337,0.25306981981981985,0.3584362745098039,0.4,0.12,0.06614487755935793,10.0","0,0,0"
10.5,232,AV,0,8,6,3,6,0,0,8,2108.868816674547,0.1,-0.06363636363636364,"0.32836458333333335,0.2502636815920398,0.3420055555555555,0.1,0.08,0.10419709146344741,14.0","0,0,0"
23.966666666666665,133,AV,2,3,3,5,1,0,0,6,1824.367004680513,0.6,-0.8715151515151514,"0.4072272727272727,0.27205555555555555,0.3777094017094017,0.6,0.06,0.09014014250035135,6.0","0,0,0"
38.86666666666667,123,AV,2,2,1,2,6,0,0,62,676.2529471816457,0.3,-0.7066666666666667,"0.31151666666666666,0.24696875000000001,0.3475324074074074,0.3,0.62,0.033412979334117666,6.0","0,0,0"
30.45,35,AV,1,2,6,6,2,0,0,73,1594.6992934726818,0.6,-1.1072727272727272,"0.36953431372549017,0.23946236559139789,0.35460606060606054,0.6,0.73,0.07879249141759738,8.0","0,0,0"
47.18333333333333,264,AV,2,3,1,0,10,0,0,95,3159.4556453821087,0.1,-0.2859595959595959,"0.31986231884057964,0.25265591397849463,0.33030000000000004,0.1,0.95,0.15610553214765938,10.0","0,0,0"
34.2,252,AV,2,2,1,1,12,0,0,24,7362.36439851089,1.0,-2.0727272727272728,"0.27803921568627454,0.22668579234972683,0.3167444444444445,1.0,0.24,0.36376703498729634,12.0","0,0,0"
13.866666666666667,126,AV,1,1,7,1,0,0,0,2,1405.7852601227096,0.2,-0.1680808080808081,"0.27103205128205127,0.22613227513227513,0.3262317073170732,0.2,0.02,0.0694584386514629,7.0","0,0,0"
34.583333333333336,147,AV,0,9,2,8,3,0,0,44,1167.011530479414,0.4,-0.8383838383838385,"0.27763675213675215,0.24276984126984127,0.30971929824561406,0.4,0.44,0.05766086833794136,12.0","0,0,0"
57.13333333333333,0,AV,0,8,9,9,11,0,0,85,914.1934345695068,1.0,-3.4626262626262627,"0.41678148148148153,0.2544435028248587,0.3621809523809524,1.0,0.85,0.04516937998416169,19.0","0,0,0"
15.1,155,AV,1,3,5,7,7,0,0,3,1862.7228332236152,0.6,-0.5490909090909091,"0.3575576923076923,0.27019791666666665,0.33931333333333336,0.6,0.03,0.09203526548916015,12.0","0,0,0"
37.11666666666667,202,AV,2,2,1,6,2,0,0,56,1365.417472605012,0.6,-1.3496969696969698,"0.297537037037037,0.21885858585858586,0.31144736842105264,0.6,0.56,0.06746390678921493,8.0","0,0,0"
30.2,268,AV,2,1,0,2,12,0,0,32,2010.868248891871,0.2,-0.3660606060606061,"0.28348666666666666,0.21815151515151515,0.33222569444444444,0.2,0.32,0.09935498177697413,12.0","0,0,0"
45.766666666666666,185,AV,2,1,2,6,1,0,0,92,548.7192496267361,0.1,-0.2773737373737374,"0.3057696078431372,0.2109,0.3160854700854701,0.1,0.92,0.02711166734935643,7.0","0,0,0"
18.433333333333334,145,AV,1,2,4,3,3,0,0,17,8028.27043643778,1.0,-1.1171717171717173,"0.27914035087719297,0.24015229885057474,0.30680894308943085,1.0,0.17,0.39666878392080435,7.0","0,0,0"
17.35,241,AV,1,2,4,3,6,0,0,19,4864.205776554158,0.3,-0.31545454545454543,"0.45739215686274504,0.26229444444444444,0.3609487179487179,0.3,0.19,0.24033552499290464,10.0","0,0,0"
36.88333333333333,296,AV,1,2,4,3,2,0,0,96,8333.728817076937,1.0,-2.235353535353535,"0.3044942528735632,0.2220773809523809,0.33465315315315314,1.0,0.96,0.4117611759055859,6.0","0,0,0"
5.25,163,AV,0,5,0,8,3,0,0,0,10450.70686878338,0.2,-0.06363636363636364,"0.3391277777777777,0.25638888888888883,0.3567801418439716,0.2,0.0,0.5163589365323479,8.0","0,0,0"
38.583333333333336,143,AV,1,3,5,7,15,0,0,95,2793.3389947689566,0.5,-1.1691919191919193,"0.288939393939394,0.24101333333333336,0.3475,0.5,0.95,0.13801607592895285,20.0","0,0,0"
65.51666666666667,93,AV,0,4,7,2,3,0,0,94,1929.5758599688188,0.3,-1.1912121212121212,"0.40498290598290604,0.2634428571428571,0.37249462365591407,0.3,0.94,0.09533840643718873,7.0","0,0,0"
25.216666666666665,97,AV,1,2,4,3,2,0,0,48,1717.0377309640771,0.3,-0.45848484848484844,"0.42511574074074077,0.2632661290322581,0.3876904761904762,0.3,0.48,0.0848371108173414,6.0","0,0,0"
20.816666666666666,92,AV,2,0,1,3,7,0,0,6,1117.0806745336297,0.2,-0.25232323232323234,"0.274260162601626,0.2293703703703704,0.34671052631578947,0.2,0.06,0.055193834863552414,7.0","0,0,0"
43.483333333333334,162,AV,2,3,0,1,5,0,0,70,616.3739675020589,0.5,-1.3176767676767678,"0.29926344086021506,0.23377948717948716,0.3294128787878787,0.5,0.7,0.030454419051430016,5.0","0,0,0"
33.75,88,AV,2,2,1,2,10,0,0,47,854.5785374972068,0.7,-1.4318181818181817,"0.491576923076923,0.280770202020202,0.3836929824561403,0.7,0.47,0.04222386775802824,10.0","0,0,0"
25.9,173,AV,2,1,2,9,0,0,0,18,7332.887514065835,0.6,-0.9418181818181817,"0.3740980392156863,0.2908672316384181,0.3447208333333333,0.6,0.18,0.3623106117141683,9.0","0,0,0"
32.3,178,AV,2,1,0,0,6,0,0,27,3783.636689084741,0.1,-0.19575757575757574,"0.3225375,0.23284139784946234,0.3290324074074074,0.1,0.27,0.18694569099783895,6.0","0,0,0"
33.31666666666667,240,AV,1,1,6,0,6,0,0,76,5004.1281918097375,0.2,-0.4038383838383839,"0.26984895833333333,0.232225641025641,0.3511176470588236,0.2,0.76,0.2472489510841313,12.0","0,0,0"
30.233333333333334,205,AV,1,3,5,6,2,0,0,61,1244.4027248274256,0.2,-0.3664646464646465,"0.4153921568627451,0.27970202020202023,0.3488416666666667,0.2,0.61,0.06148468956958209,7.0","0,0,0"
14.583333333333334,226,AV,1,3,8,1,0,0,0,4,3131.512437779759,0.5,-0.44191919191919193,"0.3389696969696969,0.24725956284153003,0.33988768115942025,0.5,0.04,0.15472488630790748,8.0","0,0,0"
32.3,107,AV,1,0,7,3,0,0,0,76,1997.7276787447236,0.2,-0.3915151515151515,"0.37726881720430105,0.25721596244131456,0.3530053763440861,0.2,0.76,0.09870571939579707,7.0","0,0,0"
32.8,43,AV,0,5,7,3,3,0,0,43,3022.892107624705,0.5,-0.9939393939393939,"0.3147809523809524,0.2371412037037037,0.3257575757575757,0.5,0.43,0.14935806482215805,8.0","0,0,0"
21.516666666666666,238,AV,1,3,7,3,0,0,0,28,4669.869929992837,0.4,-0.5216161616161615,"0.45170666666666676,0.2806138888888889,0.396527027027027,0.4,0.28,0.23073358587812023,7.0","0,0,0"
38.666666666666664,124,AV,2,3,1,0,7,0,0,63,6783.106781750961,0.1,-0.23434343434343435,"0.2734320987654321,0.2111238095238095,0.30907723577235774,0.1,0.63,0.33514649757064985,7.0","0,0,0"
26.533333333333335,259,AV,1,3,7,3,1,0,0,50,19040.472291926453,0.2,-0.3216161616161617,"0.40412068965517245,0.23527205882352945,0.34947674418604646,0.2,0.5,0.9407706241479663,8.0","0,0,0"
26.283333333333335,176,AV,2,2,3,6,0,0,0,16,2813.5576138103806,0.1,-0.15929292929292932,"0.34026190476190477,0.2665032051282051,0.33905,0.1,0.16,0.1390150576014335,6.0","0,0,0"
24.8,287,AV,1,1,6,3,0,0,0,48,583.3206434887895,0.1,-0.15030303030303033,"0.38836190476190474,0.27742328042328035,0.3789801587301587,0.1,0.48,0.028821287489073047,6.0","0,0,0"
