travel_time,id,kind,action,origin,destination,start_time,income,urgency,reward,observation,cost_table
42.7,109,AV,1,0,0,98,1659.6531244520008,0.3,-5.3687263950076085,"0.2023148148148148,0.2713589743589743,0.35975724637681156,0.3,0.98,0.07981669628967558","0,0,0"
31.783333333333335,84,AV,1,0,0,70,1444.5182772575097,0.2,-2.3187679753620127,"0.24381182795698922,0.3115290519877676,0.3724264705882353,0.2,0.7,0.06947034589460839","0,0,0"
42.55,174,AV,1,0,0,100,2758.442965787371,0.2,-5.927866070416799,"0.22054444444444446,0.2722347222222222,0.3516,0.2,1.0,0.13266013312591463","0,0,0"
18.216666666666665,6,AV,1,0,0,18,508.6019702527906,0.2,-0.4679309372780303,"0.16583333333333333,0.24133050847457624,0.3071347517730496,0.2,0.18,0.024459887668034006","0,0,0"
22.65,121,AV,1,0,0,41,1822.2981036688468,0.5,-5.211496470719618,"0.24514492753623185,0.2948008130081301,0.35676515151515154,0.5,0.41,0.08763868313616077","0,0,0"
37.15,235,AV,1,0,0,86,4381.240268036911,0.1,-4.110178685797254,"0.20040151515151514,0.2686556603773585,0.3517751937984495,0.1,0.86,0.2107043445969861","0,0,0"
27.0,131,AV,1,0,0,50,1975.501985353583,0.1,-1.3469331718319886,"0.22353333333333336,0.2754547803617571,0.35108695652173916,0.1,0.5,0.09500662497573499","0,0,0"
40.516666666666666,187,AV,1,0,0,93,2968.817229463249,0.4,-12.150159402062558,"0.21801075268817205,0.28600854700854694,0.35357936507936505,0.4,0.93,0.14277753565032827","0,0,0"
33.53333333333333,278,AV,1,0,0,74,7332.887514065835,0.9,-55.88549120568355,"0.23701190476190476,0.2909274193548387,0.3659561403508772,0.9,0.74,0.3526561345942708","0,0,0"
26.966666666666665,199,AV,1,0,0,50,3387.2787239910285,0.1,-2.30665697618581,"0.21750877192982457,0.26390677966101694,0.35726068376068376,0.1,0.5,0.16290235180953377","0,0,0"
28.366666666666667,99,AV,2,0,0,38,1581.4824060924602,0.1,-1.1328632387076463,"0.21462280701754388,0.2519467213114754,0.34065503875968994,0.1,0.38,0.0760572790993459","0,0,0"
31.133333333333333,149,AV,1,0,0,68,2193.4249838744518,0.8,-13.795683063560524,"0.23331333333333337,0.27126694915254246,0.3538222222222222,0.8,0.68,0.10548706425018813","0,0,0"
42.833333333333336,94,AV,2,0,0,85,1519.7273932229994,0.1,-1.6438128790332949,"0.22815972222222217,0.2901209439528023,0.34087735849056605,0.1,0.85,0.07308733252801383","0,0,0"
17.366666666666667,198,AV,1,0,0,24,3366.895459871004,0.1,-1.476559372552856,"0.2214083333333333,0.27568390804597703,0.3319649122807018,0.1,0.24,0.16192207178734694","0,0,0"
16.616666666666667,258,AV,1,0,0,27,5168.6614957092925,0.6,-13.013018967732735,"0.1971421568627451,0.24587850467289715,0.31652898550724634,0.6,0.27,0.24857331857425743","0,0,0"
13.466666666666667,74,AV,1,0,0,7,1301.8927857652438,0.5,-2.2136560835402292,"0.24805000000000008,0.30312704918032785,0.37846376811594207,0.5,0.07,0.06261114419162438","0,0,0"
36.86666666666667,178,AV,2,0,0,74,2835.850686157305,0.2,-5.280220301161582,"0.206358024691358,0.27316391184573,0.34251984126984136,0.2,0.74,0.13638285591431848","0,0,0"
14.0,202,AV,1,0,0,3,3458.1247672483346,0.7,-8.557985535109514,"0.2318194444444444,0.23664485981308414,0.33184420289855077,0.7,0.03,0.16630950781983606","0,0,0"
15.883333333333333,76,AV,1,0,0,20,1317.647826688136,0.2,-1.0570020023853484,"0.23310493827160492,0.27408181818181826,0.34662015503875976,0.2,0.2,0.06336884186823323","0,0,0"
25.8,157,AV,2,0,0,8,2302.618320259251,0.4,-6.0007628952210785,"0.17132539682539683,0.22612462462462457,0.3055303030303031,0.4,0.08,0.11073843349034766","0,0,0"
10.0,41,AV,0,0,0,28,912.6272274022258,0.1,-0.7304614210611682,"0.19569444444444448,0.2884954954954955,0.33674113475177314,0.1,0.28,0.04389043057374056","0,0,0"
38.416666666666664,30,AV,1,0,0,90,827.3783452591958,0.3,-2.4079634922000586,"0.17450757575757575,0.253977207977208,0.3259552845528455,0.3,0.9,0.03979060752349248","0,0,0"
18.85,136,AV,1,0,0,30,2043.1688306873104,0.2,-1.9451380029523135,"0.20736021505376345,0.24201557632398754,0.33332624113475184,0.2,0.3,0.09826088573860729","0,0,0"
26.483333333333334,169,AV,1,0,0,52,2612.3907844155665,0.3,-5.241273934894362,"0.22643181818181823,0.27463055555555554,0.35087500000000005,0.3,0.52,0.12563613369419777","0,0,0"
15.333333333333334,184,AV,1,0,0,16,2909.8477340427667,0.4,-4.506834874274992,"0.2255,0.2742070707070707,0.32776587301587307,0.4,0.16,0.13994155128890565","0,0,0"
27.983333333333334,216,AV,1,0,0,58,3758.845856207275,0.1,-2.656187791486539,"0.20007575757575755,0.25823924731182807,0.3252803030303031,0.1,0.58,0.18077190569786353","0,0,0"
26.6,91,AV,2,0,0,34,1475.2077210572677,0.3,-2.9727670742517667,"0.18967948717948718,0.2710862068965518,0.32295348837209303,0.3,0.34,0.07094627479744654","0,0,0"
19.333333333333332,226,AV,1,0,0,32,4015.909421979459,1.0,-19.606291790808804,"0.1744027777777778,0.24719420289855076,0.3292679738562092,1.0,0.32,0.19313470865595408","0,0,0"
27.583333333333332,15,AV,1,0,0,57,616.3739675020589,0.1,-0.4293345606969308,"0.1998866666666667,0.2708450520833333,0.35510360360360366,0.1,0.57,0.02964290130277584","0,0,0"
11.9,154,AV,0,0,0,32,2260.56382504795,0.2,-1.8586216928318489,"0.21802272727272728,0.26088011695906427,0.33719696969696966,0.2,0.32,0.10871593202757703","0,0,0"
16.016666666666666,151,AV,1,0,0,9,2215.952556227922,0.1,-0.896267006117438,"0.24902173913043474,0.26120386904761905,0.33692121212121207,0.1,0.09,0.10657046919438351","0,0,0"
28.933333333333334,119,AV,1,0,0,63,1805.1606101798543,0.1,-1.3189220619832607,"0.21844117647058822,0.2661711711711712,0.32194583333333326,0.1,0.63,0.08681450000245393","0,0,0"
38.46666666666667,132,AV,1,0,0,90,1993.780724220221,0.1,-1.9367196597223357,"0.2741180555555556,0.28890536723163834,0.35146527777777775,0.1,0.9,0.09588569333476842","0,0,0"
21.883333333333333,66,AV,0,0,0,60,1194.3606142611325,0.2,-1.8200298708121776,"0.24415909090909085,0.2798577586206897,0.3736666666666666,0.2,0.6,0.05743966435173499","0,0,0"
34.416666666666664,13,AV,2,0,0,66,610.4868582393152,0.4,-2.122315424687182,"0.22444871794871799,0.2689859943977591,0.32813749999999997,0.4,0.66,0.029359776109248604","0,0,0"
25.166666666666668,122,AV,0,0,0,72,1824.367004680513,0.1,-1.6594251586984743,"0.19761666666666666,0.22525954198473286,0.31378148148148155,0.1,0.72,0.08773818154415255","0,0,0"
34.28333333333333,225,AV,1,0,0,76,3942.222625638348,0.3,-10.23882820825515,"0.20304347826086958,0.2680641025641026,0.3459583333333333,0.3,0.76,0.18959093402168548","0,0,0"
28.833333333333332,110,AV,0,0,0,84,1684.196745492046,0.2,-2.9525760687720872,"0.17515079365079367,0.25824024024024017,0.35011111111111104,0.2,0.84,0.08099705784688291","0,0,0"
38.71666666666667,293,AV,1,0,0,88,13430.196447392702,0.1,-13.130617149534196,"0.18479885057471265,0.25117768595041323,0.3599833333333333,0.1,0.88,0.6458903340456582","0,0,0"
37.93333333333333,125,AV,2,0,0,55,1885.557658153182,0.1,-1.8061991708571725,"0.21621153846153846,0.24255555555555555,0.3350726495726495,0.1,0.55,0.09068098671954573","0,0,0"
40.0,96,AV,1,0,0,94,1546.5147326922538,0.5,-7.810680468142696,"0.22376785714285713,0.28712365591397854,0.3837500000000001,0.5,0.94,0.07437559988179109","0,0,0"
39.7,259,AV,1,0,0,92,5304.212874057136,0.3,-15.952822053035476,"0.18173456790123457,0.24268834688346883,0.3298291666666667,0.3,0.92,0.25509230922226356","0,0,0"
23.566666666666666,231,AV,1,0,0,43,4223.122456076251,0.1,-2.5132555357288804,"0.19781159420289857,0.27146418732782374,0.343195652173913,0.1,0.43,0.20310008007368746","0,0,0"
36.25,179,AV,1,0,0,79,2838.632091159661,0.2,-5.196990570936248,"0.19268749999999998,0.27944619422572176,0.3388931623931624,0.2,0.79,0.13651662034681394","0,0,0"
28.733333333333334,72,AV,0,0,0,82,1291.2118623687816,0.1,-1.436889415287786,"0.19932716049382715,0.26481286549707606,0.34627350427350445,0.1,0.82,0.062097472987522495","0,0,0"
33.18333333333333,159,AV,1,0,0,72,2397.5381966938494,0.3,-6.027144633355371,"0.18484615384615385,0.24557142857142858,0.3541736111111112,0.3,0.72,0.11530335783364105","0,0,0"
35.05,114,AV,1,0,0,82,1778.835052690156,0.9,-14.170038317452263,"0.19496111111111109,0.23876086956521742,0.32721111111111106,0.9,0.82,0.08554844085078303","0,0,0"
33.81666666666667,14,AV,2,0,0,56,615.3970356119416,0.2,-1.0510442636840316,"0.23462,0.2670400516795866,0.34754166666666664,0.2,0.56,0.029595918306859183","0,0,0"
18.516666666666666,40,AV,0,0,0,55,902.2448599555772,0.2,-1.343766026439938,"0.20078947368421057,0.2336073717948718,0.34524269005847946,0.2,0.55,0.04339111764078622","0,0,0"
42.083333333333336,223,AV,1,0,0,100,3919.41152379869,1.0,-41.651995360234395,"0.22128333333333333,0.23972598870056502,0.3110096153846154,1.0,1.0,0.18849389346499082","0,0,0"
44.35,1,AV,2,0,0,84,419.7646265090227,0.6,-2.8206910887386605,"0.20136842105263159,0.262108,0.3379573643410852,0.6,0.84,0.02018748689927752","0,0,0"
43.65,240,AV,2,0,0,82,4572.8741748457805,1.0,-50.40554488182281,"0.19826190476190475,0.22153422619047614,0.3008605442176871,1.0,0.82,0.21992047844641197","0,0,0"
32.56666666666667,28,AV,1,0,0,71,813.126641713825,0.2,-1.3374153686101133,"0.1757933333333333,0.24496165191740413,0.3289583333333333,0.2,0.71,0.03910520894427614","0,0,0"
31.166666666666668,51,AV,1,0,0,69,968.7072844723906,0.2,-1.524817021854689,"0.2245208333333334,0.27134757834757833,0.3509285714285715,0.2,0.69,0.04658745492005087","0,0,0"
31.083333333333332,145,AV,1,0,0,68,2123.4400354784907,0.1,-1.6667574352556338,"0.1994126984126984,0.2791034946236559,0.3370674603174604,0.1,0.68,0.1021213203554731","0,0,0"
19.45,35,AV,1,0,0,30,859.2772315809713,0.1,-0.42204399379418917,"0.234875,0.27331510416666666,0.37308119658119665,0.1,0.3,0.041324701415771756","0,0,0"
34.5,247,AV,1,0,0,79,4818.617258984985,0.1,-4.198037763509647,"0.2526954022988505,0.2927236842105263,0.3505921985815603,0.1,0.79,0.23173885231203734","0,0,0"
26.983333333333334,155,AV,0,0,0,80,2276.662146114732,1.0,-16.013114539392895,"0.1834561403508772,0.2590846774193548,0.34079279279279284,1.0,0.8,0.1094901388690128","0,0,0"
18.35,17,AV,1,0,0,28,632.5893922142865,0.1,-0.29313170068515554,"0.21179545454545448,0.269976,0.3511991869918698,0.1,0.28,0.030422739939172414","0,0,0"
18.583333333333332,25,AV,0,0,0,56,753.7709081553346,0.7,-2.9760866743065604,"0.19916,0.27264754098360655,0.3730658914728683,0.7,0.56,0.036250649465136044","0,0,0"
20.166666666666668,210,AV,1,0,0,31,3628.2404526711953,0.3,-5.543145136025438,"0.2472440476190476,0.26961818181818187,0.3563782051282051,0.3,0.31,0.17449077883210845","0,0,0"
23.5,105,AV,2,0,0,0,1597.8734280578535,0.2,-1.896465937341392,"0.2363611111111111,0.3196124661246612,0.39028749999999995,0.2,0.0,0.07684556262848466","0,0,0"
32.06666666666667,38,AV,2,0,0,52,877.2934597877683,0.4,-2.841603731703142,"0.20971527777777776,0.26630423280423277,0.35852916666666673,0.4,0.52,0.04219114500803879","0,0,0"
18.416666666666668,59,AV,1,0,0,30,1040.734547163155,0.3,-1.4520349426960684,"0.21925000000000006,0.2723672839506173,0.3689469696969697,0.3,0.3,0.05005141860382586","0,0,0"
21.65,173,AV,2,0,0,12,2750.2432356670683,0.1,-1.5036052033381824,"0.20858333333333337,0.25243611111111114,0.35155333333333333,0.1,0.12,0.13226578845290615","0,0,0"
28.683333333333334,200,AV,1,0,0,61,3414.9419898187493,0.4,-9.894133273532102,"0.19212179487179487,0.251922514619883,0.3460466666666666,0.4,0.61,0.1642327445611401","0,0,0"
21.883333333333333,98,AV,0,0,0,63,1579.1767070066765,0.6,-5.736007616918601,"0.17353921568627453,0.23461111111111113,0.30659375,0.6,0.63,0.0759463925044581","0,0,0"
15.583333333333334,224,AV,1,0,0,15,3933.772930850901,0.5,-7.740062479683486,"0.21472916666666675,0.27231627296587924,0.3190531914893618,0.5,0.15,0.1891845679487672","0,0,0"
19.433333333333334,153,AV,1,0,0,34,2225.3307045190536,0.1,-1.0920604383287948,"0.2276041666666667,0.26286282051282056,0.33168939393939384,0.1,0.34,0.10702148682143131","0,0,0"
21.216666666666665,291,AV,1,0,0,38,11185.875164713363,0.1,-5.993105675370416,"0.23056140350877197,0.2757871148459384,0.3512517730496454,0.1,0.38,0.5379555448075637","0,0,0"
14.133333333333333,246,AV,1,0,0,5,4735.166802079286,0.9,-15.209929727891039,"0.22032291666666665,0.27258585858585865,0.35534615384615387,0.9,0.05,0.22772551984156938","0,0,0"
41.81666666666667,97,AV,1,0,0,99,1567.0706205360798,0.1,-1.6547896409617107,"0.19817948717948716,0.23100546448087428,0.3246452991452991,0.1,0.99,0.07536418179256658","0,0,0"
23.75,142,AV,1,0,0,38,2105.6010448069283,0.1,-1.2628289094485996,"0.1746923076923077,0.276736111111111,0.34560227272727273,0.1,0.38,0.10126340054104405","0,0,0"
24.983333333333334,266,AV,1,0,0,43,5557.427333357366,0.6,-21.036827203794672,"0.2132115384615384,0.28205607476635514,0.3577700000000001,0.6,0.43,0.26726999942532587","0,0,0"
12.0,137,AV,1,0,0,2,2044.1603053436156,0.8,-4.955540134166341,"0.18785507246376812,0.23230729166666664,0.3075689655172414,0.8,0.02,0.09830856813100321","0,0,0"
35.56666666666667,255,AV,2,0,0,58,5003.647877951615,0.5,-22.470085377838274,"0.2245059523809524,0.2600539215686275,0.3256466666666666,0.5,0.58,0.24063741822365012","0,0,0"
43.31666666666667,195,AV,2,0,0,93,3274.575105225111,0.2,-7.163822136767732,"0.19077083333333333,0.24912467191601054,0.32247058823529423,0.2,0.93,0.15748216467690215","0,0,0"
31.683333333333334,42,AV,2,0,0,35,923.9636394510808,0.2,-1.4784973725559802,"0.22899275362318844,0.27419907407407407,0.3775121951219512,0.2,0.35,0.04443562579808411","0,0,0"
14.166666666666666,93,AV,1,0,0,6,1517.942512651984,0.4,-2.172139959182132,"0.21184166666666662,0.2633811475409835,0.3250119047619048,0.4,0.06,0.07300149334369807","0,0,0"
40.63333333333333,124,AV,1,0,0,95,1880.1756700095973,0.7,-13.504662451339977,"0.18925925925925932,0.2717323232323232,0.3293125000000001,0.7,0.95,0.0904221540112152","0,0,0"
12.733333333333333,2,AV,1,0,0,4,449.0833195935783,0.1,-0.1444022121925479,"0.18339999999999995,0.2566111111111111,0.32164102564102565,0.1,0.04,0.021597493115072083","0,0,0"
21.6,253,AV,2,0,0,25,4951.479839002994,0.4,-10.803228739642897,"0.2093456790123457,0.2591076696165192,0.34602,0.4,0.25,0.23812853220437127","0,0,0"
33.38333333333333,148,AV,1,0,0,68,2187.718469250836,0.1,-1.844276133800263,"0.22742708333333334,0.2559985875706215,0.3471630434782608,0.1,0.68,0.10521262428567076","0,0,0"
15.7,296,AV,1,0,0,9,14312.770160915026,0.3,-17.023522085330747,"0.20829710144927538,0.26849576271186437,0.3270612244897959,0.3,0.09,0.6883354191104801","0,0,0"
20.4,283,AV,1,0,0,31,8436.938288223368,0.1,-4.346301542418098,"0.2361066666666666,0.2782787610619469,0.3465865384615385,0.1,0.31,0.4057525822983113","0,0,0"
16.6,87,AV,0,0,0,53,1460.106853854364,0.2,-1.7241299885849721,"0.25543333333333335,0.2914480122324159,0.3475471698113208,0.2,0.53,0.07022003790282866","0,0,0"
11.516666666666667,172,AV,1,0,0,5,2747.619709803412,0.3,-2.3972288124673713,"0.13791025641025642,0.24313281250000002,0.3246626984126984,0.3,0.05,0.13213961680656489","0,0,0"
34.333333333333336,233,AV,2,0,0,48,4266.216809230351,0.2,-7.39764867593815,"0.24457638888888883,0.2793569444444444,0.35979710144927546,0.2,0.48,0.20517259079705716","0,0,0"
19.483333333333334,113,AV,1,0,0,30,1717.0377309640771,0.1,-0.8447883449061475,"0.2057280701754386,0.2603497023809524,0.33881632653061217,0.1,0.3,0.08257645954513855","0,0,0"
30.333333333333332,262,AV,1,0,0,64,5394.467136051333,0.2,-8.2642509996746,"0.2243174603174603,0.24268021680216798,0.31384523809523807,0.2,0.64,0.2594328529854781","0,0,0"
27.933333333333334,90,AV,1,0,0,55,1474.807688008607,0.3,-3.12093142058387,"0.20060144927536228,0.28994537815126054,0.3518769841269841,0.3,0.55,0.07092703624941481","0,0,0"
13.9,130,AV,1,0,0,14,1945.516475481125,0.1,-0.6828959345754454,"0.17158771929824565,0.2538133903133903,0.3390326797385621,0.1,0.14,0.09356454994251304","0,0,0"
28.316666666666666,49,AV,2,0,0,40,950.4213588862824,0.3,-2.0388458191260024,"0.24833333333333332,0.28032870370370366,0.3576631944444444,0.3,0.4,0.04570804093445438","0,0,0"
35.71666666666667,205,AV,2,0,0,66,3487.44186130441,0.2,-6.290898913110564,"0.17123529411764707,0.264254593175853,0.3372391304347827,0.2,0.66,0.16771943713451876","0,0,0"
24.3,133,AV,2,0,0,10,2011.9739719035176,0.1,-1.2346203918498857,"0.20867361111111113,0.2618132183908046,0.3311866666666666,0.1,0.1,0.09676065021790628","0,0,0"
34.8,250,AV,2,0,0,49,4889.272753955773,0.1,-4.296633632264164,"0.24868749999999995,0.2748606060606061,0.36646739130434774,0.1,0.49,0.2351368443985718","0,0,0"
28.116666666666667,243,AV,1,0,0,57,4662.282088415262,0.2,-6.620597544744568,"0.1742391304347826,0.2519593495934959,0.3179166666666666,0.2,0.57,0.2242203192855181","0,0,0"
36.85,138,AV,2,0,0,48,2052.607856914241,0.2,-3.8201312892570605,"0.1659333333333333,0.2293271604938272,0.32550320512820513,0.2,0.48,0.09871483113148809","0,0,0"
34.6,71,AV,2,0,0,49,1275.9312017726234,0.1,-1.1148287773063832,"0.21987179487179487,0.27058823529411763,0.3372233333333334,0.1,0.49,0.06136258939772906","0,0,0"
35.416666666666664,248,AV,1,0,0,83,4843.3187157075145,0.3,-12.995015493533415,"0.17779761904761904,0.2210541666666667,0.3139115646258503,0.3,0.83,0.2329268045654853","0,0,0"
27.833333333333332,58,AV,1,0,0,50,1022.032321197676,0.5,-3.591738165825166,"0.2523409090909091,0.28798245614035084,0.36883333333333335,0.5,0.5,0.049151983735277405","0,0,0"
40.38333333333333,33,AV,1,0,0,95,854.5785374972068,0.3,-2.6144492378228943,"0.17824637681159422,0.2632086614173229,0.3331750000000001,0.3,0.95,0.04109872995636468","0,0,0"
29.6,107,AV,1,0,0,62,1626.914224999384,0.3,-3.648231898483467,"0.23965277777777774,0.3062929292929294,0.36767647058823527,0.3,0.62,0.07824220415275356","0,0,0"
38.46666666666667,61,AV,1,0,0,92,1074.3823512953045,1.0,-10.43634034844092,"0.18126111111111112,0.24840028490028496,0.3385284552845529,1.0,0.92,0.0516696221450731","0,0,0"
38.45,0,AV,1,0,0,86,388.2787303527966,0.2,-0.7540059182861126,"0.24557291666666664,0.2770826446280992,0.3422517730496454,0.2,0.86,0.01867325469383425","0,0,0"
24.666666666666668,143,AV,1,0,0,48,2108.868816674547,0.3,-3.9408154655029413,"0.2191825396825397,0.2717538940809969,0.3438333333333334,0.3,0.48,0.10142055552171977","0,0,0"
42.6,19,AV,2,0,0,61,640.5426603936758,0.3,-2.0672058585432262,"0.22600757575757577,0.2732586206896551,0.3594393939393939,0.3,0.61,0.03080523166677017","0,0,0"
26.7,65,AV,1,0,0,44,1150.4391077840953,0.1,-0.7756748529756402,"0.25665217391304357,0.2848121468926553,0.3625833333333333,0.1,0.44,0.05532737384270454","0,0,0"
10.15,150,AV,0,0,0,29,2198.5025098873134,0.1,-1.063505062508996,"0.22912068965517243,0.2997669491525424,0.3594844961240311,0.1,0.29,0.10573125464497639","0,0,0"
15.116666666666667,282,AV,1,0,0,11,8348.421721831439,0.1,-3.186876473779931,"0.24915333333333337,0.2825474254742547,0.38260714285714287,0.1,0.11,0.4014956084811817","0,0,0"
41.53333333333333,83,AV,1,0,0,97,1434.2863071033526,0.1,-1.5043103860696778,"0.18545402298850572,0.2536516393442623,0.32291880341880336,0.1,0.97,0.06897826592789302","0,0,0"
34.266666666666666,214,AV,2,0,0,43,3724.6301341612702,0.2,-6.445992892117485,"0.21181410256410257,0.2716966966966966,0.3722054263565892,0.2,0.43,0.17912638962306346","0,0,0"
34.3,10,AV,2,0,0,53,583.3206434887895,0.3,-1.5157498539140513,"0.18087037037037038,0.25305603448275865,0.32192592592592595,0.3,0.53,0.028053287735180215","0,0,0"
29.333333333333332,20,AV,2,0,0,25,646.5589615252754,0.4,-1.9157302563711864,"0.21444444444444444,0.24319298245614032,0.3324421768707483,0.4,0.25,0.031094570006892704","0,0,0"
41.016666666666666,12,AV,1,0,0,98,597.1498506777683,0.1,-0.618512534729793,"0.15292948717948715,0.22589912280701757,0.31524814814814817,0.1,0.98,0.02871836745206032","0,0,0"
15.366666666666667,75,AV,1,0,0,19,1310.9401185904849,0.1,-0.5087065611702134,"0.20606349206349212,0.26005925925925927,0.329828431372549,0.1,0.19,0.06304625211008313","0,0,0"
26.383333333333333,152,AV,1,0,0,48,2218.0502812558643,0.2,-2.9555333293165265,"0.20803333333333335,0.2722782258064516,0.35460869565217384,0.2,0.48,0.10667135381839783","0,0,0"
32.18333333333333,251,AV,1,0,0,70,4934.883137056144,0.1,-4.010631034366757,"0.17376190476190476,0.24056,0.3312723577235772,0.1,0.7,0.23733035703199037","0,0,0"
22.2,289,AV,1,0,0,40,10838.007207066395,0.9,-54.68267272656227,"0.211575,0.29358333333333336,0.36184583333333337,0.9,0.4,0.5212257410218565","0,0,0"
36.53333333333333,241,AV,1,0,0,87,4617.1597275219765,0.1,-4.259601903505123,"0.18549242424242426,0.24899999999999994,0.334468085106383,0.1,0.87,0.2220502768096353","0,0,0"
31.833333333333332,103,AV,1,0,0,68,1594.6992934726818,1.0,-12.81934196352198,"0.22446666666666665,0.27377623456790123,0.3310964912280701,1.0,0.68,0.07669291088913349","0,0,0"
38.916666666666664,55,AV,2,0,0,71,1014.5614647146556,0.4,-3.988217205570238,"0.22715873015873014,0.2668402777777778,0.3467478632478633,0.4,0.71,0.04879269234230884","0,0,0"
20.9,158,AV,1,0,0,38,2352.9451803313505,0.1,-1.241832178508213,"0.22011333333333333,0.2930677506775068,0.3523690476190476,0.1,0.38,0.11315877280487406","0,0,0"
24.2,275,AV,1,0,0,40,7081.334819999852,0.1,-4.3274823899999095,"0.24965591397849457,0.2986315789473684,0.3815925925925926,0.1,0.4,0.34055836266392014","0,0,0"
19.75,77,AV,1,0,0,33,1323.5149786113286,0.1,-0.6600863845346904,"0.20983333333333332,0.26292400000000005,0.339563492063492,0.1,0.33,0.06365100726547157","0,0,0"
26.166666666666668,272,AV,1,0,0,51,5985.732437913218,0.3,-11.865656474146151,"0.23639999999999997,0.265896174863388,0.3761447368421053,0.3,0.51,0.2878682183820371","0,0,0"
16.0,88,AV,1,0,0,20,1460.8215047913693,0.2,-1.180461822053632,"0.21081746031746032,0.26689305555555554,0.3579489795918367,0.2,0.2,0.07025440717912602","0,0,0"
11.8,45,AV,0,0,0,35,943.1907669438916,0.3,-1.3431553825710547,"0.22797701149425287,0.31149858757062143,0.36753488372093024,0.3,0.35,0.04536030443906415","0,0,0"
30.166666666666668,80,AV,2,0,0,40,1391.0507319816634,0.1,-1.0596809027301393,"0.2421491228070175,0.2673108465608465,0.36117407407407404,0.1,0.4,0.06689896350164852","0,0,0"
28.083333333333332,160,AV,1,0,0,52,2401.1770329784995,0.2,-3.405709848963613,"0.20044117647058823,0.2646951219512195,0.3369027777777777,0.2,0.52,0.11547835819142706","0,0,0"
30.266666666666666,197,AV,1,0,0,66,3361.758609282253,0.6,-15.41654958196104,"0.18322,0.26788734567901246,0.33543333333333336,0.6,0.66,0.16167502833152653","0,0,0"
16.783333333333335,123,AV,0,0,0,53,1830.3424648913517,0.3,-2.8272157350323117,"0.19523888888888888,0.2791210826210826,0.33986046511627904,0.3,0.53,0.08802555574651609","0,0,0"
20.933333333333334,167,AV,1,0,0,37,2496.2043409386315,0.1,-1.3195423620450006,"0.25464393939393937,0.3014755747126437,0.3593888888888889,0.1,0.37,0.1200484491742544","0,0,0"
29.7,106,AV,1,0,0,64,1614.9493849180149,0.7,-8.478484270819578,"0.20703508771929827,0.2374053672316384,0.3200070921985816,0.7,0.64,0.07766678631823196","0,0,0"
19.933333333333334,196,AV,1,0,0,35,3278.222126324269,1.0,-16.501488480992535,"0.25420000000000004,0.2934634502923976,0.3496372549019607,1.0,0.35,0.1576575586620336","0,0,0"
23.55,192,AV,2,0,0,22,3230.862018062417,0.8,-15.371070813206044,"0.20249275362318842,0.2561805555555556,0.3285378787878788,0.8,0.22,0.15537989755219744","0,0,0"
28.65,156,AV,1,0,0,60,2293.603195459698,1.0,-16.59387160351524,"0.2271842105263158,0.2745734463276836,0.35189937106918234,1.0,0.6,0.11030487453303418","0,0,0"
28.566666666666666,22,AV,1,0,0,57,736.5379020629116,0.8,-4.250592471837813,"0.20368055555555553,0.24258862433862435,0.33149099099099094,0.8,0.57,0.03542187290142414","0,0,0"
37.916666666666664,126,AV,2,0,0,71,1899.102970895097,0.1,-1.8183751089168123,"0.20169333333333334,0.2847325268817204,0.35322072072072075,0.1,0.71,0.09133241327208338","0,0,0"
20.766666666666666,164,AV,1,0,0,36,2436.431929205765,0.6,-7.666146928763592,"0.16436507936507938,0.24849415204678357,0.3284746376811594,0.6,0.36,0.11717385064309511","0,0,0"
32.583333333333336,176,AV,1,0,0,72,2793.3389947689566,0.5,-11.491956512570098,"0.2323944444444444,0.2717131147540984,0.3325087719298246,0.5,0.72,0.1343383667916745","0,0,0"
17.3,116,AV,1,0,0,27,1794.439334206041,1.0,-7.839343556001139,"0.21609722222222222,0.2502663817663818,0.3447551020408163,1.0,0.27,0.08629888814619799","0,0,0"
40.13333333333333,168,AV,1,0,0,95,2520.757475212996,0.1,-2.5547070708387603,"0.26824000000000003,0.3116859504132232,0.3987575757575758,0.1,0.95,0.12122926824569963","0,0,0"
35.93333333333333,227,AV,1,0,0,83,4021.28082322038,0.1,-3.6489400062555295,"0.22767592592592595,0.2952449275362319,0.35368939393939397,0.1,0.83,0.1933930322147629","0,0,0"
31.266666666666666,92,AV,2,0,0,34,1507.5005543882637,0.1,-1.1902655892392182,"0.2351083333333333,0.25842878787878787,0.34345512820512825,0.1,0.34,0.07249931454553503","0,0,0"
32.11666666666667,43,AV,0,0,0,97,926.7012599248138,0.5,-4.257898417245615,"0.23091228070175437,0.2828573333333333,0.35285507246376807,0.5,0.97,0.04456728452766382","0,0,0"
37.56666666666667,244,AV,1,0,0,82,4705.31956239884,0.6,-26.78229872133078,"0.18176000000000003,0.24227728613569322,0.3257899999999999,0.6,0.82,0.2262900945532605","0,0,0"
35.96666666666667,242,AV,1,0,0,83,4656.548587392589,0.7,-29.60514434391938,"0.16002631578947368,0.2562355889724311,0.3445263157894736,0.7,0.83,0.22394458148039434","0,0,0"
13.233333333333333,89,AV,1,0,0,3,1467.6871321740252,0.4,-1.9618578837477711,"0.2375172413793104,0.2947898550724638,0.36175,0.4,0.03,0.07058459165416232","0,0,0"
21.75,100,AV,1,0,0,39,1587.6148581174584,0.1,-0.8719854334357252,"0.20307843137254905,0.29131451612903225,0.3538504273504274,0.1,0.39,0.07635220341429991","0,0,0"
31.433333333333334,237,AV,2,0,0,44,4429.527615460413,0.3,-10.548092276210022,"0.22210215053763438,0.292866391184573,0.3516842105263157,0.3,0.44,0.21302659886033296","0,0,0"
41.95,26,AV,1,0,0,96,776.0711537761008,0.2,-1.6442517626720925,"0.20268333333333335,0.26349038461538465,0.35526530612244905,0.2,0.96,0.03732312172194307","0,0,0"
15.766666666666667,213,AV,1,0,0,20,3667.3634505223554,0.1,-1.4601539664116785,"0.21420289855072464,0.29814181286549707,0.37257861635220124,0.1,0.2,0.1763722975611855","0,0,0"
34.93333333333333,268,AV,1,0,0,78,5578.433439706214,0.3,-14.763126880838666,"0.1803070175438596,0.2571003086419753,0.3488936170212766,0.3,0.78,0.2682802334230043","0,0,0"
13.716666666666667,46,AV,0,0,0,41,946.1123250925148,0.6,-2.4662889988665144,"0.2368583333333333,0.2710839895013123,0.3512829457364341,0.6,0.41,0.04550080917225548","0,0,0"
29.116666666666667,297,AV,1,0,0,63,17322.90883950548,0.2,-25.47400820085528,"0.20352469135802465,0.23164848484848485,0.3244842767295597,0.2,0.63,0.833100202280572","0,0,0"
31.883333333333333,270,AV,1,0,0,68,5862.871835726062,0.2,-9.440802880255855,"0.24694999999999998,0.27746521739130436,0.3505740740740741,0.2,0.68,0.2819595575743898","0,0,0"
25.783333333333335,85,AV,1,0,0,49,1446.9812594843625,0.3,-2.8263636469978644,"0.18125694444444446,0.24555555555555553,0.3210315315315316,0.3,0.49,0.06958879661269593","0,0,0"
32.416666666666664,298,AV,1,0,0,70,18628.94525544202,0.2,-30.49940953016391,"0.18763580246913578,0.25650550964187335,0.3196421568627451,0.2,0.7,0.8959106235777834","0,0,0"
13.65,62,AV,1,0,0,10,1117.0806745336297,0.3,-1.155162970256367,"0.1955909090909091,0.27484834834834837,0.3568596491228071,0.3,0.1,0.05372308684066549","0,0,0"
18.55,5,AV,1,0,0,29,477.1303205766694,0.6,-1.3410253707116997,"0.24042753623188406,0.26767460317460323,0.3353947368421053,0.6,0.29,0.022946340609962184","0,0,0"
15.883333333333333,18,AV,1,0,0,16,636.6552097563458,0.2,-0.5107175209577421,"0.21395614035087718,0.2726151515151515,0.3493497267759563,0.2,0.16,0.030618274848933116","0,0,0"
40.0,190,AV,1,0,0,93,3031.4508351358254,0.1,-3.062071550642248,"0.2204833333333333,0.2537297297297297,0.32794252873563223,0.1,0.93,0.14578973585520302","0,0,0"
41.266666666666666,292,AV,1,0,0,98,11662.42845360034,0.8,-97.22617121587355,"0.20754545454545453,0.2704968847352025,0.3420481481481481,0.8,0.98,0.5608741345806508","0,0,0"
31.1,79,AV,1,0,0,66,1386.7650627050614,0.4,-4.356403378800748,"0.21333333333333332,0.2774698412698413,0.3623577235772358,0.4,0.66,0.06669285539507566","0,0,0"
21.316666666666666,3,AV,1,0,0,39,457.16351791608827,0.1,-0.2460909677671199,"0.25089999999999996,0.2858669250645995,0.3326388888888889,0.1,0.39,0.021986089217454062","0,0,0"
13.083333333333334,39,AV,1,0,0,3,892.1845339920479,0.1,-0.29476635487531894,"0.237625,0.29070434782608695,0.3712248062015504,0.1,0.03,0.042907292454561666","0,0,0"
33.93333333333333,264,AV,2,0,0,47,5458.612723313221,0.6,-28.064988648145754,"0.16963888888888892,0.27005705705705707,0.32130000000000003,0.6,0.47,0.2625177680086071","0,0,0"
36.86666666666667,56,AV,1,0,0,88,1017.530975349866,0.3,-2.841892067517555,"0.20642528735632187,0.23984375000000002,0.326030303030303,0.3,0.88,0.048935503225503364","0,0,0"
42.166666666666664,252,AV,1,0,0,98,4950.268578812107,0.7,-36.89783524021987,"0.21535999999999997,0.26027864583333327,0.33919819819819813,0.7,0.98,0.238070279798878","0,0,0"
37.13333333333333,222,AV,2,0,0,63,3882.59008652233,0.6,-21.844471496898358,"0.21936979166666667,0.2756949404761905,0.3608695652173913,0.6,0.63,0.18672306229989","0,0,0"
32.583333333333336,245,AV,1,0,0,68,4717.175795221327,0.1,-3.8813462456471783,"0.25665079365079374,0.28791076115485553,0.3667936507936508,0.1,0.68,0.2268602892044136","0,0,0"
33.733333333333334,273,AV,2,0,0,42,6434.117121135291,0.2,-10.961829169341605,"0.1684927536231884,0.2563333333333333,0.33307692307692305,0.2,0.42,0.3094321123996473","0,0,0"
34.53333333333333,166,AV,2,0,0,56,2458.2611968747465,0.3,-6.431208585763224,"0.21666666666666662,0.28353273809523805,0.3467210144927536,0.3,0.56,0.1182236724414522","0,0,0"
24.5,232,AV,1,0,0,43,4245.708624069837,0.1,-2.6267641739826018,"0.1852528735632184,0.26206388888888893,0.339211382113821,0.1,0.43,0.2041863030226467","0,0,0"
13.933333333333334,81,AV,1,0,0,15,1404.912317929139,0.2,-0.9886420015056904,"0.251125,0.2903114754098361,0.3458825757575758,0.2,0.15,0.06756560039062387","0,0,0"
18.8,57,AV,1,0,0,31,1020.7360413649084,0.3,-1.4537755740651725,"0.20242857142857143,0.2596349206349206,0.35728787878787877,0.3,0.31,0.04908964253144747","0,0,0"
26.483333333333334,191,AV,1,0,0,49,3032.1279287666234,0.1,-2.0277993597685877,"0.22617424242424242,0.29521916010498694,0.379260162601626,0.1,0.49,0.1458222989106348","0,0,0"
23.3,108,AV,1,0,0,42,1635.9686818612918,0.3,-2.8877325975278865,"0.22604166666666664,0.26455994152046786,0.3420503144654088,0.3,0.42,0.07867765468320913","0,0,0"
43.3,212,AV,1,0,0,100,3651.018124108644,0.3,-11.976445816204869,"0.23834946236559143,0.28821428571428576,0.3598625,0.3,1.0,0.17558621164064137","0,0,0"
38.11666666666667,257,AV,2,0,0,79,5051.78348307234,0.3,-14.587662658821264,"0.21595238095238095,0.2841772486772487,0.33407407407407413,0.3,0.79,0.24295237483598997","0,0,0"
20.966666666666665,69,AV,1,0,0,38,1240.6560786390864,0.3,-1.970638064302993,"0.22169607843137254,0.2606410256410257,0.3437589285714286,0.3,0.38,0.05966612418566248","0,0,0"
23.233333333333334,112,AV,1,0,0,40,1716.9764066453156,0.1,-1.0073506358853408,"0.19926190476190478,0.24399281609195406,0.33418055555555554,0.1,0.4,0.08257351031167907","0,0,0"
33.5,24,AV,1,0,0,74,753.5670156580491,0.5,-3.1874362404728083,"0.18857575757575762,0.25081531531531526,0.32622340425531915,0.5,0.74,0.03624084378629158","0,0,0"
31.433333333333334,50,AV,1,0,0,66,954.0002559944874,1.0,-7.572577789585872,"0.20071739130434785,0.2614885620915033,0.3381461538461538,1.0,0.66,0.045880158673594545","0,0,0"
38.733333333333334,54,AV,1,0,0,88,985.8695826897422,0.4,-3.857173249446062,"0.15383333333333335,0.22516833333333333,0.2967314814814815,0.4,0.88,0.04741283097259167","0,0,0"
22.133333333333333,163,AV,1,0,0,40,2421.0391237858234,0.2,-2.7063467646360047,"0.19852083333333329,0.25702956989247316,0.32909333333333335,0.2,0.4,0.11643357373995898","0,0,0"
23.016666666666666,230,AV,1,0,0,39,4200.245935785981,0.1,-2.441304561161801,"0.2657701149425288,0.3107913279132791,0.34893859649122816,0.1,0.39,0.2019998933869206","0,0,0"
17.9,128,AV,1,0,0,22,1927.298426803608,0.5,-4.355889121184922,"0.2278166666666667,0.28415576323987546,0.3608645833333333,0.5,0.22,0.0926884003201249","0,0,0"
17.566666666666666,208,AV,1,0,0,28,3564.273841812899,0.3,-4.7433644308974685,"0.25183333333333335,0.265014619883041,0.3499345238095238,0.3,0.28,0.17141447121316408","0,0,0"
26.633333333333333,104,AV,1,0,0,48,1596.1763216794554,0.3,-3.220567881368396,"0.21014285714285713,0.2774749262536873,0.36421491228070174,0.3,0.48,0.07676394471545202","0,0,0"
36.35,280,AV,1,0,0,84,8139.327108000771,0.7,-52.29928744017162,"0.22398765432098766,0.27324789915966385,0.3466515151515152,0.7,0.84,0.39143974738464077","0,0,0"
20.116666666666667,144,AV,0,0,0,57,2113.1349678504243,0.8,-9.087723589883712,"0.23283974358974358,0.2789959677419355,0.36544583333333336,0.8,0.57,0.10162572495605159","0,0,0"
21.583333333333332,170,AV,1,0,0,38,2629.980017260476,0.1,-1.433427660922692,"0.1945208333333333,0.23866937669376698,0.3137519379844961,0.1,0.38,0.12648204205617194","0,0,0"
19.683333333333334,209,AV,1,0,0,30,3580.4564780460023,0.5,-8.898398780665675,"0.2340072463768116,0.30142361111111104,0.3641028368794327,0.5,0.3,0.17219273297301851","0,0,0"
5.45,281,AV,0,0,0,0,8333.728817076937,1.0,-11.969399508350836,"0.16488888888888886,0.2504747899159664,0.3219833333333334,1.0,0.0,0.4007889914784327","0,0,0"
28.566666666666666,37,AV,1,0,0,60,873.8892656114449,0.2,-1.2608133007222362,"0.2058703703703704,0.2618333333333333,0.3553993055555555,0.2,0.6,0.04202742915158692","0,0,0"
30.433333333333334,162,AV,1,0,0,68,2411.397471856681,0.2,-3.706407225261195,"0.22622549019607846,0.275,0.3587973856209151,0.2,0.68,0.11596988359144483","0,0,0"
25.25,217,AV,1,0,0,48,3759.463069718096,0.1,-2.3971323866258065,"0.20036805555555554,0.26335169491525423,0.3515555555555555,0.1,0.48,0.18080158897481655","0,0,0"
35.8,207,AV,2,0,0,55,3531.3895067900216,0.6,-19.155112779254964,"0.194201754385965,0.2621626666666666,0.32513888888888887,0.6,0.55,0.16983298473111647","0,0,0"
32.65,21,AV,1,0,0,69,676.2529471816457,0.1,-0.5575671395323417,"0.20927777777777778,0.27020370370370367,0.3458780487804878,0.1,0.69,0.03252262494189429","0,0,0"
23.566666666666666,32,AV,0,0,0,68,849.0657401736111,0.7,-4.037059215588553,"0.21172222222222226,0.26842592592592596,0.3296291666666666,0.7,0.68,0.040833606321069346","0,0,0"
40.516666666666666,267,AV,1,0,0,92,5568.958209200236,1.0,-56.97869278857649,"0.18139814814814811,0.26830401234567913,0.3413297101449275,1.0,0.92,0.2678245468795767","0,0,0"
34.55,82,AV,1,0,0,78,1421.705549214182,0.4,-4.961608760136362,"0.22561363636363638,0.26461864406779667,0.3339125,0.4,0.78,0.06837322712988189","0,0,0"
37.53333333333333,115,AV,2,0,0,69,1782.711710770346,0.7,-11.82772197330965,"0.20866666666666667,0.2714318181818181,0.34426744186046515,0.7,0.69,0.08573487862868172","0,0,0"
30.95,203,AV,1,0,0,68,3465.4556083993225,0.2,-5.416962175755507,"0.195804347826087,0.26142578125,0.31186324786324787,0.2,0.68,0.1666620655399256","0,0,0"
24.783333333333335,165,AV,1,0,0,43,2456.6540037696086,0.1,-1.5374766429315692,"0.23090151515151514,0.26009722222222226,0.3507395833333334,0.1,0.43,0.11814637867321734","0,0,0"
17.816666666666666,215,AV,1,0,0,30,3742.7752140142647,0.8,-13.471470383101849,"0.20464492753623187,0.2240916666666666,0.30485815602836885,0.8,0.3,0.17999902999980277","0,0,0"
19.0,139,AV,1,0,0,30,2078.9202215407213,0.2,-1.9949234449128137,"0.21034375,0.2783563685636856,0.34730392156862744,0.2,0.3,0.09998025580674873","0,0,0"
34.916666666666664,234,AV,1,0,0,79,4304.4895651906745,0.1,-3.7954148312602953,"0.2614083333333333,0.291764705882353,0.36043137254901964,0.1,0.79,0.207013219355909","0,0,0"
31.983333333333334,117,AV,0,0,0,99,1797.659883656486,0.6,-9.21138716347676,"0.1965357142857143,0.256382005899705,0.3130341880341881,0.6,0.99,0.08645377208765831","0,0,0"
31.266666666666666,288,AV,2,0,0,38,10450.70686878338,0.3,-24.75445212858285,"0.23155769230769235,0.28585451977401133,0.3595333333333333,0.3,0.38,0.5025995395474784","0,0,0"
32.53333333333333,260,AV,2,0,0,54,5307.329693361759,0.1,-4.360230455152422,"0.15595652173913044,0.22802232142857146,0.31151851851851853,0.1,0.54,0.25524220453241103","0,0,0"
27.283333333333335,220,AV,1,0,0,52,3863.855435177377,0.1,-2.662092317923134,"0.2075873015873016,0.27161158192090396,0.3262689393939393,0.1,0.52,0.18582206801713178","0,0,0"
33.68333333333333,135,AV,1,0,0,73,2035.9911412414244,0.4,-6.927168512540268,"0.23360416666666667,0.27680454545454547,0.34791666666666665,0.4,0.73,0.09791569345106042","0,0,0"
10.933333333333334,78,AV,1,0,0,0,1338.7213376931895,0.1,-0.36961329862236214,"0.16862698412698415,0.2503123123123123,0.3394097222222222,0.1,0.0,0.06438231751737097","0,0,0"
29.066666666666666,276,AV,1,0,0,60,7099.697064525982,0.1,-5.211225454769913,"0.22428,0.27775396825396825,0.3465555555555555,0.1,0.6,0.3414414470102487","0,0,0"
42.75,175,AV,1,0,0,100,2767.495209174315,0.2,-5.975273747080907,"0.25059375000000006,0.2915244648318043,0.38264242424242423,0.2,1.0,0.13309547720505432","0,0,0"
30.45,177,AV,0,0,0,85,2813.5576138103806,0.1,-2.6634552863769216,"0.2405654761904762,0.2873411949685534,0.3397202380952381,0.1,0.85,0.13531072863744203","0,0,0"
24.566666666666666,294,AV,2,0,0,0,13748.957190518822,0.7,-59.7061196514197,"0.2191111111111111,0.27567079889807167,0.35048148148148145,0.7,0.0,0.6612203021265304","0,0,0"
16.75,286,AV,1,0,0,21,8987.822610831106,0.1,-3.801667392207602,"0.22996428571428568,0.25882142857142854,0.3505533333333333,0.1,0.21,0.4322459296252377","0,0,0"
24.533333333333335,239,AV,1,0,0,43,4459.768546990965,0.2,-5.52590850266894,"0.21231904761904757,0.2394747023809524,0.34637804878048783,0.2,0.43,0.21448095773323778","0,0,0"
42.68333333333333,271,AV,1,0,0,94,5912.288420941998,0.2,-12.745261486559308,"0.23565999999999995,0.276271164021164,0.360440170940171,0.2,0.94,0.28433611958951305","0,0,0"
18.4,211,AV,1,0,0,28,3630.005597296026,0.1,-1.6866692674304766,"0.17970138888888887,0.25439617486338795,0.3435243902439024,0.1,0.28,0.17457566886747292","0,0,0"
25.716666666666665,118,AV,1,0,0,50,1804.2001824470888,0.1,-1.1716670376750244,"0.23963043478260868,0.264469298245614,0.328453488372093,0.1,0.5,0.08676831073101827","0,0,0"
38.5,140,AV,2,0,0,67,2088.64210540395,0.3,-6.091872807428189,"0.2548020833333333,0.294575075075075,0.36565248226950353,0.3,0.67,0.10044780450125744","0,0,0"
34.1,101,AV,2,0,0,57,1588.8002265047048,0.5,-6.840667641895257,"0.20471604938271606,0.2878175853018372,0.3433009259259259,0.5,0.57,0.07640921062090368","0,0,0"
33.53333333333333,70,AV,1,0,0,76,1244.4027248274256,0.3,-3.1612857100413887,"0.19799122807017544,0.26936936936936934,0.34313999999999995,0.3,0.76,0.05984630938009477","0,0,0"
35.86666666666667,290,AV,2,0,0,59,11049.706566164488,0.1,-10.007983388209588,"0.2622753623188406,0.2648440860215054,0.3672868217054263,0.1,0.59,0.5314068705608562","0,0,0"
23.05,285,AV,1,0,0,40,8689.506535985933,0.4,-20.231628853987452,"0.2078478260869565,0.250522792022792,0.3633900709219858,0.4,0.4,0.4178991946398128","0,0,0"
28.466666666666665,68,AV,2,0,0,6,1234.5997004771,0.7,-6.212489065195373,"0.24153921568627454,0.2814068241469816,0.3605,0.7,0.06,0.059374858445099786","0,0,0"
39.65,44,AV,1,0,0,93,938.3100494872764,0.6,-5.63696870638947,"0.18328070175438593,0.22376533333333337,0.3197828282828283,0.6,0.93,0.04512557903941836","0,0,0"
21.283333333333335,102,AV,2,0,0,4,1592.6375082496468,0.2,-1.7119512609720533,"0.2243777777777778,0.28348898071625345,0.3345641025641026,0.2,0.04,0.07659375469647073","0,0,0"
29.266666666666666,180,AV,1,0,0,64,2853.537244729806,0.3,-6.326782072911034,"0.21143548387096775,0.26607339449541284,0.3317300000000001,0.3,0.64,0.13723344490378397","0,0,0"
21.6,279,AV,1,0,0,38,7592.14370769901,0.1,-4.1411692951085515,"0.23717361111111118,0.29334913793103445,0.35869166666666663,0.1,0.38,0.36512438628106175","0,0,0"
42.11666666666667,256,AV,1,0,0,100,5009.92015912814,0.4,-21.313246198849846,"0.19263333333333332,0.2394605597964377,0.33635714285714285,0.4,1.0,0.24093906725761643","0,0,0"
22.85,182,AV,1,0,0,41,2872.269398564857,0.2,-3.3147149372326763,"0.24427777777777782,0.2770564738292012,0.3639592592592592,0.2,0.41,0.13813431907530546","0,0,0"
8.516666666666667,53,AV,0,0,0,19,979.5720138781878,0.7,-1.9747176320043258,"0.24966666666666665,0.3071612021857923,0.37586170212765957,0.7,0.19,0.04710996579565228","0,0,0"
44.8,181,AV,2,0,0,77,2857.712092786687,0.1,-3.2329672160819087,"0.2514285714285714,0.2960804093567251,0.3653545454545455,0.1,0.77,0.13743422335230565","0,0,0"
39.6,63,AV,1,0,0,91,1129.1321270070612,0.6,-6.774792762042367,"0.18755555555555556,0.2543092948717949,0.3449349593495934,0.6,0.91,0.05430267007269716","0,0,0"
22.266666666666666,16,AV,2,0,0,8,626.2908344343901,0.6,-2.1129407949604677,"0.2560866666666667,0.31268032786885247,0.3743527131782946,0.6,0.08,0.03011982720037529","0,0,0"
34.516666666666666,284,AV,1,0,0,76,8493.635575370567,0.2,-14.806666057737747,"0.2394736842105263,0.2883002544529262,0.36350833333333343,0.2,0.76,0.40847929071828354","0,0,0"
26.75,204,AV,0,0,0,81,3476.696831582168,0.1,-2.848526268808661,"0.14666666666666667,0.23116666666666663,0.3004239766081871,0.1,0.81,0.16720268290357254","0,0,0"
16.0,221,AV,1,0,0,26,3866.930621896856,0.5,-7.811981054337082,"0.2038125,0.2662016806722689,0.3321416666666668,0.5,0.26,0.18596996111648273","0,0,0"
33.61666666666667,274,AV,2,0,0,52,6995.337061486569,0.1,-5.938381672145796,"0.2349567901234568,0.26817708333333334,0.3434673202614379,0.1,0.52,0.3364225243542649","0,0,0"
37.25,219,AV,1,0,0,89,3778.090807703549,0.2,-7.107771847826124,"0.1796666666666667,0.2442097222222223,0.3550471014492753,0.2,0.89,0.18169744153788722","0,0,0"
23.933333333333334,29,AV,0,0,0,67,822.5771428470101,0.3,-1.9914403751620031,"0.18846491228070178,0.2697341597796143,0.3399433333333333,0.3,0.67,0.039559706192899544","0,0,0"
37.266666666666666,95,AV,1,0,0,87,1541.4014724042315,0.3,-4.351734459969522,"0.21015789473684213,0.2553799435028249,0.3263581560283687,0.3,0.87,0.07412969094006937","0,0,0"
42.43333333333333,206,AV,2,0,0,85,3523.1638559153366,0.2,-7.550484155858961,"0.19454487179487182,0.2905846354166666,0.3483055555555555,0.2,0.85,0.16943739346690792","0,0,0"
14.983333333333333,11,AV,1,0,0,15,588.8906571209208,0.4,-0.891267172982673,"0.2461578947368421,0.30438057742782154,0.38378409090909094,0.4,0.15,0.02832116303987798","0,0,0"
42.1,64,AV,1,0,0,96,1135.438045570021,0.5,-6.035598701830541,"0.2180486111111111,0.263659779614325,0.3240703703703703,0.5,0.96,0.0546059368091927","0,0,0"
21.833333333333332,218,AV,0,0,0,67,3773.692032315799,0.2,-4.661226062570451,"0.27429861111111103,0.3062908496732026,0.3753202614379084,0.2,0.67,0.18148589388735847","0,0,0"
43.28333333333333,48,AV,2,0,0,84,948.3478854920526,0.2,-2.073114022409815,"0.23624166666666663,0.29229666666666665,0.36782471264367816,0.2,0.84,0.04560832262962691","0,0,0"
24.45,287,AV,2,0,0,2,10071.894878668398,0.3,-18.655896195715325,"0.2593684210526316,0.2874364406779661,0.35272916666666665,0.3,0.02,0.48438156307972796","0,0,0"
20.483333333333334,4,AV,0,0,0,58,473.5024380788758,0.5,-1.7246096304691465,"0.20600000000000002,0.2498361344537815,0.3135888888888889,0.5,0.58,0.022771867046038015","0,0,0"
27.183333333333334,228,AV,2,0,0,22,4113.319853961603,1.0,-28.235794115367742,"0.2484242424242424,0.273525,0.3459791666666666,1.0,0.22,0.19781940978440954","0,0,0"
8.366666666666667,249,AV,0,0,0,18,4864.205776554158,0.1,-1.5277067760228062,"0.22647530864197532,0.26419774011299435,0.3318629629629629,0.1,0.18,0.23393131337965753","0,0,0"
27.066666666666666,229,AV,1,0,0,54,4159.866430607663,0.3,-8.529827125387428,"0.22436666666666663,0.26923919753086417,0.3488616352201258,0.3,0.54,0.20005794620912742","0,0,0"
31.066666666666666,295,AV,2,0,0,49,14297.77376075636,0.1,-11.21677200759674,"0.23086666666666666,0.26752981029810297,0.32966666666666666,0.1,0.49,0.6876142062863859","0,0,0"
18.283333333333335,120,AV,1,0,0,26,1809.16611953512,0.4,-3.3411704261448265,"0.2315866666666667,0.27660434782608695,0.3654184397163121,0.4,0.26,0.08700713454697676","0,0,0"
29.15,189,AV,1,0,0,61,3024.224513765153,0.3,-6.678495801231379,"0.2131578947368421,0.26920579710144926,0.3449652777777778,0.3,0.61,0.1454422047418416","0,0,0"
36.733333333333334,188,AV,1,0,0,85,2971.291490045772,0.4,-11.02479199336849,"0.1813015873015873,0.2776882951653944,0.36877631578947356,0.4,0.85,0.14289652877156978","0,0,0"
15.733333333333333,186,AV,1,0,0,20,2965.4163440895786,0.6,-7.069073305102429,"0.24583333333333335,0.27451747311827956,0.37561538461538463,0.6,0.2,0.14261397892212588","0,0,0"
43.46666666666667,129,AV,2,0,0,90,1929.5758599688188,0.1,-2.1179856240735186,"0.23184848484848483,0.2637836538461539,0.35127864583333335,0.1,0.9,0.09279792753915007","0,0,0"
27.866666666666667,67,AV,2,0,0,32,1200.7903182940884,0.2,-1.6900011887101984,"0.194375,0.27005333333333337,0.3136098484848485,0.2,0.32,0.057748884228147654","0,0,0"
31.733333333333334,238,AV,1,0,0,70,4446.537177105173,0.2,-7.126436687885732,"0.23544761904761902,0.2777507645259939,0.34136231884057977,0.2,0.7,0.21384462944504845","0,0,0"
34.63333333333333,86,AV,1,0,0,75,1457.5875839824732,0.3,-3.8243270195903776,"0.16092424242424241,0.23511637931034482,0.31402380952380954,0.3,0.75,0.07009888017699192","0,0,0"
37.78333333333333,7,AV,1,0,0,83,541.9839687696077,0.7,-3.619841582661997,"0.21472023809523808,0.2921111111111111,0.34482142857142856,0.7,0.83,0.026065307980208553","0,0,0"
35.95,171,AV,1,0,0,80,2744.8905386527767,0.1,-2.4918892642567507,"0.2615916666666667,0.24848717948717952,0.34424166666666667,0.1,0.8,0.13200836442518263","0,0,0"
38.4,299,AV,1,0,0,89,20793.30768626012,1.0,-201.63207453343145,"0.1899944444444445,0.2633265027322404,0.316859649122807,1.0,0.89,1.0","0,0,0"
23.8,127,AV,2,0,0,0,1921.5023446668008,0.1,-1.1548423182593401,"0.19974561403508773,0.26336876640419943,0.3385458333333333,0.1,0.0,0.09240965283924012","0,0,0"
25.133333333333333,141,AV,1,0,0,45,2105.159940183184,0.1,-1.3361031943586876,"0.16980357142857144,0.23537694704049847,0.3071143790849673,0.1,0.45,0.10124218676253416","0,0,0"
32.96666666666667,36,AV,1,0,0,73,863.3540159882258,0.3,-2.1562048530615034,"0.21930303030303033,0.2681411411411412,0.34219858156028365,0.3,0.73,0.04152076374836295","0,0,0"
34.06666666666667,254,AV,1,0,0,77,4968.170350229253,0.4,-17.095858915603696,"0.24421527777777782,0.28174637681159426,0.3268902439024389,0.4,0.77,0.23893121888982288","0,0,0"
38.833333333333336,261,AV,2,0,0,72,5370.167679594476,0.3,-15.798599360423145,"0.26153448275862073,0.3237612179487179,0.40493262411347514,0.3,0.72,0.2582642338882426","0,0,0"
40.36666666666667,60,AV,1,0,0,90,1062.4074567339185,0.2,-2.1659519025332923,"0.20591025641025643,0.27423497267759567,0.33333653846153843,0.2,0.9,0.05109372076651086","0,0,0"
35.53333333333333,277,AV,2,0,0,60,7128.986247371214,1.0,-63.96884966075517,"0.20647619047619042,0.23534251968503941,0.3307585034013606,1.0,0.6,0.34285003400790975","0,0,0"
34.31666666666667,263,AV,2,0,0,67,5427.330032863625,0.3,-14.10968754755834,"0.2566388888888889,0.28859663865546226,0.3340602836879432,0.3,0.67,0.26101330845259973","0,0,0"
23.516666666666666,269,AV,2,0,0,8,5702.616109653807,0.3,-10.159585013537274,"0.1962894736842105,0.28673863636363633,0.35196153846153855,0.3,0.08,0.27425247563772664","0,0,0"
34.483333333333334,147,AV,1,0,0,77,2158.6935677652164,0.4,-7.519085844623288,"0.23518840579710149,0.28293766937669373,0.3482424242424242,0.4,0.77,0.10381674721197177","0,0,0"
13.25,193,AV,1,0,0,6,3236.647802754315,0.6,-6.497815664620404,"0.1748030303030303,0.2369594594594595,0.31689766081871346,0.6,0.06,0.1556581498042776","0,0,0"
25.266666666666666,111,AV,1,0,0,46,1697.366940102563,0.3,-3.2490003550448043,"0.23554545454545459,0.28067521367521364,0.35220588235294115,0.3,0.46,0.08163044406947123","0,0,0"
36.93333333333333,52,AV,2,0,0,53,978.4447105201264,0.7,-6.387893244776177,"0.21065079365079367,0.2792053333333333,0.35801515151515156,0.7,0.53,0.04705575107546101","0,0,0"
23.616666666666667,9,AV,2,0,0,21,567.9518330451218,0.2,-0.6774307638257051,"0.23018253968253968,0.2656161202185792,0.332195035460993,0.2,0.21,0.02731416480795959","0,0,0"
25.25,185,AV,0,0,0,69,2953.464044858564,0.4,-8.032824962896843,"0.21633333333333332,0.2610669515669516,0.3380375000000001,0.4,0.69,0.14203916420715332","0,0,0"
30.3,34,AV,0,0,0,96,857.6590975250949,0.4,-3.12495663181923,"0.2365057471264368,0.28255606060606064,0.35916666666666663,0.4,0.96,0.041246881470994735","0,0,0"
20.85,73,AV,1,0,0,38,1293.252850487379,0.1,-0.680917220521764,"0.2471,0.27756613756613757,0.35118803418803424,0.1,0.38,0.06219562899759039","0,0,0"
26.166666666666668,134,AV,2,0,0,37,2022.4315636845977,0.1,-1.3363710248252605,"0.1448583333333333,0.26273123123123127,0.334945652173913,0.1,0.37,0.09726358086938654","0,0,0"
25.233333333333334,194,AV,1,0,0,46,3256.7228478661937,1.0,-20.752013432952094,"0.19334920634920635,0.26615254237288133,0.3279333333333333,1.0,0.46,0.15662360683568316","0,0,0"
43.18333333333333,161,AV,1,0,0,100,2403.836358207942,0.4,-10.485420882351477,"0.20774166666666666,0.2710847457627119,0.3288373015873015,0.4,1.0,0.11560625151506597","0,0,0"
38.333333333333336,236,AV,1,0,0,90,4412.688598555705,0.3,-12.814625980654194,"0.19610344827586204,0.2737878787878787,0.3460285714285714,0.3,0.9,0.21221677018089516","0,0,0"
39.56666666666667,8,AV,1,0,0,90,566.7055292848979,0.1,-0.5662285044285975,"0.21126436781609192,0.24308647798742145,0.34424149659863945,0.1,0.9,0.027254227073231246","0,0,0"
20.916666666666668,146,AV,1,0,0,35,2133.445027811215,0.4,-4.507531161452988,"0.19920833333333335,0.2791652173913043,0.34205228758169937,0.4,0.35,0.10260248441477932","0,0,0"
33.61666666666667,201,AV,0,0,0,99,3438.9188747307694,0.1,-3.4193179168063814,"0.23987777777777775,0.27335286458333335,0.35188020833333333,0.1,0.99,0.16538585041970746","0,0,0"
40.65,27,AV,1,0,0,97,801.7987355487146,0.2,-1.646117101012891,"0.20589393939393943,0.2545888888888889,0.33376068376068374,0.2,0.97,0.03856042278826712","0,0,0"
22.95,31,AV,1,0,0,39,845.7864251007381,0.1,-0.4901716781833823,"0.1938525641025641,0.25535875706214695,0.33289351851851856,0.1,0.39,0.040675896199988425","0,0,0"
30.733333333333334,47,AV,1,0,0,68,946.2003450753726,0.1,-0.7343406718514256,"0.22035353535353533,0.2638,0.3426587301587301,0.1,0.68,0.04550504226418034","0,0,0"
28.166666666666668,23,AV,1,0,0,59,741.34301771214,0.1,-0.527302062261581,"0.19551666666666667,0.26742257217847776,0.3515151515151515,0.1,0.59,0.03565296242896494","0,0,0"
43.583333333333336,265,AV,1,0,0,100,5502.789496653042,1.0,-60.563108307018965,"0.25173913043478263,0.26901944444444437,0.3519609929078014,1.0,1.0,0.26464233491284295","0,0,0"
23.066666666666666,183,AV,1,0,0,42,2891.134206742707,0.6,-10.104368035686631,"0.19283333333333336,0.2481267806267806,0.3153173076923077,0.6,0.42,0.13904157291209238","0,0,0"
