travel_time,id,kind,action,origin,destination,start_time,income,urgency,reward,observation,cost_table
31.983333333333334,147,AV,1,0,0,50,2496.2043409386315,0.2,-4.032168459815853,"0.2273518518518519,0.35733888888888893,0.3925909090909091,0.2,0.5,0.12333495093088893","0,0,0"
49.0,101,AV,1,0,0,93,1628.9397076974285,0.4,-8.062428856280203,"0.16149999999999998,0.33324786324786326,0.3569222222222222,0.4,0.93,0.0804842759157665","0,0,0"
29.05,2,AV,2,0,0,24,437.5592869272848,0.3,-0.9629619155483049,"0.1333666666666667,0.26909333333333335,0.30555,0.3,0.24,0.021619365168734063","0,0,0"
30.133333333333333,222,AV,1,0,0,48,4416.224882412617,0.7,-23.52346048477024,"0.17469444444444446,0.2789159999999999,0.3031111111111111,0.7,0.48,0.21820123867235977","0,0,0"
45.166666666666664,22,AV,1,0,0,87,632.5893922142865,0.4,-2.886055981314337,"0.17181249999999998,0.2863253968253968,0.34791666666666665,0.4,0.87,0.031255606910295004","0,0,0"
16.983333333333334,89,AV,1,0,0,11,1526.0895405694364,1.0,-6.5449715565667335,"0.147030303030303,0.33813478260869556,0.3604833333333333,1.0,0.11,0.07540255239340664","0,0,0"
19.433333333333334,84,AV,1,0,0,18,1460.106853854364,0.1,-0.7165339190211232,"0.15725,0.27880780780780784,0.31603921568627447,0.1,0.18,0.07214241407266661","0,0,0"
19.483333333333334,254,AV,1,0,0,13,5654.280440205098,0.2,-5.563850029124378,"0.19839583333333333,0.3275826330532212,0.3450512820512821,0.2,0.13,0.2793723210896882","0,0,0"
15.5,190,AV,1,0,0,10,3476.696831582168,0.4,-5.443313221164001,"0.14636666666666667,0.3096965811965812,0.35873076923076924,0.4,0.1,0.1717801007282623","0,0,0"
52.4,208,AV,1,0,0,100,4061.843573313689,0.1,-5.374762708122155,"0.17828787878787877,0.3453121212121213,0.3938333333333334,0.1,1.0,0.20069161389857007","0,0,0"
32.68333333333333,63,AV,1,0,0,51,1074.3823512953045,0.9,-7.98054466246247,"0.14827272727272725,0.2946531165311653,0.31675,0.9,0.51,0.05308415357061393","0,0,0"
47.28333333333333,207,AV,1,0,0,88,4021.28082322038,0.4,-19.206016322350536,"0.13788333333333336,0.34261965811965817,0.35056410256410253,0.4,0.88,0.19868744913115402","0,0,0"
7.0,133,AV,0,0,0,6,2222.040577514192,0.1,-2.8927849505706904,"0.20275,0.29793859649122806,0.3346805555555556,0.1,0.06,0.1097887945708426","0,0,0"
36.86666666666667,109,AV,1,0,0,62,1782.711710770346,0.3,-4.978987757858592,"0.21207575757575758,0.3863790849673203,0.3973333333333333,0.3,0.62,0.08808199623958074","0,0,0"
19.433333333333334,41,AV,1,0,0,23,827.3783452591958,0.3,-1.2180847860760382,"0.15614285714285714,0.3059308943089431,0.3857777777777778,0.3,0.23,0.040879933561629736","0,0,0"
39.15,266,AV,1,0,0,70,6446.254396158338,0.7,-44.61101053705031,"0.17012962962962963,0.2616594827586207,0.3221538461538461,0.7,0.7,0.31850295931272143","0,0,0"
36.1,29,AV,1,0,0,57,742.4887258523852,0.4,-2.707458889219304,"0.195625,0.3222341597796143,0.3514888888888889,0.4,0.57,0.0366856226743472","0,0,0"
49.916666666666664,298,AV,1,0,0,94,17322.90883950548,0.1,-21.835905713097183,"0.19057142857142856,0.33988888888888896,0.34761904761904766,0.1,0.94,0.8559075379611304","0,0,0"
40.6,141,AV,1,0,0,70,2382.718205806423,0.1,-2.4428878574682016,"0.17355555555555557,0.30168141592920356,0.3498846153846154,0.1,0.7,0.1177277149052501","0,0,0"
34.93333333333333,268,AV,1,0,0,58,6709.13861087917,0.1,-5.918499380640885,"0.19607142857142856,0.30625793650793653,0.3433333333333334,0.1,0.58,0.3314918044931234","0,0,0"
29.833333333333332,46,AV,1,0,0,46,905.8209551718018,1.0,-6.824156185848169,"0.1499074074074074,0.3147226890756303,0.3390000000000001,1.0,0.46,0.044755704180963","0,0,0"
19.416666666666668,49,AV,1,0,0,16,938.3100494872764,0.2,-0.9201441141857553,"0.1911666666666667,0.3049613333333333,0.3484444444444445,0.2,0.16,0.04636095772029518","0,0,0"
42.86666666666667,137,AV,1,0,0,80,2276.662146114732,0.2,-4.928935218692837,"0.16952380952380952,0.32436475409836063,0.33842424242424246,0.2,0.8,0.1124875914492194","0,0,0"
12.016666666666667,98,AV,0,0,0,25,1592.2311391495805,0.3,-3.949493246624807,"0.16007575757575757,0.3082831858407079,0.3132083333333333,0.3,0.25,0.07867054238989274","0,0,0"
25.816666666666666,95,AV,2,0,0,14,1572.8756307612184,0.4,-4.101657158331864,"0.12143333333333331,0.2565185185185185,0.31411538461538463,0.4,0.14,0.07771420614843609","0,0,0"
41.0,251,AV,1,0,0,76,5480.041794665195,0.8,-45.39024516793394,"0.22280555555555556,0.3243156342182891,0.3694166666666666,0.8,0.76,0.27076336450488875","0,0,0"
49.21666666666667,228,AV,1,0,0,92,4549.115907877681,0.3,-16.961539489852008,"0.20311904761904764,0.3081570247933884,0.3534444444444444,0.3,0.92,0.22476725085176577","0,0,0"
39.18333333333333,110,AV,1,0,0,71,1804.2001824470888,0.2,-3.5704331893376304,"0.14638888888888887,0.2864426666666667,0.2856481481481482,0.2,0.71,0.08914372005616313","0,0,0"
49.583333333333336,239,AV,1,0,0,94,4843.3187157075145,0.5,-30.321702818244646,"0.11216666666666666,0.2890173913043478,0.3334861111111111,0.5,0.94,0.23930351628177382","0,0,0"
14.516666666666667,131,AV,1,0,0,5,2212.8825544422834,0.1,-0.811204000386881,"0.17775000000000002,0.29500964187327827,0.3231851851851852,0.1,0.05,0.10933630584318776","0,0,0"
44.233333333333334,247,AV,1,0,0,84,5304.212874057136,0.1,-5.924823639624427,"0.16872222222222225,0.351905737704918,0.35467777777777776,0.1,0.84,0.2620758340252039","0,0,0"
14.9,235,AV,1,0,0,8,4747.153558918807,0.4,-7.144705861403055,"0.14744444444444446,0.3169853801169591,0.34868333333333335,0.4,0.08,0.23455209241022626","0,0,0"
26.333333333333332,111,AV,1,0,0,37,1805.1606101798543,0.4,-4.8016056634413635,"0.1861190476190476,0.3473134556574923,0.38038888888888883,0.4,0.37,0.08919117382641367","0,0,0"
51.016666666666666,135,AV,1,0,0,97,2250.3510049999354,0.7,-20.293885094332328,"0.14270512820512818,0.3081587301587302,0.32174444444444444,0.7,0.97,0.11118758437643748","0,0,0"
29.55,206,AV,1,0,0,46,3987.5502105766736,0.2,-5.951116602148521,"0.18929166666666666,0.28423728813559324,0.3555,0.2,0.46,0.19702085341739287","0,0,0"
30.683333333333334,280,AV,1,0,0,46,8987.033628468456,0.4,-27.853752373754933,"0.1701025641025641,0.2914110169491525,0.32503703703703707,0.4,0.46,0.4440403108844108","0,0,0"
13.6,73,AV,1,0,0,4,1234.5997004771,0.3,-1.2720118126127695,"0.2099761904761905,0.33272777777777784,0.3245897435897435,0.3,0.04,0.06100033197617807","0,0,0"
18.283333333333335,117,AV,1,0,0,13,1945.516475481125,0.9,-8.08421050607119,"0.1804358974358974,0.3131929824561403,0.3572435897435897,0.9,0.13,0.09612601624932422","0,0,0"
39.31666666666667,28,AV,1,0,0,70,682.056612603955,0.3,-2.031529733753447,"0.20708333333333337,0.37210298102981026,0.3385740740740741,0.3,0.7,0.033699732617228556","0,0,0"
27.716666666666665,112,AV,1,0,0,42,1836.592480640456,0.1,-1.285460141121666,"0.183625,0.34835202492211836,0.3491388888888889,0.1,0.42,0.09074419099626069","0,0,0"
16.633333333333333,114,AV,1,0,0,11,1900.764377468582,0.1,-0.7983850373373927,"0.23625,0.35085377358490566,0.37796969696969707,0.1,0.11,0.09391486000625965","0,0,0"
26.016666666666666,45,AV,1,0,0,33,902.2448599555772,0.2,-1.185525443089778,"0.15516666666666667,0.2655766961651917,0.2945833333333333,0.2,0.33,0.04457901290582028","0,0,0"
15.083333333333334,234,AV,1,0,0,9,4689.4303597647895,0.1,-1.786167708580444,"0.21087500000000003,0.31834,0.33340909090909093,0.1,0.09,0.2317000470794511","0,0,0"
41.35,1,AV,2,0,0,66,424.9057127261393,0.2,-0.8873662232942355,"0.20658333333333334,0.3441621212121212,0.3606527777777778,0.2,0.66,0.02099416476842877","0,0,0"
28.533333333333335,143,AV,2,0,0,38,2398.572127464108,0.2,-3.4565281836856503,"0.19273333333333334,0.2913133903133903,0.3199230769230769,0.2,0.38,0.11851104126104732","0,0,0"
39.68333333333333,240,AV,1,0,0,72,4864.205776554158,0.2,-9.748883799642632,"0.13657575757575757,0.30470833333333336,0.2954791666666667,0.2,0.72,0.24033552499290464","0,0,0"
53.05,274,AV,1,0,0,100,7612.519032757181,0.2,-20.396168418574163,"0.2161,0.32549305555555547,0.3743666666666666,0.2,1.0,0.3761269243737155","0,0,0"
22.516666666666666,209,AV,2,0,0,3,4113.319853961603,0.2,-4.677689497224013,"0.20966666666666664,0.32190178571428574,0.39696296296296296,0.2,0.03,0.20323500525627752","0,0,0"
23.166666666666668,216,AV,1,0,0,26,4227.85786318916,0.1,-2.4733680260239614,"0.13802380952380952,0.29439085545722715,0.2822592592592592,0.1,0.26,0.2088942133251532","0,0,0"
36.75,277,AV,1,0,0,66,8326.33528790118,0.4,-30.90836584145135,"0.14435416666666667,0.26123553719008263,0.29936666666666667,0.4,0.66,0.41139586905023645","0,0,0"
39.233333333333334,174,AV,1,0,0,69,3017.17067826153,0.6,-17.93540347633243,"0.22216666666666665,0.37044933333333335,0.4100555555555556,0.6,0.69,0.14907537474018487","0,0,0"
16.066666666666666,270,AV,1,0,0,10,7177.938863287724,0.2,-5.824522781321015,"0.19427777777777777,0.3183626666666667,0.34309259259259256,0.2,0.1,0.35465475440829575","0,0,0"
33.78333333333333,288,AV,1,0,0,53,11185.875164713363,0.4,-38.17132821359257,"0.14857142857142858,0.29717607526881723,0.28633333333333333,0.4,0.53,0.5526828641120808","0,0,0"
26.95,97,AV,1,0,0,36,1587.6148581174584,0.1,-1.0804601117743813,"0.2008518518518518,0.34368821839080455,0.3431111111111111,0.1,0.36,0.07844245657766878","0,0,0"
23.016666666666666,93,AV,1,0,0,28,1530.6528609905624,0.1,-0.8896597647424103,"0.15308333333333332,0.3109006734006734,0.3214444444444445,0.1,0.28,0.07562802147500029","0,0,0"
38.416666666666664,269,AV,1,0,0,68,6947.27484286379,0.6,-40.43805180000261,"0.14823809523809525,0.29365527065527064,0.365875,0.6,0.68,0.3432578766872154","0,0,0"
53.03333333333333,156,AV,1,0,0,100,2756.9260540590044,0.2,-7.384291838397098,"0.16231250000000003,0.33044037940379406,0.3775740740740741,0.2,1.0,0.1362169490778143","0,0,0"
33.6,281,AV,1,0,0,52,8987.822610831106,0.1,-7.626031306159728,"0.15151515151515155,0.28617083333333326,0.3158333333333333,0.1,0.52,0.4440792937110115","0,0,0"
19.516666666666666,292,AV,1,0,0,16,13079.31179296209,0.1,-6.446074961935441,"0.15712500000000001,0.28231627296587924,0.29823333333333335,0.1,0.16,0.6462356673845856","0,0,0"
19.366666666666667,182,AV,1,0,0,13,3245.380745418587,0.6,-9.523061682263632,"0.18481481481481482,0.32295299145299144,0.3555625,0.6,0.13,0.16035100509349434","0,0,0"
33.766666666666666,295,AV,1,0,0,58,13748.957190518822,0.9,-105.51283056057248,"0.20166666666666663,0.324954678362573,0.34511458333333345,0.9,0.58,0.6793221743240372","0,0,0"
49.93333333333333,195,AV,1,0,0,95,3654.013033637752,0.4,-18.430005132624082,"0.1972833333333333,0.3141566951566951,0.3458181818181818,0.4,0.95,0.18054111629141673","0,0,0"
30.516666666666666,53,AV,1,0,0,49,979.573716991658,0.2,-1.509763868528389,"0.22983333333333333,0.3498166666666666,0.39797058823529413,0.2,0.49,0.048399754113449336","0,0,0"
22.4,255,AV,1,0,0,29,5825.994272151124,1.0,-32.95511911519828,"0.1531851851851852,0.294241935483871,0.3369761904761905,1.0,0.29,0.28785652916908544","0,0,0"
50.53333333333333,257,AV,1,0,0,95,5862.8833826120845,0.1,-7.4815919259595285,"0.12208333333333334,0.2997295597484276,0.3203846153846154,0.1,0.95,0.28967918308966784","0,0,0"
30.45,152,AV,1,0,0,48,2648.588416164911,0.1,-2.0366039715207465,"0.18197916666666664,0.33765322580645163,0.36325,0.1,0.48,0.13086409513292768","0,0,0"
49.03333333333333,74,AV,1,0,0,93,1261.43865123121,0.8,-12.495463003105117,"0.1980925925925926,0.318906432748538,0.37665151515151524,0.8,0.93,0.06232641759345169","0,0,0"
42.71666666666667,122,AV,1,0,0,76,2033.019749384408,0.1,-2.1930259333637365,"0.21395833333333333,0.3064589947089947,0.3733333333333333,0.1,0.76,0.10044946518183244","0,0,0"
17.933333333333334,129,AV,1,0,0,14,2158.6935677652164,0.3,-2.932770554186077,"0.15516666666666665,0.32356330749354006,0.399111111111111,0.3,0.14,0.10665888240344744","0,0,0"
26.2,154,AV,1,0,0,33,2744.255474143275,0.9,-16.34079395967132,"0.1698095238095238,0.34895299145299147,0.3646458333333334,0.9,0.33,0.13559090844222083","0,0,0"
11.0,168,AV,1,0,0,0,2909.5116230827134,0.1,-0.8081976730785315,"0.17175,0.3090330459770115,0.3637222222222223,0.1,0.0,0.14375604888613547","0,0,0"
18.816666666666666,32,AV,1,0,0,14,761.8437659652793,0.3,-1.0860121360792934,"0.20559999999999998,0.36417473118279564,0.3441818181818183,0.3,0.14,0.03764193577878302","0,0,0"
35.233333333333334,140,AV,1,0,0,60,2347.541384251396,0.6,-12.532076985624878,"0.15961666666666668,0.3233456284153005,0.3201904761904762,0.6,0.6,0.11598966346080683","0,0,0"
10.4,199,AV,0,0,0,17,3783.636689084741,0.4,-6.474729451159728,"0.18013333333333337,0.3250413223140496,0.3499285714285714,0.4,0.17,0.18694569099783895","0,0,0"
20.233333333333334,173,AV,1,0,0,17,2996.640782499388,0.1,-1.5311119149639132,"0.18173809523809525,0.3374746666666667,0.37225,0.1,0.17,0.14806101319737625","0,0,0"
48.31666666666667,244,AV,1,0,0,91,4950.268578812107,0.1,-6.039911031134806,"0.16360714285714287,0.30823888888888895,0.30566666666666664,0.1,0.91,0.24458780166728444","0,0,0"
25.883333333333333,26,AV,1,0,0,35,658.4091024775607,0.7,-3.012443330401331,"0.14524358974358978,0.30333333333333334,0.34278571428571425,0.7,0.35,0.032531332877974904","0,0,0"
23.5,78,AV,2,0,0,7,1323.5149786113286,0.9,-7.068773181219597,"0.205625,0.34438802083333336,0.3480625,0.9,0.07,0.06539354662044386","0,0,0"
13.133333333333333,17,AV,1,0,0,4,600.3305173079323,0.8,-1.5927961199954568,"0.129,0.3354257575757576,0.3000454545454545,0.8,0.04,0.029661728280885674","0,0,0"
23.633333333333333,35,AV,1,0,0,28,777.0630287344238,0.1,-0.46375226209823783,"0.16639999999999996,0.28372713864306787,0.302625,0.1,0.28,0.03839390427593374","0,0,0"
50.1,249,AV,1,0,0,88,5341.061461458292,0.2,-13.514504000962651,"0.15731818181818183,0.3078958333333333,0.34837037037037033,0.2,0.88,0.26389648574207625","0,0,0"
36.583333333333336,19,AV,2,0,0,46,616.3739675020589,0.3,-1.708258659933105,"0.16865384615384613,0.3234410029498525,0.34160714285714294,0.3,0.46,0.030454419051430016","0,0,0"
37.81666666666667,90,AV,1,0,0,65,1527.6889462703334,0.3,-4.376674519049731,"0.11370370370370372,0.2703471074380165,0.3053166666666667,0.3,0.65,0.07548157742369105","0,0,0"
23.133333333333333,82,AV,1,0,0,25,1447.5744631551047,0.2,-1.691273867726671,"0.1705,0.3025958005249344,0.3495208333333333,0.2,0.25,0.07152320122755207","0,0,0"
37.35,96,AV,1,0,0,64,1573.7150367511856,0.2,-2.9685988193261004,"0.18942592592592594,0.34818260869565215,0.38555208333333335,0.2,0.64,0.07775568035585004","0,0,0"
27.583333333333332,256,AV,1,0,0,39,5849.7981009167725,0.2,-8.149339946984226,"0.1645897435897436,0.30544648318042816,0.28741666666666665,0.2,0.39,0.28903265245540044","0,0,0"
18.666666666666668,246,AV,1,0,0,15,5064.807770076448,0.3,-7.162354422330331,"0.2051388888888889,0.35271212121212114,0.3729871794871795,0.3,0.15,0.25024706813941117","0,0,0"
42.583333333333336,123,AV,1,0,0,77,2078.9202215407213,0.1,-2.2355392112948413,"0.16542592592592592,0.3152157738095238,0.3258166666666667,0.1,0.77,0.10271736143866485","0,0,0"
31.033333333333335,273,AV,1,0,0,48,7511.51421120444,0.7,-41.20584016365263,"0.1143787878787879,0.31939830508474576,0.3592272727272728,0.7,0.48,0.3711363775239707","0,0,0"
40.333333333333336,102,AV,1,0,0,72,1635.9686818612918,0.8,-13.330115185536453,"0.20034848484848486,0.30587365591397847,0.3168666666666667,0.8,0.72,0.08083157047389894","0,0,0"
36.083333333333336,191,AV,1,0,0,63,3523.1638559153366,0.1,-3.210290298003663,"0.21707142857142855,0.2981346666666666,0.3035625,0.1,0.63,0.1740759897594787","0,0,0"
27.216666666666665,136,AV,1,0,0,38,2255.9253983027734,0.1,-1.5504739795574196,"0.18648148148148144,0.36211163522012574,0.38053333333333333,0.1,0.38,0.11146300955425625","0,0,0"
35.43333333333333,47,AV,1,0,0,55,913.5589076746268,0.7,-5.722046996638802,"0.14088095238095236,0.28495945945945944,0.38629166666666664,0.7,0.55,0.04513802864718944","0,0,0"
52.36666666666667,128,AV,1,0,0,99,2139.4702648744856,0.1,-2.8292153081799807,"0.2141111111111111,0.3042316384180791,0.3265555555555556,0.1,0.99,0.10570907830292801","0,0,0"
44.86666666666667,287,AV,1,0,0,84,11049.706566164488,0.3,-37.557841005195456,"0.1529761904761905,0.26400660066006604,0.33371212121212124,0.3,0.84,0.5459549103364543","0,0,0"
17.583333333333332,210,AV,1,0,0,13,4116.183110063293,0.6,-10.966093891709022,"0.1739027777777778,0.30136639118457303,0.3303809523809524,0.6,0.13,0.2033764758662804","0,0,0"
21.05,232,AV,1,0,0,23,4660.29795945294,0.2,-4.954508689216383,"0.1973425925925926,0.3041711711711712,0.34775757575757565,0.2,0.23,0.23026064442157015","0,0,0"
41.96666666666667,299,AV,1,0,0,74,20239.22920549412,0.1,-21.44881276912214,"0.20346666666666668,0.33326750700280106,0.34224242424242424,0.1,0.74,1.0","0,0,0"
29.166666666666668,43,AV,1,0,0,45,857.6590975250949,0.1,-0.631693358867389,"0.1775,0.3086069444444444,0.3572380952380952,0.1,0.45,0.04237607513690668","0,0,0"
14.9,263,AV,1,0,0,6,6130.868263041086,0.4,-9.227266375688101,"0.1303703703703704,0.28326210826210824,0.34625641025641024,0.4,0.06,0.3029200470429381","0,0,0"
31.8,23,AV,1,0,0,52,636.6552097563458,0.2,-1.0225068520329192,"0.1195,0.30071448087431696,0.35601851851851857,0.2,0.52,0.03145649487400044","0,0,0"
16.166666666666668,5,AV,1,0,0,11,491.0984231068265,1.0,-2.004905178508509,"0.13625,0.28556720430107524,0.3486111111111111,1.0,0.11,0.024264680147676444","0,0,0"
26.966666666666665,291,AV,1,0,0,38,12051.378145129962,0.2,-16.413408955235926,"0.1461111111111111,0.28574928774928776,0.3174666666666667,0.2,0.38,0.5954464976293913","0,0,0"
24.783333333333335,172,AV,2,0,0,2,2991.769966736588,0.2,-3.744749108196386,"0.19202083333333334,0.286749299719888,0.3498076923076923,0.2,0.02,0.14782035107959768","0,0,0"
51.88333333333333,243,AV,1,0,0,97,4925.450001742355,0.7,-45.17276135857225,"0.191537037037037,0.33316804407713496,0.34608333333333335,0.7,0.97,0.24336154068581314","0,0,0"
17.366666666666667,44,AV,1,0,0,13,898.3728471886773,0.7,-2.757883647893187,"0.19146296296296295,0.34018207282913165,0.3691388888888889,0.7,0.13,0.044387700641524724","0,0,0"
19.716666666666665,160,AV,1,0,0,20,2780.081336731352,0.1,-1.3841903288523525,"0.16016666666666668,0.3024552845528456,0.3132142857142857,0.1,0.2,0.1373610283526348","0,0,0"
45.266666666666666,233,AV,1,0,0,87,4687.914961676448,0.1,-5.358744543734526,"0.11216666666666666,0.26901388888888894,0.3118020833333333,0.1,0.87,0.23162517278098077","0,0,0"
39.38333333333333,237,AV,1,0,0,73,4756.448820673547,0.2,-9.460848958965988,"0.15868518518518518,0.3591280864197532,0.3176458333333333,0.2,0.73,0.23501136196344702","0,0,0"
25.95,8,AV,1,0,0,37,508.6019702527906,0.2,-0.6665768246494908,"0.13516666666666668,0.2541051779935275,0.3043333333333333,0.2,0.37,0.025129512843044734","0,0,0"
13.8,62,AV,1,0,0,5,1059.8377785859489,0.4,-1.4773496307561713,"0.20269444444444443,0.3298347953216375,0.35105952380952377,0.4,0.05,0.052365520832099985","0,0,0"
20.716666666666665,229,AV,1,0,0,23,4609.601315671212,0.7,-16.880530743962634,"0.15517777777777778,0.29286578171091443,0.3242777777777778,0.7,0.23,0.2277557741388637","0,0,0"
24.816666666666666,55,AV,1,0,0,34,1011.0784796502788,0.1,-0.633626202104068,"0.1471851851851852,0.31032142857142864,0.3331388888888889,0.1,0.34,0.04995637281363524","0,0,0"
51.81666666666667,165,AV,1,0,0,98,2853.537244729806,0.4,-14.93543315465483,"0.1844666666666667,0.31098087431693994,0.32879166666666665,0.4,0.98,0.14099041103577145","0,0,0"
33.45,92,AV,1,0,0,53,1530.0661682302475,0.1,-1.2924422557399442,"0.16212962962962962,0.24331500000000006,0.32695454545454544,0.1,0.53,0.07559903357460358","0,0,0"
46.63333333333333,189,AV,1,0,0,90,3465.4556083993225,0.1,-4.080953195413007,"0.17206666666666667,0.28291184573002753,0.3426785714285714,0.1,0.9,0.17122468317412964","0,0,0"
41.43333333333333,186,AV,1,0,0,77,3386.12741774329,0.1,-3.542892575972146,"0.20055555555555557,0.3133592896174863,0.39740000000000003,0.1,0.77,0.16730515689916173","0,0,0"
28.966666666666665,24,AV,1,0,0,45,640.5426603936758,0.4,-1.8741803767074219,"0.23352777777777778,0.34280165289256204,0.3693076923076923,0.4,0.45,0.03164856990797825","0,0,0"
25.166666666666668,68,AV,0,0,0,89,1129.1321270070612,0.8,-8.240705426870917,"0.11561666666666667,0.32443888888888894,0.2811666666666666,0.8,0.89,0.05578928503366858","0,0,0"
41.93333333333333,33,AV,1,0,0,73,767.6170681366935,0.2,-1.6256940601278798,"0.15027777777777776,0.3097492997198879,0.35962962962962963,0.2,0.73,0.03792718884414417","0,0,0"
39.083333333333336,148,AV,1,0,0,69,2520.757475212996,0.4,-9.951475217802148,"0.16516666666666666,0.3182103174603176,0.3374444444444444,0.4,0.69,0.12454809665027725","0,0,0"
30.933333333333334,278,AV,1,0,0,46,8493.635575370567,0.2,-13.269518205292737,"0.18326923076923077,0.33225811209439526,0.34347222222222223,0.2,0.46,0.41966200832712014","0,0,0"
31.633333333333333,283,AV,1,0,0,50,9667.367812467324,0.6,-46.33501037389642,"0.19899999999999998,0.3502357357357358,0.4090925925925927,0.6,0.5,0.4776549400331427","0,0,0"
25.0,115,AV,1,0,0,33,1927.298426803608,0.1,-1.2167288048002576,"0.19241666666666668,0.2505616246498599,0.32427272727272727,0.1,0.33,0.09522588075045987","0,0,0"
15.95,65,AV,1,0,0,5,1089.3140785512585,0.2,-0.8775030077218472,"0.1410714285714286,0.3308658854166666,0.3757666666666667,0.2,0.05,0.05382191522667051","0,0,0"
17.316666666666666,276,AV,1,0,0,13,8029.700924090037,0.1,-3.5113044024114264,"0.16724358974358972,0.3335527777777778,0.382952380952381,0.1,0.13,0.39673946287985623","0,0,0"
38.15,20,AV,2,0,0,69,626.2908344343901,0.2,-1.2067169360440395,"0.13803333333333334,0.3166808176100629,0.3771333333333334,0.2,0.69,0.030944401492541913","0,0,0"
43.1,192,AV,1,0,0,77,3558.5090095449787,0.1,-3.873023694732035,"0.12329999999999998,0.32555459770114953,0.3042878787878788,0.1,0.77,0.17582235832276605","0,0,0"
17.6,221,AV,1,0,0,12,4376.119511966378,0.1,-1.9449420053183903,"0.21145833333333333,0.3227397660818714,0.3421018518518518,0.1,0.12,0.2162196725742125","0,0,0"
25.483333333333334,14,AV,1,0,0,34,583.3206434887895,0.5,-1.8768881815958736,"0.15077083333333335,0.25897121212121216,0.30994444444444447,0.5,0.34,0.028821287489073047","0,0,0"
20.983333333333334,296,AV,1,0,0,22,15387.119225735782,0.5,-40.76679946380755,"0.1418333333333333,0.3200839999999999,0.3054,0.5,0.22,0.7602621161856702","0,0,0"
34.75,21,AV,1,0,0,58,627.4062491148882,0.8,-4.40451861752371,"0.14728787878787877,0.2799956521739131,0.3358333333333334,0.8,0.58,0.0309995130123124","0,0,0"
40.233333333333334,12,AV,1,0,0,74,567.9518330451218,0.8,-4.616281902259004,"0.19581481481481483,0.2947899159663866,0.3337916666666667,0.8,0.74,0.028061929991431995","0,0,0"
23.233333333333334,196,AV,1,0,0,28,3724.6301341612702,0.3,-6.555725261389912,"0.16777083333333334,0.2926902654867257,0.3731111111111111,0.3,0.28,0.1840302363466582","0,0,0"
30.1,231,AV,1,0,0,46,4645.51881630073,0.1,-3.5310635447134335,"0.13511666666666666,0.28047759103641456,0.3381212121212121,0.1,0.46,0.2295304217929239","0,0,0"
41.7,183,AV,1,0,0,76,3323.1633986738134,0.1,-3.499391760724698,"0.1463,0.28817610062893084,0.3415476190476191,0.1,0.76,0.16419416791681526","0,0,0"
26.016666666666666,250,AV,1,0,0,36,5354.15698790508,0.7,-24.623263218366503,"0.16115277777777778,0.29766935483870965,0.3239583333333333,0.7,0.36,0.26454352255923097","0,0,0"
36.6,242,AV,1,0,0,66,4924.983441788647,0.1,-4.551878635592537,"0.2138333333333333,0.32697316384180786,0.3360833333333334,0.1,0.66,0.24333848842680805","0,0,0"
30.316666666666666,145,AV,1,0,0,48,2472.005569054355,0.3,-5.677497639027615,"0.12195833333333334,0.30127401129943504,0.34169047619047616,0.3,0.48,0.12213931390150505","0,0,0"
19.45,285,AV,1,0,0,19,10751.672106064549,0.1,-5.280808648054431,"0.23170833333333335,0.3259970760233918,0.35130555555555554,0.1,0.19,0.5312293268137855","0,0,0"
21.783333333333335,267,AV,0,0,0,72,6563.608435155774,0.8,-31.384297053025584,"0.16957142857142857,0.290359649122807,0.3607916666666667,0.8,0.72,0.3243013045859485","0,0,0"
44.18333333333333,166,AV,1,0,0,84,2857.8751728516777,0.4,-12.754591049208415,"0.21891666666666665,0.3069188034188034,0.3064696969696969,0.4,0.84,0.14120474371009553","0,0,0"
22.3,134,AV,1,0,0,23,2239.194506681481,0.1,-1.2609605429039654,"0.14085714285714285,0.32892028985507255,0.3970256410256411,0.1,0.23,0.11063635299281217","0,0,0"
24.083333333333332,286,AV,1,0,0,31,10783.100237376317,0.1,-6.557903974330293,"0.14466666666666664,0.2530575221238938,0.34580952380952384,0.1,0.31,0.5327821592360418","0,0,0"
50.61666666666667,64,AV,1,0,0,92,1083.524948441525,0.3,-4.154880389415292,"0.1922291666666667,0.33350151515151516,0.3943333333333333,0.3,0.92,0.053535880118764236","0,0,0"
29.583333333333332,214,AV,1,0,0,43,4200.245935785981,0.1,-3.137809989907456,"0.14019444444444445,0.2642104519774012,0.29268333333333335,0.1,0.43,0.2075299357075212","0,0,0"
27.116666666666667,159,AV,1,0,0,38,2767.495209174315,1.0,-18.95081946686284,"0.1708888888888889,0.26594047619047617,0.34475641025641024,1.0,0.38,0.1367391604233156","0,0,0"
36.31666666666667,170,AV,1,0,0,65,2946.490055333797,0.2,-5.404378645262916,"0.18473333333333336,0.314688888888889,0.35472916666666665,0.2,0.65,0.1455831161067115","0,0,0"
35.7,36,AV,2,0,0,59,779.0639592631991,0.1,-0.702337963275157,"0.22520833333333332,0.3397486111111111,0.3501833333333333,0.1,0.59,0.0384927682449347","0,0,0"
47.266666666666666,124,AV,1,0,0,89,2105.159940183184,0.1,-2.512724575067134,"0.20266666666666666,0.33981758530183725,0.3779259259259259,0.1,0.89,0.10401383959877876","0,0,0"
25.716666666666665,144,AV,1,0,0,31,2421.0391237858234,0.2,-3.144497784513069,"0.18212499999999998,0.32594632768361576,0.3590625,0.2,0.31,0.1196211129981477","0,0,0"
41.916666666666664,175,AV,1,0,0,76,3031.4508351358254,0.2,-6.41759162488771,"0.16666666666666663,0.2992352150537635,0.3785,0.2,0.76,0.14978094295769478","0,0,0"
48.78333333333333,289,AV,1,0,0,93,11515.391842589095,0.2,-28.371676703079363,"0.153,0.3074041666666667,0.3628333333333334,0.2,0.93,0.5689639524149042","0,0,0"
33.516666666666666,54,AV,1,0,0,54,985.0802174553831,0.2,-1.667505317594929,"0.18379166666666666,0.3396540616246499,0.3695128205128205,0.2,0.54,0.04867182477423469","0,0,0"
49.86666666666667,121,AV,1,0,0,94,2030.86588445069,0.4,-10.229546677233104,"0.17289285714285715,0.2973695652173913,0.33079166666666665,0.4,0.94,0.10034304487739054","0,0,0"
12.35,188,AV,1,0,0,2,3458.1247672483346,0.2,-2.156961660379643,"0.16125,0.2794504950495049,0.3375555555555556,0.2,0.02,0.17086247367116114","0,0,0"
34.166666666666664,161,AV,2,0,0,58,2797.307504072895,0.4,-9.654007379376152,"0.19873611111111114,0.34291449275362335,0.4002777777777778,0.4,0.58,0.13821215599028547","0,0,0"
23.483333333333334,230,AV,1,0,0,29,4635.813442599864,0.1,-2.7490998066595997,"0.1734242424242424,0.31750431034482757,0.3958846153846154,0.1,0.29,0.22905088902009327","0,0,0"
25.916666666666668,217,AV,2,0,0,21,4237.057085974603,0.3,-8.318969404912258,"0.19037037037037038,0.2717485875706215,0.34109523809523806,0.3,0.21,0.20934873768929974","0,0,0"
14.7,204,AV,1,0,0,5,3919.41152379869,0.5,-7.274665328262719,"0.19757407407407407,0.33536850152905195,0.37553333333333333,0.5,0.05,0.1936541892976206","0,0,0"
28.633333333333333,80,AV,1,0,0,42,1386.7650627050614,0.2,-2.005439711891663,"0.21753030303030305,0.2977044817927171,0.3765833333333333,0.2,0.42,0.0685186697885022","0,0,0"
36.516666666666666,142,AV,1,0,0,67,2392.7441380289174,0.9,-19.857963660686963,"0.18906666666666666,0.31334180790960453,0.3595416666666667,0.9,0.67,0.1182230861528751","0,0,0"
52.333333333333336,59,AV,1,0,0,98,1025.7249596144625,0.2,-2.711091223223411,"0.16266666666666668,0.29958918128654966,0.34634259259259265,0.2,0.98,0.050680040687321244","0,0,0"
20.583333333333332,76,AV,1,0,0,22,1297.4303329633815,0.3,-2.023139471224465,"0.20996296296296296,0.3739957264957265,0.37457142857142856,0.3,0.22,0.06410473046133508","0,0,0"
44.53333333333333,86,AV,1,0,0,83,1503.4428459110418,0.1,-1.690740439509387,"0.21588888888888888,0.34318141592920354,0.3620833333333334,0.1,0.83,0.07428360194186243","0,0,0"
24.4,0,AV,1,0,0,34,388.2787303527966,0.1,-0.23924245001535951,"0.21303333333333335,0.31157513661202185,0.3075416666666666,0.1,0.34,0.01918446233354553","0,0,0"
37.61666666666667,245,AV,1,0,0,67,4959.361066312568,0.5,-23.554877791808643,"0.1930925925925926,0.3183123249299721,0.3206833333333334,0.5,0.67,0.24503705234813514","0,0,0"
46.88333333333333,198,AV,1,0,0,90,3778.090807703549,0.3,-13.418900810694549,"0.21618518518518517,0.35790756302521004,0.39476388888888886,0.3,0.9,0.18667167456544997","0,0,0"
22.4,238,AV,1,0,0,25,4818.617258984985,0.1,-2.7256824899309002,"0.16625925925925927,0.32297018970189706,0.358375,0.1,0.25,0.2380830420990997","0,0,0"
44.18333333333333,150,AV,1,0,0,82,2538.843693606908,0.2,-5.665382686659859,"0.22024242424242424,0.35311695906432755,0.3930444444444444,0.2,0.82,0.12544171854715278","0,0,0"
28.983333333333334,83,AV,1,0,0,42,1454.957177165027,0.2,-2.1297731743181667,"0.22141666666666665,0.3207104519774011,0.3715,0.2,0.42,0.07188797371641335","0,0,0"
26.733333333333334,178,AV,0,0,0,92,3097.4575811220984,0.5,-12.95522298005018,"0.18577083333333333,0.31433333333333335,0.31880000000000003,0.5,0.92,0.15304227002287546","0,0,0"
45.0,104,AV,2,0,0,94,1649.648602545546,0.1,-1.8746006847108476,"0.22055555555555556,0.34335109289617494,0.3701481481481481,0.1,0.94,0.08150748162374356","0,0,0"
30.4,197,AV,1,0,0,46,3759.463069718096,0.7,-20.202367202929565,"0.18916666666666668,0.3014628099173554,0.3292051282051282,0.7,0.46,0.18575129672910448","0,0,0"
31.233333333333334,181,AV,2,0,0,39,3197.7177395395383,0.2,-5.044211316411697,"0.20288888888888887,0.35505416666666667,0.37543333333333334,0.2,0.39,0.15799602381455757","0,0,0"
13.2,194,AV,1,0,0,2,3608.770587345788,0.1,-1.2029235291152627,"0.20718518518518514,0.35262063492063495,0.38800000000000007,0.1,0.02,0.17830573243205106","0,0,0"
31.983333333333334,37,AV,1,0,0,53,779.2240782816187,0.2,-1.2586961331838609,"0.14579166666666668,0.3014188405797102,0.32425925925925925,0.2,0.53,0.038500679564916006","0,0,0"
25.933333333333334,11,AV,1,0,0,35,566.7055292848979,0.1,-0.3711253382017261,"0.19605555555555557,0.3811727828746178,0.38657407407407407,0.1,0.35,0.02800035137361163","0,0,0"
46.766666666666666,13,AV,1,0,0,87,572.7967315704935,0.4,-2.705837758900345,"0.21170833333333333,0.3768106666666667,0.36246969696969694,0.4,0.87,0.02830131156452355","0,0,0"
20.55,226,AV,1,0,0,17,4547.885280126284,0.8,-18.880614647797,"0.14308333333333334,0.2757713864306785,0.3004222222222222,0.8,0.17,0.2247064467698068","0,0,0"
45.38333333333333,176,AV,1,0,0,88,3032.1279287666234,0.3,-10.424853977312518,"0.17710416666666667,0.33247424242424245,0.334625,0.3,0.88,0.14981439747436257","0,0,0"
46.13333333333333,52,AV,1,0,0,88,978.4447105201264,0.3,-3.4196148468683205,"0.18195833333333333,0.3197696476964769,0.354397435897436,0.3,0.88,0.04834397103692658","0,0,0"
39.083333333333336,171,AV,1,0,0,71,2969.8754393798326,0.7,-20.517889451776075,"0.1471060606060606,0.25986693548387096,0.34976666666666667,0.7,0.71,0.1467385644594426","0,0,0"
49.56666666666667,163,AV,1,0,0,91,2818.3733061874163,0.1,-3.5277113689399737,"0.1827948717948718,0.3129315476190477,0.33051111111111114,0.1,0.91,0.13925299612805134","0,0,0"
51.9,169,AV,1,0,0,98,2909.8477340427667,1.0,-38.13664075677262,"0.1328,0.3158449275362319,0.3502666666666667,1.0,0.98,0.1437726557913017","0,0,0"
16.533333333333335,50,AV,1,0,0,12,943.1907669438916,0.4,-1.5751603380611794,"0.12603703703703706,0.27262005649717513,0.28519230769230774,0.4,0.12,0.046602109070826375","0,0,0"
25.183333333333334,16,AV,0,0,0,86,595.9176043698985,0.3,-3.636908459852167,"0.15766666666666665,0.3332126436781609,0.3404642857142857,0.3,0.86,0.029443690682060725","0,0,0"
43.983333333333334,187,AV,1,0,0,77,3393.6426315430986,0.2,-7.538571468554073,"0.22857407407407407,0.34652552552552557,0.35803030303030303,0.2,0.77,0.16767647606964517","0,0,0"
22.983333333333334,91,AV,1,0,0,23,1528.3774584247917,0.1,-0.8870507218719647,"0.15516666666666665,0.2929833333333333,0.3466666666666666,0.1,0.23,0.07551559611815158","0,0,0"
14.566666666666666,113,AV,1,0,0,6,1848.7234685638712,0.1,-0.6800439021569123,"0.16895833333333332,0.29580033003300327,0.36482352941176466,0.1,0.06,0.09134357093312716","0,0,0"
12.75,153,AV,1,0,0,1,2675.3892374750885,1.0,-8.61394262065843,"0.17580952380952378,0.3086168091168091,0.3217083333333333,1.0,0.01,0.13218829681264888","0,0,0"
13.45,264,AV,1,0,0,3,6230.691172258436,0.1,-2.1162322289615143,"0.1438888888888889,0.27470081967213117,0.3407777777777777,0.1,0.03,0.3078521967905309","0,0,0"
50.233333333333334,118,AV,1,0,0,97,1950.0200213032829,0.1,-2.4736365085050904,"0.13601851851851854,0.28645794392523366,0.35020833333333334,0.1,0.97,0.09634853192798135","0,0,0"
49.43333333333333,100,AV,1,0,0,91,1594.6992934726818,0.4,-7.962757751582448,"0.22066666666666668,0.35396883468834694,0.38310606060606067,0.4,0.91,0.07879249141759738","0,0,0"
39.88333333333333,79,AV,1,0,0,73,1348.5865378412918,0.8,-10.865884124761656,"0.19297619047619047,0.36085230352303527,0.38325,0.8,0.73,0.0666323071965214","0,0,0"
17.266666666666666,27,AV,1,0,0,9,676.2529471816457,0.3,-0.8845935016163952,"0.17664285714285716,0.3102672672672673,0.32939393939393935,0.3,0.09,0.033412979334117666","0,0,0"
47.05,69,AV,2,0,0,98,1141.0395517097602,0.3,-4.0671144627230476,"0.2142407407407408,0.2999324712643678,0.39761111111111114,0.3,0.98,0.056377618936200136","0,0,0"
49.13333333333333,241,AV,1,0,0,90,4889.272753955773,0.1,-6.066319898426608,"0.15383333333333335,0.2936327913279133,0.3164814814814815,0.1,0.9,0.24157405918544247","0,0,0"
22.383333333333333,126,AV,1,0,0,24,2108.868816674547,1.0,-11.920079212095608,"0.19236363636363635,0.31842307692307686,0.38299999999999995,1.0,0.24,0.10419709146344741","0,0,0"
45.81666666666667,25,AV,1,0,0,88,650.412147456106,0.5,-3.762590474235765,"0.1961111111111111,0.3140483870967742,0.34600000000000003,0.5,0.88,0.03213621135727569","0,0,0"
28.85,252,AV,1,0,0,44,5502.789496653042,0.7,-28.06283683962328,"0.1658939393939394,0.26973983739837404,0.26955555555555555,0.7,0.44,0.27188730562719554","0,0,0"
43.21666666666667,31,AV,2,0,0,84,743.7818724069466,1.0,-8.117114457707123,"0.1782,0.311468954248366,0.32345,1.0,0.84,0.03674951574761752","0,0,0"
49.96666666666667,290,AV,1,0,0,94,11940.25564443948,0.4,-60.264118555605336,"0.12903333333333333,0.3694554597701149,0.389125,0.4,0.94,0.5899560464090298","0,0,0"
36.083333333333336,218,AV,1,0,0,62,4266.216809230351,0.2,-7.774713292915581,"0.15846969696969693,0.2841336206896552,0.30894444444444447,0.2,0.62,0.2107894903464134","0,0,0"
22.216666666666665,88,AV,1,0,0,24,1517.942512651984,0.2,-1.7032132738763424,"0.1844814814814815,0.320081081081081,0.3418,0.2,0.24,0.07500001592155126","0,0,0"
43.06666666666667,177,AV,1,0,0,82,3064.640983136323,0.4,-13.331704209468453,"0.21245238095238098,0.3429669421487603,0.36022222222222217,0.4,0.82,0.1514208348559242","0,0,0"
15.966666666666667,215,AV,1,0,0,11,4223.122456076251,0.3,-5.108271859748799,"0.19454166666666667,0.28998472222222227,0.2910694444444444,0.3,0.11,0.20866024161284988","0,0,0"
50.93333333333333,279,AV,1,0,0,97,8981.750106371177,0.1,-11.552284648598617,"0.19321428571428573,0.30032336182336183,0.3218749999999999,0.1,0.97,0.4437792573608979","0,0,0"
23.466666666666665,87,AV,1,0,0,32,1507.5005543882637,0.2,-1.7866673237194237,"0.21595000000000003,0.32589316239316235,0.31797435897435894,0.2,0.32,0.07448408924481369","0,0,0"
28.683333333333334,227,AV,1,0,0,41,4549.070920567666,0.1,-3.2950130699903,"0.16411111111111112,0.3441558265582656,0.3066515151515151,0.1,0.41,0.22476502807393375","0,0,0"
51.05,261,AV,1,0,0,95,6007.794801579103,0.2,-15.489794172758241,"0.18975641025641024,0.32557057057057065,0.3202361111111111,0.2,0.95,0.29683911084658465","0,0,0"
33.5,106,AV,1,0,0,52,1664.0464513081895,0.2,-2.815432127213351,"0.1721388888888889,0.3217565217391304,0.37916666666666665,0.2,0.52,0.08221886487932402","0,0,0"
44.483333333333334,225,AV,1,0,0,85,4504.939201911708,0.2,-10.12094505884036,"0.12514999999999998,0.2570861111111111,0.2776666666666667,0.2,0.85,0.2225845241521748","0,0,0"
26.416666666666668,297,AV,1,0,0,38,16390.717038727882,0.5,-54.6702157120869,"0.1806969696969697,0.26744927536231883,0.3315357142857143,0.5,0.38,0.8098488767684134","0,0,0"
24.333333333333332,119,AV,1,0,0,33,1986.5043233563797,0.1,-1.2206634310186508,"0.16505555555555557,0.3466233595800524,0.3707142857142857,0.1,0.33,0.09815118467145603","0,0,0"
11.966666666666667,15,AV,1,0,0,2,591.6693204447811,0.1,-0.17879569531959297,"0.11860000000000001,0.29844542772861354,0.33026388888888897,0.1,0.02,0.02923378723751827","0,0,0"
36.333333333333336,213,AV,1,0,0,61,4164.701887555128,1.0,-38.21149038245025,"0.15425757575757576,0.2803262108262108,0.28940740740740745,1.0,0.61,0.20577373996162773","0,0,0"
37.05,185,AV,1,0,0,67,3368.9508766880413,0.4,-12.60804343245373,"0.16354166666666667,0.30658333333333326,0.35665151515151516,0.4,0.67,0.16645648124650464","0,0,0"
26.683333333333334,146,AV,0,0,0,89,2486.38103050259,0.2,-5.850754233867548,"0.17883333333333337,0.2540029239766082,0.28826666666666667,0.2,0.89,0.12284959102235175","0,0,0"
19.55,205,AV,1,0,0,17,3942.222625638348,0.4,-7.7848941748716864,"0.16033333333333336,0.3067411924119241,0.31774358974358974,0.4,0.17,0.19478126294296802","0,0,0"
27.933333333333334,282,AV,1,0,0,38,9095.945853089892,0.8,-51.32931060531536,"0.15545238095238095,0.33677284946236563,0.34535185185185185,0.8,0.38,0.44942155458275634","0,0,0"
34.5,30,AV,1,0,0,59,743.7553910389753,0.2,-1.2959374237800327,"0.18369999999999997,0.3739080000000001,0.3924833333333334,0.2,0.59,0.036748207329806624","0,0,0"
27.7,162,AV,1,0,0,39,2815.231094880572,0.3,-5.907719797590291,"0.20908333333333334,0.35239583333333335,0.3632000000000001,0.3,0.39,0.1390977426213619","0,0,0"
39.083333333333336,149,AV,1,0,0,69,2533.2754137277425,0.1,-2.500223419693416,"0.18670833333333334,0.3165,0.3572592592592592,0.1,0.69,0.12516659542746134","0,0,0"
20.516666666666666,224,AV,1,0,0,18,4434.023444374438,0.2,-4.59451419194018,"0.20270000000000002,0.3199188034188034,0.35275000000000006,0.2,0.18,0.21908064775365965","0,0,0"
52.35,248,AV,1,0,0,96,5307.329693361759,0.4,-28.06451610580688,"0.13877272727272727,0.29049583333333334,0.3303148148148148,0.4,0.96,0.2622298329385507","0,0,0"
27.4,125,AV,1,0,0,39,2105.6010448069283,0.2,-2.9138115468540318,"0.16829999999999998,0.3204729344729344,0.3175897435897436,0.2,0.39,0.104035634135481","0,0,0"
53.483333333333334,272,AV,1,0,0,99,7336.658338656486,0.5,-49.54405852009399,"0.18619696969696967,0.35657886904761904,0.3458809523809524,0.5,0.99,0.3624969243722426","0,0,0"
37.85,258,AV,1,0,0,67,5882.279762541917,1.0,-56.22330530611403,"0.18173333333333336,0.3252940379403794,0.34070833333333334,1.0,0.67,0.29063753875296394","0,0,0"
12.783333333333333,3,AV,1,0,0,2,437.8567856598078,0.2,-0.2826903658258187,"0.19256250000000003,0.3141706989247312,0.384,0.2,0.02,0.021634064282494894","0,0,0"
30.083333333333332,180,AV,0,0,0,100,3158.0604616132755,0.3,-9.697347390419143,"0.21796428571428572,0.37252623456790124,0.37473958333333335,0.3,1.0,0.1560365975180513","0,0,0"
31.816666666666666,108,AV,1,0,0,51,1684.196745492046,0.3,-4.0595095797276715,"0.22375925925925927,0.3409059139784947,0.31347619047619046,0.3,0.51,0.08321447068917306","0,0,0"
39.55,260,AV,1,0,0,67,5960.007005011629,0.8,-47.61985394913332,"0.1771666666666667,0.3059826086956522,0.3801666666666666,0.8,0.67,0.29447796378499097","0,0,0"
40.21666666666667,75,AV,1,0,0,70,1279.3396024785957,0.1,-1.2992619784431194,"0.14784722222222224,0.27684202898550725,0.27764102564102566,0.1,0.7,0.06321088562657848","0,0,0"
6.866666666666666,105,AV,0,0,0,4,1659.6531244520008,0.1,-2.7877849693915087,"0.15018181818181817,0.2744439655172414,0.33897222222222223,0.1,0.04,0.08200179500914358","0,0,0"
14.383333333333333,203,AV,1,0,0,3,3866.930621896856,0.8,-11.236232749821504,"0.2300277777777778,0.3791520467836258,0.3908181818181818,0.8,0.03,0.19106116061214143","0,0,0"
17.4,253,AV,1,0,0,14,5557.427333357366,0.5,-12.209499444497242,"0.20661111111111116,0.36584808259587026,0.39336666666666664,0.5,0.14,0.27458690629625127","0,0,0"
19.533333333333335,70,AV,1,0,0,13,1148.9174546898266,0.1,-0.5667219094682142,"0.1510925925925926,0.3368290960451978,0.3405925925925926,0.1,0.13,0.05676685821503235","0,0,0"
44.15,184,AV,1,0,0,83,3352.9358316496982,0.7,-26.167293403316645,"0.16606666666666667,0.2470682414698162,0.3209166666666667,0.7,0.83,0.16566519394619603","0,0,0"
28.483333333333334,61,AV,0,0,0,96,1047.1205397958274,0.4,-5.5126750884024736,"0.15446296296296297,0.32260504201680673,0.3350740740740741,0.4,0.96,0.051737174828356464","0,0,0"
45.11666666666667,34,AV,1,0,0,87,776.0711537761008,0.7,-6.189298103073794,"0.12214583333333334,0.33620448179271706,0.38691025641025645,0.7,0.87,0.03834489672983343","0,0,0"
48.53333333333333,81,AV,1,0,0,90,1446.9812594843625,0.1,-1.773404641253562,"0.18201515151515152,0.2618954802259887,0.363969696969697,0.1,0.9,0.07149389162960644","0,0,0"
41.333333333333336,39,AV,1,0,0,74,816.2772675203604,0.2,-1.7040131510526042,"0.16893333333333335,0.3143262711864407,0.33988888888888885,0.2,0.74,0.04033144045321521","0,0,0"
36.75,18,AV,1,0,0,60,601.3137559373858,0.1,-0.5580373871388619,"0.16681944444444444,0.3362731092436975,0.37540740740740747,0.1,0.6,0.029710309114645228","0,0,0"
23.183333333333334,40,AV,1,0,0,25,825.4433072334436,0.3,-1.4497369196486365,"0.15238333333333334,0.29589971751412436,0.31945454545454544,0.3,0.25,0.040784325275063815","0,0,0"
44.733333333333334,294,AV,1,0,0,85,13460.811009378149,0.2,-30.41146191007656,"0.19824074074074077,0.34334027777777787,0.36050000000000004,0.2,0.85,0.6650851607394264","0,0,0"
8.633333333333333,72,AV,0,0,0,7,1200.7903182940884,0.1,-2.7617884616482904,"0.17787878787878786,0.30667424242424246,0.33189473684210524,0.1,0.07,0.05932984433854443","0,0,0"
42.016666666666666,138,AV,1,0,0,74,2318.1098695731453,0.2,-4.91915402457399,"0.16144871794871793,0.28,0.3170925925925926,0.2,0.74,0.11453548186231685","0,0,0"
21.05,71,AV,1,0,0,22,1150.4391077840953,0.6,-3.669203518008365,"0.22727083333333334,0.3589714714714715,0.38923809523809516,0.6,0.22,0.056842041567067104","0,0,0"
48.8,58,AV,1,0,0,90,1022.032321197676,0.3,-3.7784225207914077,"0.16296428571428576,0.3072380952380952,0.36699999999999994,0.3,0.9,0.05049759112961852","0,0,0"
21.65,200,AV,1,0,0,19,3803.247088152212,0.1,-2.079300491376146,"0.16065151515151513,0.2684237288135593,0.32227083333333334,0.1,0.19,0.18791462113190488","0,0,0"
20.433333333333334,262,AV,0,0,0,60,6081.635477498837,0.7,-24.466580668305983,"0.2195833333333333,0.351117816091954,0.3715208333333333,0.7,0.6,0.3004875045265025","0,0,0"
10.25,60,AV,1,0,0,0,1040.734547163155,0.6,-1.6162922891548996,"0.26372222222222225,0.3211170798898071,0.3313666666666667,0.6,0.0,0.05142164934229008","0,0,0"
11.65,4,AV,1,0,0,1,449.0833195935783,0.1,-0.1321166836683128,"0.1728148148148148,0.3415960960960961,0.3648461538461539,0.1,0.01,0.022188756055575014","0,0,0"
22.233333333333334,201,AV,1,0,0,26,3824.993837156676,0.3,-6.442603256018947,"0.14150000000000001,0.3308789173789174,0.39838888888888896,0.3,0.26,0.18898910617200515","0,0,0"
31.783333333333335,219,AV,1,0,0,51,4281.8327360815,0.6,-20.619835928554092,"0.1194375,0.26219000000000003,0.35362499999999997,0.6,0.51,0.21156105761770602","0,0,0"
24.516666666666666,116,AV,1,0,0,33,1942.5668635563816,0.3,-3.607974566024542,"0.12029999999999999,0.28275619834710747,0.30109259259259263,0.3,0.33,0.09598027888478354","0,0,0"
40.95,275,AV,1,0,0,73,7658.5640246764915,1.0,-79.19651434608645,"0.15227777777777776,0.3402435897435897,0.3854642857142857,1.0,0.73,0.37840196120697644","0,0,0"
34.083333333333336,66,AV,1,0,0,54,1100.389953660579,0.2,-1.8941897771345828,"0.16639285714285715,0.29717109144542775,0.3221666666666666,0.2,0.54,0.05436916309845774","0,0,0"
12.5,139,AV,1,0,0,0,2326.172138461347,0.5,-3.6713575417634896,"0.19258333333333333,0.3173805555555555,0.38240277777777787,0.5,0.0,0.11493383047561351","0,0,0"
13.5,265,AV,1,0,0,2,6427.339783247283,1.0,-21.911385624706647,"0.15368749999999998,0.2867827868852459,0.33836666666666665,1.0,0.02,0.3175684072742515","0,0,0"
33.78333333333333,85,AV,1,0,0,58,1474.807688008607,0.2,-2.5163595821493656,"0.21459259259259258,0.2866276276276276,0.3088166666666667,0.2,0.58,0.07286876753232566","0,0,0"
50.65,293,AV,1,0,0,93,13351.937436366714,0.2,-34.15533490666536,"0.1832962962962963,0.3026456582633053,0.36520833333333336,0.2,0.93,0.6597058267783346","0,0,0"
42.75,51,AV,1,0,0,77,954.0002559944874,0.6,-6.179319839964293,"0.20538888888888893,0.342358543417367,0.3587777777777778,0.6,0.77,0.04713619507483592","0,0,0"
42.18333333333333,77,AV,1,0,0,78,1310.9401185904849,0.1,-1.3964602020843926,"0.21094444444444446,0.3498555555555556,0.36238888888888887,0.1,0.78,0.06477223540877823","0,0,0"
39.13333333333333,157,AV,1,0,0,69,2758.442965787371,0.2,-5.4518721243002926,"0.24030303030303027,0.35264985994397763,0.39023333333333327,0.2,0.69,0.13629189816371895","0,0,0"
48.766666666666666,6,AV,1,0,0,91,497.26542980048754,1.0,-6.1237316818023,"0.19133333333333333,0.3104089635854342,0.35428571428571426,1.0,0.91,0.024569385758302514","0,0,0"
28.733333333333334,167,AV,1,0,0,44,2891.134206742707,0.7,-14.684430811014726,"0.14950000000000002,0.2642027777777778,0.2945238095238096,0.7,0.44,0.14284803919103217","0,0,0"
30.566666666666666,271,AV,1,0,0,49,7332.887514065835,0.3,-16.9804491171676,"0.20666666666666667,0.34718279569892474,0.39173809523809533,0.3,0.49,0.3623106117141683","0,0,0"
35.9,56,AV,1,0,0,61,1014.5614647146556,0.5,-4.59883290192628,"0.17273333333333332,0.316252,0.3746500000000001,0.5,0.61,0.05012846360963409","0,0,0"
17.383333333333333,130,AV,1,0,0,11,2198.5025098873134,0.2,-1.9301667658354111,"0.14405555555555558,0.28402032520325204,0.30387499999999995,0.2,0.11,0.10862580227563756","0,0,0"
13.983333333333333,9,AV,1,0,0,6,541.9839687696077,0.7,-1.3396767039494553,"0.2039166666666667,0.3475677506775067,0.34907575757575754,0.7,0.06,0.02677888388271631","0,0,0"
26.95,193,AV,1,0,0,36,3583.4963710051925,0.4,-9.755073454403025,"0.13163333333333332,0.2569414414414415,0.3394583333333333,0.4,0.36,0.17705695877155342","0,0,0"
44.733333333333334,236,AV,1,0,0,84,4754.245589533712,0.1,-5.370536684473267,"0.16323333333333334,0.307051724137931,0.3540740740740741,0.1,0.84,0.234902502524312","0,0,0"
33.61666666666667,155,AV,1,0,0,56,2747.619709803412,0.2,-4.664940197536602,"0.17587878787878788,0.3198554572271387,0.35151041666666666,0.2,0.56,0.13575713194935043","0,0,0"
53.71666666666667,202,AV,1,0,0,100,3849.958431883558,0.6,-31.33438390394118,"0.12241666666666667,0.2750455840455841,0.32339999999999997,0.6,1.0,0.19022258173935064","0,0,0"
23.416666666666668,48,AV,1,0,0,31,932.0432837729122,0.1,-0.5511451236115075,"0.12345833333333334,0.3015550595238095,0.3696969696969697,0.1,0.31,0.04605132311658888","0,0,0"
30.35,7,AV,1,0,0,46,506.5869000089976,0.2,-0.7765107280440949,"0.14575925925925926,0.31890476190476186,0.3324444444444444,0.2,0.46,0.025029950244917432","0,0,0"
43.983333333333334,212,AV,1,0,0,80,4159.866430607663,0.3,-13.860969078754572,"0.18704545454545454,0.35346052631578945,0.3796555555555555,0.3,0.8,0.20553482488742356","0,0,0"
33.5,120,AV,1,0,0,53,2011.9739719035176,0.3,-5.1061460650581685,"0.14947222222222223,0.3512478991596638,0.3950222222222222,0.3,0.53,0.09940961444111464","0,0,0"
46.03333333333333,220,AV,1,0,0,88,4343.557359248321,0.2,-10.098405240946013,"0.15035,0.2900650406504065,0.3124047619047619,0.2,0.88,0.21461080929254078","0,0,0"
40.43333333333333,94,AV,1,0,0,75,1564.4426034616197,1.0,-15.97364375419987,"0.1766,0.2867112068965517,0.3410138888888889,1.0,0.75,0.07729753873417955","0,0,0"
36.733333333333334,259,AV,1,0,0,64,5913.041300376779,0.1,-5.4849928560734105,"0.16305952380952385,0.32164043209876547,0.36337878787878786,0.1,0.64,0.2921574354606168","0,0,0"
46.983333333333334,57,AV,1,0,0,91,1020.5842314575186,0.2,-2.421739855621839,"0.13719444444444442,0.28943154761904766,0.3680972222222223,0.2,0.91,0.050426042469071494","0,0,0"
28.95,99,AV,1,0,0,42,1592.6375082496468,0.1,-1.16431454201584,"0.17514102564102565,0.3381463768115942,0.4183333333333333,0.1,0.42,0.0786906206792357","0,0,0"
35.733333333333334,132,AV,1,0,0,60,2218.0502812558643,0.6,-12.008837886395389,"0.17795833333333333,0.33379403794037943,0.33412962962962967,0.6,0.6,0.10959163803796217","0,0,0"
46.56666666666667,179,AV,1,0,0,89,3132.463358685509,0.1,-3.6835448754912936,"0.144875,0.27825482093663917,0.3365666666666667,0.1,0.89,0.15477187035537765","0,0,0"
49.25,284,AV,1,0,0,93,10426.353459350525,0.1,-12.967118885682156,"0.1466333333333333,0.26750730994152044,0.3166363636363636,0.1,0.93,0.5151556590169055","0,0,0"
21.95,223,AV,1,0,0,23,4429.527615460413,0.1,-2.455255837357476,"0.15233333333333332,0.3098416666666667,0.30104761904761906,0.1,0.23,0.2188585133596875","0,0,0"
31.65,103,AV,1,0,0,49,1639.6236094811811,0.9,-11.794110736381677,"0.17720833333333336,0.287483918128655,0.34944444444444445,0.9,0.49,0.08101215677897904","0,0,0"
41.71666666666667,211,AV,2,0,0,90,4135.471393234625,0.1,-4.356517212654153,"0.1500952380952381,0.32566220238095234,0.3772500000000001,0.1,0.9,0.20432949057724065","0,0,0"
43.75,107,AV,1,0,0,81,1682.490559712908,0.3,-5.576436514199979,"0.11690000000000002,0.32136197916666664,0.3578055555555555,0.3,0.81,0.08313016976240285","0,0,0"
33.11666666666667,10,AV,1,0,0,52,546.8646928603165,0.2,-0.9146634214759671,"0.212375,0.3081324786324786,0.3377424242424243,0.2,0.52,0.027020035561031403","0,0,0"
17.1,127,AV,1,0,0,8,2131.3254046090938,0.5,-4.601725305405998,"0.24475000000000002,0.3367431693989071,0.3129333333333334,0.5,0.08,0.10530664893258515","0,0,0"
15.883333333333333,42,AV,1,0,0,9,832.3173438658397,0.2,-0.6676754450371594,"0.1430888888888889,0.23457902298850578,0.28168518518518515,0.2,0.09,0.04112396452528438","0,0,0"
47.333333333333336,67,AV,1,0,0,90,1104.4445206976068,0.1,-1.320127289049328,"0.15710256410256412,0.253816091954023,0.3306363636363636,0.1,0.9,0.05456949518600221","0,0,0"
41.88333333333333,164,AV,1,0,0,75,2850.5966631146844,0.2,-6.029923749501012,"0.12320833333333332,0.22762678062678066,0.34377777777777774,0.2,0.75,0.14084511984976505","0,0,0"
52.416666666666664,158,AV,1,0,0,100,2761.3662775036096,0.8,-29.24073044696583,"0.18148333333333333,0.3247603305785124,0.3356296296296296,0.8,1.0,0.13643633606135613","0,0,0"
24.016666666666666,38,AV,1,0,0,30,807.7368269013535,0.7,-3.4291419919839865,"0.21830303030303033,0.378343567251462,0.36225,0.7,0.3,0.039909465854662395","0,0,0"
46.55,151,AV,1,0,0,87,2619.168197182975,0.8,-24.630763551286357,"0.20804166666666662,0.3547370689655173,0.39050000000000007,0.8,0.87,0.1294104716434546","0,0,0"
