travel_time,id,kind,action,bid_route_0,bid_route_1,bid_route_2,karma_balance,origin,destination,start_time,income,urgency,reward
124.21666666666667,217,AV,0,5,4,6,1,0,0,78,4705.31956239884,0.2,-24.843333333333334
10.383333333333333,183,AV,1,0,5,0,1,0,0,28,9884.322174397852,0.2,-2.0766666666666667
78.56666666666666,225,AV,0,7,4,4,3,0,0,53,3245.380745418587,0.4,-31.426666666666666
75.23333333333333,107,AV,0,8,4,1,3,0,0,51,6563.608435155774,0.1,-7.523333333333333
17.233333333333334,283,AV,0,4,5,6,7,0,0,28,948.3478854920526,0.6,-10.34
71.35,73,AV,0,9,7,1,2,0,0,50,3257.969850357721,0.3,-21.404999999999998
17.766666666666666,221,AV,2,0,1,5,2,0,0,40,4113.319853961603,0.5,-8.883333333333333
12.983333333333333,299,AV,1,1,4,1,3,0,0,36,1062.4074567339185,0.5,-6.491666666666666
108.38333333333334,211,AV,0,7,7,7,16,0,0,68,807.7368269013535,0.3,-32.515
15.583333333333334,194,AV,0,5,0,3,9,0,0,27,4569.840806868062,0.1,-1.5583333333333336
10.883333333333333,99,AV,1,1,7,8,5,0,0,32,4227.85786318916,0.3,-3.2649999999999997
13.833333333333334,125,AV,2,1,0,9,4,0,0,33,1467.6871321740252,0.4,-5.533333333333334
55.65,156,AV,0,7,5,3,0,0,0,47,2574.4307659940623,0.2,-11.13
34.15,8,AV,1,0,5,3,0,0,0,76,1234.5997004771,0.4,-13.66
12.066666666666666,79,AV,2,2,2,6,1,0,0,30,753.7709081553346,0.2,-2.4133333333333336
31.6,278,AV,1,0,6,3,6,0,0,79,1723.69240549938,0.2,-6.32
14.0,290,AV,1,1,4,4,5,0,0,39,2909.8477340427667,0.4,-5.6000000000000005
16.85,188,AV,2,1,2,3,6,0,0,35,1822.2981036688468,0.1,-1.6850000000000003
27.733333333333334,102,AV,0,8,1,8,1,0,0,36,1564.4426034616197,0.2,-5.546666666666667
62.9,248,AV,0,5,3,4,0,0,0,49,4635.813442599864,0.2,-12.58
120.81666666666666,223,AV,0,9,6,1,2,0,0,76,2022.4315636845977,0.1,-12.081666666666667
38.15,263,AV,0,5,0,0,9,0,0,42,3292.2479258152307,0.3,-11.444999999999999
63.13333333333333,103,AV,0,4,6,6,9,0,0,49,1888.2149669861096,0.8,-50.50666666666667
82.31666666666666,19,AV,0,4,4,4,2,0,0,56,1697.366940102563,0.1,-8.231666666666667
8.95,277,AV,1,2,4,0,7,0,0,21,1074.3823512953045,0.1,-0.895
11.566666666666666,10,AV,1,1,4,3,7,0,0,34,5960.007005011629,0.1,-1.1566666666666667
111.85,288,AV,0,8,2,8,0,0,0,69,5899.132481879994,0.2,-22.37
29.866666666666667,184,AV,2,3,2,9,1,0,0,60,3531.3895067900216,0.2,-5.973333333333334
18.2,158,AV,2,1,1,1,7,0,0,39,857.6590975250949,0.2,-3.64
27.783333333333335,247,AV,1,2,6,5,2,0,0,62,13460.811009378149,0.3,-8.335
9.883333333333333,66,AV,1,1,5,3,6,0,0,28,7592.14370769901,0.2,-1.9766666666666666
77.06666666666666,224,AV,0,5,3,0,1,0,0,51,1541.4014724042315,0.1,-7.706666666666667
122.45,97,AV,0,6,7,8,2,0,0,76,5862.871835726062,0.5,-61.225
20.183333333333334,293,AV,1,2,5,8,6,0,0,47,14297.77376075636,0.3,-6.055
20.85,13,AV,2,2,3,4,3,0,0,45,8139.327108000771,0.5,-10.425
104.71666666666667,5,AV,0,6,6,9,7,0,0,65,3032.1279287666234,0.2,-20.943333333333335
18.933333333333334,68,AV,0,5,2,5,3,0,0,28,8639.921150992108,0.1,-1.8933333333333335
23.616666666666667,177,AV,1,2,5,1,0,0,0,52,1244.4027248274256,0.1,-2.361666666666667
117.23333333333333,168,AV,0,9,1,6,8,0,0,74,457.16351791608827,0.1,-11.723333333333334
96.05,2,AV,0,5,2,3,3,0,0,61,4660.29795945294,0.6,-57.629999999999995
64.83333333333333,40,AV,0,7,5,1,12,0,0,49,8689.506535985933,0.1,-6.483333333333333
24.633333333333333,244,AV,1,2,5,1,0,0,0,57,4967.653125719208,0.1,-2.4633333333333334
27.516666666666666,60,AV,2,2,1,9,5,0,0,56,7336.658338656486,0.2,-5.503333333333334
71.53333333333333,275,AV,0,4,4,9,14,0,0,50,943.1907669438916,0.2,-14.306666666666667
36.8,271,AV,2,3,3,6,0,0,0,74,2222.040577514192,0.1,-3.6799999999999997
64.7,18,AV,0,4,9,1,8,0,0,49,541.9839687696077,0.1,-6.470000000000001
27.833333333333332,205,AV,1,2,6,3,1,0,0,62,2329.0008356791827,0.3,-8.35
36.016666666666666,9,AV,2,0,3,5,1,0,0,97,1150.4391077840953,0.6,-21.61
126.48333333333333,37,AV,0,7,4,6,4,0,0,80,3783.636689084741,0.1,-12.648333333333333
13.0,249,AV,1,0,7,3,11,0,0,36,10071.894878668398,0.2,-2.6
16.783333333333335,215,AV,2,2,1,0,5,0,0,35,2052.607856914241,0.3,-5.035
16.116666666666667,281,AV,2,0,3,3,5,0,0,36,4459.768546990965,0.3,-4.835
24.616666666666667,75,AV,1,1,7,2,4,0,0,56,508.6019702527906,0.4,-9.846666666666668
17.333333333333332,291,AV,2,1,0,1,6,0,0,35,3169.820795106812,0.4,-6.933333333333334
23.383333333333333,210,AV,1,0,6,3,5,0,0,51,1239.4416864014672,0.1,-2.3383333333333334
30.283333333333335,170,AV,1,2,7,4,1,0,0,69,2280.385817754286,0.1,-3.0283333333333338
11.1,117,AV,2,3,3,1,7,0,0,3,5502.789496653042,0.3,-3.3299999999999996
90.75,7,AV,0,5,6,3,14,0,0,59,586.8516376274475,0.1,-9.075000000000001
13.45,266,AV,1,0,6,3,3,0,0,37,2318.2944376966047,0.2,-2.69
31.016666666666666,171,AV,1,3,6,7,3,0,0,73,1503.4428459110418,0.4,-12.406666666666666
20.366666666666667,25,AV,1,0,8,8,2,0,0,48,491.8679742725259,0.3,-6.11
9.366666666666667,47,AV,1,3,9,2,0,0,0,26,3628.2404526711953,0.2,-1.8733333333333335
66.51666666666667,26,AV,0,6,2,4,3,0,0,49,2580.565825479665,0.4,-26.60666666666667
59.28333333333333,203,AV,0,4,0,4,5,0,0,48,1261.43865123121,0.2,-11.856666666666667
7.366666666666666,282,AV,1,2,7,8,4,0,0,9,3064.640983136323,0.6,-4.42
24.266666666666666,198,AV,0,7,2,1,1,0,0,34,7612.519032757181,0.1,-2.4266666666666667
39.916666666666664,265,AV,0,4,5,7,4,0,0,42,2158.6935677652164,0.2,-7.983333333333333
33.06666666666667,145,AV,0,8,5,2,3,0,0,40,3046.5766145774583,0.3,-9.92
48.833333333333336,112,AV,0,4,5,1,3,0,0,45,1104.4445206976068,0.4,-19.533333333333335
14.2,113,AV,1,3,4,4,1,0,0,38,1411.5824788559885,0.8,-11.36
115.6,45,AV,0,7,7,7,1,0,0,72,4416.224882412617,0.2,-23.12
24.2,132,AV,1,1,4,4,4,0,0,55,1260.6549751070208,0.4,-9.68
77.46666666666667,174,AV,0,5,3,6,10,0,0,52,3580.4564780460023,0.3,-23.24
61.06666666666667,41,AV,0,6,6,1,6,0,0,48,8981.750106371177,0.2,-12.213333333333335
112.0,164,AV,0,9,6,7,0,0,0,69,11940.25564443948,0.1,-11.200000000000001
113.46666666666667,219,AV,0,5,6,4,1,0,0,69,5341.061461458292,0.1,-11.346666666666668
39.86666666666667,135,AV,0,6,2,6,1,0,0,42,767.6170681366935,0.2,-7.973333333333334
21.033333333333335,212,AV,2,1,3,2,10,0,0,44,1921.5023446668008,0.2,-4.206666666666667
28.0,286,AV,2,1,1,1,6,0,0,51,2818.3733061874163,0.1,-2.8000000000000003
12.166666666666666,195,AV,2,3,2,4,2,0,0,27,2193.4249838744518,0.3,-3.6499999999999995
101.65,33,AV,0,6,6,6,10,0,0,64,566.7055292848979,0.3,-30.495
17.483333333333334,154,AV,1,2,7,4,3,0,0,46,2675.3892374750885,0.3,-5.245
110.26666666666667,131,AV,0,8,3,7,0,0,0,68,646.5589615252754,0.1,-11.026666666666667
73.43333333333334,65,AV,0,7,4,6,1,0,0,50,3382.383844415393,0.2,-14.686666666666667
8.9,228,AV,1,3,5,6,6,0,0,19,4549.070920567666,0.2,-1.7800000000000002
17.316666666666666,128,AV,2,1,1,4,7,0,0,40,7362.36439851089,0.2,-3.4633333333333334
16.4,173,AV,1,3,8,1,1,0,0,40,2458.2611968747465,0.1,-1.64
22.716666666666665,178,AV,0,4,9,1,5,0,0,32,849.0657401736111,0.9,-20.445
66.45,147,AV,0,6,8,7,7,0,0,49,4021.28082322038,0.1,-6.6450000000000005
25.016666666666666,31,AV,2,0,2,8,4,0,0,50,572.7967315704935,0.1,-2.501666666666667
50.4,220,AV,0,7,2,0,0,0,0,45,4951.479839002994,0.4,-20.16
14.666666666666666,78,AV,1,2,5,0,1,0,0,38,2891.134206742707,0.1,-1.4666666666666668
20.85,63,AV,0,4,0,7,7,0,0,31,3236.647802754315,0.2,-4.170000000000001
24.566666666666666,85,AV,1,2,5,5,5,0,0,54,7334.728577480919,0.7,-17.196666666666665
17.133333333333333,185,AV,0,9,8,0,1,0,0,27,3508.846318545673,0.4,-6.8533333333333335
26.966666666666665,23,AV,2,0,0,1,14,0,0,52,5913.041300376779,0.3,-8.09
15.383333333333333,22,AV,2,0,3,6,11,0,0,37,3987.5502105766736,0.7,-10.768333333333333
33.083333333333336,57,AV,0,6,1,3,4,0,0,40,2411.397471856681,0.4,-13.233333333333334
26.7,101,AV,1,3,7,0,0,0,0,61,2857.6088215719105,0.2,-5.34
28.25,160,AV,1,0,8,5,6,0,0,64,1824.367004680513,0.1,-2.825
106.7,16,AV,0,6,8,2,7,0,0,67,736.5379020629116,0.2,-21.340000000000003
50.68333333333333,179,AV,0,6,7,8,19,0,0,45,3438.9188747307694,0.1,-5.068333333333333
45.18333333333333,110,AV,0,7,6,1,1,0,0,43,601.3137559373858,0.3,-13.554999999999998
9.716666666666667,133,AV,1,2,6,5,2,0,0,24,8975.220492497892,1.0,-9.716666666666667
21.466666666666665,20,AV,1,1,4,5,2,0,0,50,1260.3927948639828,0.1,-2.1466666666666665
6.9,46,AV,0,9,1,0,0,0,0,16,2347.541384251396,0.6,-4.14
22.9,86,AV,2,1,0,4,1,0,0,48,3742.7752140142647,0.3,-6.869999999999999
17.083333333333332,17,AV,1,2,9,0,2,0,0,41,779.2240782816187,0.9,-15.375
12.566666666666666,196,AV,1,2,5,3,1,0,0,34,3393.6426315430986,0.2,-2.5133333333333336
10.966666666666667,59,AV,2,1,2,8,0,0,0,12,2987.078671303881,0.1,-1.0966666666666667
52.05,252,AV,0,8,3,2,5,0,0,46,1691.6338586686718,0.1,-5.205
17.766666666666666,214,AV,2,2,2,2,14,0,0,39,1022.032321197676,0.3,-5.329999999999999
30.4,14,AV,1,1,6,9,10,0,0,68,4669.869929992837,0.2,-6.08
20.7,124,AV,2,0,2,1,6,0,0,45,2497.1975937909187,0.5,-10.35
20.733333333333334,39,AV,0,4,1,2,2,0,0,30,424.9057127261393,0.3,-6.22
28.65,208,AV,1,0,9,1,6,0,0,67,777.0630287344238,0.3,-8.594999999999999
83.8,150,AV,0,4,3,2,2,0,0,56,2964.6777926145683,0.2,-16.76
14.783333333333333,207,AV,1,3,6,5,4,0,0,39,3251.3322332141274,0.1,-1.4783333333333335
16.466666666666665,62,AV,1,3,7,5,6,0,0,40,904.859336063587,0.1,-1.6466666666666665
41.666666666666664,137,AV,0,6,0,9,6,0,0,42,1265.4739572733297,0.1,-4.166666666666667
13.716666666666667,267,AV,2,1,3,2,6,0,0,32,2326.172138461347,0.1,-1.3716666666666668
18.233333333333334,256,AV,1,2,6,6,3,0,0,45,1782.711710770346,0.2,-3.646666666666667
80.25,143,AV,0,7,4,0,0,0,0,55,1083.524948441525,0.2,-16.05
20.416666666666668,116,AV,2,2,2,5,4,0,0,43,7864.29237148983,0.1,-2.041666666666667
19.033333333333335,149,AV,1,3,6,2,0,0,0,47,682.056612603955,0.1,-1.9033333333333335
37.86666666666667,264,AV,0,5,1,3,0,0,0,42,4104.202624979457,0.5,-18.933333333333334
83.85,268,AV,0,6,2,1,0,0,0,56,4925.450001742355,0.4,-33.54
18.966666666666665,136,AV,0,5,9,3,4,0,0,29,950.4213588862824,0.1,-1.8966666666666665
27.916666666666668,29,AV,1,0,4,3,7,0,0,61,1434.2863071033526,0.3,-8.375
85.58333333333333,197,AV,0,8,5,2,6,0,0,57,3773.692032315799,0.1,-8.558333333333334
6.8,172,AV,0,8,0,8,1,0,0,14,2857.8751728516777,0.6,-4.08
23.65,239,AV,1,0,8,3,7,0,0,52,5307.329693361759,0.4,-9.459999999999999
28.1,42,AV,1,1,5,0,2,0,0,62,6230.691172258436,0.1,-2.8100000000000005
29.2,38,AV,2,0,3,8,9,0,0,58,871.0408974081768,0.2,-5.84
29.85,255,AV,0,6,1,2,1,0,0,38,571.0932451196882,0.5,-14.925
20.516666666666666,134,AV,1,1,6,3,10,0,0,48,816.2772675203604,0.2,-4.1033333333333335
52.38333333333333,32,AV,0,8,3,0,5,0,0,46,2105.6010448069283,0.9,-47.145
15.933333333333334,153,AV,1,1,7,5,0,0,0,39,11662.42845360034,0.3,-4.78
73.45,100,AV,0,7,1,5,7,0,0,50,4015.909421979459,0.3,-22.035
30.483333333333334,144,AV,1,1,8,3,0,0,0,71,2337.3116255789537,0.4,-12.193333333333335
106.68333333333334,298,AV,0,6,1,3,11,0,0,67,4446.537177105173,0.4,-42.67333333333334
11.666666666666666,146,AV,1,3,7,6,5,0,0,34,14754.343640924068,0.2,-2.3333333333333335
103.06666666666666,169,AV,0,5,7,7,2,0,0,64,938.3100494872764,0.1,-10.306666666666667
96.06666666666666,27,AV,0,7,8,6,6,0,0,61,591.6693204447811,0.2,-19.213333333333335
23.65,142,AV,1,2,6,5,6,0,0,49,1797.659883656486,0.4,-9.459999999999999
23.866666666666667,82,AV,1,2,8,4,3,0,0,53,4237.057085974603,0.1,-2.3866666666666667
82.03333333333333,104,AV,0,6,2,8,11,0,0,55,522.440884226393,0.4,-32.81333333333333
28.166666666666668,34,AV,1,0,4,6,2,0,0,62,588.8906571209208,0.2,-5.633333333333334
31.033333333333335,120,AV,0,4,1,2,4,0,0,39,3097.4575811220984,0.2,-6.206666666666667
91.05,55,AV,0,7,0,3,0,0,0,60,5200.876525735832,0.2,-18.21
129.16666666666666,250,AV,0,7,7,7,1,0,0,94,9280.176126726552,0.5,-64.58333333333333
7.366666666666666,241,AV,1,1,4,3,3,0,0,16,20239.22920549412,0.2,-1.4733333333333334
127.63333333333334,4,AV,0,4,5,1,3,0,0,83,5354.15698790508,0.4,-51.05333333333334
8.416666666666666,159,AV,0,4,3,7,9,0,0,16,873.8892656114449,0.3,-2.525
85.71666666666667,213,AV,0,5,0,2,1,0,0,56,615.3970356119416,0.7,-60.001666666666665
25.7,96,AV,0,4,6,6,4,0,0,34,546.8646928603165,0.5,-12.85
30.416666666666668,139,AV,1,3,9,5,8,0,0,70,3654.013033637752,0.2,-6.083333333333334
18.083333333333332,123,AV,2,0,3,6,1,0,0,39,926.7012599248138,0.3,-5.425
31.633333333333333,152,AV,2,2,3,4,2,0,0,64,437.8567856598078,0.6,-18.98
13.083333333333334,227,AV,1,0,6,5,4,0,0,36,776.0711537761008,0.4,-5.233333333333334
99.88333333333334,240,AV,0,9,8,9,0,0,0,63,742.6585956180782,0.3,-29.965
117.1,129,AV,0,8,0,1,9,0,0,74,4707.821121085941,0.9,-105.39
21.533333333333335,6,AV,2,0,1,1,7,0,0,44,9095.945853089892,0.3,-6.46
26.883333333333333,35,AV,2,2,3,0,7,0,0,50,1661.9571573900298,0.3,-8.065
27.883333333333333,72,AV,2,2,0,8,0,0,0,53,3487.44186130441,0.3,-8.365
122.36666666666666,216,AV,0,5,2,2,0,0,0,77,17322.90883950548,0.2,-24.473333333333333
36.43333333333333,81,AV,0,8,8,9,1,0,0,41,5702.891177591027,0.1,-3.643333333333333
16.3,28,AV,1,1,5,3,2,0,0,39,539.5213747330826,0.1,-1.6300000000000001
108.25,11,AV,0,6,5,6,0,0,0,67,3933.772930850901,0.2,-21.650000000000002
119.0,285,AV,0,7,9,9,4,0,0,75,3389.778327720714,0.1,-11.9
5.2,191,AV,0,7,9,1,8,0,0,3,1421.705549214182,0.1,-0.52
25.816666666666666,24,AV,2,0,2,0,8,0,0,53,5844.130995646287,0.4,-10.326666666666668
118.78333333333333,237,AV,0,4,5,7,3,0,0,74,1373.5659577718477,0.3,-35.635
41.78333333333333,126,AV,0,8,2,9,5,0,0,42,4617.971391102537,0.4,-16.713333333333335
31.8,246,AV,1,3,4,3,4,0,0,85,1664.0464513081895,0.3,-9.54
20.8,279,AV,1,0,5,8,3,0,0,48,3942.222625638348,0.1,-2.08
10.883333333333333,3,AV,1,2,7,9,5,0,0,31,3301.717979419838,0.3,-3.2649999999999997
16.183333333333334,176,AV,1,2,7,3,2,0,0,39,1490.1599361877834,0.1,-1.6183333333333334
8.45,180,AV,0,5,3,2,0,0,0,16,3414.9419898187493,0.2,-1.69
31.066666666666666,206,AV,1,2,6,5,0,0,0,69,3539.477986656502,0.5,-15.533333333333333
10.283333333333333,92,AV,1,2,5,5,1,0,0,25,11515.391842589095,0.3,-3.085
26.033333333333335,259,AV,2,3,1,0,9,0,0,50,932.1411738504048,0.1,-2.6033333333333335
103.26666666666667,94,AV,0,8,7,1,5,0,0,64,4381.240268036911,0.1,-10.326666666666668
34.8,258,AV,0,4,5,4,3,0,0,40,4687.914961676448,0.3,-10.44
24.45,192,AV,2,3,2,4,1,0,0,46,1526.0895405694364,0.6,-14.669999999999998
92.51666666666667,71,AV,0,7,4,0,8,0,0,60,2198.5025098873134,0.3,-27.755
11.483333333333333,235,AV,1,2,7,3,5,0,0,33,2476.7926805910606,0.1,-1.1483333333333332
23.183333333333334,297,AV,1,2,6,3,1,0,0,50,2965.4163440895786,0.2,-4.636666666666667
57.53333333333333,50,AV,0,6,1,1,0,0,0,47,3101.095365071405,0.6,-34.519999999999996
35.31666666666667,182,AV,2,3,2,3,12,0,0,76,11185.875164713363,0.1,-3.531666666666667
20.233333333333334,189,AV,1,3,6,3,1,0,0,47,1348.5865378412918,0.1,-2.0233333333333334
31.15,84,AV,0,4,3,1,7,0,0,39,923.9636394510808,0.6,-18.689999999999998
67.96666666666667,165,AV,0,9,7,5,8,0,0,49,8475.089255911002,1.0,-67.96666666666667
12.616666666666667,254,AV,1,1,4,0,2,0,0,34,4577.590037133467,0.2,-2.5233333333333334
8.9,251,AV,1,1,4,3,8,0,0,17,1945.516475481125,0.1,-0.8900000000000001
10.183333333333334,201,AV,0,7,1,4,17,0,0,18,3119.7161673652217,0.3,-3.055
68.13333333333334,51,AV,0,4,7,3,8,0,0,49,548.7192496267361,1.0,-68.13333333333334
43.516666666666666,0,AV,0,4,7,9,11,0,0,42,2398.572127464108,0.3,-13.055
12.75,111,AV,1,1,5,0,9,0,0,35,3197.7177395395383,0.2,-2.5500000000000003
12.433333333333334,292,AV,0,8,7,2,4,0,0,20,859.2772315809713,0.1,-1.2433333333333334
57.5,269,AV,0,5,1,7,2,0,0,47,3724.6301341612702,0.5,-28.75
9.083333333333334,53,AV,1,1,6,3,7,0,0,24,3158.0604616132755,0.3,-2.725
125.88333333333334,274,AV,0,5,2,4,2,0,0,79,1386.7650627050614,0.3,-37.765
127.51666666666667,187,AV,0,5,2,1,0,0,0,88,1848.7234685638712,0.4,-51.00666666666667
26.566666666666666,89,AV,2,0,1,6,0,0,0,49,1581.4824060924602,0.7,-18.596666666666664
20.983333333333334,70,AV,1,0,7,8,3,0,0,49,1594.6992934726818,0.1,-2.0983333333333336
29.5,295,AV,2,3,1,8,1,0,0,63,1832.3133019091129,0.3,-8.85
13.833333333333334,202,AV,0,7,4,5,4,0,0,26,417.8295094645922,0.4,-5.533333333333334
22.783333333333335,186,AV,0,4,9,1,5,0,0,31,2520.718778515204,0.1,-2.2783333333333338
15.6,257,AV,0,9,8,9,1,0,0,26,1040.734547163155,0.2,-3.12
17.166666666666668,273,AV,1,0,8,7,9,0,0,42,2239.257430619588,0.3,-5.15
23.766666666666666,130,AV,2,2,0,5,0,0,0,44,877.2934597877683,0.1,-2.3766666666666665
92.66666666666667,122,AV,0,9,4,0,8,0,0,60,1628.9397076974285,0.2,-18.533333333333335
23.9,243,AV,1,1,9,7,2,0,0,53,3257.3450634265246,0.5,-11.95
33.86666666666667,114,AV,1,2,8,4,0,0,0,80,3803.247088152212,0.3,-10.16
53.86666666666667,108,AV,0,7,9,8,6,0,0,46,1141.0395517097602,0.2,-10.773333333333333
12.233333333333333,260,AV,0,4,0,6,7,0,0,18,12051.378145129962,0.3,-3.6699999999999995
28.05,162,AV,2,3,1,3,13,0,0,58,1596.1763216794554,0.1,-2.805
97.76666666666667,233,AV,0,7,3,0,0,0,0,61,2927.9701715656583,0.1,-9.776666666666667
22.083333333333332,155,AV,2,3,0,1,6,0,0,45,4572.8741748457805,0.5,-11.041666666666666
31.15,121,AV,2,3,3,2,6,0,0,61,2744.255474143275,0.1,-3.115
27.8,93,AV,0,6,2,0,0,0,0,37,1475.2077210572677,0.3,-8.34
24.183333333333334,76,AV,0,4,7,3,3,0,0,33,4196.147454418583,0.1,-2.4183333333333334
59.1,161,AV,0,7,4,4,7,0,0,47,4245.708624069837,0.5,-29.55
26.0,175,AV,1,0,7,5,7,0,0,60,640.5426603936758,0.2,-5.2
30.466666666666665,98,AV,2,0,1,6,0,0,0,59,863.3540159882258,1.0,-30.466666666666665
13.666666666666666,280,AV,1,1,5,0,12,0,0,38,954.0002559944874,0.2,-2.7333333333333334
46.88333333333333,261,AV,0,4,2,4,4,0,0,43,1338.7213376931895,0.3,-14.065
16.816666666666666,166,AV,1,1,8,6,6,0,0,40,2397.5381966938494,0.5,-8.408333333333333
33.916666666666664,67,AV,2,2,2,5,7,0,0,75,2187.718469250836,0.3,-10.174999999999999
4.966666666666667,294,AV,0,8,6,0,3,0,0,13,1150.2916000513435,0.4,-1.9866666666666668
27.483333333333334,163,AV,2,1,0,0,6,0,0,53,1297.4303329633815,0.2,-5.496666666666667
16.816666666666666,48,AV,1,2,7,9,2,0,0,41,870.7377108213431,0.3,-5.045
87.4,238,AV,0,6,1,5,0,0,0,58,437.5592869272848,0.2,-17.48
36.416666666666664,49,AV,0,8,5,8,0,0,0,41,2563.744074524839,0.7,-25.491666666666664
110.23333333333333,272,AV,0,8,3,2,4,0,0,68,649.7132696839626,0.3,-33.07
99.55,245,AV,0,9,5,2,1,0,0,62,881.2906222289953,0.4,-39.82
25.566666666666666,289,AV,1,3,5,2,2,0,0,56,1552.9853059451273,0.4,-10.226666666666667
11.333333333333334,95,AV,2,1,3,3,12,0,0,17,7332.887514065835,0.3,-3.4
10.466666666666667,61,AV,1,1,7,3,9,0,0,31,1167.011530479414,0.1,-1.0466666666666666
28.75,234,AV,1,0,7,2,4,0,0,64,3159.4556453821087,0.1,-2.875
17.266666666666666,36,AV,1,1,7,5,0,0,0,42,7081.334819999852,0.4,-6.906666666666666
26.2,222,AV,1,3,6,1,0,0,0,60,3534.445695738256,0.4,-10.48
120.63333333333334,88,AV,0,6,2,6,5,0,0,75,6778.2755320215965,0.1,-12.063333333333334
94.5,200,AV,0,5,8,4,11,0,0,60,3206.59631480788,0.1,-9.450000000000001
78.45,232,AV,0,4,6,0,10,0,0,53,3366.895459871004,0.2,-15.690000000000001
69.78333333333333,157,AV,0,5,4,2,1,0,0,49,4662.282088415262,0.2,-13.956666666666667
22.166666666666668,262,AV,2,1,1,6,5,0,0,47,8987.822610831106,0.1,-2.216666666666667
61.083333333333336,80,AV,0,5,5,3,11,0,0,48,3151.1733449572957,0.1,-6.108333333333334
53.93333333333333,90,AV,0,9,9,7,1,0,0,46,1005.9867386644172,0.1,-5.3933333333333335
69.95,105,AV,0,8,1,7,5,0,0,49,4818.617258984985,0.1,-6.995000000000001
16.483333333333334,141,AV,1,0,7,3,8,0,0,37,985.8695826897422,0.2,-3.296666666666667
13.716666666666667,44,AV,1,2,9,4,0,0,0,37,3941.04555698938,0.2,-2.7433333333333336
98.06666666666666,209,AV,0,7,7,6,0,0,0,61,7572.106998522375,0.2,-19.613333333333333
94.5,119,AV,0,5,5,6,5,0,0,60,2131.3254046090938,0.5,-47.25
26.25,193,AV,1,2,6,3,1,0,0,60,3778.090807703549,0.2,-5.25
10.216666666666667,151,AV,0,9,4,5,3,0,0,18,1927.298426803608,0.1,-1.0216666666666667
87.66666666666667,74,AV,0,7,5,9,3,0,0,58,3017.17067826153,0.7,-61.36666666666667
49.016666666666666,287,AV,0,4,0,7,3,0,0,43,473.5024380788758,0.6,-29.409999999999997
31.05,106,AV,1,2,6,1,5,0,0,74,2318.1098695731453,0.1,-3.1050000000000004
20.716666666666665,69,AV,2,0,0,3,5,0,0,41,844.3352662229099,0.1,-2.0716666666666668
21.233333333333334,270,AV,1,2,7,0,0,0,0,49,542.8991684878858,0.8,-16.986666666666668
80.28333333333333,83,AV,0,9,6,4,8,0,0,54,1454.957177165027,0.3,-24.084999999999997
10.416666666666666,230,AV,1,2,5,6,7,0,0,28,1434.4967426379471,0.2,-2.0833333333333335
113.6,138,AV,0,8,7,5,12,0,0,70,2382.718205806423,0.1,-11.36
89.11666666666666,12,AV,0,7,4,0,0,0,0,58,5882.279762541917,0.3,-26.734999999999996
43.61666666666667,181,AV,0,5,3,5,1,0,0,42,1517.942512651984,0.1,-4.361666666666667
8.783333333333333,148,AV,1,0,6,1,1,0,0,16,832.3173438658397,0.1,-0.8783333333333334
104.98333333333333,52,AV,0,8,2,2,0,0,0,66,1718.6657268339234,0.1,-10.498333333333335
45.21666666666667,190,AV,0,5,0,5,9,0,0,42,388.2787303527966,0.3,-13.565
23.5,226,AV,1,1,7,2,11,0,0,51,8795.495569618428,0.2,-4.7
89.05,15,AV,0,8,7,2,8,0,0,58,3882.59008652233,1.0,-89.05
129.28333333333333,167,AV,0,9,5,4,0,0,0,94,2520.757475212996,0.1,-12.928333333333335
9.6,87,AV,1,2,4,0,2,0,0,22,742.4887258523852,0.1,-0.96
14.0,127,AV,2,1,2,0,8,0,0,31,465.3670128771111,0.1,-1.4000000000000001
55.733333333333334,43,AV,0,8,3,3,6,0,0,46,2530.9644311939346,0.5,-27.866666666666667
101.45,199,AV,0,5,1,3,7,0,0,63,3752.1132597063192,0.2,-20.290000000000003
115.6,276,AV,0,8,9,4,1,0,0,70,6130.868263041086,0.3,-34.68
13.683333333333334,296,AV,0,4,2,6,5,0,0,22,863.5619359671642,0.1,-1.3683333333333334
34.71666666666667,64,AV,0,6,8,4,3,0,0,40,4754.245589533712,0.1,-3.471666666666667
21.883333333333333,253,AV,2,1,1,1,8,0,0,46,1148.2139867956057,0.3,-6.5649999999999995
29.45,56,AV,0,5,7,0,2,0,0,37,1751.9448432672848,0.3,-8.834999999999999
20.133333333333333,30,AV,1,0,5,6,24,0,0,47,1592.2311391495805,0.4,-8.053333333333333
24.066666666666666,109,AV,1,1,5,2,2,0,0,53,2722.266725979925,0.6,-14.44
17.65,58,AV,1,0,7,3,9,0,0,41,1509.578116022191,0.1,-1.765
33.06666666666667,242,AV,2,3,0,7,1,0,0,68,597.1498506777683,0.1,-3.306666666666667
20.05,118,AV,2,3,3,0,7,0,0,43,837.3801312568858,0.9,-18.045
75.25,21,AV,0,4,1,5,2,0,0,50,720.4688823460104,0.4,-30.1
130.96666666666667,54,AV,0,8,5,0,1,0,0,99,5434.023139443809,0.1,-13.096666666666668
30.683333333333334,77,AV,2,0,3,1,6,0,0,59,3456.1529418207683,1.0,-30.683333333333334
37.18333333333333,115,AV,2,1,2,4,4,0,0,85,1174.3503864217532,0.4,-14.873333333333333
124.08333333333333,231,AV,0,6,3,3,1,0,0,77,2113.1349678504243,0.1,-12.408333333333333
25.916666666666668,204,AV,0,7,0,8,4,0,0,34,1301.8927857652438,0.3,-7.775
10.85,236,AV,1,0,5,6,1,0,0,31,627.4062491148882,0.4,-4.34
15.0,284,AV,1,1,7,3,13,0,0,37,818.0604611907775,0.1,-1.5
27.083333333333332,229,AV,2,0,3,9,0,0,0,52,2360.1328348572283,0.1,-2.7083333333333335
46.9,140,AV,0,8,5,5,4,0,0,43,10783.100237376317,0.1,-4.69
27.1,218,AV,2,2,0,0,7,0,0,54,1986.5043233563797,0.1,-2.7100000000000004
28.566666666666666,91,AV,1,2,6,1,6,0,0,63,793.0252767736928,0.1,-2.856666666666667
11.166666666666666,1,AV,1,1,4,7,3,0,0,31,1794.439334206041,0.2,-2.2333333333333334
