travel_time,id,kind,action,origin,destination,start_time,income,urgency,reward,observation,cost_table
33.78333333333333,146,AV,1,0,0,51,2280.385817754286,0.2,-3.8908603136262103,"0.2061785714285714,0.3207514880952381,0.36883333333333324,0.2,0.51,0.1126715743273096","0,0,0"
13.066666666666666,7,AV,1,0,0,3,546.8646928603165,0.5,-0.9022346784564145,"0.21308974358974356,0.3198710144927536,0.3600555555555555,0.5,0.03,0.027020035561031403","0,0,0"
26.816666666666666,111,AV,1,0,0,38,1661.9571573900298,1.0,-11.25458361212356,"0.14964814814814814,0.2726169590643275,0.2777222222222222,1.0,0.38,0.08211563496394797","0,0,0"
41.53333333333333,198,AV,2,0,0,59,3465.4556083993225,0.2,-7.2692890371474,"0.2126333333333333,0.3413509485094851,0.35507142857142854,0.2,0.59,0.17122468317412964","0,0,0"
34.35,288,AV,2,0,0,48,11185.875164713363,0.1,-9.702899290603638,"0.23324242424242425,0.32206422018348624,0.3005,0.1,0.48,0.5526828641120808","0,0,0"
28.4,61,AV,0,0,0,91,1022.032321197676,0.2,-3.9659453495966663,"0.18105555555555555,0.329218487394958,0.2913703703703704,0.2,0.91,0.05049759112961852","0,0,0"
41.1,108,AV,1,0,0,73,1645.9523587482854,0.3,-5.124897117011707,"0.21480769230769234,0.32852608695652175,0.3402272727272728,0.3,0.73,0.0813248539278105","0,0,0"
37.8,47,AV,1,0,0,63,912.6272274022258,0.3,-2.613432514833646,"0.1510166666666667,0.29093821839080464,0.29195454545454547,0.3,0.63,0.04509199526010037","0,0,0"
31.683333333333334,231,AV,1,0,0,50,4639.089550420253,0.3,-11.134986408268814,"0.21052083333333332,0.3135757575757576,0.3347424242424242,0.3,0.5,0.22921275821911885","0,0,0"
20.15,213,AV,1,0,0,19,3898.759045987068,1.0,-19.838382519353388,"0.20335185185185187,0.28517475728155345,0.2968148148148148,1.0,0.19,0.19263377109878843","0,0,0"
34.38333333333333,255,AV,1,0,0,54,5702.616109653807,0.3,-14.854162921989651,"0.23526851851851846,0.37490740740740736,0.4502999999999999,0.3,0.54,0.28176053800041856","0,0,0"
46.46666666666667,267,AV,1,0,0,86,6783.106781750961,1.0,-79.59302065455252,"0.16084375,0.2975333333333333,0.28074074074074074,1.0,0.86,0.33514649757064985","0,0,0"
28.55,221,AV,1,0,0,45,4164.701887555128,0.4,-12.010327160575649,"0.1842179487179487,0.3138005698005698,0.34001666666666663,0.4,0.45,0.20577373996162773","0,0,0"
10.3,112,AV,0,0,0,19,1682.490559712908,0.2,-3.3752349881334824,"0.16940000000000002,0.31887978142076506,0.3744166666666667,0.2,0.19,0.08313016976240285","0,0,0"
25.0,72,AV,1,0,0,38,1239.4416864014672,0.2,-1.5649516242442767,"0.19401041666666663,0.2972804487179487,0.35706249999999995,0.2,0.38,0.0612395696405775","0,0,0"
31.266666666666666,45,AV,1,0,0,47,898.3728471886773,0.6,-4.25592793264131,"0.1562333333333333,0.2834111111111111,0.3272333333333334,0.6,0.47,0.044387700641524724","0,0,0"
20.35,280,AV,0,0,0,40,8348.421721831439,0.3,-15.370483487823469,"0.16836666666666666,0.2924022988505748,0.33541666666666664,0.3,0.4,0.41248713758156286","0,0,0"
42.93333333333333,74,AV,1,0,0,77,1260.6549751070208,0.2,-2.733541427504786,"0.2276111111111111,0.2965456140350878,0.33425000000000005,0.2,0.77,0.0622876969427672","0,0,0"
24.066666666666666,212,AV,1,0,0,33,3822.7735841463273,0.3,-6.969804363014263,"0.17779629629629629,0.27139275362318843,0.34878571428571425,0.3,0.33,0.1888794056993337","0,0,0"
26.2,263,AV,1,0,0,40,6230.691172258436,0.6,-24.733955865631973,"0.18153703703703705,0.2805960451977401,0.3348974358974359,0.6,0.4,0.3078521967905309","0,0,0"
8.6,283,AV,0,0,0,13,8987.822610831106,0.5,-12.259504350144889,"0.2017,0.31239601139601136,0.32735416666666667,0.5,0.13,0.4440792937110115","0,0,0"
49.11666666666667,279,AV,1,0,0,93,8333.728817076937,0.1,-10.336489404009148,"0.19544047619047622,0.3412438016528926,0.36910000000000004,0.1,0.93,0.4117611759055859","0,0,0"
24.066666666666666,294,AV,0,0,0,50,16390.717038727882,0.1,-12.461361701987823,"0.2458166666666666,0.3378247126436782,0.39859523809523806,0.1,0.5,0.8098488767684134","0,0,0"
32.416666666666664,30,AV,1,0,0,52,753.5670156580491,0.7,-4.318103921794755,"0.2003666666666667,0.3354107142857143,0.35418518518518516,0.7,0.52,0.03723298985385701","0,0,0"
46.833333333333336,249,AV,1,0,0,86,5370.167679594476,0.9,-57.15973931689575,"0.22873809523809524,0.34639861111111114,0.3749722222222222,0.9,0.86,0.26533459476493776","0,0,0"
27.483333333333334,137,AV,1,0,0,43,2142.030696222753,0.3,-4.459859366251665,"0.18222222222222226,0.306517094017094,0.3216666666666667,0.3,0.43,0.10583558664582342","0,0,0"
50.9,51,AV,1,0,0,93,932.1411738504048,0.4,-4.79252381302885,"0.2097878787878788,0.33246857923497264,0.34214285714285714,0.4,0.93,0.046056159767061025","0,0,0"
40.0,210,AV,1,0,0,71,3778.090807703549,0.1,-3.8162533411146966,"0.1513690476190476,0.30786403508771926,0.31240277777777775,0.1,0.71,0.18667167456544997","0,0,0"
18.766666666666666,177,AV,1,0,0,17,2968.817229463249,0.7,-9.848576347907965,"0.18289473684210528,0.28668567251461985,0.3363333333333333,0.7,0.17,0.1466862793696381","0,0,0"
41.666666666666664,37,AV,1,0,0,72,827.3783452591958,0.8,-6.964464185683467,"0.19354545454545455,0.32743472222222225,0.273,0.8,0.72,0.040879933561629736","0,0,0"
43.31666666666667,46,AV,1,0,0,76,905.8209551718018,0.2,-1.9816739583261895,"0.19940476190476195,0.33638713910761153,0.38069444444444445,0.2,0.76,0.044755704180963","0,0,0"
24.283333333333335,207,AV,1,0,0,28,3630.005597296026,0.5,-11.129878272854187,"0.20178703703703704,0.31409313725490196,0.2901875,0.5,0.28,0.17935493295913799","0,0,0"
16.333333333333332,76,AV,1,0,0,13,1275.6237969650936,0.3,-1.5784233851335752,"0.22587777777777782,0.34916666666666674,0.32351851851851854,0.3,0.13,0.06302729140588091","0,0,0"
23.566666666666666,125,AV,1,0,0,33,1963.0347272178835,0.5,-5.841184983767019,"0.15644871794871792,0.2935505464480875,0.31246666666666667,0.5,0.33,0.09699157548376398","0,0,0"
47.4,21,AV,1,0,0,87,640.5426603936758,0.3,-2.3001304623227448,"0.22671428571428576,0.29613218390804597,0.2858333333333334,0.3,0.87,0.03164856990797825","0,0,0"
37.11666666666667,22,AV,1,0,0,61,658.4091024775607,0.6,-3.7027198768119396,"0.18446428571428572,0.2994453781512605,0.31626190476190474,0.6,0.61,0.032531332877974904","0,0,0"
39.65,144,AV,1,0,0,67,2255.9253983027734,0.1,-2.258773788957196,"0.1870357142857143,0.2849713114754099,0.33525000000000005,0.1,0.67,0.11146300955425625","0,0,0"
50.833333333333336,79,AV,1,0,0,100,1317.647826688136,0.1,-1.6914250300500067,"0.2102166666666667,0.3369819444444445,0.30696666666666667,0.1,1.0,0.06510365653304864","0,0,0"
43.333333333333336,16,AV,1,0,0,78,614.9217871931492,0.1,-0.6728942115749948,"0.15363333333333334,0.2883333333333333,0.2929666666666667,0.1,0.78,0.030382668279986823","0,0,0"
48.166666666666664,66,AV,1,0,0,86,1117.0806745336297,0.1,-1.358738699243346,"0.17138461538461539,0.3066310541310542,0.3344833333333333,0.1,0.86,0.055193834863552414","0,0,0"
15.166666666666666,81,AV,1,0,0,6,1338.7213376931895,0.5,-2.5636288242862,"0.17616666666666664,0.30776446280991737,0.3510333333333333,0.5,0.06,0.06614487755935793","0,0,0"
27.666666666666668,156,AV,1,0,0,40,2476.7673195544394,0.8,-13.843211281011346,"0.18892222222222227,0.3475660660660661,0.36803571428571424,0.8,0.4,0.12237458721412664","0,0,0"
22.233333333333334,282,AV,0,0,0,43,8981.750106371177,0.2,-12.58556788038649,"0.17995238095238097,0.3172962962962963,0.36802380952380953,0.2,0.43,0.4437792573608979","0,0,0"
41.4,254,AV,1,0,0,74,5670.319740923212,0.4,-23.71224618931525,"0.16384722222222223,0.3239617486338798,0.38775,0.4,0.74,0.28016480683878775","0,0,0"
21.716666666666665,154,AV,1,0,0,25,2421.832203454489,0.6,-7.96880646742727,"0.20988333333333334,0.34531512605042025,0.3701060606060606,0.6,0.25,0.119660298268526","0,0,0"
47.85,53,AV,1,0,0,88,946.1123250925148,0.6,-6.8593143569207315,"0.21278125,0.33484775641025644,0.32207142857142856,0.6,0.88,0.04674646032644781","0,0,0"
37.8,234,AV,2,0,0,44,4679.48341028673,0.5,-22.3338980945503,"0.19105128205128202,0.26831766381766387,0.28018750000000003,0.5,0.44,0.23120857828995","0,0,0"
10.083333333333334,262,AV,0,0,0,18,6081.635477498837,0.2,-5.597129178355889,"0.13027777777777777,0.2720437158469946,0.3372222222222222,0.2,0.18,0.3004875045265025","0,0,0"
30.366666666666667,233,AV,1,0,0,49,4669.869929992837,0.4,-14.324079145533585,"0.20491025641025643,0.30818274853801175,0.31642592592592594,0.4,0.49,0.23073358587812023","0,0,0"
48.35,298,AV,1,0,0,90,19040.472291926453,0.1,-23.247647356430406,"0.15872727272727272,0.29473113207547164,0.2965,0.1,0.9,0.9407706241479663","0,0,0"
24.566666666666666,142,AV,1,0,0,36,2241.037238818388,0.2,-2.7805462037191107,"0.1928461538461538,0.3212183908045978,0.3421666666666667,0.2,0.36,0.11072740053806189","0,0,0"
48.86666666666667,236,AV,1,0,0,90,4747.153558918807,0.1,-5.858019459069841,"0.1635686274509804,0.28426572327044025,0.2844523809523809,0.1,0.9,0.23455209241022626","0,0,0"
47.96666666666667,58,AV,1,0,0,87,979.573716991658,0.7,-8.305762669408224,"0.17642857142857143,0.30676041666666665,0.314125,0.7,0.87,0.048399754113449336","0,0,0"
19.05,278,AV,1,0,0,21,8134.997760071039,0.2,-7.826853905522894,"0.19692028985507243,0.3157262996941896,0.35918749999999994,0.2,0.21,0.40194207385440944","0,0,0"
18.0,41,AV,1,0,0,15,850.3216016091212,0.1,-0.3865098189132369,"0.19384722222222223,0.31617768595041323,0.37799999999999995,0.1,0.15,0.04201353682867991","0,0,0"
21.683333333333334,277,AV,1,0,0,26,8029.700924090037,0.4,-17.5869375458605,"0.18919791666666672,0.29819887955182073,0.3479,0.4,0.26,0.39673946287985623","0,0,0"
41.38333333333333,272,AV,1,0,0,69,7362.36439851089,0.5,-38.469593437505345,"0.17212121212121215,0.29763750000000005,0.3220185185185185,0.5,0.69,0.36376703498729634","0,0,0"
20.966666666666665,12,AV,1,0,0,23,591.6693204447811,0.4,-1.2530639816827185,"0.16100877192982455,0.2694724637681159,0.2597777777777778,0.4,0.23,0.02923378723751827","0,0,0"
31.716666666666665,64,AV,1,0,0,50,1089.3140785512585,0.3,-2.6173796609634397,"0.21700000000000005,0.29837424242424243,0.3660833333333333,0.3,0.5,0.05382191522667051","0,0,0"
43.53333333333333,34,AV,1,0,0,82,779.2240782816187,0.2,-1.7132435121814715,"0.1760729166666667,0.31619915254237285,0.4114722222222222,0.2,0.82,0.038500679564916006","0,0,0"
28.566666666666666,291,AV,0,0,0,92,13430.196447392702,0.5,-50.9414072197624,"0.23024074074074075,0.3659330484330484,0.3880238095238095,0.5,0.92,0.6635725259609666","0,0,0"
26.55,165,AV,1,0,0,39,2756.9260540590044,0.2,-3.696787208851847,"0.16354166666666667,0.2988839285714286,0.35602777777777783,0.2,0.39,0.1362169490778143","0,0,0"
44.4,116,AV,1,0,0,81,1778.835052690156,0.4,-7.977805690852821,"0.1613111111111111,0.27950158730158725,0.3523888888888889,0.4,0.81,0.08789045445501824","0,0,0"
37.766666666666666,151,AV,1,0,0,63,2382.718205806423,0.5,-11.362035888799147,"0.20490196078431372,0.3180770308123249,0.32929166666666665,0.5,0.63,0.1177277149052501","0,0,0"
33.166666666666664,153,AV,1,0,0,53,2403.836358207942,1.0,-20.133141215630488,"0.174,0.29516228070175443,0.3721666666666667,1.0,0.53,0.11877114161815011","0,0,0"
6.783333333333333,106,AV,0,0,0,6,1626.914224999384,0.4,-3.614737524536615,"0.18025,0.3079378787878788,0.34635416666666674,0.4,0.06,0.0803841988487261","0,0,0"
34.31666666666667,261,AV,1,0,0,54,6031.594525491932,1.0,-52.268742121161154,"0.17594871794871797,0.26428787878787874,0.3396904761904762,1.0,0.54,0.2980150313162421","0,0,0"
28.866666666666667,230,AV,1,0,0,41,4630.913868273173,0.1,-3.3757335100375148,"0.20329999999999998,0.2887336182336182,0.3078333333333333,0.1,0.41,0.2288088059705391","0,0,0"
41.45,281,AV,1,0,0,68,8436.938288223368,0.2,-17.66217636600296,"0.22069047619047613,0.30466666666666664,0.330875,0.2,0.68,0.4168606522788469","0,0,0"
25.666666666666668,14,AV,0,0,0,57,597.1498506777683,0.1,-2.887041569883739,"0.14207246376811597,0.2609454545454545,0.27426190476190476,0.1,0.57,0.029504574735270385","0,0,0"
47.233333333333334,105,AV,1,0,0,88,1614.9493849180149,0.9,-17.336236957794146,"0.18840277777777775,0.3359395280235988,0.36497619047619045,0.9,0.88,0.0797930281099649","0,0,0"
48.55,113,AV,1,0,0,96,1697.366940102563,1.0,-20.80989013686349,"0.19736363636363635,0.3039308943089431,0.31902777777777774,1.0,0.96,0.08386519678534977","0,0,0"
47.95,273,AV,1,0,0,90,7572.106998522375,0.7,-64.18125540540493,"0.15375,0.2751160130718954,0.29570833333333335,0.7,0.9,0.37413020632558763","0,0,0"
48.15,246,AV,1,0,0,90,5064.807770076448,0.4,-24.633383245371817,"0.27388888888888885,0.33494537815126046,0.35842592592592587,0.4,0.9,0.25024706813941117","0,0,0"
44.35,130,AV,1,0,0,79,2022.4315636845977,1.0,-22.650212083184826,"0.16215277777777776,0.288546130952381,0.31816666666666665,1.0,0.79,0.09992631355425287","0,0,0"
49.766666666666666,33,AV,1,0,0,99,779.0639592631991,0.7,-6.853533197188294,"0.1875980392156863,0.27195495495495503,0.3160925925925926,0.7,0.99,0.0384927682449347","0,0,0"
19.083333333333332,269,AV,1,0,0,21,7099.697064525982,0.1,-3.4213607486878157,"0.21266666666666667,0.33520110192837466,0.36135416666666664,0.1,0.21,0.3507889056663633","0,0,0"
35.88333333333333,4,AV,1,0,0,57,522.440884226393,1.0,-4.734070806984108,"0.22822727272727267,0.364,0.3707083333333333,1.0,0.57,0.02581327969172718","0,0,0"
46.483333333333334,227,AV,1,0,0,88,4505.18942297478,0.3,-15.86486527863215,"0.159625,0.3080840220385675,0.4065,0.3,0.88,0.22259688732374286","0,0,0"
44.56666666666667,251,AV,1,0,0,75,5394.467136051333,1.0,-60.710459266840346,"0.19161111111111112,0.3017130434782609,0.32745238095238094,1.0,0.75,0.2665352065179911","0,0,0"
42.38333333333333,152,AV,1,0,0,76,2392.7441380289174,0.1,-2.560921019784317,"0.21724358974358973,0.3268484848484849,0.3818333333333333,0.1,0.76,0.1182230861528751","0,0,0"
12.716666666666667,67,AV,1,0,0,1,1141.5133047894662,0.4,-1.466287292179062,"0.26641666666666663,0.3654669312169312,0.3700833333333334,0.4,0.01,0.0564010266003407","0,0,0"
27.916666666666668,24,AV,1,0,0,37,676.2529471816457,0.1,-0.4767355583035593,"0.19020370370370368,0.3219252873563218,0.3597222222222222,0.1,0.37,0.033412979334117666","0,0,0"
37.65,215,AV,1,0,0,62,3942.222625638348,0.7,-26.236686186540062,"0.2083690476190476,0.3273813813813814,0.3223222222222223,0.7,0.62,0.19478126294296802","0,0,0"
37.833333333333336,182,AV,1,0,0,60,3024.224513765153,0.3,-8.66791622000871,"0.21759722222222222,0.34167768595041326,0.3545952380952381,0.3,0.6,0.14942389767216036","0,0,0"
13.683333333333334,270,AV,1,0,0,1,7332.887514065835,0.3,-7.601389708394002,"0.1202727272727273,0.23944535519125684,0.2637857142857143,0.3,0.01,0.3623106117141683","0,0,0"
51.2,159,AV,1,0,0,97,2530.9644311939346,0.6,-19.634148314716583,"0.2057833333333333,0.3492521739130434,0.3335,0.6,0.97,0.12505241210010515","0,0,0"
38.31666666666667,193,AV,1,0,0,63,3278.222126324269,0.5,-15.859917231522507,"0.22015384615384614,0.29852941176470593,0.31556249999999997,0.5,0.63,0.16197366475964245","0,0,0"
36.733333333333334,48,AV,1,0,0,61,914.1934345695068,0.2,-1.696028897130634,"0.21141025641025638,0.30899152542372876,0.3176851851851852,0.2,0.61,0.04516937998416169","0,0,0"
30.316666666666666,77,AV,1,0,0,49,1294.2551843223837,0.1,-0.9908460354723974,"0.22178431372549018,0.30317575757575765,0.2678888888888889,0.1,0.49,0.06394784955402583","0,0,0"
46.65,118,AV,1,0,0,87,1824.367004680513,0.1,-2.149159615362271,"0.16465625,0.2625416666666667,0.4041666666666666,0.1,0.87,0.09014014250035135","0,0,0"
40.5,217,AV,1,0,0,68,4021.28082322038,0.1,-4.112673569202662,"0.15245555555555554,0.31032614942528736,0.3796666666666667,0.1,0.68,0.19868744913115402","0,0,0"
21.966666666666665,266,AV,1,0,0,28,6778.2755320215965,0.3,-11.280009029298565,"0.17025833333333332,0.2740251572327043,0.3276190476190476,0.3,0.28,0.3349077903708691","0,0,0"
41.06666666666667,224,AV,1,0,0,72,4429.527615460413,0.1,-4.593584193810798,"0.18224999999999997,0.27891666666666665,0.3232777777777778,0.1,0.72,0.2188585133596875","0,0,0"
22.7,237,AV,1,0,0,27,4754.245589533712,0.1,-2.7252872445054357,"0.11922222222222223,0.2639444444444444,0.37470000000000003,0.1,0.27,0.234902502524312","0,0,0"
28.316666666666666,160,AV,1,0,0,43,2563.744074524839,0.1,-1.8332496559838813,"0.21156249999999996,0.32495175438596496,0.3566041666666667,0.1,0.43,0.12667202137465233","0,0,0"
48.583333333333336,222,AV,1,0,0,90,4237.057085974603,0.3,-15.59472399698986,"0.16370833333333334,0.2850511695906433,0.3139047619047619,0.3,0.9,0.20934873768929974","0,0,0"
12.05,73,AV,1,0,0,1,1244.4027248274256,0.6,-2.271977702147042,"0.2244166666666667,0.31341981132075475,0.3252407407407407,0.6,0.01,0.06148468956958209","0,0,0"
35.166666666666664,285,AV,1,0,0,56,9280.176126726552,0.2,-16.482467699825776,"0.19752380952380955,0.3319911504424779,0.31589999999999996,0.2,0.56,0.4585241874827607","0,0,0"
39.03333333333333,284,AV,1,0,0,67,9095.945853089892,0.2,-17.931570023515594,"0.1842424242424242,0.3048333333333333,0.36414814814814817,0.2,0.67,0.44942155458275634","0,0,0"
29.883333333333333,247,AV,2,0,0,30,5168.6614957092925,0.1,-3.9004251101880305,"0.21396153846153843,0.3268073770491803,0.30256666666666665,0.1,0.3,0.255378376480178","0,0,0"
29.616666666666667,62,AV,1,0,0,46,1025.7249596144625,0.3,-2.301405622771338,"0.18168055555555554,0.31731214689265536,0.3406041666666667,0.3,0.46,0.050680040687321244","0,0,0"
28.883333333333333,131,AV,1,0,0,40,2033.019749384408,0.2,-2.965676115894932,"0.20607142857142857,0.309688790560472,0.34186666666666665,0.2,0.4,0.10044946518183244","0,0,0"
17.9,15,AV,1,0,0,18,601.3137559373858,1.0,-2.7180596543634357,"0.19717948717948716,0.2944498525073746,0.3064880952380952,1.0,0.18,0.029710309114645228","0,0,0"
19.1,256,AV,1,0,0,18,5844.130995646287,0.5,-14.093800759702537,"0.19516666666666665,0.32588135593220335,0.31787499999999996,0.5,0.18,0.28875264647231946","0,0,0"
36.06666666666667,203,AV,1,0,0,61,3580.4564780460023,0.6,-19.56592883457462,"0.21434166666666665,0.2802236467236468,0.3290555555555556,0.6,0.61,0.17690676071171996","0,0,0"
30.35,209,AV,1,0,0,46,3759.463069718096,0.7,-20.16913962529317,"0.23295238095238097,0.3677602339181286,0.35257407407407404,0.7,0.46,0.18575129672910448","0,0,0"
27.233333333333334,57,AV,1,0,0,40,961.7772661313056,0.4,-2.645697058684433,"0.17624358974358978,0.29109722222222223,0.3722142857142858,0.4,0.4,0.04752044933955402","0,0,0"
18.433333333333334,245,AV,1,0,0,17,5009.92015912814,0.2,-4.6641175892219895,"0.21746969696969695,0.3435285285285285,0.3689487179487179,0.2,0.17,0.24753512637567007","0,0,0"
44.78333333333333,119,AV,1,0,0,80,1848.7234685638712,0.7,-14.634949377196065,"0.20339583333333333,0.32635261707988983,0.32745454545454544,0.7,0.8,0.09134357093312716","0,0,0"
18.25,289,AV,1,0,0,18,11515.391842589095,0.1,-5.306967200183105,"0.18228205128205124,0.3236818181818182,0.33172222222222225,0.1,0.18,0.5689639524149042","0,0,0"
35.416666666666664,135,AV,1,0,0,56,2108.868816674547,0.1,-1.88608848292652,"0.20122916666666663,0.2983675595238095,0.3076527777777778,0.1,0.56,0.10419709146344741","0,0,0"
24.366666666666667,293,AV,1,0,0,35,14754.343640924068,0.1,-9.07864074201641,"0.18152941176470588,0.3013165266106443,0.2970833333333333,0.1,0.35,0.7289973096860264","0,0,0"
15.416666666666666,229,AV,0,0,0,25,4609.601315671212,0.1,-4.294562801765939,"0.2330151515151515,0.28739669421487596,0.29202083333333334,0.1,0.25,0.2277557741388637","0,0,0"
13.8,101,AV,1,0,0,6,1587.6148581174584,0.2,-1.1065194465667136,"0.1987121212121212,0.3254388888888889,0.3608703703703704,0.2,0.06,0.07844245657766878","0,0,0"
46.8,26,AV,1,0,0,84,720.4688823460104,0.6,-5.108779347544436,"0.19441666666666665,0.30798148148148147,0.3391666666666666,0.6,0.84,0.035597644309025005","0,0,0"
39.81666666666667,253,AV,1,0,0,69,5654.280440205098,0.3,-17.055651479356037,"0.1703796296296296,0.29555059523809524,0.4140333333333333,0.3,0.69,0.2793723210896882","0,0,0"
31.183333333333334,211,AV,1,0,0,49,3783.636689084741,0.6,-17.876727892115028,"0.15737500000000001,0.338073275862069,0.35816666666666663,0.6,0.49,0.18694569099783895","0,0,0"
16.033333333333335,96,AV,1,0,0,9,1541.4014724042315,0.2,-1.2481718993711035,"0.2011025641025641,0.34433,0.34015277777777775,0.2,0.09,0.07615909957607497","0,0,0"
18.733333333333334,158,AV,0,0,0,36,2528.765907819195,0.2,-4.892536094603346,"0.21251666666666671,0.3253856749311294,0.3340555555555555,0.2,0.36,0.12494378526691811","0,0,0"
39.68333333333333,192,AV,1,0,0,66,3274.575105225111,0.6,-19.688796276618657,"0.19195238095238096,0.3208418803418803,0.3529629629629629,0.6,0.66,0.16179346910781556","0,0,0"
10.85,19,AV,1,0,0,0,617.4453946714843,0.1,-0.16917380131781834,"0.16354901960784315,0.32099565217391307,0.379,0.1,0.0,0.03050735719243069","0,0,0"
17.55,242,AV,1,0,0,16,4968.170350229253,1.0,-22.018027688516007,"0.17788888888888887,0.2632485632183908,0.3240555555555556,1.0,0.16,0.24547231022417584","0,0,0"
34.35,2,AV,1,0,0,53,506.5869000089976,0.1,-0.4394257579623503,"0.17997619047619046,0.33299691358024686,0.36772727272727274,0.1,0.53,0.025029950244917432","0,0,0"
30.05,8,AV,2,0,0,38,548.7192496267361,0.2,-0.8327784571355263,"0.12353333333333333,0.2668694444444445,0.31609999999999994,0.2,0.38,0.02711166734935643","0,0,0"
13.716666666666667,290,AV,0,0,0,20,12197.400506638176,0.3,-15.174824011317195,"0.17367708333333332,0.2879228395061728,0.30755000000000005,0.3,0.2,0.6026613159421645","0,0,0"
24.383333333333333,190,AV,1,0,0,31,3252.767976975094,0.1,-2.0028617636004054,"0.19495454545454546,0.2937250712250712,0.30129166666666674,0.1,0.31,0.1607160007897979","0,0,0"
15.6,248,AV,1,0,0,11,5341.061461458292,0.3,-6.3121635453598,"0.1782156862745098,0.30597916666666664,0.38001515151515153,0.3,0.11,0.26389648574207625","0,0,0"
31.133333333333333,275,AV,1,0,0,49,7958.958807233507,0.5,-31.2864794863472,"0.19646491228070176,0.31311009174311927,0.3445000000000001,0.5,0.49,0.3932441658930853","0,0,0"
20.0,200,AV,1,0,0,22,3520.054626539052,0.4,-7.111221467755661,"0.2042941176470588,0.3018319209039549,0.38410000000000005,0.4,0.22,0.17392236585687273","0,0,0"
44.333333333333336,220,AV,1,0,0,79,4090.160813256426,0.8,-36.63241671132018,"0.18169791666666665,0.3000155367231638,0.3378333333333333,0.8,0.79,0.20209074030082702","0,0,0"
24.083333333333332,149,AV,1,0,0,35,2314.8193170712048,0.1,-1.407792050996587,"0.24160000000000004,0.31035574229691876,0.33923809523809517,0.1,0.35,0.11437289896607457","0,0,0"
21.233333333333334,225,AV,1,0,0,24,4459.768546990965,0.3,-7.173920617255668,"0.13447619047619047,0.24252380952380953,0.30747619047619046,0.3,0.24,0.22035268743240086","0,0,0"
18.016666666666666,98,AV,1,0,0,17,1564.4426034616197,0.2,-1.4235374194798072,"0.17548717948717946,0.32892463768115937,0.3521666666666667,0.2,0.17,0.07729753873417955","0,0,0"
38.9,168,AV,1,0,0,64,2813.5576138103806,0.9,-24.87440708573268,"0.18526666666666666,0.2808838797814207,0.3856458333333333,0.9,0.64,0.1390150576014335","0,0,0"
36.63333333333333,36,AV,1,0,0,59,813.126641713825,0.3,-2.2566317657663983,"0.16398958333333333,0.27250688705234155,0.2746111111111111,0.3,0.59,0.040175771194542055","0,0,0"
17.916666666666668,206,AV,1,0,0,14,3623.60917519969,0.5,-8.19734819726361,"0.1601111111111111,0.27571078431372553,0.31873333333333337,0.5,0.14,0.17903889216374055","0,0,0"
28.033333333333335,195,AV,1,0,0,41,3368.9508766880413,0.9,-21.464300661323055,"0.14714166666666664,0.326146017699115,0.321047619047619,0.9,0.41,0.16645648124650464","0,0,0"
31.75,134,AV,1,0,0,51,2078.9202215407213,0.7,-11.667677253470336,"0.22284444444444443,0.35288505747126436,0.35129999999999995,0.7,0.51,0.10271736143866485","0,0,0"
17.116666666666667,258,AV,0,0,0,30,5912.288420941998,0.3,-10.16656591958009,"0.18234722222222224,0.30185185185185187,0.360875,0.3,0.3,0.2921202364434439","0,0,0"
21.716666666666665,91,AV,1,0,0,21,1485.5718097438446,0.6,-4.888131485091488,"0.1939880952380952,0.3299188034188035,0.36951851851851847,0.6,0.21,0.07340061198282061","0,0,0"
48.03333333333333,219,AV,1,0,0,88,4061.843573313689,0.3,-14.780597447335923,"0.17051282051282046,0.30043502824858753,0.3105925925925926,0.3,0.88,0.20069161389857007","0,0,0"
40.36666666666667,186,AV,1,0,0,66,3151.1733449572957,1.0,-32.1218090971657,"0.20634848484848486,0.294034188034188,0.307,1.0,0.66,0.1556963119969945","0,0,0"
27.583333333333332,44,AV,1,0,0,40,870.7377108213431,0.6,-3.6390679581043504,"0.13583333333333333,0.2577610062893082,0.2941190476190476,0.6,0.4,0.04302227629226974","0,0,0"
50.06666666666667,175,AV,1,0,0,99,2964.6777926145683,0.1,-3.748271081234917,"0.1775625,0.29698305084745763,0.2826111111111111,0.1,0.99,0.14648175394988758","0,0,0"
24.483333333333334,40,AV,2,0,0,3,849.0657401736111,0.5,-2.6247423659828173,"0.1910370370370371,0.31066231884057965,0.30536111111111114,0.5,0.03,0.04195148597571712","0,0,0"
34.43333333333333,54,AV,2,0,0,46,946.2003450753726,0.2,-1.6454965597017845,"0.2060769230769231,0.34722898550724635,0.3354861111111111,0.2,0.46,0.04675080930545112","0,0,0"
28.3,292,AV,1,0,0,44,14505.369879802229,0.1,-10.366211302989976,"0.2410555555555555,0.33470901639344264,0.31530555555555556,0.1,0.44,0.7166957660553899","0,0,0"
26.833333333333332,265,AV,1,0,0,40,6709.13861087917,0.1,-4.546175573870146,"0.23831249999999998,0.37921560846560837,0.3718333333333333,0.1,0.4,0.3314918044931234","0,0,0"
12.266666666666667,89,AV,1,0,0,1,1467.6871321740252,0.1,-0.45463709144784625,"0.20963725490196083,0.3323045454545454,0.3884666666666666,0.1,0.01,0.07251694801576773","0,0,0"
21.983333333333334,189,AV,1,0,0,23,3245.380745418587,0.7,-12.61136381416238,"0.1721470588235294,0.30571171171171174,0.36358333333333326,0.7,0.23,0.16035100509349434","0,0,0"
22.666666666666668,179,AV,1,0,0,28,2996.640782499388,0.2,-3.430497865487515,"0.1507777777777778,0.2954067796610169,0.3229761904761904,0.2,0.28,0.14806101319737625","0,0,0"
26.85,75,AV,1,0,0,39,1265.4739572733297,0.2,-1.716059381453985,"0.1830757575757576,0.30879310344827593,0.37481250000000005,0.2,0.39,0.06252579801457091","0,0,0"
34.733333333333334,139,AV,1,0,0,56,2187.907521251699,0.1,-1.9190232635894537,"0.2421060606060606,0.30122418879056045,0.28058333333333335,0.1,0.56,0.10810231452182832","0,0,0"
12.233333333333333,70,AV,1,0,0,3,1167.011530479414,1.0,-3.605161882878324,"0.22559803921568627,0.327942942942943,0.3022142857142857,1.0,0.03,0.05766086833794136","0,0,0"
20.516666666666666,136,AV,0,0,0,42,2123.4400354784907,0.2,-4.700298555281163,"0.19659523809523813,0.3020672043010753,0.3234444444444445,0.2,0.42,0.10491704075874904","0,0,0"
24.0,140,AV,1,0,0,26,2218.0502812558643,0.1,-1.3442728977308271,"0.16901041666666664,0.3013608695652174,0.2993518518518518,0.1,0.26,0.10959163803796217","0,0,0"
30.516666666666666,174,AV,1,0,0,49,2949.689674384749,0.5,-11.365491990316658,"0.18852777777777777,0.30438074712643687,0.32112121212121214,0.5,0.49,0.14574120607241453","0,0,0"
12.2,90,AV,0,0,0,19,1475.2077210572677,0.7,-5.681382307532592,"0.24816666666666662,0.3839705882352941,0.3356666666666666,0.7,0.19,0.07288853276372843","0,0,0"
15.3,208,AV,1,0,0,9,3758.845856207275,1.0,-14.522813535346291,"0.18222727272727274,0.31105115511551157,0.34940000000000004,1.0,0.09,0.18572080082906037","0,0,0"
45.05,180,AV,1,0,0,83,3001.8426729260827,0.3,-10.24492518297879,"0.2004895833333333,0.3200202898550725,0.32692857142857146,0.3,0.83,0.14831803338198302","0,0,0"
13.866666666666667,169,AV,1,0,0,6,2850.5966631146844,0.1,-0.9981887305182734,"0.17991025641025643,0.317203081232493,0.35010416666666666,0.1,0.06,0.14084511984976505","0,0,0"
49.78333333333333,132,AV,1,0,0,98,2035.9911412414244,0.6,-15.35733721941448,"0.15265555555555557,0.28894397759103635,0.34375,0.6,0.98,0.10059627867096521","0,0,0"
35.2,104,AV,1,0,0,57,1597.8734280578535,0.3,-4.260995808154276,"0.2159111111111111,0.36041596638655465,0.35783333333333334,0.3,0.57,0.07894932222142612","0,0,0"
29.483333333333334,121,AV,1,0,0,44,1885.557658153182,0.5,-7.019258201332027,"0.20671875,0.3239864864864865,0.33490740740740743,0.5,0.44,0.09316351126856799","0,0,0"
49.63333333333333,171,AV,1,0,0,94,2909.5116230827134,0.2,-7.293371728569295,"0.2415196078431373,0.3286494252873563,0.3621666666666667,0.2,0.94,0.14375604888613547","0,0,0"
38.88333333333333,59,AV,1,0,0,66,985.8695826897422,0.2,-1.936055333682802,"0.21505555555555556,0.3494008620689655,0.35676388888888894,0.2,0.66,0.04871082651814225","0,0,0"
33.53333333333333,1,AV,1,0,0,53,491.8679742725259,0.3,-1.2495433891872754,"0.20921568627450976,0.3154385964912281,0.36654761904761907,0.3,0.53,0.024302702898339818","0,0,0"
26.15,148,AV,2,0,0,17,2302.618320259251,0.5,-7.602710741765076,"0.14394444444444446,0.28594704049844233,0.2557333333333333,0.5,0.17,0.11377005996029654","0,0,0"
41.4,276,AV,1,0,0,70,8028.27043643778,0.1,-8.393191819912225,"0.24511538461538457,0.3716775067750677,0.398375,0.1,0.7,0.39666878392080435","0,0,0"
15.366666666666667,78,AV,1,0,0,8,1310.9401185904849,0.1,-0.5087065611702134,"0.21178333333333335,0.3223827160493828,0.3448939393939394,0.1,0.08,0.06477223540877823","0,0,0"
25.55,183,AV,0,0,0,55,3065.2253709468137,0.1,-4.477689601709371,"0.18594736842105267,0.31791750841750843,0.29412499999999997,0.1,0.55,0.15144970887106365","0,0,0"
26.75,271,AV,1,0,0,36,7336.658338656486,0.3,-14.867849284777348,"0.17666666666666667,0.3013849557522124,0.35370370370370374,0.3,0.36,0.3624969243722426","0,0,0"
34.3,260,AV,1,0,0,53,5985.732437913218,0.3,-15.553835047001769,"0.15708333333333332,0.30294736842105263,0.32270000000000004,0.3,0.53,0.2957490316028605","0,0,0"
12.533333333333333,56,AV,1,0,0,0,959.5289757906356,0.3,-0.9110679164072701,"0.22111458333333334,0.32669616519174044,0.34014583333333337,0.3,0.0,0.04740936357053375","0,0,0"
16.3,161,AV,1,0,0,11,2612.3907844155665,0.3,-3.2259068019677075,"0.20089583333333333,0.30526315789473685,0.2811,0.3,0.11,0.12907560648141725","0,0,0"
33.53333333333333,239,AV,1,0,0,54,4925.450001742355,0.3,-12.512633085234366,"0.18630952380952379,0.2792581699346405,0.32005,0.3,0.54,0.24336154068581314","0,0,0"
17.183333333333334,199,AV,1,0,0,15,3487.44186130441,0.3,-4.539839089652584,"0.16902564102564102,0.292334808259587,0.318625,0.3,0.15,0.17231100186155868","0,0,0"
25.166666666666668,150,AV,1,0,0,36,2318.1098695731453,0.5,-7.366047775790087,"0.13274999999999998,0.28231845238095243,0.3419166666666667,0.5,0.36,0.11453548186231685","0,0,0"
25.566666666666666,100,AV,1,0,0,33,1573.7150367511856,0.2,-2.032052917825184,"0.18466666666666667,0.28090614886731397,0.3842083333333333,0.2,0.33,0.07775568035585004","0,0,0"
28.133333333333333,216,AV,1,0,0,42,3958.913906791885,0.3,-8.437685195283715,"0.1624393939393939,0.3135925925925926,0.34883333333333333,0.3,0.42,0.19560596239095915","0,0,0"
14.816666666666666,164,AV,1,0,0,7,2744.8905386527767,0.1,-1.0270234380733665,"0.1794814814814815,0.29688734567901237,0.3327083333333333,0.1,0.07,0.1356222863421919","0,0,0"
47.95,86,AV,1,0,0,87,1405.7852601227096,0.4,-6.808828608372115,"0.15473809523809523,0.3018686440677966,0.359375,0.4,0.87,0.0694584386514629","0,0,0"
36.11666666666667,63,AV,1,0,0,58,1052.4070316009115,0.3,-2.8795025725747165,"0.14929166666666666,0.3153107344632769,0.3252291666666667,0.3,0.58,0.05199837508215116","0,0,0"
11.683333333333334,170,AV,1,0,0,0,2891.134206742707,0.2,-1.7059638711503684,"0.2222843137254902,0.3636508620689655,0.33399999999999996,0.2,0.0,0.14284803919103217","0,0,0"
22.516666666666666,95,AV,1,0,0,22,1526.0895405694364,0.4,-3.4709544937867154,"0.17761111111111108,0.27055982905982906,0.2569166666666667,0.4,0.22,0.07540255239340664","0,0,0"
45.81666666666667,87,AV,2,0,0,76,1421.705549214182,0.1,-1.6448941728913242,"0.2044411764705882,0.33627391304347826,0.3690833333333333,0.1,0.76,0.07024504415554754","0,0,0"
31.533333333333335,257,AV,1,0,0,52,5882.279762541917,0.3,-14.052112766072357,"0.2147820512820513,0.28966475095785443,0.3401904761904762,0.3,0.52,0.29063753875296394","0,0,0"
46.3,127,AV,2,0,0,90,1997.7276787447236,0.2,-4.671454117468722,"0.21230392156862743,0.3230958702064896,0.3705,0.2,0.9,0.09870571939579707","0,0,0"
23.583333333333332,197,AV,1,0,0,34,3393.6426315430986,0.8,-16.168364726038668,"0.17172916666666665,0.30128194444444445,0.3050555555555556,0.8,0.34,0.16767647606964517","0,0,0"
41.916666666666664,184,AV,1,0,0,74,3101.095365071405,0.3,-9.84754399388205,"0.15174358974358976,0.2954502688172044,0.3149444444444444,0.3,0.74,0.15322200927639995","0,0,0"
43.583333333333336,196,AV,1,0,0,78,3387.2787239910285,0.4,-14.912009870768587,"0.2139444444444444,0.3185490196078431,0.35329166666666667,0.4,0.78,0.16736204178524355","0,0,0"
19.116666666666667,20,AV,1,0,0,20,626.2908344343901,0.1,-0.3023382100573424,"0.2030238095238095,0.3550862068965518,0.34915,0.1,0.2,0.030944401492541913","0,0,0"
21.9,39,AV,1,0,0,24,835.7777612710734,0.6,-2.7732625714903794,"0.16542222222222222,0.2750089285714286,0.32575,0.6,0.24,0.04129494027589717","0,0,0"
19.9,84,AV,1,0,0,19,1365.417472605012,1.0,-6.861567602232258,"0.15891666666666665,0.289065749235474,0.3316538461538462,1.0,0.19,0.06746390678921493","0,0,0"
38.083333333333336,27,AV,1,0,0,65,727.2326469992182,0.4,-2.7975195259145016,"0.19189743589743588,0.30343145161290314,0.3481111111111111,0.4,0.65,0.03593183513143892","0,0,0"
35.55,94,AV,1,0,0,57,1509.578116022191,0.2,-2.7103788901307517,"0.13829824561403506,0.254339393939394,0.30822222222222223,0.2,0.57,0.07458673947980204","0,0,0"
20.483333333333334,68,AV,1,0,0,23,1148.2139867956057,0.2,-1.1878409004813129,"0.14632352941176469,0.29111304347826084,0.3347291666666667,0.2,0.23,0.05673210057248192","0,0,0"
17.133333333333333,166,AV,1,0,0,15,2761.3662775036096,0.3,-3.584197643022362,"0.18817391304347825,0.29701374570446737,0.31276666666666664,0.3,0.15,0.13643633606135613","0,0,0"
25.6,23,AV,1,0,0,35,670.158540600369,0.9,-3.8991042362203285,"0.1914375,0.33659333333333336,0.3060238095238096,0.9,0.35,0.033111860822172434","0,0,0"
46.61666666666667,250,AV,1,0,0,85,5386.149373461946,0.1,-6.340513382816947,"0.15965625,0.28571212121212125,0.30641666666666667,0.1,0.85,0.2661242342173697","0,0,0"
46.416666666666664,274,AV,1,0,0,83,7592.14370769901,0.6,-53.394242994802376,"0.21426666666666666,0.30880555555555556,0.32915000000000005,0.6,0.83,0.37512020001424035","0,0,0"
49.8,243,AV,1,0,0,100,4999.976398121604,0.5,-31.439245533643415,"0.17969047619047618,0.26398419540229884,0.33715000000000006,0.5,1.0,0.24704381512534654","0,0,0"
29.4,99,AV,1,0,0,45,1567.0706205360798,0.2,-2.326862436553573,"0.20859375,0.33170906432748537,0.3595333333333334,0.2,0.45,0.07742738641996724","0,0,0"
30.1,172,AV,1,0,0,48,2909.8477340427667,0.7,-15.482447413202294,"0.1891025641025641,0.3107002801120448,0.3361458333333333,0.7,0.48,0.1437726557913017","0,0,0"
24.066666666666666,42,AV,0,0,0,44,854.5785374972068,0.1,-3.0193650707685045,"0.22467777777777775,0.3388333333333333,0.3148571428571429,0.1,0.44,0.04222386775802824","0,0,0"
31.65,129,AV,1,0,0,49,2015.5588757501516,0.3,-4.832760486173658,"0.20407017543859649,0.33674786324786327,0.27,0.3,0.49,0.09958674094184428","0,0,0"
41.1,25,AV,1,0,0,70,679.8949342204361,0.5,-3.5282426510681724,"0.2323148148148148,0.3341048387096774,0.32559523809523805,0.5,0.7,0.033592926258074716","0,0,0"
15.4,10,AV,1,0,0,4,583.3206434887895,0.6,-1.361081501473842,"0.151,0.2868459383753501,0.3181904761904762,0.6,0.04,0.028821287489073047","0,0,0"
26.55,9,AV,2,0,0,9,572.7967315704935,0.2,-0.7680683446058891,"0.18548611111111113,0.27632389937106916,0.3087166666666667,0.2,0.09,0.02830131156452355","0,0,0"
48.016666666666666,244,AV,1,0,0,92,5004.1281918097375,0.6,-36.406296264151145,"0.2353235294117647,0.3166796116504855,0.3500333333333333,0.6,0.92,0.2472489510841313","0,0,0"
7.0,117,AV,0,0,0,10,1823.811293294481,0.1,-2.8223908851783173,"0.172,0.28389339339339337,0.33618333333333333,0.1,0.1,0.09011268535856054","0,0,0"
16.583333333333332,110,AV,1,0,0,15,1653.1781197118603,0.1,-0.6923031267311872,"0.17974509803921568,0.3007271386430678,0.3072,0.1,0.15,0.08168187152419273","0,0,0"
42.916666666666664,60,AV,2,0,0,95,1020.7360413649084,0.2,-2.2124539617126593,"0.1965888888888889,0.34917528735632186,0.3617962962962963,0.2,0.95,0.05043354324421705","0,0,0"
17.216666666666665,11,AV,1,0,0,13,586.8516376274475,0.1,-0.25514214716715206,"0.1939074074074074,0.33396587926509186,0.32025,0.1,0.13,0.028995750365243225","0,0,0"
44.483333333333334,218,AV,1,0,0,85,4034.238052294327,0.6,-27.190356973670603,"0.18408333333333335,0.2608936507936508,0.26498484848484855,0.6,0.85,0.1993276528139321","0,0,0"
29.733333333333334,80,AV,1,0,0,47,1323.5149786113286,0.2,-1.987500607611625,"0.2235333333333333,0.3140863095238095,0.3294375,0.2,0.47,0.06539354662044386","0,0,0"
43.13333333333333,141,AV,1,0,0,74,2225.3307045190536,0.8,-19.391097182812494,"0.15342307692307694,0.3181991869918699,0.30316666666666664,0.8,0.74,0.1099513564437013","0,0,0"
13.083333333333334,297,AV,1,0,0,4,18628.94525544202,0.5,-30.773825811283636,"0.2579444444444444,0.3297327044025157,0.41237500000000005,0.5,0.04,0.9204374863438488","0,0,0"
41.88333333333333,13,AV,1,0,0,73,595.9176043698985,0.7,-4.411947213161146,"0.1815128205128205,0.34308333333333335,0.37142592592592594,0.7,0.73,0.029443690682060725","0,0,0"
42.65,115,AV,1,0,0,76,1717.0377309640771,0.1,-1.8492843238792396,"0.2543958333333334,0.3605317460317461,0.37527777777777777,0.1,0.76,0.0848371108173414","0,0,0"
46.583333333333336,6,AV,1,0,0,86,541.9839687696077,0.5,-3.187805540216864,"0.14296296296296296,0.26346723646723647,0.3271666666666666,0.5,0.86,0.02677888388271631","0,0,0"
23.4,122,AV,1,0,0,30,1899.102970895097,0.1,-1.1221972100743756,"0.19667777777777773,0.3001920903954802,0.33828571428571425,0.1,0.3,0.0938327715750938","0,0,0"
34.43333333333333,194,AV,1,0,0,55,3362.377553451843,0.2,-5.847367024773997,"0.15248148148148147,0.3137104519774011,0.36782051282051287,0.2,0.55,0.1661316999433504","0,0,0"
22.233333333333334,235,AV,0,0,0,43,4689.4303597647895,0.2,-7.7657408248537285,"0.1862156862745098,0.28963395638629286,0.30293939393939395,0.2,0.43,0.2317000470794511","0,0,0"
27.383333333333333,28,AV,0,0,0,67,742.4887258523852,0.2,-3.526859407891809,"0.19975757575757572,0.3493926553672317,0.3478636363636364,0.2,0.67,0.0366856226743472","0,0,0"
16.583333333333332,32,AV,1,0,0,14,767.6170681366935,0.1,-0.3214558008400716,"0.2179365079365079,0.3276053459119497,0.4223055555555556,0.1,0.14,0.03792718884414417","0,0,0"
13.533333333333333,82,AV,1,0,0,5,1342.087988935639,0.8,-3.6692775993795923,"0.16043333333333332,0.2855497076023392,0.33625,0.8,0.05,0.06631122041798494","0,0,0"
32.833333333333336,18,AV,1,0,0,52,616.3739675020589,0.1,-0.5110508063884917,"0.26382222222222224,0.40066384180790954,0.3797857142857142,0.1,0.52,0.030454419051430016","0,0,0"
34.333333333333336,299,AV,1,0,0,56,20239.22920549412,0.3,-52.642439600148855,"0.2552888888888889,0.3320258620689656,0.31075925925925924,0.3,0.56,1.0","0,0,0"
37.7,85,AV,1,0,0,62,1391.0507319816634,0.1,-1.3243083988815332,"0.17790476190476187,0.3306880341880342,0.3815740740740741,0.1,0.62,0.06873042040573611","0,0,0"
15.533333333333333,102,AV,0,0,0,20,1588.8002265047048,1.0,-8.732162504639668,"0.17725925925925926,0.2729484848484848,0.31540277777777775,1.0,0.2,0.07850102443987396","0,0,0"
17.2,5,AV,1,0,0,11,539.5213747330826,0.1,-0.23433756680325807,"0.15586111111111112,0.29157817109144546,0.3197083333333333,0.1,0.11,0.026657209583190285","0,0,0"
29.733333333333334,204,AV,1,0,0,48,3583.4963710051925,0.1,-2.6906386893405996,"0.1883205128205128,0.2748785046728972,0.3300555555555556,0.1,0.48,0.17705695877155342","0,0,0"
45.05,157,AV,1,0,0,84,2486.38103050259,0.1,-2.8285723591954963,"0.17898484848484852,0.30006190476190475,0.33408974358974364,0.1,0.84,0.12284959102235175","0,0,0"
52.11666666666667,71,AV,1,0,0,99,1174.3503864217532,0.2,-3.0910721029804904,"0.14929166666666666,0.26829752066115703,0.29316666666666663,0.2,0.99,0.05802347384370573","0,0,0"
52.483333333333334,138,AV,1,0,0,97,2187.718469250836,0.3,-8.69839073190768,"0.15237179487179486,0.34279691876750695,0.3433958333333333,0.3,0.97,0.10809297365222585","0,0,0"
25.433333333333334,29,AV,1,0,0,38,742.6585956180782,0.1,-0.47697685897019665,"0.20155555555555554,0.3410698005698005,0.31594444444444447,0.1,0.38,0.03669401576896401","0,0,0"
24.133333333333333,295,AV,1,0,0,35,17322.90883950548,0.3,-31.67117676717668,"0.18313888888888885,0.32062288135593225,0.3885166666666667,0.3,0.35,0.8559075379611304","0,0,0"
13.866666666666667,286,AV,0,0,0,20,10450.70686878338,0.1,-6.159506782334921,"0.1728725490196078,0.3201430678466077,0.335452380952381,0.1,0.2,0.5163589365323479","0,0,0"
37.916666666666664,55,AV,1,0,0,63,950.4213588862824,0.1,-0.9100204509538269,"0.17679999999999998,0.2840654205607477,0.32522222222222225,0.1,0.63,0.04695936536102284","0,0,0"
50.166666666666664,31,AV,1,0,0,94,763.1985099142711,0.6,-5.801079582934231,"0.22272727272727275,0.36542410714285717,0.3398809523809524,0.6,0.94,0.03770887231748401","0,0,0"
19.966666666666665,49,AV,1,0,0,21,921.9548251796884,0.3,-1.3945730815218012,"0.19981818181818184,0.34877685950413223,0.31354166666666666,0.3,0.21,0.04555286250374671","0,0,0"
20.716666666666665,109,AV,1,0,0,23,1649.648602545546,0.1,-0.863010611516883,"0.24114999999999998,0.33518821839080465,0.37799999999999995,0.1,0.23,0.08150748162374356","0,0,0"
42.083333333333336,120,AV,1,0,0,75,1862.7228332236152,0.6,-11.877209984569769,"0.1762745098039216,0.2799732704402516,0.31053333333333333,0.6,0.75,0.09203526548916015","0,0,0"
37.61666666666667,69,AV,1,0,0,62,1148.9174546898266,0.5,-5.456874358659383,"0.19050000000000003,0.2797846607669616,0.3536190476190476,0.5,0.62,0.05676685821503235","0,0,0"
37.21666666666667,181,AV,1,0,0,60,3022.892107624705,0.1,-2.840958786332478,"0.11666666666666665,0.26463450292397667,0.3197,0.1,0.6,0.14935806482215805","0,0,0"
33.31666666666667,52,AV,1,0,0,55,938.3100494872764,0.4,-3.1577134493687975,"0.2293260869565217,0.31493771043771046,0.3176388888888889,0.4,0.55,0.04636095772029518","0,0,0"
15.35,128,AV,1,0,0,9,2010.868248891871,1.0,-7.794653439517732,"0.14883333333333332,0.32828763440860215,0.33119047619047626,1.0,0.09,0.09935498177697413","0,0,0"
13.716666666666667,223,AV,1,0,0,2,4412.688598555705,0.1,-1.528469156822957,"0.1851025641025641,0.35334640522875815,0.38108333333333333,0.1,0.02,0.21802651443652019","0,0,0"
29.466666666666665,228,AV,1,0,0,42,4549.115907877681,1.0,-33.85032375895513,"0.15820238095238093,0.2627582582582583,0.29283333333333333,1.0,0.42,0.22476725085176577","0,0,0"
45.03333333333333,201,AV,1,0,0,83,3523.1638559153366,0.3,-12.019682750862675,"0.16336363636363635,0.3165245901639344,0.34330952380952384,0.3,0.83,0.1740759897594787","0,0,0"
41.75,167,AV,1,0,0,73,2793.3389947689566,0.6,-17.669985307818777,"0.1719848484848485,0.351087643678161,0.35670833333333335,0.6,0.73,0.13801607592895285","0,0,0"
36.233333333333334,65,AV,1,0,0,58,1111.987968807459,0.7,-7.122151897858549,"0.1857777777777778,0.31139814814814826,0.38366666666666666,0.7,0.58,0.05494220938540485","0,0,0"
33.3,114,AV,1,0,0,51,1703.2333497257905,0.2,-2.8645288154479203,"0.18668333333333334,0.32624707602339187,0.34025000000000005,0.2,0.51,0.08415505019644881","0,0,0"
8.533333333333333,50,AV,0,0,0,17,931.9887487728153,0.2,-2.9016651846562977,"0.16856140350877194,0.28684188034188035,0.36554166666666665,0.2,0.17,0.046048628596973375","0,0,0"
13.883333333333333,38,AV,1,0,0,8,832.4581618945489,0.4,-1.1674034492561602,"0.16496153846153847,0.30271828908554566,0.3130595238095239,0.4,0.08,0.041130922202737376","0,0,0"
37.03333333333333,103,AV,2,0,0,45,1594.6992934726818,0.2,-2.982678308161868,"0.23125,0.3478893442622951,0.3460277777777778,0.2,0.45,0.07879249141759738","0,0,0"
44.15,17,AV,1,0,0,80,615.3970356119416,0.5,-3.430527666952932,"0.249530303030303,0.35253194444444447,0.3772592592592592,0.5,0.8,0.030406149827330708","0,0,0"
40.916666666666664,191,AV,1,0,0,72,3257.3450634265246,0.7,-23.55954331438755,"0.1751666666666667,0.3041753623188406,0.33118749999999997,0.7,0.72,0.1609421500371313","0,0,0"
20.85,187,AV,1,0,0,22,3159.4556453821087,0.3,-4.990503803501285,"0.16798809523809524,0.26776638176638173,0.2855416666666667,0.3,0.22,0.15610553214765938","0,0,0"
38.85,3,AV,1,0,0,65,513.3463032142733,0.3,-1.5108715060510998,"0.1610701754385965,0.27580660377358496,0.31544444444444447,0.3,0.65,0.02536392557256681","0,0,0"
40.983333333333334,83,AV,1,0,0,71,1348.5865378412918,0.3,-4.187088758272394,"0.1870357142857143,0.33536864406779665,0.3512291666666666,0.3,0.71,0.0666323071965214","0,0,0"
17.333333333333332,214,AV,1,0,0,12,3941.04555698938,0.3,-5.175110327359791,"0.17135714285714287,0.3007286501377411,0.3670666666666667,0.3,0.12,0.19472310516250035","0,0,0"
35.18333333333333,188,AV,1,0,0,55,3206.59631480788,0.2,-5.697916515622419,"0.20195238095238097,0.3275915915915916,0.3307083333333333,0.2,0.55,0.15843470530673276","0,0,0"
37.21666666666667,232,AV,1,0,0,62,4645.51881630073,1.0,-43.65927406060408,"0.18208888888888886,0.3379251412429378,0.3286428571428571,1.0,0.62,0.2295304217929239","0,0,0"
43.13333333333333,133,AV,1,0,0,77,2046.5713793034688,0.2,-4.4583558330280955,"0.20907142857142855,0.32230277777777777,0.3349999999999999,0.2,0.77,0.10111903761374018","0,0,0"
15.316666666666666,123,AV,1,0,0,6,1929.5758599688188,0.5,-3.7316502847460953,"0.1675595238095238,0.30581512605042016,0.39721428571428574,0.5,0.06,0.09533840643718873","0,0,0"
28.95,35,AV,1,0,0,44,783.6834518391023,0.4,-2.2916803970446473,"0.1421111111111111,0.2842763157894737,0.32981818181818184,0.4,0.44,0.038721012736313315","0,0,0"
43.016666666666666,264,AV,1,0,0,75,6254.49597505133,0.1,-6.794130518353318,"0.13968181818181818,0.26965966386554624,0.2673,0.1,0.75,0.3090283682025544","0,0,0"
21.316666666666666,252,AV,1,0,0,25,5590.116807812239,0.2,-6.0183159909022335,"0.20008333333333334,0.31083884297520653,0.32183333333333336,0.2,0.25,0.27620206041714035","0,0,0"
12.833333333333334,126,AV,1,0,0,3,1986.5043233563797,0.3,-1.9313236477075915,"0.20158333333333334,0.2778480825958702,0.32139285714285715,0.3,0.03,0.09815118467145603","0,0,0"
49.516666666666666,147,AV,1,0,0,93,2294.767722006211,0.2,-5.73885092767715,"0.15369047619047618,0.26822753623188406,0.26445833333333335,0.2,0.93,0.11338216978061968","0,0,0"
18.85,0,AV,0,0,0,37,437.5592869272848,0.2,-2.916565280736329,"0.16327777777777774,0.2977284482758621,0.30996969696969695,0.2,0.37,0.021619365168734063","0,0,0"
25.7,155,AV,1,0,0,38,2446.4664131825853,0.2,-3.175463980747093,"0.15586666666666668,0.29591944444444446,0.3734333333333334,0.2,0.38,0.12087744984470407","0,0,0"
33.95,202,AV,1,0,0,49,3534.445695738256,0.5,-15.150812041706287,"0.245037037037037,0.40702339181286545,0.38175000000000003,0.5,0.49,0.1746334141410286","0,0,0"
26.4,268,AV,1,0,0,38,6918.069898529506,0.2,-9.224093198039341,"0.17155555555555554,0.2890152777777778,0.34979999999999994,0.2,0.38,0.34181488970200175","0,0,0"
24.266666666666666,185,AV,1,0,0,35,3131.512437779759,0.2,-3.8379479035415223,"0.16525490196078438,0.3095267295597484,0.3323833333333333,0.2,0.35,0.15472488630790748","0,0,0"
27.166666666666668,145,AV,1,0,0,39,2271.53748778668,0.7,-10.908351319716337,"0.16212820512820514,0.36114583333333333,0.36280952380952386,0.7,0.39,0.11223438722508516","0,0,0"
45.06666666666667,241,AV,1,0,0,86,4951.479839002994,0.5,-28.17508729937731,"0.19355952380952382,0.2856666666666666,0.32781944444444444,0.5,0.86,0.2446476488175187","0,0,0"
24.583333333333332,296,AV,1,0,0,36,17693.100214811147,1.0,-109.83721724261972,"0.16477272727272727,0.30766666666666664,0.3420740740740741,1.0,0.36,0.874198322236906","0,0,0"
16.316666666666666,163,AV,1,0,0,12,2744.255474143275,0.2,-2.2614697888773287,"0.20193333333333335,0.28877721088435376,0.3387361111111111,0.2,0.12,0.13559090844222083","0,0,0"
46.46666666666667,143,AV,1,0,0,86,2250.3510049999354,0.3,-7.921690153964419,"0.22053333333333336,0.3468253968253969,0.39083333333333337,0.3,0.86,0.11118758437643748","0,0,0"
32.45,93,AV,1,0,0,53,1496.328062426438,0.1,-1.2261577178216645,"0.1683518518518519,0.3074453551912569,0.3290740740740741,0.1,0.53,0.07393206763132296","0,0,0"
17.15,97,AV,0,0,0,35,1546.5147326922538,0.5,-5.8488292507161805,"0.14431818181818185,0.29407536231884057,0.33814999999999995,0.5,0.35,0.07641174063449208","0,0,0"
11.983333333333333,92,AV,0,0,0,19,1490.1599361877834,0.3,-3.8528093360088587,"0.23735897435897435,0.3397433628318584,0.38974999999999993,0.3,0.19,0.0736273067051025","0,0,0"
42.68333333333333,162,AV,1,0,0,74,2629.980017260476,0.5,-14.173776986961446,"0.1631111111111111,0.274498427672956,0.26625,0.5,0.74,0.1299446728211638","0,0,0"
50.06666666666667,88,AV,1,0,0,96,1460.106853854364,1.0,-18.460273522636825,"0.2263939393939394,0.3355495867768595,0.3853958333333334,1.0,0.96,0.07214241407266661","0,0,0"
14.6,173,AV,1,0,0,4,2942.323800284961,0.9,-9.76316533730919,"0.2389848484848485,0.36244397759103647,0.358,0.9,0.04,0.14537726562660996","0,0,0"
15.75,178,AV,1,0,0,12,2987.078671303881,1.0,-11.880426533594981,"0.16385416666666663,0.2662053571428572,0.3038611111111111,1.0,0.12,0.14758855888113623","0,0,0"
20.633333333333333,240,AV,1,0,0,20,4934.883137056144,0.1,-2.571290119392048,"0.141625,0.33277450980392154,0.3472592592592592,0.1,0.2,0.2438276224331965","0,0,0"
31.85,205,AV,1,0,0,52,3608.770587345788,0.1,-2.902508666842509,"0.13286666666666666,0.2612134986225896,0.3356481481481481,0.1,0.52,0.17830573243205106","0,0,0"
23.766666666666666,226,AV,1,0,0,28,4504.939201911708,0.1,-2.703721928420074,"0.18103333333333335,0.2898865546218488,0.30574999999999997,0.1,0.28,0.2225845241521748","0,0,0"
31.45,107,AV,2,0,0,49,1628.9397076974285,0.6,-7.7621445162248675,"0.24756410256410255,0.3488645833333333,0.3494222222222222,0.6,0.49,0.0804842759157665","0,0,0"
41.916666666666664,43,AV,2,0,0,82,857.6590975250949,0.2,-1.815667197201695,"0.17871428571428571,0.3432295081967213,0.32641666666666663,0.2,0.82,0.04237607513690668","0,0,0"
29.25,238,AV,1,0,0,46,4864.205776554158,0.1,-3.5928792667729574,"0.20237719298245613,0.3333134556574924,0.33418055555555554,0.1,0.46,0.24033552499290464","0,0,0"
27.166666666666668,124,AV,0,0,0,74,1950.0200213032829,0.6,-10.52659756243523,"0.15724074074074074,0.3373013333333334,0.43363888888888885,0.6,0.74,0.09634853192798135","0,0,0"
36.96666666666667,259,AV,1,0,0,56,5984.209260784091,0.3,-16.758808258104942,"0.18429166666666666,0.30349281609195405,0.33431481481481484,0.3,0.56,0.2956737729497932","0,0,0"
18.216666666666665,176,AV,1,0,0,17,2966.188350320237,0.3,-4.093489730934367,"0.15166666666666667,0.26087853107344633,0.3400714285714286,0.3,0.17,0.14655638908990856","0,0,0"
23.633333333333333,287,AV,1,0,0,26,10751.672106064549,0.1,-6.416612393265796,"0.216875,0.3103408408408408,0.34478571428571436,0.1,0.26,0.5312293268137855","0,0,0"
