travel_time,id,kind,action,origin,destination,start_time,income,urgency,reward,observation,cost_table
47.416666666666664,146,AV,1,0,0,95,2280.385817754286,0.1,-2.7305124795921483,"0.19010606060606064,0.317478855721393,0.363963768115942,0.1,0.95,0.1126715743273096","0,0,0"
41.61666666666667,7,AV,2,0,0,66,546.8646928603165,0.7,-4.022999985902976,"0.1797619047619048,0.2811896551724138,0.3372,0.7,0.66,0.027020035561031403","0,0,0"
26.916666666666668,111,AV,1,0,0,43,1661.9571573900298,0.3,-3.3889656681627502,"0.19640000000000002,0.28459872611464976,0.3461159420289855,0.3,0.43,0.08211563496394797","0,0,0"
18.533333333333335,198,AV,0,0,0,52,3465.4556083993225,1.0,-18.7187989753369,"0.18504545454545457,0.30121097046413503,0.33268253968253975,1.0,0.52,0.17122468317412964","0,0,0"
34.45,288,AV,2,0,0,54,11185.875164713363,0.2,-19.462292900220977,"0.15705555555555556,0.26924780701754386,0.3478333333333333,0.2,0.54,0.5526828641120808","0,0,0"
32.333333333333336,61,AV,1,0,0,56,1022.032321197676,1.0,-8.344876696647692,"0.15303846153846154,0.31072984749455346,0.34980555555555554,1.0,0.56,0.05049759112961852","0,0,0"
19.45,108,AV,1,0,0,19,1645.9523587482854,0.2,-1.616857241295664,"0.15027083333333333,0.29932199546485255,0.362060606060606,0.2,0.19,0.0813248539278105","0,0,0"
40.11666666666667,47,AV,1,0,0,82,912.6272274022258,0.1,-0.9245344008237195,"0.2318796296296296,0.3246561771561771,0.37986781609195397,0.1,0.82,0.04509199526010037","0,0,0"
36.53333333333333,231,AV,1,0,0,74,4639.089550420253,0.3,-12.839500371870193,"0.19284848484848485,0.3244501216545012,0.3583030303030303,0.3,0.74,0.22921275821911885","0,0,0"
40.05,213,AV,1,0,0,79,3898.759045987068,0.2,-7.886126252110206,"0.16555882352941179,0.26989949109414757,0.34962121212121194,0.2,0.79,0.19263377109878843","0,0,0"
33.63333333333333,255,AV,1,0,0,61,5702.616109653807,0.2,-9.6867670953547,"0.21876923076923074,0.324476821192053,0.35330392156862744,0.2,0.61,0.28176053800041856","0,0,0"
30.1,267,AV,1,0,0,47,6783.106781750961,0.1,-5.1558463164319175,"0.18184375,0.3111480263157895,0.3286742424242424,0.1,0.47,0.33514649757064985","0,0,0"
39.55,221,AV,1,0,0,76,4164.701887555128,0.1,-4.159443425575892,"0.17468421052631578,0.2960380952380952,0.34986111111111107,0.1,0.76,0.20577373996162773","0,0,0"
23.383333333333333,112,AV,1,0,0,34,1682.490559712908,0.1,-0.9934908481806438,"0.17803921568627448,0.3050770975056689,0.34768055555555555,0.1,0.34,0.08313016976240285","0,0,0"
48.266666666666666,72,AV,1,0,0,100,1239.4416864014672,0.1,-1.5106999679371418,"0.16031481481481483,0.3047785714285714,0.35212318840579704,0.1,1.0,0.0612395696405775","0,0,0"
28.166666666666668,45,AV,1,0,0,47,898.3728471886773,1.0,-6.3899415477645825,"0.17378070175438598,0.3101402116402116,0.3486410256410256,1.0,0.47,0.044387700641524724","0,0,0"
19.816666666666666,280,AV,1,0,0,20,8348.421721831439,0.3,-12.533173519264622,"0.20541666666666664,0.3430477855477856,0.34901612903225804,0.3,0.2,0.41248713758156286","0,0,0"
30.4,74,AV,1,0,0,54,1260.6549751070208,0.1,-0.9677755364457937,"0.15596969696969695,0.29560042735042735,0.3565652173913043,0.1,0.54,0.0622876969427672","0,0,0"
26.216666666666665,212,AV,1,0,0,43,3822.7735841463273,0.1,-2.5308176969116887,"0.15873076923076923,0.28515277777777776,0.3505466666666667,0.1,0.43,0.1888794056993337","0,0,0"
23.466666666666665,263,AV,0,0,0,76,6230.691172258436,0.2,-9.884522870824814,"0.18331250000000002,0.2772609195402299,0.34282758620689646,0.2,0.76,0.3078521967905309","0,0,0"
31.616666666666667,283,AV,1,0,0,57,8987.822610831106,0.3,-21.527650874680063,"0.17983333333333335,0.28969292237442923,0.35051785714285705,0.3,0.57,0.4440792937110115","0,0,0"
36.233333333333334,279,AV,1,0,0,72,8333.728817076937,0.1,-7.625221569160464,"0.1660925925925926,0.2799505747126436,0.3367608695652173,0.1,0.72,0.4117611759055859","0,0,0"
32.083333333333336,294,AV,1,0,0,57,16390.717038727882,0.2,-26.559032238679446,"0.17818518518518517,0.27367444444444444,0.3272121212121212,0.2,0.57,0.8098488767684134","0,0,0"
46.31666666666667,30,AV,1,0,0,100,753.5670156580491,0.8,-7.0510529848946755,"0.13804761904761903,0.29751454138702454,0.3166419753086419,0.8,1.0,0.03723298985385701","0,0,0"
40.56666666666667,249,AV,1,0,0,83,5370.167679594476,0.3,-16.503772894107264,"0.17294047619047617,0.3130342465753424,0.3886071428571429,0.3,0.83,0.26533459476493776","0,0,0"
34.93333333333333,137,AV,1,0,0,64,2142.030696222753,1.0,-18.896028363985227,"0.17888461538461542,0.31112854030501086,0.3627916666666667,1.0,0.64,0.10583558664582342","0,0,0"
36.6,51,AV,1,0,0,73,932.1411738504048,0.1,-0.8615244182556772,"0.11409722222222221,0.25919858156028364,0.31825,0.1,0.73,0.046056159767061025","0,0,0"
39.333333333333336,210,AV,1,0,0,77,3778.090807703549,0.5,-18.763245593813927,"0.14009375000000002,0.30660256410256415,0.3590144927536232,0.5,0.77,0.18667167456544997","0,0,0"
22.383333333333333,177,AV,1,0,0,22,2968.817229463249,0.4,-6.7123258235170775,"0.16195555555555555,0.24906689342403635,0.30452777777777773,0.4,0.22,0.1466862793696381","0,0,0"
36.6,37,AV,1,0,0,68,827.3783452591958,0.9,-6.882283508292402,"0.16822916666666665,0.3017426303854875,0.3545123456790123,0.9,0.68,0.040879933561629736","0,0,0"
31.583333333333332,46,AV,1,0,0,55,905.8209551718018,0.1,-0.7224455850381164,"0.17791666666666667,0.2914460431654676,0.33025862068965517,0.1,0.55,0.044755704180963","0,0,0"
20.533333333333335,207,AV,1,0,0,21,3630.005597296026,0.3,-5.646675373571596,"0.15030555555555558,0.27096713615023477,0.31786666666666663,0.3,0.21,0.17935493295913799","0,0,0"
36.75,76,AV,1,0,0,74,1275.6237969650936,0.2,-2.367635077700363,"0.17698888888888892,0.2940144927536232,0.3400977011494253,0.2,0.74,0.06302729140588091","0,0,0"
25.95,125,AV,1,0,0,37,1963.0347272178835,0.2,-2.5727652106719234,"0.17808333333333334,0.31298009950248756,0.3539551282051282,0.2,0.37,0.09699157548376398","0,0,0"
18.833333333333332,21,AV,1,0,0,20,640.5426603936758,0.6,-1.8278111268809434,"0.16927777777777778,0.30611888888888894,0.34379710144927544,0.6,0.2,0.03164856990797825","0,0,0"
23.583333333333332,22,AV,2,0,0,13,658.4091024775607,0.9,-3.528973030324805,"0.179,0.33684,0.38035087719298244,0.9,0.13,0.032531332877974904","0,0,0"
44.266666666666666,144,AV,2,0,0,93,2255.9253983027734,0.1,-2.521775192715558,"0.15607142857142858,0.30012890625,0.3511858974358975,0.1,0.93,0.11146300955425625","0,0,0"
20.3,79,AV,1,0,0,18,1317.647826688136,0.1,-0.6754608808527567,"0.15988333333333332,0.29066666666666663,0.3371086956521739,0.1,0.18,0.06510365653304864","0,0,0"
17.766666666666666,16,AV,1,0,0,13,614.9217871931492,1.0,-2.7588662674574786,"0.19126923076923077,0.31378941441441444,0.37471264367816093,1.0,0.13,0.030382668279986823","0,0,0"
12.733333333333333,66,AV,1,0,0,2,1117.0806745336297,0.7,-2.514371821298759,"0.17065151515151517,0.2808973429951691,0.30870666666666663,0.7,0.02,0.055193834863552414","0,0,0"
24.433333333333334,81,AV,1,0,0,38,1338.7213376931895,0.9,-7.433960155523545,"0.16793939393939394,0.3112307692307692,0.4033965517241379,0.9,0.38,0.06614487755935793","0,0,0"
33.93333333333333,156,AV,1,0,0,63,2476.7673195544394,0.1,-2.1223477536249318,"0.14437179487179488,0.28343176733780756,0.3635277777777777,0.1,0.63,0.12237458721412664","0,0,0"
43.53333333333333,282,AV,2,0,0,84,8981.750106371177,0.1,-9.873876800438346,"0.20167647058823526,0.3236794871794872,0.3498444444444444,0.1,0.84,0.4437792573608979","0,0,0"
44.71666666666667,254,AV,2,0,0,84,5670.319740923212,0.5,-32.01487345306603,"0.1969285714285714,0.28782545045045044,0.39326984126984127,0.5,0.84,0.28016480683878775","0,0,0"
24.65,154,AV,1,0,0,37,2421.832203454489,0.2,-3.015058778543088,"0.2099166666666666,0.3094893617021276,0.35759090909090907,0.2,0.37,0.119660298268526","0,0,0"
29.166666666666668,53,AV,1,0,0,48,946.1123250925148,0.2,-1.3936839805655734,"0.19195652173913047,0.294158024691358,0.36065591397849467,0.2,0.48,0.04674646032644781","0,0,0"
22.983333333333334,234,AV,1,0,0,32,4679.48341028673,0.7,-19.011386094064733,"0.18766666666666665,0.28606140350877196,0.33145977011494254,0.7,0.32,0.23120857828995","0,0,0"
34.03333333333333,262,AV,1,0,0,62,6081.635477498837,0.6,-31.360352639021773,"0.2011153846153846,0.30095000000000005,0.3491111111111111,0.6,0.62,0.3004875045265025","0,0,0"
46.516666666666666,233,AV,1,0,0,97,4669.869929992837,0.5,-27.42762410481904,"0.15238235294117647,0.25524200913242007,0.3057894736842105,0.5,0.97,0.23073358587812023","0,0,0"
20.35,298,AV,2,0,0,4,19040.472291926453,0.2,-19.569374300035523,"0.18157291666666667,0.32143107769423557,0.354932098765432,0.2,0.04,0.9407706241479663","0,0,0"
43.53333333333333,142,AV,1,0,0,87,2241.037238818388,0.4,-9.85452738685796,"0.19685897435897434,0.3094588607594936,0.3325087719298246,0.4,0.87,0.11072740053806189","0,0,0"
38.15,236,AV,1,0,0,77,4747.153558918807,0.2,-9.146662033977398,"0.19824358974358977,0.32122948717948707,0.3937388888888889,0.2,0.77,0.23455209241022626","0,0,0"
22.616666666666667,58,AV,1,0,0,28,979.573716991658,0.6,-3.3567715503981814,"0.16892424242424242,0.2998856837606838,0.3441349206349206,0.6,0.28,0.048399754113449336","0,0,0"
28.983333333333334,278,AV,1,0,0,47,8134.997760071039,1.0,-59.54024033991388,"0.16894166666666666,0.2904029680365296,0.32286805555555553,1.0,0.47,0.40194207385440944","0,0,0"
44.38333333333333,41,AV,1,0,0,94,850.3216016091212,0.4,-3.8121320287627776,"0.1726111111111111,0.32469328703703704,0.34595833333333337,0.4,0.94,0.04201353682867991","0,0,0"
43.38333333333333,277,AV,1,0,0,90,8029.700924090037,1.0,-87.96848276686181,"0.13516666666666666,0.3045133333333333,0.3373695652173913,1.0,0.9,0.39673946287985623","0,0,0"
14.666666666666666,272,AV,1,0,0,5,7362.36439851089,0.3,-8.180404887234323,"0.1877083333333333,0.2830638297872341,0.31808695652173913,0.3,0.05,0.36376703498729634","0,0,0"
39.083333333333336,12,AV,1,0,0,77,591.6693204447811,0.2,-1.1678994582853635,"0.17883333333333332,0.271033096926714,0.33172222222222225,0.2,0.77,0.02923378723751827","0,0,0"
29.183333333333334,64,AV,2,0,0,24,1089.3140785512585,0.3,-2.4083193832616834,"0.1741052631578947,0.30648345153664314,0.3322083333333333,0.3,0.24,0.05382191522667051","0,0,0"
45.06666666666667,34,AV,1,0,0,93,779.2240782816187,0.5,-4.433968660929077,"0.1677982456140351,0.3035833333333333,0.3474135802469136,0.5,0.93,0.038500679564916006","0,0,0"
21.933333333333334,291,AV,0,0,0,60,13430.196447392702,0.7,-54.5702734315579,"0.1959,0.27627980535279806,0.32344907407407403,0.7,0.6,0.6635725259609666","0,0,0"
41.333333333333336,165,AV,1,0,0,81,2756.9260540590044,0.2,-5.755199170089504,"0.18880833333333336,0.2698126520681265,0.3539090909090908,0.2,0.81,0.1362169490778143","0,0,0"
28.85,116,AV,1,0,0,47,1778.835052690156,0.3,-3.887832671978106,"0.18416666666666667,0.272199530516432,0.3191176470588235,0.3,0.47,0.08789045445501824","0,0,0"
46.28333333333333,151,AV,1,0,0,99,2382.718205806423,0.1,-2.7848520444126423,"0.16892857142857143,0.30736781609195407,0.33928472222222217,0.1,0.99,0.1177277149052501","0,0,0"
35.733333333333334,153,AV,1,0,0,69,2403.836358207942,0.2,-4.338236659930831,"0.17495370370370367,0.2779675925925925,0.3445297619047619,0.2,0.69,0.11877114161815011","0,0,0"
44.916666666666664,106,AV,1,0,0,93,1626.914224999384,0.3,-5.536027571178458,"0.16485416666666666,0.2686034063260341,0.33612121212121215,0.3,0.93,0.0803841988487261","0,0,0"
30.666666666666668,261,AV,1,0,0,55,6031.594525491932,0.1,-4.670931787417994,"0.21205555555555555,0.3059448198198198,0.3710967741935483,0.1,0.55,0.2980150313162421","0,0,0"
37.1,230,AV,2,0,0,74,4630.913868273173,0.2,-8.677116389542157,"0.16793589743589746,0.2741472019464721,0.3369393939393939,0.2,0.74,0.2288088059705391","0,0,0"
40.833333333333336,281,AV,1,0,0,83,8436.938288223368,0.3,-26.099114654226327,"0.1925350877192982,0.2570461711711712,0.32188405797101444,0.3,0.83,0.4168606522788469","0,0,0"
18.016666666666666,14,AV,1,0,0,17,597.1498506777683,0.1,-0.2716830760028062,"0.16848611111111114,0.33371803652968024,0.36630303030303024,0.1,0.17,0.029504574735270385","0,0,0"
20.55,105,AV,1,0,0,24,1614.9493849180149,0.1,-0.8380608550521518,"0.14396969696969697,0.28027187500000006,0.3359824561403509,0.1,0.24,0.0797930281099649","0,0,0"
25.516666666666666,113,AV,2,0,0,15,1697.366940102563,0.2,-2.1874316374554073,"0.18449122807017546,0.2883603603603604,0.34983333333333344,0.2,0.15,0.08386519678534977","0,0,0"
16.8,273,AV,0,0,0,47,7572.106998522375,0.5,-18.562045148380797,"0.19688541666666665,0.3098179487179487,0.3559791666666667,0.5,0.47,0.37413020632558763","0,0,0"
32.61666666666667,246,AV,1,0,0,61,5064.807770076448,0.6,-25.029870722322244,"0.21707142857142855,0.3161568627450981,0.31650833333333334,0.6,0.61,0.25024706813941117","0,0,0"
16.083333333333332,130,AV,1,0,0,11,2022.4315636845977,0.2,-1.642800049625957,"0.17411666666666664,0.25235977011494254,0.3098253968253968,0.2,0.11,0.09992631355425287","0,0,0"
45.88333333333333,33,AV,2,0,0,90,779.0639592631991,0.3,-2.7080341917318016,"0.2145,0.2978408602150538,0.3664916666666667,0.3,0.9,0.0384927682449347","0,0,0"
31.5,269,AV,1,0,0,54,7099.697064525982,0.2,-11.29497260265497,"0.14041666666666666,0.2854608501118569,0.31967241379310335,0.2,0.54,0.3507889056663633","0,0,0"
25.416666666666668,4,AV,1,0,0,39,522.440884226393,0.2,-0.6706417074454961,"0.17457291666666663,0.2794591836734694,0.35628030303030306,0.2,0.39,0.02581327969172718","0,0,0"
31.566666666666666,227,AV,1,0,0,56,4505.18942297478,0.3,-10.773773695851306,"0.2016176470588235,0.34059854014598534,0.371225806451613,0.3,0.56,0.22259688732374286","0,0,0"
27.35,251,AV,1,0,0,43,5394.467136051333,0.2,-7.451448291464847,"0.17155128205128206,0.3255547619047619,0.3314074074074074,0.2,0.43,0.2665352065179911","0,0,0"
35.46666666666667,152,AV,2,0,0,55,2392.7441380289174,1.0,-21.429964333861687,"0.18740277777777778,0.3034370860927152,0.3619876543209877,1.0,0.55,0.1182230861528751","0,0,0"
23.383333333333333,67,AV,1,0,0,34,1141.5133047894662,0.1,-0.6740501543011874,"0.21731372549019604,0.32218045977011495,0.37040476190476185,0.1,0.34,0.0564010266003407","0,0,0"
26.166666666666668,24,AV,1,0,0,41,676.2529471816457,0.3,-1.340551928125232,"0.15782142857142856,0.3125174825174825,0.3379141414141414,0.3,0.41,0.033412979334117666","0,0,0"
26.35,215,AV,2,0,0,17,3942.222625638348,0.1,-2.623170863271982,"0.16941304347826086,0.2917666666666667,0.33637654320987664,0.1,0.17,0.19478126294296802","0,0,0"
26.216666666666665,182,AV,1,0,0,41,3024.224513765153,0.1,-2.002148636427856,"0.17374074074074072,0.2714989247311828,0.31592028985507253,0.1,0.41,0.14942389767216036","0,0,0"
23.016666666666666,270,AV,1,0,0,32,7332.887514065835,0.2,-8.524173111889661,"0.14442708333333334,0.23810000000000006,0.3202133333333334,0.2,0.32,0.3623106117141683","0,0,0"
15.033333333333333,159,AV,1,0,0,6,2530.9644311939346,0.8,-7.686632716959357,"0.19317857142857142,0.31832051282051277,0.349904761904762,0.8,0.06,0.12505241210010515","0,0,0"
17.983333333333334,193,AV,1,0,0,14,3278.222126324269,0.1,-1.4887212433938917,"0.1617948717948718,0.2969660087719298,0.3340800000000001,0.1,0.14,0.16197366475964245","0,0,0"
15.283333333333333,48,AV,0,0,0,43,914.1934345695068,0.4,-3.911305352694003,"0.14595,0.2841545698924731,0.34295833333333325,0.4,0.43,0.04516937998416169","0,0,0"
25.116666666666667,77,AV,1,0,0,33,1294.2551843223837,0.1,-0.8208933345007712,"0.1885555555555556,0.30722008547008545,0.3393181818181818,0.1,0.33,0.06394784955402583","0,0,0"
41.43333333333333,118,AV,1,0,0,84,1824.367004680513,0.2,-3.8176568801647774,"0.18746969696969695,0.31906060606060604,0.34496666666666664,0.2,0.84,0.09014014250035135","0,0,0"
13.6,217,AV,1,0,0,5,4021.28082322038,0.1,-1.3810459392878072,"0.23633333333333337,0.31144155844155835,0.3453271604938271,0.1,0.05,0.19868744913115402","0,0,0"
42.31666666666667,266,AV,1,0,0,82,6778.2755320215965,0.3,-21.72985047449853,"0.16579824561403508,0.2423184931506849,0.32238,0.3,0.82,0.3349077903708691","0,0,0"
42.43333333333333,224,AV,2,0,0,85,4429.527615460413,0.6,-28.4787305781874,"0.1743333333333333,0.30720254629629634,0.34385802469135807,0.6,0.85,0.2188585133596875","0,0,0"
43.65,237,AV,1,0,0,88,4754.245589533712,0.5,-26.202376260498294,"0.1823425925925926,0.29092962962962965,0.32459259259259254,0.5,0.88,0.234902502524312","0,0,0"
20.066666666666666,160,AV,2,0,0,0,2563.744074524839,0.3,-3.897408921373619,"0.20672619047619045,0.32840222222222226,0.360173076923077,0.3,0.0,0.12667202137465233","0,0,0"
15.166666666666666,222,AV,1,0,0,4,4237.057085974603,0.5,-8.11389298871399,"0.16264444444444442,0.29610798122065735,0.33662626262626266,0.5,0.04,0.20934873768929974","0,0,0"
44.86666666666667,73,AV,1,0,0,89,1244.4027248274256,0.3,-4.229712291963926,"0.14746296296296296,0.29944831223628693,0.2996428571428571,0.3,0.89,0.06148468956958209","0,0,0"
27.183333333333334,285,AV,1,0,0,45,9280.176126726552,0.3,-19.11106977612501,"0.15075,0.2903727477477478,0.32142361111111106,0.3,0.45,0.4585241874827607","0,0,0"
27.816666666666666,284,AV,1,0,0,46,9095.945853089892,0.2,-12.778732010780331,"0.18635897435897442,0.3042488095238096,0.3489880952380952,0.2,0.46,0.44942155458275634","0,0,0"
30.55,247,AV,0,0,0,97,5168.6614957092925,0.1,-6.487439613482801,"0.18737777777777775,0.29292565947242205,0.36626282051282055,0.1,0.97,0.255378376480178","0,0,0"
21.383333333333333,62,AV,1,0,0,26,1025.7249596144625,0.2,-1.107748420189693,"0.1540634920634921,0.25806913580246904,0.3216200000000001,0.2,0.26,0.050680040687321244","0,0,0"
43.5,131,AV,1,0,0,87,2033.019749384408,1.0,-22.33241391369236,"0.18002083333333335,0.3094897959183673,0.3527839506172839,1.0,0.87,0.10044946518183244","0,0,0"
30.216666666666665,15,AV,2,0,0,23,601.3137559373858,0.6,-2.7529844432183848,"0.21931666666666666,0.31482843137254896,0.37616666666666665,0.6,0.23,0.029710309114645228","0,0,0"
15.666666666666666,256,AV,1,0,0,10,5844.130995646287,0.4,-9.248288107588401,"0.18164814814814814,0.2924525547445255,0.3536666666666667,0.4,0.1,0.28875264647231946","0,0,0"
23.433333333333334,203,AV,2,0,0,4,3580.4564780460023,0.3,-6.356214404207929,"0.19865277777777782,0.26176041666666666,0.3219607843137255,0.3,0.04,0.17690676071171996","0,0,0"
26.466666666666665,209,AV,1,0,0,43,3759.463069718096,1.0,-25.1263777555233,"0.13133333333333336,0.24596790123456788,0.3122285714285714,1.0,0.43,0.18575129672910448","0,0,0"
25.333333333333332,57,AV,0,0,0,82,961.7772661313056,0.7,-6.80694870018396,"0.16334444444444446,0.2754679487179487,0.3399166666666666,0.7,0.82,0.04752044933955402","0,0,0"
11.95,245,AV,0,0,0,23,5009.92015912814,0.5,-10.059159836058242,"0.17465,0.3163628117913832,0.37457575757575756,0.5,0.23,0.24753512637567007","0,0,0"
36.36666666666667,119,AV,1,0,0,70,1848.7234685638712,0.7,-11.884428560119769,"0.2201111111111111,0.32615856481481487,0.3580238095238095,0.7,0.7,0.09134357093312716","0,0,0"
30.15,289,AV,1,0,0,51,11515.391842589095,0.1,-8.767400607425788,"0.1544705882352941,0.2553707482993197,0.323948717948718,0.1,0.51,0.5689639524149042","0,0,0"
44.3,135,AV,1,0,0,91,2108.868816674547,0.4,-9.436655411988124,"0.15826666666666664,0.282519406392694,0.31022988505747123,0.4,0.91,0.10419709146344741","0,0,0"
36.4,293,AV,1,0,0,72,14754.343640924068,0.7,-94.93451413402659,"0.18545833333333334,0.2898385744234801,0.3207333333333333,0.7,0.72,0.7289973096860264","0,0,0"
35.56666666666667,229,AV,1,0,0,68,4609.601315671212,0.3,-12.420314656114101,"0.18847777777777774,0.32315367965367964,0.3719761904761905,0.3,0.68,0.2277557741388637","0,0,0"
28.8,101,AV,1,0,0,47,1587.6148581174584,0.1,-1.154628987721788,"0.18746296296296297,0.28461387163561086,0.33588333333333337,0.1,0.47,0.07844245657766878","0,0,0"
23.3,26,AV,1,0,0,29,720.4688823460104,0.3,-1.271736739292579,"0.20484444444444447,0.30438064516129026,0.34962745098039205,0.3,0.29,0.035597644309025005","0,0,0"
20.983333333333334,253,AV,1,0,0,25,5654.280440205098,0.1,-2.996102303963897,"0.16125,0.2714538288288289,0.33283333333333337,0.1,0.25,0.2793723210896882","0,0,0"
43.416666666666664,211,AV,1,0,0,91,3783.636689084741,0.1,-4.148305376711174,"0.20456944444444447,0.2993976190476191,0.35090625000000003,0.1,0.91,0.18694569099783895","0,0,0"
32.55,96,AV,1,0,0,57,1541.4014724042315,0.2,-2.5339706023615016,"0.19930000000000003,0.3101867088607595,0.3442647058823529,0.2,0.57,0.07615909957607497","0,0,0"
35.06666666666667,158,AV,1,0,0,66,2528.765907819195,0.2,-4.478555109471033,"0.17226666666666668,0.26671749408983453,0.3135441176470588,0.2,0.66,0.12494378526691811","0,0,0"
20.583333333333332,192,AV,0,0,0,58,3274.575105225111,0.3,-7.606187190597238,"0.1395,0.3027550813008131,0.3023666666666666,0.3,0.58,0.16179346910781556","0,0,0"
43.31666666666667,19,AV,2,0,0,86,617.4453946714843,0.5,-3.3769793365976177,"0.18796666666666667,0.2986173245614035,0.35566666666666663,0.5,0.86,0.03050735719243069","0,0,0"
40.016666666666666,242,AV,1,0,0,78,4968.170350229253,0.2,-10.040889739815182,"0.16730769230769232,0.31287442922374425,0.33627419354838717,0.2,0.78,0.24547231022417584","0,0,0"
33.63333333333333,2,AV,1,0,0,64,506.5869000089976,0.5,-2.15128864524023,"0.2217727272727273,0.32082249322493234,0.34728333333333333,0.5,0.64,0.025029950244917432","0,0,0"
33.016666666666666,8,AV,1,0,0,56,548.7192496267361,0.8,-3.6599758704059404,"0.14079166666666665,0.2881360294117647,0.3463273809523809,0.8,0.56,0.02711166734935643","0,0,0"
26.183333333333334,290,AV,1,0,0,38,12197.400506638176,0.3,-24.194591156475475,"0.15910526315789472,0.26198401826484013,0.33440666666666663,0.3,0.38,0.6026613159421645","0,0,0"
24.45,190,AV,1,0,0,35,3252.767976975094,0.2,-4.016675607931366,"0.21619696969696972,0.2987654320987654,0.3465724637681159,0.2,0.35,0.1607160007897979","0,0,0"
16.166666666666668,248,AV,1,0,0,9,5341.061461458292,0.3,-6.5414515373921,"0.1746851851851852,0.2750614657210402,0.2974333333333334,0.3,0.09,0.26389648574207625","0,0,0"
24.0,275,AV,1,0,0,37,7958.958807233507,0.1,-4.823611398323338,"0.19282222222222223,0.28060671462829734,0.3493819444444445,0.1,0.37,0.3932441658930853","0,0,0"
43.21666666666667,200,AV,1,0,0,86,3520.054626539052,0.1,-3.8415410970605066,"0.1452456140350877,0.27014285714285713,0.30194117647058827,0.1,0.86,0.17392236585687273","0,0,0"
39.53333333333333,220,AV,1,0,0,77,4090.160813256426,0.2,-8.166550041283033,"0.2322121212121212,0.33179299363057324,0.3801212121212121,0.2,0.77,0.20209074030082702","0,0,0"
18.466666666666665,149,AV,0,0,0,52,2314.8193170712048,0.1,-3.5794696141897706,"0.14699074074074073,0.27215548098434,0.33157971014492754,0.1,0.52,0.11437289896607457","0,0,0"
41.06666666666667,225,AV,2,0,0,77,4459.768546990965,0.5,-23.12472579921241,"0.1612179487179487,0.2852841163310962,0.3325666666666667,0.5,0.77,0.22035268743240086","0,0,0"
45.86666666666667,98,AV,1,0,0,96,1564.4426034616197,0.1,-1.8120143285885426,"0.13344871794871796,0.24983653846153847,0.30870634920634926,0.1,0.96,0.07729753873417955","0,0,0"
27.933333333333334,168,AV,1,0,0,46,2813.5576138103806,0.2,-3.969295084803197,"0.20497916666666668,0.2828004866180049,0.3182,0.2,0.46,0.1390150576014335","0,0,0"
14.933333333333334,36,AV,1,0,0,7,813.126641713825,0.2,-0.6132672314609321,"0.22726666666666667,0.3468412162162162,0.35588271604938276,0.2,0.07,0.040175771194542055","0,0,0"
42.3,206,AV,1,0,0,86,3623.60917519969,0.4,-15.482693748580493,"0.21709649122807018,0.34577904040404045,0.38055128205128197,0.4,0.86,0.17903889216374055","0,0,0"
31.7,195,AV,1,0,0,57,3368.9508766880413,0.5,-13.484310958460973,"0.14294444444444443,0.2779554794520548,0.3730574712643678,0.5,0.57,0.16645648124650464","0,0,0"
25.1,134,AV,1,0,0,38,2078.9202215407213,0.5,-6.588497166751528,"0.19051190476190477,0.3059123376623377,0.33661363636363634,0.5,0.38,0.10271736143866485","0,0,0"
41.1,258,AV,1,0,0,85,5912.288420941998,0.2,-12.27247747983415,"0.1388333333333333,0.2546401515151515,0.31844252873563217,0.2,0.85,0.2921202364434439","0,0,0"
34.416666666666664,91,AV,2,0,0,47,1485.5718097438446,0.9,-11.620097678488785,"0.20295238095238094,0.3335352798053528,0.36070833333333335,0.9,0.47,0.07340061198282061","0,0,0"
44.516666666666666,219,AV,1,0,0,88,4061.843573313689,0.2,-9.132309919462006,"0.16915833333333333,0.30220344827586215,0.31526,0.2,0.88,0.20069161389857007","0,0,0"
34.56666666666667,186,AV,1,0,0,65,3151.1733449572957,0.2,-5.501290839597166,"0.1332361111111111,0.2541134751773049,0.32065333333333335,0.2,0.65,0.1556963119969945","0,0,0"
21.166666666666668,44,AV,1,0,0,26,870.7377108213431,0.3,-1.3962587029584668,"0.14755208333333333,0.2893262910798123,0.3286822916666667,0.3,0.26,0.04302227629226974","0,0,0"
12.783333333333333,175,AV,1,0,0,3,2964.6777926145683,0.7,-6.699223513698492,"0.206125,0.2930704697986577,0.3474466666666666,0.7,0.03,0.14648175394988758","0,0,0"
44.11666666666667,40,AV,2,0,0,81,849.0657401736111,0.2,-1.891815668551809,"0.13885714285714287,0.30065883668903803,0.32963333333333333,0.2,0.81,0.04195148597571712","0,0,0"
23.3,54,AV,1,0,0,32,946.2003450753726,0.5,-2.7836449545778006,"0.14823333333333333,0.2759631043256997,0.3316862745098039,0.5,0.32,0.04675080930545112","0,0,0"
39.1,292,AV,1,0,0,78,14505.369879802229,1.0,-143.22221270208766,"0.17664102564102563,0.3291600877192982,0.37464,1.0,0.78,0.7166957660553899","0,0,0"
37.1,265,AV,1,0,0,75,6709.13861087917,0.1,-6.285581880394375,"0.18308888888888888,0.31228076062639815,0.3430641025641025,0.1,0.75,0.3314918044931234","0,0,0"
14.516666666666667,89,AV,1,0,0,5,1467.6871321740252,0.6,-3.2281704346554947,"0.16492156862745097,0.26844701986754965,0.33764999999999995,0.6,0.05,0.07251694801576773","0,0,0"
32.86666666666667,189,AV,1,0,0,59,3245.380745418587,0.1,-2.6935567466184573,"0.17211111111111108,0.3057379310344828,0.3488055555555556,0.1,0.59,0.16035100509349434","0,0,0"
30.316666666666666,179,AV,1,0,0,51,2996.640782499388,0.3,-6.8824363426343265,"0.20243055555555556,0.29487777777777774,0.3597592592592592,0.3,0.51,0.14806101319737625","0,0,0"
16.966666666666665,75,AV,1,0,0,12,1265.4739572733297,0.1,-0.5421938082930343,"0.16571014492753622,0.2720723039215686,0.32371969696969694,0.1,0.12,0.06252579801457091","0,0,0"
17.083333333333332,139,AV,0,0,0,47,2187.907521251699,0.1,-3.4438574113143905,"0.21258771929824558,0.32603892944038926,0.36337745098039215,0.1,0.47,0.10810231452182832","0,0,0"
46.46666666666667,70,AV,1,0,0,100,1167.011530479414,0.2,-2.7387442314617894,"0.1932638888888889,0.3215597014925373,0.3436212121212121,0.2,1.0,0.05766086833794136","0,0,0"
20.766666666666666,136,AV,1,0,0,23,2123.4400354784907,0.2,-2.2271096668402355,"0.15696428571428572,0.30781493506493507,0.32812121212121215,0.2,0.23,0.10491704075874904","0,0,0"
39.65,140,AV,1,0,0,80,2218.0502812558643,1.0,-22.208508497928033,"0.21050877192982453,0.31667129629629637,0.3507098765432099,1.0,0.8,0.10959163803796217","0,0,0"
27.883333333333333,174,AV,1,0,0,45,2949.689674384749,0.2,-4.153898001048557,"0.18008823529411763,0.3226724137931034,0.33428,0.2,0.45,0.14574120607241453","0,0,0"
26.416666666666668,90,AV,1,0,0,42,1475.2077210572677,0.1,-0.9840926927086571,"0.1599777777777778,0.2842015250544663,0.3544696969696969,0.1,0.42,0.07288853276372843","0,0,0"
43.516666666666666,208,AV,2,0,0,76,3758.845856207275,0.3,-12.391851679996458,"0.1952631578947368,0.3090734649122807,0.34898245614035084,0.3,0.76,0.18572080082906037","0,0,0"
43.333333333333336,180,AV,1,0,0,88,3001.8426729260827,1.0,-32.84844675760865,"0.15983333333333336,0.29806512141280356,0.35659259259259257,1.0,0.88,0.14831803338198302","0,0,0"
46.56666666666667,169,AV,1,0,0,97,2850.5966631146844,0.3,-10.05627156154347,"0.15779761904761902,0.2806261904761905,0.35320202020202024,0.3,0.97,0.14084511984976505","0,0,0"
45.4,132,AV,1,0,0,97,2035.9911412414244,0.5,-11.670959319742508,"0.18097058823529408,0.28919825708061003,0.37683333333333335,0.5,0.97,0.10059627867096521","0,0,0"
38.55,104,AV,1,0,0,76,1597.8734280578535,0.5,-7.777527860054324,"0.16860000000000003,0.27221040189125295,0.32074019607843135,0.5,0.76,0.07894932222142612","0,0,0"
43.36666666666667,121,AV,1,0,0,89,1885.557658153182,0.5,-10.324539197210816,"0.18913888888888888,0.3089216335540839,0.34547530864197534,0.5,0.89,0.09316351126856799","0,0,0"
35.95,171,AV,1,0,0,70,2909.5116230827134,0.3,-7.9240108219563306,"0.1597222222222222,0.2762735632183908,0.3162982456140351,0.3,0.7,0.14375604888613547","0,0,0"
20.55,59,AV,1,0,0,21,985.8695826897422,1.0,-5.116065637442981,"0.2140111111111111,0.32451397849462366,0.336875,1.0,0.21,0.04871082651814225","0,0,0"
12.25,1,AV,1,0,0,3,491.8679742725259,0.7,-1.065092898835078,"0.20571929824561405,0.32563575268817213,0.359577380952381,0.7,0.03,0.024302702898339818","0,0,0"
44.36666666666667,148,AV,1,0,0,92,2302.618320259251,1.0,-25.797853402904572,"0.16038405797101452,0.2520648148148148,0.3331470588235294,1.0,0.92,0.11377005996029654","0,0,0"
29.766666666666666,276,AV,1,0,0,49,8028.27043643778,0.1,-6.034718434123684,"0.2227058823529412,0.30726760563380273,0.3609623655913978,0.1,0.49,0.39666878392080435","0,0,0"
35.71666666666667,78,AV,1,0,0,67,1310.9401185904849,0.3,-3.5471523663376376,"0.23121794871794868,0.3224767156862745,0.36237096774193545,0.3,0.67,0.06477223540877823","0,0,0"
10.266666666666667,183,AV,0,0,0,20,3065.2253709468137,0.1,-3.294688059134359,"0.17079411764705885,0.3028016431924882,0.3559623655913978,0.1,0.2,0.15144970887106365","0,0,0"
34.733333333333334,271,AV,1,0,0,63,7336.658338656486,0.2,-12.870030284309864,"0.16430833333333333,0.27715587529976016,0.31185333333333337,0.2,0.63,0.3624969243722426","0,0,0"
33.56666666666667,260,AV,1,0,0,58,5985.732437913218,0.3,-15.22129435600659,"0.1350625,0.2613831168831169,0.3222559523809524,0.3,0.58,0.2957490316028605","0,0,0"
17.35,56,AV,1,0,0,11,959.5289757906356,0.3,-1.2611990704520852,"0.20298809523809525,0.3517905092592592,0.37852083333333325,0.3,0.11,0.04740936357053375","0,0,0"
45.45,161,AV,1,0,0,93,2612.3907844155665,0.1,-2.9983121502951393,"0.17870833333333333,0.2883146929824562,0.34106862745098043,0.1,0.93,0.12907560648141725","0,0,0"
24.6,239,AV,1,0,0,35,4925.450001742355,0.7,-21.418244704546304,"0.18807142857142856,0.3185985915492958,0.37296794871794875,0.7,0.35,0.24336154068581314","0,0,0"
30.4,199,AV,1,0,0,54,3487.44186130441,0.5,-13.386140477734099,"0.17775000000000002,0.30448484848484847,0.3553939393939395,0.5,0.54,0.17231100186155868","0,0,0"
34.5,150,AV,1,0,0,63,2318.1098695731453,0.2,-4.039130833347148,"0.18586904761904766,0.34358494623655916,0.3524206349206349,0.2,0.63,0.11453548186231685","0,0,0"
23.083333333333332,100,AV,2,0,0,8,1573.7150367511856,0.9,-8.256042901137848,"0.21534848484848484,0.2776452702702703,0.34086111111111117,0.9,0.08,0.07775568035585004","0,0,0"
28.45,216,AV,1,0,0,47,3958.913906791885,0.2,-5.688439426678239,"0.1633452380952381,0.2754933333333333,0.31966025641025647,0.2,0.47,0.19560596239095915","0,0,0"
17.733333333333334,164,AV,1,0,0,17,2744.8905386527767,0.1,-1.229193406198045,"0.16400000000000003,0.26940997566909974,0.31951562499999997,0.1,0.17,0.1356222863421919","0,0,0"
10.25,86,AV,0,0,0,18,1405.7852601227096,0.2,-3.2277423695079683,"0.157963768115942,0.2608744292237443,0.3226583333333333,0.2,0.18,0.0694584386514629","0,0,0"
40.733333333333334,63,AV,2,0,0,82,1052.4070316009115,0.2,-2.165052849522414,"0.1570555555555556,0.27219031531531535,0.3499595959595959,0.2,0.82,0.05199837508215116","0,0,0"
23.433333333333334,170,AV,1,0,0,28,2891.134206742707,0.3,-5.132493301363947,"0.1494019607843137,0.2562404580152672,0.31578921568627455,0.3,0.28,0.14284803919103217","0,0,0"
43.68333333333333,95,AV,2,0,0,89,1526.0895405694364,0.1,-1.6834514671012175,"0.18378205128205127,0.26832183908045976,0.31671354166666665,0.1,0.89,0.07540255239340664","0,0,0"
37.4,87,AV,1,0,0,74,1421.705549214182,0.2,-2.6854438151823437,"0.1766969696969697,0.29573555555555553,0.37637356321839077,0.2,0.74,0.07024504415554754","0,0,0"
47.71666666666667,257,AV,1,0,0,97,5882.279762541917,0.4,-28.351796229221396,"0.15246969696969698,0.2974800469483568,0.34319333333333335,0.4,0.97,0.29063753875296394","0,0,0"
14.766666666666667,127,AV,1,0,0,8,1997.7276787447236,0.1,-0.7449439071413406,"0.1559666666666667,0.32783678160919544,0.3617555555555555,0.1,0.08,0.09870571939579707","0,0,0"
45.61666666666667,197,AV,1,0,0,94,3393.6426315430986,0.1,-3.90925920982048,"0.15983333333333333,0.29099382716049377,0.35548148148148156,0.1,0.94,0.16767647606964517","0,0,0"
34.1,184,AV,2,0,0,63,3101.095365071405,0.3,-8.011163026434463,"0.1646923076923077,0.24402777777777776,0.3509597701149425,0.3,0.63,0.15322200927639995","0,0,0"
15.616666666666667,196,AV,1,0,0,8,3387.2787239910285,0.2,-2.6716162999828232,"0.18642592592592588,0.34051773049645384,0.37474712643678154,0.2,0.08,0.16736204178524355","0,0,0"
23.65,20,AV,0,0,0,62,626.2908344343901,0.3,-3.622104411694949,"0.1865625,0.29695075757575756,0.3423125,0.3,0.62,0.030944401492541913","0,0,0"
13.266666666666667,39,AV,1,0,0,4,835.7777612710734,0.3,-0.8399988610754727,"0.20933333333333334,0.31249374999999996,0.3174270833333333,0.3,0.04,0.04129494027589717","0,0,0"
39.36666666666667,84,AV,1,0,0,80,1365.417472605012,0.2,-2.7147441669133325,"0.17590625,0.3159921171171171,0.3557777777777777,0.2,0.8,0.06746390678921493","0,0,0"
23.283333333333335,27,AV,1,0,0,35,727.2326469992182,0.2,-0.8551717237861178,"0.14531944444444445,0.2577263513513513,0.3143888888888889,0.2,0.35,0.03593183513143892","0,0,0"
30.0,94,AV,1,0,0,51,1509.578116022191,0.2,-2.287239569730592,"0.2486666666666667,0.35212585034013616,0.3940444444444446,0.2,0.51,0.07458673947980204","0,0,0"
28.516666666666666,68,AV,0,0,0,93,1148.2139867956057,0.8,-9.114795055243372,"0.20257894736842105,0.34104081632653055,0.37024999999999997,0.8,0.93,0.05673210057248192","0,0,0"
19.5,166,AV,1,0,0,20,2761.3662775036096,0.3,-4.079291091766696,"0.15368888888888887,0.31494522144522147,0.3855625,0.3,0.2,0.13643633606135613","0,0,0"
21.833333333333332,23,AV,1,0,0,21,670.158540600369,0.2,-0.7389795355105078,"0.22323913043478258,0.33153664302600466,0.3597371794871795,0.2,0.21,0.033111860822172434","0,0,0"
46.28333333333333,250,AV,1,0,0,99,5386.149373461946,0.1,-6.295175425127873,"0.22518888888888888,0.33178153153153156,0.36816666666666664,0.1,0.99,0.2661242342173697","0,0,0"
12.533333333333333,274,AV,1,0,0,1,7592.14370769901,0.2,-4.8058014042000465,"0.13255,0.274281512605042,0.31269523809523814,0.2,0.01,0.37512020001424035","0,0,0"
38.1,243,AV,1,0,0,74,4999.976398121604,0.1,-4.81058335273821,"0.1996372549019608,0.3061026570048309,0.3453968253968254,0.1,0.74,0.24704381512534654","0,0,0"
13.75,99,AV,1,0,0,8,1567.0706205360798,0.8,-4.352973945933555,"0.15048550724637683,0.2891727493917275,0.3487878787878788,0.8,0.08,0.07742738641996724","0,0,0"
33.38333333333333,172,AV,1,0,0,58,2909.8477340427667,0.1,-2.4530408296665245,"0.2635555555555556,0.3472729306487697,0.38857142857142857,0.1,0.58,0.1437726557913017","0,0,0"
21.35,42,AV,1,0,0,27,854.5785374972068,0.6,-2.7644320872068735,"0.1772083333333333,0.26301592356687903,0.3036274509803921,0.6,0.27,0.04222386775802824","0,0,0"
30.133333333333333,129,AV,1,0,0,49,2015.5588757501516,0.1,-1.5337249357560079,"0.15290909090909094,0.28437286324786326,0.34339130434782605,0.1,0.49,0.09958674094184428","0,0,0"
18.683333333333334,25,AV,1,0,0,21,679.8949342204361,0.5,-1.6038767282430744,"0.16564102564102562,0.32295413870246087,0.343,0.5,0.21,0.033592926258074716","0,0,0"
42.0,10,AV,2,0,0,83,583.3206434887895,0.6,-3.7120404585650237,"0.18394871794871792,0.29914942528735633,0.3294197530864198,0.6,0.83,0.028821287489073047","0,0,0"
39.166666666666664,9,AV,1,0,0,79,572.7967315704935,0.2,-1.1330575077362457,"0.1938888888888889,0.31079629629629624,0.36566000000000004,0.2,0.79,0.02830131156452355","0,0,0"
12.25,244,AV,1,0,0,2,5004.1281918097375,0.4,-6.191976802996898,"0.17929545454545454,0.31517297979797976,0.3652956989247313,0.4,0.02,0.2472489510841313","0,0,0"
24.833333333333332,117,AV,1,0,0,38,1823.811293294481,0.8,-9.149760360298911,"0.1417638888888889,0.2705407407407408,0.3156231884057971,0.8,0.38,0.09011268535856054","0,0,0"
30.1,110,AV,2,0,0,37,1653.1781197118603,0.3,-3.7697470760096206,"0.14698245614035088,0.2645927230046948,0.3137068965517241,0.3,0.37,0.08168187152419273","0,0,0"
15.533333333333333,60,AV,1,0,0,9,1020.7360413649084,0.2,-0.800779453326679,"0.16321568627450983,0.2624108280254777,0.306,0.2,0.09,0.05043354324421705","0,0,0"
39.11666666666667,11,AV,1,0,0,79,586.8516376274475,0.3,-1.739066658474267,"0.17056410256410257,0.30229299363057327,0.34358333333333335,0.3,0.79,0.028995750365243225","0,0,0"
8.733333333333333,218,AV,0,0,0,11,4034.238052294327,0.1,-3.389705698401611,"0.2123921568627451,0.32919404761904764,0.37341397849462354,0.1,0.11,0.1993276528139321","0,0,0"
46.21666666666667,80,AV,1,0,0,95,1323.5149786113286,0.6,-9.267947059821246,"0.1897878787878788,0.3168680555555556,0.34947916666666673,0.6,0.95,0.06539354662044386","0,0,0"
17.316666666666666,141,AV,1,0,0,9,2225.3307045190536,0.5,-4.865569448643301,"0.20532142857142863,0.3196037296037296,0.3647424242424242,0.5,0.09,0.1099513564437013","0,0,0"
23.416666666666668,297,AV,1,0,0,27,18628.94525544202,0.2,-22.031707141326635,"0.19282142857142856,0.30152068126520687,0.33976262626262616,0.2,0.27,0.9204374863438488","0,0,0"
32.43333333333333,13,AV,1,0,0,58,595.9176043698985,0.1,-0.4880705631750094,"0.1716785714285714,0.27810784313725484,0.31918390804597696,0.1,0.58,0.029443690682060725","0,0,0"
28.35,115,AV,1,0,0,43,1717.0377309640771,0.3,-3.687728763093302,"0.16597222222222222,0.27678231292517,0.32996794871794877,0.3,0.43,0.0848371108173414","0,0,0"
41.583333333333336,6,AV,1,0,0,88,541.9839687696077,0.3,-1.7073863662628428,"0.1853235294117647,0.3381019184652279,0.362125,0.3,0.88,0.02677888388271631","0,0,0"
34.916666666666664,122,AV,1,0,0,66,1899.102970895097,0.3,-5.023511015183368,"0.20608888888888888,0.3478729603729604,0.36173958333333334,0.3,0.66,0.0938327715750938","0,0,0"
41.833333333333336,194,AV,2,0,0,80,3362.377553451843,0.2,-7.104013181114585,"0.15076923076923077,0.291332229580574,0.33995512820512813,0.2,0.8,0.1661316999433504","0,0,0"
30.0,235,AV,2,0,0,40,4689.4303597647895,0.2,-7.105197514795136,"0.20032456140350882,0.30698675496688743,0.33524166666666666,0.2,0.4,0.2317000470794511","0,0,0"
17.6,28,AV,1,0,0,15,742.4887258523852,0.2,-0.6599899785354535,"0.14479761904761904,0.2684858387799564,0.3110507246376812,0.2,0.15,0.0366856226743472","0,0,0"
27.583333333333332,32,AV,1,0,0,44,767.6170681366935,0.6,-3.2080965852682515,"0.18081249999999996,0.3222511574074074,0.3600579710144928,0.6,0.44,0.03792718884414417","0,0,0"
12.033333333333333,82,AV,1,0,0,1,1342.087988935639,0.7,-2.8547612357242085,"0.16965686274509806,0.298755033557047,0.35360416666666666,0.7,0.01,0.06631122041798494","0,0,0"
16.766666666666666,18,AV,1,0,0,11,616.3739675020589,0.3,-0.7829194587210495,"0.23701666666666665,0.3273082788671024,0.34430864197530864,0.3,0.11,0.030454419051430016","0,0,0"
41.95,299,AV,2,0,0,63,20239.22920549412,0.1,-21.440294575012082,"0.18253333333333333,0.2757092457420925,0.3350789473684211,0.1,0.63,1.0","0,0,0"
26.783333333333335,85,AV,1,0,0,43,1391.0507319816634,0.2,-1.8816654261738495,"0.15042857142857144,0.277021897810219,0.35702777777777783,0.2,0.43,0.06873042040573611","0,0,0"
21.166666666666668,102,AV,2,0,0,5,1588.8002265047048,0.4,-3.396929777207029,"0.16831372549019608,0.3039166666666667,0.36662,0.4,0.05,0.07850102443987396","0,0,0"
26.183333333333334,5,AV,1,0,0,43,539.5213747330826,0.3,-1.0701869693253443,"0.22268333333333332,0.32494932432432433,0.36012666666666676,0.3,0.43,0.026657209583190285","0,0,0"
29.416666666666668,204,AV,1,0,0,48,3583.4963710051925,0.7,-18.633879488118332,"0.19914035087719298,0.32116786570743405,0.36155303030303027,0.7,0.48,0.17705695877155342","0,0,0"
16.116666666666667,157,AV,1,0,0,12,2486.38103050259,0.3,-3.035770778404046,"0.18841666666666665,0.3040074074074074,0.34102083333333333,0.3,0.12,0.12284959102235175","0,0,0"
41.56666666666667,71,AV,1,0,0,86,1174.3503864217532,0.1,-1.2326725015723285,"0.17939583333333334,0.30119117647058824,0.32835185185185173,0.1,0.86,0.05802347384370573","0,0,0"
25.466666666666665,138,AV,0,0,0,75,2187.718469250836,0.1,-3.9069165913363957,"0.15727450980392157,0.27108730158730154,0.3400769230769231,0.1,0.75,0.10809297365222585","0,0,0"
20.666666666666668,29,AV,0,0,0,55,742.6585956180782,0.6,-4.825496612541457,"0.17718518518518522,0.3216185682326622,0.3535652173913043,0.6,0.55,0.03669401576896401","0,0,0"
18.566666666666666,295,AV,1,0,0,16,17322.90883950548,0.2,-16.243872430310695,"0.17608333333333331,0.2781224489795919,0.3245701754385965,0.2,0.16,0.8559075379611304","0,0,0"
27.283333333333335,286,AV,1,0,0,38,10450.70686878338,0.9,-64.80229978863028,"0.19452222222222226,0.30147716894977167,0.37396212121212125,0.9,0.38,0.5163589365323479","0,0,0"
30.0,55,AV,1,0,0,48,950.4213588862824,0.2,-1.4400323619489128,"0.1363690476190476,0.2788232662192394,0.35462962962962963,0.2,0.48,0.04695936536102284","0,0,0"
6.916666666666667,31,AV,0,0,0,2,763.1985099142711,0.8,-3.566422160317921,"0.1873809523809524,0.3167565789473684,0.35172222222222227,0.8,0.02,0.03770887231748401","0,0,0"
14.183333333333334,49,AV,1,0,0,4,921.9548251796884,0.8,-2.6416954755148647,"0.13678125,0.2845057870370371,0.32437777777777776,0.8,0.04,0.04555286250374671","0,0,0"
22.85,109,AV,2,0,0,17,1649.648602545546,0.2,-1.9037611398063503,"0.22233333333333336,0.33624019607843136,0.34811904761904766,0.2,0.17,0.08150748162374356","0,0,0"
5.366666666666666,120,AV,0,0,0,2,1862.7228332236152,0.5,-3.762198552815665,"0.19674603174603175,0.3189975308641975,0.3356034482758621,0.5,0.02,0.09203526548916015","0,0,0"
37.35,69,AV,2,0,0,63,1148.9174546898266,0.3,-3.250914161565532,"0.14978571428571427,0.23600483091787441,0.32057575757575757,0.3,0.63,0.05676685821503235","0,0,0"
15.616666666666667,181,AV,1,0,0,9,3022.892107624705,0.3,-3.576325637429733,"0.17905208333333333,0.3050641025641026,0.3516612903225807,0.3,0.09,0.14935806482215805","0,0,0"
18.4,52,AV,1,0,0,19,938.3100494872764,0.6,-2.615894683419073,"0.18355208333333337,0.331652027027027,0.35302564102564093,0.6,0.19,0.04636095772029518","0,0,0"
33.55,128,AV,2,0,0,30,2010.868248891871,0.1,-1.7036522664222797,"0.2071,0.3284366666666667,0.3825217391304348,0.1,0.3,0.09935498177697413","0,0,0"
37.7,223,AV,1,0,0,76,4412.688598555705,0.8,-33.60774952839396,"0.1852777777777778,0.3202027600849257,0.352712962962963,0.8,0.76,0.21802651443652019","0,0,0"
18.9,228,AV,1,0,0,18,4549.115907877681,0.1,-2.1711689560325294,"0.15915789473684208,0.2626307870370371,0.36138888888888887,0.1,0.18,0.22476725085176577","0,0,0"
28.916666666666668,201,AV,1,0,0,44,3523.1638559153366,0.3,-7.718042032844834,"0.14516666666666667,0.2777967741935484,0.3308397435897436,0.3,0.44,0.1740759897594787","0,0,0"
45.11666666666667,167,AV,1,0,0,94,2793.3389947689566,0.3,-9.547435175302482,"0.1194090909090909,0.24964597701149427,0.30244,0.3,0.94,0.13801607592895285","0,0,0"
41.03333333333333,65,AV,1,0,0,80,1111.987968807459,0.3,-3.45671007475248,"0.19246296296296295,0.3238355855855857,0.3655050505050505,0.3,0.8,0.05494220938540485","0,0,0"
38.03333333333333,114,AV,2,0,0,64,1703.2333497257905,0.1,-1.6358495387517904,"0.18857142857142853,0.311998866213152,0.36528160919540226,0.1,0.64,0.08415505019644881","0,0,0"
13.716666666666667,50,AV,0,0,0,33,931.9887487728153,0.5,-4.114113510606117,"0.14891666666666667,0.26482879818594107,0.2982160493827161,0.5,0.33,0.046048628596973375","0,0,0"
36.1,38,AV,2,0,0,44,832.4581618945489,0.1,-0.758882314252354,"0.1825333333333333,0.3077266666666667,0.34342063492063496,0.1,0.44,0.041130922202737376","0,0,0"
32.15,103,AV,1,0,0,58,1594.6992934726818,0.3,-3.8840592640262663,"0.15051190476190476,0.2813920187793428,0.32984,0.3,0.58,0.07879249141759738","0,0,0"
16.6,17,AV,1,0,0,13,615.3970356119416,0.4,-1.0318778576927508,"0.15841666666666668,0.30595083932853717,0.3424571428571429,0.4,0.13,0.030406149827330708","0,0,0"
30.633333333333333,191,AV,1,0,0,52,3257.3450634265246,0.1,-2.519781240142236,"0.2232777777777778,0.3008367346938776,0.3788888888888888,0.1,0.52,0.1609421500371313","0,0,0"
31.533333333333335,187,AV,1,0,0,49,3159.4556453821087,0.5,-12.579314143650988,"0.19266666666666665,0.302035632183908,0.3441666666666666,0.5,0.49,0.15610553214765938","0,0,0"
40.0,3,AV,1,0,0,82,513.3463032142733,0.2,-1.0370632388167138,"0.17584444444444444,0.28394758909853257,0.37261111111111106,0.2,0.82,0.02536392557256681","0,0,0"
39.583333333333336,83,AV,1,0,0,80,1348.5865378412918,0.3,-4.044056852743773,"0.19000925925925927,0.30019328703703707,0.3225555555555556,0.3,0.8,0.0666323071965214","0,0,0"
43.583333333333336,214,AV,2,0,0,97,3941.04555698938,1.0,-43.374722775788,"0.16973333333333332,0.2897454337899544,0.33007999999999993,1.0,0.97,0.19472310516250035","0,0,0"
37.266666666666666,188,AV,1,0,0,74,3206.59631480788,0.1,-3.0176554545077523,"0.133375,0.26172737306843263,0.3097608695652174,0.1,0.74,0.15843470530673276","0,0,0"
37.95,232,AV,1,0,0,77,4645.51881630073,0.1,-4.4519555322882,"0.16220175438596493,0.2873189448441247,0.33572777777777774,0.1,0.77,0.2295304217929239","0,0,0"
19.6,133,AV,1,0,0,21,2046.5713793034688,0.6,-6.077696823386059,"0.15957500000000002,0.28233574879227047,0.3497864583333333,0.6,0.21,0.10111903761374018","0,0,0"
23.85,123,AV,1,0,0,36,1929.5758599688188,0.3,-3.486392746989116,"0.20279999999999998,0.2755698198198198,0.33206,0.3,0.36,0.09533840643718873","0,0,0"
13.566666666666666,35,AV,0,0,0,29,783.6834518391023,0.3,-3.3054524366124105,"0.17266666666666666,0.302182119205298,0.35029411764705887,0.3,0.29,0.038721012736313315","0,0,0"
44.333333333333336,264,AV,1,0,0,90,6254.49597505133,0.2,-14.004174489593046,"0.18093137254901961,0.2903221393034826,0.3359408602150537,0.2,0.9,0.3090283682025544","0,0,0"
25.233333333333334,252,AV,0,0,0,83,5590.116807812239,0.5,-20.310262725226703,"0.12901851851851853,0.27024786324786326,0.3670694444444444,0.5,0.83,0.27620206041714035","0,0,0"
30.333333333333332,126,AV,0,0,0,100,1986.5043233563797,0.2,-5.543297869114992,"0.18506666666666668,0.3253566666666666,0.3976916666666666,0.2,1.0,0.09815118467145603","0,0,0"
41.71666666666667,147,AV,1,0,0,81,2294.767722006211,1.0,-24.174257610191695,"0.19615000000000002,0.31222916666666667,0.38253431372549024,1.0,0.81,0.11338216978061968","0,0,0"
43.38333333333333,0,AV,1,0,0,87,437.5592869272848,0.7,-3.3555419895210674,"0.15819444444444444,0.27168065268065267,0.34118666666666664,0.7,0.87,0.021619365168734063","0,0,0"
23.033333333333335,155,AV,1,0,0,34,2446.4664131825853,0.2,-2.8459735547292366,"0.16241666666666668,0.2663240093240093,0.31476881720430105,0.2,0.34,0.12087744984470407","0,0,0"
15.4,202,AV,0,0,0,34,3534.445695738256,0.2,-5.249013318907533,"0.18660416666666665,0.320583870967742,0.37245061728395057,0.2,0.34,0.1746334141410286","0,0,0"
20.8,268,AV,1,0,0,24,6918.069898529506,0.3,-10.901201052228313,"0.144875,0.2986634408602151,0.3602407407407407,0.3,0.24,0.34181488970200175","0,0,0"
13.65,185,AV,1,0,0,1,3131.512437779759,0.3,-3.2382685436131595,"0.20309722222222223,0.3060714285714285,0.3413494623655914,0.3,0.01,0.15472488630790748","0,0,0"
13.816666666666666,145,AV,1,0,0,2,2271.53748778668,0.5,-3.962762157776005,"0.16624444444444447,0.30722813238770685,0.3518611111111111,0.5,0.02,0.11223438722508516","0,0,0"
22.033333333333335,241,AV,1,0,0,28,4951.479839002994,0.1,-2.754990045101835,"0.15019298245614032,0.2643432835820896,0.3110052083333333,0.1,0.28,0.2446476488175187","0,0,0"
30.166666666666668,296,AV,2,0,0,18,17693.100214811147,0.3,-40.43498912728305,"0.2140128205128205,0.29096244131455395,0.3663444444444444,0.3,0.18,0.874198322236906","0,0,0"
21.733333333333334,163,AV,2,0,0,0,2744.255474143275,0.6,-9.036639238087956,"0.19057142857142856,0.31511036036036033,0.3345714285714286,0.6,0.0,0.13559090844222083","0,0,0"
16.4,143,AV,1,0,0,10,2250.3510049999354,0.1,-0.9319635475252258,"0.19184444444444446,0.2992281879194631,0.34177083333333336,0.1,0.1,0.11118758437643748","0,0,0"
28.25,93,AV,2,0,0,38,1496.328062426438,0.2,-2.1349125133104483,"0.19820000000000002,0.3095263157894737,0.34878703703703706,0.2,0.38,0.07393206763132296","0,0,0"
22.033333333333335,97,AV,0,0,0,60,1546.5147326922538,0.2,-4.220953263147441,"0.1605392156862745,0.2618962703962704,0.3185611111111111,0.2,0.6,0.07641174063449208","0,0,0"
44.06666666666667,92,AV,2,0,0,94,1490.1599361877834,0.5,-8.291209745960648,"0.18049999999999997,0.316531847133758,0.3312777777777777,0.5,0.94,0.0736273067051025","0,0,0"
44.333333333333336,162,AV,1,0,0,92,2629.980017260476,0.3,-8.833013694334428,"0.11591666666666667,0.29869369369369375,0.3715666666666667,0.3,0.92,0.1299446728211638","0,0,0"
17.816666666666666,88,AV,1,0,0,12,1460.106853854364,0.9,-5.912326616554224,"0.15432407407407406,0.250741610738255,0.31902173913043474,0.9,0.12,0.07214241407266661","0,0,0"
34.916666666666664,173,AV,1,0,0,68,2942.323800284961,0.5,-12.97173476767044,"0.18600000000000003,0.28044407894736845,0.3536049382716049,0.5,0.68,0.14537726562660996","0,0,0"
41.46666666666667,178,AV,2,0,0,86,2987.078671303881,0.6,-18.767302359101155,"0.21251041666666665,0.28461529680365294,0.3429444444444445,0.6,0.86,0.14758855888113623","0,0,0"
35.333333333333336,240,AV,1,0,0,68,4934.883137056144,0.1,-4.403178556632587,"0.19997619047619047,0.3312286036036036,0.3428392857142857,0.1,0.68,0.2438276224331965","0,0,0"
11.933333333333334,205,AV,0,0,0,25,3608.770587345788,0.2,-4.674982946582142,"0.15548245614035086,0.3147833333333334,0.34663492063492074,0.2,0.25,0.17830573243205106","0,0,0"
17.266666666666666,226,AV,1,0,0,13,4504.939201911708,0.2,-3.9285496743943846,"0.19878333333333334,0.3202581018518519,0.3642307692307692,0.2,0.13,0.2225845241521748","0,0,0"
18.3,107,AV,1,0,0,15,1628.9397076974285,0.2,-1.5055351843870175,"0.14514814814814817,0.3148599537037036,0.3455320512820513,0.2,0.15,0.0804842759157665","0,0,0"
26.1,43,AV,1,0,0,39,857.6590975250949,0.1,-0.5652753142779036,"0.19207894736842104,0.3306575963718821,0.36466666666666664,0.1,0.39,0.04237607513690668","0,0,0"
16.783333333333335,238,AV,1,0,0,12,4864.205776554158,0.1,-2.061555226005908,"0.19683333333333333,0.3075055187637969,0.3762430555555556,0.1,0.12,0.24033552499290464","0,0,0"
40.95,124,AV,2,0,0,87,1950.0200213032829,0.3,-6.049493929724957,"0.14795098039215687,0.25561971830985913,0.3133548387096774,0.3,0.87,0.09634853192798135","0,0,0"
24.1,259,AV,1,0,0,32,5984.209260784091,0.3,-10.925715392795198,"0.18054545454545454,0.2884897260273973,0.35794444444444445,0.3,0.32,0.2956737729497932","0,0,0"
41.36666666666667,176,AV,1,0,0,85,2966.188350320237,0.2,-6.197036603951876,"0.16936111111111113,0.2711811594202898,0.3204166666666666,0.2,0.85,0.14655638908990856","0,0,0"
21.25,287,AV,1,0,0,25,10751.672106064549,0.3,-17.30856304953573,"0.19513333333333333,0.3239899749373433,0.3788958333333333,0.3,0.25,0.5312293268137855","0,0,0"
