travel_time,id,kind,action,origin,destination,start_time,income,urgency,reward,observation,cost_table
35.8,109,AV,1,0,0,63,1659.6531244520008,0.7,-10.50275436837554,"0.1506111111111111,0.26101002506265664,0.3258294573643411,0.7,0.63,0.07981669628967558","0,0,0"
32.45,84,AV,1,0,0,57,1444.5182772575097,0.2,-2.367404954394252,"0.20061111111111107,0.28773155216284985,0.3510170940170941,0.2,0.57,0.06947034589460839","0,0,0"
13.366666666666667,174,AV,1,0,0,0,2758.442965787371,0.5,-4.6554529851882815,"0.1333125,0.2825285714285714,0.32433730158730156,0.5,0.0,0.13266013312591463","0,0,0"
40.516666666666666,6,AV,1,0,0,80,508.6019702527906,0.5,-2.6018758200432113,"0.2055740740740741,0.301250645994832,0.34776296296296294,0.5,0.8,0.024459887668034006","0,0,0"
38.9,121,AV,2,0,0,77,1822.2981036688468,0.2,-3.5801715269049565,"0.1712857142857143,0.29588578088578094,0.33960833333333335,0.2,0.77,0.08763868313616077","0,0,0"
24.716666666666665,235,AV,1,0,0,31,4381.240268036911,0.1,-2.734587254839537,"0.1822222222222222,0.30292700729927,0.36406944444444433,0.1,0.31,0.2107043445969861","0,0,0"
32.68333333333333,131,AV,1,0,0,57,1975.501985353583,0.6,-9.782725740601958,"0.1907777777777778,0.3069030054644809,0.35669767441860456,0.6,0.57,0.09500662497573499","0,0,0"
35.78333333333333,187,AV,1,0,0,59,2968.817229463249,0.3,-8.048043676335348,"0.16369444444444445,0.3029972222222222,0.34461240310077523,0.3,0.59,0.14277753565032827","0,0,0"
20.983333333333334,278,AV,1,0,0,24,7332.887514065835,0.1,-3.885566237461653,"0.1769027777777778,0.28855352798053524,0.35902702702702705,0.1,0.24,0.3526561345942708","0,0,0"
31.6,199,AV,1,0,0,51,3387.2787239910285,0.2,-5.405959983743259,"0.18064814814814817,0.268531328320802,0.3280350877192982,0.2,0.51,0.16290235180953377","0,0,0"
24.75,99,AV,1,0,0,33,1581.4824060924602,0.2,-1.9768530076155757,"0.19399999999999998,0.32029289215686274,0.37053645833333326,0.2,0.33,0.0760572790993459","0,0,0"
30.116666666666667,149,AV,1,0,0,47,2193.4249838744518,0.2,-3.336295408974019,"0.1673148148148148,0.31576119402985076,0.34804545454545455,0.2,0.47,0.10548706425018813","0,0,0"
36.71666666666667,94,AV,1,0,0,70,1519.7273932229994,0.4,-5.636295365774862,"0.2217222222222222,0.3247605633802817,0.3822638888888889,0.4,0.7,0.07308733252801383","0,0,0"
41.88333333333333,198,AV,2,0,0,85,3366.895459871004,0.1,-3.561030425360199,"0.22253333333333333,0.30137404580152677,0.3434308943089431,0.1,0.85,0.16192207178734694","0,0,0"
26.083333333333332,258,AV,1,0,0,38,5168.6614957092925,0.7,-23.831097089854918,"0.16149999999999998,0.28485144927536227,0.3576190476190476,0.7,0.38,0.24857331857425743","0,0,0"
43.68333333333333,74,AV,1,0,0,90,1301.8927857652438,0.1,-1.4361367809304308,"0.1911333333333333,0.289681592039801,0.3501435185185185,0.1,0.9,0.06261114419162438","0,0,0"
38.55,178,AV,2,0,0,61,2835.850686157305,0.2,-5.521315351078995,"0.17203333333333337,0.263404761904762,0.3202746913580247,0.2,0.61,0.13638285591431848","0,0,0"
11.866666666666667,202,AV,0,0,0,20,3458.1247672483346,0.4,-9.145092313604064,"0.20018750000000002,0.29391183574879226,0.35523863636363645,0.4,0.2,0.16630950781983606","0,0,0"
13.35,76,AV,1,0,0,4,1317.647826688136,0.1,-0.44420703248198534,"0.15626041666666668,0.2851521164021164,0.3334710144927536,0.1,0.04,0.06336884186823323","0,0,0"
30.216666666666665,157,AV,1,0,0,50,2302.618320259251,1.0,-17.570063192887297,"0.1372777777777778,0.23783090024330902,0.2992321428571429,1.0,0.5,0.11073843349034766","0,0,0"
38.21666666666667,41,AV,1,0,0,69,912.6272274022258,0.4,-3.52298692328839,"0.14752564102564103,0.27173880597014927,0.35019444444444436,0.4,0.69,0.04389043057374056","0,0,0"
30.383333333333333,30,AV,0,0,0,94,827.3783452591958,1.0,-11.34810910525048,"0.14753333333333335,0.23806447688564483,0.31316666666666665,1.0,0.94,0.03979060752349248","0,0,0"
47.45,136,AV,2,0,0,85,2043.1688306873104,0.2,-4.896381869500651,"0.1795119047619048,0.26031944444444444,0.31806884057971013,0.2,0.85,0.09826088573860729","0,0,0"
24.833333333333332,169,AV,1,0,0,31,2612.3907844155665,0.3,-4.914725086842417,"0.20188333333333333,0.3127726269315673,0.37421264367816093,0.3,0.31,0.12563613369419777","0,0,0"
13.75,184,AV,0,0,0,28,2909.8477340427667,0.2,-7.020727593085255,"0.18616666666666667,0.29161150234741784,0.3537967479674796,0.2,0.28,0.13994155128890565","0,0,0"
46.85,216,AV,1,0,0,100,3758.845856207275,0.6,-26.6821103580774,"0.17775000000000002,0.3187198581560284,0.3613153153153153,0.6,1.0,0.18077190569786353","0,0,0"
27.766666666666666,91,AV,1,0,0,43,1475.2077210572677,0.8,-8.27507092013942,"0.18740277777777778,0.30167803030303025,0.3749444444444444,0.8,0.43,0.07094627479744654","0,0,0"
22.3,226,AV,0,0,0,58,4015.909421979459,0.2,-9.52296869243141,"0.15907142857142859,0.2684227053140096,0.31935964912280695,0.2,0.58,0.19313470865595408","0,0,0"
20.9,15,AV,1,0,0,21,616.3739675020589,1.0,-3.2530848284830887,"0.19390000000000002,0.2978601398601399,0.36448437499999997,1.0,0.21,0.02964290130277584","0,0,0"
14.466666666666667,154,AV,1,0,0,6,2260.56382504795,0.3,-2.4774866163404297,"0.13268055555555555,0.25883964646464647,0.3345108695652174,0.3,0.06,0.10871593202757703","0,0,0"
22.916666666666668,151,AV,1,0,0,28,2215.952556227922,0.3,-3.8471398545623643,"0.1770909090909091,0.3172852112676056,0.3666261261261261,0.3,0.28,0.10657046919438351","0,0,0"
38.78333333333333,119,AV,1,0,0,71,1805.1606101798543,0.3,-5.303798914000657,"0.13637878787878788,0.27355269607843136,0.3316363636363636,0.3,0.71,0.08681450000245393","0,0,0"
30.733333333333334,132,AV,1,0,0,50,1993.780724220221,0.1,-1.5473618078544138,"0.18035897435897433,0.2638496240601504,0.3040984848484848,0.1,0.5,0.09588569333476842","0,0,0"
23.15,66,AV,1,0,0,29,1194.3606142611325,0.3,-2.094655168192819,"0.2048333333333333,0.2886911421911422,0.37118468468468463,0.3,0.29,0.05743966435173499","0,0,0"
37.25,13,AV,1,0,0,69,610.4868582393152,0.1,-0.574258471449861,"0.1890909090909091,0.30446741854636594,0.34676960784313726,0.1,0.69,0.029359776109248604","0,0,0"
37.6,122,AV,1,0,0,70,1824.367004680513,0.3,-5.196681770908127,"0.17791666666666667,0.2785886524822695,0.3470238095238096,0.3,0.7,0.08773818154415255","0,0,0"
16.716666666666665,225,AV,1,0,0,16,3942.222625638348,0.2,-3.3283243211407934,"0.19036363636363635,0.30390287769784174,0.34130000000000005,0.2,0.16,0.18959093402168548","0,0,0"
37.733333333333334,110,AV,2,0,0,63,1684.196745492046,0.3,-4.814420999739889,"0.15233333333333335,0.27548589743589746,0.3316555555555555,0.3,0.63,0.08099705784688291","0,0,0"
29.683333333333334,293,AV,1,0,0,47,13430.196447392702,0.1,-10.06699489596229,"0.17285,0.2926213333333333,0.3620854700854701,0.1,0.47,0.6458903340456582","0,0,0"
26.333333333333332,125,AV,1,0,0,32,1885.557658153182,0.7,-8.777048694938633,"0.1857575757575758,0.2807488584474886,0.35702020202020207,0.7,0.32,0.09068098671954573","0,0,0"
20.966666666666665,96,AV,1,0,0,23,1546.5147326922538,0.9,-7.369377021692633,"0.18895833333333337,0.3066741854636591,0.33907142857142863,0.9,0.23,0.07437559988179109","0,0,0"
28.5,259,AV,1,0,0,42,5304.212874057136,0.2,-7.63485186417315,"0.15233333333333335,0.25894784580498864,0.33137654320987653,0.2,0.42,0.25509230922226356","0,0,0"
32.083333333333336,231,AV,1,0,0,57,4223.122456076251,0.5,-17.10755624567926,"0.2045,0.27985049019607844,0.32692460317460315,0.5,0.57,0.20310008007368746","0,0,0"
15.95,179,AV,1,0,0,11,2838.632091159661,0.1,-1.1433379256059746,"0.17581666666666668,0.29259272300469485,0.34550877192982454,0.1,0.11,0.13651662034681394","0,0,0"
6.9,72,AV,0,0,0,7,1291.2118623687816,0.4,-5.899935540438848,"0.15438333333333337,0.294823076923077,0.35741666666666666,0.4,0.07,0.062097472987522495","0,0,0"
24.216666666666665,159,AV,1,0,0,32,2397.5381966938494,0.1,-1.466171296210506,"0.19498148148148148,0.2913867684478371,0.3423039215686275,0.1,0.32,0.11530335783364105","0,0,0"
43.25,114,AV,2,0,0,82,1778.835052690156,0.2,-3.8855866681237,"0.17195833333333332,0.2759304556354916,0.3226047619047619,0.2,0.82,0.08554844085078303","0,0,0"
36.53333333333333,14,AV,1,0,0,63,615.3970356119416,0.5,-2.838700130600539,"0.16235714285714287,0.25706840796019903,0.31657692307692303,0.5,0.63,0.029595918306859183","0,0,0"
37.15,40,AV,1,0,0,68,902.2448599555772,0.6,-5.07854493141662,"0.15046666666666667,0.27771009389671364,0.3308859649122807,0.6,0.68,0.04339111764078622","0,0,0"
44.05,223,AV,2,0,0,84,3919.41152379869,0.4,-17.439401780134574,"0.15382051282051284,0.2634748201438849,0.30499561403508774,0.4,0.84,0.18849389346499082","0,0,0"
13.883333333333333,1,AV,1,0,0,6,419.7646265090227,0.3,-0.4414948660126463,"0.17491666666666672,0.30870472440944885,0.35700362318840584,0.3,0.06,0.02018748689927752","0,0,0"
31.066666666666666,240,AV,1,0,0,50,4572.8741748457805,0.5,-17.937368396280586,"0.16012962962962962,0.2708076923076923,0.33188157894736847,0.5,0.5,0.21992047844641197","0,0,0"
22.266666666666666,28,AV,1,0,0,27,813.126641713825,0.6,-2.7432757407314905,"0.1429047619047619,0.29509953703703695,0.36272916666666677,0.6,0.27,0.03910520894427614","0,0,0"
31.966666666666665,51,AV,1,0,0,55,968.7072844723906,1.0,-7.819783550580998,"0.19818750000000002,0.28905633802816905,0.3358055555555556,1.0,0.55,0.04658745492005087","0,0,0"
45.38333333333333,145,AV,1,0,0,94,2123.4400354784907,0.1,-2.4335552258450885,"0.23846666666666663,0.3016145833333334,0.3511626016260163,0.1,0.94,0.1021213203554731","0,0,0"
18.85,35,AV,1,0,0,17,859.2772315809713,0.6,-2.454147850803229,"0.22445238095238096,0.30502083333333335,0.36685042735042733,0.6,0.17,0.041324701415771756","0,0,0"
37.266666666666666,247,AV,2,0,0,54,4818.617258984985,0.5,-22.673459998085914,"0.18071666666666666,0.2871233062330623,0.34385672514619875,0.5,0.54,0.23173885231203734","0,0,0"
26.433333333333334,155,AV,1,0,0,33,2276.662146114732,0.3,-4.559073439063087,"0.16975925925925928,0.267740579710145,0.3148162393162393,0.3,0.33,0.1094901388690128","0,0,0"
45.483333333333334,17,AV,1,0,0,95,632.5893922142865,0.2,-1.4531451610713702,"0.20636666666666667,0.32643407960199006,0.34908333333333325,0.2,0.95,0.030422739939172414","0,0,0"
32.81666666666667,25,AV,2,0,0,45,753.7709081553346,0.1,-0.6246527433324301,"0.19170833333333331,0.276931654676259,0.3520387596899225,0.1,0.45,0.036250649465136044","0,0,0"
23.483333333333334,210,AV,2,0,0,0,3628.2404526711953,0.9,-19.364359082627708,"0.20772222222222225,0.3115606060606061,0.36020068027210883,0.9,0.0,0.17449077883210845","0,0,0"
13.516666666666667,105,AV,1,0,0,2,1597.8734280578535,0.2,-1.0908041667970703,"0.1666527777777778,0.2799881796690308,0.36453703703703705,0.2,0.02,0.07684556262848466","0,0,0"
29.35,38,AV,1,0,0,41,877.2934597877683,0.2,-1.3004324770086364,"0.1902916666666667,0.2988474358974359,0.35757364341085274,0.2,0.41,0.04219114500803879","0,0,0"
40.88333333333333,59,AV,2,0,0,77,1040.734547163155,0.2,-2.14892411127207,"0.18908333333333333,0.2877835820895522,0.34224074074074073,0.2,0.77,0.05005141860382586","0,0,0"
40.416666666666664,173,AV,2,0,0,85,2750.2432356670683,0.5,-14.034806074269024,"0.14389393939393938,0.26956521739130435,0.3316585365853658,0.5,0.85,0.13226578845290615","0,0,0"
41.65,200,AV,1,0,0,82,3414.9419898187493,0.2,-7.183451205856105,"0.17857142857142858,0.2711341145833333,0.3254673913043479,0.2,0.82,0.1642327445611401","0,0,0"
22.15,98,AV,0,0,0,61,1579.1767070066765,0.2,-6.766604245464539,"0.23404166666666662,0.3193583333333333,0.3558558558558558,0.2,0.61,0.0759463925044581","0,0,0"
27.783333333333335,224,AV,1,0,0,39,3933.772930850901,0.7,-19.31952707495756,"0.17933333333333334,0.2973051643192488,0.3744571428571429,0.7,0.39,0.1891845679487672","0,0,0"
41.833333333333336,153,AV,1,0,0,80,2225.3307045190536,0.4,-9.403333448388594,"0.1406794871794872,0.2638650793650794,0.33326470588235296,0.4,0.8,0.10702148682143131","0,0,0"
32.083333333333336,291,AV,1,0,0,56,11185.875164713363,0.1,-9.062630341781661,"0.1625208333333333,0.2509806763285024,0.31964705882352945,0.1,0.56,0.5379555448075637","0,0,0"
46.1,246,AV,1,0,0,93,4735.166802079286,0.3,-16.53721133150417,"0.15431666666666666,0.28978381642512074,0.355813492063492,0.3,0.93,0.22772551984156938","0,0,0"
16.266666666666666,97,AV,1,0,0,7,1567.0706205360798,0.1,-0.6437125107925984,"0.22838095238095238,0.3236474820143885,0.3714962121212121,0.1,0.07,0.07536418179256658","0,0,0"
17.65,142,AV,1,0,0,16,2105.6010448069283,0.1,-0.9384812737586434,"0.15283333333333332,0.27589208633093526,0.3422689393939394,0.1,0.16,0.10126340054104405","0,0,0"
38.96666666666667,266,AV,1,0,0,74,5557.427333357366,0.4,-21.87418367910694,"0.1585128205128205,0.2939474358974359,0.34413513513513516,0.4,0.74,0.26726999942532587","0,0,0"
45.25,137,AV,1,0,0,95,2044.1603053436156,0.3,-7.007443470969591,"0.15772222222222224,0.2610862470862471,0.3466056910569105,0.3,0.95,0.09830856813100321","0,0,0"
37.416666666666664,255,AV,2,0,0,54,5003.647877951615,0.6,-28.366640116165087,"0.20777777777777778,0.29374882629107985,0.363359375,0.6,0.54,0.24063741822365012","0,0,0"
34.583333333333336,195,AV,1,0,0,62,3274.575105225111,0.1,-2.8597404643695734,"0.2215666666666667,0.3086102564102564,0.36602439024390243,0.1,0.62,0.15748216467690215","0,0,0"
43.8,42,AV,1,0,0,91,923.9636394510808,0.1,-1.0219597830292255,"0.14070833333333335,0.28457083333333333,0.33266666666666667,0.1,0.91,0.04443562579808411","0,0,0"
22.266666666666666,93,AV,1,0,0,23,1517.942512651984,0.4,-3.41409292407921,"0.13620370370370372,0.2875410256410256,0.3356403508771931,0.4,0.23,0.07300149334369807","0,0,0"
31.666666666666668,124,AV,1,0,0,55,1880.1756700095973,0.1,-1.5035074802265298,"0.20240476190476187,0.2606913145539906,0.3402723577235773,0.1,0.55,0.0904221540112152","0,0,0"
29.45,2,AV,2,0,0,19,449.0833195935783,0.1,-0.3339773677280526,"0.19829999999999998,0.2947268170426065,0.3456969696969696,0.1,0.19,0.021597493115072083","0,0,0"
25.516666666666666,253,AV,1,0,0,32,4951.479839002994,0.7,-22.333758179543384,"0.1701904761904762,0.2847584541062802,0.34977037037037034,0.7,0.32,0.23812853220437127","0,0,0"
38.266666666666666,148,AV,2,0,0,76,2187.718469250836,0.2,-4.228115829461211,"0.18096969696969695,0.3184988009592326,0.37804583333333336,0.2,0.76,0.10521262428567076","0,0,0"
23.75,296,AV,0,0,0,64,14312.770160915026,0.4,-39.33619104259918,"0.18470833333333336,0.2610679012345679,0.3302093023255815,0.4,0.64,0.6883354191104801","0,0,0"
20.916666666666668,283,AV,1,0,0,21,8436.938288223368,0.3,-13.3691383228792,"0.14495454545454545,0.27519767441860465,0.3212033333333333,0.3,0.21,0.4057525822983113","0,0,0"
35.266666666666666,87,AV,2,0,0,57,1460.106853854364,0.5,-6.501654256641066,"0.17213333333333336,0.29905679012345676,0.3285777777777777,0.5,0.57,0.07022003790282866","0,0,0"
14.483333333333333,172,AV,1,0,0,5,2747.619709803412,0.1,-1.0049164679373592,"0.16668055555555558,0.3021342925659472,0.32686324786324783,0.1,0.05,0.13213961680656489","0,0,0"
40.35,233,AV,1,0,0,77,4266.216809230351,0.3,-13.041049110033683,"0.16269444444444445,0.27538888888888896,0.32426249999999995,0.3,0.77,0.20517259079705716","0,0,0"
33.63333333333333,113,AV,1,0,0,57,1717.0377309640771,0.2,-2.91665163391036,"0.12033333333333333,0.2754328703703704,0.3217635658914728,0.2,0.57,0.08257645954513855","0,0,0"
40.28333333333333,262,AV,1,0,0,80,5394.467136051333,0.3,-16.462660439186955,"0.1527179487179487,0.2586335877862595,0.31213768115942025,0.3,0.8,0.2594328529854781","0,0,0"
41.88333333333333,90,AV,1,0,0,80,1474.807688008607,0.1,-1.5598449999855344,"0.1906666666666667,0.3063297362110311,0.3631805555555555,0.1,0.8,0.07092703624941481","0,0,0"
22.466666666666665,130,AV,1,0,0,27,1945.516475481125,0.3,-3.3113083446320157,"0.1107857142857143,0.26144988344988346,0.30724193548387096,0.3,0.27,0.09356454994251304","0,0,0"
23.45,49,AV,0,0,0,66,950.4213588862824,0.2,-6.125625296256733,"0.152,0.2805595238095238,0.35413749999999994,0.2,0.66,0.04570804093445438","0,0,0"
19.133333333333333,205,AV,1,0,0,20,3487.44186130441,0.2,-3.3700195764120053,"0.15088888888888888,0.2939649122807017,0.33339869281045753,0.2,0.2,0.16771943713451876","0,0,0"
34.266666666666666,133,AV,1,0,0,57,2011.9739719035176,0.2,-3.4820020927892528,"0.17297222222222225,0.2811756410256411,0.33594444444444455,0.2,0.57,0.09676065021790628","0,0,0"
44.61666666666667,250,AV,1,0,0,94,4889.272753955773,0.3,-16.525988841337885,"0.11376190476190474,0.28421666666666673,0.33627519379844956,0.3,0.94,0.2351368443985718","0,0,0"
45.166666666666664,243,AV,1,0,0,94,4662.282088415262,0.1,-5.317670227106632,"0.23196296296296295,0.31468478260869565,0.37934108527131777,0.1,0.94,0.2242203192855181","0,0,0"
31.1,138,AV,2,0,0,27,2052.607856914241,0.1,-1.612022837122043,"0.19307407407407406,0.2825039682539683,0.34188297872340434,0.1,0.27,0.09871483113148809","0,0,0"
15.5,71,AV,0,0,0,35,1275.9312017726234,0.2,-5.99883503169069,"0.18040909090909094,0.32942288557213933,0.36118095238095244,0.2,0.35,0.06136258939772906","0,0,0"
23.483333333333334,248,AV,1,0,0,29,4843.3187157075145,0.1,-2.872153228296249,"0.12696296296296297,0.2633173333333334,0.32820098039215684,0.1,0.29,0.2329268045654853","0,0,0"
28.833333333333332,58,AV,1,0,0,45,1022.032321197676,0.1,-0.7441565301649745,"0.1843,0.2890658914728682,0.3369891304347826,0.1,0.45,0.049151983735277405","0,0,0"
21.583333333333332,33,AV,1,0,0,23,854.5785374972068,0.1,-0.46577407662410886,"0.2163055555555555,0.30107793764988006,0.35660256410256413,0.1,0.23,0.04109872995636468","0,0,0"
18.233333333333334,107,AV,1,0,0,16,1626.914224999384,0.3,-2.247277982511775,"0.1847222222222222,0.27215375586854457,0.33524358974358975,0.3,0.16,0.07824220415275356","0,0,0"
28.916666666666668,61,AV,2,0,0,19,1074.3823512953045,0.1,-0.7845342506301993,"0.14430555555555555,0.2833642857142858,0.34291228070175434,0.1,0.19,0.0516696221450731","0,0,0"
13.666666666666666,0,AV,1,0,0,6,388.2787303527966,0.2,-0.2680038374489,"0.12905555555555556,0.27929496402877696,0.3358888888888889,0.2,0.06,0.01867325469383425","0,0,0"
36.71666666666667,143,AV,1,0,0,67,2108.868816674547,0.3,-5.865957074664175,"0.22345238095238099,0.2751915422885573,0.35945238095238097,0.3,0.67,0.10142055552171977","0,0,0"
44.56666666666667,19,AV,1,0,0,92,640.5426603936758,0.3,-2.1626402448140016,"0.20531944444444444,0.32581818181818184,0.36348913043478265,0.3,0.92,0.03080523166677017","0,0,0"
35.983333333333334,65,AV,1,0,0,61,1150.4391077840953,0.1,-1.0453695428054974,"0.17245454545454547,0.28303638497652583,0.33297297297297307,0.1,0.61,0.05532737384270454","0,0,0"
20.2,150,AV,1,0,0,23,2198.5025098873134,0.3,-3.3643750530093737,"0.1636190476190476,0.303178117048346,0.3592857142857142,0.3,0.23,0.10573125464497639","0,0,0"
41.7,282,AV,1,0,0,83,8348.421721831439,0.7,-61.53798738895447,"0.1986111111111111,0.335374655647383,0.3652682926829268,0.7,0.83,0.4014956084811817","0,0,0"
36.31666666666667,83,AV,1,0,0,64,1434.2863071033526,0.2,-2.6307322080624624,"0.17522916666666666,0.3148571428571428,0.35522357723577236,0.2,0.64,0.06897826592789302","0,0,0"
15.166666666666666,214,AV,0,0,0,33,3724.6301341612702,0.1,-6.426520800541564,"0.22640277777777779,0.31524102564102563,0.3640912698412698,0.1,0.33,0.17912638962306346","0,0,0"
22.316666666666666,10,AV,1,0,0,27,583.3206434887895,0.7,-2.3011213768604475,"0.21433333333333335,0.3260199004975125,0.37581111111111115,0.7,0.27,0.028053287735180215","0,0,0"
28.566666666666666,20,AV,0,0,0,92,646.5589615252754,0.1,-5.4664150084403715,"0.19876666666666665,0.2933511450381679,0.34069658119658114,0.1,0.92,0.031094570006892704","0,0,0"
34.7,12,AV,1,0,0,59,597.1498506777683,0.2,-1.046520192854473,"0.13812121212121212,0.266375,0.34441441441441456,0.2,0.59,0.02871836745206032","0,0,0"
35.68333333333333,75,AV,1,0,0,65,1310.9401185904849,0.1,-1.1812806371642375,"0.16257692307692306,0.2684489051094891,0.3232888888888889,0.1,0.65,0.06304625211008313","0,0,0"
30.6,152,AV,1,0,0,46,2218.0502812558643,0.6,-10.283687667640827,"0.14445833333333336,0.28894484412470023,0.3507948717948718,0.6,0.46,0.10667135381839783","0,0,0"
26.666666666666668,251,AV,0,0,0,86,4934.883137056144,0.1,-8.323153627647235,"0.21762500000000004,0.2879390547263682,0.3497207207207207,0.1,0.86,0.23733035703199037","0,0,0"
34.71666666666667,289,AV,1,0,0,58,10838.007207066395,0.7,-66.51051476693397,"0.1574555555555556,0.2879312977099236,0.3449375,0.7,0.58,0.5212257410218565","0,0,0"
47.45,241,AV,1,0,0,98,4617.1597275219765,0.3,-16.597290081130136,"0.14771428571428571,0.27878009259259257,0.36118229166666665,0.3,0.98,0.2220502768096353","0,0,0"
24.716666666666665,103,AV,1,0,0,28,1594.6992934726818,1.0,-9.95344718947806,"0.21833333333333335,0.3130782828282828,0.3500416666666667,1.0,0.28,0.07669291088913349","0,0,0"
24.65,55,AV,2,0,0,13,1014.5614647146556,0.5,-3.1576944577293258,"0.2016555555555556,0.2748802083333333,0.3496969696969697,0.5,0.13,0.04879269234230884","0,0,0"
44.483333333333334,158,AV,1,0,0,91,2352.9451803313505,0.4,-10.572408562801979,"0.20069444444444443,0.3116506172839506,0.3608798449612403,0.4,0.91,0.11315877280487406","0,0,0"
10.9,275,AV,1,0,0,2,7081.334819999852,0.3,-5.847465874090787,"0.11905555555555555,0.28655555555555556,0.3321515151515152,0.3,0.02,0.34055836266392014","0,0,0"
46.28333333333333,77,AV,1,0,0,96,1323.5149786113286,0.2,-3.0937719659963467,"0.1625888888888889,0.2604867724867725,0.3347958333333334,0.2,0.96,0.06365100726547157","0,0,0"
27.483333333333334,272,AV,1,0,0,42,5985.732437913218,0.3,-12.46271816934204,"0.19441666666666665,0.3222625,0.3702065217391304,0.3,0.42,0.2878682183820371","0,0,0"
39.61666666666667,88,AV,1,0,0,78,1460.8215047913693,0.1,-1.4614363286570224,"0.20071296296296295,0.3004545454545455,0.35219191919191917,0.1,0.78,0.07025440717912602","0,0,0"
33.03333333333333,45,AV,1,0,0,55,943.1907669438916,0.4,-3.1471449496343316,"0.15899999999999997,0.30240049751243786,0.3653859649122807,0.4,0.55,0.04536030443906415","0,0,0"
21.9,80,AV,2,0,0,2,1391.0507319816634,0.2,-1.5385864156766882,"0.17347619047619045,0.32463827160493836,0.3183055555555555,0.2,0.02,0.06689896350164852","0,0,0"
18.65,160,AV,1,0,0,18,2401.1770329784995,0.4,-4.523429461116062,"0.23528125,0.3184974160206719,0.3301951219512195,0.4,0.18,0.11547835819142706","0,0,0"
34.6,197,AV,1,0,0,55,3361.758609282253,0.1,-2.9372941384132822,"0.21303703703703702,0.3117754820936639,0.3453410852713178,0.1,0.55,0.16167502833152653","0,0,0"
38.333333333333336,123,AV,1,0,0,77,1830.3424648913517,0.6,-10.630776942550781,"0.20158333333333334,0.3317065217391304,0.3704673913043478,0.6,0.77,0.08802555574651609","0,0,0"
16.1,167,AV,1,0,0,6,2496.2043409386315,0.9,-9.133838611161812,"0.17645454545454545,0.2481497584541062,0.2889390243902439,0.9,0.06,0.1200484491742544","0,0,0"
33.06666666666667,106,AV,1,0,0,56,1614.9493849180149,0.1,-1.3485099241066252,"0.14129166666666668,0.2911940639269407,0.3562546296296296,0.1,0.56,0.07766678631823196","0,0,0"
34.016666666666666,196,AV,2,0,0,37,3278.222126324269,0.5,-14.080074410412108,"0.1960909090909091,0.31404513888888896,0.363204761904762,0.5,0.37,0.1576575586620336","0,0,0"
16.4,192,AV,1,0,0,11,3230.862018062417,0.6,-8.028202590336914,"0.1524074074074074,0.29007530864197534,0.3430396825396825,0.6,0.11,0.15537989755219744","0,0,0"
34.81666666666667,156,AV,1,0,0,62,2293.603195459698,0.3,-6.049668024388018,"0.2114848484848485,0.3116938271604938,0.35095833333333337,0.3,0.62,0.11030487453303418","0,0,0"
23.616666666666667,22,AV,1,0,0,31,736.5379020629116,0.2,-0.8785136424437254,"0.18283333333333335,0.3127953431372549,0.33480681818181823,0.2,0.31,0.03542187290142414","0,0,0"
40.45,126,AV,1,0,0,79,1899.102970895097,0.3,-5.819599634295961,"0.13822916666666668,0.2777850241545894,0.3290441176470588,0.3,0.79,0.09133241327208338","0,0,0"
31.483333333333334,164,AV,2,0,0,43,2436.431929205765,0.3,-5.811136255391022,"0.13044444444444442,0.26015402298850576,0.32700980392156864,0.3,0.43,0.11717385064309511","0,0,0"
35.483333333333334,176,AV,2,0,0,53,2793.3389947689566,0.3,-7.508862020029178,"0.2176851851851852,0.3089855072463768,0.35796511627906974,0.3,0.53,0.1343383667916745","0,0,0"
33.083333333333336,116,AV,1,0,0,58,1794.439334206041,0.3,-4.497426866665394,"0.18710256410256412,0.3375265151515152,0.3636407407407407,0.3,0.58,0.08629888814619799","0,0,0"
20.633333333333333,168,AV,1,0,0,23,2520.757475212996,0.6,-7.880549884630527,"0.25535185185185183,0.34258215962441313,0.37182905982905984,0.6,0.23,0.12122926824569963","0,0,0"
26.783333333333335,227,AV,1,0,0,37,4021.28082322038,0.2,-5.439560844204673,"0.1374102564102564,0.26398982188295167,0.2995945945945946,0.2,0.37,0.1933930322147629","0,0,0"
24.05,92,AV,2,0,0,13,1507.5005543882637,0.1,-0.915540109420145,"0.185,0.3031525641025641,0.32737333333333324,0.1,0.13,0.07249931454553503","0,0,0"
38.166666666666664,43,AV,2,0,0,58,926.7012599248138,0.1,-0.8931590426043029,"0.17645238095238092,0.27915641025641025,0.32422463768115933,0.1,0.58,0.04456728452766382","0,0,0"
30.083333333333332,244,AV,2,0,0,18,4705.31956239884,0.1,-3.5745377988762237,"0.19581111111111113,0.31053209876543203,0.3653833333333334,0.1,0.18,0.2262900945532605","0,0,0"
46.86666666666667,242,AV,1,0,0,99,4656.548587392589,0.1,-5.511033092486516,"0.16607291666666665,0.2593880952380952,0.326484375,0.1,0.99,0.22394458148039434","0,0,0"
29.25,89,AV,1,0,0,48,1467.6871321740252,0.3,-3.252261258794715,"0.16877777777777778,0.29656106870229004,0.3519113475177304,0.3,0.48,0.07058459165416232","0,0,0"
27.833333333333332,100,AV,1,0,0,39,1587.6148581174584,0.2,-2.2317481591381783,"0.14744444444444446,0.28377941176470595,0.3553640350877194,0.2,0.39,0.07635220341429991","0,0,0"
27.433333333333334,237,AV,1,0,0,36,4429.527615460413,0.2,-6.137207453743973,"0.19771428571428573,0.30978537170263787,0.3499279279279278,0.2,0.36,0.21302659886033296","0,0,0"
44.45,26,AV,1,0,0,87,776.0711537761008,0.3,-2.613360817071794,"0.16977083333333332,0.2634842995169082,0.33562121212121204,0.3,0.87,0.03732312172194307","0,0,0"
41.733333333333334,213,AV,2,0,0,88,3667.3634505223554,0.7,-27.054522963281077,"0.20024242424242428,0.30723943661971836,0.35421621621621624,0.7,0.88,0.1763722975611855","0,0,0"
27.983333333333334,268,AV,1,0,0,40,5578.433439706214,0.1,-3.941999051038188,"0.1799814814814815,0.2915921717171717,0.3461666666666667,0.1,0.4,0.2682802334230043","0,0,0"
20.4,46,AV,1,0,0,21,946.1123250925148,0.5,-2.4369559888746593,"0.16768181818181815,0.30003482587064684,0.3635962962962963,0.5,0.21,0.04550080917225548","0,0,0"
19.066666666666666,297,AV,1,0,0,13,17322.90883950548,0.1,-8.34065981161375,"0.1791296296296296,0.28518682795698924,0.3462522522522523,0.1,0.13,0.833100202280572","0,0,0"
39.416666666666664,270,AV,2,0,0,78,5862.871835726062,0.4,-23.342915642242655,"0.18680555555555556,0.31176225490196074,0.3598690476190476,0.4,0.78,0.2819595575743898","0,0,0"
34.78333333333333,85,AV,2,0,0,34,1446.9812594843625,0.1,-1.2709805928214915,"0.16949999999999998,0.29350222222222216,0.3538080808080808,0.1,0.34,0.06958879661269593","0,0,0"
31.166666666666668,298,AV,1,0,0,53,18628.94525544202,0.1,-14.661669876968258,"0.16480952380952385,0.25893065693430656,0.3516068376068377,0.1,0.53,0.8959106235777834","0,0,0"
44.31666666666667,62,AV,1,0,0,92,1117.0806745336297,0.3,-3.7504009009910626,"0.16342592592592592,0.28896190476190475,0.29931531531531536,0.3,0.92,0.05372308684066549","0,0,0"
24.666666666666668,5,AV,1,0,0,28,477.1303205766694,0.3,-0.8916071647139783,"0.15125,0.2972872340425532,0.3486627906976744,0.3,0.28,0.022946340609962184","0,0,0"
37.3,18,AV,1,0,0,69,636.6552097563458,0.3,-1.7990332821145225,"0.19783333333333336,0.3139180555555556,0.360281746031746,0.3,0.69,0.030618274848933116","0,0,0"
20.916666666666668,190,AV,1,0,0,23,3031.4508351358254,0.1,-1.6012082483566754,"0.16672222222222222,0.27128974358974356,0.3404540229885058,0.1,0.23,0.14578973585520302","0,0,0"
31.65,292,AV,1,0,0,54,11662.42845360034,0.7,-65.24775312866554,"0.20094871794871794,0.2883517060367454,0.3534666666666667,0.7,0.54,0.5608741345806508","0,0,0"
24.866666666666667,79,AV,1,0,0,27,1386.7650627050614,0.2,-1.741627502993225,"0.20283333333333334,0.3220739348370927,0.35453267973856206,0.2,0.27,0.06669285539507566","0,0,0"
21.45,3,AV,1,0,0,26,457.16351791608827,0.5,-1.2381511943560723,"0.2228125,0.3078298122065728,0.36374019607843133,0.5,0.26,0.021986089217454062","0,0,0"
46.1,39,AV,1,0,0,96,892.1845339920479,0.1,-1.0386289650766014,"0.14889393939393938,0.25798148148148153,0.3326702898550725,0.1,0.96,0.042907292454561666","0,0,0"
22.966666666666665,264,AV,1,0,0,23,5458.612723313221,0.2,-6.331623175694964,"0.2340952380952381,0.323406862745098,0.3699609929078014,0.2,0.23,0.2625177680086071","0,0,0"
20.0,56,AV,1,0,0,20,1017.530975349866,0.2,-1.0278090660099657,"0.17573333333333335,0.28716423357664234,0.3275542635658914,0.2,0.2,0.048935503225503364","0,0,0"
16.9,252,AV,0,0,0,38,4950.268578812107,0.2,-9.225229241511343,"0.1870277777777778,0.2942789855072464,0.34174166666666667,0.2,0.38,0.238070279798878","0,0,0"
30.666666666666668,222,AV,2,0,0,26,3882.59008652233,0.2,-6.013439191246706,"0.1247962962962963,0.25845955882352944,0.3185777777777778,0.2,0.26,0.18672306229989","0,0,0"
15.916666666666666,245,AV,1,0,0,10,4717.175795221327,0.1,-1.8960028974900538,"0.1544047619047619,0.2841882086167801,0.3506319444444445,0.1,0.1,0.2268602892044136","0,0,0"
26.683333333333334,273,AV,1,0,0,37,6434.117121135291,0.2,-8.670893527725253,"0.14702083333333332,0.27636333333333335,0.3326614583333333,0.2,0.37,0.3094321123996473","0,0,0"
36.4,166,AV,1,0,0,66,2458.2611968747465,0.2,-4.519227654860645,"0.22888888888888886,0.24901728395061729,0.3471085271317829,0.2,0.66,0.1182236724414522","0,0,0"
19.15,232,AV,1,0,0,10,4245.708624069837,0.1,-2.053164650276196,"0.22618333333333332,0.3006423076923077,0.35522666666666664,0.1,0.1,0.2041863030226467","0,0,0"
39.083333333333336,81,AV,2,0,0,52,1404.912317929139,0.3,-4.159746698918979,"0.21802941176470594,0.29866539440203554,0.33925000000000005,0.3,0.52,0.06756560039062387","0,0,0"
37.333333333333336,57,AV,2,0,0,43,1020.7360413649084,0.5,-4.811550363336269,"0.17051282051282052,0.2983802469135802,0.3288214285714286,0.5,0.43,0.04908964253144747","0,0,0"
25.333333333333332,191,AV,1,0,0,35,3032.1279287666234,0.2,-3.8794902792300228,"0.1652916666666667,0.2834799498746867,0.3407117117117117,0.2,0.35,0.1458222989106348","0,0,0"
42.083333333333336,108,AV,1,0,0,79,1635.9686818612918,0.1,-1.7385609939813815,"0.15875,0.28842505592841167,0.33363793103448275,0.1,0.79,0.07867765468320913","0,0,0"
38.766666666666666,212,AV,1,0,0,75,3651.018124108644,0.5,-17.870934673141214,"0.1308611111111111,0.27320580808080813,0.35367857142857145,0.5,0.75,0.17558621164064137","0,0,0"
30.316666666666666,257,AV,1,0,0,51,5051.78348307234,0.1,-3.867505957789809,"0.1793333333333333,0.2926808510638298,0.35032051282051285,0.1,0.51,0.24295237483598997","0,0,0"
37.88333333333333,69,AV,1,0,0,76,1240.6560786390864,0.1,-1.1868734287654221,"0.2097291666666667,0.33394799999999997,0.37584615384615383,0.1,0.76,0.05966612418566248","0,0,0"
17.133333333333333,112,AV,0,0,0,40,1716.9764066453156,0.6,-9.457201378867133,"0.15649999999999997,0.26942142857142853,0.345412037037037,0.6,0.4,0.08257351031167907","0,0,0"
39.75,24,AV,2,0,0,69,753.5670156580491,0.1,-0.7564214361719054,"0.14297435897435898,0.2504448717948718,0.3082537878787878,0.1,0.69,0.03624084378629158","0,0,0"
31.466666666666665,50,AV,1,0,0,53,954.0002559944874,0.1,-0.7580608094771011,"0.14389743589743592,0.25795292620865135,0.32438405797101455,0.1,0.53,0.045880158673594545","0,0,0"
14.816666666666666,54,AV,1,0,0,8,985.8695826897422,0.1,-0.3688712369575677,"0.13652777777777778,0.27936951754385964,0.34159895833333337,0.1,0.08,0.04741283097259167","0,0,0"
21.216666666666665,163,AV,2,0,0,3,2421.0391237858234,0.1,-1.2971308100081453,"0.20133333333333334,0.3022636815920398,0.33945045045045047,0.1,0.03,0.11643357373995898","0,0,0"
42.15,230,AV,1,0,0,82,4200.245935785981,0.2,-8.941432636029248,"0.1460277777777778,0.2845425790754258,0.3697317073170731,0.2,0.82,0.2019998933869206","0,0,0"
15.083333333333334,128,AV,1,0,0,9,1927.298426803608,0.3,-2.202279136688466,"0.1589242424242424,0.3022450248756219,0.3579518518518519,0.3,0.09,0.0926884003201249","0,0,0"
40.38333333333333,208,AV,1,0,0,78,3564.273841812899,0.3,-10.90433777615234,"0.1881388888888889,0.27808524173027993,0.3480231481481482,0.3,0.78,0.17141447121316408","0,0,0"
16.716666666666665,104,AV,1,0,0,11,1596.1763216794554,0.5,-3.3690337766087834,"0.21895000000000003,0.31346014492753627,0.3885879629629629,0.5,0.11,0.07676394471545202","0,0,0"
16.2,280,AV,1,0,0,10,8139.327108000771,0.1,-3.329724726000316,"0.19227083333333328,0.2953308270676693,0.35923577235772347,0.1,0.1,0.39143974738464077","0,0,0"
46.13333333333333,144,AV,1,0,0,95,2113.1349678504243,0.2,-4.9235333257659715,"0.2115666666666667,0.28002000000000005,0.3378048780487804,0.2,0.95,0.10162572495605159","0,0,0"
16.783333333333335,170,AV,1,0,0,11,2629.980017260476,0.2,-2.2292844085701176,"0.18495833333333334,0.27982738095238097,0.33413888888888893,0.2,0.11,0.12648204205617194","0,0,0"
35.05,209,AV,2,0,0,41,3580.4564780460023,0.2,-6.338131290682442,"0.20366666666666666,0.3182797619047619,0.36331746031746026,0.2,0.41,0.17219273297301851","0,0,0"
17.983333333333334,281,AV,1,0,0,14,8333.728817076937,0.1,-3.784551091593441,"0.19535714285714284,0.2809741784037558,0.34576388888888887,0.1,0.14,0.4007889914784327","0,0,0"
28.733333333333334,37,AV,1,0,0,43,873.8892656114449,0.2,-1.2681692709714907,"0.18739393939393942,0.254375,0.3253253968253968,0.2,0.43,0.04202742915158692","0,0,0"
28.9,162,AV,1,0,0,45,2411.397471856681,0.5,-8.799165017254808,"0.1851527777777778,0.2914386574074074,0.3620294117647058,0.5,0.45,0.11596988359144483","0,0,0"
44.483333333333334,217,AV,1,0,0,88,3759.463069718096,0.4,-16.8922675641037,"0.20598611111111112,0.3132305764411028,0.3791150793650794,0.4,0.88,0.18080158897481655","0,0,0"
18.783333333333335,207,AV,0,0,0,42,3531.3895067900216,0.2,-8.350063951306696,"0.17932051282051284,0.2878258706467662,0.3443682170542637,0.2,0.42,0.16983298473111647","0,0,0"
19.483333333333334,21,AV,1,0,0,18,676.2529471816457,0.1,-0.33271872695931987,"0.15695833333333334,0.25308126721763086,0.32553061224489793,0.1,0.18,0.03252262494189429","0,0,0"
27.8,32,AV,1,0,0,44,849.0657401736111,0.3,-1.7881839073353323,"0.20366666666666666,0.29175128205128203,0.33047463768115937,0.3,0.44,0.040833606321069346","0,0,0"
45.166666666666664,267,AV,2,0,0,89,5568.958209200236,0.1,-6.351799977665252,"0.19542857142857145,0.3206965174129353,0.3575697674418604,0.1,0.89,0.2678245468795767","0,0,0"
29.3,82,AV,1,0,0,47,1421.705549214182,0.5,-5.25959249898681,"0.17105555555555557,0.2846984732824427,0.33881313131313123,0.5,0.47,0.06837322712988189","0,0,0"
16.583333333333332,115,AV,1,0,0,10,1782.711710770346,0.1,-0.7465480438621608,"0.19777083333333334,0.2797738927738928,0.34683760683760684,0.1,0.1,0.08573487862868172","0,0,0"
10.533333333333333,203,AV,0,0,0,17,3465.4556083993225,0.2,-6.8435757108656325,"0.1871428571428572,0.29857055961070555,0.3492698412698413,0.2,0.17,0.1666620655399256","0,0,0"
7.016666666666667,165,AV,0,0,0,3,2456.6540037696086,0.5,-7.1764548307807345,"0.17869047619047618,0.27263932291666665,0.3344270833333334,0.5,0.03,0.11814637867321734","0,0,0"
22.166666666666668,215,AV,1,0,0,26,3742.7752140142647,0.1,-2.0950719842756618,"0.18577380952380954,0.3172757793764988,0.358388888888889,0.1,0.26,0.17999902999980277","0,0,0"
42.833333333333336,139,AV,1,0,0,86,2078.9202215407213,0.1,-2.248663707642952,"0.17608333333333334,0.26484615384615384,0.3142886178861789,0.1,0.86,0.09998025580674873","0,0,0"
22.616666666666667,234,AV,1,0,0,28,4304.4895651906745,0.2,-4.916828568993052,"0.21456250000000002,0.3197092731829574,0.37887074829931977,0.2,0.28,0.207013219355909","0,0,0"
46.43333333333333,117,AV,1,0,0,99,1797.659883656486,0.4,-8.43144854523059,"0.1733095238095238,0.2775930232558139,0.338546511627907,0.4,0.99,0.08645377208765831","0,0,0"
42.71666666666667,288,AV,1,0,0,86,10450.70686878338,0.1,-11.273216205678368,"0.18207407407407414,0.2521482939632546,0.30507986111111113,0.1,0.86,0.5025995395474784","0,0,0"
36.31666666666667,260,AV,1,0,0,66,5307.329693361759,0.4,-19.46914377413346,"0.21011111111111108,0.28817447916666666,0.35327044025157234,0.4,0.66,0.25524220453241103","0,0,0"
16.733333333333334,220,AV,1,0,0,13,3863.855435177377,0.3,-4.898119768835968,"0.203969696969697,0.3107769230769231,0.35275641025641025,0.3,0.13,0.18582206801713178","0,0,0"
19.15,135,AV,1,0,0,16,2035.9911412414244,0.1,-0.9845765241104362,"0.1343690476190476,0.25966535433070864,0.33969658119658114,0.1,0.16,0.09791569345106042","0,0,0"
31.533333333333335,78,AV,2,0,0,35,1338.7213376931895,0.1,-1.0660188429779103,"0.20395833333333335,0.31161839080459774,0.35858024691358026,0.1,0.35,0.06438231751737097","0,0,0"
23.35,276,AV,1,0,0,30,7099.697064525982,0.1,-4.186311274158629,"0.1117,0.2691855791962175,0.33136111111111105,0.1,0.3,0.3414414470102487","0,0,0"
14.416666666666666,175,AV,1,0,0,2,2767.495209174315,0.2,-2.015053329912275,"0.19963333333333336,0.31636274509803924,0.3653636363636364,0.2,0.02,0.13309547720505432","0,0,0"
51.6,177,AV,2,0,0,92,2813.5576138103806,0.3,-10.99845249034967,"0.12747916666666667,0.24304197530864194,0.30665476190476193,0.3,0.92,0.13531072863744203","0,0,0"
18.983333333333334,294,AV,0,0,0,43,13748.957190518822,0.5,-37.9546764309784,"0.15889393939393942,0.23064628297362105,0.3039708333333333,0.5,0.43,0.6612203021265304","0,0,0"
23.6,286,AV,1,0,0,30,8987.822610831106,0.1,-5.356379131707428,"0.19015000000000004,0.29490024330900244,0.3276899224806202,0.1,0.3,0.4322459296252377","0,0,0"
14.616666666666667,239,AV,1,0,0,6,4459.768546990965,1.0,-16.461351076225068,"0.18714814814814815,0.2965034965034965,0.34121929824561403,1.0,0.06,0.21448095773323778","0,0,0"
10.533333333333333,271,AV,0,0,0,16,5912.288420941998,0.1,-6.5726289065805314,"0.14561666666666667,0.2792691358024692,0.32168148148148146,0.1,0.16,0.28433611958951305","0,0,0"
14.266666666666667,211,AV,1,0,0,6,3630.005597296026,0.1,-1.3077797943120362,"0.20402083333333335,0.27208983451536645,0.35259722222222223,0.1,0.06,0.17457566886747292","0,0,0"
27.75,118,AV,1,0,0,41,1804.2001824470888,0.3,-3.792920838098993,"0.14285416666666667,0.2691982323232323,0.3210052083333333,0.3,0.41,0.08676831073101827","0,0,0"
31.233333333333334,140,AV,2,0,0,41,2088.64210540395,0.4,-6.589419706274415,"0.17285185185185184,0.2705914786967418,0.32263157894736844,0.4,0.41,0.10044780450125744","0,0,0"
21.366666666666667,101,AV,1,0,0,24,1588.8002265047048,0.4,-3.4290267514798516,"0.22816666666666666,0.346994004796163,0.40488461538461534,0.4,0.24,0.07640921062090368","0,0,0"
45.38333333333333,70,AV,1,0,0,97,1244.4027248274256,0.4,-5.704559965833468,"0.18470833333333336,0.3138858447488584,0.36306481481481484,0.4,0.97,0.05984630938009477","0,0,0"
25.916666666666668,290,AV,1,0,0,36,11049.706566164488,0.3,-21.694815290891135,"0.19483333333333339,0.30716917293233076,0.32597368421052636,0.3,0.36,0.5314068705608562","0,0,0"
33.166666666666664,285,AV,1,0,0,58,8689.506535985933,0.2,-14.555654887720543,"0.15504166666666666,0.2761533333333334,0.33121739130434785,0.2,0.58,0.4178991946398128","0,0,0"
44.266666666666666,68,AV,1,0,0,90,1234.5997004771,0.2,-2.760182495342742,"0.14433333333333334,0.29995679012345683,0.3640539215686275,0.2,0.9,0.059374858445099786","0,0,0"
28.983333333333334,44,AV,1,0,0,44,938.3100494872764,0.8,-5.494010693799239,"0.1923472222222222,0.29707142857142854,0.339762962962963,0.8,0.44,0.04512557903941836","0,0,0"
25.8,102,AV,1,0,0,34,1592.6375082496468,0.2,-2.075254934991964,"0.18663333333333335,0.3009770531400966,0.36409401709401706,0.2,0.34,0.07659375469647073","0,0,0"
30.216666666666665,180,AV,0,0,0,94,2853.537244729806,0.5,-15.88691713950997,"0.15407575757575756,0.26959043927648574,0.33189912280701755,0.5,0.94,0.13723344490378397","0,0,0"
33.666666666666664,279,AV,1,0,0,60,7592.14370769901,0.2,-12.909200580430975,"0.20333333333333337,0.30781830601092897,0.3548508771929824,0.2,0.6,0.36512438628106175","0,0,0"
39.5,256,AV,1,0,0,78,5009.92015912814,0.1,-4.997268845594988,"0.16247619047619047,0.27763049095607234,0.3525956790123456,0.1,0.78,0.24093906725761643","0,0,0"
27.7,182,AV,1,0,0,41,2872.269398564857,0.1,-2.0091379378850136,"0.17059999999999997,0.26353781512605046,0.34470567375886524,0.1,0.41,0.13813431907530546","0,0,0"
29.933333333333334,53,AV,1,0,0,51,979.5720138781878,0.7,-5.183156295655125,"0.17162499999999997,0.3134964285714286,0.35398809523809516,0.7,0.51,0.04710996579565228","0,0,0"
16.783333333333335,181,AV,1,0,0,7,2857.712092786687,0.9,-10.900439687258311,"0.14772916666666666,0.25911270983213425,0.29188333333333333,0.9,0.07,0.13743422335230565","0,0,0"
24.716666666666665,63,AV,1,0,0,32,1129.1321270070612,0.1,-0.7047571314610571,"0.22023809523809523,0.32743259803921565,0.3461236559139784,0.1,0.32,0.05430267007269716","0,0,0"
37.18333333333333,16,AV,1,0,0,63,626.2908344343901,0.2,-1.1761404474942123,"0.17412962962962963,0.2660428240740741,0.3282892156862745,0.2,0.63,0.03011982720037529","0,0,0"
25.433333333333334,284,AV,2,0,0,11,8493.635575370567,0.1,-5.455087494956012,"0.1636470588235294,0.25832857142857146,0.31936363636363635,0.1,0.11,0.40847929071828354","0,0,0"
27.316666666666666,204,AV,1,0,0,38,3476.696831582168,0.1,-2.398276981045107,"0.17607575757575758,0.2662553191489362,0.34565789473684205,0.1,0.38,0.16720268290357254","0,0,0"
38.21666666666667,221,AV,2,0,0,63,3866.930621896856,0.2,-7.4636968989978865,"0.17356060606060608,0.3004280303030303,0.34280487804878057,0.2,0.63,0.18596996111648273","0,0,0"
35.71666666666667,274,AV,1,0,0,65,6995.337061486569,0.2,-12.618693032631075,"0.18901666666666664,0.28314015151515154,0.34588157894736843,0.2,0.65,0.3364225243542649","0,0,0"
8.733333333333333,219,AV,0,0,0,7,3778.090807703549,0.1,-5.833215312810042,"0.23149999999999998,0.32101307189542483,0.3639343434343435,0.1,0.07,0.18169744153788722","0,0,0"
29.066666666666666,29,AV,2,0,0,18,822.5771428470101,0.2,-1.2075543241794493,"0.17536363636363636,0.28414420803782503,0.3437236842105263,0.2,0.18,0.039559706192899544","0,0,0"
45.65,95,AV,1,0,0,96,1541.4014724042315,0.2,-3.5537867280430895,"0.1277916666666667,0.2909349315068493,0.3463020833333333,0.2,0.96,0.07412969094006937","0,0,0"
36.766666666666666,206,AV,1,0,0,66,3523.1638559153366,0.5,-16.35542816950596,"0.16791666666666663,0.2826293706293706,0.3278468468468469,0.5,0.66,0.16943739346690792","0,0,0"
42.75,11,AV,1,0,0,86,588.8906571209208,0.1,-0.6357342321191758,"0.20678124999999997,0.3277074340527578,0.35530952380952385,0.1,0.86,0.02832116303987798","0,0,0"
19.4,64,AV,1,0,0,18,1135.438045570021,0.4,-2.224999806470546,"0.13908333333333334,0.2558792650918635,0.3208720930232558,0.4,0.18,0.0546059368091927","0,0,0"
44.46666666666667,218,AV,1,0,0,94,3773.692032315799,0.4,-16.949849060973992,"0.15325925925925926,0.23735564304461945,0.2925387596899225,0.4,0.94,0.18148589388735847","0,0,0"
26.566666666666666,48,AV,2,0,0,18,948.3478854920526,0.9,-5.726009581342165,"0.16490476190476192,0.2865988095238095,0.34170930232558133,0.9,0.18,0.04560832262962691","0,0,0"
43.38333333333333,287,AV,1,0,0,88,10071.894878668398,0.1,-11.03415082877687,"0.1536060606060606,0.2961507352941176,0.3568939393939393,0.1,0.88,0.48438156307972796","0,0,0"
28.65,4,AV,0,0,0,93,473.5024380788758,0.1,-5.342571839670702,"0.19104761904761908,0.29328832116788317,0.35067948717948716,0.1,0.93,0.022771867046038015","0,0,0"
39.833333333333336,228,AV,1,0,0,79,4113.319853961603,0.7,-28.962896109754894,"0.20873076923076928,0.2942817745803357,0.36442982456140355,0.7,0.79,0.19781940978440954","0,0,0"
28.75,249,AV,1,0,0,43,4864.205776554158,0.1,-3.5314625271700013,"0.15585714285714286,0.2666466165413534,0.3136627906976744,0.1,0.43,0.23393131337965753","0,0,0"
43.516666666666666,229,AV,2,0,0,86,4159.866430607663,0.1,-4.5713010312780336,"0.1782037037037037,0.2923202380952381,0.3393489583333333,0.1,0.86,0.20005794620912742","0,0,0"
34.9,295,AV,1,0,0,60,14297.77376075636,0.4,-50.40326305559566,"0.16449999999999998,0.2722293333333333,0.3321666666666666,0.4,0.6,0.6876142062863859","0,0,0"
42.0,120,AV,1,0,0,85,1809.16611953512,1.0,-19.18812551022097,"0.19150000000000003,0.2711889671361502,0.3387916666666667,1.0,0.85,0.08700713454697676","0,0,0"
42.85,189,AV,1,0,0,85,3024.224513765153,0.5,-16.362123789752122,"0.2041111111111111,0.3075925925925926,0.35850775193798456,0.5,0.85,0.1454422047418416","0,0,0"
37.31666666666667,188,AV,1,0,0,74,2971.291490045772,0.6,-16.799802136900215,"0.2029642857142857,0.3259601990049752,0.3436458333333334,0.6,0.74,0.14289652877156978","0,0,0"
30.866666666666667,186,AV,1,0,0,53,2965.4163440895786,0.2,-4.622854435398906,"0.10262500000000001,0.2401123456790124,0.29833333333333334,0.2,0.53,0.14261397892212588","0,0,0"
38.85,129,AV,1,0,0,77,1929.5758599688188,0.2,-3.7860617252418494,"0.20642857142857143,0.28024427480916025,0.33764285714285713,0.2,0.77,0.09279792753915007","0,0,0"
27.266666666666666,67,AV,1,0,0,38,1200.7903182940884,0.5,-4.134034008268368,"0.14923809523809525,0.2796678486997635,0.34638095238095234,0.5,0.38,0.057748884228147654","0,0,0"
16.416666666666668,238,AV,1,0,0,12,4446.537177105173,0.1,-1.8433666327645606,"0.22083333333333333,0.30878819444444444,0.34104054054054056,0.1,0.12,0.21384462944504845","0,0,0"
13.683333333333334,86,AV,1,0,0,2,1457.5875839824732,0.1,-0.5036529488424287,"0.14137500000000003,0.24952533333333332,0.3084122807017544,0.1,0.02,0.07009888017699192","0,0,0"
40.11666666666667,7,AV,1,0,0,76,541.9839687696077,0.5,-2.745276542147403,"0.1889166666666667,0.2793296019900498,0.3593823529411765,0.5,0.76,0.026065307980208553","0,0,0"
35.1,171,AV,1,0,0,63,2744.8905386527767,0.1,-2.432971159260416,"0.18972727272727272,0.30209012345679015,0.3480454545454545,0.1,0.63,0.13200836442518263","0,0,0"
43.333333333333336,299,AV,1,0,0,85,20793.30768626012,0.1,-22.753619522001816,"0.1852307692307692,0.29313086419753087,0.33676587301587296,0.1,0.85,1.0","0,0,0"
21.75,127,AV,2,0,0,8,1921.5023446668008,0.4,-4.221482423889183,"0.20938888888888887,0.27922222222222226,0.33851801801801806,0.4,0.08,0.09240965283924012","0,0,0"
41.7,141,AV,1,0,0,85,2105.159940183184,0.3,-6.650391629215059,"0.14591025641025643,0.30263909774436093,0.33731818181818185,0.3,0.85,0.10124218676253416","0,0,0"
41.21666666666667,36,AV,1,0,0,81,863.3540159882258,0.1,-0.8986003710180482,"0.14497916666666666,0.3221232394366198,0.37530833333333335,0.1,0.81,0.04152076374836295","0,0,0"
15.483333333333333,254,AV,1,0,0,6,4968.170350229253,0.2,-3.885042302494087,"0.1505595238095238,0.2657971576227391,0.3286279069767442,0.2,0.06,0.23893121888982288","0,0,0"
19.0,261,AV,1,0,0,15,5370.167679594476,0.3,-7.729786811537504,"0.16017777777777778,0.28822794117647055,0.34038034188034183,0.3,0.15,0.2582642338882426","0,0,0"
13.383333333333333,60,AV,1,0,0,2,1062.4074567339185,0.1,-0.35905437195174106,"0.17808333333333334,0.2721111111111111,0.3322857142857143,0.1,0.02,0.05109372076651086","0,0,0"
45.78333333333333,277,AV,2,0,0,92,7128.986247371214,0.6,-49.452841468506875,"0.22781666666666664,0.3061858513189449,0.35971544715447157,0.6,0.92,0.34285003400790975","0,0,0"
28.716666666666665,263,AV,2,0,0,28,5427.330032863625,0.6,-23.614367794505114,"0.15983333333333336,0.2850767386091127,0.35231428571428575,0.6,0.28,0.26101330845259973","0,0,0"
44.35,269,AV,1,0,0,87,5702.616109653807,0.2,-12.77328406379527,"0.1831904761904762,0.2715539568345324,0.3433371212121213,0.2,0.87,0.27425247563772664","0,0,0"
44.3,147,AV,1,0,0,91,2158.6935677652164,0.3,-7.244706443333262,"0.18081250000000001,0.3003727034120736,0.34667999999999993,0.3,0.91,0.10381674721197177","0,0,0"
19.666666666666668,193,AV,1,0,0,18,3236.647802754315,0.1,-1.6074260973274799,"0.1976025641025641,0.30194890510948896,0.3418374999999999,0.1,0.18,0.1556581498042776","0,0,0"
34.266666666666666,111,AV,1,0,0,60,1697.366940102563,0.1,-1.4687653320079417,"0.17086111111111113,0.29859669211195927,0.33519047619047604,0.1,0.6,0.08163044406947123","0,0,0"
18.066666666666666,52,AV,1,0,0,13,978.4447105201264,1.0,-4.463948090083405,"0.1919375,0.2756466165413534,0.34951700680272113,1.0,0.13,0.04705575107546101","0,0,0"
13.333333333333334,9,AV,1,0,0,0,567.9518330451218,0.2,-0.3824591468317319,"0.1687222222222222,0.2569154040404041,0.31432993197278913,0.2,0.0,0.02731416480795959","0,0,0"
37.233333333333334,185,AV,2,0,0,40,2953.464044858564,0.5,-13.88476152401943,"0.13186111111111112,0.27907291666666667,0.31312903225806443,0.5,0.4,0.14203916420715332","0,0,0"
41.95,34,AV,1,0,0,82,857.6590975250949,0.6,-5.451333203208747,"0.16407142857142853,0.25351092896174865,0.3178550724637681,0.6,0.82,0.041246881470994735","0,0,0"
19.416666666666668,73,AV,1,0,0,21,1293.252850487379,0.4,-2.5364302539020147,"0.16441111111111112,0.29634358974358976,0.34542222222222224,0.4,0.21,0.06219562899759039","0,0,0"
38.7,134,AV,1,0,0,72,2022.4315636845977,0.2,-3.952934419928987,"0.1922833333333333,0.3232705128205128,0.36036666666666656,0.2,0.72,0.09726358086938654","0,0,0"
22.783333333333335,194,AV,1,0,0,27,3256.7228478661937,0.3,-5.621136531607433,"0.1877777777777778,0.24061347517730491,0.3353018018018018,0.3,0.27,0.15662360683568316","0,0,0"
12.483333333333333,161,AV,1,0,0,4,2403.836358207942,0.2,-1.5155500271866569,"0.17925757575757575,0.3064148936170213,0.36368859649122803,0.2,0.04,0.11560625151506597","0,0,0"
36.35,236,AV,1,0,0,66,4412.688598555705,0.7,-28.353752876325732,"0.20586111111111113,0.34737500000000004,0.37700396825396815,0.7,0.66,0.21221677018089516","0,0,0"
16.2,8,AV,1,0,0,7,566.7055292848979,0.1,-0.23183408016200371,"0.15899999999999997,0.27122222222222225,0.3291798245614035,0.1,0.07,0.027254227073231246","0,0,0"
19.65,146,AV,1,0,0,22,2133.445027811215,0.3,-3.175923848218967,"0.17025,0.29015079365079366,0.3443760683760684,0.3,0.22,0.10260248441477932","0,0,0"
25.283333333333335,201,AV,0,0,0,78,3438.9188747307694,0.1,-7.195639702427011,"0.18312499999999995,0.29874882629107985,0.34849537037037037,0.1,0.78,0.16538585041970746","0,0,0"
26.066666666666666,27,AV,2,0,0,9,801.7987355487146,0.3,-1.5833500282805422,"0.15931666666666666,0.27655555555555555,0.32436821705426366,0.3,0.09,0.03856042278826712","0,0,0"
29.766666666666666,31,AV,1,0,0,50,845.7864251007381,0.2,-1.271527403392187,"0.14038095238095236,0.27688756613756615,0.3356111111111111,0.2,0.5,0.040675896199988425","0,0,0"
31.266666666666666,47,AV,1,0,0,54,946.2003450753726,0.3,-2.241252332527019,"0.14642424242424243,0.27209540229885054,0.3463186274509804,0.3,0.54,0.04550504226418034","0,0,0"
42.53333333333333,23,AV,2,0,0,81,741.34301771214,0.1,-0.7962573153204466,"0.17993749999999997,0.2975827505827506,0.325991452991453,0.1,0.81,0.03565296242896494","0,0,0"
34.6,265,AV,2,0,0,36,5502.789496653042,0.1,-4.807992843035234,"0.11312500000000002,0.2482992700729927,0.32567407407407406,0.1,0.36,0.26464233491284295","0,0,0"
32.4,183,AV,1,0,0,55,2891.134206742707,0.3,-7.09642032564119,"0.235,0.3007114942528736,0.3707277777777778,0.3,0.55,0.13904157291209238","0,0,0"
