travel_time,id,kind,action,origin,destination,start_time,income,urgency,reward,observation,cost_table
40.05,102,AV,1,0,0,86,1783.933402668827,0.2,-3.6084107463074004,"0.24982291666666664,0.3233348484848485,0.34654761904761905,0.2,0.86,0.08814235881001646","0,0,0"
37.6,156,AV,1,0,0,81,2753.3979495063454,0.5,-13.071687235030124,"0.2023181818181818,0.2501174603174603,0.29153571428571423,0.5,0.81,0.13604262897318792","0,0,0"
29.733333333333334,212,AV,1,0,0,48,4113.319853961603,0.7,-21.619165966444655,"0.15632407407407406,0.2602927927927928,0.3428636363636363,0.7,0.48,0.20323500525627752","0,0,0"
40.88333333333333,251,AV,1,0,0,88,5654.280440205098,0.1,-5.83752101002656,"0.20707499999999995,0.2739827044025157,0.3623571428571429,0.1,0.88,0.2793723210896882","0,0,0"
17.983333333333334,49,AV,1,0,0,23,1068.5648373754009,0.2,-0.9705231140808566,"0.20958333333333332,0.2820857605177994,0.3571410256410257,0.2,0.23,0.052796716047137274","0,0,0"
20.766666666666666,27,AV,0,0,0,34,832.3173438658397,0.3,-3.3094285485566113,"0.3118444444444444,0.3145520833333333,0.36160256410256414,0.3,0.34,0.04112396452528438","0,0,0"
22.7,99,AV,1,0,0,30,1718.6657268339234,0.4,-3.940778989811117,"0.2247962962962963,0.273451951951952,0.27169166666666666,0.4,0.3,0.0849175484591763","0,0,0"
16.233333333333334,7,AV,1,0,0,17,610.4868582393152,0.4,-1.0010340066079009,"0.2312777777777778,0.2831426282051282,0.3324166666666666,0.4,0.17,0.03016354289191967","0,0,0"
22.066666666666666,110,AV,1,0,0,30,1880.1756700095973,0.3,-3.143121953399882,"0.19887777777777782,0.3082534722222222,0.3599102564102564,0.3,0.3,0.09289759263654204","0,0,0"
40.63333333333333,286,AV,1,0,0,87,8987.033628468456,0.1,-9.221543765238257,"0.21440624999999996,0.297,0.35418518518518516,0.1,0.87,0.4440403108844108","0,0,0"
20.116666666666667,76,AV,1,0,0,26,1411.5824788559885,0.6,-4.302474878735298,"0.20342982456140352,0.31808333333333333,0.3613444444444444,0.6,0.26,0.06974487341013964","0,0,0"
40.1,165,AV,2,0,0,72,2872.269398564857,0.2,-5.817070852649029,"0.23052564102564102,0.3030968660968661,0.36108333333333337,0.2,0.72,0.1419159479544386","0,0,0"
14.183333333333334,152,AV,1,0,0,11,2645.062412614309,0.1,-0.9473687344843337,"0.22226190476190474,0.3096439393939394,0.3323939393939394,0.1,0.11,0.13068987883670405","0,0,0"
36.05,238,AV,0,0,0,58,4735.166802079286,0.3,-14.932027516284716,"0.25998611111111114,0.35522385620915037,0.38228571428571423,0.3,0.58,0.2339598387864436","0,0,0"
24.316666666666666,200,AV,2,0,0,0,3628.2404526711953,0.1,-2.2279473150030618,"0.22472463768115944,0.2793862928348909,0.34785000000000005,0.1,0.0,0.1792677189349818","0,0,0"
36.75,296,AV,1,0,0,73,13748.957190518822,0.1,-12.759448907867846,"0.169462962962963,0.2675607638888889,0.31969047619047614,0.1,0.73,0.6793221743240372","0,0,0"
15.3,159,AV,1,0,0,14,2815.231094880572,0.4,-4.350811692088158,"0.2581929824561404,0.2758933333333333,0.3365151515151515,0.4,0.14,0.1390977426213619","0,0,0"
39.516666666666666,191,AV,1,0,0,86,3386.12741774329,0.1,-3.379001728732887,"0.2839777777777778,0.3153968253968254,0.3394583333333334,0.1,0.86,0.16730515689916173","0,0,0"
19.133333333333333,144,AV,0,0,0,31,2421.832203454489,0.3,-5.510433547431506,"0.2388888888888889,0.30386786786786785,0.3513214285714286,0.3,0.31,0.119660298268526","0,0,0"
27.333333333333332,113,AV,1,0,0,41,1900.764377468582,1.0,-13.119754120574388,"0.2619133333333333,0.29260269360269364,0.30101041666666667,1.0,0.41,0.09391486000625965","0,0,0"
31.066666666666666,35,AV,2,0,0,30,913.5589076746268,0.1,-0.716697728916458,"0.18634126984126986,0.2678864468864469,0.29970833333333335,0.1,0.3,0.04513802864718944","0,0,0"
29.633333333333333,209,AV,1,0,0,50,3941.04555698938,0.1,-2.949149410912087,"0.27350925925925923,0.3424057239057239,0.37515476190476194,0.1,0.5,0.19472310516250035","0,0,0"
43.95,257,AV,1,0,0,93,5849.7981009167725,0.4,-25.9695582358881,"0.19509166666666666,0.25843527508090613,0.29675490196078425,0.4,0.93,0.28903265245540044","0,0,0"
20.4,239,AV,1,0,0,25,4754.245589533712,0.1,-2.4491568188507,"0.23970833333333336,0.31803685897435896,0.33946875,0.1,0.25,0.234902502524312","0,0,0"
35.56666666666667,77,AV,1,0,0,69,1434.4967426379471,0.1,-1.2883905929248232,"0.23255555555555557,0.3063191823899371,0.37715384615384623,0.1,0.69,0.07087704418350775","0,0,0"
30.966666666666665,45,AV,0,0,0,54,985.8695826897422,0.1,-2.770936735958561,"0.25949999999999995,0.32634433962264153,0.35760185185185184,0.1,0.54,0.04871082651814225","0,0,0"
39.6,118,AV,0,0,0,61,2043.1688306873104,0.8,-18.345350645498485,"0.22784166666666666,0.2873201320132013,0.333588888888889,0.8,0.61,0.10095092110191003","0,0,0"
17.05,232,AV,0,0,0,29,4669.869929992837,0.4,-10.042553768320998,"0.16971969696969696,0.26352920962199317,0.3176587301587302,0.4,0.29,0.23073358587812023","0,0,0"
29.433333333333334,108,AV,1,0,0,44,1838.9541098615327,0.1,-1.3668320530368125,"0.22273958333333332,0.23986544342507649,0.33333333333333326,0.1,0.44,0.09086087672559844","0,0,0"
21.366666666666667,249,AV,1,0,0,26,5502.789496653042,0.2,-5.938195399586871,"0.2335490196078431,0.2932897196261682,0.32951041666666664,0.2,0.26,0.27188730562719554","0,0,0"
31.35,268,AV,2,0,0,31,6446.254396158338,0.1,-5.103284730292018,"0.25008333333333327,0.2957142857142857,0.33717500000000006,0.1,0.31,0.31850295931272143","0,0,0"
35.61666666666667,63,AV,1,0,0,64,1249.5878531833848,0.2,-2.2477855574519308,"0.21821929824561404,0.30871768707482994,0.34331884057971007,0.2,0.64,0.06174088155709868","0,0,0"
23.45,208,AV,1,0,0,30,3919.41152379869,0.4,-9.283858609401946,"0.2732028985507246,0.26111974110032365,0.3348095238095239,0.4,0.3,0.1936541892976206","0,0,0"
24.083333333333332,0,AV,1,0,0,32,491.0984231068265,0.8,-2.389350913768903,"0.21372619047619046,0.2891546546546546,0.2921333333333333,0.8,0.32,0.024264680147676444","0,0,0"
18.033333333333335,237,AV,1,0,0,21,4705.31956239884,0.1,-2.142742325974557,"0.20853703703703708,0.2877721712538227,0.3462948717948718,0.1,0.21,0.23248511663287746","0,0,0"
10.866666666666667,221,AV,1,0,0,4,4266.216809230351,0.1,-1.1706958584251637,"0.19879411764705884,0.2708088235294118,0.31531746031746033,0.1,0.04,0.2107894903464134","0,0,0"
13.3,82,AV,1,0,0,3,1460.8215047913693,0.2,-0.9812588895820816,"0.18298039215686276,0.25572756410256414,0.31378070175438594,0.2,0.03,0.07217772425813608","0,0,0"
13.316666666666666,175,AV,1,0,0,5,2996.640782499388,0.1,-1.0077087479869575,"0.3016770833333334,0.3487050147492626,0.39046969696969697,0.1,0.05,0.14806101319737625","0,0,0"
16.866666666666667,101,AV,1,0,0,16,1751.9448432672848,1.0,-7.461987295397694,"0.14726041666666667,0.23640333333333335,0.2761805555555556,1.0,0.16,0.08656183619837181","0,0,0"
22.5,67,AV,1,0,0,27,1293.252850487379,0.8,-5.878422047669904,"0.25779629629629636,0.3211913580246914,0.3955666666666666,0.8,0.27,0.06389832524532672","0,0,0"
43.666666666666664,192,AV,1,0,0,96,3387.2787239910285,0.3,-11.20539173845517,"0.25235,0.3112087719298246,0.3459305555555556,0.3,0.96,0.16736204178524355","0,0,0"
42.15,88,AV,1,0,0,93,1526.0895405694364,0.4,-6.497441831818359,"0.19226666666666667,0.2750272435897436,0.31053125000000004,0.4,0.93,0.07540255239340664","0,0,0"
19.033333333333335,298,AV,1,0,0,24,19040.472291926453,0.1,-9.151607473644788,"0.23109374999999996,0.30254395604395606,0.37964285714285717,0.1,0.24,0.9407706241479663","0,0,0"
43.05,169,AV,1,0,0,93,2949.689674384749,0.1,-3.206670214198572,"0.24963157894736837,0.33043272171253824,0.40574999999999994,0.1,0.93,0.14574120607241453","0,0,0"
37.6,274,AV,1,0,0,80,7592.14370769901,0.8,-57.669616850400566,"0.2113913043478261,0.2703916666666667,0.3041145833333333,0.8,0.8,0.37512020001424035","0,0,0"
31.316666666666666,37,AV,2,0,0,33,932.0432837729122,0.2,-1.4741661028697828,"0.32480000000000003,0.3280489296636086,0.3494479166666667,0.2,0.33,0.04605132311658888","0,0,0"
34.46666666666667,228,AV,0,0,0,56,4549.115907877681,0.1,-5.95941569759724,"0.16542361111111112,0.25856105610561053,0.3184777777777778,0.1,0.56,0.22476725085176577","0,0,0"
45.31666666666667,36,AV,1,0,0,99,921.9548251796884,0.9,-9.495436248725655,"0.2652888888888889,0.3045771604938271,0.32443939393939397,0.9,0.99,0.04555286250374671","0,0,0"
41.75,270,AV,1,0,0,89,7130.271245067938,0.5,-37.586972788079095,"0.19466666666666665,0.2644672897196262,0.27833333333333327,0.5,0.89,0.3522995452382328","0,0,0"
25.266666666666666,39,AV,2,0,0,5,948.3478854920526,0.1,-0.6050906542112591,"0.26033333333333336,0.2881944444444445,0.3184848484848485,0.1,0.05,0.04685691712185437","0,0,0"
29.033333333333335,59,AV,1,0,0,46,1205.4292211271013,0.4,-3.5351139784569208,"0.1958611111111111,0.26773624595469253,0.3322266666666666,0.4,0.46,0.059559047871243866","0,0,0"
23.016666666666666,123,AV,1,0,0,27,2105.159940183184,1.0,-12.23579914727684,"0.27662698412698417,0.3364968847352025,0.33466666666666667,1.0,0.27,0.10401383959877876","0,0,0"
43.05,285,AV,2,0,0,73,8975.220492497892,0.4,-39.02861032343781,"0.19705555555555557,0.2774892966360856,0.3642820512820512,0.4,0.73,0.44345663569349214","0,0,0"
43.13333333333333,280,AV,1,0,0,94,8333.728817076937,0.1,-9.0773106812269,"0.21975555555555557,0.2873921568627451,0.3493333333333333,0.1,0.94,0.4117611759055859","0,0,0"
28.116666666666667,151,AV,1,0,0,48,2629.980017260476,0.9,-16.80597079211524,"0.29604444444444444,0.34569607843137257,0.3597391304347826,0.9,0.48,0.1299446728211638","0,0,0"
37.3,104,AV,2,0,0,64,1804.2001824470888,0.1,-1.6994107779110204,"0.19169642857142857,0.27665,0.3368472222222223,0.1,0.64,0.08914372005616313","0,0,0"
6.8,147,AV,0,0,0,6,2476.7926805910606,0.1,-2.4253078340408893,"0.24034444444444447,0.2985555555555555,0.30565476190476193,0.1,0.06,0.12237584027749006","0,0,0"
29.8,260,AV,1,0,0,51,5899.132481879994,0.3,-13.317738481819989,"0.25022222222222223,0.295525993883792,0.32398717948717953,0.3,0.51,0.29147021469961026","0,0,0"
41.1,288,AV,1,0,0,89,9095.945853089892,0.8,-75.5239140529282,"0.25820238095238096,0.30792346938775517,0.31530952380952376,0.8,0.89,0.44942155458275634","0,0,0"
14.916666666666666,80,AV,1,0,0,13,1454.957177165027,0.2,-1.0961167285881304,"0.174375,0.24014499999999997,0.36032051282051286,0.2,0.13,0.07188797371641335","0,0,0"
33.31666666666667,96,AV,0,0,0,53,1653.1781197118603,0.1,-3.3908682917946167,"0.22649999999999998,0.32355963302752294,0.36174999999999996,0.1,0.53,0.08168187152419273","0,0,0"
19.15,217,AV,1,0,0,22,4223.122456076251,0.3,-6.12672689650456,"0.24862179487179487,0.31426797385620914,0.3405277777777778,0.3,0.22,0.20866024161284988","0,0,0"
36.71666666666667,120,AV,1,0,0,72,2046.5713793034688,0.6,-11.38534532476147,"0.1873395061728395,0.27394107744107743,0.3094166666666666,0.6,0.72,0.10111903761374018","0,0,0"
34.35,71,AV,0,0,0,58,1342.087988935639,0.2,-4.328319314138344,"0.19875925925925927,0.2736529051987768,0.309051282051282,0.2,0.58,0.06631122041798494","0,0,0"
26.866666666666667,215,AV,1,0,0,38,4159.866430607663,0.1,-2.822266282045266,"0.272725,0.3226543859649123,0.3492666666666666,0.1,0.38,0.20553482488742356","0,0,0"
44.916666666666664,167,AV,2,0,0,62,2898.378436294527,0.2,-6.57502515640888,"0.23649122807017545,0.2634781931464174,0.32404761904761914,0.2,0.62,0.14320596930182183","0,0,0"
28.116666666666667,227,AV,1,0,0,45,4547.885280126284,0.5,-16.14537556307458,"0.26665000000000005,0.3133796296296297,0.3701794871794872,0.5,0.45,0.2247064467698068","0,0,0"
32.5,68,AV,1,0,0,58,1294.2551843223837,0.4,-4.248817524290653,"0.15858333333333335,0.30862351190476195,0.363375,0.4,0.58,0.06394784955402583","0,0,0"
33.083333333333336,279,AV,1,0,0,58,8029.700924090037,0.1,-6.708314955521349,"0.22390740740740742,0.2995800653594772,0.32296875,0.1,0.58,0.39673946287985623","0,0,0"
44.333333333333336,204,AV,1,0,0,94,3783.636689084741,0.2,-8.471779118657754,"0.20220370370370372,0.28348470948012233,0.29417948717948716,0.2,0.94,0.18694569099783895","0,0,0"
19.366666666666667,258,AV,1,0,0,24,5862.8833826120845,0.3,-8.601856680044499,"0.22577777777777774,0.2767492354740061,0.3128589743589744,0.3,0.24,0.28967918308966784","0,0,0"
15.716666666666667,131,AV,1,0,0,15,2177.5877894542577,0.1,-0.8642530662690932,"0.24607407407407403,0.26920952380952384,0.3461666666666667,0.1,0.15,0.1075924269321053","0,0,0"
42.983333333333334,234,AV,0,0,0,77,4687.914961676448,0.3,-17.265319048186313,"0.2809649122807018,0.3077119565217391,0.3809473684210527,0.3,0.77,0.23162517278098077","0,0,0"
40.95,73,AV,1,0,0,88,1373.5659577718477,0.2,-2.840784139937231,"0.22966666666666666,0.2632867383512545,0.33466666666666667,0.2,0.88,0.06786651526229966","0,0,0"
33.416666666666664,214,AV,1,0,0,62,4135.471393234625,1.0,-34.89739117607501,"0.25231666666666663,0.2994598765432099,0.3204861111111111,1.0,0.62,0.20432949057724065","0,0,0"
16.133333333333333,70,AV,1,0,0,16,1338.7213376931895,0.5,-2.7270249471527936,"0.22127450980392158,0.30356634304207125,0.32655,0.5,0.16,0.06614487755935793","0,0,0"
37.916666666666664,114,AV,0,0,0,61,1927.298426803608,0.2,-5.690744041227449,"0.22787962962962965,0.28566666666666657,0.31237037037037035,0.2,0.61,0.09522588075045987","0,0,0"
20.0,53,AV,1,0,0,25,1122.7546975855585,0.6,-3.4022869623804803,"0.2805595238095238,0.35093939393939394,0.39223958333333336,0.6,0.25,0.0554741826472708","0,0,0"
44.95,111,AV,1,0,0,97,1885.557658153182,0.5,-10.701492011866861,"0.17665476190476193,0.2561845238095238,0.30383333333333334,0.5,0.97,0.09316351126856799","0,0,0"
21.083333333333332,290,AV,1,0,0,26,10838.007207066395,0.9,-51.93211786719314,"0.15513492063492063,0.2663411949685534,0.2922179487179487,0.9,0.26,0.5354950574957825","0,0,0"
34.28333333333333,220,AV,1,0,0,65,4245.708624069837,0.1,-3.675682929171572,"0.27132051282051284,0.32835738831615124,0.3721666666666666,0.1,0.65,0.20977620150263931","0,0,0"
33.95,130,AV,2,0,0,52,2158.6935677652164,0.5,-9.253490735559229,"0.16724166666666668,0.28296219931271477,0.3429782608695653,0.5,0.52,0.10665888240344744","0,0,0"
37.35,129,AV,1,0,0,73,2142.030696222753,0.3,-6.060973219993926,"0.23396031746031748,0.3163758503401361,0.35025,0.3,0.73,0.10583558664582342","0,0,0"
11.9,138,AV,0,0,0,23,2283.7291705859197,0.6,-6.117632898480673,"0.23706944444444442,0.3066327160493827,0.34184523809523804,0.6,0.23,0.1128367660348439","0,0,0"
10.883333333333333,201,AV,1,0,0,2,3667.3634505223554,0.1,-1.0079075476393509,"0.2524848484848485,0.27893809523809526,0.3399696969696969,0.1,0.02,0.1812007469892587","0,0,0"
37.06666666666667,143,AV,1,0,0,77,2421.0391237858234,0.9,-20.395420497347242,"0.22096875000000002,0.27403753753753757,0.3391818181818182,0.9,0.77,0.1196211129981477","0,0,0"
13.816666666666666,60,AV,1,0,0,5,1234.5997004771,0.1,-0.43075890222875246,"0.27683870967741936,0.32234863945578224,0.35800000000000004,0.1,0.05,0.06100033197617807","0,0,0"
16.316666666666666,206,AV,1,0,0,14,3849.958431883558,0.2,-3.1726509299781176,"0.2160438596491228,0.3056049382716049,0.37971794871794873,0.2,0.14,0.19022258173935064","0,0,0"
31.75,30,AV,1,0,0,55,854.5785374972068,0.1,-0.6851734486246545,"0.2590092592592593,0.28797352024922124,0.31957777777777774,0.1,0.55,0.04222386775802824","0,0,0"
31.066666666666666,235,AV,2,0,0,36,4689.4303597647895,0.2,-7.357826759765628,"0.20042708333333334,0.23591743119266056,0.2966555555555555,0.2,0.36,0.2317000470794511","0,0,0"
23.866666666666667,103,AV,1,0,0,31,1794.439334206041,0.5,-5.407485535738743,"0.24101960784313725,0.23838187702265368,0.27667857142857144,0.5,0.31,0.08866144634198442","0,0,0"
31.1,42,AV,1,0,0,55,959.5289757906356,0.3,-2.2607084202339975,"0.26193333333333335,0.32504368932038835,0.3563039215686274,0.3,0.55,0.04740936357053375","0,0,0"
33.016666666666666,107,AV,1,0,0,44,1830.3424648913517,0.2,-3.0521114671294343,"0.26499122807017544,0.32478240740740744,0.371051282051282,0.2,0.44,0.09043538399152518","0,0,0"
20.85,287,AV,1,0,0,26,8987.822610831106,0.7,-33.125573486131316,"0.1951145833333333,0.2684401294498382,0.3161746031746032,0.7,0.26,0.4440792937110115","0,0,0"
15.4,119,AV,0,0,0,29,2044.1603053436156,0.2,-3.589902459711701,"0.23479166666666668,0.29880586080586086,0.3151025641025641,0.2,0.29,0.10099990886948945","0,0,0"
41.36666666666667,127,AV,0,0,0,70,2133.445027811215,0.1,-4.228623972654645,"0.31361764705882356,0.32501030927835045,0.3711145833333333,0.1,0.7,0.10541137738743885","0,0,0"
21.55,55,AV,1,0,0,28,1148.2139867956057,0.4,-2.4993950924692228,"0.16975555555555555,0.232095015576324,0.2791666666666667,0.4,0.28,0.05673210057248192","0,0,0"
31.883333333333333,84,AV,1,0,0,56,1474.5167950508735,0.1,-1.1871846081364987,"0.18271014492753623,0.2862728758169935,0.3353333333333333,0.1,0.56,0.07285439480326665","0,0,0"
43.983333333333334,26,AV,1,0,0,94,825.4433072334436,0.2,-1.8336236429200827,"0.19965789473684212,0.27927522935779814,0.3458194444444445,0.2,0.94,0.040784325275063815","0,0,0"
20.166666666666668,230,AV,1,0,0,24,4577.590037133467,0.4,-9.32472044601262,"0.19690909090909092,0.2798095238095238,0.3236862745098039,0.4,0.24,0.2261741289975035","0,0,0"
10.283333333333333,75,AV,0,0,0,18,1405.7852601227096,0.1,-2.365054505680013,"0.26166666666666666,0.27785057471264374,0.31654629629629627,0.1,0.18,0.0694584386514629","0,0,0"
39.766666666666666,92,AV,1,0,0,87,1567.0706205360798,0.3,-4.720998106817027,"0.22,0.30352891156462586,0.3447416666666666,0.3,0.87,0.07742738641996724","0,0,0"
25.6,203,AV,1,0,0,35,3773.073658575576,0.1,-2.43915872877613,"0.17607291666666666,0.23119318181818183,0.2850238095238095,0.1,0.35,0.1864237822629797","0,0,0"
33.88333333333333,172,AV,2,0,0,52,2968.817229463249,0.3,-7.6207139236095776,"0.25406349206349205,0.3173348484848485,0.3568333333333333,0.3,0.52,0.1466862793696381","0,0,0"
41.28333333333333,278,AV,0,0,0,71,8028.27043643778,0.1,-10.369539508020361,"0.2628333333333333,0.3342283950617283,0.34809375000000004,0.1,0.71,0.39666878392080435","0,0,0"
46.016666666666666,269,AV,1,0,0,94,6783.106781750961,0.9,-70.93999175914546,"0.275,0.3479166666666667,0.3789583333333333,0.9,0.94,0.33514649757064985","0,0,0"
8.7,173,AV,0,0,0,16,2987.078671303881,0.1,-2.6562521323319133,"0.24021666666666663,0.3376245791245791,0.35477272727272724,0.1,0.16,0.14758855888113623","0,0,0"
25.733333333333334,233,AV,1,0,0,33,4679.48341028673,0.9,-27.367887823798153,"0.1886014492753623,0.2641407766990292,0.31976923076923075,0.9,0.33,0.23120857828995","0,0,0"
37.9,74,AV,0,0,0,60,1386.7650627050614,0.1,-3.3272322191040864,"0.22028431372549023,0.2923368055555555,0.34665686274509805,0.1,0.6,0.0685186697885022","0,0,0"
24.183333333333334,241,AV,1,0,0,31,4950.077303955518,0.7,-21.160747128062372,"0.2415,0.2946095679012346,0.3446805555555556,0.7,0.31,0.24457835096861175","0,0,0"
43.583333333333336,291,AV,1,0,0,94,11185.875164713363,0.5,-61.55526842534815,"0.2493690476190476,0.3017988505747126,0.3322894736842105,0.5,0.94,0.5526828641120808","0,0,0"
21.4,133,AV,1,0,0,27,2198.5025098873134,0.6,-7.128477835089168,"0.23705882352941177,0.27747833333333327,0.3370797101449275,0.6,0.27,0.10862580227563756","0,0,0"
32.4,10,AV,1,0,0,58,649.7132696839626,0.1,-0.5315835842868786,"0.288202380952381,0.3324327485380117,0.36476388888888883,0.1,0.58,0.03210168050804979","0,0,0"
42.11666666666667,226,AV,1,0,0,92,4504.939201911708,0.2,-9.582475894975492,"0.1881794871794872,0.2883166666666667,0.3506666666666667,0.2,0.92,0.2225845241521748","0,0,0"
40.3,13,AV,1,0,0,81,676.2529471816457,0.1,-0.6882069134197052,"0.2204655172413793,0.2680476190476191,0.31455,0.1,0.81,0.033412979334117666","0,0,0"
13.866666666666667,266,AV,1,0,0,5,6130.868263041086,0.1,-2.146836024768596,"0.2137666666666666,0.29222006472491907,0.3114019607843137,0.1,0.05,0.3029200470429381","0,0,0"
43.88333333333333,136,AV,1,0,0,92,2276.662146114732,0.6,-15.13750361292952,"0.18808823529411764,0.28159477124183,0.3347941176470588,0.6,0.92,0.1124875914492194","0,0,0"
24.333333333333332,219,AV,1,0,0,28,4237.057085974603,0.4,-10.414315396503234,"0.20234666666666665,0.25823139158576053,0.31175,0.4,0.28,0.20934873768929974","0,0,0"
15.383333333333333,244,AV,0,0,0,27,5370.167679594476,0.1,-4.086138370482198,"0.26242063492063494,0.291126213592233,0.3085833333333333,0.1,0.27,0.26533459476493776","0,0,0"
25.933333333333334,205,AV,1,0,0,35,3803.247088152212,0.3,-7.472035945915203,"0.26105333333333336,0.31521806853582557,0.35243749999999996,0.3,0.35,0.18791462113190488","0,0,0"
29.266666666666666,157,AV,0,0,0,50,2758.442965787371,0.1,-4.038647242391677,"0.2661333333333334,0.310481308411215,0.33938095238095234,0.1,0.5,0.13629189816371895","0,0,0"
24.283333333333335,125,AV,1,0,0,33,2113.1349678504243,0.1,-1.295807090975618,"0.21646527777777777,0.26604487179487174,0.3123888888888889,0.1,0.33,0.10440787771091574","0,0,0"
32.86666666666667,117,AV,1,0,0,58,2022.4315636845977,0.4,-6.714200410077486,"0.2041578947368421,0.30799221183800624,0.35277380952380955,0.4,0.58,0.09992631355425287","0,0,0"
38.18333333333333,86,AV,1,0,0,80,1490.1599361877834,0.2,-2.8737006850220634,"0.26949999999999996,0.31824912280701756,0.33411111111111114,0.2,0.8,0.0736273067051025","0,0,0"
47.93333333333333,210,AV,0,0,0,87,4021.28082322038,0.2,-11.735019905371896,"0.20027272727272727,0.2835716510903427,0.37190909090909086,0.2,0.87,0.19868744913115402","0,0,0"
6.716666666666667,58,AV,0,0,0,6,1200.7903182940884,0.3,-2.611008204889542,"0.3115877192982456,0.3569570957095709,0.39653333333333335,0.3,0.06,0.05932984433854443","0,0,0"
42.96666666666667,47,AV,1,0,0,92,1017.530975349866,0.2,-2.2080764768114096,"0.21178947368421053,0.2652227414330218,0.2848690476190477,0.2,0.92,0.050275184149485695","0,0,0"
39.733333333333334,155,AV,1,0,0,85,2747.619709803412,0.1,-2.756870954617565,"0.25760416666666663,0.28732262996941893,0.31157142857142855,0.1,0.85,0.13575713194935043","0,0,0"
15.583333333333334,1,AV,1,0,0,11,513.7357984527049,0.2,-0.4043291006340734,"0.23304166666666665,0.2851070336391437,0.3796212121212122,0.2,0.11,0.02538317014134346","0,0,0"
40.2,195,AV,1,0,0,87,3508.846318545673,0.3,-10.686031970116368,"0.2782708333333333,0.3125032362459546,0.35915384615384616,0.3,0.87,0.17336857460921315","0,0,0"
41.21666666666667,105,AV,1,0,0,92,1805.1606101798543,0.2,-3.7577122802818015,"0.2368039215686274,0.3030871559633028,0.31133333333333335,0.2,0.92,0.08919117382641367","0,0,0"
39.166666666666664,150,AV,1,0,0,86,2574.4307659940623,0.2,-5.0925187711162,"0.25367777777777784,0.2925902140672783,0.3203333333333333,0.2,0.86,0.12720004007342384","0,0,0"
42.11666666666667,292,AV,1,0,0,91,11861.36896338871,0.1,-12.615184920237066,"0.195530303030303,0.29752339181286547,0.3164666666666667,0.1,0.91,0.5860583346804944","0,0,0"
26.833333333333332,46,AV,1,0,0,40,1011.0784796502788,0.4,-2.7404652394561433,"0.18120370370370367,0.3047777777777778,0.34154545454545454,0.4,0.4,0.04995637281363524","0,0,0"
20.833333333333332,265,AV,1,0,0,24,6081.635477498837,1.0,-31.995136140040174,"0.1910555555555556,0.300542904290429,0.3151388888888889,1.0,0.24,0.3004875045265025","0,0,0"
28.133333333333333,137,AV,2,0,0,22,2280.385817754286,0.9,-14.58064871351983,"0.2247753623188406,0.3066770833333334,0.3118589743589744,0.9,0.22,0.1126715743273096","0,0,0"
28.183333333333334,178,AV,1,0,0,44,3048.604611013583,0.2,-4.339385856249133,"0.3187592592592592,0.3657908496732026,0.34674999999999995,0.2,0.44,0.15062849380578247","0,0,0"
30.6,163,AV,2,0,0,30,2850.5966631146844,0.4,-8.810935140536298,"0.18672727272727271,0.27194139194139194,0.3071309523809524,0.4,0.3,0.14084511984976505","0,0,0"
34.4,282,AV,2,0,0,43,8475.089255911002,0.1,-7.362198747559052,"0.1984047619047619,0.26659034267912773,0.33505555555555555,0.1,0.43,0.41874565329841523","0,0,0"
19.983333333333334,51,AV,1,0,0,24,1076.386102050743,0.1,-0.5431763200163472,"0.227304347826087,0.2999627450980393,0.3113555555555556,0.1,0.24,0.05318315688418353","0,0,0"
22.533333333333335,183,AV,0,0,0,35,3159.4556453821087,0.6,-12.786828365041947,"0.23652941176470585,0.26848731884057975,0.2731666666666667,0.6,0.35,0.15610553214765938","0,0,0"
25.2,193,AV,1,0,0,33,3389.778327720714,0.1,-2.157131663095,"0.1594298245614035,0.22618811881188122,0.29356481481481483,0.1,0.33,0.1674855446965603","0,0,0"
28.25,128,AV,1,0,0,43,2139.4702648744856,0.4,-6.105054038656992,"0.2536851851851852,0.30300165016501646,0.36,0.4,0.43,0.10570907830292801","0,0,0"
38.38333333333333,2,AV,1,0,0,82,567.550811201735,0.1,-0.5501134335848467,"0.2443039215686274,0.25115396825396824,0.30133333333333334,0.1,0.82,0.028042115904674286","0,0,0"
22.15,135,AV,2,0,0,10,2260.56382504795,0.1,-1.2644315334548508,"0.2128771929824561,0.3125085034013606,0.34630208333333334,0.1,0.1,0.11169218956393358","0,0,0"
13.35,264,AV,1,0,0,1,6020.57275324985,0.3,-6.088988352718598,"0.2128245614035088,0.2607966666666667,0.3231666666666667,0.3,0.01,0.2974704566128196","0,0,0"
26.85,299,AV,1,0,0,42,20239.22920549412,0.2,-27.445621422601878,"0.21764814814814812,0.3330884057971015,0.36585416666666665,0.2,0.42,1.0","0,0,0"
42.0,134,AV,1,0,0,92,2222.040577514192,0.2,-4.713419406848287,"0.18411538461538463,0.29980345911949685,0.34223958333333326,0.2,0.92,0.1097887945708426","0,0,0"
17.4,262,AV,1,0,0,21,5985.732437913218,0.1,-2.6300945560527778,"0.23776041666666672,0.28314220183486233,0.3435222222222222,0.1,0.21,0.2957490316028605","0,0,0"
21.816666666666666,283,AV,1,0,0,28,8639.921150992108,0.7,-33.319695920261225,"0.21118333333333333,0.2848584905660378,0.3541428571428572,0.7,0.28,0.42688983178503276","0,0,0"
36.95,43,AV,1,0,0,79,969.457736312404,0.1,-0.9045824079985691,"0.21057894736842106,0.3053745874587459,0.3508205128205128,0.1,0.79,0.04789993366196159","0,0,0"
14.033333333333333,29,AV,1,0,0,6,850.3216016091212,0.3,-0.9040035209026263,"0.1792280701754386,0.2793119266055046,0.34912499999999996,0.3,0.06,0.04201353682867991","0,0,0"
33.5,31,AV,1,0,0,61,859.2772315809713,0.3,-2.1807414589365557,"0.22569607843137254,0.3081742424242424,0.31983333333333336,0.3,0.61,0.042456025516412095","0,0,0"
35.6,93,AV,1,0,0,69,1614.9493849180149,0.3,-4.355469553263737,"0.23964285714285716,0.2808349834983499,0.39518518518518514,0.3,0.69,0.0797930281099649","0,0,0"
28.833333333333332,21,AV,1,0,0,48,777.0630287344238,0.2,-1.1315816832580414,"0.22797368421052633,0.27605045871559636,0.32993055555555556,0.2,0.48,0.03839390427593374","0,0,0"
44.0,281,AV,1,0,0,93,8348.421721831439,0.4,-37.10409654147306,"0.1944074074074074,0.2997173913043478,0.30961538461538457,0.4,0.93,0.41248713758156286","0,0,0"
17.066666666666666,284,AV,1,0,0,17,8689.506535985933,0.1,-3.744972513825587,"0.22632608695652173,0.28614903846153844,0.3655897435897436,0.1,0.17,0.42933979588645044","0,0,0"
29.9,242,AV,1,0,0,46,4967.653125719208,0.2,-7.501658002980016,"0.27398039215686276,0.3186430678466076,0.33165,0.2,0.46,0.24544675468029653","0,0,0"
18.35,289,AV,1,0,0,23,10783.100237376317,0.1,-4.9967143776731175,"0.26166666666666666,0.2915785256410256,0.32123958333333336,0.1,0.23,0.5327821592360418","0,0,0"
24.45,179,AV,1,0,0,33,3065.2253709468137,0.1,-1.8925444525164037,"0.27299074074074076,0.28634863945578226,0.32413095238095235,0.1,0.33,0.15144970887106365","0,0,0"
37.666666666666664,211,AV,1,0,0,82,4034.238052294327,0.1,-3.83728030226649,"0.22185714285714286,0.273554054054054,0.298037037037037,0.1,0.82,0.1993276528139321","0,0,0"
40.2,90,AV,2,0,0,62,1538.317647081207,0.2,-3.1232509804376023,"0.17983333333333335,0.2660681818181818,0.3342142857142857,0.2,0.62,0.07600673086224138","0,0,0"
21.566666666666666,109,AV,1,0,0,28,1862.7228332236152,0.1,-1.0144626877909757,"0.21205833333333335,0.2811456310679612,0.3371,0.1,0.28,0.09203526548916015","0,0,0"
31.166666666666668,186,AV,1,0,0,52,3252.767976975094,0.1,-2.560048870767435,"0.2202826086956521,0.2966753472222223,0.33760526315789474,0.1,0.52,0.1607160007897979","0,0,0"
27.4,62,AV,0,0,0,48,1244.4027248274256,0.3,-4.583078383353898,"0.19626315789473686,0.268952861952862,0.34905952380952376,0.3,0.48,0.06148468956958209","0,0,0"
35.68333333333333,87,AV,1,0,0,69,1503.4428459110418,0.1,-1.3547437428853284,"0.20421111111111107,0.29426023391812867,0.34780303030303034,0.1,0.69,0.07428360194186243","0,0,0"
17.033333333333335,154,AV,1,0,0,14,2722.266725979925,0.2,-2.3418826548413167,"0.24248611111111112,0.29693157894736844,0.3338725490196079,0.2,0.14,0.13450446646658565","0,0,0"
19.216666666666665,231,AV,1,0,0,23,4660.29795945294,0.4,-9.045999237793332,"0.22047619047619046,0.31307407407407406,0.38866666666666666,0.4,0.23,0.23026064442157015","0,0,0"
31.5,48,AV,1,0,0,49,1040.734547163155,0.2,-1.6557140523050191,"0.21494736842105266,0.28999839743589745,0.31389215686274513,0.2,0.49,0.05142164934229008","0,0,0"
30.3,189,AV,1,0,0,47,3313.1900178081896,0.3,-7.605277086332435,"0.22836666666666666,0.2853605769230769,0.3199895833333333,0.3,0.47,0.16370139317898502","0,0,0"
41.31666666666667,25,AV,2,0,0,66,822.5771428470101,0.2,-1.716472000940857,"0.21590833333333337,0.3021418439716312,0.33144696969696974,0.2,0.66,0.04064271096963091","0,0,0"
29.3,146,AV,0,0,0,51,2476.7673195544394,0.2,-5.6651152759063175,"0.2657121212121212,0.31222368421052626,0.3359615384615385,0.2,0.51,0.12237458721412664","0,0,0"
14.9,23,AV,1,0,0,8,793.0252767736928,0.1,-0.2983857733315158,"0.18482608695652175,0.2758562091503268,0.33967777777777786,0.1,0.08,0.0391825829295129","0,0,0"
38.983333333333334,5,AV,1,0,0,85,591.6693204447811,0.1,-0.5824556146971142,"0.2307982456140351,0.2679104938271605,0.3012121212121212,0.1,0.85,0.02923378723751827","0,0,0"
31.983333333333334,148,AV,1,0,0,58,2520.757475212996,0.2,-4.0718296253651,"0.2351904761904762,0.2995521885521886,0.3521583333333333,0.2,0.58,0.12454809665027725","0,0,0"
44.11666666666667,252,AV,1,0,0,89,5702.616109653807,0.3,-19.05912227557276,"0.2280595238095238,0.31119545454545455,0.33346666666666663,0.3,0.89,0.28176053800041856","0,0,0"
44.93333333333333,271,AV,1,0,0,100,7332.887514065835,0.2,-16.640963584109,"0.19753333333333334,0.2733557692307692,0.3298472222222222,0.2,1.0,0.3623106117141683","0,0,0"
23.25,149,AV,1,0,0,28,2528.765907819195,0.1,-1.4846921049696034,"0.25638888888888883,0.29734175084175085,0.36085294117647054,0.1,0.28,0.12494378526691811","0,0,0"
11.983333333333333,187,AV,0,0,0,19,3257.969850357721,0.2,-3.971784783171045,"0.19065079365079363,0.28403044871794875,0.34389743589743593,0.2,0.19,0.1609730201322744","0,0,0"
40.333333333333336,202,AV,2,0,0,65,3759.463069718096,0.2,-7.658165512388715,"0.18710526315789477,0.23593910256410258,0.3296,0.2,0.65,0.18575129672910448","0,0,0"
43.233333333333334,56,AV,2,0,0,87,1148.9174546898266,0.4,-5.017326393039411,"0.14861111111111114,0.28105255255255257,0.3312555555555556,0.4,0.87,0.05676685821503235","0,0,0"
29.8,160,AV,1,0,0,49,2818.3733061874163,0.1,-2.120897083949117,"0.2035098039215686,0.3036756756756757,0.3282833333333333,0.1,0.49,0.13925299612805134","0,0,0"
24.8,293,AV,2,0,0,16,12197.400506638176,0.1,-7.638776074864314,"0.2696049382716049,0.3289285714285715,0.36391666666666667,0.1,0.16,0.6026613159421645","0,0,0"
14.366666666666667,41,AV,1,0,0,12,954.0002559944874,0.1,-0.34610615347948154,"0.218025,0.2653530303030303,0.3563666666666667,0.1,0.12,0.04713619507483592","0,0,0"
25.716666666666665,142,AV,1,0,0,37,2382.718205806423,0.4,-6.189451500941601,"0.20380833333333334,0.2921041666666666,0.3482083333333334,0.4,0.37,0.1177277149052501","0,0,0"
38.266666666666666,44,AV,1,0,0,81,981.8973671489576,0.3,-2.8465105492096043,"0.22322839506172837,0.28820333333333326,0.3058717948717949,0.3,0.81,0.048514563335367175","0,0,0"
41.166666666666664,145,AV,1,0,0,89,2436.431929205765,1.0,-25.32822754687811,"0.1835681818181818,0.281460396039604,0.30573529411764705,1.0,0.89,0.12038165606348158","0,0,0"
34.21666666666667,174,AV,1,0,0,64,2991.769966736588,0.3,-7.755181492058353,"0.27388888888888885,0.29483663366336627,0.3277051282051282,0.3,0.64,0.14782035107959768","0,0,0"
33.483333333333334,38,AV,1,0,0,60,946.2003450753726,0.1,-0.8000490291483264,"0.23810185185185184,0.3133940972222222,0.3450104166666667,0.1,0.6,0.04675080930545112","0,0,0"
31.166666666666668,222,AV,1,0,0,57,4304.4895651906745,0.1,-3.387792713344513,"0.2246388888888889,0.304993769470405,0.36023333333333335,0.1,0.57,0.21268050880229086","0,0,0"
16.8,197,AV,1,0,0,17,3531.3895067900216,0.2,-2.996330490609716,"0.18415079365079365,0.2964547101449275,0.335,0.2,0.17,0.17448241091273348","0,0,0"
25.083333333333332,122,AV,1,0,0,35,2088.64210540395,0.3,-3.9689474351426073,"0.18596969696969698,0.27771363636363633,0.34677083333333336,0.3,0.35,0.10319770996204586","0,0,0"
23.233333333333334,247,AV,1,0,0,29,5427.330032863625,0.3,-9.552649072994814,"0.23707246376811594,0.2958111111111111,0.3206666666666667,0.3,0.29,0.26815892926348833","0,0,0"
38.36666666666667,184,AV,1,0,0,85,3197.7177395395383,0.7,-21.686878642651568,"0.19090476190476188,0.2660269841269841,0.3342539682539683,0.7,0.85,0.15799602381455757","0,0,0"
24.65,115,AV,1,0,0,34,1942.5668635563816,0.3,-3.6275964535352125,"0.2247847222222222,0.28675326797385625,0.3444761904761905,0.3,0.34,0.09598027888478354","0,0,0"
29.133333333333333,188,AV,1,0,0,46,3278.222126324269,0.4,-9.64702403504179,"0.2299777777777778,0.28299541284403673,0.33255208333333336,0.4,0.46,0.16197366475964245","0,0,0"
26.033333333333335,64,AV,0,0,0,46,1265.4739572733297,0.1,-2.831931953392652,"0.2528888888888889,0.2935903426791277,0.3125555555555555,0.1,0.46,0.06252579801457091","0,0,0"
35.86666666666667,297,AV,0,0,0,59,16390.717038727882,0.5,-76.22732126965995,"0.22542982456140354,0.26430122324159017,0.3228888888888889,0.5,0.59,0.8098488767684134","0,0,0"
13.983333333333333,162,AV,1,0,0,11,2838.632091159661,0.6,-6.01417253657312,"0.16112962962962965,0.26624358974358975,0.30409375,0.6,0.11,0.14025396235885745","0,0,0"
23.25,168,AV,1,0,0,30,2909.8477340427667,0.1,-1.7084333286993518,"0.22312499999999996,0.3006089743589743,0.34070000000000006,0.1,0.3,0.1437726557913017","0,0,0"
31.466666666666665,69,AV,1,0,0,54,1317.647826688136,0.7,-7.329138753160944,"0.27010185185185187,0.3266212121212121,0.3584861111111111,0.7,0.54,0.06510365653304864","0,0,0"
33.083333333333336,54,AV,1,0,0,61,1129.1321270070612,0.3,-2.829958676905324,"0.22355,0.27480952380952384,0.3307,0.3,0.61,0.05578928503366858","0,0,0"
26.85,253,AV,1,0,0,36,5721.231751015957,0.3,-11.637505493543824,"0.171578431372549,0.2957507645259938,0.33665476190476185,0.3,0.36,0.2826803181547486","0,0,0"
41.483333333333334,72,AV,1,0,0,90,1348.5865378412918,0.2,-2.825447721116983,"0.2466875,0.29434967320261435,0.35196153846153844,0.2,0.9,0.0666323071965214","0,0,0"
44.68333333333333,32,AV,0,0,0,77,871.0408974081768,0.1,-2.9828538072185697,"0.26509259259259255,0.3187824858757062,0.36212820512820515,0.1,0.77,0.0430372564372029","0,0,0"
10.383333333333333,112,AV,0,0,0,18,1888.2149669861096,0.3,-3.4853004096368005,"0.2156,0.28511265432098765,0.2815,0.3,0.18,0.09329480623074009","0,0,0"
30.783333333333335,181,AV,1,0,0,54,3132.463358685509,0.2,-4.870084026508533,"0.24491666666666667,0.27471363636363644,0.34049999999999997,0.2,0.54,0.15477187035537765","0,0,0"
23.65,4,AV,1,0,0,32,586.8516376274475,0.1,-0.3504808391386145,"0.26282222222222223,0.3457928348909657,0.3287407407407407,0.1,0.32,0.028995750365243225","0,0,0"
19.983333333333334,97,AV,1,0,0,23,1697.366940102563,0.9,-7.708874852965807,"0.24204166666666665,0.32749399399399404,0.3502222222222222,0.9,0.23,0.08386519678534977","0,0,0"
43.583333333333336,223,AV,1,0,0,97,4343.557359248321,0.3,-14.34141729095247,"0.20462121212121215,0.21616517857142858,0.3024509803921569,0.3,0.97,0.21461080929254078","0,0,0"
17.083333333333332,294,AV,1,0,0,16,13351.937436366714,0.5,-28.799949226169783,"0.22348333333333334,0.294516369047619,0.3408958333333334,0.5,0.16,0.6597058267783346","0,0,0"
33.7,34,AV,1,0,0,62,912.6272274022258,0.1,-0.7766549889761366,"0.23853921568627448,0.34570754716981134,0.3376176470588236,0.1,0.62,0.04509199526010037","0,0,0"
33.9,199,AV,1,0,0,61,3623.60917519969,0.1,-3.1020290666482198,"0.22815555555555556,0.30312996941896025,0.37669230769230766,0.1,0.61,0.17903889216374055","0,0,0"
17.95,106,AV,1,0,0,23,1822.2981036688468,0.4,-3.3040657536217983,"0.21790740740740738,0.28393666666666656,0.33828947368421064,0.4,0.23,0.09003792017801585","0,0,0"
13.95,19,AV,1,0,0,1,761.8437659652793,0.7,-1.8786374683462002,"0.22505833333333336,0.2789030612244898,0.3173809523809523,0.7,0.01,0.03764193577878302","0,0,0"
41.36666666666667,52,AV,2,0,0,87,1111.987968807459,0.3,-3.4847905790152947,"0.18166666666666664,0.26737588652482264,0.3120333333333333,0.3,0.87,0.05494220938540485","0,0,0"
17.216666666666665,132,AV,0,0,0,30,2187.718469250836,0.4,-5.804567640969887,"0.22622463768115939,0.3110716666666667,0.3541444444444445,0.4,0.3,0.10809297365222585","0,0,0"
36.083333333333336,198,AV,1,0,0,75,3580.4564780460023,0.3,-9.78748519566868,"0.21780000000000005,0.3312777777777777,0.36673913043478257,0.3,0.75,0.17690676071171996","0,0,0"
35.483333333333334,245,AV,1,0,0,50,5386.149373461946,0.1,-4.826225596001888,"0.24951515151515152,0.32242948717948716,0.37740476190476197,0.1,0.5,0.2661242342173697","0,0,0"
33.333333333333336,166,AV,2,0,0,38,2891.134206742707,0.2,-4.867229304280652,"0.25023958333333335,0.3255135135135136,0.32473076923076927,0.2,0.38,0.14284803919103217","0,0,0"
17.433333333333334,240,AV,1,0,0,19,4756.448820673547,0.1,-2.0939585296399534,"0.23638888888888895,0.30214261168384876,0.3457685185185185,0.1,0.19,0.23501136196344702","0,0,0"
42.13333333333333,254,AV,2,0,0,70,5807.233742044462,0.2,-12.357480555461619,"0.2514555555555556,0.3487916666666667,0.35117857142857145,0.2,0.7,0.28692959020732056","0,0,0"
18.083333333333332,94,AV,1,0,0,21,1626.914224999384,0.3,-2.228790320864055,"0.18261666666666668,0.25829967948717947,0.3119479166666667,0.3,0.21,0.0803841988487261","0,0,0"
37.56666666666667,263,AV,1,0,0,78,6007.794801579103,0.7,-39.89519628759053,"0.21437333333333336,0.2994175627240143,0.34025,0.7,0.78,0.29683911084658465","0,0,0"
13.933333333333334,190,AV,1,0,0,10,3362.377553451843,0.1,-1.1830587688071301,"0.31268253968253973,0.3281818181818182,0.33662745098039215,0.1,0.1,0.1661316999433504","0,0,0"
17.116666666666667,273,AV,1,0,0,20,7362.36439851089,0.5,-15.911507233313731,"0.2578666666666667,0.2871682242990654,0.3269537037037037,0.5,0.2,0.36376703498729634","0,0,0"
34.7,83,AV,1,0,0,64,1467.6871321740252,0.5,-6.430396904853368,"0.20201587301587304,0.29230272108843536,0.3411818181818182,0.5,0.64,0.07251694801576773","0,0,0"
38.333333333333336,95,AV,2,0,0,65,1649.648602545546,0.1,-1.5968820647536854,"0.237,0.31546728971962607,0.3392878787878788,0.1,0.65,0.08150748162374356","0,0,0"
36.2,259,AV,1,0,0,69,5882.279762541917,0.1,-5.377235540505491,"0.17624166666666669,0.27057000000000003,0.3468833333333333,0.1,0.69,0.29063753875296394","0,0,0"
46.3,275,AV,0,0,0,85,7864.29237148983,0.6,-57.16920254545137,"0.1756746031746032,0.27698442367601245,0.32176388888888885,0.6,0.85,0.38856679232403757","0,0,0"
15.25,276,AV,1,0,0,13,7897.119961473183,0.3,-9.123566622156517,"0.19792307692307695,0.33749242424242426,0.30577777777777776,0.3,0.13,0.390188770594556","0,0,0"
42.333333333333336,207,AV,2,0,0,87,3898.759045987068,0.6,-25.007191860624122,"0.23642982456140352,0.28280864197530864,0.33571794871794863,0.6,0.87,0.19263377109878843","0,0,0"
19.233333333333334,79,AV,1,0,0,25,1447.5744631551047,0.1,-0.7030727821889693,"0.18683333333333332,0.2544411764705882,0.3391805555555556,0.1,0.25,0.07152320122755207","0,0,0"
12.883333333333333,124,AV,1,0,0,1,2105.6010448069283,0.8,-5.480234369143958,"0.24322807017543854,0.2862761437908497,0.3152820512820513,0.8,0.01,0.104035634135481","0,0,0"
24.866666666666667,81,AV,1,0,0,34,1457.5875839824732,0.9,-8.237578315537311,"0.20671929824561402,0.29747663551401865,0.36823809523809525,0.9,0.34,0.0720179394770033","0,0,0"
28.3,78,AV,1,0,0,44,1446.9812594843625,0.3,-3.1022401245005646,"0.2019375,0.2977304347826087,0.2992777777777778,0.3,0.44,0.07149389162960644","0,0,0"
35.56666666666667,116,AV,1,0,0,72,1997.7276787447236,0.2,-3.588510830337745,"0.26031746031746034,0.33450308641975307,0.37189393939393944,0.2,0.72,0.09870571939579707","0,0,0"
27.883333333333333,57,AV,1,0,0,41,1150.2916000513435,0.3,-2.429845766270073,"0.20704861111111114,0.3094669966996699,0.3040888888888889,0.3,0.41,0.05683475335805212","0,0,0"
22.1,225,AV,2,0,0,1,4459.768546990965,0.2,-4.9778224691161785,"0.2494555555555555,0.279820987654321,0.3399888888888889,0.2,0.01,0.22035268743240086","0,0,0"
14.616666666666667,196,AV,1,0,0,11,3520.054626539052,0.2,-2.598558844675715,"0.23855952380952378,0.318524024024024,0.34797777777777783,0.2,0.11,0.17392236585687273","0,0,0"
34.71666666666667,243,AV,1,0,0,63,5003.647877951615,0.1,-4.3866155428338445,"0.21347826086956523,0.3245897435897436,0.3568636363636363,0.1,0.63,0.2472252192585145","0,0,0"
43.016666666666666,16,AV,0,0,0,74,742.6585956180782,0.1,-2.8067347791625674,"0.25360416666666674,0.3189382183908046,0.2926875,0.1,0.74,0.03669401576896401","0,0,0"
39.6,61,AV,0,0,0,63,1240.6560786390864,0.1,-3.2406560786390863,"0.2525833333333334,0.2715087719298246,0.31005952380952384,0.1,0.63,0.06129957154209703","0,0,0"
21.016666666666666,18,AV,1,0,0,26,753.7709081553346,0.2,-0.8000884807945091,"0.25080701754385964,0.3187932098765432,0.35894871794871797,0.2,0.26,0.03724306397749163","0,0,0"
37.38333333333333,100,AV,1,0,0,80,1723.69240549938,0.2,-3.2544125130766908,"0.2737222222222222,0.26566207951070336,0.3275384615384615,0.2,0.8,0.08516591160652838","0,0,0"
8.6,229,AV,0,0,0,8,4569.840806868062,0.5,-6.962200876144612,"0.21895555555555557,0.2580909090909091,0.32636904761904767,0.5,0.08,0.22579124730834796","0,0,0"
36.416666666666664,89,AV,1,0,0,67,1528.3774584247917,0.4,-5.622061863060892,"0.24874666666666662,0.29697376543209875,0.3416190476190476,0.4,0.67,0.07551559611815158","0,0,0"
32.7,12,AV,0,0,0,54,658.4091024775607,0.4,-4.174745217274367,"0.1946176470588236,0.27736363636363637,0.3351923076923077,0.4,0.54,0.032531332877974904","0,0,0"
41.3,180,AV,1,0,0,83,3101.095365071405,0.1,-3.234223196400228,"0.2606041666666667,0.25306022408963585,0.32844871794871794,0.1,0.83,0.15322200927639995","0,0,0"
37.55,126,AV,1,0,0,76,2131.3254046090938,0.2,-4.041983279953104,"0.2376666666666666,0.2883923303834809,0.35011111111111115,0.2,0.76,0.10530664893258515","0,0,0"
27.833333333333332,171,AV,1,0,0,41,2965.4163440895786,0.2,-4.168556645311108,"0.2455972222222222,0.2970670289855073,0.3103194444444444,0.2,0.41,0.14651824503694982","0,0,0"
36.1,170,AV,1,0,0,72,2953.464044858564,0.1,-2.6924255560453076,"0.25416091954022985,0.3185801886792453,0.32586666666666664,0.1,0.72,0.1459276939290168","0,0,0"
24.116666666666667,28,AV,0,0,0,38,844.3352662229099,0.5,-4.571029314445603,"0.2252101449275362,0.2920076452599389,0.3100416666666667,0.5,0.38,0.04171775800600685","0,0,0"
43.96666666666667,24,AV,1,0,0,97,806.3598325453933,0.4,-3.581106461708329,"0.17717777777777777,0.27029678362573095,0.31637878787878787,0.4,0.97,0.039841429945686846","0,0,0"
16.2,216,AV,1,0,0,11,4164.701887555128,0.4,-6.81496672509021,"0.19415079365079368,0.3122037037037037,0.30043055555555553,0.4,0.11,0.20577373996162773","0,0,0"
39.86666666666667,91,AV,1,0,0,87,1546.5147326922538,0.4,-6.227715893265776,"0.20207936507936505,0.2906752577319588,0.3631111111111111,0.4,0.87,0.07641174063449208","0,0,0"
21.033333333333335,65,AV,1,0,0,26,1291.2118623687816,0.3,-2.057461326148235,"0.2391136363636364,0.28827543859649124,0.37126190476190474,0.3,0.26,0.0637974820710203","0,0,0"
25.633333333333333,14,AV,2,0,0,14,699.2977112166509,0.1,-0.4526598820922597,"0.2334333333333333,0.3041469696969697,0.2988809523809524,0.1,0.14,0.034551597993999705","0,0,0"
16.916666666666668,194,AV,1,0,0,19,3465.4556083993225,0.8,-11.84322371220644,"0.2822539682539682,0.32497058823529407,0.37800000000000006,0.8,0.19,0.17122468317412964","0,0,0"
33.083333333333336,85,AV,1,0,0,59,1474.807688008607,0.1,-1.232109958205844,"0.25575757575757574,0.32632323232323235,0.357280701754386,0.1,0.59,0.07286876753232566","0,0,0"
44.6,66,AV,0,0,0,81,1291.7462447339112,0.1,-3.4548455180589004,"0.26494999999999996,0.27455698005698015,0.3418076923076923,0.1,0.81,0.06382388536729725","0,0,0"
20.766666666666666,261,AV,0,0,0,32,5984.209260784091,0.6,-20.829102876103477,"0.2172129629629629,0.29721258503401354,0.33797916666666666,0.6,0.32,0.2956737729497932","0,0,0"
26.65,140,AV,1,0,0,38,2337.3116255789537,0.2,-3.1459270111959143,"0.23795614035087723,0.32163696369636957,0.3612416666666667,0.2,0.38,0.11548422135287985","0,0,0"
32.5,267,AV,1,0,0,61,6248.181898567973,0.1,-5.1279270632186655,"0.21354901960784312,0.27453398058252426,0.3002051282051282,0.1,0.61,0.3087163960212402","0,0,0"
33.7,218,AV,1,0,0,65,4227.85786318916,0.5,-17.989748736044785,"0.24556349206349204,0.3160690235690236,0.36683333333333323,0.5,0.65,0.2088942133251532","0,0,0"
45.8,3,AV,2,0,0,91,586.3474640105957,0.1,-0.6781493396890221,"0.31061111111111106,0.3278333333333333,0.37016666666666664,0.1,0.91,0.02897083965289678","0,0,0"
21.1,6,AV,1,0,0,27,601.3137559373858,1.0,-3.2039697601714248,"0.2739710144927536,0.31046315789473683,0.34013636363636357,1.0,0.27,0.029710309114645228","0,0,0"
45.05,20,AV,1,0,0,99,767.6170681366935,0.2,-1.7465226727049517,"0.24395238095238092,0.31549999999999995,0.37835416666666666,0.2,0.99,0.03792718884414417","0,0,0"
15.583333333333334,295,AV,1,0,0,14,13430.196447392702,0.1,-5.285031009390647,"0.1640208333333333,0.2792285714285714,0.32723958333333336,0.1,0.14,0.6635725259609666","0,0,0"
10.6,22,AV,1,0,0,0,779.0639592631991,0.3,-0.6256119672871144,"0.1920588235294118,0.2842609427609427,0.31430555555555556,0.3,0.0,0.0384927682449347","0,0,0"
43.1,121,AV,1,0,0,93,2078.9202215407213,0.2,-4.52532634082854,"0.2155833333333333,0.307446735395189,0.3717156862745098,0.2,0.93,0.10271736143866485","0,0,0"
32.15,255,AV,2,0,0,35,5825.425317043349,0.1,-4.729480402599588,"0.23916666666666664,0.2947757009345794,0.314125,0.1,0.35,0.28782841766829664","0,0,0"
46.35,158,AV,0,0,0,84,2780.081336731352,0.2,-8.50791767462112,"0.2540925925925926,0.29914864864864865,0.3970757575757576,0.2,0.84,0.1373610283526348","0,0,0"
24.116666666666667,139,AV,1,0,0,33,2326.172138461347,0.1,-1.416654496781805,"0.16874444444444442,0.29114779874213836,0.3069649122807018,0.1,0.33,0.11493383047561351","0,0,0"
25.683333333333334,9,AV,1,0,0,35,646.5589615252754,0.2,-0.8386762287124996,"0.1726547619047619,0.29477304964539003,0.3682888888888889,0.2,0.35,0.03194582930805295","0,0,0"
25.616666666666667,33,AV,1,0,0,34,877.6907461205365,0.1,-0.5677654363582765,"0.25167500000000004,0.3172029702970297,0.35597368421052633,0.1,0.34,0.043365818787322166","0,0,0"
13.783333333333333,153,AV,0,0,0,23,2667.9339807116767,0.1,-2.9286117011988875,"0.23972500000000005,0.3339135802469136,0.3875138888888889,0.1,0.23,0.13181994005915215","0,0,0"
14.016666666666667,272,AV,0,0,0,25,7336.658338656486,0.3,-9.790567756073365,"0.19161764705882348,0.3118046594982078,0.3813472222222222,0.3,0.25,0.3624969243722426","0,0,0"
26.883333333333333,185,AV,2,0,0,16,3245.380745418587,0.2,-4.406396584478267,"0.18741666666666668,0.30531111111111114,0.33143333333333336,0.2,0.16,0.16035100509349434","0,0,0"
24.383333333333333,17,AV,0,0,0,36,743.7553910389753,0.3,-3.373881486224774,"0.25337878787878787,0.33670833333333333,0.35608333333333336,0.3,0.36,0.036748207329806624","0,0,0"
19.133333333333333,50,AV,0,0,0,30,1074.3823512953045,0.2,-3.038207861352702,"0.2547719298245614,0.26902166666666666,0.31530303030303036,0.2,0.3,0.05308415357061393","0,0,0"
36.71666666666667,236,AV,1,0,0,74,4704.305573257116,0.3,-13.085334820562407,"0.19854545454545447,0.27433653846153844,0.3242976190476191,0.3,0.74,0.2324350164471723","0,0,0"
27.383333333333333,246,AV,0,0,0,49,5394.467136051333,0.3,-13.190794828954973,"0.24896666666666667,0.30076491228070174,0.30119999999999997,0.3,0.49,0.2665352065179911","0,0,0"
25.866666666666667,182,AV,1,0,0,36,3151.1733449572957,0.1,-2.058342184921601,"0.18486842105263154,0.27218367346938777,0.31319230769230766,0.1,0.36,0.1556963119969945","0,0,0"
43.583333333333336,224,AV,2,0,0,98,4376.119511966378,0.1,-4.816309984760976,"0.18015151515151515,0.26733656957928803,0.3328333333333333,0.1,0.98,0.2162196725742125","0,0,0"
30.916666666666668,176,AV,0,0,0,53,3017.17067826153,0.6,-16.133463657007926,"0.19514285714285712,0.3056600660066007,0.3552564102564103,0.6,0.53,0.14907537474018487","0,0,0"
29.416666666666668,11,AV,1,0,0,47,650.412147456106,0.1,-0.4831554883249273,"0.29123076923076924,0.297787037037037,0.32344736842105265,0.1,0.47,0.03213621135727569","0,0,0"
22.416666666666668,8,AV,0,0,0,36,617.4453946714843,0.1,-2.3495219090206847,"0.248462962962963,0.29329006410256414,0.31896296296296295,0.1,0.36,0.03050735719243069","0,0,0"
26.433333333333334,213,AV,1,0,0,37,4116.183110063293,0.5,-13.737934369866124,"0.23232456140350877,0.29942708333333334,0.32224444444444444,0.5,0.37,0.2033764758662804","0,0,0"
13.833333333333334,161,AV,1,0,0,9,2835.850686157305,0.1,-0.9906380763933348,"0.26844871794871794,0.3486404320987655,0.3780350877192982,0.1,0.09,0.14011653592951495","0,0,0"
28.816666666666666,98,AV,1,0,0,45,1717.0377309640771,0.1,-1.2494773724060984,"0.18906060606060607,0.27898349834983494,0.36259803921568634,0.1,0.45,0.0848371108173414","0,0,0"
31.25,177,AV,1,0,0,54,3022.892107624705,1.0,-23.8548935260788,"0.21925000000000006,0.30006190476190475,0.2870238095238095,1.0,0.54,0.14935806482215805","0,0,0"
17.55,164,AV,1,0,0,19,2857.712092786687,0.8,-10.131888328970984,"0.247268115942029,0.28811538461538466,0.3174722222222222,0.8,0.19,0.1411966860877753","0,0,0"
35.31666666666667,141,AV,2,0,0,43,2361.523720441912,0.9,-18.95480592278944,"0.26357142857142857,0.3065694444444444,0.34163888888888894,0.9,0.43,0.1166805166572675","0,0,0"
27.216666666666665,248,AV,1,0,0,39,5434.023139443809,0.1,-3.7347473849796886,"0.21897222222222226,0.3190833333333333,0.3792999999999999,0.1,0.39,0.26848962894143685","0,0,0"
43.06666666666667,256,AV,1,0,0,94,5844.130995646287,0.4,-25.422953691498332,"0.25107291666666665,0.2880320512820512,0.36065384615384616,0.4,0.94,0.28875264647231946","0,0,0"
25.833333333333332,277,AV,0,0,0,42,8011.326014866212,0.1,-7.22624382282939,"0.20718115942028983,0.32990498442367605,0.3274166666666667,0.1,0.42,0.395831577058847","0,0,0"
39.833333333333336,40,AV,1,0,0,87,950.4213588862824,0.6,-5.736128908429836,"0.2286018518518519,0.2992318181818182,0.34241666666666665,0.6,0.87,0.04695936536102284","0,0,0"
45.53333333333333,15,AV,1,0,0,100,727.2326469992182,0.6,-5.017170685863293,"0.23446491228070176,0.29718481848184825,0.32605000000000006,0.6,1.0,0.03593183513143892","0,0,0"
32.85,250,AV,1,0,0,58,5611.673516276995,0.1,-4.655138257820689,"0.2603611111111111,0.2977165242165243,0.3574090909090909,0.1,0.58,0.27726715574492605","0,0,0"
