travel_time,id,kind,action,origin,destination,start_time,income,urgency,reward,observation,cost_table
51.43333333333333,101,AV,1,0,0,98,1503.4428459110418,0.4,-7.810815862763426,"0.19666666666666668,0.37906805555555556,0.3506458333333333,0.4,0.98,0.0723041696201366","0,0,0"
35.35,255,AV,1,0,0,56,5590.116807812239,0.1,-4.9901674029334,"0.14454166666666665,0.339497375328084,0.39763888888888893,0.1,0.56,0.26884211459565416","0,0,0"
47.03333333333333,99,AV,1,0,0,89,1485.5718097438446,0.1,-1.7644291444011488,"0.2293,0.3285923076923078,0.3179,0.1,0.89,0.07144470866102204","0,0,0"
38.65,52,AV,1,0,0,63,946.1123250925148,0.2,-1.8468303719608938,"0.20120833333333332,0.33915151515151515,0.3076428571428571,0.2,0.63,0.04550080917225548","0,0,0"
13.3,299,AV,1,0,0,2,20793.30768626012,0.8,-55.868887318638315,"0.1413076923076923,0.2459054487179487,0.29548717948717945,0.8,0.02,1.0","0,0,0"
28.55,278,AV,1,0,0,36,8029.700924090037,0.6,-34.73453960345009,"0.18560416666666668,0.33347197640118,0.3547592592592593,0.6,0.36,0.386167561469594","0,0,0"
19.183333333333334,199,AV,1,0,0,15,3257.3450634265246,0.1,-1.5779478821565363,"0.14944444444444444,0.2751916666666666,0.3190208333333333,0.1,0.15,0.15665353067318508","0,0,0"
41.31666666666667,157,AV,1,0,0,67,2411.397471856681,0.3,-7.547795874662515,"0.13549999999999998,0.31898879551820736,0.35810256410256414,0.3,0.67,0.11596988359144483","0,0,0"
37.56666666666667,23,AV,1,0,0,61,646.5589615252754,0.1,-0.613360226968843,"0.22458974358974362,0.3299338842975207,0.30844444444444447,0.1,0.61,0.031094570006892704","0,0,0"
46.583333333333336,40,AV,1,0,0,78,857.6590975250949,0.9,-9.08014082417667,"0.12716666666666668,0.2713879056047198,0.3441538461538461,0.9,0.78,0.041246881470994735","0,0,0"
37.166666666666664,162,AV,1,0,0,59,2476.7673195544394,0.6,-13.94745232981414,"0.21522916666666667,0.37778294573643406,0.42199999999999993,0.6,0.59,0.11911367623300487","0,0,0"
47.6,239,AV,1,0,0,88,4577.590037133467,0.4,-22.00942280480334,"0.1989848484848485,0.3868152777777778,0.42570370370370375,0.4,0.88,0.22014727556589106","0,0,0"
15.633333333333333,106,AV,1,0,0,5,1567.0706205360798,0.2,-1.237299867056265,"0.1815185185185185,0.3376590909090909,0.33205555555555555,0.2,0.05,0.07536418179256658","0,0,0"
22.983333333333334,251,AV,1,0,0,25,5003.647877951615,0.2,-5.808106417251916,"0.19483333333333333,0.34373878205128205,0.32449999999999996,0.2,0.25,0.24063741822365012","0,0,0"
42.7,4,AV,1,0,0,71,465.3670128771111,0.5,-2.5089862941733134,"0.17978787878787877,0.28428726287262873,0.3141388888888889,0.5,0.71,0.0223806149506756","0,0,0"
30.783333333333335,26,AV,1,0,0,42,676.2529471816457,0.3,-1.5770696886925502,"0.20866666666666667,0.34044579945799464,0.3550151515151515,0.3,0.42,0.03252262494189429","0,0,0"
49.15,229,AV,1,0,0,92,4223.122456076251,0.2,-10.483154985664028,"0.14102380952380952,0.3149420903954802,0.33747777777777777,0.2,0.92,0.20310008007368746","0,0,0"
29.483333333333334,282,AV,1,0,0,40,8475.089255911002,0.1,-6.309946504085254,"0.18282222222222225,0.3220444444444444,0.31373333333333325,0.1,0.4,0.40758735376725097","0,0,0"
8.65,39,AV,0,0,0,6,849.0657401736111,0.3,-3.056395352462253,"0.1143125,0.3004610215053763,0.32945833333333335,0.3,0.06,0.040833606321069346","0,0,0"
34.81666666666667,258,AV,1,0,0,59,5721.231751015957,0.2,-10.060314080700621,"0.2219305555555556,0.35326353276353273,0.36804545454545456,0.2,0.59,0.2751477464451918","0,0,0"
38.03333333333333,167,AV,1,0,0,63,2561.5826276178027,0.1,-2.460240553966257,"0.19062121212121214,0.32793821839080456,0.38391666666666674,0.1,0.63,0.12319264766665551","0,0,0"
28.516666666666666,116,AV,1,0,0,37,1716.9764066453156,0.1,-1.2364253500716058,"0.1954861111111111,0.37378678678678673,0.3211904761904762,0.1,0.37,0.08257351031167907","0,0,0"
18.033333333333335,68,AV,1,0,0,15,1100.389953660579,1.0,-5.011035058336476,"0.1832,0.34393852459016394,0.3713571428571429,1.0,0.15,0.052920390072797266","0,0,0"
21.766666666666666,179,AV,1,0,0,23,2818.3733061874163,0.2,-3.0983127423238765,"0.22304166666666667,0.34215066666666666,0.3786515151515152,0.2,0.23,0.13554232682517134","0,0,0"
27.883333333333333,6,AV,1,0,0,35,491.0984231068265,0.4,-1.3831778819153546,"0.14128787878787877,0.2503132183908046,0.316551282051282,0.4,0.35,0.023618100136676975","0,0,0"
43.35,169,AV,1,0,0,76,2645.062412614309,0.6,-17.373250846489437,"0.15511666666666668,0.27006233062330626,0.2799761904761905,0.6,0.76,0.1272073905952983","0,0,0"
27.9,264,AV,1,0,0,36,5912.288420941998,1.0,-41.654759329364076,"0.1811296296296296,0.32860289855072466,0.24154166666666665,1.0,0.36,0.28433611958951305","0,0,0"
25.266666666666666,12,AV,1,0,0,31,571.0932451196882,0.1,-0.36438441060666965,"0.12819444444444442,0.285129781420765,0.35020370370370374,0.1,0.31,0.027465242843352784","0,0,0"
15.633333333333333,93,AV,0,0,0,27,1434.4967426379471,0.3,-4.198936798730296,"0.1526388888888889,0.2757724867724868,0.3184583333333333,0.3,0.27,0.06898838627708276","0,0,0"
45.56666666666667,297,AV,1,0,0,86,17693.100214811147,0.8,-162.8718383410562,"0.1713452380952381,0.28923557692307694,0.29495238095238097,0.8,0.86,0.8509035927219247","0,0,0"
51.95,187,AV,1,0,0,100,2909.8477340427667,0.4,-15.269352503386035,"0.19968055555555558,0.3687605042016807,0.4014629629629629,0.4,1.0,0.13994155128890565","0,0,0"
16.35,22,AV,1,0,0,10,640.5426603936758,0.3,-0.7933994316239849,"0.21449999999999997,0.3259502923976608,0.3390416666666667,0.3,0.1,0.03080523166677017","0,0,0"
46.63333333333333,166,AV,1,0,0,82,2553.8725848963804,0.6,-18.044786597323412,"0.12228571428571428,0.2937172131147541,0.33299999999999996,0.6,0.82,0.122821853234247","0,0,0"
28.716666666666665,245,AV,1,0,0,38,4689.4303597647895,0.2,-6.80125295444001,"0.2340111111111111,0.32060694444444443,0.3439666666666667,0.2,0.38,0.22552594471842924","0,0,0"
43.333333333333336,0,AV,1,0,0,72,417.8295094645922,0.1,-0.4572208436902104,"0.14694444444444443,0.29531165311653124,0.2959761904761905,0.1,0.72,0.02009442248289757","0,0,0"
17.25,242,AV,1,0,0,7,4635.813442599864,0.2,-4.038776862871094,"0.10847619047619048,0.31933040935672513,0.3339074074074074,0.2,0.07,0.222947378673338","0,0,0"
26.466666666666665,79,AV,1,0,0,35,1260.3927948639828,0.1,-0.8423837366346821,"0.20241666666666666,0.38162222222222225,0.36077777777777775,0.1,0.35,0.06061531017005197","0,0,0"
52.916666666666664,244,AV,1,0,0,97,4687.914961676448,0.5,-31.32182239756465,"0.151,0.3154733893557423,0.3871904761904762,0.5,0.97,0.22545306559254863","0,0,0"
13.616666666666667,32,AV,0,0,0,25,806.3598325453933,0.1,-2.7772710366959537,"0.15788888888888888,0.2667413793103448,0.3054666666666667,0.1,0.25,0.03877977687399022","0,0,0"
34.6,215,AV,1,0,0,56,3742.7752140142647,0.2,-6.540405171964322,"0.22224074074074074,0.3296366120218579,0.34725925925925927,0.2,0.56,0.17999902999980277","0,0,0"
32.68333333333333,91,AV,1,0,0,44,1405.7852601227096,0.1,-1.1602461679716471,"0.13355555555555557,0.32132633053221293,0.3439027777777778,0.1,0.44,0.06760758227281125","0,0,0"
27.35,102,AV,1,0,0,35,1509.578116022191,0.2,-2.08520007440439,"0.11147222222222221,0.25168487394957983,0.29285416666666664,0.2,0.35,0.07259922946360745","0,0,0"
20.033333333333335,214,AV,1,0,0,14,3628.2404526711953,0.4,-7.3419949900854835,"0.20361904761904762,0.32581524547803625,0.3327916666666667,0.4,0.14,0.17449077883210845","0,0,0"
18.116666666666667,226,AV,1,0,0,12,4116.183110063293,0.2,-3.7662382496959594,"0.1644545454545454,0.29888980716253444,0.33425000000000005,0.2,0.12,0.1979571106324368","0,0,0"
35.233333333333334,147,AV,1,0,0,57,2276.662146114732,0.3,-6.076848203139575,"0.17072727272727273,0.3396229508196722,0.27773809523809523,0.3,0.57,0.1094901388690128","0,0,0"
39.46666666666667,89,AV,1,0,0,65,1348.5865378412918,0.3,-4.032137527283055,"0.1059074074074074,0.22489669421487604,0.28491666666666665,0.3,0.65,0.06485675863549194","0,0,0"
23.633333333333333,262,AV,1,0,0,26,5899.132481879994,0.8,-28.164881681164417,"0.1463833333333333,0.26721577380952377,0.3430972222222223,0.8,0.26,0.2837034189504176","0,0,0"
30.783333333333335,217,AV,1,0,0,45,3759.463069718096,0.2,-5.844889132802462,"0.13739583333333333,0.30502446483180423,0.32595454545454544,0.2,0.45,0.18080158897481655","0,0,0"
27.95,153,AV,1,0,0,37,2337.3116255789537,0.2,-3.2993868654005936,"0.13994444444444445,0.3271764705882354,0.32348611111111114,0.2,0.37,0.11240691768935884","0,0,0"
26.916666666666668,143,AV,1,0,0,33,2212.8825544422834,0.1,-1.5041268204647678,"0.2320833333333333,0.3751416666666667,0.3435416666666667,0.1,0.33,0.1064228254509272","0,0,0"
19.45,63,AV,1,0,0,18,1046.6558973464134,0.5,-2.5703860105287553,"0.13549999999999998,0.293814465408805,0.34640476190476194,0.5,0.18,0.05033619052528265","0,0,0"
40.86666666666667,8,AV,2,0,0,65,541.9839687696077,0.1,-0.5593201563228444,"0.1511875,0.32276558265582656,0.3436666666666667,0.1,0.65,0.026065307980208553","0,0,0"
44.516666666666666,33,AV,1,0,0,74,807.7368269013535,0.8,-7.264192136880523,"0.1553888888888889,0.3167723577235772,0.3582708333333333,0.8,0.74,0.0388459998326814","0,0,0"
15.383333333333333,100,AV,1,0,0,7,1490.1599361877834,0.2,-1.1577589403209798,"0.19671111111111114,0.34061111111111103,0.34240000000000004,0.2,0.07,0.07166536265764283","0,0,0"
16.683333333333334,56,AV,1,0,0,7,968.7072844723906,0.2,-0.8162255822869217,"0.13561111111111113,0.2906867816091954,0.28037500000000004,0.2,0.07,0.04658745492005087","0,0,0"
43.61666666666667,19,AV,1,0,0,75,626.2908344343901,0.2,-1.3796322506016825,"0.14219444444444443,0.28516521739130435,0.2749444444444444,0.2,0.75,0.03011982720037529","0,0,0"
44.55,81,AV,1,0,0,82,1261.43865123121,0.2,-2.8382369652702226,"0.1677857142857143,0.3404819444444444,0.35200000000000004,0.2,0.82,0.060665607909257666","0,0,0"
22.2,73,AV,1,0,0,22,1135.438045570021,0.2,-1.2730668995785082,"0.14064285714285713,0.33610593220338986,0.3320666666666666,0.2,0.22,0.0546059368091927","0,0,0"
47.13333333333333,95,AV,1,0,0,88,1457.5875839824732,1.0,-17.348727641003514,"0.18579166666666666,0.32078688524590165,0.2870833333333333,1.0,0.88,0.07009888017699192","0,0,0"
23.45,121,AV,1,0,0,25,1836.3970218708375,0.9,-9.787161400652531,"0.13735416666666667,0.2883948087431694,0.3509166666666666,0.9,0.25,0.08831673390204767","0,0,0"
50.983333333333334,256,AV,1,0,0,96,5611.673516276995,0.3,-21.674380411984,"0.17325757575757575,0.2818553719008265,0.3287708333333333,0.3,0.96,0.26987882836866295","0,0,0"
18.1,287,AV,1,0,0,11,10751.672106064549,0.1,-4.914274371711323,"0.1869230769230769,0.3505350140056022,0.3722083333333333,0.1,0.11,0.5170736791034491","0,0,0"
5.333333333333333,193,AV,0,0,0,1,3064.640983136323,0.1,-2.9127462603550605,"0.19601666666666667,0.3486416666666667,0.3308833333333333,0.1,0.01,0.14738592961625765","0,0,0"
17.9,270,AV,1,0,0,8,6709.13861087917,0.1,-3.03266619027114,"0.16069444444444447,0.30164393939393946,0.32772222222222225,0.1,0.08,0.32265855495960655","0,0,0"
39.93333333333333,133,AV,1,0,0,68,2044.1603053436156,0.4,-8.245468167682327,"0.17296969696969697,0.337358126721763,0.3227291666666667,0.4,0.68,0.09830856813100321","0,0,0"
41.86666666666667,275,AV,1,0,0,70,7336.658338656486,0.2,-15.513203490492504,"0.11798148148148148,0.25218767507002804,0.29133333333333333,0.2,0.7,0.35283748258601644","0,0,0"
32.3,172,AV,1,0,0,51,2744.255474143275,0.5,-11.191849976619666,"0.17548148148148146,0.3357507246376812,0.36538888888888893,0.5,0.51,0.13197782265092123","0,0,0"
42.36666666666667,206,AV,1,0,0,71,3438.9188747307694,0.4,-14.716720167618881,"0.21258333333333332,0.3382981770833332,0.3822499999999999,0.4,0.71,0.16538585041970746","0,0,0"
44.0,97,AV,1,0,0,72,1474.5167950508735,0.2,-3.2767039890019407,"0.15424242424242424,0.31290771349862256,0.3494047619047619,0.2,0.72,0.07091304650992157","0,0,0"
48.81666666666667,3,AV,1,0,0,91,457.16351791608827,0.1,-0.5635656329866257,"0.11442424242424241,0.29260398860398856,0.3162222222222222,0.1,0.91,0.021986089217454062","0,0,0"
19.85,7,AV,1,0,0,14,508.6019702527906,0.1,-0.25494315933125994,"0.15257692307692305,0.29736467236467234,0.35375,0.1,0.14,0.024459887668034006","0,0,0"
35.733333333333334,246,AV,1,0,0,58,4818.617258984985,0.6,-26.088675260767197,"0.18473333333333333,0.3101515151515151,0.32809259259259266,0.6,0.58,0.23173885231203734","0,0,0"
35.46666666666667,66,AV,1,0,0,48,1089.3140785512585,0.4,-3.902458517099458,"0.2315208333333333,0.3824653333333333,0.3992142857142857,0.4,0.48,0.052387724694280345","0,0,0"
37.75,254,AV,1,0,0,64,5557.427333357366,0.4,-21.191200185276827,"0.22555128205128203,0.32392920353982296,0.35263333333333335,0.4,0.64,0.26726999942532587","0,0,0"
48.21666666666667,90,AV,1,0,0,91,1365.417472605012,0.2,-3.3250444008807247,"0.13176666666666667,0.27880853994490357,0.33242592592592585,0.2,0.91,0.06566619862539994","0,0,0"
38.71666666666667,27,AV,1,0,0,65,720.4688823460104,0.1,-0.7043978172095043,"0.1821060606060606,0.3163387533875339,0.3333888888888889,0.1,0.65,0.034649075232127916","0,0,0"
21.866666666666667,189,AV,1,0,0,22,2965.4163440895786,0.1,-1.6374689576790942,"0.19797916666666665,0.3711944444444445,0.34979166666666667,0.1,0.22,0.14261397892212588","0,0,0"
51.266666666666666,250,AV,1,0,0,92,4967.653125719208,0.1,-6.431187295754328,"0.12880952380952382,0.2977695652173913,0.29391666666666666,0.1,0.92,0.2389063443235514","0,0,0"
34.266666666666666,252,AV,1,0,0,55,5144.150368411208,0.2,-8.902671007957444,"0.18310416666666668,0.3280708333333333,0.3640833333333333,0.2,0.55,0.2473945197189757","0,0,0"
49.166666666666664,85,AV,1,0,0,92,1282.6858023855964,0.2,-3.185120468886792,"0.11419444444444445,0.26851587301587304,0.31499999999999995,0.2,0.92,0.06168743432932387","0,0,0"
24.4,51,AV,1,0,0,28,943.1907669438916,0.2,-1.162315894617725,"0.21243750000000003,0.3841444444444445,0.37733333333333335,0.2,0.28,0.04536030443906415","0,0,0"
30.15,42,AV,1,0,0,40,870.7377108213431,0.1,-0.6629480298298862,"0.1450625,0.2826652777777778,0.32463333333333333,0.1,0.4,0.04187586332869553","0,0,0"
11.533333333333333,149,AV,1,0,0,1,2294.767722006211,0.7,-4.678390086447005,"0.157625,0.3020353107344633,0.326202380952381,0.7,0.01,0.11036087940556741","0,0,0"
17.9,141,AV,1,0,0,11,2139.4702648744856,0.2,-1.9341675626895598,"0.15695238095238095,0.31212601626016256,0.3205666666666667,0.2,0.11,0.10289225250527183","0,0,0"
12.033333333333333,160,AV,1,0,0,3,2436.431929205765,1.0,-7.403635744472063,"0.20364285714285718,0.3415497076023392,0.33199999999999996,1.0,0.03,0.11717385064309511","0,0,0"
16.666666666666668,291,AV,1,0,0,11,11515.391842589095,0.2,-9.693090776590148,"0.13804166666666667,0.2940486111111112,0.36883333333333335,0.2,0.11,0.5538027915682833","0,0,0"
33.9,113,AV,1,0,0,56,1635.9686818612918,0.2,-2.8009766825806968,"0.21616666666666667,0.35015058479532163,0.388125,0.2,0.56,0.07867765468320913","0,0,0"
44.21666666666667,120,AV,1,0,0,79,1809.16611953512,0.7,-14.140582494060064,"0.20233333333333334,0.3516144927536232,0.3474722222222222,0.7,0.79,0.08700713454697676","0,0,0"
26.683333333333334,203,AV,0,0,0,88,3382.383844415393,0.3,-9.337369362258894,"0.16925,0.3533319672131147,0.3436875,0.3,0.88,0.16266694531964326","0,0,0"
30.75,98,AV,1,0,0,44,1474.807688008607,0.3,-3.4356315459291413,"0.1661176470588235,0.2946956521739131,0.3275714285714286,0.3,0.44,0.07092703624941481","0,0,0"
29.35,28,AV,1,0,0,37,736.5379020629116,0.6,-3.275361731143402,"0.16334722222222223,0.30016381766381767,0.2983636363636364,0.6,0.37,0.03542187290142414","0,0,0"
22.666666666666668,257,AV,1,0,0,27,5702.891177591027,1.0,-32.642811454224734,"0.14849999999999997,0.267735632183908,0.306448717948718,1.0,0.27,0.27426570431405706","0,0,0"
32.18333333333333,159,AV,1,0,0,52,2421.0391237858234,0.1,-1.967603766006071,"0.20475,0.3572528248587571,0.35854166666666665,0.1,0.52,0.11643357373995898","0,0,0"
21.75,112,AV,1,0,0,21,1628.9397076974285,0.2,-1.7893655880009631,"0.1300151515151515,0.2989733893557423,0.29684999999999995,0.2,0.21,0.07833961446998668","0,0,0"
11.883333333333333,237,AV,1,0,0,2,4559.760277629775,0.4,-5.473247605976481,"0.16240000000000002,0.3018157894736842,0.3328333333333333,0.4,0.02,0.21928979970044837","0,0,0"
37.03333333333333,86,AV,1,0,0,61,1293.252850487379,0.4,-4.837723625897232,"0.1527,0.3313251366120219,0.32285897435897437,0.4,0.61,0.06219562899759039","0,0,0"
30.5,170,AV,2,0,0,24,2667.9339807116767,0.1,-2.054848141709751,"0.14058333333333334,0.27105649717514124,0.24772222222222223,0.1,0.24,0.12830733911924","0,0,0"
31.483333333333334,49,AV,1,0,0,49,932.0432837729122,0.1,-0.7410057925282117,"0.15418333333333334,0.3284638888888889,0.40016666666666667,0.1,0.49,0.04482419525724574","0,0,0"
25.25,186,AV,0,0,0,82,2909.5116230827134,0.6,-13.63108613376341,"0.22842592592592592,0.3754959677419356,0.3373809523809524,0.6,0.82,0.13992538690731113","0,0,0"
14.45,103,AV,1,0,0,5,1527.6889462703334,0.3,-1.6723564601216905,"0.20983333333333334,0.3808166666666667,0.35242592592592586,0.3,0.05,0.07347022269476662","0,0,0"
32.56666666666667,44,AV,1,0,0,55,877.2934597877683,0.1,-0.7214778705493685,"0.20305,0.3054822404371585,0.29710416666666667,0.1,0.55,0.04219114500803879","0,0,0"
16.916666666666668,30,AV,0,0,0,38,777.0630287344238,0.5,-4.15976215102155,"0.19116666666666668,0.29027777777777775,0.2871666666666667,0.5,0.38,0.037370823365822384","0,0,0"
40.1,82,AV,1,0,0,66,1265.4739572733297,0.1,-1.2814521638045586,"0.17654761904761906,0.31448941798941804,0.3010714285714286,0.1,0.66,0.060859675447862215","0,0,0"
17.733333333333334,50,AV,1,0,0,13,938.3100494872764,0.4,-1.680743927027714,"0.19481666666666667,0.34601424501424494,0.3632916666666667,0.4,0.13,0.04512557903941836","0,0,0"
48.28333333333333,138,AV,1,0,0,89,2105.159940183184,0.2,-5.133542379386098,"0.16623333333333332,0.2762333333333334,0.33472916666666663,0.2,0.89,0.10124218676253416","0,0,0"
8.75,92,AV,0,0,0,9,1434.2863071033526,1.0,-5.669193229079378,"0.1839027777777778,0.32076977401129947,0.33927083333333335,1.0,0.09,0.06897826592789302","0,0,0"
20.366666666666667,71,AV,1,0,0,20,1117.0806745336297,0.3,-1.723576495303151,"0.19278333333333333,0.3008715846994535,0.3184375,0.3,0.2,0.05372308684066549","0,0,0"
43.733333333333334,273,AV,1,0,0,73,7099.697064525982,0.4,-31.36297154430333,"0.1564814814814815,0.2843407738095238,0.279,0.4,0.73,0.3414414470102487","0,0,0"
45.1,41,AV,1,0,0,82,861.805442805673,0.5,-4.9075032159767495,"0.15416666666666667,0.30788362068965514,0.3434761904761905,0.5,0.82,0.04144628915269407","0,0,0"
22.116666666666667,267,AV,1,0,0,24,6427.339783247283,0.2,-7.179360178761906,"0.1260740740740741,0.3037132768361581,0.3080166666666667,0.2,0.24,0.3091061739780037","0,0,0"
6.783333333333333,148,AV,0,0,0,5,2280.385817754286,0.2,-3.28124328941582,"0.144,0.30306233062330623,0.30077777777777776,0.2,0.05,0.10966921916233309","0,0,0"
32.666666666666664,174,AV,2,0,0,39,2753.3979495063454,0.2,-4.542643081677135,"0.15466666666666667,0.2884462809917355,0.3382272727272727,0.2,0.39,0.13241750620204337","0,0,0"
33.53333333333333,115,AV,1,0,0,47,1703.2333497257905,0.3,-4.3269008833943055,"0.16434848484848483,0.3188211382113821,0.34608333333333335,0.3,0.47,0.08191257376772525","0,0,0"
24.333333333333332,80,AV,1,0,0,27,1260.6549751070208,0.5,-3.873224460556082,"0.1695925925925926,0.37415819209039547,0.35784615384615387,0.5,0.27,0.06062791904628244","0,0,0"
13.066666666666666,241,AV,1,0,0,2,4630.913868273173,0.5,-7.640228267521396,"0.1495,0.2795789473684211,0.27722222222222226,0.5,0.02,0.22271174640161776","0,0,0"
39.61666666666667,216,AV,1,0,0,65,3758.845856207275,0.2,-7.520855724078025,"0.20146666666666668,0.33157650273224043,0.3446875,0.2,0.65,0.18077190569786353","0,0,0"
32.56666666666667,140,AV,1,0,0,48,2137.1188228190404,0.4,-7.03018548785927,"0.14864814814814817,0.322485380116959,0.3091666666666667,0.4,0.48,0.10277916602134513","0,0,0"
32.983333333333334,57,AV,1,0,0,53,969.457736312404,0.3,-2.4224202779826363,"0.12377083333333332,0.2491720867208672,0.3360208333333333,0.3,0.53,0.04662354594757456","0,0,0"
40.5,36,AV,1,0,0,68,818.0604611907775,0.2,-1.6733054887993177,"0.19556862745098036,0.34326977401129954,0.33986666666666665,0.2,0.68,0.03934248814734457","0,0,0"
20.216666666666665,290,AV,1,0,0,19,11185.875164713363,0.3,-17.131902240905692,"0.18944444444444447,0.346360632183908,0.3636944444444445,0.3,0.19,0.5379555448075637","0,0,0"
25.616666666666667,150,AV,2,0,0,13,2302.618320259251,0.5,-7.447652269020347,"0.1898030303030303,0.35861823361823364,0.32408333333333333,0.5,0.13,0.11073843349034766","0,0,0"
41.733333333333334,185,AV,2,0,0,57,2891.134206742707,0.1,-3.046885544479688,"0.22390909090909095,0.3873062330623307,0.3839166666666667,0.1,0.57,0.13904157291209238","0,0,0"
51.05,207,AV,1,0,0,97,3465.4556083993225,0.7,-31.272236405593375,"0.1651212121212121,0.30973712737127373,0.3096666666666667,0.7,0.97,0.1666620655399256","0,0,0"
20.7,298,AV,1,0,0,22,19040.472291926453,0.7,-69.67081906818542,"0.20306666666666665,0.3549376693766938,0.34826190476190483,0.7,0.22,0.91570194503052","0,0,0"
25.55,191,AV,1,0,0,29,2969.8754393798326,0.4,-7.664678532944922,"0.2854333333333333,0.3760079999999999,0.39373333333333327,0.4,0.29,0.1428284275013291","0,0,0"
24.55,178,AV,1,0,0,27,2815.231094880572,0.7,-12.21710766806127,"0.19988095238095238,0.32369047619047625,0.35088095238095235,0.7,0.27,0.13539121035278245","0,0,0"
29.016666666666666,183,AV,1,0,0,40,2857.712092786687,0.4,-8.375886790474112,"0.188525641025641,0.33591595441595445,0.34095,0.4,0.4,0.13743422335230565","0,0,0"
45.31666666666667,35,AV,1,0,0,82,816.2772675203604,0.6,-5.604691642393586,"0.12662500000000002,0.28047733333333336,0.3555238095238095,0.6,0.82,0.03925673009012141","0,0,0"
34.61666666666667,171,AV,1,0,0,56,2675.3892374750885,0.4,-9.354854286592186,"0.17943333333333336,0.3498304093567251,0.3450555555555555,0.4,0.56,0.1286658802843062","0,0,0"
19.3,260,AV,1,0,0,18,5849.7981009167725,0.2,-5.702075926651197,"0.14558333333333334,0.32109756097560976,0.2926666666666667,0.2,0.18,0.28133081033481866","0,0,0"
39.916666666666664,195,AV,1,0,0,66,3119.7161673652217,0.4,-12.578653570437217,"0.18004761904761904,0.32190725806451626,0.35988888888888904,0.4,0.66,0.1500346272193471","0,0,0"
18.733333333333334,231,AV,0,0,0,49,4304.4895651906745,0.1,-4.536298935721515,"0.19016666666666665,0.31283898305084734,0.3160925925925926,0.1,0.49,0.207013219355909","0,0,0"
17.783333333333335,83,AV,1,0,0,13,1267.69032506861,0.4,-2.2771474357713926,"0.15291666666666667,0.2854791666666666,0.3183333333333333,0.4,0.13,0.0609662658868978","0,0,0"
39.56666666666667,127,AV,1,0,0,65,1921.5023446668008,0.3,-5.759654755352254,"0.16680303030303034,0.30283333333333323,0.3446458333333333,0.3,0.65,0.09240965283924012","0,0,0"
24.916666666666668,139,AV,1,0,0,31,2113.1349678504243,0.6,-7.977618123576728,"0.18246666666666667,0.35805277777777783,0.3102916666666667,0.6,0.31,0.10162572495605159","0,0,0"
16.4,182,AV,1,0,0,3,2853.537244729806,0.3,-3.5453038495127887,"0.1933095238095238,0.3502134502923977,0.3451166666666667,0.3,0.03,0.13723344490378397","0,0,0"
46.38333333333333,225,AV,1,0,0,83,4113.319853961603,0.4,-19.27166524170899,"0.16069444444444442,0.306681693989071,0.35744444444444445,0.4,0.83,0.19781940978440954","0,0,0"
19.4,263,AV,1,0,0,16,5911.733280178027,0.8,-23.16921730009166,"0.1981060606060606,0.353576,0.368,0.8,0.16,0.28430942153971994","0,0,0"
44.96666666666667,31,AV,1,0,0,80,802.5586880039084,0.6,-5.467937727865012,"0.1526777777777778,0.30625079365079366,0.29888333333333333,0.6,0.8,0.038596970723144074","0,0,0"
20.183333333333334,259,AV,1,0,0,18,5807.233742044462,1.0,-29.59831675764244,"0.1864444444444444,0.3531436314363144,0.31425757575757585,1.0,0.18,0.27928378830664774","0,0,0"
19.5,70,AV,1,0,0,6,1111.987968807459,0.7,-3.832988831874196,"0.16005555555555553,0.29706746031746034,0.3678333333333334,0.7,0.06,0.05347816641708441","0,0,0"
45.71666666666667,29,AV,1,0,0,82,763.1985099142711,0.3,-2.643249384715714,"0.23173809523809524,0.3640242165242165,0.3393055555555555,0.3,0.82,0.03670404542797105","0,0,0"
15.433333333333334,177,AV,0,0,0,35,2797.307504072895,0.3,-5.770589329256945,"0.17792424242424243,0.32747150997151,0.35485185185185186,0.3,0.35,0.13452922191505445","0,0,0"
30.3,9,AV,1,0,0,41,546.8646928603165,0.2,-0.8368686966498784,"0.2187,0.36875811209439524,0.335,0.2,0.41,0.026300033698903796","0,0,0"
13.6,168,AV,0,0,0,23,2574.4307659940623,0.1,-3.3841479398363448,"0.15110714285714283,0.2816420289855072,0.3344393939393939,0.1,0.23,0.12381054543309646","0,0,0"
33.2,188,AV,1,0,0,51,2946.490055333797,0.6,-14.821737854103343,"0.22262962962962962,0.3567272727272728,0.3515166666666667,0.6,0.51,0.14170376833700152","0,0,0"
49.38333333333333,212,AV,1,0,0,93,3539.477986656502,0.1,-4.413919728309434,"0.12438095238095238,0.3205896358543417,0.3225277777777778,0.1,0.93,0.17022197911279557","0,0,0"
29.433333333333334,292,AV,1,0,0,41,11861.36896338871,0.5,-44.080760920337674,"0.19661111111111113,0.3254083333333333,0.3421666666666666,0.5,0.41,0.57044166047841","0,0,0"
13.5,213,AV,1,0,0,5,3608.770587345788,0.1,-1.2302627002315187,"0.13333333333333333,0.3007281420765028,0.3605333333333334,0.1,0.05,0.17355442634701188","0,0,0"
52.7,269,AV,1,0,0,100,6563.608435155774,0.3,-26.20470943429616,"0.1426818181818182,0.26293495934959343,0.3218611111111111,0.3,1.0,0.31565966003056356","0,0,0"
19.483333333333334,202,AV,2,0,0,1,3361.758609282253,0.4,-6.615986219277701,"0.19564814814814813,0.29265072463768116,0.3799444444444445,0.4,0.01,0.16167502833152653","0,0,0"
26.133333333333333,78,AV,1,0,0,35,1251.6500609663929,0.7,-5.782033278268992,"0.16423809523809524,0.25879022988505745,0.3113703703703704,0.7,0.35,0.0601948511440276","0,0,0"
29.8,59,AV,2,0,0,29,985.0802174553831,0.1,-0.741297739398243,"0.18222916666666666,0.3348520114942529,0.33695,0.1,0.29,0.047374868506673815","0,0,0"
14.633333333333333,119,AV,1,0,0,5,1804.2001824470888,0.4,-2.6668144110918246,"0.13972916666666665,0.2780521739130435,0.30518518518518517,0.4,0.05,0.08676831073101827","0,0,0"
36.71666666666667,211,AV,1,0,0,62,3523.1638559153366,0.7,-22.86646036282424,"0.19368518518518518,0.30086904761904765,0.3868333333333333,0.7,0.62,0.16943739346690792","0,0,0"
46.666666666666664,272,AV,1,0,0,87,7081.334819999852,0.3,-25.03502209090857,"0.1749102564102564,0.28641939890710383,0.29910000000000003,0.3,0.87,0.34055836266392014","0,0,0"
36.96666666666667,58,AV,1,0,0,62,978.4447105201264,0.1,-0.9133797844838554,"0.15529487179487178,0.30563761467889916,0.2921458333333333,0.1,0.62,0.04705575107546101","0,0,0"
42.71666666666667,118,AV,1,0,0,72,1794.439334206041,0.3,-5.807005067638994,"0.12594444444444444,0.27580151515151513,0.26275,0.3,0.72,0.08629888814619799","0,0,0"
37.3,67,AV,1,0,0,62,1097.8259349569896,0.2,-2.068126635045238,"0.18049999999999997,0.3189759887005649,0.3603076923076922,0.2,0.62,0.05279708026839882","0,0,0"
26.466666666666665,221,AV,1,0,0,32,3941.04555698938,0.1,-2.633998461489535,"0.22392424242424241,0.36268859649122803,0.40226666666666666,0.1,0.32,0.18953432596938674","0,0,0"
35.2,227,AV,1,0,0,56,4159.866430607663,0.8,-29.58127239543227,"0.13831944444444444,0.35835200000000006,0.2913333333333334,0.8,0.56,0.20005794620912742","0,0,0"
20.283333333333335,277,AV,0,0,0,56,7958.958807233507,0.5,-22.883107888053825,"0.22211111111111112,0.34286376811594205,0.37742424242424244,0.5,0.56,0.38276540352897576","0,0,0"
41.6,289,AV,1,0,0,68,10838.007207066395,0.1,-11.385381308433386,"0.15756666666666666,0.2995776836158192,0.29152777777777783,0.1,0.68,0.5212257410218565","0,0,0"
48.2,123,AV,1,0,0,90,1869.7531794209297,0.3,-6.827432064249153,"0.17696969696969694,0.3409506666666666,0.3303333333333333,0.3,0.9,0.0899209114602018","0,0,0"
50.96666666666667,228,AV,1,0,0,94,4164.701887555128,0.2,-10.720251155003018,"0.15504761904761905,0.2922614942528735,0.3377307692307692,0.2,0.94,0.2002904949224166","0,0,0"
48.86666666666667,43,AV,1,0,0,90,873.8892656114449,0.1,-1.0783852385407224,"0.18652083333333333,0.338792372881356,0.37,0.1,0.9,0.04202742915158692","0,0,0"
48.71666666666667,154,AV,1,0,0,89,2344.9936519099742,0.1,-2.8848554059481715,"0.17133333333333334,0.3326639784946237,0.3883750000000001,0.1,0.89,0.11277636474640867","0,0,0"
30.866666666666667,261,AV,1,0,0,44,5882.279762541917,0.4,-18.340037239440456,"0.19701666666666665,0.30650656167979,0.3269444444444445,0.4,0.44,0.2828929312881198","0,0,0"
34.11666666666667,249,AV,2,0,0,56,4951.479839002994,0.1,-4.26585826196933,"0.16066666666666665,0.305448717948718,0.25925,0.1,0.56,0.23812853220437127","0,0,0"
7.066666666666666,2,AV,0,0,0,4,437.8567856598078,0.3,-2.7344081781815133,"0.19565000000000002,0.3726506666666666,0.3786333333333333,0.3,0.04,0.021057582192617507","0,0,0"
15.9,210,AV,1,0,0,7,3520.054626539052,0.6,-8.480131600298625,"0.23605555555555555,0.3379236111111111,0.3576111111111111,0.6,0.07,0.16928786317460437","0,0,0"
30.8,117,AV,1,0,0,46,1718.6657268339234,0.2,-2.6734800195194364,"0.1932777777777778,0.30909480122324157,0.31414285714285717,0.2,0.46,0.08265475376818426","0,0,0"
49.45,164,AV,1,0,0,92,2497.1975937909187,0.2,-6.236687929947522,"0.12603333333333333,0.28474444444444447,0.3725833333333333,0.2,0.92,0.12009621708435674","0,0,0"
32.0,145,AV,1,0,0,44,2222.040577514192,0.3,-5.3867650363980415,"0.14408333333333334,0.33622878787878785,0.33625,0.3,0.44,0.10686325672862912","0,0,0"
31.716666666666665,253,AV,1,0,0,49,5480.041794665195,0.3,-13.16732264551498,"0.17691666666666667,0.33163227513227506,0.3155,0.3,0.49,0.26354834340696637","0,0,0"
25.883333333333333,84,AV,1,0,0,31,1275.6237969650936,0.1,-0.8337726248681778,"0.12357407407407407,0.3476666666666667,0.3904090909090909,0.1,0.31,0.06134780556380672","0,0,0"
42.56666666666667,296,AV,1,0,0,70,14754.343640924068,0.4,-63.43870986350181,"0.17758974358974355,0.3311330532212885,0.355625,0.4,0.7,0.7095717460418045","0,0,0"
40.55,55,AV,1,0,0,68,961.7772661313056,0.5,-4.9242510279828835,"0.1823787878787879,0.2927535612535612,0.30990277777777775,0.5,0.68,0.04625417372950396","0,0,0"
46.38333333333333,124,AV,1,0,0,88,1888.2149669861096,0.5,-11.058295987210318,"0.2040909090909091,0.35751023391812864,0.3741,0.5,0.88,0.09080878306984375","0,0,0"
36.083333333333336,218,AV,1,0,0,60,3778.090807703549,0.1,-3.442578534797216,"0.1429166666666667,0.31650964187327824,0.33523333333333327,0.1,0.6,0.18169744153788722","0,0,0"
38.4,94,AV,2,0,0,50,1444.5182772575097,0.8,-11.205959969027953,"0.15683333333333332,0.3238815789473684,0.31061111111111106,0.8,0.5,0.06947034589460839","0,0,0"
46.583333333333336,232,AV,1,0,0,85,4343.557359248321,0.4,-20.438119224072487,"0.1990833333333333,0.36416666666666664,0.3821818181818182,0.4,0.85,0.2088920832022542","0,0,0"
23.6,111,AV,1,0,0,29,1614.9573615816892,0.3,-2.887348010100596,"0.18056666666666665,0.28416399999999997,0.30688333333333334,0.3,0.29,0.07766716993510497","0,0,0"
47.7,285,AV,1,0,0,90,9280.176126726552,1.0,-111.78393970829711,"0.15500000000000003,0.2973711484593837,0.33688888888888896,1.0,0.9,0.4463059108608652","0,0,0"
41.78333333333333,284,AV,1,0,0,70,8987.033628468456,0.2,-18.965061705867353,"0.16126190476190477,0.31361066666666665,0.29360416666666667,0.2,0.7,0.432207985572538","0,0,0"
34.78333333333333,247,AV,1,0,0,54,4925.450001742355,1.0,-43.263527582644336,"0.16048333333333337,0.3573845029239766,0.3339375,1.0,0.54,0.23687669494724078","0,0,0"
15.133333333333333,77,AV,1,0,0,3,1249.5878531833848,0.3,-1.432608296326406,"0.2010625,0.31951805555555557,0.35172222222222227,0.3,0.03,0.06009567462944302","0,0,0"
23.066666666666666,280,AV,1,0,0,26,8331.964781214912,0.2,-9.706598701348012,"0.17605555555555555,0.3167701612903226,0.36216666666666664,0.2,0.26,0.4007041547661289","0,0,0"
10.783333333333333,60,AV,1,0,0,1,985.8695826897422,0.8,-2.1476687542096404,"0.16653125,0.3424330357142857,0.33962500000000007,0.8,0.01,0.04741283097259167","0,0,0"
45.88333333333333,14,AV,1,0,0,85,586.3474640105957,0.2,-1.3587664717349914,"0.20507575757575758,0.36016666666666663,0.3415833333333333,0.2,0.85,0.028198854788170358","0,0,0"
26.883333333333333,114,AV,1,0,0,33,1691.6338586686718,0.2,-2.296805904067818,"0.17522222222222222,0.302156862745098,0.32342592592592595,0.2,0.33,0.08135472644337755","0,0,0"
29.283333333333335,24,AV,1,0,0,38,650.412147456106,0.1,-0.4809655484345027,"0.15326190476190477,0.34914,0.34508333333333335,0.1,0.38,0.0312798789528752","0,0,0"
10.65,271,AV,1,0,0,0,6783.106781750961,0.3,-5.472733880730889,"0.15660000000000002,0.2247492354740061,0.31570238095238096,0.3,0.0,0.32621586156939947","0,0,0"
18.283333333333335,48,AV,1,0,0,16,931.9887487728153,0.1,-0.4302995191093344,"0.1394848484848485,0.3020739247311828,0.3436333333333333,0.1,0.16,0.04482157253839216","0,0,0"
19.283333333333335,87,AV,1,0,0,16,1297.4303329633815,0.2,-1.2635748276419467,"0.14183333333333334,0.3216804407713499,0.38407575757575757,0.2,0.16,0.06239653414164128","0,0,0"
16.516666666666666,276,AV,1,0,0,9,7912.643587116454,0.8,-26.40212052132123,"0.22130303030303028,0.3614774011299435,0.3652619047619048,0.8,0.09,0.38053799359420826","0,0,0"
50.666666666666664,230,AV,1,0,0,88,4227.85786318916,0.1,-5.409380431016433,"0.21873611111111113,0.3521652777777778,0.31981250000000006,0.1,0.88,0.20332781715065273","0,0,0"
12.05,107,AV,0,0,0,17,1572.8756307612184,0.1,-2.978614933097795,"0.191537037037037,0.3295234159779614,0.38671666666666665,0.1,0.17,0.07564335864661634","0,0,0"
13.2,125,AV,1,0,0,5,1899.102970895097,0.4,-2.5321372945267964,"0.17306666666666665,0.34090740740740744,0.3546794871794872,0.4,0.05,0.09133241327208338","0,0,0"
50.266666666666666,209,AV,1,0,0,95,3487.44186130441,0.5,-22.134100702218227,"0.14057575757575758,0.2837735042735043,0.30754166666666666,0.5,0.95,0.16771943713451876","0,0,0"
38.03333333333333,137,AV,1,0,0,65,2088.64210540395,0.4,-8.024042566551877,"0.1775,0.28631779661016954,0.30804166666666666,0.4,0.65,0.10044780450125744","0,0,0"
23.366666666666667,11,AV,1,0,0,18,567.550811201735,0.6,-2.0093591851132135,"0.18066666666666667,0.269306784660767,0.29675,0.6,0.18,0.027294878706419726","0,0,0"
35.85,184,AV,1,0,0,57,2857.8751728516777,0.3,-7.761729162631262,"0.1472820512820513,0.31497267759562847,0.33083333333333337,0.3,0.57,0.13744206626346972","0,0,0"
41.416666666666664,34,AV,1,0,0,68,813.126641713825,0.6,-5.1025750117647855,"0.18168888888888887,0.30501580459770117,0.3234444444444445,0.6,0.68,0.03910520894427614","0,0,0"
47.666666666666664,69,AV,1,0,0,90,1104.4445206976068,0.6,-7.976543760593826,"0.16057692307692306,0.2879188790560472,0.30984999999999996,0.6,0.9,0.05311538391880796","0,0,0"
40.03333333333333,223,AV,1,0,0,67,3971.0791127863904,0.4,-16.058134728809613,"0.2033518518518518,0.3572146666666666,0.3491944444444444,0.4,0.67,0.19097871164626756","0,0,0"
25.15,155,AV,1,0,0,29,2382.718205806423,0.2,-3.0265334785874516,"0.16991666666666666,0.2724243827160494,0.3191481481481482,0.2,0.29,0.11459062895418437","0,0,0"
19.083333333333332,192,AV,1,0,0,12,3031.4508351358254,0.7,-10.226043115999005,"0.1611547619047619,0.2968594202898551,0.3436818181818182,0.7,0.12,0.14578973585520302","0,0,0"
50.65,175,AV,1,0,0,94,2756.9260540590044,0.1,-3.526219814093146,"0.12693589743589742,0.24113425925925921,0.280952380952381,0.1,0.94,0.1325871812054576","0,0,0"
25.316666666666666,144,AV,1,0,0,31,2218.7455195521825,0.4,-5.6738627006730065,"0.16964285714285712,0.3264096045197741,0.3934222222222223,0.4,0.31,0.1067047894942801","0,0,0"
22.166666666666668,176,AV,1,0,0,24,2793.3389947689566,0.2,-3.127222948689152,"0.15689583333333335,0.3115718157181571,0.34127777777777774,0.2,0.24,0.1343383667916745","0,0,0"
21.933333333333334,38,AV,0,0,0,64,837.3801312568858,0.6,-5.282808719025408,"0.1968541666666667,0.31878216374269003,0.34202083333333333,0.6,0.64,0.04027161738246258","0,0,0"
12.716666666666667,10,AV,1,0,0,2,548.7192496267361,0.3,-0.5286272569005046,"0.1336904761904762,0.2871814159292036,0.3116833333333333,0.3,0.02,0.02638922377844295","0,0,0"
25.55,128,AV,1,0,0,29,1922.439846447592,0.3,-3.721086217934544,"0.19963888888888892,0.3243715846994536,0.33358333333333334,0.3,0.29,0.09245473954670083","0,0,0"
23.816666666666666,75,AV,0,0,0,69,1167.011530479414,0.2,-3.9037537685648847,"0.21697619047619046,0.3340333333333333,0.31664583333333335,0.2,0.69,0.0561243813676915","0,0,0"
29.95,122,AV,1,0,0,41,1848.7234685638712,0.4,-5.592855341766459,"0.12741666666666668,0.2841842818428184,0.4021666666666667,0.4,0.41,0.08890954226515282","0,0,0"
21.833333333333332,21,AV,1,0,0,21,636.6552097563458,0.2,-0.7020356269198762,"0.18946153846153846,0.37770523415977963,0.32833333333333337,0.2,0.21,0.030618274848933116","0,0,0"
21.783333333333335,5,AV,0,0,0,62,473.5024380788758,0.1,-2.760466198050964,"0.14966666666666664,0.29995378151260504,0.30704166666666666,0.1,0.62,0.022771867046038015","0,0,0"
24.366666666666667,15,AV,1,0,0,28,595.9176043698985,0.4,-1.466719760250491,"0.19740000000000002,0.31299019607843137,0.3347727272727273,0.4,0.28,0.028659105773905864","0,0,0"
28.6,61,AV,0,0,0,91,1020.5842314575186,0.2,-3.9741772232164156,"0.19457692307692306,0.3318169642857142,0.37985416666666666,0.2,0.91,0.04908234162917255","0,0,0"
42.766666666666666,204,AV,1,0,0,72,3387.2787239910285,0.6,-21.948881832729747,"0.14180555555555555,0.2995858585858586,0.3175,0.6,0.72,0.16290235180953377","0,0,0"
48.68333333333333,132,AV,1,0,0,88,1993.780724220221,0.5,-12.255541867523705,"0.1899074074074074,0.3370251322751322,0.35609999999999997,0.5,0.88,0.09588569333476842","0,0,0"
46.583333333333336,105,AV,1,0,0,88,1552.9853059451273,0.3,-5.480547891561403,"0.1780925925925926,0.3129,0.3371944444444444,0.3,0.88,0.074686785256937","0,0,0"
24.466666666666665,129,AV,1,0,0,29,1929.5758599688188,0.6,-7.153074147561176,"0.14990476190476187,0.30420866141732283,0.3330833333333334,0.6,0.29,0.09279792753915007","0,0,0"
10.216666666666667,235,AV,0,0,0,10,4549.070920567666,0.3,-6.020934942308054,"0.14244444444444443,0.29743801652892554,0.34704999999999997,0.3,0.1,0.21877572290115335","0,0,0"
30.833333333333332,109,AV,1,0,0,47,1597.8734280578535,0.1,-1.2441354553480761,"0.16381250000000003,0.31169220430107525,0.3465625,0.1,0.47,0.07684556262848466","0,0,0"
38.78333333333333,190,AV,1,0,0,60,2968.817229463249,0.5,-14.53795810808287,"0.17787878787878786,0.34458333333333335,0.3529833333333333,0.5,0.6,0.14277753565032827","0,0,0"
16.416666666666668,62,AV,1,0,0,2,1020.7360413649084,0.2,-0.8463173406939688,"0.17353333333333332,0.34898071625344357,0.3645370370370371,0.2,0.02,0.04908964253144747","0,0,0"
36.56666666666667,293,AV,1,0,0,61,12051.378145129962,0.1,-11.128250694619167,"0.13064285714285714,0.2672083333333333,0.3180277777777778,0.1,0.61,0.5795796574055083","0,0,0"
37.266666666666666,236,AV,1,0,0,63,4549.115907877681,0.1,-4.281070357750208,"0.18725000000000003,0.2854297520661157,0.36489393939393944,0.1,0.63,0.21877788644870882","0,0,0"
41.85,288,AV,2,0,0,82,10783.100237376317,0.1,-11.395776387227244,"0.18924999999999997,0.30303043478260866,0.3904666666666667,0.1,0.82,0.518585133259083","0,0,0"
34.35,47,AV,2,0,0,52,923.9636394510808,0.2,-1.6029369199567995,"0.12965384615384615,0.30524924924924923,0.36097435897435903,0.2,0.52,0.04443562579808411","0,0,0"
27.95,74,AV,1,0,0,34,1150.2916000513435,0.4,-3.247540426407581,"0.21357575757575759,0.3478041666666666,0.34555555555555556,0.4,0.34,0.05532027984231857","0,0,0"
25.2,240,AV,1,0,0,31,4609.601315671212,0.1,-2.933382655427135,"0.1670714285714286,0.36585156249999995,0.2981333333333333,0.1,0.31,0.2216867746691962","0,0,0"
28.366666666666667,233,AV,1,0,0,33,4459.768546990965,0.4,-12.778663412421922,"0.12204761904761906,0.2805809968847352,0.3963333333333333,0.4,0.33,0.21448095773323778","0,0,0"
32.0,25,AV,2,0,0,24,658.4091024775607,0.5,-2.6602387978891344,"0.22407692307692303,0.34051969696969697,0.3325370370370371,0.5,0.24,0.03166447168540803","0,0,0"
32.95,274,AV,1,0,0,55,7130.271245067938,0.8,-47.46311869191688,"0.13570833333333332,0.2572603174603174,0.3070952380952381,0.8,0.55,0.34291183262677855","0,0,0"
39.71666666666667,283,AV,1,0,0,63,8795.495569618428,0.2,-17.642816449832253,"0.20929166666666668,0.3259775132275132,0.39736111111111116,0.2,0.63,0.42299646128116253","0,0,0"
20.316666666666666,108,AV,2,0,0,2,1596.1763216794554,0.4,-3.275654774625011,"0.13434444444444443,0.28533174603174605,0.31335,0.4,0.02,0.07676394471545202","0,0,0"
21.783333333333335,18,AV,1,0,0,18,617.4453946714843,0.1,-0.3396469405873864,"0.18056944444444445,0.30625956284153005,0.35405555555555557,0.1,0.18,0.02969442880314238","0,0,0"
35.43333333333333,286,AV,1,0,0,56,9667.56212442905,0.1,-8.650352304939462,"0.19194444444444442,0.3287566137566138,0.3618333333333333,0.1,0.56,0.4649362319020181","0,0,0"
12.116666666666667,200,AV,0,0,0,19,3269.866339895674,0.5,-7.502510162256219,"0.18438333333333332,0.3449395280235988,0.368875,0.5,0.19,0.15725570886715387","0,0,0"
41.516666666666666,194,AV,1,0,0,68,3097.4575811220984,0.8,-25.979012911027432,"0.13930555555555554,0.33891475826972006,0.3269444444444444,0.8,0.68,0.14896415846185204","0,0,0"
53.416666666666664,130,AV,1,0,0,99,1942.5668635563816,0.5,-13.101697806603962,"0.17530555555555555,0.3303786666666666,0.3743888888888889,0.5,0.99,0.09342269603599423","0,0,0"
24.383333333333333,104,AV,1,0,0,31,1530.0661682302475,1.0,-9.421240758084394,"0.21446969696969698,0.33376488095238094,0.36716666666666664,1.0,0.31,0.07358454899608351","0,0,0"
49.86666666666667,76,AV,1,0,0,92,1240.6560786390864,0.4,-6.249230618330213,"0.2385952380952381,0.35987021857923496,0.343375,0.4,0.92,0.05966612418566248","0,0,0"
19.95,46,AV,1,0,0,16,892.1845339920479,0.1,-0.449471753867206,"0.15008333333333332,0.33466416040100255,0.33005555555555555,0.1,0.16,0.042907292454561666","0,0,0"
15.833333333333334,180,AV,1,0,0,7,2835.850686157305,0.3,-3.4015885755674744,"0.1712727272727273,0.31492543859649125,0.31969444444444445,0.3,0.07,0.13638285591431848","0,0,0"
30.716666666666665,220,AV,1,0,0,42,3849.958431883558,0.1,-2.9863103493103527,"0.1324375,0.30449051490514906,0.23316666666666666,0.1,0.42,0.18515372782308936","0,0,0"
12.483333333333333,20,AV,1,0,0,1,632.5893922142865,0.2,-0.39882950738089273,"0.172,0.31746783625730995,0.31993750000000004,0.2,0.01,0.030422739939172414","0,0,0"
35.88333333333333,181,AV,1,0,0,61,2850.5966631146844,0.5,-12.915266447150493,"0.16276190476190475,0.30251293103448273,0.29125641025641025,0.5,0.61,0.13709202528649697","0,0,0"
10.866666666666667,16,AV,0,0,0,9,614.9217871931492,0.3,-3.006223491477188,"0.16314285714285717,0.3362310924369748,0.3667333333333333,0.3,0.09,0.029573062471416202","0,0,0"
31.3,142,AV,2,0,0,50,2141.869626207308,0.2,-3.385884813145896,"0.16228205128205128,0.32831232492997187,0.3270416666666667,0.2,0.5,0.10300764354209123","0,0,0"
43.13333333333333,295,AV,1,0,0,74,13430.196447392702,0.1,-14.628513638826732,"0.19267708333333336,0.31827310924369745,0.3643333333333333,0.1,0.74,0.6458903340456582","0,0,0"
13.666666666666666,265,AV,1,0,0,3,6081.635477498837,0.6,-12.593285584719814,"0.180625,0.35840544871794877,0.34647619047619055,0.6,0.03,0.29248042539751784","0,0,0"
18.9,197,AV,1,0,0,16,3206.59631480788,0.4,-6.121683873724134,"0.1637222222222222,0.32840476190476187,0.4006666666666667,0.4,0.16,0.15421290172735466","0,0,0"
34.11666666666667,88,AV,1,0,0,54,1310.9401185904849,0.1,-1.1294168445937385,"0.13301666666666667,0.29125138888888885,0.28735714285714287,0.1,0.54,0.06304625211008313","0,0,0"
31.5,163,AV,1,0,0,44,2476.7926805910606,0.2,-3.9403519918494148,"0.1656904761904762,0.30344586894586895,0.31207142857142856,0.2,0.44,0.1191148959060364","0,0,0"
36.35,222,AV,1,0,0,60,3958.913906791885,0.2,-7.268006086458841,"0.19827083333333334,0.35883908045977014,0.37799999999999995,0.2,0.6,0.1903936577347851","0,0,0"
51.18333333333333,126,AV,1,0,0,98,1900.764377468582,0.1,-2.4567539575782895,"0.1789,0.35111962365591404,0.37452777777777774,0.1,0.98,0.09141231429593938","0,0,0"
44.766666666666666,281,AV,1,0,0,79,8348.421721831439,0.2,-18.875303657272095,"0.13876190476190475,0.3463272171253823,0.3396176470588235,0.2,0.79,0.4014956084811817","0,0,0"
44.71666666666667,146,AV,1,0,0,79,2255.9253983027734,0.1,-2.5474107086053626,"0.16585185185185186,0.29072126436781615,0.2977222222222221,0.1,0.79,0.1084928589689197","0,0,0"
42.71666666666667,224,AV,1,0,0,72,3987.5502105766736,0.4,-17.205540723414167,"0.18351960784313726,0.314900900900901,0.32173611111111117,0.4,0.72,0.1917708462137355","0,0,0"
49.93333333333333,266,AV,1,0,0,93,6130.868263041086,0.1,-7.730673954575376,"0.16969696969696973,0.31437606837606835,0.34061904761904765,0.1,0.93,0.29484814804583803","0,0,0"
32.483333333333334,205,AV,2,0,0,30,3389.778327720714,0.1,-2.7805883673096266,"0.16208333333333333,0.3034125,0.30272916666666666,0.1,0.3,0.16302256374345986","0,0,0"
23.583333333333332,161,AV,1,0,0,28,2446.4664131825853,0.6,-8.741792865286257,"0.12839583333333335,0.300491452991453,0.3156111111111111,0.6,0.28,0.11765643302624577","0,0,0"
15.7,152,AV,1,0,0,6,2326.172138461347,0.2,-1.8444900289819772,"0.2118333333333333,0.3075588235294118,0.37336363636363634,0.2,0.06,0.11187119305691051","0,0,0"
52.483333333333334,208,AV,1,0,0,95,3480.90175047103,0.6,-27.680201040993115,"0.2121666666666667,0.2985577956989247,0.38416666666666666,0.6,0.95,0.1674049075304721","0,0,0"
22.2,72,AV,1,0,0,25,1122.7546975855585,0.2,-1.2588461760807776,"0.16355128205128205,0.3378290229885058,0.2746458333333333,0.2,0.25,0.05399596420763093","0,0,0"
25.816666666666666,110,AV,1,0,0,32,1614.9493849180149,0.5,-5.264218428531155,"0.14333333333333334,0.3322818181818182,0.3086190476190476,0.5,0.32,0.07766678631823196","0,0,0"
45.833333333333336,294,AV,1,0,0,83,12197.400506638176,0.3,-42.352085092493674,"0.1197777777777778,0.3172015873015873,0.3628484848484848,0.3,0.83,0.5866022227285186","0,0,0"
33.983333333333334,198,AV,1,0,0,53,3245.380745418587,0.1,-2.785072112756103,"0.21470833333333336,0.3551137566137566,0.34616666666666673,0.1,0.53,0.156078137946426","0,0,0"
15.633333333333333,165,AV,1,0,0,7,2530.9644311939346,0.6,-5.995062213282602,"0.17384999999999998,0.3704986338797813,0.3710625,0.6,0.07,0.12172014522087579","0,0,0"
34.63333333333333,13,AV,1,0,0,56,583.3206434887895,0.8,-4.081280461850858,"0.1593472222222222,0.311159891598916,0.38093333333333335,0.8,0.56,0.028053287735180215","0,0,0"
36.35,37,AV,1,0,0,61,832.4581618945489,0.1,-0.7641377319410821,"0.18452380952380956,0.34812799999999994,0.31175,0.1,0.61,0.040034908079806066","0,0,0"
21.833333333333332,173,AV,1,0,0,18,2747.619709803412,0.4,-6.059565353270151,"0.12956060606060607,0.2550997267759562,0.27649999999999997,0.4,0.18,0.13213961680656489","0,0,0"
31.183333333333334,65,AV,1,0,0,49,1083.524948441525,0.2,-1.7064605879916614,"0.183,0.33805952380952387,0.36050000000000004,0.2,0.49,0.05210931155303881","0,0,0"
23.466666666666665,158,AV,1,0,0,27,2417.357356239525,0.2,-2.865016125913511,"0.20788095238095233,0.3445192837465564,0.35601666666666665,0.2,0.27,0.11625650871491097","0,0,0"
38.4,238,AV,1,0,0,65,4569.840806868062,0.1,-4.4313607824175145,"0.1554871794871795,0.2930347826086957,0.31513888888888886,0.1,0.65,0.21977459651057532","0,0,0"
25.35,135,AV,1,0,0,32,2052.607856914241,0.2,-2.6279600592311123,"0.1534722222222222,0.31062737127371276,0.3042121212121212,0.2,0.32,0.09871483113148809","0,0,0"
52.93333333333333,156,AV,1,0,0,97,2401.1770329784995,0.1,-3.209654148459476,"0.20341228070175435,0.3379351032448378,0.29311111111111116,0.1,0.97,0.11547835819142706","0,0,0"
19.95,219,AV,1,0,0,19,3824.993837156676,0.2,-3.8539710631957416,"0.15622916666666667,0.34131404958677686,0.3406666666666667,0.2,0.19,0.18395312063237393","0,0,0"
26.833333333333332,96,AV,0,0,0,88,1460.8215047913693,0.3,-5.469599271103667,"0.1806547619047619,0.3171814159292035,0.3218518518518519,0.3,0.88,0.07025440717912602","0,0,0"
42.1,234,AV,1,0,0,70,4547.885280126284,0.6,-29.009995498987358,"0.16481111111111113,0.31386554621848733,0.31472222222222224,0.6,0.7,0.2187187026108142","0,0,0"
41.53333333333333,17,AV,1,0,0,68,615.3970356119416,0.1,-0.6454416720307065,"0.13661111111111113,0.3094417989417989,0.2784583333333333,0.1,0.68,0.029595918306859183","0,0,0"
38.95,248,AV,1,0,0,65,4950.268578812107,0.1,-4.869014170321505,"0.11021794871794871,0.23629523809523814,0.2674722222222222,0.1,0.65,0.238070279798878","0,0,0"
29.75,136,AV,1,0,0,40,2078.9202215407213,0.3,-4.68544519627549,"0.20477083333333332,0.35496957671957674,0.3465,0.3,0.4,0.09998025580674873","0,0,0"
28.65,134,AV,1,0,0,36,2046.5713793034688,0.6,-8.883980305612784,"0.12219999999999999,0.32282283464566924,0.31202083333333336,0.6,0.36,0.09842452245612708","0,0,0"
17.3,201,AV,1,0,0,9,3274.575105225111,0.2,-2.8611186525451733,"0.18150000000000002,0.34047536231884057,0.3527361111111111,0.2,0.09,0.15748216467690215","0,0,0"
51.06666666666667,268,AV,1,0,0,92,6434.117121135291,0.3,-24.89158441812946,"0.1393809523809524,0.2844373088685015,0.30087254901960786,0.3,0.92,0.3094321123996473","0,0,0"
48.93333333333333,1,AV,1,0,0,90,424.9057127261393,0.4,-2.1002073612187626,"0.18628333333333333,0.30173441734417344,0.3014761904761905,0.4,0.9,0.020434734056617176","0,0,0"
12.933333333333334,151,AV,1,0,0,4,2318.2944376966047,0.2,-1.5143068044213515,"0.13452777777777775,0.2577407407407407,0.26216666666666666,0.2,0.04,0.11149233554738845","0,0,0"
42.63333333333333,131,AV,1,0,0,71,1945.516475481125,0.3,-6.2836251821726234,"0.11915277777777776,0.2916293103448276,0.3232407407407407,0.3,0.71,0.09356454994251304","0,0,0"
40.25,279,AV,1,0,0,67,8134.997760071039,0.4,-33.07410705483428,"0.1723333333333333,0.3354416666666667,0.3393076923076923,0.4,0.67,0.39123153866695837","0,0,0"
42.7,54,AV,1,0,0,70,954.0002559944874,0.5,-5.14341047108139,"0.18390000000000004,0.3484084699453552,0.36333333333333334,0.5,0.7,0.045880158673594545","0,0,0"
46.36666666666667,45,AV,1,0,0,87,877.6907461205365,0.2,-2.055333043524691,"0.16671666666666662,0.29828236914600553,0.36818518518518517,0.2,0.87,0.04221025145992046","0,0,0"
47.88333333333333,243,AV,2,0,0,92,4645.51881630073,0.3,-16.851736817212117,"0.15050000000000002,0.2947575757575757,0.3448333333333333,0.3,0.92,0.22341413335457028","0,0,0"
28.366666666666667,53,AV,1,0,0,35,946.2003450753726,0.4,-2.7111666453169767,"0.15992592592592594,0.3214430555555555,0.3491818181818182,0.4,0.35,0.04550504226418034","0,0,0"
51.0,64,AV,1,0,0,97,1052.4070316009115,0.9,-12.198354229919655,"0.19994047619047617,0.32850151515151516,0.3613333333333334,0.9,0.97,0.05061277635478482","0,0,0"
28.266666666666666,196,AV,1,0,0,36,3197.7177395395383,0.8,-18.260367967202214,"0.1816111111111111,0.3175765765765766,0.320625,0.8,0.36,0.15378590976425258","0,0,0"
