travel_time,id,kind,action,origin,destination,start_time,income,urgency,reward,observation,cost_table
33.28333333333333,101,AV,2,0,0,49,1503.4428459110418,0.2,-2.527251989296591,"0.2264761904761905,0.27171199999999995,0.3554767441860466,0.2,0.49,0.0723041696201366","0,0,0"
26.25,255,AV,1,0,0,48,5590.116807812239,0.1,-3.7055698536634156,"0.21292156862745096,0.2992729885057471,0.36255855855855856,0.1,0.48,0.26884211459565416","0,0,0"
30.216666666666665,99,AV,1,0,0,61,1485.5718097438446,0.3,-3.400683953365644,"0.17992424242424246,0.25258589743589743,0.3273815789473684,0.3,0.61,0.07144470866102204","0,0,0"
48.083333333333336,52,AV,2,0,0,95,946.1123250925148,0.4,-4.595175181636205,"0.23412280701754384,0.27527067669172933,0.35003070175438594,0.4,0.95,0.04550080917225548","0,0,0"
33.35,299,AV,1,0,0,71,20793.30768626012,0.1,-17.511535639817552,"0.24168666666666674,0.29331794871794875,0.32962380952380954,0.1,0.71,1.0","0,0,0"
44.483333333333334,278,AV,2,0,0,85,8029.700924090037,0.2,-18.039791049155145,"0.1803611111111111,0.25219298245614036,0.3191805555555555,0.2,0.85,0.386167561469594","0,0,0"
37.63333333333333,199,AV,1,0,0,86,3257.3450634265246,0.2,-6.191149118869607,"0.21955303030303036,0.2654253333333333,0.3487868217054263,0.2,0.86,0.15665353067318508","0,0,0"
27.6,157,AV,1,0,0,53,2411.397471856681,0.1,-1.6806709652334444,"0.20184482758620687,0.25752479338842976,0.3286333333333333,0.1,0.53,0.11596988359144483","0,0,0"
34.75,23,AV,2,0,0,48,646.5589615252754,0.3,-1.7021154479547969,"0.2239385964912281,0.2665839793281653,0.33563492063492073,0.3,0.48,0.031094570006892704","0,0,0"
30.766666666666666,40,AV,1,0,0,63,857.6590975250949,0.1,-0.6663462516966857,"0.21685416666666665,0.31290852130325814,0.38010606060606067,0.1,0.63,0.041246881470994735","0,0,0"
37.68333333333333,162,AV,1,0,0,91,2476.7673195544394,0.5,-11.784450567156115,"0.2047051282051282,0.2562666666666667,0.3119313725490196,0.5,0.91,0.11911367623300487","0,0,0"
40.983333333333334,239,AV,1,0,0,98,4577.590037133467,0.1,-4.737497433211782,"0.16252000000000003,0.25028616352201255,0.3167307692307693,0.1,0.98,0.22014727556589106","0,0,0"
27.866666666666667,106,AV,1,0,0,54,1567.0706205360798,1.0,-11.027533996365005,"0.21406666666666666,0.28109502923976604,0.3410277777777778,1.0,0.54,0.07536418179256658","0,0,0"
17.283333333333335,251,AV,1,0,0,17,5003.647877951615,0.6,-13.10298699352481,"0.21007894736842103,0.27738242894056847,0.34005158730158735,0.6,0.17,0.24063741822365012","0,0,0"
37.06666666666667,4,AV,1,0,0,87,465.3670128771111,0.3,-1.30678817757411,"0.21094117647058824,0.27303759398496247,0.3589408602150538,0.3,0.87,0.0223806149506756","0,0,0"
30.55,26,AV,0,0,0,86,676.2529471816457,0.1,-3.0217052408181635,"0.1815606060606061,0.2772196382428941,0.3531236559139785,0.1,0.86,0.03252262494189429","0,0,0"
40.03333333333333,229,AV,1,0,0,95,4223.122456076251,0.1,-4.269335075545099,"0.223731884057971,0.30321174863387973,0.3754555555555556,0.1,0.95,0.20310008007368746","0,0,0"
15.233333333333333,282,AV,1,0,0,5,8475.089255911002,0.3,-9.780595429170017,"0.2387280701754386,0.2817723880597015,0.34561711711711723,0.3,0.05,0.40758735376725097","0,0,0"
23.516666666666666,39,AV,1,0,0,34,849.0657401736111,0.8,-4.033776967626146,"0.1506590909090909,0.24478535353535352,0.3471515151515151,0.8,0.34,0.040833606321069346","0,0,0"
40.05,258,AV,2,0,0,79,5721.231751015957,0.1,-5.786245748186594,"0.20287037037037037,0.2545460199004975,0.34141228070175444,0.1,0.79,0.2751477464451918","0,0,0"
13.416666666666666,167,AV,1,0,0,7,2561.5826276178027,0.3,-2.603628807111529,"0.22066111111111109,0.28058479532163744,0.3448297101449275,0.3,0.07,0.12319264766665551","0,0,0"
35.266666666666666,116,AV,1,0,0,76,1716.9764066453156,0.2,-3.058183566045024,"0.16928666666666664,0.2658027777777778,0.35897407407407406,0.2,0.76,0.08257351031167907","0,0,0"
32.916666666666664,68,AV,2,0,0,33,1100.389953660579,0.1,-0.9146759926261127,"0.22160416666666663,0.3066904761904761,0.3822374999999999,0.1,0.33,0.052920390072797266","0,0,0"
36.3,179,AV,1,0,0,85,2818.3733061874163,0.1,-2.5835088640051316,"0.15029861111111112,0.2551246105919003,0.3272857142857143,0.1,0.85,0.13554232682517134","0,0,0"
33.36666666666667,6,AV,1,0,0,73,491.0984231068265,0.3,-1.2413876806311444,"0.18277956989247313,0.2702603174603174,0.36787837837837833,0.3,0.73,0.023618100136676975","0,0,0"
40.86666666666667,169,AV,1,0,0,98,2645.062412614309,0.3,-8.18900635824531,"0.1783697916666667,0.24486933333333333,0.3079141414141414,0.3,0.98,0.1272073905952983","0,0,0"
11.616666666666667,264,AV,1,0,0,1,5912.288420941998,0.1,-1.734370803618086,"0.20305555555555557,0.25935545722713865,0.3155487804878049,0.1,0.01,0.28433611958951305","0,0,0"
41.833333333333336,12,AV,1,0,0,95,571.0932451196882,0.1,-0.6033013658461353,"0.2494506172839506,0.27734848484848484,0.3334298245614034,0.1,0.95,0.027465242843352784","0,0,0"
23.766666666666666,93,AV,2,0,0,10,1434.4967426379471,0.1,-0.8609395433508892,"0.24856666666666669,0.32016801075268814,0.3795322580645161,0.1,0.1,0.06898838627708276","0,0,0"
9.166666666666666,297,AV,0,0,0,4,17693.100214811147,0.1,-6.595625049724803,"0.17988405797101448,0.2756957070707071,0.3286047619047619,0.1,0.04,0.8509035927219247","0,0,0"
38.9,187,AV,2,0,0,81,2909.8477340427667,0.2,-5.7168220633466476,"0.21445333333333327,0.3005365853658536,0.36244444444444446,0.2,0.81,0.13994155128890565","0,0,0"
18.933333333333334,22,AV,1,0,0,7,640.5426603936758,0.1,-0.3062527197841817,"0.23409259259259257,0.2988104325699746,0.35095312500000003,0.1,0.07,0.03080523166677017","0,0,0"
26.316666666666666,166,AV,1,0,0,48,2553.8725848963804,0.2,-3.3944148245382024,"0.20823484848484847,0.2681068702290077,0.3520945945945946,0.2,0.48,0.122821853234247","0,0,0"
24.433333333333334,245,AV,1,0,0,40,4689.4303597647895,0.1,-2.893394321302686,"0.20156666666666667,0.26809562841530055,0.33551250000000005,0.1,0.4,0.22552594471842924","0,0,0"
34.3,0,AV,1,0,0,76,417.8295094645922,0.3,-1.0857236495935993,"0.2692608695652174,0.32743410852713184,0.38424122807017547,0.3,0.76,0.02009442248289757","0,0,0"
28.55,242,AV,1,0,0,52,4635.813442599864,0.7,-23.395639305646032,"0.1612941176470588,0.2638630490956072,0.3565606060606061,0.7,0.52,0.222947378673338","0,0,0"
36.43333333333333,79,AV,1,0,0,87,1260.3927948639828,0.2,-2.3192076174854095,"0.2076989247311828,0.2961420765027323,0.3467027027027027,0.2,0.87,0.06061531017005197","0,0,0"
32.483333333333334,244,AV,1,0,0,71,4687.914961676448,0.7,-26.918023494171624,"0.21314166666666665,0.2755271317829457,0.3285735294117647,0.7,0.71,0.22545306559254863","0,0,0"
15.516666666666667,32,AV,1,0,0,12,806.3598325453933,0.1,-0.31596001856050554,"0.19970370370370372,0.2699825268817205,0.3549512195121951,0.1,0.12,0.03877977687399022","0,0,0"
21.25,215,AV,1,0,0,31,3742.7752140142647,0.3,-6.025301007409328,"0.2431543209876543,0.2847358757062147,0.36305855855855845,0.3,0.31,0.17999902999980277","0,0,0"
17.583333333333332,91,AV,1,0,0,18,1405.7852601227096,1.0,-6.242017884804119,"0.23543333333333336,0.2898373015873016,0.3563162393162393,1.0,0.18,0.06760758227281125","0,0,0"
19.583333333333332,102,AV,1,0,0,24,1509.578116022191,0.1,-0.7465295817870683,"0.22970454545454544,0.2922090395480225,0.3736916666666667,0.1,0.24,0.07259922946360745","0,0,0"
40.0,214,AV,1,0,0,96,3628.2404526711953,0.1,-3.664889346132521,"0.15263541666666666,0.2679890510948905,0.34577777777777774,0.1,0.96,0.17449077883210845","0,0,0"
39.68333333333333,226,AV,1,0,0,93,4116.183110063293,0.9,-37.123606004017795,"0.1781031746031746,0.22884453781512604,0.2967393162393162,0.9,0.93,0.1979571106324368","0,0,0"
28.7,147,AV,0,0,0,81,2276.662146114732,0.5,-10.750025706249092,"0.17257638888888888,0.2990555555555556,0.3372638888888889,0.5,0.81,0.1094901388690128","0,0,0"
16.216666666666665,89,AV,1,0,0,14,1348.5865378412918,0.5,-2.761310398399783,"0.17490404040404037,0.25302011494252874,0.3196910569105691,0.5,0.14,0.06485675863549194","0,0,0"
34.93333333333333,262,AV,2,0,0,42,5899.132481879994,0.4,-20.815794077475534,"0.17124305555555555,0.2679273504273504,0.328079365079365,0.4,0.42,0.2837034189504176","0,0,0"
37.583333333333336,217,AV,1,0,0,88,3759.463069718096,0.1,-3.568008931908379,"0.25344,0.27686962365591394,0.3569146341463415,0.1,0.88,0.18080158897481655","0,0,0"
17.366666666666667,153,AV,1,0,0,17,2337.3116255789537,0.4,-4.1001325149044945,"0.18532666666666667,0.2595230352303523,0.3310811965811966,0.4,0.17,0.11240691768935884","0,0,0"
32.78333333333333,143,AV,2,0,0,31,2212.8825544422834,0.1,-1.8319612729747357,"0.22370454545454543,0.2839252873563219,0.3285567375886525,0.1,0.31,0.1064228254509272","0,0,0"
22.466666666666665,63,AV,1,0,0,34,1046.6558973464134,0.3,-1.7814294818471783,"0.20655000000000004,0.2298307086614173,0.30132905982905983,0.3,0.34,0.05033619052528265","0,0,0"
42.31666666666667,8,AV,1,0,0,97,541.9839687696077,0.2,-1.158331057833362,"0.21754487179487175,0.2864294403892945,0.33303086419753086,0.2,0.97,0.026065307980208553","0,0,0"
29.35,33,AV,1,0,0,56,807.7368269013535,0.2,-1.1973270641189258,"0.2161728395061729,0.2666456692913386,0.31577777777777777,0.2,0.56,0.0388459998326814","0,0,0"
43.166666666666664,100,AV,2,0,0,84,1490.1599361877834,0.2,-3.248749355830268,"0.24377777777777776,0.28257492354740055,0.35195652173913045,0.2,0.84,0.07166536265764283","0,0,0"
26.85,56,AV,1,0,0,48,968.7072844723906,0.1,-0.6568128936384771,"0.20848809523809528,0.30446017699115047,0.35417204301075267,0.1,0.48,0.04658745492005087","0,0,0"
33.21666666666667,19,AV,2,0,0,54,626.2908344343901,0.1,-0.5253357041362541,"0.15178070175438596,0.24952473958333332,0.3221782945736434,0.1,0.54,0.03011982720037529","0,0,0"
29.816666666666666,81,AV,2,0,0,17,1261.43865123121,0.2,-1.8995906961722517,"0.2155490196078431,0.28244961240310085,0.3341875,0.2,0.17,0.060665607909257666","0,0,0"
34.85,73,AV,2,0,0,40,1135.438045570021,0.3,-2.997728476372366,"0.18708730158730164,0.26022055137844613,0.3365555555555555,0.3,0.4,0.0546059368091927","0,0,0"
29.816666666666666,95,AV,1,0,0,59,1457.5875839824732,0.3,-3.2924547825058643,"0.22925555555555557,0.26962831858407077,0.35143162393162386,0.3,0.59,0.07009888017699192","0,0,0"
22.8,121,AV,1,0,0,35,1836.3970218708375,0.1,-1.0573194974407853,"0.19340555555555558,0.26468518518518513,0.3659705882352941,0.1,0.35,0.08831673390204767","0,0,0"
40.016666666666666,256,AV,1,0,0,94,5611.673516276995,0.3,-17.012156707804373,"0.14848765432098765,0.2615781710914454,0.3340208333333333,0.3,0.94,0.26987882836866295","0,0,0"
43.11666666666667,287,AV,2,0,0,94,10751.672106064549,0.8,-93.65177016292589,"0.22650574712643678,0.2816165191740413,0.3344780701754387,0.8,0.94,0.5170736791034491","0,0,0"
33.56666666666667,193,AV,1,0,0,72,3064.640983136323,0.6,-15.586330656657966,"0.18594047619047618,0.274759090909091,0.3493761904761905,0.6,0.72,0.14738592961625765","0,0,0"
36.7,270,AV,1,0,0,89,6709.13861087917,0.6,-37.30687682110085,"0.2304691358024692,0.28531571815718165,0.3281805555555556,0.6,0.89,0.32265855495960655","0,0,0"
12.9,133,AV,1,0,0,6,2044.1603053436156,0.1,-0.665900705528602,"0.22504022988505754,0.2627713864306785,0.3514015151515151,0.1,0.06,0.09830856813100321","0,0,0"
33.45,275,AV,2,0,0,37,7336.658338656486,0.3,-18.591759199095414,"0.23628472222222224,0.28037239583333334,0.36205263157894735,0.3,0.37,0.35283748258601644","0,0,0"
42.11666666666667,172,AV,2,0,0,75,2744.255474143275,0.6,-17.51195349282842,"0.2072976190476191,0.2851005291005291,0.3492407407407407,0.6,0.75,0.13197782265092123","0,0,0"
20.6,206,AV,1,0,0,32,3438.9188747307694,0.3,-5.366797637837413,"0.20285964912280702,0.2909193548387097,0.34918181818181815,0.3,0.32,0.16538585041970746","0,0,0"
36.266666666666666,97,AV,1,0,0,84,1474.5167950508735,0.9,-12.153592977389017,"0.19416666666666668,0.2832170542635659,0.35094907407407405,0.9,0.84,0.07091304650992157","0,0,0"
28.35,3,AV,2,0,0,10,457.16351791608827,0.6,-1.963725111048652,"0.1595,0.2774210526315789,0.32789583333333333,0.6,0.1,0.021986089217454062","0,0,0"
37.53333333333333,7,AV,1,0,0,89,508.6019702527906,0.1,-0.4820587697850524,"0.19342028985507248,0.24670588235294116,0.32301754385964915,0.1,0.89,0.024459887668034006","0,0,0"
23.65,246,AV,1,0,0,37,4818.617258984985,0.2,-5.7555706148987325,"0.25314285714285717,0.3027881355932204,0.36485620915032685,0.2,0.37,0.23173885231203734","0,0,0"
28.8,66,AV,0,0,0,74,1089.3140785512585,0.2,-4.084456841529104,"0.21470000000000006,0.3035067204301075,0.3713888888888889,0.2,0.74,0.052387724694280345","0,0,0"
12.55,254,AV,0,0,0,12,5557.427333357366,0.2,-6.022510759274493,"0.2338222222222222,0.28442916666666657,0.3253541666666667,0.2,0.12,0.26726999942532587","0,0,0"
25.366666666666667,90,AV,1,0,0,46,1365.417472605012,0.5,-4.373243672779521,"0.1822063492063492,0.26750406504065044,0.3551911764705882,0.5,0.46,0.06566619862539994","0,0,0"
33.03333333333333,27,AV,1,0,0,72,720.4688823460104,0.8,-4.807977524612096,"0.24709195402298853,0.276316,0.36545833333333333,0.8,0.72,0.034649075232127916","0,0,0"
29.883333333333333,189,AV,1,0,0,58,2965.4163440895786,0.1,-2.2377910374379693,"0.20594791666666665,0.29556000000000004,0.34000854700854705,0.1,0.58,0.14261397892212588","0,0,0"
28.9,250,AV,1,0,0,55,4967.653125719208,0.1,-3.625383215486998,"0.28667424242424244,0.2981888888888889,0.3394097222222222,0.1,0.55,0.2389063443235514","0,0,0"
34.75,252,AV,1,0,0,83,5144.150368411208,0.1,-4.514121851067916,"0.28892028985507245,0.3104133333333334,0.3586626984126985,0.1,0.83,0.2473945197189757","0,0,0"
27.533333333333335,85,AV,1,0,0,48,1282.6858023855964,0.3,-2.6755011938649056,"0.2051666666666667,0.28719066666666665,0.34952592592592585,0.3,0.48,0.06168743432932387","0,0,0"
37.18333333333333,51,AV,1,0,0,87,943.1907669438916,0.2,-1.7712614486968197,"0.23552380952380955,0.2721977401129943,0.33233739837398374,0.2,0.87,0.04536030443906415","0,0,0"
10.15,42,AV,0,0,0,14,870.7377108213431,0.2,-2.9463630184260925,"0.2084761904761905,0.27781578947368424,0.3526666666666666,0.2,0.14,0.04187586332869553","0,0,0"
14.4,149,AV,1,0,0,6,2294.767722006211,0.1,-0.8344609898204405,"0.168025,0.29618491484184917,0.3480707070707071,0.1,0.06,0.11036087940556741","0,0,0"
32.56666666666667,141,AV,2,0,0,21,2139.4702648744856,0.6,-10.556881054456426,"0.22693333333333335,0.3096167883211678,0.40369642857142857,0.6,0.21,0.10289225250527183","0,0,0"
31.3,160,AV,1,0,0,66,2436.431929205765,0.5,-9.628828205068237,"0.15675000000000003,0.24650645994832043,0.32929444444444445,0.5,0.66,0.11717385064309511","0,0,0"
15.616666666666667,291,AV,0,0,0,21,11515.391842589095,0.6,-29.747278172994903,"0.2620654761904762,0.325369623655914,0.39395614035087717,0.6,0.21,0.5538027915682833","0,0,0"
29.9,113,AV,2,0,0,16,1635.9686818612918,0.1,-1.2352389794861773,"0.2913166666666666,0.3162265625,0.357111111111111,0.1,0.16,0.07867765468320913","0,0,0"
21.75,120,AV,2,0,0,10,1809.16611953512,0.1,-0.9936707853507287,"0.22103508771929825,0.2785508474576271,0.33317129629629627,0.1,0.1,0.08700713454697676","0,0,0"
28.85,203,AV,2,0,0,36,3382.383844415393,0.2,-4.928372419766873,"0.19348484848484848,0.2579056047197639,0.34902777777777777,0.2,0.36,0.16266694531964326","0,0,0"
10.4,98,AV,0,0,0,13,1474.807688008607,0.1,-2.8873232311941797,"0.22229365079365077,0.260425,0.3199512195121952,0.1,0.13,0.07092703624941481","0,0,0"
26.166666666666668,28,AV,1,0,0,47,736.5379020629116,0.3,-1.4600561947459232,"0.19205263157894734,0.26370533333333335,0.3415217391304347,0.3,0.47,0.03542187290142414","0,0,0"
27.333333333333332,257,AV,1,0,0,53,5702.891177591027,0.4,-15.745356113214285,"0.1644285714285714,0.2588214285714286,0.33811347517730495,0.4,0.53,0.27426570431405706","0,0,0"
43.1,159,AV,2,0,0,73,2421.0391237858234,0.5,-13.175099272117299,"0.195,0.2563049095607235,0.31820542635658916,0.5,0.73,0.11643357373995898","0,0,0"
30.45,112,AV,1,0,0,62,1628.9397076974285,0.3,-3.7576677348020224,"0.20039102564102562,0.27474,0.36914102564102563,0.3,0.62,0.07833961446998668","0,0,0"
18.533333333333335,237,AV,1,0,0,22,4559.760277629775,0.5,-10.670146104217825,"0.21748809523809523,0.28572739018087856,0.33864062500000003,0.5,0.22,0.21928979970044837","0,0,0"
28.95,86,AV,1,0,0,54,1293.252850487379,0.1,-0.9454462126669095,"0.2102463768115942,0.28508465608465605,0.3738333333333334,0.1,0.54,0.06219562899759039","0,0,0"
35.11666666666667,170,AV,2,0,0,45,2667.9339807116767,0.1,-2.365882532558713,"0.22889285714285712,0.28431794871794874,0.3475181159420289,0.1,0.45,0.12830733911924","0,0,0"
48.45,49,AV,2,0,0,100,932.0432837729122,0.6,-6.842045014969333,"0.22639130434782612,0.26847967479674806,0.33745075757575754,0.6,1.0,0.04482419525724574","0,0,0"
7.05,186,AV,0,0,0,4,2909.5116230827134,0.1,-3.0179812359276044,"0.20611538461538462,0.2621904761904762,0.3339912280701755,0.1,0.04,0.13992538690731113","0,0,0"
33.45,103,AV,1,0,0,74,1527.6889462703334,0.8,-10.32347378843286,"0.26189473684210524,0.29860024154589376,0.3553686868686869,0.8,0.74,0.07347022269476662","0,0,0"
39.5,44,AV,1,0,0,95,877.2934597877683,0.3,-2.625234216789155,"0.221,0.24642968749999997,0.33720940170940167,0.3,0.95,0.04219114500803879","0,0,0"
36.03333333333333,30,AV,1,0,0,82,777.0630287344238,0.1,-0.7070750286716433,"0.2113095238095238,0.2800186666666667,0.34186764705882344,0.1,0.82,0.037370823365822384","0,0,0"
35.28333333333333,82,AV,1,0,0,81,1265.4739572733297,0.7,-7.892701419542705,"0.1777166666666667,0.26258593750000003,0.3337882882882883,0.7,0.81,0.060859675447862215","0,0,0"
17.183333333333334,50,AV,1,0,0,16,938.3100494872764,0.2,-0.8143077954725437,"0.20377777777777784,0.28544305555555555,0.3472148148148148,0.2,0.16,0.04512557903941836","0,0,0"
29.383333333333333,138,AV,1,0,0,56,2105.159940183184,0.2,-3.124071527393059,"0.21278666666666665,0.29816533333333334,0.34506249999999994,0.2,0.56,0.10124218676253416","0,0,0"
33.86666666666667,92,AV,0,0,0,98,1434.2863071033526,0.3,-6.179886080851025,"0.2202173913043479,0.2677520661157025,0.338412037037037,0.3,0.98,0.06897826592789302","0,0,0"
45.0,71,AV,2,0,0,99,1117.0806745336297,0.1,-1.2694098574245791,"0.2030925925925926,0.2667277777777778,0.3299901960784314,0.1,0.99,0.05372308684066549","0,0,0"
22.6,273,AV,1,0,0,33,7099.697064525982,1.0,-40.51847314603212,"0.19291666666666668,0.27297767857142863,0.3447463768115942,1.0,0.33,0.3414414470102487","0,0,0"
26.816666666666666,41,AV,1,0,0,48,861.805442805673,0.2,-1.1672095601635757,"0.20869444444444446,0.27840740740740744,0.3417826086956522,0.2,0.48,0.04144628915269407","0,0,0"
28.15,267,AV,2,0,0,17,6427.339783247283,0.6,-27.413578014910758,"0.19227777777777777,0.265505291005291,0.32525416666666657,0.6,0.17,0.3091061739780037","0,0,0"
40.25,148,AV,1,0,0,95,2280.385817754286,0.2,-4.635632786091415,"0.2417716049382716,0.27171739130434786,0.34616319444444443,0.2,0.95,0.10966921916233309","0,0,0"
33.28333333333333,174,AV,2,0,0,55,2753.3979495063454,0.5,-11.570992645547499,"0.2241333333333333,0.2592407407407407,0.3376271929824562,0.5,0.55,0.13241750620204337","0,0,0"
17.233333333333334,115,AV,1,0,0,11,1703.2333497257905,0.5,-3.7061096035700074,"0.21513492063492062,0.3131487179487179,0.3756324786324787,0.5,0.11,0.08191257376772525","0,0,0"
36.266666666666666,80,AV,1,0,0,86,1260.6549751070208,0.4,-4.618156945846595,"0.18941666666666668,0.26087499999999997,0.33714393939393944,0.4,0.86,0.06062791904628244","0,0,0"
39.96666666666667,241,AV,1,0,0,95,4630.913868273173,1.0,-46.73792700386814,"0.22438636363636366,0.27420089285714283,0.34006884057971015,1.0,0.95,0.22271174640161776","0,0,0"
12.533333333333333,216,AV,1,0,0,1,3758.845856207275,0.4,-4.758673541865103,"0.24529761904761901,0.3093488700564972,0.361,0.4,0.01,0.18077190569786353","0,0,0"
38.56666666666667,140,AV,2,0,0,72,2137.1188228190404,0.3,-6.244056762630379,"0.1609679487179487,0.25488930348258704,0.3029611111111111,0.3,0.72,0.10277916602134513","0,0,0"
36.75,57,AV,1,0,0,89,969.457736312404,0.2,-1.7993723136101438,"0.20763043478260873,0.2980284237726098,0.37114035087719294,0.2,0.89,0.04662354594757456","0,0,0"
25.016666666666666,36,AV,1,0,0,40,818.0604611907775,0.1,-0.5167966128987193,"0.1823390804597701,0.27131092436974785,0.332452380952381,0.1,0.4,0.03934248814734457","0,0,0"
48.833333333333336,290,AV,2,0,0,95,11185.875164713363,0.4,-55.17611823671743,"0.20341666666666666,0.28936155913978495,0.3380964912280702,0.4,0.95,0.5379555448075637","0,0,0"
24.8,150,AV,1,0,0,42,2302.618320259251,0.3,-4.326131389577987,"0.23477777777777778,0.285156862745098,0.3416823899371069,0.3,0.42,0.11073843349034766","0,0,0"
37.61666666666667,185,AV,2,0,0,67,2891.134206742707,0.9,-24.717007214463223,"0.22768749999999996,0.2932714646464646,0.3609880952380952,0.9,0.67,0.13904157291209238","0,0,0"
22.616666666666667,207,AV,1,0,0,34,3465.4556083993225,0.4,-7.916874176090709,"0.2329202898550725,0.2883239247311828,0.3569496124031008,0.4,0.34,0.1666620655399256","0,0,0"
34.7,298,AV,1,0,0,80,19040.472291926453,0.2,-33.36890851160848,"0.20438333333333333,0.28350988700564966,0.3604583333333333,0.2,0.8,0.91570194503052","0,0,0"
31.383333333333333,191,AV,1,0,0,65,2969.8754393798326,0.1,-2.3536512846600273,"0.21901851851851853,0.2811994750656168,0.3576021505376344,0.1,0.65,0.1428284275013291","0,0,0"
33.6,178,AV,1,0,0,67,2815.231094880572,0.2,-4.7773618579791535,"0.18071264367816092,0.25926639344262287,0.31891880341880346,0.2,0.67,0.13539121035278245","0,0,0"
31.766666666666666,183,AV,1,0,0,69,2857.712092786687,1.0,-22.9242392628427,"0.13777777777777778,0.23939118457300274,0.30418699186991877,1.0,0.69,0.13743422335230565","0,0,0"
44.11666666666667,35,AV,2,0,0,91,816.2772675203604,0.4,-3.637518395835681,"0.2559117647058824,0.2825469135802469,0.3487587719298246,0.4,0.91,0.03925673009012141","0,0,0"
14.516666666666667,171,AV,1,0,0,7,2675.3892374750885,0.2,-1.9615017052532007,"0.22089880952380955,0.25111845730027543,0.3228468468468468,0.2,0.07,0.1286658802843062","0,0,0"
25.166666666666668,260,AV,1,0,0,44,5849.7981009167725,0.1,-3.7176747190169723,"0.2732133333333333,0.2778703703703704,0.34037500000000004,0.1,0.44,0.28133081033481866","0,0,0"
40.5,195,AV,2,0,0,88,3119.7161673652217,0.2,-6.381237615065227,"0.18,0.2827716535433071,0.3459736842105264,0.2,0.88,0.1500346272193471","0,0,0"
40.45,231,AV,2,0,0,71,4304.4895651906745,0.2,-8.793767823836506,"0.19401515151515153,0.286109375,0.3559375,0.2,0.71,0.207013219355909","0,0,0"
26.066666666666666,83,AV,1,0,0,51,1267.69032506861,0.8,-6.6756487151761155,"0.22252631578947368,0.2879354354354355,0.34787333333333337,0.8,0.51,0.0609662658868978","0,0,0"
12.416666666666666,127,AV,0,0,0,15,1921.5023446668008,0.5,-5.512456327392186,"0.18249462365591398,0.27702651515151516,0.3499074074074075,0.5,0.15,0.09240965283924012","0,0,0"
26.683333333333334,139,AV,2,0,0,10,2113.1349678504243,0.2,-2.8477517538118935,"0.2591481481481481,0.2996973333333333,0.3479285714285714,0.2,0.1,0.10162572495605159","0,0,0"
34.666666666666664,182,AV,2,0,0,53,2853.537244729806,0.4,-9.992184291309758,"0.16165277777777778,0.22392097701149427,0.2955222222222222,0.4,0.53,0.13723344490378397","0,0,0"
21.616666666666667,225,AV,1,0,0,22,4113.319853961603,0.5,-11.226801032382577,"0.19321428571428576,0.25634230769230776,0.33158119658119667,0.5,0.22,0.19781940978440954","0,0,0"
44.78333333333333,263,AV,2,0,0,97,5911.733280178027,0.1,-6.685533385453855,"0.18530357142857146,0.25315466666666664,0.32873423423423426,0.1,0.97,0.28430942153971994","0,0,0"
37.03333333333333,31,AV,2,0,0,66,802.5586880039084,0.4,-3.002163981051657,"0.2261055555555555,0.29660734463276833,0.3493802083333334,0.4,0.66,0.038596970723144074","0,0,0"
41.28333333333333,259,AV,2,0,0,78,5807.233742044462,0.2,-12.108180117040517,"0.20662499999999998,0.2788414634146342,0.34487142857142855,0.2,0.78,0.27928378830664774","0,0,0"
34.6,70,AV,1,0,0,81,1111.987968807459,0.4,-3.886341789973544,"0.2304166666666667,0.26600406504065033,0.3201279069767442,0.4,0.81,0.05347816641708441","0,0,0"
31.2,29,AV,1,0,0,66,763.1985099142711,0.1,-0.601307916902153,"0.22082291666666667,0.2794368686868686,0.35892063492063486,0.1,0.66,0.03670404542797105","0,0,0"
23.7,177,AV,0,0,0,57,2797.307504072895,0.8,-15.89316926192477,"0.20008888888888887,0.2718319327731093,0.3436747967479675,0.8,0.57,0.13452922191505445","0,0,0"
23.966666666666665,9,AV,1,0,0,38,546.8646928603165,0.2,-0.6619456467450632,"0.2202777777777778,0.2649752066115703,0.32950793650793636,0.2,0.38,0.026300033698903796","0,0,0"
28.15,168,AV,1,0,0,53,2574.4307659940623,0.4,-7.3202248548215,"0.19568055555555555,0.2667715053763441,0.3364087301587302,0.4,0.53,0.12381054543309646","0,0,0"
25.2,188,AV,2,0,0,20,2946.490055333797,0.5,-9.375195630607537,"0.20442307692307693,0.2977180555555556,0.3638371212121212,0.5,0.2,0.14170376833700152","0,0,0"
12.683333333333334,212,AV,1,0,0,3,3539.477986656502,0.8,-9.06916750116363,"0.18832098765432095,0.31058264462809926,0.35627380952380955,0.8,0.03,0.17022197911279557","0,0,0"
18.45,292,AV,1,0,0,20,11861.36896338871,0.1,-5.52631963066974,"0.24188888888888888,0.26320155038759696,0.3572587719298245,0.1,0.2,0.57044166047841","0,0,0"
33.45,213,AV,2,0,0,43,3608.770587345788,0.2,-6.096635158925082,"0.26890909090909093,0.3081456582633053,0.3774829931972789,0.2,0.43,0.17355442634701188","0,0,0"
50.56666666666667,269,AV,2,0,0,98,6563.608435155774,0.2,-16.76261615510322,"0.2215925925925926,0.2978782051282052,0.36503571428571435,0.2,0.98,0.31565966003056356","0,0,0"
29.5,202,AV,1,0,0,54,3361.758609282253,0.2,-5.008680756253862,"0.2113157894736842,0.2625333333333333,0.3400447154471545,0.2,0.54,0.16167502833152653","0,0,0"
17.233333333333334,78,AV,1,0,0,15,1251.6500609663929,0.1,-0.544699563568708,"0.17991414141414147,0.245,0.32306481481481486,0.1,0.15,0.0601948511440276","0,0,0"
17.583333333333332,59,AV,1,0,0,15,985.0802174553831,0.5,-2.186994169645263,"0.22694444444444442,0.2874970760233918,0.35101960784313735,0.5,0.15,0.047374868506673815","0,0,0"
25.5,119,AV,0,0,0,61,1804.2001824470888,0.5,-8.30897786015161,"0.20977272727272728,0.29305472636815916,0.3705490196078432,0.5,0.61,0.08676831073101827","0,0,0"
24.816666666666666,211,AV,1,0,0,43,3523.1638559153366,0.2,-4.4158173244595424,"0.2231666666666667,0.3090400516795866,0.35624074074074075,0.2,0.43,0.16943739346690792","0,0,0"
21.4,272,AV,1,0,0,35,7081.334819999852,0.3,-11.480345844545214,"0.21596825396825395,0.26604273504273507,0.3278928571428572,0.3,0.35,0.34055836266392014","0,0,0"
20.6,58,AV,0,0,0,35,978.4447105201264,0.2,-3.5179778301371014,"0.22517391304347828,0.2760390625,0.3575982905982907,0.2,0.35,0.04705575107546101","0,0,0"
13.6,118,AV,1,0,0,5,1794.439334206041,0.6,-3.697632567454872,"0.2277083333333334,0.2924422572178478,0.354295238095238,0.6,0.05,0.08629888814619799","0,0,0"
22.8,67,AV,1,0,0,37,1097.8259349569896,0.2,-1.264163197829261,"0.1971,0.2578826666666667,0.3412185185185184,0.2,0.37,0.05279708026839882","0,0,0"
32.35,221,AV,1,0,0,66,3941.04555698938,0.5,-16.09757875866243,"0.2105535714285714,0.2800215053763441,0.32200490196078424,0.5,0.66,0.18953432596938674","0,0,0"
17.2,227,AV,0,0,0,27,4159.866430607663,0.2,-6.113621343760192,"0.20190666666666668,0.2517669376693767,0.33616091954022986,0.2,0.27,0.20005794620912742","0,0,0"
19.766666666666666,277,AV,1,0,0,29,7958.958807233507,0.3,-11.918339830023912,"0.20910526315789477,0.31141730279898217,0.358517094017094,0.3,0.29,0.38276540352897576","0,0,0"
20.516666666666666,289,AV,1,0,0,26,10838.007207066395,0.5,-28.075729949281843,"0.285531746031746,0.3152168021680217,0.38302564102564096,0.5,0.26,0.5212257410218565","0,0,0"
17.4,123,AV,0,0,0,31,1869.7531794209297,0.1,-3.3215582152001053,"0.18906481481481482,0.23937593984962408,0.3243376068376069,0.1,0.31,0.0899209114602018","0,0,0"
34.15,228,AV,2,0,0,40,4164.701887555128,0.7,-25.14070672272862,"0.23043209876543208,0.2973240740740741,0.3374864864864865,0.7,0.4,0.2002904949224166","0,0,0"
35.31666666666667,43,AV,2,0,0,60,873.8892656114449,0.2,-1.5587300958170471,"0.20485964912280705,0.2915099715099715,0.3440061728395062,0.2,0.6,0.04202742915158692","0,0,0"
25.0,154,AV,1,0,0,38,2344.9936519099742,0.1,-1.480425285296701,"0.21873684210526317,0.27247066666666664,0.33039855072463764,0.1,0.38,0.11277636474640867","0,0,0"
31.216666666666665,261,AV,1,0,0,67,5882.279762541917,0.7,-32.45899409372351,"0.24670666666666663,0.2978208333333333,0.3589037037037038,0.7,0.67,0.2828929312881198","0,0,0"
22.533333333333335,249,AV,0,0,0,42,4951.479839002994,0.2,-8.135017459875462,"0.17869907407407407,0.26537007874015744,0.321358024691358,0.2,0.42,0.23812853220437127","0,0,0"
26.85,2,AV,1,0,0,51,437.8567856598078,0.4,-1.187520676259176,"0.22703125,0.28603018372703415,0.3455396825396825,0.4,0.51,0.021057582192617507","0,0,0"
16.133333333333333,210,AV,1,0,0,11,3520.054626539052,0.4,-5.736385317322901,"0.21068181818181816,0.28377477477477475,0.3513162393162393,0.4,0.11,0.16928786317460437","0,0,0"
27.5,117,AV,2,0,0,28,1718.6657268339234,0.1,-1.1935178658568912,"0.19371875000000002,0.2859152777777778,0.35210714285714284,0.1,0.28,0.08265475376818426","0,0,0"
41.416666666666664,164,AV,1,0,0,100,2497.1975937909187,0.3,-7.835272753245495,"0.19865432098765431,0.23817073170731715,0.3373131313131313,0.3,1.0,0.12009621708435674","0,0,0"
38.21666666666667,145,AV,2,0,0,75,2222.040577514192,0.1,-2.1444187896633173,"0.20928666666666665,0.2663044077134986,0.33223255813953495,0.1,0.75,0.10686325672862912","0,0,0"
39.083333333333336,253,AV,1,0,0,92,5480.041794665195,0.9,-48.67688639579502,"0.2085617283950617,0.2750330687830688,0.3433513513513513,0.9,0.92,0.26354834340696637","0,0,0"
36.21666666666667,84,AV,1,0,0,86,1275.6237969650936,0.6,-6.9998245222352224,"0.2753115942028986,0.2966831955922865,0.34035526315789466,0.6,0.86,0.06134780556380672","0,0,0"
32.96666666666667,296,AV,1,0,0,72,14754.343640924068,0.1,-12.282866886257496,"0.2136666666666667,0.28428400000000004,0.3543737373737374,0.1,0.72,0.7095717460418045","0,0,0"
25.066666666666666,55,AV,1,0,0,44,961.7772661313056,0.1,-0.6088017711538231,"0.22763461538461538,0.2894739130434783,0.3503333333333334,0.1,0.44,0.04625417372950396","0,0,0"
26.25,124,AV,2,0,0,25,1888.2149669861096,0.6,-7.509945891422027,"0.20658024691358018,0.2821666666666667,0.34773529411764703,0.6,0.25,0.09080878306984375","0,0,0"
18.966666666666665,218,AV,1,0,0,24,3778.090807703549,0.1,-1.809540125911885,"0.2157261904761905,0.29713205128205133,0.360489898989899,0.1,0.24,0.18169744153788722","0,0,0"
14.783333333333333,94,AV,1,0,0,9,1444.5182772575097,0.1,-0.5392625050199542,"0.1769166666666667,0.24598521505376345,0.32471491228070176,0.1,0.09,0.06947034589460839","0,0,0"
19.833333333333332,232,AV,1,0,0,23,4343.557359248321,1.0,-21.754348726875005,"0.18156349206349212,0.261358870967742,0.32151111111111114,1.0,0.23,0.2088920832022542","0,0,0"
34.45,111,AV,1,0,0,72,1614.9573615816892,0.1,-1.4049313410729594,"0.25067171717171716,0.2730405405405405,0.33169658119658124,0.1,0.72,0.07766716993510497","0,0,0"
29.183333333333334,285,AV,1,0,0,59,9280.176126726552,0.1,-6.839052356017758,"0.18075000000000002,0.2644440203562341,0.3502941176470589,0.1,0.59,0.4463059108608652","0,0,0"
44.016666666666666,284,AV,2,0,0,93,8987.033628468456,0.1,-9.98937534208131,"0.22317499999999996,0.29297656250000004,0.37750520833333334,0.1,0.93,0.432207985572538","0,0,0"
26.866666666666667,247,AV,1,0,0,52,4925.450001742355,0.2,-6.683354716168921,"0.2537222222222222,0.29656489675516223,0.3881785714285715,0.2,0.52,0.23687669494724078","0,0,0"
38.36666666666667,77,AV,1,0,0,91,1249.5878531833848,0.1,-1.2106697129748116,"0.21868965517241384,0.2898220338983051,0.3511240310077519,0.1,0.91,0.06009567462944302","0,0,0"
27.416666666666668,280,AV,1,0,0,51,8331.964781214912,0.9,-51.916977519312624,"0.22021153846153843,0.2833401639344263,0.34897619047619044,0.9,0.51,0.4007041547661289","0,0,0"
15.833333333333334,60,AV,1,0,0,5,985.8695826897422,0.1,-0.39418186176567976,"0.20724712643678164,0.24642896174863388,0.34204954954954947,0.1,0.05,0.04741283097259167","0,0,0"
38.15,14,AV,1,0,0,92,586.3474640105957,0.3,-1.6946330115154715,"0.186775641025641,0.2559473684210526,0.3338034188034189,0.3,0.92,0.028198854788170358","0,0,0"
39.46666666666667,114,AV,1,0,0,91,1691.6338586686718,0.5,-8.429690608853988,"0.2603809523809523,0.2790867768595041,0.34997878787878783,0.5,0.91,0.08135472644337755","0,0,0"
30.733333333333334,24,AV,0,0,0,84,650.412147456106,0.2,-3.50956228948574,"0.2363666666666667,0.2938736559139785,0.3485228758169934,0.2,0.84,0.0312798789528752","0,0,0"
18.566666666666666,271,AV,1,0,0,23,6783.106781750961,0.1,-3.180295014676166,"0.2189086021505376,0.28034259259259264,0.35211616161616166,0.1,0.23,0.32621586156939947","0,0,0"
18.0,48,AV,1,0,0,22,931.9887487728153,0.3,-1.270893748326566,"0.23367283950617293,0.28748437499999996,0.3389238095238095,0.3,0.22,0.04482157253839216","0,0,0"
41.15,87,AV,1,0,0,91,1297.4303329633815,0.9,-12.133922318509804,"0.19646296296296298,0.2537736111111111,0.3193253968253968,0.9,0.91,0.06239653414164128","0,0,0"
15.1,276,AV,1,0,0,10,7912.643587116454,0.2,-6.034389806336286,"0.26216666666666666,0.3157276119402985,0.35706372549019605,0.2,0.1,0.38053799359420826","0,0,0"
38.733333333333334,230,AV,2,0,0,68,4227.85786318916,0.2,-8.270657974790916,"0.20131159420289854,0.2394144144144144,0.3174895833333333,0.2,0.68,0.20332781715065273","0,0,0"
35.266666666666666,107,AV,1,0,0,83,1572.8756307612184,0.2,-2.80151922112015,"0.183675,0.27885732323232326,0.342030701754386,0.2,0.83,0.07564335864661634","0,0,0"
40.6,125,AV,1,0,0,96,1899.102970895097,0.4,-7.7882404664990865,"0.1828047619047619,0.25155509641873275,0.3300441176470589,0.4,0.96,0.09133241327208338","0,0,0"
35.916666666666664,209,AV,2,0,0,66,3487.44186130441,0.3,-9.489188397867428,"0.1964035087719298,0.2326723646723647,0.33151449275362316,0.3,0.66,0.16771943713451876","0,0,0"
24.183333333333334,137,AV,1,0,0,39,2088.64210540395,0.2,-2.551026679243377,"0.26100757575757577,0.2924677419354838,0.3637613636363636,0.2,0.39,0.10044780450125744","0,0,0"
21.2,11,AV,1,0,0,29,567.550811201735,0.2,-0.6076806665392315,"0.21286666666666665,0.2808278236914601,0.328491452991453,0.2,0.29,0.027294878706419726","0,0,0"
17.6,184,AV,1,0,0,19,2857.8751728516777,0.2,-2.5403334869792693,"0.20475757575757572,0.27817208672086724,0.3608571428571429,0.2,0.19,0.13744206626346972","0,0,0"
43.38333333333333,34,AV,2,0,0,63,813.126641713825,0.1,-0.8908117206991106,"0.21050694444444445,0.2808434343434344,0.34559375000000003,0.1,0.63,0.03910520894427614","0,0,0"
31.333333333333332,69,AV,1,0,0,65,1104.4445206976068,0.1,-0.8738870786664565,"0.1741212121212121,0.23996666666666666,0.31406209150326797,0.1,0.65,0.05311538391880796","0,0,0"
24.866666666666667,223,AV,1,0,0,39,3971.0791127863904,0.6,-14.961742515851752,"0.17765789473684207,0.25213663663663666,0.30712500000000004,0.6,0.39,0.19097871164626756","0,0,0"
23.35,155,AV,1,0,0,39,2382.718205806423,0.8,-11.239690930420199,"0.18013440860215052,0.2552767857142857,0.3276623931623932,0.8,0.39,0.11459062895418437","0,0,0"
45.65,192,AV,2,0,0,97,3031.4508351358254,0.2,-6.98917831434093,"0.1610072463768116,0.2595066666666667,0.32165350877192983,0.2,0.97,0.14578973585520302","0,0,0"
35.35,175,AV,1,0,0,80,2756.9260540590044,0.3,-7.383131515983773,"0.2217777777777778,0.2815943627450981,0.34615277777777786,0.3,0.8,0.1325871812054576","0,0,0"
25.416666666666668,144,AV,2,0,0,26,2218.7455195521825,0.5,-7.120342839471967,"0.23845833333333336,0.2956652661064426,0.3631585365853659,0.5,0.26,0.1067047894942801","0,0,0"
41.416666666666664,176,AV,1,0,0,99,2793.3389947689566,0.5,-14.607422984008537,"0.20016666666666663,0.25186848958333335,0.31088095238095237,0.5,0.99,0.1343383667916745","0,0,0"
26.633333333333333,38,AV,2,0,0,19,837.3801312568858,0.6,-3.379124873102281,"0.24138888888888893,0.29664666666666667,0.3509311594202898,0.6,0.19,0.04027161738246258","0,0,0"
34.483333333333334,10,AV,1,0,0,79,548.7192496267361,0.4,-1.9112796758884127,"0.2605416666666666,0.31350271002710023,0.38203488372093025,0.4,0.79,0.02638922377844295","0,0,0"
44.233333333333334,128,AV,2,0,0,77,1922.439846447592,0.2,-4.294743562686793,"0.2523020833333333,0.33216551724137927,0.3811091954022989,0.2,0.77,0.09245473954670083","0,0,0"
8.966666666666667,75,AV,0,0,0,7,1167.011530479414,1.0,-5.14247560352662,"0.17688333333333334,0.261063025210084,0.3286382113821139,1.0,0.07,0.0561243813676915","0,0,0"
21.783333333333335,122,AV,1,0,0,34,1848.7234685638712,0.1,-1.0169535241637122,"0.2763229166666667,0.30082650273224043,0.3463923611111111,0.1,0.34,0.08890954226515282","0,0,0"
19.8,21,AV,1,0,0,23,636.6552097563458,0.4,-1.2733104195126916,"0.20272222222222222,0.2496319444444445,0.3318007246376812,0.4,0.23,0.030618274848933116","0,0,0"
18.95,5,AV,0,0,0,33,473.5024380788758,0.2,-2.9531753132118532,"0.22988888888888886,0.3061062992125984,0.37809523809523815,0.2,0.33,0.022771867046038015","0,0,0"
32.13333333333333,15,AV,2,0,0,50,595.9176043698985,0.3,-1.4506681076075305,"0.196375,0.260062015503876,0.3133963963963964,0.3,0.5,0.028659105773905864","0,0,0"
5.316666666666666,61,AV,0,0,0,1,1020.5842314575186,0.5,-3.185114414635834,"0.2135750000000001,0.312168115942029,0.37217619047619055,0.5,0.01,0.04908234162917255","0,0,0"
41.93333333333333,204,AV,2,0,0,90,3387.2787239910285,1.0,-35.8686585419252,"0.22192105263157896,0.27227525252525253,0.3560769230769232,1.0,0.9,0.16290235180953377","0,0,0"
30.75,132,AV,2,0,0,22,1993.780724220221,0.5,-7.741004705779266,"0.17791975308641972,0.28229393939393943,0.3496382113821139,0.5,0.22,0.09588569333476842","0,0,0"
13.833333333333334,105,AV,1,0,0,6,1552.9853059451273,0.2,-1.0849981514599796,"0.2490888888888889,0.31414738292011013,0.35600427350427344,0.2,0.06,0.074686785256937","0,0,0"
31.183333333333334,129,AV,1,0,0,61,1929.5758599688188,0.4,-6.07783911448091,"0.17486805555555557,0.27826016260162595,0.3408333333333334,0.4,0.61,0.09279792753915007","0,0,0"
30.866666666666667,235,AV,1,0,0,62,4549.070920567666,0.3,-10.63747392031732,"0.19150833333333334,0.25328431372549015,0.3358414634146342,0.3,0.62,0.21877572290115335","0,0,0"
21.35,109,AV,1,0,0,30,1597.8734280578535,0.3,-2.584439218866301,"0.21151851851851852,0.2725852130325815,0.3322761904761905,0.3,0.3,0.07684556262848466","0,0,0"
30.7,190,AV,1,0,0,51,2968.817229463249,0.6,-13.809498324927535,"0.21860119047619045,0.2809295977011494,0.35138768115942026,0.6,0.51,0.14277753565032827","0,0,0"
33.75,62,AV,1,0,0,76,1020.7360413649084,0.3,-2.6098364693989136,"0.18712666666666666,0.2780378151260504,0.3533186274509804,0.3,0.76,0.04908964253144747","0,0,0"
24.0,293,AV,1,0,0,36,12051.378145129962,0.2,-14.607731085006018,"0.1623611111111111,0.25033068783068785,0.32494166666666663,0.2,0.36,0.5795796574055083","0,0,0"
22.216666666666665,236,AV,1,0,0,31,4549.115907877681,0.7,-17.86523591599606,"0.21291666666666667,0.26727493917274947,0.3433131313131313,0.7,0.31,0.21877788644870882","0,0,0"
37.81666666666667,288,AV,1,0,0,91,10783.100237376317,0.1,-10.297497659346323,"0.19311111111111112,0.28348828125,0.34452032520325204,0.1,0.91,0.518585133259083","0,0,0"
13.883333333333333,47,AV,0,0,0,19,923.9636394510808,0.4,-3.795726787311027,"0.16409649122807013,0.2360546875,0.3229666666666667,0.4,0.19,0.04443562579808411","0,0,0"
21.633333333333333,74,AV,1,0,0,33,1150.2916000513435,1.0,-6.284000407687896,"0.17312820512820515,0.2290911680911681,0.3076134751773049,1.0,0.33,0.05532027984231857","0,0,0"
25.716666666666665,240,AV,1,0,0,45,4609.601315671212,0.4,-11.974099040539867,"0.2556533333333333,0.3075777777777778,0.3601777777777777,0.4,0.45,0.2216867746691962","0,0,0"
30.416666666666668,233,AV,1,0,0,57,4459.768546990965,0.6,-20.55322625822856,"0.21311363636363634,0.2633661202185793,0.3448152173913044,0.6,0.57,0.21448095773323778","0,0,0"
32.833333333333336,25,AV,2,0,0,41,658.4091024775607,0.3,-1.6377095099504986,"0.2063684210526316,0.2735151515151515,0.34200416666666666,0.3,0.41,0.03166447168540803","0,0,0"
19.233333333333334,274,AV,1,0,0,17,7130.271245067938,0.7,-24.241721850866497,"0.21909770114942526,0.28056084656084657,0.3312809523809524,0.7,0.17,0.34291183262677855","0,0,0"
31.983333333333334,283,AV,1,0,0,68,8795.495569618428,1.0,-71.03769359468755,"0.19994871794871794,0.2744808259587021,0.33612601626016264,1.0,0.68,0.42299646128116253","0,0,0"
22.55,108,AV,1,0,0,35,1596.1763216794554,0.8,-7.271469909873076,"0.2002753623188406,0.2653508064516129,0.3428643410852713,0.8,0.35,0.07676394471545202","0,0,0"
31.15,18,AV,1,0,0,62,617.4453946714843,0.2,-0.971385052728118,"0.16808888888888887,0.22657456140350873,0.30973148148148155,0.2,0.62,0.02969442880314238","0,0,0"
30.783333333333335,286,AV,1,0,0,65,9667.56212442905,0.1,-7.515146146389083,"0.20367460317460317,0.2943295165394402,0.3696474358974358,0.1,0.65,0.4649362319020181","0,0,0"
43.733333333333334,200,AV,2,0,0,88,3269.866339895674,0.3,-10.833496560462436,"0.24266666666666667,0.2812782258064516,0.3616279069767441,0.3,0.88,0.15725570886715387","0,0,0"
23.883333333333333,194,AV,0,0,0,46,3097.4575811220984,0.3,-8.104364537560564,"0.21258333333333332,0.27980056980056983,0.34025185185185186,0.3,0.46,0.14896415846185204","0,0,0"
39.166666666666664,130,AV,2,0,0,83,1942.5668635563816,0.2,-3.8426196375063104,"0.16851754385964912,0.27314646464646464,0.3436025641025641,0.2,0.83,0.09342269603599423","0,0,0"
36.96666666666667,104,AV,1,0,0,90,1530.0661682302475,0.1,-1.4283193439119062,"0.2561333333333333,0.30381364829396323,0.36652873563218386,0.1,0.9,0.07358454899608351","0,0,0"
33.96666666666667,76,AV,2,0,0,44,1240.6560786390864,0.3,-3.19249632356876,"0.22390476190476188,0.29965347721822533,0.35453153153153155,0.3,0.44,0.05966612418566248","0,0,0"
37.6,46,AV,2,0,0,54,892.1845339920479,0.1,-0.8471247090429548,"0.21676881720430108,0.26151129943502827,0.32817521367521363,0.1,0.54,0.042907292454561666","0,0,0"
39.5,180,AV,1,0,0,92,2835.850686157305,0.5,-14.143447235254236,"0.22604022988505748,0.2920564516129032,0.3586666666666666,0.5,0.92,0.13638285591431848","0,0,0"
21.35,220,AV,1,0,0,33,3849.958431883558,0.3,-6.2270161000540885,"0.2325913978494624,0.2805382262996942,0.34314666666666666,0.3,0.33,0.18515372782308936","0,0,0"
6.833333333333333,20,AV,0,0,0,4,632.5893922142865,0.1,-2.6091589439427008,"0.2049285714285714,0.2747175141242938,0.3331944444444444,0.1,0.04,0.030422739939172414","0,0,0"
35.05,181,AV,2,0,0,62,2850.5966631146844,0.3,-7.569197957740126,"0.1896196581196581,0.2537577319587629,0.31780072463768116,0.3,0.62,0.13709202528649697","0,0,0"
19.866666666666667,16,AV,2,0,0,5,614.9217871931492,0.1,-0.30849611546053607,"0.23318115942028983,0.30330666666666667,0.3399837398373983,0.1,0.05,0.029573062471416202","0,0,0"
13.7,142,AV,0,0,0,17,2141.869626207308,0.9,-9.1690031543273,"0.19868000000000002,0.29974696969696973,0.35399358974358974,0.9,0.17,0.10300764354209123","0,0,0"
19.083333333333332,295,AV,1,0,0,22,13430.196447392702,0.2,-12.944086643320409,"0.22414705882352937,0.31656495098039217,0.3598873873873874,0.2,0.22,0.6458903340456582","0,0,0"
25.433333333333334,265,AV,0,0,0,60,6081.635477498837,0.5,-22.029831099880525,"0.17767592592592593,0.2681459948320414,0.3513291666666667,0.5,0.6,0.29248042539751784","0,0,0"
32.75,197,AV,2,0,0,49,3206.59631480788,0.2,-5.303839864139296,"0.21952777777777782,0.28412711864406776,0.36834523809523817,0.2,0.49,0.15421290172735466","0,0,0"
13.033333333333333,88,AV,1,0,0,3,1310.9401185904849,0.1,-0.43146261478861925,"0.15396491228070178,0.26069444444444445,0.32928148148148145,0.1,0.03,0.06304625211008313","0,0,0"
18.233333333333334,163,AV,1,0,0,20,2476.7926805910606,0.1,-1.1404087510802274,"0.20060833333333328,0.2640677083333334,0.33021428571428574,0.1,0.2,0.1191148959060364","0,0,0"
33.36666666666667,222,AV,2,0,0,51,3958.913906791885,0.1,-3.3357515325746436,"0.25356818181818175,0.2867033898305084,0.3429166666666667,0.1,0.51,0.1903936577347851","0,0,0"
19.033333333333335,126,AV,0,0,0,32,1900.764377468582,0.3,-5.240748635188284,"0.21877777777777777,0.3116984126984127,0.3747325581395349,0.3,0.32,0.09141231429593938","0,0,0"
22.266666666666666,281,AV,2,0,0,6,8348.421721831439,0.8,-37.55384316621819,"0.22523333333333334,0.2973698296836983,0.3512575757575758,0.8,0.06,0.4014956084811817","0,0,0"
35.75,146,AV,1,0,0,84,2255.9253983027734,0.2,-4.073198635824452,"0.19406944444444446,0.24418376068376063,0.32255555555555554,0.2,0.84,0.1084928589689197","0,0,0"
50.483333333333334,224,AV,2,0,0,99,3987.5502105766736,0.2,-10.166910427472008,"0.27053623188405795,0.3034226666666667,0.3688602150537635,0.2,0.99,0.1917708462137355","0,0,0"
33.85,266,AV,1,0,0,78,6130.868263041086,0.2,-10.481307611310141,"0.19300925925925927,0.2705643044619423,0.3366228070175439,0.2,0.78,0.29484814804583803","0,0,0"
31.666666666666668,205,AV,2,0,0,44,3389.778327720714,0.4,-10.842725290689154,"0.19469892473118283,0.2622002801120447,0.3266875,0.4,0.44,0.16302256374345986","0,0,0"
27.066666666666666,161,AV,0,0,0,73,2446.4664131825853,0.2,-5.844327824081244,"0.17430128205128206,0.27854032258064515,0.3413916666666667,0.2,0.73,0.11765643302624577","0,0,0"
36.68333333333333,152,AV,2,0,0,51,2326.172138461347,0.1,-2.1548421198457173,"0.18717543859649127,0.2647462121212121,0.3352094017094017,0.1,0.51,0.11187119305691051","0,0,0"
31.15,208,AV,1,0,0,65,3480.90175047103,0.5,-13.690667869592497,"0.19516666666666668,0.2901341145833334,0.336457264957265,0.5,0.65,0.1674049075304721","0,0,0"
28.25,72,AV,1,0,0,51,1122.7546975855585,0.8,-6.407640445816572,"0.19257246376811593,0.2542098214285715,0.3214099099099099,0.8,0.51,0.05399596420763093","0,0,0"
21.133333333333333,110,AV,1,0,0,28,1614.9493849180149,0.1,-0.8618500926245972,"0.21636805555555558,0.27219576719576716,0.35993333333333327,0.1,0.28,0.07766678631823196","0,0,0"
19.416666666666668,294,AV,1,0,0,29,12197.400506638176,0.2,-11.961255547334577,"0.22070689655172412,0.2690280235988201,0.34794444444444445,0.2,0.29,0.5866022227285186","0,0,0"
38.95,198,AV,1,0,0,93,3245.380745418587,0.4,-12.76844242768222,"0.18347619047619051,0.25775338753387533,0.3111585365853659,0.4,0.93,0.156078137946426","0,0,0"
20.583333333333332,165,AV,0,0,0,39,2530.9644311939346,0.5,-9.07773794723171,"0.2310072463768116,0.2928023255813954,0.36198684210526316,0.5,0.39,0.12172014522087579","0,0,0"
22.833333333333332,13,AV,1,0,0,37,583.3206434887895,0.2,-0.6726845804542437,"0.21840476190476188,0.26517441860465113,0.32772368421052633,0.2,0.37,0.028053287735180215","0,0,0"
15.366666666666667,37,AV,1,0,0,10,832.4581618945489,0.7,-2.2612310508701254,"0.23258333333333334,0.28462531328320806,0.3532722222222222,0.7,0.1,0.040034908079806066","0,0,0"
34.31666666666667,173,AV,2,0,0,46,2747.619709803412,0.1,-2.381039134042604,"0.2719583333333333,0.2913624338624338,0.3739090909090909,0.1,0.46,0.13213961680656489","0,0,0"
20.316666666666666,65,AV,2,0,0,3,1083.524948441525,0.3,-1.6676981214017919,"0.21132608695652175,0.28933600000000004,0.31566666666666665,0.3,0.03,0.05210931155303881","0,0,0"
32.1,158,AV,0,0,0,97,2417.357356239525,0.7,-16.216671665328818,"0.21408823529411763,0.26386692506459947,0.3406541666666667,0.7,0.97,0.11625650871491097","0,0,0"
12.633333333333333,238,AV,1,0,0,5,4569.840806868062,0.2,-2.9157738481531905,"0.11710526315789471,0.20613625304136257,0.28506372549019615,0.2,0.05,0.21977459651057532","0,0,0"
24.583333333333332,135,AV,2,0,0,6,2052.607856914241,0.2,-2.5484819772293816,"0.2169464285714286,0.2520677966101695,0.33312121212121215,0.2,0.06,0.09871483113148809","0,0,0"
24.383333333333333,156,AV,2,0,0,21,2401.1770329784995,0.2,-2.957005049871671,"0.20932142857142857,0.27232089552238803,0.3416587301587303,0.2,0.21,0.11547835819142706","0,0,0"
10.75,219,AV,1,0,0,1,3824.993837156676,0.5,-5.191752998665942,"0.2215357142857143,0.2800966921119593,0.3583924731182796,0.5,0.01,0.18395312063237393","0,0,0"
22.6,96,AV,0,0,0,37,1460.8215047913693,0.4,-5.83480464730151,"0.20202941176470587,0.2845104166666666,0.3421037037037037,0.4,0.37,0.07025440717912602","0,0,0"
32.233333333333334,234,AV,0,0,0,87,4547.885280126284,0.2,-9.903712232124777,"0.217283950617284,0.2574296875,0.3349666666666667,0.2,0.87,0.2187187026108142","0,0,0"
22.616666666666667,17,AV,1,0,0,35,615.3970356119416,0.7,-2.460293115015923,"0.19816666666666666,0.2840330687830687,0.3454838709677419,0.7,0.35,0.029595918306859183","0,0,0"
38.766666666666666,248,AV,1,0,0,92,4950.268578812107,0.6,-29.076577561406463,"0.1857222222222222,0.2830902777777778,0.33175000000000004,0.6,0.92,0.238070279798878","0,0,0"
40.95,136,AV,1,0,0,97,2078.9202215407213,0.3,-6.449377505461555,"0.16435897435897437,0.25847600000000004,0.3340598290598291,0.3,0.97,0.09998025580674873","0,0,0"
5.216666666666667,134,AV,0,0,0,2,2046.5713793034688,0.4,-3.5784121914511546,"0.21926190476190474,0.28114285714285714,0.3537416666666665,0.4,0.02,0.09842452245612708","0,0,0"
40.016666666666666,201,AV,1,0,0,97,3274.575105225111,0.1,-3.309029809615106,"0.2414027777777778,0.29730384615384614,0.3660972222222222,0.1,0.97,0.15748216467690215","0,0,0"
21.216666666666665,268,AV,1,0,0,31,6434.117121135291,0.4,-13.788941237719234,"0.1965,0.2825213032581453,0.3452333333333334,0.4,0.31,0.3094321123996473","0,0,0"
34.56666666666667,1,AV,1,0,0,77,424.9057127261393,0.1,-0.370898336781992,"0.20462280701754387,0.2908217054263566,0.3167587719298246,0.1,0.77,0.020434734056617176","0,0,0"
27.216666666666665,151,AV,0,0,0,70,2318.2944376966047,0.2,-5.686679138685653,"0.2277631578947368,0.2940441595441595,0.34315217391304353,0.2,0.7,0.11149233554738845","0,0,0"
31.966666666666665,131,AV,1,0,0,66,1945.516475481125,0.1,-1.5704968855104369,"0.2135222222222222,0.2663589743589743,0.33535087719298246,0.1,0.66,0.09356454994251304","0,0,0"
10.666666666666666,279,AV,1,0,0,1,8134.997760071039,0.4,-8.764980751591692,"0.19121527777777778,0.2326761517615176,0.32099047619047616,0.4,0.01,0.39123153866695837","0,0,0"
15.35,54,AV,1,0,0,14,954.0002559944874,0.6,-2.2187733226538455,"0.2135864197530864,0.30633615819209037,0.35068376068376067,0.6,0.14,0.045880158673594545","0,0,0"
21.1,45,AV,1,0,0,29,877.6907461205365,0.8,-3.741267624877439,"0.23177499999999998,0.2943902116402117,0.3709259259259259,0.8,0.29,0.04221025145992046","0,0,0"
15.633333333333333,243,AV,0,0,0,24,4645.51881630073,0.5,-11.669816182007754,"0.23362962962962963,0.2796576923076923,0.35164912280701754,0.5,0.24,0.22341413335457028","0,0,0"
35.38333333333333,53,AV,1,0,0,81,946.2003450753726,0.1,-0.8454475305534579,"0.199859649122807,0.2905973333333333,0.36068115942028983,0.1,0.81,0.04550504226418034","0,0,0"
29.783333333333335,64,AV,1,0,0,58,1052.4070316009115,0.1,-0.7915199349624702,"0.15163333333333331,0.23893837535014004,0.30943495934959353,0.1,0.58,0.05061277635478482","0,0,0"
39.36666666666667,196,AV,2,0,0,68,3197.7177395395383,0.3,-9.536627905040897,"0.15108888888888888,0.24024255952380946,0.32476422764227647,0.3,0.68,0.15378590976425258","0,0,0"
