travel_time,id,kind,action,bid_route_0,bid_route_1,bid_route_2,karma_balance,origin,destination,start_time,income,urgency,reward,observation,cost_table
16.433333333333334,146,AV,1,3,6,7,2,0,0,33,1653.1781197118603,0.1,-0.0995959595959596,"0.18021666666666664,0.1709251207729469,0.2706016260162602,0.1,0.33,0.08168187152419273,8.0","0,0,0"
16.983333333333334,7,AV,0,5,6,7,2,0,0,34,827.3783452591958,0.2,-0.20585858585858588,"0.1864956140350877,0.1750530303030303,0.2759907407407407,0.2,0.34,0.040879933561629736,7.0","0,0,0"
24.533333333333335,111,AV,1,1,7,5,5,0,0,45,4925.450001742355,0.2,-0.2973737373737374,"0.3055654761904762,0.23557207207207206,0.32269298245614036,0.2,0.45,0.24336154068581314,12.0","0,0,0"
34.733333333333334,198,AV,0,4,0,2,11,0,0,47,2964.6777926145683,0.2,-0.42101010101010106,"0.32572,0.2467911392405063,0.33362962962962966,0.2,0.47,0.14648175394988758,15.0","0,0,0"
21.15,288,AV,1,1,6,0,8,0,0,41,2218.0502812558643,0.1,-0.12818181818181817,"0.25057777777777784,0.21224786324786327,0.3072083333333333,0.1,0.41,0.10959163803796217,14.0","0,0,0"
33.53333333333333,61,AV,1,3,4,3,3,0,0,65,3580.4564780460023,0.4,-0.8129292929292928,"0.5096875,0.34984102564102565,0.4308071895424837,0.4,0.65,0.17690676071171996,7.0","0,0,0"
53.1,108,AV,2,3,1,8,2,0,0,78,3368.9508766880413,0.1,-0.32181818181818184,"0.5354083333333333,0.3820170940170941,0.4689642857142857,0.1,0.78,0.16645648124650464,10.0","0,0,0"
35.7,47,AV,1,3,4,3,1,0,0,67,586.8516376274475,0.1,-0.21636363636363642,"0.5004803921568627,0.35987349397590357,0.436,0.1,0.67,0.028995750365243225,5.0","0,0,0"
15.35,231,AV,1,3,6,4,2,0,0,28,2015.5588757501516,0.6,-0.5581818181818181,"0.1245888888888889,0.15429908675799087,0.25767117117117116,0.6,0.28,0.09958674094184428,8.0","0,0,0"
29.983333333333334,213,AV,1,3,5,0,2,0,0,55,2022.4315636845977,0.2,-0.36343434343434344,"0.4210800000000001,0.3005044444444445,0.3894333333333334,0.2,0.55,0.09992631355425287,7.0","0,0,0"
25.35,255,AV,1,0,9,4,5,0,0,49,3608.770587345788,0.2,-0.3072727272727273,"0.37498666666666675,0.2617025316455696,0.3459814814814815,0.2,0.49,0.17830573243205106,14.0","0,0,0"
51.88333333333333,267,AV,0,4,0,2,3,0,0,64,2392.7441380289174,0.1,-0.31444444444444447,"0.48903472222222233,0.3449080459770116,0.42890804597701154,0.1,0.64,0.1182230861528751,7.0","0,0,0"
37.483333333333334,221,AV,1,1,9,6,7,0,0,84,2530.9644311939346,1.0,-2.271717171717172,"0.5440833333333334,0.3873888888888888,0.4759777777777778,1.0,0.84,0.12505241210010515,16.0","0,0,0"
18.85,112,AV,1,3,5,6,5,0,0,38,11185.875164713363,0.5,-0.5712121212121213,"0.21171604938271604,0.1909298245614035,0.2854504504504505,0.5,0.38,0.5526828641120808,10.0","0,0,0"
28.833333333333332,72,AV,1,1,5,0,2,0,0,54,2756.9260540590044,0.4,-0.698989898989899,"0.4157156862745098,0.29870039682539684,0.39195299145299145,0.4,0.54,0.1362169490778143,7.0","0,0,0"
25.083333333333332,45,AV,1,1,4,3,1,0,0,48,3520.054626539052,0.3,-0.456060606060606,"0.33826562499999996,0.2531818181818182,0.34389682539682537,0.3,0.48,0.17392236585687273,5.0","0,0,0"
42.916666666666664,280,AV,2,2,3,2,10,0,0,58,2850.5966631146844,0.1,-0.2601010101010101,"0.4477685185185184,0.3207631578947369,0.41482246376811593,0.1,0.58,0.14084511984976505,10.0","0,0,0"
10.066666666666666,74,AV,0,9,4,7,6,0,0,27,1963.0347272178835,0.3,-0.18303030303030302,"0.11849099099099102,0.15227114427860694,0.2543888888888889,0.3,0.27,0.09699157548376398,15.0","0,0,0"
14.85,212,AV,1,1,6,5,0,0,0,21,614.9217871931492,0.2,-0.18000000000000002,"0.08513888888888888,0.13472727272727275,0.2306535087719298,0.2,0.21,0.030382668279986823,6.0","0,0,0"
15.25,263,AV,0,8,8,0,2,0,0,32,1323.5149786113286,0.1,-0.09242424242424242,"0.1569009009009009,0.15958333333333335,0.24760215053763437,0.1,0.32,0.06539354662044386,10.0","0,0,0"
27.733333333333334,283,AV,1,0,4,3,3,0,0,52,767.6170681366935,0.4,-0.6723232323232324,"0.3968888888888889,0.2798388888888889,0.35970114942528736,0.4,0.52,0.03792718884414417,7.0","0,0,0"
44.983333333333334,279,AV,0,6,0,9,9,0,0,56,3252.767976975094,0.3,-0.8178787878787879,"0.4182028985507246,0.3031350210970465,0.3865219298245614,0.3,0.56,0.1607160007897979,15.0","0,0,0"
29.416666666666668,294,AV,1,1,4,3,2,0,0,54,3257.3450634265246,0.3,-0.5348484848484848,"0.4157156862745098,0.29870039682539684,0.39195299145299145,0.3,0.54,0.1609421500371313,6.0","0,0,0"
24.333333333333332,30,AV,1,3,4,3,3,0,0,46,3487.44186130441,0.3,-0.4424242424242424,"0.31282777777777776,0.23883101851851854,0.32475000000000004,0.3,0.46,0.17231100186155868,7.0","0,0,0"
34.61666666666667,249,AV,2,0,2,7,4,0,0,42,1475.2077210572677,0.1,-0.2097979797979798,"0.2718666666666667,0.22058333333333333,0.3136617647058823,0.1,0.42,0.07288853276372843,11.0","0,0,0"
32.11666666666667,137,AV,1,2,6,6,0,0,0,59,3151.1733449572957,0.6,-1.1678787878787877,"0.4549444444444445,0.3246965811965812,0.4224471544715447,0.6,0.59,0.1556963119969945,6.0","0,0,0"
35.38333333333333,51,AV,1,0,6,7,13,0,0,66,3024.224513765153,0.1,-0.21444444444444444,"0.49943859649122807,0.35619078947368416,0.43876296296296297,0.1,0.66,0.14942389767216036,19.0","0,0,0"
22.983333333333334,210,AV,1,0,5,0,2,0,0,45,857.6590975250949,0.3,-0.41787878787878785,"0.3055654761904762,0.23557207207207206,0.32269298245614036,0.3,0.45,0.04237607513690668,7.0","0,0,0"
30.666666666666668,177,AV,1,3,4,3,6,0,0,56,1148.9174546898266,0.2,-0.3717171717171717,"0.4182028985507246,0.3031350210970465,0.3865219298245614,0.2,0.56,0.05676685821503235,10.0","0,0,0"
18.933333333333334,37,AV,0,4,5,5,2,0,0,37,2187.907521251699,1.0,-1.1474747474747475,"0.2071551724137931,0.18684490740740742,0.2832264957264957,1.0,0.37,0.10810231452182832,6.0","0,0,0"
22.95,46,AV,1,1,4,3,5,0,0,41,1239.4416864014672,1.0,-1.3909090909090909,"0.25057777777777784,0.21224786324786327,0.3072083333333333,1.0,0.41,0.0612395696405775,9.0","0,0,0"
32.11666666666667,207,AV,1,3,5,0,2,0,0,61,4999.976398121604,0.2,-0.3892929292929293,"0.4746000000000001,0.33353046594982083,0.427421875,0.2,0.61,0.24704381512534654,7.0","0,0,0"
26.333333333333332,76,AV,1,3,4,3,2,0,0,50,898.3728471886773,0.5,-0.7979797979797979,"0.3701304347826086,0.27213615023474175,0.3611050724637681,0.5,0.5,0.044387700641524724,6.0","0,0,0"
40.63333333333333,125,AV,2,3,3,2,6,0,0,64,506.5869000089976,0.2,-0.4925252525252526,"0.48903472222222233,0.3449080459770116,0.42890804597701154,0.2,0.64,0.025029950244917432,6.0","0,0,0"
35.11666666666667,21,AV,1,3,6,5,0,0,0,70,835.7777612710734,1.0,-2.128282828282828,"0.5043589743589745,0.366132183908046,0.4495541666666667,1.0,0.7,0.04129494027589717,6.0","0,0,0"
22.883333333333333,22,AV,2,2,1,0,8,0,0,29,4504.939201911708,0.4,-0.5547474747474748,"0.12623931623931622,0.15494285714285713,0.2560645161290323,0.4,0.29,0.2225845241521748,8.0","0,0,0"
32.65,144,AV,2,2,0,2,6,0,0,34,2446.4664131825853,0.4,-0.7915151515151515,"0.1864956140350877,0.1750530303030303,0.2759907407407407,0.4,0.34,0.12087744984470407,6.0","0,0,0"
25.483333333333334,79,AV,1,2,4,6,3,0,0,47,4164.701887555128,0.2,-0.30888888888888894,"0.32572,0.2467911392405063,0.33362962962962966,0.2,0.47,0.20577373996162773,7.0","0,0,0"
30.766666666666666,16,AV,1,1,4,3,2,0,0,59,2294.767722006211,0.4,-0.7458585858585859,"0.4549444444444445,0.3246965811965812,0.4224471544715447,0.4,0.59,0.11338216978061968,6.0","0,0,0"
37.06666666666667,66,AV,2,1,0,7,0,0,0,52,1546.5147326922538,0.3,-0.673939393939394,"0.3968888888888889,0.2798388888888889,0.35970114942528736,0.3,0.52,0.07641174063449208,7.0","0,0,0"
42.233333333333334,81,AV,2,2,0,3,6,0,0,59,617.4453946714843,0.1,-0.255959595959596,"0.4549444444444445,0.3246965811965812,0.4224471544715447,0.1,0.59,0.03050735719243069,6.0","0,0,0"
30.166666666666668,156,AV,2,2,3,2,7,0,0,41,1391.0507319816634,0.1,-0.18282828282828284,"0.25057777777777784,0.21224786324786327,0.3072083333333333,0.1,0.41,0.06873042040573611,7.0","0,0,0"
15.433333333333334,282,AV,0,4,1,7,3,0,0,32,1490.1599361877834,0.7,-0.6547474747474747,"0.1569009009009009,0.15958333333333335,0.24760215053763437,0.7,0.32,0.0736273067051025,7.0","0,0,0"
38.916666666666664,254,AV,1,1,5,3,1,0,0,75,905.8209551718018,0.2,-0.47171717171717176,"0.5325520833333335,0.37371666666666664,0.4514460784313725,0.2,0.75,0.044755704180963,6.0","0,0,0"
53.6,154,AV,0,7,9,6,12,0,0,70,832.4581618945489,0.4,-1.2993939393939395,"0.5043589743589745,0.366132183908046,0.4495541666666667,0.4,0.7,0.041130922202737376,19.0","0,0,0"
51.88333333333333,53,AV,0,7,2,2,3,0,0,67,2761.3662775036096,0.4,-1.2577777777777779,"0.5004803921568627,0.35987349397590357,0.436,0.4,0.67,0.13643633606135613,10.0","0,0,0"
35.61666666666667,234,AV,1,0,9,2,7,0,0,65,1526.0895405694364,0.3,-0.6475757575757576,"0.5096875,0.34984102564102565,0.4308071895424837,0.3,0.65,0.07540255239340664,16.0","0,0,0"
32.25,262,AV,2,3,2,6,1,0,0,38,4549.115907877681,0.6,-1.1727272727272726,"0.21171604938271604,0.1909298245614035,0.2854504504504505,0.6,0.38,0.22476725085176577,7.0","0,0,0"
34.833333333333336,233,AV,0,4,4,8,5,0,0,46,2271.53748778668,0.4,-0.8444444444444446,"0.31282777777777776,0.23883101851851854,0.32475000000000004,0.4,0.46,0.11223438722508516,9.0","0,0,0"
19.633333333333333,298,AV,1,0,7,2,11,0,0,38,5702.616109653807,0.4,-0.4759595959595959,"0.21171604938271604,0.1909298245614035,0.2854504504504505,0.4,0.38,0.28176053800041856,18.0","0,0,0"
36.983333333333334,142,AV,1,2,6,7,5,0,0,71,572.7967315704935,0.4,-0.8965656565656567,"0.5268111111111111,0.3682145593869733,0.45189473684210524,0.4,0.71,0.02830131156452355,11.0","0,0,0"
36.56666666666667,236,AV,1,0,4,4,1,0,0,69,1597.8734280578535,0.1,-0.22161616161616166,"0.5015277777777778,0.36474908424908425,0.4525090090090089,0.1,0.69,0.07894932222142612,5.0","0,0,0"
6.683333333333334,58,AV,0,8,0,0,6,0,0,22,4505.18942297478,0.3,-0.1215151515151515,"0.08944871794871798,0.13659343434343435,0.2305428571428572,0.3,0.22,0.22259688732374286,14.0","0,0,0"
32.9,278,AV,2,1,2,0,6,0,0,47,1614.9493849180149,0.1,-0.1993939393939394,"0.32572,0.2467911392405063,0.33362962962962966,0.1,0.47,0.0797930281099649,6.0","0,0,0"
37.6,41,AV,1,1,6,0,0,0,0,75,921.9548251796884,0.7,-1.595151515151515,"0.5325520833333335,0.37371666666666664,0.4514460784313725,0.7,0.75,0.04555286250374671,6.0","0,0,0"
39.38333333333333,277,AV,2,1,2,0,10,0,0,59,1703.2333497257905,0.2,-0.47737373737373745,"0.4549444444444445,0.3246965811965812,0.4224471544715447,0.2,0.59,0.08415505019644881,10.0","0,0,0"
15.25,272,AV,1,1,5,0,5,0,0,22,626.2908344343901,0.6,-0.5545454545454545,"0.08944871794871798,0.13659343434343435,0.2305428571428572,0.6,0.22,0.030944401492541913,10.0","0,0,0"
21.45,12,AV,1,2,8,1,3,0,0,39,1260.6549751070208,0.1,-0.13,"0.235183908045977,0.20294514767932487,0.3054895833333333,0.1,0.39,0.0622876969427672,11.0","0,0,0"
5.2,64,AV,0,6,3,4,11,0,0,8,1661.9571573900298,1.0,-0.3151515151515152,"0.05539583333333332,0.12282499999999999,0.2173095238095238,1.0,0.08,0.08211563496394797,17.0","0,0,0"
50.36666666666667,34,AV,0,9,8,9,5,0,0,60,779.0639592631991,0.1,-0.3052525252525253,"0.4681083333333333,0.33019958847736625,0.42348717948717945,0.1,0.6,0.0384927682449347,14.0","0,0,0"
32.916666666666664,291,AV,1,2,6,5,5,0,0,60,979.573716991658,0.5,-0.9974747474747474,"0.4681083333333333,0.33019958847736625,0.42348717948717945,0.5,0.6,0.048399754113449336,11.0","0,0,0"
38.083333333333336,165,AV,0,9,0,0,0,0,0,48,4645.51881630073,0.1,-0.23080808080808085,"0.33826562499999996,0.2531818181818182,0.34389682539682537,0.1,0.48,0.2295304217929239,9.0","0,0,0"
8.333333333333334,116,AV,0,5,0,8,4,0,0,22,3101.095365071405,0.1,-0.05050505050505051,"0.08944871794871798,0.13659343434343435,0.2305428571428572,0.1,0.22,0.15322200927639995,9.0","0,0,0"
8.416666666666666,151,AV,0,9,7,1,1,0,0,25,946.1123250925148,0.4,-0.20404040404040402,"0.10546296296296298,0.14291435185185186,0.237609375,0.4,0.25,0.04674646032644781,10.0","0,0,0"
20.6,153,AV,0,5,0,2,6,0,0,38,3362.377553451843,0.1,-0.12484848484848486,"0.21171604938271604,0.1909298245614035,0.2854504504504505,0.1,0.38,0.1661316999433504,11.0","0,0,0"
32.2,106,AV,2,1,2,0,5,0,0,44,3898.759045987068,0.1,-0.1951515151515152,"0.2866494252873563,0.22546041666666666,0.31481182795698925,0.1,0.44,0.19263377109878843,5.0","0,0,0"
26.0,261,AV,1,0,8,9,5,0,0,48,11515.391842589095,0.8,-1.2606060606060607,"0.33826562499999996,0.2531818181818182,0.34389682539682537,0.8,0.48,0.5689639524149042,13.0","0,0,0"
20.05,230,AV,1,2,9,3,0,0,0,39,5386.149373461946,0.2,-0.24303030303030304,"0.235183908045977,0.20294514767932487,0.3054895833333333,0.2,0.39,0.2661242342173697,9.0","0,0,0"
12.083333333333334,281,AV,1,3,6,1,2,0,0,8,1649.648602545546,0.1,-0.07323232323232325,"0.05539583333333332,0.12282499999999999,0.2173095238095238,0.1,0.08,0.08150748162374356,8.0","0,0,0"
25.633333333333333,14,AV,2,3,3,1,7,0,0,29,4609.601315671212,0.2,-0.3107070707070707,"0.12623931623931622,0.15494285714285713,0.2560645161290323,0.2,0.29,0.2277557741388637,7.0","0,0,0"
29.933333333333334,105,AV,1,3,5,0,0,0,0,56,2528.765907819195,0.3,-0.5442424242424242,"0.4182028985507246,0.3031350210970465,0.3865219298245614,0.3,0.56,0.12494378526691811,5.0","0,0,0"
33.833333333333336,113,AV,2,3,0,4,11,0,0,47,1310.9401185904849,0.3,-0.6151515151515151,"0.32572,0.2467911392405063,0.33362962962962966,0.3,0.47,0.06477223540877823,15.0","0,0,0"
31.333333333333332,273,AV,0,4,1,5,5,0,0,44,4968.170350229253,0.9,-1.7090909090909092,"0.2866494252873563,0.22546041666666666,0.31481182795698925,0.9,0.44,0.24547231022417584,9.0","0,0,0"
26.616666666666667,246,AV,2,1,1,7,10,0,0,31,17693.100214811147,0.6,-0.9678787878787879,"0.1436740740740741,0.15554545454545454,0.2430057471264368,0.6,0.31,0.874198322236906,17.0","0,0,0"
30.083333333333332,130,AV,2,3,2,3,16,0,0,42,12197.400506638176,0.1,-0.18232323232323233,"0.2718666666666667,0.22058333333333333,0.3136617647058823,0.1,0.42,0.6026613159421645,16.0","0,0,0"
24.483333333333334,33,AV,2,1,2,1,5,0,0,10,813.126641713825,0.3,-0.4451515151515152,"0.05711666666666667,0.12370440251572329,0.222683908045977,0.3,0.1,0.040175771194542055,5.0","0,0,0"
36.733333333333334,269,AV,1,3,5,0,5,0,0,72,522.440884226393,0.9,-2.003636363636364,"0.5273518518518518,0.3702107279693486,0.45245714285714295,0.9,0.72,0.02581327969172718,10.0","0,0,0"
40.11666666666667,4,AV,2,3,2,8,4,0,0,56,961.7772661313056,0.9,-2.1881818181818184,"0.4182028985507246,0.3031350210970465,0.3865219298245614,0.9,0.56,0.04752044933955402,12.0","0,0,0"
32.1,227,AV,1,1,7,7,0,0,0,58,6918.069898529506,0.1,-0.19454545454545458,"0.4477685185185184,0.3207631578947369,0.41482246376811593,0.1,0.58,0.34181488970200175,7.0","0,0,0"
38.21666666666667,251,AV,2,3,3,1,5,0,0,53,783.6834518391023,0.3,-0.6948484848484848,"0.3990984848484848,0.28954375,0.3817850877192982,0.3,0.53,0.038721012736313315,5.0","0,0,0"
38.88333333333333,152,AV,2,1,2,3,5,0,0,54,3523.1638559153366,0.5,-1.1782828282828284,"0.4157156862745098,0.29870039682539684,0.39195299145299145,0.5,0.54,0.1740759897594787,5.0","0,0,0"
20.05,67,AV,2,3,1,4,2,0,0,5,959.5289757906356,0.1,-0.12151515151515152,"0.0525,0.11687037037037036,0.21716666666666665,0.1,0.05,0.04740936357053375,6.0","0,0,0"
58.95,24,AV,0,9,0,0,6,0,0,85,601.3137559373858,0.4,-1.4290909090909092,"0.5461296296296296,0.3870945273631841,0.47097101449275347,0.4,0.85,0.029710309114645228,15.0","0,0,0"
38.233333333333334,215,AV,0,8,3,6,5,0,0,49,4090.160813256426,0.2,-0.4634343434343435,"0.37498666666666675,0.2617025316455696,0.3459814814814815,0.2,0.49,0.20209074030082702,13.0","0,0,0"
16.55,182,AV,1,1,4,3,4,0,0,25,2255.9253983027734,0.2,-0.20060606060606065,"0.10546296296296298,0.14291435185185186,0.237609375,0.2,0.25,0.11146300955425625,8.0","0,0,0"
22.25,270,AV,1,3,6,7,2,0,0,42,2949.689674384749,0.1,-0.13484848484848486,"0.2718666666666667,0.22058333333333333,0.3136617647058823,0.1,0.42,0.14574120607241453,8.0","0,0,0"
29.216666666666665,159,AV,1,3,4,3,2,0,0,55,591.6693204447811,1.0,-1.7707070707070707,"0.4210800000000001,0.3005044444444445,0.3894333333333334,1.0,0.55,0.02923378723751827,6.0","0,0,0"
35.0,193,AV,2,3,2,3,5,0,0,47,4061.843573313689,0.1,-0.21212121212121213,"0.32572,0.2467911392405063,0.33362962962962966,0.1,0.47,0.20069161389857007,5.0","0,0,0"
13.5,48,AV,1,2,4,3,1,0,0,20,2744.255474143275,1.0,-0.8181818181818182,"0.08417156862745098,0.13280808080808085,0.22725,1.0,0.2,0.13559090844222083,5.0","0,0,0"
31.1,77,AV,0,9,9,7,0,0,0,45,5341.061461458292,0.6,-1.1309090909090909,"0.3055654761904762,0.23557207207207206,0.32269298245614036,0.6,0.45,0.26389648574207625,9.0","0,0,0"
31.516666666666666,118,AV,1,0,5,0,1,0,0,57,6230.691172258436,0.3,-0.573030303030303,"0.4365634920634921,0.31116666666666665,0.3994280303030303,0.3,0.57,0.3078521967905309,6.0","0,0,0"
11.866666666666667,217,AV,0,4,0,2,1,0,0,30,1509.578116022191,0.3,-0.2157575757575758,"0.14046899224806203,0.15432835820895524,0.24552222222222217,0.3,0.3,0.07458673947980204,5.0","0,0,0"
22.033333333333335,266,AV,1,1,8,2,8,0,0,39,912.6272274022258,0.2,-0.2670707070707071,"0.235183908045977,0.20294514767932487,0.3054895833333333,0.2,0.39,0.04509199526010037,16.0","0,0,0"
21.733333333333334,224,AV,1,0,9,2,2,0,0,42,4021.28082322038,0.4,-0.5268686868686869,"0.2718666666666667,0.22058333333333333,0.3136617647058823,0.4,0.42,0.19868744913115402,11.0","0,0,0"
28.8,237,AV,1,2,6,6,10,0,0,53,2966.188350320237,0.6,-1.0472727272727274,"0.3990984848484848,0.28954375,0.3817850877192982,0.6,0.53,0.14655638908990856,16.0","0,0,0"
33.45,160,AV,1,1,9,6,6,0,0,61,1052.4070316009115,0.1,-0.20272727272727276,"0.4746000000000001,0.33353046594982083,0.427421875,0.1,0.61,0.05199837508215116,15.0","0,0,0"
37.96666666666667,222,AV,2,1,1,1,16,0,0,49,2078.9202215407213,0.9,-2.070909090909091,"0.37498666666666675,0.2617025316455696,0.3459814814814815,0.9,0.49,0.10271736143866485,16.0","0,0,0"
29.216666666666665,73,AV,1,1,7,2,3,0,0,54,1089.3140785512585,0.2,-0.35414141414141415,"0.4157156862745098,0.29870039682539684,0.39195299145299145,0.2,0.54,0.05382191522667051,10.0","0,0,0"
27.416666666666668,285,AV,1,3,4,3,2,0,0,51,5394.467136051333,0.5,-0.8308080808080809,"0.3838690476190476,0.27510585585585584,0.36196052631578945,0.5,0.51,0.2665352065179911,6.0","0,0,0"
25.316666666666666,284,AV,1,0,6,1,0,0,0,48,2942.323800284961,0.1,-0.15343434343434345,"0.33826562499999996,0.2531818181818182,0.34389682539682537,0.1,0.48,0.14537726562660996,6.0","0,0,0"
33.5,247,AV,2,3,1,8,11,0,0,46,546.8646928603165,0.1,-0.20303030303030303,"0.31282777777777776,0.23883101851851854,0.32475000000000004,0.1,0.46,0.027020035561031403,19.0","0,0,0"
41.35,62,AV,2,0,2,7,1,0,0,66,7592.14370769901,0.6,-1.5036363636363637,"0.49943859649122807,0.35619078947368416,0.43876296296296297,0.6,0.66,0.37512020001424035,8.0","0,0,0"
14.466666666666667,131,AV,1,2,6,6,2,0,0,18,3941.04555698938,0.1,-0.08767676767676769,"0.07301388888888888,0.12971614583333335,0.22917916666666663,0.1,0.18,0.19472310516250035,8.0","0,0,0"
18.0,15,AV,1,3,6,5,1,0,0,35,1348.5865378412918,0.3,-0.3272727272727272,"0.19285238095238097,0.18439303482587063,0.28750877192982455,0.3,0.35,0.0666323071965214,7.0","0,0,0"
17.85,256,AV,1,2,9,6,2,0,0,33,1885.557658153182,0.3,-0.3245454545454546,"0.18021666666666664,0.1709251207729469,0.2706016260162602,0.3,0.33,0.09316351126856799,11.0","0,0,0"
14.7,203,AV,1,0,5,4,0,0,0,19,3245.380745418587,0.7,-0.6236363636363635,"0.08045714285714284,0.13168010752688175,0.22840697674418603,0.7,0.19,0.16035100509349434,5.0","0,0,0"
36.13333333333333,209,AV,1,1,4,3,3,0,0,72,9095.945853089892,0.2,-0.43797979797979797,"0.5273518518518518,0.3702107279693486,0.45245714285714295,0.2,0.72,0.44942155458275634,7.0","0,0,0"
27.916666666666668,57,AV,2,1,2,0,11,0,0,41,5844.130995646287,0.1,-0.16919191919191923,"0.25057777777777784,0.21224786324786327,0.3072083333333333,0.1,0.41,0.28875264647231946,11.0","0,0,0"
17.9,245,AV,1,1,6,0,1,0,0,33,4934.883137056144,0.1,-0.10848484848484848,"0.18021666666666664,0.1709251207729469,0.2706016260162602,0.1,0.33,0.2438276224331965,7.0","0,0,0"
28.183333333333334,119,AV,2,1,3,3,5,0,0,34,1564.4426034616197,0.1,-0.17080808080808083,"0.1864956140350877,0.1750530303030303,0.2759907407407407,0.1,0.34,0.07729753873417955,5.0","0,0,0"
32.983333333333334,289,AV,2,0,1,0,5,0,0,44,849.0657401736111,0.2,-0.3997979797979798,"0.2866494252873563,0.22546041666666666,0.31481182795698925,0.2,0.44,0.04195148597571712,5.0","0,0,0"
32.86666666666667,135,AV,0,8,8,5,0,0,0,46,1682.490559712908,0.1,-0.1991919191919192,"0.31282777777777776,0.23883101851851854,0.32475000000000004,0.1,0.46,0.08313016976240285,8.0","0,0,0"
24.4,293,AV,1,2,7,2,10,0,0,47,2909.8477340427667,0.5,-0.7393939393939394,"0.32572,0.2467911392405063,0.33362962962962966,0.5,0.47,0.1437726557913017,17.0","0,0,0"
21.883333333333333,229,AV,1,1,4,4,2,0,0,40,7572.106998522375,0.8,-1.061010101010101,"0.24623655913978496,0.20760365853658536,0.30585802469135803,0.8,0.4,0.37413020632558763,6.0","0,0,0"
18.933333333333334,101,AV,1,3,5,0,5,0,0,38,8348.421721831439,0.1,-0.11474747474747476,"0.21171604938271604,0.1909298245614035,0.2854504504504505,0.1,0.38,0.41248713758156286,10.0","0,0,0"
15.316666666666666,26,AV,1,0,5,6,1,0,0,26,6778.2755320215965,0.2,-0.18565656565656566,"0.11322058823529414,0.1488445945945946,0.2505104166666666,0.2,0.26,0.3349077903708691,6.0","0,0,0"
16.583333333333332,253,AV,1,1,9,6,2,0,0,26,5064.807770076448,0.1,-0.1005050505050505,"0.11322058823529414,0.1488445945945946,0.2505104166666666,0.1,0.26,0.25024706813941117,11.0","0,0,0"
35.416666666666664,211,AV,2,2,1,1,15,0,0,49,1778.835052690156,0.3,-0.6439393939393938,"0.37498666666666675,0.2617025316455696,0.3459814814814815,0.3,0.49,0.08789045445501824,15.0","0,0,0"
11.733333333333333,96,AV,0,5,8,3,3,0,0,29,6081.635477498837,0.2,-0.14222222222222222,"0.12623931623931622,0.15494285714285713,0.2560645161290323,0.2,0.29,0.3004875045265025,8.0","0,0,0"
11.833333333333334,158,AV,1,2,4,4,9,0,0,11,1697.366940102563,0.1,-0.07171717171717172,"0.060365853658536583,0.12424739583333334,0.22561428571428568,0.1,0.11,0.08386519678534977,13.0","0,0,0"
24.566666666666666,192,AV,2,3,3,2,12,0,0,29,5670.319740923212,0.2,-0.2977777777777778,"0.12623931623931622,0.15494285714285713,0.2560645161290323,0.2,0.29,0.28016480683878775,12.0","0,0,0"
23.383333333333333,19,AV,1,1,5,0,2,0,0,46,2314.8193170712048,0.3,-0.4251515151515151,"0.31282777777777776,0.23883101851851854,0.32475000000000004,0.3,0.46,0.11437289896607457,7.0","0,0,0"
26.3,242,AV,1,2,5,1,7,0,0,49,615.3970356119416,0.1,-0.15939393939393942,"0.37498666666666675,0.2617025316455696,0.3459814814814815,0.1,0.49,0.030406149827330708,12.0","0,0,0"
35.983333333333334,2,AV,1,3,5,2,15,0,0,73,1467.6871321740252,0.2,-0.4361616161616162,"0.5270208333333334,0.3721143410852713,0.45231578947368417,0.2,0.73,0.07251694801576773,20.0","0,0,0"
26.25,8,AV,2,3,3,2,6,0,0,33,1025.7249596144625,0.7,-1.1136363636363635,"0.18021666666666664,0.1709251207729469,0.2706016260162602,0.7,0.33,0.050680040687321244,6.0","0,0,0"
20.75,290,AV,1,3,4,3,8,0,0,38,1485.5718097438446,1.0,-1.2575757575757576,"0.21171604938271604,0.1909298245614035,0.2854504504504505,1.0,0.38,0.07340061198282061,12.0","0,0,0"
15.5,190,AV,1,1,5,0,14,0,0,22,17322.90883950548,0.6,-0.5636363636363636,"0.08944871794871798,0.13659343434343435,0.2305428571428572,0.6,0.22,0.8559075379611304,19.0","0,0,0"
29.55,248,AV,1,1,7,4,3,0,0,52,3274.575105225111,0.1,-0.1790909090909091,"0.3968888888888889,0.2798388888888889,0.35970114942528736,0.1,0.52,0.16179346910781556,10.0","0,0,0"
41.53333333333333,275,AV,0,5,8,3,3,0,0,51,1460.106853854364,0.6,-1.51030303030303,"0.3838690476190476,0.27510585585585584,0.36196052631578945,0.6,0.51,0.07214241407266661,8.0","0,0,0"
26.033333333333335,200,AV,2,3,3,2,8,0,0,31,850.3216016091212,0.2,-0.3155555555555556,"0.1436740740740741,0.15554545454545454,0.2430057471264368,0.2,0.31,0.04201353682867991,8.0","0,0,0"
46.43333333333333,220,AV,2,0,2,7,6,0,0,60,1275.6237969650936,0.8,-2.251313131313131,"0.4681083333333333,0.33019958847736625,0.42348717948717945,0.8,0.6,0.06302729140588091,13.0","0,0,0"
42.266666666666666,149,AV,2,3,2,8,3,0,0,59,7336.658338656486,1.0,-2.5616161616161617,"0.4549444444444445,0.3246965811965812,0.4224471544715447,1.0,0.59,0.3624969243722426,11.0","0,0,0"
25.75,225,AV,0,9,1,1,4,0,0,41,6709.13861087917,1.0,-1.5606060606060606,"0.25057777777777784,0.21224786324786327,0.3072083333333333,1.0,0.41,0.3314918044931234,13.0","0,0,0"
30.383333333333333,98,AV,1,2,8,1,3,0,0,54,4412.688598555705,0.2,-0.3682828282828283,"0.4157156862745098,0.29870039682539684,0.39195299145299145,0.2,0.54,0.21802651443652019,11.0","0,0,0"
33.38333333333333,168,AV,2,1,2,1,11,0,0,34,1587.6148581174584,0.2,-0.4046464646464647,"0.1864956140350877,0.1750530303030303,0.2759907407407407,0.2,0.34,0.07844245657766878,11.0","0,0,0"
46.7,36,AV,0,6,4,4,0,0,0,57,1541.4014724042315,0.2,-0.5660606060606062,"0.4365634920634921,0.31116666666666665,0.3994280303030303,0.2,0.57,0.07615909957607497,6.0","0,0,0"
53.63333333333333,206,AV,0,9,1,1,14,0,0,67,3465.4556083993225,0.1,-0.32505050505050503,"0.5004803921568627,0.35987349397590357,0.436,0.1,0.67,0.17122468317412964,23.0","0,0,0"
49.1,195,AV,2,1,2,0,9,0,0,75,4639.089550420253,0.2,-0.5951515151515152,"0.5325520833333335,0.37371666666666664,0.4514460784313725,0.2,0.75,0.22921275821911885,9.0","0,0,0"
39.06666666666667,134,AV,2,1,1,9,13,0,0,52,539.5213747330826,1.0,-2.367676767676768,"0.3968888888888889,0.2798388888888889,0.35970114942528736,1.0,0.52,0.026657209583190285,22.0","0,0,0"
25.2,258,AV,1,3,4,3,8,0,0,48,720.4688823460104,0.1,-0.15272727272727274,"0.33826562499999996,0.2531818181818182,0.34389682539682537,0.1,0.48,0.035597644309025005,12.0","0,0,0"
42.25,91,AV,2,1,0,9,12,0,0,69,946.2003450753726,0.2,-0.5121212121212121,"0.5015277777777778,0.36474908424908425,0.4525090090090089,0.2,0.69,0.04675080930545112,21.0","0,0,0"
25.7,219,AV,2,0,2,7,4,0,0,29,6031.594525491932,0.2,-0.3115151515151515,"0.12623931623931622,0.15494285714285713,0.2560645161290323,0.2,0.29,0.2980150313162421,11.0","0,0,0"
36.516666666666666,186,AV,1,0,5,0,0,0,0,66,3758.845856207275,0.2,-0.44262626262626265,"0.49943859649122807,0.35619078947368416,0.43876296296296297,0.2,0.66,0.18572080082906037,5.0","0,0,0"
27.6,44,AV,0,4,5,1,2,0,0,42,1174.3503864217532,0.7,-1.170909090909091,"0.2718666666666667,0.22058333333333333,0.3136617647058823,0.7,0.42,0.05802347384370573,6.0","0,0,0"
18.1,175,AV,1,3,6,1,5,0,0,32,3534.445695738256,0.1,-0.10969696969696972,"0.1569009009009009,0.15958333333333335,0.24760215053763437,0.1,0.32,0.1746334141410286,11.0","0,0,0"
40.88333333333333,40,AV,2,1,1,9,15,0,0,57,2421.832203454489,0.1,-0.2477777777777778,"0.4365634920634921,0.31116666666666665,0.3994280303030303,0.1,0.57,0.119660298268526,24.0","0,0,0"
30.816666666666666,54,AV,1,3,5,0,6,0,0,58,3583.4963710051925,0.2,-0.37353535353535355,"0.4477685185185184,0.3207631578947369,0.41482246376811593,0.2,0.58,0.17705695877155342,11.0","0,0,0"
41.2,292,AV,2,3,0,1,6,0,0,62,779.2240782816187,0.3,-0.7490909090909091,"0.48194117647058815,0.34032037037037033,0.4324646464646466,0.3,0.62,0.038500679564916006,6.0","0,0,0"
22.133333333333333,265,AV,1,2,9,0,0,0,0,44,2250.3510049999354,0.5,-0.6707070707070707,"0.2866494252873563,0.22546041666666666,0.31481182795698925,0.5,0.44,0.11118758437643748,9.0","0,0,0"
22.666666666666668,89,AV,1,0,4,0,4,0,0,43,541.9839687696077,0.1,-0.13737373737373737,"0.2848282828282828,0.22439166666666668,0.3201234567901235,0.1,0.43,0.02677888388271631,8.0","0,0,0"
45.166666666666664,189,AV,2,3,2,8,10,0,0,59,1022.032321197676,0.2,-0.5474747474747474,"0.4549444444444445,0.3246965811965812,0.4224471544715447,0.2,0.59,0.05049759112961852,18.0","0,0,0"
44.916666666666664,179,AV,2,1,3,0,6,0,0,63,763.1985099142711,0.6,-1.633333333333333,"0.47761363636363635,0.3421925925925926,0.4303690476190476,0.6,0.63,0.03770887231748401,6.0","0,0,0"
13.283333333333333,75,AV,1,0,8,8,0,0,0,17,2987.078671303881,0.6,-0.483030303030303,"0.06802857142857141,0.12948333333333334,0.22892962962962965,0.6,0.17,0.14758855888113623,8.0","0,0,0"
42.36666666666667,139,AV,2,3,1,8,4,0,0,56,4034.238052294327,0.5,-1.2838383838383838,"0.4182028985507246,0.3031350210970465,0.3865219298245614,0.5,0.56,0.1993276528139321,12.0","0,0,0"
36.666666666666664,70,AV,1,3,5,0,2,0,0,67,3387.2787239910285,0.2,-0.4444444444444444,"0.5004803921568627,0.35987349397590357,0.436,0.2,0.67,0.16736204178524355,7.0","0,0,0"
46.21666666666667,136,AV,2,0,2,7,4,0,0,57,3393.6426315430986,0.6,-1.6806060606060604,"0.4365634920634921,0.31116666666666665,0.3994280303030303,0.6,0.57,0.16767647606964517,11.0","0,0,0"
32.766666666666666,140,AV,0,7,9,6,3,0,0,45,5654.280440205098,0.3,-0.5957575757575757,"0.3055654761904762,0.23557207207207206,0.32269298245614036,0.3,0.45,0.2793723210896882,10.0","0,0,0"
14.683333333333334,174,AV,1,1,8,2,7,0,0,21,1848.7234685638712,0.1,-0.08898989898989901,"0.08513888888888888,0.13472727272727275,0.2306535087719298,0.1,0.21,0.09134357093312716,15.0","0,0,0"
34.25,90,AV,1,2,4,6,3,0,0,61,2280.385817754286,0.6,-1.2454545454545454,"0.4746000000000001,0.33353046594982083,0.427421875,0.6,0.61,0.1126715743273096,7.0","0,0,0"
27.366666666666667,208,AV,1,3,5,0,1,0,0,50,8981.750106371177,0.2,-0.33171717171717174,"0.3701304347826086,0.27213615023474175,0.3611050724637681,0.2,0.5,0.4437792573608979,6.0","0,0,0"
23.266666666666666,180,AV,1,3,4,3,1,0,0,45,2187.718469250836,0.2,-0.282020202020202,"0.3055654761904762,0.23557207207207206,0.32269298245614036,0.2,0.45,0.10809297365222585,5.0","0,0,0"
31.9,169,AV,1,3,6,4,0,0,0,59,753.5670156580491,0.2,-0.3866666666666667,"0.4549444444444445,0.3246965811965812,0.4224471544715447,0.2,0.59,0.03723298985385701,6.0","0,0,0"
47.21666666666667,132,AV,2,0,2,7,9,0,0,77,1950.0200213032829,0.4,-1.144646464646465,"0.5290104166666666,0.38083534136546193,0.4661707317073171,0.4,0.77,0.09634853192798135,16.0","0,0,0"
12.616666666666667,104,AV,1,0,4,5,1,0,0,10,870.7377108213431,0.2,-0.15292929292929294,"0.05711666666666667,0.12370440251572329,0.222683908045977,0.2,0.1,0.04302227629226974,5.0","0,0,0"
24.966666666666665,121,AV,2,2,0,3,8,0,0,23,1342.087988935639,0.5,-0.7565656565656566,"0.10167142857142858,0.1424212962962963,0.23756060606060603,0.5,0.23,0.06631122041798494,8.0","0,0,0"
30.466666666666665,171,AV,2,2,0,1,21,0,0,32,2142.030696222753,0.2,-0.3692929292929293,"0.1569009009009009,0.15958333333333335,0.24760215053763437,0.2,0.32,0.10583558664582342,21.0","0,0,0"
31.9,59,AV,1,1,7,0,9,0,0,57,14754.343640924068,0.1,-0.19333333333333336,"0.4365634920634921,0.31116666666666665,0.3994280303030303,0.1,0.57,0.7289973096860264,16.0","0,0,0"
35.583333333333336,1,AV,1,2,6,6,0,0,0,70,5009.92015912814,0.2,-0.4313131313131313,"0.5043589743589745,0.366132183908046,0.4495541666666667,0.2,0.7,0.24753512637567007,6.0","0,0,0"
18.5,148,AV,1,0,4,2,4,0,0,33,2123.4400354784907,0.1,-0.11212121212121212,"0.18021666666666664,0.1709251207729469,0.2706016260162602,0.1,0.33,0.10491704075874904,8.0","0,0,0"
22.2,276,AV,1,3,6,5,0,0,0,44,3942.222625638348,0.6,-0.8072727272727273,"0.2866494252873563,0.22546041666666666,0.31481182795698925,0.6,0.44,0.19478126294296802,6.0","0,0,0"
39.7,78,AV,0,9,6,4,7,0,0,49,2033.019749384408,0.4,-0.9624242424242425,"0.37498666666666675,0.2617025316455696,0.3459814814814815,0.4,0.49,0.10044946518183244,16.0","0,0,0"
26.516666666666666,183,AV,1,3,4,3,5,0,0,51,8987.822610831106,0.3,-0.4821212121212121,"0.3838690476190476,0.27510585585585584,0.36196052631578945,0.3,0.51,0.4440792937110115,9.0","0,0,0"
25.85,271,AV,0,8,4,0,5,0,0,40,5985.732437913218,0.7,-1.0966666666666667,"0.24623655913978496,0.20760365853658536,0.30585802469135803,0.7,0.4,0.2957490316028605,13.0","0,0,0"
13.533333333333333,260,AV,0,8,8,4,2,0,0,30,1823.811293294481,0.4,-0.3280808080808081,"0.14046899224806203,0.15432835820895524,0.24552222222222217,0.4,0.3,0.09011268535856054,10.0","0,0,0"
55.266666666666666,56,AV,0,9,1,1,4,0,0,71,679.8949342204361,0.4,-1.3397979797979798,"0.5268111111111111,0.3682145593869733,0.45189473684210524,0.4,0.71,0.033592926258074716,13.0","0,0,0"
35.96666666666667,161,AV,1,0,7,5,1,0,0,65,9280.176126726552,0.6,-1.3078787878787879,"0.5096875,0.34984102564102565,0.4308071895424837,0.6,0.65,0.4585241874827607,8.0","0,0,0"
29.483333333333334,239,AV,1,1,8,1,6,0,0,55,1626.914224999384,0.2,-0.3573737373737374,"0.4210800000000001,0.3005044444444445,0.3894333333333334,0.2,0.55,0.0803841988487261,14.0","0,0,0"
45.266666666666666,199,AV,0,5,0,7,2,0,0,56,1111.987968807459,0.2,-0.5486868686868687,"0.4182028985507246,0.3031350210970465,0.3865219298245614,0.2,0.56,0.05494220938540485,7.0","0,0,0"
25.05,150,AV,2,3,1,8,3,0,0,26,950.4213588862824,0.1,-0.15181818181818185,"0.11322058823529414,0.1488445945945946,0.2505104166666666,0.1,0.26,0.04695936536102284,11.0","0,0,0"
47.516666666666666,100,AV,2,2,3,2,6,0,0,91,8134.997760071039,0.3,-0.8639393939393939,"0.5396234567901235,0.3874240196078431,0.4667814814814814,0.3,0.91,0.40194207385440944,6.0","0,0,0"
21.066666666666666,216,AV,2,0,2,1,6,0,0,12,595.9176043698985,0.3,-0.383030303030303,"0.06056249999999999,0.12436243386243385,0.2229459459459459,0.3,0.12,0.029443690682060725,6.0","0,0,0"
34.016666666666666,164,AV,2,2,0,3,8,0,0,47,1265.4739572733297,0.3,-0.6184848484848485,"0.32572,0.2467911392405063,0.33362962962962966,0.3,0.47,0.06252579801457091,8.0","0,0,0"
15.916666666666666,86,AV,1,2,6,2,11,0,0,25,2744.8905386527767,0.8,-0.7717171717171718,"0.10546296296296298,0.14291435185185186,0.237609375,0.8,0.25,0.1356222863421919,17.0","0,0,0"
28.983333333333334,63,AV,1,3,6,1,0,0,0,53,5882.279762541917,0.1,-0.17565656565656568,"0.3990984848484848,0.28954375,0.3817850877192982,0.1,0.53,0.29063753875296394,6.0","0,0,0"
33.55,170,AV,2,0,1,0,10,0,0,38,2996.640782499388,0.8,-1.6266666666666667,"0.21171604938271604,0.1909298245614035,0.2854504504504505,0.8,0.38,0.14806101319737625,10.0","0,0,0"
41.68333333333333,95,AV,2,3,0,9,3,0,0,53,3278.222126324269,0.4,-1.0105050505050506,"0.3990984848484848,0.28954375,0.3817850877192982,0.4,0.53,0.16197366475964245,12.0","0,0,0"
36.46666666666667,87,AV,0,4,2,1,3,0,0,47,4689.4303597647895,0.9,-1.9890909090909092,"0.32572,0.2467911392405063,0.33362962962962966,0.9,0.47,0.2317000470794511,7.0","0,0,0"
46.06666666666667,257,AV,2,2,3,2,6,0,0,70,932.1411738504048,0.1,-0.2791919191919192,"0.5043589743589745,0.366132183908046,0.4495541666666667,0.1,0.7,0.046056159767061025,6.0","0,0,0"
23.033333333333335,127,AV,1,3,4,3,10,0,0,45,4951.479839002994,1.0,-1.395959595959596,"0.3055654761904762,0.23557207207207206,0.32269298245614036,1.0,0.45,0.2446476488175187,14.0","0,0,0"
42.266666666666666,197,AV,2,3,3,2,6,0,0,64,2302.618320259251,0.3,-0.7684848484848484,"0.48903472222222233,0.3449080459770116,0.42890804597701154,0.3,0.64,0.11377005996029654,6.0","0,0,0"
21.766666666666666,184,AV,1,3,6,7,14,0,0,43,1588.8002265047048,0.4,-0.5276767676767676,"0.2848282828282828,0.22439166666666668,0.3201234567901235,0.4,0.43,0.07850102443987396,20.0","0,0,0"
48.46666666666667,196,AV,0,8,0,3,2,0,0,59,18628.94525544202,0.5,-1.4686868686868688,"0.4549444444444445,0.3246965811965812,0.4224471544715447,0.5,0.59,0.9204374863438488,10.0","0,0,0"
26.583333333333332,20,AV,2,1,1,7,2,0,0,26,5168.6614957092925,0.3,-0.4833333333333333,"0.11322058823529414,0.1488445945945946,0.2505104166666666,0.3,0.26,0.255378376480178,9.0","0,0,0"
23.133333333333333,39,AV,2,1,2,1,7,0,0,5,10751.672106064549,0.9,-1.2618181818181817,"0.0525,0.11687037037037036,0.21716666666666665,0.9,0.05,0.5312293268137855,7.0","0,0,0"
13.05,84,AV,1,1,9,6,6,0,0,18,2629.980017260476,0.7,-0.5536363636363637,"0.07301388888888888,0.12971614583333335,0.22917916666666663,0.7,0.18,0.1299446728211638,15.0","0,0,0"
18.05,27,AV,1,2,4,6,8,0,0,37,640.5426603936758,0.8,-0.8751515151515152,"0.2071551724137931,0.18684490740740742,0.2832264957264957,0.8,0.37,0.03164856990797825,12.0","0,0,0"
37.88333333333333,94,AV,1,1,4,3,3,0,0,74,2046.5713793034688,0.5,-1.1479797979797979,"0.5306309523809525,0.37269746376811597,0.44780392156862747,0.5,0.74,0.10111903761374018,7.0","0,0,0"
20.516666666666666,68,AV,1,0,6,6,7,0,0,39,597.1498506777683,0.1,-0.12434343434343434,"0.235183908045977,0.20294514767932487,0.3054895833333333,0.1,0.39,0.029504574735270385,13.0","0,0,0"
27.283333333333335,166,AV,2,0,1,0,8,0,0,36,13430.196447392702,0.3,-0.4960606060606061,"0.20314197530864198,0.18664639639639646,0.28975213675213674,0.3,0.36,0.6635725259609666,8.0","0,0,0"
39.916666666666664,23,AV,0,7,2,7,8,0,0,50,2225.3307045190536,0.1,-0.24191919191919192,"0.3701304347826086,0.27213615023474175,0.3611050724637681,0.1,0.5,0.1099513564437013,15.0","0,0,0"
42.333333333333336,250,AV,2,0,2,7,1,0,0,62,2909.5116230827134,0.2,-0.5131313131313132,"0.48194117647058815,0.34032037037037033,0.4324646464646466,0.2,0.62,0.14375604888613547,8.0","0,0,0"
16.5,274,AV,1,1,5,0,1,0,0,32,8029.700924090037,0.7,-0.7,"0.1569009009009009,0.15958333333333335,0.24760215053763437,0.7,0.32,0.39673946287985623,6.0","0,0,0"
25.716666666666665,243,AV,1,2,9,6,2,0,0,49,2891.134206742707,0.5,-0.7792929292929293,"0.37498666666666675,0.2617025316455696,0.3459814814814815,0.5,0.49,0.14284803919103217,11.0","0,0,0"
34.4,99,AV,1,1,9,6,7,0,0,64,1294.2551843223837,0.3,-0.6254545454545455,"0.48903472222222233,0.3449080459770116,0.42890804597701154,0.3,0.64,0.06394784955402583,16.0","0,0,0"
31.95,172,AV,2,3,2,0,19,0,0,48,437.5592869272848,0.6,-1.1618181818181816,"0.33826562499999996,0.2531818181818182,0.34389682539682537,0.6,0.48,0.021619365168734063,19.0","0,0,0"
31.633333333333333,42,AV,1,1,7,5,1,0,0,60,3001.8426729260827,0.4,-0.7668686868686869,"0.4681083333333333,0.33019958847736625,0.42348717948717945,0.4,0.6,0.14831803338198302,8.0","0,0,0"
29.333333333333332,129,AV,0,8,0,8,6,0,0,44,513.3463032142733,0.3,-0.5333333333333333,"0.2866494252873563,0.22546041666666666,0.31481182795698925,0.3,0.44,0.02536392557256681,14.0","0,0,0"
13.583333333333334,25,AV,1,3,4,6,2,0,0,7,2318.1098695731453,0.6,-0.49393939393939396,"0.0531025641025641,0.11843888888888887,0.21467948717948715,0.6,0.07,0.11453548186231685,6.0","0,0,0"
27.2,10,AV,1,3,8,8,6,0,0,49,2241.037238818388,0.1,-0.16484848484848486,"0.37498666666666675,0.2617025316455696,0.3459814814814815,0.1,0.49,0.11072740053806189,14.0","0,0,0"
33.583333333333336,9,AV,1,0,7,5,5,0,0,65,3778.090807703549,0.2,-0.40707070707070714,"0.5096875,0.34984102564102565,0.4308071895424837,0.2,0.65,0.18667167456544997,12.0","0,0,0"
56.81666666666667,244,AV,0,7,1,0,1,0,0,77,3623.60917519969,0.1,-0.3443434343434344,"0.5290104166666666,0.38083534136546193,0.4661707317073171,0.1,0.77,0.17903889216374055,8.0","0,0,0"
38.71666666666667,117,AV,1,3,6,4,0,0,0,79,742.6585956180782,0.1,-0.23464646464646466,"0.5421136363636364,0.38539777777777773,0.47511627906976733,0.1,0.79,0.03669401576896401,6.0","0,0,0"
30.766666666666666,110,AV,1,3,7,1,3,0,0,57,742.4887258523852,0.6,-1.1187878787878787,"0.4365634920634921,0.31116666666666665,0.3994280303030303,0.6,0.57,0.0366856226743472,10.0","0,0,0"
56.916666666666664,60,AV,0,4,6,6,6,0,0,80,2563.744074524839,0.6,-2.0696969696969694,"0.5435133333333332,0.3860902777777778,0.4775193798449613,0.6,0.8,0.12667202137465233,10.0","0,0,0"
28.266666666666666,11,AV,1,3,5,0,1,0,0,52,4679.48341028673,0.7,-1.1991919191919191,"0.3968888888888889,0.2798388888888889,0.35970114942528736,0.7,0.52,0.23120857828995,6.0","0,0,0"
24.516666666666666,218,AV,1,0,7,2,1,0,0,47,3759.463069718096,0.2,-0.29717171717171714,"0.32572,0.2467911392405063,0.33362962962962966,0.2,0.47,0.18575129672910448,8.0","0,0,0"
37.46666666666667,80,AV,2,0,1,0,15,0,0,41,2476.7673195544394,0.5,-1.1353535353535353,"0.25057777777777784,0.21224786324786327,0.3072083333333333,0.5,0.41,0.12237458721412664,15.0","0,0,0"
18.85,141,AV,1,1,7,5,5,0,0,35,4747.153558918807,0.6,-0.6854545454545455,"0.19285238095238097,0.18439303482587063,0.28750877192982455,0.6,0.35,0.23455209241022626,12.0","0,0,0"
25.416666666666668,297,AV,2,0,2,7,5,0,0,16,2403.836358207942,0.1,-0.15404040404040406,"0.06598484848484848,0.12938020833333336,0.22755813953488369,0.1,0.16,0.11877114161815011,12.0","0,0,0"
16.433333333333334,13,AV,1,0,6,5,8,0,0,31,1645.9523587482854,0.1,-0.0995959595959596,"0.1436740740740741,0.15554545454545454,0.2430057471264368,0.1,0.31,0.0813248539278105,14.0","0,0,0"
20.766666666666666,115,AV,0,4,1,7,3,0,0,38,6254.49597505133,0.5,-0.6292929292929292,"0.21171604938271604,0.1909298245614035,0.2854504504504505,0.5,0.38,0.3090283682025544,7.0","0,0,0"
18.783333333333335,6,AV,1,0,4,0,3,0,0,34,2035.9911412414244,0.2,-0.2276767676767677,"0.1864956140350877,0.1750530303030303,0.2759907407407407,0.2,0.34,0.10059627867096521,7.0","0,0,0"
42.11666666666667,122,AV,2,3,3,2,5,0,0,48,491.8679742725259,0.3,-0.7657575757575757,"0.33826562499999996,0.2531818181818182,0.34389682539682537,0.3,0.48,0.024302702898339818,5.0","0,0,0"
13.5,194,AV,0,9,1,8,0,0,0,31,2968.817229463249,0.2,-0.16363636363636366,"0.1436740740740741,0.15554545454545454,0.2430057471264368,0.2,0.31,0.1466862793696381,9.0","0,0,0"
24.833333333333332,235,AV,1,2,9,8,7,0,0,47,8436.938288223368,0.3,-0.4515151515151515,"0.32572,0.2467911392405063,0.33362962962962966,0.3,0.47,0.4168606522788469,16.0","0,0,0"
36.55,28,AV,2,0,2,0,13,0,0,51,7958.958807233507,0.5,-1.1075757575757574,"0.3838690476190476,0.27510585585585584,0.36196052631578945,0.5,0.51,0.3932441658930853,13.0","0,0,0"
43.28333333333333,32,AV,0,8,9,8,3,0,0,52,1148.2139867956057,0.7,-1.8362626262626258,"0.3968888888888889,0.2798388888888889,0.35970114942528736,0.7,0.52,0.05673210057248192,11.0","0,0,0"
40.46666666666667,82,AV,2,0,0,6,0,0,0,53,3630.005597296026,0.7,-1.716767676767677,"0.3990984848484848,0.28954375,0.3817850877192982,0.7,0.53,0.17935493295913799,6.0","0,0,0"
29.366666666666667,18,AV,0,5,5,6,6,0,0,42,1496.328062426438,0.2,-0.35595959595959603,"0.2718666666666667,0.22058333333333333,0.3136617647058823,0.2,0.42,0.07393206763132296,11.0","0,0,0"
13.566666666666666,299,AV,1,0,9,3,4,0,0,8,16390.717038727882,0.2,-0.16444444444444445,"0.05539583333333332,0.12282499999999999,0.2173095238095238,0.2,0.08,0.8098488767684134,13.0","0,0,0"
12.033333333333333,85,AV,1,1,5,2,3,0,0,6,3822.7735841463273,0.4,-0.29171717171717176,"0.053740740740740735,0.11774305555555556,0.21135185185185182,0.4,0.06,0.1888794056993337,8.0","0,0,0"
46.766666666666666,102,AV,0,7,9,7,4,0,0,58,1421.705549214182,0.3,-0.8503030303030302,"0.4477685185185184,0.3207631578947369,0.41482246376811593,0.3,0.58,0.07024504415554754,11.0","0,0,0"
21.283333333333335,5,AV,1,2,4,6,3,0,0,41,3065.2253709468137,0.3,-0.386969696969697,"0.25057777777777784,0.21224786324786327,0.3072083333333333,0.3,0.41,0.15144970887106365,7.0","0,0,0"
38.35,204,AV,2,2,3,2,5,0,0,51,938.3100494872764,1.0,-2.324242424242424,"0.3838690476190476,0.27510585585585584,0.36196052631578945,1.0,0.51,0.04636095772029518,5.0","0,0,0"
21.3,157,AV,1,3,6,7,2,0,0,37,20239.22920549412,1.0,-1.290909090909091,"0.2071551724137931,0.18684490740740742,0.2832264957264957,1.0,0.37,1.0,8.0","0,0,0"
41.5,71,AV,0,5,7,3,4,0,0,52,1567.0706205360798,1.0,-2.515151515151515,"0.3968888888888889,0.2798388888888889,0.35970114942528736,1.0,0.52,0.07742738641996724,9.0","0,0,0"
17.833333333333332,138,AV,1,2,9,4,0,0,0,32,3206.59631480788,0.3,-0.32424242424242417,"0.1569009009009009,0.15958333333333335,0.24760215053763437,0.3,0.32,0.15843470530673276,9.0","0,0,0"
13.4,29,AV,1,3,4,4,4,0,0,21,5984.209260784091,0.1,-0.08121212121212122,"0.08513888888888888,0.13472727272727275,0.2306535087719298,0.1,0.21,0.2956737729497932,8.0","0,0,0"
15.0,295,AV,1,0,9,7,2,0,0,14,727.2326469992182,0.2,-0.18181818181818182,"0.06425,0.1257311827956989,0.22153571428571425,0.2,0.14,0.03593183513143892,11.0","0,0,0"
23.883333333333333,286,AV,0,7,3,8,1,0,0,40,1986.5043233563797,0.8,-1.1579797979797979,"0.24623655913978496,0.20760365853658536,0.30585802469135803,0.8,0.4,0.09815118467145603,8.0","0,0,0"
24.65,55,AV,2,0,0,2,5,0,0,32,1020.7360413649084,0.3,-0.4481818181818182,"0.1569009009009009,0.15958333333333335,0.24760215053763437,0.3,0.32,0.05043354324421705,5.0","0,0,0"
26.333333333333332,31,AV,1,0,6,5,2,0,0,49,5370.167679594476,0.6,-0.9575757575757574,"0.37498666666666675,0.2617025316455696,0.3459814814814815,0.6,0.49,0.26533459476493776,8.0","0,0,0"
22.35,49,AV,0,5,9,8,8,0,0,38,2612.3907844155665,0.1,-0.13545454545454547,"0.21171604938271604,0.1909298245614035,0.2854504504504505,0.1,0.38,0.12907560648141725,13.0","0,0,0"
19.816666666666666,109,AV,1,2,8,7,3,0,0,39,670.158540600369,1.0,-1.201010101010101,"0.235183908045977,0.20294514767932487,0.3054895833333333,1.0,0.39,0.033111860822172434,11.0","0,0,0"
35.6,120,AV,2,0,2,7,5,0,0,48,14505.369879802229,0.3,-0.6472727272727273,"0.33826562499999996,0.2531818181818182,0.34389682539682537,0.3,0.48,0.7166957660553899,12.0","0,0,0"
18.866666666666667,69,AV,1,2,6,6,4,0,0,35,5590.116807812239,0.2,-0.22868686868686872,"0.19285238095238097,0.18439303482587063,0.28750877192982455,0.2,0.35,0.27620206041714035,10.0","0,0,0"
27.716666666666665,181,AV,2,1,2,0,5,0,0,36,985.8695826897422,0.5,-0.8398989898989898,"0.20314197530864198,0.18664639639639646,0.28975213675213674,0.5,0.36,0.04871082651814225,5.0","0,0,0"
28.75,52,AV,1,0,9,2,0,0,0,52,4754.245589533712,0.3,-0.5227272727272727,"0.3968888888888889,0.2798388888888889,0.35970114942528736,0.3,0.52,0.234902502524312,9.0","0,0,0"
34.5,128,AV,2,2,3,2,5,0,0,51,4459.768546990965,0.3,-0.6272727272727272,"0.3838690476190476,0.27510585585585584,0.36196052631578945,0.3,0.51,0.22035268743240086,5.0","0,0,0"
33.65,223,AV,1,0,5,0,3,0,0,57,2382.718205806423,0.2,-0.40787878787878784,"0.4365634920634921,0.31116666666666665,0.3994280303030303,0.2,0.57,0.1177277149052501,8.0","0,0,0"
16.616666666666667,228,AV,1,2,4,6,11,0,0,27,4630.913868273173,0.1,-0.1007070707070707,"0.11849099099099102,0.15227114427860694,0.2543888888888889,0.1,0.27,0.2288088059705391,15.0","0,0,0"
27.533333333333335,201,AV,0,4,4,8,6,0,0,41,1141.5133047894662,0.2,-0.3337373737373738,"0.25057777777777784,0.21224786324786327,0.3072083333333333,0.2,0.41,0.0564010266003407,10.0","0,0,0"
36.38333333333333,167,AV,0,5,8,3,3,0,0,47,4237.057085974603,0.5,-1.1025252525252525,"0.32572,0.2467911392405063,0.33362962962962966,0.5,0.47,0.20934873768929974,8.0","0,0,0"
50.25,65,AV,0,4,8,2,4,0,0,61,3958.913906791885,0.6,-1.8272727272727272,"0.4746000000000001,0.33353046594982083,0.427421875,0.6,0.61,0.19560596239095915,8.0","0,0,0"
34.016666666666666,114,AV,1,3,4,3,2,0,0,63,5912.288420941998,0.4,-0.8246464646464647,"0.47761363636363635,0.3421925925925926,0.4303690476190476,0.4,0.63,0.2921202364434439,6.0","0,0,0"
31.2,50,AV,1,1,5,0,9,0,0,59,4429.527615460413,0.4,-0.7563636363636363,"0.4549444444444445,0.3246965811965812,0.4224471544715447,0.4,0.59,0.2188585133596875,14.0","0,0,0"
31.466666666666665,38,AV,2,0,0,4,4,0,0,39,7099.697064525982,0.1,-0.1907070707070707,"0.235183908045977,0.20294514767932487,0.3054895833333333,0.1,0.39,0.3507889056663633,8.0","0,0,0"
26.183333333333334,103,AV,1,1,6,8,5,0,0,48,2486.38103050259,0.6,-0.9521212121212121,"0.33826562499999996,0.2531818181818182,0.34389682539682537,0.6,0.48,0.12284959102235175,11.0","0,0,0"
26.783333333333335,17,AV,1,3,6,9,3,0,0,50,1317.647826688136,0.4,-0.6492929292929294,"0.3701304347826086,0.27213615023474175,0.3611050724637681,0.4,0.5,0.06510365653304864,9.0","0,0,0"
35.96666666666667,191,AV,1,2,8,1,4,0,0,67,1628.9397076974285,0.5,-1.08989898989899,"0.5004803921568627,0.35987349397590357,0.436,0.5,0.67,0.0804842759157665,12.0","0,0,0"
36.983333333333334,187,AV,1,3,5,0,10,0,0,83,658.4091024775607,0.3,-0.6724242424242425,"0.542212643678161,0.38816666666666677,0.47877272727272724,0.3,0.83,0.032531332877974904,15.0","0,0,0"
29.266666666666666,3,AV,1,3,5,6,2,0,0,55,931.9887487728153,0.1,-0.17737373737373738,"0.4210800000000001,0.3005044444444445,0.3894333333333334,0.1,0.55,0.046048628596973375,7.0","0,0,0"
24.083333333333332,83,AV,0,7,9,6,6,0,0,39,1899.102970895097,0.7,-1.0217171717171716,"0.235183908045977,0.20294514767932487,0.3054895833333333,0.7,0.39,0.0938327715750938,13.0","0,0,0"
22.95,214,AV,1,0,5,8,3,0,0,44,1573.7150367511856,0.3,-0.41727272727272724,"0.2866494252873563,0.22546041666666666,0.31481182795698925,0.3,0.44,0.07775568035585004,8.0","0,0,0"
18.883333333333333,188,AV,0,6,6,6,5,0,0,35,1338.7213376931895,0.3,-0.3433333333333333,"0.19285238095238097,0.18439303482587063,0.28750877192982455,0.3,0.35,0.06614487755935793,11.0","0,0,0"
18.916666666666668,232,AV,1,0,4,2,4,0,0,36,2108.868816674547,0.3,-0.343939393939394,"0.20314197530864198,0.18664639639639646,0.28975213675213674,0.3,0.36,0.10419709146344741,8.0","0,0,0"
22.366666666666667,133,AV,0,7,8,9,5,0,0,38,1824.367004680513,0.4,-0.5422222222222223,"0.21171604938271604,0.1909298245614035,0.2854504504504505,0.4,0.38,0.09014014250035135,12.0","0,0,0"
35.61666666666667,123,AV,1,1,5,0,10,0,0,64,676.2529471816457,0.1,-0.2158585858585859,"0.48903472222222233,0.3449080459770116,0.42890804597701154,0.1,0.64,0.033412979334117666,15.0","0,0,0"
55.166666666666664,35,AV,0,7,4,1,5,0,0,76,1594.6992934726818,0.5,-1.6717171717171717,"0.5387738095238095,0.3810678294573643,0.47019999999999995,0.5,0.76,0.07879249141759738,12.0","0,0,0"
24.866666666666667,264,AV,1,2,4,6,2,0,0,47,3159.4556453821087,0.1,-0.1507070707070707,"0.32572,0.2467911392405063,0.33362962962962966,0.1,0.47,0.15610553214765938,6.0","0,0,0"
42.266666666666666,252,AV,2,2,3,3,7,0,0,53,7362.36439851089,0.3,-0.7684848484848484,"0.3990984848484848,0.28954375,0.3817850877192982,0.3,0.53,0.36376703498729634,7.0","0,0,0"
33.36666666666667,126,AV,1,1,4,8,4,0,0,63,1405.7852601227096,0.1,-0.20222222222222222,"0.47761363636363635,0.3421925925925926,0.4303690476190476,0.1,0.63,0.0694584386514629,8.0","0,0,0"
15.366666666666667,147,AV,1,3,5,6,2,0,0,31,1167.011530479414,0.1,-0.09313131313131313,"0.1436740740740741,0.15554545454545454,0.2430057471264368,0.1,0.31,0.05766086833794136,7.0","0,0,0"
23.883333333333333,0,AV,1,3,5,0,1,0,0,44,914.1934345695068,0.3,-0.4342424242424242,"0.2866494252873563,0.22546041666666666,0.31481182795698925,0.3,0.44,0.04516937998416169,6.0","0,0,0"
16.883333333333333,155,AV,0,6,7,2,12,0,0,33,1862.7228332236152,0.3,-0.30696969696969695,"0.18021666666666664,0.1709251207729469,0.2706016260162602,0.3,0.33,0.09203526548916015,18.0","0,0,0"
36.916666666666664,202,AV,1,3,5,0,8,0,0,72,1365.417472605012,0.1,-0.2237373737373737,"0.5273518518518518,0.3702107279693486,0.45245714285714295,0.1,0.72,0.06746390678921493,13.0","0,0,0"
37.266666666666666,268,AV,1,0,8,8,4,0,0,73,2010.868248891871,0.3,-0.6775757575757575,"0.5270208333333334,0.3721143410852713,0.45231578947368417,0.3,0.73,0.09935498177697413,12.0","0,0,0"
39.18333333333333,185,AV,2,3,1,8,5,0,0,56,548.7192496267361,0.3,-0.7124242424242423,"0.4182028985507246,0.3031350210970465,0.3865219298245614,0.3,0.56,0.02711166734935643,13.0","0,0,0"
32.81666666666667,145,AV,2,3,2,8,11,0,0,44,8028.27043643778,1.0,-1.9888888888888892,"0.2866494252873563,0.22546041666666666,0.31481182795698925,1.0,0.44,0.39666878392080435,19.0","0,0,0"
33.766666666666666,241,AV,1,1,5,1,0,0,0,62,4864.205776554158,0.3,-0.6139393939393939,"0.48194117647058815,0.34032037037037033,0.4324646464646466,0.3,0.62,0.24033552499290464,5.0","0,0,0"
34.36666666666667,296,AV,1,3,5,6,2,0,0,64,8333.728817076937,0.5,-1.0414141414141413,"0.48903472222222233,0.3449080459770116,0.42890804597701154,0.5,0.64,0.4117611759055859,7.0","0,0,0"
32.666666666666664,163,AV,1,1,9,9,4,0,0,61,10450.70686878338,0.2,-0.39595959595959596,"0.4746000000000001,0.33353046594982083,0.427421875,0.2,0.61,0.5163589365323479,13.0","0,0,0"
45.95,143,AV,2,3,2,6,12,0,0,69,2793.3389947689566,0.1,-0.2784848484848485,"0.5015277777777778,0.36474908424908425,0.4525090090090089,0.1,0.69,0.13801607592895285,18.0","0,0,0"
43.28333333333333,93,AV,0,6,2,5,0,0,0,54,1929.5758599688188,0.7,-1.8362626262626258,"0.4157156862745098,0.29870039682539684,0.39195299145299145,0.7,0.54,0.09533840643718873,6.0","0,0,0"
12.666666666666666,97,AV,1,3,5,0,8,0,0,12,1717.0377309640771,0.1,-0.07676767676767676,"0.06056249999999999,0.12436243386243385,0.2229459459459459,0.1,0.12,0.0848371108173414,13.0","0,0,0"
58.36666666666667,92,AV,0,8,5,3,2,0,0,89,1117.0806745336297,0.1,-0.35373737373737374,"0.5476533333333333,0.38962745098039214,0.47352836879432614,0.1,0.89,0.055193834863552414,10.0","0,0,0"
23.916666666666668,162,AV,1,0,6,5,10,0,0,46,616.3739675020589,0.1,-0.14494949494949497,"0.31282777777777776,0.23883101851851854,0.32475000000000004,0.1,0.46,0.030454419051430016,16.0","0,0,0"
45.666666666666664,88,AV,2,0,2,1,6,0,0,65,854.5785374972068,0.9,-2.490909090909091,"0.5096875,0.34984102564102565,0.4308071895424837,0.9,0.65,0.04222386775802824,6.0","0,0,0"
39.7,173,AV,2,2,0,3,10,0,0,49,7332.887514065835,1.0,-2.4060606060606062,"0.37498666666666675,0.2617025316455696,0.3459814814814815,1.0,0.49,0.3623106117141683,10.0","0,0,0"
48.45,178,AV,0,8,0,8,4,0,0,58,3783.636689084741,0.1,-0.29363636363636364,"0.4477685185185184,0.3207631578947369,0.41482246376811593,0.1,0.58,0.18694569099783895,12.0","0,0,0"
22.333333333333332,240,AV,1,3,5,1,8,0,0,42,5004.1281918097375,0.2,-0.2707070707070707,"0.2718666666666667,0.22058333333333333,0.3136617647058823,0.2,0.42,0.2472489510841313,13.0","0,0,0"
36.7,205,AV,1,1,7,0,4,0,0,70,1244.4027248274256,0.5,-1.1121212121212123,"0.5043589743589745,0.366132183908046,0.4495541666666667,0.5,0.7,0.06148468956958209,11.0","0,0,0"
14.85,226,AV,1,1,5,3,8,0,0,25,3131.512437779759,0.2,-0.18000000000000002,"0.10546296296296298,0.14291435185185186,0.237609375,0.2,0.25,0.15472488630790748,13.0","0,0,0"
10.1,107,AV,0,4,4,2,3,0,0,28,1997.7276787447236,1.0,-0.6121212121212121,"0.1245888888888889,0.15429908675799087,0.25767117117117116,1.0,0.28,0.09870571939579707,7.0","0,0,0"
5.25,43,AV,0,6,8,0,4,0,0,0,3022.892107624705,0.1,-0.03181818181818182,"0.0,0.0,0.0,0.1,0.0,0.14935806482215805,10.0","0,0,0"
27.35,238,AV,1,3,5,4,0,0,0,50,4669.869929992837,0.3,-0.4972727272727273,"0.3701304347826086,0.27213615023474175,0.3611050724637681,0.3,0.5,0.23073358587812023,5.0","0,0,0"
6.75,124,AV,0,9,3,5,2,0,0,17,6783.106781750961,0.1,-0.040909090909090916,"0.06802857142857141,0.12948333333333334,0.22892962962962965,0.1,0.17,0.33514649757064985,11.0","0,0,0"
26.883333333333333,259,AV,2,0,2,0,5,0,0,36,19040.472291926453,0.1,-0.16292929292929292,"0.20314197530864198,0.18664639639639646,0.28975213675213674,0.1,0.36,0.9407706241479663,5.0","0,0,0"
20.65,176,AV,1,3,7,3,0,0,0,40,2813.5576138103806,0.2,-0.2503030303030303,"0.24623655913978496,0.20760365853658536,0.30585802469135803,0.2,0.4,0.1390150576014335,7.0","0,0,0"
31.933333333333334,287,AV,1,3,6,4,2,0,0,60,583.3206434887895,0.5,-0.9676767676767677,"0.4681083333333333,0.33019958847736625,0.42348717948717945,0.5,0.6,0.028821287489073047,8.0","0,0,0"
