travel_time,id,kind,action,origin,destination,start_time,income,urgency,reward,observation,cost_table
30.266666666666666,134,AV,1,0,0,51,2046.5713793034688,0.2,-3.1284289771170872,"0.25219047619047624,0.2766481481481482,0.35293939393939394,0.2,0.51,0.09842452245612708","0,0,0"
26.266666666666666,92,AV,2,0,0,40,1475.2077210572677,0.4,-3.9140191386973977,"0.16287878787878785,0.1978119658119658,0.2708458333333333,0.4,0.4,0.07094627479744654","0,0,0"
36.96666666666667,213,AV,1,0,0,64,3863.855435177377,0.2,-7.213831107090422,"0.3523444444444444,0.3668443396226415,0.42785964912280705,0.2,0.64,0.18582206801713178","0,0,0"
44.083333333333336,4,AV,1,0,0,87,473.5024380788758,0.1,-0.5271102477771997,"0.45589814814814816,0.42558250825082516,0.4674761904761905,0.1,0.87,0.022771867046038015","0,0,0"
9.833333333333334,209,AV,0,0,0,38,3724.6301341612702,0.6,-6.049322674634216,"0.12793333333333334,0.18549425287356325,0.2777678571428572,0.6,0.38,0.17912638962306346","0,0,0"
25.983333333333334,13,AV,2,0,0,23,566.7055292848979,0.2,-0.7436817509723535,"0.06320588235294117,0.13116329966329965,0.2356805555555555,0.2,0.23,0.027254227073231246","0,0,0"
29.933333333333334,267,AV,1,0,0,51,6434.117121135291,0.7,-34.04449513758959,"0.25219047619047624,0.2766481481481482,0.35293939393939394,0.7,0.51,0.3094321123996473","0,0,0"
25.8,143,AV,2,0,0,39,2198.5025098873134,0.5,-7.16178847917837,"0.14378571428571424,0.19296895424836602,0.26627450980392153,0.5,0.39,0.10573125464497639","0,0,0"
36.45,216,AV,0,0,0,59,3942.222625638348,0.6,-22.271820409775422,"0.35111764705882353,0.3368350168350168,0.39333333333333337,0.6,0.59,0.18959093402168548","0,0,0"
27.416666666666668,71,AV,0,0,0,52,1200.7903182940884,0.1,-1.3313552498290302,"0.2645902777777778,0.28281666666666666,0.3589807692307692,0.1,0.52,0.057748884228147654","0,0,0"
16.733333333333334,70,AV,1,0,0,29,1167.011530479414,1.0,-4.931311349332204,"0.09388888888888887,0.15970224719101125,0.24837777777777784,1.0,0.29,0.0561243813676915","0,0,0"
40.03333333333333,154,AV,1,0,0,71,2456.6540037696086,0.6,-14.901219487511614,"0.42271568627450984,0.3936139455782313,0.44560666666666676,0.6,0.71,0.11814637867321734","0,0,0"
21.466666666666665,286,AV,1,0,0,39,10450.70686878338,0.8,-45.321583996609405,"0.14378571428571424,0.19296895424836602,0.26627450980392153,0.8,0.39,0.5025995395474784","0,0,0"
12.516666666666667,261,AV,1,0,0,21,5984.209260784091,0.2,-3.782947100041122,"0.050318181818181824,0.12120436507936509,0.2246862745098039,0.2,0.21,0.28779496514344177","0,0,0"
34.46666666666667,144,AV,0,0,0,60,2212.8825544422834,0.2,-4.352054816992124,"0.3640833333333333,0.340557239057239,0.3952608695652174,0.2,0.6,0.1064228254509272","0,0,0"
41.166666666666664,239,AV,1,0,0,74,4704.305573257116,0.1,-4.890418672535806,"0.42686666666666667,0.4061322463768115,0.45644642857142864,0.1,0.74,0.2262413293853024","0,0,0"
22.783333333333335,94,AV,2,0,0,24,1496.328062426438,0.2,-1.7217849001152703,"0.06563157894736843,0.13251388888888888,0.2396066666666666,0.2,0.24,0.0719620026310286","0,0,0"
17.366666666666667,18,AV,1,0,0,26,610.4868582393152,0.4,-1.0709213910528057,"0.07358333333333335,0.13595238095238094,0.23661979166666666,0.4,0.26,0.029359776109248604","0,0,0"
39.166666666666664,40,AV,1,0,0,67,827.8499544782503,0.1,-0.8187909903299193,"0.38119230769230766,0.373084388185654,0.42277142857142863,0.1,0.67,0.03981328834109833","0,0,0"
32.25,296,AV,1,0,0,55,17322.90883950548,0.1,-14.107671971566964,"0.29713492063492064,0.31116666666666665,0.38514761904761907,0.1,0.55,0.833100202280572","0,0,0"
35.71666666666667,93,AV,2,0,0,49,1490.1599361877834,0.1,-1.3440289323444528,"0.21850757575757576,0.25506666666666666,0.33039855072463775,0.1,0.49,0.07166536265764283","0,0,0"
31.2,244,AV,1,0,0,50,4889.272753955773,0.1,-3.852154290995457,"0.22965686274509806,0.2669479166666666,0.3436296296296297,0.1,0.5,0.2351368443985718","0,0,0"
18.816666666666666,2,AV,0,0,0,47,437.8567856598078,0.8,-2.1644454916159024,"0.2118641975308642,0.2439578544061303,0.32414102564102565,0.8,0.47,0.021057582192617507","0,0,0"
28.416666666666668,225,AV,1,0,0,50,4381.240268036911,0.2,-6.2878911254233465,"0.22965686274509806,0.2669479166666666,0.3436296296296297,0.2,0.5,0.2107043445969861","0,0,0"
35.11666666666667,107,AV,1,0,0,59,1659.6531244520008,0.4,-5.887018742795227,"0.35111764705882353,0.3368350168350168,0.39333333333333337,0.4,0.59,0.07981669628967558","0,0,0"
20.15,89,AV,1,0,0,38,1467.6871321740252,0.5,-3.7340777415791173,"0.12793333333333334,0.18549425287356325,0.2777678571428572,0.5,0.38,0.07058459165416232","0,0,0"
46.56666666666667,74,AV,2,0,0,76,1249.5878531833848,0.9,-13.224804779524158,"0.4325555555555555,0.4088409090909091,0.45262903225806456,0.9,0.76,0.06009567462944302","0,0,0"
22.683333333333334,86,AV,1,0,0,41,1454.957177165027,0.2,-1.6668322543111127,"0.1662391304347826,0.21107196969696973,0.3030919540229885,0.2,0.41,0.06997237760909195","0,0,0"
21.4,204,AV,1,0,0,39,3531.3895067900216,0.4,-7.633508630839037,"0.14378571428571424,0.19296895424836602,0.26627450980392153,0.4,0.39,0.16983298473111647","0,0,0"
21.4,191,AV,1,0,0,35,3245.380745418587,0.3,-5.261450602421042,"0.11286111111111112,0.1714367816091954,0.25319540229885057,0.3,0.35,0.156078137946426","0,0,0"
22.283333333333335,59,AV,1,0,0,39,1014.5614647146556,0.4,-2.283617303574907,"0.14378571428571424,0.19296895424836602,0.26627450980392153,0.4,0.39,0.04879269234230884","0,0,0"
13.483333333333333,167,AV,0,0,0,44,2753.3979495063454,0.3,-3.312498663068981,"0.17780833333333335,0.22149031007751932,0.30633333333333335,0.3,0.44,0.13241750620204337","0,0,0"
31.55,128,AV,2,0,0,44,2010.868248891871,0.5,-8.010466319764966,"0.17780833333333335,0.22149031007751932,0.30633333333333335,0.5,0.44,0.0967074733482937","0,0,0"
17.566666666666666,121,AV,1,0,0,34,1888.2149669861096,0.2,-1.675234490911919,"0.11115151515151517,0.17015060240963853,0.25984761904761905,0.2,0.34,0.09080878306984375","0,0,0"
32.43333333333333,158,AV,1,0,0,55,2533.2754137277425,0.5,-10.374061353354769,"0.29713492063492064,0.31116666666666665,0.38514761904761907,0.5,0.55,0.12183128590944142","0,0,0"
23.183333333333334,256,AV,1,0,0,41,5807.233742044462,0.4,-13.599094503676511,"0.1662391304347826,0.21107196969696973,0.3030919540229885,0.4,0.41,0.27928378830664774","0,0,0"
32.61666666666667,108,AV,1,0,0,55,1664.0464513081895,0.1,-1.3705971823274943,"0.29713492063492064,0.31116666666666665,0.38514761904761907,0.1,0.55,0.08002798190726358","0,0,0"
25.316666666666666,165,AV,2,0,0,30,2648.588416164911,0.1,-1.6932684360919614,"0.09725362318840579,0.1625714285714286,0.24950641025641027,0.1,0.3,0.1273769645564883","0,0,0"
39.75,179,AV,1,0,0,70,2964.6777926145683,0.4,-11.903630530952434,"0.41512878787878793,0.39066326530612244,0.4386583333333334,0.4,0.7,0.14257846021167567","0,0,0"
40.416666666666664,230,AV,1,0,0,72,4559.760277629775,0.1,-4.65379573790076,"0.4207698412698413,0.396873188405797,0.44936419753086426,0.1,0.72,0.21928979970044837","0,0,0"
23.45,153,AV,1,0,0,43,2436.431929205765,0.3,-4.328358237869332,"0.17409999999999998,0.2182854406130268,0.31260119047619045,0.3,0.43,0.11717385064309511","0,0,0"
22.2,193,AV,0,0,0,49,3257.3450634265246,0.2,-4.1521747680842855,"0.21850757575757576,0.25506666666666666,0.33039855072463775,0.2,0.49,0.15665353067318508","0,0,0"
30.783333333333335,9,AV,1,0,0,53,513.3463032142733,0.2,-0.7981065842060295,"0.27832777777777773,0.29124193548387106,0.36016666666666663,0.2,0.53,0.024688054010448962","0,0,0"
46.43333333333333,102,AV,0,0,0,79,1581.438059619256,0.4,-7.917317229123311,"0.43814912280701757,0.4170313531353135,0.4569583333333334,0.4,0.79,0.07605514637116847","0,0,0"
36.2,41,AV,1,0,0,60,845.7864251007381,0.1,-0.7731683987032002,"0.3640833333333333,0.340557239057239,0.3952608695652174,0.1,0.6,0.040675896199988425","0,0,0"
40.25,116,AV,1,0,0,70,1832.3133019091129,0.3,-5.587167454684984,"0.41512878787878793,0.39066326530612244,0.4386583333333334,0.3,0.7,0.08812033802202023","0,0,0"
41.38333333333333,258,AV,2,0,0,68,5825.994272151124,0.3,-18.26508052746369,"0.387952380952381,0.38153630363036306,0.42674074074074075,0.3,0.68,0.28018602716107777","0,0,0"
15.333333333333334,269,AV,0,0,0,45,6918.069898529506,0.1,-3.178713933774051,"0.1986466666666667,0.23016666666666669,0.3135202020202021,0.1,0.45,0.33270656130870674","0,0,0"
44.93333333333333,82,AV,0,0,0,72,1342.087988935639,0.1,-2.022840580038082,"0.4207698412698413,0.396873188405797,0.44936419753086426,0.1,0.72,0.06454422784415724","0,0,0"
36.88333333333333,81,AV,2,0,0,56,1317.647826688136,0.3,-3.681760909672784,"0.30324999999999996,0.30989062500000003,0.37800000000000006,0.3,0.56,0.06336884186823323","0,0,0"
24.05,237,AV,2,0,0,28,4660.29795945294,0.5,-14.151536101621616,"0.09141666666666666,0.14995604395604398,0.24813131313131317,0.5,0.28,0.2241248977685445","0,0,0"
18.166666666666668,263,AV,1,0,0,35,6020.57275324985,0.1,-2.7619630896642833,"0.11286111111111112,0.1714367816091954,0.25319540229885057,0.1,0.35,0.2895437726450875","0,0,0"
34.766666666666666,284,AV,2,0,0,52,8987.822610831106,0.8,-63.12659247876663,"0.2645902777777778,0.28281666666666666,0.3589807692307692,0.8,0.52,0.4322459296252377","0,0,0"
15.65,295,AV,1,0,0,28,14754.343640924068,0.7,-40.81662489553615,"0.09141666666666666,0.14995604395604398,0.24813131313131317,0.7,0.28,0.7095717460418045","0,0,0"
43.45,136,AV,2,0,0,56,2133.445027811215,0.2,-4.681726588807944,"0.30324999999999996,0.30989062500000003,0.37800000000000006,0.2,0.56,0.10260248441477932","0,0,0"
29.133333333333333,220,AV,0,0,0,53,4021.28082322038,0.4,-12.333668146446506,"0.27832777777777773,0.29124193548387106,0.36016666666666663,0.4,0.53,0.1933930322147629","0,0,0"
36.1,257,AV,2,0,0,51,5825.425317043349,0.4,-21.24220746921868,"0.25219047619047624,0.2766481481481482,0.35293939393939394,0.4,0.51,0.28015866474638357","0,0,0"
26.85,106,AV,1,0,0,47,1614.9493849180149,0.1,-1.0949846208345633,"0.2118641975308642,0.2439578544061303,0.32414102564102565,0.1,0.47,0.07766678631823196","0,0,0"
36.71666666666667,149,AV,1,0,0,61,2344.9936519099742,0.1,-2.174251269005755,"0.3632654320987654,0.3528484848484848,0.42774666666666666,0.1,0.61,0.11277636474640867","0,0,0"
31.333333333333332,118,AV,1,0,0,53,1836.592480640456,0.1,-1.453196070540428,"0.27832777777777773,0.29124193548387106,0.36016666666666663,0.1,0.53,0.0883261339827163","0,0,0"
38.916666666666664,129,AV,1,0,0,65,2011.9739719035176,1.0,-19.772555658226906,"0.36260000000000003,0.36840196078431375,0.42652898550724644,1.0,0.65,0.09676065021790628","0,0,0"
19.533333333333335,90,AV,1,0,0,30,1474.5167950508735,0.9,-6.545960923483424,"0.09725362318840579,0.1625714285714286,0.24950641025641027,0.9,0.3,0.07091304650992157","0,0,0"
22.316666666666666,122,AV,0,0,0,49,1900.764377468582,0.1,-1.5711799248444578,"0.21850757575757576,0.25506666666666666,0.33039855072463775,0.1,0.49,0.09141231429593938","0,0,0"
34.7,140,AV,2,0,0,53,2164.09247058771,0.1,-1.896313351752362,"0.27832777777777773,0.29124193548387106,0.36016666666666663,0.1,0.53,0.10407639338774885","0,0,0"
6.8,96,AV,0,0,0,21,1517.942512651984,0.1,-0.7606567951018559,"0.050318181818181824,0.12120436507936509,0.2246862745098039,0.1,0.21,0.07300149334369807","0,0,0"
27.25,46,AV,1,0,0,48,892.1845339920479,0.6,-3.68364068958838,"0.21243750000000003,0.25110130718954243,0.3256590909090909,0.6,0.48,0.042907292454561666","0,0,0"
30.766666666666666,61,AV,1,0,0,52,1068.5648373754009,0.2,-1.6604130385479714,"0.2645902777777778,0.28281666666666666,0.3589807692307692,0.2,0.52,0.05138984395837567","0,0,0"
28.716666666666665,285,AV,2,0,0,42,9667.56212442905,0.1,-7.010610075922246,"0.16946666666666665,0.21392439862542953,0.31388405797101454,0.1,0.42,0.4649362319020181","0,0,0"
24.016666666666666,160,AV,0,0,0,50,2553.8725848963804,0.6,-9.793258572817383,"0.22965686274509806,0.2669479166666666,0.3436296296296297,0.6,0.5,0.122821853234247","0,0,0"
42.733333333333334,114,AV,1,0,0,77,1823.811293294481,0.1,-1.9681195942790617,"0.4238083333333333,0.410175925925926,0.45677222222222225,0.1,0.77,0.08771145605177698","0,0,0"
15.616666666666667,67,AV,1,0,0,27,1141.5133047894662,1.0,-4.501674943551052,"0.07953508771929825,0.14288825757575757,0.24475757575757576,1.0,0.27,0.05489811058505904","0,0,0"
39.45,66,AV,1,0,0,64,1135.438045570021,0.6,-6.7868228632935335,"0.3523444444444444,0.3668443396226415,0.42785964912280705,0.6,0.64,0.0546059368091927","0,0,0"
35.05,229,AV,1,0,0,58,4547.885280126284,0.6,-24.152027131579732,"0.3369649122807018,0.3297052631578948,0.3926923076923077,0.6,0.58,0.2187187026108142","0,0,0"
39.833333333333336,62,AV,2,0,0,56,1074.3823512953045,0.3,-3.24213866110578,"0.30324999999999996,0.30989062500000003,0.37800000000000006,0.3,0.56,0.0516696221450731","0,0,0"
42.2,127,AV,1,0,0,78,1997.7276787447236,0.2,-4.257783234496331,"0.4162222222222222,0.41212714776632303,0.4559733333333334,0.2,0.78,0.09607551183714699","0,0,0"
20.483333333333334,205,AV,0,0,0,47,3539.477986656502,0.2,-4.161631688216197,"0.2118641975308642,0.2439578544061303,0.32414102564102565,0.2,0.47,0.17022197911279557","0,0,0"
39.65,73,AV,2,0,0,56,1239.4416864014672,0.3,-3.723019914077134,"0.30324999999999996,0.30989062500000003,0.37800000000000006,0.3,0.56,0.05960772115253554","0,0,0"
17.266666666666666,19,AV,1,0,0,30,615.3970356119416,0.1,-0.2683296838779341,"0.09725362318840579,0.1625714285714286,0.24950641025641027,0.1,0.3,0.029595918306859183","0,0,0"
26.533333333333335,192,AV,1,0,0,45,3256.7228478661937,0.1,-2.182113962038292,"0.1986466666666667,0.23016666666666669,0.3135202020202021,0.1,0.45,0.15662360683568316","0,0,0"
12.633333333333333,277,AV,1,0,0,18,8028.27043643778,0.1,-2.5612074877187863,"0.050958333333333335,0.11629487179487179,0.2200925925925926,0.1,0.18,0.3860987658900816","0,0,0"
27.45,56,AV,0,0,0,51,975.0940381265832,0.2,-1.8518349164936723,"0.25219047619047624,0.2766481481481482,0.35293939393939394,0.2,0.51,0.04689460920981367","0,0,0"
15.083333333333334,188,AV,0,0,0,45,3169.820795106812,0.4,-5.329440773689671,"0.1986466666666667,0.23016666666666669,0.3135202020202021,0.4,0.45,0.15244427884849596","0,0,0"
12.883333333333333,111,AV,1,0,0,20,1797.659883656486,0.2,-1.1696894697529157,"0.050318181818181824,0.11955555555555555,0.22357777777777774,0.2,0.2,0.08645377208765831","0,0,0"
26.05,20,AV,1,0,0,40,623.7253316558669,0.1,-0.41030416387968016,"0.16287878787878785,0.1978119658119658,0.2708458333333333,0.1,0.4,0.02999644602325653","0,0,0"
22.45,54,AV,1,0,0,40,946.2003450753726,0.3,-1.6092574050713722,"0.16287878787878785,0.1978119658119658,0.2708458333333333,0.3,0.4,0.04550504226418034","0,0,0"
32.5,178,AV,1,0,0,53,2953.761118311176,0.1,-2.4241726349776065,"0.27832777777777773,0.29124193548387106,0.36016666666666663,0.1,0.53,0.14205345118145746","0,0,0"
38.43333333333333,156,AV,1,0,0,63,2476.7673195544394,0.2,-4.807597170784963,"0.34279411764705886,0.3599493464052287,0.4186190476190476,0.2,0.63,0.11911367623300487","0,0,0"
13.6,120,AV,1,0,0,25,1880.1756700095973,0.5,-3.228584483854864,"0.0711,0.13718410852713178,0.24162643678160922,0.5,0.25,0.0904221540112152","0,0,0"
38.03333333333333,8,AV,1,0,0,65,508.6019702527906,0.1,-0.4884805118336987,"0.36260000000000003,0.36840196078431375,0.42652898550724644,0.1,0.65,0.024459887668034006","0,0,0"
17.3,251,AV,1,0,0,30,5370.167679594476,0.2,-4.692116204898205,"0.09725362318840579,0.1625714285714286,0.24950641025641027,0.2,0.3,0.2582642338882426","0,0,0"
34.7,176,AV,1,0,0,58,2949.689674384749,0.1,-2.5847028207361316,"0.3369649122807018,0.3297052631578948,0.3926923076923077,0.1,0.58,0.1418576456853883","0,0,0"
25.866666666666667,243,AV,0,0,0,51,4864.205776554158,1.0,-32.272926621262854,"0.25219047619047624,0.2766481481481482,0.35293939393939394,1.0,0.51,0.23393131337965753","0,0,0"
26.833333333333332,202,AV,1,0,0,48,3476.696831582168,0.1,-2.355842550019904,"0.21243750000000003,0.25110130718954243,0.3256590909090909,0.1,0.48,0.16720268290357254","0,0,0"
34.13333333333333,214,AV,0,0,0,60,3933.772930850901,0.6,-20.84436101611779,"0.3640833333333333,0.340557239057239,0.3952608695652174,0.6,0.6,0.1891845679487672","0,0,0"
42.3,168,AV,1,0,0,76,2756.9260540590044,0.1,-2.944898285017573,"0.4325555555555555,0.4088409090909091,0.45262903225806456,0.1,0.76,0.1325871812054576","0,0,0"
26.233333333333334,27,AV,1,0,0,47,742.6585956180782,0.1,-0.49198006292207713,"0.2118641975308642,0.2439578544061303,0.32414102564102565,0.1,0.47,0.03571623172338353","0,0,0"
40.2,103,AV,2,0,0,60,1587.6148581174584,0.1,-1.6116696286949956,"0.3640833333333333,0.340557239057239,0.3952608695652174,0.1,0.6,0.07635220341429991","0,0,0"
20.35,49,AV,1,0,0,28,926.7012599248138,0.6,-2.857328884768176,"0.09141666666666666,0.14995604395604398,0.24813131313131317,0.6,0.28,0.04456728452766382","0,0,0"
39.46666666666667,283,AV,1,0,0,66,8975.220492497892,0.3,-26.835002684640166,"0.37712698412698414,0.3702558139534884,0.4221060606060606,0.3,0.66,0.43163986355227996","0,0,0"
13.1,141,AV,1,0,0,21,2187.718469250836,0.1,-0.7237149481612614,"0.050318181818181824,0.12120436507936509,0.2246862745098039,0.1,0.21,0.10521262428567076","0,0,0"
30.7,50,AV,1,0,0,52,931.9887487728153,0.1,-0.7225266309930665,"0.2645902777777778,0.28281666666666666,0.3589807692307692,0.1,0.52,0.04482157253839216","0,0,0"
23.2,124,AV,1,0,0,40,1927.298426803608,0.6,-6.774745985127835,"0.16287878787878785,0.1978119658119658,0.2708458333333333,0.6,0.4,0.0926884003201249","0,0,0"
38.05,79,AV,0,0,0,64,1293.252850487379,0.3,-4.227899315230664,"0.3523444444444444,0.3668443396226415,0.42785964912280705,0.3,0.64,0.06219562899759039","0,0,0"
23.483333333333334,98,AV,2,0,0,34,1530.6528609905624,1.0,-9.076977614207502,"0.11115151515151517,0.17015060240963853,0.25984761904761905,1.0,0.34,0.07361276445699849","0,0,0"
16.033333333333335,33,AV,1,0,0,29,793.0252767736928,1.0,-3.210817829361501,"0.09388888888888887,0.15970224719101125,0.24837777777777784,1.0,0.29,0.03813848612925163","0,0,0"
21.116666666666667,207,AV,1,0,0,38,3564.273841812899,0.3,-5.7019380777486655,"0.12793333333333334,0.18549425287356325,0.2777678571428572,0.3,0.38,0.17141447121316408","0,0,0"
25.483333333333334,299,AV,1,0,0,44,20793.30768626012,0.1,-13.380878557361838,"0.17780833333333335,0.22149031007751932,0.30633333333333335,0.1,0.44,1.0","0,0,0"
33.81666666666667,189,AV,2,0,0,50,3225.188153267811,0.3,-8.262508539116652,"0.22965686274509806,0.2669479166666666,0.3436296296296297,0.3,0.5,0.15510702779620594","0,0,0"
41.61666666666667,288,AV,1,0,0,71,11861.36896338871,0.1,-12.465420160598322,"0.42271568627450984,0.3936139455782313,0.44560666666666676,0.1,0.71,0.57044166047841","0,0,0"
32.56666666666667,72,AV,2,0,0,45,1205.4292211271013,0.3,-2.9740008814171164,"0.1986466666666667,0.23016666666666669,0.3135202020202021,0.3,0.45,0.05797198018301001","0,0,0"
28.35,95,AV,1,0,0,49,1509.578116022191,0.2,-2.16144139339541,"0.21850757575757576,0.25506666666666666,0.33039855072463775,0.2,0.49,0.07259922946360745","0,0,0"
26.816666666666666,146,AV,1,0,0,47,2225.3307045190536,0.3,-4.520905433801966,"0.2118641975308642,0.2439578544061303,0.32414102564102565,0.3,0.47,0.10702148682143131","0,0,0"
29.0,197,AV,1,0,0,49,3278.222126324269,0.8,-19.20574579058663,"0.21850757575757576,0.25506666666666666,0.33039855072463775,0.8,0.49,0.1576575586620336","0,0,0"
14.783333333333333,150,AV,1,0,0,27,2352.9451803313505,0.5,-4.3919662772599075,"0.07953508771929825,0.14288825757575757,0.24475757575757576,0.5,0.27,0.11315877280487406","0,0,0"
38.083333333333336,53,AV,1,0,0,65,943.1907669438916,0.3,-2.721200634427768,"0.36260000000000003,0.36840196078431375,0.42652898550724644,0.3,0.65,0.04536030443906415","0,0,0"
30.883333333333333,76,AV,0,0,0,56,1261.43865123121,0.2,-2.4675469871476707,"0.30324999999999996,0.30989062500000003,0.37800000000000006,0.2,0.56,0.060665607909257666","0,0,0"
42.35,206,AV,1,0,0,78,3558.5090095449787,0.3,-11.416883072290139,"0.4162222222222222,0.41212714776632303,0.4559733333333334,0.3,0.78,0.17113722661336772","0,0,0"
29.233333333333334,266,AV,0,0,0,54,6427.339783247283,0.1,-5.244761776016724,"0.29181159420289854,0.299109126984127,0.36113131313131314,0.1,0.54,0.3091061739780037","0,0,0"
30.116666666666667,148,AV,2,0,0,42,2318.1098695731453,0.4,-7.051893155418643,"0.16946666666666665,0.21392439862542953,0.31388405797101454,0.4,0.42,0.1114834592239942","0,0,0"
23.533333333333335,274,AV,2,0,0,17,7572.106998522375,0.1,-4.499922172522556,"0.05092857142857143,0.1125,0.21252777777777776,0.1,0.17,0.3641607729166582","0,0,0"
16.483333333333334,145,AV,1,0,0,27,2215.952556227922,0.6,-5.534285550781351,"0.07953508771929825,0.14288825757575757,0.24475757575757576,0.6,0.27,0.10657046919438351","0,0,0"
15.816666666666666,282,AV,1,0,0,27,8689.506535985933,0.2,-6.941365069571255,"0.07953508771929825,0.14288825757575757,0.24475757575757576,0.2,0.27,0.4178991946398128","0,0,0"
17.65,195,AV,1,0,0,31,3269.866339895674,0.4,-5.829610191834207,"0.10256944444444445,0.16249812734082397,0.2485246913580247,0.4,0.31,0.15725570886715387","0,0,0"
34.516666666666666,218,AV,1,0,0,56,3971.0791127863904,0.1,-3.461323586944703,"0.30324999999999996,0.30989062500000003,0.37800000000000006,0.1,0.56,0.19097871164626756","0,0,0"
17.316666666666666,171,AV,1,0,0,32,2813.5576138103806,0.1,-1.230339377419607,"0.10523333333333335,0.16560185185185186,0.25546666666666673,0.1,0.32,0.13531072863744203","0,0,0"
20.1,45,AV,1,0,0,38,877.2934597877683,0.1,-0.4452928924680339,"0.12793333333333334,0.18549425287356325,0.2777678571428572,0.1,0.38,0.04219114500803879","0,0,0"
5.133333333333334,254,AV,0,0,0,11,5578.433439706214,1.0,-7.731302607026573,"0.050055555555555555,0.10779365079365082,0.20350000000000001,1.0,0.11,0.2682802334230043","0,0,0"
17.416666666666668,271,AV,1,0,0,33,7177.938863287724,0.3,-9.470891555726858,"0.10794202898550724,0.16849411764705885,0.25833333333333336,0.3,0.33,0.345204282627472","0,0,0"
46.18333333333333,289,AV,2,0,0,78,11940.25564443948,0.1,-13.925272891726344,"0.4162222222222222,0.41212714776632303,0.4559733333333334,0.1,0.78,0.5742355100304415","0,0,0"
31.866666666666667,42,AV,1,0,0,52,850.3216016091212,0.4,-2.7370621250448486,"0.2645902777777778,0.28281666666666666,0.3589807692307692,0.4,0.52,0.04089400370730819","0,0,0"
17.066666666666666,232,AV,1,0,0,29,4577.590037133467,0.3,-5.918500250031149,"0.09388888888888887,0.15970224719101125,0.24837777777777784,0.3,0.29,0.22014727556589106","0,0,0"
35.016666666666666,172,AV,1,0,0,57,2815.231094880572,0.8,-19.915153300821824,"0.3336866666666667,0.32698566308243726,0.3905530303030303,0.8,0.57,0.13539121035278245","0,0,0"
31.983333333333334,276,AV,1,0,0,54,7897.119961473183,0.1,-6.378187376290842,"0.29181159420289854,0.299109126984127,0.36113131313131314,0.1,0.54,0.37979142523300763","0,0,0"
32.86666666666667,298,AV,1,0,0,54,18628.94525544202,1.0,-154.61397324802888,"0.29181159420289854,0.299109126984127,0.36113131313131314,1.0,0.54,0.8959106235777834","0,0,0"
45.93333333333333,132,AV,2,0,0,79,2035.9911412414244,0.3,-7.084837860178491,"0.43814912280701757,0.4170313531353135,0.4569583333333334,0.3,0.79,0.09791569345106042","0,0,0"
43.3,22,AV,0,0,0,68,639.9143284368583,0.3,-2.599112910705755,"0.387952380952381,0.38153630363036306,0.42674074074074075,0.3,0.68,0.030775013677102628","0,0,0"
20.2,280,AV,1,0,0,36,8436.938288223368,0.6,-25.82214445789576,"0.11678787878787876,0.17631647940074907,0.2648850574712644,0.6,0.36,0.4057525822983113","0,0,0"
28.45,117,AV,1,0,0,50,1836.3970218708375,1.0,-13.193306886925587,"0.22965686274509806,0.2669479166666666,0.3436296296296297,1.0,0.5,0.08831673390204767","0,0,0"
30.95,84,AV,0,0,0,56,1446.9812594843625,0.2,-2.7618217162141927,"0.30324999999999996,0.30989062500000003,0.37800000000000006,0.2,0.56,0.06958879661269593","0,0,0"
25.666666666666668,131,AV,1,0,0,42,2034.664800296876,0.1,-1.3187642224146419,"0.16946666666666665,0.21392439862542953,0.31388405797101454,0.1,0.42,0.09785190653632031","0,0,0"
43.25,91,AV,0,0,0,67,1474.807688008607,0.1,-2.1107432451104104,"0.38119230769230766,0.373084388185654,0.42277142857142863,0.1,0.67,0.07092703624941481","0,0,0"
23.983333333333334,55,AV,1,0,0,41,950.4213588862824,0.3,-1.7268388073704046,"0.1662391304347826,0.21107196969696973,0.3030919540229885,0.3,0.41,0.04570804093445438","0,0,0"
38.65,228,AV,1,0,0,63,4434.023444374438,0.2,-8.655303339650104,"0.34279411764705886,0.3599493464052287,0.4186190476190476,0.2,0.63,0.2132428140475394","0,0,0"
25.9,194,AV,2,0,0,31,3257.969850357721,0.1,-2.1308439172794187,"0.10256944444444445,0.16249812734082397,0.2485246913580247,0.1,0.31,0.15668357817407447","0,0,0"
39.81666666666667,43,AV,2,0,0,60,857.6590975250949,0.2,-1.724703353524791,"0.3640833333333333,0.340557239057239,0.3952608695652174,0.2,0.6,0.041246881470994735","0,0,0"
20.033333333333335,29,AV,1,0,0,34,767.6170681366935,0.1,-0.3883315302610714,"0.11115151515151517,0.17015060240963853,0.25984761904761905,0.1,0.34,0.036916544482430876","0,0,0"
32.15,294,AV,1,0,0,55,13460.811009378149,0.3,-32.7852328751142,"0.29713492063492064,0.31116666666666665,0.38514761904761907,0.3,0.55,0.6473626617025839","0,0,0"
28.466666666666665,105,AV,2,0,0,41,1592.2311391495805,0.2,-2.2891673280029323,"0.1662391304347826,0.21107196969696973,0.3030919540229885,0.2,0.41,0.07657421143254188","0,0,0"
20.033333333333335,100,AV,1,0,0,37,1567.0706205360798,0.3,-2.3783066740964243,"0.1232463768115942,0.1794774305555556,0.2743253968253968,0.3,0.37,0.07536418179256658","0,0,0"
29.233333333333334,133,AV,1,0,0,50,2043.1688306873104,0.1,-1.5082988758525013,"0.22965686274509806,0.2669479166666666,0.3436296296296297,0.1,0.5,0.09826088573860729","0,0,0"
38.516666666666666,11,AV,2,0,0,56,522.440884226393,0.1,-0.5081485199693578,"0.30324999999999996,0.30989062500000003,0.37800000000000006,0.1,0.56,0.02512543420745","0,0,0"
25.833333333333332,68,AV,0,0,0,50,1148.2139867956057,0.1,-1.2490453196688507,"0.22965686274509806,0.2669479166666666,0.3436296296296297,0.1,0.5,0.05522036244162957","0,0,0"
28.866666666666667,34,AV,2,0,0,45,801.7987355487146,0.1,-0.5844761826474637,"0.1986466666666667,0.23016666666666669,0.3135202020202021,0.1,0.45,0.03856042278826712","0,0,0"
27.366666666666667,139,AV,1,0,0,48,2147.781038516846,0.4,-5.937132096371484,"0.21243750000000003,0.25110130718954243,0.3256590909090909,0.4,0.48,0.10329193752738362","0,0,0"
17.25,264,AV,1,0,0,28,6130.868263041086,0.1,-2.670643372158049,"0.09141666666666666,0.14995604395604398,0.24813131313131317,0.1,0.28,0.29484814804583803","0,0,0"
39.36666666666667,217,AV,1,0,0,69,3958.913906791885,0.4,-15.742347891990628,"0.3968333333333333,0.38512745098039214,0.4291203703703704,0.4,0.69,0.1903936577347851","0,0,0"
21.6,52,AV,1,0,0,38,934.0011274976006,0.1,-0.5094551604532367,"0.12793333333333334,0.18549425287356325,0.2777678571428572,0.1,0.38,0.04491835265414619","0,0,0"
25.916666666666668,198,AV,1,0,0,43,3382.383844415393,0.9,-19.92275332600733,"0.17409999999999998,0.2182854406130268,0.31260119047619045,0.9,0.43,0.16266694531964326","0,0,0"
27.016666666666666,290,AV,1,0,0,47,12197.400506638176,0.3,-24.964629067248087,"0.2118641975308642,0.2439578544061303,0.32414102564102565,0.3,0.47,0.5866022227285186","0,0,0"
10.333333333333334,75,AV,1,0,0,8,1260.6549751070208,0.3,-0.9868763694019608,"0.05083333333333333,0.11268333333333333,0.20833333333333331,0.3,0.08,0.06062791904628244","0,0,0"
24.3,272,AV,1,0,0,43,7334.728577480919,0.1,-4.5008561725451095,"0.17409999999999998,0.2182854406130268,0.31260119047619045,0.1,0.43,0.352744675746206","0,0,0"
41.46666666666667,28,AV,2,0,0,68,763.1985099142711,0.6,-4.795045183501784,"0.387952380952381,0.38153630363036306,0.42674074074074075,0.6,0.68,0.03670404542797105","0,0,0"
20.816666666666666,249,AV,1,0,0,38,5158.4050556257225,0.5,-13.55818163820818,"0.12793333333333334,0.18549425287356325,0.2777678571428572,0.5,0.38,0.24808006178999184","0,0,0"
31.233333333333334,137,AV,1,0,0,53,2141.869626207308,0.1,-1.6893365654513868,"0.27832777777777773,0.29124193548387106,0.36016666666666663,0.1,0.53,0.10300764354209123","0,0,0"
39.56666666666667,234,AV,2,0,0,56,4617.1597275219765,0.6,-27.679639376609018,"0.30324999999999996,0.30989062500000003,0.37800000000000006,0.6,0.56,0.2220502768096353","0,0,0"
39.35,16,AV,1,0,0,67,591.6693204447811,0.2,-1.1758680686617242,"0.38119230769230766,0.373084388185654,0.42277142857142863,0.2,0.67,0.028454795618483852","0,0,0"
20.266666666666666,47,AV,1,0,0,37,905.8209551718018,0.5,-2.3179256765339034,"0.1232463768115942,0.1794774305555556,0.2743253968253968,0.5,0.37,0.04356310063022602","0,0,0"
48.13333333333333,196,AV,0,0,0,82,3274.575105225111,0.3,-12.440622353396618,"0.446984126984127,0.41871505376344087,0.46026282051282047,0.3,0.82,0.15748216467690215","0,0,0"
22.716666666666665,203,AV,1,0,0,40,3480.90175047103,0.3,-5.990491270065673,"0.16287878787878785,0.1978119658119658,0.2708458333333333,0.3,0.4,0.1674049075304721","0,0,0"
43.8,246,AV,1,0,0,92,4951.479839002994,0.4,-21.906547166498093,"0.45344791666666656,0.4280660066006601,0.47007971014492755,0.4,0.92,0.23812853220437127","0,0,0"
34.5,253,AV,1,0,0,56,5568.958209200236,0.6,-29.110463366273954,"0.30324999999999996,0.30989062500000003,0.37800000000000006,0.6,0.56,0.2678245468795767","0,0,0"
21.483333333333334,169,AV,1,0,0,39,2780.081336731352,0.2,-3.016435053069624,"0.14378571428571424,0.19296895424836602,0.26627450980392153,0.2,0.39,0.13370077424326215","0,0,0"
43.38333333333333,138,AV,1,0,0,81,2142.030696222753,0.1,-2.3466775682945396,"0.4409333333333333,0.417476897689769,0.45404385964912286,0.1,0.81,0.10301538978515534","0,0,0"
12.95,26,AV,1,0,0,25,670.158540600369,0.7,-1.5340876693288747,"0.0711,0.13718410852713178,0.24162643678160922,0.7,0.25,0.032229530323508795","0,0,0"
30.016666666666666,24,AV,1,0,0,49,650.412147456106,0.6,-2.958061306991027,"0.21850757575757576,0.25506666666666666,0.33039855072463775,0.6,0.49,0.0312798789528752","0,0,0"
35.6,39,AV,1,0,0,58,827.3783452591958,0.2,-1.4876095500619886,"0.3369649122807018,0.3297052631578948,0.3926923076923077,0.2,0.58,0.03979060752349248","0,0,0"
38.61666666666667,7,AV,1,0,0,65,506.5869000089976,1.0,-4.940075114986732,"0.36260000000000003,0.36840196078431375,0.42652898550724644,1.0,0.65,0.02436297811068039","0,0,0"
44.766666666666666,262,AV,0,0,0,72,6007.794801579103,0.3,-20.87492024878973,"0.4207698412698413,0.396873188405797,0.44936419753086426,0.3,0.72,0.2889292503255245","0,0,0"
38.4,31,AV,1,0,0,62,777.0630287344238,0.1,-0.7535156642273201,"0.3570246913580247,0.3519513108614232,0.4253402777777777,0.1,0.62,0.037370823365822384","0,0,0"
31.833333333333332,130,AV,1,0,0,53,2030.86588445069,0.1,-1.6325563296720615,"0.27832777777777773,0.29124193548387106,0.36016666666666663,0.1,0.53,0.09766920756877238","0,0,0"
24.666666666666668,25,AV,1,0,0,43,658.4091024775607,0.4,-1.6404805920316332,"0.17409999999999998,0.2182854406130268,0.31260119047619045,0.4,0.43,0.03166447168540803","0,0,0"
43.28333333333333,32,AV,1,0,0,83,779.2240782816187,0.6,-5.110214472973141,"0.44354999999999994,0.4196958762886598,0.4610289855072463,0.6,0.83,0.03747475341773148","0,0,0"
17.45,135,AV,1,0,0,29,2078.9202215407213,0.3,-2.7482695352943627,"0.09388888888888887,0.15970224719101125,0.24837777777777784,0.3,0.29,0.09998025580674873","0,0,0"
18.733333333333334,226,AV,0,0,0,46,4412.688598555705,0.6,-13.024904001961142,"0.2084583333333333,0.2387317073170732,0.31962254901960785,0.6,0.46,0.21221677018089516","0,0,0"
32.96666666666667,184,AV,1,0,0,55,3001.8426729260827,0.3,-7.497026271524991,"0.29713492063492064,0.31116666666666665,0.38514761904761907,0.3,0.55,0.14436580837543475","0,0,0"
36.21666666666667,63,AV,0,0,0,62,1076.386102050743,0.3,-3.453266413833667,"0.3570246913580247,0.3519513108614232,0.4253402777777777,0.3,0.62,0.051765987321103386","0,0,0"
38.13333333333333,183,AV,1,0,0,60,2991.769966736588,0.2,-5.7619273433445395,"0.3640833333333333,0.340557239057239,0.3952608695652174,0.2,0.6,0.143881387794473","0,0,0"
18.65,210,AV,1,0,0,35,3759.463069718096,0.6,-10.62333125003674,"0.11286111111111112,0.1714367816091954,0.25319540229885057,0.6,0.35,0.18080158897481655","0,0,0"
40.88333333333333,211,AV,1,0,0,71,3793.837230001502,0.6,-23.5007139525093,"0.42271568627450984,0.3936139455782313,0.44560666666666676,0.6,0.71,0.1824547247241673","0,0,0"
21.9,259,AV,1,0,0,38,5899.132481879994,0.1,-3.2623990240699965,"0.12793333333333334,0.18549425287356325,0.2777678571428572,0.1,0.38,0.2837034189504176","0,0,0"
42.166666666666664,119,AV,1,0,0,78,1869.7531794209297,0.1,-1.9909408854945083,"0.4162222222222222,0.41212714776632303,0.4559733333333334,0.1,0.78,0.0899209114602018","0,0,0"
42.38333333333333,0,AV,1,0,0,78,419.7646265090227,0.6,-2.6956097101324366,"0.4162222222222222,0.41212714776632303,0.4559733333333334,0.6,0.78,0.02018748689927752","0,0,0"
26.0,80,AV,1,0,0,46,1301.8927857652438,0.2,-1.7095561833280981,"0.2084583333333333,0.2387317073170732,0.31962254901960785,0.2,0.46,0.06261114419162438","0,0,0"
24.95,250,AV,1,0,0,43,5168.6614957092925,0.2,-6.513035571613477,"0.17409999999999998,0.2182854406130268,0.31260119047619045,0.2,0.43,0.24857331857425743","0,0,0"
30.883333333333333,51,AV,1,0,0,53,932.0432837729122,0.5,-3.6344196229612926,"0.27832777777777773,0.29124193548387106,0.36016666666666663,0.5,0.53,0.04482419525724574","0,0,0"
41.25,291,AV,0,0,0,67,12726.503958899895,0.9,-119.81097461468651,"0.38119230769230766,0.373084388185654,0.42277142857142863,0.9,0.67,0.6120480758003385","0,0,0"
16.6,273,AV,1,0,0,21,7336.658338656486,0.1,-3.07546788943681,"0.050318181818181824,0.12120436507936509,0.2246862745098039,0.1,0.21,0.35283748258601644","0,0,0"
42.766666666666666,10,AV,1,0,0,78,513.7357984527049,0.9,-4.99335628344561,"0.4162222222222222,0.41212714776632303,0.4559733333333334,0.9,0.78,0.024706785769931794","0,0,0"
27.15,36,AV,1,0,0,46,813.126641713825,0.5,-2.787422767996256,"0.2084583333333333,0.2387317073170732,0.31962254901960785,0.5,0.46,0.03910520894427614","0,0,0"
35.1,227,AV,1,0,0,58,4429.527615460413,0.1,-3.926172204612639,"0.3369649122807018,0.3297052631578948,0.3926923076923077,0.1,0.58,0.21302659886033296","0,0,0"
33.05,238,AV,1,0,0,55,4662.282088415262,0.2,-7.78224358697598,"0.29713492063492064,0.31116666666666665,0.38514761904761907,0.2,0.55,0.2242203192855181","0,0,0"
17.083333333333332,152,AV,0,0,0,45,2417.357356239525,0.2,-2.5856829041628897,"0.1986466666666667,0.23016666666666669,0.3135202020202021,0.2,0.45,0.11625650871491097","0,0,0"
38.75,64,AV,1,0,0,67,1100.389953660579,0.1,-1.076770472332006,"0.38119230769230766,0.373084388185654,0.42277142857142863,0.1,0.67,0.052920390072797266","0,0,0"
27.316666666666666,151,AV,1,0,0,48,2382.718205806423,0.3,-4.930902953682736,"0.21243750000000003,0.25110130718954243,0.3256590909090909,0.3,0.48,0.11459062895418437","0,0,0"
28.816666666666666,222,AV,1,0,0,50,4061.843573313689,0.4,-11.82311033376998,"0.22965686274509806,0.2669479166666666,0.3436296296296297,0.4,0.5,0.19534379207968386","0,0,0"
42.13333333333333,241,AV,2,0,0,66,4756.448820673547,0.1,-5.060733425363101,"0.37712698412698414,0.3702558139534884,0.4221060606060606,0.1,0.66,0.22874902312038267","0,0,0"
17.05,85,AV,0,0,0,45,1447.5744631551047,0.3,-2.3697836815753437,"0.1986466666666667,0.23016666666666669,0.3135202020202021,0.3,0.45,0.06961732519889745","0,0,0"
28.25,190,AV,1,0,0,48,3236.647802754315,0.5,-11.544861165127449,"0.21243750000000003,0.25110130718954243,0.3256590909090909,0.5,0.48,0.1556581498042776","0,0,0"
34.766666666666666,97,AV,1,0,0,54,1530.0661682302475,0.6,-8.059894007394687,"0.29181159420289854,0.299109126984127,0.36113131313131314,0.6,0.54,0.07358454899608351","0,0,0"
12.333333333333334,164,AV,1,0,0,22,2645.062412614309,0.3,-2.4713966986547837,"0.05960416666666665,0.13114309764309764,0.23652666666666666,0.3,0.22,0.1272073905952983","0,0,0"
27.3,83,AV,1,0,0,47,1348.5865378412918,0.2,-1.8594147718720844,"0.2118641975308642,0.2439578544061303,0.32414102564102565,0.2,0.47,0.06485675863549194","0,0,0"
43.333333333333336,233,AV,2,0,0,65,4609.601315671212,0.3,-15.132529571647918,"0.36260000000000003,0.36840196078431375,0.42652898550724644,0.3,0.65,0.2216867746691962","0,0,0"
38.45,242,AV,1,0,0,60,4818.617258984985,0.6,-28.07209600120798,"0.3640833333333333,0.340557239057239,0.3952608695652174,0.6,0.6,0.23173885231203734","0,0,0"
31.916666666666668,147,AV,1,0,0,53,2260.56382504795,0.5,-9.10980581853288,"0.27832777777777773,0.29124193548387106,0.36016666666666663,0.5,0.53,0.10871593202757703","0,0,0"
35.88333333333333,268,AV,2,0,0,50,6446.254396158338,0.3,-17.52371933703144,"0.22965686274509806,0.2669479166666666,0.3436296296296297,0.3,0.5,0.3100158230437728","0,0,0"
41.75,157,AV,1,0,0,72,2520.757475212996,0.6,-15.945700695476146,"0.4207698412698413,0.396873188405797,0.44936419753086426,0.6,0.72,0.12122926824569963","0,0,0"
43.88333333333333,187,AV,1,0,0,85,3119.7161673652217,0.1,-3.4571602140878066,"0.4461666666666666,0.42368367346938784,0.46544202898550735,0.1,0.85,0.1500346272193471","0,0,0"
22.1,77,AV,1,0,0,40,1275.9312017726234,0.2,-1.4241454322815648,"0.16287878787878785,0.1978119658119658,0.2708458333333333,0.2,0.4,0.06136258939772906","0,0,0"
32.65,38,AV,0,0,0,57,822.5771428470101,1.0,-7.282106998473455,"0.3336866666666667,0.32698566308243726,0.3905530303030303,1.0,0.57,0.039559706192899544","0,0,0"
19.0,215,AV,1,0,0,36,3941.04555698938,0.4,-7.563622786141235,"0.11678787878787876,0.17631647940074907,0.2648850574712644,0.4,0.36,0.18953432596938674","0,0,0"
14.233333333333333,30,AV,1,0,0,25,776.0711537761008,0.2,-0.5578827990949411,"0.0711,0.13718410852713178,0.24162643678160922,0.2,0.25,0.03732312172194307","0,0,0"
36.733333333333334,37,AV,1,0,0,62,816.2772675203604,0.2,-1.5143729777902983,"0.3570246913580247,0.3519513108614232,0.4253402777777777,0.2,0.62,0.03925673009012141","0,0,0"
16.366666666666667,270,AV,1,0,0,28,7099.697064525982,0.2,-5.868604812596393,"0.09141666666666666,0.14995604395604398,0.24813131313131317,0.2,0.28,0.3414414470102487","0,0,0"
38.166666666666664,248,AV,1,0,0,62,5144.150368411208,0.1,-4.957956373594977,"0.3570246913580247,0.3519513108614232,0.4253402777777777,0.1,0.62,0.2473945197189757","0,0,0"
18.55,101,AV,1,0,0,33,1573.7150367511856,0.4,-2.948728679973181,"0.10794202898550724,0.16849411764705885,0.25833333333333336,0.4,0.33,0.07568372769239937","0,0,0"
23.716666666666665,113,AV,1,0,0,40,1805.1606101798543,0.5,-5.4056051100293185,"0.16287878787878785,0.1978119658119658,0.2708458333333333,0.5,0.4,0.08681450000245393","0,0,0"
14.933333333333334,186,AV,1,0,0,24,3064.640983136323,0.2,-2.311379057988338,"0.06563157894736843,0.13251388888888888,0.2396066666666666,0.2,0.24,0.14738592961625765","0,0,0"
23.833333333333332,236,AV,2,0,0,19,4645.51881630073,0.4,-11.183656409612869,"0.05090740740740741,0.11861904761904762,0.22308333333333333,0.4,0.19,0.22341413335457028","0,0,0"
22.916666666666668,58,AV,1,0,0,39,1011.0784796502788,0.1,-0.5851148609087263,"0.14378571428571424,0.19296895424836602,0.26627450980392153,0.1,0.39,0.04862518724321976","0,0,0"
41.85,278,AV,1,0,0,77,8326.33528790118,0.3,-26.39826756050488,"0.4238083333333333,0.410175925925926,0.45677222222222225,0.3,0.77,0.40043341894099355","0,0,0"
35.43333333333333,260,AV,1,0,0,54,5911.733280178027,0.4,-21.158829888313946,"0.29181159420289854,0.299109126984127,0.36113131313131314,0.4,0.54,0.28430942153971994","0,0,0"
43.03333333333333,87,AV,1,0,0,83,1457.5875839824732,0.2,-3.1679218365679676,"0.44354999999999994,0.4196958762886598,0.4610289855072463,0.2,0.83,0.07009888017699192","0,0,0"
44.016666666666666,287,AV,2,0,0,57,10708.821866752483,0.1,-11.903198042968564,"0.3336866666666667,0.32698566308243726,0.3905530303030303,0.1,0.57,0.5150129083997876","0,0,0"
25.4,170,AV,1,0,0,41,2793.3389947689566,0.1,-1.791687133008371,"0.1662391304347826,0.21107196969696973,0.3030919540229885,0.1,0.41,0.1343383667916745","0,0,0"
35.25,21,AV,1,0,0,58,626.2908344343901,0.1,-0.5574937351972791,"0.3369649122807018,0.3297052631578948,0.3926923076923077,0.1,0.58,0.03011982720037529","0,0,0"
23.883333333333333,12,AV,2,0,0,26,539.5213747330826,0.1,-0.3253931523537488,"0.07358333333333335,0.13595238095238094,0.23661979166666666,0.1,0.26,0.025946875931124203","0,0,0"
19.183333333333334,125,AV,1,0,0,32,1950.0200213032829,0.2,-1.8892870745118509,"0.10523333333333335,0.16560185185185186,0.25546666666666673,0.2,0.32,0.09378113625432592","0,0,0"
20.916666666666668,281,AV,1,0,0,38,8475.089255911002,0.4,-17.90612292284227,"0.12793333333333334,0.18549425287356325,0.2777678571428572,0.4,0.38,0.40758735376725097","0,0,0"
38.0,208,AV,1,0,0,62,3608.770587345788,0.1,-3.4629616747257566,"0.3570246913580247,0.3519513108614232,0.4253402777777777,0.1,0.62,0.17355442634701188","0,0,0"
40.93333333333333,5,AV,2,0,0,67,491.0984231068265,0.3,-1.5229011706444013,"0.38119230769230766,0.373084388185654,0.42277142857142863,0.3,0.67,0.023618100136676975","0,0,0"
34.916666666666664,126,AV,1,0,0,56,1996.532829496936,0.1,-1.7604108913283165,"0.30324999999999996,0.30989062500000003,0.37800000000000006,0.1,0.56,0.0960180486732379","0,0,0"
26.65,293,AV,1,0,0,46,13351.937436366714,0.2,-17.971168317129944,"0.2084583333333333,0.2387317073170732,0.31962254901960785,0.2,0.46,0.6421266706493964","0,0,0"
32.65,23,AV,0,0,0,56,640.5426603936758,0.1,-1.0281241884306445,"0.30324999999999996,0.30989062500000003,0.37800000000000006,0.1,0.56,0.03080523166677017","0,0,0"
29.316666666666666,252,AV,1,0,0,50,5480.041794665195,0.4,-16.227935213495083,"0.22965686274509806,0.2669479166666666,0.3436296296296297,0.4,0.5,0.26354834340696637","0,0,0"
37.78333333333333,6,AV,0,0,0,62,497.26542980048754,0.5,-2.8722658446079654,"0.3570246913580247,0.3519513108614232,0.4253402777777777,0.5,0.62,0.023914686268460907","0,0,0"
20.083333333333332,180,AV,1,0,0,37,2968.817229463249,0.1,-1.5056501521478178,"0.1232463768115942,0.1794774305555556,0.2743253968253968,0.1,0.37,0.14277753565032827","0,0,0"
39.516666666666666,159,AV,1,0,0,67,2538.843693606908,0.2,-5.067002018132978,"0.38119230769230766,0.373084388185654,0.42277142857142863,0.2,0.67,0.12209907783380393","0,0,0"
30.433333333333334,297,AV,1,0,0,51,17693.100214811147,1.0,-135.97475165086345,"0.25219047619047624,0.2766481481481482,0.35293939393939394,1.0,0.51,0.8509035927219247","0,0,0"
43.233333333333334,181,AV,1,0,0,81,2969.8754393798326,1.0,-32.42364010838083,"0.4409333333333333,0.417476897689769,0.45404385964912286,1.0,0.81,0.1428284275013291","0,0,0"
26.35,57,AV,2,0,0,38,978.4447105201264,0.8,-5.208488509536432,"0.12793333333333334,0.18549425287356325,0.2777678571428572,0.8,0.38,0.04705575107546101","0,0,0"
35.18333333333333,182,AV,1,0,0,55,2987.078671303881,0.1,-2.6539238531660323,"0.29713492063492064,0.31116666666666665,0.38514761904761907,0.1,0.55,0.14365577215392691","0,0,0"
46.56666666666667,161,AV,0,0,0,74,2561.5826276178027,0.4,-12.548925692868925,"0.42686666666666667,0.4061322463768115,0.45644642857142864,0.4,0.74,0.12319264766665551","0,0,0"
34.63333333333333,110,AV,1,0,0,56,1718.6657268339234,0.2,-3.0062183336371153,"0.30324999999999996,0.30989062500000003,0.37800000000000006,0.2,0.56,0.08265475376818426","0,0,0"
41.63333333333333,123,AV,1,0,0,73,1922.439846447592,0.2,-4.042301966688624,"0.4304537037037036,0.4048038194444444,0.45465384615384624,0.2,0.73,0.09245473954670083","0,0,0"
14.95,17,AV,1,0,0,25,601.3137559373858,0.1,-0.22701112755716965,"0.0711,0.13718410852713178,0.24162643678160922,0.1,0.25,0.028918619635236016","0,0,0"
35.96666666666667,265,AV,1,0,0,59,6248.181898567973,0.4,-22.699623799847956,"0.35111764705882353,0.3368350168350168,0.39333333333333337,0.4,0.59,0.3004900419328989","0,0,0"
29.966666666666665,201,AV,2,0,0,45,3458.1247672483346,0.4,-10.467522443623746,"0.1986466666666667,0.23016666666666669,0.3135202020202021,0.4,0.45,0.16630950781983606","0,0,0"
40.88333333333333,175,AV,1,0,0,70,2942.323800284961,0.3,-9.113030659215921,"0.41512878787878793,0.39066326530612244,0.4386583333333334,0.3,0.7,0.1415034031468308","0,0,0"
28.366666666666667,3,AV,1,0,0,48,457.16351791608827,0.1,-0.3274799273961205,"0.21243750000000003,0.25110130718954243,0.3256590909090909,0.1,0.48,0.021986089217454062","0,0,0"
26.9,247,AV,1,0,0,47,5064.807770076448,0.1,-3.4404881064408195,"0.2118641975308642,0.2439578544061303,0.32414102564102565,0.1,0.47,0.24357874401210303","0,0,0"
43.13333333333333,224,AV,0,0,0,68,4223.122456076251,0.3,-14.299799136774416,"0.387952380952381,0.38153630363036306,0.42674074074074075,0.3,0.68,0.20310008007368746","0,0,0"
19.8,219,AV,1,0,0,35,3987.5502105766736,0.2,-3.9875502105766736,"0.11286111111111112,0.1714367816091954,0.25319540229885057,0.2,0.35,0.1917708462137355","0,0,0"
38.28333333333333,174,AV,1,0,0,62,2909.5116230827134,0.3,-8.438318432097214,"0.3570246913580247,0.3519513108614232,0.4253402777777777,0.3,0.62,0.13992538690731113","0,0,0"
20.366666666666667,88,AV,0,0,0,47,1460.106853854364,0.1,-1.2509472118729095,"0.2118641975308642,0.2439578544061303,0.32414102564102565,0.1,0.47,0.07022003790282866","0,0,0"
11.533333333333333,60,AV,0,0,0,39,1017.530975349866,0.5,-1.9817580701643671,"0.14378571428571424,0.19296895424836602,0.26627450980392153,0.5,0.39,0.048935503225503364","0,0,0"
41.15,163,AV,0,0,0,66,2580.565825479665,0.1,-3.181572821173945,"0.37712698412698414,0.3702558139534884,0.4221060606060606,0.1,0.66,0.12410559514707999","0,0,0"
44.43333333333333,255,AV,1,0,0,89,5654.280440205098,0.1,-6.344407261610603,"0.45517777777777774,0.4266201923076923,0.4674761904761905,0.1,0.89,0.2719278974523786","0,0,0"
24.4,142,AV,1,0,0,40,2193.4249838744518,0.1,-1.351504282993349,"0.16287878787878785,0.1978119658119658,0.2708458333333333,0.1,0.4,0.10548706425018813","0,0,0"
43.95,14,AV,1,0,0,84,571.0932451196882,0.6,-3.8029618368197418,"0.4479333333333333,0.4217673611111111,0.4643541666666667,0.6,0.84,0.027465242843352784","0,0,0"
41.61666666666667,240,AV,1,0,0,75,4705.31956239884,0.2,-9.88988463578275,"0.428421052631579,0.4089587813620072,0.45589880952380957,0.2,0.75,0.2262900945532605","0,0,0"
44.266666666666666,200,AV,2,0,0,69,3456.1529418207683,0.2,-7.726887385080775,"0.3968333333333333,0.38512745098039214,0.4291203703703704,0.2,0.69,0.1662146780093356","0,0,0"
4.916666666666667,48,AV,0,0,0,19,923.9636394510808,0.1,-0.61471770776013,"0.05090740740740741,0.11861904761904762,0.22308333333333333,0.1,0.19,0.04443562579808411","0,0,0"
25.816666666666666,212,AV,1,0,0,44,3822.7735841463273,0.7,-17.445426756270464,"0.17780833333333335,0.22149031007751932,0.30633333333333335,0.7,0.44,0.18384634334403438","0,0,0"
29.983333333333334,162,AV,1,0,0,51,2574.4307659940623,0.2,-3.898485646484274,"0.25219047619047624,0.2766481481481482,0.35293939393939394,0.2,0.51,0.12381054543309646","0,0,0"
30.85,275,AV,1,0,0,52,7658.5640246764915,1.0,-59.66330812153277,"0.2645902777777778,0.28281666666666666,0.3589807692307692,1.0,0.52,0.3683186985078447","0,0,0"
33.06666666666667,69,AV,1,0,0,55,1150.2916000513435,0.1,-0.960512851221324,"0.29713492063492064,0.31116666666666665,0.38514761904761907,0.1,0.55,0.05532027984231857","0,0,0"
25.933333333333334,185,AV,1,0,0,44,3048.604611013583,0.1,-1.9964767570442492,"0.17780833333333335,0.22149031007751932,0.30633333333333335,0.1,0.44,0.14661470204800806","0,0,0"
44.166666666666664,166,AV,2,0,0,67,2675.3892374750885,0.2,-5.967829528037866,"0.38119230769230766,0.373084388185654,0.42277142857142863,0.2,0.67,0.1286658802843062","0,0,0"
10.116666666666667,223,AV,0,0,0,37,4090.160813256426,0.3,-3.6347570879376905,"0.1232463768115942,0.1794774305555556,0.2743253968253968,0.3,0.37,0.19670563601379967","0,0,0"
40.36666666666667,15,AV,1,0,0,69,572.7967315704935,0.3,-1.7516586917471406,"0.3968333333333333,0.38512745098039214,0.4291203703703704,0.3,0.69,0.027547167589358008","0,0,0"
13.416666666666666,78,AV,0,0,0,44,1291.2118623687816,0.7,-3.5622806584377456,"0.17780833333333335,0.22149031007751932,0.30633333333333335,0.7,0.44,0.062097472987522495","0,0,0"
39.65,109,AV,0,0,0,64,1684.196745492046,0.4,-7.245293026137335,"0.3523444444444444,0.3668443396226415,0.42785964912280705,0.4,0.64,0.08099705784688291","0,0,0"
23.983333333333334,231,AV,0,0,0,49,4572.8741748457805,0.1,-3.2695142835029793,"0.21850757575757576,0.25506666666666666,0.33039855072463775,0.1,0.49,0.21992047844641197","0,0,0"
36.8,279,AV,1,0,0,60,8331.964781214912,0.2,-15.485671916601454,"0.3640833333333333,0.340557239057239,0.3952608695652174,0.2,0.6,0.4007041547661289","0,0,0"
27.483333333333334,221,AV,1,0,0,48,4034.238052294327,0.3,-8.399568874032001,"0.21243750000000003,0.25110130718954243,0.3256590909090909,0.3,0.48,0.19401617641430308","0,0,0"
14.933333333333334,155,AV,1,0,0,26,2472.005569054355,0.3,-2.7966123609503817,"0.07358333333333335,0.13595238095238094,0.23661979166666666,0.3,0.26,0.11888467223941558","0,0,0"
16.316666666666666,44,AV,1,0,0,27,859.2772315809713,0.1,-0.35405404449401134,"0.07953508771929825,0.14288825757575757,0.24475757575757576,0.1,0.27,0.041324701415771756","0,0,0"
44.7,115,AV,2,0,0,54,1830.3424648913517,0.3,-6.19820516520026,"0.29181159420289854,0.299109126984127,0.36113131313131314,0.3,0.54,0.08802555574651609","0,0,0"
12.65,235,AV,1,0,0,24,4635.813442599864,0.3,-4.4426545491582035,"0.06563157894736843,0.13251388888888888,0.2396066666666666,0.3,0.24,0.222947378673338","0,0,0"
38.95,1,AV,2,0,0,60,437.5592869272848,0.1,-0.4303771269145895,"0.3640833333333333,0.340557239057239,0.3952608695652174,0.1,0.6,0.0210432747655832","0,0,0"
21.533333333333335,199,AV,1,0,0,39,3414.9419898187493,0.1,-1.856946570221307,"0.14378571428571424,0.19296895424836602,0.26627450980392153,0.1,0.39,0.1642327445611401","0,0,0"
30.066666666666666,177,AV,2,0,0,44,2953.464044858564,0.1,-2.2424449229481693,"0.17780833333333335,0.22149031007751932,0.30633333333333335,0.1,0.44,0.14203916420715332","0,0,0"
26.1,112,AV,1,0,0,45,1799.695682844959,0.1,-1.1861630636932687,"0.1986466666666667,0.23016666666666669,0.3135202020202021,0.1,0.45,0.0865516785496407","0,0,0"
38.016666666666666,245,AV,1,0,0,64,4950.077303955518,0.2,-9.504315092864086,"0.3523444444444444,0.3668443396226415,0.42785964912280705,0.2,0.64,0.23806108093261413","0,0,0"
23.85,292,AV,2,0,0,31,13079.31179296209,0.8,-63.018502275180985,"0.10256944444444445,0.16249812734082397,0.2485246913580247,0.8,0.31,0.6290154500817918","0,0,0"
39.733333333333334,65,AV,0,0,0,63,1111.987968807459,0.4,-4.962928144170004,"0.34279411764705886,0.3599493464052287,0.4186190476190476,0.4,0.63,0.05347816641708441","0,0,0"
41.03333333333333,104,AV,1,0,0,72,1588.8002265047048,0.1,-1.646307305410178,"0.4207698412698413,0.396873188405797,0.44936419753086426,0.1,0.72,0.07640921062090368","0,0,0"
36.21666666666667,173,AV,1,0,0,56,2857.8751728516777,0.1,-2.613704861366455,"0.30324999999999996,0.30989062500000003,0.37800000000000006,0.1,0.56,0.13744206626346972","0,0,0"
33.166666666666664,35,AV,1,0,0,55,806.3598325453933,0.3,-2.02608089238047,"0.29713492063492064,0.31116666666666665,0.38514761904761907,0.3,0.55,0.03877977687399022","0,0,0"
11.283333333333333,99,AV,1,0,0,7,1552.9853059451273,0.3,-1.3274887021778423,"0.0,0.0,0.0,0.3,0.07,0.074686785256937","0,0,0"
