travel_time,id,kind,action,origin,destination,start_time,income,urgency,reward,observation,cost_table
27.416666666666668,44,AV,0,0,0,64,881.2906222289953,0.4,-0.12668715868331992,"0.2654114583333333,0.68,0.29696358543417367,0.4,0.64,0.04354368505248021","0,0,0"
12.3,137,AV,2,0,0,26,2294.767722006211,0.5,-0.061500000000000006,"0.08369444444444443,0.07389520202020201,0.1177940251572327,0.5,0.26,0.11338216978061968","0,0,0"
7.95,50,AV,0,0,0,6,946.2003450753726,0.1,-0.02380287944362896,"0.07118055555555554,0.046,0.10534615384615384,0.1,0.06,0.04675080930545112","0,0,0"
8.033333333333333,63,AV,0,0,0,11,1104.4445206976068,0.6,-0.061781487995907165,"0.07396296296296295,0.04818817204301075,0.10937719298245614,0.6,0.11,0.05456949518600221","0,0,0"
27.166666666666668,84,AV,0,0,0,63,1405.7852601227096,0.5,-0.1465035263034109,"0.2620644257703081,0.6727255892255893,0.29582377049180325,0.5,0.63,0.0694584386514629","0,0,0"
17.816666666666666,132,AV,0,0,0,49,2198.5025098873134,0.1,-0.024639492627765453,"0.17907951070336395,0.4026939393939394,0.21689807162534436,0.1,0.49,0.10862580227563756","0,0,0"
17.933333333333334,196,AV,0,0,0,49,3534.445695738256,0.1,-0.022177280274741043,"0.17907951070336395,0.4026939393939394,0.21689807162534436,0.1,0.49,0.1746334141410286","0,0,0"
13.866666666666667,139,AV,1,0,0,32,2318.1098695731453,0.1,-0.013866666666666666,"0.10273762376237623,0.1405560606060606,0.13394315245478036,0.1,0.32,0.11453548186231685","0,0,0"
10.15,118,AV,0,0,0,28,1929.5758599688188,0.8,-0.08897372909310879,"0.09035620915032679,0.09940495867768594,0.12397720797720796,0.8,0.28,0.09533840643718873","0,0,0"
29.466666666666665,106,AV,0,0,0,67,1723.69240549938,0.3,-0.09710224870292578,"0.28151754385964917,0.7170700280112047,0.31347819314641745,0.3,0.67,0.08516591160652838","0,0,0"
31.966666666666665,104,AV,0,0,0,84,1659.6531244520008,0.1,-0.04100469984299852,"0.3162167919799499,0.835595709570957,0.3456383647798742,0.1,0.84,0.08200179500914358","0,0,0"
24.566666666666666,263,AV,0,0,0,59,6031.594525491932,0.2,-0.05162023790501898,"0.24050416666666663,0.600867256637168,0.2745841121495327,0.2,0.59,0.2980150313162421","0,0,0"
8.433333333333334,287,AV,1,0,0,26,10450.70686878338,0.1,-0.008433333333333333,"0.08369444444444443,0.07389520202020201,0.1177940251572327,0.1,0.26,0.5163589365323479","0,0,0"
57.416666666666664,103,AV,1,0,0,56,1639.6236094811811,0.2,-0.11483333333333333,"0.22503115264797507,0.5432558922558922,0.2591654228855721,0.2,0.56,0.08101215677897904","0,0,0"
16.216666666666665,220,AV,2,0,0,35,4266.216809230351,0.2,-0.032433333333333335,"0.11213963963963965,0.1761139601139601,0.14802232142857144,0.2,0.35,0.2107894903464134","0,0,0"
81.65,148,AV,1,0,0,78,2472.005569054355,0.2,-0.1633,"0.30972426470588227,0.8240888888888889,0.3425656565656566,0.2,0.78,0.12213931390150505","0,0,0"
13.966666666666667,252,AV,0,0,0,42,5480.041794665195,0.3,-0.04463720540135341,"0.13923492063492066,0.2586581196581197,0.17190254237288138,0.3,0.42,0.27076336450488875","0,0,0"
23.816666666666666,134,AV,0,0,0,57,2239.257430619588,0.4,-0.10196531586835743,"0.22867559523809522,0.5544713804713804,0.2616059431524548,0.4,0.57,0.11063946200143439","0,0,0"
27.6,221,AV,0,0,0,65,4281.8327360815,0.2,-0.058703172805794186,"0.27383944954128436,0.6987706422018348,0.3057377049180328,0.2,0.65,0.21156105761770602","0,0,0"
22.633333333333333,46,AV,2,0,0,48,904.859336063587,0.1,-0.022633333333333335,"0.17031871345029242,0.3810510510510511,0.207140579710145,0.1,0.48,0.044708191546047354","0,0,0"
13.833333333333334,143,AV,2,0,0,29,2398.572127464108,0.2,-0.02766666666666667,"0.09442293906810036,0.11188749999999997,0.12722834645669293,0.2,0.29,0.11851104126104732","0,0,0"
21.4,151,AV,2,0,0,50,2520.718778515204,0.1,-0.021400000000000002,"0.18528193146417443,0.42377678571428584,0.2182258953168044,0.1,0.5,0.12454618468528102","0,0,0"
32.18333333333333,81,AV,0,0,0,90,1389.0632502942228,0.1,-0.04298197766923582,"0.3215114503816794,0.858126168224299,0.35120915032679734,0.1,0.9,0.06863222093048628","0,0,0"
16.9,100,AV,0,0,0,47,1594.6992934726818,0.1,-0.026306162065410706,"0.16022965879265091,0.3478159420289855,0.19537244897959183,0.1,0.47,0.07879249141759738","0,0,0"
29.316666666666666,10,AV,1,0,0,43,566.7055292848979,0.4,-0.11726666666666669,"0.14357788161993768,0.27832072829131654,0.1773771929824561,0.4,0.43,0.02800035137361163","0,0,0"
67.75,215,AV,1,0,0,63,4135.471393234625,0.5,-0.33875,"0.2620644257703081,0.6727255892255893,0.29582377049180325,0.5,0.63,0.20432949057724065","0,0,0"
13.7,73,AV,0,0,0,38,1251.6500609663929,0.1,-0.025684180297501503,"0.12698776758409785,0.21577138643067847,0.1628220338983051,0.1,0.38,0.06184277317372448","0,0,0"
32.03333333333333,258,AV,0,0,0,77,5849.7981009167725,0.4,-0.1306975243944999,"0.3079829683698297,0.8186698113207547,0.3396666666666666,0.4,0.77,0.28903265245540044","0,0,0"
78.25,282,AV,1,0,0,69,8689.506535985933,0.2,-0.1565,"0.2936570048309179,0.7675283018867924,0.3251909722222222,0.2,0.69,0.42933979588645044","0,0,0"
21.983333333333334,67,AV,0,0,0,53,1148.2139867956057,0.1,-0.03504710034235703,"0.20677675840978593,0.4872125382262996,0.24079371584699452,0.1,0.53,0.05673210057248192","0,0,0"
25.383333333333333,58,AV,0,0,0,59,1052.4070316009115,0.5,-0.14116970712495983,"0.24050416666666663,0.600867256637168,0.2745841121495327,0.5,0.59,0.05199837508215116","0,0,0"
11.3,224,AV,0,0,0,31,4381.240268036911,0.6,-0.07122368806144498,"0.10100161812297737,0.13591433021806854,0.13320384615384617,0.6,0.31,0.21647268399171962","0,0,0"
33.833333333333336,228,AV,2,0,0,73,4446.537177105173,0.8,-0.2706666666666667,"0.30330676328502415,0.8058181818181818,0.3357898550724638,0.8,0.73,0.21969893872727725","0,0,0"
11.0,192,AV,0,0,0,31,3476.696831582168,0.1,-0.015314440035076005,"0.10100161812297737,0.13591433021806854,0.13320384615384617,0.1,0.31,0.1717801007282623","0,0,0"
27.683333333333334,76,AV,0,0,0,65,1293.252850487379,0.1,-0.03928199325072463,"0.27383944954128436,0.6987706422018348,0.3057377049180328,0.1,0.65,0.06389832524532672","0,0,0"
26.316666666666666,129,AV,0,0,0,63,2141.869626207308,0.2,-0.0596365607083632,"0.2620644257703081,0.6727255892255893,0.29582377049180325,0.2,0.63,0.10582762833803366","0,0,0"
15.4,198,AV,0,0,0,46,3654.013033637752,0.5,-0.08110507566938445,"0.15238700564971755,0.3235986666666666,0.18523195876288662,0.5,0.46,0.18054111629141673","0,0,0"
60.88333333333333,141,AV,1,0,0,57,2329.0008356791827,0.3,-0.18265,"0.22867559523809522,0.5544713804713804,0.2616059431524548,0.3,0.57,0.1150735935658535","0,0,0"
9.283333333333333,211,AV,0,0,0,26,3958.913906791885,0.1,-0.01307225129243977,"0.08369444444444443,0.07389520202020201,0.1177940251572327,0.1,0.26,0.19560596239095915","0,0,0"
25.55,45,AV,0,0,0,60,892.1845339920479,0.3,-0.09346266534949113,"0.24719401041666672,0.619423188405797,0.2786529209621993,0.3,0.6,0.044081942297973305","0,0,0"
29.666666666666668,61,AV,0,0,0,67,1083.524948441525,0.1,-0.043510371900750175,"0.28151754385964917,0.7170700280112047,0.31347819314641745,0.1,0.67,0.053535880118764236","0,0,0"
53.71666666666667,47,AV,1,0,0,52,912.6272274022258,0.4,-0.21486666666666668,"0.20252599388379205,0.48565454545454545,0.2365619834710744,0.4,0.52,0.04509199526010037","0,0,0"
30.583333333333332,0,AV,2,0,0,67,381.3218977270381,0.1,-0.030583333333333337,"0.28151754385964917,0.7170700280112047,0.31347819314641745,0.1,0.67,0.018840732216399075","0,0,0"
10.1,219,AV,0,0,0,29,4227.85786318916,0.3,-0.033847895999674214,"0.09442293906810036,0.11188749999999997,0.12722834645669293,0.3,0.29,0.2088942133251532","0,0,0"
10.183333333333334,279,AV,1,0,0,27,8326.33528790118,0.4,-0.04073333333333334,"0.09007075471698114,0.09434244791666668,0.1238883647798742,0.4,0.27,0.41139586905023645","0,0,0"
32.53333333333333,286,AV,0,0,0,86,10426.353459350525,0.2,-0.06650532880856323,"0.31953076923076923,0.8522859477124185,0.34767129629629623,0.2,0.86,0.5151556590169055","0,0,0"
19.2,113,AV,2,0,0,44,1832.3133019091129,0.3,-0.0576,"0.14679130434782606,0.30135897435897435,0.1796172839506173,0.3,0.44,0.09053276107035316","0,0,0"
11.016666666666667,197,AV,2,0,0,18,3628.2404526711953,0.3,-0.03305,"0.08184057971014495,0.05657627118644069,0.1176840277777778,0.3,0.18,0.1792677189349818","0,0,0"
19.183333333333334,66,AV,0,0,0,50,1141.5133047894662,0.1,-0.03232378464219172,"0.18528193146417443,0.42377678571428584,0.2182258953168044,0.1,0.5,0.0564010266003407","0,0,0"
14.566666666666666,208,AV,0,0,0,42,3933.772930850901,0.8,-0.12034646649167133,"0.13923492063492066,0.2586581196581197,0.17190254237288138,0.8,0.42,0.19436377200486682","0,0,0"
69.8,142,AV,1,0,0,64,2347.541384251396,0.5,-0.349,"0.2654114583333333,0.68,0.29696358543417367,0.5,0.64,0.11598966346080683","0,0,0"
24.7,171,AV,2,0,0,53,2965.4163440895786,0.5,-0.1235,"0.20677675840978593,0.4872125382262996,0.24079371584699452,0.5,0.53,0.14651824503694982","0,0,0"
20.166666666666668,276,AV,2,0,0,44,7958.958807233507,0.1,-0.02016666666666667,"0.14679130434782606,0.30135897435897435,0.1796172839506173,0.1,0.44,0.3932441658930853","0,0,0"
32.3,204,AV,2,0,0,67,3863.855435177377,0.8,-0.25839999999999996,"0.28151754385964917,0.7170700280112047,0.31347819314641745,0.8,0.67,0.19090921872303807","0,0,0"
25.133333333333333,294,AV,2,0,0,54,14754.343640924068,0.1,-0.025133333333333337,"0.21409000000000003,0.5161520467836258,0.24849338624338624,0.1,0.54,0.7289973096860264","0,0,0"
41.61666666666667,2,AV,1,0,0,48,465.3670128771111,0.4,-0.16646666666666668,"0.17031871345029242,0.3810510510510511,0.207140579710145,0.4,0.48,0.02299331699602389","0,0,0"
31.833333333333332,195,AV,2,0,0,62,3531.3895067900216,0.4,-0.12733333333333333,"0.2579676258992806,0.6537116666666667,0.29139603960396043,0.4,0.62,0.17448241091273348","0,0,0"
15.116666666666667,146,AV,0,0,0,44,2446.4664131825853,0.7,-0.1119479586881609,"0.14679130434782606,0.30135897435897435,0.1796172839506173,0.7,0.44,0.12087744984470407","0,0,0"
17.133333333333333,80,AV,1,0,0,36,1386.7650627050614,0.1,-0.017133333333333334,"0.1167927927927928,0.18520144927536233,0.15315350877192985,0.1,0.36,0.0685186697885022","0,0,0"
46.85,223,AV,1,0,0,50,4376.119511966378,0.4,-0.1874,"0.18528193146417443,0.42377678571428584,0.2182258953168044,0.4,0.5,0.2162196725742125","0,0,0"
33.833333333333336,185,AV,2,0,0,68,3368.9508766880413,0.7,-0.23683333333333334,"0.2890320512820513,0.7420015151515151,0.3196616666666667,0.7,0.68,0.16645648124650464","0,0,0"
35.21666666666667,109,AV,2,0,0,81,1822.2981036688468,0.4,-0.14086666666666667,"0.31361286089238843,0.8305825242718448,0.34494393939393936,0.4,0.81,0.09003792017801585","0,0,0"
26.116666666666667,43,AV,2,0,0,55,877.6907461205365,0.1,-0.026116666666666667,"0.21953594771241827,0.529451923076923,0.2552089552238806,0.1,0.55,0.043365818787322166","0,0,0"
30.65,120,AV,2,0,0,60,1950.0200213032829,0.1,-0.03065,"0.24719401041666672,0.619423188405797,0.2786529209621993,0.1,0.6,0.09634853192798135","0,0,0"
20.983333333333334,19,AV,2,0,0,48,636.6552097563458,0.3,-0.06295,"0.17031871345029242,0.3810510510510511,0.207140579710145,0.3,0.48,0.03145649487400044","0,0,0"
8.233333333333333,95,AV,2,0,0,2,1546.5147326922538,0.6,-0.04939999999999999,"0.0,0.0,0.0,0.6,0.02,0.07641174063449208","0,0,0"
24.283333333333335,262,AV,2,0,0,48,6020.57275324985,0.3,-0.07285,"0.17031871345029242,0.3810510510510511,0.207140579710145,0.3,0.48,0.2974704566128196","0,0,0"
64.36666666666666,65,AV,1,0,0,60,1122.7546975855585,0.1,-0.06436666666666667,"0.24719401041666672,0.619423188405797,0.2786529209621993,0.1,0.6,0.0554741826472708","0,0,0"
10.583333333333334,89,AV,0,0,0,30,1490.1599361877834,0.7,-0.08414936694203033,"0.097921568627451,0.12145645645645649,0.12988320209973753,0.7,0.3,0.0736273067051025","0,0,0"
20.15,206,AV,0,0,0,51,3882.59008652233,0.7,-0.14491340037596798,"0.1920952380952381,0.45602011494252864,0.2236413690476191,0.7,0.51,0.1918348790411626","0,0,0"
8.45,51,AV,0,0,0,21,961.7772661313056,0.8,-0.08319612659627176,"0.08106609195402299,0.058020547945205475,0.11658928571428571,0.8,0.21,0.04752044933955402","0,0,0"
53.85,140,AV,1,0,0,53,2318.2944376966047,0.1,-0.05385,"0.20677675840978593,0.4872125382262996,0.24079371584699452,0.1,0.53,0.11454460118803748","0,0,0"
12.916666666666666,275,AV,0,0,0,36,7912.643587116454,0.1,-0.01481236686279623,"0.1167927927927928,0.18520144927536233,0.15315350877192985,0.1,0.36,0.3909557773558143","0,0,0"
29.666666666666668,285,AV,0,0,0,70,9280.176126726552,0.7,-0.20928301530005095,"0.2943811188811189,0.7761996699669966,0.3260520833333333,0.7,0.7,0.4585241874827607","0,0,0"
10.616666666666667,35,AV,2,0,0,23,837.3801312568858,0.1,-0.010616666666666668,"0.08149047619047618,0.061529761904761913,0.11699751243781094,0.1,0.23,0.04137411176852384","0,0,0"
14.85,8,AV,2,0,0,32,541.9839687696077,0.5,-0.07425,"0.10273762376237623,0.1405560606060606,0.13394315245478036,0.5,0.32,0.02677888388271631","0,0,0"
11.483333333333333,83,AV,0,0,0,35,1404.912317929139,0.4,-0.056610156227241915,"0.11213963963963965,0.1761139601139601,0.14802232142857144,0.4,0.35,0.06941530745389073","0,0,0"
46.9,194,AV,1,0,0,50,3508.846318545673,0.3,-0.1407,"0.18528193146417443,0.42377678571428584,0.2182258953168044,0.3,0.5,0.17336857460921315","0,0,0"
19.9,49,AV,0,0,0,51,933.6906207466446,0.2,-0.055865278655155545,"0.1920952380952381,0.45602011494252864,0.2236413690476191,0.2,0.51,0.04613271638295326","0,0,0"
71.46666666666667,280,AV,1,0,0,64,8348.421721831439,0.6,-0.4288,"0.2654114583333333,0.68,0.29696358543417367,0.6,0.64,0.41248713758156286","0,0,0"
17.916666666666668,6,AV,2,0,0,43,522.440884226393,0.2,-0.035833333333333335,"0.14357788161993768,0.27832072829131654,0.1773771929824561,0.2,0.43,0.02581327969172718","0,0,0"
10.3,242,AV,0,0,0,29,4968.170350229253,0.4,-0.04421922014395257,"0.09442293906810036,0.11188749999999997,0.12722834645669293,0.4,0.29,0.24547231022417584","0,0,0"
28.883333333333333,246,AV,2,0,0,57,5144.150368411208,0.1,-0.028883333333333334,"0.22867559523809522,0.5544713804713804,0.2616059431524548,0.1,0.57,0.25416730628332335","0,0,0"
19.166666666666668,64,AV,2,0,0,47,1111.987968807459,0.2,-0.03833333333333334,"0.16022965879265091,0.3478159420289855,0.19537244897959183,0.2,0.47,0.05494220938540485","0,0,0"
15.416666666666666,222,AV,1,0,0,33,4343.557359248321,0.5,-0.07708333333333334,"0.1069891975308642,0.1565796460176991,0.13999579831932774,0.5,0.33,0.21461080929254078","0,0,0"
24.183333333333334,24,AV,1,0,0,38,682.056612603955,0.1,-0.024183333333333334,"0.12698776758409785,0.21577138643067847,0.1628220338983051,0.1,0.38,0.033699732617228556","0,0,0"
20.0,231,AV,0,0,0,50,4609.601315671212,0.4,-0.08325407751620617,"0.18528193146417443,0.42377678571428584,0.2182258953168044,0.4,0.5,0.2277557741388637","0,0,0"
25.433333333333334,154,AV,0,0,0,58,2574.4307659940623,0.3,-0.08212653074152805,"0.23521074380165288,0.5832122641509435,0.2685589970501475,0.3,0.58,0.12720004007342384","0,0,0"
18.95,40,AV,1,0,0,36,863.5619359671642,0.5,-0.09475,"0.1167927927927928,0.18520144927536233,0.15315350877192985,0.5,0.36,0.0426677284593794","0,0,0"
21.95,160,AV,0,0,0,52,2754.938443140308,0.3,-0.07129476775419408,"0.20252599388379205,0.48565454545454545,0.2365619834710744,0.3,0.52,0.13611874321737782","0,0,0"
55.81666666666667,261,AV,1,0,0,54,5985.732437913218,0.9,-0.5023500000000001,"0.21409000000000003,0.5161520467836258,0.24849338624338624,0.9,0.54,0.2957490316028605","0,0,0"
18.5,265,AV,2,0,0,44,6197.036257351283,0.9,-0.1665,"0.14679130434782606,0.30135897435897435,0.1796172839506173,0.9,0.44,0.30618934122595154","0,0,0"
22.833333333333332,254,AV,2,0,0,47,5578.433439706214,0.3,-0.06849999999999999,"0.16022965879265091,0.3478159420289855,0.19537244897959183,0.3,0.47,0.2756247969261546","0,0,0"
27.666666666666668,107,AV,0,0,0,64,1794.439334206041,0.1,-0.03602582359889967,"0.2654114583333333,0.68,0.29696358543417367,0.1,0.64,0.08866144634198442","0,0,0"
23.85,218,AV,0,0,0,58,4200.245935785981,0.9,-0.21822121945460393,"0.23521074380165288,0.5832122641509435,0.2685589970501475,0.9,0.58,0.2075299357075212","0,0,0"
31.016666666666666,245,AV,1,0,0,45,5051.78348307234,0.4,-0.12406666666666666,"0.15069109195402297,0.3146706349206349,0.18372108843537416,0.4,0.45,0.24960355119161295","0,0,0"
19.216666666666665,178,AV,2,0,0,43,3048.604611013583,0.1,-0.019216666666666667,"0.14357788161993768,0.27832072829131654,0.1773771929824561,0.1,0.43,0.15062849380578247","0,0,0"
16.75,25,AV,0,0,0,46,742.6585956180782,0.4,-0.08719770603680449,"0.15238700564971755,0.3235986666666666,0.18523195876288662,0.4,0.46,0.03669401576896401","0,0,0"
16.983333333333334,162,AV,0,0,0,47,2767.495209174315,0.8,-0.14128673024989333,"0.16022965879265091,0.3478159420289855,0.19537244897959183,0.8,0.47,0.1367391604233156","0,0,0"
25.6,56,AV,0,0,0,62,1046.6558973464134,0.4,-0.11673135764870718,"0.2579676258992806,0.6537116666666667,0.29139603960396043,0.4,0.62,0.05171421731131388","0,0,0"
62.68333333333333,111,AV,1,0,0,59,1824.367004680513,0.4,-0.25073333333333336,"0.24050416666666663,0.600867256637168,0.2745841121495327,0.4,0.59,0.09014014250035135","0,0,0"
14.933333333333334,36,AV,0,0,0,43,844.3352662229099,0.5,-0.0924321214570389,"0.14357788161993768,0.27832072829131654,0.1773771929824561,0.5,0.43,0.04171775800600685","0,0,0"
29.016666666666666,251,AV,2,0,0,62,5427.330032863625,0.2,-0.05803333333333334,"0.2579676258992806,0.6537116666666667,0.29139603960396043,0.2,0.62,0.26815892926348833","0,0,0"
13.683333333333334,193,AV,2,0,0,30,3487.44186130441,0.1,-0.013683333333333334,"0.097921568627451,0.12145645645645649,0.12988320209973753,0.1,0.3,0.17231100186155868","0,0,0"
26.233333333333334,59,AV,2,0,0,56,1059.8377785859489,0.4,-0.10493333333333335,"0.22503115264797507,0.5432558922558922,0.2591654228855721,0.4,0.56,0.052365520832099985","0,0,0"
31.333333333333332,55,AV,0,0,0,75,1022.032321197676,0.5,-0.17134330622971114,"0.3053567901234568,0.8122959501557631,0.33748129251700676,0.5,0.75,0.05049759112961852","0,0,0"
10.116666666666667,187,AV,1,0,0,26,3387.2787239910285,0.3,-0.03035,"0.08369444444444443,0.07389520202020201,0.1177940251572327,0.3,0.26,0.16736204178524355","0,0,0"
23.483333333333334,212,AV,0,0,0,55,4021.28082322038,0.3,-0.07418015480873268,"0.21953594771241827,0.529451923076923,0.2552089552238806,0.3,0.55,0.19868744913115402","0,0,0"
32.78333333333333,108,AV,1,0,0,45,1805.1606101798543,0.2,-0.06556666666666666,"0.15069109195402297,0.3146706349206349,0.18372108843537416,0.2,0.45,0.08919117382641367","0,0,0"
25.633333333333333,3,AV,0,0,0,60,473.5024380788758,0.2,-0.08294548982301397,"0.24719401041666672,0.619423188405797,0.2786529209621993,0.2,0.6,0.02339528018934334","0,0,0"
15.733333333333333,156,AV,2,0,0,33,2622.7149314101284,0.2,-0.031466666666666664,"0.1069891975308642,0.1565796460176991,0.13999579831932774,0.2,0.33,0.1295857122215983","0,0,0"
29.85,34,AV,0,0,0,72,825.4433072334436,0.1,-0.04802205357236951,"0.2999113475177305,0.7959528301886791,0.3319301075268818,0.1,0.72,0.040784325275063815","0,0,0"
24.733333333333334,237,AV,0,0,0,58,4689.4303597647895,0.2,-0.05266534941685733,"0.23521074380165288,0.5832122641509435,0.2685589970501475,0.2,0.58,0.2317000470794511","0,0,0"
13.85,241,AV,2,0,0,32,4967.653125719208,0.3,-0.04155,"0.10273762376237623,0.1405560606060606,0.13394315245478036,0.3,0.32,0.24544675468029653","0,0,0"
28.333333333333332,270,AV,2,0,0,59,7099.697064525982,0.1,-0.028333333333333335,"0.24050416666666663,0.600867256637168,0.2745841121495327,0.1,0.59,0.3507889056663633","0,0,0"
27.15,122,AV,2,0,0,56,1993.780724220221,0.2,-0.054299999999999994,"0.22503115264797507,0.5432558922558922,0.2591654228855721,0.2,0.56,0.09851070433448084","0,0,0"
8.466666666666667,272,AV,0,0,0,17,7332.887514065835,0.1,-0.010512245570096895,"0.07625000000000001,0.049657894736842095,0.11350462962962965,0.1,0.17,0.3623106117141683","0,0,0"
8.566666666666666,48,AV,0,0,0,23,921.9548251796884,0.1,-0.02483644430688511,"0.08149047619047618,0.061529761904761913,0.11699751243781094,0.1,0.23,0.04555286250374671","0,0,0"
69.63333333333334,1,AV,1,0,0,63,388.2787303527966,0.1,-0.06963333333333334,"0.2620644257703081,0.6727255892255893,0.29582377049180325,0.1,0.63,0.01918446233354553","0,0,0"
22.9,99,AV,0,0,0,55,1592.6375082496468,0.2,-0.05521833902711824,"0.21953594771241827,0.529451923076923,0.2552089552238806,0.2,0.55,0.0786906206792357","0,0,0"
32.71666666666667,203,AV,1,0,0,46,3824.993837156676,0.2,-0.06543333333333333,"0.15238700564971755,0.3235986666666666,0.18523195876288662,0.2,0.46,0.18898910617200515","0,0,0"
5.25,243,AV,1,0,0,2,5003.647877951615,0.6,-0.0315,"0.0,0.0,0.0,0.6,0.02,0.2472252192585145","0,0,0"
50.61666666666667,77,AV,1,0,0,51,1294.2551843223837,0.2,-0.10123333333333334,"0.1920952380952381,0.45602011494252864,0.2236413690476191,0.2,0.51,0.06394784955402583","0,0,0"
31.6,230,AV,0,0,0,71,4577.590037133467,0.1,-0.0348768334163435,"0.295425,0.782148148148148,0.3263514492753623,0.1,0.71,0.2261741289975035","0,0,0"
50.233333333333334,291,AV,1,0,0,51,13079.31179296209,0.1,-0.05023333333333333,"0.1920952380952381,0.45602011494252864,0.2236413690476191,0.1,0.51,0.6462356673845856","0,0,0"
34.2,159,AV,2,0,0,83,2750.2432356670683,0.1,-0.0342,"0.3158169191919193,0.8314666666666666,0.346287037037037,0.1,0.83,0.13588675772892034","0,0,0"
29.3,125,AV,2,0,0,61,2044.1603053436156,0.5,-0.1465,"0.25505839416058396,0.6406233974358976,0.28874410774410775,0.5,0.61,0.10099990886948945","0,0,0"
25.433333333333334,91,AV,0,0,0,59,1507.5005543882637,0.5,-0.13711691176364904,"0.24050416666666663,0.600867256637168,0.2745841121495327,0.5,0.59,0.07448408924481369","0,0,0"
32.21666666666667,78,AV,2,0,0,66,1310.9401185904849,0.3,-0.09665000000000001,"0.27623427672955975,0.7059017094017094,0.30892592592592594,0.3,0.66,0.06477223540877823","0,0,0"
30.983333333333334,158,AV,2,0,0,66,2645.062412614309,0.3,-0.09295,"0.27623427672955975,0.7059017094017094,0.30892592592592594,0.3,0.66,0.13068987883670405","0,0,0"
14.483333333333333,11,AV,2,0,0,17,586.3474640105957,0.2,-0.028966666666666665,"0.07625000000000001,0.049657894736842095,0.11350462962962965,0.2,0.17,0.02897083965289678","0,0,0"
38.266666666666666,115,AV,1,0,0,47,1880.1756700095973,0.3,-0.11479999999999999,"0.16022965879265091,0.3478159420289855,0.19537244897959183,0.3,0.47,0.09289759263654204","0,0,0"
10.016666666666667,32,AV,0,0,0,26,818.0604611907775,0.4,-0.05840271969893991,"0.08369444444444443,0.07389520202020201,0.1177940251572327,0.4,0.26,0.040419546262597174","0,0,0"
20.05,94,AV,2,0,0,42,1541.4014724042315,0.2,-0.040100000000000004,"0.13923492063492066,0.2586581196581197,0.17190254237288138,0.2,0.42,0.07615909957607497","0,0,0"
65.96666666666667,7,AV,1,0,0,62,539.5213747330826,0.2,-0.13193333333333335,"0.2579676258992806,0.6537116666666667,0.29139603960396043,0.2,0.62,0.026657209583190285","0,0,0"
46.9,186,AV,1,0,0,50,3382.383844415393,0.3,-0.1407,"0.18528193146417443,0.42377678571428584,0.2182258953168044,0.3,0.5,0.16712019069862674","0,0,0"
31.483333333333334,5,AV,2,0,0,65,497.26542980048754,0.2,-0.06296666666666667,"0.27383944954128436,0.6987706422018348,0.3057377049180328,0.2,0.65,0.024569385758302514","0,0,0"
30.883333333333333,234,AV,2,0,0,66,4669.869929992837,0.3,-0.09265,"0.27623427672955975,0.7059017094017094,0.30892592592592594,0.3,0.66,0.23073358587812023","0,0,0"
16.033333333333335,15,AV,2,0,0,39,600.3305173079323,0.2,-0.032066666666666674,"0.13128205128205128,0.2332005899705015,0.16739972899729,0.2,0.39,0.029661728280885674","0,0,0"
22.8,27,AV,0,0,0,54,753.7709081553346,0.3,-0.0882999455109096,"0.21409000000000003,0.5161520467836258,0.24849338624338624,0.3,0.54,0.03724306397749163","0,0,0"
73.15,101,AV,1,0,0,66,1596.1763216794554,0.1,-0.07315,"0.27623427672955975,0.7059017094017094,0.30892592592592594,0.1,0.66,0.07886546989873305","0,0,0"
34.53333333333333,157,AV,1,0,0,46,2629.980017260476,0.1,-0.03453333333333333,"0.15238700564971755,0.3235986666666666,0.18523195876288662,0.1,0.46,0.1299446728211638","0,0,0"
29.333333333333332,163,AV,1,0,0,42,2797.307504072895,0.1,-0.029333333333333336,"0.13923492063492066,0.2586581196581197,0.17190254237288138,0.1,0.42,0.13821215599028547","0,0,0"
20.566666666666666,271,AV,1,0,0,36,7130.271245067938,0.3,-0.0617,"0.1167927927927928,0.18520144927536233,0.15315350877192985,0.3,0.36,0.3522995452382328","0,0,0"
15.633333333333333,37,AV,2,0,0,34,854.5785374972068,0.1,-0.015633333333333332,"0.1084327217125382,0.16173055555555557,0.14142342342342343,0.1,0.34,0.04222386775802824","0,0,0"
79.93333333333334,225,AV,1,0,0,72,4412.688598555705,0.1,-0.07993333333333334,"0.2999113475177305,0.7959528301886791,0.3319301075268818,0.1,0.72,0.21802651443652019","0,0,0"
26.05,278,AV,0,0,0,62,8139.327108000771,0.1,-0.02789290418617718,"0.2579676258992806,0.6537116666666667,0.29139603960396043,0.1,0.62,0.40215598259005225","0,0,0"
34.86666666666667,117,AV,1,0,0,46,1921.5023446668008,0.2,-0.06973333333333334,"0.15238700564971755,0.3235986666666666,0.18523195876288662,0.2,0.46,0.09493950214987396","0,0,0"
74.93333333333334,264,AV,1,0,0,67,6081.635477498837,0.8,-0.5994666666666667,"0.28151754385964917,0.7170700280112047,0.31347819314641745,0.8,0.67,0.3004875045265025","0,0,0"
64.41666666666667,116,AV,1,0,0,60,1899.102970895097,0.1,-0.06441666666666666,"0.24719401041666672,0.619423188405797,0.2786529209621993,0.1,0.6,0.0938327715750938","0,0,0"
19.3,53,AV,1,0,0,35,985.8695826897422,0.6,-0.1158,"0.11213963963963965,0.1761139601139601,0.14802232142857144,0.6,0.35,0.04871082651814225","0,0,0"
31.016666666666666,57,AV,1,0,0,43,1047.1205397958274,0.1,-0.031016666666666665,"0.14357788161993768,0.27832072829131654,0.1773771929824561,0.1,0.43,0.051737174828356464","0,0,0"
26.7,41,AV,2,0,0,57,870.7377108213431,0.1,-0.0267,"0.22867559523809522,0.5544713804713804,0.2616059431524548,0.1,0.57,0.04302227629226974","0,0,0"
9.483333333333333,128,AV,0,0,0,24,2117.047321722312,0.7,-0.07346867330003602,"0.08174791666666667,0.0646857638888889,0.11666666666666668,0.7,0.24,0.10460118318871651","0,0,0"
41.65,176,AV,1,0,0,48,3032.1279287666234,0.6,-0.24989999999999998,"0.17031871345029242,0.3810510510510511,0.207140579710145,0.6,0.48,0.14981439747436257","0,0,0"
18.466666666666665,21,AV,2,0,0,44,640.5426603936758,0.5,-0.09233333333333332,"0.14679130434782606,0.30135897435897435,0.1796172839506173,0.5,0.44,0.03164856990797825","0,0,0"
5.166666666666667,250,AV,1,0,0,17,5386.149373461946,0.2,-0.010333333333333333,"0.07625000000000001,0.049657894736842095,0.11350462962962965,0.2,0.17,0.2661242342173697","0,0,0"
25.933333333333334,114,AV,1,0,0,39,1869.7531794209297,0.3,-0.07780000000000001,"0.13128205128205128,0.2332005899705015,0.16739972899729,0.3,0.39,0.09238262783808823","0,0,0"
17.05,166,AV,1,0,0,35,2857.712092786687,0.3,-0.05115,"0.11213963963963965,0.1761139601139601,0.14802232142857144,0.3,0.35,0.1411966860877753","0,0,0"
29.816666666666666,201,AV,0,0,0,71,3783.636689084741,0.2,-0.06359777316532696,"0.295425,0.782148148148148,0.3263514492753623,0.2,0.71,0.18694569099783895","0,0,0"
34.0,69,AV,2,0,0,72,1150.2916000513435,0.1,-0.034,"0.2999113475177305,0.7959528301886791,0.3319301075268818,0.1,0.72,0.05683475335805212","0,0,0"
29.383333333333333,165,AV,2,0,0,61,2835.850686157305,0.8,-0.23506666666666667,"0.25505839416058396,0.6406233974358976,0.28874410774410775,0.8,0.61,0.14011653592951495","0,0,0"
21.6,155,AV,2,0,0,48,2587.8859091729414,0.1,-0.021600000000000005,"0.17031871345029242,0.3810510510510511,0.207140579710145,0.1,0.48,0.12786484519234737","0,0,0"
24.1,90,AV,1,0,0,40,1496.328062426438,0.6,-0.1446,"0.13380503144654088,0.24052064896755165,0.16823966942148758,0.6,0.4,0.07393206763132296","0,0,0"
25.816666666666666,30,AV,1,0,0,40,783.6834518391023,0.3,-0.07744999999999999,"0.13380503144654088,0.24052064896755165,0.16823966942148758,0.3,0.4,0.038721012736313315","0,0,0"
23.6,23,AV,0,0,0,56,676.2529471816457,0.4,-0.11658104935810493,"0.22503115264797507,0.5432558922558922,0.2591654228855721,0.4,0.56,0.033412979334117666","0,0,0"
11.966666666666667,217,AV,2,0,0,16,4196.147454418583,0.3,-0.0359,"0.07510869565217393,0.04839393939393939,0.11219540229885057,0.3,0.16,0.207327433856992","0,0,0"
36.63333333333333,60,AV,2,0,0,87,1074.3823512953045,0.2,-0.07326666666666667,"0.3206997455470738,0.8552138364779874,0.34962944983818767,0.2,0.87,0.05308415357061393","0,0,0"
11.683333333333334,97,AV,1,0,0,28,1567.0706205360798,0.5,-0.058416666666666665,"0.09035620915032679,0.09940495867768594,0.12397720797720796,0.5,0.28,0.07742738641996724","0,0,0"
25.55,205,AV,2,0,0,53,3866.930621896856,0.1,-0.025550000000000003,"0.20677675840978593,0.4872125382262996,0.24079371584699452,0.1,0.53,0.19106116061214143","0,0,0"
10.05,14,AV,0,0,0,27,597.1498506777683,0.2,-0.04521932303587604,"0.09007075471698114,0.09434244791666668,0.1238883647798742,0.2,0.27,0.029504574735270385","0,0,0"
17.0,174,AV,2,0,0,38,3024.224513765153,0.1,-0.017,"0.12698776758409785,0.21577138643067847,0.1628220338983051,0.1,0.38,0.14942389767216036","0,0,0"
57.55,164,AV,1,0,0,54,2815.231094880572,0.1,-0.057550000000000004,"0.21409000000000003,0.5161520467836258,0.24849338624338624,0.1,0.54,0.1390977426213619","0,0,0"
74.88333333333334,71,AV,1,0,0,68,1174.3503864217532,0.2,-0.1497666666666667,"0.2890320512820513,0.7420015151515151,0.3196616666666667,0.2,0.68,0.05802347384370573","0,0,0"
11.683333333333334,13,AV,0,0,0,32,591.6693204447811,0.3,-0.06040199896578026,"0.10273762376237623,0.1405560606060606,0.13394315245478036,0.3,0.32,0.02923378723751827","0,0,0"
16.55,190,AV,2,0,0,38,3456.1529418207683,0.3,-0.04965,"0.12698776758409785,0.21577138643067847,0.1628220338983051,0.3,0.38,0.17076504775599677","0,0,0"
55.71666666666667,20,AV,1,0,0,53,639.9143284368583,0.4,-0.22286666666666669,"0.20677675840978593,0.4872125382262996,0.24079371584699452,0.4,0.53,0.03161752465667753","0,0,0"
66.08333333333333,152,AV,1,0,0,62,2538.843693606908,0.4,-0.2643333333333333,"0.2579676258992806,0.6537116666666667,0.29139603960396043,0.4,0.62,0.12544171854715278","0,0,0"
32.516666666666666,4,AV,2,0,0,68,491.0984231068265,0.1,-0.032516666666666666,"0.2890320512820513,0.7420015151515151,0.3196616666666667,0.1,0.68,0.024264680147676444","0,0,0"
17.15,240,AV,2,0,0,37,4959.361066312568,0.5,-0.08574999999999999,"0.12488271604938271,0.20892028985507247,0.16174358974358974,0.5,0.37,0.24503705234813514","0,0,0"
30.25,227,AV,2,0,0,64,4429.527615460413,0.4,-0.121,"0.2654114583333333,0.68,0.29696358543417367,0.4,0.64,0.2188585133596875","0,0,0"
30.483333333333334,133,AV,0,0,0,72,2222.040577514192,0.1,-0.03723388512423743,"0.2999113475177305,0.7959528301886791,0.3319301075268818,0.1,0.72,0.1097887945708426","0,0,0"
36.483333333333334,247,AV,1,0,0,46,5168.6614957092925,0.4,-0.14593333333333333,"0.15238700564971755,0.3235986666666666,0.18523195876288662,0.4,0.46,0.255378376480178","0,0,0"
35.333333333333336,31,AV,2,0,0,71,813.126641713825,0.1,-0.035333333333333335,"0.295425,0.782148148148148,0.3263514492753623,0.1,0.71,0.040175771194542055","0,0,0"
22.85,68,AV,0,0,0,53,1148.9174546898266,0.5,-0.12730576822666478,"0.20677675840978593,0.4872125382262996,0.24079371584699452,0.5,0.53,0.05676685821503235","0,0,0"
38.333333333333336,87,AV,1,0,0,47,1460.8215047913693,0.1,-0.03833333333333334,"0.16022965879265091,0.3478159420289855,0.19537244897959183,0.1,0.47,0.07217772425813608","0,0,0"
30.283333333333335,74,AV,2,0,0,59,1261.43865123121,0.6,-0.1817,"0.24050416666666663,0.600867256637168,0.2745841121495327,0.6,0.59,0.06232641759345169","0,0,0"
13.816666666666666,239,AV,0,0,0,39,4818.617258984985,0.2,-0.030746259551332988,"0.13128205128205128,0.2332005899705015,0.16739972899729,0.2,0.39,0.2380830420990997","0,0,0"
8.4,267,AV,1,0,0,25,6709.13861087917,0.3,-0.0252,"0.08335223367697592,0.07238978494623656,0.11767647058823531,0.3,0.25,0.3314918044931234","0,0,0"
29.533333333333335,210,AV,0,0,0,64,3942.222625638348,0.1,-0.033338293485113475,"0.2654114583333333,0.68,0.29696358543417367,0.1,0.64,0.19478126294296802","0,0,0"
19.483333333333334,257,AV,2,0,0,46,5825.994272151124,0.1,-0.019483333333333335,"0.15238700564971755,0.3235986666666666,0.18523195876288662,0.1,0.46,0.28785652916908544","0,0,0"
36.45,179,AV,2,0,0,85,3065.2253709468137,0.5,-0.18225000000000002,"0.31827020202020206,0.8480933333333333,0.346483024691358,0.5,0.85,0.15144970887106365","0,0,0"
27.316666666666666,202,AV,2,0,0,59,3793.837230001502,0.2,-0.05463333333333334,"0.24050416666666663,0.600867256637168,0.2745841121495327,0.2,0.59,0.18744968948578491","0,0,0"
43.25,181,AV,1,0,0,48,3151.1733449572957,0.1,-0.043250000000000004,"0.17031871345029242,0.3810510510510511,0.207140579710145,0.1,0.48,0.1556963119969945","0,0,0"
6.45,135,AV,1,0,0,24,2260.56382504795,0.6,-0.0387,"0.08174791666666667,0.0646857638888889,0.11666666666666668,0.6,0.24,0.11169218956393358","0,0,0"
34.9,283,AV,2,0,0,78,8987.033628468456,0.2,-0.0698,"0.30972426470588227,0.8240888888888889,0.3425656565656566,0.2,0.78,0.4440403108844108","0,0,0"
8.6,236,AV,0,0,0,24,4687.914961676448,0.8,-0.07199971674457077,"0.08174791666666667,0.0646857638888889,0.11666666666666668,0.8,0.24,0.23162517278098077","0,0,0"
22.85,180,AV,0,0,0,54,3119.7161673652217,0.2,-0.050508129712860506,"0.21409000000000003,0.5161520467836258,0.24849338624338624,0.2,0.54,0.15414204442718335","0,0,0"
33.68333333333333,238,AV,2,0,0,67,4707.821121085941,0.3,-0.10104999999999999,"0.28151754385964917,0.7170700280112047,0.31347819314641745,0.3,0.67,0.2326087161366778","0,0,0"
40.4,199,AV,1,0,0,47,3752.1132597063192,0.1,-0.0404,"0.16022965879265091,0.3478159420289855,0.19537244897959183,0.1,0.47,0.1853881499937643","0,0,0"
13.016666666666667,102,AV,0,0,0,36,1635.9686818612918,0.2,-0.03520221301074503,"0.1167927927927928,0.18520144927536233,0.15315350877192985,0.2,0.36,0.08083157047389894","0,0,0"
16.566666666666666,93,AV,0,0,0,46,1530.0661682302475,0.1,-0.026370164261381647,"0.15238700564971755,0.3235986666666666,0.18523195876288662,0.1,0.46,0.07559903357460358","0,0,0"
18.1,191,AV,0,0,0,49,3465.4556083993225,0.5,-0.09482843518862112,"0.17907951070336395,0.4026939393939394,0.21689807162534436,0.5,0.49,0.17122468317412964","0,0,0"
83.46666666666667,126,AV,1,0,0,82,2052.607856914241,0.1,-0.08346666666666668,"0.3143359375,0.8286816666666665,0.34493898809523804,0.1,0.82,0.10141729391339874","0,0,0"
27.55,184,AV,2,0,0,58,3256.7228478661937,0.1,-0.027550000000000005,"0.23521074380165288,0.5832122641509435,0.2685589970501475,0.1,0.58,0.16091140699084167","0,0,0"
18.416666666666668,28,AV,0,0,0,49,776.0711537761008,0.2,-0.05616145798661423,"0.17907951070336395,0.4026939393939394,0.21689807162534436,0.2,0.49,0.03834489672983343","0,0,0"
73.03333333333333,213,AV,1,0,0,65,4113.319853961603,0.4,-0.2921333333333333,"0.27383944954128436,0.6987706422018348,0.3057377049180328,0.4,0.65,0.20323500525627752","0,0,0"
43.416666666666664,259,AV,1,0,0,48,5913.041300376779,0.1,-0.043416666666666666,"0.17031871345029242,0.3810510510510511,0.207140579710145,0.1,0.48,0.2921574354606168","0,0,0"
21.483333333333334,105,AV,0,0,0,51,1682.490559712908,0.6,-0.13781535462912764,"0.1920952380952381,0.45602011494252864,0.2236413690476191,0.6,0.51,0.08313016976240285","0,0,0"
31.633333333333333,79,AV,0,0,0,75,1317.647826688136,0.1,-0.04301725527073144,"0.3053567901234568,0.8122959501557631,0.33748129251700676,0.1,0.75,0.06510365653304864","0,0,0"
85.08333333333333,209,AV,1,0,0,84,3941.04555698938,0.7,-0.5955833333333332,"0.3162167919799499,0.835595709570957,0.3456383647798742,0.7,0.84,0.19472310516250035","0,0,0"
60.833333333333336,86,AV,1,0,0,57,1454.957177165027,0.2,-0.12166666666666669,"0.22867559523809522,0.5544713804713804,0.2616059431524548,0.2,0.57,0.07188797371641335","0,0,0"
83.45,232,AV,1,0,0,79,4617.971391102537,0.2,-0.16690000000000002,"0.3116007751937984,0.8316412698412698,0.34382861635220124,0.2,0.79,0.2281693311644965","0,0,0"
23.2,62,AV,2,0,0,51,1097.8259349569896,0.4,-0.0928,"0.1920952380952381,0.45602011494252864,0.2236413690476191,0.4,0.51,0.05424247750793666","0,0,0"
14.65,207,AV,2,0,0,30,3919.41152379869,0.1,-0.01465,"0.097921568627451,0.12145645645645649,0.12988320209973753,0.1,0.3,0.1936541892976206","0,0,0"
71.43333333333334,175,AV,1,0,0,64,3031.4508351358254,0.1,-0.07143333333333333,"0.2654114583333333,0.68,0.29696358543417367,0.1,0.64,0.14978094295769478","0,0,0"
30.25,110,AV,0,0,0,71,1823.811293294481,0.3,-0.09897453510138345,"0.295425,0.782148148148148,0.3263514492753623,0.3,0.71,0.09011268535856054","0,0,0"
45.2,169,AV,1,0,0,48,2909.8477340427667,0.1,-0.045200000000000004,"0.17031871345029242,0.3810510510510511,0.207140579710145,0.1,0.48,0.1437726557913017","0,0,0"
23.616666666666667,249,AV,0,0,0,55,5341.061461458292,0.1,-0.026425097183379816,"0.21953594771241827,0.529451923076923,0.2552089552238806,0.1,0.55,0.26389648574207625","0,0,0"
11.85,298,AV,2,0,0,21,19040.472291926453,0.3,-0.03555,"0.08106609195402299,0.058020547945205475,0.11658928571428571,0.3,0.21,0.9407706241479663","0,0,0"
14.7,52,AV,0,0,0,42,979.5720138781878,0.2,-0.04471280986745839,"0.13923492063492066,0.2586581196581197,0.17190254237288138,0.2,0.42,0.04839966996432227","0,0,0"
59.4,18,AV,1,0,0,55,627.4062491148882,0.9,-0.5346,"0.21953594771241827,0.529451923076923,0.2552089552238806,0.9,0.55,0.0309995130123124","0,0,0"
15.283333333333333,88,AV,2,0,0,34,1475.2077210572677,0.2,-0.030566666666666666,"0.1084327217125382,0.16173055555555557,0.14142342342342343,0.2,0.34,0.07288853276372843","0,0,0"
80.06666666666666,38,AV,1,0,0,73,861.805442805673,0.3,-0.24019999999999997,"0.30330676328502415,0.8058181818181818,0.3357898550724638,0.3,0.73,0.04258094189534294","0,0,0"
18.15,214,AV,2,0,0,36,4116.183110063293,0.3,-0.05445,"0.1167927927927928,0.18520144927536233,0.15315350877192985,0.3,0.36,0.2033764758662804","0,0,0"
13.566666666666666,39,AV,1,0,0,29,863.3540159882258,0.2,-0.027133333333333332,"0.09442293906810036,0.11188749999999997,0.12722834645669293,0.2,0.29,0.04265745534191888","0,0,0"
29.866666666666667,150,AV,2,0,0,60,2476.7926805910606,0.1,-0.02986666666666667,"0.24719401041666672,0.619423188405797,0.2786529209621993,0.1,0.6,0.12237584027749006","0,0,0"
11.0,289,AV,0,0,0,30,10751.672106064549,0.3,-0.034395131831777045,"0.097921568627451,0.12145645645645649,0.12988320209973753,0.3,0.3,0.5312293268137855","0,0,0"
26.666666666666668,161,AV,2,0,0,57,2756.9260540590044,0.1,-0.02666666666666667,"0.22867559523809522,0.5544713804713804,0.2616059431524548,0.1,0.57,0.1362169490778143","0,0,0"
52.18333333333333,92,AV,1,0,0,51,1527.6889462703334,0.2,-0.10436666666666666,"0.1920952380952381,0.45602011494252864,0.2236413690476191,0.2,0.51,0.07548157742369105","0,0,0"
27.7,292,AV,1,0,0,40,13430.196447392702,0.1,-0.0277,"0.13380503144654088,0.24052064896755165,0.16823966942148758,0.1,0.4,0.6635725259609666","0,0,0"
16.3,172,AV,2,0,0,34,2969.8754393798326,0.5,-0.0815,"0.1084327217125382,0.16173055555555557,0.14142342342342343,0.5,0.34,0.1467385644594426","0,0,0"
59.46666666666667,273,AV,1,0,0,56,7658.5640246764915,0.8,-0.47573333333333334,"0.22503115264797507,0.5432558922558922,0.2591654228855721,0.8,0.56,0.37840196120697644","0,0,0"
31.766666666666666,260,AV,2,0,0,60,5984.209260784091,0.3,-0.0953,"0.24719401041666672,0.619423188405797,0.2786529209621993,0.3,0.6,0.2956737729497932","0,0,0"
11.933333333333334,144,AV,1,0,0,28,2401.1770329784995,0.2,-0.023866666666666668,"0.09035620915032679,0.09940495867768594,0.12397720797720796,0.2,0.28,0.11863974702785017","0,0,0"
24.6,256,AV,2,0,0,53,5670.319740923212,0.5,-0.12300000000000001,"0.20677675840978593,0.4872125382262996,0.24079371584699452,0.5,0.53,0.28016480683878775","0,0,0"
39.71666666666667,145,AV,1,0,0,47,2411.397471856681,0.1,-0.03971666666666667,"0.16022965879265091,0.3478159420289855,0.19537244897959183,0.1,0.47,0.11914472865409743","0,0,0"
48.483333333333334,119,AV,1,0,0,50,1945.516475481125,0.2,-0.09696666666666667,"0.18528193146417443,0.42377678571428584,0.2182258953168044,0.2,0.5,0.09612601624932422","0,0,0"
24.016666666666666,229,AV,0,0,0,58,4459.768546990965,0.1,-0.027380069911016783,"0.23521074380165288,0.5832122641509435,0.2685589970501475,0.1,0.58,0.22035268743240086","0,0,0"
14.633333333333333,138,AV,2,0,0,30,2314.8193170712048,0.3,-0.043899999999999995,"0.097921568627451,0.12145645645645649,0.12988320209973753,0.3,0.3,0.11437289896607457","0,0,0"
32.5,288,AV,0,0,0,93,10721.15711953896,0.4,-0.1313991027118391,"0.3227418546365915,0.8602610062893083,0.35193729372937294,0.4,0.93,0.529721611958849","0,0,0"
22.166666666666668,177,AV,2,0,0,50,3046.5766145774583,0.2,-0.044333333333333336,"0.18528193146417443,0.42377678571428584,0.2182258953168044,0.2,0.5,0.15052829253746666","0,0,0"
20.566666666666666,299,AV,1,0,0,36,20239.22920549412,0.1,-0.020566666666666667,"0.1167927927927928,0.18520144927536233,0.15315350877192985,0.1,0.36,1.0","0,0,0"
31.916666666666668,124,AV,0,0,0,80,2043.1688306873104,0.2,-0.07117487054489803,"0.3124933862433862,0.8312698412698413,0.3443822629969419,0.2,0.8,0.10095092110191003","0,0,0"
24.466666666666665,131,AV,2,0,0,52,2177.5877894542577,0.4,-0.09786666666666666,"0.20252599388379205,0.48565454545454545,0.2365619834710744,0.4,0.52,0.1075924269321053","0,0,0"
14.583333333333334,54,AV,0,0,0,43,1005.9867386644172,0.3,-0.05866073333622124,"0.14357788161993768,0.27832072829131654,0.1773771929824561,0.3,0.43,0.04970479500233799","0,0,0"
17.116666666666667,82,AV,2,0,0,41,1391.0507319816634,0.3,-0.05135,"0.13719093851132688,0.25161432506887055,0.17019109195402302,0.3,0.41,0.06873042040573611","0,0,0"
52.233333333333334,22,AV,1,0,0,51,658.4091024775607,0.2,-0.10446666666666667,"0.1920952380952381,0.45602011494252864,0.2236413690476191,0.2,0.51,0.032531332877974904","0,0,0"
76.63333333333334,16,AV,1,0,0,68,610.4868582393152,0.5,-0.3831666666666667,"0.2890320512820513,0.7420015151515151,0.3196616666666667,0.5,0.68,0.03016354289191967","0,0,0"
29.7,26,AV,2,0,0,61,743.7553910389753,0.3,-0.0891,"0.25505839416058396,0.6406233974358976,0.28874410774410775,0.3,0.61,0.036748207329806624","0,0,0"
15.25,167,AV,1,0,0,32,2857.8751728516777,0.5,-0.07625,"0.10273762376237623,0.1405560606060606,0.13394315245478036,0.5,0.32,0.14120474371009553","0,0,0"
12.9,295,AV,0,0,0,34,15387.119225735782,0.2,-0.026774841344890065,"0.1084327217125382,0.16173055555555557,0.14142342342342343,0.2,0.34,0.7602621161856702","0,0,0"
22.4,266,AV,1,0,0,36,6563.608435155774,0.1,-0.0224,"0.1167927927927928,0.18520144927536233,0.15315350877192985,0.1,0.36,0.3243013045859485","0,0,0"
34.05,33,AV,2,0,0,67,822.5771428470101,0.3,-0.10214999999999999,"0.28151754385964917,0.7170700280112047,0.31347819314641745,0.3,0.67,0.04064271096963091","0,0,0"
34.083333333333336,226,AV,2,0,0,76,4416.224882412617,0.4,-0.13633333333333336,"0.30713285024154585,0.8167508250825084,0.3391732673267327,0.4,0.76,0.21820123867235977","0,0,0"
18.15,189,AV,2,0,0,42,3427.0421228311798,0.1,-0.01815,"0.13923492063492066,0.2586581196581197,0.17190254237288138,0.1,0.42,0.1693267114095866","0,0,0"
27.766666666666666,290,AV,2,0,0,59,11861.36896338871,0.7,-0.19436666666666666,"0.24050416666666663,0.600867256637168,0.2745841121495327,0.7,0.59,0.5860583346804944","0,0,0"
14.9,182,AV,2,0,0,26,3158.0604616132755,0.1,-0.0149,"0.08369444444444443,0.07389520202020201,0.1177940251572327,0.1,0.26,0.1560365975180513","0,0,0"
24.833333333333332,284,AV,0,0,0,58,9030.678864893336,0.3,-0.07616100469570591,"0.23521074380165288,0.5832122641509435,0.2685589970501475,0.3,0.58,0.44619677820743675","0,0,0"
29.0,12,AV,2,0,0,60,586.8516376274475,0.4,-0.11599999999999999,"0.24719401041666672,0.619423188405797,0.2786529209621993,0.4,0.6,0.028995750365243225","0,0,0"
85.0,173,AV,1,0,0,90,2971.291490045772,0.5,-0.425,"0.3215114503816794,0.858126168224299,0.35120915032679734,0.5,0.9,0.14680853010149164","0,0,0"
67.73333333333333,121,AV,1,0,0,62,1986.5043233563797,0.9,-0.6096,"0.2579676258992806,0.6537116666666667,0.29139603960396043,0.9,0.62,0.09815118467145603","0,0,0"
22.766666666666666,253,AV,0,0,0,51,5557.427333357366,0.1,-0.0254657572890425,"0.1920952380952381,0.45602011494252864,0.2236413690476191,0.1,0.51,0.27458690629625127","0,0,0"
36.2,149,AV,2,0,0,72,2476.7673195544394,0.3,-0.10860000000000002,"0.2999113475177305,0.7959528301886791,0.3319301075268818,0.3,0.72,0.12237458721412664","0,0,0"
31.65,42,AV,2,0,0,64,877.2934597877683,0.3,-0.09494999999999999,"0.2654114583333333,0.68,0.29696358543417367,0.3,0.64,0.04334618926839462","0,0,0"
7.883333333333334,70,AV,0,0,0,19,1150.4391077840953,0.3,-0.03668849973328191,"0.08145751633986928,0.05737373737373738,0.11699685534591193,0.3,0.19,0.056842041567067104","0,0,0"
23.3,170,AV,0,0,0,54,2953.464044858564,0.5,-0.12157878199029111,"0.21409000000000003,0.5161520467836258,0.24849338624338624,0.5,0.54,0.1459276939290168","0,0,0"
22.783333333333335,281,AV,0,0,0,52,8480.737499651503,0.1,-0.024552047434037005,"0.20252599388379205,0.48565454545454545,0.2365619834710744,0.1,0.52,0.4190247273522319","0,0,0"
13.75,153,AV,2,0,0,28,2561.5826276178027,0.4,-0.05500000000000001,"0.09035620915032679,0.09940495867768594,0.12397720797720796,0.4,0.28,0.12656522645251916","0,0,0"
29.6,9,AV,0,0,0,68,542.8991684878858,0.2,-0.08682943999671039,"0.2890320512820513,0.7420015151515151,0.3196616666666667,0.2,0.68,0.02682410298216846","0,0,0"
32.333333333333336,123,AV,0,0,0,84,1997.7276787447236,0.1,-0.039841864230510116,"0.3162167919799499,0.835595709570957,0.3456383647798742,0.1,0.84,0.09870571939579707","0,0,0"
30.35,168,AV,0,0,0,71,2891.134206742707,0.4,-0.1265882752329577,"0.295425,0.782148148148148,0.3263514492753623,0.4,0.71,0.14284803919103217","0,0,0"
25.683333333333334,29,AV,2,0,0,53,779.2240782816187,0.1,-0.025683333333333336,"0.20677675840978593,0.4872125382262996,0.24079371584699452,0.1,0.53,0.038500679564916006","0,0,0"
12.266666666666667,112,AV,2,0,0,5,1830.3424648913517,0.8,-0.09813333333333335,"0.06266666666666668,0.04141666666666666,0.1021818181818182,0.8,0.05,0.09043538399152518","0,0,0"
17.1,216,AV,0,0,0,47,4164.701887555128,0.1,-0.020701698370013632,"0.16022965879265091,0.3478159420289855,0.19537244897959183,0.1,0.47,0.20577373996162773","0,0,0"
17.333333333333332,85,AV,2,0,0,40,1444.5182772575097,0.1,-0.017333333333333333,"0.13380503144654088,0.24052064896755165,0.16823966942148758,0.1,0.4,0.07137219814998598","0,0,0"
14.433333333333334,188,AV,0,0,0,41,3398.605365942332,0.3,-0.047713575094748,"0.13719093851132688,0.25161432506887055,0.17019109195402302,0.3,0.41,0.16792167979498696","0,0,0"
81.83333333333333,72,AV,1,0,0,77,1234.5997004771,0.7,-0.5728333333333332,"0.3079829683698297,0.8186698113207547,0.3396666666666666,0.7,0.77,0.06100033197617807","0,0,0"
62.666666666666664,296,AV,1,0,0,57,17322.90883950548,0.2,-0.12533333333333332,"0.22867559523809522,0.5544713804713804,0.2616059431524548,0.2,0.57,0.8559075379611304","0,0,0"
33.55,244,AV,2,0,0,67,5009.92015912814,0.1,-0.033549999999999996,"0.28151754385964917,0.7170700280112047,0.31347819314641745,0.1,0.67,0.24753512637567007","0,0,0"
27.7,98,AV,2,0,0,57,1592.2311391495805,0.1,-0.0277,"0.22867559523809522,0.5544713804713804,0.2616059431524548,0.1,0.57,0.07867054238989274","0,0,0"
9.483333333333333,268,AV,0,0,0,26,6918.069898529506,0.1,-0.011651568147380005,"0.08369444444444443,0.07389520202020201,0.1177940251572327,0.1,0.26,0.34181488970200175","0,0,0"
22.133333333333333,96,AV,2,0,0,50,1552.9853059451273,0.7,-0.1549333333333333,"0.18528193146417443,0.42377678571428584,0.2182258953168044,0.7,0.5,0.07673144516410514","0,0,0"
45.21666666666667,297,AV,1,0,0,49,18628.94525544202,0.3,-0.13565,"0.17907951070336395,0.4026939393939394,0.21689807162534436,0.3,0.49,0.9204374863438488","0,0,0"
36.36666666666667,235,AV,1,0,0,46,4679.48341028673,0.1,-0.03636666666666667,"0.15238700564971755,0.3235986666666666,0.18523195876288662,0.1,0.46,0.23120857828995","0,0,0"
76.56666666666666,147,AV,1,0,0,68,2458.2611968747465,0.9,-0.6890999999999999,"0.2890320512820513,0.7420015151515151,0.3196616666666667,0.9,0.68,0.1214602182679679","0,0,0"
33.8,130,AV,2,0,0,78,2158.6935677652164,0.3,-0.10139999999999999,"0.30972426470588227,0.8240888888888889,0.3425656565656566,0.3,0.78,0.10665888240344744","0,0,0"
29.283333333333335,17,AV,0,0,0,66,616.3739675020589,0.1,-0.053619208615006214,"0.27623427672955975,0.7059017094017094,0.30892592592592594,0.1,0.66,0.030454419051430016","0,0,0"
27.75,293,AV,1,0,0,40,14505.369879802229,0.8,-0.22200000000000003,"0.13380503144654088,0.24052064896755165,0.16823966942148758,0.8,0.4,0.7166957660553899","0,0,0"
25.883333333333333,255,AV,2,0,0,53,5611.673516276995,0.6,-0.15529999999999997,"0.20677675840978593,0.4872125382262996,0.24079371584699452,0.6,0.53,0.27726715574492605","0,0,0"
26.216666666666665,136,AV,0,0,0,61,2280.385817754286,0.9,-0.24252783427839938,"0.25505839416058396,0.6406233974358976,0.28874410774410775,0.9,0.61,0.1126715743273096","0,0,0"
22.066666666666666,269,AV,2,0,0,49,7081.334819999852,0.6,-0.1324,"0.17907951070336395,0.4026939393939394,0.21689807162534436,0.6,0.49,0.34988164559535495","0,0,0"
78.25,183,AV,1,0,0,70,3159.4556453821087,0.3,-0.23475,"0.2943811188811189,0.7761996699669966,0.3260520833333333,0.3,0.7,0.15610553214765938","0,0,0"
22.4,75,AV,1,0,0,37,1275.9312017726234,0.3,-0.0672,"0.12488271604938271,0.20892028985507247,0.16174358974358974,0.3,0.37,0.06304247996886464","0,0,0"
17.116666666666667,233,AV,2,0,0,38,4660.29795945294,0.1,-0.017116666666666665,"0.12698776758409785,0.21577138643067847,0.1628220338983051,0.1,0.38,0.23026064442157015","0,0,0"
24.866666666666667,274,AV,2,0,0,51,7897.119961473183,0.1,-0.02486666666666667,"0.1920952380952381,0.45602011494252864,0.2236413690476191,0.1,0.51,0.390188770594556","0,0,0"
6.716666666666667,277,AV,1,0,0,24,8028.27043643778,0.8,-0.053733333333333334,"0.08174791666666667,0.0646857638888889,0.11666666666666668,0.8,0.24,0.39666878392080435","0,0,0"
48.53333333333333,200,AV,1,0,0,50,3773.073658575576,0.3,-0.1456,"0.18528193146417443,0.42377678571428584,0.2182258953168044,0.3,0.5,0.1864237822629797","0,0,0"
22.95,248,AV,2,0,0,49,5307.329693361759,0.1,-0.022949999999999998,"0.17907951070336395,0.4026939393939394,0.21689807162534436,0.1,0.49,0.2622298329385507","0,0,0"
17.933333333333334,127,AV,2,0,0,38,2108.868816674547,0.2,-0.03586666666666667,"0.12698776758409785,0.21577138643067847,0.1628220338983051,0.2,0.38,0.10419709146344741","0,0,0"
