travel_time,id,kind,action,bid_route_0,bid_route_1,bid_route_2,karma_balance,origin,destination,start_time,income,urgency,reward,observation,cost_table
17.25,134,AV,1,1,7,3,0,0,0,5,4818.617258984985,0.1,-0.10454545454545455,"0.23094696969696968,0.2730642076502733,0.3539275362318841,0.1,0.05,0.23173885231203734,7.0","0,0,0"
39.21666666666667,92,AV,2,3,1,5,3,0,0,77,4090.160813256426,0.1,-0.2376767676767677,"0.2157555555555555,0.266936,0.3477166666666667,0.1,0.77,0.19670563601379967,8.0","0,0,0"
41.45,213,AV,2,2,1,7,2,0,0,86,2909.5116230827134,0.9,-2.260909090909091,"0.26054761904761903,0.2855903426791277,0.3478496732026144,0.9,0.86,0.13992538690731113,9.0","0,0,0"
11.916666666666666,4,AV,0,9,8,8,8,0,0,15,2574.4307659940623,0.2,-0.14444444444444446,"0.2217777777777778,0.2636680327868853,0.3498026315789474,0.2,0.15,0.12381054543309646,17.0","0,0,0"
18.766666666666666,209,AV,0,4,2,6,16,0,0,49,1205.4292211271013,1.0,-1.1373737373737374,"0.23767999999999997,0.27293502824858756,0.33894074074074076,1.0,0.49,0.05797198018301001,20.0","0,0,0"
22.533333333333335,13,AV,1,1,7,3,0,0,0,43,3257.969850357721,0.4,-0.5462626262626263,"0.21840972222222224,0.28788075880758807,0.3687828282828283,0.4,0.43,0.15668357817407447,7.0","0,0,0"
16.533333333333335,267,AV,1,1,4,0,6,0,0,16,8028.27043643778,1.0,-1.002020202020202,"0.1952272727272727,0.27802923976608185,0.35126893939393944,1.0,0.16,0.3860987658900816,10.0","0,0,0"
38.9,143,AV,1,3,4,5,1,0,0,91,4061.843573313689,0.3,-0.7072727272727272,"0.22976111111111117,0.27398484848484855,0.34997333333333336,0.3,0.91,0.19534379207968386,5.0","0,0,0"
17.95,216,AV,1,0,6,9,3,0,0,16,801.7987355487146,0.1,-0.1087878787878788,"0.22460185185185186,0.277059620596206,0.35485470085470083,0.1,0.16,0.03856042278826712,9.0","0,0,0"
40.06666666666667,71,AV,1,3,5,0,1,0,0,94,419.7646265090227,0.2,-0.4856565656565657,"0.20088,0.283707671957672,0.33976068376068375,0.2,0.94,0.02018748689927752,6.0","0,0,0"
30.866666666666667,70,AV,2,1,1,1,6,0,0,38,13079.31179296209,0.1,-0.18707070707070708,"0.17483333333333334,0.24091733333333334,0.3197264957264957,0.1,0.38,0.6290154500817918,6.0","0,0,0"
37.03333333333333,154,AV,2,0,0,3,22,0,0,56,17322.90883950548,0.1,-0.22444444444444445,"0.2305833333333333,0.29389629629629627,0.3487238095238095,0.1,0.56,0.833100202280572,22.0","0,0,0"
24.15,286,AV,2,2,2,6,7,0,0,13,6020.57275324985,0.1,-0.14636363636363636,"0.211325,0.26970737913486004,0.3405982905982905,0.1,0.13,0.2895437726450875,13.0","0,0,0"
25.583333333333332,261,AV,1,1,8,7,1,0,0,51,5984.209260784091,0.5,-0.7752525252525252,"0.1751025641025641,0.2465952380952381,0.31734722222222217,0.5,0.51,0.28779496514344177,9.0","0,0,0"
11.15,144,AV,1,1,4,3,5,0,0,1,3269.866339895674,0.4,-0.2703030303030303,"0.17106111111111108,0.2365933333333334,0.30537943262411354,0.4,0.01,0.15725570886715387,9.0","0,0,0"
35.31666666666667,239,AV,1,2,6,5,9,0,0,83,4645.51881630073,0.3,-0.6421212121212122,"0.2513095238095238,0.2837578125,0.3219837398373984,0.3,0.83,0.22341413335457028,15.0","0,0,0"
47.88333333333333,94,AV,2,2,1,7,4,0,0,100,2968.817229463249,0.3,-0.8706060606060606,"0.23867261904761905,0.2879052631578948,0.36474561403508765,0.3,1.0,0.14277753565032827,11.0","0,0,0"
38.05,18,AV,1,3,5,0,3,0,0,87,3539.477986656502,0.1,-0.2306060606060606,"0.15060833333333332,0.24380232558139533,0.3202886178861788,0.1,0.87,0.17022197911279557,8.0","0,0,0"
20.066666666666666,40,AV,1,3,4,5,1,0,0,32,776.0711537761008,0.5,-0.6080808080808081,"0.1956913580246914,0.2911918767507003,0.35185227272727276,0.5,0.32,0.03732312172194307,5.0","0,0,0"
35.4,296,AV,0,7,7,4,1,0,0,100,626.2908344343901,0.6,-1.2872727272727273,"0.22310344827586207,0.2728541666666667,0.3373163265306123,0.6,1.0,0.03011982720037529,8.0","0,0,0"
16.55,93,AV,1,1,7,1,3,0,0,12,13460.811009378149,0.8,-0.8024242424242426,"0.21072727272727274,0.2935577956989247,0.3533535353535353,0.8,0.12,0.6473626617025839,10.0","0,0,0"
12.716666666666667,244,AV,1,1,5,1,1,0,0,2,601.3137559373858,0.3,-0.2312121212121212,"0.2783066666666667,0.25067820512820516,0.32429292929292935,0.3,0.02,0.028918619635236016,6.0","0,0,0"
13.116666666666667,2,AV,1,2,6,1,1,0,0,4,2352.9451803313505,0.2,-0.15898989898989901,"0.24120289855072463,0.2732946428571429,0.3354673913043479,0.2,0.04,0.11315877280487406,7.0","0,0,0"
30.3,225,AV,0,6,7,8,4,0,0,87,2815.231094880572,0.1,-0.18363636363636365,"0.23972,0.2815573333333334,0.37749166666666667,0.1,0.87,0.13539121035278245,10.0","0,0,0"
43.333333333333336,107,AV,2,1,0,5,4,0,0,92,5825.994272151124,0.5,-1.3131313131313131,"0.18929545454545454,0.24870801033591725,0.3352136752136753,0.5,0.92,0.28018602716107777,9.0","0,0,0"
8.733333333333333,89,AV,0,6,7,5,1,0,0,8,1467.6871321740252,0.1,-0.05292929292929293,"0.19368589743589745,0.26200150150150153,0.3591222222222223,0.1,0.08,0.07058459165416232,7.0","0,0,0"
33.233333333333334,74,AV,1,0,4,5,5,0,0,77,2078.9202215407213,0.2,-0.4028282828282828,"0.2126597222222222,0.23158030303030305,0.3288913043478261,0.2,0.77,0.09998025580674873,9.0","0,0,0"
17.266666666666666,86,AV,1,3,4,6,22,0,0,11,8331.964781214912,0.2,-0.20929292929292928,"0.19699333333333327,0.25622533333333336,0.3079429824561404,0.2,0.11,0.4007041547661289,26.0","0,0,0"
35.81666666666667,204,AV,2,1,1,1,11,0,0,58,742.6585956180782,0.3,-0.6512121212121212,"0.2471583333333333,0.2930973333333333,0.3769444444444445,0.3,0.58,0.03571623172338353,11.0","0,0,0"
25.566666666666666,191,AV,2,1,3,7,7,0,0,25,7572.106998522375,0.1,-0.15494949494949495,"0.21354597701149422,0.25854057971014494,0.3518949275362319,0.1,0.25,0.3641607729166582,14.0","0,0,0"
23.05,59,AV,1,0,8,0,3,0,0,46,2215.952556227922,0.2,-0.2793939393939394,"0.2030833333333333,0.2822630208333333,0.3653030303030303,0.2,0.46,0.10657046919438351,11.0","0,0,0"
27.833333333333332,167,AV,1,1,5,1,0,0,0,61,658.4091024775607,0.3,-0.506060606060606,"0.253719298245614,0.2803907563025211,0.3575398550724638,0.3,0.61,0.03166447168540803,5.0","0,0,0"
29.633333333333333,128,AV,1,1,5,6,3,0,0,65,3119.7161673652217,0.1,-0.17959595959595961,"0.23989166666666667,0.2686034482758621,0.3294318181818182,0.1,0.65,0.1500346272193471,8.0","0,0,0"
32.28333333333333,121,AV,1,3,6,9,5,0,0,68,5144.150368411208,0.2,-0.3913131313131313,"0.25245614035087716,0.29694312169312165,0.3664111111111111,0.2,0.68,0.2473945197189757,11.0","0,0,0"
36.45,158,AV,1,3,5,0,9,0,0,88,3225.188153267811,0.1,-0.22090909090909094,"0.24248412698412697,0.253525641025641,0.3313076923076923,0.1,0.88,0.15510702779620594,14.0","0,0,0"
42.93333333333333,256,AV,2,2,3,8,0,0,0,81,2991.769966736588,0.1,-0.2602020202020202,"0.17286805555555554,0.21825958702064896,0.2949429824561404,0.1,0.81,0.143881387794473,8.0","0,0,0"
13.05,108,AV,1,0,5,4,0,0,0,4,1799.695682844959,0.1,-0.0790909090909091,"0.18509523809523812,0.27627485380116956,0.3285666666666667,0.1,0.04,0.0865516785496407,5.0","0,0,0"
30.166666666666668,165,AV,2,0,0,9,4,0,0,18,3971.0791127863904,0.1,-0.18282828282828284,"0.1901133333333333,0.2539650537634408,0.3163243243243243,0.1,0.18,0.19097871164626756,13.0","0,0,0"
31.066666666666666,179,AV,1,0,6,9,11,0,0,69,4547.885280126284,0.2,-0.37656565656565655,"0.166925,0.21809463276836155,0.3013857142857143,0.2,0.69,0.2187187026108142,17.0","0,0,0"
19.016666666666666,230,AV,1,0,8,0,2,0,0,28,4950.077303955518,0.1,-0.11525252525252526,"0.18026470588235294,0.2619481792717087,0.32237387387387395,0.1,0.28,0.23806108093261413,10.0","0,0,0"
38.86666666666667,153,AV,2,2,1,3,6,0,0,69,13351.937436366714,0.2,-0.47111111111111115,"0.2505378787878788,0.30689650537634405,0.3786212121212121,0.2,0.69,0.6421266706493964,6.0","0,0,0"
36.1,193,AV,1,1,7,3,9,0,0,84,6248.181898567973,0.3,-0.6563636363636364,"0.1971206896551724,0.24450450450450448,0.3340033333333334,0.3,0.84,0.3004900419328989,16.0","0,0,0"
22.266666666666666,9,AV,1,1,7,3,3,0,0,40,813.126641713825,0.3,-0.40484848484848485,"0.16445,0.26372572178477693,0.33380620155038754,0.3,0.4,0.03910520894427614,10.0","0,0,0"
28.266666666666666,102,AV,1,3,5,0,10,0,0,63,1141.5133047894662,0.1,-0.1713131313131313,"0.22711728395061734,0.2808305322128852,0.3416742424242424,0.1,0.63,0.05489811058505904,15.0","0,0,0"
14.433333333333334,41,AV,1,1,4,0,6,0,0,7,4662.282088415262,0.1,-0.08747474747474748,"0.23250000000000007,0.29248031496062993,0.3628851851851852,0.1,0.07,0.2242203192855181,10.0","0,0,0"
24.383333333333333,116,AV,1,1,5,3,0,0,0,49,1836.3970218708375,0.6,-0.8866666666666667,"0.2303908045977012,0.2694612068965517,0.3532333333333334,0.6,0.49,0.08831673390204767,5.0","0,0,0"
25.466666666666665,258,AV,2,2,3,1,28,0,0,22,12197.400506638176,0.4,-0.6173737373737374,"0.19466666666666668,0.2701368563685637,0.32380797101449277,0.4,0.22,0.5866022227285186,28.0","0,0,0"
43.233333333333334,269,AV,2,1,1,1,8,0,0,97,3793.837230001502,0.1,-0.26202020202020204,"0.25174242424242427,0.2862120000000001,0.3410588235294118,0.1,0.97,0.1824547247241673,8.0","0,0,0"
27.15,82,AV,1,2,4,7,4,0,0,56,1301.8927857652438,0.2,-0.3290909090909091,"0.1963888888888889,0.2659013333333334,0.34601626016260156,0.2,0.56,0.06261114419162438,8.0","0,0,0"
29.05,81,AV,0,5,8,6,3,0,0,79,2035.9911412414244,0.1,-0.17606060606060608,"0.2426774193548387,0.28737345679012344,0.36148263888888893,0.1,0.79,0.09791569345106042,8.0","0,0,0"
33.3,237,AV,1,2,5,1,0,0,0,74,650.412147456106,1.0,-2.018181818181818,"0.24589333333333332,0.27606,0.35767916666666666,1.0,0.74,0.0312798789528752,5.0","0,0,0"
23.516666666666666,263,AV,1,2,6,5,0,0,0,48,437.8567856598078,0.2,-0.28505050505050505,"0.26187681159420284,0.31810672514619875,0.39043650793650797,0.2,0.48,0.021057582192617507,6.0","0,0,0"
38.03333333333333,284,AV,2,3,3,5,7,0,0,63,3531.3895067900216,0.1,-0.23050505050505052,"0.20428571428571426,0.24690358126721765,0.3393170731707317,0.1,0.63,0.16983298473111647,12.0","0,0,0"
16.633333333333333,295,AV,1,0,6,9,7,0,0,13,806.3598325453933,0.1,-0.10080808080808082,"0.24367592592592593,0.28775466666666666,0.35915602836879446,0.1,0.13,0.03877977687399022,13.0","0,0,0"
27.233333333333334,136,AV,1,2,6,6,0,0,0,56,1614.9493849180149,0.5,-0.8252525252525252,"0.21495652173913044,0.2564889807162534,0.33644074074074076,0.5,0.56,0.07766678631823196,6.0","0,0,0"
36.5,220,AV,1,1,8,7,0,0,0,87,1074.3823512953045,0.3,-0.6636363636363636,"0.2475714285714286,0.2735328083989501,0.3493134920634921,0.3,0.87,0.0516696221450731,8.0","0,0,0"
23.733333333333334,257,AV,1,1,7,3,8,0,0,49,2043.1688306873104,0.1,-0.14383838383838385,"0.24131159420289858,0.2664493333333333,0.3552420634920635,0.1,0.49,0.09826088573860729,15.0","0,0,0"
20.666666666666668,106,AV,1,2,7,5,2,0,0,30,1587.6148581174584,0.1,-0.12525252525252525,"0.256536231884058,0.31208030303030304,0.3751351351351351,0.1,0.3,0.07635220341429991,9.0","0,0,0"
19.883333333333333,149,AV,2,1,1,1,16,0,0,2,513.7357984527049,0.6,-0.7230303030303029,"0.18523456790123458,0.27918970189701897,0.3380916666666667,0.6,0.02,0.024706785769931794,16.0","0,0,0"
16.15,118,AV,1,0,8,0,4,0,0,11,7334.728577480919,0.4,-0.3915151515151515,"0.24610666666666667,0.3082513440860215,0.3447692307692307,0.4,0.11,0.352744675746206,12.0","0,0,0"
12.116666666666667,129,AV,0,7,3,7,4,0,0,23,2011.9739719035176,0.4,-0.2937373737373738,"0.23709803921568628,0.2812549019607843,0.34920921985815595,0.4,0.23,0.09676065021790628,11.0","0,0,0"
44.8,90,AV,2,2,3,1,6,0,0,96,2476.7673195544394,0.3,-0.8145454545454545,"0.18077450980392157,0.26776923076923076,0.3278848484848485,0.3,0.96,0.11911367623300487,6.0","0,0,0"
26.5,122,AV,1,1,4,0,7,0,0,52,5568.958209200236,0.1,-0.1606060606060606,"0.24845138888888893,0.3072851239669422,0.371762962962963,0.1,0.52,0.2678245468795767,11.0","0,0,0"
18.933333333333334,140,AV,0,6,1,7,6,0,0,40,566.7055292848979,0.1,-0.11474747474747476,"0.19396666666666668,0.24378632478632475,0.3303617021276596,0.1,0.4,0.027254227073231246,12.0","0,0,0"
19.95,96,AV,1,1,6,9,3,0,0,18,1291.2118623687816,0.7,-0.8463636363636362,"0.19305072463768116,0.25448148148148153,0.3299674796747966,0.7,0.18,0.062097472987522495,9.0","0,0,0"
17.966666666666665,46,AV,1,1,7,3,0,0,0,18,5158.4050556257225,0.1,-0.10888888888888888,"0.1940098039215686,0.27767060367454066,0.34680434782608704,0.1,0.18,0.24808006178999184,7.0","0,0,0"
17.716666666666665,61,AV,1,0,8,0,12,0,0,22,2010.868248891871,0.2,-0.21474747474747474,"0.28490666666666664,0.2901651515151515,0.3742909090909091,0.2,0.22,0.0967074733482937,20.0","0,0,0"
23.833333333333332,285,AV,2,3,0,6,1,0,0,5,777.0630287344238,0.1,-0.14444444444444446,"0.22617647058823528,0.2519467787114846,0.3362282608695652,0.1,0.05,0.037370823365822384,7.0","0,0,0"
23.016666666666666,160,AV,2,2,2,2,7,0,0,1,4660.29795945294,0.4,-0.557979797979798,"0.1944772727272727,0.2631776859504133,0.35689361702127664,0.4,0.01,0.2241248977685445,7.0","0,0,0"
41.916666666666664,114,AV,2,1,1,1,6,0,0,89,892.1845339920479,0.1,-0.254040404040404,"0.27205833333333335,0.29822399999999993,0.35877777777777775,0.1,0.89,0.042907292454561666,6.0","0,0,0"
26.5,67,AV,1,0,9,3,1,0,0,54,2436.431929205765,0.3,-0.48181818181818176,"0.1627698412698413,0.23967607526881718,0.3123939393939394,0.3,0.54,0.11717385064309511,10.0","0,0,0"
19.216666666666665,66,AV,1,2,6,5,2,0,0,24,1581.438059619256,0.1,-0.11646464646464645,"0.2426266666666666,0.26693540051679593,0.3395601851851851,0.1,0.24,0.07605514637116847,8.0","0,0,0"
24.133333333333333,229,AV,1,1,5,6,1,0,0,51,793.0252767736928,0.5,-0.7313131313131312,"0.2962280701754386,0.2935811965811965,0.3539555555555556,0.5,0.51,0.03813848612925163,6.0","0,0,0"
27.383333333333333,62,AV,0,9,7,7,4,0,0,75,3456.1529418207683,0.1,-0.16595959595959597,"0.24524637681159422,0.2842371273712737,0.35092129629629626,0.1,0.75,0.1662146780093356,13.0","0,0,0"
25.483333333333334,127,AV,0,8,8,0,7,0,0,70,3724.6301341612702,1.0,-1.5444444444444445,"0.20202083333333334,0.27357692307692316,0.34843518518518524,1.0,0.7,0.17912638962306346,15.0","0,0,0"
46.88333333333333,205,AV,2,3,1,5,0,0,0,100,975.0940381265832,0.4,-1.1365656565656566,"0.22749358974358977,0.2732514124293785,0.33463703703703696,0.4,1.0,0.04689460920981367,5.0","0,0,0"
38.38333333333333,73,AV,1,3,4,6,2,0,0,89,8975.220492497892,0.6,-1.3957575757575755,"0.2537543859649123,0.3202616959064328,0.3874052287581699,0.6,0.89,0.43163986355227996,6.0","0,0,0"
23.633333333333333,19,AV,0,6,5,1,8,0,0,65,10450.70686878338,0.1,-0.14323232323232324,"0.19265555555555558,0.2624656084656085,0.33584693877551025,0.1,0.65,0.5025995395474784,14.0","0,0,0"
5.066666666666666,192,AV,0,6,8,6,2,0,0,1,2813.5576138103806,0.8,-0.24565656565656566,"0.1505,0.21337109375000002,0.29753240740740744,0.8,0.01,0.13531072863744203,8.0","0,0,0"
32.06666666666667,277,AV,1,0,8,0,11,0,0,69,2645.062412614309,0.1,-0.19434343434343437,"0.2698680555555556,0.2895876436781609,0.35313750000000005,0.1,0.69,0.1272073905952983,19.0","0,0,0"
43.38333333333333,56,AV,2,3,3,8,0,0,0,72,8436.938288223368,1.0,-2.6292929292929292,"0.25554166666666667,0.28976932367149755,0.3580260416666667,1.0,0.72,0.4057525822983113,8.0","0,0,0"
14.816666666666666,188,AV,1,1,7,3,0,0,0,9,1239.4416864014672,0.8,-0.7183838383838385,"0.14994047619047618,0.23047157622739017,0.32033333333333336,0.8,0.09,0.05960772115253554,7.0","0,0,0"
45.1,111,AV,2,1,1,1,6,0,0,80,539.5213747330826,0.1,-0.2733333333333334,"0.18306790123456793,0.24422753623188403,0.3290572916666666,0.1,0.8,0.025946875931124203,6.0","0,0,0"
19.066666666666666,20,AV,1,2,7,7,3,0,0,28,1100.389953660579,1.0,-1.1555555555555554,"0.20964035087719296,0.2865110294117647,0.35932380952380943,1.0,0.28,0.052920390072797266,10.0","0,0,0"
38.833333333333336,54,AV,1,3,6,3,0,0,0,93,1317.647826688136,0.3,-0.7060606060606062,"0.21128124999999998,0.2314521604938271,0.29292559523809525,0.3,0.93,0.06336884186823323,6.0","0,0,0"
25.933333333333334,178,AV,1,0,5,5,0,0,0,56,2780.081336731352,1.0,-1.5717171717171716,"0.2361444444444445,0.27135470085470087,0.3559481481481482,1.0,0.56,0.13370077424326215,5.0","0,0,0"
40.983333333333334,156,AV,1,1,4,0,2,0,0,98,3048.604611013583,0.1,-0.24838383838383837,"0.22260000000000002,0.2612629310344828,0.3337192982456141,0.1,0.98,0.14661470204800806,6.0","0,0,0"
15.433333333333334,120,AV,1,3,5,0,3,0,0,10,1517.942512651984,0.1,-0.09353535353535354,"0.21127500000000005,0.2580661577608142,0.3617307692307692,0.1,0.1,0.07300149334369807,8.0","0,0,0"
40.233333333333334,8,AV,1,1,7,8,3,0,0,97,4429.527615460413,0.3,-0.7315151515151515,"0.24119166666666664,0.2766436781609196,0.3491111111111112,0.3,0.97,0.21302659886033296,10.0","0,0,0"
16.716666666666665,251,AV,1,2,4,1,3,0,0,16,1111.987968807459,0.3,-0.3039393939393939,"0.20607936507936508,0.29557162534435266,0.36741666666666667,0.3,0.16,0.05347816641708441,7.0","0,0,0"
23.983333333333334,176,AV,1,1,5,1,0,0,0,41,1592.2311391495805,0.6,-0.8721212121212122,"0.21626190476190477,0.25668005952380957,0.35853174603174615,0.6,0.41,0.07657421143254188,5.0","0,0,0"
32.35,243,AV,1,1,5,0,13,0,0,74,1718.6657268339234,0.2,-0.39212121212121215,"0.17943333333333336,0.24420110192837466,0.30511111111111117,0.2,0.74,0.08265475376818426,18.0","0,0,0"
39.75,202,AV,1,3,5,0,0,0,0,95,4434.023444374438,0.2,-0.48181818181818187,"0.21549999999999997,0.2564726368159204,0.3505268817204301,0.2,0.95,0.2132428140475394,5.0","0,0,0"
36.21666666666667,214,AV,2,1,1,1,6,0,0,58,1474.807688008607,0.3,-0.6584848484848485,"0.23139880952380956,0.2628954802259887,0.33709649122807017,0.3,0.58,0.07092703624941481,6.0","0,0,0"
22.816666666666666,168,AV,2,2,1,7,0,0,0,16,7658.5640246764915,0.2,-0.27656565656565657,"0.1775897435897436,0.2890954198473282,0.3620208333333333,0.2,0.16,0.3683186985078447,7.0","0,0,0"
44.68333333333333,27,AV,2,0,0,6,10,0,0,93,2949.689674384749,0.3,-0.8124242424242424,"0.2630388888888888,0.32006752873563216,0.3719393939393939,0.3,0.93,0.1418576456853883,16.0","0,0,0"
23.45,103,AV,2,1,0,8,0,0,0,3,2318.1098695731453,0.1,-0.14212121212121212,"0.19749206349206347,0.2814586776859504,0.357275,0.1,0.03,0.1114834592239942,8.0","0,0,0"
25.733333333333334,49,AV,2,1,1,1,6,0,0,19,1446.9812594843625,0.2,-0.31191919191919193,"0.23603333333333334,0.28018783068783065,0.36589316239316233,0.2,0.19,0.06958879661269593,6.0","0,0,0"
38.88333333333333,283,AV,2,0,1,9,1,0,0,70,767.6170681366935,0.3,-0.706969696969697,"0.27444871794871795,0.27589256198347106,0.35923983739837406,0.3,0.7,0.036916544482430876,10.0","0,0,0"
23.55,141,AV,1,3,4,6,2,0,0,50,1530.6528609905624,0.6,-0.8563636363636363,"0.26784848484848484,0.32321604938271603,0.36973737373737364,0.6,0.5,0.07361276445699849,6.0","0,0,0"
43.31666666666667,50,AV,2,1,1,1,6,0,0,90,2142.030696222753,0.1,-0.26252525252525255,"0.21933333333333332,0.2567553516819572,0.3491666666666666,0.1,0.9,0.10301538978515534,6.0","0,0,0"
39.333333333333336,124,AV,1,1,8,8,19,0,0,94,2553.8725848963804,0.3,-0.7151515151515152,"0.27103174603174607,0.26971188630490955,0.34214912280701754,0.3,0.94,0.122821853234247,27.0","0,0,0"
38.21666666666667,79,AV,1,1,7,8,4,0,0,92,1836.592480640456,0.1,-0.2316161616161616,"0.2246746031746032,0.29755687830687827,0.3572248062015504,0.1,0.92,0.0883261339827163,11.0","0,0,0"
29.05,98,AV,1,0,5,4,0,0,0,61,4756.448820673547,1.0,-1.7606060606060607,"0.2176923076923077,0.2620267857142857,0.3423794326241134,1.0,0.61,0.22874902312038267,5.0","0,0,0"
32.65,33,AV,1,0,4,2,1,0,0,74,2260.56382504795,0.7,-1.385151515151515,"0.19907017543859648,0.28435958005249345,0.3513219696969697,0.7,0.74,0.10871593202757703,5.0","0,0,0"
15.533333333333333,207,AV,0,7,3,7,0,0,0,35,2164.09247058771,0.1,-0.09414141414141414,"0.18973809523809526,0.24299999999999997,0.3600736434108527,0.1,0.35,0.10407639338774885,7.0","0,0,0"
41.65,299,AV,2,2,2,4,16,0,0,71,2987.078671303881,0.1,-0.2524242424242424,"0.29822807017543856,0.31053805774278226,0.3620227272727272,0.1,0.71,0.14365577215392691,20.0","0,0,0"
32.233333333333334,189,AV,0,5,6,8,6,0,0,92,1950.0200213032829,0.4,-0.7814141414141416,"0.21197619047619046,0.24827170868347337,0.3538366666666667,0.4,0.92,0.09378113625432592,11.0","0,0,0"
46.21666666666667,288,AV,2,1,1,1,5,0,0,100,1567.0706205360798,0.1,-0.28010101010101013,"0.20113333333333333,0.2586539548022599,0.3356000000000001,0.1,1.0,0.07536418179256658,5.0","0,0,0"
12.5,72,AV,0,9,5,3,3,0,0,13,978.4447105201264,0.1,-0.07575757575757576,"0.25102564102564107,0.2876336206896552,0.3535427350427351,0.1,0.13,0.04705575107546101,12.0","0,0,0"
26.8,95,AV,2,3,1,5,1,0,0,24,2417.357356239525,0.1,-0.16242424242424244,"0.24265833333333334,0.29271705426356587,0.3741869918699187,0.1,0.24,0.11625650871491097,6.0","0,0,0"
19.183333333333334,146,AV,1,0,9,2,0,0,0,23,3822.7735841463273,0.2,-0.23252525252525255,"0.20712666666666663,0.26094086021505375,0.3715813008130081,0.2,0.23,0.18384634334403438,9.0","0,0,0"
38.416666666666664,197,AV,1,2,6,5,1,0,0,90,1068.5648373754009,0.1,-0.23282828282828283,"0.25730555555555557,0.27128062678062675,0.32864102564102565,0.1,0.9,0.05138984395837567,7.0","0,0,0"
30.05,150,AV,1,3,6,9,3,0,0,66,1573.7150367511856,0.2,-0.36424242424242426,"0.2775588235294118,0.30840317460317457,0.37990625,0.2,0.66,0.07568372769239937,9.0","0,0,0"
30.533333333333335,53,AV,1,1,4,0,2,0,0,67,522.440884226393,0.3,-0.5551515151515152,"0.2571944444444444,0.2959620596205962,0.3681666666666667,0.3,0.67,0.02512543420745,6.0","0,0,0"
38.766666666666666,76,AV,2,1,1,1,11,0,0,61,2147.781038516846,0.3,-0.7048484848484847,"0.18017460317460318,0.23979539295392957,0.33569927536231886,0.3,0.61,0.10329193752738362,11.0","0,0,0"
23.05,206,AV,1,1,5,3,6,0,0,36,822.5771428470101,0.8,-1.1175757575757577,"0.25353787878787876,0.25276956521739125,0.3414397163120567,0.8,0.36,0.039559706192899544,11.0","0,0,0"
23.233333333333334,266,AV,1,1,7,3,6,0,0,48,3476.696831582168,0.2,-0.2816161616161616,"0.20883333333333332,0.2810855457227138,0.35241000000000006,0.2,0.48,0.16720268290357254,13.0","0,0,0"
29.2,148,AV,1,3,6,9,7,0,0,60,1447.5744631551047,0.1,-0.17696969696969697,"0.19579166666666661,0.26207379134860054,0.34700000000000003,0.1,0.6,0.06961732519889745,13.0","0,0,0"
13.883333333333333,274,AV,0,8,4,9,4,0,0,27,827.8499544782503,0.1,-0.08414141414141414,"0.18821527777777777,0.24139635854341734,0.345468085106383,0.1,0.27,0.03981328834109833,12.0","0,0,0"
37.46666666666667,145,AV,1,1,7,3,0,0,0,88,1509.578116022191,0.2,-0.4541414141414142,"0.2082956989247312,0.2588375706214689,0.3550569105691057,0.2,0.88,0.07259922946360745,7.0","0,0,0"
25.45,282,AV,0,9,7,5,0,0,0,69,670.158540600369,0.4,-0.6169696969696971,"0.2580714285714286,0.286469387755102,0.3471287878787879,0.4,0.69,0.032229530323508795,9.0","0,0,0"
43.71666666666667,195,AV,2,3,0,6,0,0,0,92,1150.2916000513435,0.2,-0.52989898989899,"0.23071428571428573,0.2674674479166667,0.34234313725490195,0.2,0.92,0.05532027984231857,6.0","0,0,0"
36.483333333333334,218,AV,1,3,6,9,13,0,0,88,2034.664800296876,0.7,-1.5477777777777777,"0.1964027777777778,0.26772916666666663,0.3482572463768116,0.7,0.88,0.09785190653632031,19.0","0,0,0"
25.933333333333334,171,AV,1,0,5,6,1,0,0,52,4034.238052294327,0.2,-0.31434343434343437,"0.18183333333333335,0.22230812324929972,0.3091761006289308,0.2,0.52,0.19401617641430308,6.0","0,0,0"
43.833333333333336,45,AV,2,1,1,1,11,0,0,82,7897.119961473183,0.5,-1.3282828282828283,"0.24775,0.2759065420560748,0.3470282051282051,0.5,0.82,0.37979142523300763,11.0","0,0,0"
7.016666666666667,254,AV,0,5,0,5,1,0,0,4,2648.588416164911,0.1,-0.04252525252525253,"0.2143472222222222,0.2628091397849462,0.35735585585585583,0.1,0.04,0.1273769645564883,6.0","0,0,0"
24.266666666666666,271,AV,1,2,5,6,6,0,0,48,5578.433439706214,0.1,-0.14707070707070707,"0.20210919540229888,0.28260433604336044,0.3536718749999999,0.1,0.48,0.2682802334230043,11.0","0,0,0"
29.7,289,AV,2,2,0,6,13,0,0,43,1490.1599361877834,0.1,-0.18000000000000002,"0.2108263888888889,0.27989583333333334,0.3724431818181818,0.1,0.43,0.07166536265764283,19.0","0,0,0"
20.333333333333332,42,AV,2,1,0,5,3,0,0,3,1460.106853854364,0.4,-0.49292929292929294,"0.20707407407407405,0.2542569974554707,0.30486363636363634,0.4,0.03,0.07022003790282866,8.0","0,0,0"
35.666666666666664,232,AV,1,1,5,7,7,0,0,77,2969.8754393798326,0.1,-0.21616161616161614,"0.1752962962962963,0.2636500000000001,0.34128947368421053,0.1,0.77,0.1428284275013291,12.0","0,0,0"
26.416666666666668,172,AV,1,0,9,4,8,0,0,56,3278.222126324269,0.3,-0.4803030303030303,"0.16913888888888892,0.23319553805774276,0.32687407407407404,0.3,0.56,0.1576575586620336,17.0","0,0,0"
34.016666666666666,276,AV,1,1,4,0,2,0,0,83,1457.5875839824732,0.1,-0.20616161616161618,"0.21281410256410255,0.250774011299435,0.3371222222222222,0.1,0.83,0.07009888017699192,6.0","0,0,0"
19.55,298,AV,1,1,5,1,2,0,0,32,639.9143284368583,0.3,-0.3554545454545454,"0.1827166666666667,0.27491015625,0.3316904761904762,0.3,0.32,0.030775013677102628,7.0","0,0,0"
32.5,132,AV,1,3,5,0,1,0,0,71,923.9636394510808,0.6,-1.1818181818181819,"0.2175526315789474,0.28875797101449274,0.3491893939393939,0.6,0.71,0.04443562579808411,6.0","0,0,0"
33.25,22,AV,1,3,6,9,3,0,0,79,3564.273841812899,0.2,-0.40303030303030307,"0.2676428571428572,0.2899117647058823,0.36597999999999997,0.2,0.79,0.17141447121316408,9.0","0,0,0"
34.88333333333333,280,AV,1,2,5,1,4,0,0,82,1588.8002265047048,0.4,-0.8456565656565657,"0.24197777777777776,0.2647627737226277,0.34769791666666655,0.4,0.82,0.07640921062090368,9.0","0,0,0"
29.4,117,AV,1,3,4,5,3,0,0,66,850.3216016091212,0.4,-0.7127272727272728,"0.1998796296296296,0.2851798941798942,0.33935507246376806,0.4,0.66,0.04089400370730819,7.0","0,0,0"
12.716666666666667,84,AV,1,1,5,3,10,0,0,2,2198.5025098873134,0.6,-0.4624242424242424,"0.1933939393939394,0.26981652661064426,0.3286085271317829,0.6,0.02,0.10573125464497639,15.0","0,0,0"
33.9,131,AV,1,1,5,1,2,0,0,80,6918.069898529506,0.3,-0.6163636363636363,"0.2140793650793651,0.2721465053763441,0.357662962962963,0.3,0.8,0.33270656130870674,7.0","0,0,0"
19.6,91,AV,1,1,7,7,0,0,0,26,1342.087988935639,1.0,-1.187878787878788,"0.25107499999999994,0.3114690860215054,0.37866666666666665,1.0,0.26,0.06454422784415724,7.0","0,0,0"
26.133333333333333,55,AV,1,0,5,4,0,0,0,52,2344.9936519099742,0.1,-0.1583838383838384,"0.269531746031746,0.31214912280701756,0.3770848484848485,0.1,0.52,0.11277636474640867,5.0","0,0,0"
46.25,228,AV,2,1,1,1,9,0,0,94,2756.9260540590044,0.2,-0.5606060606060607,"0.22744444444444445,0.3068276353276353,0.3711028368794327,0.2,0.94,0.1325871812054576,9.0","0,0,0"
36.68333333333333,194,AV,1,3,5,0,0,0,0,89,827.3783452591958,0.1,-0.2223232323232323,"0.19619999999999999,0.2780027777777778,0.3245857142857143,0.1,0.89,0.03979060752349248,5.0","0,0,0"
44.7,43,AV,2,1,1,1,6,0,0,99,1167.011530479414,0.1,-0.27090909090909093,"0.26212037037037034,0.29538411458333336,0.3758257575757576,0.1,0.99,0.0561243813676915,6.0","0,0,0"
20.633333333333333,29,AV,1,0,8,0,3,0,0,33,6446.254396158338,0.6,-0.7503030303030304,"0.2016,0.24198550724637688,0.3095480769230769,0.6,0.33,0.3100158230437728,11.0","0,0,0"
43.1,294,AV,2,1,1,1,11,0,0,82,4223.122456076251,0.1,-0.26121212121212123,"0.22036666666666668,0.28285529715762275,0.3466702898550724,0.1,0.82,0.20310008007368746,11.0","0,0,0"
18.933333333333334,105,AV,1,1,5,1,1,0,0,26,610.4868582393152,0.3,-0.34424242424242424,"0.19171153846153843,0.27283038348082594,0.3498962962962963,0.3,0.26,0.029359776109248604,6.0","0,0,0"
38.78333333333333,100,AV,2,2,3,3,6,0,0,85,457.16351791608827,0.4,-0.9402020202020203,"0.13728070175438595,0.23238387978142078,0.31138297872340426,0.4,0.85,0.021986089217454062,6.0","0,0,0"
36.05,133,AV,1,2,8,4,13,0,0,85,932.0432837729122,0.3,-0.6554545454545454,"0.2092361111111111,0.2570151515151515,0.32680370370370376,0.3,0.85,0.04482419525724574,21.0","0,0,0"
22.166666666666668,11,AV,1,3,6,9,18,0,0,32,5480.041794665195,0.1,-0.13434343434343435,"0.2618,0.3055767195767196,0.379474358974359,0.1,0.32,0.26354834340696637,24.0","0,0,0"
32.3,68,AV,2,1,1,1,9,0,0,41,437.5592869272848,0.2,-0.3915151515151515,"0.21091176470588238,0.26343817204301073,0.3600952380952381,0.2,0.41,0.0210432747655832,9.0","0,0,0"
24.366666666666667,34,AV,1,2,4,1,2,0,0,48,2046.5713793034688,0.2,-0.29535353535353537,"0.24064035087719302,0.26239024390243904,0.32748333333333335,0.2,0.48,0.09842452245612708,6.0","0,0,0"
34.9,139,AV,1,3,4,5,1,0,0,85,4572.8741748457805,0.2,-0.4230303030303031,"0.2527857142857143,0.2684376693766938,0.34144736842105267,0.2,0.85,0.21992047844641197,5.0","0,0,0"
23.6,264,AV,0,5,9,2,4,0,0,67,20793.30768626012,0.3,-0.42909090909090913,"0.20780952380952386,0.2631030303030302,0.3365880503144654,0.3,0.67,1.0,9.0","0,0,0"
30.083333333333332,217,AV,1,1,5,3,10,0,0,66,5911.733280178027,0.1,-0.18232323232323233,"0.1850940170940171,0.26145072463768115,0.35488095238095224,0.1,0.66,0.28430942153971994,15.0","0,0,0"
17.066666666666666,52,AV,0,6,0,2,5,0,0,37,4705.31956239884,0.2,-0.20686868686868687,"0.24781333333333336,0.2888025210084033,0.366786231884058,0.2,0.37,0.2262900945532605,11.0","0,0,0"
43.516666666666666,198,AV,2,1,1,1,6,0,0,64,591.6693204447811,1.0,-2.6373737373737374,"0.25454166666666667,0.31779022988505745,0.3613514492753624,1.0,0.64,0.028454795618483852,6.0","0,0,0"
13.05,290,AV,1,3,5,9,22,0,0,2,4889.272753955773,0.6,-0.4745454545454546,"0.2394516129032258,0.30553125000000003,0.36573873873873874,0.6,0.02,0.2351368443985718,27.0","0,0,0"
42.916666666666664,75,AV,2,0,1,2,7,0,0,68,1805.1606101798543,0.1,-0.2601010101010101,"0.2032121212121212,0.2712955182072829,0.3534863945578232,0.1,0.68,0.08681450000245393,7.0","0,0,0"
30.216666666666665,272,AV,0,7,4,5,1,0,0,88,5064.807770076448,0.4,-0.7325252525252526,"0.1793425925925926,0.2557552552552552,0.3286909090909091,0.4,0.88,0.24357874401210303,8.0","0,0,0"
20.766666666666666,28,AV,1,1,7,3,0,0,0,33,4635.813442599864,0.6,-0.755151515151515,"0.22439285714285717,0.25381159420289856,0.3372222222222222,0.6,0.33,0.222947378673338,7.0","0,0,0"
35.516666666666666,249,AV,2,1,1,1,5,0,0,55,2538.843693606908,0.2,-0.4305050505050505,"0.18821428571428572,0.2625300546448087,0.33615248226950356,0.2,0.55,0.12209907783380393,5.0","0,0,0"
33.21666666666667,137,AV,2,1,1,1,6,0,0,44,779.2240782816187,0.4,-0.8052525252525253,"0.20267500000000002,0.24845584045584046,0.3155425531914894,0.4,0.44,0.03747475341773148,6.0","0,0,0"
16.75,234,AV,1,1,9,7,4,0,0,10,9667.56212442905,0.4,-0.40606060606060607,"0.2271369047619047,0.2673002754820937,0.32243495934959343,0.4,0.1,0.4649362319020181,13.0","0,0,0"
36.516666666666666,16,AV,2,1,1,1,5,0,0,60,4412.688598555705,0.2,-0.44262626262626265,"0.22333333333333336,0.2644385964912281,0.3246829268292683,0.2,0.6,0.21221677018089516,5.0","0,0,0"
46.71666666666667,47,AV,2,1,0,5,12,0,0,98,3236.647802754315,0.3,-0.8493939393939394,"0.21847916666666664,0.2632638888888889,0.3110175438596491,0.3,0.98,0.1556581498042776,17.0","0,0,0"
26.366666666666667,196,AV,1,1,5,8,5,0,0,56,2133.445027811215,0.1,-0.15979797979797983,"0.21346153846153842,0.2521465517241379,0.312203125,0.1,0.56,0.10260248441477932,10.0","0,0,0"
24.633333333333333,203,AV,1,3,6,9,4,0,0,50,1014.5614647146556,0.6,-0.8957575757575758,"0.21254487179487178,0.26890495867768593,0.3426279069767441,0.6,0.5,0.04879269234230884,10.0","0,0,0"
34.43333333333333,246,AV,1,3,5,0,9,0,0,84,1922.439846447592,0.8,-1.6694949494949496,"0.25878472222222226,0.3251965811965811,0.40023983739837404,0.8,0.84,0.09245473954670083,14.0","0,0,0"
39.71666666666667,253,AV,2,1,1,1,10,0,0,77,1664.0464513081895,0.6,-1.4442424242424243,"0.25080434782608696,0.24204365079365076,0.3268787878787878,0.6,0.77,0.08002798190726358,10.0","0,0,0"
32.06666666666667,169,AV,2,2,0,6,6,0,0,39,2953.464044858564,0.2,-0.38868686868686875,"0.2070066666666667,0.2628818897637795,0.33018571428571436,0.2,0.39,0.14203916420715332,12.0","0,0,0"
23.066666666666666,138,AV,1,3,4,5,1,0,0,40,1830.3424648913517,0.5,-0.6989898989898989,"0.2685833333333333,0.2710166666666667,0.35528333333333345,0.5,0.4,0.08802555574651609,5.0","0,0,0"
17.533333333333335,26,AV,1,3,5,0,1,0,0,16,1927.298426803608,0.1,-0.10626262626262628,"0.23064814814814816,0.278385101010101,0.34791025641025636,0.1,0.16,0.0926884003201249,6.0","0,0,0"
32.15,24,AV,2,3,1,5,3,0,0,38,1474.5167950508735,0.3,-0.5845454545454545,"0.1783174603174603,0.2588988603988604,0.3447121212121212,0.3,0.38,0.07091304650992157,8.0","0,0,0"
14.383333333333333,39,AV,1,3,6,6,0,0,0,3,6427.339783247283,0.8,-0.6973737373737374,"0.27087500000000003,0.29194339622641513,0.35284126984126984,0.8,0.03,0.3091061739780037,6.0","0,0,0"
33.6,7,AV,0,8,2,7,8,0,0,97,2964.6777926145683,0.1,-0.20363636363636367,"0.2217280701754386,0.25416666666666665,0.35001315789473686,0.1,0.97,0.14257846021167567,16.0","0,0,0"
34.983333333333334,262,AV,1,3,7,0,2,0,0,84,2753.3979495063454,0.1,-0.21202020202020205,"0.28286805555555555,0.2773191214470284,0.36157207207207215,0.1,0.84,0.13241750620204337,9.0","0,0,0"
34.06666666666667,31,AV,1,0,7,9,2,0,0,84,934.0011274976006,0.4,-0.8258585858585861,"0.1685909090909091,0.2549051490514905,0.32110740740740745,0.4,0.84,0.04491835265414619,9.0","0,0,0"
29.7,130,AV,2,1,0,5,1,0,0,19,2193.4249838744518,0.1,-0.18000000000000002,"0.21536111111111114,0.2906981132075472,0.36249999999999993,0.1,0.19,0.10548706425018813,6.0","0,0,0"
15.9,25,AV,1,0,5,5,0,0,0,11,2520.757475212996,0.8,-0.770909090909091,"0.19667261904761904,0.267875,0.33121491228070177,0.8,0.11,0.12122926824569963,5.0","0,0,0"
39.46666666666667,32,AV,1,2,6,6,4,0,0,93,1275.9312017726234,0.8,-1.9135353535353539,"0.21876666666666666,0.28229810298102986,0.3435354609929078,0.8,0.93,0.06136258939772906,10.0","0,0,0"
34.0,135,AV,1,0,8,0,12,0,0,78,1293.252850487379,0.9,-1.8545454545454545,"0.2823253968253968,0.303749373433584,0.3603842592592592,0.9,0.78,0.06219562899759039,20.0","0,0,0"
40.65,226,AV,1,3,9,9,8,0,0,99,6434.117121135291,0.4,-0.9854545454545454,"0.19971568627450978,0.25800416666666665,0.3311194968553459,0.4,0.99,0.3094321123996473,17.0","0,0,0"
30.033333333333335,184,AV,1,1,4,3,1,0,0,64,2472.005569054355,0.3,-0.5460606060606061,"0.23917857142857143,0.26439118457300276,0.3479606060606061,0.3,0.64,0.11888467223941558,5.0","0,0,0"
22.0,63,AV,0,7,0,1,3,0,0,59,3257.3450634265246,0.3,-0.39999999999999997,"0.14884444444444442,0.23834330484330482,0.29454583333333334,0.3,0.59,0.15665353067318508,10.0","0,0,0"
22.033333333333335,183,AV,0,5,9,6,6,0,0,60,3558.5090095449787,0.1,-0.13353535353535356,"0.22096969696969698,0.29341740412979345,0.36657619047619044,0.1,0.6,0.17113722661336772,11.0","0,0,0"
34.0,210,AV,1,2,4,1,2,0,0,81,14754.343640924068,0.2,-0.4121212121212121,"0.23848717948717948,0.2739537815126051,0.35510370370370375,0.2,0.81,0.7095717460418045,6.0","0,0,0"
28.733333333333334,211,AV,2,1,1,1,6,0,0,42,905.8209551718018,0.4,-0.6965656565656566,"0.2624074074074074,0.2617711864406779,0.3446333333333333,0.4,0.42,0.04356310063022602,6.0","0,0,0"
21.116666666666667,259,AV,1,1,4,0,2,0,0,32,3245.380745418587,0.1,-0.127979797979798,"0.26324000000000003,0.2742574525745258,0.34380952380952373,0.1,0.32,0.156078137946426,6.0","0,0,0"
13.9,119,AV,1,1,7,1,0,0,0,5,3256.7228478661937,0.2,-0.1684848484848485,"0.20459259259259258,0.2450972222222222,0.3534263565891474,0.2,0.05,0.15662360683568316,7.0","0,0,0"
29.1,0,AV,0,8,2,7,0,0,0,78,1869.7531794209297,0.1,-0.1763636363636364,"0.19982456140350877,0.2530230352303523,0.33659374999999997,0.1,0.78,0.0899209114602018,8.0","0,0,0"
35.61666666666667,80,AV,1,0,9,2,2,0,0,86,4021.28082322038,0.5,-1.0792929292929294,"0.25953787878787876,0.29752750809061485,0.3582357723577235,0.5,0.86,0.1933930322147629,11.0","0,0,0"
37.9,250,AV,1,1,4,2,2,0,0,90,2580.565825479665,0.1,-0.2296969696969697,"0.24070666666666668,0.2646449864498645,0.33338095238095244,0.1,0.9,0.12410559514707999,6.0","0,0,0"
33.733333333333334,51,AV,0,7,3,7,5,0,0,97,2225.3307045190536,0.3,-0.6133333333333333,"0.2298840579710145,0.2961625683060109,0.39933783783783794,0.3,0.97,0.10702148682143131,12.0","0,0,0"
32.53333333333333,291,AV,1,1,7,3,5,0,0,71,7177.938863287724,0.6,-1.1830303030303029,"0.18231578947368424,0.2706994047619048,0.3773717948717949,0.6,0.71,0.345204282627472,12.0","0,0,0"
36.03333333333333,273,AV,2,0,1,2,11,0,0,59,2561.5826276178027,0.1,-0.2183838383838384,"0.23095333333333332,0.27981858407079646,0.34082371794871796,0.1,0.59,0.12319264766665551,11.0","0,0,0"
32.166666666666664,10,AV,1,3,4,6,3,0,0,64,950.4213588862824,0.2,-0.3898989898989899,"0.21973015873015875,0.2760613333333333,0.3489545454545454,0.2,0.64,0.04570804093445438,7.0","0,0,0"
40.13333333333333,36,AV,1,0,5,4,0,0,0,96,2953.761118311176,0.2,-0.4864646464646465,"0.18598275862068966,0.25157804232804226,0.32567142857142856,0.2,0.96,0.14205345118145746,5.0","0,0,0"
17.35,227,AV,1,1,5,1,2,0,0,14,1261.43865123121,0.2,-0.21030303030303032,"0.1851060606060606,0.26055511811023624,0.35382113821138206,0.2,0.14,0.060665607909257666,7.0","0,0,0"
34.233333333333334,238,AV,1,1,4,4,4,0,0,79,5654.280440205098,0.1,-0.2074747474747475,"0.23318253968253969,0.2940826330532212,0.35355000000000003,0.1,0.79,0.2719278974523786,8.0","0,0,0"
32.36666666666667,152,AV,1,0,5,5,3,0,0,67,1348.5865378412918,0.1,-0.19616161616161618,"0.2210263157894737,0.2674395280235988,0.33695138888888887,0.1,0.67,0.06485675863549194,8.0","0,0,0"
39.5,64,AV,1,0,9,4,18,0,0,94,1454.957177165027,0.5,-1.196969696969697,"0.2176666666666667,0.27978395061728395,0.348482905982906,0.5,0.94,0.06997237760909195,27.0","0,0,0"
32.25,151,AV,0,6,6,2,0,0,0,92,1832.3133019091129,0.2,-0.39090909090909093,"0.20748924731182797,0.24029802259887006,0.336939024390244,0.2,0.92,0.08812033802202023,6.0","0,0,0"
13.566666666666666,222,AV,1,1,4,3,6,0,0,2,8326.33528790118,0.1,-0.08222222222222222,"0.23106,0.2935568181818182,0.3598282828282828,0.1,0.02,0.40043341894099355,10.0","0,0,0"
36.18333333333333,241,AV,2,1,0,5,0,0,0,46,946.2003450753726,0.6,-1.3157575757575757,"0.2680072463768116,0.2894259259259259,0.36236979166666666,0.6,0.46,0.04550504226418034,5.0","0,0,0"
38.916666666666664,85,AV,1,2,4,7,3,0,0,93,3933.772930850901,0.1,-0.23585858585858588,"0.19178205128205128,0.263687106918239,0.33891666666666675,0.1,0.93,0.1891845679487672,7.0","0,0,0"
15.333333333333334,190,AV,1,0,8,2,0,0,0,11,2793.3389947689566,0.3,-0.27878787878787875,"0.19715833333333332,0.26953306878306876,0.3501969696969697,0.3,0.11,0.1343383667916745,8.0","0,0,0"
23.5,97,AV,1,1,4,2,2,0,0,50,3759.463069718096,0.4,-0.5696969696969697,"0.15361728395061724,0.27579411764705886,0.35176356589147284,0.4,0.5,0.18080158897481655,6.0","0,0,0"
35.583333333333336,164,AV,1,3,5,0,2,0,0,84,615.3970356119416,0.2,-0.4313131313131313,"0.17324358974358975,0.22805059523809523,0.33514728682170547,0.2,0.84,0.029595918306859183,7.0","0,0,0"
7.0,83,AV,0,8,2,8,6,0,0,6,1017.530975349866,0.1,-0.04242424242424243,"0.24774603174603174,0.3013773333333334,0.35535984848484853,0.1,0.06,0.048935503225503364,14.0","0,0,0"
28.066666666666666,233,AV,1,2,6,5,2,0,0,59,8475.089255911002,0.4,-0.6804040404040405,"0.18601041666666668,0.25140935672514625,0.33701333333333333,0.4,0.59,0.40758735376725097,8.0","0,0,0"
25.95,242,AV,1,0,4,3,3,0,0,55,1552.9853059451273,0.2,-0.3145454545454546,"0.18111666666666665,0.24580303030303033,0.3259246031746032,0.2,0.55,0.074686785256937,7.0","0,0,0"
33.56666666666667,147,AV,2,2,3,8,0,0,0,46,8689.506535985933,0.1,-0.20343434343434344,"0.20337499999999997,0.26415053763440854,0.35200000000000004,0.1,0.46,0.4178991946398128,8.0","0,0,0"
29.25,268,AV,1,1,7,3,8,0,0,65,3064.640983136323,0.5,-0.8863636363636364,"0.28013725490196084,0.30688695652173914,0.3918194444444445,0.5,0.65,0.14738592961625765,15.0","0,0,0"
17.283333333333335,157,AV,1,2,4,7,7,0,0,13,943.1907669438916,0.2,-0.20949494949494954,"0.15820238095238096,0.2851120943952802,0.36635069444444435,0.2,0.13,0.04536030443906415,11.0","0,0,0"
15.966666666666667,187,AV,0,8,5,5,1,0,0,29,5807.233742044462,1.0,-0.9676767676767677,"0.20455555555555552,0.24887787356321842,0.33407456140350883,1.0,0.29,0.27928378830664774,9.0","0,0,0"
32.35,77,AV,1,0,9,3,1,0,0,73,4617.1597275219765,0.4,-0.7842424242424243,"0.22307017543859647,0.3150676691729324,0.3592236842105263,0.4,0.73,0.2220502768096353,10.0","0,0,0"
26.3,38,AV,2,3,2,7,0,0,0,25,3942.222625638348,0.1,-0.15939393939393942,"0.22812643678160918,0.2539888888888888,0.32852439024390234,0.1,0.25,0.18959093402168548,7.0","0,0,0"
28.266666666666666,215,AV,1,3,4,5,1,0,0,60,877.2934597877683,0.1,-0.1713131313131313,"0.20940579710144924,0.27215866666666666,0.33635416666666673,0.1,0.6,0.04219114500803879,5.0","0,0,0"
22.4,30,AV,2,0,1,2,7,0,0,5,1997.7276787447236,0.2,-0.2715151515151515,"0.1994277777777778,0.27269733333333335,0.33411904761904765,0.2,0.05,0.09607551183714699,7.0","0,0,0"
25.933333333333334,37,AV,1,1,7,3,6,0,0,52,6007.794801579103,0.3,-0.47151515151515144,"0.18758333333333332,0.24100918635170607,0.3168410852713178,0.3,0.52,0.2889292503255245,13.0","0,0,0"
23.266666666666666,270,AV,2,0,0,3,6,0,0,18,491.0984231068265,0.3,-0.42303030303030303,"0.22976086956521738,0.28373676012461063,0.33063405797101453,0.3,0.18,0.023618100136676975,6.0","0,0,0"
17.716666666666665,248,AV,1,1,4,8,4,0,0,21,1135.438045570021,0.2,-0.21474747474747474,"0.14938194444444444,0.2283523391812865,0.3054021739130435,0.2,0.21,0.0546059368091927,8.0","0,0,0"
29.4,101,AV,1,1,4,3,9,0,0,64,857.6590975250949,0.7,-1.247272727272727,"0.2077068965517241,0.2577913165266106,0.3498412698412699,0.7,0.64,0.041246881470994735,13.0","0,0,0"
24.633333333333333,113,AV,1,1,7,3,10,0,0,51,1880.1756700095973,1.0,-1.492929292929293,"0.24161333333333332,0.2808816199376947,0.3324795918367348,1.0,0.51,0.0904221540112152,17.0","0,0,0"
34.733333333333334,186,AV,2,2,3,6,6,0,0,9,2675.3892374750885,0.1,-0.21050505050505053,"0.19212500000000002,0.25561711711711715,0.32353191489361705,0.1,0.09,0.1286658802843062,12.0","0,0,0"
24.933333333333334,236,AV,1,1,4,4,2,0,0,49,1823.811293294481,0.1,-0.1511111111111111,"0.19139333333333336,0.2554464285714285,0.3197428571428571,0.1,0.49,0.08771145605177698,6.0","0,0,0"
19.9,58,AV,1,1,7,8,6,0,0,29,3169.820795106812,0.1,-0.1206060606060606,"0.2287152777777778,0.2816882183908046,0.36041999999999996,0.1,0.29,0.15244427884849596,13.0","0,0,0"
23.016666666666666,278,AV,1,1,5,3,2,0,0,35,1659.6531244520008,0.4,-0.557979797979798,"0.2359166666666667,0.25557017543859645,0.3359563492063492,0.4,0.35,0.07981669628967558,7.0","0,0,0"
35.71666666666667,260,AV,1,2,4,1,6,0,0,85,1996.532829496936,0.5,-1.0823232323232324,"0.24886363636363637,0.2897738095238095,0.35312365591397843,0.5,0.85,0.0960180486732379,10.0","0,0,0"
40.483333333333334,87,AV,1,2,8,4,14,0,0,95,1496.328062426438,0.8,-1.9628282828282828,"0.24402499999999996,0.29946719160104984,0.3338333333333333,0.8,0.95,0.0719620026310286,22.0","0,0,0"
23.0,287,AV,1,1,7,3,7,0,0,42,1200.7903182940884,0.6,-0.8363636363636364,"0.1765686274509804,0.236672268907563,0.3294500000000001,0.6,0.42,0.057748884228147654,14.0","0,0,0"
36.416666666666664,170,AV,1,1,5,6,2,0,0,86,7336.658338656486,0.3,-0.662121212121212,"0.21007843137254903,0.28745323741007195,0.34089215686274504,0.3,0.86,0.35283748258601644,7.0","0,0,0"
39.31666666666667,21,AV,1,1,7,1,6,0,0,92,497.26542980048754,0.6,-1.4296969696969697,"0.2555866666666667,0.2804097222222223,0.36033703703703707,0.6,0.92,0.023914686268460907,13.0","0,0,0"
27.783333333333335,12,AV,2,0,0,3,6,0,0,20,2533.2754137277425,0.2,-0.3367676767676768,"0.26713333333333333,0.308112,0.35939259259259254,0.2,0.2,0.12183128590944142,6.0","0,0,0"
36.733333333333334,125,AV,2,3,3,4,3,0,0,77,926.7012599248138,0.6,-1.3357575757575757,"0.18421428571428572,0.23831497175141245,0.3168472222222222,0.6,0.77,0.04456728452766382,7.0","0,0,0"
8.9,281,AV,0,7,3,7,4,0,0,7,18628.94525544202,0.9,-0.48545454545454547,"0.268925,0.2877314049586777,0.3604829931972789,0.9,0.07,0.8959106235777834,11.0","0,0,0"
27.966666666666665,208,AV,1,3,6,3,5,0,0,54,640.5426603936758,0.1,-0.16949494949494948,"0.1678,0.24912745098039216,0.32253623188405794,0.1,0.54,0.03080523166677017,11.0","0,0,0"
22.35,5,AV,1,3,9,1,3,0,0,40,3274.575105225111,0.1,-0.13545454545454547,"0.21268571428571426,0.27345982142857145,0.36713565891472877,0.1,0.4,0.15748216467690215,12.0","0,0,0"
37.15,126,AV,2,3,3,1,7,0,0,76,508.6019702527906,0.3,-0.6754545454545454,"0.243,0.2663984375000001,0.33204999999999996,0.3,0.76,0.024459887668034006,7.0","0,0,0"
20.15,293,AV,1,0,5,6,1,0,0,31,859.2772315809713,0.6,-0.7327272727272727,"0.22201851851851853,0.29453333333333337,0.35363095238095243,0.6,0.31,0.041324701415771756,6.0","0,0,0"
29.016666666666666,23,AV,2,1,1,1,5,0,0,21,623.7253316558669,0.1,-0.17585858585858585,"0.18181720430107526,0.24141071428571426,0.3137051282051282,0.1,0.21,0.02999644602325653,5.0","0,0,0"
22.35,252,AV,1,1,4,0,6,0,0,38,4951.479839002994,0.1,-0.13545454545454547,"0.2633712121212121,0.29798387096774187,0.34776356589147284,0.1,0.38,0.23812853220437127,10.0","0,0,0"
25.2,6,AV,2,1,1,1,5,0,0,6,3480.90175047103,0.6,-0.9163636363636364,"0.23365873015873018,0.26995584045584037,0.33736858974358974,0.6,0.06,0.1674049075304721,5.0","0,0,0"
21.066666666666666,180,AV,1,1,5,3,1,0,0,34,5168.6614957092925,0.6,-0.766060606060606,"0.20842592592592596,0.25480216802168026,0.3317411347517731,0.6,0.34,0.24857331857425743,6.0","0,0,0"
26.45,159,AV,1,1,4,0,2,0,0,59,473.5024380788758,0.1,-0.1603030303030303,"0.21566666666666667,0.26319972451790635,0.33138617886178856,0.1,0.59,0.022771867046038015,6.0","0,0,0"
18.516666666666666,297,AV,1,1,7,8,4,0,0,25,506.5869000089976,0.1,-0.11222222222222222,"0.25016666666666665,0.3052456140350877,0.3710886524822696,0.1,0.25,0.02436297811068039,11.0","0,0,0"
25.6,181,AV,2,1,1,1,6,0,0,18,6130.868263041086,0.1,-0.15515151515151515,"0.2416,0.2901652542372882,0.3749774774774776,0.1,0.18,0.29484814804583803,6.0","0,0,0"
36.21666666666667,57,AV,2,1,0,5,3,0,0,73,4609.601315671212,0.9,-1.9754545454545456,"0.19872,0.27798538011695906,0.34663398692810454,0.9,0.73,0.2216867746691962,8.0","0,0,0"
28.4,182,AV,1,0,6,9,5,0,0,61,4704.305573257116,0.5,-0.8606060606060606,"0.18684166666666663,0.26747008547008544,0.3567837837837838,0.5,0.61,0.2262413293853024,11.0","0,0,0"
27.833333333333332,161,AV,1,2,8,4,0,0,0,58,1888.2149669861096,0.2,-0.3373737373737374,"0.2152,0.2905304232804233,0.3572121212121212,0.2,0.58,0.09080878306984375,8.0","0,0,0"
16.75,110,AV,1,3,9,9,9,0,0,3,1148.2139867956057,0.2,-0.20303030303030303,"0.2506858974358975,0.2709083333333334,0.3373977272727273,0.2,0.03,0.05522036244162957,18.0","0,0,0"
21.5,123,AV,1,2,4,1,6,0,0,37,1475.2077210572677,1.0,-1.303030303030303,"0.2844927536231885,0.3073511450381679,0.3899537037037037,1.0,0.37,0.07094627479744654,10.0","0,0,0"
37.583333333333336,17,AV,1,1,7,3,2,0,0,89,2857.8751728516777,0.3,-0.6833333333333335,"0.24358000000000002,0.2657284946236559,0.34628455284552845,0.3,0.89,0.13744206626346972,9.0","0,0,0"
31.833333333333332,265,AV,2,1,0,5,0,0,0,51,7099.697064525982,0.4,-0.7717171717171718,"0.2190217391304348,0.2542453333333333,0.35099019607843135,0.4,0.51,0.3414414470102487,5.0","0,0,0"
14.066666666666666,201,AV,1,1,5,8,7,0,0,6,4577.590037133467,0.1,-0.08525252525252525,"0.252202380952381,0.2964201101928375,0.3546951219512195,0.1,0.06,0.22014727556589106,12.0","0,0,0"
27.683333333333334,175,AV,1,0,6,9,10,0,0,60,12726.503958899895,0.4,-0.6711111111111112,"0.21228666666666668,0.2726253687315634,0.32604487179487185,0.4,0.6,0.6120480758003385,16.0","0,0,0"
30.083333333333332,3,AV,1,3,5,9,6,0,0,67,3458.1247672483346,1.0,-1.823232323232323,"0.21864393939393942,0.2661,0.3339069767441861,1.0,0.67,0.16630950781983606,11.0","0,0,0"
26.966666666666665,247,AV,0,9,8,8,3,0,0,76,5899.132481879994,0.1,-0.16343434343434343,"0.254425,0.28267948717948715,0.3499806201550388,0.1,0.76,0.2837034189504176,12.0","0,0,0"
36.05,224,AV,1,1,7,1,9,0,0,88,2187.718469250836,0.1,-0.21848484848484848,"0.20274404761904766,0.28072404371584697,0.3415791666666667,0.1,0.88,0.10521262428567076,16.0","0,0,0"
28.966666666666665,219,AV,1,0,9,2,3,0,0,61,11940.25564443948,0.1,-0.17555555555555558,"0.2846333333333333,0.3047293577981652,0.38234795321637427,0.1,0.61,0.5742355100304415,12.0","0,0,0"
33.166666666666664,174,AV,2,2,3,1,5,0,0,43,931.9887487728153,0.2,-0.402020202020202,"0.21560714285714283,0.25206111111111107,0.30464285714285716,0.2,0.43,0.04482157253839216,5.0","0,0,0"
19.3,88,AV,1,0,5,5,6,0,0,28,5825.425317043349,0.9,-1.0527272727272727,"0.1500877192982456,0.24230716253443524,0.3247878787878788,0.9,0.28,0.28015866474638357,11.0","0,0,0"
29.383333333333333,60,AV,1,1,6,8,14,0,0,64,2030.86588445069,0.1,-0.1780808080808081,"0.15479569892473116,0.2441925566343042,0.3114111111111112,0.1,0.64,0.09766920756877238,20.0","0,0,0"
18.666666666666668,163,AV,1,0,6,9,7,0,0,23,2382.718205806423,0.5,-0.5656565656565657,"0.2238695652173913,0.2873057851239669,0.3654166666666667,0.5,0.23,0.11459062895418437,13.0","0,0,0"
15.166666666666666,255,AV,1,1,5,3,15,0,0,9,3382.383844415393,0.3,-0.2757575757575757,"0.21368390804597703,0.2701930555555556,0.3299146341463415,0.3,0.09,0.16266694531964326,20.0","0,0,0"
28.916666666666668,142,AV,1,1,7,3,2,0,0,62,8987.822610831106,0.1,-0.17525252525252527,"0.23160833333333336,0.30087121212121215,0.35999561403508773,0.1,0.62,0.4322459296252377,9.0","0,0,0"
36.25,14,AV,1,2,6,6,4,0,0,86,1900.764377468582,0.3,-0.6590909090909091,"0.2843333333333334,0.32210863095238096,0.3953333333333333,0.3,0.86,0.09141231429593938,10.0","0,0,0"
25.533333333333335,240,AV,1,3,6,1,13,0,0,51,3414.9419898187493,0.4,-0.6189898989898991,"0.17452,0.25508403361344534,0.33128682170542634,0.4,0.51,0.1642327445611401,19.0","0,0,0"
40.65,200,AV,1,1,7,8,4,0,0,98,2212.8825544422834,0.6,-1.478181818181818,"0.24047222222222228,0.2799439655172414,0.3398172043010752,0.6,0.98,0.1064228254509272,11.0","0,0,0"
32.11666666666667,48,AV,1,1,4,0,2,0,0,71,10708.821866752483,0.6,-1.1678787878787877,"0.246875,0.3191603773584905,0.3651630434782608,0.6,0.71,0.5150129083997876,6.0","0,0,0"
23.316666666666666,212,AV,2,2,0,2,6,0,0,2,513.3463032142733,0.2,-0.2826262626262626,"0.25446031746031744,0.3055749354005168,0.36235,0.2,0.02,0.024688054010448962,6.0","0,0,0"
38.1,162,AV,1,3,6,3,8,0,0,91,816.2772675203604,0.1,-0.23090909090909092,"0.17929861111111112,0.27169047619047615,0.34765416666666665,0.1,0.91,0.03925673009012141,14.0","0,0,0"
20.35,275,AV,0,9,7,7,2,0,0,52,3958.913906791885,0.2,-0.2466666666666667,"0.19166666666666668,0.23527485380116953,0.318390243902439,0.2,0.52,0.1903936577347851,11.0","0,0,0"
13.716666666666667,69,AV,0,6,8,1,3,0,0,24,4381.240268036911,0.4,-0.33252525252525256,"0.21000925925925926,0.26798205128205127,0.34843162393162386,0.4,0.24,0.2107043445969861,9.0","0,0,0"
38.333333333333336,185,AV,2,0,0,8,4,0,0,79,1530.0661682302475,1.0,-2.3232323232323235,"0.19399999999999998,0.25194921875000004,0.3624876543209876,1.0,0.79,0.07358454899608351,12.0","0,0,0"
23.0,166,AV,1,2,5,6,4,0,0,34,1249.5878531833848,0.1,-0.1393939393939394,"0.23308823529411765,0.2719913043478261,0.3538921568627451,0.1,0.34,0.06009567462944302,9.0","0,0,0"
26.983333333333334,223,AV,2,1,1,1,5,0,0,19,2456.6540037696086,0.1,-0.16353535353535353,"0.21674999999999997,0.2742763157894737,0.3285125000000001,0.1,0.19,0.11814637867321734,5.0","0,0,0"
15.083333333333334,15,AV,1,1,4,3,7,0,0,4,11861.36896338871,0.1,-0.09141414141414142,"0.25123611111111116,0.2674086538461538,0.3446153846153846,0.1,0.04,0.57044166047841,11.0","0,0,0"
40.416666666666664,78,AV,1,1,5,0,5,0,0,98,2141.869626207308,0.8,-1.9595959595959596,"0.21137037037037035,0.2615159420289855,0.34032575757575756,0.8,0.98,0.10300764354209123,10.0","0,0,0"
32.1,109,AV,1,1,4,0,2,0,0,69,5370.167679594476,0.3,-0.5836363636363636,"0.25860317460317456,0.2956365914786968,0.3619907407407408,0.3,0.69,0.2582642338882426,6.0","0,0,0"
30.75,231,AV,2,3,1,5,1,0,0,41,845.7864251007381,0.3,-0.5590909090909091,"0.20908928571428567,0.2712258953168044,0.34787398373983747,0.3,0.41,0.040675896199988425,6.0","0,0,0"
10.5,279,AV,0,9,8,8,6,0,0,8,3001.8426729260827,0.1,-0.06363636363636364,"0.18274242424242423,0.27045564516129034,0.337876984126984,0.1,0.08,0.14436580837543475,15.0","0,0,0"
21.166666666666668,221,AV,1,1,7,6,15,0,0,33,1076.386102050743,0.8,-1.0262626262626264,"0.2298840579710145,0.2841205962059621,0.34244696969696975,0.8,0.33,0.051765987321103386,22.0","0,0,0"
29.25,155,AV,1,1,7,3,1,0,0,55,3987.5502105766736,1.0,-1.7727272727272727,"0.24598245614035086,0.2928112947658402,0.37508333333333327,1.0,0.55,0.1917708462137355,8.0","0,0,0"
31.633333333333333,44,AV,1,1,7,1,4,0,0,69,1684.196745492046,0.1,-0.19171717171717173,"0.2233106060606061,0.27918618618618624,0.33938888888888896,0.1,0.69,0.08099705784688291,11.0","0,0,0"
12.783333333333333,115,AV,1,2,5,6,4,0,0,2,3941.04555698938,0.3,-0.23242424242424242,"0.16702380952380957,0.24823132183908045,0.31779487179487176,0.3,0.02,0.18953432596938674,9.0","0,0,0"
34.61666666666667,235,AV,2,0,1,2,7,0,0,59,763.1985099142711,1.0,-2.097979797979798,"0.19212962962962965,0.2549371980676328,0.34725,1.0,0.59,0.03670404542797105,7.0","0,0,0"
20.3,1,AV,0,8,8,6,5,0,0,57,571.0932451196882,0.3,-0.36909090909090914,"0.17930434782608695,0.2720453431372549,0.3585698924731182,0.3,0.57,0.027465242843352784,13.0","0,0,0"
39.86666666666667,199,AV,1,1,5,6,2,0,0,96,4864.205776554158,0.3,-0.7248484848484849,"0.22317647058823528,0.27669485294117646,0.3621846846846847,0.3,0.96,0.23393131337965753,7.0","0,0,0"
32.333333333333336,177,AV,1,1,5,0,3,0,0,68,4559.760277629775,0.3,-0.5878787878787879,"0.18106666666666665,0.27015311653116525,0.34224583333333336,0.3,0.68,0.21928979970044837,8.0","0,0,0"
17.166666666666668,112,AV,0,7,6,5,18,0,0,39,1797.659883656486,0.1,-0.10404040404040404,"0.2341521739130435,0.2988099173553719,0.35984782608695653,0.1,0.39,0.08645377208765831,25.0","0,0,0"
33.2,245,AV,1,3,6,6,6,0,0,77,1260.6549751070208,0.2,-0.40242424242424246,"0.19064035087719297,0.2815126050420168,0.34577884615384624,0.2,0.77,0.06062791904628244,12.0","0,0,0"
32.56666666666667,292,AV,1,0,8,0,11,0,0,65,572.7967315704935,1.0,-1.973737373737374,"0.17800000000000002,0.2547513661202186,0.33209375,1.0,0.65,0.027547167589358008,19.0","0,0,0"
10.316666666666666,65,AV,0,4,2,7,3,0,0,15,3863.855435177377,0.3,-0.1875757575757576,"0.20751190476190476,0.2635924369747899,0.32384042553191494,0.3,0.15,0.18582206801713178,7.0","0,0,0"
29.933333333333334,104,AV,2,1,1,1,7,0,0,35,2942.323800284961,0.1,-0.18141414141414142,"0.2142716049382716,0.2503232323232323,0.35085493827160497,0.1,0.35,0.1415034031468308,7.0","0,0,0"
33.733333333333334,173,AV,2,0,1,8,9,0,0,59,1011.0784796502788,0.5,-1.0222222222222221,"0.27101515151515154,0.31977002583979325,0.37132051282051287,0.5,0.59,0.04862518724321976,17.0","0,0,0"
41.43333333333333,35,AV,1,1,5,0,1,0,0,100,3608.770587345788,0.1,-0.2511111111111111,"0.24768939393939388,0.2759434523809524,0.3460744047619048,0.1,1.0,0.17355442634701188,6.0","0,0,0"
19.266666666666666,99,AV,1,0,9,4,0,0,0,25,17693.100214811147,0.1,-0.11676767676767677,"0.23557246376811591,0.2726767241379311,0.3311279069767442,0.1,0.25,0.8509035927219247,9.0","0,0,0"
