travel_time,id,kind,action,origin,destination,start_time,income,urgency,reward,observation,cost_table
10.033333333333333,122,AV,1,0,0,25,397.9556521399297,0.2,-0.30033333333333334,"25.0,5.0,6.0,2.0,0.2","0,0,0"
32.35,247,AV,1,0,0,69,2173.6079829399528,0.1,-0.4235,"69.0,94.0,89.0,71.0,0.1","0,0,0"
80.05,58,AV,0,0,0,63,169.82949868332335,0.1,-1.253795513825195,"63.0,86.0,77.0,61.0,0.1","0,0,0"
15.35,260,AV,0,0,0,34,2613.1748785475797,0.5,-0.6764605758468597,"34.0,11.0,15.0,10.0,0.5","0,0,0"
60.71666666666667,160,AV,0,0,0,55,740.6719232962039,0.1,-0.7881741925534084,"55.0,64.0,63.0,48.0,0.1","0,0,0"
30.316666666666666,264,AV,2,0,0,58,2675.827545963706,0.4,-0.7031666666666667,"58.0,72.0,68.0,54.0,0.4","0,0,0"
55.46666666666667,186,AV,0,0,0,53,981.7831876113738,0.6,-1.215779955992772,"53.0,58.0,58.0,48.0,0.6","0,0,0"
28.016666666666666,142,AV,2,0,0,56,575.6795480601505,0.4,-0.6801666666666667,"56.0,68.0,64.0,48.0,0.4","0,0,0"
30.7,141,AV,0,0,0,42,575.1506531095453,0.3,-0.7113204935534903,"42.0,31.0,28.0,27.0,0.3","0,0,0"
9.633333333333333,298,AV,0,0,0,26,14168.539128501588,0.1,-0.20056806773014235,"26.0,6.0,8.0,3.0,0.1","0,0,0"
31.383333333333333,98,AV,1,0,0,67,312.60936307776603,0.1,-0.4138333333333334,"67.0,93.0,84.0,68.0,0.1","0,0,0"
58.95,147,AV,0,0,0,54,612.7031314304811,0.2,-0.8874267069517299,"54.0,62.0,61.0,48.0,0.2","0,0,0"
39.85,125,AV,2,0,0,94,453.4807464542579,0.2,-0.5985,"94.0,105.0,108.0,85.0,0.2","0,0,0"
60.833333333333336,99,AV,0,0,0,55,313.48458442864603,0.7,-1.4997303046050003,"55.0,64.0,63.0,48.0,0.7","0,0,0"
13.5,132,AV,1,0,0,34,485.2868445916232,0.1,-0.23500000000000001,"34.0,11.0,15.0,10.0,0.1","0,0,0"
16.1,271,AV,2,0,0,35,3393.532030022936,0.2,-0.361,"35.0,13.0,17.0,10.0,0.2","0,0,0"
35.85,103,AV,1,0,0,83,320.06022134041564,0.1,-0.4585,"83.0,103.0,105.0,83.0,0.1","0,0,0"
85.15,20,AV,0,0,0,69,64.56471790970987,0.1,-1.8808001184316585,"69.0,94.0,89.0,71.0,0.1","0,0,0"
71.3,32,AV,0,0,0,59,103.84352821458296,1.0,-2.290792386599342,"59.0,77.0,71.0,56.0,1.0","0,0,0"
26.266666666666666,4,AV,2,0,0,49,31.53579693808168,0.1,-0.3626666666666667,"49.0,48.0,49.0,42.0,0.1","0,0,0"
27.7,151,AV,1,0,0,61,660.8996867055231,0.2,-0.477,"61.0,79.0,74.0,58.0,0.2","0,0,0"
25.983333333333334,144,AV,0,0,0,40,597.206522047073,0.8,-1.1603010907756586,"40.0,25.0,25.0,21.0,0.8","0,0,0"
21.75,234,AV,1,0,0,49,1774.068670084103,0.3,-0.5175,"49.0,48.0,49.0,42.0,0.3","0,0,0"
32.78333333333333,14,AV,1,0,0,72,57.1800058113267,0.2,-0.5278333333333334,"72.0,99.0,92.0,74.0,0.2","0,0,0"
23.066666666666666,22,AV,1,0,0,50,71.85667082931167,0.3,-0.5306666666666666,"50.0,52.0,51.0,45.0,0.3","0,0,0"
34.36666666666667,57,AV,1,0,0,78,165.91794752010054,0.2,-0.5436666666666667,"78.0,103.0,100.0,82.0,0.2","0,0,0"
51.78333333333333,124,AV,0,0,0,51,426.8196993348628,0.8,-1.4584079134042658,"51.0,55.0,56.0,46.0,0.8","0,0,0"
20.6,162,AV,1,0,0,47,751.2181641591902,0.7,-0.9059999999999999,"47.0,45.0,42.0,36.0,0.7","0,0,0"
73.63333333333334,42,AV,0,0,0,61,128.9179362306729,0.2,-1.401745685984108,"61.0,79.0,74.0,58.0,0.2","0,0,0"
67.75,50,AV,0,0,0,58,141.89801529692187,0.1,-1.2003388950645286,"58.0,72.0,68.0,54.0,0.1","0,0,0"
16.466666666666665,91,AV,2,0,0,32,294.6191790764749,0.3,-0.4646666666666667,"32.0,9.0,11.0,8.0,0.3","0,0,0"
30.7,137,AV,2,0,0,59,530.5096238130133,0.3,-0.607,"59.0,77.0,71.0,56.0,0.3","0,0,0"
83.8,217,AV,0,0,0,66,1479.2287287157783,0.2,-1.0785616784174346,"66.0,90.0,83.0,66.0,0.2","0,0,0"
45.06666666666667,279,AV,0,0,0,49,4143.239939929384,0.5,-0.9651480872143319,"49.0,48.0,49.0,42.0,0.5","0,0,0"
13.766666666666667,277,AV,0,0,0,32,3900.46937082072,0.4,-0.5530494307126705,"32.0,9.0,11.0,8.0,0.4","0,0,0"
9.95,207,AV,1,0,0,22,1301.0825687704812,0.2,-0.2995,"22.0,5.0,4.0,1.0,0.2","0,0,0"
75.18333333333334,120,AV,0,0,0,61,395.41168599267854,0.2,-1.103573916946512,"61.0,79.0,74.0,58.0,0.2","0,0,0"
15.25,200,AV,1,0,0,38,1122.0957719017076,0.3,-0.4525,"38.0,19.0,22.0,17.0,0.3","0,0,0"
93.61666666666666,203,AV,0,0,0,83,1201.0672562607265,0.1,-1.086122237170518,"83.0,103.0,105.0,83.0,0.1","0,0,0"
59.43333333333333,291,AV,0,0,0,54,6720.448741009474,0.1,-0.7032613085790737,"54.0,62.0,61.0,48.0,0.1","0,0,0"
19.516666666666666,77,AV,2,0,0,42,236.21837928927107,0.4,-0.5951666666666666,"42.0,31.0,28.0,27.0,0.4","0,0,0"
18.816666666666666,44,AV,1,0,0,44,130.78465666521578,0.2,-0.38816666666666666,"44.0,37.0,33.0,32.0,0.2","0,0,0"
89.06666666666666,71,AV,0,0,0,70,209.2283135825785,0.6,-1.7774347382179347,"70.0,98.0,90.0,71.0,0.6","0,0,0"
13.8,267,AV,1,0,0,35,2788.8558725412254,0.4,-0.538,"35.0,13.0,17.0,10.0,0.4","0,0,0"
9.833333333333334,129,AV,1,0,0,14,463.8834396174824,0.8,-0.8983333333333334,"14.0,1.0,0.0,0.0,0.8","0,0,0"
12.25,135,AV,1,0,0,32,498.4869343397567,0.1,-0.2225,"32.0,9.0,11.0,8.0,0.1","0,0,0"
34.55,128,AV,2,0,0,73,461.2287786839295,0.2,-0.5455,"73.0,99.0,95.0,75.0,0.2","0,0,0"
16.783333333333335,228,AV,2,0,0,38,1705.6832407711313,0.4,-0.5678333333333334,"38.0,19.0,22.0,17.0,0.4","0,0,0"
21.816666666666666,78,AV,2,0,0,41,240.96836675608216,0.1,-0.3181666666666667,"41.0,28.0,27.0,24.0,0.1","0,0,0"
11.2,116,AV,1,0,0,30,359.9620037790098,0.1,-0.212,"30.0,7.0,8.0,6.0,0.1","0,0,0"
20.883333333333333,249,AV,2,0,0,45,2225.755620366848,0.3,-0.5088333333333332,"45.0,40.0,36.0,32.0,0.3","0,0,0"
34.78333333333333,45,AV,2,0,0,64,131.58589862126638,0.4,-0.7478333333333333,"64.0,87.0,79.0,62.0,0.4","0,0,0"
29.25,112,AV,0,0,0,41,340.52598406956804,0.2,-0.6686980078082447,"41.0,28.0,27.0,24.0,0.2","0,0,0"
8.333333333333334,47,AV,0,0,0,18,136.2460599181302,0.5,-1.0237130407248998,"18.0,2.0,2.0,0.0,0.5","0,0,0"
11.433333333333334,208,AV,1,0,0,30,1308.8239993104885,0.1,-0.21433333333333335,"30.0,7.0,8.0,6.0,0.1","0,0,0"
43.4,262,AV,0,0,0,48,2635.9632479235806,0.2,-0.6567620776000058,"48.0,46.0,46.0,39.0,0.2","0,0,0"
43.266666666666666,190,AV,0,0,0,47,1018.822300794707,0.3,-0.7915581926503426,"47.0,45.0,42.0,36.0,0.3","0,0,0"
30.833333333333332,101,AV,0,0,0,42,316.7820495087218,0.1,-0.5977380047566365,"42.0,31.0,28.0,27.0,0.1","0,0,0"
90.51666666666667,89,AV,0,0,0,73,286.94580140418327,0.6,-1.7142653874229454,"73.0,99.0,95.0,75.0,0.6","0,0,0"
39.85,179,AV,0,0,0,46,887.7053219697848,0.6,-1.0660899969450024,"46.0,41.0,38.0,34.0,0.6","0,0,0"
37.7,243,AV,2,0,0,74,1988.145286520141,0.1,-0.477,"74.0,102.0,96.0,77.0,0.1","0,0,0"
14.933333333333334,240,AV,1,0,0,37,1961.8187008233435,0.6,-0.7493333333333333,"37.0,15.0,20.0,16.0,0.6","0,0,0"
21.95,268,AV,0,0,0,39,2991.533314975396,0.5,-0.7395566043171388,"39.0,21.0,23.0,20.0,0.5","0,0,0"
16.966666666666665,297,AV,2,0,0,28,10811.962905776472,0.4,-0.5696666666666667,"28.0,7.0,8.0,4.0,0.4","0,0,0"
83.33333333333333,59,AV,0,0,0,66,170.17527463906896,0.6,-1.785910992615836,"66.0,90.0,83.0,66.0,0.6","0,0,0"
16.95,145,AV,2,0,0,36,598.645261160854,0.3,-0.4695,"36.0,13.0,20.0,14.0,0.3","0,0,0"
19.433333333333334,215,AV,1,0,0,44,1436.3967163814054,0.4,-0.5943333333333334,"44.0,37.0,33.0,32.0,0.4","0,0,0"
13.366666666666667,118,AV,1,0,0,35,388.2431385130586,0.3,-0.43366666666666664,"35.0,13.0,17.0,10.0,0.3","0,0,0"
26.266666666666666,193,AV,1,0,0,58,1052.171326299679,0.8,-1.0626666666666666,"58.0,72.0,68.0,54.0,0.8","0,0,0"
28.183333333333334,28,AV,2,0,0,56,84.2883779482098,0.2,-0.48183333333333334,"56.0,68.0,64.0,48.0,0.2","0,0,0"
13.833333333333334,159,AV,2,0,0,29,735.2281135508055,0.2,-0.3383333333333334,"29.0,7.0,8.0,5.0,0.2","0,0,0"
64.23333333333333,293,AV,0,0,0,57,8213.476830708638,0.3,-0.9496384005097174,"57.0,69.0,68.0,54.0,0.3","0,0,0"
12.583333333333334,105,AV,1,0,0,32,326.6611525075772,0.4,-0.5258333333333334,"32.0,9.0,11.0,8.0,0.4","0,0,0"
23.183333333333334,24,AV,2,0,0,48,76.40640328900129,0.3,-0.5318333333333334,"48.0,46.0,46.0,39.0,0.3","0,0,0"
27.133333333333333,187,AV,1,0,0,61,985.1950096193456,0.2,-0.4713333333333333,"61.0,79.0,74.0,58.0,0.2","0,0,0"
15.066666666666666,26,AV,2,0,0,26,81.98663065503159,0.9,-1.0506666666666666,"26.0,6.0,8.0,3.0,0.9","0,0,0"
26.983333333333334,154,AV,1,0,0,59,691.0512815321945,0.6,-0.8698333333333333,"59.0,77.0,71.0,56.0,0.6","0,0,0"
62.55,197,AV,0,0,0,55,1079.244486159708,0.1,-0.7810944466424831,"55.0,64.0,63.0,48.0,0.1","0,0,0"
27.15,199,AV,2,0,0,52,1116.1541548808557,0.1,-0.37149999999999994,"52.0,57.0,56.0,47.0,0.1","0,0,0"
23.666666666666668,172,AV,1,0,0,53,838.6771865066347,0.2,-0.4366666666666667,"53.0,58.0,58.0,48.0,0.2","0,0,0"
18.966666666666665,284,AV,2,0,0,40,4571.829841275072,0.8,-0.9896666666666667,"40.0,25.0,25.0,21.0,0.8","0,0,0"
24.133333333333333,239,AV,1,0,0,50,1941.4706511681436,0.4,-0.6413333333333333,"50.0,52.0,51.0,45.0,0.4","0,0,0"
51.71666666666667,166,AV,0,0,0,51,787.1715220388722,0.1,-0.6933889362993289,"51.0,55.0,56.0,46.0,0.1","0,0,0"
12.566666666666666,97,AV,1,0,0,33,310.4321718130521,0.3,-0.42566666666666664,"33.0,11.0,14.0,9.0,0.3","0,0,0"
35.983333333333334,290,AV,0,0,0,44,6424.431240070765,0.1,-0.469172681480725,"44.0,37.0,33.0,32.0,0.1","0,0,0"
91.98333333333333,275,AV,0,0,0,74,3839.265238466288,0.2,-1.135461323657849,"74.0,102.0,96.0,77.0,0.2","0,0,0"
15.75,2,AV,2,0,0,35,28.11720881153488,0.7,-0.8574999999999999,"35.0,13.0,17.0,10.0,0.7","0,0,0"
66.06666666666666,25,AV,0,0,0,57,77.15448782916947,0.4,-1.8383271980002185,"57.0,69.0,68.0,54.0,0.4","0,0,0"
34.6,108,AV,1,0,0,75,328.0978092896951,0.4,-0.746,"75.0,103.0,98.0,80.0,0.4","0,0,0"
38.1,73,AV,0,0,0,44,229.05165371744263,0.4,-1.0429496477157758,"44.0,37.0,33.0,32.0,0.4","0,0,0"
16.8,241,AV,0,0,0,37,1962.140690822222,0.9,-1.098578847011657,"37.0,15.0,20.0,16.0,0.9","0,0,0"
86.91666666666667,222,AV,0,0,0,69,1602.6509836919151,0.2,-1.1066046370111409,"69.0,94.0,89.0,71.0,0.2","0,0,0"
34.416666666666664,29,AV,0,0,0,43,99.17747128700466,0.5,-1.449142768813585,"43.0,35.0,32.0,28.0,0.5","0,0,0"
24.266666666666666,255,AV,2,0,0,47,2509.234015229867,0.7,-0.9426666666666667,"47.0,45.0,42.0,36.0,0.7","0,0,0"
20.05,109,AV,1,0,0,47,329.1128778114398,0.3,-0.5005,"47.0,45.0,42.0,36.0,0.3","0,0,0"
81.98333333333333,184,AV,0,0,0,65,974.2582375089823,0.2,-1.081418647873152,"65.0,89.0,82.0,66.0,0.2","0,0,0"
37.96666666666667,272,AV,0,0,0,45,3649.940303633233,0.2,-0.5961052916875402,"45.0,40.0,36.0,32.0,0.2","0,0,0"
33.416666666666664,287,AV,1,0,0,74,4767.396236288532,0.1,-0.4341666666666667,"74.0,102.0,96.0,77.0,0.1","0,0,0"
24.95,258,AV,2,0,0,48,2564.994093090583,0.1,-0.34950000000000003,"48.0,46.0,46.0,39.0,0.1","0,0,0"
19.45,119,AV,1,0,0,45,394.9614303329756,0.2,-0.3945,"45.0,40.0,36.0,32.0,0.2","0,0,0"
24.8,100,AV,2,0,0,49,314.9423294142533,0.1,-0.348,"49.0,48.0,49.0,42.0,0.1","0,0,0"
53.233333333333334,52,AV,0,0,0,53,153.68200915591763,0.1,-1.022749884558449,"53.0,58.0,58.0,48.0,0.1","0,0,0"
27.283333333333335,80,AV,0,0,0,40,244.16786121034767,0.1,-0.6185659195245632,"40.0,25.0,25.0,21.0,0.1","0,0,0"
32.46666666666667,140,AV,1,0,0,72,570.3765755106751,0.4,-0.7246666666666667,"72.0,99.0,92.0,74.0,0.4","0,0,0"
14.866666666666667,253,AV,1,0,0,37,2408.3566638692173,0.2,-0.3486666666666667,"37.0,15.0,20.0,16.0,0.2","0,0,0"
34.3,283,AV,1,0,0,79,4563.469026318328,0.6,-0.943,"79.0,103.0,101.0,82.0,0.6","0,0,0"
11.4,127,AV,0,0,0,32,459.5666621971018,0.8,-1.0445577730837814,"32.0,9.0,11.0,8.0,0.8","0,0,0"
51.333333333333336,149,AV,0,0,0,50,618.838378223228,0.8,-1.4102891817606213,"50.0,52.0,51.0,45.0,0.8","0,0,0"
24.566666666666666,41,AV,1,0,0,56,128.5262902949931,0.1,-0.3456666666666667,"56.0,68.0,64.0,48.0,0.1","0,0,0"
34.016666666666666,130,AV,2,0,0,67,466.6387223384215,0.7,-1.0401666666666667,"67.0,93.0,84.0,68.0,0.7","0,0,0"
18.983333333333334,285,AV,1,0,0,45,4600.328226155114,0.1,-0.2898333333333334,"45.0,40.0,36.0,32.0,0.1","0,0,0"
35.81666666666667,178,AV,2,0,0,70,878.4535902283369,0.2,-0.5581666666666667,"70.0,98.0,90.0,71.0,0.2","0,0,0"
31.6,227,AV,2,0,0,61,1704.9720883013536,0.1,-0.41600000000000004,"61.0,79.0,74.0,58.0,0.1","0,0,0"
32.63333333333333,237,AV,0,0,0,42,1884.8122502233111,0.1,-0.4581667427314796,"42.0,31.0,28.0,27.0,0.1","0,0,0"
19.816666666666666,280,AV,1,0,0,42,4152.796729507043,0.1,-0.2981666666666667,"42.0,31.0,28.0,27.0,0.1","0,0,0"
20.066666666666666,106,AV,0,0,0,38,326.9991342543757,0.4,-0.7841533909872438,"38.0,19.0,22.0,17.0,0.4","0,0,0"
31.033333333333335,181,AV,2,0,0,62,940.2113898373724,0.2,-0.5103333333333333,"62.0,82.0,77.0,60.0,0.2","0,0,0"
67.65,218,AV,0,0,0,58,1497.3933785558863,0.5,-1.2165696309061185,"58.0,72.0,68.0,54.0,0.5","0,0,0"
27.583333333333332,121,AV,1,0,0,61,397.3653918103196,0.5,-0.7758333333333334,"61.0,79.0,74.0,58.0,0.5","0,0,0"
62.61666666666667,192,AV,0,0,0,55,1039.194260487611,0.3,-0.9839037061032074,"55.0,64.0,63.0,48.0,0.3","0,0,0"
27.283333333333335,133,AV,0,0,0,40,490.2004672300651,0.7,-1.0952322374776664,"40.0,25.0,25.0,21.0,0.7","0,0,0"
32.4,82,AV,2,0,0,63,259.2429388604687,0.2,-0.524,"63.0,86.0,77.0,61.0,0.2","0,0,0"
39.916666666666664,171,AV,2,0,0,81,838.3186745101701,0.3,-0.6991666666666667,"81.0,103.0,104.0,82.0,0.3","0,0,0"
20.733333333333334,221,AV,2,0,0,40,1583.4751570053518,0.5,-0.7073333333333334,"40.0,25.0,25.0,21.0,0.5","0,0,0"
32.666666666666664,92,AV,2,0,0,64,294.7319045075301,0.4,-0.7266666666666667,"64.0,87.0,79.0,62.0,0.4","0,0,0"
50.36666666666667,31,AV,0,0,0,50,99.4900475674065,0.2,-1.3067420643274106,"50.0,52.0,51.0,45.0,0.2","0,0,0"
11.366666666666667,161,AV,1,0,0,25,742.687316527077,0.3,-0.4136666666666666,"25.0,5.0,6.0,2.0,0.3","0,0,0"
34.7,164,AV,2,0,0,73,776.9842538847105,0.6,-0.9470000000000001,"73.0,99.0,95.0,75.0,0.6","0,0,0"
15.516666666666667,8,AV,2,0,0,25,39.84596978092326,0.5,-0.6551666666666667,"25.0,5.0,6.0,2.0,0.5","0,0,0"
37.666666666666664,167,AV,2,0,0,76,803.0093289227823,0.4,-0.7766666666666666,"76.0,103.0,100.0,81.0,0.4","0,0,0"
26.3,180,AV,2,0,0,50,914.92948847025,0.5,-0.763,"50.0,52.0,51.0,45.0,0.5","0,0,0"
22.4,261,AV,1,0,0,47,2627.59696502592,0.3,-0.524,"47.0,45.0,42.0,36.0,0.3","0,0,0"
66.16666666666667,176,AV,0,0,0,57,870.9853842808059,0.7,-1.4305541601686884,"57.0,69.0,68.0,54.0,0.7","0,0,0"
36.31666666666667,74,AV,2,0,0,86,229.3862477303203,1.0,-1.3631666666666666,"86.0,104.0,106.0,84.0,1.0","0,0,0"
10.25,256,AV,1,0,0,15,2521.0429629773625,0.1,-0.2025,"15.0,1.0,1.0,0.0,0.1","0,0,0"
35.15,170,AV,2,0,0,71,827.5066221596593,0.2,-0.5515,"71.0,99.0,90.0,73.0,0.2","0,0,0"
26.633333333333333,183,AV,1,0,0,59,969.3554624124304,0.1,-0.3663333333333333,"59.0,77.0,71.0,56.0,0.1","0,0,0"
33.4,250,AV,2,0,0,64,2285.8845778904138,0.1,-0.43399999999999994,"64.0,87.0,79.0,62.0,0.1","0,0,0"
30.883333333333333,62,AV,1,0,0,65,176.73917313488258,0.2,-0.5088333333333334,"65.0,89.0,82.0,66.0,0.2","0,0,0"
16.183333333333334,281,AV,2,0,0,33,4210.301272219099,0.4,-0.5618333333333334,"33.0,11.0,14.0,9.0,0.4","0,0,0"
14.466666666666667,266,AV,2,0,0,24,2784.710072629219,1.0,-1.1446666666666667,"24.0,5.0,6.0,1.0,1.0","0,0,0"
33.2,69,AV,2,0,0,66,202.2958965901006,0.8,-1.1320000000000001,"66.0,90.0,83.0,66.0,0.8","0,0,0"
19.566666666666666,70,AV,1,0,0,46,204.67968930853365,0.4,-0.5956666666666667,"46.0,41.0,38.0,34.0,0.4","0,0,0"
22.8,35,AV,1,0,0,50,107.53285984632323,0.1,-0.328,"50.0,52.0,51.0,45.0,0.1","0,0,0"
72.85,220,AV,0,0,0,60,1560.5125355967298,0.5,-1.2669489061326613,"60.0,78.0,73.0,57.0,0.5","0,0,0"
34.81666666666667,134,AV,1,0,0,74,492.873449571689,0.1,-0.4481666666666667,"74.0,102.0,96.0,77.0,0.1","0,0,0"
19.5,7,AV,2,0,0,43,38.6447498905098,0.1,-0.29500000000000004,"43.0,35.0,32.0,28.0,0.1","0,0,0"
23.0,94,AV,2,0,0,47,300.7016368165509,0.6,-0.83,"47.0,45.0,42.0,36.0,0.6","0,0,0"
30.666666666666668,254,AV,2,0,0,60,2441.319773046456,0.3,-0.6066666666666667,"60.0,78.0,73.0,57.0,0.3","0,0,0"
69.6,19,AV,0,0,0,58,64.26058588256491,0.1,-1.7296983031815014,"58.0,72.0,68.0,54.0,0.1","0,0,0"
18.333333333333332,276,AV,1,0,0,43,3860.4395495039207,0.2,-0.3833333333333333,"43.0,35.0,32.0,28.0,0.2","0,0,0"
47.05,67,AV,0,0,0,49,197.20755896428443,0.1,-0.874747972618871,"49.0,48.0,49.0,42.0,0.1","0,0,0"
20.733333333333334,295,AV,1,0,0,47,8339.102086219797,0.6,-0.8073333333333333,"47.0,45.0,42.0,36.0,0.6","0,0,0"
16.783333333333335,152,AV,1,0,0,40,676.986575139749,0.1,-0.26783333333333337,"40.0,25.0,25.0,21.0,0.1","0,0,0"
20.416666666666668,9,AV,2,0,0,38,41.97637947099244,0.1,-0.3041666666666667,"38.0,19.0,22.0,17.0,0.1","0,0,0"
79.83333333333333,219,AV,0,0,0,64,1515.779668517339,0.1,-0.9379169227204961,"64.0,87.0,79.0,62.0,0.1","0,0,0"
16.266666666666666,30,AV,2,0,0,35,99.48363440118514,0.1,-0.26266666666666666,"35.0,13.0,17.0,10.0,0.1","0,0,0"
19.916666666666668,292,AV,2,0,0,41,7023.139561346669,0.5,-0.6991666666666667,"41.0,28.0,27.0,24.0,0.5","0,0,0"
32.516666666666666,163,AV,1,0,0,71,759.1228248988516,0.3,-0.6251666666666666,"71.0,99.0,90.0,73.0,0.3","0,0,0"
15.216666666666667,296,AV,0,0,0,34,9383.31062614728,0.6,-0.758560998304032,"34.0,11.0,15.0,10.0,0.6","0,0,0"
30.283333333333335,39,AV,2,0,0,56,127.48192867963044,0.1,-0.4028333333333334,"56.0,68.0,64.0,48.0,0.1","0,0,0"
20.166666666666668,185,AV,2,0,0,40,978.7281937768014,0.2,-0.4016666666666667,"40.0,25.0,25.0,21.0,0.2","0,0,0"
11.116666666666667,38,AV,0,0,0,30,122.3951650093391,0.9,-1.5013821093716284,"30.0,7.0,8.0,6.0,0.9","0,0,0"
14.883333333333333,150,AV,1,0,0,39,643.7584247618538,0.8,-0.9488333333333334,"39.0,21.0,23.0,20.0,0.8","0,0,0"
76.66666666666667,53,AV,0,0,0,62,156.28310263609694,0.2,-1.3505853308597444,"62.0,82.0,77.0,60.0,0.2","0,0,0"
13.8,177,AV,2,0,0,19,871.3191239918823,0.7,-0.838,"19.0,4.0,3.0,0.0,0.7","0,0,0"
44.78333333333333,43,AV,0,0,0,48,128.9705579675829,0.3,-1.2130557914317248,"48.0,46.0,46.0,39.0,0.3","0,0,0"
28.45,11,AV,2,0,0,51,50.01254647187068,0.4,-0.6845,"51.0,55.0,56.0,46.0,0.4","0,0,0"
34.583333333333336,76,AV,1,0,0,80,235.10474159069176,0.6,-0.9458333333333333,"80.0,103.0,102.0,82.0,0.6","0,0,0"
24.7,54,AV,1,0,0,52,158.6453765370725,0.2,-0.447,"52.0,57.0,56.0,47.0,0.2","0,0,0"
11.316666666666666,242,AV,1,0,0,23,1984.527452647332,0.6,-0.7131666666666666,"23.0,5.0,5.0,1.0,0.6","0,0,0"
27.316666666666666,143,AV,1,0,0,60,589.8964011874154,0.1,-0.37316666666666665,"60.0,78.0,73.0,57.0,0.1","0,0,0"
18.6,123,AV,1,0,0,42,402.8749697044063,0.1,-0.28600000000000003,"42.0,31.0,28.0,27.0,0.1","0,0,0"
39.65,148,AV,0,0,0,46,613.3437180047252,0.2,-0.694324430639294,"46.0,41.0,38.0,34.0,0.2","0,0,0"
27.0,229,AV,1,0,0,54,1705.7102265514764,0.1,-0.37,"54.0,62.0,61.0,48.0,0.1","0,0,0"
31.15,273,AV,1,0,0,68,3676.2069809995824,0.1,-0.4115,"68.0,93.0,88.0,70.0,0.1","0,0,0"
14.883333333333333,158,AV,2,0,0,30,734.9413774948675,0.3,-0.4488333333333333,"30.0,7.0,8.0,6.0,0.3","0,0,0"
78.51666666666667,90,AV,0,0,0,62,289.0246334581028,0.4,-1.392761428684409,"62.0,82.0,77.0,60.0,0.4","0,0,0"
28.25,232,AV,2,0,0,56,1758.0246378660397,0.5,-0.7825,"56.0,68.0,64.0,48.0,0.5","0,0,0"
18.133333333333333,138,AV,2,0,0,35,530.5321885458407,0.1,-0.2813333333333333,"35.0,13.0,17.0,10.0,0.1","0,0,0"
87.08333333333333,111,AV,0,0,0,69,337.92224372141624,0.4,-1.4483889725811125,"69.0,94.0,89.0,71.0,0.4","0,0,0"
22.516666666666666,95,AV,2,0,0,45,303.86275141798745,0.3,-0.5251666666666667,"45.0,40.0,36.0,32.0,0.3","0,0,0"
32.3,93,AV,1,0,0,66,297.660864959905,0.1,-0.42299999999999993,"66.0,90.0,83.0,66.0,0.1","0,0,0"
14.183333333333334,257,AV,0,0,0,30,2533.176014567522,0.1,-0.2655190147289246,"30.0,7.0,8.0,6.0,0.1","0,0,0"
20.616666666666667,88,AV,1,0,0,48,286.7789589449951,0.1,-0.3061666666666667,"48.0,46.0,46.0,39.0,0.1","0,0,0"
18.583333333333332,223,AV,0,0,0,37,1605.6798114547482,0.3,-0.5232006836431313,"37.0,15.0,20.0,16.0,0.3","0,0,0"
20.133333333333333,36,AV,1,0,0,46,113.76740875199872,0.2,-0.4013333333333333,"46.0,41.0,38.0,34.0,0.2","0,0,0"
31.0,174,AV,1,0,0,64,856.4335097815854,0.1,-0.41000000000000003,"64.0,87.0,79.0,62.0,0.1","0,0,0"
26.65,173,AV,1,0,0,56,839.0520067047356,0.1,-0.36649999999999994,"56.0,68.0,64.0,48.0,0.1","0,0,0"
21.166666666666668,195,AV,2,0,0,43,1058.1013598754355,0.1,-0.31166666666666665,"43.0,35.0,32.0,28.0,0.1","0,0,0"
12.0,278,AV,1,0,0,32,4138.432886103193,0.2,-0.32,"32.0,9.0,11.0,8.0,0.2","0,0,0"
30.783333333333335,245,AV,1,0,0,67,2022.4666550741224,0.6,-0.9078333333333333,"67.0,93.0,84.0,68.0,0.6","0,0,0"
16.8,16,AV,0,0,0,36,61.15000286461345,0.5,-1.6491937398080003,"36.0,13.0,20.0,14.0,0.5","0,0,0"
36.38333333333333,244,AV,2,0,0,75,2014.3195486686295,0.2,-0.5638333333333334,"75.0,103.0,98.0,80.0,0.2","0,0,0"
74.96666666666667,214,AV,0,0,0,61,1394.1294719570767,0.8,-1.5927042763054415,"61.0,79.0,74.0,58.0,0.8","0,0,0"
25.55,10,AV,1,0,0,53,43.56224756281427,0.1,-0.35550000000000004,"53.0,58.0,58.0,48.0,0.1","0,0,0"
19.9,146,AV,1,0,0,44,598.9553426177345,0.6,-0.7989999999999999,"44.0,37.0,33.0,32.0,0.6","0,0,0"
20.416666666666668,274,AV,2,0,0,43,3705.971408141423,0.5,-0.7041666666666667,"43.0,35.0,32.0,28.0,0.5","0,0,0"
69.51666666666667,236,AV,0,0,0,58,1830.1128661190853,0.3,-1.027951529890559,"58.0,72.0,68.0,54.0,0.3","0,0,0"
38.05,113,AV,2,0,0,83,341.5752338740841,0.7,-1.0804999999999998,"83.0,103.0,105.0,83.0,0.7","0,0,0"
18.716666666666665,0,AV,0,0,0,37,21.71863738525853,0.2,-3.1497709192117576,"37.0,15.0,20.0,16.0,0.2","0,0,0"
26.1,136,AV,1,0,0,56,504.0935527256924,0.1,-0.361,"56.0,68.0,64.0,48.0,0.1","0,0,0"
21.85,27,AV,1,0,0,50,83.42618279991096,0.4,-0.6185,"50.0,52.0,51.0,45.0,0.4","0,0,0"
29.05,191,AV,2,0,0,56,1034.2754485085857,0.1,-0.39049999999999996,"56.0,68.0,64.0,48.0,0.1","0,0,0"
22.366666666666667,211,AV,1,0,0,49,1352.582175252403,0.4,-0.6236666666666667,"49.0,48.0,49.0,42.0,0.4","0,0,0"
25.733333333333334,248,AV,1,0,0,55,2175.5990460655344,0.1,-0.3573333333333334,"55.0,64.0,63.0,48.0,0.1","0,0,0"
24.766666666666666,6,AV,1,0,0,53,35.49250048789561,0.2,-0.44766666666666666,"53.0,58.0,58.0,48.0,0.2","0,0,0"
24.133333333333333,210,AV,2,0,0,48,1351.9199105161697,0.1,-0.3413333333333333,"48.0,46.0,46.0,39.0,0.1","0,0,0"
22.95,139,AV,2,0,0,46,569.4160626285604,0.1,-0.3295,"46.0,41.0,38.0,34.0,0.1","0,0,0"
30.133333333333333,299,AV,1,0,0,64,16264.851250324373,0.6,-0.9013333333333333,"64.0,87.0,79.0,62.0,0.6","0,0,0"
47.983333333333334,3,AV,0,0,0,50,30.054552993917728,0.5,-2.9762030684660594,"50.0,52.0,51.0,45.0,0.5","0,0,0"
29.1,48,AV,0,0,0,41,137.827807757833,0.1,-0.8263257951067577,"41.0,28.0,27.0,24.0,0.1","0,0,0"
64.36666666666666,188,AV,0,0,0,56,993.7293377338834,0.2,-0.9040452805625037,"56.0,68.0,64.0,48.0,0.2","0,0,0"
19.516666666666666,189,AV,1,0,0,46,1007.7329331621582,0.8,-0.9951666666666668,"46.0,41.0,38.0,34.0,0.8","0,0,0"
81.31666666666666,60,AV,0,0,0,64,171.15878971364504,0.1,-1.2637183391830604,"64.0,87.0,79.0,62.0,0.1","0,0,0"
32.4,86,AV,2,0,0,64,276.83741534969,0.2,-0.524,"64.0,87.0,79.0,62.0,0.2","0,0,0"
24.533333333333335,64,AV,0,0,0,38,184.16464873139336,0.6,-1.171128758314763,"38.0,19.0,22.0,17.0,0.6","0,0,0"
8.1,289,AV,0,0,0,20,5882.974714238432,0.3,-0.39119892195946093,"20.0,4.0,3.0,1.0,0.3","0,0,0"
46.733333333333334,175,AV,0,0,0,49,867.4229261987472,0.4,-0.9365037439690473,"49.0,48.0,49.0,42.0,0.4","0,0,0"
9.7,66,AV,1,0,0,18,190.47208263928968,0.1,-0.197,"18.0,2.0,2.0,0.0,0.1","0,0,0"
23.283333333333335,155,AV,1,0,0,52,692.58252298672,0.2,-0.43283333333333335,"52.0,57.0,56.0,47.0,0.2","0,0,0"
34.166666666666664,83,AV,0,0,0,43,266.20563928630355,0.1,-0.6670563321931363,"43.0,35.0,32.0,28.0,0.1","0,0,0"
17.233333333333334,201,AV,1,0,0,42,1169.4570636721417,0.5,-0.6723333333333333,"42.0,31.0,28.0,27.0,0.5","0,0,0"
16.916666666666668,212,AV,2,0,0,36,1361.9532728152676,1.0,-1.1691666666666667,"36.0,13.0,20.0,14.0,1.0","0,0,0"
22.75,259,AV,2,0,0,43,2565.843684647137,0.4,-0.6275000000000001,"43.0,35.0,32.0,28.0,0.4","0,0,0"
32.166666666666664,126,AV,1,0,0,71,454.6325435698745,0.2,-0.5216666666666667,"71.0,99.0,90.0,73.0,0.2","0,0,0"
31.2,115,AV,1,0,0,64,353.9488125043377,0.6,-0.9119999999999999,"64.0,87.0,79.0,62.0,0.6","0,0,0"
32.53333333333333,21,AV,2,0,0,66,70.98092886176617,0.7,-1.0253333333333332,"66.0,90.0,83.0,66.0,0.7","0,0,0"
33.2,238,AV,1,0,0,75,1935.6326423628057,0.2,-0.532,"75.0,103.0,98.0,80.0,0.2","0,0,0"
33.71666666666667,165,AV,2,0,0,70,778.2824569303161,0.2,-0.5371666666666667,"70.0,98.0,90.0,71.0,0.2","0,0,0"
57.43333333333333,51,AV,0,0,0,53,146.51648076713536,0.2,-1.1838435787736428,"53.0,58.0,58.0,48.0,0.2","0,0,0"
41.2,168,AV,0,0,0,46,811.9223311028298,0.1,-0.5858986941257083,"46.0,41.0,38.0,34.0,0.1","0,0,0"
21.8,68,AV,0,0,0,39,202.1671703328395,0.3,-0.8147840916070523,"39.0,21.0,23.0,20.0,0.3","0,0,0"
94.55,81,AV,0,0,0,88,245.0458802045612,0.3,-1.4903521066745247,"88.0,104.0,107.0,85.0,0.3","0,0,0"
34.45,23,AV,2,0,0,68,73.09160502322729,0.2,-0.5445,"68.0,93.0,88.0,70.0,0.2","0,0,0"
84.88333333333334,265,AV,0,0,0,68,2707.974408753956,0.9,-1.7709901158369052,"68.0,93.0,88.0,70.0,0.9","0,0,0"
22.616666666666667,12,AV,1,0,0,50,50.6389294692178,0.6,-0.8261666666666667,"50.0,52.0,51.0,45.0,0.6","0,0,0"
24.85,196,AV,2,0,0,46,1072.9923340312846,0.2,-0.4485,"46.0,41.0,38.0,34.0,0.2","0,0,0"
54.8,131,AV,0,0,0,66,478.5239287445675,0.8,-1.473385579269595,"66.0,90.0,83.0,66.0,0.8","0,0,0"
20.466666666666665,286,AV,0,0,0,37,4643.870520802318,0.4,-0.6175869235367126,"37.0,15.0,20.0,16.0,0.4","0,0,0"
76.25,246,AV,0,0,0,62,2108.112350525404,0.2,-0.9909614811848364,"62.0,82.0,77.0,60.0,0.2","0,0,0"
17.85,13,AV,2,0,0,30,56.9655073659875,0.4,-0.5785,"30.0,7.0,8.0,6.0,0.4","0,0,0"
11.3,85,AV,1,0,0,31,271.08983460321,0.4,-0.513,"31.0,9.0,10.0,8.0,0.4","0,0,0"
15.666666666666666,34,AV,1,0,0,39,107.2916859288986,0.2,-0.3566666666666667,"39.0,21.0,23.0,20.0,0.2","0,0,0"
26.766666666666666,61,AV,1,0,0,58,174.5089400609995,0.4,-0.6676666666666666,"58.0,72.0,68.0,54.0,0.4","0,0,0"
34.75,56,AV,2,0,0,72,159.55488147859677,0.5,-0.8474999999999999,"72.0,99.0,92.0,74.0,0.5","0,0,0"
19.8,110,AV,1,0,0,46,334.4893823354989,0.1,-0.29800000000000004,"46.0,41.0,38.0,34.0,0.1","0,0,0"
71.2,72,AV,0,0,0,58,219.7200008165888,0.3,-1.2850748214864836,"58.0,72.0,68.0,54.0,0.3","0,0,0"
16.833333333333332,224,AV,2,0,0,37,1626.375456099421,0.3,-0.4683333333333333,"37.0,15.0,20.0,16.0,0.3","0,0,0"
38.15,84,AV,1,0,0,87,269.8898673920239,0.1,-0.48150000000000004,"87.0,104.0,106.0,85.0,0.1","0,0,0"
78.13333333333334,230,AV,0,0,0,62,1720.0254515592144,0.1,-0.9162165380821989,"62.0,82.0,77.0,60.0,0.1","0,0,0"
57.333333333333336,270,AV,0,0,0,53,3361.647791920232,0.7,-1.2911817230855884,"53.0,58.0,58.0,48.0,0.7","0,0,0"
36.31666666666667,204,AV,2,0,0,74,1258.6658106662562,0.1,-0.4631666666666667,"74.0,102.0,96.0,77.0,0.1","0,0,0"
90.05,233,AV,0,0,0,73,1760.003078768232,0.4,-1.3345908494557817,"73.0,99.0,95.0,75.0,0.4","0,0,0"
6.65,209,AV,0,0,0,17,1328.242730468568,0.1,-0.2116724663148231,"17.0,1.0,2.0,0.0,0.1","0,0,0"
21.533333333333335,79,AV,1,0,0,48,243.89016058691595,0.4,-0.6153333333333334,"48.0,46.0,46.0,39.0,0.4","0,0,0"
26.6,202,AV,1,0,0,56,1180.8933350413256,0.2,-0.466,"56.0,68.0,64.0,48.0,0.2","0,0,0"
36.166666666666664,63,AV,2,0,0,74,182.60447896210496,0.4,-0.7616666666666667,"74.0,102.0,96.0,77.0,0.4","0,0,0"
16.866666666666667,107,AV,0,0,0,36,327.9812238700901,0.3,-0.6516039680524477,"36.0,13.0,20.0,14.0,0.3","0,0,0"
27.183333333333334,198,AV,2,0,0,49,1101.3648052025387,0.7,-0.9718333333333333,"49.0,48.0,49.0,42.0,0.7","0,0,0"
15.016666666666667,65,AV,1,0,0,35,188.1809522587269,0.4,-0.5501666666666667,"35.0,13.0,17.0,10.0,0.4","0,0,0"
89.11666666666666,156,AV,0,0,0,69,701.0129653895691,0.1,-1.076757095035786,"69.0,94.0,89.0,71.0,0.1","0,0,0"
9.966666666666667,282,AV,0,0,0,25,4375.144415198794,0.5,-0.6133804996984555,"25.0,5.0,6.0,2.0,0.5","0,0,0"
28.9,288,AV,1,0,0,63,5418.173617588036,0.3,-0.589,"63.0,86.0,77.0,61.0,0.3","0,0,0"
48.266666666666666,235,AV,0,0,0,49,1800.236182483737,0.5,-1.0159956268241164,"49.0,48.0,49.0,42.0,0.5","0,0,0"
32.8,114,AV,1,0,0,72,347.3466033944039,0.5,-0.828,"72.0,99.0,92.0,74.0,0.5","0,0,0"
10.416666666666666,263,AV,0,0,0,18,2643.144867813206,0.1,-0.2268668980201001,"18.0,2.0,2.0,0.0,0.1","0,0,0"
15.083333333333334,216,AV,1,0,0,41,1449.6721998199296,0.2,-0.35083333333333333,"41.0,28.0,27.0,24.0,0.2","0,0,0"
24.583333333333332,194,AV,2,0,0,47,1055.5009210143155,0.3,-0.5458333333333333,"47.0,45.0,42.0,36.0,0.3","0,0,0"
34.483333333333334,205,AV,2,0,0,67,1259.0053412109537,0.1,-0.4448333333333333,"67.0,93.0,84.0,68.0,0.1","0,0,0"
11.183333333333334,153,AV,1,0,0,20,679.8899681104378,0.1,-0.21183333333333335,"20.0,4.0,3.0,1.0,0.1","0,0,0"
36.05,231,AV,0,0,0,44,1742.1574128439938,0.1,-0.494940056654842,"44.0,37.0,33.0,32.0,0.1","0,0,0"
34.8,15,AV,1,0,0,90,58.07880344506588,0.1,-0.44799999999999995,"90.0,105.0,107.0,85.0,0.1","0,0,0"
21.783333333333335,117,AV,2,0,0,41,386.6869563383244,1.0,-1.2178333333333333,"41.0,28.0,27.0,24.0,1.0","0,0,0"
17.383333333333333,46,AV,1,0,0,42,133.4659453520906,0.7,-0.8738333333333332,"42.0,31.0,28.0,27.0,0.7","0,0,0"
53.45,102,AV,0,0,0,52,320.04731439316066,0.4,-1.1219722808212453,"52.0,57.0,56.0,47.0,0.4","0,0,0"
17.333333333333332,5,AV,2,0,0,39,33.11520495706996,0.1,-0.2733333333333333,"39.0,21.0,23.0,20.0,0.1","0,0,0"
24.066666666666666,49,AV,0,0,0,39,139.4956714174783,0.1,-0.7707875398831113,"39.0,21.0,23.0,20.0,0.1","0,0,0"
33.0,37,AV,1,0,0,73,121.1666687229946,0.1,-0.43000000000000005,"73.0,99.0,95.0,75.0,0.1","0,0,0"
30.033333333333335,182,AV,2,0,0,56,968.3977162602168,0.2,-0.5003333333333333,"56.0,68.0,64.0,48.0,0.2","0,0,0"
22.516666666666666,251,AV,1,0,0,48,2335.546972870862,0.4,-0.6251666666666666,"48.0,46.0,46.0,39.0,0.4","0,0,0"
23.783333333333335,252,AV,1,0,0,54,2370.492766377288,0.2,-0.43783333333333335,"54.0,62.0,61.0,48.0,0.2","0,0,0"
92.7,96,AV,0,0,0,73,310.2654622498719,0.6,-1.7203827876455002,"73.0,99.0,95.0,75.0,0.6","0,0,0"
35.2,17,AV,1,0,0,80,62.02784652287068,0.6,-0.952,"80.0,103.0,102.0,82.0,0.6","0,0,0"
16.7,104,AV,1,0,0,40,324.2513705164505,0.2,-0.367,"40.0,25.0,25.0,21.0,0.2","0,0,0"
32.03333333333333,294,AV,1,0,0,67,8303.39937180809,0.4,-0.7203333333333333,"67.0,93.0,84.0,68.0,0.4","0,0,0"
32.71666666666667,1,AV,0,0,0,42,25.36437593022136,0.3,-2.992689089337855,"42.0,31.0,28.0,27.0,0.3","0,0,0"
34.61666666666667,169,AV,2,0,0,58,820.6009539766088,0.1,-0.4461666666666667,"58.0,72.0,68.0,54.0,0.1","0,0,0"
17.6,87,AV,2,0,0,38,283.2688492566928,0.2,-0.376,"38.0,19.0,22.0,17.0,0.2","0,0,0"
31.583333333333332,213,AV,1,0,0,67,1368.7940705071314,0.5,-0.8158333333333333,"67.0,93.0,84.0,68.0,0.5","0,0,0"
12.483333333333333,55,AV,1,0,0,34,158.9425618344063,0.3,-0.4248333333333333,"34.0,11.0,15.0,10.0,0.3","0,0,0"
37.55,225,AV,2,0,0,100,1652.2580580022411,0.5,-0.8755,"100.0,105.0,108.0,86.0,0.5","0,0,0"
31.166666666666668,40,AV,1,0,0,63,127.88883641009588,0.2,-0.5116666666666667,"63.0,86.0,77.0,61.0,0.2","0,0,0"
26.633333333333333,157,AV,1,0,0,58,704.2816100207141,0.2,-0.4663333333333333,"58.0,72.0,68.0,54.0,0.2","0,0,0"
41.15,33,AV,0,0,0,46,104.17042076097816,0.3,-1.287479242108195,"46.0,41.0,38.0,34.0,0.3","0,0,0"
33.43333333333333,206,AV,2,0,0,61,1287.2808357341378,0.3,-0.6343333333333333,"61.0,79.0,74.0,58.0,0.3","0,0,0"
29.183333333333334,75,AV,0,0,0,41,231.84237642249164,0.6,-1.150629852441905,"41.0,28.0,27.0,24.0,0.6","0,0,0"
35.083333333333336,226,AV,1,0,0,81,1679.218473323897,0.1,-0.4508333333333333,"81.0,103.0,104.0,82.0,0.1","0,0,0"
6.683333333333334,18,AV,0,0,0,13,63.21977046916082,0.1,-1.1159035301204059,"13.0,0.0,0.0,0.0,0.1","0,0,0"
26.15,269,AV,0,0,0,39,3086.929619222636,0.4,-0.6809367891079776,"39.0,21.0,23.0,20.0,0.4","0,0,0"
