travel_time,id,kind,action,origin,destination,start_time,income,urgency,reward,observation,cost_table
37.93333333333333,43,AV,0,0,0,41,156.0854553140887,0.2,-1.5403453616363996,"41.0,37.0,24.0,28.0,0.2","0,0,0"
33.016666666666666,278,AV,1,0,0,67,4210.301272219099,0.4,-0.7301666666666666,"67.0,97.0,79.0,74.0,0.4","0,0,0"
61.15,86,AV,0,0,0,51,327.9812238700901,0.2,-1.2688432534644525,"51.0,61.0,47.0,46.0,0.2","0,0,0"
11.383333333333333,168,AV,0,0,0,24,838.3186745101701,0.3,-0.5927629033893088,"24.0,6.0,5.0,2.0,0.3","0,0,0"
8.4,89,AV,0,0,0,16,345.48044692546824,0.6,-1.1181779725448835,"16.0,4.0,2.0,1.0,0.6","0,0,0"
32.733333333333334,22,AV,1,0,0,70,101.84537020033218,0.2,-0.5273333333333334,"70.0,100.0,83.0,80.0,0.2","0,0,0"
35.8,123,AV,2,0,0,69,514.2956396558626,0.9,-1.258,"69.0,99.0,82.0,77.0,0.9","0,0,0"
22.183333333333334,247,AV,2,0,0,45,2205.36379865568,0.2,-0.42183333333333334,"45.0,50.0,30.0,33.0,0.2","0,0,0"
66.01666666666667,255,AV,0,0,0,54,2497.032767507091,0.1,-0.8202379648698345,"54.0,70.0,53.0,49.0,0.1","0,0,0"
14.333333333333334,73,AV,1,0,0,35,286.7789589449951,0.6,-0.7433333333333333,"35.0,23.0,13.0,13.0,0.6","0,0,0"
17.583333333333332,84,AV,2,0,0,31,324.8982921678404,0.1,-0.2758333333333333,"31.0,20.0,10.0,9.0,0.1","0,0,0"
26.216666666666665,47,AV,1,0,0,56,171.15878971364504,0.1,-0.36216666666666664,"56.0,78.0,59.0,55.0,0.1","0,0,0"
35.5,244,AV,1,0,0,81,2014.3195486686295,0.4,-0.755,"81.0,103.0,102.0,87.0,0.4","0,0,0"
18.016666666666666,297,AV,1,0,0,41,14168.539128501588,0.1,-0.2801666666666667,"41.0,37.0,24.0,28.0,0.1","0,0,0"
16.416666666666668,125,AV,2,0,0,35,530.5321885458407,0.3,-0.46416666666666667,"35.0,23.0,13.0,13.0,0.3","0,0,0"
24.083333333333332,80,AV,2,0,0,46,309.1361742137219,0.2,-0.4408333333333333,"46.0,51.0,33.0,35.0,0.2","0,0,0"
80.03333333333333,267,AV,0,0,0,59,3330.4760607564044,0.3,-1.145371939605715,"59.0,86.0,63.0,61.0,0.3","0,0,0"
20.366666666666667,78,AV,1,0,0,45,300.7016368165509,0.5,-0.7036666666666667,"45.0,50.0,30.0,33.0,0.5","0,0,0"
38.75,151,AV,2,0,0,88,735.2281135508055,0.4,-0.7875000000000001,"88.0,103.0,104.0,90.0,0.4","0,0,0"
37.71666666666667,282,AV,0,0,0,41,4600.328226155114,0.2,-0.6097730357398943,"41.0,37.0,24.0,28.0,0.2","0,0,0"
21.733333333333334,137,AV,1,0,0,50,608.6584526191908,0.1,-0.31733333333333336,"50.0,59.0,43.0,44.0,0.1","0,0,0"
16.05,288,AV,2,0,0,33,6424.431240070765,0.3,-0.4605,"33.0,21.0,12.0,10.0,0.3","0,0,0"
22.3,145,AV,2,0,0,41,656.4177427553599,0.3,-0.523,"41.0,37.0,24.0,28.0,0.3","0,0,0"
35.93333333333333,140,AV,2,0,0,71,621.3153718432901,0.5,-0.8593333333333333,"71.0,100.0,89.0,80.0,0.5","0,0,0"
39.9,41,AV,2,0,0,81,148.1428095163657,0.5,-0.899,"81.0,103.0,102.0,87.0,0.5","0,0,0"
34.6,218,AV,2,0,0,66,1479.2287287157783,0.2,-0.546,"66.0,97.0,77.0,73.0,0.2","0,0,0"
61.06666666666667,93,AV,0,0,0,52,353.9488125043377,0.2,-1.2344567591907423,"52.0,63.0,48.0,46.0,0.2","0,0,0"
39.75,156,AV,2,0,0,93,759.1228248988516,0.1,-0.49750000000000005,"93.0,103.0,104.0,91.0,0.1","0,0,0"
32.53333333333333,15,AV,0,0,0,40,74.8315279786278,0.3,-2.6298360349598537,"40.0,33.0,22.0,26.0,0.3","0,0,0"
23.1,239,AV,1,0,0,52,1935.3420456463784,0.6,-0.831,"52.0,63.0,48.0,46.0,0.6","0,0,0"
24.283333333333335,23,AV,2,0,0,46,101.89439376691462,0.6,-0.8428333333333333,"46.0,51.0,33.0,35.0,0.6","0,0,0"
22.2,256,AV,0,0,0,31,2524.705132498912,0.8,-1.0814128787830097,"31.0,20.0,10.0,9.0,0.8","0,0,0"
15.266666666666667,298,AV,1,0,0,38,16264.851250324373,0.2,-0.3526666666666667,"38.0,29.0,18.0,22.0,0.2","0,0,0"
73.46666666666667,70,AV,0,0,0,56,271.08983460321,0.1,-1.3879887793145005,"56.0,78.0,59.0,55.0,0.1","0,0,0"
30.833333333333332,116,AV,2,0,0,60,475.2981549606178,0.1,-0.4083333333333333,"60.0,87.0,65.0,62.0,0.1","0,0,0"
32.86666666666667,249,AV,1,0,0,70,2285.8845778904138,0.1,-0.42866666666666664,"70.0,100.0,83.0,80.0,0.1","0,0,0"
37.9,107,AV,2,0,0,69,432.47336111247057,0.1,-0.479,"69.0,99.0,82.0,77.0,0.1","0,0,0"
27.066666666666666,34,AV,2,0,0,54,132.45067609993978,0.6,-0.8706666666666667,"54.0,70.0,53.0,49.0,0.6","0,0,0"
30.483333333333334,9,AV,2,0,0,57,58.51027769913297,0.3,-0.6048333333333333,"57.0,83.0,60.0,55.0,0.3","0,0,0"
34.06666666666667,4,AV,2,0,0,68,43.56224756281427,0.4,-0.7406666666666667,"68.0,97.0,80.0,76.0,0.4","0,0,0"
34.083333333333336,72,AV,1,0,0,72,283.2688492566928,0.3,-0.6408333333333334,"72.0,100.0,90.0,83.0,0.3","0,0,0"
26.516666666666666,88,AV,1,0,0,54,343.40004820457364,0.6,-0.8651666666666666,"54.0,70.0,53.0,49.0,0.6","0,0,0"
24.816666666666666,236,AV,2,0,0,49,1807.4779846946792,0.4,-0.6481666666666667,"49.0,56.0,42.0,41.0,0.4","0,0,0"
17.816666666666666,182,AV,1,0,0,42,968.3977162602168,0.1,-0.2781666666666667,"42.0,42.0,26.0,29.0,0.1","0,0,0"
55.61666666666667,129,AV,0,0,0,49,565.8069776648631,0.3,-1.1212747440167616,"49.0,56.0,42.0,41.0,0.3","0,0,0"
6.833333333333333,27,AV,0,0,0,9,121.13169212124645,0.1,-1.4066550092978523,"9.0,1.0,0.0,1.0,0.1","0,0,0"
29.433333333333334,138,AV,2,0,0,57,618.838378223228,0.1,-0.3943333333333333,"57.0,83.0,60.0,55.0,0.1","0,0,0"
88.55,199,AV,0,0,0,65,1088.2969295046496,0.1,-1.123330031431104,"65.0,96.0,76.0,72.0,0.1","0,0,0"
18.633333333333333,279,AV,1,0,0,45,4444.7577609881455,0.4,-0.5863333333333334,"45.0,50.0,30.0,33.0,0.4","0,0,0"
17.766666666666666,215,AV,1,0,0,40,1420.233390862697,0.1,-0.2776666666666667,"40.0,33.0,22.0,26.0,0.1","0,0,0"
29.983333333333334,258,AV,1,0,0,60,2565.843684647137,0.1,-0.3998333333333334,"60.0,87.0,65.0,62.0,0.1","0,0,0"
13.233333333333333,257,AV,2,0,0,16,2533.168493515795,0.1,-0.23233333333333334,"16.0,4.0,2.0,1.0,0.1","0,0,0"
16.65,169,AV,2,0,0,29,838.6771865066347,0.2,-0.3665,"29.0,15.0,8.0,5.0,0.2","0,0,0"
29.55,250,AV,1,0,0,59,2290.946048729945,1.0,-1.2955,"59.0,86.0,63.0,61.0,1.0","0,0,0"
71.46666666666667,28,AV,0,0,0,55,124.13379641007708,0.2,-2.123040246932219,"55.0,74.0,57.0,52.0,0.2","0,0,0"
34.833333333333336,162,AV,0,0,0,40,787.2966827284853,0.4,-0.9388587137784209,"40.0,33.0,22.0,26.0,0.4","0,0,0"
19.65,55,AV,1,0,0,47,195.6749696905265,0.2,-0.39649999999999996,"47.0,51.0,35.0,37.0,0.2","0,0,0"
20.5,246,AV,1,0,0,47,2081.2855425767225,0.2,-0.405,"47.0,51.0,35.0,37.0,0.2","0,0,0"
14.983333333333333,97,AV,2,0,0,24,382.0774493090788,0.3,-0.4498333333333333,"24.0,6.0,5.0,2.0,0.3","0,0,0"
85.66666666666667,20,AV,0,0,0,62,99.17747128700466,0.4,-2.7691069220339624,"62.0,92.0,69.0,64.0,0.4","0,0,0"
30.533333333333335,252,AV,2,0,0,55,2349.062057887908,0.6,-0.9053333333333333,"55.0,74.0,57.0,52.0,0.6","0,0,0"
13.2,53,AV,0,0,0,26,191.16496154888893,0.4,-1.3166626221910374,"26.0,10.0,5.0,3.0,0.4","0,0,0"
10.933333333333334,294,AV,1,0,0,23,9364.069863338867,0.8,-0.9093333333333333,"23.0,6.0,3.0,2.0,0.8","0,0,0"
20.1,133,AV,1,0,0,47,587.645010447796,0.5,-0.7010000000000001,"47.0,51.0,35.0,37.0,0.5","0,0,0"
24.416666666666668,7,AV,2,0,0,49,57.1800058113267,0.3,-0.5441666666666667,"49.0,56.0,42.0,41.0,0.3","0,0,0"
80.18333333333334,273,AV,0,0,0,60,3900.46937082072,0.4,-1.240290243448343,"60.0,87.0,65.0,62.0,0.4","0,0,0"
25.833333333333332,112,AV,2,0,0,48,460.7984737406125,0.1,-0.3583333333333333,"48.0,53.0,40.0,40.0,0.1","0,0,0"
25.216666666666665,2,AV,1,0,0,54,28.11720881153488,0.5,-0.7521666666666667,"54.0,70.0,53.0,49.0,0.5","0,0,0"
43.416666666666664,52,AV,0,0,0,42,188.1809522587269,0.8,-2.0312717838400958,"42.0,42.0,26.0,29.0,0.8","0,0,0"
85.65,38,AV,0,0,0,63,139.74280886755346,0.1,-2.029900493489208,"63.0,93.0,74.0,68.0,0.1","0,0,0"
33.88333333333333,30,AV,2,0,0,65,125.63623276935256,0.1,-0.4388333333333333,"65.0,96.0,76.0,72.0,0.1","0,0,0"
40.95,3,AV,0,0,0,42,30.054552993917728,0.1,-5.500424337831815,"42.0,42.0,26.0,29.0,0.1","0,0,0"
15.433333333333334,99,AV,0,0,0,26,387.6402231137188,0.4,-0.9412900809977669,"26.0,10.0,5.0,3.0,0.4","0,0,0"
32.266666666666666,254,AV,1,0,0,65,2429.416152827149,0.5,-0.8226666666666667,"65.0,96.0,76.0,72.0,0.5","0,0,0"
16.4,132,AV,2,0,0,29,572.4202749773186,0.1,-0.264,"29.0,15.0,8.0,5.0,0.1","0,0,0"
62.5,98,AV,0,0,0,52,383.2190970610108,0.8,-1.8164209942833802,"52.0,63.0,48.0,46.0,0.8","0,0,0"
21.233333333333334,111,AV,1,0,0,48,456.8432548923493,0.6,-0.8123333333333334,"48.0,53.0,40.0,40.0,0.6","0,0,0"
33.21666666666667,241,AV,1,0,0,70,1951.0074674158752,0.3,-0.6321666666666667,"70.0,100.0,83.0,80.0,0.3","0,0,0"
15.5,131,AV,2,0,0,30,570.3765755106751,0.2,-0.355,"30.0,18.0,9.0,8.0,0.2","0,0,0"
62.25,46,AV,0,0,0,53,160.60120068012415,0.1,-1.6564905266260184,"53.0,66.0,50.0,47.0,0.1","0,0,0"
31.383333333333333,225,AV,2,0,0,62,1705.6832407711313,0.8,-1.1138333333333335,"62.0,92.0,69.0,64.0,0.8","0,0,0"
45.166666666666664,204,AV,0,0,0,43,1242.0870586589915,0.2,-0.7724311484751691,"43.0,45.0,28.0,29.0,0.2","0,0,0"
38.266666666666666,64,AV,2,0,0,74,235.10474159069176,0.2,-0.5826666666666667,"74.0,101.0,93.0,85.0,0.2","0,0,0"
11.4,164,AV,0,0,0,25,820.6009539766088,0.1,-0.3967928657322469,"25.0,8.0,5.0,3.0,0.1","0,0,0"
21.883333333333333,210,AV,1,0,0,50,1310.5294239370548,0.1,-0.3188333333333333,"50.0,59.0,43.0,44.0,0.1","0,0,0"
76.88333333333334,285,AV,0,0,0,58,5183.220757718425,0.2,-0.9977728686168021,"58.0,83.0,62.0,59.0,0.2","0,0,0"
86.86666666666666,266,AV,0,0,0,63,3274.3376981831766,0.2,-1.1144774576804433,"63.0,93.0,74.0,68.0,0.2","0,0,0"
26.05,37,AV,1,0,0,55,139.4956714174783,0.5,-0.7605,"55.0,74.0,57.0,52.0,0.5","0,0,0"
27.5,248,AV,1,0,0,58,2256.362002420043,0.3,-0.575,"58.0,83.0,62.0,59.0,0.3","0,0,0"
14.433333333333334,165,AV,2,0,0,26,827.5066221596593,0.3,-0.44433333333333336,"26.0,10.0,5.0,3.0,0.3","0,0,0"
15.966666666666667,286,AV,2,0,0,29,5793.758653498449,0.2,-0.3596666666666667,"29.0,15.0,8.0,5.0,0.2","0,0,0"
88.61666666666666,155,AV,0,0,0,68,745.476369685405,0.3,-1.3873802880498645,"68.0,97.0,80.0,76.0,0.3","0,0,0"
10.766666666666667,144,AV,1,0,0,20,643.7584247618538,0.2,-0.3076666666666667,"20.0,5.0,2.0,2.0,0.2","0,0,0"
35.4,108,AV,1,0,0,93,437.9511840569381,0.4,-0.754,"93.0,103.0,104.0,91.0,0.4","0,0,0"
17.883333333333333,142,AV,1,0,0,42,638.6125852208626,0.6,-0.7788333333333333,"42.0,42.0,26.0,29.0,0.6","0,0,0"
24.55,44,AV,1,0,0,54,158.6453765370725,0.3,-0.5455,"54.0,70.0,53.0,49.0,0.3","0,0,0"
33.53333333333333,45,AV,1,0,0,74,158.942113367733,0.6,-0.9353333333333333,"74.0,101.0,93.0,85.0,0.6","0,0,0"
25.516666666666666,128,AV,0,0,0,36,545.4154669598349,0.1,-0.6301863701527178,"36.0,23.0,15.0,17.0,0.1","0,0,0"
88.76666666666667,110,AV,0,0,0,68,454.6325435698745,0.2,-1.4176034521465777,"68.0,97.0,80.0,76.0,0.2","0,0,0"
25.1,92,AV,2,0,0,44,348.61539001470265,0.2,-0.451,"44.0,48.0,29.0,29.0,0.2","0,0,0"
28.866666666666667,268,AV,1,0,0,60,3393.532030022936,0.2,-0.4886666666666667,"60.0,87.0,65.0,62.0,0.2","0,0,0"
20.316666666666666,135,AV,1,0,0,46,597.206522047073,0.2,-0.4031666666666667,"46.0,51.0,33.0,35.0,0.2","0,0,0"
24.016666666666666,104,AV,1,0,0,53,418.65590429856985,0.2,-0.4401666666666667,"53.0,66.0,50.0,47.0,0.2","0,0,0"
35.18333333333333,299,AV,2,0,0,69,19120.55707890884,0.1,-0.4518333333333333,"69.0,99.0,82.0,77.0,0.1","0,0,0"
18.916666666666668,191,AV,0,0,0,29,1007.7329331621582,0.2,-0.5380156276005086,"29.0,15.0,8.0,5.0,0.2","0,0,0"
12.783333333333333,192,AV,1,0,0,32,1034.2754485085857,0.3,-0.4278333333333333,"32.0,21.0,11.0,10.0,0.3","0,0,0"
36.06666666666667,147,AV,2,0,0,63,666.5691668419556,0.3,-0.6606666666666667,"63.0,93.0,74.0,68.0,0.3","0,0,0"
21.816666666666666,1,AV,2,0,0,44,25.36437593022136,0.3,-0.5181666666666667,"44.0,48.0,29.0,29.0,0.3","0,0,0"
48.36666666666667,54,AV,0,0,0,44,192.26059616986336,0.2,-1.4638577353944164,"44.0,48.0,29.0,29.0,0.2","0,0,0"
27.816666666666666,35,AV,2,0,0,54,132.55140481318696,0.6,-0.8781666666666667,"54.0,70.0,53.0,49.0,0.6","0,0,0"
26.083333333333332,174,AV,2,0,0,50,871.3191239918823,0.4,-0.6608333333333334,"50.0,59.0,43.0,44.0,0.4","0,0,0"
33.71666666666667,5,AV,1,0,0,76,45.71626857969611,0.4,-0.7371666666666667,"76.0,101.0,97.0,87.0,0.4","0,0,0"
11.05,69,AV,1,0,0,14,266.20563928630355,0.1,-0.21050000000000002,"14.0,3.0,1.0,1.0,0.1","0,0,0"
23.483333333333334,102,AV,2,0,0,47,409.2186221552265,0.8,-1.0348333333333333,"47.0,51.0,35.0,37.0,0.8","0,0,0"
18.05,189,AV,1,0,0,38,995.605462623481,0.1,-0.28049999999999997,"38.0,29.0,18.0,22.0,0.1","0,0,0"
18.533333333333335,209,AV,2,0,0,38,1308.8239993104885,0.3,-0.48533333333333334,"38.0,29.0,18.0,22.0,0.3","0,0,0"
33.6,281,AV,1,0,0,72,4571.306289887176,0.6,-0.9359999999999999,"72.0,100.0,90.0,83.0,0.6","0,0,0"
25.9,223,AV,0,0,0,36,1644.3864154481514,0.1,-0.4502194351588096,"36.0,23.0,15.0,17.0,0.1","0,0,0"
20.566666666666666,176,AV,0,0,0,29,887.4154983929301,0.3,-0.6746968450573341,"29.0,15.0,8.0,5.0,0.3","0,0,0"
43.53333333333333,293,AV,0,0,0,42,8339.102086219797,0.4,-0.8533208814469213,"42.0,42.0,26.0,29.0,0.4","0,0,0"
45.21666666666667,275,AV,0,0,0,43,3946.264390619724,0.9,-1.390177297773024,"43.0,45.0,28.0,29.0,0.9","0,0,0"
38.266666666666666,173,AV,2,0,0,73,867.4229261987472,0.9,-1.2826666666666666,"73.0,101.0,93.0,84.0,0.9","0,0,0"
36.95,296,AV,2,0,0,72,13606.96648436918,0.3,-0.6695,"72.0,100.0,90.0,83.0,0.3","0,0,0"
74.83333333333333,31,AV,0,0,0,56,127.88883641009588,0.4,-2.3212269510295735,"56.0,78.0,59.0,55.0,0.4","0,0,0"
19.3,48,AV,2,0,0,36,175.15556042839705,0.2,-0.393,"36.0,23.0,15.0,17.0,0.2","0,0,0"
17.716666666666665,75,AV,1,0,0,40,290.47331993559897,0.2,-0.37716666666666665,"40.0,33.0,22.0,26.0,0.2","0,0,0"
58.68333333333333,263,AV,0,0,0,51,3086.929619222636,0.3,-0.9354253061032773,"51.0,61.0,47.0,46.0,0.3","0,0,0"
26.733333333333334,200,AV,2,0,0,53,1116.1541548808557,0.5,-0.7673333333333334,"53.0,66.0,50.0,47.0,0.5","0,0,0"
31.016666666666666,81,AV,1,0,0,62,310.2654622498719,0.7,-1.0101666666666667,"62.0,92.0,69.0,64.0,0.7","0,0,0"
33.46666666666667,202,AV,1,0,0,70,1155.9184127803474,0.9,-1.2346666666666666,"70.0,100.0,83.0,80.0,0.9","0,0,0"
26.15,150,AV,1,0,0,55,725.0601948757609,0.7,-0.9615,"55.0,74.0,57.0,52.0,0.7","0,0,0"
29.35,240,AV,1,0,0,61,1941.4706511681436,0.1,-0.39350000000000007,"61.0,90.0,67.0,63.0,0.1","0,0,0"
15.5,146,AV,1,0,0,37,660.8996867055231,0.3,-0.45499999999999996,"37.0,26.0,16.0,20.0,0.3","0,0,0"
21.35,115,AV,2,0,0,40,466.6387223384215,0.3,-0.5135000000000001,"40.0,33.0,22.0,26.0,0.3","0,0,0"
27.75,21,AV,2,0,0,54,99.4900475674065,0.3,-0.5775,"54.0,70.0,53.0,49.0,0.3","0,0,0"
20.183333333333334,0,AV,1,0,0,44,25.103227889057084,0.1,-0.30183333333333334,"44.0,48.0,29.0,29.0,0.1","0,0,0"
34.9,100,AV,1,0,0,75,397.3653918103196,0.9,-1.249,"75.0,101.0,94.0,87.0,0.9","0,0,0"
30.933333333333334,160,AV,1,0,0,64,787.1715220388722,0.3,-0.6093333333333333,"64.0,96.0,74.0,70.0,0.3","0,0,0"
30.483333333333334,229,AV,2,0,0,59,1747.2223031309911,0.3,-0.6048333333333333,"59.0,86.0,63.0,61.0,0.3","0,0,0"
19.25,193,AV,1,0,0,43,1038.87152077643,0.4,-0.5925,"43.0,45.0,28.0,29.0,0.4","0,0,0"
15.3,265,AV,0,0,0,25,3242.8471353445766,0.3,-0.49925564935365396,"25.0,8.0,5.0,3.0,0.3","0,0,0"
57.233333333333334,161,AV,0,0,0,50,787.2200490673971,0.9,-1.6628772608891698,"50.0,59.0,43.0,44.0,0.9","0,0,0"
11.983333333333333,87,AV,1,0,0,30,338.50527069250967,0.1,-0.21983333333333333,"30.0,18.0,9.0,8.0,0.1","0,0,0"
15.166666666666666,67,AV,2,0,0,7,252.27575907887604,0.2,-0.3516666666666667,"7.0,0.0,0.0,0.0,0.2","0,0,0"
33.85,33,AV,1,0,0,71,130.78465666521578,0.4,-0.7385,"71.0,100.0,89.0,80.0,0.4","0,0,0"
33.35,207,AV,2,0,0,67,1286.053278449689,0.2,-0.5335000000000001,"67.0,97.0,79.0,74.0,0.2","0,0,0"
30.883333333333333,68,AV,0,0,0,38,263.93265415129105,0.5,-1.3771601304943137,"38.0,29.0,18.0,22.0,0.5","0,0,0"
29.733333333333334,49,AV,1,0,0,62,180.2658763709112,0.2,-0.49733333333333335,"62.0,92.0,69.0,64.0,0.2","0,0,0"
32.55,179,AV,0,0,0,38,934.9678973273412,0.5,-0.9859333158697571,"38.0,29.0,18.0,22.0,0.5","0,0,0"
27.233333333333334,198,AV,0,0,0,37,1072.9923340312846,1.0,-1.412129299476393,"37.0,26.0,16.0,20.0,1.0","0,0,0"
14.716666666666667,8,AV,1,0,0,31,58.07880344506588,0.4,-0.5471666666666667,"31.0,20.0,10.0,9.0,0.4","0,0,0"
16.233333333333334,177,AV,2,0,0,35,903.7762074279464,0.6,-0.7623333333333333,"35.0,23.0,13.0,13.0,0.6","0,0,0"
37.43333333333333,234,AV,2,0,0,74,1800.236182483737,0.3,-0.6743333333333332,"74.0,101.0,93.0,85.0,0.3","0,0,0"
31.716666666666665,154,AV,2,0,0,58,741.360157446847,0.5,-0.8171666666666666,"58.0,83.0,62.0,59.0,0.5","0,0,0"
19.4,194,AV,2,0,0,39,1042.625059251175,0.2,-0.394,"39.0,32.0,21.0,24.0,0.2","0,0,0"
34.7,50,AV,1,0,0,75,180.951806517972,0.1,-0.44700000000000006,"75.0,101.0,94.0,87.0,0.1","0,0,0"
21.983333333333334,178,AV,2,0,0,40,934.2611529265304,0.4,-0.6198333333333333,"40.0,33.0,22.0,26.0,0.4","0,0,0"
27.55,188,AV,2,0,0,55,991.309168928222,0.5,-0.7755000000000001,"55.0,74.0,57.0,52.0,0.5","0,0,0"
19.433333333333334,195,AV,0,0,0,27,1052.171326299679,0.4,-0.7368956672904147,"27.0,13.0,7.0,5.0,0.4","0,0,0"
31.7,14,AV,1,0,0,68,71.85667082931167,0.3,-0.617,"68.0,97.0,80.0,76.0,0.3","0,0,0"
31.233333333333334,65,AV,1,0,0,64,236.83076347430844,0.5,-0.8123333333333334,"64.0,96.0,74.0,70.0,0.5","0,0,0"
33.1,197,AV,2,0,0,62,1066.6484358774574,0.1,-0.43100000000000005,"62.0,92.0,69.0,64.0,0.1","0,0,0"
13.9,233,AV,1,0,0,33,1790.5651121651,0.2,-0.339,"33.0,21.0,12.0,10.0,0.2","0,0,0"
64.23333333333333,139,AV,0,0,0,53,620.7469369732364,0.5,-1.3839776992828463,"53.0,66.0,50.0,47.0,0.5","0,0,0"
23.733333333333334,159,AV,2,0,0,47,776.9842538847105,0.3,-0.5373333333333333,"47.0,51.0,35.0,37.0,0.3","0,0,0"
22.933333333333334,118,AV,0,0,0,30,485.2868445916232,0.1,-0.638428874808865,"30.0,18.0,9.0,8.0,0.1","0,0,0"
22.9,39,AV,1,0,0,49,141.73470508638104,0.2,-0.429,"49.0,56.0,42.0,41.0,0.2","0,0,0"
31.733333333333334,238,AV,1,0,0,62,1913.2040024464363,0.1,-0.41733333333333333,"62.0,92.0,69.0,64.0,0.1","0,0,0"
11.683333333333334,85,AV,1,0,0,26,326.6611525075772,0.1,-0.21683333333333332,"26.0,10.0,5.0,3.0,0.1","0,0,0"
17.366666666666667,126,AV,0,0,0,27,531.1705685276233,0.1,-0.5560618310218606,"27.0,13.0,7.0,5.0,0.1","0,0,0"
23.816666666666666,11,AV,1,0,0,53,64.56471790970987,0.1,-0.33816666666666667,"53.0,66.0,50.0,47.0,0.1","0,0,0"
15.633333333333333,149,AV,1,0,0,38,681.41209044509,0.3,-0.4563333333333333,"38.0,29.0,18.0,22.0,0.3","0,0,0"
50.61666666666667,186,AV,0,0,0,47,981.7831876113738,0.3,-0.9589498899819304,"47.0,51.0,35.0,37.0,0.3","0,0,0"
33.43333333333333,36,AV,2,0,0,64,133.4659453520906,0.7,-1.0343333333333333,"64.0,96.0,74.0,70.0,0.7","0,0,0"
29.116666666666667,18,AV,1,0,0,59,95.52583579391091,0.9,-1.1911666666666667,"59.0,86.0,63.0,61.0,0.9","0,0,0"
24.65,245,AV,2,0,0,47,2072.327882130682,0.2,-0.4465,"47.0,51.0,35.0,37.0,0.2","0,0,0"
49.03333333333333,220,AV,0,0,0,44,1499.775561030469,0.1,-0.6903482981704304,"44.0,48.0,29.0,29.0,0.1","0,0,0"
55.483333333333334,214,AV,0,0,0,49,1404.5452902401748,0.5,-1.1616294623313168,"49.0,56.0,42.0,41.0,0.5","0,0,0"
74.71666666666667,230,AV,0,0,0,56,1760.003078768232,0.2,-1.0323937903061207,"56.0,78.0,59.0,55.0,0.2","0,0,0"
9.733333333333333,227,AV,1,0,0,12,1712.099783646228,0.1,-0.19733333333333333,"12.0,2.0,0.0,1.0,0.1","0,0,0"
11.766666666666667,59,AV,1,0,0,23,216.68994521979357,0.7,-0.8176666666666667,"23.0,6.0,3.0,2.0,0.7","0,0,0"
15.85,12,AV,2,0,0,36,67.80233451553863,0.8,-0.9585,"36.0,23.0,15.0,17.0,0.8","0,0,0"
29.0,264,AV,0,0,0,37,3223.7986973572483,0.5,-0.8365289598022868,"37.0,26.0,16.0,20.0,0.5","0,0,0"
71.85,127,AV,0,0,0,55,542.1894724357436,0.6,-1.5951560540656327,"55.0,74.0,57.0,52.0,0.6","0,0,0"
67.88333333333334,185,AV,0,0,0,54,978.7281937768014,0.6,-1.4320934528984672,"54.0,70.0,53.0,49.0,0.6","0,0,0"
34.71666666666667,287,AV,2,0,0,63,6047.562581916305,0.4,-0.7471666666666668,"63.0,93.0,74.0,68.0,0.4","0,0,0"
28.933333333333334,40,AV,2,0,0,53,146.50232543619936,0.3,-0.5893333333333333,"53.0,66.0,50.0,47.0,0.3","0,0,0"
50.11666666666667,134,AV,0,0,0,45,594.880252007185,0.2,-0.9533182543078518,"45.0,50.0,30.0,33.0,0.2","0,0,0"
27.566666666666666,82,AV,2,0,0,52,312.60936307776603,0.2,-0.4756666666666667,"52.0,63.0,48.0,46.0,0.2","0,0,0"
18.7,74,AV,1,0,0,45,286.94580140418327,0.2,-0.387,"45.0,50.0,30.0,33.0,0.2","0,0,0"
33.36666666666667,167,AV,2,0,0,62,833.028471638836,0.1,-0.43366666666666664,"62.0,92.0,69.0,64.0,0.1","0,0,0"
73.48333333333333,224,AV,0,0,0,55,1704.9720883013536,0.1,-0.9228113131660961,"55.0,74.0,57.0,52.0,0.1","0,0,0"
81.8,58,AV,0,0,0,60,204.30622862021733,1.0,-2.552192006837116,"60.0,87.0,65.0,62.0,1.0","0,0,0"
14.233333333333333,42,AV,1,0,0,35,154.2701607479601,0.3,-0.4423333333333333,"35.0,23.0,13.0,13.0,0.3","0,0,0"
78.43333333333334,32,AV,0,0,0,58,128.5262902949931,0.1,-2.05140973191078,"58.0,83.0,62.0,59.0,0.1","0,0,0"
57.333333333333336,277,AV,0,0,0,49,4152.796729507043,0.1,-0.7094535698318353,"49.0,56.0,42.0,41.0,0.1","0,0,0"
29.116666666666667,216,AV,1,0,0,57,1449.6721998199296,0.8,-1.0911666666666666,"57.0,83.0,60.0,55.0,0.8","0,0,0"
39.96666666666667,148,AV,0,0,0,41,679.8899681104378,0.2,-0.8202906014731806,"41.0,37.0,24.0,28.0,0.2","0,0,0"
37.46666666666667,196,AV,2,0,0,81,1055.5009210143155,0.3,-0.6746666666666667,"81.0,103.0,102.0,87.0,0.3","0,0,0"
20.016666666666666,90,AV,2,0,0,38,347.3466033944039,0.3,-0.5001666666666666,"38.0,29.0,18.0,22.0,0.3","0,0,0"
33.31666666666667,66,AV,1,0,0,70,250.64646962693703,0.6,-0.9331666666666667,"70.0,100.0,83.0,80.0,0.6","0,0,0"
8.233333333333333,253,AV,0,0,0,13,2398.0307869022117,0.2,-0.3448846570357995,"13.0,2.0,1.0,1.0,0.2","0,0,0"
15.2,91,AV,2,0,0,34,348.01184625473115,0.3,-0.45199999999999996,"34.0,22.0,13.0,11.0,0.3","0,0,0"
19.483333333333334,289,AV,2,0,0,39,6789.897889024601,0.1,-0.29483333333333334,"39.0,32.0,21.0,24.0,0.1","0,0,0"
35.766666666666666,211,AV,1,0,0,80,1361.9532728152676,0.7,-1.0576666666666665,"80.0,103.0,101.0,87.0,0.7","0,0,0"
92.31666666666666,153,AV,0,0,0,78,740.6719232962039,0.3,-1.425685481383521,"78.0,102.0,100.0,87.0,0.3","0,0,0"
25.033333333333335,184,AV,1,0,0,52,971.3026994406453,0.7,-0.9503333333333333,"52.0,63.0,48.0,46.0,0.7","0,0,0"
17.85,57,AV,2,0,0,36,202.2958965901006,0.1,-0.2785,"36.0,23.0,15.0,17.0,0.1","0,0,0"
22.6,96,AV,1,0,0,50,365.91587512908507,0.1,-0.326,"50.0,59.0,43.0,44.0,0.1","0,0,0"
13.516666666666667,79,AV,1,0,0,29,302.71678901297696,0.3,-0.4351666666666667,"29.0,15.0,8.0,5.0,0.3","0,0,0"
34.2,152,AV,2,0,0,58,736.4608712240595,0.2,-0.542,"58.0,83.0,62.0,59.0,0.2","0,0,0"
78.56666666666666,208,AV,0,0,0,58,1301.0825687704812,0.9,-1.8009552760143035,"58.0,83.0,62.0,59.0,0.9","0,0,0"
35.166666666666664,62,AV,0,0,0,39,231.84237642249164,0.4,-1.3986579644380956,"39.0,32.0,21.0,24.0,0.4","0,0,0"
81.63333333333334,25,AV,0,0,0,60,113.76740875199872,0.2,-2.3348128666677406,"60.0,87.0,65.0,62.0,0.2","0,0,0"
25.75,16,AV,0,0,0,34,77.15448782916947,0.1,-2.30165132833388,"34.0,22.0,13.0,11.0,0.1","0,0,0"
37.233333333333334,228,AV,2,0,0,67,1746.7309087603398,0.6,-0.9723333333333333,"67.0,97.0,79.0,74.0,0.6","0,0,0"
33.333333333333336,29,AV,1,0,0,69,124.49878090740816,0.4,-0.7333333333333334,"69.0,99.0,82.0,77.0,0.4","0,0,0"
29.566666666666666,26,AV,1,0,0,61,114.70216526365446,0.7,-0.9956666666666667,"61.0,90.0,67.0,63.0,0.7","0,0,0"
73.43333333333334,259,AV,0,0,0,55,2596.480379392549,0.2,-0.9921038449807553,"55.0,74.0,57.0,52.0,0.2","0,0,0"
69.95,130,AV,0,0,0,54,569.4160626285604,0.9,-1.8629277637121162,"54.0,70.0,53.0,49.0,0.9","0,0,0"
17.05,175,AV,2,0,0,34,878.4535902283369,0.4,-0.5705,"34.0,22.0,13.0,11.0,0.4","0,0,0"
76.88333333333334,10,AV,0,0,0,56,62.531603169583455,0.2,-3.367620384949544,"56.0,78.0,59.0,55.0,0.2","0,0,0"
87.03333333333333,180,AV,0,0,0,63,940.2113898373724,0.8,-1.8298719239325658,"63.0,93.0,74.0,68.0,0.8","0,0,0"
35.1,113,AV,1,0,0,70,461.2287786839295,0.6,-0.9510000000000001,"70.0,100.0,83.0,80.0,0.6","0,0,0"
17.8,280,AV,2,0,0,35,4567.800621312007,0.6,-0.778,"35.0,23.0,13.0,13.0,0.6","0,0,0"
32.8,231,AV,1,0,0,68,1763.8881163411872,0.2,-0.528,"68.0,97.0,80.0,76.0,0.2","0,0,0"
52.05,232,AV,0,0,0,47,1789.6437675329892,0.7,-1.30431556303061,"47.0,51.0,35.0,37.0,0.7","0,0,0"
31.45,63,AV,1,0,0,66,234.81639136300288,0.1,-0.4145,"66.0,97.0,77.0,73.0,0.1","0,0,0"
33.15,203,AV,2,0,0,61,1201.0672562607265,0.5,-0.8314999999999999,"61.0,90.0,67.0,63.0,0.5","0,0,0"
36.483333333333334,101,AV,0,0,0,40,399.2352950386727,0.4,-1.1405516174230954,"40.0,33.0,22.0,26.0,0.4","0,0,0"
6.633333333333334,51,AV,0,0,0,7,184.70224385738888,0.4,-1.278451241959376,"7.0,0.0,0.0,0.0,0.4","0,0,0"
69.56666666666666,276,AV,0,0,0,54,4138.432886103193,0.2,-0.9319122707705048,"54.0,70.0,53.0,49.0,0.2","0,0,0"
58.81666666666667,94,AV,0,0,0,50,359.9620037790098,0.1,-1.1048773150830173,"50.0,59.0,43.0,44.0,0.1","0,0,0"
23.083333333333332,61,AV,2,0,0,45,227.71917048935268,0.1,-0.3308333333333333,"45.0,50.0,30.0,33.0,0.1","0,0,0"
10.116666666666667,283,AV,0,0,0,22,4643.870520802318,0.1,-0.23346730884178155,"22.0,5.0,3.0,2.0,0.1","0,0,0"
11.75,262,AV,1,0,0,26,2902.1651515170456,0.3,-0.4175,"26.0,10.0,5.0,3.0,0.3","0,0,0"
20.716666666666665,206,AV,1,0,0,47,1258.6658106662562,0.3,-0.5071666666666667,"47.0,51.0,35.0,37.0,0.3","0,0,0"
20.683333333333334,217,AV,0,0,0,29,1462.3702856022126,0.3,-0.609406533484367,"29.0,15.0,8.0,5.0,0.3","0,0,0"
17.4,181,AV,2,0,0,37,954.385645844094,0.3,-0.474,"37.0,26.0,16.0,20.0,0.3","0,0,0"
90.36666666666666,170,AV,0,0,0,72,840.8410612726723,0.2,-1.2820594770427018,"72.0,100.0,90.0,83.0,0.2","0,0,0"
30.516666666666666,172,AV,0,0,0,38,851.504708110295,0.5,-0.9813254107949148,"38.0,29.0,18.0,22.0,0.5","0,0,0"
46.28333333333333,284,AV,0,0,0,56,5031.772247794215,0.2,-0.692643903568454,"56.0,78.0,59.0,55.0,0.2","0,0,0"
34.31666666666667,158,AV,1,0,0,75,768.8548914264984,0.1,-0.4431666666666667,"75.0,101.0,94.0,87.0,0.1","0,0,0"
23.233333333333334,219,AV,2,0,0,44,1497.3933785558863,0.2,-0.43233333333333335,"44.0,48.0,29.0,29.0,0.2","0,0,0"
32.25,109,AV,2,0,0,62,453.1256635402521,0.2,-0.5225,"62.0,92.0,69.0,64.0,0.2","0,0,0"
29.283333333333335,213,AV,1,0,0,57,1394.1294719570767,0.1,-0.39283333333333337,"57.0,83.0,60.0,55.0,0.1","0,0,0"
36.38333333333333,187,AV,2,0,0,57,984.5536619423616,0.1,-0.4638333333333333,"57.0,83.0,60.0,55.0,0.1","0,0,0"
21.883333333333333,157,AV,1,0,0,47,766.6222304956779,0.2,-0.41883333333333334,"47.0,51.0,35.0,37.0,0.2","0,0,0"
51.766666666666666,76,AV,0,0,0,48,297.660864959905,0.4,-1.4215958614575404,"48.0,53.0,40.0,40.0,0.4","0,0,0"
90.68333333333334,260,AV,0,0,0,69,2707.974408753956,0.2,-1.1622252895922631,"69.0,99.0,82.0,77.0,0.2","0,0,0"
16.933333333333334,105,AV,0,0,0,26,425.0283320405701,0.4,-0.9222509830341117,"26.0,10.0,5.0,3.0,0.4","0,0,0"
35.233333333333334,243,AV,1,0,0,76,1988.145286520141,0.3,-0.6523333333333333,"76.0,101.0,97.0,87.0,0.3","0,0,0"
53.75,6,AV,0,0,0,48,50.6389294692178,0.9,-4.399647927933221,"48.0,53.0,40.0,40.0,0.9","0,0,0"
29.366666666666667,212,AV,0,0,0,37,1368.7940705071314,0.1,-0.5032521793686802,"37.0,26.0,16.0,20.0,0.1","0,0,0"
24.183333333333334,143,AV,0,0,0,33,641.9007223616807,0.4,-0.8755143291236482,"33.0,21.0,12.0,10.0,0.4","0,0,0"
23.116666666666667,103,AV,2,0,0,44,414.8251582270943,0.2,-0.4311666666666667,"44.0,48.0,29.0,29.0,0.2","0,0,0"
64.46666666666667,120,AV,0,0,0,52,498.4869343397567,0.2,-1.1455772616427902,"52.0,63.0,48.0,46.0,0.2","0,0,0"
10.516666666666667,237,AV,0,0,0,15,1818.460560340317,0.4,-0.5876540206799581,"15.0,3.0,2.0,1.0,0.4","0,0,0"
30.35,136,AV,2,0,0,55,598.645261160854,0.1,-0.40349999999999997,"55.0,74.0,57.0,52.0,0.1","0,0,0"
21.35,270,AV,2,0,0,37,3662.957414859655,0.5,-0.7135,"37.0,26.0,16.0,20.0,0.5","0,0,0"
39.1,292,AV,2,0,0,83,8303.39937180809,0.5,-0.891,"83.0,103.0,103.0,89.0,0.5","0,0,0"
24.9,56,AV,1,0,0,54,198.9364111902541,0.1,-0.349,"54.0,70.0,53.0,49.0,0.1","0,0,0"
53.68333333333333,121,AV,0,0,0,48,512.2976069602081,0.1,-0.9296318901918098,"48.0,53.0,40.0,40.0,0.1","0,0,0"
83.75,106,AV,0,0,0,61,426.8196993348628,0.1,-1.2889364501773315,"61.0,90.0,67.0,63.0,0.1","0,0,0"
46.516666666666666,119,AV,0,0,0,43,496.46329301330576,0.2,-0.9673038077422302,"43.0,45.0,28.0,29.0,0.2","0,0,0"
21.65,17,AV,1,0,0,48,93.91214091978802,0.5,-0.7165,"48.0,53.0,40.0,40.0,0.5","0,0,0"
66.13333333333334,122,AV,0,0,0,53,512.3637038941168,0.2,-1.1540941180258386,"53.0,66.0,50.0,47.0,0.2","0,0,0"
13.966666666666667,291,AV,2,0,0,26,8213.476830708638,1.0,-1.1396666666666666,"26.0,10.0,5.0,3.0,1.0","0,0,0"
24.583333333333332,271,AV,1,0,0,53,3705.971408141423,0.1,-0.3458333333333333,"53.0,66.0,50.0,47.0,0.1","0,0,0"
22.466666666666665,272,AV,1,0,0,51,3870.517680646302,0.1,-0.32466666666666666,"51.0,61.0,47.0,46.0,0.1","0,0,0"
30.1,95,AV,1,0,0,62,363.9754018210222,0.2,-0.501,"62.0,92.0,69.0,64.0,0.2","0,0,0"
13.9,222,AV,0,0,0,24,1634.2949110103011,0.3,-0.5307827002883292,"24.0,6.0,5.0,2.0,0.3","0,0,0"
12.233333333333333,251,AV,1,0,0,28,2335.546972870862,0.1,-0.22233333333333333,"28.0,15.0,7.0,5.0,0.1","0,0,0"
27.166666666666668,171,AV,0,0,0,36,849.2144702670603,0.3,-0.7483004915152094,"36.0,23.0,15.0,17.0,0.3","0,0,0"
31.166666666666668,261,AV,1,0,0,62,2788.8558725412254,0.1,-0.41166666666666674,"62.0,92.0,69.0,64.0,0.1","0,0,0"
32.53333333333333,183,AV,2,0,0,57,969.3554624124304,0.2,-0.5253333333333333,"57.0,83.0,60.0,55.0,0.2","0,0,0"
15.533333333333333,77,AV,1,0,0,39,298.9580017115728,0.1,-0.2553333333333333,"39.0,32.0,21.0,24.0,0.1","0,0,0"
23.533333333333335,83,AV,2,0,0,49,314.9423294142533,0.5,-0.7353333333333334,"49.0,56.0,42.0,41.0,0.5","0,0,0"
24.516666666666666,295,AV,0,0,0,30,11282.083097566663,0.2,-0.458462083718891,"30.0,18.0,9.0,8.0,0.2","0,0,0"
84.08333333333333,190,AV,0,0,0,61,1002.8423211547226,0.4,-1.390408193543942,"61.0,90.0,67.0,63.0,0.4","0,0,0"
25.6,269,AV,2,0,0,50,3649.940303633233,0.2,-0.456,"50.0,59.0,43.0,44.0,0.2","0,0,0"
33.166666666666664,235,AV,2,0,0,64,1801.7605383571652,0.5,-0.8316666666666667,"64.0,96.0,74.0,70.0,0.5","0,0,0"
34.88333333333333,166,AV,1,0,0,76,829.5162863441127,0.3,-0.6488333333333334,"76.0,101.0,97.0,87.0,0.3","0,0,0"
36.3,114,AV,0,0,0,40,464.6678677536831,0.4,-1.0858112172359502,"40.0,33.0,22.0,26.0,0.4","0,0,0"
68.61666666666666,274,AV,0,0,0,53,3945.348275410578,0.3,-1.02418612389301,"53.0,66.0,50.0,47.0,0.3","0,0,0"
39.4,24,AV,0,0,0,41,105.23872167264082,0.1,-1.9193308821689714,"41.0,37.0,24.0,28.0,0.1","0,0,0"
41.666666666666664,13,AV,0,0,0,41,68.8695709040776,0.1,-2.6946967898530283,"41.0,37.0,24.0,28.0,0.1","0,0,0"
14.366666666666667,205,AV,1,0,0,36,1250.8636794462122,0.3,-0.44366666666666665,"36.0,23.0,15.0,17.0,0.3","0,0,0"
34.2,60,AV,1,0,0,72,218.4509775743674,0.3,-0.642,"72.0,100.0,90.0,83.0,0.3","0,0,0"
22.933333333333334,124,AV,1,0,0,50,523.2201643488364,0.2,-0.42933333333333334,"50.0,59.0,43.0,44.0,0.2","0,0,0"
21.133333333333333,290,AV,1,0,0,46,7537.310895106899,0.4,-0.6113333333333333,"46.0,51.0,33.0,35.0,0.4","0,0,0"
37.65,163,AV,2,0,0,71,803.0093289227823,0.1,-0.47650000000000003,"71.0,100.0,89.0,80.0,0.1","0,0,0"
15.633333333333333,226,AV,1,0,0,37,1705.7102265514764,0.1,-0.2563333333333333,"37.0,26.0,16.0,20.0,0.1","0,0,0"
36.333333333333336,201,AV,1,0,0,84,1142.5641560584136,0.2,-0.5633333333333334,"84.0,103.0,103.0,90.0,0.2","0,0,0"
18.733333333333334,117,AV,1,0,0,41,484.1906728098664,0.2,-0.38733333333333336,"41.0,37.0,24.0,28.0,0.2","0,0,0"
31.683333333333334,221,AV,1,0,0,66,1515.779668517339,0.4,-0.7168333333333334,"66.0,97.0,77.0,73.0,0.4","0,0,0"
36.416666666666664,141,AV,2,0,0,71,638.5967216708368,0.3,-0.6641666666666666,"71.0,100.0,89.0,80.0,0.3","0,0,0"
18.6,242,AV,2,0,0,35,1956.659247732915,0.2,-0.386,"35.0,23.0,13.0,13.0,0.2","0,0,0"
92.03333333333333,71,AV,0,0,0,77,274.97032832890176,0.1,-1.5658467380399665,"77.0,101.0,100.0,87.0,0.1","0,0,0"
35.35,19,AV,1,0,0,79,97.75269470134737,0.1,-0.4535,"79.0,103.0,100.0,87.0,0.1","0,0,0"
