travel_time,id,kind,action,bid_route_0,bid_route_1,bid_route_2,karma_balance,origin,destination,start_time,income,urgency,reward
21.95,208,AV,2,3,3,3,7,0,0,46,959.5289757906356,1.0,-21.95
14.916666666666666,172,AV,0,8,9,7,20,0,0,40,2344.9936519099742,0.4,-5.966666666666667
11.3,4,AV,2,0,2,5,0,0,0,18,9095.945853089892,0.1,-1.1300000000000001
13.416666666666666,109,AV,0,4,4,2,1,0,0,38,4707.821121085941,0.5,-6.708333333333333
13.15,30,AV,2,1,2,1,2,0,0,28,850.3216016091212,0.4,-5.260000000000001
14.466666666666667,252,AV,2,1,2,1,2,0,0,36,3752.1132597063192,0.1,-1.4466666666666668
33.71666666666667,148,AV,2,1,3,3,11,0,0,65,2758.442965787371,0.5,-16.858333333333334
27.5,64,AV,2,1,3,3,5,0,0,53,1389.0632502942228,0.3,-8.25
51.666666666666664,191,AV,0,9,5,5,10,0,0,86,2421.832203454489,0.4,-20.666666666666668
35.36666666666667,136,AV,2,1,3,8,9,0,0,76,4925.450001742355,0.1,-3.536666666666667
13.733333333333333,271,AV,2,1,3,6,0,0,0,30,6248.181898567973,0.8,-10.986666666666666
10.983333333333333,194,AV,1,1,4,1,0,0,0,30,1635.9686818612918,0.1,-1.0983333333333334
22.933333333333334,160,AV,1,2,6,6,0,0,0,52,2293.603195459698,1.0,-22.933333333333334
13.766666666666667,120,AV,2,0,3,1,3,0,0,23,3480.90175047103,0.1,-1.376666666666667
20.766666666666666,17,AV,1,3,6,9,7,0,0,50,1597.8734280578535,0.1,-2.0766666666666667
22.233333333333334,132,AV,2,0,2,1,2,0,0,46,491.8679742725259,0.4,-8.893333333333334
35.916666666666664,13,AV,2,1,3,3,6,0,0,80,1996.532829496936,0.1,-3.591666666666667
24.133333333333333,270,AV,2,1,3,6,0,0,0,49,5480.041794665195,0.2,-4.826666666666667
30.283333333333335,40,AV,2,1,3,3,4,0,0,56,610.4868582393152,0.1,-3.0283333333333338
28.433333333333334,235,AV,2,1,3,3,31,0,0,54,3251.3322332141274,0.5,-14.216666666666667
27.316666666666666,19,AV,0,6,8,8,14,0,0,51,3169.820795106812,0.3,-8.195
22.2,218,AV,2,1,3,6,1,0,0,47,8028.27043643778,0.2,-4.44
12.016666666666667,192,AV,2,0,0,3,4,0,0,18,3667.3634505223554,0.2,-2.4033333333333338
32.43333333333333,121,AV,2,1,3,3,16,0,0,58,2722.266725979925,0.5,-16.216666666666665
31.966666666666665,147,AV,2,1,3,3,30,0,0,64,3427.0421228311798,0.1,-3.1966666666666668
24.583333333333332,153,AV,2,1,2,1,2,0,0,47,2446.4664131825853,0.7,-17.208333333333332
32.36666666666667,285,AV,2,1,0,2,2,0,0,62,2164.09247058771,0.2,-6.473333333333334
34.25,162,AV,0,4,8,5,20,0,0,56,985.0802174553831,0.1,-3.4250000000000003
26.766666666666666,35,AV,2,2,2,0,2,0,0,52,968.7072844723906,0.2,-5.3533333333333335
18.583333333333332,2,AV,2,1,2,1,2,0,0,41,3849.958431883558,0.4,-7.433333333333334
13.3,145,AV,1,1,4,1,0,0,0,38,5158.4050556257225,0.1,-1.33
17.15,212,AV,2,1,3,6,1,0,0,38,1074.3823512953045,0.3,-5.145
23.233333333333334,8,AV,2,1,3,6,1,0,0,46,4116.183110063293,0.5,-11.616666666666667
46.7,127,AV,0,7,4,5,5,0,0,67,822.5771428470101,0.1,-4.670000000000001
24.233333333333334,77,AV,2,2,2,2,2,0,0,48,1986.5043233563797,0.2,-4.846666666666668
21.65,260,AV,2,1,2,1,2,0,0,47,1111.987968807459,0.1,-2.165
26.966666666666665,24,AV,2,1,3,3,19,0,0,55,2553.8725848963804,0.6,-16.18
30.65,186,AV,2,1,3,3,10,0,0,52,1025.7249596144625,0.3,-9.194999999999999
26.883333333333333,55,AV,2,1,3,3,16,0,0,53,4951.479839002994,0.4,-10.753333333333334
48.233333333333334,221,AV,0,5,2,4,36,0,0,77,1291.7462447339112,0.2,-9.646666666666668
14.416666666666666,23,AV,1,1,4,1,0,0,0,39,3022.892107624705,0.2,-2.8833333333333333
11.333333333333334,117,AV,2,1,3,1,3,0,0,6,6007.794801579103,0.3,-3.4
36.46666666666667,181,AV,2,3,3,3,6,0,0,70,932.0432837729122,0.8,-29.173333333333336
29.483333333333334,156,AV,2,1,3,3,5,0,0,56,1244.4027248274256,0.1,-2.9483333333333337
18.833333333333332,126,AV,0,5,7,2,2,0,0,42,2850.5966631146844,0.2,-3.7666666666666666
29.483333333333334,158,AV,1,1,5,6,9,0,0,70,1628.9397076974285,0.2,-5.896666666666667
11.016666666666667,3,AV,1,1,4,6,2,0,0,28,1993.780724220221,0.5,-5.508333333333334
11.233333333333333,110,AV,1,1,4,1,1,0,0,30,15387.119225735782,0.1,-1.1233333333333333
27.966666666666665,130,AV,2,1,3,3,5,0,0,53,4021.28082322038,0.3,-8.389999999999999
19.816666666666666,34,AV,2,1,0,2,2,0,0,43,10450.70686878338,0.5,-9.908333333333333
30.85,83,AV,2,1,3,3,10,0,0,60,3274.575105225111,0.1,-3.0850000000000004
15.05,242,AV,2,3,3,0,6,0,0,36,6434.117121135291,0.8,-12.040000000000001
14.15,298,AV,2,1,3,1,3,0,0,30,2942.323800284961,0.1,-1.415
29.3,236,AV,2,3,3,3,14,0,0,54,2476.7673195544394,1.0,-29.3
27.683333333333334,278,AV,1,1,6,7,14,0,0,63,1404.912317929139,0.1,-2.7683333333333335
24.616666666666667,214,AV,2,1,2,1,2,0,0,49,4304.4895651906745,0.1,-2.461666666666667
21.85,231,AV,2,1,3,3,21,0,0,43,2241.037238818388,0.3,-6.555000000000001
14.683333333333334,289,AV,2,1,2,0,2,0,0,22,863.5619359671642,0.1,-1.4683333333333335
35.93333333333333,183,AV,2,1,3,3,26,0,0,74,1434.4967426379471,0.2,-7.1866666666666665
28.766666666666666,88,AV,1,2,6,4,0,0,0,63,2756.9260540590044,0.4,-11.506666666666668
12.433333333333334,205,AV,2,1,3,1,3,0,0,25,16390.717038727882,0.1,-1.2433333333333334
28.7,178,AV,2,3,3,3,11,0,0,57,1703.2333497257905,1.0,-28.7
38.18333333333333,165,AV,0,4,9,9,17,0,0,57,3942.222625638348,0.2,-7.636666666666667
10.333333333333334,174,AV,0,5,0,5,0,0,0,20,2011.9739719035176,0.1,-1.0333333333333334
27.783333333333335,118,AV,2,1,3,3,34,0,0,53,2294.767722006211,0.4,-11.113333333333335
35.56666666666667,179,AV,2,1,3,3,33,0,0,76,8689.506535985933,0.8,-28.453333333333337
14.65,196,AV,2,1,3,1,3,0,0,33,6563.608435155774,0.1,-1.465
11.466666666666667,70,AV,1,1,4,1,1,0,0,31,3971.0791127863904,0.1,-1.1466666666666667
24.366666666666667,209,AV,2,2,2,2,4,0,0,46,2857.6088215719105,0.9,-21.93
16.45,52,AV,2,1,3,1,3,0,0,36,2744.255474143275,0.1,-1.645
20.083333333333332,96,AV,2,1,1,1,1,0,0,41,1460.106853854364,0.5,-10.041666666666666
32.983333333333334,21,AV,2,1,3,3,40,0,0,67,1661.9571573900298,0.1,-3.298333333333334
20.066666666666666,198,AV,2,1,0,2,4,0,0,40,7006.371100745904,0.3,-6.02
35.96666666666667,240,AV,2,1,3,3,18,0,0,69,3389.778327720714,0.2,-7.193333333333334
9.75,58,AV,1,3,5,4,3,0,0,23,12051.378145129962,0.1,-0.9750000000000001
26.433333333333334,154,AV,2,3,3,3,5,0,0,50,5168.6614957092925,1.0,-26.433333333333334
24.1,296,AV,2,1,3,3,13,0,0,49,473.5024380788758,0.1,-2.41
21.3,219,AV,2,0,0,5,2,0,0,44,3651.018124108644,0.1,-2.1300000000000003
18.566666666666666,230,AV,2,1,3,1,4,0,0,42,4704.305573257116,0.2,-3.7133333333333334
32.93333333333333,299,AV,2,1,2,0,2,0,0,67,902.2448599555772,0.3,-9.879999999999999
33.516666666666666,101,AV,1,3,7,8,8,0,0,77,1014.5614647146556,0.1,-3.3516666666666666
23.233333333333334,42,AV,2,1,3,3,11,0,0,48,2318.2944376966047,0.1,-2.3233333333333337
29.583333333333332,60,AV,2,1,3,3,19,0,0,60,1836.592480640456,0.4,-11.833333333333334
19.65,36,AV,2,1,3,1,3,0,0,43,1716.9764066453156,0.1,-1.9649999999999999
33.833333333333336,20,AV,2,1,3,3,27,0,0,68,2472.005569054355,0.6,-20.3
11.883333333333333,74,AV,0,4,4,1,1,0,0,21,9667.56212442905,0.4,-4.753333333333333
48.31666666666667,75,AV,0,6,0,1,21,0,0,76,2382.718205806423,0.1,-4.831666666666667
16.8,286,AV,2,1,3,1,4,0,0,37,2218.0502812558643,0.6,-10.08
38.166666666666664,86,AV,0,6,4,1,17,0,0,58,522.2875039790788,0.1,-3.8166666666666664
15.033333333333333,135,AV,2,1,3,1,4,0,0,37,5960.007005011629,0.4,-6.013333333333334
32.416666666666664,197,AV,2,1,3,3,12,0,0,64,3048.604611013583,0.2,-6.483333333333333
35.78333333333333,104,AV,2,0,0,2,15,0,0,71,1963.0347272178835,0.2,-7.156666666666666
33.016666666666666,187,AV,2,1,3,3,29,0,0,70,1129.1321270070612,0.1,-3.3016666666666667
35.733333333333334,0,AV,2,1,2,0,2,0,0,68,1240.6560786390864,0.2,-7.146666666666667
12.5,29,AV,2,1,2,1,2,0,0,15,5578.433439706214,0.2,-2.5
43.18333333333333,166,AV,0,9,2,3,4,0,0,63,3882.59008652233,0.1,-4.318333333333333
24.05,211,AV,0,6,6,6,30,0,0,46,7099.697064525982,0.5,-12.025
11.95,173,AV,1,1,4,1,0,0,0,35,8639.921150992108,0.1,-1.195
24.683333333333334,232,AV,2,1,2,1,2,0,0,49,3508.846318545673,0.7,-17.278333333333332
31.783333333333335,274,AV,2,1,3,3,8,0,0,65,5670.319740923212,0.1,-3.1783333333333337
20.65,269,AV,2,1,3,3,4,0,0,44,3362.377553451843,0.6,-12.389999999999999
18.883333333333333,264,AV,0,6,4,2,17,0,0,42,806.3598325453933,0.2,-3.776666666666667
22.333333333333332,66,AV,0,7,8,1,10,0,0,45,1942.5668635563816,0.6,-13.399999999999999
29.85,44,AV,2,1,3,3,26,0,0,59,1150.4391077840953,0.4,-11.940000000000001
30.216666666666665,257,AV,2,1,3,3,7,0,0,58,2411.397471856681,0.4,-12.086666666666666
23.666666666666668,295,AV,2,1,3,3,5,0,0,47,2497.1975937909187,0.6,-14.200000000000001
27.6,128,AV,2,1,3,3,4,0,0,52,3531.3895067900216,0.5,-13.8
14.416666666666666,200,AV,2,0,0,1,3,0,0,31,776.0711537761008,0.1,-1.4416666666666667
23.916666666666668,152,AV,2,1,3,6,1,0,0,47,7177.938863287724,0.7,-16.741666666666667
12.35,279,AV,2,1,1,1,1,0,0,27,1823.811293294481,0.2,-2.47
8.483333333333333,220,AV,0,4,4,1,0,0,0,19,3824.993837156676,0.2,-1.6966666666666665
25.116666666666667,5,AV,2,1,3,3,3,0,0,50,1457.5875839824732,0.4,-10.046666666666667
24.983333333333334,216,AV,2,1,3,3,20,0,0,46,1950.0200213032829,0.1,-2.4983333333333335
33.25,164,AV,2,1,3,3,12,0,0,65,2193.4249838744518,0.1,-3.325
17.15,188,AV,2,1,3,3,5,0,0,36,1718.6657268339234,0.5,-8.575
27.35,81,AV,2,1,3,3,13,0,0,51,813.126641713825,0.8,-21.880000000000003
37.65,256,AV,2,1,3,3,30,0,0,74,5064.807770076448,0.1,-3.765
30.0,14,AV,2,1,3,3,5,0,0,59,457.16351791608827,0.1,-3.0
35.65,51,AV,2,1,3,3,7,0,0,69,3773.073658575576,0.2,-7.13
12.716666666666667,12,AV,2,1,2,1,2,0,0,16,1279.3396024785957,0.4,-5.086666666666667
25.066666666666666,111,AV,2,1,3,1,3,0,0,48,13079.31179296209,0.1,-2.506666666666667
24.716666666666665,138,AV,2,1,3,6,1,0,0,50,912.6272274022258,0.1,-2.4716666666666667
17.583333333333332,265,AV,2,1,3,1,3,0,0,41,19040.472291926453,0.3,-5.2749999999999995
11.266666666666667,85,AV,1,1,4,1,0,0,0,30,2953.761118311176,0.6,-6.760000000000001
49.8,80,AV,0,6,5,8,8,0,0,87,4660.29795945294,0.2,-9.96
26.25,297,AV,2,1,3,6,0,0,0,50,1297.4303329633815,0.2,-5.25
21.583333333333332,254,AV,2,1,2,1,2,0,0,45,3898.759045987068,1.0,-21.583333333333332
20.366666666666667,263,AV,0,7,9,6,20,0,0,43,2318.1098695731453,0.5,-10.183333333333334
26.883333333333333,90,AV,2,1,3,3,3,0,0,49,571.0932451196882,0.7,-18.81833333333333
26.783333333333335,170,AV,1,1,6,6,8,0,0,57,2909.5116230827134,0.2,-5.356666666666667
32.483333333333334,56,AV,2,1,3,3,16,0,0,67,5394.467136051333,0.4,-12.993333333333334
18.75,116,AV,1,3,4,2,2,0,0,44,1475.2077210572677,0.4,-7.5
36.5,98,AV,2,1,3,3,9,0,0,88,4381.240268036911,0.3,-10.95
27.816666666666666,93,AV,2,2,1,1,6,0,0,55,3064.640983136323,0.4,-11.126666666666667
21.783333333333335,119,AV,2,1,3,3,32,0,0,45,437.8567856598078,0.2,-4.356666666666667
28.466666666666665,63,AV,2,1,3,3,15,0,0,55,623.7253316558669,0.1,-2.8466666666666667
20.716666666666665,171,AV,2,1,2,4,1,0,0,44,5912.288420941998,0.5,-10.358333333333333
25.15,251,AV,1,3,5,4,1,0,0,55,513.7357984527049,0.6,-15.089999999999998
33.11666666666667,69,AV,2,1,3,3,13,0,0,69,1836.3970218708375,0.3,-9.935
32.55,247,AV,0,5,5,0,0,0,0,55,3368.9508766880413,0.5,-16.275
41.333333333333336,144,AV,0,7,2,6,21,0,0,60,1275.9312017726234,0.2,-8.266666666666667
28.166666666666668,43,AV,2,1,3,3,20,0,0,52,1809.16611953512,0.8,-22.533333333333335
9.6,46,AV,1,1,4,1,0,0,0,27,7334.728577480919,0.3,-2.88
33.733333333333334,241,AV,2,1,3,3,21,0,0,68,4569.840806868062,0.4,-13.493333333333334
34.333333333333336,146,AV,2,3,3,3,10,0,0,70,1794.439334206041,1.0,-34.333333333333336
5.083333333333333,275,AV,0,4,3,2,0,0,0,10,20239.22920549412,0.3,-1.525
13.75,207,AV,2,1,1,0,2,0,0,23,948.3478854920526,0.1,-1.375
13.433333333333334,217,AV,0,7,3,4,0,0,0,38,6031.594525491932,0.1,-1.3433333333333335
10.3,168,AV,0,4,4,1,0,0,0,19,2966.188350320237,0.3,-3.0900000000000003
22.233333333333334,294,AV,0,7,9,6,7,0,0,44,1122.7546975855585,0.3,-6.67
36.15,100,AV,0,7,4,4,4,0,0,57,2078.9202215407213,0.2,-7.23
30.066666666666666,266,AV,2,1,3,3,10,0,0,59,3759.463069718096,0.4,-12.026666666666667
13.333333333333334,124,AV,1,1,4,1,0,0,0,39,2015.5588757501516,0.2,-2.666666666666667
25.533333333333335,122,AV,2,1,3,3,17,0,0,49,2528.765907819195,0.1,-2.5533333333333337
36.05,155,AV,2,1,3,3,8,0,0,76,2347.541384251396,0.3,-10.815
27.35,140,AV,2,1,3,3,9,0,0,52,6995.337061486569,0.2,-5.470000000000001
29.283333333333335,213,AV,2,1,3,3,4,0,0,58,827.8499544782503,0.2,-5.856666666666667
27.35,159,AV,0,7,9,7,14,0,0,51,1783.933402668827,0.1,-2.7350000000000003
41.6,84,AV,0,8,3,6,4,0,0,61,2648.588416164911,0.1,-4.16
19.683333333333334,99,AV,2,1,3,6,0,0,0,43,2035.9911412414244,0.1,-1.9683333333333335
28.383333333333333,227,AV,2,1,3,3,5,0,0,55,1526.0895405694364,0.4,-11.353333333333333
10.816666666666666,293,AV,1,1,4,1,1,0,0,27,3361.758609282253,0.1,-1.0816666666666668
44.88333333333333,190,AV,0,7,1,8,23,0,0,63,4196.147454418583,0.4,-17.953333333333333
34.45,114,AV,2,1,3,3,3,0,0,69,1778.835052690156,0.4,-13.780000000000001
35.8,143,AV,2,1,3,3,8,0,0,84,437.5592869272848,0.2,-7.16
11.15,10,AV,2,2,1,1,2,0,0,12,1564.487892525026,0.1,-1.115
28.483333333333334,103,AV,2,1,3,6,0,0,0,57,3227.056348793521,0.2,-5.696666666666667
17.466666666666665,203,AV,1,3,6,3,1,0,0,43,548.7192496267361,0.1,-1.7466666666666666
19.816666666666666,222,AV,2,1,1,1,1,0,0,42,802.5586880039084,0.2,-3.9633333333333334
23.766666666666666,176,AV,2,1,3,6,2,0,0,48,2046.5713793034688,0.3,-7.13
13.466666666666667,277,AV,1,1,4,1,1,0,0,39,2815.231094880572,0.1,-1.3466666666666667
26.466666666666665,229,AV,2,3,3,3,3,0,0,51,1097.8259349569896,0.7,-18.526666666666664
34.36666666666667,245,AV,0,9,3,2,7,0,0,56,1832.3133019091129,0.1,-3.436666666666667
39.61666666666667,150,AV,0,4,5,2,15,0,0,58,2991.769966736588,0.1,-3.961666666666667
32.333333333333336,107,AV,2,1,3,3,6,0,0,61,2113.1349678504243,0.3,-9.700000000000001
10.75,72,AV,1,1,4,1,0,0,0,28,742.4887258523852,0.3,-3.225
22.8,199,AV,2,1,3,3,3,0,0,46,646.5589615252754,0.8,-18.240000000000002
25.366666666666667,281,AV,2,1,3,3,22,0,0,50,3398.605365942332,0.1,-2.536666666666667
17.316666666666666,45,AV,2,1,3,1,4,0,0,36,14297.77376075636,0.5,-8.658333333333333
19.516666666666666,59,AV,1,1,5,5,2,0,0,47,3132.463358685509,0.5,-9.758333333333333
44.8,11,AV,0,7,2,6,13,0,0,65,8987.033628468456,0.2,-8.959999999999999
25.116666666666667,204,AV,2,1,3,6,1,0,0,48,627.4062491148882,0.1,-2.5116666666666667
12.8,76,AV,1,1,4,1,1,0,0,35,1862.7228332236152,0.4,-5.120000000000001
6.7,189,AV,0,4,4,1,0,0,0,13,6130.868263041086,0.7,-4.6899999999999995
27.333333333333332,185,AV,2,1,3,3,19,0,0,50,2574.4307659940623,0.3,-8.2
12.783333333333333,129,AV,2,1,0,1,1,0,0,26,2580.565825479665,0.6,-7.67
30.766666666666666,105,AV,0,7,6,2,3,0,0,53,3458.1247672483346,0.9,-27.69
12.016666666666667,68,AV,1,1,4,1,1,0,0,34,4572.8741748457805,0.2,-2.4033333333333338
29.333333333333332,48,AV,2,1,3,3,11,0,0,59,4639.089550420253,0.2,-5.866666666666667
40.0,102,AV,0,4,9,8,22,0,0,58,4266.216809230351,0.4,-16.0
17.066666666666666,202,AV,0,7,4,2,1,0,0,41,2222.040577514192,0.5,-8.533333333333333
23.1,282,AV,2,1,3,3,31,0,0,48,7336.658338656486,0.2,-4.62
35.43333333333333,169,AV,2,1,3,3,14,0,0,66,2969.8754393798326,0.3,-10.629999999999999
43.3,18,AV,0,6,6,5,0,0,0,61,1038.299283744561,0.2,-8.66
14.4,79,AV,1,1,5,6,3,0,0,39,1062.4074567339185,0.1,-1.4400000000000002
23.7,54,AV,2,1,3,6,2,0,0,48,1474.5167950508735,0.1,-2.37
17.183333333333334,62,AV,0,9,1,4,24,0,0,41,1293.252850487379,0.1,-1.7183333333333335
16.516666666666666,259,AV,2,1,3,1,6,0,0,35,1068.5648373754009,0.2,-3.3033333333333332
36.6,73,AV,2,1,3,3,12,0,0,98,2996.640782499388,0.2,-7.32
49.93333333333333,32,AV,0,8,1,5,4,0,0,79,3236.647802754315,0.3,-14.979999999999999
32.03333333333333,39,AV,2,1,3,6,0,0,0,57,2761.3662775036096,0.1,-3.203333333333333
31.583333333333332,224,AV,2,3,3,3,7,0,0,55,993.3467226420588,0.7,-22.10833333333333
11.8,175,AV,1,1,4,6,2,0,0,30,1697.366940102563,0.2,-2.3600000000000003
30.716666666666665,125,AV,2,1,3,3,13,0,0,53,658.4091024775607,0.2,-6.1433333333333335
20.816666666666666,287,AV,2,1,3,3,11,0,0,45,8134.997760071039,0.4,-8.326666666666666
36.6,276,AV,2,2,1,1,4,0,0,90,1822.2981036688468,0.2,-7.32
25.616666666666667,25,AV,0,4,6,1,17,0,0,46,2398.572127464108,0.1,-2.561666666666667
19.3,95,AV,2,1,2,1,2,0,0,40,2458.2611968747465,0.4,-7.720000000000001
12.216666666666667,49,AV,1,1,4,1,1,0,0,35,7081.334819999852,0.2,-2.4433333333333334
16.116666666666667,234,AV,2,1,0,2,2,0,0,31,5702.891177591027,0.5,-8.058333333333334
15.0,57,AV,2,2,2,0,2,0,0,35,1275.6237969650936,0.4,-6.0
20.55,151,AV,2,1,3,1,4,0,0,43,595.9176043698985,0.1,-2.055
35.583333333333336,112,AV,2,1,3,3,12,0,0,73,4164.701887555128,0.1,-3.5583333333333336
16.616666666666667,7,AV,2,1,1,0,4,0,0,35,3465.4556083993225,0.1,-1.6616666666666668
13.816666666666666,94,AV,2,0,0,1,2,0,0,25,4705.31956239884,0.4,-5.526666666666667
22.066666666666666,167,AV,2,1,3,3,24,0,0,43,6427.339783247283,0.2,-4.413333333333333
19.616666666666667,215,AV,2,3,2,0,3,0,0,42,3534.445695738256,0.1,-1.961666666666667
18.283333333333335,272,AV,2,1,3,6,0,0,0,40,2780.081336731352,0.5,-9.141666666666667
25.133333333333333,291,AV,2,0,1,4,29,0,0,49,7912.643587116454,0.1,-2.5133333333333336
28.75,37,AV,2,1,3,3,20,0,0,51,4376.119511966378,0.5,-14.375
22.7,131,AV,1,2,8,9,6,0,0,51,2421.0391237858234,0.1,-2.27
19.183333333333334,163,AV,2,0,1,1,3,0,0,41,5502.789496653042,0.2,-3.836666666666667
24.55,33,AV,2,1,3,1,4,0,0,46,1530.6528609905624,0.1,-2.455
28.416666666666668,233,AV,2,1,3,3,12,0,0,52,1022.032321197676,0.1,-2.841666666666667
27.366666666666667,193,AV,2,1,3,3,6,0,0,53,1805.1606101798543,0.7,-19.156666666666666
20.516666666666666,210,AV,0,7,8,1,3,0,0,43,10721.15711953896,0.1,-2.0516666666666667
32.55,123,AV,2,3,3,3,4,0,0,56,825.4433072334436,1.0,-32.55
36.11666666666667,108,AV,0,7,9,2,10,0,0,56,8326.33528790118,0.5,-18.058333333333334
34.483333333333334,184,AV,2,3,3,3,22,0,0,70,497.26542980048754,1.0,-34.483333333333334
46.733333333333334,71,AV,0,6,9,8,3,0,0,70,1885.557658153182,0.1,-4.673333333333334
11.7,262,AV,0,4,3,3,1,0,0,35,4967.653125719208,0.4,-4.68
29.083333333333332,250,AV,2,1,3,3,18,0,0,56,1564.4426034616197,0.9,-26.175
36.083333333333336,16,AV,2,1,3,3,16,0,0,72,1659.6531244520008,0.2,-7.216666666666668
6.9,28,AV,0,4,4,1,0,0,0,13,522.440884226393,0.8,-5.5200000000000005
34.0,92,AV,2,1,3,3,14,0,0,65,2137.1188228190404,0.5,-17.0
19.583333333333332,255,AV,2,1,3,3,5,0,0,41,4412.688598555705,0.2,-3.9166666666666665
36.666666666666664,27,AV,2,1,3,3,26,0,0,83,8795.495569618428,0.1,-3.6666666666666665
18.966666666666665,283,AV,1,3,4,4,10,0,0,44,1040.734547163155,0.1,-1.8966666666666665
15.533333333333333,15,AV,1,1,4,6,5,0,0,42,3119.7161673652217,0.1,-1.5533333333333335
32.4,201,AV,2,1,3,3,7,0,0,62,1645.9523587482854,0.3,-9.719999999999999
11.333333333333334,26,AV,2,1,2,1,2,0,0,11,1527.6889462703334,0.2,-2.266666666666667
26.35,115,AV,1,1,8,8,16,0,0,56,727.2326469992182,0.3,-7.905
21.383333333333333,195,AV,2,1,2,1,2,0,0,45,1373.5659577718477,0.2,-4.276666666666666
31.566666666666666,273,AV,2,1,3,3,11,0,0,59,5434.023139443809,0.1,-3.1566666666666667
15.083333333333334,142,AV,0,7,3,5,0,0,0,41,586.8516376274475,0.1,-1.5083333333333335
30.816666666666666,249,AV,0,5,4,1,0,0,0,53,3580.4564780460023,0.1,-3.081666666666667
14.85,61,AV,2,3,0,0,4,0,0,25,3257.3450634265246,1.0,-14.85
18.583333333333332,238,AV,2,3,2,1,4,0,0,40,5654.280440205098,0.1,-1.8583333333333334
14.466666666666667,243,AV,1,1,4,6,4,0,0,40,10708.821866752483,0.1,-1.4466666666666668
24.283333333333335,139,AV,2,1,3,3,12,0,0,49,1639.6236094811811,0.2,-4.856666666666667
13.616666666666667,137,AV,1,1,4,1,1,0,0,39,4756.448820673547,0.2,-2.7233333333333336
21.966666666666665,97,AV,2,1,2,1,2,0,0,45,2953.464044858564,0.4,-8.786666666666667
25.8,9,AV,0,4,4,4,2,0,0,49,1614.9493849180149,0.2,-5.16
16.216666666666665,6,AV,2,0,2,1,3,0,0,36,1797.659883656486,0.3,-4.864999999999999
17.333333333333332,223,AV,2,1,1,1,1,0,0,38,905.8209551718018,0.6,-10.399999999999999
29.35,239,AV,0,5,1,7,2,0,0,51,4735.166802079286,0.4,-11.740000000000002
23.216666666666665,246,AV,2,1,3,3,24,0,0,47,3001.8426729260827,0.1,-2.3216666666666668
26.033333333333335,290,AV,2,1,3,3,23,0,0,51,2857.712092786687,0.2,-5.206666666666667
13.25,82,AV,2,1,1,1,1,0,0,27,3438.9188747307694,0.4,-5.300000000000001
11.583333333333334,22,AV,1,1,4,1,1,0,0,34,2496.2043409386315,0.1,-1.1583333333333334
14.833333333333334,161,AV,2,1,2,2,4,0,0,19,1047.1205397958274,0.3,-4.45
23.033333333333335,113,AV,2,1,3,3,26,0,0,46,783.6834518391023,0.6,-13.82
17.0,67,AV,2,1,3,1,3,0,0,36,7332.887514065835,0.1,-1.7000000000000002
15.883333333333333,50,AV,2,1,2,1,2,0,0,37,1530.0661682302475,0.3,-4.765
21.216666666666665,91,AV,2,1,3,3,22,0,0,43,601.3137559373858,0.1,-2.1216666666666666
20.6,284,AV,2,1,3,3,5,0,0,45,4505.18942297478,0.1,-2.06
11.45,41,AV,2,0,3,3,5,0,0,9,1519.7273932229994,0.3,-3.4349999999999996
25.733333333333334,261,AV,2,1,3,3,5,0,0,49,3866.930621896856,0.8,-20.58666666666667
22.233333333333334,288,AV,2,1,3,1,4,0,0,43,859.2772315809713,0.2,-4.446666666666667
24.116666666666667,253,AV,2,1,1,1,1,0,0,47,2280.385817754286,0.3,-7.234999999999999
8.533333333333333,225,AV,0,4,2,2,0,0,0,15,832.4581618945489,0.4,-3.4133333333333336
27.45,87,AV,2,1,3,3,26,0,0,51,1587.6148581174584,0.4,-10.98
32.733333333333334,31,AV,2,1,3,3,10,0,0,59,4459.768546990965,0.1,-3.2733333333333334
36.43333333333333,141,AV,2,1,0,3,4,0,0,94,3245.380745418587,0.3,-10.929999999999998
14.733333333333333,47,AV,2,1,3,1,3,0,0,34,3197.7177395395383,0.4,-5.8933333333333335
10.3,133,AV,1,1,4,1,1,0,0,27,640.5426603936758,0.5,-5.15
32.733333333333334,1,AV,0,8,4,7,10,0,0,55,5307.329693361759,0.5,-16.366666666666667
15.533333333333333,38,AV,2,1,3,3,5,0,0,31,1838.9541098615327,0.8,-12.426666666666668
32.28333333333333,280,AV,2,1,3,3,5,0,0,61,2909.8477340427667,0.3,-9.684999999999999
15.133333333333333,53,AV,2,1,3,6,1,0,0,35,3803.247088152212,0.4,-6.053333333333334
17.433333333333334,268,AV,2,1,3,3,5,0,0,39,5004.1281918097375,0.3,-5.2299999999999995
35.63333333333333,134,AV,2,1,3,3,15,0,0,67,1546.5147326922538,0.3,-10.69
31.683333333333334,89,AV,2,1,2,0,2,0,0,61,8987.822610831106,0.5,-15.841666666666667
24.033333333333335,228,AV,0,9,7,5,4,0,0,45,676.2529471816457,0.4,-9.613333333333335
12.933333333333334,180,AV,2,2,1,2,2,0,0,33,5341.061461458292,0.1,-1.2933333333333334
35.833333333333336,177,AV,2,1,3,3,20,0,0,76,2675.3892374750885,0.2,-7.166666666666668
18.05,292,AV,2,2,0,2,3,0,0,41,491.0984231068265,0.7,-12.635
21.2,237,AV,2,1,3,1,3,0,0,39,5807.233742044462,0.2,-4.24
24.383333333333333,267,AV,2,1,3,3,25,0,0,48,2052.607856914241,0.2,-4.876666666666667
29.283333333333335,65,AV,0,5,6,5,5,0,0,51,1089.3140785512585,0.1,-2.9283333333333337
24.55,78,AV,2,1,2,1,2,0,0,48,2563.744074524839,0.2,-4.91
32.9,248,AV,2,1,3,3,30,0,0,70,636.6552097563458,0.8,-26.32
7.483333333333333,157,AV,1,1,4,6,2,0,0,19,1052.4070316009115,0.1,-0.7483333333333334
14.016666666666667,149,AV,2,1,3,1,3,0,0,27,4934.883137056144,0.4,-5.606666666666667
18.783333333333335,182,AV,1,1,4,3,1,0,0,43,3987.5502105766736,0.1,-1.8783333333333336
15.05,244,AV,1,1,4,6,2,0,0,40,4549.115907877681,0.1,-1.5050000000000001
27.633333333333333,106,AV,2,1,3,3,24,0,0,53,801.7987355487146,0.2,-5.526666666666667
5.283333333333333,258,AV,0,4,1,1,0,0,0,4,3523.1638559153366,1.0,-5.283333333333333
25.183333333333334,206,AV,2,1,3,3,8,0,0,49,793.0252767736928,0.3,-7.555
20.116666666666667,226,AV,2,1,3,3,5,0,0,43,639.9143284368583,1.0,-20.116666666666667
