travel_time,id,kind,action,bid_route_0,bid_route_1,bid_route_2,karma_balance,origin,destination,start_time,income,urgency,reward
64.6,208,AV,0,4,0,3,1,0,0,46,959.5289757906356,0.3,-19.38
15.516666666666667,172,AV,2,3,3,2,6,0,0,40,2344.9936519099742,0.3,-4.655
8.466666666666667,4,AV,0,8,2,9,4,0,0,18,9095.945853089892,0.2,-1.6933333333333334
41.666666666666664,109,AV,0,7,0,0,2,0,0,38,4707.821121085941,0.1,-4.166666666666667
20.583333333333332,30,AV,0,4,5,3,6,0,0,28,850.3216016091212,0.4,-8.233333333333333
14.566666666666666,252,AV,2,2,0,4,5,0,0,36,3752.1132597063192,0.1,-1.4566666666666668
33.43333333333333,148,AV,2,0,1,1,6,0,0,65,2758.442965787371,1.0,-33.43333333333333
92.7,64,AV,0,7,2,4,0,0,0,53,1389.0632502942228,0.5,-46.35
129.45,191,AV,0,5,3,8,7,0,0,86,2421.832203454489,0.2,-25.89
124.15,136,AV,0,4,0,3,10,0,0,76,4925.450001742355,0.6,-74.49
10.166666666666666,271,AV,1,3,6,5,6,0,0,30,6248.181898567973,0.6,-6.1
22.483333333333334,194,AV,0,4,8,2,6,0,0,30,1635.9686818612918,0.6,-13.49
89.13333333333334,160,AV,0,5,4,9,13,0,0,52,2293.603195459698,1.0,-89.13333333333334
9.683333333333334,120,AV,1,3,6,2,8,0,0,23,3480.90175047103,0.6,-5.81
82.11666666666666,17,AV,0,6,1,9,3,0,0,50,1597.8734280578535,0.2,-16.423333333333332
21.883333333333333,132,AV,2,3,1,6,0,0,0,46,491.8679742725259,0.3,-6.5649999999999995
35.55,13,AV,2,3,0,2,7,0,0,80,1996.532829496936,0.6,-21.33
20.566666666666666,270,AV,1,0,5,2,1,0,0,49,5480.041794665195,0.3,-6.17
98.13333333333334,40,AV,0,6,3,6,6,0,0,56,610.4868582393152,0.1,-9.813333333333334
24.4,235,AV,1,1,9,4,2,0,0,54,3251.3322332141274,0.2,-4.88
21.95,19,AV,1,0,6,5,2,0,0,51,3169.820795106812,0.4,-8.78
21.7,218,AV,2,3,3,1,7,0,0,47,8028.27043643778,1.0,-21.7
12.083333333333334,192,AV,2,3,3,4,2,0,0,18,3667.3634505223554,0.6,-7.25
101.8,121,AV,0,4,6,8,6,0,0,58,2722.266725979925,0.1,-10.18
113.65,147,AV,0,6,1,3,0,0,0,64,3427.0421228311798,0.1,-11.365000000000002
71.8,153,AV,0,5,3,8,7,0,0,47,2446.4664131825853,0.1,-7.18
31.75,285,AV,2,3,1,5,6,0,0,62,2164.09247058771,0.1,-3.1750000000000003
25.0,162,AV,1,3,6,6,0,0,0,56,985.0802174553831,0.3,-7.5
23.766666666666666,35,AV,1,0,4,3,5,0,0,52,968.7072844723906,0.5,-11.883333333333333
48.833333333333336,2,AV,0,5,7,2,2,0,0,41,3849.958431883558,0.1,-4.883333333333334
41.78333333333333,145,AV,0,6,0,5,2,0,0,38,5158.4050556257225,0.2,-8.356666666666667
16.983333333333334,212,AV,2,1,2,4,8,0,0,38,1074.3823512953045,0.1,-1.6983333333333335
66.45,8,AV,0,4,1,2,2,0,0,46,4116.183110063293,0.2,-13.290000000000001
115.65,127,AV,0,7,5,3,3,0,0,67,822.5771428470101,0.2,-23.130000000000003
75.21666666666667,77,AV,0,5,3,1,1,0,0,48,1986.5043233563797,0.1,-7.521666666666667
71.63333333333334,260,AV,0,8,8,4,12,0,0,47,1111.987968807459,0.1,-7.163333333333334
23.966666666666665,24,AV,1,0,9,8,0,0,0,55,2553.8725848963804,0.2,-4.793333333333333
30.3,186,AV,2,0,1,2,11,0,0,52,1025.7249596144625,0.2,-6.0600000000000005
92.68333333333334,55,AV,0,7,3,0,2,0,0,53,4951.479839002994,0.2,-18.53666666666667
127.58333333333333,221,AV,0,5,8,4,3,0,0,77,1291.7462447339112,0.2,-25.516666666666666
43.666666666666664,23,AV,0,6,0,1,0,0,0,39,3022.892107624705,0.1,-4.366666666666666
11.316666666666666,117,AV,2,3,1,7,3,0,0,6,6007.794801579103,0.1,-1.1316666666666666
31.9,181,AV,1,1,7,8,4,0,0,70,932.0432837729122,0.4,-12.76
98.1,156,AV,0,5,4,0,4,0,0,56,1244.4027248274256,0.1,-9.81
15.916666666666666,126,AV,1,3,7,7,1,0,0,42,2850.5966631146844,0.1,-1.5916666666666668
118.86666666666666,158,AV,0,7,0,2,0,0,0,70,1628.9397076974285,0.5,-59.43333333333333
20.883333333333333,3,AV,0,4,1,1,4,0,0,28,1993.780724220221,0.2,-4.176666666666667
14.616666666666667,110,AV,2,3,0,1,11,0,0,30,15387.119225735782,0.1,-1.461666666666667
23.9,130,AV,1,0,5,7,12,0,0,53,4021.28082322038,0.5,-11.95
54.083333333333336,34,AV,0,6,3,0,0,0,0,43,10450.70686878338,0.4,-21.633333333333336
28.166666666666668,83,AV,1,2,5,3,7,0,0,60,3274.575105225111,0.2,-5.633333333333334
36.35,242,AV,0,9,4,6,5,0,0,36,6434.117121135291,0.2,-7.2700000000000005
24.216666666666665,298,AV,0,6,0,8,10,0,0,30,2942.323800284961,0.1,-2.421666666666667
96.35,236,AV,0,5,3,7,3,0,0,54,2476.7673195544394,0.5,-48.175
110.06666666666666,278,AV,0,5,6,5,2,0,0,63,1404.912317929139,0.6,-66.03999999999999
78.7,214,AV,0,5,7,5,3,0,0,49,4304.4895651906745,0.2,-15.740000000000002
21.633333333333333,231,AV,2,1,1,3,5,0,0,43,2241.037238818388,0.2,-4.326666666666667
13.983333333333333,289,AV,0,7,6,9,9,0,0,22,863.5619359671642,0.1,-1.3983333333333334
122.56666666666666,183,AV,0,5,2,8,11,0,0,74,1434.4967426379471,1.0,-122.56666666666666
110.31666666666666,88,AV,0,5,4,7,3,0,0,63,2756.9260540590044,1.0,-110.31666666666666
8.916666666666666,205,AV,1,3,6,5,0,0,0,25,16390.717038727882,0.3,-2.675
99.66666666666667,178,AV,0,6,2,0,0,0,0,57,1703.2333497257905,0.2,-19.933333333333337
27.3,165,AV,1,1,6,5,1,0,0,57,3942.222625638348,0.1,-2.7300000000000004
12.033333333333333,174,AV,0,4,1,5,1,0,0,20,2011.9739719035176,0.2,-2.4066666666666667
27.433333333333334,118,AV,2,2,0,4,8,0,0,53,2294.767722006211,0.1,-2.7433333333333336
124.21666666666667,179,AV,0,6,9,8,8,0,0,76,8689.506535985933,0.2,-24.843333333333334
11.15,196,AV,1,1,4,1,2,0,0,33,6563.608435155774,0.1,-1.115
14.866666666666667,70,AV,2,2,1,4,5,0,0,31,3971.0791127863904,0.2,-2.9733333333333336
19.583333333333332,209,AV,1,3,4,8,6,0,0,46,2857.6088215719105,0.4,-7.833333333333333
12.7,52,AV,1,1,9,0,1,0,0,36,2744.255474143275,0.1,-1.27
19.95,96,AV,2,0,3,5,1,0,0,41,1460.106853854364,0.7,-13.964999999999998
29.15,21,AV,1,0,4,3,2,0,0,67,1661.9571573900298,0.1,-2.915
45.56666666666667,198,AV,0,9,1,8,2,0,0,40,7006.371100745904,0.2,-9.113333333333335
31.366666666666667,240,AV,1,3,6,0,1,0,0,69,3389.778327720714,0.4,-12.546666666666667
9.883333333333333,58,AV,1,1,7,5,4,0,0,23,12051.378145129962,0.6,-5.93
22.0,154,AV,1,2,5,2,2,0,0,50,5168.6614957092925,0.5,-11.0
23.683333333333334,296,AV,2,0,3,6,1,0,0,49,473.5024380788758,0.4,-9.473333333333334
57.56666666666667,219,AV,0,8,6,9,5,0,0,44,3651.018124108644,0.1,-5.756666666666668
50.43333333333333,230,AV,0,4,4,1,5,0,0,42,4704.305573257116,0.2,-10.086666666666666
32.56666666666667,299,AV,2,3,2,7,3,0,0,67,902.2448599555772,0.2,-6.5133333333333345
37.833333333333336,101,AV,2,2,1,2,6,0,0,77,1014.5614647146556,0.4,-15.133333333333335
19.616666666666667,42,AV,1,3,6,7,2,0,0,48,2318.2944376966047,0.2,-3.923333333333334
104.95,60,AV,0,8,1,4,8,0,0,60,1836.592480640456,0.7,-73.465
19.433333333333334,36,AV,2,2,2,7,7,0,0,43,1716.9764066453156,0.7,-13.603333333333333
117.23333333333333,20,AV,0,5,4,2,0,0,0,68,2472.005569054355,0.2,-23.44666666666667
11.966666666666667,74,AV,0,8,1,6,3,0,0,21,9667.56212442905,0.6,-7.18
36.06666666666667,75,AV,2,2,1,9,10,0,0,76,2382.718205806423,0.1,-3.6066666666666674
38.3,286,AV,0,7,5,6,3,0,0,37,2218.0502812558643,0.4,-15.32
27.483333333333334,86,AV,1,2,8,7,0,0,0,58,522.2875039790788,0.4,-10.993333333333334
39.78333333333333,135,AV,0,7,2,5,4,0,0,37,5960.007005011629,0.1,-3.9783333333333335
28.5,197,AV,1,3,4,2,5,0,0,64,3048.604611013583,0.2,-5.7
120.86666666666666,104,AV,0,5,8,7,4,0,0,71,1963.0347272178835,0.4,-48.346666666666664
120.56666666666666,187,AV,0,5,9,5,9,0,0,70,1129.1321270070612,0.4,-48.22666666666667
35.45,0,AV,2,1,1,4,5,0,0,68,1240.6560786390864,0.9,-31.905000000000005
12.55,29,AV,2,2,1,0,6,0,0,15,5578.433439706214,0.4,-5.0200000000000005
111.93333333333334,166,AV,0,4,6,6,6,0,0,63,3882.59008652233,0.1,-11.193333333333335
66.45,211,AV,0,9,5,7,2,0,0,46,7099.697064525982,0.4,-26.580000000000002
31.2,173,AV,0,9,8,0,0,0,0,35,8639.921150992108,0.1,-3.12
24.066666666666666,232,AV,2,1,1,9,4,0,0,49,3508.846318545673,0.3,-7.22
31.466666666666665,274,AV,2,3,2,7,7,0,0,65,5670.319740923212,0.1,-3.1466666666666665
17.033333333333335,269,AV,1,3,6,7,1,0,0,44,3362.377553451843,0.2,-3.406666666666667
19.266666666666666,264,AV,2,0,3,4,4,0,0,42,806.3598325453933,0.3,-5.779999999999999
18.066666666666666,66,AV,1,3,4,3,2,0,0,45,1942.5668635563816,0.2,-3.6133333333333333
30.25,44,AV,2,1,2,7,0,0,0,59,1150.4391077840953,0.1,-3.0250000000000004
103.21666666666667,257,AV,0,7,6,4,1,0,0,58,2411.397471856681,0.1,-10.321666666666667
73.41666666666667,295,AV,0,8,2,8,3,0,0,47,2497.1975937909187,0.2,-14.683333333333335
89.3,128,AV,0,6,1,0,1,0,0,52,3531.3895067900216,0.2,-17.86
10.9,200,AV,1,1,9,0,0,0,0,31,776.0711537761008,0.1,-1.09
73.46666666666667,152,AV,0,9,0,0,4,0,0,47,7177.938863287724,0.4,-29.38666666666667
15.366666666666667,279,AV,0,4,8,8,6,0,0,27,1823.811293294481,0.1,-1.5366666666666668
8.116666666666667,220,AV,1,3,6,5,1,0,0,19,3824.993837156676,0.2,-1.6233333333333335
21.233333333333334,5,AV,1,3,6,2,3,0,0,50,1457.5875839824732,0.2,-4.246666666666667
68.45,216,AV,0,4,3,5,3,0,0,46,1950.0200213032829,1.0,-68.45
113.81666666666666,164,AV,0,4,2,4,1,0,0,65,2193.4249838744518,0.6,-68.28999999999999
17.033333333333335,188,AV,2,1,1,5,0,0,0,36,1718.6657268339234,0.4,-6.813333333333334
22.916666666666668,81,AV,1,3,6,3,0,0,0,51,813.126641713825,0.3,-6.875
32.766666666666666,256,AV,1,0,5,4,0,0,0,74,5064.807770076448,0.3,-9.83
27.483333333333334,14,AV,1,1,8,1,3,0,0,59,457.16351791608827,0.2,-5.496666666666667
31.016666666666666,51,AV,1,1,9,6,7,0,0,69,3773.073658575576,0.2,-6.203333333333333
10.383333333333333,12,AV,0,6,2,7,2,0,0,16,1279.3396024785957,0.2,-2.0766666666666667
77.05,111,AV,0,9,2,9,11,0,0,48,13079.31179296209,0.3,-23.115
83.83333333333333,138,AV,0,5,7,9,4,0,0,50,912.6272274022258,0.7,-58.68333333333332
17.55,265,AV,2,0,0,1,13,0,0,41,19040.472291926453,0.4,-7.0200000000000005
24.266666666666666,85,AV,0,5,4,7,7,0,0,30,2953.761118311176,0.3,-7.279999999999999
32.3,80,AV,1,3,9,3,0,0,0,87,4660.29795945294,0.1,-3.23
84.05,297,AV,0,4,6,2,2,0,0,50,1297.4303329633815,0.8,-67.24
17.783333333333335,254,AV,1,1,6,5,1,0,0,45,3898.759045987068,0.2,-3.556666666666667
16.016666666666666,263,AV,1,1,4,7,4,0,0,43,2318.1098695731453,0.1,-1.6016666666666666
80.68333333333334,90,AV,0,9,3,1,0,0,0,49,571.0932451196882,0.4,-32.27333333333333
101.61666666666666,170,AV,0,4,1,4,3,0,0,57,2909.5116230827134,0.9,-91.455
29.2,56,AV,1,2,9,0,6,0,0,67,5394.467136051333,0.2,-5.84
57.766666666666666,116,AV,0,4,1,2,11,0,0,44,1475.2077210572677,0.4,-23.10666666666667
32.5,98,AV,1,3,8,1,2,0,0,88,4381.240268036911,0.1,-3.25
24.433333333333334,93,AV,1,1,5,3,0,0,0,55,3064.640983136323,0.3,-7.33
61.06666666666667,119,AV,0,6,4,6,0,0,0,45,437.8567856598078,0.1,-6.106666666666667
96.3,63,AV,0,5,7,6,7,0,0,55,623.7253316558669,0.3,-28.889999999999997
59.18333333333333,171,AV,0,5,5,5,15,0,0,44,5912.288420941998,0.2,-11.836666666666666
24.883333333333333,251,AV,1,3,9,6,0,0,0,55,513.7357984527049,0.4,-9.953333333333333
30.483333333333334,69,AV,1,0,5,5,0,0,0,69,1836.3970218708375,0.1,-3.048333333333334
24.583333333333332,247,AV,1,2,4,6,4,0,0,55,3368.9508766880413,0.6,-14.749999999999998
30.816666666666666,144,AV,2,0,2,1,6,0,0,60,1275.9312017726234,0.5,-15.408333333333333
27.7,43,AV,2,2,0,2,7,0,0,52,1809.16611953512,0.1,-2.77
17.366666666666667,46,AV,0,4,7,5,5,0,0,27,7334.728577480919,0.2,-3.4733333333333336
117.28333333333333,241,AV,0,4,4,8,8,0,0,68,4569.840806868062,0.1,-11.728333333333333
31.166666666666668,146,AV,1,1,5,2,16,0,0,70,1794.439334206041,0.2,-6.233333333333334
10.25,275,AV,2,2,3,7,6,0,0,10,20239.22920549412,0.4,-4.1000000000000005
13.933333333333334,207,AV,0,5,1,2,1,0,0,23,948.3478854920526,1.0,-13.933333333333334
16.083333333333332,217,AV,2,1,0,4,14,0,0,38,6031.594525491932,0.2,-3.216666666666667
12.683333333333334,168,AV,2,3,1,7,4,0,0,19,2966.188350320237,0.1,-1.2683333333333335
59.38333333333333,294,AV,0,8,9,3,7,0,0,44,1122.7546975855585,0.2,-11.876666666666667
29.416666666666668,100,AV,2,1,2,1,10,0,0,57,2078.9202215407213,0.1,-2.941666666666667
29.866666666666667,266,AV,2,2,1,5,4,0,0,59,3759.463069718096,0.1,-2.986666666666667
13.066666666666666,124,AV,1,2,4,0,4,0,0,39,2015.5588757501516,0.1,-1.3066666666666666
80.63333333333334,122,AV,0,6,7,5,4,0,0,49,2528.765907819195,0.7,-56.443333333333335
125.96666666666667,155,AV,0,4,5,6,5,0,0,76,2347.541384251396,0.4,-50.38666666666667
90.95,140,AV,0,5,2,0,5,0,0,52,6995.337061486569,0.8,-72.76
103.16666666666667,213,AV,0,6,0,4,0,0,0,58,827.8499544782503,0.3,-30.95
85.56666666666666,159,AV,0,4,3,6,4,0,0,51,1783.933402668827,0.2,-17.113333333333333
106.91666666666667,84,AV,0,6,4,7,2,0,0,61,2648.588416164911,0.4,-42.76666666666667
19.416666666666668,99,AV,2,2,0,1,6,0,0,43,2035.9911412414244,0.1,-1.9416666666666669
24.933333333333334,227,AV,1,2,8,9,5,0,0,55,1526.0895405694364,0.1,-2.4933333333333336
19.133333333333333,293,AV,0,6,8,2,3,0,0,27,3361.758609282253,0.2,-3.8266666666666667
112.05,190,AV,0,5,0,7,5,0,0,63,4196.147454418583,0.3,-33.614999999999995
119.0,114,AV,0,4,5,3,12,0,0,69,1778.835052690156,0.5,-59.5
129.26666666666668,143,AV,0,5,5,0,6,0,0,84,437.5592869272848,0.5,-64.63333333333334
6.833333333333333,10,AV,0,9,6,5,2,0,0,12,1564.487892525026,0.2,-1.3666666666666667
28.583333333333332,103,AV,2,3,3,2,17,0,0,57,3227.056348793521,0.2,-5.716666666666667
21.45,203,AV,2,2,1,2,11,0,0,43,548.7192496267361,0.2,-4.29
52.28333333333333,222,AV,0,8,8,8,1,0,0,42,802.5586880039084,1.0,-52.28333333333333
19.866666666666667,176,AV,1,3,8,0,0,0,0,48,2046.5713793034688,0.5,-9.933333333333334
13.2,277,AV,1,1,7,0,1,0,0,39,2815.231094880572,0.2,-2.64
26.1,229,AV,2,3,2,3,6,0,0,51,1097.8259349569896,0.2,-5.220000000000001
25.216666666666665,245,AV,1,1,9,2,6,0,0,56,1832.3133019091129,0.2,-5.043333333333333
27.416666666666668,150,AV,1,0,8,5,5,0,0,58,2991.769966736588,0.2,-5.483333333333334
28.466666666666665,107,AV,1,3,6,1,7,0,0,61,2113.1349678504243,0.2,-5.693333333333333
22.466666666666665,72,AV,0,4,2,7,6,0,0,28,742.4887258523852,0.4,-8.986666666666666
68.11666666666666,199,AV,0,7,3,0,9,0,0,46,646.5589615252754,0.5,-34.05833333333333
25.05,281,AV,2,3,2,0,14,0,0,50,3398.605365942332,0.4,-10.020000000000001
36.65,45,AV,0,6,3,2,1,0,0,36,14297.77376075636,0.2,-7.33
19.4,59,AV,1,3,6,1,8,0,0,47,3132.463358685509,0.1,-1.94
115.35,11,AV,0,8,8,3,7,0,0,65,8987.033628468456,0.1,-11.535
24.7,204,AV,2,0,1,2,7,0,0,48,627.4062491148882,0.9,-22.23
12.75,76,AV,1,3,6,3,5,0,0,35,1862.7228332236152,0.3,-3.8249999999999997
8.466666666666667,189,AV,0,6,0,6,8,0,0,13,6130.868263041086,0.6,-5.08
22.766666666666666,185,AV,1,1,6,4,7,0,0,50,2574.4307659940623,0.7,-15.936666666666666
15.383333333333333,129,AV,0,4,2,8,8,0,0,26,2580.565825479665,0.1,-1.5383333333333333
26.783333333333335,105,AV,2,1,0,6,0,0,0,53,3458.1247672483346,0.2,-5.356666666666667
29.55,68,AV,0,5,1,2,7,0,0,34,4572.8741748457805,0.1,-2.955
27.533333333333335,48,AV,1,2,7,0,2,0,0,59,4639.089550420253,1.0,-27.533333333333335
28.3,102,AV,1,0,4,5,6,0,0,58,4266.216809230351,0.8,-22.64
15.666666666666666,202,AV,1,1,6,1,3,0,0,41,2222.040577514192,1.0,-15.666666666666666
19.933333333333334,282,AV,1,2,8,3,6,0,0,48,7336.658338656486,0.2,-3.986666666666667
30.85,169,AV,1,1,6,6,4,0,0,66,2969.8754393798326,0.3,-9.255
106.95,18,AV,0,8,6,0,3,0,0,61,1038.299283744561,0.4,-42.78
17.166666666666668,79,AV,2,0,1,8,5,0,0,39,1062.4074567339185,0.5,-8.583333333333334
76.95,54,AV,0,6,0,3,1,0,0,48,1474.5167950508735,0.2,-15.39
20.266666666666666,62,AV,2,1,2,1,14,0,0,41,1293.252850487379,0.3,-6.079999999999999
31.416666666666668,259,AV,0,8,8,0,3,0,0,35,1068.5648373754009,0.1,-3.141666666666667
130.91666666666666,73,AV,0,7,1,5,0,0,0,98,2996.640782499388,0.2,-26.183333333333334
35.833333333333336,32,AV,2,2,0,3,9,0,0,79,3236.647802754315,0.5,-17.916666666666668
27.383333333333333,39,AV,1,1,6,0,4,0,0,57,2761.3662775036096,0.3,-8.215
31.15,224,AV,2,0,3,3,13,0,0,55,993.3467226420588,0.3,-9.344999999999999
26.083333333333332,175,AV,0,5,4,2,11,0,0,30,1697.366940102563,0.7,-18.258333333333333
30.2,125,AV,2,2,3,5,2,0,0,53,658.4091024775607,0.2,-6.04
61.03333333333333,287,AV,0,6,5,5,13,0,0,45,8134.997760071039,0.2,-12.206666666666667
36.06666666666667,276,AV,2,3,0,4,1,0,0,90,1822.2981036688468,0.2,-7.213333333333335
22.183333333333334,25,AV,2,0,2,2,5,0,0,46,2398.572127464108,0.5,-11.091666666666667
47.15,95,AV,0,4,2,5,2,0,0,40,2458.2611968747465,0.1,-4.715
33.0,49,AV,0,8,8,0,4,0,0,35,7081.334819999852,0.1,-3.3000000000000003
26.2,234,AV,0,5,2,2,16,0,0,31,5702.891177591027,0.3,-7.859999999999999
11.483333333333333,57,AV,1,1,4,1,1,0,0,35,1275.6237969650936,0.8,-9.186666666666666
16.6,151,AV,1,3,4,4,13,0,0,43,595.9176043698985,0.2,-3.3200000000000003
122.48333333333333,112,AV,0,7,6,4,7,0,0,73,4164.701887555128,0.2,-24.49666666666667
33.11666666666667,7,AV,0,5,2,2,2,0,0,35,3465.4556083993225,0.2,-6.623333333333334
13.766666666666667,94,AV,2,0,3,9,0,0,0,25,4705.31956239884,0.2,-2.753333333333334
21.866666666666667,167,AV,2,2,2,8,0,0,0,43,6427.339783247283,0.2,-4.373333333333334
52.31666666666667,215,AV,0,4,0,0,2,0,0,42,3534.445695738256,0.2,-10.463333333333335
18.183333333333334,272,AV,2,0,1,3,8,0,0,40,2780.081336731352,0.1,-1.8183333333333334
82.21666666666667,291,AV,0,6,6,4,3,0,0,49,7912.643587116454,0.1,-8.221666666666668
23.816666666666666,37,AV,1,3,5,3,3,0,0,51,4376.119511966378,0.3,-7.145
22.9,131,AV,1,2,9,9,2,0,0,51,2421.0391237858234,0.1,-2.29
15.716666666666667,163,AV,1,1,6,5,2,0,0,41,5502.789496653042,0.5,-7.858333333333333
70.08333333333333,33,AV,0,4,7,2,8,0,0,46,1530.6528609905624,0.1,-7.008333333333333
91.15,233,AV,0,7,1,7,9,0,0,52,1022.032321197676,0.6,-54.690000000000005
94.41666666666667,193,AV,0,7,0,4,0,0,0,53,1805.1606101798543,0.2,-18.883333333333336
55.8,210,AV,0,5,2,0,7,0,0,43,10721.15711953896,0.1,-5.58
32.18333333333333,123,AV,2,0,3,4,2,0,0,56,825.4433072334436,0.1,-3.2183333333333333
99.71666666666667,108,AV,0,8,3,7,0,0,0,56,8326.33528790118,0.1,-9.971666666666668
34.266666666666666,184,AV,2,1,1,1,9,0,0,70,497.26542980048754,0.3,-10.28
31.95,71,AV,1,1,6,6,2,0,0,70,1885.557658153182,0.2,-6.390000000000001
34.6,262,AV,0,4,5,1,5,0,0,35,4967.653125719208,1.0,-34.6
28.7,250,AV,2,1,0,3,9,0,0,56,1564.4426034616197,0.2,-5.74
35.61666666666667,16,AV,2,0,0,6,6,0,0,72,1659.6531244520008,0.3,-10.685
8.166666666666666,28,AV,1,3,4,8,5,0,0,13,522.440884226393,0.2,-1.6333333333333333
33.71666666666667,92,AV,2,0,0,4,2,0,0,65,2137.1188228190404,0.2,-6.743333333333334
15.883333333333333,255,AV,1,3,7,7,0,0,0,41,4412.688598555705,0.1,-1.5883333333333334
127.7,27,AV,0,6,3,4,5,0,0,83,8795.495569618428,0.3,-38.31
18.6,283,AV,1,3,4,3,4,0,0,44,1040.734547163155,0.1,-1.8600000000000003
53.916666666666664,15,AV,0,4,3,6,2,0,0,42,3119.7161673652217,0.3,-16.174999999999997
32.18333333333333,201,AV,2,1,0,7,3,0,0,62,1645.9523587482854,0.1,-3.2183333333333333
6.833333333333333,26,AV,0,8,8,7,4,0,0,11,1527.6889462703334,0.3,-2.05
26.016666666666666,115,AV,1,0,7,0,0,0,0,56,727.2326469992182,0.3,-7.805
18.416666666666668,195,AV,1,1,9,2,4,0,0,45,1373.5659577718477,0.5,-9.208333333333334
28.116666666666667,273,AV,1,2,6,1,7,0,0,59,5434.023139443809,0.1,-2.811666666666667
50.233333333333334,142,AV,0,4,6,1,7,0,0,41,586.8516376274475,0.3,-15.07
94.45,249,AV,0,9,4,1,4,0,0,53,3580.4564780460023,0.4,-37.78
17.466666666666665,61,AV,0,5,2,7,3,0,0,25,3257.3450634265246,0.2,-3.493333333333333
47.13333333333333,238,AV,0,5,7,3,2,0,0,40,5654.280440205098,0.1,-4.713333333333334
17.55,243,AV,2,1,3,5,7,0,0,40,10708.821866752483,0.7,-12.285
20.616666666666667,139,AV,1,1,6,2,0,0,0,49,1639.6236094811811,0.8,-16.493333333333336
16.65,137,AV,2,1,0,0,5,0,0,39,4756.448820673547,0.7,-11.654999999999998
62.81666666666667,97,AV,0,4,1,3,16,0,0,45,2953.464044858564,0.7,-43.971666666666664
25.566666666666666,9,AV,2,1,2,2,6,0,0,49,1614.9493849180149,0.2,-5.113333333333333
38.18333333333333,6,AV,0,7,3,7,1,0,0,36,1797.659883656486,0.1,-3.8183333333333334
43.516666666666666,223,AV,0,5,5,2,2,0,0,38,905.8209551718018,0.2,-8.703333333333333
85.91666666666667,239,AV,0,9,1,9,2,0,0,51,4735.166802079286,0.4,-34.36666666666667
19.55,246,AV,1,1,5,7,4,0,0,47,3001.8426729260827,0.4,-7.82
87.38333333333334,290,AV,0,4,2,4,2,0,0,51,2857.712092786687,0.3,-26.215
13.25,82,AV,2,3,2,7,25,0,0,27,3438.9188747307694,0.2,-2.6500000000000004
27.85,22,AV,0,5,5,9,13,0,0,34,2496.2043409386315,0.2,-5.57
14.85,161,AV,2,1,0,0,15,0,0,19,1047.1205397958274,0.1,-1.485
70.0,113,AV,0,4,0,6,4,0,0,46,783.6834518391023,0.4,-28.0
13.066666666666666,67,AV,1,3,5,5,0,0,0,36,7332.887514065835,0.5,-6.533333333333333
39.9,50,AV,0,6,3,1,7,0,0,37,1530.0661682302475,0.1,-3.99
17.05,91,AV,1,2,4,5,1,0,0,43,601.3137559373858,0.6,-10.23
62.733333333333334,284,AV,0,6,0,4,11,0,0,45,4505.18942297478,0.7,-43.913333333333334
5.2,41,AV,0,9,2,6,8,0,0,9,1519.7273932229994,0.1,-0.52
25.466666666666665,261,AV,2,0,3,5,0,0,0,49,3866.930621896856,0.6,-15.279999999999998
17.916666666666668,288,AV,1,3,7,7,4,0,0,43,859.2772315809713,0.2,-3.583333333333334
75.2,253,AV,0,6,8,5,9,0,0,47,2280.385817754286,0.2,-15.040000000000001
11.55,225,AV,2,3,1,7,3,0,0,15,832.4581618945489,0.1,-1.155
23.75,87,AV,1,3,4,3,2,0,0,51,1587.6148581174584,0.7,-16.625
105.16666666666667,31,AV,0,6,7,3,6,0,0,59,4459.768546990965,0.6,-63.1
130.91666666666666,141,AV,0,8,3,4,0,0,0,94,3245.380745418587,0.4,-52.36666666666667
29.483333333333334,47,AV,0,9,8,9,9,0,0,34,3197.7177395395383,0.2,-5.896666666666667
14.15,133,AV,2,1,1,2,7,0,0,27,640.5426603936758,0.2,-2.83
96.38333333333334,1,AV,0,6,3,2,1,0,0,55,5307.329693361759,1.0,-96.38333333333334
27.816666666666666,38,AV,0,6,8,8,2,0,0,31,1838.9541098615327,1.0,-27.816666666666666
108.53333333333333,280,AV,0,7,4,4,5,0,0,61,2909.8477340427667,0.2,-21.706666666666667
34.65,53,AV,0,6,5,0,0,0,0,35,3803.247088152212,0.2,-6.93
45.233333333333334,268,AV,0,7,8,3,12,0,0,39,5004.1281918097375,0.4,-18.093333333333334
35.36666666666667,134,AV,2,2,2,2,13,0,0,67,1546.5147326922538,0.1,-3.536666666666667
108.53333333333333,89,AV,0,6,6,4,2,0,0,61,8987.822610831106,0.4,-43.413333333333334
64.65,228,AV,0,7,1,1,1,0,0,45,676.2529471816457,0.2,-12.930000000000001
10.766666666666667,180,AV,1,3,6,7,2,0,0,33,5341.061461458292,0.6,-6.46
126.01666666666667,177,AV,0,4,1,3,2,0,0,76,2675.3892374750885,0.6,-75.61
17.733333333333334,292,AV,2,2,1,4,8,0,0,41,491.0984231068265,0.1,-1.7733333333333334
21.05,237,AV,2,2,0,7,2,0,0,39,5807.233742044462,0.1,-2.105
78.68333333333334,267,AV,0,4,9,3,10,0,0,48,2052.607856914241,0.2,-15.736666666666668
87.51666666666667,65,AV,0,6,0,2,0,0,0,51,1089.3140785512585,0.7,-61.26166666666666
20.483333333333334,78,AV,1,1,6,8,2,0,0,48,2563.744074524839,0.6,-12.290000000000001
32.583333333333336,248,AV,2,3,1,0,6,0,0,70,636.6552097563458,0.4,-13.033333333333335
10.166666666666666,157,AV,0,5,8,0,4,0,0,19,1052.4070316009115,0.1,-1.0166666666666666
19.083333333333332,149,AV,0,4,1,4,2,0,0,27,4934.883137056144,0.2,-3.8166666666666664
23.166666666666668,182,AV,2,3,0,5,0,0,0,43,3987.5502105766736,0.3,-6.95
48.833333333333336,244,AV,0,7,3,9,5,0,0,40,4549.115907877681,0.7,-34.18333333333333
23.95,106,AV,1,1,8,9,7,0,0,53,801.7987355487146,0.3,-7.185
5.266666666666667,258,AV,0,7,7,5,14,0,0,4,3523.1638559153366,1.0,-5.266666666666667
21.183333333333334,206,AV,1,2,4,1,3,0,0,49,793.0252767736928,0.2,-4.236666666666667
55.78333333333333,226,AV,0,5,5,2,5,0,0,43,639.9143284368583,0.4,-22.313333333333333
