travel_time,id,kind,action,bid_route_0,bid_route_1,bid_route_2,karma_balance,origin,destination,start_time,income,urgency,reward
39.85,208,AV,0,6,3,4,5,0,0,46,959.5289757906356,0.6,-23.91
18.933333333333334,172,AV,1,3,4,5,5,0,0,40,2344.9936519099742,0.4,-7.573333333333334
12.05,4,AV,0,4,4,5,2,0,0,18,9095.945853089892,0.3,-3.615
18.633333333333333,109,AV,1,3,4,5,10,0,0,38,4707.821121085941,0.1,-1.8633333333333333
22.4,30,AV,0,5,2,4,1,0,0,28,850.3216016091212,0.4,-8.959999999999999
16.683333333333334,252,AV,1,3,4,5,5,0,0,36,3752.1132597063192,0.7,-11.678333333333333
55.6,148,AV,0,5,3,5,0,0,0,65,2758.442965787371,0.4,-22.240000000000002
34.1,64,AV,1,3,4,5,8,0,0,53,1389.0632502942228,0.1,-3.41
58.75,191,AV,0,5,3,2,7,0,0,86,2421.832203454489,1.0,-58.75
46.1,136,AV,2,3,3,0,4,0,0,76,4925.450001742355,0.2,-9.22
14.95,271,AV,1,3,4,5,6,0,0,30,6248.181898567973,0.2,-2.99
25.95,194,AV,0,8,1,4,4,0,0,30,1635.9686818612918,0.5,-12.975
46.766666666666666,160,AV,0,4,6,6,3,0,0,52,2293.603195459698,0.3,-14.03
19.15,120,AV,0,4,4,0,0,0,0,23,3480.90175047103,0.1,-1.915
45.05,17,AV,0,7,5,0,4,0,0,50,1597.8734280578535,0.1,-4.505
26.416666666666668,132,AV,1,2,9,8,6,0,0,46,491.8679742725259,0.2,-5.283333333333334
57.016666666666666,13,AV,0,8,3,6,1,0,0,80,1996.532829496936,0.1,-5.701666666666667
29.2,270,AV,1,3,4,5,4,0,0,49,5480.041794665195,0.2,-5.84
38.166666666666664,40,AV,1,3,4,5,4,0,0,56,610.4868582393152,0.3,-11.45
35.483333333333334,235,AV,1,3,4,5,4,0,0,54,3251.3322332141274,0.4,-14.193333333333335
31.533333333333335,19,AV,1,3,4,5,7,0,0,51,3169.820795106812,0.9,-28.380000000000003
26.866666666666667,218,AV,1,3,4,5,11,0,0,47,8028.27043643778,0.2,-5.373333333333334
22.766666666666666,192,AV,2,3,0,1,5,0,0,18,3667.3634505223554,0.4,-9.106666666666667
40.766666666666666,121,AV,1,3,4,5,2,0,0,58,2722.266725979925,0.1,-4.076666666666667
41.53333333333333,147,AV,1,3,4,5,15,0,0,64,3427.0421228311798,0.2,-8.306666666666667
41.85,153,AV,0,7,8,1,8,0,0,47,2446.4664131825853,1.0,-41.85
41.11666666666667,285,AV,1,3,4,5,9,0,0,62,2164.09247058771,0.1,-4.111666666666667
36.516666666666666,162,AV,1,3,4,5,4,0,0,56,985.0802174553831,0.1,-3.651666666666667
33.06666666666667,35,AV,1,3,4,5,6,0,0,52,968.7072844723906,0.1,-3.306666666666667
29.366666666666667,2,AV,2,3,0,3,5,0,0,41,3849.958431883558,0.1,-2.936666666666667
19.0,145,AV,1,3,4,5,3,0,0,38,5158.4050556257225,0.1,-1.9000000000000001
19.35,212,AV,1,3,4,5,1,0,0,38,1074.3823512953045,0.1,-1.9350000000000003
34.95,8,AV,2,0,0,7,1,0,0,46,4116.183110063293,0.2,-6.990000000000001
43.5,127,AV,1,3,4,5,2,0,0,67,822.5771428470101,0.2,-8.700000000000001
28.583333333333332,77,AV,1,3,4,5,5,0,0,48,1986.5043233563797,0.2,-5.716666666666667
26.916666666666668,260,AV,1,3,4,5,7,0,0,47,1111.987968807459,0.1,-2.691666666666667
34.45,24,AV,1,3,4,5,2,0,0,55,2553.8725848963804,0.2,-6.890000000000001
36.46666666666667,186,AV,1,3,4,5,5,0,0,52,1025.7249596144625,0.7,-25.526666666666667
33.7,55,AV,1,3,4,5,13,0,0,53,4951.479839002994,0.3,-10.110000000000001
45.483333333333334,221,AV,2,3,3,5,0,0,0,77,1291.7462447339112,0.1,-4.548333333333334
31.3,23,AV,0,4,3,9,9,0,0,39,3022.892107624705,0.3,-9.39
5.15,117,AV,0,4,5,5,10,0,0,6,6007.794801579103,0.2,-1.03
46.15,181,AV,1,3,4,5,7,0,0,70,932.0432837729122,0.3,-13.844999999999999
37.13333333333333,156,AV,1,3,4,5,12,0,0,56,1244.4027248274256,0.7,-25.993333333333332
22.116666666666667,126,AV,1,3,4,5,6,0,0,42,2850.5966631146844,0.1,-2.211666666666667
41.55,158,AV,2,3,3,5,7,0,0,70,1628.9397076974285,0.1,-4.155
15.633333333333333,3,AV,1,3,4,5,3,0,0,28,1993.780724220221,1.0,-15.633333333333333
15.6,110,AV,1,3,4,5,2,0,0,30,15387.119225735782,0.4,-6.24
34.31666666666667,130,AV,1,3,4,5,4,0,0,53,4021.28082322038,0.1,-3.431666666666667
23.266666666666666,34,AV,1,3,4,5,7,0,0,43,10450.70686878338,0.2,-4.653333333333333
39.483333333333334,83,AV,1,3,4,5,7,0,0,60,3274.575105225111,0.8,-31.58666666666667
17.983333333333334,242,AV,1,3,4,5,3,0,0,36,6434.117121135291,0.3,-5.3950000000000005
15.633333333333333,298,AV,1,3,4,5,3,0,0,30,2942.323800284961,0.4,-6.253333333333334
36.21666666666667,236,AV,1,3,4,5,29,0,0,54,2476.7673195544394,0.1,-3.621666666666667
40.86666666666667,278,AV,1,3,4,5,1,0,0,63,1404.912317929139,0.2,-8.173333333333334
35.06666666666667,214,AV,2,3,1,0,5,0,0,49,4304.4895651906745,0.5,-17.533333333333335
24.733333333333334,231,AV,1,3,4,5,5,0,0,43,2241.037238818388,0.4,-9.893333333333334
15.333333333333334,289,AV,1,3,4,5,1,0,0,22,863.5619359671642,0.7,-10.733333333333333
57.13333333333333,183,AV,0,4,3,3,3,0,0,74,1434.4967426379471,0.1,-5.713333333333334
53.833333333333336,88,AV,0,5,4,1,6,0,0,63,2756.9260540590044,0.2,-10.766666666666667
12.8,205,AV,1,3,4,5,1,0,0,25,16390.717038727882,1.0,-12.8
36.766666666666666,178,AV,1,3,4,5,6,0,0,57,1703.2333497257905,0.6,-22.06
52.3,165,AV,0,5,6,9,12,0,0,57,3942.222625638348,0.5,-26.15
17.416666666666668,174,AV,0,4,4,5,1,0,0,20,2011.9739719035176,0.1,-1.741666666666667
34.4,118,AV,1,3,4,5,8,0,0,53,2294.767722006211,0.3,-10.319999999999999
45.81666666666667,179,AV,1,3,4,5,6,0,0,76,8689.506535985933,0.5,-22.908333333333335
27.75,196,AV,0,5,8,8,10,0,0,33,6563.608435155774,0.4,-11.100000000000001
27.733333333333334,70,AV,0,7,4,5,0,0,0,31,3971.0791127863904,0.1,-2.7733333333333334
41.85,209,AV,0,4,6,8,8,0,0,46,2857.6088215719105,0.2,-8.370000000000001
29.416666666666668,52,AV,0,8,3,2,0,0,0,36,2744.255474143275,0.1,-2.941666666666667
22.266666666666666,96,AV,1,3,4,5,8,0,0,41,1460.106853854364,1.0,-22.266666666666666
42.65,21,AV,1,3,4,5,7,0,0,67,1661.9571573900298,0.3,-12.795
33.15,198,AV,0,6,1,5,8,0,0,40,7006.371100745904,0.5,-16.575
45.55,240,AV,1,3,4,5,2,0,0,69,3389.778327720714,0.4,-18.22
19.216666666666665,58,AV,0,4,4,5,1,0,0,23,12051.378145129962,0.1,-1.9216666666666666
31.716666666666665,154,AV,1,3,4,5,15,0,0,50,5168.6614957092925,0.2,-6.343333333333334
29.766666666666666,296,AV,1,3,4,5,3,0,0,49,473.5024380788758,0.2,-5.953333333333333
24.95,219,AV,1,3,4,3,0,0,0,44,3651.018124108644,0.8,-19.96
34.6,230,AV,0,8,2,0,2,0,0,42,4704.305573257116,0.1,-3.4600000000000004
42.7,299,AV,1,3,4,5,8,0,0,67,902.2448599555772,0.6,-25.62
51.516666666666666,101,AV,2,3,3,0,4,0,0,77,1014.5614647146556,0.2,-10.303333333333335
27.833333333333332,42,AV,1,3,4,5,1,0,0,48,2318.2944376966047,0.1,-2.783333333333333
39.833333333333336,60,AV,1,3,4,5,3,0,0,60,1836.592480640456,0.3,-11.950000000000001
23.0,36,AV,1,3,4,5,8,0,0,43,1716.9764066453156,0.4,-9.200000000000001
43.71666666666667,20,AV,1,3,4,5,7,0,0,68,2472.005569054355,0.2,-8.743333333333334
17.35,74,AV,0,4,4,5,1,0,0,21,9667.56212442905,0.5,-8.675
48.46666666666667,75,AV,2,1,2,4,0,0,0,76,2382.718205806423,0.2,-9.693333333333335
27.55,286,AV,2,1,1,7,3,0,0,37,2218.0502812558643,0.4,-11.020000000000001
44.166666666666664,86,AV,2,2,0,7,3,0,0,58,522.2875039790788,0.1,-4.416666666666667
18.0,135,AV,1,3,4,5,4,0,0,37,5960.007005011629,0.3,-5.3999999999999995
42.266666666666666,197,AV,1,3,4,5,6,0,0,64,3048.604611013583,0.3,-12.68
45.86666666666667,104,AV,1,3,4,5,10,0,0,71,1963.0347272178835,0.6,-27.52
42.88333333333333,187,AV,2,3,3,5,0,0,0,70,1129.1321270070612,0.1,-4.288333333333333
44.8,0,AV,1,3,4,5,6,0,0,68,1240.6560786390864,0.3,-13.44
12.183333333333334,29,AV,0,4,4,5,3,0,0,15,5578.433439706214,0.1,-1.2183333333333335
41.233333333333334,166,AV,1,3,4,5,1,0,0,63,3882.59008652233,0.1,-4.123333333333334
33.8,211,AV,2,1,3,7,0,0,0,46,7099.697064525982,0.1,-3.38
16.483333333333334,173,AV,1,3,4,5,11,0,0,35,8639.921150992108,0.1,-1.6483333333333334
29.733333333333334,232,AV,1,3,4,5,11,0,0,49,3508.846318545673,0.2,-5.946666666666667
41.68333333333333,274,AV,1,2,8,1,5,0,0,65,5670.319740923212,0.6,-25.009999999999998
36.61666666666667,269,AV,0,6,4,7,4,0,0,44,3362.377553451843,0.2,-7.323333333333334
22.566666666666666,264,AV,1,3,4,5,6,0,0,42,806.3598325453933,0.1,-2.256666666666667
27.433333333333334,66,AV,1,3,4,5,3,0,0,45,1942.5668635563816,0.2,-5.486666666666667
38.65,44,AV,1,3,4,5,13,0,0,59,1150.4391077840953,0.6,-23.189999999999998
38.61666666666667,257,AV,1,3,4,5,2,0,0,58,2411.397471856681,0.1,-3.861666666666667
28.333333333333332,295,AV,1,3,4,5,3,0,0,47,2497.1975937909187,0.5,-14.166666666666666
33.9,128,AV,1,3,4,5,3,0,0,52,3531.3895067900216,0.1,-3.39
15.683333333333334,200,AV,1,1,7,4,17,0,0,31,776.0711537761008,1.0,-15.683333333333334
43.38333333333333,152,AV,0,9,3,5,8,0,0,47,7177.938863287724,0.1,-4.338333333333334
12.833333333333334,279,AV,1,2,4,1,1,0,0,27,1823.811293294481,0.4,-5.133333333333334
13.833333333333334,220,AV,0,4,4,5,1,0,0,19,3824.993837156676,0.6,-8.3
30.733333333333334,5,AV,1,3,4,5,12,0,0,50,1457.5875839824732,0.3,-9.22
28.9,216,AV,1,3,4,5,6,0,0,46,1950.0200213032829,0.2,-5.78
42.766666666666666,164,AV,1,3,4,5,7,0,0,65,2193.4249838744518,0.2,-8.553333333333333
18.866666666666667,188,AV,1,1,6,4,6,0,0,36,1718.6657268339234,0.1,-1.8866666666666667
33.53333333333333,81,AV,1,3,4,5,5,0,0,51,813.126641713825,0.3,-10.059999999999999
47.2,256,AV,1,3,4,3,4,0,0,74,5064.807770076448,0.3,-14.16
38.733333333333334,14,AV,1,3,4,5,8,0,0,59,457.16351791608827,0.5,-19.366666666666667
44.96666666666667,51,AV,1,3,4,5,6,0,0,69,3773.073658575576,0.6,-26.98
13.95,12,AV,0,4,4,5,2,0,0,16,1279.3396024785957,0.1,-1.395
29.866666666666667,111,AV,1,3,4,5,2,0,0,48,13079.31179296209,0.8,-23.893333333333334
30.133333333333333,138,AV,1,3,4,5,8,0,0,50,912.6272274022258,0.2,-6.026666666666667
20.45,265,AV,1,3,4,5,10,0,0,41,19040.472291926453,0.1,-2.045
26.0,85,AV,0,4,7,4,8,0,0,30,2953.761118311176,0.4,-10.4
46.4,80,AV,2,0,3,6,0,0,0,87,4660.29795945294,1.0,-46.4
32.13333333333333,297,AV,1,3,4,5,9,0,0,50,1297.4303329633815,0.1,-3.2133333333333334
25.666666666666668,254,AV,1,3,4,5,12,0,0,45,3898.759045987068,0.9,-23.1
23.383333333333333,263,AV,1,3,4,5,11,0,0,43,2318.1098695731453,0.1,-2.3383333333333334
33.15,90,AV,1,3,4,5,6,0,0,49,571.0932451196882,0.1,-3.315
38.583333333333336,170,AV,1,3,4,5,3,0,0,57,2909.5116230827134,0.2,-7.716666666666668
42.46666666666667,56,AV,2,3,3,0,4,0,0,67,5394.467136051333,0.1,-4.246666666666667
38.3,116,AV,0,7,1,6,4,0,0,44,1475.2077210572677,0.1,-3.83
47.15,98,AV,2,3,3,5,4,0,0,88,4381.240268036911,0.2,-9.43
35.21666666666667,93,AV,1,3,4,5,5,0,0,55,3064.640983136323,0.1,-3.521666666666667
25.866666666666667,119,AV,1,3,4,5,1,0,0,45,437.8567856598078,0.2,-5.173333333333334
36.583333333333336,63,AV,1,3,4,5,11,0,0,55,623.7253316558669,0.3,-10.975
24.766666666666666,171,AV,1,3,4,5,3,0,0,44,5912.288420941998,0.3,-7.43
40.06666666666667,251,AV,2,3,2,2,4,0,0,55,513.7357984527049,0.3,-12.020000000000001
43.56666666666667,69,AV,1,3,4,5,5,0,0,69,1836.3970218708375,0.7,-30.496666666666666
36.21666666666667,247,AV,1,3,4,5,4,0,0,55,3368.9508766880413,0.2,-7.243333333333334
39.983333333333334,144,AV,1,3,4,5,7,0,0,60,1275.9312017726234,0.3,-11.995
36.53333333333333,43,AV,1,3,4,5,3,0,0,52,1809.16611953512,0.3,-10.959999999999999
20.766666666666666,46,AV,0,4,6,8,5,0,0,27,7334.728577480919,1.0,-20.766666666666666
43.53333333333333,241,AV,1,3,4,5,1,0,0,68,4569.840806868062,0.2,-8.706666666666667
44.666666666666664,146,AV,1,3,4,5,10,0,0,70,1794.439334206041,0.2,-8.933333333333334
6.716666666666667,275,AV,0,4,4,5,3,0,0,10,20239.22920549412,0.2,-1.3433333333333335
20.9,207,AV,0,4,0,0,0,0,0,23,948.3478854920526,0.1,-2.09
18.716666666666665,217,AV,1,3,4,5,12,0,0,38,6031.594525491932,0.1,-1.8716666666666666
15.6,168,AV,0,4,4,5,2,0,0,19,2966.188350320237,0.1,-1.56
25.5,294,AV,1,3,4,5,14,0,0,44,1122.7546975855585,0.2,-5.1000000000000005
37.88333333333333,100,AV,1,3,4,5,6,0,0,57,2078.9202215407213,0.1,-3.7883333333333336
38.483333333333334,266,AV,1,3,4,5,17,0,0,59,3759.463069718096,0.9,-34.635000000000005
19.033333333333335,124,AV,1,3,4,5,10,0,0,39,2015.5588757501516,0.1,-1.9033333333333335
30.666666666666668,122,AV,1,3,4,5,7,0,0,49,2528.765907819195,0.5,-15.333333333333334
45.983333333333334,155,AV,1,3,4,5,7,0,0,76,2347.541384251396,0.3,-13.795
33.95,140,AV,1,3,4,5,7,0,0,52,6995.337061486569,0.7,-23.765
52.05,213,AV,0,4,9,4,5,0,0,58,827.8499544782503,0.8,-41.64
31.25,159,AV,1,3,4,5,11,0,0,51,1783.933402668827,0.1,-3.125
43.333333333333336,84,AV,1,3,4,5,7,0,0,61,2648.588416164911,0.3,-13.0
23.316666666666666,99,AV,1,3,4,5,6,0,0,43,2035.9911412414244,0.1,-2.3316666666666666
36.38333333333333,227,AV,1,3,4,5,7,0,0,55,1526.0895405694364,0.6,-21.83
22.75,293,AV,0,4,4,5,1,0,0,27,3361.758609282253,0.1,-2.275
55.46666666666667,190,AV,0,8,5,5,0,0,0,63,4196.147454418583,0.6,-33.28
44.516666666666666,114,AV,1,3,4,5,4,0,0,69,1778.835052690156,0.2,-8.903333333333334
46.06666666666667,143,AV,1,3,4,5,9,0,0,84,437.5592869272848,0.5,-23.033333333333335
8.533333333333333,10,AV,0,4,4,5,7,0,0,12,1564.487892525026,0.3,-2.56
37.166666666666664,103,AV,1,3,4,5,2,0,0,57,3227.056348793521,0.3,-11.149999999999999
24.866666666666667,203,AV,1,3,4,5,6,0,0,43,548.7192496267361,0.1,-2.486666666666667
22.983333333333334,222,AV,1,3,4,5,9,0,0,42,802.5586880039084,0.1,-2.2983333333333333
28.9,176,AV,1,3,4,5,9,0,0,48,2046.5713793034688,0.1,-2.89
31.0,277,AV,0,4,1,0,6,0,0,39,2815.231094880572,0.5,-15.5
32.61666666666667,229,AV,1,3,4,5,2,0,0,51,1097.8259349569896,0.3,-9.785
37.06666666666667,245,AV,1,3,4,5,1,0,0,56,1832.3133019091129,0.1,-3.706666666666667
38.483333333333334,150,AV,1,3,4,5,7,0,0,58,2991.769966736588,0.2,-7.696666666666667
53.81666666666667,107,AV,0,8,9,3,8,0,0,61,2113.1349678504243,0.4,-21.52666666666667
24.3,72,AV,0,6,2,9,4,0,0,28,742.4887258523852,1.0,-24.3
26.733333333333334,199,AV,1,3,4,0,0,0,0,46,646.5589615252754,0.9,-24.060000000000002
45.083333333333336,281,AV,0,4,3,1,2,0,0,50,3398.605365942332,0.3,-13.525
29.1,45,AV,2,2,0,5,2,0,0,36,14297.77376075636,0.3,-8.73
27.55,59,AV,1,3,4,5,7,0,0,47,3132.463358685509,0.1,-2.7550000000000003
41.416666666666664,11,AV,1,3,4,5,13,0,0,65,8987.033628468456,0.1,-4.141666666666667
30.716666666666665,204,AV,1,2,7,5,6,0,0,48,627.4062491148882,0.2,-6.1433333333333335
18.283333333333335,76,AV,1,3,4,5,3,0,0,35,1862.7228332236152,0.5,-9.141666666666667
8.533333333333333,189,AV,0,4,4,5,4,0,0,13,6130.868263041086,0.5,-4.266666666666667
33.21666666666667,185,AV,1,3,4,5,8,0,0,50,2574.4307659940623,0.1,-3.321666666666667
14.2,129,AV,1,3,4,5,4,0,0,26,2580.565825479665,0.8,-11.36
48.45,105,AV,0,7,4,3,1,0,0,53,3458.1247672483346,0.1,-4.845000000000001
17.1,68,AV,1,3,4,5,13,0,0,34,4572.8741748457805,0.1,-1.7100000000000002
38.68333333333333,48,AV,1,3,4,5,12,0,0,59,4639.089550420253,0.8,-30.946666666666665
41.18333333333333,102,AV,1,3,4,5,4,0,0,58,4266.216809230351,0.5,-20.591666666666665
22.1,202,AV,1,3,4,5,6,0,0,41,2222.040577514192,0.7,-15.47
43.3,282,AV,0,6,8,8,17,0,0,48,7336.658338656486,0.1,-4.33
44.516666666666666,169,AV,1,3,4,5,7,0,0,66,2969.8754393798326,0.4,-17.80666666666667
42.416666666666664,18,AV,1,3,4,5,12,0,0,61,1038.299283744561,0.3,-12.725
19.916666666666668,79,AV,1,3,4,5,11,0,0,39,1062.4074567339185,0.1,-1.991666666666667
28.516666666666666,54,AV,1,3,4,5,10,0,0,48,1474.5167950508735,0.2,-5.703333333333333
23.3,62,AV,1,3,4,5,3,0,0,41,1293.252850487379,0.1,-2.33
18.633333333333333,259,AV,1,3,4,5,2,0,0,35,1068.5648373754009,0.1,-1.8633333333333333
47.9,73,AV,2,3,3,5,2,0,0,98,2996.640782499388,0.2,-9.58
46.06666666666667,32,AV,1,3,6,3,2,0,0,79,3236.647802754315,0.4,-18.42666666666667
40.4,39,AV,1,0,9,1,0,0,0,57,2761.3662775036096,0.8,-32.32
39.13333333333333,224,AV,1,3,4,5,7,0,0,55,993.3467226420588,0.5,-19.566666666666666
16.45,175,AV,1,3,4,5,1,0,0,30,1697.366940102563,0.2,-3.29
48.95,125,AV,0,4,6,9,10,0,0,53,658.4091024775607,0.1,-4.8950000000000005
25.6,287,AV,1,3,4,5,1,0,0,45,8134.997760071039,0.2,-5.120000000000001
47.516666666666666,276,AV,2,3,3,5,3,0,0,90,1822.2981036688468,0.2,-9.503333333333334
26.3,25,AV,1,3,4,5,1,0,0,46,2398.572127464108,0.3,-7.89
21.383333333333333,95,AV,1,3,4,0,0,0,0,40,2458.2611968747465,0.1,-2.138333333333333
17.3,49,AV,1,1,6,4,5,0,0,35,7081.334819999852,0.9,-15.57
17.183333333333334,234,AV,1,2,5,3,0,0,0,31,5702.891177591027,0.9,-15.465
16.566666666666666,57,AV,1,3,4,5,13,0,0,35,1275.6237969650936,0.1,-1.6566666666666667
24.0,151,AV,1,3,4,5,5,0,0,43,595.9176043698985,0.5,-12.0
45.833333333333336,112,AV,1,3,4,5,11,0,0,73,4164.701887555128,0.7,-32.083333333333336
18.3,7,AV,1,3,4,5,17,0,0,35,3465.4556083993225,0.1,-1.83
14.95,94,AV,1,3,4,5,1,0,0,25,4705.31956239884,0.2,-2.99
36.55,167,AV,0,6,2,7,1,0,0,43,6427.339783247283,1.0,-36.55
34.666666666666664,215,AV,0,8,5,3,1,0,0,42,3534.445695738256,0.3,-10.399999999999999
20.45,272,AV,1,3,4,5,8,0,0,40,2780.081336731352,0.1,-2.045
30.016666666666666,291,AV,1,2,5,2,5,0,0,49,7912.643587116454,0.2,-6.003333333333334
37.15,37,AV,1,3,4,5,18,0,0,51,4376.119511966378,0.2,-7.43
32.166666666666664,131,AV,1,3,4,5,9,0,0,51,2421.0391237858234,0.4,-12.866666666666667
21.8,163,AV,1,3,4,5,5,0,0,41,5502.789496653042,0.1,-2.18
28.383333333333333,33,AV,1,2,4,2,10,0,0,46,1530.6528609905624,0.9,-25.545
47.03333333333333,233,AV,0,4,4,4,0,0,0,52,1022.032321197676,0.5,-23.516666666666666
34.45,193,AV,1,3,4,5,17,0,0,53,1805.1606101798543,0.1,-3.4450000000000003
24.216666666666665,210,AV,1,3,4,5,3,0,0,43,10721.15711953896,0.1,-2.421666666666667
39.983333333333334,123,AV,1,3,4,5,11,0,0,56,825.4433072334436,0.2,-7.996666666666667
50.25,108,AV,0,5,1,3,6,0,0,56,8326.33528790118,0.2,-10.05
44.93333333333333,184,AV,1,3,4,5,2,0,0,70,497.26542980048754,0.6,-26.959999999999997
45.833333333333336,71,AV,1,3,4,5,3,0,0,70,1885.557658153182,0.5,-22.916666666666668
16.733333333333334,262,AV,1,3,4,5,5,0,0,35,4967.653125719208,0.8,-13.386666666666668
37.233333333333334,250,AV,1,3,4,5,6,0,0,56,1564.4426034616197,0.1,-3.7233333333333336
48.016666666666666,16,AV,2,3,3,5,4,0,0,72,1659.6531244520008,0.1,-4.801666666666667
10.383333333333333,28,AV,0,4,0,1,2,0,0,13,522.440884226393,0.6,-6.2299999999999995
43.68333333333333,92,AV,1,3,4,5,5,0,0,65,2137.1188228190404,0.5,-21.841666666666665
22.4,255,AV,1,3,9,0,4,0,0,41,4412.688598555705,0.4,-8.959999999999999
46.483333333333334,27,AV,1,3,4,5,5,0,0,83,8795.495569618428,0.4,-18.593333333333334
27.066666666666666,283,AV,1,3,4,5,2,0,0,44,1040.734547163155,0.4,-10.826666666666668
22.65,15,AV,1,0,4,3,0,0,0,42,3119.7161673652217,0.3,-6.794999999999999
41.65,201,AV,1,3,4,5,8,0,0,62,1645.9523587482854,0.6,-24.99
11.9,26,AV,1,3,4,4,5,0,0,11,1527.6889462703334,0.3,-3.57
50.38333333333333,115,AV,0,9,1,1,4,0,0,56,727.2326469992182,0.4,-20.153333333333336
38.166666666666664,195,AV,0,6,6,8,2,0,0,45,1373.5659577718477,0.4,-15.266666666666666
40.81666666666667,273,AV,1,3,4,5,5,0,0,59,5434.023139443809,0.1,-4.081666666666667
21.183333333333334,142,AV,1,3,4,5,2,0,0,41,586.8516376274475,0.4,-8.473333333333334
34.43333333333333,249,AV,1,3,4,5,16,0,0,53,3580.4564780460023,0.1,-3.4433333333333334
27.683333333333334,61,AV,2,2,2,4,1,0,0,25,3257.3450634265246,0.4,-11.073333333333334
20.783333333333335,238,AV,1,3,4,5,9,0,0,40,5654.280440205098,0.2,-4.156666666666667
32.983333333333334,243,AV,0,9,0,8,0,0,0,40,10708.821866752483,0.1,-3.298333333333334
30.016666666666666,139,AV,1,3,4,5,1,0,0,49,1639.6236094811811,0.6,-18.009999999999998
19.366666666666667,137,AV,1,3,4,5,4,0,0,39,4756.448820673547,1.0,-19.366666666666667
26.15,97,AV,1,3,4,5,2,0,0,45,2953.464044858564,0.3,-7.844999999999999
31.9,9,AV,1,3,4,5,8,0,0,49,1614.9493849180149,0.6,-19.139999999999997
17.983333333333334,6,AV,1,3,4,5,8,0,0,36,1797.659883656486,0.4,-7.193333333333334
19.833333333333332,223,AV,1,1,8,0,3,0,0,38,905.8209551718018,0.8,-15.866666666666667
33.833333333333336,239,AV,1,3,4,5,9,0,0,51,4735.166802079286,0.6,-20.3
28.283333333333335,246,AV,1,3,4,5,5,0,0,47,3001.8426729260827,0.5,-14.141666666666667
32.63333333333333,290,AV,1,3,4,5,8,0,0,51,2857.712092786687,0.2,-6.526666666666667
14.433333333333334,82,AV,1,3,4,5,2,0,0,27,3438.9188747307694,0.8,-11.546666666666667
15.616666666666667,22,AV,1,3,4,5,11,0,0,34,2496.2043409386315,0.5,-7.808333333333334
28.366666666666667,161,AV,2,3,2,5,1,0,0,19,1047.1205397958274,0.2,-5.673333333333334
27.433333333333334,113,AV,1,3,4,5,4,0,0,46,783.6834518391023,0.1,-2.7433333333333336
29.5,67,AV,0,4,2,6,7,0,0,36,7332.887514065835,0.2,-5.9
18.316666666666666,50,AV,1,3,4,5,11,0,0,37,1530.0661682302475,0.4,-7.326666666666667
24.8,91,AV,1,3,4,5,5,0,0,43,601.3137559373858,0.1,-2.4800000000000004
39.7,284,AV,0,6,3,0,7,0,0,45,4505.18942297478,0.6,-23.82
6.95,41,AV,0,4,4,5,8,0,0,9,1519.7273932229994,0.7,-4.865
31.366666666666667,261,AV,1,3,4,5,5,0,0,49,3866.930621896856,0.2,-6.273333333333333
26.083333333333332,288,AV,1,3,4,5,19,0,0,43,859.2772315809713,0.6,-15.649999999999999
28.933333333333334,253,AV,1,3,4,5,12,0,0,47,2280.385817754286,0.3,-8.68
10.366666666666667,225,AV,0,4,4,0,0,0,0,15,832.4581618945489,0.6,-6.22
33.9,87,AV,1,3,4,5,17,0,0,51,1587.6148581174584,0.1,-3.39
41.21666666666667,31,AV,1,3,4,5,7,0,0,59,4459.768546990965,0.3,-12.365
46.36666666666667,141,AV,1,2,7,5,2,0,0,94,3245.380745418587,1.0,-46.36666666666667
24.766666666666666,47,AV,2,0,3,6,2,0,0,34,3197.7177395395383,0.2,-4.953333333333333
24.316666666666666,133,AV,0,8,2,8,2,0,0,27,640.5426603936758,0.1,-2.4316666666666666
37.03333333333333,1,AV,1,3,4,5,5,0,0,55,5307.329693361759,0.3,-11.11
16.616666666666667,38,AV,1,3,4,5,5,0,0,31,1838.9541098615327,0.5,-8.308333333333334
41.03333333333333,280,AV,1,3,4,5,9,0,0,61,2909.8477340427667,0.2,-8.206666666666667
17.2,53,AV,1,3,4,5,1,0,0,35,3803.247088152212,0.2,-3.44
20.15,268,AV,1,3,4,5,2,0,0,39,5004.1281918097375,0.3,-6.044999999999999
48.916666666666664,134,AV,2,3,3,5,4,0,0,67,1546.5147326922538,0.1,-4.891666666666667
40.85,89,AV,1,3,4,5,3,0,0,61,8987.822610831106,1.0,-40.85
26.95,228,AV,1,3,4,5,5,0,0,45,676.2529471816457,0.1,-2.6950000000000003
14.933333333333334,180,AV,1,1,4,2,0,0,0,33,5341.061461458292,0.3,-4.4799999999999995
47.0,177,AV,2,3,3,5,8,0,0,76,2675.3892374750885,0.1,-4.7
21.333333333333332,292,AV,1,3,4,0,0,0,0,41,491.0984231068265,0.3,-6.3999999999999995
22.8,237,AV,1,3,4,5,13,0,0,39,5807.233742044462,0.2,-4.5600000000000005
29.716666666666665,267,AV,1,3,4,5,1,0,0,48,2052.607856914241,0.2,-5.943333333333333
33.483333333333334,65,AV,1,3,4,5,6,0,0,51,1089.3140785512585,0.2,-6.696666666666667
29.1,78,AV,1,3,4,5,9,0,0,48,2563.744074524839,0.4,-11.64
44.266666666666666,248,AV,1,3,4,5,10,0,0,70,636.6552097563458,0.2,-8.853333333333333
15.466666666666667,157,AV,0,7,4,5,0,0,0,19,1052.4070316009115,0.1,-1.5466666666666669
14.95,149,AV,1,2,5,2,0,0,0,27,4934.883137056144,0.1,-1.495
26.416666666666668,182,AV,1,3,4,0,0,0,0,43,3987.5502105766736,0.7,-18.491666666666667
21.45,244,AV,1,3,4,5,9,0,0,40,4549.115907877681,0.2,-4.29
34.833333333333336,106,AV,1,3,4,5,4,0,0,53,801.7987355487146,0.1,-3.483333333333334
5.35,258,AV,0,4,5,5,9,0,0,4,3523.1638559153366,0.1,-0.535
30.716666666666665,206,AV,1,3,4,5,3,0,0,49,793.0252767736928,1.0,-30.716666666666665
24.266666666666666,226,AV,1,3,4,5,16,0,0,43,639.9143284368583,0.6,-14.559999999999999
