travel_time,id,kind,action,bid_route_0,bid_route_1,bid_route_2,karma_balance,origin,destination,start_time,income,urgency,reward
19.183333333333334,208,AV,1,1,9,3,8,0,0,46,959.5289757906356,0.1,-1.9183333333333334
32.65,172,AV,0,7,6,6,0,0,0,40,2344.9936519099742,0.2,-6.53
11.216666666666667,4,AV,2,3,2,0,27,0,0,18,9095.945853089892,0.1,-1.1216666666666668
29.333333333333332,109,AV,0,7,6,3,0,0,0,38,4707.821121085941,0.6,-17.599999999999998
10.333333333333334,30,AV,1,1,9,2,12,0,0,28,850.3216016091212,0.2,-2.066666666666667
12.466666666666667,252,AV,1,1,5,3,2,0,0,36,3752.1132597063192,0.5,-6.233333333333333
29.716666666666665,148,AV,1,3,5,2,7,0,0,65,2758.442965787371,0.1,-2.9716666666666667
66.25,64,AV,0,7,7,7,0,0,0,53,1389.0632502942228,0.1,-6.625
95.83333333333333,191,AV,0,7,9,7,3,0,0,86,2421.832203454489,0.1,-9.583333333333334
32.266666666666666,136,AV,1,1,9,3,0,0,0,76,4925.450001742355,0.1,-3.2266666666666666
18.916666666666668,271,AV,0,7,9,8,6,0,0,30,6248.181898567973,0.2,-3.7833333333333337
20.666666666666668,194,AV,0,6,2,4,0,0,0,30,1635.9686818612918,1.0,-20.666666666666668
64.41666666666667,160,AV,0,4,2,3,3,0,0,52,2293.603195459698,0.6,-38.65
9.566666666666666,120,AV,1,1,4,4,4,0,0,23,3480.90175047103,0.1,-0.9566666666666667
22.25,17,AV,1,3,4,6,3,0,0,50,1597.8734280578535,0.3,-6.675
19.516666666666666,132,AV,1,3,8,7,6,0,0,46,491.8679742725259,0.3,-5.8549999999999995
35.68333333333333,13,AV,2,2,1,4,2,0,0,80,1996.532829496936,0.4,-14.273333333333333
53.95,270,AV,0,5,4,4,13,0,0,49,5480.041794665195,1.0,-53.95
26.783333333333335,40,AV,1,2,8,2,0,0,0,56,610.4868582393152,0.1,-2.6783333333333337
24.666666666666668,235,AV,1,1,9,3,4,0,0,54,3251.3322332141274,0.2,-4.933333333333334
59.15,19,AV,0,4,1,5,7,0,0,51,3169.820795106812,0.6,-35.489999999999995
48.71666666666667,218,AV,0,7,2,0,1,0,0,47,8028.27043643778,0.2,-9.743333333333334
8.85,192,AV,1,1,6,3,2,0,0,18,3667.3634505223554,0.2,-1.77
32.28333333333333,121,AV,2,3,2,8,5,0,0,58,2722.266725979925,0.1,-3.2283333333333335
28.866666666666667,147,AV,1,2,7,1,1,0,0,64,3427.0421228311798,0.6,-17.32
50.583333333333336,153,AV,0,8,5,3,1,0,0,47,2446.4664131825853,0.3,-15.175
31.95,285,AV,2,0,2,2,6,0,0,62,2164.09247058771,0.1,-3.1950000000000003
25.966666666666665,162,AV,1,1,5,6,4,0,0,56,985.0802174553831,0.5,-12.983333333333333
26.516666666666666,35,AV,2,2,2,2,7,0,0,52,968.7072844723906,0.1,-2.651666666666667
34.666666666666664,2,AV,0,4,0,4,6,0,0,41,3849.958431883558,0.1,-3.466666666666667
13.916666666666666,145,AV,1,1,9,4,1,0,0,38,5158.4050556257225,1.0,-13.916666666666666
14.233333333333333,212,AV,1,1,4,3,4,0,0,38,1074.3823512953045,0.1,-1.4233333333333333
19.816666666666666,8,AV,1,1,5,4,3,0,0,46,4116.183110063293,0.8,-15.853333333333333
83.85,127,AV,0,5,3,2,10,0,0,67,822.5771428470101,0.7,-58.69499999999999
50.516666666666666,77,AV,0,9,2,5,4,0,0,48,1986.5043233563797,0.3,-15.155
20.25,260,AV,1,1,4,3,3,0,0,47,1111.987968807459,0.1,-2.025
24.283333333333335,24,AV,1,1,4,2,2,0,0,55,2553.8725848963804,1.0,-24.283333333333335
64.98333333333333,186,AV,0,8,3,6,1,0,0,52,1025.7249596144625,0.3,-19.495
26.65,55,AV,2,0,3,5,1,0,0,53,4951.479839002994,0.1,-2.665
94.01666666666667,221,AV,0,4,9,6,9,0,0,77,1291.7462447339112,0.5,-47.00833333333333
31.266666666666666,23,AV,0,4,1,3,5,0,0,39,3022.892107624705,0.4,-12.506666666666668
5.15,117,AV,0,5,1,5,12,0,0,6,6007.794801579103,0.9,-4.635000000000001
31.9,181,AV,1,1,9,4,0,0,0,70,932.0432837729122,0.3,-9.569999999999999
26.466666666666665,156,AV,1,2,8,4,8,0,0,56,1244.4027248274256,0.2,-5.293333333333333
16.516666666666666,126,AV,1,1,4,3,4,0,0,42,2850.5966631146844,0.1,-1.6516666666666666
30.383333333333333,158,AV,1,1,9,4,4,0,0,70,1628.9397076974285,0.7,-21.26833333333333
14.8,3,AV,2,0,3,4,3,0,0,28,1993.780724220221,0.5,-7.4
14.566666666666666,110,AV,2,0,2,3,7,0,0,30,15387.119225735782,0.3,-4.37
24.216666666666665,130,AV,1,0,5,4,1,0,0,53,4021.28082322038,0.6,-14.529999999999998
38.18333333333333,34,AV,0,6,2,2,1,0,0,43,10450.70686878338,0.5,-19.091666666666665
27.616666666666667,83,AV,1,0,9,4,2,0,0,60,3274.575105225111,0.4,-11.046666666666667
27.516666666666666,242,AV,0,9,5,2,5,0,0,36,6434.117121135291,0.1,-2.751666666666667
14.1,298,AV,2,0,3,5,0,0,0,30,2942.323800284961,0.3,-4.2299999999999995
25.233333333333334,236,AV,1,1,9,3,1,0,0,54,2476.7673195544394,0.1,-2.5233333333333334
30.766666666666666,278,AV,2,1,0,4,3,0,0,63,1404.912317929139,0.3,-9.229999999999999
55.666666666666664,214,AV,0,5,3,2,1,0,0,49,4304.4895651906745,0.6,-33.4
40.18333333333333,231,AV,0,8,7,8,0,0,0,43,2241.037238818388,0.1,-4.0183333333333335
10.183333333333334,289,AV,1,1,4,4,6,0,0,22,863.5619359671642,0.1,-1.0183333333333333
32.25,183,AV,1,1,9,4,3,0,0,74,1434.4967426379471,0.2,-6.45
28.883333333333333,88,AV,1,3,8,8,4,0,0,63,2756.9260540590044,0.1,-2.8883333333333336
15.383333333333333,205,AV,0,8,0,1,8,0,0,25,16390.717038727882,0.2,-3.0766666666666667
73.06666666666666,178,AV,0,8,2,0,3,0,0,57,1703.2333497257905,0.3,-21.919999999999998
31.983333333333334,165,AV,2,1,0,3,6,0,0,57,3942.222625638348,0.2,-6.396666666666667
10.316666666666666,174,AV,0,7,1,3,0,0,0,20,2011.9739719035176,0.2,-2.0633333333333335
27.55,118,AV,2,1,3,5,3,0,0,53,2294.767722006211,0.2,-5.510000000000001
35.31666666666667,179,AV,2,1,0,3,7,0,0,76,8689.506535985933,0.2,-7.063333333333334
24.1,196,AV,0,6,5,5,0,0,0,33,6563.608435155774,0.1,-2.41
10.916666666666666,70,AV,1,1,9,3,5,0,0,31,3971.0791127863904,0.1,-1.0916666666666666
20.3,209,AV,1,1,5,4,1,0,0,46,2857.6088215719105,0.6,-12.18
16.35,52,AV,2,2,3,8,0,0,0,36,2744.255474143275,0.4,-6.540000000000001
19.916666666666668,96,AV,2,0,1,0,8,0,0,41,1460.106853854364,0.1,-1.991666666666667
29.65,21,AV,1,1,9,4,0,0,0,67,1661.9571573900298,0.1,-2.965
16.133333333333333,198,AV,1,2,6,2,4,0,0,40,7006.371100745904,0.4,-6.453333333333333
31.683333333333334,240,AV,1,2,5,4,5,0,0,69,3389.778327720714,0.3,-9.504999999999999
13.866666666666667,58,AV,0,5,1,4,1,0,0,23,12051.378145129962,0.2,-2.7733333333333334
57.583333333333336,154,AV,0,5,2,8,5,0,0,50,5168.6614957092925,0.3,-17.275
21.916666666666668,296,AV,1,1,5,4,3,0,0,49,473.5024380788758,0.4,-8.766666666666667
43.53333333333333,219,AV,0,6,5,6,0,0,0,44,3651.018124108644,0.1,-4.3533333333333335
16.3,230,AV,1,1,4,3,3,0,0,42,4704.305573257116,0.1,-1.6300000000000001
29.766666666666666,299,AV,1,1,5,4,3,0,0,67,902.2448599555772,1.0,-29.766666666666666
37.916666666666664,101,AV,2,2,3,0,9,0,0,77,1014.5614647146556,0.2,-7.583333333333333
21.133333333333333,42,AV,1,3,5,8,3,0,0,48,2318.2944376966047,0.3,-6.34
27.266666666666666,60,AV,1,1,9,4,2,0,0,60,1836.592480640456,0.2,-5.453333333333333
39.833333333333336,36,AV,0,4,3,6,5,0,0,43,1716.9764066453156,0.3,-11.950000000000001
85.5,20,AV,0,4,5,4,2,0,0,68,2472.005569054355,0.1,-8.55
12.166666666666666,74,AV,0,4,7,1,6,0,0,21,9667.56212442905,0.4,-4.866666666666667
92.5,75,AV,0,4,8,6,11,0,0,76,2382.718205806423,0.6,-55.5
13.633333333333333,286,AV,1,1,4,3,4,0,0,37,2218.0502812558643,0.1,-1.3633333333333333
75.23333333333333,86,AV,0,7,2,0,0,0,0,58,522.2875039790788,0.9,-67.71000000000001
13.233333333333333,135,AV,1,3,9,2,9,0,0,37,5960.007005011629,0.1,-1.3233333333333333
29.25,197,AV,1,0,4,9,5,0,0,64,3048.604611013583,0.4,-11.700000000000001
89.06666666666666,104,AV,0,7,5,0,1,0,0,71,1963.0347272178835,0.6,-53.44
87.2,187,AV,0,6,1,8,5,0,0,70,1129.1321270070612,0.2,-17.44
35.583333333333336,0,AV,2,2,1,4,1,0,0,68,1240.6560786390864,1.0,-35.583333333333336
12.45,29,AV,2,0,3,0,22,0,0,15,5578.433439706214,1.0,-12.45
28.6,166,AV,1,2,6,3,3,0,0,63,3882.59008652233,0.2,-5.720000000000001
19.883333333333333,211,AV,1,2,7,5,0,0,0,46,7099.697064525982,0.4,-7.953333333333333
25.8,173,AV,0,6,3,8,4,0,0,35,8639.921150992108,0.2,-5.16
24.183333333333334,232,AV,2,1,1,1,7,0,0,49,3508.846318545673,0.1,-2.4183333333333334
31.666666666666668,274,AV,2,3,0,3,7,0,0,65,5670.319740923212,0.1,-3.166666666666667
17.716666666666665,269,AV,1,1,5,3,2,0,0,44,3362.377553451843,0.4,-7.086666666666666
19.25,264,AV,2,1,3,4,3,0,0,42,806.3598325453933,0.2,-3.85
45.35,66,AV,0,7,1,9,2,0,0,45,1942.5668635563816,0.3,-13.605
76.66666666666667,44,AV,0,5,5,9,6,0,0,59,1150.4391077840953,0.4,-30.66666666666667
30.15,257,AV,2,1,0,3,8,0,0,58,2411.397471856681,0.2,-6.03
20.683333333333334,295,AV,1,0,5,0,3,0,0,47,2497.1975937909187,0.3,-6.205
24.083333333333332,128,AV,1,1,9,3,4,0,0,52,3531.3895067900216,0.2,-4.816666666666666
22.4,200,AV,0,5,4,3,1,0,0,31,776.0711537761008,0.2,-4.4799999999999995
21.0,152,AV,1,1,9,3,0,0,0,47,7177.938863287724,0.1,-2.1
9.866666666666667,279,AV,1,0,9,3,2,0,0,27,1823.811293294481,0.1,-0.9866666666666668
8.6,220,AV,1,1,9,4,1,0,0,19,3824.993837156676,0.3,-2.5799999999999996
22.85,5,AV,1,1,9,3,1,0,0,50,1457.5875839824732,0.1,-2.285
47.25,216,AV,0,4,0,2,2,0,0,46,1950.0200213032829,0.2,-9.450000000000001
82.05,164,AV,0,9,5,3,1,0,0,65,2193.4249838744518,0.2,-16.41
13.45,188,AV,1,1,6,9,3,0,0,36,1718.6657268339234,1.0,-13.45
61.13333333333333,81,AV,0,8,9,8,6,0,0,51,813.126641713825,0.1,-6.113333333333333
32.983333333333334,256,AV,1,2,5,7,6,0,0,74,5064.807770076448,0.2,-6.596666666666668
27.183333333333334,14,AV,1,2,9,7,4,0,0,59,457.16351791608827,1.0,-27.183333333333334
31.183333333333334,51,AV,1,3,4,9,7,0,0,69,3773.073658575576,1.0,-31.183333333333334
8.7,12,AV,1,0,6,2,10,0,0,16,1279.3396024785957,0.4,-3.48
21.883333333333333,111,AV,1,1,9,3,4,0,0,48,13079.31179296209,0.2,-4.376666666666667
59.083333333333336,138,AV,0,7,8,8,3,0,0,50,912.6272274022258,0.2,-11.816666666666668
17.316666666666666,265,AV,2,1,3,8,0,0,0,41,19040.472291926453,0.3,-5.194999999999999
20.716666666666665,85,AV,0,9,7,4,10,0,0,30,2953.761118311176,0.2,-4.1433333333333335
32.666666666666664,80,AV,1,1,4,3,3,0,0,87,4660.29795945294,0.3,-9.799999999999999
25.983333333333334,297,AV,2,0,2,1,11,0,0,50,1297.4303329633815,0.9,-23.385
18.433333333333334,254,AV,1,1,4,3,4,0,0,45,3898.759045987068,0.1,-1.8433333333333335
17.116666666666667,263,AV,1,1,9,3,3,0,0,43,2318.1098695731453,0.2,-3.423333333333334
55.983333333333334,90,AV,0,7,5,0,3,0,0,49,571.0932451196882,0.2,-11.196666666666667
73.36666666666666,170,AV,0,5,6,2,3,0,0,57,2909.5116230827134,0.1,-7.336666666666666
85.31666666666666,56,AV,0,4,3,3,7,0,0,67,5394.467136051333,0.3,-25.595
45.36666666666667,116,AV,0,8,4,8,1,0,0,44,1475.2077210572677,0.1,-4.536666666666667
32.86666666666667,98,AV,1,2,5,8,11,0,0,88,4381.240268036911,0.4,-13.146666666666668
69.63333333333334,93,AV,0,4,1,1,8,0,0,55,3064.640983136323,0.2,-13.92666666666667
18.766666666666666,119,AV,1,1,9,3,0,0,0,45,437.8567856598078,0.4,-7.506666666666667
69.73333333333333,63,AV,0,8,2,6,4,0,0,55,623.7253316558669,0.6,-41.839999999999996
17.85,171,AV,1,1,9,3,0,0,0,44,5912.288420941998,0.2,-3.5700000000000003
71.51666666666667,251,AV,0,9,8,0,0,0,0,55,513.7357984527049,0.2,-14.303333333333335
33.53333333333333,69,AV,2,2,1,2,9,0,0,69,1836.3970218708375,0.3,-10.059999999999999
25.716666666666665,247,AV,1,1,5,4,3,0,0,55,3368.9508766880413,0.6,-15.429999999999998
31.116666666666667,144,AV,2,1,0,3,8,0,0,60,1275.9312017726234,0.1,-3.111666666666667
27.866666666666667,43,AV,2,0,2,4,2,0,0,52,1809.16611953512,0.4,-11.146666666666668
17.166666666666668,46,AV,0,8,5,9,4,0,0,27,7334.728577480919,0.4,-6.866666666666667
33.68333333333333,241,AV,2,1,0,3,8,0,0,68,4569.840806868062,0.1,-3.368333333333333
88.9,146,AV,0,5,4,4,9,0,0,70,1794.439334206041,0.2,-17.78
6.733333333333333,275,AV,0,5,8,5,14,0,0,10,20239.22920549412,0.4,-2.6933333333333334
13.9,207,AV,0,4,8,6,4,0,0,23,948.3478854920526,0.2,-2.7800000000000002
13.983333333333333,217,AV,1,1,9,3,1,0,0,38,6031.594525491932,0.5,-6.991666666666666
9.233333333333333,168,AV,1,1,9,4,3,0,0,19,2966.188350320237,0.2,-1.8466666666666667
18.366666666666667,294,AV,1,1,8,2,3,0,0,44,1122.7546975855585,0.6,-11.02
74.98333333333333,100,AV,0,9,6,1,3,0,0,57,2078.9202215407213,0.1,-7.498333333333334
29.733333333333334,266,AV,2,0,2,4,7,0,0,59,3759.463069718096,0.3,-8.92
29.366666666666667,124,AV,0,4,8,4,4,0,0,39,2015.5588757501516,0.1,-2.936666666666667
25.25,122,AV,2,1,1,1,7,0,0,49,2528.765907819195,0.1,-2.5250000000000004
92.5,155,AV,0,8,7,9,2,0,0,76,2347.541384251396,0.1,-9.25
66.21666666666667,140,AV,0,9,3,4,3,0,0,52,6995.337061486569,0.2,-13.243333333333334
29.0,213,AV,2,1,3,1,6,0,0,58,827.8499544782503,0.1,-2.9000000000000004
61.016666666666666,159,AV,0,6,6,4,3,0,0,51,1783.933402668827,0.2,-12.203333333333333
32.93333333333333,84,AV,2,1,2,2,9,0,0,61,2648.588416164911,0.2,-6.586666666666666
41.583333333333336,99,AV,0,5,8,3,4,0,0,43,2035.9911412414244,0.6,-24.95
25.916666666666668,227,AV,1,1,5,4,3,0,0,55,1526.0895405694364,0.9,-23.325000000000003
17.45,293,AV,0,4,2,6,4,0,0,27,3361.758609282253,0.4,-6.98
29.116666666666667,190,AV,1,1,9,4,5,0,0,63,4196.147454418583,0.2,-5.823333333333334
34.4,114,AV,2,1,0,3,7,0,0,69,1778.835052690156,0.1,-3.44
93.98333333333333,143,AV,0,9,5,9,1,0,0,84,437.5592869272848,0.1,-9.398333333333333
8.55,10,AV,0,8,6,6,10,0,0,12,1564.487892525026,0.3,-2.565
28.266666666666666,103,AV,2,0,3,2,8,0,0,57,3227.056348793521,0.7,-19.786666666666665
17.716666666666665,203,AV,1,1,9,4,7,0,0,43,548.7192496267361,0.7,-12.401666666666666
17.066666666666666,222,AV,1,0,9,8,9,0,0,42,802.5586880039084,0.4,-6.826666666666667
23.4,176,AV,2,1,1,6,1,0,0,48,2046.5713793034688,0.5,-11.7
31.316666666666666,277,AV,0,5,4,2,1,0,0,39,2815.231094880572,0.2,-6.263333333333334
23.416666666666668,229,AV,1,3,6,4,4,0,0,51,1097.8259349569896,1.0,-23.416666666666668
26.183333333333334,245,AV,1,1,9,3,2,0,0,56,1832.3133019091129,0.2,-5.236666666666667
76.7,150,AV,0,8,5,7,3,0,0,58,2991.769966736588,0.4,-30.680000000000003
80.3,107,AV,0,4,7,3,3,0,0,61,2113.1349678504243,1.0,-80.3
10.766666666666667,72,AV,1,2,7,1,4,0,0,28,742.4887258523852,0.2,-2.1533333333333338
22.633333333333333,199,AV,2,2,3,7,1,0,0,46,646.5589615252754,0.2,-4.526666666666666
23.05,281,AV,1,1,5,4,2,0,0,50,3398.605365942332,0.5,-11.525
17.183333333333334,45,AV,2,2,3,0,12,0,0,36,14297.77376075636,0.5,-8.591666666666667
20.733333333333334,59,AV,1,1,9,4,0,0,0,47,3132.463358685509,0.5,-10.366666666666667
29.25,11,AV,1,1,9,4,2,0,0,65,8987.033628468456,0.2,-5.8500000000000005
22.016666666666666,204,AV,1,1,9,3,7,0,0,48,627.4062491148882,0.3,-6.6049999999999995
12.766666666666667,76,AV,1,1,4,3,1,0,0,35,1862.7228332236152,0.4,-5.106666666666667
8.533333333333333,189,AV,0,9,3,3,10,0,0,13,6130.868263041086,0.2,-1.7066666666666668
23.466666666666665,185,AV,1,0,6,8,2,0,0,50,2574.4307659940623,0.4,-9.386666666666667
12.733333333333333,129,AV,2,3,2,7,0,0,0,26,2580.565825479665,0.2,-2.546666666666667
26.7,105,AV,2,1,3,1,5,0,0,53,3458.1247672483346,0.1,-2.67
24.333333333333332,68,AV,0,7,2,3,9,0,0,34,4572.8741748457805,0.4,-9.733333333333334
29.95,48,AV,2,2,3,4,2,0,0,59,4639.089550420253,0.3,-8.985
78.81666666666666,102,AV,0,4,6,5,6,0,0,58,4266.216809230351,0.4,-31.526666666666667
16.15,202,AV,1,1,4,3,2,0,0,41,2222.040577514192,0.1,-1.615
21.4,282,AV,1,1,9,3,0,0,0,48,7336.658338656486,0.2,-4.28
30.866666666666667,169,AV,1,1,9,3,0,0,0,66,2969.8754393798326,0.1,-3.086666666666667
80.43333333333334,18,AV,0,8,8,5,1,0,0,61,1038.299283744561,0.3,-24.13
14.5,79,AV,1,1,4,3,3,0,0,39,1062.4074567339185,0.2,-2.9000000000000004
52.06666666666667,54,AV,0,5,3,0,7,0,0,48,1474.5167950508735,0.1,-5.206666666666667
36.63333333333333,62,AV,0,6,3,0,0,0,0,41,1293.252850487379,0.2,-7.326666666666667
13.016666666666667,259,AV,1,1,6,5,7,0,0,35,1068.5648373754009,0.1,-1.3016666666666667
33.05,73,AV,1,1,7,4,1,0,0,98,2996.640782499388,0.4,-13.219999999999999
32.71666666666667,32,AV,1,2,9,4,13,0,0,79,3236.647802754315,0.6,-19.63
31.916666666666668,39,AV,2,1,2,4,2,0,0,57,2761.3662775036096,0.5,-15.958333333333334
31.4,224,AV,2,2,0,1,6,0,0,55,993.3467226420588,0.1,-3.14
11.366666666666667,175,AV,1,1,4,3,3,0,0,30,1697.366940102563,0.3,-3.41
26.083333333333332,125,AV,1,1,9,3,3,0,0,53,658.4091024775607,0.1,-2.6083333333333334
18.483333333333334,287,AV,1,1,4,3,1,0,0,45,8134.997760071039,0.2,-3.696666666666667
95.75,276,AV,0,4,9,8,6,0,0,90,1822.2981036688468,0.3,-28.724999999999998
20.066666666666666,25,AV,1,1,9,3,3,0,0,46,2398.572127464108,0.1,-2.006666666666667
15.066666666666666,95,AV,1,1,5,4,2,0,0,40,2458.2611968747465,0.7,-10.546666666666665
12.35,49,AV,1,1,4,3,1,0,0,35,7081.334819999852,0.1,-1.235
12.1,234,AV,1,1,7,6,1,0,0,31,5702.891177591027,0.2,-2.42
12.016666666666667,57,AV,1,1,4,3,4,0,0,35,1275.6237969650936,0.2,-2.4033333333333338
20.45,151,AV,2,2,2,2,5,0,0,43,595.9176043698985,0.3,-6.135
90.76666666666667,112,AV,0,7,2,5,0,0,0,73,4164.701887555128,0.2,-18.153333333333332
13.15,7,AV,1,1,5,4,3,0,0,35,3465.4556083993225,0.7,-9.205
15.583333333333334,94,AV,0,9,8,6,9,0,0,25,4705.31956239884,0.2,-3.116666666666667
41.9,167,AV,0,8,2,0,5,0,0,43,6427.339783247283,0.1,-4.19
16.883333333333333,215,AV,1,1,4,3,3,0,0,42,3534.445695738256,0.1,-1.6883333333333335
32.916666666666664,272,AV,0,4,3,1,3,0,0,40,2780.081336731352,0.7,-23.041666666666664
22.3,291,AV,1,1,4,3,3,0,0,49,7912.643587116454,0.3,-6.69
24.083333333333332,37,AV,1,3,4,6,6,0,0,51,4376.119511966378,0.9,-21.675
23.55,131,AV,1,1,4,3,3,0,0,51,2421.0391237858234,0.2,-4.71
16.2,163,AV,1,1,5,3,2,0,0,41,5502.789496653042,0.3,-4.859999999999999
48.88333333333333,33,AV,0,6,6,6,0,0,0,46,1530.6528609905624,0.1,-4.888333333333334
28.183333333333334,233,AV,2,0,1,0,6,0,0,52,1022.032321197676,0.4,-11.273333333333333
24.266666666666666,193,AV,1,1,4,3,4,0,0,53,1805.1606101798543,0.3,-7.279999999999999
17.383333333333333,210,AV,1,1,9,3,0,0,0,43,10721.15711953896,0.4,-6.953333333333333
27.633333333333333,123,AV,1,1,9,3,3,0,0,56,825.4433072334436,0.1,-2.7633333333333336
26.766666666666666,108,AV,1,1,9,4,1,0,0,56,8326.33528790118,0.6,-16.06
31.833333333333332,184,AV,1,1,9,4,6,0,0,70,497.26542980048754,0.2,-6.366666666666667
32.233333333333334,71,AV,1,1,9,4,1,0,0,70,1885.557658153182,0.3,-9.67
25.816666666666666,262,AV,0,4,4,9,5,0,0,35,4967.653125719208,0.6,-15.489999999999998
26.85,250,AV,1,1,9,3,10,0,0,56,1564.4426034616197,0.1,-2.6850000000000005
90.78333333333333,16,AV,0,5,2,7,3,0,0,72,1659.6531244520008,0.4,-36.31333333333333
8.133333333333333,28,AV,1,1,4,4,6,0,0,13,522.440884226393,0.1,-0.8133333333333334
83.81666666666666,92,AV,0,5,5,6,1,0,0,65,2137.1188228190404,0.3,-25.145
16.333333333333332,255,AV,1,1,9,4,0,0,0,41,4412.688598555705,0.9,-14.7
36.46666666666667,27,AV,2,0,3,3,7,0,0,83,8795.495569618428,0.1,-3.646666666666667
19.35,283,AV,1,1,4,3,2,0,0,44,1040.734547163155,0.1,-1.9350000000000003
16.583333333333332,15,AV,1,1,9,3,1,0,0,42,3119.7161673652217,0.1,-1.6583333333333332
28.566666666666666,201,AV,1,1,9,3,0,0,0,62,1645.9523587482854,0.1,-2.856666666666667
6.866666666666666,26,AV,0,5,9,3,20,0,0,11,1527.6889462703334,0.5,-3.433333333333333
30.15,115,AV,2,0,1,4,1,0,0,56,727.2326469992182,0.2,-6.03
21.083333333333332,195,AV,2,1,3,5,2,0,0,45,1373.5659577718477,0.1,-2.1083333333333334
78.68333333333334,273,AV,0,4,1,9,13,0,0,59,5434.023139443809,0.2,-15.736666666666668
36.13333333333333,142,AV,0,9,4,3,2,0,0,41,586.8516376274475,0.6,-21.68
67.86666666666666,249,AV,0,4,3,4,3,0,0,53,3580.4564780460023,0.2,-13.573333333333332
10.616666666666667,61,AV,1,1,4,4,4,0,0,25,3257.3450634265246,0.1,-1.0616666666666668
18.433333333333334,238,AV,2,1,2,1,7,0,0,40,5654.280440205098,0.1,-1.8433333333333335
34.53333333333333,243,AV,0,8,8,3,5,0,0,40,10708.821866752483,0.3,-10.36
22.016666666666666,139,AV,1,1,6,1,0,0,0,49,1639.6236094811811,0.2,-4.403333333333333
16.483333333333334,137,AV,2,2,0,5,1,0,0,39,4756.448820673547,0.1,-1.6483333333333334
46.916666666666664,97,AV,0,5,1,6,4,0,0,45,2953.464044858564,0.1,-4.691666666666666
22.75,9,AV,1,1,9,3,4,0,0,49,1614.9493849180149,0.1,-2.275
13.1,6,AV,1,0,9,1,4,0,0,36,1797.659883656486,0.1,-1.31
14.4,223,AV,1,1,4,3,1,0,0,38,905.8209551718018,0.2,-2.8800000000000003
27.833333333333332,239,AV,2,1,0,3,6,0,0,51,4735.166802079286,0.1,-2.783333333333333
21.066666666666666,246,AV,1,1,4,3,2,0,0,47,3001.8426729260827,0.5,-10.533333333333333
62.63333333333333,290,AV,0,6,1,2,1,0,0,51,2857.712092786687,0.1,-6.263333333333334
10.066666666666666,82,AV,1,1,9,3,6,0,0,27,3438.9188747307694,0.2,-2.013333333333333
11.383333333333333,22,AV,1,1,9,3,3,0,0,34,2496.2043409386315,0.5,-5.691666666666666
12.35,161,AV,0,5,9,9,15,0,0,19,1047.1205397958274,0.2,-2.47
20.35,113,AV,1,1,8,6,12,0,0,46,783.6834518391023,0.1,-2.035
27.716666666666665,67,AV,0,7,3,2,1,0,0,36,7332.887514065835,0.2,-5.543333333333333
13.633333333333333,50,AV,1,2,6,8,2,0,0,37,1530.0661682302475,0.9,-12.27
41.86666666666667,91,AV,0,7,9,0,6,0,0,43,601.3137559373858,0.1,-4.1866666666666665
18.7,284,AV,1,1,9,3,1,0,0,45,4505.18942297478,0.1,-1.87
5.183333333333334,41,AV,0,4,4,4,7,0,0,9,1519.7273932229994,0.1,-0.5183333333333334
22.883333333333333,261,AV,1,1,5,4,1,0,0,49,3866.930621896856,0.5,-11.441666666666666
43.61666666666667,288,AV,0,5,5,1,2,0,0,43,859.2772315809713,0.1,-4.361666666666667
21.45,253,AV,1,1,4,3,4,0,0,47,2280.385817754286,0.2,-4.29
10.35,225,AV,0,9,8,2,8,0,0,15,832.4581618945489,0.7,-7.244999999999999
24.0,87,AV,1,0,7,3,1,0,0,51,1587.6148581174584,0.6,-14.399999999999999
28.433333333333334,31,AV,1,1,9,4,5,0,0,59,4459.768546990965,0.2,-5.686666666666667
32.9,141,AV,1,2,9,9,0,0,0,94,3245.380745418587,0.2,-6.58
11.916666666666666,47,AV,1,2,8,8,0,0,0,34,3197.7177395395383,0.3,-3.5749999999999997
10.7,133,AV,1,1,5,3,3,0,0,27,640.5426603936758,0.5,-5.35
71.61666666666666,1,AV,0,9,1,0,5,0,0,55,5307.329693361759,0.1,-7.161666666666666
11.55,38,AV,1,0,4,5,1,0,0,31,1838.9541098615327,0.2,-2.31
82.05,280,AV,0,7,5,9,6,0,0,61,2909.8477340427667,0.2,-16.41
15.0,53,AV,2,3,1,4,16,0,0,35,3803.247088152212,0.2,-3.0
14.65,268,AV,1,1,4,3,4,0,0,39,5004.1281918097375,0.2,-2.93
87.46666666666667,134,AV,0,7,8,8,1,0,0,67,1546.5147326922538,0.2,-17.493333333333336
28.316666666666666,89,AV,1,2,7,5,10,0,0,61,8987.822610831106,0.2,-5.663333333333334
19.466666666666665,228,AV,1,0,5,5,4,0,0,45,676.2529471816457,0.3,-5.839999999999999
22.333333333333332,180,AV,0,4,7,2,6,0,0,33,5341.061461458292,0.2,-4.466666666666667
35.766666666666666,177,AV,2,1,1,7,9,0,0,76,2675.3892374750885,0.4,-14.306666666666667
38.0,292,AV,0,6,6,9,5,0,0,41,491.0984231068265,0.2,-7.6000000000000005
16.166666666666668,237,AV,1,1,5,3,1,0,0,39,5807.233742044462,0.5,-8.083333333333334
52.233333333333334,267,AV,0,7,3,6,3,0,0,48,2052.607856914241,1.0,-52.233333333333334
62.75,65,AV,0,5,1,1,2,0,0,51,1089.3140785512585,0.2,-12.55
53.96666666666667,78,AV,0,7,4,2,0,0,0,48,2563.744074524839,0.2,-10.793333333333335
31.483333333333334,248,AV,1,0,9,7,5,0,0,70,636.6552097563458,0.1,-3.1483333333333334
8.766666666666667,157,AV,1,1,4,4,10,0,0,19,1052.4070316009115,0.1,-0.8766666666666668
18.966666666666665,149,AV,0,8,6,0,1,0,0,27,4934.883137056144,0.1,-1.8966666666666665
18.6,182,AV,1,1,9,3,7,0,0,43,3987.5502105766736,0.3,-5.58
18.766666666666666,244,AV,2,2,2,4,21,0,0,40,4549.115907877681,0.2,-3.7533333333333334
67.95,106,AV,0,8,1,9,3,0,0,53,801.7987355487146,0.2,-13.590000000000002
7.983333333333333,258,AV,1,2,5,2,17,0,0,4,3523.1638559153366,0.1,-0.7983333333333333
57.4,206,AV,0,5,4,5,3,0,0,49,793.0252767736928,0.3,-17.22
17.583333333333332,226,AV,1,3,7,1,0,0,0,43,639.9143284368583,0.3,-5.2749999999999995
