travel_time,id,kind,action,bid_route_0,bid_route_1,bid_route_2,karma_balance,origin,destination,start_time,income,urgency,reward
49.93333333333333,147,AV,1,2,6,3,3,0,0,71,1141.0395517097602,0.3,-14.979999999999999
47.8,101,AV,1,3,6,3,2,0,0,65,2139.4702648744856,0.1,-4.78
18.983333333333334,2,AV,1,2,7,2,2,0,0,36,2767.495209174315,0.1,-1.8983333333333334
41.65,222,AV,1,3,6,3,2,0,0,57,3849.958431883558,0.2,-8.33
21.65,22,AV,1,3,6,3,13,0,0,37,2486.38103050259,0.2,-4.33
43.45,89,AV,1,3,6,3,4,0,0,59,3803.247088152212,0.9,-39.105000000000004
18.183333333333334,84,AV,1,1,7,3,6,0,0,33,2421.0391237858234,0.3,-5.455
12.15,254,AV,1,3,5,0,7,0,0,16,4843.3187157075145,1.0,-12.15
40.916666666666664,190,AV,1,3,6,3,2,0,0,55,541.9839687696077,0.1,-4.091666666666667
30.783333333333335,208,AV,1,0,7,8,1,0,0,46,4754.245589533712,0.2,-6.156666666666667
46.63333333333333,63,AV,1,3,6,3,4,0,0,61,2756.9260540590044,0.1,-4.663333333333333
43.233333333333334,207,AV,1,2,6,3,2,0,0,58,1011.0784796502788,0.2,-8.646666666666667
15.45,133,AV,0,6,5,9,7,0,0,33,2969.8754393798326,0.5,-7.725
36.38333333333333,109,AV,1,3,6,3,2,0,0,50,595.9176043698985,0.2,-7.276666666666667
21.65,41,AV,1,3,4,8,7,0,0,37,1848.7234685638712,0.4,-8.66
15.516666666666667,266,AV,0,6,5,9,7,0,0,37,1527.6889462703334,0.8,-12.413333333333334
44.233333333333334,29,AV,1,3,6,3,2,0,0,60,4416.224882412617,0.4,-17.693333333333335
31.683333333333334,298,AV,1,3,6,3,4,0,0,47,1234.5997004771,0.1,-3.1683333333333334
39.38333333333333,141,AV,1,2,6,3,1,0,0,53,2496.2043409386315,0.1,-3.9383333333333335
24.983333333333334,268,AV,1,2,6,3,5,0,0,39,6007.794801579103,0.2,-4.996666666666667
37.75,46,AV,1,2,6,3,2,0,0,53,566.7055292848979,0.6,-22.65
32.36666666666667,49,AV,1,3,6,3,4,0,0,47,1074.3823512953045,0.1,-3.236666666666667
45.983333333333334,137,AV,1,2,7,9,3,0,0,62,2818.3733061874163,0.1,-4.598333333333334
53.0,98,AV,1,2,6,3,3,0,0,78,9095.945853089892,0.3,-15.899999999999999
25.166666666666668,95,AV,1,2,6,3,4,0,0,42,4924.983441788647,0.3,-7.55
50.5,251,AV,1,2,6,3,5,0,0,72,825.4433072334436,0.2,-10.100000000000001
51.7,228,AV,1,2,6,3,4,0,0,76,1279.3396024785957,0.4,-20.680000000000003
16.35,110,AV,1,2,7,2,3,0,0,30,11185.875164713363,0.2,-3.2700000000000005
14.016666666666667,239,AV,1,3,6,3,0,0,0,22,3458.1247672483346,0.1,-1.4016666666666668
22.766666666666666,131,AV,2,2,3,1,10,0,0,19,4376.119511966378,0.3,-6.829999999999999
35.03333333333333,247,AV,1,3,6,3,3,0,0,49,4687.914961676448,1.0,-35.03333333333333
50.11666666666667,235,AV,1,3,6,3,4,0,0,69,6709.13861087917,0.3,-15.035
52.21666666666667,111,AV,1,2,6,3,3,0,0,84,449.0833195935783,0.5,-26.108333333333334
16.366666666666667,135,AV,1,3,4,0,10,0,0,29,2105.159940183184,0.2,-3.2733333333333334
34.18333333333333,206,AV,2,1,0,6,12,0,0,46,4950.268578812107,0.8,-27.346666666666664
23.283333333333335,280,AV,1,3,6,3,4,0,0,39,1684.196745492046,0.1,-2.3283333333333336
43.483333333333334,73,AV,1,2,6,3,4,0,0,59,1022.032321197676,0.4,-17.393333333333334
22.566666666666666,117,AV,1,3,6,3,4,0,0,38,4266.216809230351,0.1,-2.256666666666667
48.166666666666664,28,AV,1,3,4,8,6,0,0,66,20239.22920549412,0.4,-19.266666666666666
41.583333333333336,112,AV,1,2,6,3,4,0,0,57,2780.081336731352,0.2,-8.316666666666668
26.6,114,AV,1,2,6,3,4,0,0,42,913.5589076746268,0.3,-7.98
50.68333333333333,45,AV,1,3,6,3,2,0,0,69,7511.51421120444,0.4,-20.273333333333333
44.0,234,AV,1,3,6,3,2,0,0,59,6947.27484286379,0.8,-35.2
22.4,1,AV,1,2,6,3,2,0,0,37,7612.519032757181,0.5,-11.2
23.383333333333333,143,AV,1,2,6,3,3,0,0,38,1083.524948441525,0.3,-7.015
25.533333333333335,240,AV,0,6,5,9,5,0,0,56,3759.463069718096,0.4,-10.213333333333335
12.25,274,AV,0,6,5,9,8,0,0,29,4645.51881630073,1.0,-12.25
25.583333333333332,209,AV,1,2,6,3,2,0,0,42,10426.353459350525,0.3,-7.674999999999999
35.0,216,AV,1,3,6,3,4,0,0,48,1530.6528609905624,0.3,-10.5
6.683333333333334,277,AV,0,6,5,9,4,0,0,23,2850.5966631146844,0.2,-1.336666666666667
10.9,174,AV,1,3,6,3,2,0,0,1,2996.640782499388,0.2,-2.18
27.7,270,AV,1,3,4,0,7,0,0,44,1782.711710770346,0.2,-5.54
22.166666666666668,288,AV,0,6,5,9,3,0,0,48,2744.255474143275,0.3,-6.65
41.4,97,AV,1,2,7,9,3,0,0,56,3724.6301341612702,0.3,-12.42
24.15,93,AV,0,7,2,4,0,0,0,52,5304.212874057136,0.3,-7.244999999999999
28.733333333333334,269,AV,1,3,6,3,3,0,0,45,4061.843573313689,0.1,-2.8733333333333335
50.81666666666667,156,AV,1,3,6,3,2,0,0,73,437.8567856598078,0.1,-5.081666666666667
41.65,281,AV,1,3,6,3,2,0,0,56,943.1907669438916,0.8,-33.32
29.05,292,AV,1,2,7,9,3,0,0,45,2222.040577514192,0.4,-11.620000000000001
38.15,182,AV,1,3,6,3,8,0,0,53,1805.1606101798543,0.1,-3.815
53.18333333333333,295,AV,1,3,4,8,7,0,0,91,5502.789496653042,0.1,-5.318333333333333
45.4,195,AV,1,3,6,3,4,0,0,61,2891.134206742707,0.1,-4.54
18.866666666666667,53,AV,0,6,5,9,6,0,0,43,4660.29795945294,0.4,-7.546666666666667
39.11666666666667,255,AV,1,3,6,3,2,0,0,54,7177.938863287724,0.1,-3.911666666666667
23.433333333333334,257,AV,1,2,7,9,4,0,0,40,601.3137559373858,0.2,-4.6866666666666665
22.7,152,AV,1,3,6,3,5,0,0,39,743.7553910389753,0.6,-13.62
25.5,74,AV,1,2,6,3,1,0,0,42,3919.41152379869,0.1,-2.5500000000000003
12.4,122,AV,1,2,6,3,2,0,0,20,2239.194506681481,0.4,-4.960000000000001
13.75,129,AV,0,6,1,2,0,0,0,30,13351.937436366714,0.1,-1.375
22.666666666666668,154,AV,1,3,4,0,1,0,0,38,898.3728471886773,0.7,-15.866666666666667
18.25,168,AV,1,3,6,3,1,0,0,30,682.056612603955,0.1,-1.8250000000000002
38.28333333333333,32,AV,1,2,6,3,10,0,0,52,1474.807688008607,0.1,-3.828333333333333
20.866666666666667,140,AV,1,2,7,9,7,0,0,34,11049.706566164488,0.1,-2.086666666666667
36.083333333333336,199,AV,1,3,6,3,3,0,0,50,600.3305173079323,0.1,-3.608333333333334
14.183333333333334,173,AV,1,2,6,3,0,0,0,25,2991.769966736588,0.1,-1.4183333333333334
19.166666666666668,244,AV,1,3,6,3,7,0,0,33,3097.4575811220984,0.2,-3.833333333333334
26.4,26,AV,1,2,6,3,7,0,0,42,4429.527615460413,0.1,-2.64
40.61666666666667,78,AV,1,2,6,3,2,0,0,55,3558.5090095449787,1.0,-40.61666666666667
22.2,17,AV,2,3,3,6,0,0,0,19,424.9057127261393,0.1,-2.22
51.333333333333336,35,AV,1,2,6,3,4,0,0,75,1649.648602545546,0.1,-5.133333333333334
32.93333333333333,249,AV,1,3,6,3,0,0,0,48,832.3173438658397,0.9,-29.639999999999997
42.9,19,AV,1,3,6,3,6,0,0,57,1587.6148581174584,0.3,-12.87
23.8,90,AV,1,2,6,3,3,0,0,40,2619.168197182975,0.3,-7.14
32.45,82,AV,1,3,6,3,5,0,0,47,3393.6426315430986,0.8,-25.960000000000004
33.43333333333333,96,AV,1,2,6,3,6,0,0,48,572.7967315704935,0.4,-13.373333333333333
27.75,256,AV,1,2,6,3,1,0,0,43,4818.617258984985,0.2,-5.550000000000001
14.166666666666666,246,AV,1,3,6,3,7,0,0,23,5480.041794665195,0.1,-1.4166666666666667
45.233333333333334,123,AV,1,2,6,3,2,0,0,61,1040.734547163155,0.4,-18.093333333333334
36.03333333333333,273,AV,1,2,7,9,5,0,0,49,5862.8833826120845,0.4,-14.413333333333334
24.216666666666665,102,AV,0,7,2,4,2,0,0,51,3583.4963710051925,0.3,-7.264999999999999
43.96666666666667,191,AV,1,3,6,3,6,0,0,59,6563.608435155774,0.1,-4.396666666666667
30.766666666666666,136,AV,1,2,6,3,3,0,0,47,1592.6375082496468,0.1,-3.0766666666666667
14.9,47,AV,1,3,6,3,4,0,0,27,1310.9401185904849,0.2,-2.9800000000000004
15.783333333333333,128,AV,1,2,6,3,10,0,0,28,2747.619709803412,0.1,-1.5783333333333334
49.93333333333333,287,AV,1,3,6,3,2,0,0,67,9667.367812467324,0.1,-4.993333333333333
25.566666666666666,210,AV,1,2,6,3,10,0,0,42,491.0984231068265,0.1,-2.5566666666666666
11.833333333333334,232,AV,1,2,7,2,3,0,0,14,3368.9508766880413,0.1,-1.1833333333333333
46.65,299,AV,1,3,6,3,3,0,0,61,3465.4556083993225,0.1,-4.665
27.2,43,AV,0,6,5,9,4,0,0,58,4925.450001742355,0.4,-10.88
46.233333333333334,263,AV,1,2,7,9,3,0,0,62,636.6552097563458,0.2,-9.246666666666668
45.13333333333333,23,AV,1,3,6,3,4,0,0,60,3323.1633986738134,0.1,-4.513333333333334
37.25,5,AV,1,3,6,3,2,0,0,52,632.5893922142865,0.4,-14.9
49.833333333333336,291,AV,1,3,6,3,4,0,0,66,807.7368269013535,1.0,-49.833333333333336
34.96666666666667,172,AV,1,3,6,3,6,0,0,49,985.0802174553831,0.1,-3.496666666666667
12.55,243,AV,1,3,6,3,7,0,0,21,1148.9174546898266,0.4,-5.0200000000000005
25.016666666666666,44,AV,1,3,6,3,0,0,0,41,6081.635477498837,0.2,-5.003333333333334
33.1,160,AV,1,3,6,3,4,0,0,48,4549.070920567666,0.1,-3.3100000000000005
49.63333333333333,233,AV,1,3,6,3,1,0,0,68,5354.15698790508,0.8,-39.70666666666667
38.25,237,AV,1,3,6,3,6,0,0,53,5913.041300376779,0.4,-15.3
42.18333333333333,8,AV,1,3,6,3,7,0,0,57,3778.090807703549,0.3,-12.655
32.61666666666667,62,AV,1,2,6,3,2,0,0,48,2318.1098695731453,0.4,-13.046666666666667
32.56666666666667,229,AV,1,3,4,8,5,0,0,47,1447.5744631551047,0.1,-3.2566666666666673
12.566666666666666,55,AV,1,3,7,7,4,0,0,13,3783.636689084741,0.7,-8.796666666666665
20.916666666666668,165,AV,1,2,7,2,4,0,0,36,4864.205776554158,0.1,-2.091666666666667
48.93333333333333,92,AV,1,3,6,3,4,0,0,63,3866.930621896856,0.1,-4.8933333333333335
5.25,189,AV,0,7,4,8,3,0,0,13,13079.31179296209,0.3,-1.575
35.916666666666664,186,AV,1,3,6,3,4,0,0,49,2212.8825544422834,0.1,-3.591666666666667
32.4,24,AV,1,3,4,0,5,0,0,47,2011.9739719035176,0.4,-12.96
18.4,68,AV,1,3,6,3,4,0,0,34,12051.378145129962,0.3,-5.52
33.333333333333336,33,AV,1,3,6,3,4,0,0,47,1528.3774584247917,0.1,-3.333333333333334
24.566666666666666,148,AV,1,3,4,8,7,0,0,40,3017.17067826153,0.4,-9.826666666666668
35.93333333333333,278,AV,1,2,6,3,4,0,0,51,1460.106853854364,0.3,-10.78
23.7,283,AV,1,2,6,3,2,0,0,39,2078.9202215407213,0.5,-11.85
16.65,115,AV,1,3,6,3,2,0,0,25,4747.153558918807,0.4,-6.66
6.9,65,AV,0,7,4,4,1,0,0,15,4549.115907877681,0.9,-6.210000000000001
21.75,276,AV,1,2,6,3,2,0,0,38,7658.5640246764915,0.4,-8.700000000000001
18.266666666666666,20,AV,1,2,6,3,3,0,0,33,3245.380745418587,0.1,-1.8266666666666667
44.06666666666667,192,AV,1,2,6,3,3,0,0,60,2758.442965787371,0.4,-17.62666666666667
36.11666666666667,221,AV,1,2,6,3,2,0,0,51,1682.490559712908,0.4,-14.446666666666667
19.483333333333334,14,AV,1,3,6,3,6,0,0,33,388.2787303527966,0.4,-7.793333333333334
24.3,296,AV,1,3,6,3,6,0,0,39,1530.0661682302475,1.0,-24.3
13.7,21,AV,0,7,4,8,2,0,0,31,1900.764377468582,0.2,-2.74
27.8,12,AV,1,3,6,3,4,0,0,44,1664.0464513081895,0.2,-5.5600000000000005
25.466666666666665,196,AV,0,6,5,9,5,0,0,55,1942.5668635563816,0.1,-2.546666666666667
30.633333333333333,231,AV,1,2,6,7,9,0,0,45,508.6019702527906,0.5,-15.316666666666666
15.016666666666667,183,AV,1,3,6,3,12,0,0,25,827.3783452591958,0.8,-12.013333333333335
43.55,250,AV,1,2,7,9,2,0,0,58,3197.7177395395383,0.7,-30.484999999999996
40.9,242,AV,1,3,6,3,2,0,0,56,1323.5149786113286,0.2,-8.18
28.766666666666666,145,AV,1,3,6,3,5,0,0,45,1200.7903182940884,0.3,-8.629999999999999
25.933333333333334,285,AV,1,0,7,8,2,0,0,42,2533.2754137277425,0.3,-7.779999999999999
26.6,267,AV,1,2,6,3,1,0,0,42,2675.3892374750885,0.3,-7.98
17.983333333333334,166,AV,1,3,6,3,1,0,0,32,1386.7650627050614,0.2,-3.596666666666667
26.85,134,AV,1,2,6,3,4,0,0,42,4635.813442599864,0.2,-5.370000000000001
34.03333333333333,286,AV,1,3,6,3,0,0,0,48,15387.119225735782,0.1,-3.4033333333333333
16.7,64,AV,1,3,6,3,3,0,0,25,437.5592869272848,0.2,-3.34
41.03333333333333,214,AV,1,2,6,3,4,0,0,55,4609.601315671212,0.2,-8.206666666666667
29.016666666666666,159,AV,1,3,6,3,3,0,0,45,6130.868263041086,0.2,-5.803333333333334
12.533333333333333,170,AV,1,3,5,2,10,0,0,1,857.6590975250949,0.3,-3.76
38.583333333333336,36,AV,1,3,6,3,4,0,0,53,8981.750106371177,0.7,-27.008333333333333
33.35,124,AV,1,3,6,3,3,0,0,48,5341.061461458292,0.3,-10.005
8.583333333333334,144,AV,0,7,2,4,4,0,0,23,816.2772675203604,1.0,-8.583333333333334
25.733333333333334,175,AV,1,3,6,3,1,0,0,41,658.4091024775607,0.1,-2.5733333333333337
18.3,289,AV,1,2,6,3,2,0,0,34,1564.4426034616197,0.3,-5.49
45.916666666666664,54,AV,1,3,6,3,5,0,0,59,902.2448599555772,0.8,-36.733333333333334
21.983333333333334,121,AV,1,3,6,3,6,0,0,37,497.26542980048754,0.9,-19.785
17.016666666666666,188,AV,1,3,6,3,6,0,0,29,4889.272753955773,1.0,-17.016666666666666
10.583333333333334,161,AV,1,3,6,3,1,0,0,7,3987.5502105766736,0.1,-1.0583333333333333
41.06666666666667,230,AV,1,2,6,3,4,0,0,55,6446.254396158338,0.7,-28.746666666666666
25.433333333333334,217,AV,1,3,6,3,6,0,0,39,979.573716991658,0.5,-12.716666666666667
27.2,204,AV,0,6,5,9,3,0,0,57,4504.939201911708,0.9,-24.48
30.6,80,AV,1,2,6,3,4,0,0,46,2198.5025098873134,0.7,-21.419999999999998
41.78333333333333,142,AV,1,3,6,3,4,0,0,56,742.4887258523852,0.3,-12.534999999999998
16.95,59,AV,0,4,7,5,6,0,0,38,5064.807770076448,0.1,-1.695
35.35,76,AV,1,2,7,9,5,0,0,48,2853.537244729806,1.0,-35.35
49.68333333333333,86,AV,1,3,6,3,2,0,0,68,1573.7150367511856,0.3,-14.904999999999998
18.166666666666668,0,AV,1,2,6,3,10,0,0,31,1261.43865123121,0.3,-5.45
22.316666666666666,245,AV,1,3,6,3,1,0,0,36,1950.0200213032829,0.1,-2.231666666666667
28.05,198,AV,1,3,6,3,6,0,0,44,4547.885280126284,0.8,-22.44
36.61666666666667,238,AV,1,3,6,3,4,0,0,51,5825.994272151124,0.2,-7.323333333333334
11.6,150,AV,1,2,7,9,9,0,0,7,5960.007005011629,0.4,-4.64
23.35,83,AV,1,2,6,3,6,0,0,39,1348.5865378412918,0.4,-9.340000000000002
37.983333333333334,178,AV,1,2,6,3,2,0,0,52,1129.1321270070612,0.4,-15.193333333333335
36.016666666666666,104,AV,1,3,6,3,1,0,0,48,1572.8756307612184,0.2,-7.203333333333333
49.7,197,AV,1,2,6,3,2,0,0,70,1014.5614647146556,0.3,-14.91
21.2,181,AV,1,3,6,3,8,0,0,37,779.2240782816187,0.4,-8.48
42.88333333333333,194,AV,1,2,6,3,3,0,0,57,3942.222625638348,0.3,-12.865
41.0,37,AV,1,2,7,2,1,0,0,54,10783.100237376317,0.2,-8.200000000000001
21.466666666666665,11,AV,1,0,7,8,3,0,0,36,4281.8327360815,0.1,-2.1466666666666665
36.233333333333334,13,AV,1,2,6,3,5,0,0,49,3386.12741774329,0.5,-18.116666666666667
31.433333333333334,226,AV,1,3,6,3,3,0,0,46,3476.696831582168,0.4,-12.573333333333334
34.93333333333333,176,AV,1,2,6,3,4,0,0,48,4135.471393234625,1.0,-34.93333333333333
28.616666666666667,52,AV,1,3,6,3,3,0,0,44,2520.757475212996,0.2,-5.723333333333334
12.9,171,AV,1,2,6,3,5,0,0,20,6230.691172258436,0.1,-1.29
41.56666666666667,163,AV,1,3,6,3,2,0,0,56,567.9518330451218,0.2,-8.313333333333334
18.966666666666665,169,AV,1,2,7,2,9,0,0,34,978.4447105201264,0.4,-7.586666666666666
10.15,50,AV,0,6,3,7,2,0,0,27,1454.957177165027,0.2,-2.0300000000000002
40.86666666666667,16,AV,1,3,4,8,4,0,0,55,4021.28082322038,0.8,-32.693333333333335
17.2,187,AV,0,6,5,9,8,0,0,39,8987.033628468456,1.0,-17.2
37.833333333333336,91,AV,1,3,6,3,3,0,0,50,676.2529471816457,0.3,-11.35
48.45,113,AV,1,2,6,3,4,0,0,66,2761.3662775036096,0.2,-9.690000000000001
24.916666666666668,153,AV,1,3,4,8,5,0,0,40,4343.557359248321,0.4,-9.966666666666669
34.36666666666667,264,AV,1,3,4,8,9,0,0,48,640.5426603936758,0.2,-6.873333333333334
52.233333333333334,118,AV,1,2,6,3,4,0,0,77,1639.6236094811811,0.1,-5.223333333333334
30.683333333333334,100,AV,1,3,6,3,3,0,0,46,506.5869000089976,0.6,-18.41
25.366666666666667,79,AV,1,3,6,3,8,0,0,41,6427.339783247283,0.2,-5.073333333333334
48.36666666666667,27,AV,1,3,6,3,4,0,0,66,2946.490055333797,0.4,-19.346666666666668
45.083333333333336,69,AV,1,2,6,3,4,0,0,60,2276.662146114732,0.1,-4.508333333333334
22.716666666666665,241,AV,1,3,6,3,7,0,0,38,3523.1638559153366,0.7,-15.901666666666664
49.18333333333333,126,AV,1,2,6,3,3,0,0,67,11940.25564443948,0.3,-14.754999999999999
21.833333333333332,25,AV,2,3,3,5,5,0,0,18,1804.2001824470888,0.1,-2.183333333333333
43.05,252,AV,1,3,4,0,4,0,0,57,4756.448820673547,0.1,-4.305
13.966666666666667,31,AV,1,2,6,3,0,0,0,19,5307.329693361759,0.1,-1.3966666666666667
48.416666666666664,290,AV,1,3,6,3,6,0,0,64,1446.9812594843625,0.2,-9.683333333333334
45.93333333333333,218,AV,1,2,6,3,4,0,0,61,16390.717038727882,0.2,-9.186666666666666
16.75,88,AV,1,3,6,3,2,0,0,32,2250.3510049999354,0.1,-1.675
35.63333333333333,177,AV,1,2,6,3,4,0,0,50,2033.019749384408,0.4,-14.253333333333334
49.13333333333333,215,AV,1,2,7,9,3,0,0,65,932.0432837729122,0.4,-19.653333333333336
20.25,279,AV,1,2,7,9,5,0,0,36,583.3206434887895,1.0,-20.25
23.15,87,AV,2,3,0,5,7,0,0,24,3132.463358685509,0.1,-2.315
36.95,227,AV,1,3,6,3,3,0,0,51,1100.389953660579,0.3,-11.085
38.13333333333333,261,AV,1,3,6,3,5,0,0,52,5882.279762541917,0.1,-3.8133333333333335
24.866666666666667,106,AV,1,2,4,4,5,0,0,40,3031.4508351358254,0.1,-2.486666666666667
16.816666666666666,225,AV,1,2,6,3,5,0,0,32,8326.33528790118,0.2,-3.3633333333333333
26.65,297,AV,1,3,6,3,3,0,0,42,5654.280440205098,0.2,-5.33
32.483333333333334,119,AV,1,3,6,3,2,0,0,47,3032.1279287666234,0.5,-16.241666666666667
16.766666666666666,15,AV,1,2,6,3,1,0,0,31,1150.4391077840953,0.1,-1.6766666666666667
38.85,213,AV,1,3,6,3,2,0,0,53,616.3739675020589,0.2,-7.7700000000000005
14.0,185,AV,1,3,5,1,7,0,0,21,2909.5116230827134,0.1,-1.4000000000000001
22.233333333333334,146,AV,0,6,5,9,6,0,0,48,4434.023444374438,0.1,-2.2233333333333336
19.516666666666666,205,AV,1,2,7,9,4,0,0,33,938.3100494872764,0.1,-1.9516666666666667
51.78333333333333,282,AV,1,3,6,3,2,0,0,74,13748.957190518822,0.5,-25.891666666666666
30.233333333333334,30,AV,1,3,4,8,4,0,0,46,776.0711537761008,1.0,-30.233333333333334
35.43333333333333,162,AV,1,3,6,3,3,0,0,48,1503.4428459110418,0.1,-3.543333333333333
52.03333333333333,149,AV,1,2,7,9,3,0,0,74,4237.057085974603,0.2,-10.406666666666666
44.4,224,AV,1,2,6,3,6,0,0,60,2108.868816674547,1.0,-44.4
51.1,248,AV,1,3,6,3,2,0,0,70,2648.588416164911,0.1,-5.11
35.166666666666664,125,AV,1,3,6,3,3,0,0,49,627.4062491148882,0.1,-3.5166666666666666
16.983333333333334,272,AV,1,1,4,8,9,0,0,32,650.412147456106,0.3,-5.095
49.416666666666664,258,AV,1,3,6,3,3,0,0,60,1020.5842314575186,0.6,-29.65
40.016666666666666,3,AV,1,3,6,3,4,0,0,54,546.8646928603165,0.3,-12.004999999999999
53.05,180,AV,1,3,6,3,8,0,0,92,2255.9253983027734,0.7,-37.135
28.9,108,AV,1,3,4,0,10,0,0,44,3064.640983136323,0.3,-8.67
14.116666666666667,260,AV,1,1,4,4,3,0,0,22,2392.7441380289174,0.2,-2.8233333333333337
26.2,75,AV,2,0,3,8,0,0,0,26,7336.658338656486,0.4,-10.48
48.983333333333334,105,AV,1,3,6,3,3,0,0,66,779.0639592631991,0.2,-9.796666666666667
39.13333333333333,203,AV,1,2,6,3,6,0,0,52,4689.4303597647895,0.2,-7.826666666666667
26.4,253,AV,1,2,6,3,5,0,0,42,1628.9397076974285,1.0,-26.4
46.233333333333334,70,AV,1,2,6,3,4,0,0,63,8029.700924090037,0.1,-4.623333333333334
19.516666666666666,184,AV,1,2,6,3,5,0,0,36,4113.319853961603,0.7,-13.661666666666665
18.266666666666666,61,AV,1,2,6,3,8,0,0,32,905.8209551718018,0.2,-3.6533333333333333
37.75,34,AV,1,2,7,9,3,0,0,51,11515.391842589095,0.2,-7.550000000000001
43.36666666666667,81,AV,1,2,6,3,5,0,0,58,2398.572127464108,0.1,-4.336666666666667
29.366666666666667,39,AV,1,2,6,3,4,0,0,45,2105.6010448069283,0.2,-5.873333333333334
34.3,18,AV,1,3,6,3,6,0,0,47,2158.6935677652164,0.2,-6.859999999999999
22.983333333333334,40,AV,1,3,4,0,1,0,0,38,2347.541384251396,0.1,-2.2983333333333333
39.06666666666667,294,AV,1,2,6,3,7,0,0,54,1836.592480640456,0.2,-7.813333333333334
29.35,72,AV,1,2,4,2,5,0,0,44,3824.993837156676,0.2,-5.870000000000001
29.916666666666668,138,AV,1,3,6,3,4,0,0,45,761.8437659652793,0.1,-2.991666666666667
18.866666666666667,71,AV,0,7,4,8,2,0,0,40,3158.0604616132755,0.9,-16.98
39.416666666666664,58,AV,1,2,6,3,4,0,0,54,2472.005569054355,0.2,-7.883333333333333
8.75,200,AV,0,9,3,7,4,0,0,21,1635.9686818612918,0.5,-4.375
28.316666666666666,262,AV,1,3,6,3,9,0,0,43,4200.245935785981,1.0,-28.316666666666666
18.216666666666665,60,AV,1,2,6,3,1,0,0,33,4164.701887555128,0.1,-1.8216666666666665
29.066666666666666,4,AV,1,2,6,3,1,0,0,45,2815.231094880572,0.1,-2.9066666666666667
53.333333333333336,201,AV,1,3,6,3,3,0,0,81,1047.1205397958274,0.2,-10.666666666666668
38.88333333333333,219,AV,1,2,6,3,4,0,0,53,1592.2311391495805,0.7,-27.21833333333333
51.65,116,AV,1,3,6,3,3,0,0,70,2131.3254046090938,0.4,-20.66
10.133333333333333,275,AV,0,8,0,4,6,0,0,24,1517.942512651984,0.4,-4.053333333333334
29.416666666666668,66,AV,1,2,6,3,2,0,0,45,1986.5043233563797,0.3,-8.825
42.983333333333334,139,AV,1,3,6,3,4,0,0,56,8987.822610831106,0.9,-38.685
47.81666666666667,265,AV,1,3,6,3,5,0,0,63,4959.361066312568,0.9,-43.035000000000004
52.25,85,AV,1,2,6,3,5,0,0,78,2326.172138461347,0.2,-10.450000000000001
39.166666666666664,293,AV,1,2,6,3,4,0,0,53,1089.3140785512585,0.1,-3.9166666666666665
43.06666666666667,51,AV,1,3,6,3,4,0,0,58,2857.8751728516777,0.1,-4.3066666666666675
20.683333333333334,77,AV,1,3,6,3,3,0,0,34,1025.7249596144625,0.1,-2.0683333333333334
20.733333333333334,157,AV,0,6,5,9,4,0,0,44,2538.843693606908,0.2,-4.146666666666667
46.28333333333333,6,AV,1,3,6,3,4,0,0,64,4159.866430607663,0.1,-4.628333333333333
52.416666666666664,167,AV,1,3,6,3,2,0,0,81,13460.811009378149,0.4,-20.96666666666667
49.916666666666664,271,AV,1,2,6,3,4,0,0,68,2909.8477340427667,0.1,-4.991666666666667
16.933333333333334,56,AV,1,3,6,3,6,0,0,28,2218.0502812558643,0.4,-6.773333333333333
13.266666666666667,130,AV,1,3,4,8,5,0,0,21,5557.427333357366,0.6,-7.96
27.716666666666665,9,AV,1,2,6,3,15,0,0,42,1297.4303329633815,0.2,-5.543333333333333
30.566666666666666,193,AV,1,3,6,3,6,0,0,45,1594.6992934726818,0.1,-3.0566666666666666
14.633333333333333,236,AV,1,2,6,3,2,0,0,26,3352.9358316496982,0.2,-2.9266666666666667
32.43333333333333,155,AV,1,3,6,3,3,0,0,46,1526.0895405694364,0.4,-12.973333333333333
19.333333333333332,202,AV,1,2,6,3,1,0,0,34,8493.635575370567,0.3,-5.8
45.21666666666667,48,AV,1,3,6,3,2,0,0,60,954.0002559944874,0.5,-22.608333333333334
47.766666666666666,7,AV,1,2,6,3,2,0,0,64,17322.90883950548,0.3,-14.33
29.6,212,AV,1,3,6,3,2,0,0,44,3608.770587345788,0.8,-23.680000000000003
52.2,120,AV,1,2,6,3,5,0,0,77,7332.887514065835,0.3,-15.66
48.983333333333334,220,AV,1,3,6,3,3,0,0,64,1659.6531244520008,0.6,-29.39
32.45,94,AV,1,2,6,3,2,0,0,47,1927.298426803608,0.5,-16.225
43.63333333333333,259,AV,1,3,6,3,2,0,0,57,2382.718205806423,0.1,-4.363333333333333
27.7,57,AV,1,2,7,9,2,0,0,42,4223.122456076251,0.4,-11.08
49.333333333333336,99,AV,1,2,6,3,4,0,0,67,777.0630287344238,0.8,-39.46666666666667
15.066666666666666,132,AV,1,2,6,3,6,0,0,28,743.7818724069466,0.3,-4.52
20.983333333333334,179,AV,1,0,8,2,0,0,0,36,4116.183110063293,0.1,-2.0983333333333336
12.683333333333334,284,AV,1,2,6,3,11,0,0,16,591.6693204447811,0.6,-7.609999999999999
40.68333333333333,223,AV,1,3,6,3,4,0,0,54,3654.013033637752,0.6,-24.409999999999997
14.35,103,AV,1,0,5,4,2,0,0,25,2797.307504072895,0.1,-1.435
21.466666666666665,211,AV,1,2,6,3,1,0,0,36,1945.516475481125,0.3,-6.4399999999999995
28.966666666666665,107,AV,0,6,5,9,4,0,0,65,5849.7981009167725,0.2,-5.793333333333333
22.033333333333335,10,AV,1,3,6,3,1,0,0,37,1104.4445206976068,0.4,-8.813333333333334
19.8,127,AV,1,2,6,3,4,0,0,35,2030.86588445069,0.1,-1.9800000000000002
47.3,42,AV,1,3,6,3,2,0,0,62,1059.8377785859489,0.1,-4.7299999999999995
20.55,67,AV,0,6,5,9,5,0,0,43,1507.5005543882637,0.8,-16.44
12.0,164,AV,0,6,5,9,3,0,0,27,767.6170681366935,0.2,-2.4000000000000004
48.31666666666667,158,AV,1,3,6,3,4,0,0,66,4227.85786318916,0.1,-4.831666666666667
45.2,38,AV,1,3,6,3,6,0,0,60,10751.672106064549,0.1,-4.5200000000000005
26.966666666666665,151,AV,1,2,6,3,1,0,0,42,626.2908344343901,0.3,-8.09
