travel_time,id,kind,action,bid_route_0,bid_route_1,bid_route_2,karma_balance,origin,destination,start_time,income,urgency,reward
13.733333333333333,44,AV,2,2,2,1,18,0,0,33,10751.672106064549,0.6,-0.7373333333333333
18.833333333333332,137,AV,2,2,3,2,5,0,0,40,4968.170350229253,0.1,-0.28833333333333333
19.066666666666666,50,AV,2,3,3,2,12,0,0,44,586.8516376274475,0.5,-0.6906666666666667
35.25,63,AV,2,3,2,2,13,0,0,89,3863.855435177377,0.5,-0.8525
19.416666666666668,84,AV,2,3,1,1,7,0,0,42,9280.176126726552,1.0,-1.1941666666666666
26.25,132,AV,2,3,3,2,16,0,0,53,1141.5133047894662,0.5,-0.7625
34.61666666666667,196,AV,2,3,3,2,11,0,0,64,4281.8327360815,0.2,-0.5461666666666667
15.75,139,AV,2,3,1,2,3,0,0,33,2318.2944376966047,0.5,-0.6575
23.483333333333334,118,AV,2,2,1,1,16,0,0,50,3752.1132597063192,0.1,-0.3348333333333333
27.433333333333334,106,AV,2,2,2,2,5,0,0,58,3933.772930850901,0.1,-0.3743333333333333
18.316666666666666,104,AV,2,2,2,1,18,0,0,41,5670.319740923212,0.4,-0.5831666666666667
28.85,263,AV,0,5,3,5,0,0,0,75,388.2787303527966,0.7,-0.9884999999999999
17.683333333333334,287,AV,2,2,3,1,15,0,0,40,2520.718778515204,0.5,-0.6768333333333334
31.9,103,AV,2,3,3,2,14,0,0,65,4689.4303597647895,0.5,-0.819
15.55,220,AV,2,3,2,2,9,0,0,34,1723.69240549938,0.6,-0.7555
30.25,148,AV,2,3,2,2,11,0,0,66,1150.2916000513435,0.4,-0.7025
11.983333333333333,252,AV,2,2,3,2,6,0,0,29,1022.032321197676,0.1,-0.21983333333333333
30.6,134,AV,2,3,2,3,4,0,0,65,2645.062412614309,0.2,-0.506
30.416666666666668,221,AV,2,3,2,1,7,0,0,65,1005.9867386644172,0.8,-1.1041666666666667
16.8,46,AV,2,2,1,1,17,0,0,37,1682.490559712908,0.3,-0.46799999999999997
12.7,143,AV,2,2,3,2,7,0,0,17,2260.56382504795,0.2,-0.327
27.116666666666667,151,AV,2,3,3,2,13,0,0,57,1234.5997004771,0.4,-0.6711666666666667
13.883333333333333,81,AV,2,3,3,2,7,0,0,31,597.1498506777683,0.3,-0.4388333333333333
22.95,100,AV,2,2,1,2,5,0,0,47,2953.464044858564,0.1,-0.3295
9.683333333333334,10,AV,1,0,6,4,1,0,0,16,2622.7149314101284,0.1,-0.19683333333333336
29.333333333333332,215,AV,2,2,2,2,2,0,0,56,961.7772661313056,0.5,-0.7933333333333333
18.033333333333335,73,AV,2,3,3,2,8,0,0,37,522.440884226393,0.3,-0.48033333333333333
17.733333333333334,258,AV,2,2,3,1,11,0,0,39,6709.13861087917,0.2,-0.37733333333333335
18.1,282,AV,2,2,1,2,2,0,0,38,1635.9686818612918,0.5,-0.681
19.8,67,AV,2,2,3,1,12,0,0,45,4200.245935785981,0.1,-0.29800000000000004
21.8,58,AV,2,2,3,1,10,0,0,48,4679.48341028673,0.1,-0.318
33.916666666666664,224,AV,2,1,1,1,1,0,0,67,1251.6500609663929,0.2,-0.5391666666666666
11.166666666666666,228,AV,2,2,1,1,11,0,0,17,2472.005569054355,0.2,-0.31166666666666665
29.7,192,AV,2,2,3,1,13,0,0,61,8689.506535985933,0.1,-0.397
27.85,76,AV,2,3,2,2,7,0,0,57,3793.837230001502,0.4,-0.6785000000000001
21.083333333333332,129,AV,2,3,3,2,14,0,0,48,2561.5826276178027,0.5,-0.7108333333333333
16.383333333333333,198,AV,2,3,1,2,6,0,0,34,1047.1205397958274,0.6,-0.7638333333333334
35.31666666666667,141,AV,2,3,2,2,20,0,0,77,541.9839687696077,0.8,-1.1531666666666667
31.816666666666666,211,AV,2,3,3,2,14,0,0,65,776.0711537761008,0.3,-0.6181666666666666
22.883333333333333,45,AV,2,3,3,2,15,0,0,46,6081.635477498837,0.6,-0.8288333333333333
27.2,61,AV,2,2,3,1,15,0,0,56,381.3218977270381,0.3,-0.5720000000000001
34.4,47,AV,2,3,2,3,10,0,0,81,1594.6992934726818,0.8,-1.1440000000000001
15.95,0,AV,2,3,3,2,13,0,0,36,2750.2432356670683,0.7,-0.8594999999999999
23.133333333333333,219,AV,2,2,3,2,8,0,0,50,3958.913906791885,0.1,-0.33133333333333337
21.283333333333335,279,AV,2,3,1,2,7,0,0,44,1460.8215047913693,0.5,-0.7128333333333333
11.75,286,AV,2,2,1,1,17,0,0,11,4617.971391102537,0.1,-0.2175
12.733333333333333,113,AV,2,2,3,1,15,0,0,24,2044.1603053436156,0.5,-0.6273333333333333
32.583333333333336,197,AV,2,3,2,2,6,0,0,66,1997.7276787447236,0.1,-0.4258333333333334
9.983333333333333,66,AV,0,7,0,6,5,0,0,35,6020.57275324985,0.5,-0.5998333333333333
34.1,208,AV,2,2,3,2,12,0,0,67,566.7055292848979,0.1,-0.44100000000000006
23.933333333333334,142,AV,2,3,2,2,14,0,0,51,7912.643587116454,0.8,-1.0393333333333334
18.433333333333334,171,AV,2,2,1,2,5,0,0,42,10450.70686878338,0.2,-0.38433333333333336
24.533333333333335,276,AV,2,3,3,2,10,0,0,52,3654.013033637752,0.2,-0.44533333333333336
18.866666666666667,204,AV,2,3,3,2,14,0,0,44,1880.1756700095973,0.5,-0.6886666666666666
31.45,294,AV,2,2,1,1,16,0,0,62,13079.31179296209,0.1,-0.4145
11.033333333333333,2,AV,2,2,3,2,11,0,0,22,4687.914961676448,0.5,-0.6103333333333334
26.283333333333335,195,AV,2,2,3,1,13,0,0,54,2969.8754393798326,0.2,-0.4628333333333334
25.45,146,AV,2,3,1,2,6,0,0,54,2476.7926805910606,0.3,-0.5545
31.5,80,AV,2,2,3,7,4,0,0,65,1174.3503864217532,0.7,-1.015
30.333333333333332,223,AV,2,2,2,3,3,0,0,61,4266.216809230351,0.1,-0.4033333333333333
30.45,185,AV,2,2,3,1,15,0,0,59,639.9143284368583,0.3,-0.6045
26.866666666666667,109,AV,2,2,3,1,14,0,0,54,3628.2404526711953,0.3,-0.5686666666666667
17.716666666666665,43,AV,2,2,1,1,17,0,0,37,2117.047321722312,0.1,-0.2771666666666667
22.466666666666665,120,AV,2,3,1,2,7,0,0,49,5341.061461458292,0.2,-0.42466666666666664
34.1,19,AV,2,3,2,3,4,0,0,76,1148.2139867956057,0.4,-0.7410000000000001
23.05,95,AV,2,3,3,2,15,0,0,49,3256.7228478661937,0.7,-0.9305
29.766666666666666,262,AV,2,3,2,3,5,0,0,62,1830.3424648913517,0.4,-0.6976666666666667
20.35,65,AV,2,2,1,1,16,0,0,41,2538.843693606908,0.1,-0.3035
25.783333333333335,89,AV,2,3,2,2,7,0,0,54,1111.987968807459,0.4,-0.6578333333333334
18.483333333333334,206,AV,2,2,1,1,17,0,0,42,1389.0632502942228,0.1,-0.2848333333333334
31.883333333333333,51,AV,2,3,2,3,5,0,0,60,3508.846318545673,0.5,-0.8188333333333333
31.7,140,AV,2,2,3,1,15,0,0,63,863.3540159882258,0.1,-0.41700000000000004
20.583333333333332,275,AV,2,2,1,2,5,0,0,43,1639.6236094811811,0.2,-0.4058333333333333
32.03333333333333,285,AV,2,3,3,2,9,0,0,61,2198.5025098873134,0.3,-0.6203333333333333
27.583333333333332,35,AV,2,3,3,2,9,0,0,59,4381.240268036911,0.2,-0.47583333333333333
19.15,8,AV,2,2,3,1,11,0,0,43,2294.767722006211,0.1,-0.2915
28.683333333333334,83,AV,2,3,1,2,7,0,0,55,4412.688598555705,0.1,-0.38683333333333336
26.133333333333333,194,AV,2,2,3,1,13,0,0,55,4164.701887555128,0.1,-0.3613333333333333
12.383333333333333,49,AV,2,2,1,2,2,0,0,31,3866.930621896856,0.4,-0.5238333333333334
14.3,280,AV,2,2,1,1,14,0,0,33,4577.590037133467,0.1,-0.24300000000000002
28.083333333333332,6,AV,2,3,2,1,5,0,0,57,1805.1606101798543,0.9,-1.1808333333333334
28.183333333333334,242,AV,2,2,3,1,15,0,0,61,1986.5043233563797,0.2,-0.48183333333333334
18.633333333333333,246,AV,2,3,3,2,7,0,0,41,640.5426603936758,0.2,-0.3863333333333333
24.85,64,AV,2,3,3,2,11,0,0,53,1083.524948441525,0.3,-0.5485
33.43333333333333,222,AV,2,0,0,0,0,0,0,69,3387.2787239910285,0.2,-0.5343333333333333
22.133333333333333,24,AV,2,3,3,2,12,0,0,48,863.5619359671642,0.4,-0.6213333333333333
11.933333333333334,231,AV,2,2,1,4,1,0,0,24,2043.1688306873104,0.1,-0.21933333333333332
33.43333333333333,154,AV,2,2,3,1,18,0,0,70,7958.958807233507,0.2,-0.5343333333333333
19.416666666666668,40,AV,1,2,4,4,1,0,0,50,8348.421721831439,0.5,-0.6941666666666667
15.55,160,AV,2,2,1,1,17,0,0,33,4707.821121085941,0.2,-0.35550000000000004
35.516666666666666,261,AV,2,2,3,1,14,0,0,79,753.7709081553346,0.1,-0.4551666666666666
32.75,265,AV,2,2,3,1,16,0,0,71,20239.22920549412,0.2,-0.5275000000000001
12.883333333333333,254,AV,2,2,1,1,17,0,0,31,591.6693204447811,0.2,-0.3288333333333333
27.65,107,AV,2,2,3,2,9,0,0,52,3783.636689084741,0.1,-0.37649999999999995
28.8,218,AV,2,2,3,1,16,0,0,61,2347.541384251396,0.2,-0.48800000000000004
13.683333333333334,245,AV,2,2,1,1,17,0,0,30,1475.2077210572677,0.2,-0.3368333333333333
25.15,178,AV,2,2,3,2,9,0,0,52,3773.073658575576,0.1,-0.35150000000000003
18.833333333333332,25,AV,2,2,3,2,7,0,0,43,1275.9312017726234,0.1,-0.28833333333333333
29.333333333333332,162,AV,2,3,3,2,16,0,0,60,2857.712092786687,0.5,-0.7933333333333333
33.45,56,AV,2,3,3,2,14,0,0,66,3398.605365942332,0.5,-0.8345
35.6,111,AV,2,3,3,2,14,0,0,81,4429.527615460413,0.2,-0.556
24.5,36,AV,2,2,3,1,11,0,0,50,2756.9260540590044,0.1,-0.345
17.083333333333332,251,AV,2,2,1,1,16,0,0,42,2280.385817754286,0.3,-0.4708333333333333
20.283333333333335,193,AV,0,9,2,3,2,0,0,56,7658.5640246764915,1.0,-1.2028333333333334
17.116666666666667,59,AV,2,3,1,2,6,0,0,39,3159.4556453821087,0.3,-0.4711666666666666
19.983333333333334,55,AV,2,2,1,2,3,0,0,44,1822.2981036688468,0.1,-0.29983333333333334
33.06666666666667,187,AV,2,3,2,2,15,0,0,69,1596.1763216794554,0.8,-1.1306666666666667
14.983333333333333,212,AV,2,1,1,1,1,0,0,32,1148.9174546898266,0.1,-0.24983333333333332
18.75,108,AV,2,2,1,1,14,0,0,40,8480.737499651503,0.2,-0.3875
29.666666666666668,3,AV,2,2,1,1,19,0,0,60,3032.1279287666234,0.1,-0.3966666666666667
29.466666666666665,156,AV,2,2,3,1,14,0,0,61,5849.7981009167725,0.2,-0.49466666666666664
12.733333333333333,34,AV,2,2,3,2,12,0,0,25,3046.5766145774583,0.5,-0.6273333333333333
14.633333333333333,237,AV,2,2,1,1,16,0,0,32,2158.6935677652164,0.3,-0.4463333333333333
25.2,241,AV,2,3,3,2,16,0,0,46,877.2934597877683,0.6,-0.852
18.633333333333333,270,AV,2,3,2,2,8,0,0,43,1496.328062426438,0.6,-0.7863333333333333
35.55,122,AV,2,2,2,3,3,0,0,70,3119.7161673652217,0.1,-0.4555
19.416666666666668,272,AV,2,2,3,1,9,0,0,45,837.3801312568858,0.1,-0.2941666666666667
11.866666666666667,48,AV,2,2,3,2,7,0,0,30,1921.5023446668008,0.1,-0.21866666666666668
27.333333333333332,1,AV,2,2,3,2,11,0,0,54,8139.327108000771,0.3,-0.5733333333333333
36.86666666666667,99,AV,2,2,2,3,3,0,0,87,5578.433439706214,0.1,-0.4686666666666667
27.95,203,AV,2,2,2,0,5,0,0,58,3065.2253709468137,0.9,-1.1795
28.883333333333333,243,AV,2,3,2,3,4,0,0,61,3476.696831582168,0.2,-0.48883333333333334
12.216666666666667,77,AV,2,2,3,2,4,0,0,25,4967.653125719208,0.1,-0.22216666666666668
22.716666666666665,230,AV,2,3,1,2,6,0,0,50,1261.43865123121,0.1,-0.32716666666666666
20.483333333333334,291,AV,2,2,3,2,15,0,0,46,3824.993837156676,0.5,-0.7048333333333333
27.15,159,AV,2,3,2,1,6,0,0,58,3158.0604616132755,0.7,-0.9714999999999999
34.266666666666666,125,AV,2,3,2,2,9,0,0,73,1294.2551843223837,0.6,-0.9426666666666667
33.21666666666667,91,AV,2,3,2,3,6,0,0,72,1823.811293294481,0.4,-0.7321666666666666
15.1,78,AV,0,4,4,2,2,0,0,47,473.5024380788758,0.5,-0.651
22.383333333333333,158,AV,2,1,1,1,1,0,0,44,3882.59008652233,0.6,-0.8238333333333333
36.38333333333333,11,AV,2,2,3,1,17,0,0,73,7081.334819999852,0.1,-0.4638333333333333
11.65,115,AV,2,2,1,1,13,0,0,10,861.805442805673,0.3,-0.4165
12.083333333333334,32,AV,2,2,1,1,13,0,0,19,5051.78348307234,0.2,-0.32083333333333336
34.0,94,AV,2,2,3,1,13,0,0,66,3941.04555698938,0.1,-0.44000000000000006
25.583333333333332,7,AV,2,2,2,2,2,0,0,54,1507.5005543882637,0.8,-1.0558333333333334
18.966666666666665,186,AV,2,2,3,2,8,0,0,43,2141.869626207308,0.2,-0.38966666666666666
19.516666666666666,5,AV,2,3,1,2,6,0,0,42,3048.604611013583,0.3,-0.49516666666666664
29.766666666666666,234,AV,2,3,2,3,3,0,0,60,985.8695826897422,0.4,-0.6976666666666667
27.016666666666666,15,AV,2,2,3,1,16,0,0,54,743.7553910389753,0.4,-0.6701666666666667
17.066666666666666,27,AV,2,2,1,1,14,0,0,35,1122.7546975855585,0.1,-0.27066666666666667
24.7,101,AV,2,2,1,2,4,0,0,53,5168.6614957092925,0.1,-0.347
18.45,157,AV,2,1,1,1,1,0,0,41,2587.8859091729414,0.8,-0.9845
32.483333333333334,163,AV,2,3,2,2,13,0,0,65,5003.647877951615,0.6,-0.9248333333333334
33.8,271,AV,2,3,2,3,5,0,0,73,497.26542980048754,0.5,-0.838
28.916666666666668,37,AV,2,3,3,2,9,0,0,58,1541.4014724042315,0.1,-0.38916666666666666
11.866666666666667,225,AV,2,2,2,1,16,0,0,20,5386.149373461946,0.6,-0.7186666666666667
16.366666666666667,278,AV,2,2,3,2,6,0,0,38,4196.147454418583,0.1,-0.2636666666666667
10.85,117,AV,2,3,2,2,9,0,0,18,881.2906222289953,0.9,-1.0085
28.616666666666667,264,AV,2,2,1,1,14,0,0,58,17322.90883950548,0.1,-0.38616666666666666
33.3,116,AV,2,3,2,2,13,0,0,75,3465.4556083993225,0.5,-0.833
17.316666666666666,53,AV,2,0,0,3,3,0,0,34,13430.196447392702,0.2,-0.37316666666666665
8.383333333333333,57,AV,0,4,4,3,9,0,0,33,1899.102970895097,0.2,-0.2838333333333333
33.13333333333333,41,AV,2,3,3,2,15,0,0,67,14754.343640924068,0.6,-0.9313333333333333
28.116666666666667,128,AV,1,0,4,4,11,0,0,63,3531.3895067900216,0.2,-0.4811666666666667
17.033333333333335,176,AV,2,3,1,2,4,0,0,40,1104.4445206976068,0.5,-0.6703333333333333
25.883333333333333,21,AV,2,3,2,2,7,0,0,53,3382.383844415393,0.5,-0.7588333333333332
15.133333333333333,250,AV,2,2,3,2,4,0,0,32,1150.4391077840953,0.1,-0.2513333333333333
35.4,114,AV,2,3,3,2,15,0,0,75,4669.869929992837,0.4,-0.754
34.28333333333333,166,AV,2,3,3,2,13,0,0,72,1052.4070316009115,0.2,-0.5428333333333333
23.283333333333335,201,AV,2,2,3,1,10,0,0,52,9030.678864893336,0.1,-0.3328333333333333
28.116666666666667,69,AV,2,2,3,1,15,0,0,59,742.6585956180782,0.2,-0.4811666666666667
29.366666666666667,165,AV,2,0,0,0,0,0,0,56,2446.4664131825853,0.2,-0.4936666666666667
35.45,155,AV,2,3,2,1,3,0,0,80,877.6907461205365,0.6,-0.9545
21.0,90,AV,2,2,3,1,16,0,0,47,4227.85786318916,0.4,-0.61
28.833333333333332,30,AV,2,3,1,2,7,0,0,59,5009.92015912814,0.1,-0.3883333333333333
35.35,23,AV,2,0,0,0,0,0,0,89,6031.594525491932,0.2,-0.5535000000000001
26.45,217,AV,2,2,1,1,15,0,0,54,825.4433072334436,0.1,-0.36450000000000005
22.833333333333332,60,AV,1,2,8,8,0,0,0,55,2314.8193170712048,0.3,-0.5283333333333333
35.983333333333334,97,AV,2,2,2,3,4,0,0,86,844.3352662229099,0.1,-0.4598333333333333
27.35,205,AV,2,3,2,2,6,0,0,56,1293.252850487379,0.4,-0.6735
25.566666666666666,14,AV,0,8,7,2,3,0,0,63,616.3739675020589,0.7,-0.9556666666666667
34.166666666666664,174,AV,2,3,3,2,10,0,0,70,1869.7531794209297,0.1,-0.44166666666666665
19.966666666666665,164,AV,2,3,3,2,12,0,0,45,2629.980017260476,0.6,-0.7996666666666666
28.666666666666668,71,AV,2,3,2,2,9,0,0,58,7099.697064525982,0.4,-0.6866666666666668
35.833333333333336,13,AV,2,3,2,3,6,0,0,92,18628.94525544202,0.1,-0.45833333333333337
12.433333333333334,190,AV,2,2,3,1,15,0,0,15,4376.119511966378,0.7,-0.8243333333333333
19.833333333333332,20,AV,2,2,1,2,3,0,0,43,3456.1529418207683,0.2,-0.3983333333333333
17.35,152,AV,2,2,3,1,14,0,0,37,2754.938443140308,0.3,-0.47350000000000003
32.88333333333333,4,AV,2,3,2,2,10,0,0,69,979.5720138781878,0.5,-0.8288333333333333
18.166666666666668,240,AV,2,2,3,1,8,0,0,40,4021.28082322038,0.1,-0.2816666666666667
22.933333333333334,227,AV,2,3,1,2,5,0,0,48,818.0604611907775,0.2,-0.42933333333333334
36.18333333333333,133,AV,2,3,2,2,16,0,0,69,15387.119225735782,0.8,-1.1618333333333333
30.8,247,AV,2,3,2,3,10,0,0,59,2971.291490045772,1.0,-1.308
14.083333333333334,31,AV,2,2,3,1,13,0,0,32,2239.257430619588,0.4,-0.5408333333333334
22.366666666666667,68,AV,2,2,3,2,11,0,0,50,3024.224513765153,0.2,-0.4236666666666667
20.916666666666668,87,AV,2,2,3,2,6,0,0,45,1097.8259349569896,0.1,-0.3091666666666667
15.65,74,AV,2,3,3,2,7,0,0,33,779.2240782816187,0.4,-0.5565
22.266666666666666,239,AV,2,2,3,1,13,0,0,49,3151.1733449572957,0.2,-0.42266666666666663
30.883333333333333,267,AV,2,3,3,2,13,0,0,65,1546.5147326922538,0.2,-0.5088333333333334
28.116666666666667,210,AV,2,3,3,2,10,0,0,58,14505.369879802229,0.3,-0.5811666666666666
29.683333333333334,257,AV,2,2,3,1,15,0,0,57,636.6552097563458,0.1,-0.39683333333333337
15.2,179,AV,2,2,1,2,3,0,0,35,2401.1770329784995,0.2,-0.352
19.283333333333335,202,AV,2,2,1,2,4,0,0,45,912.6272274022258,0.1,-0.2928333333333334
11.316666666666666,181,AV,2,2,1,1,8,0,0,2,1391.0507319816634,0.1,-0.21316666666666667
27.416666666666668,135,AV,2,2,3,1,12,0,0,55,491.0984231068265,0.1,-0.37416666666666665
13.6,283,AV,2,3,1,2,7,0,0,29,7332.887514065835,0.8,-0.936
13.483333333333333,236,AV,2,2,3,1,14,0,0,31,1824.367004680513,0.4,-0.5348333333333334
12.283333333333333,180,AV,2,2,1,1,8,0,0,5,2318.1098695731453,0.1,-0.22283333333333333
18.533333333333335,238,AV,2,2,1,1,16,0,0,41,1552.9853059451273,0.3,-0.48533333333333334
32.9,199,AV,2,2,0,2,3,0,0,67,2329.0008356791827,0.1,-0.42899999999999994
24.733333333333334,102,AV,2,2,1,1,15,0,0,47,627.4062491148882,0.1,-0.3473333333333334
31.083333333333332,93,AV,2,2,3,1,17,0,0,65,4116.183110063293,0.3,-0.6108333333333333
30.2,191,AV,2,3,3,2,13,0,0,61,5557.427333357366,0.4,-0.702
16.1,126,AV,2,2,1,1,16,0,0,35,5480.041794665195,0.1,-0.261
23.25,184,AV,2,2,2,2,2,0,0,45,892.1845339920479,0.1,-0.3325
29.933333333333334,28,AV,2,2,2,3,4,0,0,62,1530.0661682302475,0.1,-0.3993333333333333
32.4,213,AV,2,3,3,2,16,0,0,65,4609.601315671212,0.6,-0.9239999999999999
23.2,259,AV,2,2,1,1,14,0,0,51,1490.1599361877834,0.1,-0.33199999999999996
35.666666666666664,105,AV,2,3,2,2,14,0,0,80,2891.134206742707,0.5,-0.8566666666666667
31.283333333333335,79,AV,2,2,2,1,19,0,0,62,921.9548251796884,0.4,-0.7128333333333334
29.4,209,AV,2,2,3,1,16,0,0,59,2909.8477340427667,0.2,-0.494
13.966666666666667,86,AV,2,2,1,1,17,0,0,31,1794.439334206041,0.3,-0.43966666666666665
17.05,232,AV,2,0,1,1,1,0,0,36,1405.7852601227096,0.2,-0.37050000000000005
12.383333333333333,62,AV,2,2,3,1,8,0,0,25,8028.27043643778,0.2,-0.3238333333333333
16.316666666666666,207,AV,2,3,3,2,7,0,0,34,4416.224882412617,0.3,-0.4631666666666666
26.883333333333333,175,AV,2,3,3,2,15,0,0,57,2411.397471856681,0.5,-0.7688333333333333
23.583333333333332,110,AV,2,2,2,2,3,0,0,49,1059.8377785859489,0.1,-0.3358333333333333
25.966666666666665,169,AV,2,2,3,2,9,0,0,53,2835.850686157305,0.1,-0.3596666666666667
33.85,249,AV,2,3,3,2,15,0,0,67,1444.5182772575097,0.4,-0.7385
28.716666666666665,298,AV,2,1,1,1,1,0,0,59,1993.780724220221,0.4,-0.6871666666666667
20.6,52,AV,2,2,1,2,3,0,0,45,946.2003450753726,0.1,-0.30600000000000005
18.283333333333335,18,AV,2,2,1,1,13,0,0,41,1527.6889462703334,0.1,-0.2828333333333334
29.383333333333333,88,AV,2,3,3,2,10,0,0,57,1317.647826688136,0.2,-0.49383333333333335
25.45,38,AV,2,2,1,1,15,0,0,51,5307.329693361759,0.1,-0.35450000000000004
16.416666666666668,214,AV,2,3,3,2,7,0,0,32,539.5213747330826,0.4,-0.5641666666666667
21.766666666666666,39,AV,2,2,3,2,8,0,0,44,600.3305173079323,0.1,-0.31766666666666665
12.816666666666666,150,AV,2,2,1,1,9,0,0,27,2857.8751728516777,0.1,-0.22816666666666666
16.7,289,AV,2,3,3,2,10,0,0,37,870.7377108213431,0.4,-0.567
21.75,161,AV,2,2,3,1,14,0,0,48,6918.069898529506,0.2,-0.4175
35.983333333333334,92,AV,2,2,3,1,15,0,0,74,682.056612603955,0.1,-0.4598333333333333
11.933333333333334,292,AV,2,2,3,1,13,0,0,12,2458.2611968747465,0.5,-0.6193333333333333
22.066666666666666,172,AV,2,3,1,2,7,0,0,50,6197.036257351283,0.5,-0.7206666666666667
18.316666666666666,273,AV,2,2,3,1,14,0,0,38,5144.150368411208,0.3,-0.48316666666666663
26.366666666666667,260,AV,2,3,3,2,18,0,0,56,4135.471393234625,0.8,-1.0636666666666668
18.366666666666667,144,AV,2,2,3,1,16,0,0,41,813.126641713825,0.4,-0.5836666666666667
34.75,256,AV,2,2,2,2,2,0,0,73,5984.209260784091,0.2,-0.5475
27.7,145,AV,2,2,3,1,16,0,0,57,5985.732437913218,0.3,-0.577
31.983333333333334,119,AV,2,2,2,2,2,0,0,63,4343.557359248321,0.2,-0.5198333333333334
23.066666666666666,229,AV,2,3,2,1,8,0,0,51,4446.537177105173,0.9,-1.1306666666666667
17.25,138,AV,2,2,3,2,6,0,0,37,10721.15711953896,0.1,-0.27249999999999996
34.333333333333336,288,AV,2,3,2,2,17,0,0,66,5825.994272151124,0.9,-1.2433333333333334
27.216666666666665,177,AV,2,3,1,2,12,0,0,53,542.8991684878858,0.2,-0.4721666666666667
24.9,299,AV,2,3,2,2,15,0,0,53,10426.353459350525,0.9,-1.149
14.15,124,AV,2,2,1,1,16,0,0,25,1386.7650627050614,0.3,-0.4415
26.633333333333333,131,AV,2,2,1,2,5,0,0,52,1404.912317929139,0.1,-0.3663333333333333
17.333333333333332,54,AV,2,2,1,2,2,0,0,36,1310.9401185904849,0.3,-0.4733333333333333
29.416666666666668,82,AV,2,3,3,2,15,0,0,59,465.3670128771111,0.5,-0.7941666666666667
12.333333333333334,22,AV,2,2,1,2,2,0,0,24,1046.6558973464134,0.4,-0.5233333333333333
16.133333333333333,16,AV,2,2,3,1,16,0,0,39,7130.271245067938,0.4,-0.5613333333333334
30.35,26,AV,2,3,2,2,14,0,0,63,1592.6375082496468,0.6,-0.9035
26.866666666666667,167,AV,2,2,3,1,15,0,0,55,2222.040577514192,0.3,-0.5686666666666667
34.083333333333336,295,AV,2,3,2,1,7,0,0,74,3487.44186130441,1.0,-1.3408333333333333
36.5,266,AV,2,3,2,2,12,0,0,74,19040.472291926453,0.6,-0.965
17.766666666666666,33,AV,2,3,3,2,16,0,0,40,8326.33528790118,0.8,-0.9776666666666667
26.233333333333334,226,AV,2,1,1,1,1,0,0,51,1659.6531244520008,0.3,-0.5623333333333334
29.933333333333334,189,AV,2,3,3,2,9,0,0,59,2052.607856914241,0.3,-0.5993333333333333
22.6,290,AV,2,2,1,2,5,0,0,45,586.3474640105957,0.1,-0.326
36.78333333333333,182,AV,2,3,2,2,10,0,0,83,2476.7673195544394,0.5,-0.8678333333333332
33.36666666666667,284,AV,2,2,3,1,17,0,0,68,4660.29795945294,0.1,-0.43366666666666664
21.916666666666668,12,AV,2,3,1,2,7,0,0,49,3031.4508351358254,0.3,-0.5191666666666667
14.95,173,AV,2,2,1,1,12,0,0,25,3942.222625638348,0.1,-0.2495
13.683333333333334,121,AV,2,3,3,2,7,0,0,31,3427.0421228311798,0.3,-0.4368333333333333
8.216666666666667,253,AV,2,2,1,1,10,0,0,0,5611.673516276995,0.3,-0.38216666666666665
33.05,149,AV,2,3,3,2,12,0,0,65,2767.495209174315,0.3,-0.6305
20.7,42,AV,2,0,0,0,0,0,0,46,2797.307504072895,0.2,-0.40700000000000003
22.333333333333332,70,AV,2,2,1,1,14,0,0,50,1929.5758599688188,0.1,-0.32333333333333336
26.95,170,AV,2,3,1,2,6,0,0,54,4113.319853961603,0.4,-0.6695
34.35,281,AV,2,3,2,3,5,0,0,70,4459.768546990965,0.3,-0.6435
25.9,153,AV,2,2,1,1,17,0,0,53,676.2529471816457,0.1,-0.359
16.966666666666665,9,AV,2,2,3,1,14,0,0,35,1454.957177165027,0.5,-0.6696666666666666
10.883333333333333,123,AV,2,2,1,1,16,0,0,20,658.4091024775607,0.3,-0.4088333333333333
13.783333333333333,168,AV,2,2,1,1,15,0,0,21,783.6834518391023,0.2,-0.3378333333333333
13.733333333333333,29,AV,2,2,1,1,17,0,0,30,1567.0706205360798,0.1,-0.23733333333333334
33.416666666666664,112,AV,2,3,3,2,15,0,0,65,1592.2311391495805,0.3,-0.6341666666666667
21.95,216,AV,2,2,1,2,2,0,0,47,2108.868816674547,0.6,-0.8195
36.483333333333334,85,AV,2,2,2,1,3,0,0,82,3534.445695738256,0.6,-0.9648333333333333
14.283333333333333,188,AV,2,2,3,1,16,0,0,34,2177.5877894542577,0.5,-0.6428333333333334
11.466666666666667,72,AV,2,2,1,2,2,0,0,23,11861.36896338871,0.3,-0.41466666666666663
21.983333333333334,296,AV,2,0,0,6,9,0,0,48,822.5771428470101,0.3,-0.5198333333333334
24.133333333333333,244,AV,2,3,2,2,3,0,0,52,3368.9508766880413,0.8,-1.0413333333333334
19.5,98,AV,2,3,1,2,3,0,0,34,4959.361066312568,0.5,-0.6950000000000001
22.6,268,AV,2,3,2,2,13,0,0,50,2574.4307659940623,0.8,-1.026
13.816666666666666,96,AV,2,2,3,2,6,0,0,30,1832.3133019091129,0.1,-0.23816666666666667
21.766666666666666,297,AV,2,2,2,2,2,0,0,48,2815.231094880572,0.7,-0.9176666666666666
29.65,235,AV,2,3,2,2,5,0,0,61,5427.330032863625,0.2,-0.4965
23.25,147,AV,2,3,3,2,8,0,0,51,904.859336063587,0.2,-0.4325
25.516666666666666,130,AV,2,3,1,2,6,0,0,54,2398.572127464108,0.5,-0.7551666666666667
34.71666666666667,17,AV,2,3,2,2,6,0,0,73,3919.41152379869,0.3,-0.6471666666666667
18.316666666666666,293,AV,2,2,1,1,17,0,0,35,5913.041300376779,0.3,-0.48316666666666663
12.05,255,AV,2,2,1,1,18,0,0,20,933.6906207466446,0.1,-0.22050000000000003
33.75,136,AV,2,3,2,3,4,0,0,65,854.5785374972068,0.2,-0.5375000000000001
32.46666666666667,269,AV,2,3,2,2,9,0,0,68,1950.0200213032829,0.3,-0.6246666666666667
8.316666666666666,183,AV,0,6,5,8,7,0,0,31,4818.617258984985,0.3,-0.38316666666666666
27.116666666666667,75,AV,2,3,2,2,10,0,0,52,7897.119961473183,0.5,-0.7711666666666667
24.5,233,AV,2,2,3,1,18,0,0,51,2965.4163440895786,0.6,-0.845
35.483333333333334,274,AV,2,3,2,3,6,0,0,81,6563.608435155774,0.2,-0.5548333333333333
14.983333333333333,277,AV,2,2,3,1,12,0,0,32,1074.3823512953045,0.4,-0.5498333333333334
15.783333333333333,200,AV,2,2,1,1,9,0,0,34,8987.033628468456,0.1,-0.25783333333333336
31.366666666666667,248,AV,2,1,1,1,1,0,0,64,610.4868582393152,1.0,-1.3136666666666668
27.116666666666667,127,AV,2,3,3,2,9,0,0,54,1945.516475481125,0.3,-0.5711666666666666
