travel_time,id,kind,action,origin,destination,start_time,income,urgency,reward,observation,cost_table
21.766666666666666,47,AV,0,0,0,51,133.4659453520906,1,-0.402615494149011,"51,60,46,64,1","0,0,0"
22.1,151,AV,2,0,0,50,575.1506531095453,7,-9.26831312875486,"50,57,46,60,7","0,0,0"
9.2,114,AV,2,0,0,0,386.6869563383244,7,-2.594024998769593,"0,0,0,0,7","0,0,0"
26.75,210,AV,1,0,0,62,1088.2969295046496,3,-9.09748214507793,"62,83,66,88,3","0,0,0"
28.9,126,AV,1,0,0,65,431.5545596554155,9,-11.692431350663913,"65,90,70,93,9","0,0,0"
31.816666666666666,160,AV,2,0,0,72,638.6125852208626,1,-2.1165128909490045,"72,96,82,99,1","0,0,0"
21.466666666666665,193,AV,2,0,0,49,879.4569147307811,2,-3.933126757545993,"49,54,42,58,2","0,0,0"
24.283333333333335,249,AV,1,0,0,56,1984.527452647332,2,-10.039779508705427,"56,70,58,76,2","0,0,0"
20.733333333333334,291,AV,2,0,0,48,6889.440575807377,3,-44.637833730751964,"48,53,42,55,3","0,0,0"
30.866666666666667,279,AV,2,0,0,67,4563.469026318328,6,-88.03692329939109,"67,93,73,93,6","0,0,0"
19.45,181,AV,1,0,0,49,811.7618276102137,1,-1.6446632861477766,"49,54,42,58,1","0,0,0"
10.083333333333334,225,AV,2,0,0,28,1328.242730468568,2,-2.7902321247690405,"28,4,7,14,2","0,0,0"
23.866666666666667,293,AV,0,0,0,54,7909.367438840313,4,-78.75426508624534,"54,66,52,71,4","0,0,0"
16.0,174,AV,0,0,0,44,776.9842538847105,1,-1.3949737564745175,"44,30,31,48,1","0,0,0"
24.033333333333335,187,AV,2,0,0,52,839.0520067047356,6,-12.603260350710716,"52,63,49,68,6","0,0,0"
14.15,243,AV,0,0,0,42,1784.5292360016556,3,-7.99096521544482,"42,23,29,44,3","0,0,0"
25.05,141,AV,2,0,0,51,530.5096238130133,2,-2.7685970992741633,"51,60,46,64,2","0,0,0"
29.55,162,AV,1,0,0,68,643.7584247618538,2,-3.9631378024401624,"68,94,74,95,2","0,0,0"
18.95,131,AV,2,0,0,46,463.5609856948989,2,-1.8301001414413194,"46,41,35,53,2","0,0,0"
10.016666666666667,120,AV,2,0,0,25,399.2352950386727,1,-0.4165632158302818,"25,4,3,11,1","0,0,0"
8.233333333333333,62,AV,0,0,0,18,169.7890214745277,3,-0.5368530031688368,"18,2,2,5,3","0,0,0"
14.75,100,AV,0,0,0,42,326.6611525075772,1,-0.6019012499465378,"42,23,29,44,1","0,0,0"
14.533333333333333,172,AV,1,0,0,41,767.3976080113814,1,-1.1617547121283414,"41,18,27,43,1","0,0,0"
23.833333333333332,63,AV,1,0,0,53,169.82949868332335,1,-0.42162531791172286,"53,64,51,71,1","0,0,0"
23.6,298,AV,0,0,0,56,14168.539128501588,5,-174.25496012116537,"56,70,58,76,5","0,0,0"
17.55,97,AV,0,0,0,46,320.7965168913313,4,-2.4458245297678607,"46,41,35,53,4","0,0,0"
11.6,103,AV,1,0,0,35,329.1128778114398,1,-0.39767806068882305,"35,13,15,35,1","0,0,0"
10.15,117,AV,2,0,0,21,389.8623022518242,1,-0.4121981633183349,"21,3,3,9,1","0,0,0"
11.45,271,AV,1,0,0,34,3839.265238466288,3,-13.737370931387186,"34,11,12,32,3","0,0,0"
22.583333333333332,154,AV,2,0,0,51,589.8964011874154,9,-12.489212868889812,"51,60,46,64,9","0,0,0"
15.216666666666667,297,AV,1,0,0,43,12228.630986459028,4,-77.53291729609091,"43,29,30,46,4","0,0,0"
20.966666666666665,158,AV,1,0,0,49,613.3437180047252,9,-12.056037457030378,"49,54,42,58,9","0,0,0"
17.383333333333333,52,AV,0,0,0,45,146.50232543619936,10,-2.7528112053811795,"45,35,32,51,10","0,0,0"
21.2,106,AV,0,0,0,51,344.4638177112048,4,-3.1427637231156424,"51,60,46,64,4","0,0,0"
11.133333333333333,170,AV,1,0,0,30,745.476369685405,1,-0.8645455120657127,"30,5,8,19,1","0,0,0"
16.333333333333332,128,AV,2,0,0,42,448.5456012777513,2,-1.5263010043479035,"42,23,29,44,2","0,0,0"
13.666666666666666,211,AV,1,0,0,38,1093.203701105051,1,-1.5562969356009408,"38,16,19,39,1","0,0,0"
26.516666666666666,95,AV,0,0,0,62,316.7820495087218,2,-1.8500008360013067,"62,83,66,88,2","0,0,0"
16.533333333333335,178,AV,0,0,0,45,787.2200490673971,5,-6.8788393114136985,"45,35,32,51,5","0,0,0"
16.7,7,AV,2,0,0,41,42.445954508197325,1,-0.07383827502988492,"41,18,27,43,1","0,0,0"
22.15,69,AV,2,0,0,50,186.6225394776352,5,-2.1529631507445934,"50,57,46,60,5","0,0,0"
23.283333333333335,163,AV,0,0,0,55,655.51268473851,5,-8.049229345309882,"55,68,54,75,5","0,0,0"
32.833333333333336,24,AV,2,0,0,73,99.21817886091677,5,-1.6966997600347749,"73,97,83,100,5","0,0,0"
31.416666666666668,29,AV,1,0,0,89,107.53285984632323,9,-3.1671787626612393,"89,106,86,104,9","0,0,0"
28.816666666666666,179,AV,2,0,0,61,787.2966827284853,5,-11.816284413520409,"61,81,66,85,5","0,0,0"
29.166666666666668,214,AV,1,0,0,65,1123.745243340676,1,-3.4141565552885127,"65,90,70,93,1","0,0,0"
23.566666666666666,283,AV,2,0,0,52,5418.173617588036,1,-13.300863707065075,"52,63,49,68,1","0,0,0"
13.716666666666667,35,AV,1,0,0,38,119.90264734729368,1,-0.17131923397017831,"38,16,19,39,1","0,0,0"
13.783333333333333,198,AV,0,0,0,41,968.3977162602168,1,-1.4903904710888878,"41,18,27,43,1","0,0,0"
31.133333333333333,264,AV,0,0,0,83,2784.710072629219,1,-9.130969471651703,"83,103,86,103,1","0,0,0"
29.233333333333334,232,AV,1,0,0,63,1462.3702856022126,6,-26.71872375985709,"63,87,67,91,6","0,0,0"
11.1,146,AV,2,0,0,28,553.5870920623378,1,-0.640085075197078,"28,4,7,14,1","0,0,0"
16.05,28,AV,0,0,0,44,107.2916859288986,3,-0.638134862237132,"44,30,31,48,3","0,0,0"
18.9,269,AV,2,0,0,42,3495.7009103258133,1,-6.882161167203945,"42,23,29,44,1","0,0,0"
25.45,3,AV,2,0,0,54,31.53579693808168,4,-0.3344108466975744,"54,66,52,71,4","0,0,0"
12.25,182,AV,0,0,0,36,811.9223311028298,1,-1.1360467245843402,"36,13,17,36,1","0,0,0"
29.533333333333335,83,AV,2,0,0,62,246.2791552282016,1,-0.7576504567089813,"62,83,66,88,1","0,0,0"
10.8,144,AV,2,0,0,29,546.6401053205255,4,-2.4598804739423654,"29,5,7,16,4","0,0,0"
29.816666666666666,148,AV,1,0,0,69,562.3433560323172,6,-10.47950274939391,"69,94,76,97,6","0,0,0"
28.0,135,AV,1,0,0,64,492.873449571689,5,-7.187737806253798,"64,89,69,91,5","0,0,0"
27.666666666666668,102,AV,2,0,0,61,328.6895059211862,1,-0.947264895536752,"61,81,66,85,1","0,0,0"
13.7,55,AV,0,0,0,40,152.23574492873516,10,-2.2725309432538245,"40,17,24,41,10","0,0,0"
26.466666666666665,15,AV,2,0,0,57,62.02784652287068,3,-0.5130219806162428,"57,72,61,77,3","0,0,0"
27.633333333333333,77,AV,0,0,0,62,229.3862477303203,1,-0.7602819422515121,"62,83,66,88,1","0,0,0"
24.25,278,AV,0,0,0,57,4444.7577609881455,2,-22.555286604992194,"57,72,61,77,2","0,0,0"
12.35,156,AV,2,0,0,32,591.9373343809685,1,-0.7615027166255168,"32,7,10,24,1","0,0,0"
21.933333333333334,36,AV,1,0,0,51,120.02031408549192,1,-0.2742130787092142,"51,60,46,64,1","0,0,0"
27.533333333333335,268,AV,0,0,0,61,3393.532030022936,1,-9.832838391663003,"61,81,66,85,1","0,0,0"
18.183333333333334,19,AV,0,0,0,46,77.3205034620968,1,-0.24645255082838127,"46,41,35,53,1","0,0,0"
16.1,130,AV,2,0,0,40,461.2287786839295,2,-1.5470381951690138,"40,17,24,41,2","0,0,0"
16.5,167,AV,1,0,0,45,739.770865126007,8,-10.171849395482598,"45,35,32,51,8","0,0,0"
12.966666666666667,22,AV,0,0,0,39,88.88131449909257,1,-0.22005149770884377,"39,16,22,40,1","0,0,0"
17.883333333333333,201,AV,1,0,0,45,974.2582375089823,1,-1.8148942514707258,"45,35,32,51,1","0,0,0"
20.316666666666666,219,AV,0,0,0,50,1234.7290522409355,1,-2.713081101877952,"50,57,46,60,1","0,0,0"
7.5,236,AV,1,0,0,26,1626.375456099421,10,-12.706058250776726,"26,4,3,12,10","0,0,0"
29.55,16,AV,2,0,0,62,63.21977046916082,1,-0.19459835597538566,"62,83,66,88,1","0,0,0"
18.7,50,AV,0,0,0,46,143.90331408704745,1,-0.38031166389872784,"46,41,35,53,1","0,0,0"
9.966666666666667,51,AV,1,0,0,31,144.4229375488867,4,-0.5997563656544046,"31,7,9,22,4","0,0,0"
14.083333333333334,280,AV,2,0,0,38,4571.829841275072,1,-6.706937874787215,"38,16,19,39,1","0,0,0"
13.983333333333333,202,AV,1,0,0,40,982.5207652205596,9,-12.880233156563273,"40,17,24,41,9","0,0,0"
23.8,101,AV,0,0,0,56,327.9812238700901,2,-1.72624023502253,"56,70,58,76,2","0,0,0"
9.516666666666667,30,AV,2,0,0,15,108.0200955086696,1,-0.10708242106849017,"15,2,0,2,1","0,0,0"
11.483333333333333,85,AV,2,0,0,30,274.97032832890176,1,-0.3289141601017592,"30,5,8,19,1","0,0,0"
9.6,42,AV,2,0,0,18,128.5262902949931,3,-0.3855788708849792,"18,2,2,5,3","0,0,0"
8.583333333333334,205,AV,0,0,0,23,1007.7329331621582,1,-1.0010112162821383,"23,3,3,11,1","0,0,0"
9.35,272,AV,1,0,0,29,3870.517680646302,1,-3.7697229493794713,"29,5,7,16,1","0,0,0"
22.5,149,AV,0,0,0,52,566.5243744371911,2,-2.755583005174333,"52,63,49,68,2","0,0,0"
27.9,224,AV,1,0,0,63,1310.5294239370548,9,-34.278535244853586,"63,87,67,91,9","0,0,0"
13.316666666666666,221,AV,2,0,0,33,1264.489952586864,2,-3.5080815004059183,"33,8,12,26,2","0,0,0"
29.4,287,AV,1,0,0,66,5817.004719747628,1,-17.81457695422711,"66,92,72,93,1","0,0,0"
16.9,230,AV,0,0,0,45,1394.1294719570767,1,-2.5542487579244364,"45,35,32,51,1","0,0,0"
27.45,79,AV,2,0,0,58,234.81639136300288,3,-2.014284357160759,"58,76,63,80,3","0,0,0"
21.583333333333332,285,AV,1,0,0,51,5591.319420847654,2,-25.141523090269835,"51,60,46,64,2","0,0,0"
23.483333333333334,195,AV,2,0,0,51,920.8647338694982,5,-11.26300703144204,"51,60,46,64,5","0,0,0"
10.633333333333333,137,AV,0,0,0,34,502.2305276133777,1,-0.6562900635717621,"34,11,12,32,1","0,0,0"
12.15,169,AV,2,0,0,33,742.687316527077,1,-0.9399636349795819,"33,8,12,26,1","0,0,0"
31.766666666666666,166,AV,1,0,0,73,734.9413774948675,7,-17.02359003218146,"73,97,83,100,7","0,0,0"
7.283333333333333,108,AV,1,0,0,16,348.01184625473115,8,-2.112238566851632,"16,2,1,4,8","0,0,0"
17.833333333333332,228,AV,2,0,0,44,1368.7940705071314,3,-7.6281752887637015,"44,30,31,48,3","0,0,0"
13.266666666666667,161,AV,1,0,0,37,642.8051709354133,3,-2.6649631045030677,"37,15,18,38,3","0,0,0"
27.916666666666668,111,AV,2,0,0,60,363.9754018210222,1,-1.0584354132816183,"60,80,65,83,1","0,0,0"
18.9,223,AV,1,0,0,47,1308.8239993104885,4,-10.306988994570096,"47,50,37,55,4","0,0,0"
19.35,244,AV,1,0,0,45,1869.627827656473,1,-3.768468590120079,"45,35,32,51,1","0,0,0"
18.366666666666667,20,AV,1,0,0,47,81.98663065503159,5,-0.784281831439625,"47,50,37,55,5","0,0,0"
20.25,242,AV,2,0,0,49,1770.5778625761595,1,-3.7348126788715867,"49,54,42,58,1","0,0,0"
9.766666666666667,290,AV,2,0,0,18,6720.448741009474,1,-6.837123198318668,"18,2,2,5,1","0,0,0"
31.6,38,AV,0,0,0,78,122.3951650093391,3,-1.3086522544672237,"78,98,85,102,3","0,0,0"
31.433333333333334,76,AV,1,0,0,79,218.4509775743674,4,-2.861100997953173,"79,99,85,103,4","0,0,0"
21.333333333333332,252,AV,2,0,0,50,2108.112350525404,1,-4.684694112278676,"50,57,46,60,1","0,0,0"
24.0,80,AV,1,0,0,55,239.0179087759181,3,-1.7926343158193858,"55,68,54,75,3","0,0,0"
24.683333333333334,98,AV,0,0,0,57,322.451279720292,3,-2.587241381592461,"57,72,61,77,3","0,0,0"
19.2,265,AV,1,0,0,47,2991.533314975396,5,-29.915333149753963,"47,50,37,55,5","0,0,0"
32.35,31,AV,2,0,0,78,109.14368072439174,1,-0.3677914657743826,"78,98,85,102,1","0,0,0"
26.75,61,AV,0,0,0,61,162.5748283320654,1,-0.5530079851961198,"61,81,66,85,1","0,0,0"
25.316666666666666,92,AV,0,0,0,58,307.33066099339686,1,-0.9104779063350171,"58,76,63,80,1","0,0,0"
30.75,68,AV,2,0,0,69,184.70224385738888,1,-0.5916243748556987,"69,94,76,97,1","0,0,0"
10.816666666666666,234,AV,2,0,0,19,1479.2287287157783,1,-1.6667004252370488,"19,3,2,7,1","0,0,0"
8.5,27,AV,1,0,0,26,105.23872167264082,6,-0.5590807088859044,"26,4,3,12,6","0,0,0"
8.85,65,AV,2,0,0,20,178.27480847600162,3,-0.49304126719144203,"20,3,2,8,3","0,0,0"
17.766666666666666,0,AV,0,0,0,46,21.71863738525853,8,-0.421556492398411,"46,41,35,53,8","0,0,0"
14.0,180,AV,0,0,0,41,803.0093289227823,6,-7.126331628074344,"41,18,27,43,6","0,0,0"
25.866666666666667,197,AV,0,0,0,57,934.9678973273412,4,-10.176876226750233,"57,72,61,77,4","0,0,0"
19.1,296,AV,0,0,0,47,10811.962905776472,1,-21.61130119795111,"47,50,37,55,1","0,0,0"
14.166666666666666,257,AV,2,0,0,34,2356.6239767387897,2,-6.955313820236011,"34,11,12,32,2","0,0,0"
26.316666666666666,207,AV,1,0,0,59,1051.5706190831222,5,-14.413454926495223,"59,80,63,81,5","0,0,0"
12.983333333333333,123,AV,2,0,0,33,409.2186221552265,10,-5.5343976850507195,"33,8,12,26,10","0,0,0"
8.65,11,AV,0,0,0,30,50.872414683210096,1,-0.14583816531351743,"30,5,8,19,1","0,0,0"
33.53333333333333,99,AV,2,0,0,100,322.6904118347526,2,-2.2543510715677852,"100,106,87,104,2","0,0,0"
17.916666666666668,125,AV,1,0,0,46,425.3170040894976,1,-0.7937773947850867,"46,41,35,53,1","0,0,0"
12.633333333333333,124,AV,0,0,0,37,414.8251582270943,1,-0.6458983853057942,"37,15,18,38,1","0,0,0"
16.366666666666667,209,AV,0,0,0,45,1066.6484358774574,1,-1.9184874375549708,"45,35,32,51,1","0,0,0"
32.3,33,AV,0,0,0,80,116.62531716200566,1,-0.4923955983679982,"80,99,86,103,1","0,0,0"
28.066666666666666,105,AV,0,0,0,64,343.40004820457364,5,-5.119840982434913,"64,89,69,91,5","0,0,0"
19.5,119,AV,0,0,0,49,399.1768206980226,3,-2.532483751128576,"49,54,42,58,3","0,0,0"
21.133333333333333,288,AV,0,0,0,50,6424.431240070765,1,-14.242671549322447,"50,57,46,60,1","0,0,0"
31.116666666666667,270,AV,1,0,0,72,3513.7273179884605,1,-11.389112678271626,"72,96,82,99,1","0,0,0"
17.416666666666668,87,AV,2,0,0,43,286.0845869045144,1,-0.519024988394475,"43,29,30,46,1","0,0,0"
16.016666666666666,203,AV,2,0,0,39,984.5536619423616,1,-1.6426320644559191,"39,16,22,40,1","0,0,0"
12.383333333333333,53,AV,2,0,0,33,147.02502399415226,5,-0.9482603544067285,"33,8,12,26,5","0,0,0"
31.283333333333335,258,AV,0,0,0,82,2370.492766377288,5,-38.723393424393834,"82,102,86,103,5","0,0,0"
12.9,107,AV,2,0,0,33,345.48044692546824,1,-0.46423935055609794,"33,8,12,26,1","0,0,0"
10.383333333333333,70,AV,0,0,0,33,200.6451523577608,2,-0.5340344788850172,"33,8,12,26,2","0,0,0"
24.0,133,AV,2,0,0,51,478.5239287445675,4,-4.785239287445676,"51,60,46,64,4","0,0,0"
11.4,66,AV,0,0,0,33,180.2658763709112,5,-1.1703286409522853,"33,8,12,26,5","0,0,0"
29.416666666666668,34,AV,0,0,0,67,117.59086405300458,3,-1.1809785159039223,"67,93,73,93,3","0,0,0"
18.416666666666668,25,AV,2,0,0,43,99.48363440118514,3,-0.5725490417359875,"43,29,30,46,3","0,0,0"
12.466666666666667,82,AV,2,0,0,34,243.3250085368373,1,-0.3159845596971429,"34,11,12,32,1","0,0,0"
19.316666666666666,159,AV,0,0,0,47,620.7469369732364,3,-3.847113020583234,"47,50,37,55,3","0,0,0"
31.1,284,AV,2,0,0,68,5573.388120572773,1,-18.055455265605545,"68,94,74,95,1","0,0,0"
18.833333333333332,150,AV,2,0,0,45,572.4202749773186,1,-1.1229772755631424,"45,35,32,51,1","0,0,0"
20.016666666666666,231,AV,0,0,0,46,1436.3967163814054,9,-27.054882130844813,"46,41,35,53,9","0,0,0"
27.4,59,AV,0,0,0,62,158.6453765370725,3,-1.4584010365986835,"62,83,66,88,3","0,0,0"
12.25,246,AV,2,0,0,31,1951.0074674158752,2,-4.9791336408009315,"31,7,9,22,2","0,0,0"
28.666666666666668,165,AV,0,0,0,66,679.8899681104378,5,-10.251134940537789,"66,92,72,93,5","0,0,0"
29.483333333333334,217,AV,2,0,0,62,1201.0672562607265,4,-14.75477761336962,"62,83,66,88,4","0,0,0"
8.6,143,AV,1,0,0,27,544.0547443550604,5,-2.4369118757570414,"27,4,5,14,5","0,0,0"
23.55,263,AV,2,0,0,50,2627.59696502592,1,-6.445823804829209,"50,57,46,60,1","0,0,0"
16.716666666666665,289,AV,0,0,0,44,6548.308069009755,1,-11.502696168779138,"44,30,31,48,1","0,0,0"
29.483333333333334,261,AV,0,0,0,70,2508.862052408416,4,-30.92067340771172,"70,95,78,99,4","0,0,0"
21.25,239,AV,2,0,0,48,1718.1908826036183,4,-15.21314843971954,"48,53,42,55,4","0,0,0"
26.083333333333332,41,AV,1,0,0,57,127.88883641009588,3,-1.0424272342802086,"57,72,61,77,3","0,0,0"
25.6,14,AV,2,0,0,55,61.15000286461345,1,-0.16306667430563587,"55,68,54,75,1","0,0,0"
22.466666666666665,240,AV,1,0,0,52,1722.8772063303056,3,-12.096033719444021,"52,63,49,68,3","0,0,0"
16.316666666666666,185,AV,1,0,0,42,833.028471638836,2,-2.8317183115778484,"42,23,29,44,2","0,0,0"
11.55,139,AV,2,0,0,29,512.3637038941168,4,-2.465750324990437,"29,5,7,16,4","0,0,0"
8.8,9,AV,1,0,0,20,50.01254647187068,2,-0.09168966853176291,"20,3,2,8,2","0,0,0"
32.266666666666666,49,AV,0,0,0,87,141.49505089766882,4,-2.0023223509575474,"87,104,86,104,4","0,0,0"
29.916666666666668,132,AV,1,0,0,68,466.6387223384215,3,-4.362585971861805,"68,94,74,95,3","0,0,0"
10.716666666666667,8,AV,2,0,0,30,45.71626857969611,4,-0.2041358381718375,"30,5,8,19,4","0,0,0"
19.883333333333333,164,AV,0,0,0,47,663.4811418636766,4,-5.596756960023376,"47,50,37,55,4","0,0,0"
15.3,21,AV,0,0,0,42,84.2883779482098,2,-0.3686692047099187,"42,23,29,44,2","0,0,0"
7.6,104,AV,0,0,0,12,341.5752338740841,10,-2.8041372681698324,"12,1,0,2,10","0,0,0"
7.233333333333333,277,AV,1,0,0,15,4342.703629303418,5,-16.36053277011878,"15,2,0,2,5","0,0,0"
18.933333333333334,168,AV,0,0,0,46,740.6719232962039,1,-1.5607696265008464,"46,41,35,53,1","0,0,0"
12.166666666666666,204,AV,1,0,0,35,985.1950096193456,1,-1.2485978420522956,"35,13,15,35,1","0,0,0"
20.216666666666665,136,AV,0,0,0,49,494.8414322817401,4,-4.268351787206601,"49,54,42,58,4","0,0,0"
26.166666666666668,281,AV,0,0,0,60,4600.328226155114,2,-25.178178177303923,"60,80,65,83,2","0,0,0"
25.316666666666666,84,AV,0,0,0,58,269.8898673920239,1,-0.8117408134869519,"58,76,63,80,1","0,0,0"
24.233333333333334,57,AV,1,0,0,55,156.0854553140887,8,-3.1520590559261805,"55,68,54,75,8","0,0,0"
33.18333333333333,191,AV,2,0,0,73,870.9853842808059,1,-3.010645659901188,"73,97,83,100,1","0,0,0"
14.016666666666667,140,AV,1,0,0,40,521.1431683421774,2,-1.5218104325547614,"40,17,24,41,2","0,0,0"
27.6,213,AV,0,0,0,63,1116.1541548808557,1,-3.3089431952824606,"63,87,67,91,1","0,0,0"
30.783333333333335,260,AV,1,0,0,76,2497.032767507091,1,-8.006978336086107,"76,97,84,102,1","0,0,0"
30.466666666666665,171,AV,0,0,0,81,751.2181641591902,2,-4.868148625288193,"81,101,86,103,2","0,0,0"
19.65,26,AV,0,0,0,48,99.4900475674065,4,-0.9145747644581407,"48,53,42,55,4","0,0,0"
10.233333333333333,157,AV,0,0,0,32,604.6936383004129,1,-0.7445866213827317,"32,7,10,24,1","0,0,0"
18.916666666666668,113,AV,2,0,0,45,382.0774493090788,4,-3.0115132289291977,"45,35,32,51,4","0,0,0"
16.0,138,AV,0,0,0,44,504.0935527256924,5,-4.300779606047437,"44,30,31,48,5","0,0,0"
12.65,110,AV,1,0,0,36,356.59471322411,2,-0.93977565047604,"36,13,17,36,2","0,0,0"
30.85,109,AV,0,0,0,76,354.44326488984905,2,-2.3780364003858008,"76,97,84,102,2","0,0,0"
24.4,238,AV,2,0,0,54,1704.9720883013536,1,-4.3334707244326065,"54,66,52,71,1","0,0,0"
21.283333333333335,39,AV,0,0,0,50,125.63623276935256,4,-1.2141490919893283,"50,57,46,60,4","0,0,0"
26.6,56,AV,1,0,0,60,154.2701607479601,1,-0.42745690373913947,"60,80,65,83,1","0,0,0"
19.05,118,AV,0,0,0,46,397.9556521399297,5,-4.048466236075865,"46,41,35,53,5","0,0,0"
12.066666666666666,155,AV,1,0,0,32,590.9041825532863,10,-7.42733729459339,"32,7,10,24,10","0,0,0"
27.416666666666668,254,AV,2,0,0,59,2272.1000265325147,1,-6.4888967771631725,"59,80,63,81,1","0,0,0"
30.75,194,AV,1,0,0,71,903.7762074279464,1,-2.8949081644176404,"71,96,80,99,1","0,0,0"
13.65,93,AV,2,0,0,36,310.4321718130521,1,-0.44139574429668343,"36,13,17,36,1","0,0,0"
10.166666666666666,251,AV,2,0,0,16,2081.2855425767225,1,-2.2041392030760427,"16,2,1,4,1","0,0,0"
11.533333333333333,173,AV,0,0,0,34,768.8548914264984,4,-3.794774894910673,"34,11,12,32,4","0,0,0"
28.416666666666668,294,AV,2,0,0,60,8213.476830708638,2,-48.624923598466076,"60,80,65,83,2","0,0,0"
32.63333333333333,220,AV,1,0,0,100,1242.0870586589915,7,-29.555634072882185,"100,106,87,104,7","0,0,0"
23.6,6,AV,1,0,0,54,41.97637947099244,1,-0.10319193286618975,"54,66,52,71,1","0,0,0"
26.066666666666666,190,AV,2,0,0,56,841.5283253803161,6,-13.709898967654318,"56,70,58,76,6","0,0,0"
12.183333333333334,37,AV,0,0,0,36,121.1666687229946,4,-0.7150891308090906,"36,13,17,36,4","0,0,0"
21.85,122,AV,2,0,0,48,402.8749697044063,3,-2.7508806525128993,"48,53,42,55,3","0,0,0"
25.233333333333334,90,AV,1,0,0,56,298.9580017115728,1,-0.7858028031099328,"56,70,58,76,1","0,0,0"
30.133333333333333,134,AV,1,0,0,67,486.7193299844117,1,-1.5277578968955143,"67,93,73,93,1","0,0,0"
24.633333333333333,45,AV,1,0,0,52,130.8620224974598,8,-2.686306517378411,"52,63,49,68,8","0,0,0"
25.1,188,AV,1,0,0,56,840.3276238214532,9,-19.77395939804857,"56,70,58,76,9","0,0,0"
30.933333333333334,229,AV,2,0,0,64,1378.109706782255,10,-44.40575721853932,"64,89,69,91,10","0,0,0"
24.166666666666668,1,AV,1,0,0,55,25.103227889057084,3,-0.18958166895381653,"55,68,54,75,3","0,0,0"
19.05,286,AV,0,0,0,46,5784.369429856904,3,-34.535074262116886,"46,41,35,53,3","0,0,0"
13.783333333333333,247,AV,2,0,0,35,1962.140690822222,2,-5.634341497604089,"35,13,15,35,2","0,0,0"
32.03333333333333,216,AV,1,0,0,70,1177.4513766715168,5,-19.64463147537027,"70,95,78,99,5","0,0,0"
14.05,196,AV,0,0,0,41,930.7756720309033,1,-1.4622289783368951,"41,18,27,43,1","0,0,0"
28.15,17,AV,0,0,0,65,67.80233451553863,4,-0.8952648819218385,"65,90,70,93,4","0,0,0"
14.6,78,AV,2,0,0,37,230.41444288986912,1,-0.3504219652283426,"37,15,18,38,1","0,0,0"
28.85,250,AV,2,0,0,61,2014.3195486686295,2,-12.10689978731041,"61,81,66,85,2","0,0,0"
16.016666666666666,184,AV,2,0,0,40,831.0610558222916,1,-1.386544574036844,"40,17,24,41,1","0,0,0"
16.816666666666666,299,AV,0,0,0,44,15616.341960789872,3,-82.16713040852595,"44,30,31,48,3","0,0,0"
29.833333333333332,245,AV,2,0,0,68,1884.8122502233111,3,-17.57194754114441,"68,94,74,95,3","0,0,0"
24.016666666666666,222,AV,1,0,0,54,1301.0825687704812,9,-29.29468721247287,"54,66,52,71,9","0,0,0"
30.416666666666668,18,AV,1,0,0,70,76.40640328900129,4,-0.9683450416835232,"70,95,78,99,4","0,0,0"
27.333333333333332,89,AV,0,0,0,63,294.53721614559083,5,-4.29306453540598,"63,87,67,91,5","0,0,0"
9.116666666666667,129,AV,0,0,0,30,448.9262267831581,9,-3.936916344537305,"30,5,8,19,9","0,0,0"
11.166666666666666,276,AV,2,0,0,26,4247.155666038457,1,-4.9402678754266764,"26,4,3,12,1","0,0,0"
12.65,64,AV,1,0,0,34,171.15878971364504,2,-0.45107472705783536,"34,11,12,32,2","0,0,0"
15.283333333333333,152,AV,1,0,0,41,575.6795480601505,6,-5.498939016366229,"41,18,27,43,6","0,0,0"
8.416666666666666,241,AV,2,0,0,6,1755.0673304888326,3,-4.616192718212815,"6,0,0,1,3","0,0,0"
25.5,266,AV,2,0,0,54,3330.4760607564044,4,-35.386308145536795,"54,66,52,71,4","0,0,0"
30.25,60,AV,2,0,0,64,158.9425618344063,5,-2.5041731747347864,"64,89,69,91,5","0,0,0"
26.883333333333333,10,AV,0,0,0,58,50.6389294692178,6,-0.9508395128525865,"58,76,63,80,6","0,0,0"
24.616666666666667,127,AV,0,0,0,57,441.87767076878,3,-3.499236040236917,"57,72,61,77,3","0,0,0"
25.133333333333333,81,AV,0,0,0,55,240.04515875028883,1,-0.7284515614504089,"55,68,54,75,1","0,0,0"
9.766666666666667,192,AV,2,0,0,26,871.3191239918823,1,-0.8864461921167415,"26,4,3,12,1","0,0,0"
15.666666666666666,4,AV,0,0,0,42,33.11520495706996,10,-0.6404217475632945,"42,23,29,44,10","0,0,0"
18.75,183,AV,0,0,0,45,820.6009539766088,3,-4.908208714706692,"45,35,32,51,3","0,0,0"
25.983333333333334,116,AV,0,0,0,58,388.2431385130586,3,-3.252453400738846,"58,76,63,80,3","0,0,0"
24.9,32,AV,2,0,0,54,111.4275735234741,1,-0.2890152688265109,"54,66,52,71,1","0,0,0"
34.65,72,AV,2,0,0,85,202.2958965901006,3,-2.190485255264683,"85,104,86,103,3","0,0,0"
10.383333333333333,273,AV,1,0,0,32,3945.348275410578,9,-38.405499618449845,"32,7,10,24,9","0,0,0"
6.15,44,AV,0,0,0,8,130.78465666521578,9,-0.8540552860853846,"8,0,0,2,9","0,0,0"
17.85,176,AV,0,0,0,45,785.2592791792863,5,-7.400457361119928,"45,35,32,51,5","0,0,0"
8.95,46,AV,2,0,0,15,131.58589862126638,3,-0.3680293102063543,"15,2,0,2,3","0,0,0"
15.933333333333334,235,AV,1,0,0,39,1499.775561030469,2,-4.978421653976139,"39,16,22,40,2","0,0,0"
15.8,295,AV,0,0,0,42,8339.102086219797,3,-41.27431655071025,"42,23,29,44,3","0,0,0"
30.233333333333334,58,AV,0,0,0,72,156.28310263609694,5,-2.5609162168565964,"72,96,82,99,5","0,0,0"
20.416666666666668,200,AV,1,0,0,47,971.3026994406453,1,-2.0657045257201223,"47,50,37,55,1","0,0,0"
21.966666666666665,262,AV,1,0,0,49,2533.176014567522,10,-57.96399283333323,"49,54,42,58,10","0,0,0"
14.45,96,AV,2,0,0,34,320.06022134041564,3,-1.4452719369903142,"34,11,12,32,3","0,0,0"
12.766666666666667,212,AV,2,0,0,33,1104.8145737821612,3,-4.407749809985081,"33,8,12,26,3","0,0,0"
19.6,275,AV,1,0,0,47,4238.798478728168,4,-34.616854242946715,"47,50,37,55,4","0,0,0"
32.1,94,AV,2,0,0,69,313.48458442864603,4,-4.192856316733141,"69,94,76,97,4","0,0,0"
21.2,186,AV,0,0,0,51,838.3186745101701,1,-1.9512870728766258,"51,60,46,64,1","0,0,0"
13.716666666666667,215,AV,1,0,0,39,1169.4570636721417,4,-6.683771968070643,"39,16,22,40,4","0,0,0"
30.8,218,AV,1,0,0,71,1232.1562192983529,1,-3.953167870248882,"71,96,80,99,1","0,0,0"
29.4,88,AV,0,0,0,69,290.67393591175164,5,-4.550944643648696,"69,94,76,97,5","0,0,0"
11.633333333333333,226,AV,2,0,0,30,1339.7830062072046,8,-12.988451921286511,"30,5,8,19,8","0,0,0"
23.65,256,AV,0,0,0,54,2342.96246273936,1,-5.87198565039436,"54,66,52,71,1","0,0,0"
14.366666666666667,67,AV,1,0,0,40,184.16464873139336,4,-1.1024300500448687,"40,17,24,41,4","0,0,0"
15.733333333333333,189,AV,0,0,0,43,840.8410612726723,8,-11.124360581130592,"43,29,30,46,8","0,0,0"
10.55,75,AV,0,0,0,33,216.68994521979357,1,-0.3381332210488357,"33,8,12,26,1","0,0,0"
18.833333333333332,259,AV,2,0,0,44,2429.416152827149,2,-9.53208421074541,"44,30,31,48,2","0,0,0"
9.166666666666666,54,AV,0,0,0,28,150.17494538557966,1,-0.243396215211925,"28,4,7,14,1","0,0,0"
13.333333333333334,23,AV,1,0,0,34,93.91214091978802,2,-0.2608670581105223,"34,11,12,32,2","0,0,0"
14.15,147,AV,2,0,0,36,559.3387450451584,4,-3.2977680176620794,"36,13,17,36,4","0,0,0"
14.783333333333333,248,AV,0,0,0,41,1984.2288670579555,6,-18.43344796958757,"41,18,27,43,6","0,0,0"
27.533333333333335,206,AV,0,0,0,62,1034.2754485085857,2,-6.032718892139526,"62,83,66,88,2","0,0,0"
23.733333333333334,282,AV,1,0,0,51,5031.906310169041,3,-37.31997180042039,"51,60,46,64,3","0,0,0"
17.316666666666666,253,AV,1,0,0,44,2225.755620366848,5,-20.074306332996134,"44,30,31,48,5","0,0,0"
18.283333333333335,145,AV,0,0,0,46,550.6946902367042,2,-2.1976113721863353,"46,41,35,53,2","0,0,0"
21.183333333333334,73,AV,1,0,0,49,204.1141987594573,1,-0.4503978239987331,"49,54,42,58,1","0,0,0"
31.4,292,AV,0,0,0,80,7023.139561346669,10,-229.81518981904728,"80,99,86,103,10","0,0,0"
25.516666666666666,2,AV,1,0,0,59,30.054552993917728,1,-0.07988458443348617,"59,80,63,81,1","0,0,0"
18.566666666666666,91,AV,1,0,0,46,304.45215475794447,4,-2.3552756972246542,"46,41,35,53,4","0,0,0"
9.066666666666666,274,AV,2,0,0,22,4152.796729507043,3,-11.766257400269955,"22,3,3,10,3","0,0,0"
27.45,112,AV,2,0,0,59,365.91587512908507,1,-1.0462907054472275,"59,80,63,81,1","0,0,0"
24.316666666666666,233,AV,2,0,0,52,1476.4370889593283,10,-37.39794640263299,"52,63,49,68,10","0,0,0"
31.516666666666666,237,AV,0,0,0,100,1644.3864154481514,2,-10.896995526432132,"100,106,87,104,2","0,0,0"
25.4,199,AV,1,0,0,55,969.3554624124304,2,-5.12950598859911,"55,68,54,75,2","0,0,0"
27.3,43,AV,2,0,0,57,128.9705579675829,1,-0.3667600242203139,"57,72,61,77,1","0,0,0"
20.816666666666666,208,AV,2,0,0,46,1058.1013598754355,3,-6.883169783773015,"46,41,35,53,3","0,0,0"
27.016666666666666,255,AV,2,0,0,57,2285.8845778904138,4,-25.732075699724728,"57,72,61,77,4","0,0,0"
30.0,153,AV,1,0,0,69,587.645010447796,1,-1.8363906576493627,"69,94,76,97,1","0,0,0"
15.183333333333334,71,AV,1,0,0,38,202.1671703328395,1,-0.31974703502294577,"38,16,19,39,1","0,0,0"
31.083333333333332,121,AV,2,0,0,67,399.9419958738322,1,-1.294951080390099,"67,93,73,93,1","0,0,0"
13.0,267,AV,2,0,0,31,3342.4645675180427,4,-18.1050164073894,"31,7,9,22,4","0,0,0"
22.7,142,AV,0,0,0,53,531.1705685276233,2,-2.6119941469952184,"53,64,51,71,2","0,0,0"
15.1,86,AV,0,0,0,42,276.83741534969,7,-3.1480952919231493,"42,23,29,44,7","0,0,0"
28.483333333333334,175,AV,0,0,0,65,783.8794127097556,1,-2.42578110472391,"65,90,70,93,1","0,0,0"
12.466666666666667,74,AV,2,0,0,32,204.67968930853365,10,-2.6579931875483194,"32,7,10,24,10","0,0,0"
19.933333333333334,40,AV,0,0,0,49,126.7061241991229,3,-0.889273565323703,"49,54,42,58,3","0,0,0"
22.266666666666666,177,AV,0,0,0,53,787.1715220388722,1,-1.92580061361794,"53,64,51,71,1","0,0,0"
18.266666666666666,12,AV,2,0,0,44,57.28193915625323,1,-0.10899480089453739,"44,30,31,48,1","0,0,0"
10.5,227,AV,2,0,0,29,1361.9532728152676,2,-2.979272784283398,"29,5,7,16,2","0,0,0"
15.183333333333334,115,AV,0,0,0,41,387.6402231137188,2,-1.32618140019652,"41,18,27,43,2","0,0,0"
9.416666666666666,5,AV,1,0,0,27,38.6447498905098,1,-0.03790674251412854,"27,4,5,14,1","0,0,0"
25.933333333333334,48,AV,1,0,0,57,139.4956714174783,1,-0.3768320568152712,"57,72,61,77,1","0,0,0"
31.416666666666668,13,AV,0,0,0,88,58.07880344506588,4,-0.8602676700968693,"88,105,86,104,4","0,0,0"
