travel_time,id,kind,action,bid_route_0,bid_route_1,bid_route_2,karma_balance,origin,destination,start_time,income,urgency,reward
20.0,122,AV,1,2,7,2,15,0,0,45,3942.222625638348,0.2,-4.0
38.45,247,AV,1,5,6,6,3,0,0,78,2612.3907844155665,0.4,-15.380000000000003
12.516666666666667,58,AV,1,2,8,1,1,0,0,20,19040.472291926453,0.1,-1.251666666666667
37.9,260,AV,2,1,5,0,5,0,0,56,679.8949342204361,0.5,-18.95
38.03333333333333,160,AV,0,6,4,6,28,0,0,56,10213.823531357188,0.4,-15.213333333333333
29.383333333333333,264,AV,1,0,9,1,4,0,0,58,4639.089550420253,0.8,-23.506666666666668
33.38333333333333,186,AV,2,4,4,1,5,0,0,46,10838.007207066395,0.6,-20.029999999999998
30.05,142,AV,2,1,4,4,7,0,0,41,4934.883137056144,0.4,-12.020000000000001
16.816666666666666,141,AV,1,0,7,6,5,0,0,37,3119.7161673652217,0.2,-3.3633333333333333
30.7,298,AV,2,2,3,7,1,0,0,46,2761.3662775036096,0.1,-3.0700000000000003
29.383333333333333,98,AV,0,6,4,6,5,0,0,49,2675.3892374750885,0.1,-2.9383333333333335
21.65,147,AV,1,2,7,8,11,0,0,44,2030.86588445069,0.6,-12.989999999999998
45.35,125,AV,2,4,4,0,8,0,0,68,863.3540159882258,0.1,-4.535
22.05,99,AV,1,3,7,0,7,0,0,46,777.0630287344238,0.2,-4.41
41.65,132,AV,2,3,2,4,5,0,0,63,5721.231751015957,0.1,-4.165
36.4,271,AV,2,1,5,0,13,0,0,42,3169.820795106812,0.1,-3.64
27.516666666666666,103,AV,0,7,8,0,11,0,0,48,1386.7650627050614,0.1,-2.751666666666667
27.516666666666666,20,AV,2,3,3,0,6,0,0,35,3480.90175047103,1.0,-27.516666666666666
27.566666666666666,32,AV,2,1,2,4,16,0,0,37,2458.2611968747465,0.6,-16.54
21.866666666666667,4,AV,1,3,6,6,9,0,0,45,7612.519032757181,0.1,-2.186666666666667
43.93333333333333,151,AV,2,1,0,4,4,0,0,68,2015.5588757501516,0.1,-4.3933333333333335
27.3,144,AV,2,4,5,2,8,0,0,40,4015.909421979459,0.5,-13.65
22.066666666666666,234,AV,1,5,7,3,1,0,0,45,7177.938863287724,0.2,-4.413333333333333
20.566666666666666,14,AV,0,8,8,7,2,0,0,43,2398.572127464108,0.5,-10.283333333333333
39.71666666666667,22,AV,0,7,7,8,11,0,0,56,1373.5659577718477,0.1,-3.971666666666667
43.1,57,AV,2,5,1,4,9,0,0,60,3398.605365942332,0.2,-8.620000000000001
26.3,124,AV,1,2,6,8,3,0,0,53,2044.1603053436156,0.3,-7.89
29.4,162,AV,1,3,7,0,0,0,0,59,4227.85786318916,0.7,-20.58
45.46666666666667,42,AV,2,1,0,4,24,0,0,68,3773.073658575576,0.2,-9.093333333333334
34.833333333333336,50,AV,1,0,7,3,7,0,0,73,4572.8741748457805,0.2,-6.966666666666668
20.85,91,AV,2,2,1,4,4,0,0,20,2744.255474143275,0.7,-14.595
34.63333333333333,137,AV,1,5,9,8,0,0,0,63,4196.147454418583,0.3,-10.389999999999999
44.45,217,AV,2,4,4,7,3,0,0,66,1446.9812594843625,0.1,-4.445
32.55,279,AV,2,4,2,0,6,0,0,46,477.1303205766694,0.2,-6.51
25.45,277,AV,1,4,9,9,0,0,0,50,3608.770587345788,0.2,-5.09
30.883333333333333,207,AV,0,6,5,0,1,0,0,52,4609.601315671212,0.1,-3.0883333333333334
38.833333333333336,120,AV,2,0,4,3,9,0,0,59,2965.4163440895786,0.3,-11.65
46.68333333333333,200,AV,0,6,0,3,3,0,0,59,9280.176126726552,0.1,-4.668333333333333
35.21666666666667,203,AV,1,5,9,8,10,0,0,66,4376.119511966378,0.2,-7.043333333333334
36.06666666666667,291,AV,2,4,1,4,5,0,0,54,5911.733280178027,0.3,-10.82
42.266666666666666,77,AV,2,4,1,4,15,0,0,64,857.6590975250949,0.4,-16.906666666666666
25.733333333333334,44,AV,2,3,4,2,5,0,0,38,742.4887258523852,0.1,-2.5733333333333337
30.35,71,AV,1,5,6,5,3,0,0,60,2780.081336731352,0.1,-3.035
43.016666666666666,267,AV,2,0,4,3,5,0,0,70,2744.8905386527767,0.7,-30.111666666666665
33.63333333333333,129,AV,2,0,0,3,5,0,0,55,1046.6558973464134,0.1,-3.3633333333333333
46.733333333333334,135,AV,0,8,0,1,2,0,0,59,2456.6540037696086,0.1,-4.673333333333334
19.466666666666665,128,AV,1,5,7,3,5,0,0,43,8326.33528790118,0.1,-1.9466666666666665
24.7,228,AV,2,3,1,3,11,0,0,24,2927.9701715656583,0.3,-7.409999999999999
29.416666666666668,78,AV,1,3,9,1,21,0,0,57,802.5586880039084,0.3,-8.825
46.8,116,AV,2,0,4,3,4,0,0,72,2052.607856914241,0.1,-4.68
30.783333333333335,249,AV,1,5,6,5,5,0,0,61,4504.939201911708,0.1,-3.0783333333333336
25.0,45,AV,2,4,1,4,6,0,0,36,3667.3634505223554,0.3,-7.5
53.38333333333333,112,AV,0,7,8,4,2,0,0,85,3427.0421228311798,0.5,-26.691666666666666
24.933333333333334,47,AV,1,3,7,1,3,0,0,52,2239.257430619588,0.8,-19.94666666666667
36.166666666666664,208,AV,0,6,7,3,2,0,0,55,2756.9260540590044,0.5,-18.083333333333332
35.21666666666667,262,AV,1,2,7,6,0,0,0,75,2964.6777926145683,0.4,-14.086666666666668
23.266666666666666,190,AV,2,3,1,5,18,0,0,32,506.5869000089976,0.3,-6.9799999999999995
29.266666666666666,101,AV,1,5,6,6,3,0,0,56,1530.6528609905624,0.2,-5.8533333333333335
53.583333333333336,89,AV,0,9,4,2,5,0,0,75,1564.487892525026,0.3,-16.075
28.65,179,AV,1,3,7,0,10,0,0,56,979.573716991658,1.0,-28.65
22.216666666666665,243,AV,0,8,9,9,11,0,0,46,4459.768546990965,0.3,-6.664999999999999
40.38333333333333,240,AV,2,4,4,0,4,0,0,59,2417.357356239525,0.2,-8.076666666666666
27.25,268,AV,1,2,6,6,5,0,0,55,670.158540600369,0.4,-10.9
21.016666666666666,297,AV,2,0,4,1,7,0,0,23,1249.5878531833848,1.0,-21.016666666666666
36.25,59,AV,0,6,0,2,9,0,0,55,6020.57275324985,0.1,-3.625
31.133333333333333,145,AV,2,1,0,4,10,0,0,48,2645.062412614309,0.2,-6.226666666666667
29.366666666666667,215,AV,1,5,6,7,3,0,0,56,13460.811009378149,1.0,-29.366666666666667
15.6,118,AV,1,4,6,7,4,0,0,36,863.5619359671642,0.7,-10.92
35.63333333333333,193,AV,2,1,5,4,14,0,0,50,3257.969850357721,0.5,-17.816666666666666
27.2,28,AV,2,1,4,2,5,0,0,25,3323.1633986738134,0.1,-2.72
15.416666666666666,159,AV,0,6,7,3,10,0,0,36,497.26542980048754,0.2,-3.0833333333333335
36.38333333333333,293,AV,2,3,2,4,10,0,0,54,1507.5005543882637,0.5,-18.191666666666666
25.75,105,AV,2,2,0,1,4,0,0,28,969.457736312404,0.8,-20.6
12.5,24,AV,1,5,6,6,3,0,0,17,837.3801312568858,0.5,-6.25
19.433333333333334,187,AV,1,3,9,1,11,0,0,40,388.2787303527966,0.2,-3.8866666666666667
33.21666666666667,26,AV,2,4,1,3,5,0,0,42,3024.224513765153,1.0,-33.21666666666667
16.883333333333333,154,AV,0,6,4,6,5,0,0,37,2421.832203454489,0.2,-3.376666666666667
50.88333333333333,197,AV,2,2,3,7,10,0,0,79,1659.6531244520008,0.4,-20.353333333333335
39.63333333333333,199,AV,0,6,8,2,2,0,0,57,2533.2754137277425,0.5,-19.816666666666666
40.96666666666667,172,AV,2,0,0,3,4,0,0,63,597.1498506777683,0.3,-12.290000000000001
24.25,284,AV,2,3,0,7,5,0,0,32,5009.92015912814,0.2,-4.8500000000000005
38.28333333333333,239,AV,2,4,0,5,12,0,0,55,2108.868816674547,0.8,-30.626666666666665
24.883333333333333,166,AV,2,0,4,3,5,0,0,24,1541.4014724042315,0.3,-7.465
32.65,97,AV,0,8,3,2,2,0,0,54,2239.194506681481,0.2,-6.53
28.6,290,AV,2,4,1,4,13,0,0,41,7864.29237148983,0.1,-2.8600000000000003
30.5,275,AV,1,0,8,8,3,0,0,60,2472.005569054355,0.4,-12.200000000000001
45.36666666666667,2,AV,2,3,2,5,8,0,0,70,4662.282088415262,0.1,-4.536666666666667
15.666666666666666,25,AV,1,5,7,5,0,0,0,36,4968.170350229253,0.6,-9.399999999999999
29.583333333333332,108,AV,2,3,2,4,6,0,0,46,6248.181898567973,0.1,-2.9583333333333335
31.3,73,AV,1,4,6,4,4,0,0,60,539.5213747330826,0.2,-6.260000000000001
13.816666666666666,241,AV,0,7,0,3,7,0,0,35,457.16351791608827,0.1,-1.3816666666666668
28.75,222,AV,1,5,6,6,4,0,0,51,1205.4292211271013,0.6,-17.25
33.96666666666667,29,AV,2,2,0,5,10,0,0,50,3971.0791127863904,0.6,-20.38
44.61666666666667,255,AV,2,1,1,2,23,0,0,83,776.0711537761008,0.3,-13.385
30.116666666666667,109,AV,2,4,2,5,10,0,0,26,1454.957177165027,0.2,-6.023333333333333
29.316666666666666,184,AV,2,3,2,4,9,0,0,37,419.7646265090227,0.2,-5.863333333333333
22.866666666666667,272,AV,2,0,0,3,6,0,0,18,1434.4967426379471,0.1,-2.2866666666666666
40.266666666666666,287,AV,2,1,1,4,5,0,0,55,1447.5744631551047,0.1,-4.026666666666666
51.983333333333334,258,AV,0,7,7,8,1,0,0,60,8975.220492497892,0.3,-15.594999999999999
18.216666666666665,119,AV,1,2,7,2,0,0,0,39,4635.813442599864,0.1,-1.8216666666666665
23.966666666666665,100,AV,2,0,2,1,9,0,0,37,1639.6236094811811,0.1,-2.3966666666666665
50.166666666666664,52,AV,0,7,8,2,7,0,0,60,1475.2077210572677,0.1,-5.016666666666667
11.866666666666667,80,AV,0,7,1,3,1,0,0,33,1038.299283744561,0.1,-1.1866666666666668
26.35,140,AV,2,0,2,0,4,0,0,38,5307.329693361759,0.1,-2.6350000000000002
28.5,253,AV,2,4,4,5,13,0,0,43,3508.846318545673,0.2,-5.7
44.7,283,AV,2,4,1,4,13,0,0,59,2966.188350320237,0.6,-26.82
33.266666666666666,127,AV,1,2,6,8,3,0,0,65,870.7377108213431,0.1,-3.3266666666666667
23.8,149,AV,1,3,6,8,6,0,0,48,6563.608435155774,0.2,-4.760000000000001
40.93333333333333,41,AV,2,4,1,4,5,0,0,54,449.0833195935783,0.3,-12.28
5.016666666666667,130,AV,0,7,3,5,4,0,0,14,4705.31956239884,0.3,-1.505
24.383333333333333,285,AV,2,3,2,4,5,0,0,38,676.2529471816457,0.4,-9.753333333333334
18.783333333333335,178,AV,0,9,6,0,0,0,0,41,981.8973671489576,0.6,-11.270000000000001
13.25,227,AV,1,2,9,0,0,0,0,25,3046.5766145774583,0.2,-2.6500000000000004
29.016666666666666,237,AV,1,5,6,6,3,0,0,57,2011.9739719035176,0.2,-5.803333333333334
44.6,280,AV,2,2,3,7,0,0,0,69,567.550811201735,0.4,-17.84
25.466666666666665,106,AV,2,0,2,3,4,0,0,41,4967.653125719208,0.1,-2.546666666666667
43.68333333333333,181,AV,2,0,4,1,5,0,0,59,5670.319740923212,0.3,-13.104999999999999
31.9,218,AV,2,0,5,3,9,0,0,41,3032.1279287666234,0.4,-12.76
15.4,121,AV,0,6,4,6,0,0,0,36,4113.319853961603,0.8,-12.32
48.71666666666667,192,AV,2,0,4,3,5,0,0,71,1141.0395517097602,0.1,-4.871666666666667
30.733333333333334,133,AV,2,4,4,1,8,0,0,40,2360.1328348572283,0.4,-12.293333333333335
26.55,82,AV,2,3,5,6,3,0,0,28,623.7253316558669,0.2,-5.3100000000000005
45.2,171,AV,2,3,2,4,4,0,0,60,1592.2311391495805,0.1,-4.5200000000000005
33.43333333333333,221,AV,2,5,2,1,15,0,0,47,1150.2916000513435,0.1,-3.3433333333333333
18.8,92,AV,0,9,4,2,9,0,0,40,3225.188153267811,0.1,-1.8800000000000001
30.733333333333334,31,AV,2,5,2,2,12,0,0,46,5825.994272151124,0.2,-6.146666666666667
43.25,161,AV,0,7,4,1,0,0,0,57,2667.9339807116767,0.1,-4.325
32.88333333333333,164,AV,0,7,4,1,2,0,0,53,5200.876525735832,0.3,-9.865
31.733333333333334,8,AV,1,2,7,2,5,0,0,62,5862.8833826120845,0.1,-3.173333333333334
24.016666666666666,167,AV,0,7,3,5,0,0,0,47,586.8516376274475,0.4,-9.606666666666667
37.583333333333336,180,AV,2,4,2,5,10,0,0,50,1823.811293294481,0.6,-22.55
29.333333333333332,261,AV,2,5,5,0,5,0,0,40,1485.5718097438446,0.4,-11.733333333333334
29.933333333333334,176,AV,2,1,4,3,4,0,0,42,1799.695682844959,0.3,-8.98
43.21666666666667,74,AV,2,3,1,5,5,0,0,70,3773.692032315799,0.6,-25.93
40.18333333333333,256,AV,2,3,5,6,17,0,0,63,2164.09247058771,0.9,-36.165
30.033333333333335,170,AV,2,1,0,6,1,0,0,42,1265.4739572733297,0.2,-6.006666666666668
41.75,183,AV,2,4,3,1,8,0,0,64,2891.134206742707,0.2,-8.35
45.61666666666667,250,AV,2,1,0,4,5,0,0,65,6081.635477498837,0.3,-13.685
30.266666666666666,62,AV,2,4,3,1,8,0,0,42,5611.673516276995,0.8,-24.213333333333335
24.95,281,AV,1,2,6,6,4,0,0,52,583.3206434887895,1.0,-24.95
22.533333333333335,266,AV,2,3,0,8,4,0,0,30,632.5893922142865,0.1,-2.2533333333333334
29.033333333333335,69,AV,2,3,2,4,17,0,0,41,5304.212874057136,0.3,-8.71
44.65,70,AV,2,5,4,7,10,0,0,68,2857.6088215719105,0.3,-13.395
29.866666666666667,35,AV,2,4,4,0,5,0,0,44,9030.678864893336,0.5,-14.933333333333334
30.416666666666668,220,AV,2,0,0,3,12,0,0,42,6031.594525491932,0.3,-9.125
48.28333333333333,134,AV,0,6,1,6,2,0,0,59,3245.380745418587,0.1,-4.828333333333333
36.483333333333334,7,AV,2,1,5,2,5,0,0,49,1822.2981036688468,0.2,-7.296666666666667
35.18333333333333,94,AV,1,0,7,3,4,0,0,76,1564.4426034616197,0.4,-14.073333333333332
33.25,254,AV,1,0,7,3,2,0,0,62,13351.937436366714,0.6,-19.95
43.43333333333333,19,AV,2,2,4,9,1,0,0,61,12197.400506638176,0.4,-17.37333333333333
33.016666666666666,276,AV,2,3,2,4,5,0,0,52,2123.4400354784907,0.8,-26.413333333333334
32.766666666666666,67,AV,2,3,0,7,2,0,0,48,3301.717979419838,0.1,-3.276666666666667
38.05,295,AV,1,5,7,2,0,0,0,72,1927.298426803608,0.6,-22.83
39.7,152,AV,2,0,4,3,10,0,0,59,892.1845339920479,0.1,-3.9700000000000006
6.866666666666666,9,AV,0,6,5,3,1,0,0,19,3824.993837156676,0.1,-0.6866666666666666
42.53333333333333,219,AV,2,1,5,4,23,0,0,61,5557.427333357366,0.1,-4.253333333333333
43.65,30,AV,2,3,4,2,5,0,0,64,6007.794801579103,0.1,-4.365
29.016666666666666,292,AV,2,0,4,2,4,0,0,38,3958.913906791885,0.1,-2.901666666666667
30.0,163,AV,1,5,6,6,6,0,0,59,1167.011530479414,0.7,-21.0
18.633333333333333,296,AV,1,4,6,4,5,0,0,41,1068.5648373754009,0.6,-11.18
26.666666666666668,39,AV,2,0,4,3,10,0,0,36,2838.632091159661,0.4,-10.666666666666668
24.216666666666665,185,AV,2,4,1,2,5,0,0,37,1579.1767070066765,0.1,-2.421666666666667
35.06666666666667,38,AV,2,2,4,1,17,0,0,46,1832.3133019091129,0.7,-24.546666666666667
34.71666666666667,150,AV,2,4,4,5,6,0,0,53,7658.5640246764915,0.4,-13.886666666666668
41.516666666666666,53,AV,0,8,3,9,1,0,0,56,2942.323800284961,0.3,-12.455
30.65,177,AV,2,1,0,6,3,0,0,47,3863.855435177377,0.7,-21.455
10.133333333333333,43,AV,0,6,0,6,21,0,0,28,4164.701887555128,0.1,-1.0133333333333334
22.65,11,AV,1,2,9,1,0,0,0,48,1089.3140785512585,0.1,-2.265
13.916666666666666,76,AV,1,0,7,3,2,0,0,23,3941.04555698938,0.1,-1.3916666666666666
43.3,54,AV,2,1,0,6,0,0,0,65,2131.3254046090938,0.1,-4.33
13.8,242,AV,1,2,8,1,0,0,0,25,2361.523720441912,0.6,-8.28
11.933333333333334,143,AV,0,7,7,9,4,0,0,31,1682.490559712908,0.2,-2.3866666666666667
21.666666666666668,123,AV,1,1,8,5,0,0,0,44,7572.106998522375,0.5,-10.833333333333334
22.75,148,AV,2,5,5,1,7,0,0,17,914.1934345695068,0.4,-9.1
23.416666666666668,229,AV,2,3,2,7,0,0,0,34,6254.49597505133,0.4,-9.366666666666667
16.35,273,AV,1,5,6,6,4,0,0,38,13430.196447392702,0.3,-4.905
55.28333333333333,158,AV,0,9,7,7,2,0,0,85,9095.945853089892,0.6,-33.169999999999995
56.56666666666667,90,AV,2,2,3,7,1,0,0,83,4549.115907877681,0.6,-33.94
33.016666666666666,232,AV,2,3,1,3,4,0,0,49,743.7818724069466,0.6,-19.81
46.166666666666664,138,AV,2,4,4,3,5,0,0,66,1848.7234685638712,0.5,-23.083333333333332
29.966666666666665,111,AV,1,2,9,1,2,0,0,58,1830.3424648913517,0.1,-2.9966666666666666
38.916666666666664,95,AV,2,0,0,5,7,0,0,57,4925.450001742355,0.6,-23.349999999999998
30.866666666666667,93,AV,1,4,7,5,5,0,0,61,1391.0507319816634,0.1,-3.086666666666667
17.683333333333334,257,AV,1,0,7,3,13,0,0,39,1626.914224999384,0.2,-3.536666666666667
34.516666666666666,88,AV,0,6,5,3,0,0,0,54,8348.421721831439,0.1,-3.4516666666666667
22.733333333333334,223,AV,2,1,3,0,4,0,0,11,1546.5147326922538,0.1,-2.2733333333333334
30.866666666666667,36,AV,1,5,6,7,5,0,0,59,3065.2253709468137,0.1,-3.086666666666667
27.0,174,AV,1,3,6,6,3,0,0,55,8689.506535985933,0.2,-5.4
36.733333333333334,173,AV,2,3,0,3,10,0,0,55,5064.807770076448,0.1,-3.673333333333334
33.483333333333334,195,AV,2,1,4,2,5,0,0,50,17693.100214811147,0.4,-13.393333333333334
29.566666666666666,278,AV,1,3,6,0,2,0,0,57,3236.647802754315,0.1,-2.956666666666667
21.966666666666665,245,AV,1,1,8,7,1,0,0,44,2909.8477340427667,0.9,-19.77
44.11666666666667,16,AV,2,2,3,1,11,0,0,63,1293.252850487379,0.3,-13.235
29.483333333333334,244,AV,2,5,1,0,9,0,0,46,1703.2333497257905,0.8,-23.58666666666667
25.583333333333332,214,AV,2,1,5,0,8,0,0,31,1411.5824788559885,1.0,-25.583333333333332
45.916666666666664,10,AV,2,2,1,7,1,0,0,76,591.6693204447811,0.2,-9.183333333333334
38.4,146,AV,2,1,0,4,5,0,0,54,2421.0391237858234,0.1,-3.84
37.233333333333334,274,AV,2,3,2,1,8,0,0,54,1474.807688008607,0.1,-3.7233333333333336
34.56666666666667,236,AV,2,2,3,7,11,0,0,52,14312.770160915026,0.1,-3.456666666666667
25.8,113,AV,1,5,6,7,1,0,0,51,2147.781038516846,0.3,-7.74
25.833333333333332,0,AV,1,4,6,0,5,0,0,50,3393.6426315430986,0.1,-2.5833333333333335
45.05,136,AV,2,4,3,0,5,0,0,72,5913.041300376779,0.1,-4.505
15.15,27,AV,1,2,8,4,3,0,0,30,2035.9911412414244,1.0,-15.15
25.516666666666666,191,AV,2,4,5,4,6,0,0,35,859.2772315809713,0.1,-2.5516666666666667
13.483333333333333,211,AV,0,7,7,1,1,0,0,34,1592.6375082496468,0.3,-4.045
32.55,248,AV,2,1,0,6,1,0,0,43,7897.119961473183,0.1,-3.255
39.93333333333333,6,AV,2,1,2,7,11,0,0,59,4549.070920567666,0.6,-23.959999999999997
45.733333333333334,210,AV,2,1,1,4,4,0,0,60,3001.8426729260827,0.3,-13.72
27.483333333333334,139,AV,0,6,8,0,5,0,0,48,2797.307504072895,0.4,-10.993333333333334
29.966666666666665,299,AV,2,1,0,4,10,0,0,43,1538.317647081207,0.2,-5.993333333333333
27.783333333333335,3,AV,2,4,3,1,5,0,0,41,595.9176043698985,0.3,-8.335
30.333333333333332,48,AV,1,5,6,7,3,0,0,58,1097.8259349569896,0.1,-3.033333333333333
36.86666666666667,188,AV,2,2,3,7,1,0,0,54,2088.64210540395,0.3,-11.06
20.733333333333334,189,AV,0,7,3,4,1,0,0,40,978.4447105201264,0.4,-8.293333333333335
21.116666666666667,60,AV,1,2,8,7,2,0,0,45,1496.328062426438,0.5,-10.558333333333334
30.416666666666668,86,AV,2,1,5,2,6,0,0,44,832.4581618945489,0.2,-6.083333333333334
34.96666666666667,64,AV,2,1,0,4,5,0,0,55,1022.032321197676,0.2,-6.993333333333334
40.78333333333333,289,AV,2,5,1,1,10,0,0,55,465.3670128771111,1.0,-40.78333333333333
25.3,175,AV,1,0,7,4,3,0,0,51,541.9839687696077,1.0,-25.3
48.4,66,AV,0,8,8,5,2,0,0,59,3387.2787239910285,0.1,-4.84
57.25,155,AV,0,9,0,4,3,0,0,83,2347.541384251396,0.2,-11.450000000000001
50.3,83,AV,0,8,9,6,1,0,0,59,7128.986247371214,0.2,-10.06
23.816666666666666,201,AV,2,2,3,7,2,0,0,25,4416.224882412617,0.4,-9.526666666666667
32.71666666666667,212,AV,1,2,6,5,3,0,0,63,437.8567856598078,0.2,-6.543333333333334
47.666666666666664,259,AV,2,4,1,4,11,0,0,71,11515.391842589095,0.3,-14.299999999999999
27.283333333333335,126,AV,1,3,9,1,6,0,0,50,743.7553910389753,0.1,-2.7283333333333335
19.283333333333335,115,AV,2,1,2,4,8,0,0,25,1587.6148581174584,0.8,-15.42666666666667
22.133333333333333,21,AV,2,2,2,7,1,0,0,24,763.1985099142711,0.2,-4.426666666666667
18.6,238,AV,1,4,6,3,4,0,0,42,3630.005597296026,0.3,-5.58
30.966666666666665,165,AV,0,7,1,0,3,0,0,52,3520.054626539052,0.5,-15.483333333333333
40.483333333333334,51,AV,2,5,0,3,6,0,0,63,1588.8002265047048,0.2,-8.096666666666668
17.3,168,AV,0,7,3,9,11,0,0,37,491.8679742725259,0.1,-1.7300000000000002
44.833333333333336,68,AV,0,8,3,9,14,0,0,58,8436.938288223368,0.2,-8.966666666666667
42.516666666666666,81,AV,2,5,0,4,13,0,0,70,861.805442805673,0.1,-4.251666666666667
17.716666666666665,23,AV,1,3,6,2,3,0,0,38,4843.3187157075145,0.1,-1.7716666666666665
29.333333333333332,265,AV,0,7,9,7,3,0,0,49,2574.4307659940623,1.0,-29.333333333333332
41.25,12,AV,2,4,1,4,24,0,0,61,5480.041794665195,0.2,-8.25
6.583333333333333,196,AV,0,7,7,8,2,0,0,24,3352.9358316496982,0.8,-5.266666666666667
8.333333333333334,131,AV,0,7,1,4,1,0,0,25,881.2906222289953,0.1,-0.8333333333333335
35.86666666666667,286,AV,1,5,6,6,8,0,0,75,1348.5865378412918,0.1,-3.586666666666667
44.86666666666667,246,AV,2,4,3,1,6,0,0,66,566.7055292848979,0.4,-17.94666666666667
26.066666666666666,13,AV,0,7,7,8,1,0,0,47,904.859336063587,0.2,-5.213333333333334
13.3,85,AV,1,5,6,6,4,0,0,23,4343.557359248321,1.0,-13.3
44.2,34,AV,2,4,1,4,6,0,0,61,3227.056348793521,0.3,-13.26
33.95,61,AV,1,3,8,5,1,0,0,63,4090.160813256426,1.0,-33.95
41.483333333333334,56,AV,2,2,3,1,4,0,0,60,3274.575105225111,0.8,-33.18666666666667
34.7,110,AV,1,5,6,6,3,0,0,72,649.7132696839626,0.3,-10.41
31.4,72,AV,2,1,5,5,6,0,0,47,3031.4508351358254,0.3,-9.42
34.6,224,AV,2,4,3,1,4,0,0,53,627.4062491148882,0.1,-3.4600000000000004
44.36666666666667,84,AV,2,5,2,4,8,0,0,71,1005.9867386644172,0.2,-8.873333333333333
43.983333333333334,230,AV,2,1,0,4,10,0,0,63,1614.9493849180149,0.8,-35.18666666666667
32.18333333333333,270,AV,1,5,6,6,2,0,0,60,5985.732437913218,0.2,-6.4366666666666665
43.25,204,AV,0,6,4,6,1,0,0,57,5051.78348307234,0.1,-4.325
43.4,233,AV,2,3,0,6,3,0,0,68,2835.850686157305,0.3,-13.02
33.43333333333333,209,AV,2,2,2,2,8,0,0,47,1074.3823512953045,0.1,-3.3433333333333333
32.333333333333336,79,AV,2,0,4,3,21,0,0,48,959.5289757906356,0.3,-9.700000000000001
37.85,202,AV,0,6,5,3,3,0,0,55,873.8892656114449,0.3,-11.355
23.433333333333334,63,AV,1,4,8,9,7,0,0,49,1530.0661682302475,0.2,-4.6866666666666665
53.56666666666667,107,AV,0,6,9,2,3,0,0,70,513.3463032142733,0.1,-5.356666666666667
23.916666666666668,198,AV,2,2,3,1,4,0,0,24,2619.168197182975,0.2,-4.783333333333334
23.766666666666666,65,AV,2,3,2,5,27,0,0,35,1794.439334206041,0.1,-2.3766666666666665
41.88333333333333,156,AV,2,4,1,4,9,0,0,62,1025.7249596144625,0.6,-25.13
34.65,282,AV,0,7,6,3,4,0,0,54,1596.1763216794554,0.3,-10.395
22.183333333333334,288,AV,0,6,1,7,5,0,0,45,1552.9853059451273,0.5,-11.091666666666667
11.483333333333333,235,AV,1,0,9,0,7,0,0,18,2648.588416164911,0.1,-1.1483333333333332
20.4,114,AV,1,2,6,0,0,0,0,42,1122.7546975855585,0.2,-4.08
13.783333333333333,263,AV,1,2,8,0,0,0,0,29,15387.119225735782,0.1,-1.3783333333333334
47.36666666666667,216,AV,2,0,4,3,19,0,0,78,898.3728471886773,0.1,-4.736666666666667
24.933333333333334,194,AV,2,0,0,6,4,0,0,30,932.0432837729122,0.6,-14.959999999999999
30.166666666666668,205,AV,1,5,6,5,3,0,0,54,1282.6858023855964,0.3,-9.05
18.0,153,AV,1,2,6,3,1,0,0,39,1240.6560786390864,0.1,-1.8
48.733333333333334,231,AV,2,4,1,4,13,0,0,77,1635.9686818612918,0.2,-9.746666666666668
45.483333333333334,15,AV,0,8,3,6,2,0,0,57,4304.4895651906745,0.1,-4.548333333333334
54.916666666666664,117,AV,0,6,5,5,4,0,0,92,5386.149373461946,0.4,-21.96666666666667
13.65,46,AV,1,1,8,2,1,0,0,21,3438.9188747307694,0.2,-2.7300000000000004
29.166666666666668,102,AV,1,0,7,3,5,0,0,55,2344.9936519099742,0.6,-17.5
19.45,5,AV,1,2,9,5,0,0,0,41,4547.885280126284,0.8,-15.56
32.016666666666666,49,AV,2,2,0,2,6,0,0,37,7958.958807233507,0.6,-19.209999999999997
33.56666666666667,37,AV,1,0,7,3,9,0,0,67,6130.868263041086,0.1,-3.3566666666666674
16.083333333333332,182,AV,1,2,8,4,9,0,0,27,4381.240268036911,0.1,-1.6083333333333334
52.1,251,AV,0,9,7,8,8,0,0,61,1297.4303329633815,0.1,-5.210000000000001
42.916666666666664,252,AV,2,0,3,2,4,0,0,67,3362.377553451843,0.1,-4.291666666666667
16.35,96,AV,1,5,8,4,4,0,0,37,1261.43865123121,0.4,-6.540000000000001
23.783333333333335,17,AV,0,8,8,4,5,0,0,46,3898.759045987068,0.1,-2.3783333333333334
22.6,104,AV,1,2,6,5,3,0,0,46,1020.7360413649084,0.3,-6.78
12.033333333333333,294,AV,1,5,6,5,4,0,0,23,6709.13861087917,0.4,-4.8133333333333335
47.96666666666667,1,AV,2,3,2,5,9,0,0,72,5004.1281918097375,0.1,-4.796666666666667
38.916666666666664,169,AV,2,3,4,1,4,0,0,52,646.5589615252754,0.3,-11.674999999999999
25.283333333333335,87,AV,2,4,4,7,2,0,0,28,3849.958431883558,0.4,-10.113333333333335
29.516666666666666,213,AV,2,4,0,7,1,0,0,41,1294.2551843223837,0.3,-8.854999999999999
8.3,55,AV,0,6,0,8,17,0,0,27,571.0932451196882,0.3,-2.49
16.183333333333334,225,AV,1,1,8,2,2,0,0,32,1239.4416864014672,0.1,-1.6183333333333334
37.85,40,AV,2,5,5,6,4,0,0,55,11861.36896338871,0.2,-7.57
37.016666666666666,157,AV,1,5,7,2,3,0,0,80,761.8437659652793,1.0,-37.016666666666666
41.56666666666667,33,AV,0,6,4,6,0,0,0,56,3251.3322332141274,0.1,-4.156666666666667
33.983333333333334,206,AV,1,0,7,3,3,0,0,65,4754.245589533712,0.1,-3.3983333333333334
45.583333333333336,75,AV,2,1,4,6,1,0,0,79,5844.130995646287,0.1,-4.558333333333334
19.5,226,AV,1,3,6,9,4,0,0,38,8333.728817076937,0.7,-13.649999999999999
25.733333333333334,18,AV,0,8,9,5,3,0,0,47,1141.5133047894662,0.3,-7.72
10.25,269,AV,0,9,8,1,0,0,0,30,8987.822610831106,0.3,-3.0749999999999997
