travel_time,id,kind,action,bid_route_0,bid_route_1,bid_route_2,karma_balance,origin,destination,start_time,income,urgency,reward
101.26666666666667,217,AV,0,5,4,2,2,0,0,78,4705.31956239884,0.4,-40.50666666666667
14.95,183,AV,1,0,6,0,0,0,0,28,9884.322174397852,0.2,-2.99
71.56666666666666,225,AV,0,7,0,3,4,0,0,53,3245.380745418587,1.0,-71.56666666666666
68.18333333333334,107,AV,0,7,5,7,6,0,0,51,6563.608435155774,0.2,-13.636666666666668
14.416666666666666,283,AV,1,3,6,9,5,0,0,28,948.3478854920526,0.2,-2.8833333333333333
25.616666666666667,73,AV,1,1,9,3,13,0,0,50,3257.969850357721,0.2,-5.123333333333334
28.166666666666668,221,AV,2,0,2,8,1,0,0,40,4113.319853961603,0.6,-16.9
17.983333333333334,299,AV,1,1,4,2,11,0,0,36,1062.4074567339185,0.2,-3.596666666666667
94.21666666666667,211,AV,0,7,2,1,0,0,0,68,807.7368269013535,0.5,-47.108333333333334
14.466666666666667,194,AV,1,2,7,8,2,0,0,27,4569.840806868062,0.3,-4.34
14.7,99,AV,1,2,5,6,1,0,0,32,4227.85786318916,0.1,-1.47
15.183333333333334,125,AV,1,0,4,0,11,0,0,33,1467.6871321740252,1.0,-15.183333333333334
53.78333333333333,156,AV,0,5,4,3,0,0,0,47,2574.4307659940623,0.1,-5.378333333333334
40.233333333333334,8,AV,1,2,5,4,3,0,0,76,1234.5997004771,1.0,-40.233333333333334
13.483333333333333,79,AV,1,0,4,3,13,0,0,30,753.7709081553346,1.0,-13.483333333333333
102.81666666666666,278,AV,0,7,6,1,12,0,0,79,1723.69240549938,0.1,-10.281666666666666
26.15,290,AV,2,1,3,9,3,0,0,39,2909.8477340427667,0.1,-2.615
17.483333333333334,188,AV,1,0,6,7,9,0,0,35,1822.2981036688468,0.7,-12.238333333333333
18.083333333333332,102,AV,1,0,5,1,4,0,0,36,1564.4426034616197,0.2,-3.6166666666666667
25.8,248,AV,1,0,4,6,17,0,0,49,4635.813442599864,0.7,-18.06
48.38333333333333,223,AV,2,0,0,9,5,0,0,76,2022.4315636845977,0.3,-14.514999999999999
20.633333333333333,263,AV,1,0,4,4,8,0,0,42,3292.2479258152307,0.1,-2.0633333333333335
27.366666666666667,103,AV,1,1,4,4,3,0,0,49,1888.2149669861096,0.1,-2.736666666666667
77.01666666666667,19,AV,0,6,9,9,9,0,0,56,1697.366940102563,0.3,-23.105
12.566666666666666,277,AV,1,2,6,6,0,0,0,21,1074.3823512953045,0.3,-3.7699999999999996
16.05,10,AV,1,3,5,3,1,0,0,34,5960.007005011629,0.1,-1.6050000000000002
43.63333333333333,288,AV,2,0,0,5,8,0,0,69,5899.132481879994,0.2,-8.726666666666667
31.216666666666665,184,AV,1,1,6,8,2,0,0,60,3531.3895067900216,0.3,-9.364999999999998
29.916666666666668,158,AV,2,2,0,4,2,0,0,39,857.6590975250949,0.4,-11.966666666666669
32.35,247,AV,1,0,5,6,2,0,0,62,13460.811009378149,0.3,-9.705
12.65,66,AV,1,3,6,1,0,0,0,28,7592.14370769901,1.0,-12.65
28.983333333333334,224,AV,1,2,8,1,3,0,0,51,1541.4014724042315,1.0,-28.983333333333334
101.25,97,AV,0,7,7,2,0,0,0,76,5862.871835726062,0.9,-91.125
57.75,293,AV,0,4,8,8,8,0,0,47,14297.77376075636,0.6,-34.65
30.933333333333334,13,AV,2,1,1,3,5,0,0,45,8139.327108000771,0.6,-18.56
32.8,5,AV,1,2,4,5,14,0,0,65,3032.1279287666234,0.3,-9.839999999999998
19.033333333333335,68,AV,0,5,9,1,9,0,0,28,8639.921150992108,0.1,-1.9033333333333335
37.666666666666664,177,AV,2,1,0,4,3,0,0,52,1244.4027248274256,0.4,-15.066666666666666
47.166666666666664,168,AV,2,0,1,3,5,0,0,74,457.16351791608827,0.6,-28.299999999999997
31.6,2,AV,1,1,9,7,2,0,0,61,4660.29795945294,0.2,-6.32
28.133333333333333,40,AV,1,2,8,1,7,0,0,49,8689.506535985933,0.1,-2.8133333333333335
29.833333333333332,244,AV,1,2,5,7,7,0,0,57,4967.653125719208,0.3,-8.95
76.65,60,AV,0,8,9,3,2,0,0,56,7336.658338656486,0.8,-61.32000000000001
66.18333333333334,275,AV,0,5,3,1,1,0,0,50,943.1907669438916,0.1,-6.618333333333334
37.666666666666664,271,AV,1,0,5,0,0,0,0,74,2222.040577514192,0.9,-33.9
64.53333333333333,18,AV,0,4,2,2,2,0,0,49,541.9839687696077,0.5,-32.266666666666666
38.266666666666666,205,AV,2,0,0,2,7,0,0,62,2329.0008356791827,0.3,-11.479999999999999
106.13333333333334,9,AV,0,9,4,5,2,0,0,97,1150.4391077840953,0.1,-10.613333333333335
105.23333333333333,37,AV,0,7,6,3,8,0,0,80,3783.636689084741,0.5,-52.61666666666667
29.366666666666667,249,AV,0,8,3,6,1,0,0,36,10071.894878668398,0.2,-5.873333333333334
27.75,215,AV,0,4,8,7,6,0,0,35,2052.607856914241,0.1,-2.7750000000000004
29.433333333333334,281,AV,0,4,2,4,2,0,0,36,4459.768546990965,0.4,-11.773333333333333
78.53333333333333,75,AV,0,4,8,6,5,0,0,56,508.6019702527906,0.4,-31.413333333333334
18.016666666666666,291,AV,1,1,6,6,6,0,0,35,3169.820795106812,0.1,-1.8016666666666667
38.63333333333333,210,AV,2,0,3,0,13,0,0,51,1239.4416864014672,0.1,-3.8633333333333333
94.26666666666667,170,AV,0,5,2,7,3,0,0,69,2280.385817754286,0.8,-75.41333333333334
21.833333333333332,117,AV,2,2,1,5,1,0,0,3,5502.789496653042,0.5,-10.916666666666666
29.916666666666668,7,AV,1,1,5,3,1,0,0,59,586.8516376274475,0.1,-2.991666666666667
18.45,266,AV,1,2,8,7,10,0,0,37,2318.2944376966047,1.0,-18.45
97.85,171,AV,0,4,5,5,3,0,0,73,1503.4428459110418,0.1,-9.785
24.033333333333335,25,AV,1,2,5,6,4,0,0,48,491.8679742725259,0.2,-4.8066666666666675
15.55,47,AV,0,5,0,0,1,0,0,26,3628.2404526711953,0.6,-9.33
27.1,26,AV,1,3,5,2,5,0,0,49,2580.565825479665,1.0,-27.1
61.05,203,AV,0,4,2,4,9,0,0,48,1261.43865123121,0.5,-30.525
21.383333333333333,282,AV,2,1,1,5,3,0,0,9,3064.640983136323,0.1,-2.138333333333333
27.0,198,AV,2,2,2,6,6,0,0,34,7612.519032757181,0.7,-18.9
30.933333333333334,265,AV,2,3,0,7,3,0,0,42,2158.6935677652164,0.4,-12.373333333333335
20.65,145,AV,1,3,9,2,3,0,0,40,3046.5766145774583,0.3,-6.194999999999999
22.15,112,AV,1,0,7,7,1,0,0,45,1104.4445206976068,0.3,-6.645
19.166666666666668,113,AV,1,0,4,1,4,0,0,38,1411.5824788559885,0.6,-11.5
47.483333333333334,45,AV,2,3,2,6,1,0,0,72,4416.224882412617,0.9,-42.735
29.416666666666668,132,AV,1,0,6,2,1,0,0,55,1260.6549751070208,1.0,-29.416666666666668
73.88333333333334,174,AV,0,4,5,0,25,0,0,52,3580.4564780460023,0.5,-36.94166666666667
24.6,41,AV,1,1,5,8,6,0,0,48,8981.750106371177,0.1,-2.4600000000000004
34.9,164,AV,1,3,4,2,3,0,0,69,11940.25564443948,1.0,-34.9
95.83333333333333,219,AV,0,5,1,5,0,0,0,69,5341.061461458292,0.1,-9.583333333333334
28.616666666666667,135,AV,2,2,0,4,4,0,0,42,767.6170681366935,0.1,-2.861666666666667
32.05,212,AV,2,0,3,8,1,0,0,44,1921.5023446668008,0.3,-9.614999999999998
70.0,286,AV,0,8,2,7,5,0,0,51,2818.3733061874163,0.3,-21.0
17.066666666666666,195,AV,0,6,6,5,11,0,0,27,2193.4249838744518,0.5,-8.533333333333333
89.3,33,AV,0,6,4,2,1,0,0,64,566.7055292848979,0.4,-35.72
21.75,154,AV,1,1,6,0,13,0,0,46,2675.3892374750885,0.5,-10.875
45.666666666666664,131,AV,2,3,1,5,0,0,0,68,646.5589615252754,1.0,-45.666666666666664
27.55,65,AV,1,2,5,6,4,0,0,50,3382.383844415393,1.0,-27.55
12.0,228,AV,0,4,4,4,10,0,0,19,4549.070920567666,0.1,-1.2000000000000002
26.95,128,AV,2,0,0,3,7,0,0,40,7362.36439851089,0.9,-24.255
28.6,173,AV,2,0,1,3,5,0,0,40,2458.2611968747465,0.5,-14.3
24.35,178,AV,0,7,2,9,3,0,0,32,849.0657401736111,0.7,-17.044999999999998
64.6,147,AV,0,4,7,1,11,0,0,49,4021.28082322038,0.5,-32.3
26.9,31,AV,1,0,6,1,5,0,0,50,572.7967315704935,0.3,-8.069999999999999
48.666666666666664,220,AV,0,8,2,6,11,0,0,45,4951.479839002994,0.6,-29.199999999999996
31.666666666666668,78,AV,2,3,1,6,1,0,0,38,2891.134206742707,0.1,-3.166666666666667
22.55,63,AV,0,4,3,4,23,0,0,31,3236.647802754315,0.5,-11.275
39.56666666666667,85,AV,2,2,1,2,5,0,0,54,7334.728577480919,1.0,-39.56666666666667
22.95,185,AV,2,0,3,4,10,0,0,27,3508.846318545673,0.2,-4.59
69.91666666666667,23,AV,0,9,5,5,4,0,0,52,5913.041300376779,0.1,-6.991666666666667
17.45,22,AV,1,1,4,2,10,0,0,37,3987.5502105766736,0.1,-1.745
38.31666666666667,57,AV,0,4,3,5,9,0,0,40,2411.397471856681,0.5,-19.158333333333335
32.15,101,AV,1,0,5,2,3,0,0,61,2857.6088215719105,1.0,-32.15
32.78333333333333,160,AV,1,3,6,0,0,0,0,64,1824.367004680513,0.5,-16.391666666666666
92.56666666666666,16,AV,0,4,1,6,9,0,0,67,736.5379020629116,0.2,-18.513333333333332
50.61666666666667,179,AV,0,6,6,5,4,0,0,45,3438.9188747307694,0.2,-10.123333333333335
46.88333333333333,110,AV,0,7,5,7,1,0,0,43,601.3137559373858,0.3,-14.065
13.733333333333333,133,AV,0,4,7,9,10,0,0,24,8975.220492497892,0.1,-1.3733333333333333
35.21666666666667,20,AV,2,2,0,3,7,0,0,50,1260.3927948639828,0.3,-10.565
12.85,46,AV,1,3,6,3,0,0,0,16,2347.541384251396,0.2,-2.5700000000000003
62.68333333333333,86,AV,0,6,9,6,3,0,0,48,3742.7752140142647,1.0,-62.68333333333333
20.566666666666666,17,AV,1,0,6,8,5,0,0,41,779.2240782816187,0.9,-18.51
17.35,196,AV,1,3,4,2,6,0,0,34,3393.6426315430986,0.3,-5.205
5.1,59,AV,0,7,5,0,3,0,0,12,2987.078671303881,0.3,-1.5299999999999998
50.43333333333333,252,AV,0,5,3,5,10,0,0,46,1691.6338586686718,0.5,-25.216666666666665
28.6,214,AV,2,2,3,1,12,0,0,39,1022.032321197676,0.2,-5.720000000000001
35.416666666666664,14,AV,1,0,5,3,4,0,0,68,4669.869929992837,0.4,-14.166666666666666
30.216666666666665,124,AV,2,3,0,1,12,0,0,45,2497.1975937909187,0.3,-9.065
20.85,39,AV,0,8,7,5,4,0,0,30,424.9057127261393,0.2,-4.170000000000001
92.46666666666667,208,AV,0,8,7,6,0,0,0,67,777.0630287344238,0.4,-36.98666666666667
38.61666666666667,150,AV,2,0,3,2,10,0,0,56,2964.6777926145683,0.1,-3.861666666666667
18.666666666666668,207,AV,1,0,4,8,12,0,0,39,3251.3322332141274,0.3,-5.6000000000000005
18.683333333333334,62,AV,1,0,5,4,1,0,0,40,904.859336063587,0.2,-3.736666666666667
41.71666666666667,137,AV,0,7,6,5,0,0,0,42,1265.4739572733297,0.2,-8.343333333333334
15.016666666666667,267,AV,1,2,5,8,6,0,0,32,2326.172138461347,0.2,-3.003333333333334
22.733333333333334,256,AV,1,0,9,1,5,0,0,45,1782.711710770346,0.1,-2.2733333333333334
29.2,143,AV,1,0,4,6,2,0,0,55,1083.524948441525,0.1,-2.92
31.283333333333335,116,AV,2,1,0,0,7,0,0,43,7864.29237148983,0.1,-3.128333333333334
23.383333333333333,149,AV,1,3,4,2,1,0,0,47,682.056612603955,0.5,-11.691666666666666
41.4,264,AV,0,4,0,3,1,0,0,42,4104.202624979457,0.6,-24.84
29.75,268,AV,1,2,5,6,1,0,0,56,4925.450001742355,0.8,-23.8
14.6,136,AV,1,3,5,2,0,0,0,29,950.4213588862824,0.5,-7.3
85.73333333333333,29,AV,0,6,4,3,12,0,0,61,1434.2863071033526,0.4,-34.29333333333334
37.43333333333333,197,AV,2,3,1,2,11,0,0,57,3773.692032315799,0.8,-29.946666666666665
6.8,172,AV,0,5,3,6,1,0,0,14,2857.8751728516777,1.0,-6.8
28.133333333333333,239,AV,1,2,8,1,0,0,0,52,5307.329693361759,0.4,-11.253333333333334
32.733333333333334,42,AV,1,2,6,1,2,0,0,62,6230.691172258436,0.1,-3.2733333333333334
80.31666666666666,38,AV,0,6,6,5,1,0,0,58,871.0408974081768,0.9,-72.285
35.233333333333334,255,AV,2,1,1,0,17,0,0,38,571.0932451196882,0.2,-7.046666666666667
24.55,134,AV,1,1,9,2,1,0,0,48,816.2772675203604,0.5,-12.275
52.35,32,AV,0,6,7,3,2,0,0,46,2105.6010448069283,0.1,-5.235
34.666666666666664,153,AV,0,5,2,6,7,0,0,39,11662.42845360034,0.4,-13.866666666666667
28.15,100,AV,1,1,5,9,9,0,0,50,4015.909421979459,0.4,-11.26
34.833333333333336,144,AV,1,3,4,2,7,0,0,71,2337.3116255789537,0.1,-3.483333333333334
33.666666666666664,298,AV,1,3,5,0,1,0,0,67,4446.537177105173,0.3,-10.1
16.016666666666666,146,AV,1,0,7,7,6,0,0,34,14754.343640924068,0.5,-8.008333333333333
32.95,169,AV,1,0,7,0,0,0,0,64,938.3100494872764,0.2,-6.590000000000001
32.11666666666667,27,AV,1,1,5,4,10,0,0,61,591.6693204447811,0.8,-25.693333333333335
29.95,142,AV,1,1,5,0,7,0,0,49,1797.659883656486,0.1,-2.995
29.016666666666666,82,AV,1,0,8,6,6,0,0,53,4237.057085974603,1.0,-29.016666666666666
75.05,104,AV,0,7,3,7,0,0,0,55,522.440884226393,0.3,-22.514999999999997
40.93333333333333,34,AV,2,2,3,3,12,0,0,62,588.8906571209208,0.3,-12.28
33.21666666666667,120,AV,0,9,4,1,8,0,0,39,3097.4575811220984,0.1,-3.321666666666667
82.21666666666667,55,AV,0,7,3,4,3,0,0,60,5200.876525735832,0.1,-8.221666666666668
104.7,250,AV,0,7,7,2,0,0,0,94,9280.176126726552,0.2,-20.94
20.733333333333334,241,AV,2,3,0,8,0,0,0,16,20239.22920549412,0.5,-10.366666666666667
47.86666666666667,4,AV,2,3,2,0,6,0,0,83,5354.15698790508,0.4,-19.14666666666667
6.75,159,AV,0,7,6,2,0,0,0,16,873.8892656114449,0.4,-2.7
41.06666666666667,213,AV,2,2,1,7,5,0,0,56,615.3970356119416,1.0,-41.06666666666667
24.216666666666665,96,AV,0,8,9,0,3,0,0,34,546.8646928603165,0.6,-14.529999999999998
44.25,139,AV,2,2,0,1,9,0,0,70,3654.013033637752,0.1,-4.425
34.71666666666667,123,AV,0,4,6,4,7,0,0,39,926.7012599248138,0.2,-6.943333333333334
90.71666666666667,152,AV,0,4,1,3,3,0,0,64,437.8567856598078,0.1,-9.071666666666667
17.433333333333334,227,AV,1,0,6,0,0,0,0,36,776.0711537761008,1.0,-17.433333333333334
87.51666666666667,240,AV,0,8,8,3,3,0,0,63,742.6585956180782,0.2,-17.503333333333334
97.53333333333333,129,AV,0,4,8,3,14,0,0,74,4707.821121085941,0.1,-9.753333333333334
22.333333333333332,6,AV,1,0,6,0,2,0,0,44,9095.945853089892,0.9,-20.099999999999998
68.2,35,AV,0,8,8,2,1,0,0,50,1661.9571573900298,0.3,-20.46
29.75,72,AV,1,0,4,3,2,0,0,53,3487.44186130441,0.1,-2.975
45.2,216,AV,2,2,2,2,8,0,0,77,17322.90883950548,0.2,-9.040000000000001
20.516666666666666,81,AV,1,2,5,4,2,0,0,41,5702.891177591027,0.3,-6.154999999999999
18.916666666666668,28,AV,1,1,4,5,3,0,0,39,539.5213747330826,0.1,-1.8916666666666668
33.083333333333336,11,AV,1,0,4,4,3,0,0,67,3933.772930850901,0.8,-26.46666666666667
35.88333333333333,285,AV,1,1,5,6,4,0,0,75,3389.778327720714,0.5,-17.941666666666666
5.2,191,AV,0,9,2,4,0,0,0,3,1421.705549214182,0.1,-0.52
44.86666666666667,24,AV,0,6,3,6,7,0,0,53,5844.130995646287,0.1,-4.486666666666667
99.35,237,AV,0,8,1,1,8,0,0,74,1373.5659577718477,0.3,-29.804999999999996
43.483333333333334,126,AV,0,7,2,3,0,0,0,42,4617.971391102537,0.1,-4.348333333333334
36.65,246,AV,1,1,5,4,1,0,0,85,1664.0464513081895,0.1,-3.665
36.9,279,AV,2,0,3,1,7,0,0,48,3942.222625638348,0.2,-7.38
15.283333333333333,3,AV,1,3,9,6,6,0,0,31,3301.717979419838,0.3,-4.585
36.5,176,AV,0,7,1,8,6,0,0,39,1490.1599361877834,0.2,-7.300000000000001
8.383333333333333,180,AV,0,5,2,8,6,0,0,16,3414.9419898187493,1.0,-8.383333333333333
47.8,206,AV,2,1,0,4,2,0,0,69,3539.477986656502,0.3,-14.339999999999998
27.466666666666665,92,AV,2,0,3,3,5,0,0,25,11515.391842589095,0.6,-16.479999999999997
66.35,259,AV,0,8,9,0,6,0,0,50,932.1411738504048,0.6,-39.809999999999995
33.766666666666666,94,AV,1,0,6,0,5,0,0,64,4381.240268036911,0.4,-13.506666666666668
38.31666666666667,258,AV,0,7,0,5,1,0,0,40,4687.914961676448,1.0,-38.31666666666667
56.03333333333333,192,AV,0,4,1,0,2,0,0,46,1526.0895405694364,0.1,-5.6033333333333335
81.91666666666667,71,AV,0,6,4,6,0,0,0,60,2198.5025098873134,0.2,-16.383333333333336
15.916666666666666,235,AV,1,3,9,5,1,0,0,33,2476.7926805910606,0.4,-6.366666666666667
28.116666666666667,297,AV,1,0,4,2,2,0,0,50,2965.4163440895786,0.3,-8.435
57.65,50,AV,0,7,2,4,6,0,0,47,3101.095365071405,0.8,-46.120000000000005
36.61666666666667,182,AV,1,0,7,5,7,0,0,76,11185.875164713363,0.8,-29.293333333333337
59.4,189,AV,0,5,4,0,0,0,0,47,1348.5865378412918,0.9,-53.46
36.53333333333333,84,AV,0,6,6,5,12,0,0,39,923.9636394510808,0.5,-18.266666666666666
25.066666666666666,165,AV,1,1,4,7,5,0,0,49,8475.089255911002,0.1,-2.506666666666667
26.1,254,AV,0,9,6,8,0,0,0,34,4577.590037133467,0.5,-13.05
10.416666666666666,251,AV,0,7,0,1,0,0,0,17,1945.516475481125,0.5,-5.208333333333333
12.233333333333333,201,AV,1,2,7,2,0,0,0,18,3119.7161673652217,0.3,-3.6699999999999995
26.55,51,AV,1,1,8,4,0,0,0,49,548.7192496267361,0.3,-7.965
21.5,0,AV,1,2,7,2,6,0,0,42,2398.572127464108,1.0,-21.5
27.816666666666666,111,AV,0,5,2,2,0,0,0,35,3197.7177395395383,0.5,-13.908333333333333
15.916666666666666,292,AV,0,7,7,1,0,0,0,20,859.2772315809713,0.3,-4.7749999999999995
32.56666666666667,269,AV,2,1,1,4,2,0,0,47,3724.6301341612702,0.1,-3.2566666666666673
13.733333333333333,53,AV,0,9,0,5,0,0,0,24,3158.0604616132755,0.5,-6.866666666666666
36.68333333333333,274,AV,1,3,6,4,3,0,0,79,1386.7650627050614,0.3,-11.004999999999999
46.11666666666667,187,AV,2,2,2,8,1,0,0,88,1848.7234685638712,0.5,-23.058333333333334
39.61666666666667,89,AV,2,2,2,0,7,0,0,49,1581.4824060924602,0.3,-11.885
35.35,70,AV,2,0,1,0,6,0,0,49,1594.6992934726818,0.1,-3.535
85.46666666666667,295,AV,0,5,6,1,1,0,0,63,1832.3133019091129,0.5,-42.733333333333334
17.35,202,AV,0,4,2,3,1,0,0,26,417.8295094645922,0.5,-8.675
30.933333333333334,186,AV,2,0,2,8,0,0,0,31,2520.718778515204,0.5,-15.466666666666667
19.133333333333333,257,AV,0,8,8,9,1,0,0,26,1040.734547163155,0.3,-5.739999999999999
43.46666666666667,273,AV,0,5,1,5,12,0,0,42,2239.257430619588,0.5,-21.733333333333334
37.6,130,AV,2,0,1,6,4,0,0,44,877.2934597877683,0.2,-7.5200000000000005
31.45,122,AV,1,2,8,2,4,0,0,60,1628.9397076974285,0.9,-28.305
73.5,243,AV,0,5,5,5,0,0,0,53,3257.3450634265246,0.9,-66.15
103.16666666666667,114,AV,0,5,6,0,3,0,0,80,3803.247088152212,0.5,-51.583333333333336
30.966666666666665,108,AV,2,0,2,6,2,0,0,46,1141.0395517097602,0.2,-6.193333333333333
26.25,260,AV,2,1,0,2,10,0,0,18,12051.378145129962,0.2,-5.25
78.48333333333333,162,AV,0,8,3,3,6,0,0,58,1596.1763216794554,0.4,-31.393333333333334
39.5,233,AV,2,3,2,0,11,0,0,61,2927.9701715656583,1.0,-39.5
22.916666666666668,155,AV,1,1,5,4,0,0,0,45,4572.8741748457805,0.2,-4.583333333333334
32.78333333333333,121,AV,1,3,4,2,1,0,0,61,2744.255474143275,0.3,-9.834999999999999
18.716666666666665,93,AV,1,0,6,9,5,0,0,37,1475.2077210572677,0.1,-1.8716666666666666
16.016666666666666,76,AV,1,3,6,4,6,0,0,33,4196.147454418583,0.1,-1.6016666666666666
22.95,161,AV,1,0,5,1,2,0,0,47,4245.708624069837,0.2,-4.59
83.71666666666667,175,AV,0,5,2,4,6,0,0,60,640.5426603936758,0.2,-16.743333333333336
42.61666666666667,98,AV,2,2,1,5,0,0,0,59,863.3540159882258,0.5,-21.308333333333334
31.183333333333334,280,AV,0,4,3,4,6,0,0,38,954.0002559944874,0.9,-28.065
46.93333333333333,261,AV,0,9,0,2,3,0,0,43,1338.7213376931895,0.3,-14.079999999999998
40.0,166,AV,0,4,5,6,3,0,0,40,2397.5381966938494,1.0,-40.0
99.36666666666666,67,AV,0,9,0,8,6,0,0,75,2187.718469250836,0.8,-79.49333333333334
10.516666666666667,294,AV,1,0,7,0,0,0,0,13,1150.2916000513435,0.3,-3.1550000000000002
75.08333333333333,163,AV,0,5,7,3,2,0,0,53,1297.4303329633815,0.1,-7.508333333333333
19.633333333333333,48,AV,1,3,4,3,1,0,0,41,870.7377108213431,0.2,-3.9266666666666667
40.983333333333334,238,AV,2,2,0,1,6,0,0,58,437.5592869272848,0.9,-36.885000000000005
19.916666666666668,49,AV,1,1,6,6,8,0,0,41,2563.744074524839,0.9,-17.925
33.8,272,AV,1,0,7,0,0,0,0,68,649.7132696839626,0.1,-3.38
87.18333333333334,245,AV,0,8,0,3,6,0,0,62,881.2906222289953,0.1,-8.718333333333334
41.71666666666667,289,AV,2,0,0,4,32,0,0,56,1552.9853059451273,0.3,-12.515
8.45,95,AV,0,4,1,5,1,0,0,17,7332.887514065835,0.3,-2.5349999999999997
14.75,61,AV,1,0,8,6,6,0,0,31,1167.011530479414,0.1,-1.475
90.85,234,AV,0,7,8,5,11,0,0,64,3159.4556453821087,0.9,-81.765
45.1,36,AV,0,8,1,3,5,0,0,42,7081.334819999852,0.5,-22.55
31.6,222,AV,1,2,6,4,7,0,0,60,3534.445695738256,1.0,-31.6
45.43333333333333,88,AV,2,2,2,0,9,0,0,75,6778.2755320215965,0.1,-4.543333333333333
32.55,200,AV,1,0,9,3,8,0,0,60,3206.59631480788,0.1,-3.255
33.88333333333333,232,AV,2,2,1,8,2,0,0,53,3366.895459871004,1.0,-33.88333333333333
35.18333333333333,157,AV,2,1,1,0,6,0,0,49,4662.282088415262,0.5,-17.591666666666665
59.266666666666666,262,AV,0,7,4,7,5,0,0,47,8987.822610831106,0.2,-11.853333333333333
62.833333333333336,80,AV,0,9,4,5,4,0,0,48,3151.1733449572957,0.2,-12.566666666666668
52.25,90,AV,0,8,2,9,1,0,0,46,1005.9867386644172,0.1,-5.2250000000000005
37.63333333333333,105,AV,2,0,2,6,4,0,0,49,4818.617258984985,0.1,-3.7633333333333336
33.583333333333336,141,AV,0,4,1,6,2,0,0,37,985.8695826897422,0.5,-16.791666666666668
18.8,44,AV,1,2,5,3,1,0,0,37,3941.04555698938,0.3,-5.64
33.483333333333334,209,AV,1,0,5,0,0,0,0,61,7572.106998522375,0.2,-6.696666666666667
41.983333333333334,119,AV,2,0,0,5,3,0,0,60,2131.3254046090938,0.1,-4.198333333333333
83.68333333333334,193,AV,0,8,0,5,3,0,0,60,3778.090807703549,0.1,-8.368333333333334
10.066666666666666,151,AV,0,8,1,5,2,0,0,18,1927.298426803608,1.0,-10.066666666666666
32.11666666666667,74,AV,1,0,4,5,2,0,0,58,3017.17067826153,0.3,-9.635
36.4,287,AV,2,2,3,1,6,0,0,43,473.5024380788758,0.3,-10.92
34.86666666666667,106,AV,1,1,6,6,3,0,0,74,2318.1098695731453,0.1,-3.486666666666667
21.583333333333332,69,AV,1,0,6,1,0,0,0,41,844.3352662229099,0.6,-12.95
26.75,270,AV,1,0,4,2,1,0,0,49,542.8991684878858,0.1,-2.6750000000000003
29.933333333333334,83,AV,1,3,9,8,1,0,0,54,1454.957177165027,0.2,-5.986666666666667
20.65,230,AV,0,4,1,6,2,0,0,28,1434.4967426379471,0.2,-4.13
34.5,138,AV,1,0,4,6,11,0,0,70,2382.718205806423,0.2,-6.9
40.13333333333333,12,AV,2,0,3,6,10,0,0,58,5882.279762541917,0.7,-28.09333333333333
22.016666666666666,181,AV,1,2,4,6,9,0,0,42,1517.942512651984,0.4,-8.806666666666667
24.883333333333333,148,AV,2,3,0,3,5,0,0,16,832.3173438658397,0.5,-12.441666666666666
43.86666666666667,52,AV,2,1,0,4,1,0,0,66,1718.6657268339234,0.4,-17.546666666666667
21.55,190,AV,1,0,6,2,4,0,0,42,388.2787303527966,0.3,-6.465
28.55,226,AV,1,3,8,7,6,0,0,51,8795.495569618428,0.6,-17.13
80.23333333333333,15,AV,0,5,0,0,5,0,0,58,3882.59008652233,0.2,-16.046666666666667
38.15,167,AV,1,3,5,9,11,0,0,94,2520.757475212996,0.5,-19.075
12.15,87,AV,0,7,7,9,4,0,0,22,742.4887258523852,0.3,-3.645
22.533333333333335,127,AV,0,5,4,3,1,0,0,31,465.3670128771111,1.0,-22.533333333333335
54.016666666666666,43,AV,0,8,2,5,2,0,0,46,2530.9644311939346,0.3,-16.205
89.06666666666666,199,AV,0,6,7,9,10,0,0,63,3752.1132597063192,0.1,-8.906666666666666
96.21666666666667,276,AV,0,6,5,2,0,0,0,70,6130.868263041086,0.8,-76.97333333333334
12.833333333333334,296,AV,1,2,4,2,9,0,0,22,863.5619359671642,0.3,-3.85
40.0,64,AV,0,4,6,7,4,0,0,40,4754.245589533712,0.4,-16.0
55.85,253,AV,0,6,3,3,0,0,0,46,1148.2139867956057,0.7,-39.095
31.233333333333334,56,AV,0,5,4,3,4,0,0,37,1751.9448432672848,0.5,-15.616666666666667
60.95,30,AV,0,7,4,6,0,0,0,47,1592.2311391495805,0.4,-24.380000000000003
29.1,109,AV,1,1,8,4,9,0,0,53,2722.266725979925,0.5,-14.55
21.616666666666667,58,AV,1,0,6,0,0,0,0,41,1509.578116022191,0.3,-6.485
33.93333333333333,242,AV,1,1,7,4,7,0,0,68,597.1498506777683,0.1,-3.393333333333333
29.466666666666665,118,AV,2,0,0,4,2,0,0,43,837.3801312568858,0.3,-8.84
38.93333333333333,21,AV,2,1,0,4,2,0,0,50,720.4688823460104,0.3,-11.679999999999998
106.28333333333333,54,AV,0,8,3,7,12,0,0,99,5434.023139443809,0.7,-74.39833333333333
31.966666666666665,77,AV,1,1,4,3,7,0,0,59,3456.1529418207683,0.2,-6.3933333333333335
49.6,115,AV,2,2,0,3,6,0,0,85,1174.3503864217532,0.2,-9.920000000000002
46.13333333333333,231,AV,2,1,1,0,6,0,0,77,2113.1349678504243,0.3,-13.84
25.883333333333333,204,AV,0,4,1,6,3,0,0,34,1301.8927857652438,0.5,-12.941666666666666
14.85,236,AV,1,3,6,9,9,0,0,31,627.4062491148882,0.3,-4.455
33.016666666666666,284,AV,2,1,0,9,7,0,0,37,818.0604611907775,0.1,-3.3016666666666667
71.56666666666666,229,AV,0,9,6,7,3,0,0,52,2360.1328348572283,0.5,-35.78333333333333
48.583333333333336,140,AV,0,4,2,5,4,0,0,43,10783.100237376317,0.3,-14.575
36.85,218,AV,2,1,1,1,12,0,0,54,1986.5043233563797,0.1,-3.6850000000000005
42.78333333333333,91,AV,2,0,0,5,2,0,0,63,793.0252767736928,0.9,-38.505
24.166666666666668,1,AV,2,3,1,0,7,0,0,31,1794.439334206041,0.9,-21.75
