travel_time,id,kind,action,origin,destination,start_time,income,urgency,reward,observation,cost_table
32.766666666666666,291,AV,1,0,0,82,11861.36896338871,0.6,-63.88750348995506,"0.31125,0.2543466666666667,0.3604909560723514,0.6,0.82,0.5860583346804944","0,0,0"
23.916666666666668,66,AV,1,0,0,48,1135.438045570021,0.3,-7.057264640647702,"0.32844871794871794,0.24828160919540224,0.3491309523809524,0.3,0.48,0.05610085414032447","0,0,0"
67.2,262,AV,0,0,0,99,5912.288420941998,0.4,-40.131897160333565,"0.3332850877192982,0.24280729166666667,0.3481483050847457,0.4,0.99,0.2921202364434439","0,0,0"
51.65,39,AV,0,0,0,82,881.2906222289953,1.0,-11.494611272254447,"0.39557657657657663,0.24737142857142858,0.36202469135802473,1.0,0.82,0.04354368505248021","0,0,0"
42.483333333333334,264,AV,2,0,0,77,6130.868263041086,0.3,-19.731796972843092,"0.3546747967479675,0.2498513513513514,0.34893154761904766,0.3,0.77,0.3029200470429381","0,0,0"
29.45,62,AV,2,0,0,30,1104.4445206976068,0.1,-0.8213608872359728,"0.2748566666666667,0.2426590909090909,0.336716814159292,0.1,0.3,0.05456949518600221","0,0,0"
24.45,281,AV,2,0,0,5,8475.089255911002,0.1,-5.232725563308686,"0.3104351851851852,0.24871568627450974,0.3430819209039548,0.1,0.05,0.41874565329841523","0,0,0"
21.7,162,AV,1,0,0,41,2538.843693606908,0.3,-9.173705162974992,"0.341576923076923,0.2602619047619048,0.3578899371069182,0.3,0.41,0.12544171854715278","0,0,0"
22.9,19,AV,2,0,0,15,617.4453946714843,0.1,-0.35705806914083305,"0.2743455284552846,0.28600000000000003,0.3487853107344632,0.1,0.15,0.03050735719243069","0,0,0"
68.98333333333333,205,AV,0,0,0,99,3458.1247672483346,0.3,-18.072194964193,"0.2818229166666667,0.24950537634408604,0.3554409448818898,0.3,0.99,0.17086247367116114","0,0,0"
60.4,175,AV,0,0,0,89,2815.231094880572,0.4,-17.1757533465441,"0.3269658119658121,0.26860952380952374,0.3598492063492064,0.4,0.89,0.1390977426213619","0,0,0"
45.5,101,AV,2,0,0,93,1592.6375082496468,0.1,-1.8299244097312863,"0.28777777777777774,0.2591166666666666,0.3569947506561681,0.1,0.93,0.0786906206792357","0,0,0"
34.63333333333333,49,AV,0,0,0,46,959.5289757906356,0.3,-2.517552034965834,"0.20428070175438598,0.18081249999999993,0.30067307692307693,0.3,0.46,0.04740936357053375","0,0,0"
41.11666666666667,24,AV,2,0,0,93,640.5426603936758,0.1,-0.6650752286158241,"0.32628888888888885,0.2622261904761905,0.34196801346801353,0.1,0.93,0.03164856990797825","0,0,0"
47.61666666666667,45,AV,2,0,0,98,912.6272274022258,0.1,-1.0973804666195957,"0.22545555555555552,0.2111782945736434,0.3181595441595441,0.1,0.98,0.04509199526010037","0,0,0"
21.266666666666666,108,AV,1,0,0,36,1649.648602545546,0.1,-5.885922397663348,"0.2578953488372093,0.21772916666666664,0.3255013774104683,0.1,0.36,0.08150748162374356","0,0,0"
24.15,289,AV,2,0,0,7,11515.391842589095,0.5,-35.11322133819781,"0.31730341880341884,0.2597634408602151,0.35303333333333337,0.5,0.07,0.5689639524149042","0,0,0"
23.75,278,AV,2,0,0,8,8139.327108000771,0.1,-4.8815408791671295,"0.33412393162393167,0.24986021505376346,0.3667792022792022,0.1,0.08,0.40215598259005225","0,0,0"
15.566666666666666,96,AV,0,0,0,25,1530.0661682302475,0.1,-0.6014654045147522,"0.29312626262626257,0.230875,0.3467213333333333,0.1,0.25,0.07559903357460358","0,0,0"
38.86666666666667,297,AV,2,0,0,72,17322.90883950548,0.4,-68.00845692546596,"0.29723873873873874,0.24491954022988505,0.3536884057971015,0.4,0.72,0.8559075379611304","0,0,0"
31.866666666666667,271,AV,2,0,0,38,7334.728577480919,0.1,-5.902357340127744,"0.285219696969697,0.2255959595959596,0.33482253086419755,0.1,0.38,0.3624015768095477","0,0,0"
34.78333333333333,127,AV,2,0,0,53,1888.2149669861096,0.5,-8.292728611321571,"0.35822522522522526,0.2443611111111111,0.36174928774928783,0.5,0.53,0.09329480623074009","0,0,0"
37.31666666666667,54,AV,2,0,0,67,1022.032321197676,0.4,-3.8524080255245736,"0.2795555555555556,0.2375,0.32579032258064516,0.4,0.67,0.05049759112961852","0,0,0"
55.06666666666667,91,AV,0,0,0,83,1496.328062426438,0.4,-8.323009963395542,"0.29334166666666667,0.2081382113821138,0.3254716981132076,0.4,0.83,0.07393206763132296","0,0,0"
25.45,158,AV,2,0,0,27,2496.2043409386315,0.4,-6.417010149180624,"0.2833181818181818,0.22711494252873565,0.3391102150537635,0.4,0.27,0.12333495093088893","0,0,0"
22.3,157,AV,2,0,0,7,2486.38103050259,0.1,-1.400159014651711,"0.3357521367521368,0.2516866666666667,0.3402569444444444,0.1,0.07,0.12284959102235175","0,0,0"
35.95,105,AV,2,0,0,53,1626.914224999384,0.3,-4.430876241570292,"0.27722480620155043,0.2129768518518519,0.32009909909909917,0.3,0.53,0.0803841988487261","0,0,0"
35.31666666666667,152,AV,2,0,0,59,2398.572127464108,0.1,-2.1391306136769552,"0.37054166666666666,0.2705222222222222,0.3667227011494253,0.1,0.59,0.11851104126104732","0,0,0"
41.45,250,AV,2,0,0,81,5158.4050556257225,0.3,-16.19817345118835,"0.2891458333333333,0.23573983739837398,0.33039970501474925,0.3,0.81,0.2548716160705086","0,0,0"
28.716666666666665,191,AV,2,0,0,21,3048.604611013583,0.7,-15.475261032590414,"0.2995189393939395,0.24592857142857144,0.3544264264264264,0.7,0.21,0.15062849380578247","0,0,0"
30.25,27,AV,1,0,0,68,727.2326469992182,0.3,-6.666574816039875,"0.30831884057971015,0.25543229166666664,0.35336011904761905,0.3,0.68,0.03593183513143892","0,0,0"
32.166666666666664,231,AV,2,0,0,48,4549.115907877681,0.1,-3.6951993696144463,"0.3097450980392156,0.2585046296296296,0.3537181818181818,0.1,0.48,0.22476725085176577","0,0,0"
42.983333333333334,202,AV,2,0,0,80,3387.2787239910285,0.4,-14.706720251132767,"0.30601893939393937,0.22751234567901238,0.35280112044817924,0.4,0.8,0.16736204178524355","0,0,0"
34.233333333333334,218,AV,1,0,0,92,3793.837230001502,0.7,-27.9578247866,"0.3342727272727273,0.2340151515151515,0.3440855457227138,0.7,0.92,0.18744968948578491","0,0,0"
34.016666666666666,130,AV,2,0,0,50,1927.298426803608,0.1,-1.655562327064884,"0.3092777777777778,0.21671171171171172,0.3387708333333333,0.1,0.5,0.09522588075045987","0,0,0"
37.53333333333333,171,AV,2,0,0,59,2767.495209174315,0.1,-2.6230636410187533,"0.24594017094017098,0.2177311827956989,0.32682878787878794,0.1,0.59,0.1367391604233156","0,0,0"
43.71666666666667,208,AV,2,0,0,87,3558.5090095449787,0.1,-3.9284381868840406,"0.22970138888888886,0.20974583333333333,0.33732352941176474,0.1,0.87,0.17582235832276605","0,0,0"
43.31666666666667,232,AV,2,0,0,100,4559.760277629775,0.2,-9.975435152828103,"0.2748495934959349,0.22854444444444438,0.3448557422969188,0.2,1.0,0.2252931784769742","0,0,0"
42.2,156,AV,2,0,0,75,2478.182963693478,0.2,-5.281783892316404,"0.29160869565217395,0.22564102564102562,0.3375484848484848,0.2,0.75,0.12244453277008954","0,0,0"
37.233333333333334,143,AV,2,0,0,57,2218.0502812558643,0.1,-2.0854900371740746,"0.24867567567567572,0.20768965517241386,0.3180762711864407,0.1,0.57,0.10959163803796217","0,0,0"
47.78333333333333,183,AV,2,0,0,90,2953.464044858564,0.1,-3.5637968925124173,"0.2856869918699187,0.23889898989898992,0.3480913461538461,0.1,0.9,0.1459276939290168","0,0,0"
15.65,132,AV,0,0,0,23,1945.516475481125,0.1,-0.7688720414464547,"0.31543333333333334,0.22923076923076924,0.34768767507002807,0.1,0.23,0.09612601624932422","0,0,0"
10.233333333333333,26,AV,0,0,0,19,676.2529471816457,0.4,-0.6990224066827113,"0.22988888888888892,0.2460416666666667,0.3375652777777778,0.4,0.19,0.033412979334117666","0,0,0"
29.366666666666667,176,AV,1,0,0,68,2818.3733061874163,0.6,-17.540337791672293,"0.3037740740740741,0.26937681159420285,0.36746448087431693,0.6,0.68,0.13925299612805134","0,0,0"
40.96666666666667,172,AV,2,0,0,78,2793.3389947689566,1.0,-28.89742108224788,"0.31287719298245614,0.27535585585585587,0.35161159420289856,1.0,0.78,0.13801607592895285","0,0,0"
27.966666666666665,203,AV,2,0,0,25,3389.778327720714,0.4,-9.575838440934946,"0.33021851851851847,0.25478260869565217,0.36755464480874317,0.4,0.25,0.1674855446965603","0,0,0"
37.516666666666666,20,AV,1,0,0,100,623.7253316558669,1.0,-10.909114989719512,"0.30247517730496454,0.2308174603174603,0.361103825136612,1.0,1.0,0.03081764257536799","0,0,0"
35.833333333333336,190,AV,2,0,0,55,3046.5766145774583,0.2,-5.513585624024862,"0.3288858024691358,0.204671568627451,0.3343839869281046,0.2,0.55,0.15052829253746666","0,0,0"
41.63333333333333,46,AV,2,0,0,71,934.0011274976006,0.9,-8.837631880640176,"0.2388604651162791,0.22767567567567565,0.3221272727272727,0.9,0.71,0.04614805820984811","0,0,0"
30.0,193,AV,1,0,0,72,3101.095365071405,0.1,-7.34931467050864,"0.37272222222222234,0.24920325203252033,0.3740272988505747,0.1,0.72,0.15322200927639995","0,0,0"
35.8,283,AV,2,0,0,52,8795.495569618428,0.1,-7.9514833684934265,"0.40234895833333334,0.25740942028985503,0.37505654761904755,0.1,0.52,0.43457660765217343","0,0,0"
60.45,284,AV,0,0,0,89,8981.750106371177,0.2,-27.421555248996857,"0.25747967479674794,0.21549523809523807,0.30954678362573107,0.2,0.89,0.4437792573608979","0,0,0"
42.86666666666667,181,AV,0,0,0,69,2909.8477340427667,0.3,-9.449657035300499,"0.3539000000000001,0.25422413793103443,0.3543085808580858,0.3,0.69,0.1437726557913017","0,0,0"
39.56666666666667,209,AV,0,0,0,60,3628.2404526711953,0.1,-3.6251863782160854,"0.32642916666666666,0.2636481481481482,0.34392836257309944,0.1,0.6,0.1792677189349818","0,0,0"
37.65,274,AV,2,0,0,74,7572.106998522375,0.6,-43.195428559752635,"0.285957264957265,0.24894444444444447,0.34106811594202896,0.6,0.74,0.37413020632558763","0,0,0"
23.85,38,AV,1,0,0,44,877.2934597877683,0.2,-6.056739849289812,"0.34954838709677427,0.22688518518518516,0.3449198717948718,0.2,0.44,0.04334618926839462","0,0,0"
35.2,121,AV,2,0,0,61,1824.367004680513,0.9,-14.594936037444104,"0.31469767441860463,0.24435,0.34507886904761903,0.9,0.61,0.09014014250035135","0,0,0"
39.36666666666667,106,AV,2,0,0,80,1635.9686818612918,0.2,-3.252658271512097,"0.34260666666666667,0.244359375,0.3476712962962963,0.2,0.8,0.08083157047389894","0,0,0"
10.35,163,AV,0,0,0,19,2553.8725848963804,0.1,-0.6674894255979176,"0.3212094017094017,0.19908823529411762,0.32205255255255255,0.1,0.19,0.1261842809805775","0,0,0"
28.85,201,AV,1,0,0,74,3386.12741774329,0.2,-9.933827070802725,"0.3347612612612613,0.2420656565656566,0.35360972222222226,0.2,0.74,0.16730515689916173","0,0,0"
44.75,239,AV,0,0,0,77,4662.282088415262,0.4,-21.074456914806355,"0.3455931372549019,0.2508854166666667,0.3532803738317757,0.4,0.77,0.23035867824203715","0,0,0"
23.233333333333334,89,AV,2,0,0,5,1467.6871321740252,0.4,-3.4443701384690084,"0.2405675675675676,0.2145952380952381,0.3257754237288135,0.4,0.05,0.07251694801576773","0,0,0"
19.033333333333335,166,AV,0,0,0,27,2629.980017260476,0.1,-1.2640728870839495,"0.2888636363636364,0.21509595959595962,0.33914650537634405,0.1,0.27,0.1299446728211638","0,0,0"
14.166666666666666,160,AV,1,0,0,12,2530.9644311939346,0.1,-5.905437612169547,"0.3158153153153153,0.24696031746031755,0.36008408408408416,0.1,0.12,0.12505241210010515","0,0,0"
17.2,28,AV,1,0,0,18,753.7709081553346,0.1,-5.327395444956357,"0.35154411764705884,0.26285,0.3581053459119497,0.1,0.18,0.03724306397749163","0,0,0"
43.88333333333333,196,AV,2,0,0,90,3257.3450634265246,0.1,-3.609675737374596,"0.3261666666666667,0.25116666666666665,0.3456708683473389,0.1,0.9,0.1609421500371313","0,0,0"
24.916666666666668,147,AV,2,0,0,22,2283.7291705859197,1.0,-14.369423863745583,"0.31859722222222225,0.23301666666666665,0.3394672364672364,1.0,0.22,0.1128367660348439","0,0,0"
37.083333333333336,40,AV,2,0,0,64,892.1845339920479,0.4,-3.3419370170577554,"0.28112380952380944,0.216203125,0.3391314363143632,0.4,0.64,0.044081942297973305","0,0,0"
58.666666666666664,220,AV,0,0,0,87,3898.759045987068,0.4,-23.103757309552996,"0.37116666666666664,0.2560625000000001,0.35214092140921416,0.4,0.87,0.19263377109878843","0,0,0"
49.06666666666667,259,AV,2,0,0,100,5721.231751015957,0.5,-35.44466808710223,"0.324448275862069,0.2153589743589744,0.35413114754098357,0.5,1.0,0.2826803181547486","0,0,0"
36.1,174,AV,2,0,0,46,2813.5576138103806,1.0,-25.648845923877463,"0.3494416666666666,0.2963589743589744,0.37465615615615616,1.0,0.46,0.1390150576014335","0,0,0"
40.233333333333334,140,AV,2,0,0,78,2142.030696222753,0.1,-2.176288762913184,"0.2842525252525252,0.24551984126984128,0.32058550724637674,0.1,0.78,0.10583558664582342","0,0,0"
29.35,69,AV,0,0,0,42,1150.4391077840953,0.4,-3.4106452336831516,"0.23496180555555557,0.24064444444444447,0.34307951070336395,0.4,0.42,0.056842041567067104","0,0,0"
29.15,92,AV,2,0,0,33,1509.578116022191,0.2,-2.2224344485882255,"0.2541285714285715,0.2399432624113475,0.3381774691358025,0.2,0.33,0.07458673947980204","0,0,0"
25.083333333333332,8,AV,2,0,0,26,542.8991684878858,0.5,-1.7194091931276685,"0.31362195121951225,0.24075980392156865,0.33745797101449276,0.5,0.26,0.02682410298216846","0,0,0"
17.15,53,AV,0,0,0,26,1017.530975349866,0.1,-0.4406731370517728,"0.25908333333333333,0.21732407407407411,0.3221076696165192,0.1,0.26,0.050275184149485695","0,0,0"
40.46666666666667,169,AV,2,0,0,75,2754.938443140308,0.3,-8.445695126192765,"0.3429128787878788,0.2614666666666666,0.3609698275862069,0.3,0.75,0.13611874321737782","0,0,0"
26.416666666666668,256,AV,2,0,0,6,5502.789496653042,0.2,-7.341684639894842,"0.25286868686868685,0.2122760416666667,0.31664285714285706,0.2,0.06,0.27188730562719554","0,0,0"
42.86666666666667,4,AV,0,0,0,69,506.5869000089976,0.7,-3.8386323854217137,"0.3275686274509803,0.2526485507246377,0.35965454545454534,0.7,0.69,0.025029950244917432","0,0,0"
48.016666666666666,36,AV,0,0,0,81,859.2772315809713,0.1,-1.0419098081585767,"0.3217727272727273,0.230962962962963,0.3276896024464832,0.1,0.81,0.042456025516412095","0,0,0"
36.21666666666667,206,AV,0,0,0,49,3523.1638559153366,1.0,-32.22152802569035,"0.23291441441441443,0.22629292929292938,0.30860000000000004,1.0,0.49,0.1740759897594787","0,0,0"
31.65,184,AV,2,0,0,37,2965.4163440895786,0.4,-9.480346190953046,"0.3306178861788618,0.22484848484848488,0.33360683760683757,0.4,0.37,0.14651824503694982","0,0,0"
35.38333333333333,215,AV,1,0,0,98,3758.845856207275,0.2,-11.717196761555593,"0.33708518518518515,0.2272008547008547,0.34311949685534593,0.2,0.98,0.18572080082906037","0,0,0"
33.75,261,AV,2,0,0,47,5899.132481879994,0.3,-15.083009186624984,"0.2846224489795918,0.2526975308641975,0.3338230994152046,0.3,0.47,0.29147021469961026","0,0,0"
32.333333333333336,199,AV,2,0,0,43,3366.895459871004,0.4,-10.996257899242002,"0.37294871794871787,0.26988709677419354,0.38216822429906544,0.4,0.43,0.16635492516469105","0,0,0"
31.083333333333332,214,AV,0,0,0,44,3752.1132597063192,0.1,-2.945156241309885,"0.32411217948717946,0.23534188034188033,0.35091750841750846,0.1,0.44,0.1853881499937643","0,0,0"
53.38333333333333,79,AV,0,0,0,83,1317.647826688136,0.4,-7.1050942573772735,"0.2706744186046512,0.26785772357723575,0.3448516666666667,0.4,0.83,0.06510365653304864","0,0,0"
35.31666666666667,86,AV,2,0,0,47,1411.5824788559885,0.1,-1.2588986837945455,"0.37438235294117644,0.26183888888888884,0.3769467787114847,0.1,0.47,0.06974487341013964","0,0,0"
43.333333333333336,31,AV,2,0,0,86,793.0252767736928,0.3,-2.6033658075904054,"0.3422093023255814,0.2761021505376345,0.3745244252873563,0.3,0.86,0.0391825829295129","0,0,0"
41.88333333333333,275,AV,2,0,0,77,7612.519032757181,0.2,-16.10291273511683,"0.2752843137254902,0.2294722222222222,0.33672953216374274,0.2,0.77,0.3761269243737155","0,0,0"
33.11666666666667,6,AV,2,0,0,53,522.440884226393,0.1,-0.43690658121121334,"0.3530555555555555,0.23371875000000003,0.3564478114478115,0.1,0.53,0.02581327969172718","0,0,0"
31.45,136,AV,2,0,0,38,2113.1349678504243,0.3,-5.034704146886049,"0.3293333333333333,0.2566504065040651,0.36146759259259265,0.3,0.38,0.10440787771091574","0,0,0"
34.666666666666664,110,AV,0,0,0,47,1664.0464513081895,0.5,-7.28370500572608,"0.3129279279279279,0.25494827586206903,0.35861842105263153,0.5,0.47,0.08221886487932402","0,0,0"
22.516666666666666,95,AV,2,0,0,6,1528.3774584247917,0.1,-0.8690395397019756,"0.3277083333333334,0.22042307692307697,0.3545887978142076,0.1,0.06,0.07551559611815158","0,0,0"
29.883333333333333,149,AV,2,0,0,31,2329.0008356791827,0.5,-8.787665190178398,"0.2573083333333333,0.22141904761904765,0.3388428571428571,0.5,0.31,0.1150735935658535","0,0,0"
62.15,41,AV,0,0,0,92,898.3728471886773,0.4,-5.63978509624003,"0.23110937499999998,0.21293939393939393,0.33768550724637686,0.4,0.92,0.044387700641524724","0,0,0"
31.566666666666666,61,AV,2,0,0,34,1100.389953660579,0.1,-0.8771626987513202,"0.3549322916666667,0.2681296296296296,0.35920833333333335,0.1,0.34,0.05436916309845774","0,0,0"
32.6,286,AV,1,0,0,87,9280.176126726552,0.2,-20.279481905620486,"0.30719696969696975,0.22930246913580243,0.3438347338935575,0.2,0.87,0.4585241874827607","0,0,0"
17.15,227,AV,0,0,0,25,4237.057085974603,0.5,-9.174940533391974,"0.3633939393939394,0.2588269230769231,0.3789999999999999,0.5,0.25,0.20934873768929974","0,0,0"
27.133333333333333,100,AV,2,0,0,15,1587.6148581174584,0.6,-6.526861083371773,"0.2847735042735043,0.26687222222222223,0.35917217630854,0.6,0.15,0.07844245657766878","0,0,0"
39.71666666666667,165,AV,2,0,0,74,2612.3907844155665,0.3,-7.860261665735222,"0.3063916666666666,0.24896551724137936,0.3346818181818182,0.3,0.74,0.12907560648141725","0,0,0"
21.683333333333334,113,AV,2,0,0,5,1703.2333497257905,0.1,-0.9326206178422783,"0.4078658536585366,0.2921452991452992,0.39855454545454544,0.1,0.05,0.08415505019644881","0,0,0"
31.083333333333332,224,AV,0,0,0,45,3958.913906791885,0.3,-9.322442469907658,"0.2345,0.22321052631578947,0.30953869047619054,0.3,0.45,0.19560596239095915","0,0,0"
57.06666666666667,229,AV,0,0,0,85,4412.688598555705,0.3,-19.077077981634766,"0.3450757575757576,0.25613690476190476,0.36022222222222233,0.3,0.85,0.21802651443652019","0,0,0"
43.45,21,AV,2,0,0,89,627.4062491148882,0.3,-2.06521223666984,"0.23603999999999994,0.2259666666666667,0.34384972677595627,0.3,0.89,0.0309995130123124","0,0,0"
32.53333333333333,125,AV,2,0,0,41,1848.7234685638712,0.3,-4.556449760904894,"0.27321666666666666,0.21087209302325582,0.32764174454828654,0.3,0.41,0.09134357093312716","0,0,0"
23.85,292,AV,2,0,0,7,12726.503958899895,0.6,-45.988957487842804,"0.3266222222222222,0.22662500000000002,0.3520939393939394,0.6,0.07,0.6288037864329918","0,0,0"
24.133333333333333,60,AV,2,0,0,11,1089.3140785512585,0.2,-1.3277161496146652,"0.32154878048780494,0.22599523809523805,0.35053365384615376,0.2,0.11,0.05382191522667051","0,0,0"
28.866666666666667,98,AV,2,0,0,38,1552.9853059451273,0.7,-7.924408185723368,"0.3278536585365854,0.2532095238095238,0.35262012012012006,0.7,0.38,0.07673144516410514","0,0,0"
25.85,253,AV,2,0,0,18,5427.330032863625,0.1,-3.542840438119311,"0.29990090090090094,0.234962962962963,0.3432514367816093,0.1,0.18,0.26815892926348833","0,0,0"
24.25,13,AV,0,0,0,32,597.1498506777683,0.2,-0.7313577716634284,"0.27587500000000004,0.22973983739837397,0.3285535168195718,0.2,0.32,0.029504574735270385","0,0,0"
30.516666666666666,146,AV,2,0,0,33,2280.385817754286,0.5,-8.786587610075964,"0.31092105263157893,0.2572428571428571,0.3456713836477987,0.5,0.33,0.1126715743273096","0,0,0"
34.45,118,AV,2,0,0,54,1797.659883656486,0.1,-1.563873307877928,"0.24891666666666665,0.20004273504273506,0.31513213213213204,0.1,0.54,0.08882057045771759","0,0,0"
24.25,161,AV,2,0,0,22,2533.2754137277425,0.6,-9.307867997408751,"0.33450378787878793,0.251975,0.35504084967320265,0.6,0.22,0.12516659542746134","0,0,0"
49.833333333333336,15,AV,2,0,0,96,601.3137559373858,0.1,-0.756703758523899,"0.2587373737373737,0.22949572649572647,0.33325423728813564,0.1,0.96,0.029710309114645228","0,0,0"
36.03333333333333,43,AV,2,0,0,71,904.859336063587,0.1,-0.8233610625292404,"0.34136666666666665,0.2303222222222222,0.35773598820059005,0.1,0.71,0.044708191546047354","0,0,0"
21.483333333333334,242,AV,1,0,0,41,4717.175795221327,0.7,-22.91375303042173,"0.3512054263565892,0.23582812499999994,0.3586333333333333,0.7,0.41,0.23307092119599135","0,0,0"
40.36666666666667,228,AV,2,0,0,74,4245.708624069837,0.3,-12.983720059971143,"0.31604824561403516,0.24400877192982454,0.34008333333333335,0.3,0.74,0.20977620150263931","0,0,0"
22.583333333333332,216,AV,2,0,0,1,3773.073658575576,0.3,-6.45519546385089,"0.25252252252252255,0.21507916666666665,0.3218851132686084,0.3,0.01,0.1864237822629797","0,0,0"
24.133333333333333,296,AV,2,0,0,8,15725.918848752755,0.6,-57.50285478028785,"0.3003675213675214,0.26939743589743587,0.3692362318840581,0.6,0.08,0.7770018654902042","0,0,0"
29.166666666666668,37,AV,2,0,0,35,863.3540159882258,0.2,-1.271775696952353,"0.33527777777777773,0.2526447368421052,0.3486666666666667,0.2,0.35,0.04265745534191888","0,0,0"
28.766666666666666,135,AV,1,0,0,72,2088.64210540395,0.5,-12.586271620217211,"0.2988170731707317,0.2399285714285714,0.33708708708708707,0.5,0.72,0.10319770996204586","0,0,0"
29.366666666666667,273,AV,0,0,0,40,7511.51421120444,0.1,-5.570407424302283,"0.3237643678160919,0.24164285714285716,0.3295338345864662,0.1,0.4,0.3711363775239707","0,0,0"
28.483333333333334,276,AV,2,0,0,29,7958.958807233507,0.4,-22.898755221484958,"0.3295919540229885,0.26779729729729734,0.35689224137931036,0.4,0.29,0.3932441658930853","0,0,0"
8.733333333333333,124,AV,0,0,0,8,1838.9541098615327,0.4,-1.6222423460731366,"0.3508624999999999,0.27525,0.3540219298245614,0.4,0.08,0.09086087672559844","0,0,0"
44.63333333333333,234,AV,0,0,0,70,4577.590037133467,0.1,-5.159421767442519,"0.29477604166666665,0.22820833333333332,0.3311468646864686,0.1,0.7,0.2261741289975035","0,0,0"
26.066666666666666,76,AV,2,0,0,14,1279.3396024785957,0.1,-0.8421242164463484,"0.2728529411764706,0.2300765765765766,0.33751987767584096,0.1,0.14,0.06321088562657848","0,0,0"
26.6,279,AV,2,0,0,5,8331.964781214912,0.2,-11.193447635369532,"0.3063079710144927,0.27168181818181814,0.3579264264264264,0.2,0.05,0.4116740166642871","0,0,0"
46.36666666666667,295,AV,0,0,0,79,14754.343640924068,0.7,-120.9284882421529,"0.3804270833333333,0.2479425287356322,0.36275581395348844,0.7,0.79,0.7289973096860264","0,0,0"
13.05,59,AV,1,0,0,0,1083.524948441525,0.4,-6.428282886582011,"0.38422368421052633,0.24412393162393162,0.3603914373088686,0.4,0.0,0.053535880118764236","0,0,0"
44.78333333333333,290,AV,2,0,0,88,11662.42845360034,0.1,-13.188950023074124,"0.3227687074829932,0.24686363636363637,0.34201080246913584,0.1,0.88,0.5762288837775733","0,0,0"
63.733333333333334,83,AV,0,0,0,93,1365.417472605012,0.1,-2.1975405788053735,"0.34175416666666664,0.24844318181818184,0.3552491909385113,0.1,0.93,0.06746390678921493","0,0,0"
25.633333333333333,268,AV,2,0,0,14,7081.334819999852,0.2,-9.1675866609089,"0.31670588235294117,0.21918095238095234,0.3332971014492753,0.2,0.14,0.34988164559535495","0,0,0"
36.25,270,AV,0,0,0,49,7130.271245067938,0.1,-6.5270791069119385,"0.2574619047619048,0.23126984126984126,0.31976146788990834,0.1,0.49,0.3522995452382328","0,0,0"
33.916666666666664,88,AV,2,0,0,56,1447.5744631551047,0.5,-6.199103603789221,"0.34002325581395354,0.26526282051282046,0.35016253443526174,0.5,0.56,0.07152320122755207","0,0,0"
24.266666666666666,221,AV,0,0,0,32,3919.41152379869,0.2,-4.803588534217923,"0.2535736434108527,0.21950000000000003,0.30590265486725665,0.2,0.32,0.1936541892976206","0,0,0"
63.78333333333333,16,AV,0,0,0,93,610.4868582393152,0.4,-3.9332208863330966,"0.3212204301075268,0.2550555555555556,0.35982791327913277,0.4,0.93,0.03016354289191967","0,0,0"
6.883333333333334,226,AV,0,0,0,8,4135.471393234625,0.1,-0.718834042679251,"0.3147894736842105,0.24987373737373736,0.3432880116959065,0.1,0.08,0.20432949057724065","0,0,0"
47.11666666666667,189,AV,2,0,0,83,3032.1279287666234,0.4,-14.430682920241152,"0.29809047619047624,0.24835227272727267,0.3415345345345346,0.4,0.83,0.14981439747436257","0,0,0"
33.06666666666667,51,AV,2,0,0,53,985.8695826897422,0.1,-0.8232176986769565,"0.34221317829457365,0.2591066666666666,0.3571270491803279,0.1,0.53,0.04871082651814225","0,0,0"
22.766666666666666,280,AV,2,0,0,16,8436.938288223368,0.9,-43.65476402164061,"0.30777777777777776,0.24456140350877192,0.3409612068965517,0.9,0.16,0.4168606522788469","0,0,0"
33.25,198,AV,2,0,0,26,3269.866339895674,0.3,-8.236595136479632,"0.272,0.23624137931034483,0.33783630952380955,0.3,0.26,0.161560813739292","0,0,0"
13.0,299,AV,1,0,0,7,20239.22920549412,0.1,-11.64419140584403,"0.3257051282051282,0.2449555555555555,0.3383691460055096,0.1,0.07,1.0","0,0,0"
40.75,200,AV,2,0,0,80,3368.9508766880413,0.2,-6.9335731426786715,"0.3270324074074074,0.25049382716049384,0.3378214285714286,0.2,0.8,0.16645648124650464","0,0,0"
27.666666666666668,77,AV,2,0,0,25,1282.6858023855964,0.1,-0.8961525387037418,"0.33416666666666667,0.2468888888888889,0.34794583333333334,0.1,0.25,0.06337621800524892","0,0,0"
28.116666666666667,144,AV,2,0,0,24,2255.9253983027734,0.2,-3.2034900226740564,"0.3055515873015873,0.25563020833333333,0.36017901234567906,0.2,0.24,0.11146300955425625","0,0,0"
46.45,245,AV,0,0,0,77,4925.450001742355,0.1,-5.777453348003345,"0.36571825396825397,0.23111979166666663,0.3573074712643678,0.1,0.77,0.24336154068581314","0,0,0"
49.916666666666664,58,AV,0,0,0,81,1074.3823512953045,0.2,-2.7085649344523883,"0.2955045045045045,0.22939062500000001,0.3315255255255255,0.2,0.81,0.05308415357061393","0,0,0"
12.35,107,AV,1,0,0,6,1639.6236094811811,0.4,-7.04538904819117,"0.32266287878787886,0.23553947368421052,0.3339151234567902,0.4,0.06,0.08101215677897904","0,0,0"
26.1,244,AV,2,0,0,15,4889.272753955773,0.1,-3.2224752241981234,"0.2938047619047619,0.21713636363636366,0.33221287128712873,0.1,0.15,0.24157405918544247","0,0,0"
33.5,194,AV,2,0,0,55,3132.463358685509,1.0,-26.49937437271832,"0.2583851851851852,0.25921153846153844,0.3444685534591195,1.0,0.55,0.15477187035537765","0,0,0"
41.55,139,AV,2,0,0,72,2139.4702648744856,0.3,-6.734468901934459,"0.33140789473684207,0.22545652173913042,0.3427312661498709,0.3,0.72,0.10570907830292801","0,0,0"
36.06666666666667,267,AV,1,0,0,93,6918.069898529506,1.0,-68.00801035529399,"0.27189743589743587,0.22794871794871793,0.3367613333333333,1.0,0.93,0.34181488970200175","0,0,0"
38.31666666666667,230,AV,2,0,0,64,4549.070920567666,0.2,-8.80329465183928,"0.2548253968253968,0.21,0.3251408045977011,0.2,0.64,0.22476502807393375","0,0,0"
48.25,117,AV,2,0,0,99,1794.439334206041,0.1,-2.186406512006098,"0.29592735042735047,0.24077956989247312,0.3524106060606061,0.1,0.99,0.08866144634198442","0,0,0"
30.2,148,AV,2,0,0,33,2294.767722006211,0.2,-3.5001002628579587,"0.32661538461538464,0.21240384615384617,0.3348114754098361,0.2,0.33,0.11338216978061968","0,0,0"
24.283333333333335,277,AV,2,0,0,25,8028.27043643778,0.1,-4.923059775206164,"0.31052702702702706,0.21151075268817202,0.3262144808743169,0.1,0.25,0.39666878392080435","0,0,0"
42.7,272,AV,2,0,0,76,7336.658338656486,0.1,-7.910992703551313,"0.23531944444444444,0.2380617283950617,0.3170876436781609,0.1,0.76,0.3624969243722426","0,0,0"
30.566666666666666,112,AV,1,0,0,82,1691.6338586686718,0.4,-10.222990735350749,"0.3083765432098765,0.24293809523809526,0.36467838541666675,0.4,0.82,0.08358193098625824","0,0,0"
30.35,213,AV,2,0,0,32,3729.3449139509553,0.4,-11.432890721051669,"0.2846068376068377,0.24405,0.3363429752066115,0.4,0.32,0.1842631888836256","0,0,0"
24.9,78,AV,1,0,0,50,1294.2551843223837,0.4,-8.255247887841147,"0.298968253968254,0.2607927927927928,0.3425323624595468,0.4,0.5,0.06394784955402583","0,0,0"
40.15,254,AV,2,0,0,66,5458.612723313221,0.2,-11.068853577829586,"0.26792187500000003,0.2577792792792793,0.3497342342342343,0.2,0.66,0.2697045755987304","0,0,0"
41.333333333333336,57,AV,2,0,0,70,1062.4074567339185,0.1,-1.1089101400253023,"0.3239960317460318,0.2276261261261261,0.3500555555555556,0.1,0.7,0.052492486050087245","0,0,0"
19.45,237,AV,1,0,0,38,4645.51881630073,1.0,-27.817005297234644,"0.3448290598290599,0.2824343434343434,0.36955508474576276,1.0,0.38,0.2295304217929239","0,0,0"
56.86666666666667,211,AV,0,0,0,87,3651.018124108644,0.4,-20.97184148057019,"0.2741625,0.2045482456140351,0.3303407738095238,0.4,0.87,0.18039314081771168","0,0,0"
36.5,116,AV,2,0,0,55,1783.933402668827,0.1,-1.6442820504397015,"0.3395215053763442,0.25054166666666666,0.3661902777777778,0.1,0.55,0.08814235881001646","0,0,0"
42.766666666666666,269,AV,2,0,0,86,7099.697064525982,0.2,-15.334867565297701,"0.31371759259259263,0.2420376344086022,0.3332966101694915,0.2,0.86,0.3507889056663633","0,0,0"
27.683333333333334,263,AV,0,0,0,39,5984.209260784091,0.3,-12.550216644144413,"0.30010569105691054,0.2520069444444444,0.34717600000000004,0.3,0.39,0.2956737729497932","0,0,0"
40.5,10,AV,2,0,0,75,567.9518330451218,0.2,-1.1617196585013856,"0.30491176470588227,0.2602794117647059,0.34499851190476183,0.2,0.75,0.028061929991431995","0,0,0"
32.983333333333334,129,AV,2,0,0,54,1922.439846447592,0.6,-9.607344586161073,"0.27620588235294113,0.2069107142857143,0.32671370967741936,0.6,0.54,0.09498582317184927","0,0,0"
40.03333333333333,235,AV,2,0,0,76,4617.1597275219765,0.3,-14.003052607964376,"0.3959572649572649,0.24057246376811597,0.36129271708683464,0.3,0.76,0.22812922768168498","0,0,0"
29.466666666666665,52,AV,2,0,0,37,1014.5614647146556,1.0,-7.54943042767471,"0.3394888888888889,0.24212820512820518,0.34737106918239,1.0,0.37,0.05012846360963409","0,0,0"
39.71666666666667,126,AV,2,0,0,83,1862.7228332236152,0.2,-3.7364213060369327,"0.3118125,0.24410937500000002,0.339430817610063,0.2,0.83,0.09203526548916015","0,0,0"
45.18333333333333,18,AV,2,0,0,98,616.3739675020589,0.2,-1.4065570925068027,"0.3639055555555556,0.2456428571428571,0.3599435028248588,0.2,0.98,0.030454419051430016","0,0,0"
35.03333333333333,179,AV,2,0,0,52,2872.269398564857,0.2,-5.082079356719974,"0.35554365079365086,0.2597833333333333,0.36527314814814815,0.2,0.52,0.1419159479544386","0,0,0"
5.483333333333333,192,AV,0,0,0,1,3064.640983136323,0.4,-1.697418995710186,"0.3076788617886179,0.24973931623931622,0.37310909090909095,0.4,0.01,0.1514208348559242","0,0,0"
33.81666666666667,68,AV,2,0,0,50,1141.5133047894662,0.7,-6.823616779429625,"0.28861742424242426,0.20640196078431378,0.32955803571428566,0.7,0.5,0.0564010266003407","0,0,0"
28.916666666666668,85,AV,2,0,0,39,1405.7852601227096,0.1,-1.0265309033303458,"0.30944318181818187,0.20344270833333333,0.3366966966966967,0.1,0.39,0.0694584386514629","0,0,0"
34.71666666666667,145,AV,1,0,0,84,2276.662146114732,0.1,-6.995912142406139,"0.3091007751937984,0.22078125,0.34767559523809516,0.1,0.84,0.1124875914492194","0,0,0"
16.016666666666666,120,AV,1,0,0,18,1823.811293294481,0.3,-7.212983147545449,"0.3381707317073171,0.2519166666666667,0.33622935779816515,0.3,0.18,0.09011268535856054","0,0,0"
29.366666666666667,255,AV,2,0,0,38,5480.041794665195,0.1,-4.063903048064005,"0.3389047619047619,0.2621910569105691,0.35713621794871797,0.1,0.38,0.27076336450488875","0,0,0"
25.883333333333333,111,AV,1,0,0,64,1682.490559712908,0.1,-6.099708686546358,"0.34785555555555553,0.22564583333333332,0.3238306878306878,0.1,0.64,0.08313016976240285","0,0,0"
36.68333333333333,35,AV,2,0,0,58,857.6590975250949,0.1,-0.7944897616383559,"0.3562407407407408,0.28941954022988503,0.3765565217391304,0.1,0.58,0.04237607513690668","0,0,0"
31.3,265,AV,2,0,0,33,6248.181898567973,0.1,-4.938588217807514,"0.3386507936507936,0.2286559139784946,0.33935612535612536,0.1,0.33,0.3087163960212402","0,0,0"
41.733333333333334,186,AV,0,0,0,60,2969.8754393798326,0.6,-18.779212374260354,"0.31420000000000003,0.25253488372093014,0.3541054131054131,0.6,0.6,0.1467385644594426","0,0,0"
25.783333333333335,123,AV,0,0,0,37,1832.3133019091129,0.1,-1.1930087028844267,"0.3051208333333333,0.22962666666666665,0.3438870056497174,0.1,0.37,0.09053276107035316","0,0,0"
33.583333333333336,266,AV,1,0,0,96,6434.117121135291,0.1,-10.456542928908927,"0.26537096774193547,0.23023737373737369,0.32581286549707605,0.1,0.96,0.3179032687365728","0,0,0"
36.35,164,AV,2,0,0,67,2580.565825479665,0.2,-4.737553927080093,"0.3378131313131314,0.2548838383838384,0.3565111111111112,0.2,0.67,0.12750316720456661","0,0,0"
49.916666666666664,287,AV,0,0,0,81,9884.322174397852,1.0,-124.59404424377763,"0.3140189393939394,0.2503697916666667,0.35097514619883036,1.0,0.81,0.48837443728907737","0,0,0"
49.55,63,AV,2,0,0,97,1111.987968807459,0.6,-8.348333917334788,"0.3318780487804877,0.2334166666666667,0.33765000000000006,0.6,0.97,0.05494220938540485","0,0,0"
41.43333333333333,298,AV,0,0,0,66,17693.100214811147,0.3,-55.536675674268324,"0.403297619047619,0.25145454545454543,0.36510206718346255,0.3,0.66,0.874198322236906","0,0,0"
24.283333333333335,97,AV,2,0,0,12,1538.317647081207,0.1,-0.9433202069854035,"0.2071372549019608,0.22238095238095237,0.320006830601093,0.1,0.12,0.07600673086224138","0,0,0"
27.133333333333333,138,AV,2,0,0,29,2131.3254046090938,0.4,-5.841410368187887,"0.2983921568627451,0.20244961240310075,0.3428569182389938,0.4,0.29,0.10530664893258515","0,0,0"
34.96666666666667,11,AV,2,0,0,68,571.0932451196882,0.7,-3.5299138879746375,"0.34038775510204083,0.2602444444444444,0.3572522935779816,0.7,0.68,0.028217144008856807","0,0,0"
16.016666666666666,84,AV,1,0,0,15,1386.7650627050614,0.3,-6.682678314721672,"0.2276706349206349,0.22676543209876546,0.30803003003003004,0.3,0.15,0.0685186697885022","0,0,0"
19.016666666666666,241,AV,0,0,0,26,4689.4303597647895,0.3,-6.7558586369843745,"0.32799561403508776,0.21751010101010101,0.33101540616246505,0.3,0.26,0.2317000470794511","0,0,0"
18.383333333333333,170,AV,1,0,0,30,2756.9260540590044,0.4,-10.11934248758768,"0.3304489795918367,0.22663131313131313,0.34721141975308645,0.4,0.3,0.1362169490778143","0,0,0"
30.166666666666668,240,AV,1,0,0,80,4669.869929992837,0.4,-19.22973833886706,"0.31505284552845525,0.24268452380952385,0.32485339506172833,0.4,0.8,0.23073358587812023","0,0,0"
46.516666666666666,73,AV,2,0,0,90,1240.6560786390864,0.2,-2.9147063261630386,"0.3307037037037037,0.23606770833333332,0.34352564102564104,0.2,0.9,0.06129957154209703","0,0,0"
30.833333333333332,159,AV,2,0,0,29,2497.1975937909187,0.7,-13.610567693431141,"0.3350405405405406,0.2531666666666667,0.3559831804281346,0.7,0.29,0.12338402655734695","0,0,0"
22.966666666666665,56,AV,2,0,0,15,1059.8377785859489,0.2,-1.229340453612321,"0.30078333333333335,0.2314139784946236,0.34629371584699453,0.2,0.15,0.052365520832099985","0,0,0"
18.366666666666667,293,AV,1,0,0,30,14297.77376075636,0.2,-18.2627497343043,"0.29231818181818187,0.2318505747126437,0.330396694214876,0.2,0.3,0.7064386501870882","0,0,0"
43.95,104,AV,2,0,0,81,1614.9573615816892,0.4,-7.169431923385378,"0.3098875,0.2603166666666667,0.3551500000000001,0.4,0.81,0.0797934222289105","0,0,0"
32.86666666666667,7,AV,0,0,0,46,539.5213747330826,0.3,-1.3433537259768165,"0.21893840579710144,0.19049999999999997,0.29831313131313125,0.3,0.46,0.026657209583190285","0,0,0"
35.4,50,AV,2,0,0,49,985.0802174553831,0.1,-0.8806020125737517,"0.2771594202898551,0.21446236559139784,0.3364292452830189,0.1,0.49,0.04867182477423469","0,0,0"
25.95,243,AV,2,0,0,29,4754.245589533712,0.1,-3.115471541626258,"0.30041452991452994,0.23461764705882357,0.34520370370370373,0.1,0.29,0.234902502524312","0,0,0"
39.56666666666667,288,AV,0,0,0,59,10450.70686878338,0.2,-20.88381995495938,"0.37537398373983744,0.30066666666666664,0.37943306010928957,0.2,0.59,0.5163589365323479","0,0,0"
28.0,48,AV,2,0,0,21,954.0002559944874,0.1,-0.6745456355516578,"0.205025641025641,0.19746190476190473,0.30306784660766967,0.1,0.21,0.04713619507483592","0,0,0"
49.3,9,AV,2,0,0,97,566.7055292848979,0.2,-1.4110395249366396,"0.34018181818181814,0.247375,0.34824435028248596,0.2,0.97,0.02800035137361163","0,0,0"
32.766666666666666,81,AV,0,0,0,47,1342.087988935639,0.4,-4.441994926342536,"0.2945333333333333,0.22553333333333334,0.3283975535168196,0.4,0.47,0.06631122041798494","0,0,0"
36.95,142,AV,2,0,0,55,2215.952556227922,0.3,-6.202988405501645,"0.31975,0.24581439393939392,0.352812893081761,0.3,0.55,0.10948799154991444","0,0,0"
29.483333333333334,197,AV,2,0,0,39,3257.969850357721,0.2,-4.8513035903053945,"0.305295918367347,0.22441666666666663,0.35660644257703084,0.2,0.39,0.1609730201322744","0,0,0"
37.96666666666667,257,AV,0,0,0,54,5578.433439706214,0.1,-5.3483465385735505,"0.34319354838709676,0.2285858585858586,0.3454973544973545,0.1,0.54,0.2756247969261546","0,0,0"
36.916666666666664,222,AV,2,0,0,68,3933.772930850901,0.1,-3.6672167684489665,"0.2887976190476191,0.23596875,0.33760057471264365,0.1,0.68,0.19436377200486682","0,0,0"
27.866666666666667,204,AV,2,0,0,32,3414.9419898187493,0.5,-12.015536630843748,"0.2932851851851852,0.23809895833333336,0.33482153392330394,0.5,0.32,0.16872885598290138","0,0,0"
20.9,25,AV,2,0,0,6,670.158540600369,1.0,-3.5369478531686136,"0.3361397849462366,0.2594305555555556,0.35730894308943084,1.0,0.06,0.033111860822172434","0,0,0"
48.166666666666664,219,AV,0,0,0,79,3824.993837156676,0.2,-9.304909250322217,"0.4053693693693694,0.252296875,0.3676776859504132,0.2,0.79,0.18898910617200515","0,0,0"
41.61666666666667,30,AV,2,0,0,64,783.6834518391023,0.2,-1.6471865145136688,"0.32432971014492756,0.2645634920634921,0.34774390243902437,0.2,0.64,0.038721012736313315","0,0,0"
43.96666666666667,153,AV,2,0,0,88,2403.836358207942,0.4,-10.67562342247904,"0.28683333333333333,0.20801562499999995,0.3236232492997198,0.4,0.88,0.11877114161815011","0,0,0"
37.45,102,AV,1,0,0,99,1594.6992934726818,0.2,-8.01623679497737,"0.29760215053763445,0.25672435897435897,0.3254957983193277,0.2,0.99,0.07879249141759738","0,0,0"
37.483333333333334,2,AV,2,0,0,65,437.5592869272848,0.6,-2.4850273643925846,"0.2869150326797386,0.2069464285714286,0.3191971153846154,0.6,0.65,0.021619365168734063","0,0,0"
13.716666666666667,185,AV,0,0,0,24,2966.188350320237,0.1,-1.0274297189871866,"0.26411702127659575,0.2224137931034483,0.3267102803738318,0.1,0.24,0.14655638908990856","0,0,0"
35.38333333333333,150,AV,2,0,0,59,2344.9936519099742,0.4,-8.381181015159722,"0.38196747967479666,0.26053240740740735,0.36576401179941004,0.4,0.59,0.1158637825630931","0,0,0"
49.416666666666664,223,AV,2,0,0,98,3942.222625638348,1.0,-49.19482359014184,"0.31582905982905984,0.2218294573643411,0.3372808641975309,1.0,0.98,0.19478126294296802","0,0,0"
24.133333333333333,155,AV,1,0,0,53,2476.7926805910606,0.1,-6.509425842380411,"0.2953333333333334,0.2571845238095238,0.3661999999999999,0.1,0.53,0.12237584027749006","0,0,0"
33.35,178,AV,2,0,0,47,2857.712092786687,0.4,-9.626737201458186,"0.28570175438596496,0.23454901960784316,0.34292796610169485,0.4,0.47,0.1411966860877753","0,0,0"
45.36666666666667,119,AV,2,0,0,97,1799.695682844959,0.5,-10.308862897104333,"0.26863440860215054,0.2455980392156863,0.33729565217391305,0.5,0.97,0.08892115725219493","0,0,0"
34.416666666666664,14,AV,1,0,0,93,600.3305173079323,0.2,-6.0435038032330635,"0.31635416666666666,0.25957777777777774,0.3473083333333333,0.2,0.93,0.029661728280885674","0,0,0"
22.35,207,AV,0,0,0,31,3531.3895067900216,0.2,-3.9861896705432827,"0.3200528455284553,0.23034946236559142,0.3447395833333334,0.2,0.31,0.17448241091273348","0,0,0"
58.7,251,AV,0,0,0,88,5168.6614957092925,0.2,-15.323254030208862,"0.366015625,0.2721614583333334,0.3697380952380952,0.2,0.88,0.255378376480178","0,0,0"
32.61666666666667,71,AV,2,0,0,45,1200.7903182940884,0.2,-1.9780695731494367,"0.2865289855072464,0.22511494252873562,0.3483761904761905,0.2,0.45,0.05932984433854443","0,0,0"
32.916666666666664,75,AV,2,0,0,49,1275.9312017726234,0.3,-3.1817728832082457,"0.267093137254902,0.20221839080459772,0.3153175853018373,0.3,0.49,0.06304247996886464","0,0,0"
32.166666666666664,260,AV,2,0,0,31,5807.233742044462,0.5,-23.585776772192364,"0.33019230769230773,0.25577777777777777,0.35045114942528743,0.5,0.31,0.28692959020732056","0,0,0"
27.35,115,AV,2,0,0,27,1723.69240549938,0.6,-7.142876862183036,"0.2717631578947369,0.242030701754386,0.3430540935672514,0.6,0.27,0.08516591160652838","0,0,0"
23.183333333333334,294,AV,2,0,0,4,14505.369879802229,0.7,-59.4439337203848,"0.3309409722222222,0.2588796296296296,0.3543396226415095,0.7,0.04,0.7166957660553899","0,0,0"
6.833333333333333,167,AV,0,0,0,9,2744.255474143275,0.2,-0.9470915356891774,"0.2966990740740741,0.22608585858585856,0.34431944444444446,0.2,0.09,0.13559090844222083","0,0,0"
42.35,187,AV,2,0,0,91,2971.291490045772,0.5,-15.888155884272534,"0.335,0.2281960784313726,0.34928879310344835,0.5,0.91,0.14680853010149164","0,0,0"
15.316666666666666,168,AV,1,0,0,14,2747.619709803412,1.0,-15.627367480258147,"0.368739837398374,0.2429791666666667,0.3564733333333333,1.0,0.14,0.13575713194935043","0,0,0"
12.6,29,AV,1,0,0,8,761.8437659652793,0.4,-5.969619338501265,"0.37176436781609196,0.2573809523809524,0.3854663461538461,0.4,0.08,0.03764193577878302","0,0,0"
44.18333333333333,180,AV,2,0,0,98,2898.378436294527,0.5,-16.169194517291224,"0.26234946236559137,0.21687634408602158,0.33220648967551625,0.5,0.98,0.14320596930182183","0,0,0"
41.71666666666667,177,AV,2,0,0,85,2853.537244729806,1.0,-30.060621732149432,"0.297925,0.21622807017543855,0.3209852941176471,1.0,0.85,0.14099041103577145","0,0,0"
24.883333333333333,282,AV,1,0,0,51,8493.635575370567,0.2,-15.674240668373955,"0.2962703703703704,0.2706323529411765,0.3715608974358974,0.2,0.51,0.41966200832712014","0,0,0"
39.88333333333333,103,AV,2,0,0,78,1614.9493849180149,0.1,-1.6265041574532029,"0.3329824561403509,0.22764285714285715,0.3474572649572649,0.1,0.78,0.0797930281099649","0,0,0"
65.61666666666666,0,AV,0,0,0,94,417.8295094645922,0.7,-4.8463650889455785,"0.25454629629629627,0.23023809523809524,0.331261403508772,0.7,0.94,0.020644536667985786","0,0,0"
20.55,32,AV,0,0,0,30,806.3598325453933,0.1,-0.41845188279817763,"0.3928627450980393,0.27098333333333324,0.38317431192660545,0.1,0.3,0.039841429945686846","0,0,0"
55.03333333333333,122,AV,0,0,0,83,1830.3424648913517,0.2,-5.087366009319229,"0.3338809523809524,0.23290952380952384,0.3340847222222223,0.2,0.83,0.09043538399152518","0,0,0"
43.06666666666667,236,AV,2,0,0,89,4630.913868273173,0.1,-5.036313735529411,"0.3048682170542636,0.22848850574712642,0.3541454545454546,0.1,0.89,0.2288088059705391","0,0,0"
37.9,212,AV,0,0,0,58,3724.6301341612702,0.3,-10.694203188235768,"0.23991333333333334,0.20637619047619052,0.3054,0.3,0.58,0.1840302363466582","0,0,0"
27.716666666666665,94,AV,0,0,0,38,1519.7273932229994,0.8,-8.509450016598814,"0.3305648148148148,0.23041397849462364,0.3474839181286549,0.8,0.38,0.07508820507899855","0,0,0"
35.88333333333333,72,AV,2,0,0,61,1205.4292211271013,0.1,-1.0922933977637412,"0.282177536231884,0.2464705882352941,0.3219787878787878,0.1,0.61,0.059559047871243866","0,0,0"
48.016666666666666,141,AV,2,0,0,93,2187.907521251699,0.4,-10.611719812670279,"0.35569047619047617,0.22404065040650406,0.338780701754386,0.4,0.93,0.10810231452182832","0,0,0"
24.616666666666667,23,AV,2,0,0,23,639.9143284368583,0.8,-3.1823348925967667,"0.2941340579710145,0.193962962962963,0.3248931623931624,0.8,0.23,0.03161752465667753","0,0,0"
31.066666666666666,64,AV,2,0,0,47,1122.7546975855585,0.1,-0.8808142913718353,"0.28667916666666665,0.2327380952380952,0.34804920634920633,0.1,0.47,0.0554741826472708","0,0,0"
8.666666666666666,188,AV,0,0,0,15,3031.4508351358254,0.4,-2.6537953438899478,"0.29614351851851856,0.23437096774193544,0.35193510324483784,0.4,0.15,0.14978094295769478","0,0,0"
12.066666666666666,173,AV,0,0,0,21,2797.307504072895,0.4,-3.409512850082114,"0.3800166666666667,0.23450438596491224,0.35353825136612016,0.4,0.21,0.13821215599028547","0,0,0"
37.016666666666666,195,AV,2,0,0,71,3251.3322332141274,0.1,-3.0392293307948557,"0.2205675675675676,0.21428921568627451,0.3237432432432433,0.1,0.71,0.16064506213169047","0,0,0"
40.45,67,AV,2,0,0,82,1141.0395517097602,0.1,-1.1655315622893891,"0.29781862745098037,0.2276041666666667,0.343875350140056,0.1,0.82,0.056377618936200136","0,0,0"
51.9,12,AV,0,0,0,81,595.9176043698985,0.1,-0.7810132239090337,"0.27623983739837404,0.22264285714285717,0.3313996913580246,0.1,0.81,0.029443690682060725","0,0,0"
13.75,44,AV,0,0,0,23,905.8209551718018,1.0,-3.1452116499020897,"0.2649375,0.18343589743589742,0.310591743119266,1.0,0.23,0.044755704180963","0,0,0"
22.3,65,AV,0,0,0,31,1129.1321270070612,0.7,-4.450947601661673,"0.26241472868217053,0.22025490196078437,0.3348746312684367,0.7,0.31,0.05578928503366858","0,0,0"
31.716666666666665,249,AV,2,0,0,44,5144.150368411208,0.8,-32.96066717537551,"0.27274761904761907,0.23005038759689925,0.34393627450980396,0.8,0.44,0.25416730628332335","0,0,0"
23.7,252,AV,2,0,0,16,5386.149373461946,0.6,-19.341172750158805,"0.3088043478260869,0.24784374999999997,0.35108006535947717,0.6,0.16,0.2661242342173697","0,0,0"
39.38333333333333,70,AV,2,0,0,61,1167.011530479414,0.4,-4.642505465526693,"0.3324190476190476,0.24328125000000003,0.3630347826086956,0.4,0.61,0.05766086833794136","0,0,0"
38.78333333333333,3,AV,2,0,0,66,477.1303205766694,1.0,-4.67290511776898,"0.2644962121212121,0.21089393939393936,0.33141297935103237,1.0,0.66,0.02357453022208712","0,0,0"
23.766666666666666,109,AV,2,0,0,9,1661.9571573900298,0.1,-0.9974540852012553,"0.3563083333333333,0.2358666666666666,0.3619430555555555,0.1,0.09,0.08211563496394797","0,0,0"
48.016666666666666,154,AV,2,0,0,97,2436.431929205765,0.6,-17.72565754556012,"0.3141296296296296,0.25152083333333336,0.34573598820059,0.6,0.97,0.12038165606348158","0,0,0"
15.5,5,AV,1,0,0,18,508.6019702527906,0.2,-5.398148007016074,"0.25873958333333336,0.22146428571428572,0.3395950292397661,0.2,0.18,0.025129512843044734","0,0,0"
32.166666666666664,210,AV,2,0,0,51,3630.005597296026,0.3,-8.845846973208749,"0.21624166666666664,0.21147222222222223,0.31125730994152045,0.3,0.51,0.17935493295913799","0,0,0"
29.4,17,AV,2,0,0,41,615.3970356119416,0.1,-0.45688567795432034,"0.3739122807017544,0.24593627450980393,0.35701080246913586,0.1,0.41,0.030406149827330708","0,0,0"
34.516666666666666,90,AV,2,0,0,59,1474.5167950508735,0.7,-8.996662448591124,"0.3789674796747968,0.2698055555555556,0.36211866666666653,0.7,0.59,0.07285439480326665","0,0,0"
38.68333333333333,217,AV,2,0,0,68,3783.636689084741,0.1,-3.6960525064670384,"0.26349186991869916,0.2125,0.30947734627831713,0.1,0.68,0.18694569099783895","0,0,0"
26.083333333333332,34,AV,2,0,0,19,850.3216016091212,0.4,-2.240325431848947,"0.32105555555555554,0.2388564814814815,0.3411666666666667,0.4,0.19,0.04201353682867991","0,0,0"
26.333333333333332,238,AV,1,0,0,55,4660.29795945294,0.1,-8.0990196868416,"0.29937373737373735,0.23464583333333336,0.3215811965811966,0.1,0.55,0.23026064442157015","0,0,0"
16.633333333333333,225,AV,1,0,0,24,4104.202624979457,0.1,-6.723903291131944,"0.2455925925925926,0.21511904761904763,0.3166610644257703,0.1,0.24,0.20278453212365097","0,0,0"
25.216666666666665,22,AV,2,0,0,9,632.5893922142865,0.4,-1.611292509124942,"0.29901736111111105,0.2133686868686869,0.3281406727828747,0.4,0.09,0.031255606910295004","0,0,0"
28.733333333333334,82,AV,1,0,0,70,1348.5865378412918,0.2,-6.957039723264636,"0.3608655913978494,0.24067283950617285,0.3534211195928752,0.2,0.7,0.0666323071965214","0,0,0"
27.066666666666666,285,AV,1,0,0,65,9095.945853089892,1.0,-67.17094303627098,"0.31848437500000004,0.23667222222222217,0.35083984374999994,1.0,0.65,0.44942155458275634","0,0,0"
29.4,248,AV,2,0,0,39,4967.653125719208,0.5,-18.440530542442513,"0.33932380952380947,0.24138383838383837,0.33881830601092894,0.5,0.39,0.24544675468029653","0,0,0"
36.7,134,AV,2,0,0,61,2022.4315636845977,0.4,-7.497296806790379,"0.3195448717948718,0.2559264705882353,0.3448388888888889,0.4,0.61,0.09992631355425287","0,0,0"
36.56666666666667,80,AV,2,0,0,57,1323.5149786113286,0.3,-3.666403867516736,"0.34709126984127,0.26931818181818185,0.3659423076923077,0.3,0.57,0.06539354662044386","0,0,0"
65.63333333333334,258,AV,0,0,0,96,5611.673516276995,0.6,-55.80497552297678,"0.29700450450450444,0.24221212121212118,0.35799717514124296,0.6,0.96,0.27726715574492605","0,0,0"
26.833333333333332,133,AV,2,0,0,10,2011.9739719035176,0.1,-1.3633325314666092,"0.3519702380952381,0.25046969696969695,0.34411924119241194,0.1,0.1,0.09940961444111464","0,0,0"
20.633333333333333,42,AV,0,0,0,30,902.2448599555772,0.1,-0.47010906423611304,"0.38240530303030307,0.258625,0.3669483775811209,0.1,0.3,0.04457901290582028","0,0,0"
35.516666666666666,74,AV,2,0,0,47,1269.7848662283686,1.0,-11.38851662429568,"0.26914682539682544,0.2360959595959596,0.3256579710144927,1.0,0.47,0.06273879569898216","0,0,0"
14.866666666666667,128,AV,1,0,0,11,1921.5023446668008,0.2,-6.44274418471615,"0.2976008771929825,0.23613888888888887,0.34501500000000007,0.2,0.11,0.09493950214987396","0,0,0"
53.43333333333333,233,AV,0,0,0,83,4569.840806868062,0.1,-6.166207755395204,"0.2696714285714286,0.25486419753086426,0.3474944903581268,0.1,0.83,0.22579124730834796","0,0,0"
61.86666666666667,33,AV,0,0,0,90,827.3783452591958,0.1,-1.2926045528628514,"0.25196341463414634,0.19222368421052632,0.33052446483180425,0.1,0.9,0.040879933561629736","0,0,0"
14.9,93,AV,1,0,0,13,1517.942512651984,0.2,-6.1422900726522505,"0.2992314814814815,0.23084259259259263,0.35639689265536717,0.2,0.13,0.07500001592155126","0,0,0"
11.933333333333334,151,AV,0,0,0,22,2382.718205806423,0.1,-0.7180245098305552,"0.38804347826086955,0.2481774193548387,0.36687055016181236,0.1,0.22,0.1177277149052501","0,0,0"
47.43333333333333,1,AV,2,0,0,97,424.9057127261393,0.2,-1.017913853887704,"0.27644047619047624,0.24089639639639643,0.33037466666666665,0.2,0.97,0.02099416476842877","0,0,0"
28.983333333333334,55,AV,2,0,0,28,1038.299283744561,0.1,-0.7599336929426733,"0.3304479166666667,0.23714473684210532,0.36238621794871795,0.1,0.28,0.051301325421163044","0,0,0"
26.05,247,AV,2,0,0,29,4950.268578812107,1.0,-32.56426678738773,"0.36879444444444437,0.23618750000000002,0.3503774928774929,1.0,0.29,0.24458780166728444","0,0,0"
27.016666666666666,87,AV,2,0,0,14,1444.5182772575097,0.3,-2.9565203629222516,"0.3524743589743589,0.2578552631578947,0.337931693989071,0.3,0.14,0.07137219814998598","0,0,0"
67.53333333333333,99,AV,0,0,0,99,1581.438059619256,0.3,-8.090892698961143,"0.343675,0.2324090909090909,0.3602749287749287,0.3,0.99,0.07813726716380881","0,0,0"
44.21666666666667,114,AV,2,0,0,86,1716.9764066453156,0.1,-1.9171457941203798,"0.3158761904761905,0.24959523809523812,0.36594848484848486,0.1,0.86,0.08483408084430542","0,0,0"
44.583333333333336,182,AV,2,0,0,92,2942.323800284961,0.2,-6.62518195771235,"0.37912403100775194,0.23596153846153847,0.35416666666666663,0.2,0.92,0.14537726562660996","0,0,0"
37.13333333333333,47,AV,2,0,0,28,943.1907669438916,0.3,-2.6533194807461995,"0.26139393939393935,0.22256597222222227,0.32783501683501676,0.3,0.28,0.046602109070826375","0,0,0"
24.866666666666667,246,AV,1,0,0,50,4934.883137056144,0.3,-14.29652227334314,"0.2726923076923077,0.22755263157894734,0.32546607669616523,0.3,0.5,0.2438276224331965","0,0,0"
25.8,131,AV,0,0,0,39,1929.5758599688188,0.5,-6.285739543837819,"0.3513333333333334,0.26378472222222227,0.3543691460055097,0.5,0.39,0.09533840643718873","0,0,0"
5.2,137,AV,0,0,0,2,2123.4400354784907,0.2,-0.5576711204286946,"0.2818095238095238,0.2633833333333333,0.35982,0.2,0.02,0.10491704075874904","0,0,0"
