travel_time,id,kind,action,origin,destination,start_time,income,urgency,reward,observation,cost_table
42.96666666666667,242,AV,0,0,0,80,5144.150368411208,0.3,-16.744469254752644,"0.23476923076923076,0.26375308641975304,0.3198188405797101,0.3,0.8,0.2473945197189757","0,0,0"
38.61666666666667,205,AV,1,0,0,91,3487.44186130441,0.2,-6.901685852392523,"0.24296296296296296,0.27244155844155843,0.3359166666666667,0.2,0.91,0.16771943713451876","0,0,0"
6.966666666666667,137,AV,0,0,0,4,2108.868816674547,0.6,-2.2260281953786882,"0.3152864583333333,0.27576506024096387,0.33272916666666674,0.6,0.04,0.10142055552171977","0,0,0"
38.38333333333333,43,AV,1,0,0,88,946.2003450753726,1.0,-9.271293748773497,"0.3710686274509804,0.2949981481481482,0.36186274509803923,1.0,0.88,0.04550504226418034","0,0,0"
37.28333333333333,244,AV,1,0,0,82,5307.329693361759,0.2,-10.093683942803246,"0.2877857142857143,0.2637888888888889,0.3447460317460317,0.2,0.82,0.25524220453241103","0,0,0"
47.61666666666667,102,AV,0,0,0,95,1628.9397076974285,0.2,-3.9174080344205,"0.2837037037037037,0.2898770833333334,0.3536594202898551,0.2,0.95,0.07833961446998668","0,0,0"
43.2,123,AV,1,0,0,100,1927.298426803608,0.7,-14.817551622863913,"0.3383188405797101,0.3085592592592593,0.37113636363636365,0.7,1.0,0.0926884003201249","0,0,0"
23.783333333333335,157,AV,1,0,0,37,2398.572127464108,0.7,-10.183896035874987,"0.2576066666666667,0.2647438596491228,0.3149083333333333,0.7,0.37,0.11535308204230756","0,0,0"
22.916666666666668,171,AV,1,0,0,41,2750.2432356670683,0.2,-3.283151893133182,"0.2819083333333333,0.26549812734082395,0.3509139784946236,0.2,0.41,0.13226578845290615","0,0,0"
37.55,289,AV,0,0,0,70,10426.353459350525,0.1,-9.886605363601316,"0.2673402777777778,0.2696726190476191,0.37843452380952386,0.1,0.7,0.5014283257223231","0,0,0"
39.71666666666667,131,AV,1,0,0,89,2022.4315636845977,0.1,-2.1283899058335005,"0.2862469135802469,0.28222710622710623,0.34287301587301583,0.1,0.89,0.09726358086938654","0,0,0"
5.266666666666667,295,AV,0,0,0,0,14312.770160915026,0.1,-1.9035502402563758,"0.3124,0.3031428571428571,0.36850694444444443,0.1,0.0,0.6883354191104801","0,0,0"
46.11666666666667,49,AV,0,0,0,94,975.0940381265832,0.3,-3.4066732367376966,"0.2913141025641025,0.2758067375886525,0.32630000000000003,0.3,0.94,0.04689460920981367","0,0,0"
46.333333333333336,231,AV,2,0,0,97,4577.590037133467,0.2,-10.71186894211367,"0.23168666666666662,0.23809003831417627,0.3175454545454545,0.2,0.97,0.22014727556589106","0,0,0"
38.43333333333333,101,AV,1,0,0,88,1597.8734280578535,0.4,-6.303192129800353,"0.3312333333333333,0.29058333333333336,0.37237499999999996,0.4,0.88,0.07684556262848466","0,0,0"
23.75,193,AV,1,0,0,41,3236.647802754315,0.1,-2.041171346348863,"0.2887173913043478,0.27112271062271065,0.3446410256410256,0.1,0.41,0.1556581498042776","0,0,0"
13.983333333333333,215,AV,1,0,0,5,3882.59008652233,0.7,-9.69699140494345,"0.27851785714285715,0.27263063063063064,0.3308333333333333,0.7,0.05,0.18672306229989","0,0,0"
26.866666666666667,66,AV,1,0,0,48,1150.2916000513435,0.3,-2.441250074851977,"0.2709876543209877,0.30165367965367973,0.3599230769230769,0.3,0.48,0.05532027984231857","0,0,0"
21.416666666666668,48,AV,1,0,0,34,969.457736312404,0.2,-1.1486137972739388,"0.3361333333333334,0.30406902356902354,0.3662460317460317,0.2,0.34,0.04662354594757456","0,0,0"
16.333333333333332,59,AV,1,0,0,21,1104.4445206976068,0.2,-1.0110737628650293,"0.2993181818181818,0.2883370786516854,0.3289803921568628,0.2,0.21,0.05311538391880796","0,0,0"
40.233333333333334,127,AV,1,0,0,91,1986.5043233563797,0.7,-14.227925107776136,"0.2558809523809524,0.26591856060606056,0.33856451612903227,0.7,0.91,0.0955357537785597","0,0,0"
36.13333333333333,67,AV,2,0,0,56,1167.011530479414,0.7,-7.453942334408916,"0.30563888888888885,0.28308720930232556,0.36392857142857143,0.7,0.56,0.0561243813676915","0,0,0"
38.43333333333333,217,AV,2,0,0,56,3919.41152379869,0.1,-3.803940645572297,"0.221625,0.24419642857142862,0.2977692307692308,0.1,0.56,0.18849389346499082","0,0,0"
35.2,146,AV,1,0,0,72,2218.7455195521825,0.1,-2.07221823960194,"0.22681578947368422,0.2885949367088607,0.3456742424242424,0.1,0.72,0.1067047894942801","0,0,0"
32.53333333333333,128,AV,0,0,0,63,1993.780724220221,0.1,-1.6379882044098784,"0.262468253968254,0.27593650793650787,0.3480571428571429,0.1,0.63,0.09588569333476842","0,0,0"
28.316666666666666,134,AV,2,0,0,33,2043.1688306873104,0.4,-5.844013204272292,"0.21550000000000005,0.2651213991769547,0.3265555555555555,0.4,0.33,0.09826088573860729","0,0,0"
15.016666666666667,82,AV,1,0,0,12,1342.087988935639,0.4,-2.135726057291264,"0.2408793103448276,0.2998817829457365,0.32732638888888893,0.4,0.12,0.06454422784415724","0,0,0"
33.95,1,AV,1,0,0,71,449.0833195935783,0.8,-3.1800765050913102,"0.2126984126984127,0.2398410852713178,0.2973645833333334,0.8,0.71,0.021597493115072083","0,0,0"
29.166666666666668,125,AV,1,0,0,58,1942.5668635563816,0.1,-1.5307626309863924,"0.23595333333333332,0.2640616438356165,0.3220689655172414,0.1,0.58,0.09342269603599423","0,0,0"
44.666666666666664,153,AV,0,0,0,86,2318.2944376966047,0.2,-5.229822468877862,"0.2548974358974359,0.2554282700421941,0.3416607142857142,0.2,0.86,0.11149233554738845","0,0,0"
29.083333333333332,94,AV,1,0,0,52,1527.6889462703334,0.1,-1.2219769407583045,"0.20455072463768115,0.2493647058823529,0.32257526881720433,0.1,0.52,0.07347022269476662","0,0,0"
37.86666666666667,6,AV,1,0,0,84,508.6019702527906,0.4,-2.0453597246032666,"0.3058444444444444,0.2717898550724637,0.33527272727272733,0.4,0.84,0.024459887668034006","0,0,0"
40.61666666666667,72,AV,1,0,0,92,1261.43865123121,0.6,-7.862944426895098,"0.14863333333333334,0.20966862745098036,0.30009595959595964,0.6,0.92,0.060665607909257666","0,0,0"
35.916666666666664,232,AV,1,0,0,73,4645.51881630073,0.4,-16.953692001899114,"0.1998076923076923,0.2325915750915751,0.2957971014492753,0.4,0.73,0.22341413335457028","0,0,0"
17.3,245,AV,0,0,0,28,5354.15698790508,0.1,-2.3390635325948965,"0.2699603174603175,0.2567736842105263,0.3454561403508772,0.1,0.28,0.2574942413535784","0,0,0"
34.083333333333336,203,AV,2,0,0,50,3456.1529418207683,0.5,-14.873385450386094,"0.3245493827160494,0.29469259259259256,0.3557619047619048,0.5,0.5,0.1662146780093356","0,0,0"
16.983333333333334,252,AV,1,0,0,21,5825.994272151124,0.1,-2.5986061293442746,"0.2728888888888889,0.26601937984496127,0.32184999999999997,0.1,0.21,0.28018602716107777","0,0,0"
11.616666666666667,70,AV,1,0,0,5,1249.5878531833848,0.1,-0.46656680709967135,"0.34055555555555556,0.28487992831541226,0.3446153846153846,0.1,0.05,0.06009567462944302","0,0,0"
32.0,188,AV,1,0,0,68,3101.095365071405,0.1,-2.60593564854255,"0.24763888888888888,0.2415921568627451,0.28679569892473117,0.1,0.68,0.14913910821030935","0,0,0"
10.433333333333334,267,AV,0,0,0,9,6995.337061486569,0.5,-9.215237795645185,"0.2668988095238095,0.24952742616033752,0.3377894736842106,0.5,0.09,0.3364225243542649","0,0,0"
36.88333333333333,266,AV,2,0,0,65,6947.27484286379,0.3,-19.41201922633531,"0.3189666666666667,0.3192851851851851,0.3952833333333334,0.3,0.65,0.3341110970744898","0,0,0"
39.2,163,AV,1,0,0,90,2538.843693606908,0.1,-2.613198807812899,"0.2915123456790123,0.2862368421052632,0.3643840579710145,0.1,0.9,0.12209907783380393","0,0,0"
25.033333333333335,42,AV,1,0,0,46,932.1411738504048,0.2,-1.2785151878142325,"0.3075416666666667,0.28482051282051285,0.3504266666666666,0.2,0.46,0.04482890302567631","0,0,0"
15.116666666666667,186,AV,1,0,0,14,3048.604611013583,0.3,-3.5912681593299496,"0.25439333333333336,0.27845505617977523,0.3160641025641025,0.3,0.14,0.14661470204800806","0,0,0"
20.2,34,AV,1,0,0,29,832.3173438658397,0.4,-1.7982636713222184,"0.2877380952380952,0.27637152777777774,0.3432105263157894,0.4,0.29,0.0400281358033201","0,0,0"
41.016666666666666,265,AV,1,0,0,91,6918.069898529506,0.2,-14.431119545691173,"0.2468106060606061,0.2857007575757575,0.3539666666666666,0.2,0.91,0.33270656130870674","0,0,0"
35.21666666666667,281,AV,1,0,0,74,8139.327108000771,0.3,-21.815149216168724,"0.31346376811594207,0.2768596491228071,0.3511904761904762,0.3,0.74,0.39143974738464077","0,0,0"
17.566666666666666,151,AV,1,0,0,20,2294.767722006211,0.4,-4.1718605706978895,"0.3122916666666667,0.2821394927536232,0.36519642857142853,0.4,0.2,0.11036087940556741","0,0,0"
21.133333333333333,209,AV,1,0,0,32,3630.005597296026,0.2,-3.9744504186627623,"0.26993749999999994,0.2582078853046595,0.30793478260869567,0.2,0.32,0.17457566886747292","0,0,0"
30.25,30,AV,2,0,0,37,814.1496548969513,0.1,-0.6219198752685046,"0.2843148148148148,0.2599337606837607,0.31276666666666664,0.1,0.37,0.039154408100012306","0,0,0"
25.583333333333332,81,AV,1,0,0,48,1338.7213376931895,0.4,-3.5594903255202794,"0.24349242424242426,0.26687137681159423,0.3410448717948718,0.4,0.48,0.06438231751737097","0,0,0"
28.333333333333332,65,AV,2,0,0,3,1148.9174546898266,0.5,-4.110184496996434,"0.3139649122807018,0.2741885521885522,0.3380681818181819,0.5,0.03,0.05525419389859809","0,0,0"
15.05,90,AV,1,0,0,11,1467.6871321740252,0.4,-2.331180943355463,"0.2452471264367816,0.26290562248995986,0.3431964285714285,0.4,0.11,0.07058459165416232","0,0,0"
38.18333333333333,277,AV,1,0,0,85,7912.643587116454,0.1,-7.729573425119441,"0.19269444444444442,0.2340709219858156,0.32817543859649123,0.1,0.85,0.38053799359420826","0,0,0"
20.75,118,AV,1,0,0,29,1830.3424648913517,0.2,-2.0181619265906843,"0.3034666666666667,0.2759810606060606,0.36647530864197536,0.2,0.29,0.08802555574651609","0,0,0"
18.916666666666668,201,AV,0,0,0,29,3393.6426315430986,0.1,-1.6211213749164215,"0.2803095238095238,0.26457677902621723,0.33640579710144924,0.1,0.29,0.1632084073754924","0,0,0"
26.183333333333334,89,AV,1,0,0,47,1457.5875839824732,0.1,-1.0637500397459874,"0.22127777777777777,0.2653946540880503,0.36225438596491233,0.1,0.47,0.07009888017699192","0,0,0"
16.666666666666668,162,AV,1,0,0,20,2530.9644311939346,0.8,-8.62176576159574,"0.2538253968253968,0.24974666666666667,0.34071929824561403,0.8,0.2,0.12172014522087579","0,0,0"
24.85,185,AV,1,0,0,44,3046.5766145774583,0.1,-2.011803759400249,"0.3285493827160494,0.2995833333333333,0.3707539682539683,0.1,0.44,0.14651717083908622","0,0,0"
30.816666666666666,228,AV,1,0,0,65,4559.760277629775,0.2,-7.196798613920416,"0.2493939393939394,0.24119597069597065,0.3416851851851851,0.2,0.65,0.21928979970044837","0,0,0"
20.25,275,AV,1,0,0,29,7658.5640246764915,0.4,-15.76524459592919,"0.30214880952380946,0.25752380952380954,0.35441269841269846,0.4,0.29,0.3683186985078447","0,0,0"
48.96666666666667,256,AV,2,0,0,100,6007.794801579103,0.2,-14.8576608813463,"0.22724637681159418,0.2708011363636364,0.32312068965517243,0.2,1.0,0.2889292503255245","0,0,0"
46.75,111,AV,2,0,0,100,1783.933402668827,0.3,-6.318097467785429,"0.3135238095238096,0.2809269662921348,0.32591333333333333,0.3,1.0,0.0857936327199939","0,0,0"
29.283333333333335,95,AV,1,0,0,62,1530.6528609905624,0.1,-1.2318842915658326,"0.2823269230769231,0.28141947565543074,0.3626533333333333,0.1,0.62,0.07361276445699849","0,0,0"
28.683333333333334,258,AV,2,0,0,29,6081.635477498837,0.3,-13.215271031282194,"0.2683695652173913,0.2558063063063063,0.3403480392156863,0.3,0.29,0.29248042539751784","0,0,0"
24.183333333333334,191,AV,2,0,0,3,3159.4556453821087,0.2,-3.8588974254624913,"0.2645055555555555,0.27651984126984125,0.3603333333333334,0.2,0.03,0.15194579395705407","0,0,0"
39.3,16,AV,1,0,0,88,626.2908344343901,0.2,-1.3430924138015927,"0.2795,0.2927099358974359,0.36506666666666665,0.2,0.88,0.03011982720037529","0,0,0"
40.05,97,AV,1,0,0,90,1541.4014724042315,1.0,-15.689173982270068,"0.24405769230769234,0.22731818181818178,0.3046474358974359,1.0,0.9,0.07412969094006937","0,0,0"
42.55,161,AV,1,0,0,94,2472.005569054355,0.1,-2.756157499072293,"0.24176666666666669,0.2518974358974359,0.2991066666666667,0.1,0.94,0.11888467223941558","0,0,0"
27.783333333333335,279,AV,1,0,0,49,8011.326014866212,0.3,-16.962222811593403,"0.22601666666666667,0.2950250896057347,0.3278039215686275,0.3,0.49,0.385283868047601","0,0,0"
14.133333333333333,5,AV,1,0,0,11,497.26542980048754,1.0,-1.874752039018575,"0.21496527777777774,0.22984761904761902,0.3076515151515152,1.0,0.11,0.023914686268460907","0,0,0"
13.933333333333334,38,AV,1,0,0,10,863.3540159882258,0.2,-0.707545418658381,"0.28753472222222226,0.2875196078431372,0.3445357142857143,0.2,0.1,0.04152076374836295","0,0,0"
28.766666666666666,87,AV,1,0,0,54,1447.5744631551047,0.2,-2.203125861452619,"0.2643133333333334,0.27243725490196075,0.31786666666666663,0.2,0.54,0.06961732519889745","0,0,0"
20.883333333333333,46,AV,0,0,0,31,961.7772661313056,0.2,-1.0143997596485907,"0.22445370370370368,0.2339513108614232,0.33691999999999994,0.2,0.31,0.04625417372950396","0,0,0"
38.016666666666666,147,AV,0,0,0,71,2241.037238818388,0.1,-2.151433477165295,"0.28152,0.24542337164750955,0.3369404761904762,0.1,0.71,0.10777685169826198","0,0,0"
27.133333333333333,216,AV,2,0,0,24,3898.759045987068,0.2,-5.34274387783413,"0.24610000000000004,0.2526059027777778,0.30337499999999995,0.2,0.24,0.18750066631117593","0,0,0"
28.066666666666666,13,AV,1,0,0,54,591.6693204447811,0.1,-0.5193481210559813,"0.24358333333333335,0.2655705882352941,0.32815333333333335,0.1,0.54,0.028454795618483852","0,0,0"
25.516666666666666,17,AV,1,0,0,45,627.4062491148882,0.2,-0.9085513193559712,"0.32299275362318836,0.2881777777777778,0.3606481481481481,0.2,0.45,0.03017347016557005","0,0,0"
45.21666666666667,229,AV,2,0,0,79,4569.840806868062,0.1,-5.21800425464354,"0.27549206349206345,0.28425087719298253,0.3680350877192982,0.1,0.79,0.21977459651057532","0,0,0"
24.316666666666666,292,AV,1,0,0,43,11515.391842589095,0.5,-35.45554860761256,"0.3618263888888888,0.3109,0.37229885057471274,0.5,0.43,0.5538027915682833","0,0,0"
15.583333333333334,62,AV,0,0,0,27,1122.7546975855585,0.3,-1.3254742957607286,"0.2728981481481481,0.2705387205387205,0.31684057971014495,0.3,0.27,0.05399596420763093","0,0,0"
18.416666666666668,106,AV,1,0,0,21,1691.6338586686718,0.1,-0.8867236590188898,"0.235025,0.25945500000000005,0.3290916666666667,0.1,0.21,0.08135472644337755","0,0,0"
30.316666666666666,159,AV,1,0,0,65,2411.397471856681,0.4,-7.484397308598153,"0.2477105263157895,0.3093506944444444,0.3911266666666668,0.4,0.65,0.11596988359144483","0,0,0"
21.033333333333335,50,AV,1,0,0,34,1011.0784796502788,0.2,-1.1740581155880911,"0.265,0.2880311355311356,0.31284722222222217,0.2,0.34,0.04862518724321976","0,0,0"
13.116666666666667,51,AV,1,0,0,6,1014.5614647146556,0.1,-0.43605213498755646,"0.28979333333333335,0.28686742424242423,0.3695763888888889,0.1,0.06,0.04879269234230884","0,0,0"
43.083333333333336,276,AV,1,0,0,98,7864.29237148983,0.2,-17.212117660186205,"0.19901851851851848,0.23352131782945737,0.31529710144927536,0.2,0.98,0.37821266775590623","0,0,0"
28.116666666666667,144,AV,1,0,0,58,2212.8825544422834,0.1,-1.6711838675690796,"0.32641379310344826,0.2905203703703703,0.37047368421052623,0.1,0.58,0.1064228254509272","0,0,0"
25.383333333333333,213,AV,1,0,0,47,3822.7735841463273,0.4,-9.901488499418951,"0.3454242424242424,0.2975792682926829,0.3566827956989247,0.4,0.47,0.18384634334403438","0,0,0"
34.25,10,AV,1,0,0,72,541.9839687696077,0.1,-0.5687613871302795,"0.3401372549019608,0.2763801498127341,0.35603431372549027,0.1,0.72,0.026065307980208553","0,0,0"
46.45,19,AV,2,0,0,94,658.4091024775607,0.7,-5.4061040320853255,"0.3256975308641975,0.2526988636363636,0.35935833333333334,0.7,0.94,0.03166447168540803","0,0,0"
24.316666666666666,167,AV,2,0,0,10,2629.980017260476,0.4,-6.459833072698712,"0.32355128205128203,0.27662944983818777,0.35645454545454547,0.4,0.1,0.12648204205617194","0,0,0"
34.583333333333336,183,AV,1,0,0,71,3017.17067826153,0.8,-21.17955945250059,"0.2503518518518519,0.2733900709219858,0.3470350877192982,0.8,0.71,0.14510296888720728","0,0,0"
27.416666666666668,224,AV,0,0,0,43,4135.471393234625,0.2,-5.726305085749965,"0.26426666666666665,0.27500561797752804,0.3442096774193548,0.2,0.43,0.198884730396563","0,0,0"
48.916666666666664,233,AV,2,0,0,91,4687.914961676448,0.8,-46.326701725657834,"0.3733725490196078,0.3252048611111112,0.3776481481481481,0.8,0.91,0.22545306559254863","0,0,0"
36.083333333333336,274,AV,1,0,0,79,7572.106998522375,0.5,-34.598341018099624,"0.28855303030303037,0.2832456140350877,0.34304347826086956,0.5,0.79,0.3641607729166582","0,0,0"
32.13333333333333,290,AV,1,0,0,66,10783.100237376317,0.4,-35.099692352965555,"0.26890000000000003,0.27810931899641583,0.3561287878787878,0.4,0.66,0.518585133259083","0,0,0"
29.25,296,AV,1,0,0,62,14505.369879802229,0.2,-21.528387322435112,"0.28696875,0.2838375,0.35240476190476194,0.2,0.62,0.6975980011774241","0,0,0"
31.116666666666667,236,AV,0,0,0,57,4843.3187157075145,0.1,-3.8057559100277483,"0.2614035087719298,0.25249326599326605,0.3495984848484849,0.1,0.57,0.2329268045654853","0,0,0"
26.45,178,AV,2,0,0,28,2927.9701715656583,0.1,-1.9556770464119109,"0.20470238095238094,0.24089411764705881,0.30645061728395057,0.1,0.28,0.14081310274172557","0,0,0"
16.45,117,AV,1,0,0,13,1824.367004680513,0.4,-3.131397699696408,"0.23611666666666664,0.2431196078431373,0.33204666666666666,0.4,0.13,0.08773818154415255","0,0,0"
25.783333333333335,53,AV,0,0,0,37,1020.5842314575186,0.4,-2.657986205496265,"0.1981049382716049,0.2286627906976744,0.30186231884057974,0.4,0.37,0.04908234162917255","0,0,0"
34.166666666666664,31,AV,1,0,0,71,818.0604611907775,0.4,-2.923272635422717,"0.268037037037037,0.2772670454545454,0.35707142857142854,0.4,0.71,0.03934248814734457","0,0,0"
27.5,170,AV,2,0,0,12,2744.255474143275,0.1,-1.905732968155052,"0.24838505747126433,0.24789639639639638,0.34300724637681157,0.1,0.12,0.13197782265092123","0,0,0"
18.816666666666666,20,AV,1,0,0,25,670.158540600369,0.1,-0.4184381280883066,"0.24361538461538462,0.25786875,0.3065606060606061,0.1,0.25,0.032229530323508795","0,0,0"
28.033333333333335,44,AV,1,0,0,51,950.4213588862824,0.1,-0.7728151202216865,"0.24238888888888888,0.27883333333333327,0.34378,0.1,0.51,0.04570804093445438","0,0,0"
46.2,142,AV,0,0,0,93,2187.718469250836,0.4,-10.209352856503902,"0.20484166666666664,0.26885738831615114,0.3209130434782609,0.4,0.93,0.10521262428567076","0,0,0"
13.95,165,AV,1,0,0,9,2574.4307659940623,0.5,-4.634508735557723,"0.1942901234567901,0.25199063670411986,0.3160277777777778,0.5,0.09,0.12381054543309646","0,0,0"
18.866666666666667,155,AV,1,0,0,25,2344.9936519099742,0.2,-2.334455230607821,"0.24110256410256412,0.26991472868217053,0.3309523809523809,0.2,0.25,0.11277636474640867","0,0,0"
34.15,158,AV,1,0,0,71,2401.1770329784995,1.0,-20.807120120256506,"0.25255263157894736,0.267189138576779,0.33361827956989243,1.0,0.71,0.11547835819142706","0,0,0"
15.333333333333334,63,AV,1,0,0,15,1141.0395517097602,0.1,-0.5418166614364391,"0.29250757575757574,0.293747311827957,0.32811333333333326,0.1,0.15,0.054875326664056465","0,0,0"
18.6,206,AV,1,0,0,28,3583.4963710051925,0.2,-3.466314772762454,"0.3068583333333334,0.2602849462365592,0.32287037037037036,0.2,0.28,0.17233892871085194","0,0,0"
29.55,202,AV,1,0,0,62,3414.9419898187493,0.1,-2.648271106038991,"0.23319333333333334,0.24087596899224809,0.3183103448275862,0.1,0.62,0.1642327445611401","0,0,0"
46.85,55,AV,2,0,0,98,1025.7249596144625,0.6,-7.2810930845359945,"0.26813725490196083,0.2650969387755102,0.3440866666666667,0.6,0.98,0.049329571566540366","0,0,0"
19.016666666666666,280,AV,1,0,0,19,8134.997760071039,0.2,-7.913158623098531,"0.2727101449275363,0.2952491408934708,0.37552941176470583,0.2,0.19,0.39123153866695837","0,0,0"
39.61666666666667,288,AV,0,0,0,71,9667.367812467324,0.1,-9.671436569964156,"0.24608333333333335,0.2843277153558052,0.36512068965517236,0.1,0.71,0.46492688697408946","0,0,0"
24.45,8,AV,1,0,0,44,522.2875039790788,0.3,-1.0674188994157938,"0.24655797101449273,0.28228787878787875,0.3608103448275862,0.3,0.44,0.025118057783764625","0,0,0"
40.583333333333336,47,AV,1,0,0,91,968.7072844723906,0.2,-2.085523769099555,"0.2841176470588235,0.29726523297491037,0.37254347826086964,0.2,0.91,0.04658745492005087","0,0,0"
13.616666666666667,41,AV,0,0,0,20,932.0432837729122,0.2,-0.6409758946485432,"0.22146825396825395,0.25759126984126984,0.2972533333333333,0.2,0.2,0.04482419525724574","0,0,0"
33.333333333333336,293,AV,1,0,0,70,11940.25564443948,0.5,-50.353601197135866,"0.2543257575757576,0.2896479591836734,0.3279083333333334,0.5,0.7,0.5742355100304415","0,0,0"
39.31666666666667,211,AV,1,0,0,89,3773.073658575576,0.1,-3.8460777611867782,"0.16854761904761906,0.19526709401709405,0.3092678571428571,0.1,0.89,0.18145615481219285","0,0,0"
41.36666666666667,143,AV,1,0,0,92,2187.907521251699,0.1,-2.38551619012909,"0.27698,0.27659959349593494,0.3548641975308642,0.1,0.92,0.10522171624947545","0,0,0"
20.283333333333335,109,AV,1,0,0,29,1778.835052690156,0.2,-1.9222577938753538,"0.3069365079365079,0.27578571428571425,0.33027976190476194,0.2,0.29,0.08554844085078303","0,0,0"
34.05,298,AV,1,0,0,69,17322.90883950548,0.2,-29.890153837634422,"0.2722873563218391,0.2631534090909091,0.3433623188405797,0.2,0.69,0.833100202280572","0,0,0"
30.95,113,AV,1,0,0,65,1797.659883656486,0.3,-4.31496768175517,"0.23107971014492754,0.27081746031746035,0.3449027777777777,0.3,0.65,0.08645377208765831","0,0,0"
16.4,57,AV,1,0,0,15,1089.3140785512585,0.3,-1.453390218806109,"0.2750111111111111,0.26620289855072465,0.34162121212121205,0.3,0.15,0.052387724694280345","0,0,0"
24.166666666666668,85,AV,0,0,0,36,1386.7650627050614,0.2,-1.6926004553218343,"0.2771666666666667,0.25239926739926744,0.3486505376344086,0.2,0.36,0.06669285539507566","0,0,0"
32.15,54,AV,1,0,0,68,1020.7360413649084,0.1,-0.9287036295424699,"0.29466666666666674,0.27997868217054267,0.3495833333333333,0.1,0.68,0.04908964253144747","0,0,0"
22.15,133,AV,1,0,0,31,2033.019749384408,0.3,-3.5114687461261083,"0.27441145833333336,0.2656912878787879,0.3324249999999999,0.3,0.31,0.0977727920954007","0,0,0"
19.35,86,AV,1,0,0,27,1404.912317929139,0.1,-0.7864912462608293,"0.33865151515151515,0.28542708333333333,0.3504924242424242,0.1,0.27,0.06756560039062387","0,0,0"
32.733333333333334,9,AV,1,0,0,68,539.5213747330826,0.2,-0.991936010080618,"0.30053968253968244,0.28532608695652173,0.3428086419753087,0.2,0.68,0.025946875931124203","0,0,0"
38.11666666666667,149,AV,1,0,0,80,2283.7291705859197,0.4,-8.892741772946126,"0.26535714285714285,0.2644055555555555,0.3100919540229885,0.4,0.8,0.10983000901270609","0,0,0"
20.2,198,AV,1,0,0,29,3352.9358316496982,0.5,-8.651679772641906,"0.2778124999999999,0.27444061302681994,0.3462698412698413,0.5,0.29,0.16125071981045438","0,0,0"
12.283333333333333,299,AV,1,0,0,6,20793.30768626012,0.2,-12.99955199055026,"0.24039473684210522,0.2430814393939394,0.30481159420289855,0.2,0.06,1.0","0,0,0"
31.116666666666667,150,AV,0,0,0,55,2293.603195459698,0.1,-1.80225469946265,"0.24441666666666667,0.2670257936507936,0.306576923076923,0.1,0.55,0.11030487453303418","0,0,0"
36.61666666666667,294,AV,1,0,0,81,13351.937436366714,0.5,-61.830232634043924,"0.28990666666666665,0.3059764957264957,0.3561944444444444,0.5,0.81,0.6421266706493964","0,0,0"
42.18333333333333,249,AV,1,0,0,99,5702.891177591027,0.1,-6.174923219900205,"0.22917222222222222,0.2197015503875969,0.2943333333333333,0.1,0.99,0.27426570431405706","0,0,0"
12.15,23,AV,1,0,0,1,736.5379020629116,0.2,-0.5519664399022413,"0.27356321839080455,0.27848784722222225,0.33571111111111107,0.2,0.01,0.03542187290142414","0,0,0"
18.75,75,AV,1,0,0,23,1275.9312017726234,1.0,-6.141340917484012,"0.35356060606060596,0.27755220883534143,0.34233333333333343,1.0,0.23,0.06136258939772906","0,0,0"
37.31666666666667,237,AV,1,0,0,82,4959.361066312568,0.2,-9.446809282385388,"0.2966476190476191,0.2801190476190476,0.34978571428571426,0.2,0.82,0.23850755931388606","0,0,0"
45.93333333333333,271,AV,2,0,0,96,7128.986247371214,0.1,-8.269143980536642,"0.3017413793103448,0.298187265917603,0.3690075757575758,0.1,0.96,0.34285003400790975","0,0,0"
17.216666666666665,221,AV,0,0,0,27,4034.238052294327,0.1,-1.7539427222306565,"0.3127333333333333,0.2925984848484849,0.35858024691358026,0.1,0.27,0.19401617641430308","0,0,0"
29.266666666666666,148,AV,1,0,0,58,2260.56382504795,0.1,-1.7706860592526097,"0.2461287878787879,0.2347528735632184,0.3080384615384616,0.1,0.58,0.10871593202757703","0,0,0"
36.083333333333336,285,AV,2,0,0,57,8981.750106371177,0.1,-8.184128358709428,"0.3088055555555555,0.2995105263157895,0.34630952380952373,0.1,0.57,0.4319538883323586","0,0,0"
22.166666666666668,84,AV,1,0,0,33,1373.5659577718477,0.2,-1.6377464005358229,"0.2566315789473685,0.26627721088435374,0.3354202898550724,0.2,0.33,0.0660580788057822","0,0,0"
31.883333333333333,14,AV,1,0,0,66,601.3137559373858,0.3,-1.5524156756416907,"0.25147619047619046,0.258,0.3213717948717949,0.3,0.66,0.028918619635236016","0,0,0"
12.05,7,AV,0,0,0,17,513.3463032142733,0.1,-0.15620765034676753,"0.19837999999999997,0.2263869731800766,0.3124226190476191,0.1,0.17,0.024688054010448962","0,0,0"
25.766666666666666,189,AV,0,0,0,43,3119.7161673652217,0.1,-2.029916327755317,"0.20295454545454547,0.24938202247191008,0.31271212121212116,0.1,0.43,0.1500346272193471","0,0,0"
34.233333333333334,283,AV,1,0,0,71,8480.737499651503,0.2,-14.762823926165144,"0.2880913978494623,0.26843333333333336,0.3343541666666667,0.2,0.71,0.407858991345347","0,0,0"
32.95,250,AV,2,0,0,54,5807.233742044462,0.1,-4.832029085867804,"0.16416666666666666,0.212504016064257,0.29869999999999997,0.1,0.54,0.27928378830664774","0,0,0"
31.033333333333335,130,AV,1,0,0,66,2011.9739719035176,0.6,-9.560342261829165,"0.23469565217391306,0.2666762452107279,0.33779444444444445,0.6,0.66,0.09676065021790628","0,0,0"
24.066666666666666,154,AV,1,0,0,43,2335.4036410281064,0.1,-1.5193278020389673,"0.28243333333333337,0.24869415807560144,0.3155686274509804,0.1,0.43,0.1123151581396212","0,0,0"
31.066666666666666,129,AV,1,0,0,64,2010.868248891871,0.5,-7.987749191781244,"0.26199999999999996,0.2706087719298245,0.36673188405797097,0.5,0.64,0.0967074733482937","0,0,0"
35.983333333333334,227,AV,0,0,0,68,4547.885280126284,0.1,-4.132527070619801,"0.34283928571428585,0.31766472868217055,0.37863461538461535,0.1,0.68,0.2187187026108142","0,0,0"
18.133333333333333,145,AV,1,0,0,23,2218.0502812558643,0.3,-3.147018568189874,"0.2622971014492753,0.2432637130801688,0.33907017543859647,0.3,0.23,0.10667135381839783","0,0,0"
25.1,40,AV,1,0,0,48,914.1934345695068,0.1,-0.6794508890831975,"0.2875714285714286,0.26808156028368796,0.3328333333333333,0.1,0.48,0.04396575322999674","0,0,0"
29.4,255,AV,1,0,0,61,5911.733280178027,0.4,-17.656056407801415,"0.24501282051282053,0.24400401606425703,0.3210591397849462,0.4,0.61,0.28430942153971994","0,0,0"
22.166666666666668,297,AV,1,0,0,37,15387.119225735782,0.4,-34.55264069062052,"0.3458181818181818,0.28206701030927833,0.35886507936507933,0.4,0.37,0.7400034404292175","0,0,0"
37.266666666666666,168,AV,1,0,0,80,2675.3892374750885,0.1,-2.6177484574891827,"0.2761666666666666,0.23796557971014493,0.3123333333333333,0.1,0.8,0.1286658802843062","0,0,0"
32.78333333333333,257,AV,1,0,0,68,6020.57275324985,0.1,-5.084203116852885,"0.2339090909090909,0.2519136546184739,0.33393999999999996,0.1,0.68,0.2895437726450875","0,0,0"
41.266666666666666,99,AV,0,0,0,78,1564.487892525026,0.9,-14.673000082924109,"0.3276739130434783,0.28388586956521733,0.3399924242424243,0.9,0.78,0.07523997221273333","0,0,0"
13.216666666666667,223,AV,1,0,0,8,4113.319853961603,0.1,-1.4728378132119329,"0.2777727272727273,0.2710292096219932,0.32691269841269843,0.1,0.08,0.19781940978440954","0,0,0"
9.05,212,AV,0,0,0,6,3783.636689084741,0.1,-0.864694748389316,"0.21788095238095245,0.25847892720306515,0.32168749999999996,0.1,0.06,0.18196415626480184","0,0,0"
16.133333333333333,225,AV,1,0,0,13,4237.057085974603,0.4,-7.00483376973639,"0.2383809523809524,0.26932375478927206,0.33542753623188415,0.4,0.13,0.20377022982131804","0,0,0"
26.533333333333335,69,AV,1,0,0,49,1244.4027248274256,0.3,-2.6013751741480577,"0.26375757575757575,0.26447132616487457,0.3617733333333333,0.3,0.49,0.05984630938009477","0,0,0"
36.36666666666667,268,AV,1,0,0,82,7006.371100745904,0.3,-19.40290623968127,"0.18814141414141414,0.2123313008130081,0.3002708333333334,0.3,0.82,0.33695317774649197","0,0,0"
20.25,108,AV,1,0,0,31,1751.9448432672848,0.5,-4.579404428808398,"0.27386,0.3019691358024691,0.37593209876543215,0.5,0.31,0.0842552262343976","0,0,0"
22.533333333333335,22,AV,1,0,0,38,727.2326469992182,0.2,-0.927625032611905,"0.20756862745098037,0.2595224719101123,0.3342608695652174,0.2,0.38,0.034974360884380204","0,0,0"
42.45,33,AV,1,0,0,99,825.4433072334436,1.0,-8.94850211920699,"0.24075555555555556,0.2587882352941177,0.35359333333333337,1.0,0.99,0.039697546907310144","0,0,0"
40.983333333333334,181,AV,2,0,0,81,2964.6777926145683,0.1,-3.0682418737538817,"0.28331481481481474,0.3049874551971326,0.35024712643678163,0.1,0.81,0.14257846021167567","0,0,0"
34.85,160,AV,2,0,0,58,2421.0391237858234,0.5,-10.653183518173732,"0.29369333333333336,0.2649608843537415,0.35766666666666663,0.5,0.58,0.11643357373995898","0,0,0"
32.31666666666667,287,AV,2,0,0,33,9030.678864893336,0.6,-44.21839979552571,"0.2357,0.23258687943262404,0.3150833333333333,0.6,0.33,0.4343069895926497","0,0,0"
44.516666666666666,234,AV,2,0,0,81,4689.4303597647895,0.5,-26.35830911391362,"0.2376666666666667,0.2762546816479401,0.35592473118279566,0.5,0.81,0.22552594471842924","0,0,0"
39.65,284,AV,1,0,0,92,8493.635575370567,0.1,-8.604359862713205,"0.2775944444444444,0.26603921568627453,0.35884000000000005,0.1,0.92,0.40847929071828354","0,0,0"
17.866666666666667,196,AV,1,0,0,23,3278.222126324269,0.1,-1.579063181573913,"0.23428735632183909,0.26641287878787884,0.318927536231884,0.1,0.23,0.1576575586620336","0,0,0"
31.983333333333334,77,AV,1,0,0,66,1291.2118623687816,0.3,-3.228580257431429,"0.32858641975308645,0.2877222222222222,0.3626149425287356,0.3,0.66,0.062097472987522495","0,0,0"
18.966666666666665,166,AV,0,0,0,31,2580.565825479665,0.4,-4.943912305380233,"0.235775,0.2817083333333333,0.32439393939393946,0.4,0.31,0.12410559514707999","0,0,0"
24.05,197,AV,1,0,0,44,3301.717979419838,0.1,-2.1052100354809875,"0.2584080459770115,0.25216300366300365,0.3458020833333333,0.1,0.44,0.15878753054770403","0,0,0"
36.55,107,AV,1,0,0,82,1717.0377309640771,0.1,-1.6847911380489144,"0.30088888888888893,0.3150313531353135,0.3707333333333333,0.1,0.82,0.08257645954513855","0,0,0"
35.7,140,AV,1,0,0,77,2137.1188228190404,0.4,-7.8065799974383605,"0.23184848484848483,0.2846720430107527,0.3056,0.4,0.77,0.10277916602134513","0,0,0"
36.516666666666666,71,AV,1,0,0,78,1260.6549751070208,0.8,-9.399983334880412,"0.22975833333333331,0.26255964912280694,0.3594097222222223,0.8,0.78,0.06062791904628244","0,0,0"
21.866666666666667,60,AV,2,0,0,19,1111.987968807459,1.0,-6.140270265468798,"0.3310483870967741,0.29397318007662837,0.38651515151515153,1.0,0.19,0.05347816641708441","0,0,0"
22.7,192,AV,0,0,0,31,3227.056348793521,0.1,-1.8498530080205284,"0.2670333333333333,0.25121729957805905,0.3554623655913979,0.1,0.31,0.1551968737963661","0,0,0"
29.283333333333335,88,AV,0,0,0,52,1454.957177165027,0.4,-4.303635960065576,"0.23006349206349203,0.24186363636363636,0.31402173913043474,0.4,0.52,0.06997237760909195","0,0,0"
26.866666666666667,83,AV,1,0,0,50,1348.5865378412918,0.2,-1.9299002516836388,"0.2549166666666667,0.27514880952380943,0.33416666666666667,0.2,0.5,0.06485675863549194","0,0,0"
34.38333333333333,173,AV,0,0,0,64,2758.442965787371,0.4,-9.580248886227857,"0.2749074074074074,0.29574509803921567,0.3498623188405797,0.4,0.64,0.13266013312591463","0,0,0"
21.733333333333334,135,AV,1,0,0,36,2088.64210540395,0.7,-8.124042566551875,"0.2980984848484849,0.2817135416666666,0.3517575757575757,0.7,0.36,0.10044780450125744","0,0,0"
40.833333333333336,78,AV,1,0,0,94,1291.7462447339112,0.2,-2.763954797641484,"0.22734374999999996,0.2455505617977529,0.33877619047619056,0.2,0.94,0.0621231727161656","0,0,0"
27.85,243,AV,1,0,0,50,5158.4050556257225,0.6,-21.866906181693388,"0.24047826086956522,0.269989010989011,0.3365064102564102,0.6,0.5,0.24808006178999184","0,0,0"
23.85,172,AV,1,0,0,38,2753.3979495063454,0.3,-5.0748894769489645,"0.31532692307692306,0.3035677655677656,0.3692101449275363,0.3,0.38,0.13241750620204337","0,0,0"
29.066666666666666,139,AV,2,0,0,25,2131.3254046090938,0.2,-3.128814398685404,"0.32966666666666666,0.2877865168539326,0.344404761904762,0.2,0.25,0.10250054665508744","0,0,0"
25.1,120,AV,1,0,0,48,1848.7234685638712,0.2,-2.4435837909572307,"0.20811363636363636,0.21615040650406506,0.3053333333333333,0.2,0.48,0.08890954226515282","0,0,0"
33.43333333333333,68,AV,2,0,0,49,1200.7903182940884,0.2,-2.027597119947762,"0.24309090909090908,0.2521524822695035,0.3304097222222222,0.2,0.49,0.057748884228147654","0,0,0"
24.216666666666665,26,AV,0,0,0,37,783.6834518391023,0.1,-0.4792474981154105,"0.23702941176470588,0.2597078853046595,0.30316666666666675,0.1,0.37,0.037689215379472674","0,0,0"
28.083333333333332,45,AV,1,0,0,50,954.0002559944874,0.1,-0.7765532118479425,"0.3039423076923077,0.2391608527131783,0.3142738095238095,0.1,0.5,0.045880158673594545","0,0,0"
45.71666666666667,169,AV,2,0,0,88,2722.266725979925,0.7,-21.999260692567567,"0.28538888888888886,0.2694754385964912,0.33757936507936503,0.7,0.88,0.13092033105337805","0,0,0"
30.933333333333334,273,AV,1,0,0,65,7332.887514065835,0.1,-5.828046812334255,"0.23221604938271606,0.24590229885057474,0.3142733333333333,0.1,0.65,0.3526561345942708","0,0,0"
19.7,184,AV,1,0,0,26,3024.224513765153,1.0,-15.144753262922602,"0.20858771929824563,0.28845930232558137,0.3495192307692308,1.0,0.26,0.1454422047418416","0,0,0"
35.916666666666664,58,AV,0,0,0,67,1100.389953660579,0.2,-1.9960777358068582,"0.3144710144927536,0.2889939024390244,0.3562714285714285,0.2,0.67,0.052920390072797266","0,0,0"
27.083333333333332,286,AV,1,0,0,51,8987.822610831106,0.1,-6.246974639141644,"0.3403125,0.3249518518518519,0.3699656862745098,0.1,0.51,0.4322459296252377","0,0,0"
44.81666666666667,12,AV,0,0,0,83,572.7967315704935,0.1,-0.648253540064418,"0.2541538461538461,0.27126599326599327,0.3400333333333333,0.1,0.83,0.027547167589358008","0,0,0"
29.316666666666666,259,AV,1,0,0,61,6130.868263041086,0.4,-18.255214267153654,"0.29493749999999996,0.28259863945578234,0.3724411764705882,0.4,0.61,0.29484814804583803","0,0,0"
35.53333333333333,218,AV,1,0,0,76,3942.222625638348,0.2,-7.174763163182624,"0.30691999999999997,0.31461363636363626,0.35668627450980395,0.2,0.76,0.18959093402168548","0,0,0"
26.7,291,AV,1,0,0,45,10838.007207066395,0.2,-14.714888506498625,"0.3501733333333333,0.2784018518518519,0.37146,0.2,0.45,0.5212257410218565","0,0,0"
19.633333333333333,156,AV,1,0,0,25,2360.1328348572283,0.2,-2.4402663968533798,"0.2467430555555556,0.2541227106227106,0.332,0.2,0.25,0.11350444433700012","0,0,0"
6.866666666666666,104,AV,0,0,0,5,1664.0464513081895,0.1,-0.2885467752268409,"0.32909999999999995,0.2981821305841925,0.3580178571428572,0.1,0.05,0.08002798190726358","0,0,0"
29.866666666666667,254,AV,1,0,0,62,5899.132481879994,0.2,-8.998354720142215,"0.291,0.2779719101123596,0.355859649122807,0.2,0.62,0.2837034189504176","0,0,0"
25.7,114,AV,2,0,0,3,1799.695682844959,0.7,-8.175890235954752,"0.3152126436781608,0.2826411764705883,0.3445897435897436,0.7,0.03,0.0865516785496407","0,0,0"
34.4,132,AV,1,0,0,71,2030.86588445069,0.4,-7.1567461035458315,"0.25575287356321835,0.2834184027777778,0.34357777777777776,0.4,0.71,0.09766920756877238","0,0,0"
17.483333333333334,164,AV,1,0,0,20,2563.744074524839,0.1,-1.2318886928352513,"0.2602083333333334,0.2644518518518518,0.327640350877193,0.1,0.2,0.1232965968285517","0,0,0"
38.46666666666667,214,AV,1,0,0,86,3824.993837156676,0.2,-7.531048633129299,"0.2541825396825397,0.2684712643678161,0.3655227272727272,0.2,0.86,0.18395312063237393","0,0,0"
41.516666666666666,3,AV,1,0,0,97,473.5024380788758,0.1,-0.596420274938754,"0.275375,0.2687088122605364,0.33308666666666675,0.1,0.97,0.022771867046038015","0,0,0"
24.266666666666666,115,AV,1,0,0,44,1809.16611953512,0.1,-1.2086472517016562,"0.2716439393939394,0.2860555555555555,0.3593045977011494,0.1,0.44,0.08700713454697676","0,0,0"
39.13333333333333,138,AV,2,0,0,72,2123.4400354784907,0.4,-8.393665325426763,"0.2813333333333333,0.260578313253012,0.3536066666666666,0.4,0.72,0.1021213203554731","0,0,0"
42.583333333333336,240,AV,1,0,0,100,5009.92015912814,0.1,-5.48735101286717,"0.2504444444444444,0.2840398550724637,0.3462708333333333,0.1,1.0,0.24093906725761643","0,0,0"
38.833333333333336,246,AV,1,0,0,87,5480.041794665195,0.4,-21.595786837659777,"0.2653541666666667,0.29016244725738405,0.3273850574712644,0.4,0.87,0.26354834340696637","0,0,0"
36.3,36,AV,1,0,0,76,854.5785374972068,0.1,-0.8833636593724394,"0.3494285714285714,0.2832805280528053,0.33177999999999996,0.1,0.76,0.04109872995636468","0,0,0"
32.61666666666667,2,AV,0,0,0,58,457.16351791608827,0.3,-1.1296325815174049,"0.269301282051282,0.25204838709677424,0.32635,0.3,0.58,0.021986089217454062","0,0,0"
26.2,174,AV,2,0,0,23,2838.632091159661,0.5,-9.390424341967565,"0.24689583333333331,0.2645658914728683,0.32367901234567903,0.5,0.23,0.13651662034681394","0,0,0"
26.833333333333332,24,AV,1,0,0,49,741.34301771214,0.4,-2.109364071576676,"0.225969696969697,0.27888372093023256,0.34408974358974365,0.4,0.49,0.03565296242896494","0,0,0"
38.45,21,AV,1,0,0,85,699.2977112166509,0.3,-2.1369694694151686,"0.34424358974358976,0.2985,0.36067901234567906,0.3,0.85,0.03363090287355943","0,0,0"
13.75,25,AV,1,0,0,8,763.1985099142711,0.2,-0.6299989652182438,"0.267439393939394,0.27138755020080324,0.3376018518518519,0.2,0.08,0.03670404542797105","0,0,0"
42.5,238,AV,1,0,0,94,4967.653125719208,0.7,-37.42012133589556,"0.27654666666666666,0.2827649122807017,0.33446666666666663,0.7,0.94,0.2389063443235514","0,0,0"
31.233333333333334,121,AV,2,0,0,29,1885.557658153182,0.7,-10.410246363490506,"0.30522222222222223,0.30035955056179775,0.377,0.7,0.29,0.09068098671954573","0,0,0"
43.083333333333336,182,AV,0,0,0,78,2991.769966736588,0.6,-19.529609505086057,"0.26377536231884063,0.29349673202614385,0.3425222222222223,0.6,0.78,0.143881387794473","0,0,0"
13.716666666666667,226,AV,0,0,0,20,4434.023444374438,0.1,-1.5358591307744796,"0.22569999999999996,0.28134269662921346,0.35251923076923075,0.1,0.2,0.2132428140475394","0,0,0"
39.65,35,AV,0,0,0,72,849.0657401736111,0.7,-5.950964550130953,"0.2343409090909091,0.28209397163120564,0.3655362318840579,0.7,0.72,0.040833606321069346","0,0,0"
31.85,116,AV,2,0,0,51,1823.811293294481,0.2,-2.933757055122688,"0.24950000000000003,0.2802275985663083,0.35700833333333326,0.2,0.51,0.08771145605177698","0,0,0"
28.616666666666667,247,AV,2,0,0,0,5502.789496653042,0.1,-3.976552847539257,"0.20694444444444446,0.26290811965811967,0.33383928571428567,0.1,0.0,0.26464233491284295","0,0,0"
10.366666666666667,126,AV,0,0,0,13,1950.0200213032829,1.0,-5.104850392469032,"0.23722435897435898,0.2742651515151515,0.32517307692307695,1.0,0.13,0.09378113625432592","0,0,0"
32.233333333333334,112,AV,1,0,0,68,1794.439334206041,0.1,-1.5606252829774765,"0.2014702380952381,0.2579868913857678,0.32795833333333335,0.1,0.68,0.08629888814619799","0,0,0"
26.433333333333334,105,AV,2,0,0,26,1682.490559712908,0.4,-4.4923064439472595,"0.3057142857142857,0.26706972789115646,0.3442460317460317,0.4,0.26,0.08091500328370894","0,0,0"
22.516666666666666,37,AV,0,0,0,34,861.805442805673,0.1,-0.4900248961407679,"0.24200000000000008,0.23750219298245612,0.32462222222222226,0.1,0.34,0.04144628915269407","0,0,0"
40.43333333333333,262,AV,2,0,0,87,6446.254396158338,0.8,-52.65526318208798,"0.30294047619047615,0.2988314393939394,0.34655555555555556,0.8,0.87,0.3100158230437728","0,0,0"
32.766666666666666,253,AV,1,0,0,67,5849.7981009167725,0.6,-29.142179460612056,"0.2937901234567901,0.26406928838951305,0.3305208333333334,0.6,0.67,0.28133081033481866","0,0,0"
47.95,52,AV,0,0,0,94,1017.530975349866,0.2,-2.464172235758893,"0.26136507936507936,0.29376842105263157,0.3555833333333333,0.2,0.94,0.048935503225503364","0,0,0"
8.7,136,AV,0,0,0,5,2105.159940183184,0.1,-0.46249725958569954,"0.3411274509803922,0.30721649484536084,0.3394358974358974,0.1,0.05,0.10124218676253416","0,0,0"
15.7,27,AV,0,0,0,22,793.0252767736928,0.2,-0.6288129719872211,"0.41020175438596496,0.3325395833333333,0.40468840579710147,0.2,0.22,0.03813848612925163","0,0,0"
40.21666666666667,152,AV,1,0,0,89,2302.618320259251,0.4,-9.453902368325881,"0.2422083333333333,0.25493089430894306,0.3135833333333333,0.4,0.89,0.11073843349034766","0,0,0"
39.35,64,AV,2,0,0,77,1148.2139867956057,0.1,-1.1409651611213911,"0.3460634920634921,0.31792509363295873,0.36435833333333334,0.1,0.77,0.05522036244162957","0,0,0"
38.78333333333333,239,AV,2,0,0,80,4968.170350229253,1.0,-48.657122916597096,"0.1990833333333333,0.24686363636363637,0.3290052083333333,1.0,0.8,0.23893121888982288","0,0,0"
19.266666666666666,18,AV,1,0,0,29,632.5893922142865,0.1,-0.4077749736530788,"0.2786041666666666,0.3095942028985507,0.3498020833333333,0.1,0.29,0.030422739939172414","0,0,0"
41.21666666666667,179,AV,1,0,0,91,2946.490055333797,0.4,-12.367121055287004,"0.2253525641025641,0.2634750957854406,0.3358461538461539,0.4,0.91,0.14170376833700152","0,0,0"
35.68333333333333,93,AV,1,0,0,76,1507.5005543882637,0.5,-6.892000603841061,"0.3244565217391305,0.2784531835205993,0.33407738095238093,0.5,0.76,0.07249931454553503","0,0,0"
42.233333333333334,180,AV,1,0,0,98,2953.761118311176,0.2,-6.400362520034108,"0.2969375,0.27476190476190476,0.3225217391304348,0.2,0.98,0.14205345118145746","0,0,0"
34.3,122,AV,0,0,0,64,1888.2149669861096,0.1,-1.6354993274652416,"0.25748039215686275,0.21843859649122804,0.3060654761904762,0.1,0.64,0.09080878306984375","0,0,0"
27.283333333333335,29,AV,0,0,0,51,806.3598325453933,0.2,-1.1111204089872129,"0.299484126984127,0.255435606060606,0.32565517241379305,0.2,0.51,0.03877977687399022","0,0,0"
28.55,4,AV,2,0,0,24,491.8679742725259,0.3,-1.0638508079909559,"0.24329761904761907,0.24323076923076925,0.31258730158730164,0.3,0.24,0.023655109696546463","0,0,0"
19.216666666666665,79,AV,1,0,0,21,1294.2551843223837,0.3,-1.9841871559642779,"0.24505000000000002,0.2682643678160919,0.3497373737373738,0.3,0.21,0.062243833633915134","0,0,0"
36.333333333333336,264,AV,1,0,0,78,6778.2755320215965,0.2,-12.538249713642323,"0.2477583333333333,0.24590697674418607,0.34231818181818174,0.2,0.78,0.3259835151913118","0,0,0"
21.666666666666668,119,AV,1,0,0,35,1836.3970218708375,0.1,-1.1047626803165358,"0.23605263157894738,0.28322413793103446,0.36363235294117646,0.1,0.35,0.08831673390204767","0,0,0"
26.483333333333334,263,AV,2,0,0,3,6563.608435155774,0.1,-4.389551264083554,"0.3418333333333333,0.3128297101449275,0.3812654320987654,0.1,0.03,0.31565966003056356","0,0,0"
11.5,187,AV,1,0,0,4,3097.4575811220984,0.1,-0.9995141965379832,"0.30759848484848484,0.31266666666666665,0.3440075757575758,0.1,0.04,0.14896415846185204","0,0,0"
38.21666666666667,92,AV,1,0,0,82,1496.328062426438,0.4,-5.876229372295997,"0.22428472222222226,0.2568101265822785,0.33319135802469135,0.4,0.82,0.0719620026310286","0,0,0"
32.2,210,AV,2,0,0,27,3742.7752140142647,0.7,-21.303574071687255,"0.2668409090909091,0.2703888888888889,0.31965591397849463,0.7,0.27,0.17999902999980277","0,0,0"
23.4,190,AV,1,0,0,43,3132.463358685509,0.1,-1.9510010755868918,"0.29494696969696976,0.3141254480286739,0.36510526315789477,0.1,0.43,0.150647670199936","0,0,0"
31.383333333333333,251,AV,1,0,0,64,5825.425317043349,0.5,-23.18349299661748,"0.22606896551724137,0.2752383720930232,0.3332719298245614,0.5,0.64,0.28015866474638357","0,0,0"
22.516666666666666,235,AV,1,0,0,37,4818.617258984985,0.1,-2.8398787528992915,"0.3178095238095239,0.2847838827838828,0.3619135802469136,0.1,0.37,0.23173885231203734","0,0,0"
29.133333333333333,56,AV,1,0,0,61,1040.734547163155,0.5,-3.928291221467161,"0.22591666666666668,0.26801340996168577,0.3504137931034483,0.5,0.61,0.05005141860382586","0,0,0"
38.166666666666664,96,AV,1,0,0,83,1538.317647081207,0.1,-1.5826377995858436,"0.19499404761904762,0.2311476793248945,0.3073985507246377,0.1,0.83,0.07398138238957058","0,0,0"
23.366666666666667,98,AV,1,0,0,42,1564.4426034616197,0.2,-1.9462529714252448,"0.2304117647058823,0.23440378006872847,0.32879487179487177,0.2,0.42,0.07523779415313409","0,0,0"
26.283333333333335,11,AV,1,0,0,48,566.7055292848979,0.2,-0.8522681983857611,"0.29925,0.3103699633699634,0.3831481481481482,0.2,0.48,0.027254227073231246","0,0,0"
14.133333333333333,270,AV,1,0,0,12,7099.697064525982,0.3,-7.701695846866202,"0.23394252873563218,0.2551702508960573,0.3248425925925927,0.3,0.12,0.3414414470102487","0,0,0"
21.05,194,AV,1,0,0,30,3257.969850357721,0.2,-3.5636497651530323,"0.27852499999999997,0.2936202749140893,0.35093478260869565,0.2,0.3,0.15668357817407447","0,0,0"
41.31666666666667,141,AV,0,0,0,72,2139.4702648744856,0.3,-6.6966499831109205,"0.3177592592592593,0.2585421455938698,0.34704761904761905,0.3,0.72,0.10289225250527183","0,0,0"
15.633333333333333,124,AV,1,0,0,12,1929.5758599688188,0.1,-0.8617601669405521,"0.3741805555555555,0.30292479674796746,0.33890404040404043,0.1,0.12,0.09279792753915007","0,0,0"
34.56666666666667,260,AV,1,0,0,74,6197.036257351283,0.1,-5.509365823967408,"0.2893730158730159,0.28548541666666666,0.3318103448275862,0.1,0.74,0.2980303254708333","0,0,0"
44.56666666666667,91,AV,2,0,0,93,1485.5718097438446,0.2,-3.343787053244984,"0.316804347826087,0.29936309523809523,0.33495555555555556,0.2,0.93,0.07144470866102204","0,0,0"
16.416666666666668,278,AV,1,0,0,18,7958.958807233507,0.3,-9.998452556976016,"0.3137753623188406,0.28395679012345676,0.3550902777777778,0.3,0.18,0.38276540352897576","0,0,0"
22.066666666666666,15,AV,1,0,0,35,623.7253316558669,0.2,-0.7951282315760672,"0.26850595238095243,0.29677060931899646,0.34780701754385956,0.2,0.35,0.02999644602325653","0,0,0"
38.31666666666667,248,AV,1,0,0,85,5702.616109653807,0.2,-11.135618212200423,"0.24567361111111108,0.27142911877394643,0.3327183908045977,0.2,0.85,0.27425247563772664","0,0,0"
32.15,199,AV,1,0,0,65,3368.9508766880413,0.4,-11.040582897527326,"0.3123571428571429,0.29314007092198585,0.38187333333333334,0.4,0.65,0.16202092170810273","0,0,0"
18.166666666666668,110,AV,1,0,0,25,1782.711710770346,0.1,-0.9178265003113119,"0.2561388888888889,0.26031273408239697,0.3271728395061728,0.1,0.25,0.08573487862868172","0,0,0"
28.016666666666666,176,AV,1,0,0,51,2853.537244729806,0.3,-6.156560742917681,"0.2223106060606061,0.2777121212121212,0.34268888888888893,0.3,0.51,0.13723344490378397","0,0,0"
24.433333333333334,282,AV,1,0,0,42,8348.421721831439,0.3,-15.553012934602133,"0.3304861111111111,0.2775074906367041,0.3101111111111111,0.3,0.42,0.4014956084811817","0,0,0"
5.266666666666667,207,AV,0,0,0,0,3608.770587345788,0.2,-0.959908674748543,"0.3101333333333333,0.31391025641025644,0.37721212121212117,0.2,0.0,0.17355442634701188","0,0,0"
12.066666666666666,73,AV,1,0,0,7,1267.69032506861,0.7,-2.8039791950537523,"0.25,0.24444107744107751,0.3369649122807018,0.7,0.07,0.0609662658868978","0,0,0"
14.666666666666666,261,AV,1,0,0,9,6230.691172258436,1.0,-23.176633971327544,"0.24045454545454548,0.27023214285714287,0.32872222222222225,1.0,0.09,0.29964887098629217","0,0,0"
28.1,195,AV,1,0,0,56,3274.575105225111,0.1,-2.4236252640612537,"0.2939444444444445,0.2934518072289157,0.33749404761904755,0.1,0.56,0.15748216467690215","0,0,0"
20.866666666666667,200,AV,0,0,0,31,3386.12741774329,0.1,-1.7842725282047978,"0.2562628205128205,0.2706079545454545,0.3430320512820513,0.1,0.31,0.16284698273285247","0,0,0"
25.2,219,AV,1,0,0,46,3958.913906791885,0.5,-12.69654424888327,"0.297036231884058,0.28611805555555553,0.354063492063492,0.5,0.46,0.1903936577347851","0,0,0"
14.45,32,AV,1,0,0,12,822.5771428470101,0.9,-2.80141811684984,"0.32069565217391305,0.27618539325842695,0.35057738095238095,0.9,0.12,0.039559706192899544","0,0,0"
14.116666666666667,103,AV,1,0,0,9,1661.9571573900298,0.1,-0.6924569496251496,"0.24265333333333333,0.2751776556776557,0.34023148148148147,0.1,0.09,0.07992750275552475","0,0,0"
29.183333333333334,230,AV,0,0,0,55,4572.8741748457805,0.1,-3.36999271050293,"0.2185576923076923,0.2610581395348837,0.31473214285714285,0.1,0.55,0.21992047844641197","0,0,0"
16.15,175,AV,1,0,0,15,2850.5966631146844,1.0,-11.725539421540946,"0.30590384615384614,0.28704545454545455,0.3822750000000001,1.0,0.15,0.13709202528649697","0,0,0"
30.533333333333335,220,AV,2,0,0,43,4021.28082322038,0.2,-6.201167060723685,"0.30822222222222223,0.2912829457364341,0.3549733333333333,0.2,0.43,0.1933930322147629","0,0,0"
23.533333333333335,39,AV,1,0,0,35,913.5589076746268,0.2,-1.1858124390880245,"0.2135882352941176,0.25558801498127337,0.33196296296296296,0.2,0.35,0.04393523731091094","0,0,0"
38.18333333333333,177,AV,2,0,0,66,2891.134206742707,0.2,-5.575411168053486,"0.31323999999999996,0.28544736842105267,0.3735666666666667,0.2,0.66,0.13904157291209238","0,0,0"
27.966666666666665,204,AV,2,0,0,16,3465.4556083993225,0.2,-4.894810194355271,"0.3845087719298246,0.3246475694444444,0.3730333333333333,0.2,0.16,0.1666620655399256","0,0,0"
11.866666666666667,76,AV,0,0,0,16,1282.6858023855964,0.1,-0.384373859974135,"0.29513978494623655,0.28410486891385767,0.35295000000000004,0.1,0.16,0.06168743432932387","0,0,0"
42.06666666666667,100,AV,1,0,0,94,1592.2311391495805,0.2,-3.4828210397420385,"0.28846296296296303,0.27134496124031005,0.33241025641025645,0.2,0.94,0.07657421143254188","0,0,0"
20.266666666666666,208,AV,1,0,0,33,3628.2404526711953,0.8,-14.95501814965715,"0.23812222222222218,0.23406709956709953,0.31333838383838386,0.8,0.33,0.17449077883210845","0,0,0"
35.5,269,AV,1,0,0,78,7081.334819999852,0.6,-38.188997895453745,"0.34486363636363637,0.2762170138888889,0.3537651515151516,0.6,0.78,0.34055836266392014","0,0,0"
32.916666666666664,0,AV,1,0,0,69,437.8567856598078,0.1,-0.46395923892176794,"0.2900072463768116,0.26763095238095236,0.34870312499999995,0.1,0.69,0.021057582192617507","0,0,0"
31.05,74,AV,1,0,0,67,1275.6237969650936,0.4,-4.10082009048143,"0.20322463768115945,0.26265807560137455,0.3331583333333334,0.4,0.67,0.06134780556380672","0,0,0"
16.35,241,AV,1,0,0,15,5051.78348307234,0.7,-14.70041968781892,"0.22373809523809526,0.2558484848484849,0.33873809523809517,0.7,0.15,0.24295237483598997","0,0,0"
17.516666666666666,80,AV,1,0,0,14,1317.647826688136,0.1,-0.6828484283877234,"0.22612499999999996,0.24298643410852716,0.30402500000000005,0.1,0.14,0.06336884186823323","0,0,0"
29.7,272,AV,1,0,0,62,7177.938863287724,1.0,-53.934541474657934,"0.25655555555555554,0.2697582417582417,0.3668600000000001,1.0,0.62,0.345204282627472","0,0,0"
21.7,222,AV,1,0,0,30,4090.160813256426,0.4,-9.06530198461257,"0.2495632183908046,0.2534978354978355,0.34045833333333336,0.4,0.3,0.19670563601379967","0,0,0"
36.083333333333336,28,AV,1,0,0,80,802.5586880039084,0.4,-3.025150773616939,"0.2662986111111111,0.2745842911877394,0.3433154761904762,0.4,0.8,0.038596970723144074","0,0,0"
35.7,61,AV,2,0,0,52,1117.0806745336297,0.2,-2.0141303071136663,"0.268659420289855,0.2889710144927536,0.34386666666666665,0.2,0.52,0.05372308684066549","0,0,0"
