travel_time,id,kind,action,origin,destination,start_time,income,urgency,reward,observation,cost_table
14.683333333333334,109,AV,1,0,0,6,1659.6531244520008,0.3,-1.8461545487906725,"0.0,0.3016949404761905,0.3337678571428571,0.3,0.06,0.07981669628967558","0,0,0"
39.233333333333334,84,AV,1,0,0,75,1444.5182772575097,0.7,-10.018001756165507,"0.10533333333333333,0.2945902777777778,0.34565384615384614,0.7,0.75,0.06947034589460839","0,0,0"
20.25,174,AV,2,0,0,5,2758.442965787371,0.2,-2.821134851373448,"0.13758333333333334,0.2924245283018868,0.347203125,0.2,0.05,0.13266013312591463","0,0,0"
29.45,6,AV,1,0,0,46,508.6019702527906,0.6,-2.2694436399916182,"0.18683333333333332,0.2971433333333333,0.3421623931623931,0.6,0.46,0.024459887668034006","0,0,0"
39.1,121,AV,1,0,0,73,1822.2981036688468,0.1,-1.7992892892285837,"0.15316666666666667,0.24276811594202904,0.3195724637681159,0.1,0.73,0.08763868313616077","0,0,0"
38.7,235,AV,1,0,0,74,4381.240268036911,0.1,-4.281666625581527,"0.07283333333333333,0.31796491228070173,0.33935333333333334,0.1,0.74,0.2107043445969861","0,0,0"
22.866666666666667,131,AV,1,0,0,27,1975.501985353583,0.2,-2.281471989819121,"0.0,0.27397899159663863,0.32964285714285707,0.2,0.27,0.09500662497573499","0,0,0"
32.78333333333333,187,AV,1,0,0,52,2968.817229463249,0.1,-2.4577708292736578,"0.21866666666666668,0.3244891975308642,0.35635507246376813,0.1,0.52,0.14277753565032827","0,0,0"
25.483333333333334,278,AV,2,0,0,12,7332.887514065835,0.5,-23.59424454757294,"0.12908333333333333,0.27643333333333336,0.3252173913043478,0.5,0.12,0.3526561345942708","0,0,0"
34.88333333333333,199,AV,2,0,0,41,3387.2787239910285,0.1,-2.9838275965122993,"0.0,0.29960576923076926,0.35582407407407407,0.1,0.41,0.16290235180953377","0,0,0"
49.166666666666664,99,AV,2,0,0,83,1581.4824060924602,0.3,-5.890622598450451,"0.0,0.3075974842767296,0.3575294117647059,0.3,0.83,0.0760572790993459","0,0,0"
37.71666666666667,149,AV,1,0,0,62,2193.4249838744518,0.3,-6.267324164782681,"0.0,0.2881466049382716,0.3585747126436781,0.3,0.62,0.10548706425018813","0,0,0"
43.266666666666666,94,AV,2,0,0,87,1519.7273932229994,0.4,-6.641771570381998,"0.23633333333333334,0.326185534591195,0.3418697916666666,0.4,0.87,0.07308733252801383","0,0,0"
19.5,198,AV,1,0,0,17,3366.895459871004,0.6,-9.947645676891602,"0.0,0.289475975975976,0.3320977011494253,0.6,0.17,0.16192207178734694","0,0,0"
26.866666666666667,258,AV,1,0,0,42,5168.6614957092925,0.3,-10.520053448337599,"0.0,0.3012336601307189,0.3530555555555555,0.3,0.42,0.24857331857425743","0,0,0"
47.18333333333333,74,AV,1,0,0,100,1301.8927857652438,0.1,-1.5512030625005913,"0.20316666666666666,0.2924181547619048,0.3570123456790123,0.1,1.0,0.06261114419162438","0,0,0"
32.516666666666666,178,AV,1,0,0,52,2835.850686157305,0.8,-18.628769995598997,"0.17608333333333334,0.3403536231884058,0.366927536231884,0.8,0.52,0.13638285591431848","0,0,0"
20.116666666666667,202,AV,1,0,0,18,3458.1247672483346,0.1,-1.7567157382444192,"0.1422777777777778,0.2737460317460318,0.33022043010752683,0.1,0.18,0.16630950781983606","0,0,0"
47.18333333333333,76,AV,1,0,0,100,1317.647826688136,0.1,-1.5699751672365794,"0.185,0.2613526785714285,0.33991975308641975,0.1,1.0,0.06336884186823323","0,0,0"
46.766666666666666,157,AV,1,0,0,99,2302.618320259251,0.4,-10.877351863042858,"0.185,0.2769781144781145,0.3291491228070176,0.4,0.99,0.11073843349034766","0,0,0"
13.6,41,AV,1,0,0,1,912.6272274022258,0.1,-0.3134275326431887,"0.069,0.3030060060060061,0.35261111111111115,0.1,0.01,0.04389043057374056","0,0,0"
46.166666666666664,30,AV,2,0,0,87,827.3783452591958,0.2,-1.9291565794343204,"0.0,0.3367076023391813,0.37578,0.2,0.87,0.03979060752349248","0,0,0"
16.6,136,AV,1,0,0,14,2043.1688306873104,0.8,-6.851838906951386,"0.18575,0.2812962962962963,0.3395722222222222,0.8,0.14,0.09826088573860729","0,0,0"
20.25,169,AV,1,0,0,19,2612.3907844155665,0.1,-1.3358816511215967,"0.21866666666666668,0.32830769230769236,0.37549999999999994,0.1,0.19,0.12563613369419777","0,0,0"
19.466666666666665,184,AV,1,0,0,16,2909.8477340427667,0.2,-2.8608603984528207,"0.254,0.31627724358974363,0.34180666666666665,0.2,0.16,0.13994155128890565","0,0,0"
26.383333333333333,216,AV,1,0,0,38,3758.845856207275,0.2,-5.00863046327956,"0.0,0.266141456582633,0.3139444444444444,0.2,0.38,0.18077190569786353","0,0,0"
44.333333333333336,91,AV,1,0,0,82,1475.2077210572677,0.2,-3.3030745269464075,"0.254,0.2815760517799352,0.32942129629629635,0.2,0.82,0.07094627479744654","0,0,0"
33.733333333333334,226,AV,1,0,0,54,4015.909421979459,0.1,-3.4209598779825012,"0.14541666666666667,0.273434250764526,0.3252894736842105,0.1,0.54,0.19313470865595408","0,0,0"
42.43333333333333,15,AV,2,0,0,80,616.3739675020589,0.1,-0.6604747985102029,"0.05333333333333333,0.31039523809523806,0.35093650793650794,0.1,0.8,0.02964290130277584","0,0,0"
23.5,154,AV,1,0,0,29,2260.56382504795,1.0,-13.414962093087583,"0.0,0.26800701754385964,0.3308,1.0,0.29,0.10871593202757703","0,0,0"
14.05,151,AV,1,0,0,2,2215.952556227922,0.4,-3.1448619611113435,"0.069,0.31580991735537195,0.36414814814814817,0.4,0.02,0.10657046919438351","0,0,0"
20.066666666666666,119,AV,1,0,0,23,1805.1606101798543,0.4,-3.658945075179368,"0.18466666666666665,0.3379851485148515,0.36645698924731185,0.4,0.23,0.08681450000245393","0,0,0"
46.63333333333333,132,AV,1,0,0,95,1993.780724220221,0.7,-16.43526484199379,"0.0,0.36550326797385624,0.37605000000000005,0.7,0.95,0.09588569333476842","0,0,0"
40.45,66,AV,1,0,0,75,1194.3606142611325,0.3,-3.6599914277926375,"0.0,0.31061212121212123,0.3552499999999999,0.3,0.75,0.05743966435173499","0,0,0"
29.216666666666665,13,AV,1,0,0,46,610.4868582393152,0.1,-0.45041391519087526,"0.0,0.32729938271604936,0.3597031249999999,0.1,0.46,0.029359776109248604","0,0,0"
46.916666666666664,122,AV,1,0,0,87,1824.367004680513,0.1,-2.161444915057089,"0.0,0.272,0.30423456790123454,0.1,0.87,0.08773818154415255","0,0,0"
34.28333333333333,225,AV,1,0,0,58,3942.222625638348,0.4,-13.651770944340202,"0.0,0.30911061946902657,0.3551913580246914,0.4,0.58,0.18959093402168548","0,0,0"
45.166666666666664,110,AV,1,0,0,85,1684.196745492046,0.7,-13.446638157400718,"0.0,0.31499056603773584,0.3582794117647059,0.7,0.85,0.08099705784688291","0,0,0"
44.916666666666664,293,AV,1,0,0,91,13430.196447392702,0.1,-15.233324674125981,"0.069,0.3245902777777778,0.3727121212121212,0.1,0.91,0.6458903340456582","0,0,0"
25.0,125,AV,2,0,0,20,1885.557658153182,0.2,-2.3807546188802804,"0.13683333333333333,0.29615384615384616,0.3713870967741936,0.2,0.2,0.09068098671954573","0,0,0"
28.566666666666666,96,AV,1,0,0,45,1546.5147326922538,0.1,-1.1156255268663817,"0.254,0.3376560606060605,0.36340804597701143,0.1,0.45,0.07437559988179109","0,0,0"
22.983333333333334,259,AV,1,0,0,29,5304.212874057136,0.1,-3.078497286752858,"0.17016666666666666,0.32957645259938834,0.36928888888888883,0.1,0.29,0.25509230922226356","0,0,0"
29.683333333333334,231,AV,2,0,0,14,4223.122456076251,0.4,-12.662257734464315,"0.0,0.32278134556574917,0.3362948717948718,0.4,0.14,0.20310008007368746","0,0,0"
16.55,179,AV,1,0,0,14,2838.632091159661,0.1,-1.1863475027447574,"0.0,0.3545365079365079,0.3776607142857143,0.1,0.14,0.13651662034681394","0,0,0"
26.6,72,AV,2,0,0,13,1291.2118623687816,0.1,-0.8673291802780201,"0.10483333333333332,0.29451293103448273,0.32187681159420284,0.1,0.13,0.062097472987522495","0,0,0"
28.533333333333335,159,AV,1,0,0,42,2397.5381966938494,0.1,-1.7275191046884977,"0.16616666666666668,0.32000757575757577,0.3553218390804597,0.1,0.42,0.11530335783364105","0,0,0"
41.31666666666667,114,AV,1,0,0,79,1778.835052690156,0.1,-1.855947851691455,"0.21866666666666668,0.32617610062893077,0.3320133333333334,0.1,0.79,0.08554844085078303","0,0,0"
13.733333333333333,14,AV,1,0,0,2,615.3970356119416,0.4,-0.8536820830711109,"0.0,0.2861533923303835,0.3252716049382717,0.4,0.02,0.029595918306859183","0,0,0"
43.0,40,AV,2,0,0,77,902.2448599555772,0.1,-0.979710327729541,"0.21866666666666668,0.3630050505050505,0.39744999999999997,0.1,0.77,0.04339111764078622","0,0,0"
43.46666666666667,223,AV,2,0,0,82,3919.41152379869,0.3,-12.90634501776134,"0.07841666666666666,0.3016965811965812,0.3708174603174604,0.3,0.82,0.18849389346499082","0,0,0"
30.733333333333334,1,AV,1,0,0,46,419.7646265090227,0.2,-0.6515538478810083,"0.0,0.2942819314641744,0.34522222222222226,0.2,0.46,0.02018748689927752","0,0,0"
28.916666666666668,240,AV,1,0,0,43,4572.8741748457805,0.5,-16.695994725078766,"0.0,0.26562946428571427,0.31470289855072475,0.5,0.43,0.21992047844641197","0,0,0"
45.18333333333333,28,AV,1,0,0,87,813.126641713825,0.1,-0.9277720225951934,"0.0,0.32104029304029313,0.3745641025641026,0.1,0.87,0.03910520894427614","0,0,0"
15.4,51,AV,1,0,0,8,968.7072844723906,0.2,-0.7534389990340816,"0.17016666666666666,0.3419407713498622,0.37357407407407406,0.2,0.08,0.04658745492005087","0,0,0"
16.5,145,AV,1,0,0,10,2123.4400354784907,0.1,-0.8847666814493712,"0.0,0.30147712418300654,0.34221717171717175,0.1,0.1,0.1021213203554731","0,0,0"
34.36666666666667,35,AV,2,0,0,59,859.2772315809713,0.1,-0.7457195503030146,"0.0,0.29758647798742144,0.33167647058823535,0.1,0.59,0.041324701415771756","0,0,0"
35.15,247,AV,2,0,0,54,4818.617258984985,0.5,-21.38565614309624,"0.18600000000000003,0.276368253968254,0.34602450980392147,0.5,0.54,0.23173885231203734","0,0,0"
32.15,155,AV,1,0,0,52,2276.662146114732,0.5,-9.241753535049071,"0.0,0.3461308411214953,0.3616363636363636,0.5,0.52,0.1094901388690128","0,0,0"
28.533333333333335,17,AV,1,0,0,44,632.5893922142865,0.6,-2.7348309077546933,"0.069,0.2607327327327327,0.30944871794871803,0.6,0.44,0.030422739939172414","0,0,0"
37.86666666666667,25,AV,2,0,0,72,753.7709081553346,0.3,-2.1623327062233844,"0.14575,0.31724757281553395,0.34107333333333334,0.3,0.72,0.036250649465136044","0,0,0"
40.86666666666667,210,AV,1,0,0,79,3628.2404526711953,0.4,-14.977181127861568,"0.069,0.30893333333333334,0.34375287356321843,0.4,0.79,0.17449077883210845","0,0,0"
15.666666666666666,105,AV,1,0,0,7,1597.8734280578535,0.3,-1.896465937341392,"0.0,0.3281530303030303,0.3490533333333333,0.3,0.07,0.07684556262848466","0,0,0"
29.183333333333334,38,AV,1,0,0,44,877.2934597877683,0.1,-0.6465239259631238,"0.06916666666666667,0.3088725490196078,0.3563583333333334,0.1,0.44,0.04219114500803879","0,0,0"
39.266666666666666,59,AV,1,0,0,76,1040.734547163155,0.5,-5.159870776760085,"0.0,0.2891812865497076,0.3683921568627451,0.5,0.76,0.05005141860382586","0,0,0"
42.483333333333334,173,AV,1,0,0,81,2750.2432356670683,0.2,-5.900984854979257,"0.0,0.2773263888888889,0.325186507936508,0.2,0.81,0.13226578845290615","0,0,0"
27.45,200,AV,2,0,0,25,3414.9419898187493,0.1,-2.367175697487997,"0.20233333333333334,0.30093302180685355,0.3366180555555555,0.1,0.25,0.1642327445611401","0,0,0"
23.25,98,AV,1,0,0,30,1579.1767070066765,0.3,-2.7815044271140326,"0.23633333333333334,0.31225980392156855,0.3622204301075269,0.3,0.3,0.0759463925044581","0,0,0"
16.733333333333334,224,AV,0,0,0,46,3933.772930850901,0.2,-13.324501702503625,"0.0,0.362105504587156,0.37053846153846154,0.2,0.46,0.1891845679487672","0,0,0"
28.733333333333334,153,AV,1,0,0,41,2225.3307045190536,0.1,-1.614675982571906,"0.0,0.27674382716049384,0.33654487179487175,0.1,0.41,0.10702148682143131","0,0,0"
39.78333333333333,291,AV,2,0,0,68,11185.875164713363,0.9,-101.13895461428332,"0.16075,0.2555091743119266,0.33127586206896553,0.9,0.68,0.5379555448075637","0,0,0"
37.35,246,AV,1,0,0,70,4735.166802079286,0.3,-13.39836970133798,"0.17016666666666666,0.3041929012345679,0.3535459770114942,0.3,0.7,0.22772551984156938","0,0,0"
31.45,97,AV,2,0,0,46,1567.0706205360798,0.2,-2.489109647265642,"0.12833333333333333,0.24281818181818185,0.3073456790123457,0.2,0.46,0.07536418179256658","0,0,0"
46.3,142,AV,1,0,0,91,2105.6010448069283,0.3,-7.385555179890966,"0.21866666666666668,0.34227987421383643,0.36836666666666673,0.3,0.91,0.10126340054104405","0,0,0"
16.133333333333333,266,AV,1,0,0,9,5557.427333357366,0.7,-15.848959432167302,"0.0,0.30526724137931033,0.3597986111111111,0.7,0.09,0.26726999942532587","0,0,0"
29.966666666666665,137,AV,0,0,0,98,2044.1603053436156,0.2,-13.09377123653857,"0.0,0.28310029498525074,0.33697530864197534,0.2,0.98,0.09830856813100321","0,0,0"
23.55,255,AV,1,0,0,30,5003.647877951615,0.3,-8.926962691345494,"0.05333333333333333,0.27783928571428573,0.34505769230769234,0.3,0.3,0.24063741822365012","0,0,0"
33.31666666666667,195,AV,1,0,0,58,3274.575105225111,0.4,-11.019992652095956,"0.0,0.26923052959501553,0.3265151515151514,0.4,0.58,0.15748216467690215","0,0,0"
40.55,42,AV,1,0,0,76,923.9636394510808,0.6,-5.676776602991109,"0.20166666666666663,0.2680833333333333,0.3333076923076923,0.6,0.76,0.04443562579808411","0,0,0"
37.7,93,AV,2,0,0,67,1517.942512651984,0.6,-8.67067162529997,"0.07200000000000001,0.31643971631205675,0.35034108527131785,0.6,0.67,0.07300149334369807","0,0,0"
37.2,124,AV,1,0,0,68,1880.1756700095973,0.3,-5.298676888208865,"0.0,0.3060424528301886,0.35900000000000004,0.3,0.68,0.0904221540112152","0,0,0"
42.61666666666667,2,AV,1,0,0,80,449.0833195935783,0.2,-0.966587582660589,"0.10533333333333333,0.2734903846153846,0.3319809523809523,0.2,0.8,0.021597493115072083","0,0,0"
15.366666666666667,253,AV,1,0,0,9,4951.479839002994,0.3,-5.764222741869647,"0.0,0.2649666666666667,0.32714666666666664,0.3,0.09,0.23812853220437127","0,0,0"
40.766666666666666,148,AV,1,0,0,74,2187.718469250836,0.2,-4.504342908912075,"0.0,0.3132365079365079,0.35462857142857146,0.2,0.74,0.10521262428567076","0,0,0"
41.11666666666667,296,AV,1,0,0,77,14312.770160915026,0.9,-133.74849995067186,"0.0,0.3339386973180078,0.36909523809523814,0.9,0.77,0.6883354191104801","0,0,0"
29.766666666666666,283,AV,1,0,0,43,8436.938288223368,0.1,-6.341907315979349,"0.0,0.26847916666666666,0.32372058823529415,0.1,0.43,0.4057525822983113","0,0,0"
26.383333333333333,87,AV,1,0,0,34,1460.106853854364,0.3,-2.918370138448811,"0.0,0.26296460176991154,0.32417361111111115,0.3,0.34,0.07022003790282866","0,0,0"
49.18333333333333,172,AV,2,0,0,89,2747.619709803412,0.5,-17.062764654103262,"0.0,0.28892201834862385,0.35184408602150535,0.5,0.89,0.13213961680656489","0,0,0"
35.0,233,AV,1,0,0,60,4266.216809230351,0.1,-3.7706461697742997,"0.0,0.29915740740740737,0.35515625,0.1,0.6,0.20517259079705716","0,0,0"
36.516666666666666,113,AV,1,0,0,66,1717.0377309640771,0.8,-12.666766560748462,"0.16616666666666668,0.3246062091503268,0.37385185185185177,0.8,0.66,0.08257645954513855","0,0,0"
21.616666666666667,262,AV,2,0,0,9,5394.467136051333,0.6,-17.668242109743886,"0.21899999999999997,0.27688368055555557,0.3274285714285714,0.6,0.09,0.2594328529854781","0,0,0"
45.95,90,AV,1,0,0,95,1474.807688008607,0.1,-1.711298314747361,"0.254,0.36685339506172837,0.39306989247311824,0.1,0.95,0.07092703624941481","0,0,0"
35.45,130,AV,1,0,0,62,1945.516475481125,0.2,-3.4832605583740346,"0.07200000000000001,0.2974259259259259,0.3392301587301587,0.2,0.62,0.09356454994251304","0,0,0"
27.55,49,AV,1,0,0,41,950.4213588862824,0.3,-1.9836445785846273,"0.0,0.25729204892966356,0.3336060606060607,0.3,0.41,0.04570804093445438","0,0,0"
30.116666666666667,205,AV,1,0,0,45,3487.44186130441,0.2,-5.304551720014368,"0.0,0.31290476190476185,0.3668476190476191,0.2,0.45,0.16771943713451876","0,0,0"
42.31666666666667,133,AV,2,0,0,60,2011.9739719035176,0.2,-4.300001611669218,"0.0,0.31242592592592594,0.33743229166666666,0.2,0.6,0.09676065021790628","0,0,0"
39.06666666666667,250,AV,2,0,0,68,4889.272753955773,0.3,-14.470271887970116,"0.0,0.27153174603174596,0.32661979166666666,0.3,0.68,0.2351368443985718","0,0,0"
36.483333333333334,243,AV,1,0,0,65,4662.282088415262,0.1,-4.295343220345543,"0.0,0.2873033033033033,0.3394583333333333,0.1,0.65,0.2242203192855181","0,0,0"
19.383333333333333,138,AV,1,0,0,15,2052.607856914241,0.5,-5.02353311782673,"0.0,0.2803761467889908,0.2951827956989247,0.5,0.15,0.09871483113148809","0,0,0"
36.2,71,AV,2,0,0,53,1275.9312017726234,0.1,-1.1663815531355801,"0.0,0.293748538011696,0.3167628205128205,0.1,0.53,0.06136258939772906","0,0,0"
42.0,248,AV,2,0,0,78,4843.3187157075145,0.2,-10.273706366652304,"0.14383333333333334,0.329337962962963,0.3624833333333333,0.2,0.78,0.2329268045654853","0,0,0"
31.533333333333335,58,AV,1,0,0,48,1022.032321197676,0.1,-0.8138405520648161,"0.26405555555555554,0.3400416666666667,0.37862318840579706,0.1,0.48,0.049151983735277405","0,0,0"
42.5,33,AV,1,0,0,78,854.5785374972068,0.4,-3.668645236730433,"0.0,0.2694466019417476,0.323462962962963,0.4,0.78,0.04109872995636468","0,0,0"
25.05,107,AV,1,0,0,37,1626.914224999384,0.5,-5.145732491948809,"0.15283333333333332,0.2995833333333333,0.3470289855072463,0.5,0.37,0.07824220415275356","0,0,0"
36.516666666666666,61,AV,1,0,0,60,1074.3823512953045,0.2,-1.981457686606071,"0.07283333333333333,0.28755503144654093,0.3366666666666667,0.2,0.6,0.0516696221450731","0,0,0"
34.266666666666666,0,AV,1,0,0,60,388.2787303527966,0.4,-1.343941194621801,"0.0,0.29690289855072466,0.32148666666666664,0.4,0.6,0.01867325469383425","0,0,0"
22.5,143,AV,1,0,0,24,2108.868816674547,0.2,-2.396441837130167,"0.20341666666666666,0.29045280235988197,0.3393611111111111,0.2,0.24,0.10142055552171977","0,0,0"
14.25,19,AV,1,0,0,6,640.5426603936758,0.1,-0.23049830582348182,"0.19458333333333333,0.29935760517799354,0.35435238095238103,0.1,0.06,0.03080523166677017","0,0,0"
31.816666666666666,65,AV,1,0,0,50,1150.4391077840953,0.2,-1.8486433137709077,"0.0,0.326875,0.3580916666666667,0.2,0.5,0.05532737384270454","0,0,0"
40.56666666666667,150,AV,1,0,0,78,2198.5025098873134,1.0,-22.521696586976944,"0.21866666666666668,0.28586054421768714,0.3406989247311828,1.0,0.78,0.10573125464497639","0,0,0"
24.45,282,AV,1,0,0,31,8348.421721831439,0.1,-5.154517957039865,"0.21866666666666668,0.2890700934579439,0.34222916666666664,0.1,0.31,0.4014956084811817","0,0,0"
33.65,83,AV,2,0,0,48,1434.2863071033526,0.2,-2.4375623350519096,"0.0,0.3140787878787879,0.36705952380952384,0.2,0.48,0.06897826592789302","0,0,0"
32.516666666666666,214,AV,1,0,0,53,3724.6301341612702,0.2,-6.1167957843002005,"0.08766666666666667,0.23973333333333333,0.30915942028985505,0.2,0.53,0.17912638962306346","0,0,0"
34.68333333333333,10,AV,2,0,0,36,583.3206434887895,1.0,-5.108965736953581,"0.17016666666666666,0.2964719626168224,0.33845312499999997,1.0,0.36,0.028053287735180215","0,0,0"
30.983333333333334,20,AV,1,0,0,48,646.5589615252754,0.2,-1.011745041646033,"0.18600000000000003,0.2552310231023103,0.3264770114942528,0.2,0.48,0.031094570006892704","0,0,0"
25.616666666666667,12,AV,2,0,0,2,597.1498506777683,0.7,-2.7040131495968476,"0.0,0.3185339506172839,0.3552552083333333,0.7,0.02,0.02871836745206032","0,0,0"
30.666666666666668,75,AV,2,0,0,22,1310.9401185904849,0.1,-1.0152061524438099,"0.0,0.27762808641975306,0.3517760416666667,0.1,0.22,0.06304625211008313","0,0,0"
22.5,152,AV,1,0,0,27,2218.0502812558643,0.1,-1.2602558416226501,"0.0,0.26866818181818186,0.33924000000000004,0.1,0.27,0.10667135381839783","0,0,0"
18.75,251,AV,1,0,0,13,4934.883137056144,0.4,-9.34636957775785,"0.0,0.3576157407407407,0.38311979166666665,0.4,0.13,0.23733035703199037","0,0,0"
40.2,289,AV,1,0,0,77,10838.007207066395,0.1,-11.002219437476493,"0.0,0.2740977564102564,0.3208935185185185,0.1,0.77,0.5212257410218565","0,0,0"
14.033333333333333,241,AV,1,0,0,3,4617.1597275219765,0.2,-3.272431389371637,"0.0,0.3217682539682539,0.35694761904761907,0.2,0.03,0.2220502768096353","0,0,0"
16.6,103,AV,1,0,0,13,1594.6992934726818,0.1,-0.6684850573648111,"0.18666666666666668,0.29810919540229885,0.3521,0.1,0.13,0.07669291088913349","0,0,0"
39.03333333333333,55,AV,1,0,0,71,1014.5614647146556,0.2,-2.000086658553639,"0.0,0.3201096096096096,0.3307701149425288,0.2,0.71,0.04879269234230884","0,0,0"
43.983333333333334,158,AV,1,0,0,82,2352.9451803313505,0.1,-2.6133932369084323,"0.0,0.32537106918238995,0.34760919540229884,0.1,0.82,0.11315877280487406","0,0,0"
26.4,275,AV,1,0,0,35,7081.334819999852,0.6,-28.325339279999405,"0.0,0.3213735119047619,0.3640238095238096,0.6,0.35,0.34055836266392014","0,0,0"
13.15,77,AV,1,0,0,3,1323.5149786113286,0.6,-2.6370033285968137,"0.18575,0.2927777777777778,0.32962345679012345,0.6,0.03,0.06365100726547157","0,0,0"
33.766666666666666,272,AV,2,0,0,39,5985.732437913218,1.0,-51.039957572441836,"0.0,0.3506,0.3921933333333334,1.0,0.39,0.2878682183820371","0,0,0"
21.116666666666667,88,AV,1,0,0,22,1460.8215047913693,0.8,-6.231854702258132,"0.0,0.3206593567251463,0.3530384615384615,0.8,0.22,0.07025440717912602","0,0,0"
34.1,45,AV,2,0,0,39,943.1907669438916,0.3,-2.4365761479383865,"0.19458333333333333,0.3129045454545455,0.3622592592592592,0.3,0.39,0.04536030443906415","0,0,0"
32.93333333333333,80,AV,2,0,0,36,1391.0507319816634,0.7,-8.098069749482475,"0.0,0.27275617283950615,0.35160919540229885,0.7,0.36,0.06689896350164852","0,0,0"
45.85,160,AV,2,0,0,83,2401.1770329784995,0.1,-2.7801506808602072,"0.185,0.2853152777777778,0.3343070175438597,0.1,0.83,0.11547835819142706","0,0,0"
44.9,197,AV,1,0,0,85,3361.758609282253,0.2,-7.623381896806727,"0.21866666666666668,0.29156784660766966,0.33131410256410254,0.2,0.85,0.16167502833152653","0,0,0"
20.916666666666668,123,AV,1,0,0,26,1830.3424648913517,0.6,-5.800706549087491,"0.14608333333333334,0.3100978593272172,0.3143333333333334,0.6,0.26,0.08802555574651609","0,0,0"
18.583333333333332,167,AV,1,0,0,17,2496.2043409386315,0.1,-1.171409023630713,"0.0,0.2916045751633987,0.3446710526315789,0.1,0.17,0.1200484491742544","0,0,0"
24.983333333333334,106,AV,1,0,0,33,1614.9493849180149,0.4,-4.075436242410951,"0.0,0.2902573099415206,0.34317948717948715,0.4,0.33,0.07766678631823196","0,0,0"
14.85,196,AV,1,0,0,6,3278.222126324269,0.4,-4.9173331894864045,"0.2861666666666667,0.3758138138138138,0.4088214285714285,0.4,0.06,0.1576575586620336","0,0,0"
26.866666666666667,192,AV,1,0,0,38,3230.862018062417,0.2,-4.3839642871352,"0.13574999999999998,0.252975975975976,0.3299166666666667,0.2,0.38,0.15537989755219744","0,0,0"
41.233333333333334,156,AV,2,0,0,84,2293.603195459698,0.1,-2.3882046740603085,"0.0,0.2745880503144654,0.31825641025641027,0.1,0.84,0.11030487453303418","0,0,0"
20.666666666666668,22,AV,1,0,0,24,736.5379020629116,0.5,-1.9219423370328501,"0.0,0.29814942528735633,0.35516666666666663,0.5,0.24,0.03542187290142414","0,0,0"
31.3,126,AV,2,0,0,46,1899.102970895097,0.1,-1.5010586613388015,"0.28608333333333336,0.3810516666666667,0.3833571428571429,0.1,0.46,0.09133241327208338","0,0,0"
26.366666666666667,164,AV,1,0,0,40,2436.431929205765,0.7,-11.355659589235959,"0.287,0.32925,0.3616881720430108,0.7,0.4,0.11717385064309511","0,0,0"
47.75,176,AV,1,0,0,99,2793.3389947689566,0.2,-6.736461464657459,"0.287,0.30196000000000006,0.34203448275862064,0.2,0.99,0.1343383667916745","0,0,0"
32.833333333333336,116,AV,1,0,0,50,1794.439334206041,0.2,-2.975627515476348,"0.15283333333333332,0.2622912621359223,0.33426388888888886,0.2,0.5,0.08629888814619799","0,0,0"
44.85,168,AV,1,0,0,86,2520.757475212996,0.4,-11.419795228616453,"0.10483333333333332,0.30292201834862387,0.33999444444444443,0.4,0.86,0.12122926824569963","0,0,0"
16.35,227,AV,1,0,0,13,4021.28082322038,0.3,-4.980904656034334,"0.13483333333333333,0.28286376811594205,0.3663888888888889,0.3,0.13,0.1933930322147629","0,0,0"
42.166666666666664,92,AV,2,0,0,58,1507.5005543882637,0.7,-11.236462465579185,"0.10483333333333332,0.2897013888888889,0.33242129629629624,0.7,0.58,0.07249931454553503","0,0,0"
38.53333333333333,43,AV,2,0,0,66,926.7012599248138,0.1,-0.9017396098258289,"0.12875,0.2330395480225988,0.28657499999999997,0.1,0.66,0.04456728452766382","0,0,0"
38.81666666666667,244,AV,1,0,0,71,4705.31956239884,0.5,-23.061214774467384,"0.09625,0.28824159021406726,0.31413793103448284,0.5,0.71,0.2262900945532605","0,0,0"
44.95,242,AV,1,0,0,92,4656.548587392589,0.6,-31.71391803080256,"0.27049999999999996,0.3409199346405228,0.3673225806451613,0.6,0.92,0.22394458148039434","0,0,0"
12.65,89,AV,1,0,0,2,1467.6871321740252,0.2,-0.9376890011111829,"0.10483333333333332,0.2573353658536585,0.3141862745098039,0.2,0.02,0.07058459165416232","0,0,0"
31.233333333333334,100,AV,1,0,0,46,1587.6148581174584,0.2,-2.504368892350267,"0.21899999999999997,0.40621141975308644,0.40975806451612895,0.2,0.46,0.07635220341429991","0,0,0"
24.15,237,AV,1,0,0,32,4429.527615460413,0.4,-10.805362819532219,"0.06916666666666667,0.30383779761904767,0.360320987654321,0.4,0.32,0.21302659886033296","0,0,0"
16.15,26,AV,1,0,0,12,776.0711537761008,0.1,-0.31650376599707136,"0.069,0.30965749235474005,0.33402976190476197,0.1,0.12,0.03732312172194307","0,0,0"
17.916666666666668,213,AV,1,0,0,16,3667.3634505223554,0.3,-4.977797612767086,"0.0,0.323504424778761,0.36969135802469133,0.3,0.16,0.1763722975611855","0,0,0"
25.266666666666666,268,AV,1,0,0,27,5578.433439706214,0.2,-7.118606981982003,"0.17800000000000002,0.2529813084112149,0.308983870967742,0.2,0.27,0.2682802334230043","0,0,0"
35.53333333333333,46,AV,1,0,0,61,946.1123250925148,0.2,-1.6979052837518869,"0.0,0.3020264797507788,0.3597777777777778,0.2,0.61,0.04550080917225548","0,0,0"
27.6,297,AV,1,0,0,40,17322.90883950548,0.1,-12.07354252450382,"0.10483333333333332,0.3381079365079366,0.3827549019607843,0.1,0.4,0.833100202280572","0,0,0"
15.75,270,AV,1,0,0,10,5862.871835726062,0.1,-2.3318240255728657,"0.0,0.33370462046204624,0.37843548387096765,0.1,0.1,0.2819595575743898","0,0,0"
37.03333333333333,85,AV,1,0,0,62,1446.9812594843625,0.1,-1.3531954371103758,"0.16616666666666668,0.29827777777777775,0.33473333333333327,0.1,0.62,0.06958879661269593","0,0,0"
34.6,298,AV,1,0,0,58,18628.94525544202,0.1,-16.276805702987218,"0.0,0.28314150943396227,0.3431041666666667,0.1,0.58,0.8959106235777834","0,0,0"
10.933333333333334,62,AV,1,0,0,1,1117.0806745336297,0.1,-0.3084195801742682,"0.16616666666666668,0.31039903846153843,0.3520142857142857,0.1,0.01,0.05372308684066549","0,0,0"
27.0,5,AV,1,0,0,38,477.1303205766694,0.1,-0.325316127665911,"0.287,0.32920440251572325,0.36276767676767674,0.1,0.38,0.022946340609962184","0,0,0"
30.883333333333333,18,AV,1,0,0,48,636.6552097563458,0.2,-0.9930320738034587,"0.16041666666666668,0.2877138643067847,0.3289,0.2,0.48,0.030618274848933116","0,0,0"
14.016666666666667,190,AV,1,0,0,6,3031.4508351358254,0.2,-2.146001811741775,"0.185,0.3340936507936507,0.3466319444444445,0.2,0.06,0.14578973585520302","0,0,0"
25.833333333333332,292,AV,2,0,0,20,11662.42845360034,0.1,-7.608065699949718,"0.18466666666666665,0.3281245954692556,0.3818842592592593,0.1,0.2,0.5608741345806508","0,0,0"
16.45,79,AV,1,0,0,9,1386.7650627050614,0.4,-2.3042712405553796,"0.16616666666666668,0.3268878787878788,0.3758518518518518,0.4,0.09,0.06669285539507566","0,0,0"
33.63333333333333,3,AV,1,0,0,53,457.16351791608827,0.1,-0.38828113600785613,"0.19441666666666665,0.3411285310734463,0.3531862745098039,0.1,0.53,0.021986089217454062","0,0,0"
30.466666666666665,39,AV,1,0,0,49,892.1845339920479,0.2,-1.3728226667823769,"0.13633333333333333,0.28919711538461546,0.3233402777777778,0.2,0.49,0.042907292454561666","0,0,0"
44.85,264,AV,1,0,0,84,5458.612723313221,0.3,-18.546877321257423,"0.20316666666666666,0.2938654970760234,0.3471066666666667,0.3,0.84,0.2625177680086071","0,0,0"
43.5,56,AV,1,0,0,82,1017.530975349866,0.3,-3.353227077857513,"0.0,0.33206410256410257,0.35452564102564105,0.3,0.82,0.048935503225503364","0,0,0"
30.766666666666666,252,AV,1,0,0,47,4950.268578812107,0.7,-26.922294013219716,"0.14533333333333334,0.2380264026402641,0.30876767676767686,0.7,0.47,0.238070279798878","0,0,0"
37.78333333333333,222,AV,2,0,0,58,3882.59008652233,0.1,-3.704474632216381,"0.2861666666666667,0.307957142857143,0.35193137254901957,0.1,0.58,0.18672306229989","0,0,0"
46.31666666666667,245,AV,1,0,0,93,4717.175795221327,0.3,-16.551807493585944,"0.20341666666666666,0.352288888888889,0.37271739130434783,0.3,0.93,0.2268602892044136","0,0,0"
34.18333333333333,273,AV,1,0,0,59,6434.117121135291,0.2,-11.108059103912863,"0.0,0.3221163793103448,0.3735,0.2,0.59,0.3094321123996473","0,0,0"
17.933333333333334,166,AV,1,0,0,15,2458.2611968747465,0.2,-2.226505932522919,"0.0,0.30362339743589745,0.35089743589743594,0.2,0.15,0.1182236724414522","0,0,0"
20.25,232,AV,1,0,0,21,4245.708624069837,0.2,-4.342202001889607,"0.18666666666666668,0.28610060060060055,0.32974999999999993,0.2,0.21,0.2041863030226467","0,0,0"
35.45,81,AV,1,0,0,60,1404.912317929139,0.5,-6.288401726084341,"0.0,0.28953271028037386,0.3418838383838384,0.5,0.6,0.06756560039062387","0,0,0"
24.9,57,AV,1,0,0,35,1020.7360413649084,0.4,-2.5673058010087093,"0.2851666666666667,0.3559791666666667,0.3937142857142857,0.4,0.35,0.04908964253144747","0,0,0"
21.65,191,AV,1,0,0,24,3032.1279287666234,0.5,-8.28858202749967,"0.18466666666666665,0.2562870370370371,0.33667741935483875,0.5,0.24,0.1458222989106348","0,0,0"
20.383333333333333,108,AV,1,0,0,23,1635.9686818612918,1.0,-8.420832061937542,"0.0,0.33264454277286126,0.3840925925925926,1.0,0.23,0.07867765468320913","0,0,0"
37.13333333333333,212,AV,2,0,0,52,3651.018124108644,0.3,-10.270793409739971,"0.0,0.32588888888888895,0.3674375,0.3,0.52,0.17558621164064137","0,0,0"
28.116666666666667,257,AV,2,0,0,8,5051.78348307234,0.2,-7.173702639682692,"0.0,0.2540389408099688,0.32440555555555556,0.2,0.08,0.24295237483598997","0,0,0"
24.1,69,AV,2,0,0,10,1240.6560786390864,0.1,-0.755045744828333,"0.0,0.30216363636363636,0.3287388888888889,0.1,0.1,0.05966612418566248","0,0,0"
22.733333333333334,112,AV,1,0,0,28,1716.9764066453156,0.1,-0.9856716408519405,"0.0,0.32622953216374273,0.3757820512820513,0.1,0.28,0.08257351031167907","0,0,0"
24.683333333333334,24,AV,2,0,0,11,753.5670156580491,0.1,-0.469710753446789,"0.0,0.3221301169590643,0.36115384615384616,0.1,0.11,0.03624084378629158","0,0,0"
12.566666666666666,50,AV,1,0,0,1,954.0002559944874,0.6,-1.8164550328783926,"0.0,0.28576991150442477,0.3487933333333333,0.6,0.01,0.045880158673594545","0,0,0"
36.96666666666667,54,AV,1,0,0,66,985.8695826897422,0.1,-0.9203109151539764,"0.14533333333333334,0.2521792452830189,0.3409924242424242,0.1,0.66,0.04741283097259167","0,0,0"
41.71666666666667,163,AV,2,0,0,71,2421.0391237858234,1.0,-25.504465180285845,"0.07058333333333333,0.29455362318840583,0.3322045454545454,1.0,0.71,0.11643357373995898","0,0,0"
36.75,230,AV,1,0,0,67,4200.245935785981,0.3,-11.693866525767785,"0.0,0.33927564102564106,0.371316091954023,0.3,0.67,0.2019998933869206","0,0,0"
33.483333333333334,128,AV,2,0,0,45,1927.298426803608,0.1,-1.6296054458958118,"0.21866666666666668,0.33739047619047613,0.3527450980392157,0.1,0.45,0.0926884003201249","0,0,0"
19.716666666666665,208,AV,1,0,0,18,3564.273841812899,0.1,-1.774636344640008,"0.14575,0.3005575757575757,0.3491011904761904,0.1,0.18,0.17141447121316408","0,0,0"
28.5,104,AV,2,0,0,6,1596.1763216794554,0.2,-2.2975265236295193,"0.0,0.28397385620915033,0.3417656250000001,0.2,0.06,0.07676394471545202","0,0,0"
33.61666666666667,280,AV,2,0,0,34,8139.327108000771,0.4,-27.63808548289151,"0.0,0.31386309523809525,0.37040350877192985,0.4,0.34,0.39143974738464077","0,0,0"
42.6,144,AV,1,0,0,79,2113.1349678504243,0.2,-4.546441900526672,"0.20316666666666666,0.30929532163742696,0.3327666666666667,0.2,0.79,0.10162572495605159","0,0,0"
36.333333333333336,170,AV,2,0,0,66,2629.980017260476,0.1,-2.41302880371542,"0.0,0.3395511695906432,0.3968269230769231,0.1,0.66,0.12648204205617194","0,0,0"
37.75,209,AV,2,0,0,71,3580.4564780460023,0.2,-6.826375355870535,"0.16616666666666668,0.28637538940809976,0.337828125,0.2,0.71,0.17219273297301851","0,0,0"
18.966666666666665,281,AV,1,0,0,10,8333.728817076937,0.3,-11.974473982113071,"0.0,0.31321913580246913,0.3223437500000001,0.3,0.1,0.4007889914784327","0,0,0"
32.21666666666667,37,AV,1,0,0,51,873.8892656114449,0.2,-1.4219090491809117,"0.18683333333333332,0.2927477876106195,0.33808974358974353,0.2,0.51,0.04202742915158692","0,0,0"
17.8,162,AV,1,0,0,14,2411.397471856681,1.0,-10.839109848244677,"0.0,0.2923554572271387,0.3307901234567901,1.0,0.14,0.11596988359144483","0,0,0"
21.966666666666665,217,AV,1,0,0,25,3759.463069718096,0.1,-2.085426063084365,"0.061166666666666675,0.2772689768976898,0.32375757575757574,0.1,0.25,0.18080158897481655","0,0,0"
26.0,207,AV,1,0,0,37,3531.3895067900216,0.9,-20.867301631031946,"0.13483333333333333,0.3692638888888889,0.41169047619047616,0.9,0.37,0.16983298473111647","0,0,0"
27.683333333333334,21,AV,2,0,0,7,676.2529471816457,0.6,-2.836505417345236,"0.14575,0.2735354938271605,0.32455,0.6,0.07,0.03252262494189429","0,0,0"
40.416666666666664,32,AV,1,0,0,72,849.0657401736111,0.2,-1.7331518686203762,"0.0,0.3382532051282051,0.3747592592592593,0.2,0.72,0.040833606321069346","0,0,0"
38.2,267,AV,1,0,0,72,5568.958209200236,0.8,-42.97660678615132,"0.0,0.3198918918918919,0.3382631578947369,0.8,0.72,0.2678245468795767","0,0,0"
24.9,82,AV,1,0,0,29,1421.705549214182,0.3,-2.681853649654025,"0.06916666666666667,0.332516081871345,0.39472666666666667,0.3,0.29,0.06837322712988189","0,0,0"
22.1,115,AV,1,0,0,27,1782.711710770346,0.7,-6.964280344852842,"0.0,0.29719090909090906,0.32595061728395064,0.7,0.27,0.08573487862868172","0,0,0"
46.0,203,AV,2,0,0,92,3465.4556083993225,0.3,-12.076587726240064,"0.0,0.34042834890965734,0.36860666666666675,0.3,0.92,0.1666620655399256","0,0,0"
38.3,165,AV,1,0,0,68,2456.6540037696086,0.2,-4.752012542645252,"0.18675,0.3470111111111111,0.3786616161616162,0.2,0.68,0.11814637867321734","0,0,0"
47.61666666666667,215,AV,2,0,0,83,3742.7752140142647,0.4,-18.00186664383629,"0.0,0.32684890965732083,0.3437323232323233,0.4,0.83,0.17999902999980277","0,0,0"
31.933333333333334,139,AV,1,0,0,49,2078.9202215407213,1.0,-16.764356668653292,"0.10483333333333332,0.3431428571428572,0.3830882352941177,1.0,0.49,0.09998025580674873","0,0,0"
35.6,234,AV,1,0,0,59,4304.4895651906745,0.1,-3.8696926394138393,"0.18666666666666668,0.281443396226415,0.32885333333333333,0.1,0.59,0.207013219355909","0,0,0"
37.333333333333336,117,AV,2,0,0,65,1797.659883656486,0.3,-5.084290580038547,"0.287,0.330124183006536,0.3666666666666667,0.3,0.65,0.08645377208765831","0,0,0"
46.18333333333333,288,AV,1,0,0,90,10450.70686878338,0.6,-73.12855740757257,"0.254,0.32725225225225224,0.34318518518518526,0.6,0.9,0.5025995395474784","0,0,0"
38.13333333333333,260,AV,1,0,0,70,5307.329693361759,0.2,-10.221523853881907,"0.0,0.28374742268041236,0.3266585365853659,0.2,0.7,0.25524220453241103","0,0,0"
37.36666666666667,220,AV,1,0,0,69,3863.855435177377,1.0,-36.45944396324781,"0.0,0.2922552552552553,0.34025862068965523,1.0,0.69,0.18582206801713178","0,0,0"
42.166666666666664,135,AV,1,0,0,77,2035.9911412414244,0.1,-2.1679535300255908,"0.18683333333333332,0.3013786549707602,0.3226266666666667,0.1,0.77,0.09791569345106042","0,0,0"
37.6,78,AV,2,0,0,38,1338.7213376931895,0.4,-5.084436595683226,"0.0,0.3274032738095238,0.3768695652173914,0.4,0.38,0.06438231751737097","0,0,0"
42.53333333333333,276,AV,1,0,0,81,7099.697064525982,0.1,-7.625600550787166,"0.2861666666666667,0.35228412698412703,0.37871505376344083,0.1,0.81,0.3414414470102487","0,0,0"
24.333333333333332,175,AV,2,0,0,10,2767.495209174315,0.4,-6.802260951842592,"0.0,0.3029957627118644,0.34206818181818177,0.4,0.1,0.13309547720505432","0,0,0"
36.86666666666667,177,AV,1,0,0,68,2813.5576138103806,0.8,-20.954846605214016,"0.0,0.2892607260726072,0.3611452991452992,0.8,0.68,0.13531072863744203","0,0,0"
35.56666666666667,294,AV,1,0,0,66,13748.957190518822,0.2,-24.6972008792653,"0.2109166666666667,0.2991012461059189,0.31089247311827956,0.2,0.66,0.6612203021265304","0,0,0"
23.733333333333334,286,AV,1,0,0,31,8987.822610831106,0.1,-5.386641160700125,"0.14608333333333334,0.28500892857142857,0.3379615384615385,0.1,0.31,0.4322459296252377","0,0,0"
24.416666666666668,239,AV,1,0,0,30,4459.768546990965,0.2,-5.499630405169834,"0.0,0.2721089743589744,0.3341538461538461,0.2,0.3,0.21448095773323778","0,0,0"
27.083333333333332,271,AV,1,0,0,39,5912.288420941998,0.3,-12.1306422778166,"0.16041666666666668,0.30525811209439524,0.3463933333333333,0.3,0.39,0.28433611958951305","0,0,0"
19.6,211,AV,1,0,0,22,3630.005597296026,0.1,-1.7966694370455079,"0.15283333333333332,0.2971585760517799,0.3391851851851852,0.1,0.22,0.17457566886747292","0,0,0"
38.88333333333333,118,AV,1,0,0,75,1804.2001824470888,0.5,-8.857742057342294,"0.0,0.28312698412698417,0.35576190476190483,0.5,0.75,0.08676831073101827","0,0,0"
28.316666666666666,140,AV,1,0,0,41,2088.64210540395,0.1,-1.493519754663852,"0.24166666666666667,0.3279052287581699,0.35442307692307695,0.1,0.41,0.10044780450125744","0,0,0"
27.733333333333334,101,AV,1,0,0,41,1588.8002265047048,0.1,-1.1126951081245071,"0.2851666666666667,0.33231497175141245,0.3535317460317461,0.1,0.41,0.07640921062090368","0,0,0"
22.866666666666667,70,AV,1,0,0,24,1244.4027248274256,0.2,-1.4371385003899224,"0.2861666666666667,0.2858647798742139,0.3223653846153846,0.2,0.24,0.05984630938009477","0,0,0"
41.88333333333333,290,AV,1,0,0,79,11049.706566164488,0.2,-23.373663805363098,"0.13616666666666666,0.29338778877887794,0.35206250000000006,0.2,0.79,0.5314068705608562","0,0,0"
14.466666666666667,285,AV,1,0,0,6,8689.506535985933,0.7,-22.22114550195729,"0.0,0.35360339506172844,0.3825364583333333,0.7,0.06,0.4178991946398128","0,0,0"
46.25,68,AV,1,0,0,94,1234.5997004771,0.1,-1.4419251552289363,"0.254,0.28663276836158197,0.3331666666666666,0.1,0.94,0.059374858445099786","0,0,0"
43.88333333333333,44,AV,1,0,0,82,938.3100494872764,0.1,-1.039802340193602,"0.0,0.29276257861635224,0.33797058823529413,0.1,0.82,0.04512557903941836","0,0,0"
24.883333333333333,102,AV,1,0,0,33,1592.6375082496468,0.3,-3.0022825755261646,"0.21899999999999997,0.30450000000000005,0.3346271929824562,0.3,0.33,0.07659375469647073","0,0,0"
19.216666666666665,180,AV,1,0,0,18,2853.537244729806,0.3,-4.154202579764476,"0.144,0.24495942028985507,0.27207971014492754,0.3,0.18,0.13723344490378397","0,0,0"
20.1,279,AV,1,0,0,23,7592.14370769901,0.2,-7.707176188118693,"0.07283333333333333,0.2803333333333333,0.3567171717171717,0.2,0.23,0.36512438628106175","0,0,0"
44.68333333333333,256,AV,2,0,0,90,5009.92015912814,0.4,-22.612114388253435,"0.18591666666666665,0.27124561403508773,0.31456249999999997,0.4,0.9,0.24093906725761643","0,0,0"
44.61666666666667,182,AV,2,0,0,85,2872.269398564857,0.2,-6.472277087506837,"0.08766666666666667,0.297165191740413,0.36283333333333334,0.2,0.85,0.13813431907530546","0,0,0"
37.35,53,AV,1,0,0,67,979.5720138781878,0.2,-1.8478290261793089,"0.0,0.3278379204892967,0.3662435897435898,0.2,0.67,0.04710996579565228","0,0,0"
13.4,181,AV,1,0,0,0,2857.712092786687,0.6,-5.802021521718426,"0.05333333333333333,0.3061716666666667,0.337141975308642,0.6,0.0,0.13743422335230565","0,0,0"
27.6,63,AV,1,0,0,43,1129.1321270070612,0.1,-0.786970876398861,"0.2851666666666667,0.2845669934640523,0.3287432432432432,0.1,0.43,0.05430267007269716","0,0,0"
20.566666666666666,16,AV,1,0,0,23,626.2908344343901,0.2,-0.6505411529394255,"0.0,0.3126111111111111,0.3711111111111112,0.2,0.23,0.03011982720037529","0,0,0"
24.65,284,AV,1,0,0,34,8493.635575370567,0.1,-5.287073659921324,"0.0,0.2866130434782609,0.34190666666666675,0.1,0.34,0.40847929071828354","0,0,0"
13.533333333333333,204,AV,1,0,0,4,3476.696831582168,0.7,-8.317148480939832,"0.0,0.31015277777777783,0.3594038461538462,0.7,0.04,0.16720268290357254","0,0,0"
24.566666666666666,221,AV,1,0,0,35,3866.930621896856,0.2,-4.797858364205358,"0.0,0.3172079510703364,0.37178666666666665,0.2,0.35,0.18596996111648273","0,0,0"
13.583333333333334,274,AV,1,0,0,0,6995.337061486569,0.1,-2.399494825383651,"0.20316666666666666,0.33793166666666663,0.37786206896551733,0.1,0.0,0.3364225243542649","0,0,0"
15.85,219,AV,1,0,0,10,3778.090807703549,0.4,-6.048761545666794,"0.0,0.2783651515151515,0.33900555555555556,0.4,0.1,0.18169744153788722","0,0,0"
14.683333333333334,29,AV,1,0,0,6,822.5771428470101,0.1,-0.3050044035556465,"0.18204166666666668,0.33165016501650163,0.37340123456790125,0.1,0.06,0.039559706192899544","0,0,0"
44.15,95,AV,1,0,0,81,1541.4014724042315,0.7,-12.029548612286053,"0.10483333333333332,0.33749047619047623,0.37093859649122807,0.7,0.81,0.07412969094006937","0,0,0"
29.633333333333333,206,AV,1,0,0,46,3523.1638559153366,0.1,-2.636441639653817,"0.05333333333333333,0.25095871559633026,0.3087407407407407,0.1,0.46,0.16943739346690792","0,0,0"
29.3,11,AV,1,0,0,45,588.8906571209208,0.4,-1.742878409458887,"0.06916666666666667,0.2776786786786787,0.32317261904761907,0.4,0.45,0.02832116303987798","0,0,0"
33.166666666666664,64,AV,1,0,0,53,1135.438045570021,0.6,-5.705862905768538,"0.18600000000000003,0.33586190476190475,0.38522058823529415,0.6,0.53,0.0546059368091927","0,0,0"
22.783333333333335,218,AV,1,0,0,28,3773.692032315799,0.2,-4.342287043918938,"0.20316666666666666,0.3001878787878788,0.35897727272727276,0.2,0.28,0.18148589388735847","0,0,0"
29.066666666666666,48,AV,2,0,0,29,948.3478854920526,0.4,-2.784374936528855,"0.0,0.28292424242424247,0.3437361111111111,0.4,0.29,0.04560832262962691","0,0,0"
26.583333333333332,287,AV,1,0,0,36,10071.894878668398,0.3,-20.283677186207186,"0.0,0.3243439393939394,0.3710166666666667,0.3,0.36,0.48438156307972796","0,0,0"
8.533333333333333,4,AV,0,0,0,12,473.5024380788758,0.1,-10.102034195410937,"0.1375,0.2725192307692307,0.3351153846153846,0.1,0.12,0.022771867046038015","0,0,0"
42.31666666666667,228,AV,1,0,0,80,4113.319853961603,0.1,-4.395504675592808,"0.21899999999999997,0.2565601851851852,0.30782258064516127,0.1,0.8,0.19781940978440954","0,0,0"
35.4,249,AV,1,0,0,62,4864.205776554158,0.4,-17.393220655557293,"0.0,0.3101045454545455,0.38752898550724635,0.4,0.62,0.23393131337965753","0,0,0"
30.45,229,AV,1,0,0,47,4159.866430607663,0.3,-9.596055516060858,"0.10483333333333332,0.2506471471471471,0.31602564102564107,0.3,0.47,0.20005794620912742","0,0,0"
20.083333333333332,295,AV,1,0,0,19,14297.77376075636,0.5,-36.255928833567786,"0.17758333333333332,0.28486781609195405,0.3352575757575758,0.5,0.19,0.6876142062863859","0,0,0"
42.65,120,AV,1,0,0,82,1809.16611953512,0.2,-3.8970169190996398,"0.0,0.31093543543543545,0.3615114942528735,0.2,0.82,0.08700713454697676","0,0,0"
38.95,189,AV,1,0,0,71,3024.224513765153,0.4,-11.898337859712395,"0.18666666666666668,0.26648985507246375,0.31722222222222224,0.4,0.71,0.1454422047418416","0,0,0"
42.61666666666667,188,AV,1,0,0,81,2971.291490045772,0.2,-6.395279747514343,"0.07200000000000001,0.33047297297297296,0.3610178571428571,0.2,0.81,0.14289652877156978","0,0,0"
32.983333333333334,186,AV,1,0,0,55,2965.4163440895786,0.3,-7.409796647668278,"0.10483333333333332,0.29481851851851854,0.33784210526315794,0.3,0.55,0.14261397892212588","0,0,0"
28.5,129,AV,1,0,0,43,1929.5758599688188,0.1,-1.3887098992199831,"0.0,0.28716369047619045,0.2922777777777778,0.1,0.43,0.09279792753915007","0,0,0"
45.28333333333333,67,AV,2,0,0,87,1200.7903182940884,0.2,-2.746251931654072,"0.0,0.31447197640117996,0.3619753086419753,0.2,0.87,0.057748884228147654","0,0,0"
31.55,238,AV,1,0,0,50,4446.537177105173,0.1,-3.54263252367849,"0.15283333333333332,0.2900790378006873,0.3366724137931034,0.1,0.5,0.21384462944504845","0,0,0"
14.95,86,AV,1,0,0,9,1457.5875839824732,0.1,-0.5502761207206559,"0.05333333333333333,0.30119113149847093,0.3469222222222223,0.1,0.09,0.07009888017699192","0,0,0"
22.366666666666667,7,AV,1,0,0,27,541.9839687696077,0.3,-0.9183617248596132,"0.22,0.26956565656565656,0.33038888888888884,0.3,0.27,0.026065307980208553","0,0,0"
35.55,171,AV,1,0,0,53,2744.8905386527767,0.3,-7.392489291598953,"0.0,0.2367450980392157,0.29953888888888897,0.3,0.53,0.13200836442518263","0,0,0"
44.0,299,AV,2,0,0,79,20793.30768626012,0.1,-23.10367520695569,"0.2851666666666667,0.3264955752212389,0.3558205128205128,0.1,0.79,1.0","0,0,0"
18.3,127,AV,1,0,0,16,1921.5023446668008,0.1,-0.8879669926111732,"0.10533333333333333,0.272,0.31075490196078437,0.1,0.16,0.09240965283924012","0,0,0"
34.78333333333333,141,AV,1,0,0,59,2105.159940183184,0.2,-3.6982060565339263,"0.185,0.28291363636363637,0.36175287356321845,0.2,0.59,0.10124218676253416","0,0,0"
33.13333333333333,36,AV,1,0,0,54,863.3540159882258,0.2,-1.4447371917378729,"0.18466666666666665,0.3027696078431373,0.32380630630630625,0.2,0.54,0.04152076374836295","0,0,0"
32.0,254,AV,1,0,0,51,4968.170350229253,0.3,-12.044049333889097,"0.11758333333333333,0.23995263157894742,0.2949031007751938,0.3,0.51,0.23893121888982288","0,0,0"
44.083333333333336,261,AV,1,0,0,85,5370.167679594476,0.1,-5.9781538352388,"0.07933333333333334,0.28814067278287464,0.3414080459770116,0.1,0.85,0.2582642338882426","0,0,0"
31.233333333333334,60,AV,1,0,0,49,1062.4074567339185,0.5,-4.189712908079469,"0.2861666666666667,0.2920289115646259,0.35241397849462364,0.5,0.49,0.05109372076651086","0,0,0"
30.65,277,AV,2,0,0,40,7128.986247371214,0.2,-11.03552669100645,"0.0,0.3341367924528301,0.3605490196078432,0.2,0.4,0.34285003400790975","0,0,0"
43.8,263,AV,1,0,0,81,5427.330032863625,0.2,-12.00591189088014,"0.16616666666666668,0.25172222222222224,0.3063978494623656,0.2,0.81,0.26101330845259973","0,0,0"
43.233333333333334,269,AV,1,0,0,82,5702.616109653807,0.7,-43.580851565275175,"0.0,0.3143726415094339,0.3515245098039216,0.7,0.82,0.27425247563772664","0,0,0"
46.45,147,AV,1,0,0,93,2158.6935677652164,0.1,-2.532103945017533,"0.0,0.2965396825396825,0.32840476190476187,0.1,0.93,0.10381674721197177","0,0,0"
38.766666666666666,193,AV,2,0,0,61,3236.647802754315,0.4,-12.674146109775313,"0.16616666666666668,0.2920738993710692,0.3353749999999999,0.4,0.61,0.1556581498042776","0,0,0"
20.933333333333334,111,AV,1,0,0,25,1697.366940102563,0.2,-1.7945226235427771,"0.17675000000000002,0.30437908496732025,0.36070238095238094,0.2,0.25,0.08163044406947123","0,0,0"
30.0,52,AV,1,0,0,46,978.4447105201264,0.2,-1.4824919856365553,"0.2851666666666667,0.30825217391304355,0.33145138888888886,0.2,0.46,0.04705575107546101","0,0,0"
39.916666666666664,9,AV,2,0,0,82,567.9518330451218,0.1,-0.5724935354137487,"0.16083333333333333,0.32457536231884065,0.3557101449275363,0.1,0.82,0.02731416480795959","0,0,0"
44.81666666666667,185,AV,1,0,0,85,2953.464044858564,0.2,-6.685071394465219,"0.0,0.2929840579710145,0.3557533333333333,0.2,0.85,0.14203916420715332","0,0,0"
14.7,34,AV,1,0,0,8,857.6590975250949,0.1,-0.318373452869164,"0.0,0.2645359477124183,0.3261071428571429,0.1,0.08,0.041246881470994735","0,0,0"
28.9,73,AV,2,0,0,17,1293.252850487379,0.3,-2.8314399529610035,"0.11572222222222223,0.2886666666666667,0.34268686868686865,0.3,0.17,0.06219562899759039","0,0,0"
33.28333333333333,134,AV,1,0,0,55,2022.4315636845977,0.2,-3.3996597918166174,"0.0,0.28585451977401133,0.33341269841269844,0.2,0.55,0.09726358086938654","0,0,0"
42.35,194,AV,1,0,0,79,3256.7228478661937,0.7,-24.380189097220534,"0.0,0.31364308176100625,0.3450864197530864,0.7,0.79,0.15662360683568316","0,0,0"
36.86666666666667,161,AV,1,0,0,66,2403.836358207942,0.4,-8.951659973663245,"0.0,0.2884984423676013,0.33952020202020206,0.4,0.66,0.11560625151506597","0,0,0"
46.56666666666667,236,AV,1,0,0,97,4412.688598555705,0.1,-5.188994926079395,"0.07283333333333333,0.31042982456140356,0.37175694444444446,0.1,0.97,0.21221677018089516","0,0,0"
34.583333333333336,8,AV,2,0,0,48,566.7055292848979,0.3,-1.4847398652350545,"0.07200000000000001,0.293478978978979,0.3549523809523809,0.3,0.48,0.027254227073231246","0,0,0"
44.81666666666667,146,AV,2,0,0,94,2133.445027811215,0.2,-4.828984578943062,"0.07283333333333333,0.24763157894736842,0.3013160919540229,0.2,0.94,0.10260248441477932","0,0,0"
28.666666666666668,201,AV,2,0,0,34,3438.9188747307694,0.1,-2.489453057465035,"0.2861666666666667,0.330382005899705,0.34720512820512817,0.1,0.34,0.16538585041970746","0,0,0"
16.933333333333334,27,AV,1,0,0,15,801.7987355487146,0.6,-2.0571401901956916,"0.0,0.2952474226804124,0.3436919191919191,0.6,0.15,0.03856042278826712","0,0,0"
36.266666666666666,31,AV,1,0,0,66,845.7864251007381,0.4,-3.0983691262949598,"0.185,0.26542904290429037,0.342397435897436,0.4,0.66,0.040675896199988425","0,0,0"
37.81666666666667,47,AV,1,0,0,70,946.2003450753726,0.1,-0.9035894709495037,"0.07283333333333333,0.3109525993883792,0.3428188405797101,0.1,0.7,0.04550504226418034","0,0,0"
18.5,23,AV,1,0,0,14,741.34301771214,0.2,-0.6926689811956863,"0.185,0.31720336391437315,0.35259444444444443,0.2,0.14,0.03565296242896494","0,0,0"
29.3,265,AV,2,0,0,22,5502.789496653042,0.1,-4.071508390200358,"0.2861666666666667,0.328320987654321,0.36403225806451617,0.1,0.22,0.26464233491284295","0,0,0"
22.083333333333332,183,AV,1,0,0,27,2891.134206742707,0.2,-3.224539414085932,"0.0,0.29752702702702694,0.35308730158730156,0.2,0.27,0.13904157291209238","0,0,0"
