travel_time,id,kind,action,bid_route_0,bid_route_1,bid_route_2,karma_balance,origin,destination,start_time,income,urgency,reward
43.38333333333333,147,AV,1,3,7,7,3,0,0,71,1141.0395517097602,0.1,-0.26292929292929296
42.1,101,AV,1,4,7,8,1,0,0,65,2139.4702648744856,1.0,-2.5515151515151517
17.7,2,AV,1,3,6,1,2,0,0,36,2767.495209174315,0.1,-0.10727272727272728
36.5,222,AV,1,3,6,1,0,0,0,57,3849.958431883558,0.1,-0.2212121212121212
11.833333333333334,22,AV,0,5,2,4,3,0,0,37,2486.38103050259,0.1,-0.07171717171717172
38.71666666666667,89,AV,1,2,5,3,1,0,0,59,3803.247088152212,0.8,-1.8771717171717173
17.8,84,AV,1,0,7,2,1,0,0,33,2421.0391237858234,0.3,-0.32363636363636367
11.8,254,AV,1,2,6,7,1,0,0,16,4843.3187157075145,0.1,-0.07151515151515152
36.03333333333333,190,AV,1,3,6,1,0,0,0,55,541.9839687696077,0.5,-1.091919191919192
26.766666666666666,208,AV,1,3,6,1,2,0,0,46,4754.245589533712,0.1,-0.16222222222222224
40.61666666666667,63,AV,1,4,5,5,1,0,0,61,2756.9260540590044,0.1,-0.24616161616161616
37.983333333333334,207,AV,1,4,8,5,8,0,0,58,1011.0784796502788,0.6,-1.3812121212121211
18.083333333333332,133,AV,1,4,8,5,6,0,0,33,2969.8754393798326,0.3,-0.32878787878787874
31.85,109,AV,1,3,6,1,5,0,0,50,595.9176043698985,1.0,-1.9303030303030304
11.9,41,AV,0,8,5,3,6,0,0,37,1848.7234685638712,0.4,-0.2884848484848485
20.466666666666665,266,AV,1,4,8,5,1,0,0,37,1527.6889462703334,0.1,-0.12404040404040405
38.85,29,AV,1,0,7,2,12,0,0,60,4416.224882412617,0.1,-0.23545454545454547
27.966666666666665,298,AV,1,3,6,1,0,0,0,47,1234.5997004771,0.4,-0.6779797979797979
34.583333333333336,141,AV,1,0,7,2,0,0,0,53,2496.2043409386315,0.1,-0.2095959595959596
22.316666666666666,268,AV,1,0,7,2,7,0,0,39,6007.794801579103,0.1,-0.13525252525252526
32.416666666666664,46,AV,1,3,6,1,11,0,0,53,566.7055292848979,0.3,-0.5893939393939394
28.566666666666666,49,AV,1,0,7,2,1,0,0,47,1074.3823512953045,0.3,-0.5193939393939394
40.65,137,AV,1,3,6,1,3,0,0,62,2818.3733061874163,0.2,-0.4927272727272727
30.616666666666667,98,AV,0,6,8,9,6,0,0,78,9095.945853089892,0.1,-0.18555555555555558
22.433333333333334,95,AV,1,0,7,2,0,0,0,42,4924.983441788647,0.9,-1.2236363636363639
43.88333333333333,251,AV,1,3,6,1,8,0,0,72,825.4433072334436,0.3,-0.7978787878787879
44.65,228,AV,1,3,7,7,0,0,0,76,1279.3396024785957,0.5,-1.353030303030303
24.783333333333335,110,AV,2,0,3,7,10,0,0,30,11185.875164713363,0.2,-0.30040404040404045
24.066666666666666,239,AV,2,1,0,6,3,0,0,22,3458.1247672483346,0.2,-0.29171717171717176
13.416666666666666,131,AV,1,3,7,7,7,0,0,19,4376.119511966378,0.2,-0.16262626262626265
37.06666666666667,247,AV,2,1,0,6,4,0,0,49,4687.914961676448,0.6,-1.347878787878788
28.816666666666666,235,AV,0,7,2,7,5,0,0,69,6709.13861087917,0.1,-0.17464646464646466
45.233333333333334,111,AV,1,3,6,1,0,0,0,84,449.0833195935783,0.2,-0.5482828282828284
16.633333333333333,135,AV,1,4,6,5,1,0,0,29,2105.159940183184,0.7,-0.7056565656565656
26.933333333333334,206,AV,1,2,7,5,2,0,0,46,4950.268578812107,0.3,-0.4896969696969697
15.233333333333333,280,AV,0,8,5,3,3,0,0,39,1684.196745492046,0.1,-0.09232323232323232
37.65,73,AV,1,3,6,1,2,0,0,59,1022.032321197676,0.5,-1.1409090909090909
20.366666666666667,117,AV,1,3,6,1,3,0,0,38,4266.216809230351,1.0,-1.2343434343434343
43.55,28,AV,2,3,3,1,6,0,0,66,20239.22920549412,0.1,-0.2639393939393939
23.7,112,AV,0,6,4,4,6,0,0,57,2780.081336731352,0.2,-0.2872727272727273
23.366666666666667,114,AV,1,0,7,2,10,0,0,42,913.5589076746268,0.3,-0.42484848484848486
28.966666666666665,45,AV,0,8,5,3,0,0,0,69,7511.51421120444,0.9,-1.58
38.63333333333333,234,AV,1,0,7,2,6,0,0,59,6947.27484286379,0.4,-0.9365656565656565
30.15,1,AV,2,1,0,8,4,0,0,37,7612.519032757181,0.4,-0.730909090909091
20.683333333333334,143,AV,1,4,8,5,14,0,0,38,1083.524948441525,0.3,-0.37606060606060604
36.05,240,AV,1,4,6,5,5,0,0,56,3759.463069718096,0.1,-0.21848484848484848
17.816666666666666,274,AV,1,3,6,1,5,0,0,29,4645.51881630073,0.1,-0.10797979797979798
22.25,209,AV,1,2,6,0,0,0,0,42,10426.353459350525,0.2,-0.2696969696969697
20.683333333333334,216,AV,0,7,6,2,0,0,0,48,1530.6528609905624,0.1,-0.12535353535353536
13.65,277,AV,1,1,6,1,0,0,0,23,2850.5966631146844,0.2,-0.16545454545454547
10.95,174,AV,1,3,7,7,1,0,0,1,2996.640782499388,0.2,-0.13272727272727272
24.633333333333333,270,AV,1,0,8,8,2,0,0,44,1782.711710770346,0.4,-0.5971717171717172
28.75,288,AV,1,0,7,2,1,0,0,48,2744.255474143275,0.1,-0.17424242424242425
36.46666666666667,97,AV,1,3,5,1,1,0,0,56,3724.6301341612702,0.2,-0.44202020202020204
33.03333333333333,93,AV,1,0,8,8,10,0,0,52,5304.212874057136,0.2,-0.4004040404040404
16.916666666666668,269,AV,0,8,5,3,2,0,0,45,4061.843573313689,0.5,-0.5126262626262627
43.78333333333333,156,AV,1,2,7,4,0,0,0,73,437.8567856598078,0.2,-0.5307070707070708
41.65,281,AV,2,3,3,5,1,0,0,56,943.1907669438916,0.5,-1.262121212121212
25.5,292,AV,1,2,5,4,1,0,0,45,2222.040577514192,0.1,-0.15454545454545454
33.35,182,AV,1,0,7,2,5,0,0,53,1805.1606101798543,0.1,-0.20212121212121215
46.15,295,AV,1,0,7,2,4,0,0,91,5502.789496653042,0.9,-2.517272727272727
27.133333333333333,195,AV,0,9,2,2,3,0,0,61,2891.134206742707,0.4,-0.6577777777777778
24.716666666666665,53,AV,1,3,7,7,0,0,0,43,4660.29795945294,0.2,-0.2995959595959596
33.833333333333336,255,AV,1,3,6,1,3,0,0,54,7177.938863287724,0.1,-0.20505050505050507
20.533333333333335,257,AV,1,4,9,5,12,0,0,40,601.3137559373858,0.7,-0.8711111111111111
19.833333333333332,152,AV,1,0,5,5,2,0,0,39,743.7553910389753,1.0,-1.202020202020202
22.583333333333332,74,AV,1,0,7,2,2,0,0,42,3919.41152379869,0.1,-0.13686868686868686
21.6,122,AV,2,1,2,3,9,0,0,20,2239.194506681481,0.3,-0.3927272727272727
16.766666666666666,129,AV,1,0,5,5,0,0,0,30,13351.937436366714,0.1,-0.1016161616161616
19.65,154,AV,1,0,7,2,3,0,0,38,898.3728471886773,0.2,-0.2381818181818182
17.866666666666667,168,AV,1,0,5,5,5,0,0,30,682.056612603955,0.2,-0.2165656565656566
33.833333333333336,32,AV,1,0,7,2,1,0,0,52,1474.807688008607,0.2,-0.41010101010101013
31.716666666666665,140,AV,2,2,4,2,19,0,0,34,11049.706566164488,0.1,-0.1922222222222222
31.5,199,AV,1,2,8,6,2,0,0,50,600.3305173079323,0.1,-0.19090909090909092
23.066666666666666,173,AV,2,1,0,6,0,0,0,25,2991.769966736588,0.4,-0.5591919191919191
29.733333333333334,244,AV,2,3,3,5,3,0,0,33,3097.4575811220984,0.2,-0.36040404040404045
22.85,26,AV,1,0,7,2,3,0,0,42,4429.527615460413,0.2,-0.27696969696969703
35.483333333333334,78,AV,1,4,6,5,0,0,0,55,3558.5090095449787,1.0,-2.1505050505050507
13.166666666666666,17,AV,1,3,6,1,6,0,0,19,424.9057127261393,0.3,-0.23939393939393935
44.916666666666664,35,AV,2,3,3,5,2,0,0,75,1649.648602545546,1.0,-2.722222222222222
29.883333333333333,249,AV,1,2,7,4,0,0,0,48,832.3173438658397,0.1,-0.1811111111111111
23.866666666666667,19,AV,0,5,5,1,1,0,0,57,1587.6148581174584,0.4,-0.5785858585858586
28.633333333333333,90,AV,2,2,4,2,18,0,0,40,2619.168197182975,0.1,-0.17353535353535354
28.366666666666667,82,AV,1,4,5,5,10,0,0,47,3393.6426315430986,0.4,-0.6876767676767677
29.25,96,AV,1,3,6,1,3,0,0,48,572.7967315704935,0.3,-0.5318181818181817
24.65,256,AV,1,3,7,7,1,0,0,43,4818.617258984985,0.1,-0.14939393939393938
14.366666666666667,246,AV,1,2,6,3,0,0,0,23,5480.041794665195,0.1,-0.08707070707070708
39.583333333333336,123,AV,1,0,7,2,3,0,0,61,1040.734547163155,0.1,-0.23989898989898994
31.633333333333333,273,AV,1,3,7,7,1,0,0,49,5862.8833826120845,0.4,-0.7668686868686869
33.81666666666667,102,AV,1,3,7,7,5,0,0,51,3583.4963710051925,0.2,-0.40989898989898993
39.18333333333333,191,AV,1,4,6,5,0,0,0,59,6563.608435155774,0.1,-0.23747474747474745
26.85,136,AV,1,0,5,5,10,0,0,47,1592.6375082496468,0.2,-0.3254545454545455
15.05,47,AV,1,4,7,4,1,0,0,27,1310.9401185904849,0.4,-0.36484848484848487
24.5,128,AV,2,1,0,8,4,0,0,28,2747.619709803412,0.7,-1.0393939393939393
43.4,287,AV,1,4,8,5,8,0,0,67,9667.367812467324,0.2,-0.5260606060606061
16.766666666666666,210,AV,0,9,6,3,3,0,0,42,491.0984231068265,0.4,-0.4064646464646464
20.95,232,AV,2,0,1,5,6,0,0,14,3368.9508766880413,0.1,-0.12696969696969695
40.53333333333333,299,AV,1,3,6,1,0,0,0,61,3465.4556083993225,0.1,-0.24565656565656566
37.333333333333336,43,AV,1,3,6,1,5,0,0,58,4925.450001742355,0.9,-2.0363636363636366
40.35,263,AV,1,4,5,5,1,0,0,62,636.6552097563458,0.3,-0.7336363636363635
40.266666666666666,23,AV,1,3,6,1,0,0,0,60,3323.1633986738134,0.6,-1.4642424242424241
32.13333333333333,5,AV,1,0,7,2,3,0,0,52,632.5893922142865,0.8,-1.557979797979798
43.483333333333334,291,AV,1,0,7,2,2,0,0,66,807.7368269013535,0.1,-0.26353535353535357
30.416666666666668,172,AV,1,0,7,2,0,0,0,49,985.0802174553831,1.0,-1.8434343434343434
13.166666666666666,243,AV,1,3,8,5,7,0,0,21,1148.9174546898266,0.2,-0.1595959595959596
21.7,44,AV,1,3,6,1,2,0,0,41,6081.635477498837,0.1,-0.13151515151515153
29.033333333333335,160,AV,1,0,7,2,0,0,0,48,4549.070920567666,0.4,-0.7038383838383839
43.31666666666667,233,AV,1,1,5,4,1,0,0,68,5354.15698790508,0.2,-0.5250505050505051
22.166666666666668,237,AV,0,7,6,2,3,0,0,53,5913.041300376779,0.1,-0.13434343434343435
37.3,8,AV,1,2,5,4,7,0,0,57,3778.090807703549,0.3,-0.6781818181818181
18.516666666666666,62,AV,0,6,5,7,6,0,0,48,2318.1098695731453,1.0,-1.1222222222222222
36.53333333333333,229,AV,2,0,1,4,9,0,0,47,1447.5744631551047,0.1,-0.22141414141414142
12.266666666666667,55,AV,1,3,6,3,0,0,0,13,3783.636689084741,0.1,-0.07434343434343435
19.25,165,AV,1,3,6,1,4,0,0,36,4864.205776554158,0.5,-0.5833333333333334
42.81666666666667,92,AV,1,4,6,5,0,0,0,63,3866.930621896856,0.6,-1.5569696969696971
13.333333333333334,189,AV,1,1,6,5,0,0,0,13,13079.31179296209,0.3,-0.2424242424242424
31.133333333333333,186,AV,1,3,7,7,3,0,0,49,2212.8825544422834,0.2,-0.37737373737373736
28.2,24,AV,1,3,7,7,0,0,0,47,2011.9739719035176,0.2,-0.3418181818181818
25.183333333333334,68,AV,2,4,3,1,12,0,0,34,12051.378145129962,0.4,-0.6105050505050506
28.966666666666665,33,AV,1,3,6,3,0,0,0,47,1528.3774584247917,0.6,-1.0533333333333332
21.966666666666665,148,AV,1,4,7,8,3,0,0,40,3017.17067826153,0.7,-0.9319191919191918
31.533333333333335,278,AV,1,0,7,2,3,0,0,51,1460.106853854364,0.3,-0.5733333333333334
20.85,283,AV,1,0,7,2,5,0,0,39,2078.9202215407213,0.3,-0.3790909090909091
16.65,115,AV,1,4,6,5,0,0,0,25,4747.153558918807,0.1,-0.1009090909090909
13.383333333333333,65,AV,1,3,7,7,0,0,0,15,4549.115907877681,0.1,-0.08111111111111112
13.316666666666666,276,AV,0,5,6,7,12,0,0,38,7658.5640246764915,0.1,-0.08070707070707071
25.35,20,AV,2,3,3,6,0,0,0,33,3245.380745418587,0.6,-0.9218181818181818
39.21666666666667,192,AV,1,0,5,5,0,0,0,60,2758.442965787371,0.7,-1.663737373737374
35.31666666666667,221,AV,2,0,3,8,0,0,0,51,1682.490559712908,0.1,-0.2140404040404041
29.683333333333334,14,AV,2,1,0,6,0,0,0,33,388.2787303527966,0.1,-0.1798989898989899
21.066666666666666,296,AV,1,4,5,5,1,0,0,39,1530.0661682302475,0.2,-0.2553535353535354
24.366666666666667,21,AV,2,3,3,5,2,0,0,31,1900.764377468582,0.1,-0.14767676767676768
31.5,12,AV,2,3,1,2,10,0,0,44,1664.0464513081895,0.6,-1.1454545454545455
34.95,196,AV,1,0,5,5,6,0,0,55,1942.5668635563816,0.5,-1.059090909090909
26.75,231,AV,1,4,8,5,5,0,0,45,508.6019702527906,0.3,-0.48636363636363633
15.15,183,AV,1,4,7,8,5,0,0,25,827.3783452591958,0.5,-0.4590909090909091
38.2,250,AV,1,0,7,2,16,0,0,58,3197.7177395395383,0.1,-0.23151515151515156
37.56666666666667,242,AV,2,1,0,1,12,0,0,56,1323.5149786113286,0.1,-0.2276767676767677
32.38333333333333,145,AV,2,3,1,2,6,0,0,45,1200.7903182940884,0.1,-0.19626262626262625
22.966666666666665,285,AV,1,0,7,2,8,0,0,42,2533.2754137277425,0.5,-0.6959595959595959
23.466666666666665,267,AV,1,4,6,5,18,0,0,42,2675.3892374750885,0.1,-0.14222222222222222
17.483333333333334,166,AV,1,0,7,2,1,0,0,32,1386.7650627050614,0.4,-0.4238383838383839
23.25,134,AV,1,1,5,4,0,0,0,42,4635.813442599864,0.1,-0.14090909090909093
29.516666666666666,286,AV,1,4,6,5,0,0,0,48,15387.119225735782,1.0,-1.7888888888888888
16.65,64,AV,1,0,7,2,5,0,0,25,437.5592869272848,0.9,-0.9081818181818182
36.016666666666666,214,AV,1,3,6,1,13,0,0,55,4609.601315671212,0.1,-0.2182828282828283
18.533333333333335,159,AV,0,9,4,2,0,0,0,45,6130.868263041086,0.3,-0.336969696969697
12.466666666666667,170,AV,1,0,8,8,6,0,0,1,857.6590975250949,0.8,-0.6044444444444445
33.333333333333336,36,AV,1,3,6,1,0,0,0,53,8981.750106371177,0.4,-0.8080808080808082
33.6,124,AV,2,3,3,5,7,0,0,48,5341.061461458292,0.4,-0.8145454545454547
14.3,144,AV,1,2,8,6,1,0,0,23,816.2772675203604,0.2,-0.17333333333333334
15.383333333333333,175,AV,0,7,6,2,5,0,0,41,658.4091024775607,0.8,-0.7458585858585859
9.833333333333334,289,AV,0,7,8,7,6,0,0,34,1564.4426034616197,0.2,-0.11919191919191921
40.2,54,AV,1,3,7,7,4,0,0,59,902.2448599555772,0.1,-0.24363636363636365
19.783333333333335,121,AV,1,2,6,3,0,0,0,37,497.26542980048754,0.1,-0.11989898989898991
8.433333333333334,188,AV,0,9,5,2,5,0,0,29,4889.272753955773,0.2,-0.10222222222222221
10.6,161,AV,1,3,7,7,16,0,0,7,3987.5502105766736,0.3,-0.19272727272727272
35.68333333333333,230,AV,1,4,6,5,6,0,0,55,6446.254396158338,0.4,-0.8650505050505051
22.033333333333335,217,AV,1,4,7,8,1,0,0,39,979.573716991658,0.9,-1.201818181818182
36.6,204,AV,1,2,7,0,5,0,0,57,4504.939201911708,0.1,-0.22181818181818183
26.616666666666667,80,AV,1,3,6,1,0,0,0,46,2198.5025098873134,0.2,-0.32262626262626265
36.733333333333334,142,AV,1,3,6,1,0,0,0,56,742.4887258523852,0.2,-0.4452525252525253
19.883333333333333,59,AV,1,4,6,5,0,0,0,38,5064.807770076448,0.1,-0.1205050505050505
39.71666666666667,76,AV,2,2,4,2,11,0,0,48,2853.537244729806,0.2,-0.4814141414141415
43.1,86,AV,1,3,6,1,2,0,0,68,1573.7150367511856,0.1,-0.26121212121212123
28.6,0,AV,2,4,1,3,6,0,0,31,1261.43865123121,0.1,-0.17333333333333334
20.45,245,AV,1,4,8,5,1,0,0,36,1950.0200213032829,0.1,-0.12393939393939393
24.95,198,AV,1,2,9,2,7,0,0,44,4547.885280126284,0.2,-0.30242424242424243
31.95,238,AV,1,3,7,7,1,0,0,51,5825.994272151124,0.1,-0.19363636363636363
21.333333333333332,150,AV,2,1,0,7,4,0,0,7,5960.007005011629,0.4,-0.5171717171717172
15.233333333333333,83,AV,0,8,5,3,2,0,0,39,1348.5865378412918,0.1,-0.09232323232323232
33.15,178,AV,1,2,5,6,3,0,0,52,1129.1321270070612,0.3,-0.6027272727272727
31.4,104,AV,1,2,6,3,0,0,0,48,1572.8756307612184,0.1,-0.1903030303030303
43.1,197,AV,1,3,7,7,10,0,0,70,1014.5614647146556,0.1,-0.26121212121212123
18.5,181,AV,1,3,9,5,8,0,0,37,779.2240782816187,0.1,-0.11212121212121212
25.616666666666667,194,AV,0,8,5,3,33,0,0,57,3942.222625638348,0.2,-0.31050505050505056
35.78333333333333,37,AV,1,4,8,5,1,0,0,54,10783.100237376317,0.1,-0.21686868686868688
30.9,11,AV,2,1,0,6,5,0,0,36,4281.8327360815,0.1,-0.18727272727272726
31.716666666666665,13,AV,1,4,7,4,4,0,0,49,3386.12741774329,0.1,-0.1922222222222222
27.55,226,AV,1,4,8,5,6,0,0,46,3476.696831582168,0.1,-0.166969696969697
30.116666666666667,176,AV,1,4,5,5,1,0,0,48,4135.471393234625,0.3,-0.5475757575757576
25.366666666666667,52,AV,1,0,5,5,3,0,0,44,2520.757475212996,0.1,-0.15373737373737376
22.45,171,AV,2,3,3,5,1,0,0,20,6230.691172258436,0.1,-0.13606060606060608
36.516666666666666,163,AV,1,2,9,2,4,0,0,56,567.9518330451218,0.5,-1.1065656565656565
25.45,169,AV,2,2,0,6,5,0,0,34,978.4447105201264,0.7,-1.0796969696969696
24.3,50,AV,2,0,4,0,7,0,0,27,1454.957177165027,0.3,-0.4418181818181818
35.016666666666666,16,AV,1,2,9,2,6,0,0,55,4021.28082322038,0.3,-0.6366666666666666
22.166666666666668,187,AV,1,0,7,2,0,0,0,39,8987.033628468456,0.5,-0.6717171717171717
41.31666666666667,91,AV,2,4,1,5,4,0,0,50,676.2529471816457,0.1,-0.2504040404040404
42.28333333333333,113,AV,1,0,7,2,3,0,0,66,2761.3662775036096,0.1,-0.25626262626262625
21.716666666666665,153,AV,1,3,6,1,10,0,0,40,4343.557359248321,0.1,-0.1316161616161616
30.183333333333334,264,AV,1,0,5,5,0,0,0,48,640.5426603936758,0.1,-0.18292929292929294
45.3,118,AV,1,3,6,1,0,0,0,77,1639.6236094811811,0.2,-0.5490909090909091
26.8,100,AV,1,4,8,5,3,0,0,46,506.5869000089976,0.1,-0.16242424242424244
22.183333333333334,79,AV,1,4,7,8,5,0,0,41,6427.339783247283,0.1,-0.13444444444444445
39.95,27,AV,2,0,1,4,12,0,0,66,2946.490055333797,0.2,-0.4842424242424243
25.616666666666667,69,AV,0,7,6,2,10,0,0,60,2276.662146114732,0.2,-0.31050505050505056
13.6,241,AV,0,6,2,2,0,0,0,38,3523.1638559153366,0.2,-0.16484848484848486
42.63333333333333,126,AV,1,4,7,8,1,0,0,67,11940.25564443948,1.0,-2.583838383838384
21.866666666666667,25,AV,2,3,3,1,6,0,0,18,1804.2001824470888,0.1,-0.13252525252525255
37.63333333333333,252,AV,1,2,5,4,1,0,0,57,4756.448820673547,0.4,-0.9123232323232323
25.366666666666667,31,AV,2,2,4,2,15,0,0,19,5307.329693361759,0.4,-0.614949494949495
46.63333333333333,290,AV,2,3,4,6,0,0,0,64,1446.9812594843625,0.2,-0.5652525252525252
40.35,218,AV,1,4,6,5,6,0,0,61,16390.717038727882,0.4,-0.9781818181818182
16.666666666666668,88,AV,1,3,8,5,2,0,0,32,2250.3510049999354,0.3,-0.30303030303030304
31.583333333333332,177,AV,1,4,7,8,6,0,0,50,2033.019749384408,1.0,-1.9141414141414141
27.366666666666667,215,AV,0,6,9,9,3,0,0,65,932.0432837729122,1.0,-1.6585858585858586
26.583333333333332,279,AV,2,1,0,6,0,0,0,36,583.3206434887895,0.7,-1.1277777777777775
14.4,87,AV,1,1,6,1,1,0,0,24,3132.463358685509,0.1,-0.08727272727272728
22.166666666666668,227,AV,0,7,6,2,12,0,0,51,1100.389953660579,0.1,-0.13434343434343435
33.583333333333336,261,AV,1,0,7,2,5,0,0,52,5882.279762541917,0.1,-0.20353535353535357
31.083333333333332,106,AV,2,4,3,1,12,0,0,40,3031.4508351358254,0.1,-0.1883838383838384
16.716666666666665,225,AV,1,0,8,8,20,0,0,32,8326.33528790118,0.1,-0.10131313131313131
23.533333333333335,297,AV,1,3,5,1,1,0,0,42,5654.280440205098,0.5,-0.7131313131313132
28.166666666666668,119,AV,1,4,6,5,0,0,0,47,3032.1279287666234,0.2,-0.34141414141414145
16.633333333333333,15,AV,1,3,6,1,2,0,0,31,1150.4391077840953,0.4,-0.4032323232323233
33.983333333333334,213,AV,1,2,5,3,1,0,0,53,616.3739675020589,0.3,-0.6178787878787879
14.166666666666666,185,AV,1,0,7,2,0,0,0,21,2909.5116230827134,0.1,-0.08585858585858586
30.416666666666668,146,AV,1,4,6,5,0,0,0,48,4434.023444374438,0.4,-0.7373737373737375
18.366666666666667,205,AV,1,0,7,2,8,0,0,33,938.3100494872764,0.3,-0.3339393939393939
44.85,282,AV,1,0,7,2,2,0,0,74,13748.957190518822,0.1,-0.27181818181818185
31.583333333333332,30,AV,2,2,2,1,9,0,0,46,776.0711537761008,1.0,-1.9141414141414141
30.9,162,AV,1,0,7,2,3,0,0,48,1503.4428459110418,0.4,-0.749090909090909
45.13333333333333,149,AV,1,3,6,1,2,0,0,74,4237.057085974603,0.1,-0.2735353535353535
41.3,224,AV,2,2,4,2,7,0,0,60,2108.868816674547,0.5,-1.2515151515151515
44.2,248,AV,1,0,7,2,3,0,0,70,2648.588416164911,0.3,-0.8036363636363637
30.95,125,AV,1,2,9,2,2,0,0,49,627.4062491148882,0.2,-0.3751515151515152
25.05,272,AV,2,2,4,2,5,0,0,32,650.412147456106,0.1,-0.15181818181818185
43.75,258,AV,1,3,6,1,0,0,0,60,1020.5842314575186,0.1,-0.26515151515151514
35.45,3,AV,1,4,5,5,1,0,0,54,546.8646928603165,0.4,-0.8593939393939394
46.03333333333333,180,AV,1,4,6,5,14,0,0,92,2255.9253983027734,0.1,-0.278989898989899
25.666666666666668,108,AV,1,3,8,5,3,0,0,44,3064.640983136323,1.0,-1.5555555555555556
14.3,260,AV,1,2,5,3,2,0,0,22,2392.7441380289174,0.2,-0.17333333333333334
15.583333333333334,75,AV,1,2,8,6,5,0,0,26,7336.658338656486,0.2,-0.1888888888888889
42.31666666666667,105,AV,1,4,6,5,4,0,0,66,779.0639592631991,0.5,-1.2823232323232325
34.733333333333334,203,AV,1,4,7,8,9,0,0,52,4689.4303597647895,0.5,-1.0525252525252526
23.55,253,AV,1,2,5,4,5,0,0,42,1628.9397076974285,0.1,-0.14272727272727273
40.55,70,AV,1,0,8,2,4,0,0,63,8029.700924090037,0.3,-0.7372727272727272
18.366666666666667,184,AV,1,0,7,2,2,0,0,36,4113.319853961603,0.3,-0.3339393939393939
17.683333333333334,61,AV,1,4,7,0,20,0,0,32,905.8209551718018,0.1,-0.10717171717171717
39.96666666666667,34,AV,2,4,1,5,1,0,0,51,11515.391842589095,0.1,-0.24222222222222226
38.35,81,AV,1,0,8,8,9,0,0,58,2398.572127464108,0.3,-0.6972727272727273
31.666666666666668,39,AV,2,3,3,5,8,0,0,45,2105.6010448069283,0.2,-0.38383838383838387
30.033333333333335,18,AV,1,3,6,1,0,0,0,47,2158.6935677652164,0.4,-0.7280808080808082
29.083333333333332,40,AV,2,3,3,5,0,0,0,38,2347.541384251396,0.2,-0.3525252525252525
34.483333333333334,294,AV,1,4,6,5,0,0,0,54,1836.592480640456,0.6,-1.2539393939393941
26.116666666666667,72,AV,1,0,7,2,8,0,0,44,3824.993837156676,0.4,-0.6331313131313132
26.166666666666668,138,AV,1,3,6,1,0,0,0,45,761.8437659652793,0.1,-0.1585858585858586
22.55,71,AV,1,0,7,2,3,0,0,40,3158.0604616132755,0.7,-0.9566666666666667
34.38333333333333,58,AV,1,4,7,8,1,0,0,54,2472.005569054355,0.3,-0.6251515151515151
28.316666666666666,200,AV,2,1,0,6,0,0,0,21,1635.9686818612918,0.1,-0.17161616161616164
25.1,262,AV,1,0,5,5,0,0,0,43,4200.245935785981,0.4,-0.6084848484848485
17.716666666666665,60,AV,1,0,7,2,2,0,0,33,4164.701887555128,0.6,-0.6442424242424242
25.6,4,AV,1,4,5,5,11,0,0,45,2815.231094880572,0.1,-0.15515151515151515
46.28333333333333,201,AV,1,3,7,7,0,0,0,81,1047.1205397958274,0.2,-0.5610101010101011
33.733333333333334,219,AV,1,0,7,2,17,0,0,53,1592.2311391495805,0.6,-1.2266666666666666
45.233333333333334,116,AV,1,0,7,2,3,0,0,70,2131.3254046090938,0.4,-1.0965656565656567
23.133333333333333,275,AV,2,1,0,1,5,0,0,24,1517.942512651984,0.4,-0.5608080808080808
25.683333333333334,66,AV,1,3,6,1,0,0,0,45,1986.5043233563797,0.4,-0.6226262626262626
37.75,139,AV,1,0,7,2,1,0,0,56,8987.822610831106,0.5,-1.143939393939394
42.3,265,AV,1,4,5,5,2,0,0,63,4959.361066312568,0.1,-0.25636363636363635
45.45,85,AV,1,3,6,1,1,0,0,78,2326.172138461347,0.2,-0.550909090909091
34.416666666666664,293,AV,1,0,7,2,7,0,0,53,1089.3140785512585,0.7,-1.46010101010101
37.96666666666667,51,AV,1,0,7,2,6,0,0,58,2857.8751728516777,0.7,-1.6107070707070705
18.666666666666668,77,AV,1,0,7,2,2,0,0,34,1025.7249596144625,0.1,-0.11313131313131315
25.833333333333332,157,AV,1,0,7,2,3,0,0,44,2538.843693606908,0.8,-1.2525252525252526
40.63333333333333,6,AV,1,3,6,1,1,0,0,64,4159.866430607663,0.1,-0.2462626262626263
45.28333333333333,167,AV,1,0,7,2,6,0,0,81,13460.811009378149,0.4,-1.0977777777777777
43.6,271,AV,1,4,7,8,3,0,0,68,2909.8477340427667,0.4,-1.0569696969696971
16.65,56,AV,1,4,6,5,0,0,0,28,2218.0502812558643,0.4,-0.4036363636363636
13.466666666666667,130,AV,1,4,9,5,7,0,0,21,5557.427333357366,1.0,-0.8161616161616162
34.166666666666664,9,AV,2,1,0,8,0,0,0,42,1297.4303329633815,0.3,-0.6212121212121211
34.61666666666667,193,AV,2,1,1,5,1,0,0,45,1594.6992934726818,0.1,-0.2097979797979798
14.8,236,AV,1,4,5,5,1,0,0,26,3352.9358316496982,0.8,-0.7175757575757576
28.383333333333333,155,AV,1,3,6,1,2,0,0,46,1526.0895405694364,0.2,-0.34404040404040404
26.566666666666666,202,AV,2,3,3,1,18,0,0,34,8493.635575370567,0.1,-0.16101010101010102
39.68333333333333,48,AV,1,4,6,5,5,0,0,60,954.0002559944874,0.8,-1.9240404040404038
42.266666666666666,7,AV,1,3,7,7,0,0,0,64,17322.90883950548,0.1,-0.2561616161616162
26.2,212,AV,1,1,5,4,1,0,0,44,3608.770587345788,0.1,-0.1587878787878788
45.31666666666667,120,AV,1,3,6,1,2,0,0,77,7332.887514065835,0.1,-0.2746464646464647
47.733333333333334,220,AV,2,1,0,6,0,0,0,64,1659.6531244520008,0.2,-0.5785858585858586
28.416666666666668,94,AV,1,4,7,8,3,0,0,47,1927.298426803608,0.2,-0.3444444444444445
38.56666666666667,259,AV,1,0,7,2,2,0,0,57,2382.718205806423,0.2,-0.46747474747474754
24.283333333333335,57,AV,1,3,6,1,0,0,0,42,4223.122456076251,0.3,-0.4415151515151515
42.96666666666667,99,AV,1,0,7,2,0,0,0,67,777.0630287344238,0.2,-0.5208080808080808
22.533333333333335,132,AV,2,1,2,1,9,0,0,28,743.7818724069466,0.2,-0.27313131313131317
18.866666666666667,179,AV,1,4,8,5,3,0,0,36,4116.183110063293,0.1,-0.11434343434343436
13.166666666666666,284,AV,1,0,5,5,3,0,0,16,591.6693204447811,0.2,-0.1595959595959596
42.68333333333333,223,AV,2,2,4,2,6,0,0,54,3654.013033637752,0.1,-0.2586868686868687
14.583333333333334,103,AV,1,3,7,7,0,0,0,25,2797.307504072895,0.1,-0.0883838383838384
19.25,211,AV,1,4,7,0,4,0,0,36,1945.516475481125,0.9,-1.05
41.916666666666664,107,AV,1,3,6,1,0,0,0,65,5849.7981009167725,0.1,-0.254040404040404
19.383333333333333,10,AV,1,3,6,1,1,0,0,37,1104.4445206976068,0.4,-0.46989898989898987
18.366666666666667,127,AV,1,0,7,2,6,0,0,35,2030.86588445069,0.1,-0.11131313131313132
41.0,42,AV,1,1,9,8,4,0,0,62,1059.8377785859489,0.3,-0.7454545454545455
24.883333333333333,67,AV,1,0,7,2,3,0,0,43,1507.5005543882637,0.2,-0.30161616161616167
16.1,164,AV,1,3,6,3,0,0,0,27,767.6170681366935,0.2,-0.1951515151515152
41.38333333333333,158,AV,1,4,8,5,0,0,0,66,4227.85786318916,0.8,-2.0064646464646465
25.583333333333332,38,AV,0,6,3,1,0,0,0,60,10751.672106064549,0.6,-0.9303030303030302
23.7,151,AV,1,0,8,8,0,0,0,42,626.2908344343901,0.4,-0.5745454545454546
