travel_time,id,kind,action,bid_route_0,bid_route_1,bid_route_2,karma_balance,origin,destination,start_time,income,urgency,reward
33.333333333333336,147,AV,2,1,1,5,0,0,0,71,1141.0395517097602,0.1,-0.03333333333333334
33.05,101,AV,2,1,3,0,5,0,0,65,2139.4702648744856,0.3,-0.09914999999999999
13.683333333333334,2,AV,1,1,4,4,4,0,0,36,2767.495209174315,0.3,-0.041049999999999996
23.8,222,AV,0,6,4,7,4,0,0,57,3849.958431883558,0.1,-0.0238
14.766666666666667,22,AV,1,1,5,4,0,0,0,37,2486.38103050259,0.2,-0.029533333333333335
31.95,89,AV,1,0,4,7,3,0,0,59,3803.247088152212,0.1,-0.03195
12.866666666666667,84,AV,1,2,4,8,16,0,0,33,2421.0391237858234,0.1,-0.012866666666666669
7.4,254,AV,1,1,5,1,6,0,0,16,4843.3187157075145,0.1,-0.007400000000000001
30.483333333333334,190,AV,1,2,4,0,1,0,0,55,541.9839687696077,0.8,-0.24386666666666668
23.05,208,AV,2,2,1,1,14,0,0,46,4754.245589533712,0.1,-0.02305
33.35,63,AV,2,2,0,2,6,0,0,61,2756.9260540590044,0.3,-0.10005
32.483333333333334,207,AV,1,2,4,7,16,0,0,58,1011.0784796502788,0.1,-0.032483333333333336
13.716666666666667,133,AV,0,7,5,1,4,0,0,33,2969.8754393798326,0.2,-0.027433333333333334
27.116666666666667,109,AV,1,1,7,8,1,0,0,50,595.9176043698985,0.1,-0.027116666666666667
14.833333333333334,41,AV,1,1,5,5,9,0,0,37,1848.7234685638712,0.2,-0.02966666666666667
15.55,266,AV,0,5,2,1,0,0,0,37,1527.6889462703334,0.1,-0.015550000000000001
32.75,29,AV,1,3,4,0,5,0,0,60,4416.224882412617,0.3,-0.09825
22.566666666666666,298,AV,1,3,4,2,7,0,0,47,1234.5997004771,0.4,-0.09026666666666666
29.3,141,AV,1,2,4,7,3,0,0,53,2496.2043409386315,0.4,-0.1172
20.983333333333334,268,AV,2,1,1,8,4,0,0,39,6007.794801579103,0.1,-0.020983333333333336
28.65,46,AV,1,3,4,7,15,0,0,53,566.7055292848979,0.4,-0.1146
23.116666666666667,49,AV,1,1,4,7,9,0,0,47,1074.3823512953045,0.1,-0.023116666666666667
32.016666666666666,137,AV,2,3,0,5,1,0,0,62,2818.3733061874163,0.2,-0.06403333333333333
36.6,98,AV,2,3,1,2,8,0,0,78,9095.945853089892,0.1,-0.0366
18.283333333333335,95,AV,1,1,4,0,0,0,0,42,4924.983441788647,0.5,-0.09141666666666667
34.083333333333336,251,AV,2,1,1,7,3,0,0,72,825.4433072334436,0.1,-0.03408333333333334
37.38333333333333,228,AV,1,1,4,5,11,0,0,76,1279.3396024785957,0.1,-0.03738333333333334
11.916666666666666,110,AV,0,4,0,1,3,0,0,30,11185.875164713363,0.3,-0.03575
9.233333333333333,239,AV,1,3,4,4,0,0,0,22,3458.1247672483346,0.3,-0.027699999999999995
8.416666666666666,131,AV,1,3,4,7,11,0,0,19,4376.119511966378,0.1,-0.008416666666666668
25.883333333333333,247,AV,1,0,4,5,9,0,0,49,4687.914961676448,0.4,-0.10353333333333332
36.483333333333334,235,AV,1,1,5,7,18,0,0,69,6709.13861087917,0.4,-0.14593333333333333
37.3,111,AV,1,3,7,9,7,0,0,84,449.0833195935783,0.3,-0.1119
11.566666666666666,135,AV,1,0,4,1,1,0,0,29,2105.159940183184,0.1,-0.011566666666666668
22.183333333333334,206,AV,1,0,7,8,2,0,0,46,4950.268578812107,0.7,-0.15528333333333333
16.233333333333334,280,AV,1,1,5,4,1,0,0,39,1684.196745492046,0.2,-0.032466666666666665
32.333333333333336,73,AV,1,3,4,4,10,0,0,59,1022.032321197676,0.4,-0.12933333333333336
15.35,117,AV,1,0,4,5,2,0,0,38,4266.216809230351,0.1,-0.01535
34.983333333333334,28,AV,1,1,7,0,7,0,0,66,20239.22920549412,0.3,-0.10495
31.5,112,AV,1,1,7,8,1,0,0,57,2780.081336731352,0.7,-0.22049999999999997
19.133333333333333,114,AV,1,3,4,7,4,0,0,42,913.5589076746268,0.1,-0.019133333333333336
34.86666666666667,45,AV,2,1,0,7,0,0,0,69,7511.51421120444,0.4,-0.13946666666666668
32.61666666666667,234,AV,1,3,7,7,2,0,0,59,6947.27484286379,0.3,-0.09784999999999999
15.083333333333334,1,AV,1,2,4,7,11,0,0,37,7612.519032757181,0.1,-0.015083333333333336
15.75,143,AV,1,1,4,7,17,0,0,38,1083.524948441525,0.4,-0.063
30.4,240,AV,1,3,4,5,2,0,0,56,3759.463069718096,0.2,-0.0608
17.0,274,AV,2,2,2,3,10,0,0,29,4645.51881630073,0.7,-0.119
18.65,209,AV,1,0,5,2,0,0,0,42,10426.353459350525,0.2,-0.0373
25.083333333333332,216,AV,1,1,4,8,5,0,0,48,1530.6528609905624,0.4,-0.10033333333333333
6.666666666666667,277,AV,0,5,6,7,2,0,0,23,2850.5966631146844,0.2,-0.013333333333333334
6.933333333333334,174,AV,1,1,4,4,0,0,0,1,2996.640782499388,0.1,-0.006933333333333333
20.383333333333333,270,AV,1,1,5,4,9,0,0,44,1782.711710770346,0.1,-0.020383333333333337
24.016666666666666,288,AV,2,3,2,5,13,0,0,48,2744.255474143275,0.3,-0.07205
30.866666666666667,97,AV,1,1,4,8,4,0,0,56,3724.6301341612702,0.1,-0.030866666666666667
22.233333333333334,93,AV,0,8,4,8,3,0,0,52,5304.212874057136,0.2,-0.044466666666666675
16.95,269,AV,0,7,5,5,1,0,0,45,4061.843573313689,0.1,-0.01695
32.28333333333333,156,AV,0,6,5,2,0,0,0,73,437.8567856598078,0.4,-0.12913333333333332
23.866666666666667,281,AV,0,6,7,5,3,0,0,56,943.1907669438916,0.7,-0.16706666666666667
21.166666666666668,292,AV,1,2,4,3,6,0,0,45,2222.040577514192,0.5,-0.10583333333333333
28.9,182,AV,1,3,4,5,7,0,0,53,1805.1606101798543,0.9,-0.2601
37.68333333333333,295,AV,1,3,5,5,6,0,0,91,5502.789496653042,0.4,-0.15073333333333333
33.43333333333333,195,AV,1,3,4,8,5,0,0,61,2891.134206742707,0.1,-0.033433333333333336
20.45,53,AV,1,2,7,5,2,0,0,43,4660.29795945294,0.1,-0.02045
27.183333333333334,255,AV,2,3,1,8,5,0,0,54,7177.938863287724,0.7,-0.1902833333333333
16.9,257,AV,1,2,7,1,0,0,0,40,601.3137559373858,0.3,-0.050699999999999995
16.2,152,AV,1,1,4,8,6,0,0,39,743.7553910389753,0.8,-0.12960000000000002
18.583333333333332,74,AV,1,3,6,5,3,0,0,42,3919.41152379869,0.3,-0.055749999999999994
8.65,122,AV,1,1,5,5,11,0,0,20,2239.194506681481,0.2,-0.017300000000000003
11.8,129,AV,1,1,7,8,10,0,0,30,13351.937436366714,0.1,-0.011800000000000001
15.416666666666666,154,AV,1,1,4,7,4,0,0,38,898.3728471886773,0.8,-0.12333333333333335
12.316666666666666,168,AV,1,2,6,3,0,0,0,30,682.056612603955,0.5,-0.06158333333333333
28.15,32,AV,1,1,5,7,13,0,0,52,1474.807688008607,0.4,-0.11259999999999999
15.6,140,AV,0,7,7,8,2,0,0,34,11049.706566164488,0.1,-0.015600000000000001
26.766666666666666,199,AV,1,1,4,2,2,0,0,50,600.3305173079323,0.9,-0.2409
10.333333333333334,173,AV,1,1,5,7,4,0,0,25,2991.769966736588,0.2,-0.020666666666666667
13.333333333333334,244,AV,1,2,4,7,7,0,0,33,3097.4575811220984,0.1,-0.013333333333333334
19.233333333333334,26,AV,1,1,4,6,2,0,0,42,4429.527615460413,0.3,-0.0577
30.033333333333335,78,AV,1,1,4,5,7,0,0,55,3558.5090095449787,0.2,-0.06006666666666667
8.55,17,AV,1,1,4,7,11,0,0,19,424.9057127261393,0.5,-0.04275
32.28333333333333,35,AV,0,7,2,2,0,0,0,75,1649.648602545546,0.2,-0.06456666666666666
23.966666666666665,249,AV,1,1,7,7,10,0,0,48,832.3173438658397,0.4,-0.09586666666666666
25.616666666666667,19,AV,0,7,5,5,4,0,0,57,1587.6148581174584,0.6,-0.15369999999999998
18.483333333333334,90,AV,2,1,1,8,11,0,0,40,2619.168197182975,0.2,-0.03696666666666667
22.95,82,AV,1,1,4,0,2,0,0,47,3393.6426315430986,0.4,-0.09179999999999999
24.566666666666666,96,AV,1,1,7,1,1,0,0,48,572.7967315704935,0.2,-0.049133333333333334
20.2,256,AV,1,1,4,6,12,0,0,43,4818.617258984985,0.7,-0.14139999999999997
8.433333333333334,246,AV,0,4,4,2,1,0,0,23,5480.041794665195,0.1,-0.008433333333333333
33.516666666666666,123,AV,1,1,4,2,2,0,0,61,1040.734547163155,0.2,-0.06703333333333333
26.383333333333333,273,AV,1,1,4,1,0,0,0,49,5862.8833826120845,0.2,-0.05276666666666666
29.233333333333334,102,AV,2,2,3,7,1,0,0,51,3583.4963710051925,0.8,-0.23386666666666667
31.216666666666665,191,AV,2,3,1,4,0,0,0,59,6563.608435155774,0.1,-0.031216666666666667
22.5,136,AV,1,1,4,2,8,0,0,47,1592.6375082496468,0.2,-0.045000000000000005
10.883333333333333,47,AV,1,2,4,2,5,0,0,27,1310.9401185904849,0.1,-0.010883333333333333
13.85,128,AV,2,3,1,2,5,0,0,28,2747.619709803412,0.2,-0.0277
34.35,287,AV,2,0,1,5,2,0,0,67,9667.367812467324,0.1,-0.034350000000000006
18.866666666666667,210,AV,1,3,7,7,3,0,0,42,491.0984231068265,0.1,-0.01886666666666667
10.733333333333333,232,AV,2,2,2,1,7,0,0,14,3368.9508766880413,0.7,-0.07513333333333332
32.53333333333333,299,AV,2,1,0,1,5,0,0,61,3465.4556083993225,0.1,-0.03253333333333333
32.016666666666666,43,AV,1,1,4,7,21,0,0,58,4925.450001742355,0.1,-0.032016666666666665
33.71666666666667,263,AV,1,1,4,1,3,0,0,62,636.6552097563458,0.4,-0.13486666666666666
27.416666666666668,23,AV,0,8,4,2,6,0,0,60,3323.1633986738134,0.1,-0.02741666666666667
28.083333333333332,5,AV,1,1,5,5,0,0,0,52,632.5893922142865,0.1,-0.028083333333333335
35.71666666666667,291,AV,1,3,4,9,7,0,0,66,807.7368269013535,0.1,-0.03571666666666667
25.933333333333334,172,AV,1,2,4,0,1,0,0,49,985.0802174553831,0.1,-0.025933333333333336
8.75,243,AV,1,2,4,7,7,0,0,21,1148.9174546898266,0.2,-0.017499999999999998
17.733333333333334,44,AV,1,3,4,5,2,0,0,41,6081.635477498837,0.1,-0.017733333333333334
24.3,160,AV,1,1,4,7,16,0,0,48,4549.070920567666,0.4,-0.09720000000000001
35.9,233,AV,1,1,7,3,5,0,0,68,5354.15698790508,0.9,-0.3231
27.583333333333332,237,AV,2,1,1,8,9,0,0,53,5913.041300376779,0.3,-0.08274999999999999
25.666666666666668,8,AV,0,4,4,7,9,0,0,57,3778.090807703549,0.3,-0.077
24.033333333333335,62,AV,1,2,4,1,15,0,0,48,2318.1098695731453,0.2,-0.048066666666666674
23.266666666666666,229,AV,1,3,4,5,3,0,0,47,1447.5744631551047,0.2,-0.046533333333333336
11.5,55,AV,2,1,1,5,0,0,0,13,3783.636689084741,0.2,-0.023000000000000003
14.35,165,AV,1,2,4,2,1,0,0,36,4864.205776554158,0.1,-0.01435
31.1,92,AV,0,5,5,4,5,0,0,63,3866.930621896856,0.4,-0.12440000000000001
8.516666666666667,189,AV,1,1,5,7,6,0,0,13,13079.31179296209,0.4,-0.03406666666666667
26.4,186,AV,1,3,4,8,12,0,0,49,2212.8825544422834,0.3,-0.0792
23.266666666666666,24,AV,1,1,4,1,3,0,0,47,2011.9739719035176,0.4,-0.09306666666666667
13.466666666666667,68,AV,1,1,4,4,9,0,0,34,12051.378145129962,0.4,-0.05386666666666667
23.583333333333332,33,AV,1,2,7,7,1,0,0,47,1528.3774584247917,0.7,-0.1650833333333333
19.683333333333334,148,AV,2,1,0,5,0,0,0,40,3017.17067826153,0.2,-0.03936666666666667
27.25,278,AV,1,3,5,1,0,0,0,51,1460.106853854364,0.1,-0.027250000000000003
16.666666666666668,283,AV,1,3,4,7,6,0,0,39,2078.9202215407213,0.1,-0.01666666666666667
11.133333333333333,115,AV,1,1,5,7,9,0,0,25,4747.153558918807,0.1,-0.011133333333333334
12.466666666666667,65,AV,2,2,0,1,6,0,0,15,4549.115907877681,0.2,-0.024933333333333335
16.783333333333335,276,AV,2,2,1,1,7,0,0,38,7658.5640246764915,0.3,-0.050350000000000006
12.883333333333333,20,AV,1,1,4,8,6,0,0,33,3245.380745418587,0.4,-0.051533333333333334
32.916666666666664,192,AV,1,3,5,5,1,0,0,60,2758.442965787371,0.4,-0.13166666666666668
27.15,221,AV,1,3,5,7,4,0,0,51,1682.490559712908,0.1,-0.027149999999999997
17.166666666666668,14,AV,2,2,2,4,1,0,0,33,388.2787303527966,0.6,-0.10300000000000001
16.816666666666666,296,AV,1,3,4,9,5,0,0,39,1530.0661682302475,0.6,-0.10089999999999999
13.516666666666667,21,AV,0,8,1,8,6,0,0,31,1900.764377468582,0.4,-0.05406666666666668
20.716666666666665,12,AV,1,1,4,5,14,0,0,44,1664.0464513081895,0.1,-0.020716666666666664
22.083333333333332,196,AV,0,5,4,2,0,0,0,55,1942.5668635563816,0.1,-0.022083333333333333
21.766666666666666,231,AV,1,3,4,5,12,0,0,45,508.6019702527906,0.2,-0.043533333333333334
10.666666666666666,183,AV,1,2,7,7,20,0,0,25,827.3783452591958,0.9,-0.096
31.366666666666667,250,AV,2,2,1,7,5,0,0,58,3197.7177395395383,0.4,-0.12546666666666667
30.816666666666666,242,AV,1,1,7,4,19,0,0,56,1323.5149786113286,0.2,-0.06163333333333333
21.95,145,AV,2,0,0,6,2,0,0,45,1200.7903182940884,0.7,-0.15364999999999998
20.033333333333335,285,AV,2,1,2,2,10,0,0,42,2533.2754137277425,0.3,-0.06010000000000001
20.516666666666666,267,AV,2,2,0,6,1,0,0,42,2675.3892374750885,1.0,-0.20516666666666666
12.233333333333333,166,AV,1,1,8,4,0,0,0,32,1386.7650627050614,0.1,-0.012233333333333332
19.366666666666667,134,AV,1,1,9,7,1,0,0,42,4635.813442599864,0.2,-0.03873333333333334
25.0,286,AV,1,3,5,1,5,0,0,48,15387.119225735782,0.6,-0.15
15.6,64,AV,2,1,2,7,3,0,0,25,437.5592869272848,0.1,-0.015600000000000001
29.116666666666667,214,AV,2,1,1,0,5,0,0,55,4609.601315671212,0.3,-0.08735
21.533333333333335,159,AV,1,0,4,1,9,0,0,45,6130.868263041086,0.6,-0.1292
11.75,170,AV,2,2,3,1,5,0,0,1,857.6590975250949,0.3,-0.03525
27.016666666666666,36,AV,2,2,1,5,3,0,0,53,8981.750106371177,0.1,-0.027016666666666668
24.733333333333334,124,AV,1,1,4,8,10,0,0,48,5341.061461458292,0.1,-0.024733333333333336
10.116666666666667,144,AV,1,1,4,1,6,0,0,23,816.2772675203604,0.1,-0.010116666666666668
18.55,175,AV,1,1,4,9,6,0,0,41,658.4091024775607,0.7,-0.12985
13.3,289,AV,1,3,5,4,4,0,0,34,1564.4426034616197,0.2,-0.026600000000000002
33.4,54,AV,1,1,4,7,25,0,0,59,902.2448599555772,0.4,-0.1336
18.3,121,AV,2,2,1,4,3,0,0,37,497.26542980048754,0.6,-0.1098
11.983333333333333,188,AV,0,4,1,5,9,0,0,29,4889.272753955773,0.1,-0.011983333333333332
6.883333333333334,161,AV,1,2,4,6,2,0,0,7,3987.5502105766736,0.1,-0.006883333333333335
30.083333333333332,230,AV,1,1,4,7,11,0,0,55,6446.254396158338,0.2,-0.060166666666666674
17.433333333333334,217,AV,1,0,5,3,1,0,0,39,979.573716991658,0.4,-0.06973333333333334
31.783333333333335,204,AV,1,0,4,8,4,0,0,57,4504.939201911708,1.0,-0.31783333333333336
18.683333333333334,80,AV,0,6,1,1,0,0,0,46,2198.5025098873134,0.3,-0.056049999999999996
31.2,142,AV,1,1,4,7,5,0,0,56,742.4887258523852,0.3,-0.0936
15.683333333333334,59,AV,1,1,4,6,5,0,0,38,5064.807770076448,0.6,-0.09409999999999999
25.633333333333333,76,AV,1,1,5,5,3,0,0,48,2853.537244729806,0.1,-0.02563333333333333
35.93333333333333,86,AV,1,3,6,4,7,0,0,68,1573.7150367511856,0.1,-0.03593333333333333
12.516666666666667,0,AV,1,0,4,1,7,0,0,31,1261.43865123121,0.1,-0.012516666666666669
14.883333333333333,245,AV,1,1,5,7,4,0,0,36,1950.0200213032829,1.0,-0.14883333333333332
21.4,198,AV,2,1,0,5,6,0,0,44,4547.885280126284,0.1,-0.021400000000000002
26.716666666666665,238,AV,2,1,1,7,6,0,0,51,5825.994272151124,0.8,-0.21373333333333333
7.4,150,AV,1,0,5,8,10,0,0,7,5960.007005011629,0.6,-0.0444
16.85,83,AV,1,3,7,4,1,0,0,39,1348.5865378412918,0.3,-0.050550000000000005
28.5,178,AV,1,0,8,7,0,0,0,52,1129.1321270070612,0.5,-0.1425
27.666666666666668,104,AV,2,1,1,2,7,0,0,48,1572.8756307612184,0.2,-0.05533333333333334
36.06666666666667,197,AV,1,3,4,4,2,0,0,70,1014.5614647146556,0.1,-0.03606666666666667
16.633333333333333,181,AV,2,1,1,8,8,0,0,37,779.2240782816187,0.6,-0.0998
31.833333333333332,194,AV,1,1,4,4,9,0,0,57,3942.222625638348,0.5,-0.15916666666666665
29.933333333333334,37,AV,2,1,1,4,9,0,0,54,10783.100237376317,0.3,-0.0898
14.583333333333334,11,AV,1,1,4,3,2,0,0,36,4281.8327360815,0.2,-0.02916666666666667
26.833333333333332,13,AV,1,3,4,3,1,0,0,49,3386.12741774329,0.3,-0.08049999999999999
20.483333333333334,226,AV,0,5,1,1,0,0,0,46,3476.696831582168,0.3,-0.06145
25.766666666666666,176,AV,1,0,5,8,5,0,0,48,4135.471393234625,0.1,-0.025766666666666667
22.05,52,AV,2,1,0,1,5,0,0,44,2520.757475212996,0.8,-0.1764
4.933333333333334,171,AV,0,8,5,5,1,0,0,20,6230.691172258436,0.1,-0.004933333333333334
31.233333333333334,163,AV,1,2,4,7,22,0,0,56,567.9518330451218,0.7,-0.21863333333333335
13.65,169,AV,1,1,8,1,11,0,0,34,978.4447105201264,0.4,-0.05460000000000001
10.216666666666667,50,AV,0,7,4,7,14,0,0,27,1454.957177165027,0.5,-0.051083333333333335
30.466666666666665,16,AV,1,2,7,1,23,0,0,55,4021.28082322038,0.2,-0.06093333333333333
17.566666666666666,187,AV,1,1,4,3,1,0,0,39,8987.033628468456,0.5,-0.08783333333333333
27.916666666666668,91,AV,1,2,4,4,0,0,0,50,676.2529471816457,0.2,-0.05583333333333334
35.11666666666667,113,AV,1,1,4,5,4,0,0,66,2761.3662775036096,0.4,-0.14046666666666668
17.516666666666666,153,AV,1,1,4,6,6,0,0,40,4343.557359248321,0.4,-0.07006666666666667
25.233333333333334,264,AV,1,1,4,3,1,0,0,48,640.5426603936758,0.4,-0.10093333333333335
35.833333333333336,118,AV,2,2,0,2,6,0,0,77,1639.6236094811811,0.1,-0.035833333333333335
18.65,100,AV,0,4,4,1,1,0,0,46,506.5869000089976,0.2,-0.0373
18.1,79,AV,1,3,5,5,1,0,0,41,6427.339783247283,0.3,-0.05430000000000001
31.85,27,AV,2,1,1,4,9,0,0,66,2946.490055333797,0.2,-0.0637
31.45,69,AV,2,1,1,7,7,0,0,60,2276.662146114732,0.2,-0.0629
16.0,241,AV,1,3,4,4,5,0,0,38,3523.1638559153366,0.3,-0.048
33.35,126,AV,2,0,3,1,5,0,0,67,11940.25564443948,0.1,-0.033350000000000005
4.9,25,AV,0,8,5,5,13,0,0,18,1804.2001824470888,0.1,-0.004900000000000001
30.383333333333333,252,AV,2,1,2,2,5,0,0,57,4756.448820673547,0.3,-0.09115
13.166666666666666,31,AV,2,1,0,3,5,0,0,19,5307.329693361759,0.3,-0.03949999999999999
34.93333333333333,290,AV,1,3,4,1,7,0,0,64,1446.9812594843625,0.1,-0.03493333333333333
33.983333333333334,218,AV,1,1,6,1,6,0,0,61,16390.717038727882,0.1,-0.03398333333333333
13.833333333333334,88,AV,2,0,3,2,5,0,0,32,2250.3510049999354,0.2,-0.02766666666666667
26.95,177,AV,1,1,4,5,3,0,0,50,2033.019749384408,0.5,-0.13475
35.516666666666666,215,AV,1,2,4,8,5,0,0,65,932.0432837729122,0.4,-0.14206666666666665
16.4,279,AV,2,0,0,5,0,0,0,36,583.3206434887895,0.1,-0.016399999999999998
12.716666666666667,87,AV,2,1,1,4,0,0,0,24,3132.463358685509,0.2,-0.025433333333333336
27.766666666666666,227,AV,1,3,4,1,2,0,0,51,1100.389953660579,0.1,-0.02776666666666667
28.333333333333332,261,AV,1,1,4,8,5,0,0,52,5882.279762541917,0.8,-0.22666666666666668
17.716666666666665,106,AV,1,3,4,1,2,0,0,40,3031.4508351358254,0.4,-0.07086666666666666
14.516666666666667,225,AV,2,0,1,5,5,0,0,32,8326.33528790118,1.0,-0.14516666666666667
16.933333333333334,297,AV,0,7,4,1,0,0,0,42,5654.280440205098,0.5,-0.08466666666666667
23.433333333333334,119,AV,1,1,7,2,2,0,0,47,3032.1279287666234,0.1,-0.023433333333333334
11.75,15,AV,1,2,4,1,8,0,0,31,1150.4391077840953,0.3,-0.03525
29.25,213,AV,1,3,5,9,5,0,0,53,616.3739675020589,0.4,-0.11699999999999999
9.116666666666667,185,AV,1,1,5,4,4,0,0,21,2909.5116230827134,0.4,-0.03646666666666667
25.583333333333332,146,AV,1,3,4,4,9,0,0,48,4434.023444374438,0.3,-0.07674999999999998
16.583333333333332,205,AV,2,2,3,2,6,0,0,33,938.3100494872764,0.4,-0.06633333333333334
37.083333333333336,282,AV,1,3,4,1,9,0,0,74,13748.957190518822,0.1,-0.037083333333333336
22.266666666666666,30,AV,2,1,1,7,3,0,0,46,776.0711537761008,0.1,-0.022266666666666667
26.383333333333333,162,AV,2,2,2,0,5,0,0,48,1503.4428459110418,0.5,-0.13191666666666665
37.18333333333333,149,AV,1,1,4,4,1,0,0,74,4237.057085974603,0.1,-0.03718333333333333
28.933333333333334,224,AV,0,5,7,7,8,0,0,60,2108.868816674547,1.0,-0.28933333333333333
36.93333333333333,248,AV,1,2,8,2,3,0,0,70,2648.588416164911,0.1,-0.03693333333333333
26.433333333333334,125,AV,1,0,4,0,6,0,0,49,627.4062491148882,0.2,-0.052866666666666666
12.416666666666666,272,AV,1,1,4,1,9,0,0,32,650.412147456106,0.2,-0.024833333333333332
34.983333333333334,258,AV,1,1,5,4,0,0,0,60,1020.5842314575186,0.1,-0.03498333333333333
29.083333333333332,3,AV,2,1,1,5,5,0,0,54,546.8646928603165,0.2,-0.05816666666666667
35.75,180,AV,2,3,0,3,6,0,0,92,2255.9253983027734,0.1,-0.03575
21.25,108,AV,1,3,7,4,13,0,0,44,3064.640983136323,0.8,-0.17
12.983333333333333,260,AV,2,1,2,5,0,0,0,22,2392.7441380289174,0.7,-0.09088333333333333
11.2,75,AV,1,1,4,5,25,0,0,26,7336.658338656486,1.0,-0.11199999999999999
33.03333333333333,105,AV,2,3,1,1,6,0,0,66,779.0639592631991,0.1,-0.03303333333333333
28.866666666666667,203,AV,1,0,4,3,2,0,0,52,4689.4303597647895,0.3,-0.0866
19.45,253,AV,1,1,4,5,4,0,0,42,1628.9397076974285,0.3,-0.05835
28.9,70,AV,0,5,4,7,2,0,0,63,8029.700924090037,1.0,-0.289
13.883333333333333,184,AV,1,3,4,2,7,0,0,36,4113.319853961603,0.1,-0.013883333333333334
12.733333333333333,61,AV,1,1,7,8,8,0,0,32,905.8209551718018,0.7,-0.08913333333333333
27.783333333333335,34,AV,2,3,2,5,0,0,0,51,11515.391842589095,0.1,-0.02778333333333334
27.216666666666665,81,AV,0,6,3,2,1,0,0,58,2398.572127464108,0.5,-0.13608333333333333
21.566666666666666,39,AV,2,1,1,5,0,0,0,45,2105.6010448069283,0.1,-0.021566666666666668
24.433333333333334,18,AV,1,3,5,5,0,0,0,47,2158.6935677652164,0.4,-0.09773333333333334
16.066666666666666,40,AV,1,3,4,6,3,0,0,38,2347.541384251396,1.0,-0.16066666666666665
27.866666666666667,294,AV,2,1,2,8,1,0,0,54,1836.592480640456,0.1,-0.027866666666666668
21.116666666666667,72,AV,1,3,5,2,1,0,0,44,3824.993837156676,0.2,-0.04223333333333334
22.2,138,AV,2,2,2,4,2,0,0,45,761.8437659652793,0.4,-0.0888
18.15,71,AV,1,0,5,4,1,0,0,40,3158.0604616132755,0.1,-0.01815
29.533333333333335,58,AV,1,2,4,3,8,0,0,54,2472.005569054355,0.2,-0.05906666666666667
10.366666666666667,200,AV,1,1,4,3,14,0,0,21,1635.9686818612918,0.2,-0.020733333333333336
20.783333333333335,262,AV,1,0,5,7,11,0,0,43,4200.245935785981,0.5,-0.10391666666666667
13.266666666666667,60,AV,1,1,4,8,16,0,0,33,4164.701887555128,0.2,-0.02653333333333334
21.683333333333334,4,AV,1,3,9,2,0,0,0,45,2815.231094880572,0.6,-0.1301
34.13333333333333,201,AV,0,5,6,5,1,0,0,81,1047.1205397958274,0.2,-0.06826666666666667
29.3,219,AV,1,2,4,7,4,0,0,53,1592.2311391495805,0.2,-0.0586
36.85,116,AV,1,1,8,3,8,0,0,70,2131.3254046090938,0.3,-0.11055
10.216666666666667,275,AV,1,1,7,5,18,0,0,24,1517.942512651984,0.9,-0.09195
21.783333333333335,66,AV,1,1,8,8,9,0,0,45,1986.5043233563797,1.0,-0.21783333333333335
31.65,139,AV,1,2,5,2,1,0,0,56,8987.822610831106,0.4,-0.12660000000000002
34.766666666666666,265,AV,1,1,9,1,5,0,0,63,4959.361066312568,0.5,-0.17383333333333334
37.166666666666664,85,AV,1,1,4,3,13,0,0,78,2326.172138461347,0.1,-0.03716666666666667
29.516666666666666,293,AV,1,3,4,8,19,0,0,53,1089.3140785512585,0.3,-0.08854999999999999
29.783333333333335,51,AV,2,3,3,3,12,0,0,58,2857.8751728516777,0.3,-0.08935
17.066666666666666,77,AV,2,3,0,7,0,0,0,34,1025.7249596144625,0.7,-0.11946666666666665
21.466666666666665,157,AV,1,1,4,2,0,0,0,44,2538.843693606908,0.1,-0.021466666666666665
30.516666666666666,6,AV,0,6,4,6,1,0,0,64,4159.866430607663,0.4,-0.12206666666666666
37.55,167,AV,1,1,7,8,3,0,0,81,13460.811009378149,0.4,-0.1502
36.233333333333334,271,AV,1,1,5,1,2,0,0,68,2909.8477340427667,0.2,-0.07246666666666667
15.4,56,AV,2,2,0,2,4,0,0,28,2218.0502812558643,0.5,-0.077
6.65,130,AV,0,5,5,1,0,0,0,21,5557.427333357366,0.3,-0.01995
19.9,9,AV,1,3,4,8,12,0,0,42,1297.4303329633815,0.4,-0.0796
22.416666666666668,193,AV,1,1,6,5,4,0,0,45,1594.6992934726818,0.1,-0.022416666666666668
10.15,236,AV,0,5,4,7,4,0,0,26,3352.9358316496982,0.6,-0.0609
20.666666666666668,155,AV,0,6,1,1,0,0,0,46,1526.0895405694364,0.8,-0.16533333333333333
16.15,202,AV,2,1,3,4,1,0,0,34,8493.635575370567,0.7,-0.11304999999999997
33.233333333333334,48,AV,1,1,4,7,3,0,0,60,954.0002559944874,0.1,-0.03323333333333334
34.983333333333334,7,AV,1,3,7,3,14,0,0,64,17322.90883950548,0.3,-0.10495
22.65,212,AV,2,2,0,8,1,0,0,44,3608.770587345788,0.7,-0.15854999999999997
34.03333333333333,120,AV,0,5,0,8,3,0,0,77,7332.887514065835,0.7,-0.2382333333333333
34.86666666666667,220,AV,2,3,2,4,2,0,0,64,1659.6531244520008,0.1,-0.03486666666666667
23.65,94,AV,1,1,6,4,5,0,0,47,1927.298426803608,0.1,-0.02365
31.1,259,AV,2,1,1,7,4,0,0,57,2382.718205806423,0.4,-0.12440000000000001
19.95,57,AV,1,3,4,3,0,0,0,42,4223.122456076251,0.1,-0.01995
35.766666666666666,99,AV,1,1,4,7,14,0,0,67,777.0630287344238,0.1,-0.03576666666666666
11.066666666666666,132,AV,1,3,4,5,1,0,0,28,743.7818724069466,0.7,-0.07746666666666666
17.483333333333334,179,AV,2,3,2,5,1,0,0,36,4116.183110063293,0.1,-0.017483333333333333
11.8,284,AV,2,1,2,0,6,0,0,16,591.6693204447811,0.1,-0.011800000000000001
30.083333333333332,223,AV,1,2,5,7,4,0,0,54,3654.013033637752,0.2,-0.060166666666666674
8.433333333333334,103,AV,0,4,5,3,3,0,0,25,2797.307504072895,0.7,-0.05903333333333333
17.733333333333334,211,AV,2,1,1,2,4,0,0,36,1945.516475481125,1.0,-0.17733333333333334
33.53333333333333,107,AV,2,1,2,7,7,0,0,65,5849.7981009167725,0.9,-0.3018
15.116666666666667,10,AV,1,2,7,3,1,0,0,37,1104.4445206976068,0.6,-0.0907
16.533333333333335,127,AV,2,3,3,4,0,0,0,35,2030.86588445069,0.3,-0.049600000000000005
34.5,42,AV,1,2,4,4,2,0,0,62,1059.8377785859489,0.1,-0.034499999999999996
21.366666666666667,67,AV,2,0,1,1,4,0,0,43,1507.5005543882637,0.1,-0.02136666666666667
11.516666666666667,164,AV,1,1,7,8,5,0,0,27,767.6170681366935,0.1,-0.011516666666666668
35.38333333333333,158,AV,1,1,4,7,4,0,0,66,4227.85786318916,1.0,-0.35383333333333333
33.31666666666667,38,AV,1,1,6,6,0,0,0,60,10751.672106064549,0.1,-0.033316666666666675
19.933333333333334,151,AV,1,1,4,2,7,0,0,42,626.2908344343901,0.1,-0.019933333333333334
