travel_time,id,kind,action,origin,destination,start_time,income,urgency,reward,observation,cost_table
29.4,146,AV,1,0,0,43,2280.385817754286,1.0,-16.930137131812124,"0.12775,0.3279637188208617,0.34965972222222225,1.0,0.43,0.1126715743273096","0,0,0"
31.133333333333333,7,AV,1,0,0,49,546.8646928603165,0.1,-0.42994244371341384,"0.08883333333333333,0.3003946830265848,0.31727564102564104,0.1,0.49,0.027020035561031403","0,0,0"
41.666666666666664,111,AV,1,0,0,82,1661.9571573900298,0.2,-3.4973845904672345,"0.20199999999999999,0.3219550102249489,0.30354761904761907,0.2,0.82,0.08211563496394797","0,0,0"
26.766666666666666,198,AV,1,0,0,42,3465.4556083993225,0.1,-2.3423912908625053,"0.17783333333333332,0.3156614255765199,0.3784126984126984,0.1,0.42,0.17122468317412964","0,0,0"
42.43333333333333,288,AV,2,0,0,77,11185.875164713363,0.6,-71.917268104445,"0.20066666666666666,0.3207351738241309,0.3083866666666667,0.6,0.77,0.5526828641120808","0,0,0"
47.31666666666667,61,AV,1,0,0,93,1022.032321197676,0.3,-3.663572929141669,"0.20744444444444443,0.3427465483234714,0.3638148148148148,0.3,0.93,0.05049759112961852","0,0,0"
39.21666666666667,108,AV,1,0,0,71,1645.9523587482854,0.2,-3.2600386364770335,"0.21075000000000002,0.27229028697571744,0.331904761904762,0.2,0.71,0.0813248539278105","0,0,0"
25.283333333333335,47,AV,1,0,0,35,912.6272274022258,0.1,-0.5826832929163203,"0.10816666666666669,0.3287450980392157,0.3485098039215686,0.1,0.35,0.04509199526010037","0,0,0"
21.216666666666665,231,AV,1,0,0,23,4639.089550420253,0.8,-19.884043763249096,"0.14266666666666666,0.32717171717171717,0.3388913043478261,0.8,0.23,0.22921275821911885","0,0,0"
15.783333333333333,213,AV,1,0,0,11,3898.759045987068,0.1,-1.5539245860899635,"0.1185,0.2769889624724062,0.3327916666666667,0.1,0.11,0.19263377109878843","0,0,0"
30.933333333333334,255,AV,2,0,0,34,5702.616109653807,0.3,-13.363706438784678,"0.1682777777777778,0.27886353467561514,0.29385507246376813,0.3,0.34,0.28176053800041856","0,0,0"
44.56666666666667,267,AV,1,0,0,88,6783.106781750961,0.4,-30.535399889565774,"0.1185,0.286510101010101,0.32805,0.4,0.88,0.33514649757064985","0,0,0"
18.316666666666666,221,AV,1,0,0,17,4164.701887555128,0.4,-7.705399620240885,"0.26075,0.37222657952069726,0.3718666666666666,0.4,0.17,0.20577373996162773","0,0,0"
23.85,112,AV,1,0,0,32,1682.490559712908,0.5,-5.066590890044552,"0.18391666666666664,0.3324679487179487,0.35553124999999997,0.5,0.32,0.08313016976240285","0,0,0"
46.6,72,AV,1,0,0,87,1239.4416864014672,0.1,-1.4585349137956658,"0.14966666666666667,0.29301259689922476,0.36043137254901964,0.1,0.87,0.0612395696405775","0,0,0"
25.216666666666665,45,AV,1,0,0,34,898.3728471886773,0.5,-2.8603495744875183,"0.0,0.3342314814814815,0.35971739130434793,0.5,0.34,0.044387700641524724","0,0,0"
31.966666666666665,280,AV,1,0,0,50,8348.421721831439,0.2,-13.478344160330556,"0.24358333333333335,0.31875471698113206,0.33554385964912276,0.2,0.5,0.41248713758156286","0,0,0"
19.916666666666668,74,AV,1,0,0,17,1260.6549751070208,0.1,-0.6340415384060984,"0.0,0.3279235294117647,0.3462416666666666,0.1,0.17,0.0622876969427672","0,0,0"
15.066666666666666,212,AV,1,0,0,6,3822.7735841463273,0.9,-13.09010348510712,"0.20991666666666667,0.3114200913242009,0.31183333333333335,0.9,0.06,0.1888794056993337","0,0,0"
21.616666666666667,263,AV,1,0,0,27,6230.691172258436,0.8,-27.20944932801075,"0.0,0.29566867469879515,0.33507638888888885,0.8,0.27,0.3078521967905309","0,0,0"
24.2,283,AV,2,0,0,9,8987.822610831106,0.3,-16.477674786523693,"0.08883333333333333,0.27658630952380947,0.3357416666666667,0.3,0.09,0.4440792937110115","0,0,0"
48.5,279,AV,1,0,0,95,8333.728817076937,0.2,-20.41342664789048,"0.18266666666666664,0.3195979166666666,0.3445833333333333,0.2,0.95,0.4117611759055859","0,0,0"
18.216666666666665,294,AV,1,0,0,16,16390.717038727882,0.1,-7.54000577581211,"0.16899999999999998,0.3007236286919831,0.3706551724137931,0.1,0.16,0.8098488767684134","0,0,0"
17.4,30,AV,1,0,0,16,753.5670156580491,0.2,-0.6622255592146492,"0.18994444444444444,0.33175,0.356179012345679,0.2,0.16,0.03723298985385701","0,0,0"
32.46666666666667,249,AV,2,0,0,40,5370.167679594476,0.3,-13.208442727083384,"0.10099999999999999,0.27647619047619043,0.31150000000000005,0.3,0.4,0.26533459476493776","0,0,0"
47.43333333333333,137,AV,1,0,0,92,2142.030696222753,0.1,-2.565748889499139,"0.09155555555555553,0.28953467561521257,0.33513636363636357,0.1,0.92,0.10583558664582342","0,0,0"
37.88333333333333,51,AV,1,0,0,64,932.1411738504048,0.2,-1.7834653940757321,"0.162,0.3252393162393162,0.35534090909090904,0.2,0.64,0.046056159767061025","0,0,0"
39.53333333333333,210,AV,2,0,0,59,3778.090807703549,0.3,-11.315191156405074,"0.0,0.2451282051282051,0.32317460317460317,0.3,0.59,0.18667167456544997","0,0,0"
18.816666666666666,177,AV,1,0,0,19,2968.817229463249,0.6,-8.464127909252545,"0.09366666666666668,0.28097798742138363,0.32319540229885063,0.6,0.19,0.1466862793696381","0,0,0"
17.133333333333333,37,AV,1,0,0,12,827.3783452591958,0.5,-1.789867295720651,"0.12033333333333333,0.2783076131687243,0.3043703703703704,0.5,0.12,0.040879933561629736","0,0,0"
40.416666666666664,46,AV,1,0,0,79,905.8209551718018,0.1,-0.9245016061833414,"0.2851666666666667,0.36095625,0.35995977011494246,0.1,0.79,0.044755704180963","0,0,0"
43.06666666666667,207,AV,1,0,0,82,3630.005597296026,0.5,-19.738919325363913,"0.07,0.2549645833333333,0.28435087719298247,0.5,0.82,0.17935493295913799","0,0,0"
25.1,76,AV,2,0,0,2,1275.6237969650936,0.3,-2.4256179775624127,"0.17775,0.2901308016877638,0.31633333333333336,0.3,0.02,0.06302729140588091","0,0,0"
38.63333333333333,125,AV,1,0,0,70,1963.0347272178835,1.0,-19.151155293312517,"0.17758333333333332,0.3185233333333332,0.31573118279569895,1.0,0.7,0.09699157548376398","0,0,0"
21.35,21,AV,1,0,0,24,640.5426603936758,0.4,-1.3813723029701999,"0.19366666666666668,0.28742581300813,0.34417499999999995,0.4,0.24,0.03164856990797825","0,0,0"
47.68333333333333,22,AV,1,0,0,94,658.4091024775607,0.4,-3.171226333650339,"0.19843333333333335,0.2867313725490196,0.3264111111111111,0.4,0.94,0.032531332877974904","0,0,0"
11.666666666666666,144,AV,1,0,0,0,2255.9253983027734,0.6,-3.987746916191771,"0.30233333333333334,0.38144086021505363,0.37914393939393937,0.6,0.0,0.11146300955425625","0,0,0"
46.95,79,AV,2,0,0,91,1317.647826688136,0.2,-3.1244224981317172,"0.19333333333333333,0.3299799999999999,0.33823717948717946,0.2,0.91,0.06510365653304864","0,0,0"
34.36666666666667,16,AV,1,0,0,55,614.9217871931492,0.1,-0.533656870872169,"0.20991666666666667,0.30585010482180297,0.3465919540229885,0.1,0.55,0.030382668279986823","0,0,0"
24.066666666666666,66,AV,2,0,0,12,1117.0806745336297,0.4,-2.715596791290508,"0.2404444444444444,0.33282534930139723,0.35907500000000003,0.4,0.12,0.055193834863552414","0,0,0"
17.733333333333334,81,AV,1,0,0,17,1338.7213376931895,0.3,-1.7984842213453962,"0.17683333333333334,0.3043827956989246,0.3588846153846154,0.3,0.17,0.06614487755935793","0,0,0"
39.25,156,AV,1,0,0,70,2476.7673195544394,0.1,-2.4548766993058524,"0.161,0.3011601731601732,0.35734803921568636,0.1,0.7,0.12237458721412664","0,0,0"
27.783333333333335,282,AV,1,0,0,38,8981.750106371177,0.5,-31.50794913156724,"0.16783333333333336,0.339775406504065,0.32074305555555555,0.5,0.38,0.4437792573608979","0,0,0"
29.133333333333333,254,AV,1,0,0,41,5670.319740923212,0.2,-8.34319773327759,"0.1775,0.3414025974025974,0.3570806451612903,0.2,0.41,0.28016480683878775","0,0,0"
26.816666666666666,154,AV,1,0,0,38,2421.832203454489,0.1,-1.6400370435009564,"0.1605,0.29127777777777775,0.34248000000000006,0.1,0.38,0.119660298268526","0,0,0"
22.55,53,AV,1,0,0,23,946.1123250925148,0.4,-2.155033629377395,"0.23070833333333332,0.3570414078674948,0.37659333333333334,0.4,0.23,0.04674646032644781","0,0,0"
47.733333333333334,234,AV,1,0,0,96,4679.48341028673,0.1,-5.640589430581311,"0.21808333333333332,0.3265355029585799,0.3565350877192983,0.1,0.96,0.23120857828995","0,0,0"
21.833333333333332,262,AV,1,0,0,25,6081.635477498837,0.3,-10.05927080242863,"0.0,0.3488765432098766,0.3491666666666666,0.3,0.25,0.3004875045265025","0,0,0"
27.833333333333332,233,AV,2,0,0,19,4669.869929992837,0.2,-6.564547797212152,"0.21833333333333332,0.3428865461847389,0.3651231884057971,0.2,0.19,0.23073358587812023","0,0,0"
16.033333333333335,298,AV,1,0,0,11,19040.472291926453,0.4,-30.836589806116585,"0.18358333333333335,0.32345749440715876,0.33483760683760677,0.4,0.11,0.9407706241479663","0,0,0"
25.233333333333334,142,AV,1,0,0,31,2241.037238818388,0.5,-7.140005007514813,"0.16899999999999998,0.3228949494949495,0.32319444444444445,0.5,0.31,0.11072740053806189","0,0,0"
25.033333333333335,236,AV,1,0,0,34,4747.153558918807,0.1,-3.000936298609448,"0.14416666666666667,0.3168707070707071,0.3423859649122807,0.1,0.34,0.23455209241022626","0,0,0"
37.95,58,AV,1,0,0,65,979.573716991658,0.5,-4.693790727251695,"0.19144444444444442,0.3034343434343434,0.3603333333333334,0.5,0.65,0.048399754113449336","0,0,0"
29.366666666666667,278,AV,1,0,0,43,8134.997760071039,0.2,-12.06554381586294,"0.2668333333333333,0.31985511982570797,0.32866203703703706,0.2,0.43,0.40194207385440944","0,0,0"
19.966666666666665,41,AV,1,0,0,18,850.3216016091212,0.8,-3.4299167633930208,"0.161,0.2995646258503401,0.3144057971014493,0.8,0.18,0.04201353682867991","0,0,0"
36.61666666666667,277,AV,1,0,0,63,8029.700924090037,0.2,-14.849539503557084,"0.12888888888888891,0.26173493975903617,0.3273730158730158,0.2,0.63,0.39673946287985623","0,0,0"
31.75,272,AV,1,0,0,54,7362.36439851089,0.2,-11.805811598622261,"0.16216666666666665,0.3705096153846154,0.3929193548387097,0.2,0.54,0.36376703498729634","0,0,0"
33.35,12,AV,2,0,0,51,591.6693204447811,0.3,-1.494861502790413,"0.10941666666666666,0.30787301587301585,0.33596666666666664,0.3,0.51,0.02923378723751827","0,0,0"
24.683333333333334,64,AV,1,0,0,29,1089.3140785512585,0.1,-0.6789874370094333,"0.08416666666666667,0.28443333333333326,0.36439215686274506,0.1,0.29,0.05382191522667051","0,0,0"
22.783333333333335,34,AV,1,0,0,28,779.2240782816187,0.2,-0.8966324200429067,"0.13483333333333333,0.33231865828092244,0.35652298850574715,0.2,0.28,0.038500679564916006","0,0,0"
27.05,291,AV,1,0,0,34,13430.196447392702,0.1,-9.173909441969005,"0.0,0.3103691206543967,0.2971916666666667,0.1,0.34,0.6635725259609666","0,0,0"
47.083333333333336,165,AV,1,0,0,92,2756.9260540590044,0.3,-9.83373245292511,"0.19399999999999998,0.2996939203354297,0.3201083333333334,0.3,0.92,0.1362169490778143","0,0,0"
46.28333333333333,116,AV,2,0,0,90,1778.835052690156,0.3,-6.237152703687579,"0.0,0.3281067073170732,0.378647435897436,0.3,0.9,0.08789045445501824","0,0,0"
15.166666666666666,151,AV,1,0,0,5,2382.718205806423,0.2,-1.8251461004072769,"0.2851666666666667,0.2924026915113871,0.31333333333333335,0.2,0.05,0.1177277149052501","0,0,0"
16.0,153,AV,1,0,0,13,2403.836358207942,0.4,-3.8849880536694013,"0.1015,0.28639845474613684,0.3087931034482758,0.4,0.13,0.11877114161815011","0,0,0"
44.55,106,AV,1,0,0,86,1626.914224999384,0.1,-1.8302785031243067,"0.0,0.29727136752136746,0.3064545454545454,0.1,0.86,0.0803841988487261","0,0,0"
37.8,261,AV,1,0,0,64,6031.594525491932,1.0,-57.5743113796957,"0.0,0.302439393939394,0.33563333333333334,1.0,0.64,0.2980150313162421","0,0,0"
49.266666666666666,230,AV,1,0,0,98,4630.913868273173,0.1,-5.761355805814604,"0.235,0.30506969696969694,0.3416742424242424,0.1,0.98,0.2288088059705391","0,0,0"
43.63333333333333,281,AV,2,0,0,89,8436.938288223368,0.2,-18.59251215367742,"0.2182,0.3434999999999999,0.35933928571428575,0.2,0.89,0.4168606522788469","0,0,0"
28.116666666666667,14,AV,1,0,0,44,597.1498506777683,0.1,-0.42398644700900473,"0.11916666666666666,0.2609387755102041,0.30816,0.1,0.44,0.029504574735270385","0,0,0"
47.56666666666667,105,AV,1,0,0,98,1614.9493849180149,0.6,-11.63905440544448,"0.14966666666666667,0.28195270270270273,0.3087530864197531,0.6,0.98,0.0797930281099649","0,0,0"
10.883333333333333,113,AV,1,0,0,0,1697.366940102563,0.3,-1.3994704695542595,"0.18416666666666667,0.2553987730061349,0.30898,0.3,0.0,0.08386519678534977","0,0,0"
44.833333333333336,273,AV,1,0,0,87,7572.106998522375,0.5,-42.86398953288129,"0.0525,0.28472075055187634,0.3122727272727272,0.5,0.87,0.37413020632558763","0,0,0"
43.21666666666667,246,AV,2,0,0,86,5064.807770076448,0.2,-11.054752986370564,"0.19333333333333333,0.2997709611451943,0.35603999999999997,0.2,0.86,0.25024706813941117","0,0,0"
21.783333333333335,130,AV,1,0,0,22,2022.4315636845977,0.3,-3.337522795120921,"0.0,0.3628312101910829,0.3422096774193548,0.3,0.22,0.09992631355425287","0,0,0"
24.016666666666666,33,AV,1,0,0,28,779.0639592631991,0.1,-0.47248786418277355,"0.25366666666666665,0.2619670912951168,0.28915625,0.1,0.28,0.0384927682449347","0,0,0"
12.0,269,AV,1,0,0,1,7099.697064525982,0.2,-4.302846705773323,"0.0,0.3032265795206971,0.3340990990990992,0.2,0.01,0.3507889056663633","0,0,0"
16.45,4,AV,1,0,0,14,522.440884226393,1.0,-2.1702405417990316,"0.0525,0.35192546583850925,0.3302142857142858,1.0,0.14,0.02581327969172718","0,0,0"
41.85,227,AV,1,0,0,80,4505.18942297478,0.2,-9.522332189469424,"0.26941666666666664,0.29740674603174605,0.31162280701754386,0.2,0.8,0.22259688732374286","0,0,0"
20.333333333333332,251,AV,1,0,0,23,5394.467136051333,1.0,-27.698863240667617,"0.17277777777777775,0.3440293501048219,0.37513095238095234,1.0,0.23,0.2665352065179911","0,0,0"
34.21666666666667,152,AV,1,0,0,61,2392.7441380289174,0.2,-4.134935787351321,"0.14266666666666666,0.28319620253164557,0.33338461538461545,0.2,0.61,0.1182230861528751","0,0,0"
15.883333333333333,67,AV,1,0,0,8,1141.5133047894662,0.4,-1.8314178105460632,"0.09458333333333332,0.2630662525879917,0.27202,0.4,0.08,0.0564010266003407","0,0,0"
39.88333333333333,24,AV,1,0,0,76,676.2529471816457,0.6,-4.086548743953734,"0.1745,0.3100128205128206,0.32761111111111113,0.6,0.76,0.033412979334117666","0,0,0"
37.733333333333334,215,AV,1,0,0,66,3942.222625638348,0.2,-7.512787899364663,"0.0,0.28727878787878786,0.33763333333333334,0.2,0.66,0.19478126294296802","0,0,0"
40.43333333333333,182,AV,1,0,0,72,3024.224513765153,0.5,-15.439328010088934,"0.21808333333333338,0.31027882599580714,0.3597469135802469,0.5,0.72,0.14942389767216036","0,0,0"
26.616666666666667,270,AV,2,0,0,18,7332.887514065835,0.5,-24.6435634679359,"0.145,0.3212993827160494,0.3521515151515151,0.5,0.18,0.3623106117141683","0,0,0"
36.266666666666666,159,AV,1,0,0,63,2530.9644311939346,0.5,-11.589601435770204,"0.21908333333333332,0.33300101626016265,0.3552708333333333,0.5,0.63,0.12505241210010515","0,0,0"
28.883333333333333,193,AV,1,0,0,44,3278.222126324269,0.2,-4.7821203240067,"0.06883333333333334,0.3306634199134199,0.329247619047619,0.2,0.44,0.16197366475964245","0,0,0"
33.4,48,AV,2,0,0,50,914.1934345695068,0.5,-3.8553106962905965,"0.20233333333333334,0.30106707317073167,0.3109074074074074,0.5,0.5,0.04516937998416169","0,0,0"
31.633333333333333,77,AV,1,0,0,52,1294.2551843223837,0.3,-3.1016367927321764,"0.25366666666666665,0.32202309236947785,0.3309420289855073,0.3,0.52,0.06394784955402583","0,0,0"
35.56666666666667,118,AV,1,0,0,61,1824.367004680513,0.2,-3.277103693592774,"0.21916666666666668,0.33733544303797475,0.37388,0.2,0.61,0.09014014250035135","0,0,0"
32.46666666666667,217,AV,1,0,0,52,4021.28082322038,0.3,-9.890726065193562,"0.14966666666666667,0.33277777777777773,0.36167857142857135,0.3,0.52,0.19868744913115402","0,0,0"
34.4,266,AV,1,0,0,60,6778.2755320215965,0.1,-5.88819894700866,"0.0,0.30725406504065034,0.3103846153846154,0.1,0.6,0.3349077903708691","0,0,0"
46.083333333333336,224,AV,1,0,0,89,4429.527615460413,0.3,-15.464196788823285,"0.0,0.2977932098765432,0.33337681159420285,0.3,0.89,0.2188585133596875","0,0,0"
26.25,237,AV,1,0,0,38,4754.245589533712,0.1,-3.15148855366818,"0.1765,0.28548279569892476,0.32306896551724146,0.1,0.38,0.234902502524312","0,0,0"
27.133333333333333,160,AV,1,0,0,41,2563.744074524839,0.1,-1.7566394584707232,"0.19404166666666664,0.3512682926829268,0.3478712121212121,0.1,0.41,0.12667202137465233","0,0,0"
37.9,222,AV,1,0,0,68,4237.057085974603,0.1,-4.055163221172663,"0.0,0.31145647558386413,0.33921014492753615,0.1,0.68,0.20934873768929974","0,0,0"
17.583333333333332,73,AV,1,0,0,13,1244.4027248274256,0.2,-1.1050882783610554,"0.07,0.29926621923937363,0.31225833333333336,0.2,0.13,0.06148468956958209","0,0,0"
21.616666666666667,285,AV,1,0,0,24,9280.176126726552,0.4,-20.26328019589956,"0.08416666666666667,0.30220152505446624,0.3483492063492063,0.4,0.24,0.4585241874827607","0,0,0"
39.35,284,AV,2,0,0,74,9095.945853089892,0.2,-18.07704390500441,"0.1685,0.32901991614255766,0.3420530303030302,0.2,0.74,0.44942155458275634","0,0,0"
46.833333333333336,247,AV,1,0,0,87,5168.6614957092925,1.0,-61.127688564575394,"0.1413888888888889,0.3386655328798186,0.34872857142857144,1.0,0.87,0.255378376480178","0,0,0"
35.083333333333336,62,AV,1,0,0,52,1025.7249596144625,0.1,-0.9087336026887388,"0.14966666666666667,0.32010927152317875,0.32749462365591403,0.1,0.52,0.050680040687321244","0,0,0"
38.65,131,AV,1,0,0,68,2033.019749384408,0.5,-9.921239054761031,"0.1845,0.3081125,0.32021014492753624,0.5,0.68,0.10044946518183244","0,0,0"
41.166666666666664,15,AV,1,0,0,81,601.3137559373858,0.3,-1.8753093146027058,"0.23466666666666666,0.36487860082304524,0.3651176470588235,0.3,0.81,0.029710309114645228","0,0,0"
43.55,256,AV,1,0,0,82,5844.130995646287,0.1,-6.427068304555449,"0.10166666666666666,0.3096286008230453,0.35240740740740734,0.1,0.82,0.28875264647231946","0,0,0"
47.28333333333333,203,AV,1,0,0,94,3580.4564780460023,0.6,-25.650896535900273,"0.13591666666666666,0.3092080745341615,0.31945138888888885,0.6,0.94,0.17690676071171996","0,0,0"
34.2,209,AV,1,0,0,55,3759.463069718096,0.1,-3.2468090147565376,"0.15194444444444444,0.27560625000000005,0.3517272727272727,0.1,0.55,0.18575129672910448","0,0,0"
41.13333333333333,57,AV,1,0,0,81,961.7772661313056,0.1,-0.9990178000050767,"0.1855,0.32859393939393944,0.341375,0.1,0.81,0.04752044933955402","0,0,0"
47.0,245,AV,1,0,0,93,5009.92015912814,0.1,-5.946117360581378,"0.14966666666666667,0.31799310344827586,0.34329166666666666,0.1,0.93,0.24753512637567007","0,0,0"
42.43333333333333,119,AV,1,0,0,82,1848.7234685638712,0.1,-1.9809974541092659,"0.0,0.2752222222222223,0.3443111111111111,0.1,0.82,0.09134357093312716","0,0,0"
17.233333333333334,289,AV,1,0,0,9,11515.391842589095,0.1,-5.011327931497107,"0.20199999999999999,0.3366618217054264,0.36267857142857146,0.1,0.09,0.5689639524149042","0,0,0"
31.433333333333334,135,AV,1,0,0,51,2108.868816674547,0.3,-5.0218770053638835,"0.0525,0.33349796747967475,0.3530434782608695,0.3,0.51,0.10419709146344741","0,0,0"
27.583333333333332,293,AV,2,0,0,24,14754.343640924068,0.2,-20.55424135162402,"0.23466666666666666,0.3078740079365079,0.3385317460317461,0.2,0.24,0.7289973096860264","0,0,0"
33.7,229,AV,1,0,0,59,4609.601315671212,0.3,-11.768451843796958,"0.19127777777777777,0.3327307692307692,0.36220987654320985,0.3,0.59,0.2277557741388637","0,0,0"
49.083333333333336,101,AV,1,0,0,96,1587.6148581174584,0.2,-3.9356277417137333,"0.1963888888888889,0.3225732484076433,0.3335333333333334,0.2,0.96,0.07844245657766878","0,0,0"
38.35,26,AV,1,0,0,66,720.4688823460104,0.7,-4.884087663277437,"0.0,0.342884105960265,0.36744047619047615,0.7,0.66,0.035597644309025005","0,0,0"
13.783333333333333,253,AV,1,0,0,5,5654.280440205098,0.2,-3.936102629671394,"0.0,0.3343374233128834,0.3533765432098766,0.2,0.05,0.2793723210896882","0,0,0"
31.616666666666667,211,AV,1,0,0,50,3783.636689084741,1.0,-30.208580804687518,"0.12033333333333333,0.3034927983539096,0.32546913580246917,1.0,0.5,0.18694569099783895","0,0,0"
17.583333333333332,96,AV,1,0,0,15,1541.4014724042315,0.3,-2.0532557492253334,"0.11916666666666666,0.3803258064516129,0.3797152777777778,0.3,0.15,0.07615909957607497","0,0,0"
44.583333333333336,158,AV,1,0,0,87,2528.765907819195,0.3,-8.540970711384276,"0.16875,0.35643775100401603,0.3853560606060606,0.3,0.87,0.12494378526691811","0,0,0"
35.61666666666667,192,AV,1,0,0,61,3274.575105225111,0.2,-5.890376262513522,"0.0525,0.3004426751592357,0.31084666666666666,0.2,0.61,0.16179346910781556","0,0,0"
30.8,19,AV,1,0,0,48,617.4453946714843,0.4,-1.9209412278668403,"0.06733333333333333,0.3279825708061002,0.31296875,0.4,0.48,0.03050735719243069","0,0,0"
32.46666666666667,242,AV,1,0,0,56,4968.170350229253,1.0,-40.732305733361045,"0.15200000000000002,0.3194852941176471,0.3396794871794872,1.0,0.56,0.24547231022417584","0,0,0"
26.366666666666667,2,AV,2,0,0,20,506.5869000089976,0.1,-0.337298180056496,"0.11916666666666666,0.35845781893004114,0.3485987654320988,0.1,0.2,0.025029950244917432","0,0,0"
17.6,8,AV,1,0,0,17,548.7192496267361,0.2,-0.48775044411265434,"0.0,0.3558805394990366,0.34973529411764703,0.2,0.17,0.02711166734935643","0,0,0"
25.966666666666665,290,AV,1,0,0,39,12197.400506638176,0.5,-39.99063549945765,"0.0,0.3566505050505051,0.3881866666666667,0.5,0.39,0.6026613159421645","0,0,0"
33.45,190,AV,1,0,0,59,3252.767976975094,0.1,-2.747603253278205,"0.19716666666666668,0.30102083333333324,0.32745679012345674,0.1,0.59,0.1607160007897979","0,0,0"
38.6,248,AV,1,0,0,68,5341.061461458292,0.7,-36.44330320419269,"0.24416666666666664,0.35347188755020076,0.35337878787878785,0.7,0.68,0.26389648574207625","0,0,0"
43.95,275,AV,1,0,0,86,7958.958807233507,1.0,-88.33238373179613,"0.11766666666666666,0.29692403628117914,0.3203101851851852,1.0,0.86,0.3932441658930853","0,0,0"
28.9,200,AV,1,0,0,46,3520.054626539052,0.7,-17.982501286587127,"0.1465,0.3325186274509804,0.3269901960784313,0.7,0.46,0.17392236585687273","0,0,0"
15.266666666666667,220,AV,1,0,0,11,4090.160813256426,0.3,-4.730539526443039,"0.23633333333333334,0.32870679012345677,0.3407716049382716,0.3,0.11,0.20209074030082702","0,0,0"
20.7,149,AV,1,0,0,20,2314.8193170712048,0.6,-7.260115130814232,"0.22894444444444445,0.35806543967280163,0.4061041666666667,0.6,0.2,0.11437289896607457","0,0,0"
40.516666666666666,225,AV,1,0,0,78,4459.768546990965,0.2,-9.126007860046327,"0.17752777777777776,0.33588995726495724,0.35790740740740745,0.2,0.78,0.22035268743240086","0,0,0"
32.63333333333333,98,AV,2,0,0,43,1564.4426034616197,0.1,-1.2892165898896681,"0.1855,0.3029097664543524,0.33761363636363634,0.1,0.43,0.07729753873417955","0,0,0"
15.116666666666667,168,AV,1,0,0,7,2813.5576138103806,0.2,-2.1480612421936156,"0.14966666666666667,0.29029359823399553,0.3454107142857143,0.2,0.07,0.1390150576014335","0,0,0"
21.316666666666666,36,AV,1,0,0,24,813.126641713825,0.1,-0.43770579745453797,"0.16116666666666668,0.29320251937984493,0.31943749999999993,0.1,0.24,0.040175771194542055","0,0,0"
15.15,206,AV,1,0,0,7,3623.60917519969,0.2,-2.772610050720975,"0.15122222222222223,0.30259135802469134,0.30972058823529414,0.2,0.07,0.17903889216374055","0,0,0"
40.016666666666666,195,AV,1,0,0,77,3368.9508766880413,0.1,-3.4043985921414084,"0.17666666666666667,0.30294557823129253,0.3437628205128205,0.1,0.77,0.16645648124650464","0,0,0"
32.43333333333333,134,AV,1,0,0,58,2078.9202215407213,0.2,-3.4053693191231007,"0.20133333333333336,0.29969427402862986,0.34707407407407403,0.2,0.58,0.10271736143866485","0,0,0"
24.116666666666667,258,AV,1,0,0,34,5912.288420941998,0.2,-7.2012469234874334,"0.20199999999999999,0.324003164556962,0.37013333333333326,0.2,0.34,0.2921202364434439","0,0,0"
26.666666666666668,91,AV,1,0,0,41,1485.5718097438446,0.1,-1.0003850570665622,"0.2297222222222222,0.28506751054852325,0.31250574712643675,0.1,0.41,0.07340061198282061","0,0,0"
51.5,219,AV,1,0,0,98,4061.843573313689,0.2,-10.564896162911868,"0.21933333333333332,0.3119393004115226,0.3335,0.2,0.98,0.20069161389857007","0,0,0"
40.666666666666664,186,AV,1,0,0,78,3151.1733449572957,0.5,-16.180267175285778,"0.0,0.3194182389937107,0.33289784946236556,0.5,0.78,0.1556963119969945","0,0,0"
32.46666666666667,44,AV,1,0,0,53,870.7377108213431,0.1,-0.7138876518013368,"0.19233333333333336,0.2990854978354978,0.32678333333333326,0.1,0.53,0.04302227629226974","0,0,0"
21.833333333333332,175,AV,1,0,0,25,2964.6777926145683,0.3,-4.903696853945813,"0.15966666666666668,0.3385525252525252,0.3714057971014493,0.3,0.25,0.14648175394988758","0,0,0"
35.96666666666667,40,AV,1,0,0,62,849.0657401736111,0.1,-0.7711632438108809,"0.1685,0.3404585921325052,0.3408571428571429,0.1,0.62,0.04195148597571712","0,0,0"
40.86666666666667,54,AV,2,0,0,81,946.2003450753726,0.1,-0.9764660126787937,"0.16788888888888887,0.3003574423480084,0.32451282051282054,0.1,0.81,0.04675080930545112","0,0,0"
19.033333333333335,292,AV,1,0,0,17,14505.369879802229,0.4,-27.887428287431224,"0.26716666666666666,0.34017258382643006,0.35885,0.4,0.17,0.7166957660553899","0,0,0"
26.516666666666666,265,AV,2,0,0,8,6709.13861087917,0.6,-26.955150328052426,"0.20866666666666667,0.30881987577639747,0.34134375,0.6,0.08,0.3314918044931234","0,0,0"
45.083333333333336,89,AV,2,0,0,100,1467.6871321740252,0.1,-1.6709148537587282,"0.23633333333333334,0.36920370370370365,0.3755277777777778,0.1,1.0,0.07251694801576773","0,0,0"
13.95,189,AV,1,0,0,6,3245.380745418587,1.0,-11.432591262270023,"0.17883333333333332,0.3199635416666667,0.3502777777777778,1.0,0.06,0.16035100509349434","0,0,0"
24.583333333333332,179,AV,1,0,0,33,2996.640782499388,0.8,-14.882306916453189,"0.0,0.30954949494949496,0.33349333333333336,0.8,0.33,0.14806101319737625","0,0,0"
13.816666666666666,75,AV,1,0,0,3,1265.4739572733297,0.6,-2.6491866428777526,"0.12683333333333333,0.34752351738241294,0.3719466666666667,0.6,0.03,0.06252579801457091","0,0,0"
35.766666666666666,139,AV,1,0,0,61,2187.907521251699,0.3,-5.928345379553215,"0.26716666666666666,0.30705372807017545,0.32450462962962967,0.3,0.61,0.10810231452182832","0,0,0"
47.56666666666667,70,AV,1,0,0,93,1167.011530479414,0.1,-1.4017891026886564,"0.218,0.2736008230452675,0.331724358974359,0.1,0.93,0.05766086833794136","0,0,0"
25.45,136,AV,1,0,0,37,2123.4400354784907,0.2,-2.729371156713515,"0.0,0.35200322580645166,0.3423076923076923,0.2,0.37,0.10491704075874904","0,0,0"
13.266666666666667,140,AV,1,0,0,5,2218.0502812558643,0.5,-3.7154209256727024,"0.19627777777777777,0.2808672839506173,0.32026000000000004,0.5,0.05,0.10959163803796217","0,0,0"
28.166666666666668,174,AV,1,0,0,44,2949.689674384749,0.4,-8.392214730151897,"0.16899999999999998,0.31166765285996056,0.3442017543859649,0.4,0.44,0.14574120607241453","0,0,0"
45.766666666666666,90,AV,2,0,0,92,1475.2077210572677,0.1,-1.7049328291343675,"0.0,0.33267484662576685,0.34264197530864193,0.1,0.92,0.07288853276372843","0,0,0"
28.733333333333334,208,AV,1,0,0,45,3758.845856207275,0.3,-8.18213416174412,"0.11844444444444444,0.27349999999999997,0.3095714285714285,0.3,0.45,0.18572080082906037","0,0,0"
41.71666666666667,180,AV,2,0,0,91,3001.8426729260827,0.8,-25.29835761055214,"0.14611111111111108,0.30461490683229814,0.32931410256410254,0.8,0.91,0.14831803338198302","0,0,0"
38.05,169,AV,1,0,0,68,2850.5966631146844,0.1,-2.739020278573579,"0.16625,0.3163842887473461,0.33373188405797094,0.1,0.68,0.14084511984976505","0,0,0"
29.666666666666668,132,AV,2,0,0,32,2035.9911412414244,0.2,-3.0505591173482625,"0.08566666666666667,0.2853122362869198,0.3353494623655914,0.2,0.32,0.10059627867096521","0,0,0"
46.65,104,AV,1,0,0,92,1597.8734280578535,0.3,-5.647029955977186,"0.14,0.2970021645021646,0.32006770833333337,0.3,0.92,0.07894932222142612","0,0,0"
34.833333333333336,121,AV,1,0,0,60,1885.557658153182,0.1,-1.6585923844865955,"0.20266666666666666,0.3515102249488753,0.3632066666666667,0.1,0.6,0.09316351126856799","0,0,0"
41.86666666666667,171,AV,1,0,0,82,2909.5116230827134,0.2,-6.152098650828095,"0.17725000000000002,0.34224261603375533,0.37486206896551727,0.2,0.82,0.14375604888613547","0,0,0"
32.78333333333333,59,AV,1,0,0,58,985.8695826897422,0.3,-2.448491753978185,"0.09088888888888888,0.3249140786749482,0.3557820512820514,0.3,0.58,0.04871082651814225","0,0,0"
29.466666666666665,1,AV,1,0,0,45,491.8679742725259,0.2,-0.7320055374695504,"0.0,0.2943793859649123,0.3292976190476191,0.2,0.45,0.024302702898339818","0,0,0"
28.1,148,AV,1,0,0,43,2302.618320259251,0.2,-3.2678573130952,"0.20200000000000004,0.28347959183673466,0.303483870967742,0.2,0.43,0.11377005996029654","0,0,0"
41.416666666666664,276,AV,1,0,0,78,8028.27043643778,0.4,-33.586282886444245,"0.16125,0.3403916155419222,0.3643333333333333,0.4,0.78,0.39666878392080435","0,0,0"
34.983333333333334,78,AV,1,0,0,61,1310.9401185904849,0.5,-5.790537266248796,"0.20083333333333336,0.30371802325581393,0.36493749999999997,0.5,0.61,0.06477223540877823","0,0,0"
48.333333333333336,183,AV,2,0,0,89,3065.2253709468137,0.1,-3.7412262524182496,"0.20958333333333334,0.286748427672956,0.3392685185185185,0.1,0.89,0.15144970887106365","0,0,0"
31.966666666666665,271,AV,2,0,0,44,7336.658338656486,0.5,-29.61218580291065,"0.16899999999999998,0.324671875,0.35698275862068973,0.5,0.44,0.3624969243722426","0,0,0"
22.25,260,AV,1,0,0,29,5985.732437913218,0.3,-10.08958687451281,"0.16899999999999998,0.273520202020202,0.3139097222222222,0.3,0.29,0.2957490316028605","0,0,0"
18.683333333333334,56,AV,1,0,0,16,959.5289757906356,0.8,-3.6216565045835103,"0.12033333333333333,0.3408416666666666,0.3764597701149426,0.8,0.16,0.04740936357053375","0,0,0"
49.11666666666667,161,AV,1,0,0,100,2612.3907844155665,0.1,-3.240200185889173,"0.1855,0.3078846153846154,0.3458,0.1,1.0,0.12907560648141725","0,0,0"
27.8,239,AV,1,0,0,43,4925.450001742355,0.1,-3.4577654052635727,"0.0,0.26940849673202616,0.3139487179487179,0.1,0.43,0.24336154068581314","0,0,0"
20.316666666666666,199,AV,1,0,0,22,3487.44186130441,0.2,-3.5784441320960236,"0.2838333333333333,0.36907418699186983,0.3748866666666666,0.2,0.22,0.17231100186155868","0,0,0"
29.5,150,AV,1,0,0,46,2318.1098695731453,0.2,-3.453749553151909,"0.14983333333333332,0.34637579617834385,0.3822864583333334,0.2,0.46,0.11453548186231685","0,0,0"
31.4,100,AV,1,0,0,50,1573.7150367511856,0.5,-6.2392237568165685,"0.11925000000000001,0.28550333333333333,0.3327045454545454,0.5,0.5,0.07775568035585004","0,0,0"
46.6,216,AV,1,0,0,92,3958.913906791885,0.4,-18.634887682474933,"0.18455555555555553,0.3164693251533742,0.33881944444444434,0.4,0.92,0.19560596239095915","0,0,0"
33.15,164,AV,1,0,0,58,2744.8905386527767,0.5,-11.489030474285293,"0.23466666666666666,0.3617283549783549,0.3564318181818182,0.5,0.58,0.1356222863421919","0,0,0"
34.68333333333333,86,AV,1,0,0,60,1405.7852601227096,0.8,-9.8499633882672,"0.19688888888888886,0.31247435897435893,0.3252666666666666,0.8,0.6,0.0694584386514629","0,0,0"
38.4,63,AV,2,0,0,67,1052.4070316009115,1.0,-10.205159094311869,"0.10255555555555555,0.2612264367816092,0.29970833333333335,1.0,0.67,0.05199837508215116","0,0,0"
29.516666666666666,170,AV,1,0,0,47,2891.134206742707,0.1,-2.1549657744702584,"0.2838333333333333,0.34864723926380364,0.3670133333333333,0.1,0.47,0.14284803919103217","0,0,0"
44.53333333333333,95,AV,1,0,0,84,1526.0895405694364,1.0,-17.162084395629353,"0.08883333333333333,0.3309945887445888,0.3084310344827586,1.0,0.84,0.07540255239340664","0,0,0"
22.966666666666665,87,AV,1,0,0,28,1421.705549214182,0.4,-3.298165398682058,"0.1851111111111111,0.29815040650406505,0.32765151515151514,0.4,0.28,0.07024504415554754","0,0,0"
34.43333333333333,257,AV,1,0,0,61,5882.279762541917,0.2,-10.229621203208419,"0.0,0.2864070707070707,0.31311333333333335,0.2,0.61,0.29063753875296394","0,0,0"
24.733333333333334,127,AV,1,0,0,34,1997.7276787447236,0.1,-1.2477390047378663,"0.0,0.32497206165703274,0.3286176470588235,0.1,0.34,0.09870571939579707","0,0,0"
12.566666666666666,197,AV,1,0,0,4,3393.6426315430986,0.1,-1.0769387812220101,"0.0,0.32820934959349585,0.3349166666666667,0.1,0.04,0.16767647606964517","0,0,0"
48.483333333333334,184,AV,1,0,0,98,3101.095365071405,0.3,-11.390260627516057,"0.2358333333333333,0.335171875,0.34462666666666664,0.3,0.98,0.15322200927639995","0,0,0"
44.333333333333336,196,AV,1,0,0,83,3387.2787239910285,1.0,-37.921554738283405,"0.2366666666666667,0.339089430894309,0.3543866666666667,1.0,0.83,0.16736204178524355","0,0,0"
40.8,20,AV,1,0,0,76,626.2908344343901,0.1,-0.6452693445687656,"0.16836666666666666,0.2847845010615711,0.3266428571428571,0.1,0.76,0.030944401492541913","0,0,0"
49.95,39,AV,1,0,0,100,835.7777612710734,0.2,-2.1084393522974807,"0.18416666666666667,0.34997807017543864,0.3632931034482759,0.2,1.0,0.04129494027589717","0,0,0"
30.35,84,AV,1,0,0,48,1365.417472605012,0.5,-5.232376299692187,"0.1788888888888889,0.3098592132505176,0.309576923076923,0.5,0.48,0.06746390678921493","0,0,0"
41.53333333333333,27,AV,1,0,0,82,727.2326469992182,0.3,-2.2882118135379437,"0.17783333333333332,0.34586936936936935,0.3641166666666667,0.3,0.82,0.03593183513143892","0,0,0"
43.96666666666667,94,AV,1,0,0,85,1509.578116022191,0.6,-10.056229974915503,"0.0,0.34311185682326617,0.36743333333333333,0.6,0.85,0.07458673947980204","0,0,0"
46.766666666666666,68,AV,1,0,0,90,1148.2139867956057,0.5,-6.780068280615466,"0.17544444444444443,0.30220919540229885,0.3287103174603175,0.5,0.9,0.05673210057248192","0,0,0"
14.816666666666666,166,AV,1,0,0,8,2761.3662775036096,0.2,-2.0663759433507654,"0.10677777777777778,0.2855136268343816,0.31629761904761905,0.2,0.08,0.13643633606135613","0,0,0"
29.466666666666665,23,AV,2,0,0,33,670.158540600369,0.8,-3.9893612787254287,"0.15108333333333332,0.31230817610062883,0.36539473684210527,0.8,0.33,0.033111860822172434","0,0,0"
45.9,250,AV,2,0,0,75,5386.149373461946,0.5,-31.215183868927188,"0.0,0.30836075949367087,0.3546510416666667,0.5,0.75,0.2661242342173697","0,0,0"
32.88333333333333,274,AV,1,0,0,53,7592.14370769901,0.3,-18.91325698900271,"0.0,0.34323842592592585,0.33048924731182794,0.3,0.53,0.37512020001424035","0,0,0"
12.233333333333333,243,AV,1,0,0,2,4999.976398121604,0.2,-3.0892110069202503,"0.21858333333333335,0.36098464912280703,0.35084313725490196,0.2,0.02,0.24704381512534654","0,0,0"
19.666666666666668,99,AV,1,0,0,19,1567.0706205360798,0.3,-2.334776934637089,"0.2668333333333333,0.3487158634538152,0.38729710144927537,0.3,0.19,0.07742738641996724","0,0,0"
46.35,172,AV,1,0,0,86,2909.8477340427667,0.1,-3.4058445068909657,"0.0,0.32615674603174605,0.3538106060606061,0.1,0.86,0.1437726557913017","0,0,0"
18.95,42,AV,1,0,0,21,854.5785374972068,0.1,-0.40894604256495126,"0.26075000000000004,0.31004554865424433,0.3456851851851852,0.1,0.21,0.04222386775802824","0,0,0"
28.333333333333332,129,AV,1,0,0,36,2015.5588757501516,0.1,-1.4421086232219098,"0.16075,0.3043950980392157,0.3588921568627451,0.1,0.36,0.09958674094184428","0,0,0"
39.8,25,AV,1,0,0,74,679.8949342204361,0.3,-2.0499862410585874,"0.2838333333333333,0.31687835249042146,0.3690444444444445,0.3,0.74,0.033592926258074716","0,0,0"
48.5,10,AV,1,0,0,95,583.3206434887895,0.4,-2.8576819403238676,"0.0,0.30439197530864204,0.34775925925925927,0.4,0.95,0.028821287489073047","0,0,0"
16.383333333333333,9,AV,1,0,0,14,572.7967315704935,0.3,-0.7109333170881251,"0.07,0.29158686868686867,0.31189583333333337,0.3,0.14,0.02830131156452355","0,0,0"
35.983333333333334,244,AV,1,0,0,62,5004.1281918097375,0.1,-4.54710133254092,"0.15316666666666667,0.3177521097046413,0.3834111111111111,0.1,0.62,0.2472489510841313","0,0,0"
14.0,117,AV,1,0,0,7,1823.811293294481,0.1,-0.6447817703566348,"0.25366666666666665,0.31528045977011504,0.34922435897435905,0.1,0.07,0.09011268535856054","0,0,0"
21.783333333333335,110,AV,1,0,0,25,1653.1781197118603,0.3,-2.7281613667467193,"0.15761111111111112,0.3040381263616558,0.352764705882353,0.3,0.25,0.08168187152419273","0,0,0"
29.816666666666666,60,AV,1,0,0,46,1020.7360413649084,0.1,-0.7685592500007665,"0.2233888888888889,0.3051021825396826,0.29776315789473684,0.1,0.46,0.05043354324421705","0,0,0"
36.96666666666667,11,AV,1,0,0,63,586.8516376274475,0.2,-1.0956539833818844,"0.19033333333333335,0.3051705426356589,0.3356888888888889,0.2,0.63,0.028995750365243225","0,0,0"
31.416666666666668,218,AV,1,0,0,46,4034.238052294327,0.2,-6.40112687590472,"0.2016666666666667,0.29194887525562374,0.33321999999999996,0.2,0.46,0.1993276528139321","0,0,0"
37.016666666666666,80,AV,2,0,0,58,1323.5149786113286,0.1,-1.2371745654443438,"0.10172222222222223,0.29635483870967744,0.35620666666666667,0.1,0.58,0.06539354662044386","0,0,0"
35.733333333333334,141,AV,2,0,0,62,2225.3307045190536,0.1,-2.0080425212495165,"0.11941666666666667,0.28169696969696967,0.3159916666666666,0.1,0.62,0.1099513564437013","0,0,0"
31.7,297,AV,1,0,0,47,18628.94525544202,0.1,-14.912564762563436,"0.1015,0.2958170995670996,0.30616145833333336,0.1,0.47,0.9204374863438488","0,0,0"
31.083333333333332,13,AV,1,0,0,48,595.9176043698985,0.6,-2.806531141792578,"0.0,0.2910754504504504,0.3444404761904762,0.6,0.48,0.029443690682060725","0,0,0"
46.71666666666667,115,AV,1,0,0,89,1717.0377309640771,0.1,-2.0256131144327894,"0.0,0.28016363636363634,0.31686666666666663,0.1,0.89,0.0848371108173414","0,0,0"
32.21666666666667,6,AV,2,0,0,40,541.9839687696077,0.5,-2.204661219763577,"0.16783333333333336,0.32884472049689434,0.3523024691358024,0.5,0.4,0.02677888388271631","0,0,0"
44.78333333333333,122,AV,2,0,0,81,1899.102970895097,0.3,-6.443042528781724,"0.21683333333333332,0.317285009861933,0.32589999999999997,0.3,0.81,0.0938327715750938","0,0,0"
21.316666666666666,194,AV,1,0,0,24,3362.377553451843,0.5,-9.049833524547363,"0.0,0.30162058823529414,0.32260000000000005,0.5,0.24,0.1661316999433504","0,0,0"
39.083333333333336,235,AV,2,0,0,72,4689.4303597647895,0.4,-18.512986857993994,"0.0,0.31955175983436857,0.3723194444444444,0.4,0.72,0.2317000470794511","0,0,0"
12.65,28,AV,1,0,0,4,742.4887258523852,0.2,-0.4743677970723572,"0.14966666666666667,0.3595732931726909,0.35394202898550725,0.2,0.04,0.0366856226743472","0,0,0"
43.833333333333336,32,AV,1,0,0,85,767.6170681366935,0.2,-1.6993542838379663,"0.1435833333333333,0.3222431865828092,0.3374022988505747,0.2,0.85,0.03792718884414417","0,0,0"
43.083333333333336,82,AV,1,0,0,83,1342.087988935639,1.0,-14.601420249994222,"0.22922222222222222,0.3184978768577495,0.35711594202898556,1.0,0.83,0.06631122041798494","0,0,0"
32.06666666666667,18,AV,1,0,0,51,616.3739675020589,0.6,-2.9947058421059634,"0.0,0.30544374999999996,0.30165000000000003,0.6,0.51,0.030454419051430016","0,0,0"
43.166666666666664,299,AV,1,0,0,83,20239.22920549412,0.3,-66.1863682351386,"0.17783333333333332,0.35270697167755993,0.3743466666666667,0.3,0.83,1.0","0,0,0"
40.65,85,AV,1,0,0,80,1391.0507319816634,0.2,-2.8558693058108386,"0.16949999999999998,0.29272035794183443,0.3211161616161615,0.2,0.8,0.06873042040573611","0,0,0"
43.78333333333333,102,AV,2,0,0,77,1588.8002265047048,0.1,-1.756640654473005,"0.11758333333333333,0.29083763440860216,0.29570138888888886,0.1,0.77,0.07850102443987396","0,0,0"
25.533333333333335,5,AV,1,0,0,33,539.5213747330826,0.1,-0.347873209634294,"0.0,0.26091666666666663,0.2795677083333334,0.1,0.33,0.026657209583190285","0,0,0"
50.016666666666666,204,AV,1,0,0,98,3583.4963710051925,0.8,-36.20899868480331,"0.0,0.30309595959595964,0.34086,0.8,0.98,0.17705695877155342","0,0,0"
38.266666666666666,157,AV,1,0,0,64,2486.38103050259,0.4,-9.610657989956138,"0.0,0.2941269841269841,0.3115530303030303,0.4,0.64,0.12284959102235175","0,0,0"
49.93333333333333,71,AV,1,0,0,96,1174.3503864217532,0.1,-1.4807886185688437,"0.21033333333333332,0.2968548387096774,0.3528133333333333,0.1,0.96,0.05802347384370573","0,0,0"
36.63333333333333,138,AV,1,0,0,62,2187.718469250836,1.0,-20.238237354433235,"0.0,0.33213683127572025,0.3284930555555555,1.0,0.62,0.10809297365222585","0,0,0"
12.283333333333333,29,AV,1,0,0,3,742.6585956180782,0.2,-0.4607233880223263,"0.10266666666666667,0.3340854430379746,0.36909139784946243,0.2,0.03,0.03669401576896401","0,0,0"
12.566666666666666,295,AV,1,0,0,1,17322.90883950548,0.1,-5.497253057654517,"0.11925000000000001,0.29565050505050505,0.33612280701754393,0.1,0.01,0.8559075379611304","0,0,0"
24.05,286,AV,1,0,0,31,10450.70686878338,0.6,-38.08174245367277,"0.144,0.3194212121212121,0.3315942028985507,0.6,0.31,0.5163589365323479","0,0,0"
34.6,55,AV,2,0,0,52,950.4213588862824,0.2,-1.660837324114413,"0.2838333333333333,0.3267910958904109,0.3480432098765432,0.2,0.52,0.04695936536102284","0,0,0"
51.166666666666664,31,AV,1,0,0,100,763.1985099142711,0.3,-2.958357860400015,"0.18266666666666664,0.3154161073825504,0.32665,0.3,1.0,0.03770887231748401","0,0,0"
40.55,49,AV,1,0,0,73,921.9548251796884,0.8,-7.5525794264719925,"0.14966666666666667,0.30738229166666664,0.31234210526315787,0.8,0.73,0.04555286250374671","0,0,0"
36.166666666666664,109,AV,2,0,0,60,1649.648602545546,0.4,-6.0264940530704285,"0.23005555555555557,0.32833539094650205,0.3736944444444444,0.4,0.6,0.08150748162374356","0,0,0"
27.816666666666666,120,AV,1,0,0,41,1862.7228332236152,0.5,-6.542265169718464,"0.16033333333333336,0.32176236559139787,0.33603030303030307,0.5,0.41,0.09203526548916015","0,0,0"
30.7,69,AV,2,0,0,36,1148.9174546898266,0.3,-2.672103474164975,"0.21805555555555556,0.31501013513513515,0.329047619047619,0.3,0.36,0.05676685821503235","0,0,0"
26.15,181,AV,1,0,0,31,3022.892107624705,0.2,-3.9923549805245475,"0.18483333333333335,0.3057358276643991,0.35767171717171714,0.2,0.31,0.14935806482215805","0,0,0"
44.083333333333336,52,AV,1,0,0,84,938.3100494872764,0.5,-5.222706399187387,"0.10266666666666667,0.32778556910569107,0.36904666666666663,0.5,0.84,0.04636095772029518","0,0,0"
46.78333333333333,128,AV,1,0,0,92,2010.868248891871,0.5,-11.878171663803624,"0.2851666666666667,0.31666666666666665,0.3258466666666666,0.5,0.92,0.09935498177697413","0,0,0"
41.13333333333333,223,AV,1,0,0,77,4412.688598555705,0.1,-4.5835502782977615,"0.17816666666666667,0.3041288888888889,0.31923563218390805,0.1,0.77,0.21802651443652019","0,0,0"
14.666666666666666,228,AV,1,0,0,6,4549.115907877681,0.4,-6.739430974633601,"0.1961111111111111,0.3064852320675106,0.35763690476190485,0.4,0.06,0.22476725085176577","0,0,0"
37.5,201,AV,1,0,0,62,3523.1638559153366,0.2,-6.672658818021471,"0.15233333333333332,0.35158178053830225,0.34580555555555564,0.2,0.62,0.1740759897594787","0,0,0"
17.233333333333334,167,AV,1,0,0,11,2793.3389947689566,0.4,-4.86247899089411,"0.15995833333333334,0.2829447852760736,0.31,0.4,0.11,0.13801607592895285","0,0,0"
37.81666666666667,65,AV,1,0,0,65,1111.987968807459,0.2,-2.1238221390775465,"0.14966666666666667,0.31329273504273514,0.3298444444444445,0.2,0.65,0.05494220938540485","0,0,0"
24.45,114,AV,2,0,0,17,1703.2333497257905,1.0,-10.516175606261509,"0.243,0.31812974683544304,0.35960000000000003,1.0,0.17,0.08415505019644881","0,0,0"
46.916666666666664,50,AV,2,0,0,96,931.9887487728153,0.7,-7.72930904653549,"0.0,0.3203647619047619,0.35017777777777775,0.7,0.96,0.046048628596973375","0,0,0"
23.833333333333332,38,AV,1,0,0,30,832.4581618945489,0.1,-0.501016486325423,"0.08566666666666667,0.29115268817204304,0.3067933333333333,0.1,0.3,0.041130922202737376","0,0,0"
23.816666666666666,103,AV,1,0,0,29,1594.6992934726818,0.2,-1.9182031063741267,"0.0,0.2811187363834422,0.31734615384615383,0.2,0.29,0.07879249141759738","0,0,0"
22.583333333333332,17,AV,2,0,0,2,615.3970356119416,0.2,-0.7019048680590748,"0.18575000000000003,0.30934599156118137,0.33186507936507936,0.2,0.02,0.030406149827330708","0,0,0"
44.333333333333336,191,AV,1,0,0,86,3257.3450634265246,0.1,-3.646691022186261,"0.0,0.316906378600823,0.3597976190476191,0.1,0.86,0.1609421500371313","0,0,0"
46.016666666666666,187,AV,1,0,0,89,3159.4556453821087,0.5,-18.357022384048825,"0.10283333333333333,0.3089333333333333,0.3629318181818182,0.5,0.89,0.15610553214765938","0,0,0"
43.416666666666664,3,AV,1,0,0,84,513.3463032142733,0.1,-0.5628228618994874,"0.0,0.2847863247863248,0.3400454545454545,0.1,0.84,0.02536392557256681","0,0,0"
34.333333333333336,83,AV,1,0,0,60,1348.5865378412918,0.6,-7.015374414022882,"0.26875,0.36145092024539877,0.3538799999999999,0.6,0.6,0.0666323071965214","0,0,0"
13.216666666666667,214,AV,1,0,0,3,3941.04555698938,0.2,-2.6306810830745615,"0.20991666666666667,0.3228218749999999,0.33830864197530863,0.2,0.03,0.19472310516250035","0,0,0"
39.9,188,AV,1,0,0,72,3206.59631480788,0.2,-6.461777422264364,"0.20308333333333334,0.3370928143712575,0.38843650793650797,0.2,0.72,0.15843470530673276","0,0,0"
24.55,232,AV,2,0,0,18,4645.51881630073,0.3,-8.63996113183204,"0.0,0.34526120857699794,0.3433333333333334,0.3,0.18,0.2295304217929239","0,0,0"
13.116666666666667,133,AV,1,0,0,6,2046.5713793034688,0.5,-3.3894185090737166,"0.2351111111111111,0.30131111111111114,0.32730952380952383,0.5,0.06,0.10111903761374018","0,0,0"
25.7,123,AV,2,0,0,15,1929.5758599688188,0.4,-5.009100969818045,"0.08449999999999999,0.31908854166666667,0.3400714285714286,0.4,0.15,0.09533840643718873","0,0,0"
29.966666666666665,35,AV,1,0,0,48,783.6834518391023,0.4,-2.3721596740853634,"0.0,0.2655316455696202,0.2940933333333333,0.4,0.48,0.038721012736313315","0,0,0"
25.9,264,AV,1,0,0,38,6254.49597505133,0.5,-20.453465372958263,"0.23541666666666664,0.3402781316348195,0.3748888888888889,0.5,0.38,0.3090283682025544","0,0,0"
19.583333333333332,252,AV,1,0,0,21,5590.116807812239,0.2,-5.5289454959422395,"0.0,0.31493902439024396,0.33789743589743604,0.2,0.21,0.27620206041714035","0,0,0"
17.133333333333333,126,AV,1,0,0,15,1986.5043233563797,0.5,-4.297404133860182,"0.0,0.2838192771084337,0.3158263888888889,0.5,0.15,0.09815118467145603","0,0,0"
25.25,147,AV,1,0,0,35,2294.767722006211,0.1,-1.463204166178203,"0.1845,0.3392295805739514,0.32437096774193547,0.1,0.35,0.11338216978061968","0,0,0"
23.133333333333333,0,AV,1,0,0,30,437.5592869272848,0.1,-0.25561123327233637,"0.07,0.24893572984749454,0.2944122807017544,0.1,0.3,0.021619365168734063","0,0,0"
12.266666666666667,155,AV,1,0,0,4,2446.4664131825853,0.5,-3.7891398992053507,"0.0,0.30442386831275725,0.35659803921568634,0.5,0.04,0.12087744984470407","0,0,0"
24.6,202,AV,2,0,0,5,3534.445695738256,0.2,-4.391281015917228,"0.15233333333333332,0.29952547770700644,0.31741145833333334,0.2,0.05,0.1746334141410286","0,0,0"
38.46666666666667,268,AV,1,0,0,68,6918.069898529506,0.1,-6.720077999076641,"0.10166666666666666,0.3376590909090909,0.34946794871794873,0.1,0.68,0.34181488970200175","0,0,0"
42.53333333333333,185,AV,1,0,0,83,3131.512437779759,0.1,-3.3634763220597406,"0.0,0.2642720430107527,0.33462,0.1,0.83,0.15472488630790748","0,0,0"
49.9,145,AV,1,0,0,95,2271.53748778668,0.1,-2.862366682842306,"0.26716666666666666,0.3295147928994083,0.3483916666666667,0.1,0.95,0.11223438722508516","0,0,0"
45.15,241,AV,2,0,0,88,4951.479839002994,0.2,-11.290874481362888,"0.16841666666666666,0.3281388888888889,0.3440128205128205,0.2,0.88,0.2446476488175187","0,0,0"
25.05,296,AV,2,0,0,8,17693.100214811147,0.3,-33.576678816743886,"0.0,0.32780188679245287,0.34276315789473694,0.3,0.08,0.874198322236906","0,0,0"
31.433333333333334,163,AV,2,0,0,40,2744.255474143275,0.1,-2.1783105320851077,"0.12558333333333332,0.3346604166666667,0.3544285714285714,0.1,0.4,0.13559090844222083","0,0,0"
37.016666666666666,143,AV,2,0,0,64,2250.3510049999354,0.3,-6.310643411748556,"0.23633333333333334,0.3231906187624751,0.3503181818181818,0.3,0.64,0.11118758437643748","0,0,0"
16.283333333333335,93,AV,1,0,0,11,1496.328062426438,0.1,-0.6152830458714774,"0.1435833333333333,0.3343447916666667,0.34406521739130436,0.1,0.11,0.07393206763132296","0,0,0"
26.95,97,AV,1,0,0,42,1546.5147326922538,0.4,-4.209956772328913,"0.18011111111111108,0.32684,0.35075308641975306,0.4,0.42,0.07641174063449208","0,0,0"
31.633333333333333,92,AV,2,0,0,52,1490.1599361877834,0.3,-3.571115604652036,"0.08883333333333333,0.2837788065843621,0.31932098765432104,0.3,0.52,0.0736273067051025","0,0,0"
20.266666666666666,162,AV,1,0,0,18,2629.980017260476,0.1,-1.3459830391366747,"0.0,0.31208008658008657,0.32700641025641025,0.1,0.18,0.1299446728211638","0,0,0"
14.583333333333334,88,AV,1,0,0,5,1460.106853854364,0.4,-2.150830803236648,"0.12033333333333333,0.30441350210970464,0.36159027777777775,0.4,0.05,0.07214241407266661","0,0,0"
24.033333333333335,173,AV,1,0,0,30,2942.323800284961,0.1,-1.7857032491628428,"0.12033333333333333,0.32321027131782953,0.33732352941176474,0.1,0.3,0.14537726562660996","0,0,0"
17.6,178,AV,1,0,0,15,2987.078671303881,0.3,-3.982771561738508,"0.0,0.28369444444444447,0.3408039215686275,0.3,0.15,0.14758855888113623","0,0,0"
36.833333333333336,240,AV,1,0,0,63,4934.883137056144,0.3,-13.770317844563229,"0.14966666666666667,0.30263250517598345,0.33710606060606063,0.3,0.63,0.2438276224331965","0,0,0"
44.68333333333333,205,AV,1,0,0,89,3608.770587345788,0.9,-36.648158881341125,"0.30233333333333334,0.35468302658486706,0.3496602564102564,0.9,0.89,0.17830573243205106","0,0,0"
21.45,226,AV,1,0,0,25,4504.939201911708,0.3,-7.3205262031065255,"0.16699999999999998,0.3410717299578059,0.3729469696969698,0.3,0.25,0.2225845241521748","0,0,0"
42.916666666666664,107,AV,1,0,0,84,1628.9397076974285,0.3,-5.296110792071816,"0.0,0.3042666666666667,0.32852,0.3,0.84,0.0804842759157665","0,0,0"
24.05,43,AV,1,0,0,26,857.6590975250949,1.0,-5.20876295340367,"0.13741666666666666,0.33525913978494626,0.38524637681159424,1.0,0.26,0.04237607513690668","0,0,0"
34.36666666666667,238,AV,1,0,0,60,4864.205776554158,0.8,-33.77101788301237,"0.06883333333333334,0.3180303030303029,0.32665833333333333,0.8,0.6,0.24033552499290464","0,0,0"
41.63333333333333,124,AV,1,0,0,79,1950.0200213032829,0.2,-4.100294623918856,"0.15216666666666667,0.33659740259740256,0.3468717948717949,0.2,0.79,0.09634853192798135","0,0,0"
29.85,259,AV,1,0,0,46,5984.209260784091,0.3,-13.532473214727661,"0.12033333333333333,0.30959611451942737,0.3455320512820513,0.3,0.46,0.2956737729497932","0,0,0"
41.583333333333336,176,AV,2,0,0,92,2966.188350320237,0.4,-12.458989787961267,"0.0,0.29157324840764326,0.28493888888888885,0.4,0.92,0.14655638908990856","0,0,0"
17.65,287,AV,1,0,0,16,10751.672106064549,0.2,-9.584192559193903,"0.1678333333333333,0.34835209713024284,0.3765,0.2,0.16,0.5312293268137855","0,0,0"
