travel_time,id,kind,action,origin,destination,start_time,income,urgency,reward,observation,cost_table
34.85,291,AV,1,0,0,74,11861.36896338871,0.1,-10.538603746820622,"0.250921568627451,0.2715186567164179,0.326575,0.1,0.74,0.5860583346804944","0,0,0"
8.583333333333334,66,AV,0,0,0,20,1135.438045570021,0.9,-2.2149643691990937,"0.23993103448275865,0.2675759803921569,0.32144696969696973,0.9,0.2,0.05610085414032447","0,0,0"
33.11666666666667,262,AV,1,0,0,71,5912.288420941998,0.3,-14.93297612678251,"0.2519252873563218,0.29346183206106874,0.37165833333333337,0.3,0.71,0.2921202364434439","0,0,0"
37.86666666666667,39,AV,1,0,0,82,881.2906222289953,0.2,-1.7854312236567995,"0.17894047619047615,0.26698611111111104,0.32193055555555544,0.2,0.82,0.04354368505248021","0,0,0"
14.316666666666666,264,AV,1,0,0,7,6130.868263041086,0.1,-2.3165049823031536,"0.28901562500000005,0.3438575063613232,0.3919691358024692,0.1,0.07,0.3029200470429381","0,0,0"
31.716666666666665,62,AV,1,0,0,63,1104.4445206976068,1.0,-8.94578250373546,"0.2127797619047619,0.26085964912280696,0.33794444444444444,1.0,0.63,0.05456949518600221","0,0,0"
36.483333333333334,281,AV,1,0,0,75,8475.089255911002,1.0,-78.1806834225134,"0.18620289855072464,0.24364399092970523,0.29936666666666667,1.0,0.75,0.41874565329841523","0,0,0"
32.68333333333333,162,AV,2,0,0,42,2538.843693606908,0.5,-10.477004383760828,"0.2750396825396825,0.3074568345323741,0.37012500000000004,0.5,0.42,0.12544171854715278","0,0,0"
19.966666666666665,19,AV,1,0,0,28,617.4453946714843,0.1,-0.41132137323924167,"0.2814320987654321,0.31295169082125607,0.3446666666666667,0.1,0.28,0.03050735719243069","0,0,0"
41.666666666666664,205,AV,1,0,0,88,3458.1247672483346,0.1,-3.7385992921383995,"0.29607333333333336,0.31523141486810546,0.39349999999999996,0.1,0.88,0.17086247367116114","0,0,0"
44.35,175,AV,1,0,0,97,2815.231094880572,0.4,-12.711666571510442,"0.24140909090909093,0.26487719298245616,0.34440909090909083,0.4,0.97,0.1390977426213619","0,0,0"
40.96666666666667,101,AV,1,0,0,87,1592.6375082496468,0.3,-5.042806812219231,"0.3022469135802469,0.3072589743589743,0.35405000000000003,0.3,0.87,0.0786906206792357","0,0,0"
28.883333333333333,49,AV,2,0,0,45,959.5289757906356,0.1,-0.6998584659281025,"0.2675364583333333,0.31218390804597695,0.35330769230769227,0.1,0.45,0.04740936357053375","0,0,0"
15.233333333333333,24,AV,1,0,0,10,640.5426603936758,0.4,-1.085616147474444,"0.21561538461538463,0.29227898550724635,0.35415217391304354,0.4,0.1,0.03164856990797825","0,0,0"
23.95,45,AV,1,0,0,37,912.6272274022258,0.1,-0.6519551034414977,"0.2990069444444444,0.2897389705882353,0.36645098039215684,0.1,0.37,0.04509199526010037","0,0,0"
39.31666666666667,108,AV,1,0,0,83,1649.648602545546,0.1,-1.737845561197367,"0.19410555555555553,0.27146014492753623,0.33532575757575755,0.1,0.83,0.08150748162374356","0,0,0"
13.816666666666666,289,AV,1,0,0,8,11515.391842589095,0.6,-24.206716761379695,"0.24,0.3137144702842377,0.3716203703703704,0.6,0.08,0.5689639524149042","0,0,0"
37.21666666666667,278,AV,1,0,0,75,8139.327108000771,0.1,-7.7494601987229474,"0.24157575757575764,0.28631746031746025,0.3456363636363637,0.1,0.75,0.40215598259005225","0,0,0"
18.583333333333332,96,AV,0,0,0,42,1530.0661682302475,0.1,-0.71802347541108,"0.28715517241379307,0.30045563549160675,0.3523863636363636,0.1,0.42,0.07559903357460358","0,0,0"
29.283333333333335,297,AV,1,0,0,54,17322.90883950548,0.3,-38.52973589774132,"0.24531999999999995,0.2940481220657276,0.3369347826086957,0.3,0.54,0.8559075379611304","0,0,0"
37.85,271,AV,1,0,0,80,7334.728577480919,0.2,-14.121185689780443,"0.2596619047619048,0.31041666666666673,0.36025490196078436,0.2,0.8,0.3624015768095477","0,0,0"
36.68333333333333,127,AV,1,0,0,75,1888.2149669861096,0.4,-7.096567579690954,"0.20476666666666665,0.24447946859903383,0.3109206349206349,0.4,0.75,0.09329480623074009","0,0,0"
35.81666666666667,54,AV,0,0,0,73,1022.032321197676,0.1,-0.9243886608812314,"0.21303472222222222,0.27869466666666665,0.3466182795698925,0.1,0.73,0.05049759112961852","0,0,0"
31.383333333333333,91,AV,1,0,0,61,1496.328062426438,0.3,-3.6575577544810387,"0.2688854166666667,0.29634754521963824,0.34905555555555556,0.3,0.61,0.07393206763132296","0,0,0"
42.63333333333333,158,AV,1,0,0,90,2496.2043409386315,0.4,-10.849647650035385,"0.27405357142857145,0.28607857142857146,0.3571969696969697,0.4,0.9,0.12333495093088893","0,0,0"
41.61666666666667,157,AV,1,0,0,88,2486.38103050259,0.3,-7.939006860056775,"0.23991397849462368,0.2803187347931874,0.3693333333333333,0.3,0.88,0.12284959102235175","0,0,0"
33.93333333333333,105,AV,1,0,0,62,1626.914224999384,0.1,-1.4941066338799436,"0.24370666666666663,0.2646982968369829,0.2933703703703704,0.1,0.62,0.0803841988487261","0,0,0"
34.05,152,AV,1,0,0,72,2398.572127464108,0.1,-2.16240860959982,"0.19118333333333332,0.24070833333333336,0.3086979166666667,0.1,0.72,0.11851104126104732","0,0,0"
17.05,250,AV,1,0,0,13,5158.4050556257225,1.0,-22.309799545055196,"0.21926190476190477,0.2846766169154229,0.37121333333333334,1.0,0.13,0.2548716160705086","0,0,0"
13.8,191,AV,1,0,0,6,3048.604611013583,0.1,-1.1623925159592792,"0.29737356321839076,0.27940024330900237,0.3157986111111111,0.1,0.06,0.15062849380578247","0,0,0"
29.266666666666666,27,AV,0,0,0,57,727.2326469992182,0.5,-2.6873327612176494,"0.19590000000000005,0.26074380165289257,0.29368055555555556,0.5,0.57,0.03593183513143892","0,0,0"
20.583333333333332,231,AV,1,0,0,32,4549.115907877681,0.2,-4.829089348677555,"0.2337839506172839,0.2606151960784314,0.3292407407407407,0.2,0.32,0.22476725085176577","0,0,0"
39.483333333333334,202,AV,1,0,0,84,3387.2787239910285,0.7,-23.741095572366678,"0.2690611111111111,0.27393010752688174,0.3276089743589744,0.7,0.84,0.16736204178524355","0,0,0"
31.3,218,AV,1,0,0,60,3793.837230001502,0.1,-3.09866427522846,"0.24423717948717946,0.31036861313868613,0.3357638888888889,0.1,0.6,0.18744968948578491","0,0,0"
20.566666666666666,130,AV,1,0,0,28,1927.298426803608,0.4,-4.103848920329381,"0.22912500000000002,0.278069248826291,0.3204895833333333,0.4,0.28,0.09522588075045987","0,0,0"
43.8,171,AV,1,0,0,92,2767.495209174315,0.1,-3.1610174283291665,"0.25626811594202903,0.296363309352518,0.39264814814814814,0.1,0.92,0.1367391604233156","0,0,0"
46.86666666666667,208,AV,2,0,0,84,3558.5090095449787,0.1,-4.21150140355239,"0.22319540229885057,0.29756164383561645,0.33379999999999993,0.1,0.84,0.17582235832276605","0,0,0"
14.416666666666666,232,AV,1,0,0,10,4559.760277629775,0.9,-15.040123636930891,"0.24241935483870963,0.2623525179856115,0.34634166666666666,0.9,0.1,0.2252931784769742","0,0,0"
37.516666666666666,156,AV,0,0,0,78,2478.182963693478,0.2,-4.695614352924259,"0.3001222222222222,0.29836529680365304,0.3455476190476191,0.2,0.78,0.12244453277008954","0,0,0"
42.3,143,AV,1,0,0,90,2218.0502812558643,0.3,-7.207842946751747,"0.24313425925925924,0.29577519379844963,0.36081060606060605,0.3,0.9,0.10959163803796217","0,0,0"
44.95,183,AV,1,0,0,99,2953.464044858564,0.3,-10.157440061847915,"0.268247619047619,0.2800538847117794,0.3455681818181818,0.3,0.99,0.1459276939290168","0,0,0"
22.783333333333335,132,AV,1,0,0,34,1945.516475481125,0.1,-1.2193270294539977,"0.2571372549019608,0.28536854460093897,0.3590714285714286,0.1,0.34,0.09612601624932422","0,0,0"
15.633333333333333,26,AV,1,0,0,14,676.2529471816457,0.3,-0.9009157379499794,"0.2768260869565217,0.2716107382550335,0.33727777777777773,0.3,0.14,0.033412979334117666","0,0,0"
39.18333333333333,176,AV,0,0,0,80,2818.3733061874163,0.6,-16.732312229410642,"0.24821014492753626,0.2836022988505747,0.3350075757575757,0.6,0.8,0.13925299612805134","0,0,0"
23.95,172,AV,1,0,0,39,2793.3389947689566,0.3,-5.168217342781554,"0.26076923076923075,0.2865266203703703,0.3320916666666667,0.3,0.39,0.13801607592895285","0,0,0"
29.416666666666668,203,AV,1,0,0,55,3389.778327720714,0.2,-5.1361605626490405,"0.21629629629629626,0.24921702637889687,0.32030555555555557,0.2,0.55,0.1674855446965603","0,0,0"
29.55,20,AV,1,0,0,54,623.7253316558669,0.2,-1.0308628055773166,"0.31483333333333335,0.3166330845771144,0.36233333333333334,0.2,0.54,0.03081764257536799","0,0,0"
44.21666666666667,190,AV,2,0,0,90,3046.5766145774583,0.1,-3.401754107101851,"0.28076111111111113,0.302367816091954,0.32887777777777777,0.1,0.9,0.15052829253746666","0,0,0"
30.816666666666666,46,AV,0,0,0,61,934.0011274976006,0.1,-0.7268384195046563,"0.2656470588235294,0.3082186761229314,0.38838888888888884,0.1,0.61,0.04614805820984811","0,0,0"
45.38333333333333,193,AV,1,0,0,97,3101.095365071405,0.1,-3.6539910265527933,"0.17,0.2542042253521127,0.31268333333333337,0.1,0.97,0.15322200927639995","0,0,0"
35.15,283,AV,1,0,0,70,8795.495569618428,0.3,-23.521338581218767,"0.3009259259259258,0.3114448441247003,0.35733333333333334,0.3,0.7,0.43457660765217343","0,0,0"
33.8,284,AV,1,0,0,70,8981.750106371177,0.5,-38.43120626203861,"0.29743589743589743,0.3064847494553376,0.3459090909090909,0.5,0.7,0.4437792573608979","0,0,0"
37.85,181,AV,1,0,0,79,2909.8477340427667,0.3,-8.443767934357478,"0.2843809523809524,0.3000656167979002,0.3534880952380952,0.3,0.79,0.1437726557913017","0,0,0"
41.03333333333333,209,AV,1,0,0,88,3628.2404526711953,0.8,-30.176525233927553,"0.3096969696969697,0.3065083333333333,0.37385294117647055,0.8,0.88,0.1792677189349818","0,0,0"
16.05,274,AV,1,0,0,16,7572.106998522375,0.2,-6.237995824559805,"0.21039444444444438,0.2686330845771144,0.33479411764705885,0.2,0.16,0.37413020632558763","0,0,0"
22.566666666666666,38,AV,2,0,0,5,877.2934597877683,0.5,-2.4996955903885483,"0.19259313725490199,0.28213974358974364,0.33424358974358975,0.5,0.05,0.04334618926839462","0,0,0"
37.4,121,AV,1,0,0,76,1824.367004680513,0.1,-1.8230132821982625,"0.3258827160493827,0.3053647342995169,0.3347152777777777,0.1,0.76,0.09014014250035135","0,0,0"
17.366666666666667,106,AV,1,0,0,15,1635.9686818612918,0.1,-0.8174576458331086,"0.24450490196078434,0.2785546875,0.33610000000000007,0.1,0.15,0.08083157047389894","0,0,0"
39.083333333333336,163,AV,1,0,0,83,2553.8725848963804,0.3,-7.661655570179308,"0.25169117647058825,0.2899932249322493,0.33589130434782605,0.3,0.83,0.1261842809805775","0,0,0"
30.833333333333332,201,AV,1,0,0,57,3386.12741774329,0.4,-10.646019735395766,"0.23714367816091955,0.28639800995024883,0.33681944444444445,0.4,0.57,0.16730515689916173","0,0,0"
44.333333333333336,239,AV,1,0,0,100,4662.282088415262,0.1,-5.319558230296547,"0.28922839506172837,0.2699652278177458,0.3530227272727273,0.1,1.0,0.23035867824203715","0,0,0"
32.6,89,AV,0,0,0,64,1467.6871321740252,0.4,-4.8329899503912355,"0.21714141414141416,0.24891343669250648,0.31239814814814815,0.4,0.64,0.07251694801576773","0,0,0"
31.333333333333332,166,AV,1,0,0,60,2629.980017260476,0.1,-2.1809606197178852,"0.24926960784313723,0.27542606516290724,0.35357246376811596,0.1,0.6,0.1299446728211638","0,0,0"
27.083333333333332,160,AV,1,0,0,49,2530.9644311939346,0.1,-1.8309836703241344,"0.2674166666666667,0.29957142857142854,0.3773166666666667,0.1,0.49,0.12505241210010515","0,0,0"
43.45,28,AV,1,0,0,91,753.7709081553346,1.0,-8.370541908926588,"0.26339473684210524,0.30772681704260646,0.3934473684210527,1.0,0.91,0.03724306397749163","0,0,0"
41.61666666666667,196,AV,1,0,0,89,3257.3450634265246,0.2,-6.946456753683528,"0.2245952380952381,0.2926791979949875,0.3489942528735633,0.2,0.89,0.1609421500371313","0,0,0"
21.116666666666667,147,AV,1,0,0,31,2283.7291705859197,1.0,-12.277966578839902,"0.22833333333333336,0.2953786666666666,0.3318533333333333,1.0,0.31,0.1128367660348439","0,0,0"
16.883333333333333,40,AV,1,0,0,18,892.1845339920479,0.2,-0.8607600445571925,"0.25739215686274514,0.27425555555555553,0.3715111111111111,0.2,0.18,0.044081942297973305","0,0,0"
43.766666666666666,220,AV,1,0,0,97,3898.759045987068,0.1,-4.408982009579983,"0.2872083333333333,0.28122,0.36274999999999996,0.1,0.97,0.19263377109878843","0,0,0"
18.55,259,AV,1,0,0,18,5721.231751015957,0.8,-21.540171511383033,"0.24517333333333335,0.2760404761904762,0.3087539682539683,0.8,0.18,0.2826803181547486","0,0,0"
43.9,174,AV,1,0,0,91,2813.5576138103806,0.4,-12.576280731947042,"0.24641111111111108,0.2911224747474748,0.31065384615384617,0.4,0.91,0.1390150576014335","0,0,0"
20.116666666666667,140,AV,1,0,0,26,2142.030696222753,1.0,-10.981443814565921,"0.2509848484848485,0.28281560283687945,0.3131933333333334,1.0,0.26,0.10583558664582342","0,0,0"
40.4,69,AV,1,0,0,86,1150.4391077840953,0.2,-2.4473606037614877,"0.32095138888888897,0.31137,0.3611666666666667,0.2,0.86,0.056842041567067104","0,0,0"
13.133333333333333,92,AV,1,0,0,0,1509.578116022191,0.2,-1.1013026560820596,"0.2334,0.26189902676399024,0.3103076923076923,0.2,0.0,0.07458673947980204","0,0,0"
10.016666666666667,8,AV,0,0,0,23,542.8991684878858,0.4,-0.549296970136733,"0.2607246376811594,0.29744086021505384,0.3547333333333333,0.4,0.23,0.02682410298216846","0,0,0"
23.7,53,AV,1,0,0,38,1017.530975349866,0.4,-2.535907486443619,"0.23477314814814818,0.3191561032863849,0.36648148148148146,0.4,0.38,0.050275184149485695","0,0,0"
45.333333333333336,169,AV,1,0,0,97,2754.938443140308,0.5,-15.869007923698733,"0.2648939393939394,0.2898368055555555,0.37581250000000005,0.5,0.97,0.13611874321737782","0,0,0"
30.283333333333335,256,AV,1,0,0,56,5502.789496653042,0.1,-4.308151732078526,"0.25449537037037034,0.26954938271604945,0.3292604166666667,0.1,0.56,0.27188730562719554","0,0,0"
28.366666666666667,4,AV,2,0,0,33,506.5869000089976,0.9,-3.2659503932398257,"0.19794,0.26810539215686274,0.3000999999999999,0.9,0.33,0.025029950244917432","0,0,0"
35.8,36,AV,1,0,0,71,859.2772315809713,0.5,-3.9841066781059054,"0.22569191919191917,0.2644933333333333,0.2642857142857143,0.5,0.71,0.042456025516412095","0,0,0"
42.68333333333333,206,AV,0,0,0,94,3523.1638559153366,0.2,-7.594968547979105,"0.2508793103448276,0.27274691358024694,0.34000877192982465,0.2,0.94,0.1740759897594787","0,0,0"
31.966666666666665,184,AV,1,0,0,63,2965.4163440895786,0.3,-7.281399681772489,"0.20879999999999996,0.2829033078880407,0.313310606060606,0.3,0.63,0.14651824503694982","0,0,0"
43.25,215,AV,2,0,0,88,3758.845856207275,0.1,-4.105305133357693,"0.27759770114942534,0.28944444444444445,0.3549242424242424,0.1,0.88,0.18572080082906037","0,0,0"
15.316666666666666,261,AV,1,0,0,13,5899.132481879994,0.2,-4.663386153912217,"0.2545862068965517,0.30051063829787233,0.3800416666666666,0.2,0.13,0.29147021469961026","0,0,0"
42.6,199,AV,1,0,0,88,3366.895459871004,0.3,-10.965889893220057,"0.2613333333333333,0.26613711583924343,0.33887681159420296,0.3,0.88,0.16635492516469105","0,0,0"
11.916666666666666,214,AV,0,0,0,29,3752.1132597063192,0.3,-3.3873244705682044,"0.27533974358974356,0.30163381995133826,0.3759,0.3,0.29,0.1853881499937643","0,0,0"
42.266666666666666,79,AV,1,0,0,91,1317.647826688136,0.2,-2.9127566401356177,"0.2771452991452992,0.35060201149425296,0.3979888888888889,0.2,0.91,0.06510365653304864","0,0,0"
40.983333333333334,86,AV,1,0,0,84,1411.5824788559885,0.1,-1.560892809556766,"0.27128787878787874,0.2972903225806451,0.35072023809523806,0.1,0.84,0.06974487341013964","0,0,0"
16.95,31,AV,0,0,0,40,793.0252767736928,0.2,-0.6788776990562674,"0.2563083333333333,0.3183750000000001,0.36099999999999993,0.2,0.4,0.0391825829295129","0,0,0"
39.1,275,AV,2,0,0,83,7612.519032757181,0.1,-7.516401368202166,"0.2944880952380952,0.29696335697399523,0.32795614035087717,0.1,0.83,0.3761269243737155","0,0,0"
15.216666666666667,6,AV,0,0,0,34,522.440884226393,0.3,-0.6022582415387586,"0.28429333333333334,0.3028786848072562,0.3570740740740741,0.3,0.34,0.02581327969172718","0,0,0"
25.25,136,AV,1,0,0,39,2113.1349678504243,0.2,-2.794780703950668,"0.23431746031746034,0.313337037037037,0.3564,0.2,0.39,0.10440787771091574","0,0,0"
17.55,110,AV,1,0,0,18,1664.0464513081895,0.4,-3.0499005273190636,"0.30147999999999997,0.3312426900584795,0.3731989247311827,0.4,0.18,0.08221886487932402","0,0,0"
38.483333333333334,95,AV,1,0,0,82,1528.3774584247917,0.1,-1.5852792725180322,"0.27577222222222225,0.30225347222222226,0.32541666666666663,0.1,0.82,0.07551559611815158","0,0,0"
13.5,149,AV,0,0,0,30,2329.0008356791827,0.7,-5.557842903325322,"0.2348472222222222,0.2907364341085271,0.32878431372549016,0.7,0.3,0.1150735935658535","0,0,0"
25.3,41,AV,2,0,0,20,898.3728471886773,0.4,-2.2958417205932866,"0.2244,0.27344318181818184,0.3301444444444444,0.4,0.2,0.044387700641524724","0,0,0"
23.983333333333334,61,AV,1,0,0,40,1100.389953660579,0.3,-2.0993196254009763,"0.25121666666666664,0.2753639705882353,0.28199305555555554,0.3,0.4,0.05436916309845774","0,0,0"
17.733333333333334,286,AV,1,0,0,21,9280.176126726552,0.2,-8.411538214509303,"0.24509677419354842,0.28468656716417906,0.34862666666666664,0.2,0.21,0.4585241874827607","0,0,0"
28.55,227,AV,1,0,0,54,4237.057085974603,0.9,-27.59272268285794,"0.19006250000000002,0.2608498727735369,0.3198950617283951,0.9,0.54,0.20934873768929974","0,0,0"
35.65,100,AV,1,0,0,72,1587.6148581174584,0.2,-2.9585085702973433,"0.26435714285714285,0.2903356643356643,0.33607017543859646,0.2,0.72,0.07844245657766878","0,0,0"
44.9,165,AV,1,0,0,94,2612.3907844155665,0.4,-11.948115779824136,"0.2529141414141414,0.27489107611548563,0.33042857142857146,0.4,0.94,0.12907560648141725","0,0,0"
15.266666666666667,113,AV,1,0,0,10,1703.2333497257905,0.5,-3.3831686623502195,"0.3028571428571428,0.31737404580152667,0.3592857142857143,0.5,0.1,0.08415505019644881","0,0,0"
36.93333333333333,224,AV,1,0,0,78,3958.913906791885,0.1,-3.7923203777149905,"0.24690277777777778,0.2656273809523809,0.35322463768115936,0.1,0.78,0.19560596239095915","0,0,0"
42.9,229,AV,0,0,0,88,4412.688598555705,0.3,-14.341237945306041,"0.28019444444444447,0.3132965517241379,0.3652222222222223,0.3,0.88,0.21802651443652019","0,0,0"
27.216666666666665,21,AV,0,0,0,56,627.4062491148882,0.9,-3.8808878969871676,"0.2574367816091953,0.279129476584022,0.34080000000000005,0.9,0.56,0.0309995130123124","0,0,0"
17.0,125,AV,0,0,0,40,1848.7234685638712,0.2,-1.5872878265447379,"0.2411304347826087,0.2847847222222222,0.2841153846153846,0.2,0.4,0.09134357093312716","0,0,0"
26.5,292,AV,1,0,0,45,12726.503958899895,0.5,-42.68236804429889,"0.23343010752688176,0.270920987654321,0.33033333333333337,0.5,0.45,0.6288037864329918","0,0,0"
30.8,60,AV,1,0,0,61,1089.3140785512585,1.0,-8.572442833176455,"0.20403431372549022,0.25099874686716794,0.3129492753623188,1.0,0.61,0.05382191522667051","0,0,0"
28.5,98,AV,1,0,0,50,1552.9853059451273,0.1,-1.2176788186726295,"0.26661904761904764,0.3213708010335917,0.36321666666666663,0.1,0.5,0.07673144516410514","0,0,0"
25.683333333333334,253,AV,0,0,0,53,5427.330032863625,0.1,-3.519998140001198,"0.30494202898550726,0.33594987468671683,0.3559912280701755,0.1,0.53,0.26815892926348833","0,0,0"
33.8,13,AV,1,0,0,67,597.1498506777683,0.5,-2.648442544559163,"0.23315217391304346,0.27240789473684207,0.3455777777777778,0.5,0.67,0.029504574735270385","0,0,0"
19.633333333333333,146,AV,1,0,0,25,2280.385817754286,1.0,-11.405953254690862,"0.27907291666666667,0.2921262254901961,0.36206818181818184,1.0,0.25,0.1126715743273096","0,0,0"
37.85,118,AV,1,0,0,78,1797.659883656486,0.1,-1.818217843343384,"0.2738680555555556,0.31310000000000004,0.34932142857142856,0.1,0.78,0.08882057045771759","0,0,0"
45.083333333333336,161,AV,1,0,0,98,2533.2754137277425,0.3,-8.75215908350195,"0.28681999999999996,0.3104032634032634,0.3561666666666666,0.3,0.98,0.12516659542746134","0,0,0"
32.733333333333334,15,AV,1,0,0,71,601.3137559373858,0.9,-4.573409911594795,"0.24746874999999996,0.2992592592592593,0.353969696969697,0.9,0.71,0.029710309114645228","0,0,0"
37.5,43,AV,1,0,0,79,904.859336063587,0.1,-0.9568743712723362,"0.2546987179487179,0.3107748756218906,0.36393749999999997,0.1,0.79,0.044708191546047354","0,0,0"
38.63333333333333,242,AV,2,0,0,73,4717.175795221327,0.5,-23.010129405141065,"0.22566111111111112,0.2749715762273902,0.35266666666666674,0.5,0.73,0.23307092119599135","0,0,0"
36.166666666666664,228,AV,1,0,0,73,4245.708624069837,0.9,-34.99843831148313,"0.24946666666666661,0.2794035714285714,0.3800500000000001,0.9,0.73,0.20977620150263931","0,0,0"
30.966666666666665,216,AV,0,0,0,62,3773.073658575576,0.5,-14.752463925996254,"0.20353603603603598,0.2817708333333333,0.3402361111111112,0.5,0.62,0.1864237822629797","0,0,0"
29.616666666666667,296,AV,1,0,0,57,15725.918848752755,0.2,-23.622691745987925,"0.21077976190476191,0.24876255707762554,0.3528555555555556,0.2,0.57,0.7770018654902042","0,0,0"
41.63333333333333,37,AV,1,0,0,90,863.3540159882258,0.4,-3.7307379325565457,"0.29433888888888887,0.305862962962963,0.33076666666666665,0.4,0.9,0.04265745534191888","0,0,0"
24.55,135,AV,1,0,0,42,2088.64210540395,0.4,-5.2794104735017156,"0.24978703703703706,0.28458706467661693,0.3748777777777778,0.4,0.42,0.10319770996204586","0,0,0"
42.25,273,AV,1,0,0,90,7511.51421120444,0.1,-8.114178672307766,"0.19818000000000002,0.28570774647887326,0.3438260869565218,0.1,0.9,0.3711363775239707","0,0,0"
20.266666666666666,276,AV,1,0,0,26,7958.958807233507,0.5,-20.466359237365204,"0.28469607843137257,0.3307316176470588,0.37237499999999996,0.5,0.26,0.3932441658930853","0,0,0"
25.066666666666666,124,AV,2,0,0,12,1838.9541098615327,0.9,-10.476465837999037,"0.21618452380952383,0.24961538461538457,0.3274666666666668,0.9,0.12,0.09086087672559844","0,0,0"
44.483333333333334,234,AV,0,0,0,97,4577.590037133467,0.2,-10.284164822482513,"0.2720698924731183,0.2994654761904762,0.3751666666666666,0.2,0.97,0.2261741289975035","0,0,0"
35.8,76,AV,2,0,0,56,1279.3396024785957,0.1,-1.1565746911296393,"0.2662878787878788,0.2832241784037559,0.33972222222222215,0.1,0.56,0.06321088562657848","0,0,0"
39.45,279,AV,0,0,0,82,8331.964781214912,0.1,-8.300404308558797,"0.22631609195402302,0.254037037037037,0.30727450980392157,0.1,0.82,0.4116740166642871","0,0,0"
34.016666666666666,295,AV,1,0,0,65,14754.343640924068,0.4,-50.79632217361284,"0.2440055555555556,0.2831925925925926,0.35828666666666664,0.4,0.65,0.7289973096860264","0,0,0"
29.833333333333332,59,AV,1,0,0,55,1083.524948441525,0.5,-4.181459717403893,"0.31367142857142855,0.32382716049382715,0.3921249999999999,0.5,0.55,0.053535880118764236","0,0,0"
46.5,290,AV,1,0,0,98,11662.42845360034,0.1,-13.794518259909491,"0.24051724137931033,0.2642382629107981,0.32481578947368417,0.1,0.98,0.5762288837775733","0,0,0"
29.85,83,AV,1,0,0,55,1365.417472605012,0.1,-1.1292351403348388,"0.2034,0.24435353535353535,0.3218611111111111,0.1,0.55,0.06746390678921493","0,0,0"
26.6,268,AV,1,0,0,45,7081.334819999852,0.2,-9.613308394545257,"0.21636979166666667,0.2810874125874126,0.32089999999999996,0.2,0.45,0.34988164559535495","0,0,0"
30.683333333333334,270,AV,1,0,0,57,7130.271245067938,0.1,-5.624759832563163,"0.31000000000000005,0.2805384615384615,0.3322222222222222,0.1,0.57,0.3522995452382328","0,0,0"
16.016666666666666,88,AV,1,0,0,10,1447.5744631551047,0.1,-0.6854878194831884,"0.2741822916666667,0.31133568075117374,0.3841904761904762,0.1,0.1,0.07152320122755207","0,0,0"
37.43333333333333,221,AV,1,0,0,77,3919.41152379869,0.2,-7.509931214185064,"0.3131264367816092,0.3140287769784173,0.37310000000000004,0.2,0.77,0.1936541892976206","0,0,0"
23.933333333333334,16,AV,1,0,0,34,610.4868582393152,0.7,-2.682749957500672,"0.29716666666666663,0.3002473544973545,0.33523809523809517,0.7,0.34,0.03016354289191967","0,0,0"
14.65,226,AV,1,0,0,5,4135.471393234625,0.6,-9.279493319831403,"0.27811904761904765,0.28979901960784316,0.3279019607843138,0.6,0.05,0.20432949057724065","0,0,0"
34.55,189,AV,1,0,0,72,3032.1279287666234,0.3,-8.036365146885364,"0.2077463768115942,0.26957196969696967,0.34928666666666663,0.3,0.72,0.14981439747436257","0,0,0"
17.5,51,AV,1,0,0,18,985.8695826897422,0.2,-0.9713493786399237,"0.28104700854700854,0.30938848039215683,0.3498589743589744,0.2,0.18,0.04871082651814225","0,0,0"
18.516666666666666,280,AV,1,0,0,23,8436.938288223368,0.7,-27.715348934138525,"0.29282222222222215,0.3255710955710955,0.3666666666666667,0.7,0.23,0.4168606522788469","0,0,0"
14.683333333333334,198,AV,1,0,0,9,3269.866339895674,0.1,-1.3124378137407784,"0.19937333333333335,0.28062056737588653,0.36274999999999996,0.1,0.09,0.161560813739292","0,0,0"
26.183333333333334,299,AV,1,0,0,44,20239.22920549412,0.5,-67.0104147344934,"0.21287777777777778,0.23484625322997416,0.28724603174603175,0.5,0.44,1.0","0,0,0"
16.416666666666668,200,AV,1,0,0,12,3368.9508766880413,1.0,-14.066399888626771,"0.2546666666666667,0.28651264367816087,0.366525,1.0,0.12,0.16645648124650464","0,0,0"
27.166666666666668,77,AV,2,0,0,16,1282.6858023855964,0.1,-0.8799570108958429,"0.21931111111111112,0.25111111111111106,0.3293333333333333,0.1,0.16,0.06337621800524892","0,0,0"
35.95,144,AV,1,0,0,73,2255.9253983027734,0.2,-4.195985761059834,"0.28785057471264364,0.2730587529976019,0.33127272727272733,0.2,0.73,0.11146300955425625","0,0,0"
32.6,245,AV,1,0,0,63,4925.450001742355,0.2,-8.20957929579802,"0.2566975308641975,0.29649877450980394,0.35035294117647064,0.2,0.63,0.24336154068581314","0,0,0"
40.983333333333334,58,AV,2,0,0,78,1074.3823512953045,0.7,-7.783393692275284,"0.2588111111111111,0.2779214975845411,0.34650757575757574,0.7,0.78,0.05308415357061393","0,0,0"
24.933333333333334,107,AV,1,0,0,41,1639.6236094811811,0.3,-3.1970668179088975,"0.274595238095238,0.2716349206349206,0.3278106060606061,0.3,0.41,0.08101215677897904","0,0,0"
34.63333333333333,244,AV,1,0,0,71,4889.272753955773,0.1,-4.376055884983205,"0.39324305555555555,0.32346325459317593,0.3862083333333333,0.1,0.71,0.24157405918544247","0,0,0"
22.2,194,AV,1,0,0,32,3132.463358685509,0.1,-1.8560779435055128,"0.2710107526881721,0.2646605392156863,0.337304347826087,0.1,0.32,0.15477187035537765","0,0,0"
27.183333333333334,139,AV,0,0,0,55,2139.4702648744856,0.1,-1.46863468098076,"0.23096929824561405,0.2922026378896882,0.38358974358974357,0.1,0.55,0.10570907830292801","0,0,0"
28.733333333333334,267,AV,1,0,0,51,6918.069898529506,0.1,-5.119676980246156,"0.2918148148148148,0.2953346354166667,0.3716159420289855,0.1,0.51,0.34181488970200175","0,0,0"
33.86666666666667,230,AV,1,0,0,63,4549.070920567666,0.1,-3.9904512249972632,"0.276141975308642,0.27071333333333336,0.35166666666666674,0.1,0.63,0.22476502807393375","0,0,0"
37.95,117,AV,1,0,0,81,1794.439334206041,0.2,-3.5393420572282457,"0.2279,0.29572072072072075,0.3412666666666667,0.2,0.81,0.08866144634198442","0,0,0"
36.06666666666667,148,AV,2,0,0,71,2294.767722006211,0.5,-10.45007859937172,"0.2568277777777778,0.2671827160493827,0.33331333333333335,0.5,0.71,0.11338216978061968","0,0,0"
16.7,277,AV,1,0,0,13,8028.27043643778,0.2,-6.871319004470247,"0.24030864197530863,0.26918944844124704,0.3317222222222222,0.2,0.13,0.39666878392080435","0,0,0"
17.083333333333332,272,AV,1,0,0,15,7336.658338656486,0.1,-3.2650146452537454,"0.23082812500000002,0.2572635658914729,0.3382777777777777,0.1,0.15,0.3624969243722426","0,0,0"
18.166666666666668,112,AV,1,0,0,20,1691.6338586686718,0.2,-1.6520883046707513,"0.23272580645161295,0.26258392434988187,0.32079629629629636,0.2,0.2,0.08358193098625824","0,0,0"
38.166666666666664,213,AV,2,0,0,82,3729.3449139509553,0.4,-14.377440829878264,"0.24770634920634924,0.2662222222222222,0.3218796296296297,0.4,0.82,0.1842631888836256","0,0,0"
28.683333333333334,78,AV,1,0,0,53,1294.2551843223837,0.1,-1.0374634563210532,"0.20413095238095244,0.2597281323877069,0.3353174603174604,0.1,0.53,0.06394784955402583","0,0,0"
31.816666666666666,254,AV,1,0,0,61,5458.612723313221,0.2,-8.871457650509209,"0.253047619047619,0.28156025641025645,0.32720512820512826,0.2,0.61,0.2697045755987304","0,0,0"
20.083333333333332,57,AV,1,0,0,25,1062.4074567339185,0.4,-2.2552205140814343,"0.2191730769230769,0.27076315789473687,0.3520333333333333,0.4,0.25,0.052492486050087245","0,0,0"
40.766666666666666,237,AV,1,0,0,86,4645.51881630073,0.1,-4.882381744390398,"0.20978645833333334,0.25862133333333337,0.31932638888888887,0.1,0.86,0.2295304217929239","0,0,0"
32.53333333333333,211,AV,1,0,0,65,3651.018124108644,0.2,-6.0989792746296905,"0.23265972222222217,0.29405913978494613,0.3605,0.2,0.65,0.18039314081771168","0,0,0"
20.6,116,AV,0,0,0,47,1783.933402668827,0.5,-4.640028799870939,"0.22924193548387092,0.2794328358208955,0.327921052631579,0.5,0.47,0.08814235881001646","0,0,0"
46.15,269,AV,0,0,0,100,7099.697064525982,0.2,-16.54803128928657,"0.2441060606060606,0.2663469135802469,0.3245238095238095,0.2,1.0,0.3507889056663633","0,0,0"
18.883333333333333,263,AV,1,0,0,21,5984.209260784091,0.1,-2.9535812678738957,"0.2874907407407407,0.3113743781094527,0.34956666666666664,0.1,0.21,0.2956737729497932","0,0,0"
12.133333333333333,10,AV,1,0,0,1,567.9518330451218,0.2,-0.44803782361687605,"0.23932051282051287,0.28165796019900496,0.33620588235294113,0.2,0.01,0.028061929991431995","0,0,0"
20.6,129,AV,1,0,0,28,1922.439846447592,0.2,-2.1001141836777983,"0.23930392156862745,0.26445182291666663,0.33204347826086966,0.2,0.28,0.09498582317184927","0,0,0"
23.816666666666666,235,AV,0,0,0,50,4617.1597275219765,0.1,-2.776902883261324,"0.251078125,0.2950647482014389,0.3357368421052632,0.1,0.5,0.22812922768168498","0,0,0"
28.6,52,AV,1,0,0,52,1014.5614647146556,0.1,-0.8327388356272513,"0.24726282051282053,0.28840145985401466,0.32402941176470584,0.1,0.52,0.05012846360963409","0,0,0"
5.416666666666667,126,AV,0,0,0,1,1862.7228332236152,0.6,-1.5287497999941286,"0.21077333333333337,0.21959090909090911,0.29383908045977014,0.6,0.01,0.09203526548916015","0,0,0"
12.533333333333333,18,AV,1,0,0,4,616.3739675020589,0.6,-1.2704879382867382,"0.22691176470588237,0.2811980676328502,0.3587222222222222,0.6,0.04,0.030454419051430016","0,0,0"
23.083333333333332,179,AV,1,0,0,35,2872.269398564857,0.2,-3.4485632298083564,"0.18548437500000003,0.24740697674418605,0.3429035087719299,0.2,0.35,0.1419159479544386","0,0,0"
24.766666666666666,192,AV,1,0,0,43,3064.640983136323,0.3,-5.850071339571434,"0.27124712643678167,0.30394607843137256,0.33812,0.3,0.43,0.1514208348559242","0,0,0"
41.583333333333336,68,AV,1,0,0,88,1141.5133047894662,0.1,-1.2986850570074575,"0.23751470588235296,0.288709595959596,0.3531458333333333,0.1,0.88,0.0564010266003407","0,0,0"
38.833333333333336,85,AV,1,0,0,84,1405.7852601227096,1.0,-13.885688788240378,"0.2535192307692308,0.27333712121212117,0.36078333333333334,1.0,0.84,0.0694584386514629","0,0,0"
38.81666666666667,145,AV,1,0,0,81,2276.662146114732,0.9,-20.184644463262167,"0.2368717948717949,0.2809716553287982,0.3505104166666667,0.9,0.81,0.1124875914492194","0,0,0"
44.6,120,AV,1,0,0,91,1823.811293294481,0.4,-8.316361987973117,"0.27336507936507937,0.2917372685185185,0.3423533333333333,0.4,0.91,0.09011268535856054","0,0,0"
6.866666666666666,255,AV,0,0,0,6,5480.041794665195,1.0,-9.502429374587795,"0.2594166666666667,0.2741825396825397,0.345212962962963,1.0,0.06,0.27076336450488875","0,0,0"
5.366666666666666,111,AV,0,0,0,2,1682.490559712908,0.2,-0.45602858605013163,"0.25489784946236566,0.3177146666666667,0.37567361111111114,0.2,0.02,0.08313016976240285","0,0,0"
19.233333333333334,35,AV,1,0,0,21,857.6590975250949,0.1,-0.5165566492188381,"0.26015333333333335,0.2793498727735369,0.35050617283950614,0.1,0.21,0.04237607513690668","0,0,0"
39.65,265,AV,1,0,0,85,6248.181898567973,0.2,-12.61214203425354,"0.23929999999999998,0.3228059701492538,0.3675579710144927,0.2,0.85,0.3087163960212402","0,0,0"
24.766666666666666,186,AV,1,0,0,40,2969.8754393798326,0.1,-1.957422097187892,"0.28381818181818175,0.26778196347031963,0.2889761904761905,0.1,0.4,0.1467385644594426","0,0,0"
12.083333333333334,123,AV,1,0,0,1,1832.3133019091129,0.2,-1.2182046665691137,"0.2692466666666667,0.29908816425120777,0.38348039215686264,0.2,0.01,0.09053276107035316","0,0,0"
34.86666666666667,266,AV,1,0,0,71,6434.117121135291,0.5,-28.42527991880267,"0.2711616161616161,0.2962685185185185,0.3327619047619047,0.5,0.71,0.3179032687365728","0,0,0"
27.066666666666666,164,AV,1,0,0,47,2580.565825479665,0.2,-3.627642172204525,"0.25704040404040407,0.3142005208333334,0.37074561403508766,0.2,0.47,0.12750316720456661","0,0,0"
18.733333333333334,287,AV,0,0,0,45,9884.322174397852,0.3,-14.02775015659493,"0.20902916666666665,0.2691402777777778,0.2874,0.3,0.45,0.48837443728907737","0,0,0"
22.333333333333332,63,AV,1,0,0,27,1111.987968807459,0.3,-1.9813937856085797,"0.2299427083333333,0.2898628205128205,0.3377017543859649,0.3,0.27,0.05494220938540485","0,0,0"
21.4,298,AV,1,0,0,32,17693.100214811147,0.3,-28.784268530072616,"0.24658080808080807,0.3048129770992366,0.3616346153846154,0.3,0.32,0.874198322236906","0,0,0"
33.483333333333334,97,AV,1,0,0,65,1538.317647081207,1.0,-13.107071350951786,"0.2537183908045977,0.28749871794871795,0.3324126984126984,1.0,0.65,0.07600673086224138","0,0,0"
45.03333333333333,138,AV,2,0,0,89,2131.3254046090938,0.4,-9.695018928036653,"0.27158888888888894,0.28245238095238095,0.33342592592592596,0.4,0.89,0.10530664893258515","0,0,0"
14.416666666666666,11,AV,1,0,0,4,571.0932451196882,0.1,-0.30791063006251274,"0.25096376811594207,0.3061583924349882,0.38505128205128203,0.1,0.04,0.028217144008856807","0,0,0"
15.4,84,AV,0,0,0,37,1386.7650627050614,0.2,-1.0785950487706033,"0.2826481481481482,0.26825000000000004,0.3221,0.2,0.37,0.0685186697885022","0,0,0"
19.25,241,AV,1,0,0,25,4689.4303597647895,0.1,-2.3795842026634397,"0.3088045977011495,0.29290202702702695,0.3506923076923077,0.1,0.25,0.2317000470794511","0,0,0"
39.81666666666667,170,AV,1,0,0,85,2756.9260540590044,0.3,-8.416030736296669,"0.2333787878787879,0.30048966408268735,0.35492156862745106,0.3,0.85,0.1362169490778143","0,0,0"
14.75,240,AV,1,0,0,10,4669.869929992837,0.2,-3.5788172458279974,"0.2989679487179487,0.30559681372549025,0.35947619047619045,0.2,0.1,0.23073358587812023","0,0,0"
44.56666666666667,73,AV,0,0,0,94,1240.6560786390864,0.4,-5.585041000472924,"0.26944736842105266,0.28441666666666665,0.35045454545454546,0.4,0.94,0.06129957154209703","0,0,0"
13.666666666666666,159,AV,0,0,0,32,2497.1975937909187,0.2,-1.7236549048051797,"0.2921975308641975,0.3111504629629629,0.37307017543859655,0.2,0.32,0.12338402655734695","0,0,0"
14.45,56,AV,1,0,0,9,1059.8377785859489,0.6,-2.4204024091768117,"0.3012246376811595,0.3301420187793427,0.38032,0.6,0.09,0.052365520832099985","0,0,0"
28.916666666666668,293,AV,0,0,0,58,14297.77376075636,0.2,-20.881007975515395,"0.2970208333333333,0.30603535353535355,0.3661507936507936,0.2,0.58,0.7064386501870882","0,0,0"
29.233333333333334,104,AV,1,0,0,54,1614.9573615816892,0.7,-8.445305759890562,"0.2846238095238095,0.293092039800995,0.3385079365079365,0.7,0.54,0.0797934222289105","0,0,0"
42.266666666666666,7,AV,2,0,0,75,539.5213747330826,0.1,-0.5758527804390141,"0.28137962962962965,0.3114294871794872,0.36078472222222224,0.1,0.75,0.026657209583190285","0,0,0"
24.483333333333334,50,AV,1,0,0,38,985.0802174553831,0.4,-2.5361663963669328,"0.3041176470588235,0.3217130325814537,0.3692391304347826,0.4,0.38,0.04867182477423469","0,0,0"
13.7,243,AV,1,0,0,9,4754.245589533712,0.1,-1.744776883247774,"0.21863218390804598,0.2680054200542005,0.3371111111111111,0.1,0.09,0.234902502524312","0,0,0"
26.05,288,AV,2,0,0,27,10450.70686878338,0.1,-6.874770553833511,"0.27185057471264373,0.28982010582010587,0.3301515151515151,0.1,0.27,0.5163589365323479","0,0,0"
25.583333333333332,48,AV,1,0,0,41,954.0002559944874,0.4,-2.5653036918376064,"0.3007676767676768,0.29511923076923074,0.35566666666666663,0.4,0.41,0.04713619507483592","0,0,0"
46.93333333333333,9,AV,2,0,0,84,566.7055292848979,0.9,-6.04485897903891,"0.24440229885057474,0.2906666666666667,0.33690350877192976,0.9,0.84,0.02800035137361163","0,0,0"
34.916666666666664,81,AV,1,0,0,74,1342.087988935639,0.2,-2.4667292397476124,"0.3227424242424242,0.3055878552971576,0.375031746031746,0.2,0.74,0.06631122041798494","0,0,0"
10.366666666666667,142,AV,0,0,0,25,2215.952556227922,0.4,-2.32040823227907,"0.28630092592592593,0.3230602836879433,0.3415128205128205,0.4,0.25,0.10948799154991444","0,0,0"
19.15,197,AV,1,0,0,26,3257.969850357721,0.4,-6.402032589328318,"0.2962365591397849,0.3144009661835749,0.36692857142857144,0.4,0.26,0.1609730201322744","0,0,0"
25.65,257,AV,0,0,0,54,5578.433439706214,0.4,-14.453213911966099,"0.26895312499999996,0.29040595238095235,0.3413518518518518,0.4,0.54,0.2756247969261546","0,0,0"
18.5,222,AV,1,0,0,25,3933.772930850901,0.3,-5.613242365207701,"0.2412023809523809,0.30192857142857144,0.35082407407407407,0.3,0.25,0.19436377200486682","0,0,0"
44.31666666666667,204,AV,1,0,0,96,3414.9419898187493,0.7,-26.851816185394103,"0.23447701149425285,0.27458633093525175,0.3424666666666667,0.7,0.96,0.16872885598290138","0,0,0"
44.86666666666667,25,AV,1,0,0,92,670.158540600369,0.2,-1.618574740148311,"0.23307812499999997,0.2963089430894309,0.35824666666666666,0.2,0.92,0.033111860822172434","0,0,0"
37.53333333333333,219,AV,0,0,0,79,3824.993837156676,0.3,-10.876118839996002,"0.23506666666666667,0.2764062500000001,0.3381666666666667,0.3,0.79,0.18898910617200515","0,0,0"
13.55,30,AV,1,0,0,2,783.6834518391023,0.7,-1.9770801870439103,"0.26859195402298847,0.3195869047619048,0.3713968253968254,0.7,0.02,0.038721012736313315","0,0,0"
40.11666666666667,153,AV,1,0,0,86,2403.836358207942,0.4,-9.840798172064842,"0.29420430107526885,0.30115931372549015,0.3561274509803922,0.4,0.86,0.11877114161815011","0,0,0"
31.283333333333335,102,AV,1,0,0,59,1594.6992934726818,0.4,-5.139142380215866,"0.2268494623655914,0.25836794871794866,0.330875,0.4,0.59,0.07879249141759738","0,0,0"
33.75,2,AV,2,0,0,47,437.5592869272848,0.2,-0.7458396936260537,"0.25445,0.3011086419753086,0.38233333333333336,0.2,0.47,0.021619365168734063","0,0,0"
13.1,185,AV,1,0,0,5,2966.188350320237,0.2,-2.06247815096945,"0.18534567901234567,0.272080378250591,0.31540151515151515,0.2,0.05,0.14655638908990856","0,0,0"
27.883333333333333,150,AV,1,0,0,51,2344.9936519099742,0.2,-3.402335336401841,"0.22781547619047618,0.26340189125295504,0.3476354166666667,0.2,0.51,0.1158637825630931","0,0,0"
33.9,223,AV,1,0,0,71,3942.222625638348,0.3,-10.224344470389392,"0.25046666666666667,0.2772494481236203,0.3727499999999999,0.3,0.71,0.19478126294296802","0,0,0"
12.95,155,AV,1,0,0,5,2476.7926805910606,1.0,-8.199612427690463,"0.26462162162162156,0.2785076923076923,0.3523550724637681,1.0,0.05,0.12237584027749006","0,0,0"
40.13333333333333,178,AV,1,0,0,86,2857.712092786687,0.2,-5.892399595480087,"0.2731231884057971,0.2885202702702702,0.36758771929824563,0.2,0.86,0.1411966860877753","0,0,0"
34.25,119,AV,0,0,0,69,1799.695682844959,0.1,-1.556554978218178,"0.25483333333333336,0.27626859504132234,0.3427200000000001,0.1,0.69,0.08892115725219493","0,0,0"
6.933333333333334,14,AV,0,0,0,7,600.3305173079323,0.1,-0.10510837340071542,"0.2292525252525253,0.29631071428571426,0.37189583333333337,0.1,0.07,0.029661728280885674","0,0,0"
22.266666666666666,207,AV,1,0,0,35,3531.3895067900216,0.1,-2.0856634600469146,"0.26378703703703704,0.29486689814814815,0.3521845238095238,0.1,0.35,0.17448241091273348","0,0,0"
38.7,251,AV,1,0,0,82,5168.6614957092925,0.1,-5.151191916261355,"0.22216666666666665,0.2717545045045045,0.33177450980392165,0.1,0.82,0.255378376480178","0,0,0"
26.75,71,AV,1,0,0,46,1200.7903182940884,0.1,-0.9111399246052236,"0.27331481481481484,0.3139090909090909,0.35684615384615376,0.1,0.46,0.05932984433854443","0,0,0"
17.316666666666666,75,AV,1,0,0,14,1275.9312017726234,0.1,-0.6579513967347457,"0.20285000000000003,0.25280263157894733,0.32142592592592595,0.1,0.14,0.06304247996886464","0,0,0"
45.43333333333333,260,AV,2,0,0,80,5807.233742044462,0.1,-6.66267642290118,"0.23546794871794868,0.28169580419580426,0.33039999999999997,0.1,0.8,0.28692959020732056","0,0,0"
17.616666666666667,115,AV,1,0,0,22,1723.69240549938,0.2,-1.6336219466438089,"0.2522117117117117,0.2666984732824427,0.33002499999999996,0.2,0.22,0.08516591160652838","0,0,0"
20.083333333333332,294,AV,1,0,0,29,14505.369879802229,1.0,-73.66469152004075,"0.313921568627451,0.32525623582766433,0.3490634920634921,1.0,0.29,0.7166957660553899","0,0,0"
29.266666666666666,167,AV,1,0,0,54,2744.255474143275,0.3,-6.184485621964129,"0.28394696969696975,0.29542136150234743,0.32348333333333334,0.3,0.54,0.13559090844222083","0,0,0"
7.016666666666667,187,AV,0,0,0,10,2971.291490045772,0.2,-1.0529576745027527,"0.28813999999999995,0.32177186761229315,0.37827777777777777,0.2,0.1,0.14680853010149164","0,0,0"
16.25,168,AV,1,0,0,12,2747.619709803412,0.2,-2.3549909234497703,"0.28918000000000005,0.307301912568306,0.3563686868686869,0.2,0.12,0.13575713194935043","0,0,0"
36.35,29,AV,1,0,0,75,761.8437659652793,0.6,-4.295912256490591,"0.2852555555555556,0.28783449074074074,0.3954166666666667,0.6,0.75,0.03764193577878302","0,0,0"
21.983333333333334,180,AV,1,0,0,34,2898.378436294527,0.5,-8.144951930708082,"0.25845402298850567,0.30412849872773534,0.3486666666666667,0.5,0.34,0.14320596930182183","0,0,0"
41.03333333333333,177,AV,1,0,0,89,2853.537244729806,0.3,-8.970465525915127,"0.2418186274509804,0.26991362530413626,0.3278947368421053,0.3,0.89,0.14099041103577145","0,0,0"
36.0,282,AV,0,0,0,74,8493.635575370567,0.1,-7.721486886700514,"0.25946969696969696,0.29303571428571434,0.3557156862745098,0.1,0.74,0.41966200832712014","0,0,0"
38.03333333333333,103,AV,1,0,0,83,1614.9493849180149,0.1,-1.651058289723447,"0.22864285714285715,0.29175779376498795,0.34698958333333335,0.1,0.83,0.0797930281099649","0,0,0"
18.583333333333332,0,AV,1,0,0,22,417.8295094645922,0.1,-0.2960774002748402,"0.2163190476190476,0.2677798507462687,0.3175277777777777,0.1,0.22,0.020644536667985786","0,0,0"
35.15,32,AV,2,0,0,61,806.3598325453933,0.1,-0.7157461644942065,"0.27217241379310353,0.3015995024875622,0.35080392156862744,0.1,0.61,0.039841429945686846","0,0,0"
46.166666666666664,122,AV,0,0,0,98,1830.3424648913517,0.5,-10.669294250313646,"0.22272916666666664,0.2583320209973754,0.30173809523809525,0.5,0.98,0.09043538399152518","0,0,0"
43.43333333333333,236,AV,1,0,0,91,4630.913868273173,0.4,-20.4167702705722,"0.22173437499999996,0.2705913978494623,0.32536956521739135,0.4,0.91,0.2288088059705391","0,0,0"
22.216666666666665,212,AV,0,0,0,48,3724.6301341612702,0.2,-4.179235664004186,"0.2895733333333333,0.3143632183908046,0.35389166666666666,0.2,0.48,0.1840302363466582","0,0,0"
27.016666666666666,94,AV,1,0,0,47,1519.7273932229994,0.9,-9.431356456115461,"0.21989855072463763,0.293237922705314,0.32585964912280707,0.9,0.47,0.07508820507899855","0,0,0"
40.233333333333334,72,AV,2,0,0,75,1205.4292211271013,0.3,-3.6741239138899275,"0.2126184210526316,0.2464475806451613,0.32803333333333334,0.3,0.75,0.059559047871243866","0,0,0"
23.066666666666666,141,AV,1,0,0,36,2187.907521251699,0.6,-7.746626286394827,"0.2694074074074074,0.3035634328358208,0.3788448275862069,0.6,0.36,0.10810231452182832","0,0,0"
25.866666666666667,23,AV,1,0,0,44,639.9143284368583,0.5,-2.189955887487383,"0.3347125,0.30534558823529406,0.3191547619047619,0.5,0.44,0.03161752465667753","0,0,0"
46.05,64,AV,2,0,0,91,1122.7546975855585,0.3,-3.9168828654405274,"0.23282539682539685,0.2599679487179487,0.33449999999999996,0.3,0.91,0.0554741826472708","0,0,0"
19.233333333333334,188,AV,1,0,0,23,3031.4508351358254,0.1,-1.5723460706004808,"0.26106666666666667,0.2892214611872146,0.3358518518518519,0.1,0.23,0.14978094295769478","0,0,0"
27.7,173,AV,1,0,0,47,2797.307504072895,0.6,-11.840214827699874,"0.24416666666666667,0.2684520383693046,0.33365151515151514,0.6,0.47,0.13821215599028547","0,0,0"
41.11666666666667,195,AV,1,0,0,87,3251.3322332141274,0.9,-30.48271446719414,"0.23812000000000008,0.27885623409669213,0.356263888888889,0.9,0.87,0.16064506213169047","0,0,0"
40.333333333333336,67,AV,2,0,0,83,1141.0395517097602,0.5,-5.810849568892298,"0.2744583333333333,0.2825689655172414,0.32205128205128203,0.5,0.83,0.056377618936200136","0,0,0"
26.1,12,AV,1,0,0,45,595.9176043698985,0.6,-2.456583253644599,"0.2927020202020202,0.2870271867612293,0.30687500000000006,0.6,0.45,0.029443690682060725","0,0,0"
28.416666666666668,44,AV,1,0,0,49,905.8209551718018,0.1,-0.7500104076464319,"0.23877083333333332,0.28863456790123454,0.3231376811594203,0.1,0.49,0.044755704180963","0,0,0"
15.966666666666667,65,AV,1,0,0,11,1129.1321270070612,0.8,-3.7421164231406223,"0.2377745098039216,0.2558598484848485,0.31756944444444446,0.8,0.11,0.05578928503366858","0,0,0"
34.25,249,AV,0,0,0,64,5144.150368411208,1.0,-44.4917045752737,"0.2309430894308943,0.2792545219638243,0.3381833333333333,1.0,0.64,0.25416730628332335","0,0,0"
31.5,252,AV,2,0,0,44,5386.149373461946,1.0,-42.84437001617457,"0.22966666666666666,0.2696021126760563,0.326452380952381,1.0,0.44,0.2661242342173697","0,0,0"
21.216666666666665,70,AV,1,0,0,30,1167.011530479414,0.4,-2.601019660438205,"0.31325238095238106,0.2880882352941176,0.31899122807017544,0.4,0.3,0.05766086833794136","0,0,0"
23.916666666666668,3,AV,1,0,0,36,477.1303205766694,0.1,-0.38816582913616193,"0.25904273504273506,0.2899382716049383,0.3600520833333334,0.1,0.36,0.02357453022208712","0,0,0"
27.85,109,AV,1,0,0,46,1661.9571573900298,0.1,-1.26882593013415,"0.2190555555555555,0.28372062350119903,0.3306428571428572,0.1,0.46,0.08211563496394797","0,0,0"
27.85,154,AV,1,0,0,52,2436.431929205765,0.4,-6.954002952361673,"0.2373988095238095,0.3215419501133786,0.3625,0.4,0.52,0.12038165606348158","0,0,0"
24.966666666666665,5,AV,1,0,0,42,508.6019702527906,0.5,-1.7032949314787043,"0.25079914529914527,0.3070345679012346,0.34034375000000006,0.5,0.42,0.025129512843044734","0,0,0"
42.2,210,AV,1,0,0,89,3630.005597296026,0.4,-15.573357192514374,"0.22771666666666665,0.2645534825870647,0.32640625,0.4,0.89,0.17935493295913799","0,0,0"
36.21666666666667,17,AV,2,0,0,52,615.3970356119416,0.1,-0.5628189218791032,"0.23372435897435895,0.2778553719008265,0.3313771929824562,0.1,0.52,0.030406149827330708","0,0,0"
37.15,90,AV,1,0,0,77,1474.5167950508735,0.5,-7.016451885876256,"0.316359375,0.3272692307692308,0.3683333333333333,0.5,0.77,0.07285439480326665","0,0,0"
25.716666666666665,217,AV,1,0,0,43,3783.636689084741,0.2,-5.01426886469508,"0.2554137931034483,0.3085197530864197,0.33846875000000004,0.2,0.43,0.18694569099783895","0,0,0"
41.016666666666666,34,AV,0,0,0,87,850.3216016091212,0.1,-0.8807413558754409,"0.28612777777777776,0.3029197994987468,0.35159876543209884,0.1,0.87,0.04201353682867991","0,0,0"
36.0,238,AV,1,0,0,73,4660.29795945294,0.3,-12.809903525780742,"0.22995370370370372,0.27136352657004836,0.32258333333333333,0.3,0.73,0.23026064442157015","0,0,0"
22.3,225,AV,0,0,0,49,4104.202624979457,0.2,-4.622410027123329,"0.23490229885057468,0.2971504975124378,0.3077777777777779,0.2,0.49,0.20278453212365097","0,0,0"
11.733333333333333,22,AV,0,0,0,28,632.5893922142865,0.2,-0.3748677879788364,"0.23434999999999997,0.29827037037037035,0.34925555555555554,0.2,0.28,0.031255606910295004","0,0,0"
38.35,82,AV,1,0,0,80,1348.5865378412918,0.4,-5.324070073354903,"0.24433771929824563,0.28406361323155216,0.3717301587301587,0.4,0.8,0.0666323071965214","0,0,0"
40.88333333333333,285,AV,0,0,0,86,9095.945853089892,0.4,-37.562887504426776,"0.2519188034188034,0.2915286458333334,0.33612280701754393,0.4,0.86,0.44942155458275634","0,0,0"
28.633333333333333,248,AV,2,0,0,41,4967.653125719208,0.1,-3.591931005886195,"0.3171075268817205,0.33636513994910944,0.35757407407407416,0.1,0.41,0.24544675468029653","0,0,0"
32.71666666666667,134,AV,1,0,0,68,2022.4315636845977,0.1,-1.7708893768993543,"0.3143939393939394,0.3154314420803783,0.36639583333333337,0.1,0.68,0.09992631355425287","0,0,0"
27.85,80,AV,1,0,0,49,1323.5149786113286,0.3,-2.8924160722973866,"0.3131149425287356,0.2916195652173913,0.37668115942028985,0.3,0.49,0.06539354662044386","0,0,0"
30.916666666666668,258,AV,1,0,0,59,5611.673516276995,0.2,-8.862335330550358,"0.3498928571428571,0.3341348039215687,0.39521153846153845,0.2,0.59,0.27726715574492605","0,0,0"
15.516666666666667,133,AV,1,0,0,11,2011.9739719035176,0.3,-2.4650855654572914,"0.2194615384615384,0.2544086757990867,0.3471481481481481,0.3,0.11,0.09940961444111464","0,0,0"
32.666666666666664,42,AV,1,0,0,67,902.2448599555772,0.3,-2.3328281887789535,"0.2764358974358974,0.3101979166666667,0.3764166666666667,0.3,0.67,0.04457901290582028","0,0,0"
23.883333333333333,74,AV,1,0,0,35,1269.7848662283686,0.1,-0.8658256369129849,"0.26680303030303026,0.308021144278607,0.3667380952380952,0.1,0.35,0.06273879569898216","0,0,0"
30.416666666666668,128,AV,1,0,0,60,1921.5023446668008,0.7,-10.431309955016152,"0.20627604166666672,0.2604486215538848,0.3382543859649123,0.7,0.6,0.09493950214987396","0,0,0"
31.8,233,AV,1,0,0,63,4569.840806868062,0.2,-7.439441295879008,"0.24044642857142862,0.25196253229974164,0.32484090909090907,0.2,0.63,0.22579124730834796","0,0,0"
13.05,33,AV,1,0,0,1,827.3783452591958,0.2,-0.6453175457390155,"0.24239247311827955,0.27174941724941726,0.32897916666666666,0.2,0.01,0.040879933561629736","0,0,0"
19.116666666666667,93,AV,1,0,0,25,1517.942512651984,0.1,-0.832777803877031,"0.2094791666666667,0.24392729306487695,0.325,0.1,0.25,0.07500001592155126","0,0,0"
26.5,151,AV,1,0,0,45,2382.718205806423,0.2,-3.2889915380742534,"0.2178285714285714,0.27583950617283953,0.34986666666666666,0.2,0.45,0.1177277149052501","0,0,0"
20.516666666666666,1,AV,0,0,0,48,424.9057127261393,0.3,-0.6604279449064109,"0.23230555555555554,0.2760072463768116,0.3180158730158731,0.3,0.48,0.02099416476842877","0,0,0"
25.05,55,AV,1,0,0,44,1038.299283744561,0.1,-0.7568029560050823,"0.30257142857142855,0.31136384976525827,0.3678333333333334,0.1,0.44,0.051301325421163044","0,0,0"
24.583333333333332,247,AV,1,0,0,29,4950.268578812107,0.9,-27.75775058237825,"0.26642,0.2925195402298851,0.33539166666666664,0.9,0.29,0.24458780166728444","0,0,0"
32.36666666666667,87,AV,0,0,0,63,1444.5182772575097,0.1,-1.1806626660076112,"0.19913999999999998,0.2521421911421911,0.29478125,0.1,0.63,0.07137219814998598","0,0,0"
8.616666666666667,99,AV,0,0,0,11,1581.438059619256,0.7,-2.408764451920071,"0.28067187499999996,0.316530193236715,0.34719166666666673,0.7,0.11,0.07813726716380881","0,0,0"
46.13333333333333,114,AV,1,0,0,99,1716.9764066453156,0.1,-2.1002486084150815,"0.2630656565656565,0.2791641414141413,0.3516439393939394,0.1,0.99,0.08483408084430542","0,0,0"
21.416666666666668,182,AV,1,0,0,33,2942.323800284961,0.3,-4.873846064856282,"0.25211904761904763,0.26553875968992247,0.29487500000000005,0.3,0.33,0.14537726562660996","0,0,0"
23.833333333333332,47,AV,0,0,0,51,943.1907669438916,0.2,-1.1353222194694992,"0.2353277777777777,0.26695454545454544,0.33279710144927527,0.2,0.51,0.046602109070826375","0,0,0"
21.666666666666668,246,AV,1,0,0,34,4934.883137056144,0.1,-2.8000623224633787,"0.2992008547008547,0.3063285714285714,0.3606363636363637,0.1,0.34,0.2438276224331965","0,0,0"
44.71666666666667,131,AV,1,0,0,93,1929.5758599688188,0.4,-8.815575811946703,"0.27531981981981984,0.28584987277353696,0.3180454545454545,0.4,0.93,0.09533840643718873","0,0,0"
21.883333333333333,137,AV,1,0,0,34,2123.4400354784907,1.0,-11.834329825687114,"0.26344086021505375,0.26488480392156866,0.3352583333333333,1.0,0.34,0.10491704075874904","0,0,0"
