travel_time,id,kind,action,origin,destination,start_time,income,urgency,reward,cost_table
23.366666666666667,47,AV,1,0,0,53,803.0093289227823,1,-1.9545470124127442,"0,0,0"
11.95,151,AV,1,0,0,32,431.5545596554155,2,-1.074391039142128,"0,0,0"
21.15,114,AV,1,0,0,51,3945.348275410578,3,-26.076286257791786,"0,0,0"
30.983333333333334,210,AV,2,0,0,65,146.50232543619936,1,-0.4728260815727337,"0,0,0"
30.633333333333333,126,AV,0,0,0,74,1770.5778625761595,2,-11.39972955352424,"0,0,0"
10.916666666666666,160,AV,1,0,0,33,122.3951650093391,3,-0.41754600563081823,"0,0,0"
31.1,193,AV,1,0,0,74,604.6936383004129,2,-3.917910864821425,"0,0,0"
9.65,249,AV,0,0,0,30,397.9556521399297,6,-2.500170026968951,"0,0,0"
21.616666666666667,291,AV,0,0,0,52,316.7820495087218,2,-1.5266191604611534,"0,0,0"
23.55,279,AV,0,0,0,54,1034.2754485085857,3,-7.711620878867873,"0,0,0"
22.45,181,AV,0,0,0,53,304.45215475794447,2,-1.523948098815803,"0,0,0"
23.766666666666666,225,AV,0,0,0,53,2108.112350525404,2,-10.538084068920924,"0,0,0"
7.916666666666667,293,AV,1,0,0,7,1308.8239993104885,2,-2.158650693307229,"0,0,0"
10.366666666666667,174,AV,2,0,0,28,63.21977046916082,3,-0.20480571474905224,"0,0,0"
10.466666666666667,187,AV,1,0,0,29,216.68994521979357,2,-0.4725044638820499,"0,0,0"
10.033333333333333,243,AV,1,0,0,25,787.1715220388722,2,-1.6454071398173649,"0,0,0"
11.7,141,AV,1,0,0,33,448.5456012777513,4,-2.1866598062290374,"0,0,0"
34.5,162,AV,2,0,0,85,530.5096238130133,4,-7.626075842312065,"0,0,0"
8.35,131,AV,0,0,0,27,463.5609856948989,2,-0.9064029646984177,"0,0,0"
12.5,120,AV,2,0,0,32,968.3977162602168,1,-1.2609345263804907,"0,0,0"
22.183333333333334,62,AV,0,0,0,52,544.0547443550604,2,-2.6143641136686995,"0,0,0"
17.066666666666666,100,AV,0,0,0,43,833.028471638836,2,-3.061879010271417,"0,0,0"
16.6,172,AV,2,0,0,42,2533.176014567522,1,-4.3802835251896735,"0,0,0"
27.216666666666665,63,AV,1,0,0,59,363.9754018210222,5,-5.159477701160844,"0,0,0"
7.583333333333333,298,AV,1,0,0,20,461.2287786839295,10,-3.6433870538400677,"0,0,0"
13.7,97,AV,2,0,0,33,2225.755620366848,5,-15.881693749492612,"0,0,0"
28.35,103,AV,1,0,0,62,494.8414322817401,1,-1.4613286047070138,"0,0,0"
21.116666666666667,117,AV,2,0,0,50,1984.2288670579555,1,-4.364614539170884,"0,0,0"
24.6,271,AV,1,0,0,55,42.445954508197325,1,-0.10876775842725564,"0,0,0"
19.733333333333334,154,AV,0,0,0,49,3839.265238466288,5,-39.55911495090351,"0,0,0"
17.983333333333334,297,AV,2,0,0,43,294.53721614559083,2,-1.1034918618787934,"0,0,0"
14.25,158,AV,1,0,0,41,768.8548914264984,4,-4.565075917844834,"0,0,0"
7.683333333333334,52,AV,1,0,0,25,218.4509775743674,5,-0.8741831654668696,"0,0,0"
11.716666666666667,106,AV,1,0,0,34,745.476369685405,1,-0.909843555362569,"0,0,0"
15.516666666666667,170,AV,1,0,0,39,30.054552993917728,2,-0.09715551679631043,"0,0,0"
13.483333333333333,128,AV,0,0,0,39,572.4202749773186,1,-0.9039722264872408,"0,0,0"
7.883333333333334,211,AV,1,0,0,27,130.78465666521578,1,-0.10739781701848448,"0,0,0"
10.666666666666666,95,AV,2,0,0,25,566.5243744371911,5,-3.147357635762172,"0,0,0"
19.583333333333332,178,AV,1,0,0,48,492.873449571689,1,-1.0054276098033585,"0,0,0"
16.65,7,AV,0,0,0,44,920.8647338694982,1,-1.6971247728049108,"0,0,0"
18.95,69,AV,0,0,0,46,840.8410612726723,3,-5.079355659724106,"0,0,0"
13.883333333333333,163,AV,2,0,0,36,57.28193915625323,1,-0.08284002659228983,"0,0,0"
16.0,24,AV,2,0,0,42,1328.242730468568,3,-6.64121365234284,"0,0,0"
24.916666666666668,29,AV,0,0,0,57,984.5536619423616,3,-7.766186065644952,"0,0,0"
25.05,179,AV,2,0,0,54,125.63623276935256,1,-0.32783204488252937,"0,0,0"
17.966666666666665,214,AV,1,0,0,44,202.1671703328395,3,-1.1350844250979215,"0,0,0"
25.466666666666665,283,AV,0,0,0,57,466.6387223384215,6,-7.527332997219874,"0,0,0"
31.083333333333332,35,AV,2,0,0,68,2508.862052408416,1,-8.123312027329332,"0,0,0"
20.35,198,AV,1,0,0,49,783.8794127097556,9,-14.954949420603306,"0,0,0"
27.266666666666666,264,AV,2,0,0,57,5784.369429856904,10,-164.29215950079677,"0,0,0"
24.65,232,AV,1,0,0,55,77.3205034620968,5,-0.992682505385774,"0,0,0"
16.483333333333334,146,AV,2,0,0,39,414.8251582270943,1,-0.712260558136452,"0,0,0"
26.316666666666666,28,AV,2,0,0,56,128.9705579675829,4,-1.4141979932695374,"0,0,0"
20.216666666666665,269,AV,1,0,0,50,642.8051709354133,2,-2.7073703900856123,"0,0,0"
29.233333333333334,3,AV,0,0,0,65,5031.906310169041,5,-76.71426795170571,"0,0,0"
16.466666666666665,182,AV,1,0,0,43,2356.6239767387897,5,-20.2113236893917,"0,0,0"
15.85,83,AV,0,0,0,43,1394.1294719570767,1,-2.401765846929132,"0,0,0"
13.4,144,AV,1,0,0,36,343.40004820457364,5,-2.396646169761087,"0,0,0"
29.466666666666665,148,AV,2,0,0,67,974.2582375089823,2,-5.980863069152364,"0,0,0"
12.7,135,AV,2,0,0,33,2285.8845778904138,1,-3.024034806167526,"0,0,0"
16.633333333333333,102,AV,0,0,0,44,184.70224385738888,1,-0.42002229057235085,"0,0,0"
16.3,55,AV,1,0,0,39,679.8899681104378,3,-3.4631895250625426,"0,0,0"
12.116666666666667,15,AV,1,0,0,35,154.2701607479601,1,-0.19471251191626215,"0,0,0"
23.033333333333335,77,AV,0,0,0,52,1962.140690822222,7,-33.054425421899616,"0,0,0"
30.216666666666665,278,AV,1,0,0,69,119.90264734729368,3,-1.132205727295018,"0,0,0"
21.133333333333333,156,AV,0,0,0,52,879.4569147307811,1,-2.0360266803448446,"0,0,0"
20.783333333333335,36,AV,2,0,0,48,1476.4370889593283,4,-12.785535068974184,"0,0,0"
20.65,268,AV,0,0,0,50,171.15878971364504,5,-1.9408484414514424,"0,0,0"
22.083333333333332,19,AV,2,0,0,49,276.83741534969,4,-2.5472887176273558,"0,0,0"
18.05,130,AV,2,0,0,43,1436.3967163814054,2,-5.401450152225911,"0,0,0"
24.8,167,AV,0,0,0,56,1093.203701105051,10,-28.341095611880487,"0,0,0"
31.2,22,AV,2,0,0,70,184.16464873139336,2,-1.197070216754057,"0,0,0"
31.783333333333335,201,AV,2,0,0,73,2627.59696502592,5,-43.496765731809276,"0,0,0"
13.266666666666667,219,AV,0,0,0,38,127.88883641009588,1,-0.2767352669833964,"0,0,0"
8.583333333333334,236,AV,2,0,0,14,88.88131449909257,10,-0.794685364010984,"0,0,0"
25.466666666666665,16,AV,1,0,0,56,99.21817886091677,6,-1.579222680202925,"0,0,0"
24.083333333333332,50,AV,1,0,0,54,575.1506531095453,2,-2.885738519941989,"0,0,0"
26.25,51,AV,0,0,0,60,502.2305276133777,5,-6.966432994714148,"0,0,0"
26.266666666666666,280,AV,1,0,0,58,158.6453765370725,5,-2.17035688734745,"0,0,0"
20.5,202,AV,0,0,0,51,5817.004719747628,7,-87.05210180039423,"0,0,0"
31.083333333333332,101,AV,0,0,0,71,399.1768206980226,1,-1.3924735600725906,"0,0,0"
31.65,30,AV,1,0,0,85,751.2181641591902,9,-22.290051464660973,"0,0,0"
27.25,85,AV,2,0,0,58,409.2186221552265,6,-6.969504658581201,"0,0,0"
13.983333333333333,42,AV,1,0,0,38,399.2352950386727,1,-0.5815250217664,"0,0,0"
19.766666666666666,205,AV,0,0,0,49,1007.7329331621582,2,-4.249900203924721,"0,0,0"
19.35,272,AV,0,0,0,48,41.97637947099244,2,-0.26921727974243825,"0,0,0"
23.1,149,AV,2,0,0,52,1479.2287287157783,1,-3.5593941284723414,"0,0,0"
21.466666666666665,224,AV,1,0,0,51,2272.1000265325147,4,-20.322672459540826,"0,0,0"
23.5,221,AV,0,0,0,54,354.44326488984905,1,-0.9676475755116096,"0,0,0"
21.4,287,AV,0,0,0,50,313.48458442864603,10,-7.088093861221901,"0,0,0"
8.833333333333334,230,AV,1,0,0,25,1058.1013598754355,1,-0.9736002096076056,"0,0,0"
18.016666666666666,79,AV,1,0,0,44,663.4811418636766,9,-11.206611161791162,"0,0,0"
15.733333333333333,285,AV,1,0,0,42,158.9425618344063,5,-1.3024459928097178,"0,0,0"
14.4,195,AV,2,0,0,35,117.59086405300458,2,-0.35277259215901374,"0,0,0"
27.783333333333335,137,AV,0,0,0,63,107.2916859288986,2,-0.7210251404287291,"0,0,0"
21.233333333333334,169,AV,2,0,0,49,3870.517680646302,1,-8.560832508929495,"0,0,0"
31.7,166,AV,2,0,0,65,871.3191239918823,10,-28.771683573481944,"0,0,0"
30.0,108,AV,2,0,0,64,31.53579693808168,10,-0.9854936543150525,"0,0,0"
10.85,228,AV,0,0,0,35,3330.4760607564044,3,-11.392395393502182,"0,0,0"
14.633333333333333,161,AV,2,0,0,37,130.8620224974598,5,-0.9973685395205703,"0,0,0"
24.2,111,AV,2,0,0,53,971.3026994406453,5,-12.242461107533131,"0,0,0"
10.883333333333333,223,AV,2,0,0,31,8339.102086219797,2,-18.907755771880304,"0,0,0"
32.9,244,AV,2,0,0,85,327.9812238700901,2,-2.2480379719429093,"0,0,0"
18.35,20,AV,0,0,0,46,329.1128778114398,1,-0.7290855528999917,"0,0,0"
9.0,242,AV,2,0,0,20,531.1705685276233,1,-0.4979724079946468,"0,0,0"
17.683333333333334,290,AV,0,0,0,45,820.6009539766088,5,-7.657791772301927,"0,0,0"
12.35,38,AV,0,0,0,36,1499.775561030469,4,-7.8175950744692875,"0,0,0"
15.966666666666667,76,AV,1,0,0,42,840.3276238214532,2,-2.795256470906084,"0,0,0"
32.71666666666667,252,AV,2,0,0,78,787.2966827284853,2,-5.366192320125059,"0,0,0"
26.15,80,AV,1,0,0,57,240.04515875028883,1,-0.6538730105541721,"0,0,0"
24.233333333333334,98,AV,0,0,0,56,141.49505089766882,4,-1.5287069722584061,"0,0,0"
29.05,265,AV,0,0,0,66,2342.96246273936,1,-7.18990203568525,"0,0,0"
15.616666666666667,31,AV,0,0,0,43,1722.8772063303056,8,-22.521332532381898,"0,0,0"
19.6,61,AV,2,0,0,44,591.9373343809685,2,-2.4170774487222886,"0,0,0"
15.6,92,AV,0,0,0,42,108.0200955086696,3,-0.6265979656047642,"0,0,0"
30.45,68,AV,2,0,0,64,1984.527452647332,1,-6.294673013865756,"0,0,0"
13.216666666666667,234,AV,1,0,0,37,589.8964011874154,4,-3.248526709316809,"0,0,0"
25.816666666666666,27,AV,1,0,0,56,310.4321718130521,1,-0.8348254064903085,"0,0,0"
29.05,65,AV,1,0,0,63,1123.745243340676,1,-3.4004999290673585,"0,0,0"
24.6,0,AV,1,0,0,55,169.82949868332335,1,-0.4351880903760161,"0,0,0"
30.8,180,AV,1,0,0,71,478.5239287445675,3,-4.605792814166462,"0,0,0"
16.866666666666667,197,AV,2,0,0,43,2497.032767507091,3,-13.16144354540196,"0,0,0"
24.8,296,AV,1,0,0,54,1951.0074674158752,1,-5.040102624157678,"0,0,0"
16.316666666666666,257,AV,0,0,0,43,50.01254647187068,5,-0.525019817673276,"0,0,0"
9.266666666666667,207,AV,0,0,0,29,4600.328226155114,1,-4.540594607191395,"0,0,0"
31.066666666666666,123,AV,1,0,0,72,1784.5292360016556,1,-5.7749348887275795,"0,0,0"
29.283333333333335,11,AV,1,0,0,62,5418.173617588036,4,-66.10924337570958,"0,0,0"
12.116666666666667,99,AV,1,0,0,34,1368.7940705071314,4,-6.91050895318531,"0,0,0"
26.316666666666666,125,AV,1,0,0,55,344.4638177112048,5,-4.721426806996462,"0,0,0"
29.983333333333334,124,AV,1,0,0,63,4571.829841275072,6,-85.67418629639432,"0,0,0"
17.15,209,AV,0,0,0,44,2081.2855425767225,1,-3.818129901582374,"0,0,0"
12.5,33,AV,0,0,0,36,62.02784652287068,3,-0.34229627547996366,"0,0,0"
19.3,105,AV,2,0,0,46,202.2958965901006,9,-3.6602913789271323,"0,0,0"
18.15,119,AV,1,0,0,46,441.87767076878,3,-2.506274913891674,"0,0,0"
19.016666666666666,288,AV,2,0,0,45,2014.3195486686295,1,-3.9901711892897676,"0,0,0"
12.783333333333333,270,AV,0,0,0,37,590.9041825532863,1,-0.8868463680874489,"0,0,0"
21.733333333333334,87,AV,1,0,0,50,162.5748283320654,1,-0.36805134747398144,"0,0,0"
27.733333333333334,203,AV,0,0,0,60,1177.4513766715168,5,-17.107630996366357,"0,0,0"
18.583333333333332,53,AV,2,0,0,44,67.80233451553863,1,-0.1312493107375444,"0,0,0"
20.083333333333332,258,AV,0,0,0,47,1169.4570636721417,2,-4.993040839322676,"0,0,0"
19.85,107,AV,2,0,0,44,239.0179087759181,9,-4.447973896126851,"0,0,0"
9.716666666666667,70,AV,1,0,0,28,776.9842538847105,1,-0.7864267708590039,"0,0,0"
20.4,133,AV,2,0,0,46,4563.469026318328,2,-19.394743361852893,"0,0,0"
18.883333333333333,66,AV,2,0,0,44,204.67968930853365,1,-0.40260779164334837,"0,0,0"
27.95,34,AV,1,0,0,60,785.2592791792863,3,-6.858749016581578,"0,0,0"
16.833333333333332,25,AV,0,0,0,44,120.02031408549192,5,-1.152261434256483,"0,0,0"
16.7,82,AV,0,0,0,43,230.41444288986912,2,-0.901650249221003,"0,0,0"
9.7,159,AV,1,0,0,30,365.91587512908507,1,-0.3697274988283463,"0,0,0"
9.333333333333334,284,AV,0,0,0,31,320.06022134041564,2,-0.7223393192730304,"0,0,0"
18.966666666666665,150,AV,0,0,0,47,739.770865126007,1,-1.5615611883913125,"0,0,0"
16.516666666666666,231,AV,2,0,0,40,61.15000286461345,3,-0.3156231918689163,"0,0,0"
29.8,59,AV,1,0,0,66,734.9413774948675,6,-13.688283155841908,"0,0,0"
9.683333333333334,246,AV,0,0,0,31,15616.341960789872,4,-63.107601939020256,"0,0,0"
10.6,165,AV,0,0,0,34,575.6795480601505,1,-0.7356461676497495,"0,0,0"
30.083333333333332,217,AV,0,0,0,72,10811.962905776472,4,-135.62495170087868,"0,0,0"
23.883333333333333,143,AV,0,0,0,54,38.6447498905098,2,-0.2922844673371547,"0,0,0"
14.383333333333333,263,AV,0,0,0,40,382.0774493090788,10,-5.824528450585677,"0,0,0"
20.633333333333333,289,AV,1,0,0,48,2784.710072629219,5,-29.92596414856748,"0,0,0"
19.95,261,AV,1,0,0,45,84.2883779482098,1,-0.17516178542362348,"0,0,0"
16.05,239,AV,2,0,0,41,838.3186745101701,1,-1.4015640339466908,"0,0,0"
26.733333333333334,41,AV,0,0,0,59,246.2791552282016,2,-1.4716380728681786,"0,0,0"
26.516666666666666,14,AV,1,0,0,57,841.5283253803161,1,-2.3244298015279217,"0,0,0"
12.683333333333334,240,AV,1,0,0,35,1718.1908826036183,1,-2.270040384828739,"0,0,0"
33.36666666666667,185,AV,2,0,0,75,587.645010447796,1,-2.0424744981189025,"0,0,0"
33.0,139,AV,1,0,0,98,1626.375456099421,2,-11.18133126068352,"0,0,0"
12.183333333333334,9,AV,0,0,0,35,550.6946902367042,1,-0.7988851016719285,"0,0,0"
21.05,49,AV,1,0,0,51,613.3437180047252,1,-1.344883881666611,"0,0,0"
27.833333333333332,132,AV,1,0,0,60,328.6895059211862,1,-0.9529713105701059,"0,0,0"
21.483333333333334,8,AV,1,0,0,49,767.3976080113814,5,-8.58659302714124,"0,0,0"
30.6,164,AV,2,0,0,63,152.23574492873516,9,-4.36726293264309,"0,0,0"
13.45,21,AV,0,0,0,38,126.7061241991229,7,-1.3426439159736896,"0,0,0"
11.733333333333333,104,AV,0,0,0,34,1264.489952586864,5,-7.827438599141947,"0,0,0"
11.766666666666667,277,AV,2,0,0,31,143.90331408704745,1,-0.17638149261363803,"0,0,0"
19.116666666666667,168,AV,0,0,0,47,521.1431683421774,1,-1.1377625244591625,"0,0,0"
7.85,204,AV,0,0,0,15,388.2431385130586,4,-1.3698785988864626,"0,0,0"
25.516666666666666,136,AV,1,0,0,55,1378.109706782255,3,-10.988989380643917,"0,0,0"
6.833333333333333,281,AV,0,0,0,20,4342.703629303418,6,-18.646963416816682,"0,0,0"
11.7,84,AV,1,0,0,30,269.8898673920239,1,-0.3289282758840291,"0,0,0"
31.0,57,AV,0,0,0,74,156.28310263609694,3,-1.6139925567871893,"0,0,0"
19.1,191,AV,0,0,0,47,341.5752338740841,1,-0.7795923923953132,"0,0,0"
26.316666666666666,140,AV,0,0,0,56,229.3862477303203,1,-0.7288209811912773,"0,0,0"
14.383333333333333,213,AV,1,0,0,41,3393.532030022936,1,-5.0844064963711695,"0,0,0"
19.633333333333333,260,AV,1,0,0,46,45.71626857969611,6,-0.5609767123633542,"0,0,0"
26.216666666666665,171,AV,1,0,0,57,4238.798478728168,1,-11.575746539998974,"0,0,0"
26.466666666666665,26,AV,1,0,0,58,105.23872167264082,10,-2.9013730905582227,"0,0,0"
31.15,157,AV,2,0,0,66,620.7469369732364,10,-20.14194488199616,"0,0,0"
9.816666666666666,113,AV,2,0,0,25,81.98663065503159,3,-0.2515110700823625,"0,0,0"
31.166666666666668,138,AV,1,0,0,83,4444.7577609881455,1,-14.430029536541376,"0,0,0"
27.25,110,AV,2,0,0,57,1232.1562192983529,5,-17.48763384160423,"0,0,0"
10.183333333333334,109,AV,2,0,0,21,546.6401053205255,7,-4.058992587597027,"0,0,0"
12.833333333333334,238,AV,2,0,0,32,2429.416152827149,1,-3.2476570098557374,"0,0,0"
27.283333333333335,39,AV,1,0,0,60,12228.630986459028,1,-34.75393910561359,"0,0,0"
16.9,56,AV,0,0,0,45,3342.4645675180427,2,-11.868260664803106,"0,0,0"
31.983333333333334,118,AV,2,0,0,76,5591.319420847654,6,-111.76814550631927,"0,0,0"
31.516666666666666,155,AV,0,0,0,79,356.59471322411,10,-11.806954908104027,"0,0,0"
17.6,254,AV,0,0,0,45,1704.9720883013536,4,-12.603128647543258,"0,0,0"
10.5,194,AV,1,0,0,31,553.5870920623378,8,-4.843887055545455,"0,0,0"
19.95,93,AV,0,0,0,48,76.40640328900129,7,-1.2114743978446905,"0,0,0"
24.65,251,AV,1,0,0,55,1201.0672562607265,8,-24.671923222355755,"0,0,0"
9.6,173,AV,1,0,0,29,740.6719232962039,4,-2.962687693184815,"0,0,0"
18.366666666666667,294,AV,0,0,0,46,742.687316527077,2,-2.9418104958779128,"0,0,0"
19.716666666666665,220,AV,2,0,0,46,243.3250085368373,5,-2.4987281692628343,"0,0,0"
23.966666666666665,6,AV,2,0,0,52,144.4229375488867,3,-1.0816676260171825,"0,0,0"
34.43333333333333,190,AV,2,0,0,78,169.7890214745277,1,-0.6090002054971773,"0,0,0"
12.733333333333333,37,AV,0,0,0,35,204.1141987594573,1,-0.3707348052990024,"0,0,0"
23.5,122,AV,0,0,0,53,128.5262902949931,1,-0.41462164811795177,"0,0,0"
30.183333333333334,90,AV,2,0,0,61,150.17494538557966,2,-0.9443292572683499,"0,0,0"
8.983333333333333,134,AV,0,0,0,25,1644.3864154481514,5,-7.79378713477911,"0,0,0"
24.983333333333334,45,AV,2,0,0,53,930.7756720309033,1,-2.4222790492609794,"0,0,0"
10.033333333333333,188,AV,2,0,0,27,131.58589862126638,6,-0.8251532392708579,"0,0,0"
18.083333333333332,229,AV,1,0,0,45,4152.796729507043,9,-70.40288205492409,"0,0,0"
12.65,1,AV,1,0,0,32,903.7762074279464,4,-4.763653759984801,"0,0,0"
24.083333333333332,286,AV,1,0,0,54,425.3170040894976,2,-2.1339689962129307,"0,0,0"
32.483333333333334,247,AV,2,0,0,80,33.11520495706996,5,-0.560256375532373,"0,0,0"
26.983333333333334,216,AV,1,0,0,58,7023.139561346669,2,-39.48077413132034,"0,0,0"
26.733333333333334,196,AV,0,0,0,60,133.4659453520906,1,-0.4716655839318634,"0,0,0"
12.25,17,AV,1,0,0,34,1234.7290522409355,5,-7.877828588516386,"0,0,0"
28.066666666666666,78,AV,1,0,0,60,121.1666687229946,8,-2.833953751798929,"0,0,0"
18.416666666666668,250,AV,2,0,0,43,50.872414683210096,2,-0.1951875632810665,"0,0,0"
28.2,184,AV,1,0,0,57,787.2200490673971,6,-13.874753364812873,"0,0,0"
24.85,299,AV,1,0,0,55,4247.155666038457,4,-43.975757625439854,"0,0,0"
10.583333333333334,245,AV,2,0,0,28,982.5207652205596,5,-5.415804565234855,"0,0,0"
23.583333333333332,222,AV,2,0,0,52,1339.7830062072046,1,-3.291307211429157,"0,0,0"
30.366666666666667,18,AV,2,0,0,64,2991.533314975396,2,-18.92560312460129,"0,0,0"
27.166666666666668,89,AV,1,0,0,57,985.1950096193456,2,-5.575930089165046,"0,0,0"
12.1,129,AV,1,0,0,34,643.7584247618538,6,-4.868423087261519,"0,0,0"
12.866666666666667,276,AV,0,0,0,37,399.9419958738322,1,-0.6360333694697891,"0,0,0"
28.5,64,AV,1,0,0,61,1051.5706190831222,10,-31.21850275403019,"0,0,0"
9.9,152,AV,2,0,0,22,25.103227889057084,4,-0.10355081504236047,"0,0,0"
19.883333333333333,241,AV,1,0,0,48,969.3554624124304,3,-6.023130555510569,"0,0,0"
21.866666666666667,266,AV,0,0,0,52,486.7193299844117,1,-1.2086384738533822,"0,0,0"
8.483333333333333,60,AV,0,0,0,21,5573.388120572773,1,-5.025094710714481,"0,0,0"
28.566666666666666,10,AV,0,0,0,64,448.9262267831581,7,-9.451070953028351,"0,0,0"
10.233333333333333,127,AV,1,0,0,30,1755.0673304888326,2,-3.741706044861608,"0,0,0"
12.583333333333334,81,AV,0,0,0,38,298.9580017115728,2,-0.8837267058758246,"0,0,0"
16.65,192,AV,0,0,0,43,320.7965168913313,2,-1.2127629179668054,"0,0,0"
7.816666666666666,4,AV,0,0,0,17,1116.1541548808557,4,-3.735252073882787,"0,0,0"
31.0,183,AV,2,0,0,68,322.6904118347526,2,-2.084042243099444,"0,0,0"
22.6,116,AV,0,0,0,53,99.48363440118514,2,-0.5684021119722468,"0,0,0"
16.383333333333333,32,AV,2,0,0,41,6889.440575807377,8,-94.0600011947035,"0,0,0"
12.15,72,AV,1,0,0,34,1361.9532728152676,1,-1.7237221109068233,"0,0,0"
33.46666666666667,273,AV,1,0,0,84,6424.431240070765,1,-22.39628112858003,"0,0,0"
21.466666666666665,44,AV,0,0,0,51,6548.308069009755,2,-29.385488864182516,"0,0,0"
33.4,176,AV,2,0,0,76,3513.7273179884605,2,-24.449685921003038,"0,0,0"
29.716666666666665,46,AV,1,0,0,64,831.0610558222916,2,-5.145075911566479,"0,0,0"
13.516666666666667,235,AV,0,0,0,39,14168.539128501588,1,-20.049106307664566,"0,0,0"
22.5,295,AV,0,0,0,52,839.0520067047356,1,-2.066528140714224,"0,0,0"
14.883333333333333,58,AV,2,0,0,35,934.9678973273412,3,-4.3485746474651865,"0,0,0"
24.716666666666665,200,AV,1,0,0,55,139.4956714174783,1,-0.3591529179029866,"0,0,0"
25.3,262,AV,1,0,0,53,290.67393591175164,2,-1.5320938705348577,"0,0,0"
9.3,96,AV,0,0,0,27,870.9853842808059,5,-4.318835455110153,"0,0,0"
20.0,212,AV,0,0,0,50,3495.7009103258133,3,-21.948130689536335,"0,0,0"
25.55,275,AV,0,0,0,56,186.6225394776352,2,-1.0933762257611626,"0,0,0"
9.566666666666666,94,AV,2,0,0,21,1462.3702856022126,3,-4.3718778329982815,"0,0,0"
23.833333333333332,186,AV,0,0,0,53,1104.8145737821612,4,-11.071422503531183,"0,0,0"
29.283333333333335,215,AV,0,0,0,66,322.451279720292,2,-2.0671767307935873,"0,0,0"
18.333333333333332,218,AV,0,0,0,47,387.6402231137188,10,-7.5028514830744895,"0,0,0"
26.383333333333333,88,AV,0,0,0,58,286.0845869045144,9,-7.176123454216349,"0,0,0"
31.9,226,AV,0,0,0,91,348.01184625473115,2,-2.412828728234567,"0,0,0"
27.716666666666665,256,AV,2,0,0,57,58.07880344506588,4,-0.6707295147857261,"0,0,0"
16.45,67,AV,2,0,0,42,345.48044692546824,1,-0.5919951408254117,"0,0,0"
31.133333333333333,189,AV,1,0,0,77,8213.476830708638,2,-53.273523332512966,"0,0,0"
28.183333333333334,75,AV,1,0,0,61,21.71863738525853,1,-0.06376079135151419,"0,0,0"
8.566666666666666,259,AV,0,0,0,27,2370.492766377288,6,-12.792013353311729,"0,0,0"
14.716666666666667,54,AV,0,0,0,42,655.51268473851,3,-3.1146755240838764,"0,0,0"
19.25,23,AV,1,0,0,47,562.3433560323172,2,-2.255231167421272,"0,0,0"
21.466666666666665,147,AV,2,0,0,47,234.81639136300288,4,-2.1003021671913036,"0,0,0"
31.55,248,AV,0,0,0,98,638.6125852208626,6,-12.692641914823886,"0,0,0"
11.466666666666667,206,AV,0,0,0,35,7909.367438840313,1,-9.547299996392596,"0,0,0"
29.433333333333334,282,AV,0,0,0,65,107.53285984632323,9,-3.067234851384482,"0,0,0"
12.283333333333333,253,AV,1,0,0,33,274.97032832890176,7,-2.4627984789041744,"0,0,0"
16.833333333333332,145,AV,1,0,0,43,326.6611525075772,10,-5.727912570011337,"0,0,0"
28.116666666666667,73,AV,2,0,0,58,389.8623022518242,9,-10.276526623419178,"0,0,0"
33.05,292,AV,2,0,0,74,178.27480847600162,3,-1.8412445062912042,"0,0,0"
27.416666666666668,2,AV,0,0,0,62,1242.0870586589915,10,-35.57279881066044,"0,0,0"
21.25,91,AV,2,0,0,48,180.2658763709112,2,-0.7980520568503882,"0,0,0"
32.75,274,AV,1,0,0,76,512.3637038941168,8,-13.983259418776937,"0,0,0"
14.183333333333334,112,AV,1,0,0,40,1884.8122502233111,1,-2.7846792099653435,"0,0,0"
30.266666666666666,233,AV,1,0,0,70,1301.0825687704812,9,-36.9182178888624,"0,0,0"
20.866666666666667,237,AV,2,0,0,47,156.0854553140887,5,-1.6963453997677003,"0,0,0"
19.733333333333334,199,AV,2,0,0,47,307.33066099339686,1,-0.6317352475975381,"0,0,0"
23.066666666666666,43,AV,0,0,0,53,1088.2969295046496,4,-10.559742711350243,"0,0,0"
12.183333333333334,208,AV,0,0,0,35,1310.5294239370548,5,-8.415946257795026,"0,0,0"
28.25,255,AV,1,0,0,62,99.4900475674065,7,-2.049391344422358,"0,0,0"
15.933333333333334,153,AV,1,0,0,41,386.6869563383244,4,-2.5671717379127648,"0,0,0"
10.55,71,AV,0,0,0,31,1869.627827656473,1,-2.1546430814349784,"0,0,0"
23.116666666666667,121,AV,2,0,0,52,50.6389294692178,2,-0.24387567768682322,"0,0,0"
24.8,267,AV,0,0,0,55,559.3387450451584,2,-2.989916849399985,"0,0,0"
8.433333333333334,142,AV,2,0,0,14,116.62531716200566,4,-0.40980840613871433,"0,0,0"
14.833333333333334,86,AV,0,0,0,42,109.14368072439174,2,-0.4372842911274606,"0,0,0"
25.166666666666668,175,AV,2,0,0,52,504.0935527256924,1,-1.3214952510690896,"0,0,0"
22.416666666666668,74,AV,0,0,0,52,811.9223311028298,6,-11.475370159721939,"0,0,0"
29.133333333333333,40,AV,2,0,0,62,200.6451523577608,4,-2.435609210565041,"0,0,0"
22.383333333333333,177,AV,1,0,0,52,402.8749697044063,3,-2.8180264807969664,"0,0,0"
24.05,12,AV,2,0,0,51,111.4275735234741,1,-0.27914928575412,"0,0,0"
31.383333333333333,227,AV,0,0,0,81,147.02502399415226,3,-1.541917292609316,"0,0,0"
16.3,115,AV,2,0,0,41,6720.448741009474,2,-22.82152384967801,"0,0,0"
9.3,5,AV,0,0,0,28,1066.6484358774574,10,-10.433156722562869,"0,0,0"
29.066666666666666,48,AV,2,0,0,61,93.91214091978802,1,-0.28434509334046926,"0,0,0"
31.066666666666666,13,AV,1,0,0,68,811.7618276102137,8,-21.015611759242198,"0,0,0"
