travel_time,id,kind,action,bid_route_0,bid_route_1,bid_route_2,karma_balance,origin,destination,start_time,income,urgency,reward
15.083333333333334,44,AV,1,1,2,8,6,0,0,33,10751.672106064549,0.1,-1.5083333333333335
38.3,137,AV,0,4,8,4,4,0,0,40,4968.170350229253,0.1,-3.83
29.133333333333333,50,AV,2,1,1,0,7,0,0,44,586.8516376274475,0.1,-2.9133333333333336
118.61666666666666,63,AV,0,6,4,8,7,0,0,89,3863.855435177377,0.9,-106.755
20.666666666666668,84,AV,1,1,2,1,13,0,0,42,9280.176126726552,0.6,-12.4
69.93333333333334,132,AV,0,4,2,0,3,0,0,53,1141.5133047894662,0.2,-13.986666666666668
49.05,196,AV,2,0,1,1,13,0,0,64,4281.8327360815,0.6,-29.429999999999996
24.266666666666666,139,AV,0,4,5,5,2,0,0,33,2318.2944376966047,0.1,-2.4266666666666667
24.516666666666666,118,AV,1,0,7,6,0,0,0,50,3752.1132597063192,0.5,-12.258333333333333
85.5,106,AV,0,9,9,1,4,0,0,58,3933.772930850901,0.3,-25.65
19.85,104,AV,1,1,5,5,3,0,0,41,5670.319740923212,0.8,-15.880000000000003
115.41666666666667,263,AV,0,3,4,7,9,0,0,75,388.2787303527966,0.2,-23.083333333333336
19.75,287,AV,1,0,5,4,0,0,0,40,2520.718778515204,0.6,-11.85
97.86666666666666,103,AV,0,9,9,1,7,0,0,65,4689.4303597647895,0.8,-78.29333333333334
25.983333333333334,220,AV,0,3,1,2,3,0,0,34,1723.69240549938,0.2,-5.196666666666667
101.23333333333333,148,AV,0,4,2,4,8,0,0,66,1150.2916000513435,0.2,-20.24666666666667
21.45,252,AV,2,0,0,8,4,0,0,29,1022.032321197676,0.2,-4.29
97.81666666666666,134,AV,0,7,7,5,0,0,0,65,2645.062412614309,0.3,-29.345
39.71666666666667,221,AV,2,0,1,0,8,0,0,65,1005.9867386644172,0.4,-15.886666666666668
32.95,46,AV,0,3,1,6,3,0,0,37,1682.490559712908,0.7,-23.065
8.666666666666666,143,AV,0,3,3,1,3,0,0,17,2260.56382504795,0.1,-0.8666666666666667
82.01666666666667,151,AV,0,5,1,2,0,0,0,57,1234.5997004771,0.2,-16.403333333333332
14.816666666666666,81,AV,1,0,8,0,0,0,0,31,597.1498506777683,0.1,-1.4816666666666667
35.233333333333334,100,AV,2,0,1,8,5,0,0,47,2953.464044858564,0.2,-7.046666666666667
10.666666666666666,10,AV,0,4,1,5,4,0,0,16,2622.7149314101284,0.9,-9.6
31.033333333333335,215,AV,1,0,5,8,5,0,0,56,961.7772661313056,0.8,-24.826666666666668
19.75,73,AV,1,0,2,1,7,0,0,37,522.440884226393,0.1,-1.975
36.416666666666664,258,AV,0,5,4,7,2,0,0,39,6709.13861087917,0.9,-32.775
19.733333333333334,282,AV,1,0,5,4,4,0,0,38,1635.9686818612918,0.4,-7.893333333333334
20.95,67,AV,1,1,3,4,2,0,0,45,4200.245935785981,0.2,-4.19
23.316666666666666,58,AV,1,0,6,4,1,0,0,48,4679.48341028673,0.1,-2.3316666666666666
103.25,224,AV,0,9,1,6,5,0,0,67,1251.6500609663929,0.4,-41.300000000000004
6.75,228,AV,0,3,1,3,2,0,0,17,2472.005569054355,0.1,-0.675
90.8,192,AV,0,7,5,3,1,0,0,61,8689.506535985933,0.1,-9.08
29.733333333333334,76,AV,1,1,5,2,1,0,0,57,3793.837230001502,0.5,-14.866666666666667
23.35,129,AV,1,1,2,0,6,0,0,48,2561.5826276178027,0.5,-11.675
27.783333333333335,198,AV,0,2,3,3,3,0,0,34,1047.1205397958274,0.2,-5.5566666666666675
36.55,141,AV,1,0,9,7,8,0,0,77,541.9839687696077,0.3,-10.964999999999998
99.6,211,AV,0,2,2,5,3,0,0,65,776.0711537761008,0.5,-49.8
24.0,45,AV,1,0,6,4,0,0,0,46,6081.635477498837,0.4,-9.600000000000001
78.55,61,AV,0,7,3,7,9,0,0,56,381.3218977270381,0.1,-7.855
116.81666666666666,47,AV,0,7,0,0,0,0,0,81,1594.6992934726818,0.3,-35.044999999999995
17.083333333333332,0,AV,1,1,4,2,9,0,0,36,2750.2432356670683,0.2,-3.4166666666666665
57.45,219,AV,0,9,7,0,3,0,0,50,3958.913906791885,0.5,-28.725
47.1,279,AV,0,3,2,9,7,0,0,44,1460.8215047913693,0.1,-4.71
6.883333333333334,286,AV,0,5,3,2,2,0,0,11,4617.971391102537,0.1,-0.6883333333333335
11.966666666666667,113,AV,0,7,0,1,11,0,0,24,2044.1603053436156,0.1,-1.1966666666666668
34.03333333333333,197,AV,1,0,9,7,18,0,0,66,1997.7276787447236,0.2,-6.806666666666667
17.0,66,AV,1,1,3,6,3,0,0,35,6020.57275324985,0.9,-15.3
35.2,208,AV,1,0,4,0,1,0,0,67,566.7055292848979,0.5,-17.6
24.733333333333334,142,AV,1,1,5,0,6,0,0,51,7912.643587116454,0.3,-7.42
20.016666666666666,171,AV,1,0,9,7,1,0,0,42,10450.70686878338,0.1,-2.0016666666666665
35.93333333333333,276,AV,2,0,0,1,13,0,0,52,3654.013033637752,0.3,-10.78
20.366666666666667,204,AV,1,0,4,0,2,0,0,44,1880.1756700095973,0.1,-2.0366666666666666
92.73333333333333,294,AV,0,8,0,8,0,0,0,62,13079.31179296209,0.5,-46.36666666666667
10.333333333333334,2,AV,0,3,5,3,3,0,0,22,4687.914961676448,0.5,-5.166666666666667
73.46666666666667,195,AV,0,4,6,6,4,0,0,54,2969.8754393798326,0.3,-22.04
27.9,146,AV,1,1,3,6,11,0,0,54,2476.7926805910606,0.2,-5.58
41.85,80,AV,2,0,1,1,6,0,0,65,1174.3503864217532,0.1,-4.1850000000000005
90.91666666666667,223,AV,0,8,0,9,9,0,0,61,4266.216809230351,0.8,-72.73333333333333
31.966666666666665,185,AV,1,1,2,9,10,0,0,59,639.9143284368583,0.1,-3.1966666666666668
75.18333333333334,109,AV,0,2,9,4,10,0,0,54,3628.2404526711953,0.3,-22.555
33.083333333333336,43,AV,0,9,0,5,5,0,0,37,2117.047321722312,0.2,-6.616666666666667
33.016666666666666,120,AV,2,1,1,1,5,0,0,49,5341.061461458292,0.1,-3.3016666666666667
42.88333333333333,19,AV,2,0,1,1,10,0,0,76,1148.2139867956057,0.2,-8.576666666666666
24.2,95,AV,1,1,2,0,5,0,0,49,3256.7228478661937,0.5,-12.1
32.4,262,AV,1,1,2,2,7,0,0,62,1830.3424648913517,0.6,-19.439999999999998
43.7,65,AV,0,2,0,3,3,0,0,41,2538.843693606908,0.8,-34.96
75.13333333333334,89,AV,0,3,2,2,5,0,0,54,1111.987968807459,0.5,-37.56666666666667
20.1,206,AV,1,1,5,0,0,0,0,42,1389.0632502942228,0.1,-2.0100000000000002
33.483333333333334,51,AV,1,1,8,5,4,0,0,60,3508.846318545673,0.2,-6.696666666666667
94.48333333333333,140,AV,0,8,7,4,6,0,0,63,863.3540159882258,0.2,-18.89666666666667
21.383333333333333,275,AV,1,0,5,8,7,0,0,43,1639.6236094811811,0.3,-6.415
34.15,285,AV,1,1,2,8,8,0,0,61,2198.5025098873134,0.2,-6.83
30.05,35,AV,1,0,8,1,0,0,0,59,4381.240268036911,0.1,-3.0050000000000003
45.2,8,AV,0,3,3,6,9,0,0,43,2294.767722006211,0.1,-4.5200000000000005
77.13333333333334,83,AV,0,4,4,9,5,0,0,55,4412.688598555705,0.2,-15.42666666666667
28.7,194,AV,1,1,9,4,2,0,0,55,4164.701887555128,0.2,-5.74
13.65,49,AV,1,0,4,3,0,0,0,31,3866.930621896856,0.8,-10.920000000000002
24.2,280,AV,2,0,1,1,5,0,0,33,4577.590037133467,0.6,-14.52
82.18333333333334,6,AV,0,5,5,6,1,0,0,57,1805.1606101798543,0.5,-41.09166666666667
31.333333333333332,242,AV,1,1,2,0,3,0,0,61,1986.5043233563797,0.1,-3.1333333333333333
41.7,246,AV,0,2,4,2,6,0,0,41,640.5426603936758,0.5,-20.85
37.3,64,AV,2,1,1,5,4,0,0,53,1083.524948441525,0.2,-7.46
35.21666666666667,222,AV,1,0,6,4,5,0,0,69,3387.2787239910285,0.1,-3.521666666666667
52.38333333333333,24,AV,0,7,1,2,1,0,0,48,863.5619359671642,0.4,-20.953333333333333
12.016666666666667,231,AV,0,2,1,3,4,0,0,24,2043.1688306873104,0.1,-1.2016666666666669
106.55,154,AV,0,3,2,5,6,0,0,70,7958.958807233507,0.3,-31.964999999999996
57.5,40,AV,0,7,4,3,2,0,0,50,8348.421721831439,0.5,-28.75
16.55,160,AV,1,0,5,6,2,0,0,33,4707.821121085941,0.2,-3.3100000000000005
36.85,261,AV,1,1,9,9,4,0,0,79,753.7709081553346,0.7,-25.794999999999998
108.36666666666666,265,AV,0,6,4,8,6,0,0,71,20239.22920549412,0.4,-43.346666666666664
18.8,254,AV,0,7,3,6,2,0,0,31,591.6693204447811,0.2,-3.7600000000000002
66.71666666666667,107,AV,0,6,4,8,5,0,0,52,3783.636689084741,0.1,-6.671666666666667
31.3,218,AV,1,0,9,1,3,0,0,61,2347.541384251396,0.1,-3.1300000000000003
24.633333333333333,245,AV,2,0,1,4,7,0,0,30,1475.2077210572677,0.1,-2.4633333333333334
25.6,178,AV,1,1,2,2,7,0,0,52,3773.073658575576,0.1,-2.5600000000000005
45.25,25,AV,0,2,4,4,19,0,0,43,1275.9312017726234,0.8,-36.2
31.266666666666666,162,AV,1,1,2,4,26,0,0,60,2857.712092786687,0.5,-15.633333333333333
103.21666666666667,56,AV,0,4,5,6,3,0,0,66,3398.605365942332,0.4,-41.28666666666667
37.016666666666666,111,AV,1,0,5,4,6,0,0,81,4429.527615460413,0.3,-11.104999999999999
61.13333333333333,36,AV,0,9,6,2,6,0,0,50,2756.9260540590044,0.8,-48.906666666666666
43.43333333333333,251,AV,0,9,0,0,5,0,0,42,2280.385817754286,0.3,-13.03
78.61666666666666,193,AV,0,5,0,5,0,0,0,56,7658.5640246764915,0.9,-70.755
36.45,59,AV,0,5,3,3,5,0,0,39,3159.4556453821087,0.4,-14.580000000000002
21.2,55,AV,1,1,8,0,3,0,0,44,1822.2981036688468,0.1,-2.12
34.93333333333333,187,AV,1,1,2,8,15,0,0,69,1596.1763216794554,0.4,-13.973333333333333
15.75,212,AV,1,0,5,4,7,0,0,32,1148.9174546898266,0.7,-11.024999999999999
38.333333333333336,108,AV,0,7,3,5,14,0,0,40,8480.737499651503,0.3,-11.5
31.65,3,AV,1,0,3,6,3,0,0,60,3032.1279287666234,0.6,-18.99
31.883333333333333,156,AV,1,1,2,0,4,0,0,61,5849.7981009167725,0.1,-3.1883333333333335
13.983333333333333,34,AV,1,1,7,0,0,0,0,25,3046.5766145774583,0.6,-8.389999999999999
15.35,237,AV,1,1,5,2,4,0,0,32,2158.6935677652164,0.1,-1.5350000000000001
51.03333333333333,241,AV,0,8,0,9,3,0,0,46,877.2934597877683,0.2,-10.206666666666667
20.233333333333334,270,AV,1,0,5,4,8,0,0,43,1496.328062426438,0.1,-2.0233333333333334
110.31666666666666,122,AV,0,2,1,4,9,0,0,70,3119.7161673652217,0.5,-55.15833333333333
29.066666666666666,272,AV,2,1,1,1,10,0,0,45,837.3801312568858,0.1,-2.9066666666666667
15.166666666666666,48,AV,0,3,4,0,5,0,0,30,1921.5023446668008,0.5,-7.583333333333333
29.166666666666668,1,AV,1,0,6,4,7,0,0,54,8139.327108000771,0.2,-5.833333333333334
120.51666666666667,99,AV,0,3,3,4,3,0,0,87,5578.433439706214,0.1,-12.051666666666668
30.216666666666665,203,AV,1,0,9,7,0,0,0,58,3065.2253709468137,0.7,-21.151666666666664
92.36666666666666,243,AV,0,6,3,8,16,0,0,61,3476.696831582168,0.2,-18.473333333333333
13.616666666666667,77,AV,0,9,3,7,2,0,0,25,4967.653125719208,0.2,-2.7233333333333336
59.15,230,AV,0,9,0,0,5,0,0,50,1261.43865123121,0.5,-29.575
21.733333333333334,291,AV,1,0,9,3,6,0,0,46,3824.993837156676,0.3,-6.5200000000000005
29.966666666666665,159,AV,1,1,3,0,2,0,0,58,3158.0604616132755,0.4,-11.986666666666666
35.63333333333333,125,AV,1,1,5,2,12,0,0,73,1294.2551843223837,0.2,-7.126666666666667
35.2,91,AV,1,0,9,7,4,0,0,72,1823.811293294481,0.1,-3.5200000000000005
50.45,78,AV,0,4,3,4,1,0,0,47,473.5024380788758,0.2,-10.090000000000002
47.266666666666666,158,AV,0,7,4,3,2,0,0,44,3882.59008652233,1.0,-47.266666666666666
37.18333333333333,11,AV,1,1,2,9,11,0,0,73,7081.334819999852,0.5,-18.591666666666665
5.2,115,AV,0,3,2,4,2,0,0,10,861.805442805673,0.3,-1.56
13.016666666666667,32,AV,1,1,5,3,1,0,0,19,5051.78348307234,0.2,-2.6033333333333335
34.85,94,AV,1,1,5,3,1,0,0,66,3941.04555698938,0.9,-31.365000000000002
27.9,7,AV,1,0,3,6,8,0,0,54,1507.5005543882637,0.3,-8.37
29.1,186,AV,2,1,0,4,3,0,0,43,2141.869626207308,0.2,-5.82
45.21666666666667,5,AV,0,5,1,4,0,0,0,42,3048.604611013583,0.2,-9.043333333333335
32.35,234,AV,1,0,2,3,7,0,0,60,985.8695826897422,0.5,-16.175
28.883333333333333,15,AV,1,1,2,0,8,0,0,54,743.7553910389753,0.1,-2.8883333333333336
17.6,27,AV,1,1,8,5,7,0,0,35,1122.7546975855585,0.2,-3.5200000000000005
69.83333333333333,101,AV,0,6,2,6,0,0,0,53,5168.6614957092925,0.4,-27.933333333333334
41.733333333333334,157,AV,0,9,2,3,7,0,0,41,2587.8859091729414,0.2,-8.346666666666668
43.9,163,AV,2,1,1,5,6,0,0,65,5003.647877951615,0.5,-21.95
111.71666666666667,271,AV,0,4,2,4,3,0,0,73,497.26542980048754,0.7,-78.20166666666667
40.28333333333333,37,AV,2,1,0,3,1,0,0,58,1541.4014724042315,0.8,-32.22666666666667
8.566666666666666,225,AV,0,4,4,5,1,0,0,20,5386.149373461946,0.1,-0.8566666666666667
18.733333333333334,278,AV,1,0,5,3,3,0,0,38,4196.147454418583,0.2,-3.746666666666667
11.916666666666666,117,AV,1,1,5,7,3,0,0,18,881.2906222289953,0.3,-3.5749999999999997
85.63333333333334,264,AV,0,3,0,3,1,0,0,58,17322.90883950548,0.5,-42.81666666666667
113.31666666666666,116,AV,0,6,0,2,7,0,0,75,3465.4556083993225,0.3,-33.995
27.95,53,AV,0,3,4,0,1,0,0,34,13430.196447392702,0.1,-2.795
24.316666666666666,57,AV,0,4,6,2,2,0,0,33,1899.102970895097,0.8,-19.453333333333333
34.28333333333333,41,AV,1,0,2,7,26,0,0,67,14754.343640924068,0.7,-23.99833333333333
96.28333333333333,128,AV,0,2,0,6,21,0,0,63,3531.3895067900216,0.1,-9.628333333333334
19.783333333333335,176,AV,1,0,3,6,4,0,0,40,1104.4445206976068,0.3,-5.9350000000000005
71.63333333333334,21,AV,0,6,2,5,1,0,0,53,3382.383844415393,0.1,-7.163333333333334
16.116666666666667,250,AV,1,1,2,4,4,0,0,32,1150.4391077840953,1.0,-16.116666666666667
36.21666666666667,114,AV,1,1,3,6,5,0,0,75,4669.869929992837,0.2,-7.243333333333334
110.18333333333334,166,AV,0,4,3,0,4,0,0,72,1052.4070316009115,0.4,-44.07333333333334
64.51666666666667,201,AV,0,3,5,3,2,0,0,52,9030.678864893336,0.3,-19.355
87.33333333333333,69,AV,0,8,7,1,16,0,0,59,742.6585956180782,0.1,-8.733333333333333
80.61666666666666,165,AV,0,7,7,9,2,0,0,56,2446.4664131825853,0.6,-48.37
115.31666666666666,155,AV,0,8,1,2,1,0,0,80,877.6907461205365,0.2,-23.063333333333333
22.6,90,AV,1,0,3,6,7,0,0,47,4227.85786318916,0.5,-11.3
30.866666666666667,30,AV,1,0,6,4,4,0,0,59,5009.92015912814,0.7,-21.606666666666666
120.4,23,AV,0,4,2,7,7,0,0,89,6031.594525491932,0.8,-96.32000000000001
27.85,217,AV,1,0,5,1,0,0,0,54,825.4433072334436,0.2,-5.57
29.25,60,AV,1,0,4,3,3,0,0,55,2314.8193170712048,0.1,-2.9250000000000003
118.66666666666667,97,AV,0,7,7,5,12,0,0,86,844.3352662229099,0.8,-94.93333333333334
80.26666666666667,205,AV,0,5,7,0,8,0,0,56,1293.252850487379,0.2,-16.053333333333335
34.03333333333333,14,AV,1,0,5,5,1,0,0,63,616.3739675020589,0.6,-20.419999999999998
45.3,174,AV,2,1,1,3,3,0,0,70,1869.7531794209297,0.2,-9.06
21.383333333333333,164,AV,1,0,5,4,15,0,0,45,2629.980017260476,0.4,-8.553333333333333
87.36666666666666,71,AV,0,4,7,6,3,0,0,58,7099.697064525982,0.1,-8.736666666666666
122.03333333333333,13,AV,0,6,4,8,6,0,0,92,18628.94525544202,0.7,-85.42333333333333
13.166666666666666,190,AV,1,1,3,8,8,0,0,15,4376.119511966378,0.2,-2.6333333333333333
30.55,20,AV,2,1,1,1,10,0,0,43,3456.1529418207683,0.5,-15.275
18.783333333333335,152,AV,1,0,9,1,0,0,0,37,2754.938443140308,0.9,-16.905
106.46666666666667,4,AV,0,9,9,9,8,0,0,69,979.5720138781878,0.2,-21.293333333333337
39.93333333333333,240,AV,0,6,7,0,6,0,0,40,4021.28082322038,0.1,-3.993333333333333
54.05,227,AV,0,6,9,5,7,0,0,48,818.0604611907775,0.4,-21.62
108.65,133,AV,0,3,2,5,9,0,0,69,15387.119225735782,0.2,-21.730000000000004
32.416666666666664,247,AV,1,0,3,6,7,0,0,59,2971.291490045772,0.6,-19.45
22.366666666666667,31,AV,0,3,1,7,5,0,0,32,2239.257430619588,0.1,-2.236666666666667
23.966666666666665,68,AV,1,0,4,3,1,0,0,50,3024.224513765153,0.3,-7.1899999999999995
21.833333333333332,87,AV,1,0,4,4,4,0,0,45,1097.8259349569896,0.1,-2.183333333333333
25.966666666666665,74,AV,0,7,1,5,0,0,0,33,779.2240782816187,0.2,-5.193333333333333
32.6,239,AV,2,1,0,4,0,0,0,49,3151.1733449572957,0.1,-3.2600000000000002
33.21666666666667,267,AV,1,1,3,6,12,0,0,65,1546.5147326922538,0.3,-9.965
30.55,210,AV,1,1,5,2,1,0,0,58,14505.369879802229,0.1,-3.055
84.08333333333333,257,AV,0,3,5,0,6,0,0,57,636.6552097563458,0.4,-33.63333333333333
29.5,179,AV,0,3,6,4,19,0,0,35,2401.1770329784995,0.2,-5.9
20.583333333333332,202,AV,1,0,4,2,0,0,0,45,912.6272274022258,0.1,-2.058333333333333
5.25,181,AV,0,7,7,5,2,0,0,2,1391.0507319816634,0.5,-2.625
29.116666666666667,135,AV,1,1,5,0,7,0,0,55,491.0984231068265,0.1,-2.911666666666667
14.35,283,AV,1,1,2,8,11,0,0,29,7332.887514065835,0.3,-4.305
18.933333333333334,236,AV,0,3,0,6,8,0,0,31,1824.367004680513,0.7,-13.253333333333332
12.933333333333334,180,AV,1,1,3,6,17,0,0,5,2318.1098695731453,0.2,-2.586666666666667
28.8,238,AV,2,1,1,5,2,0,0,41,1552.9853059451273,0.8,-23.040000000000003
34.46666666666667,199,AV,1,1,5,0,4,0,0,67,2329.0008356791827,0.1,-3.446666666666667
52.583333333333336,102,AV,0,4,6,0,4,0,0,47,627.4062491148882,0.7,-36.80833333333333
99.56666666666666,93,AV,0,3,0,7,5,0,0,65,4116.183110063293,0.3,-29.869999999999997
32.65,191,AV,1,0,5,1,2,0,0,61,5557.427333357366,0.1,-3.265
31.316666666666666,126,AV,0,6,3,6,11,0,0,35,5480.041794665195,0.3,-9.395
23.983333333333334,184,AV,1,1,7,5,0,0,0,45,892.1845339920479,0.2,-4.796666666666667
94.26666666666667,28,AV,0,6,0,1,4,0,0,62,1530.0661682302475,0.1,-9.426666666666668
101.4,213,AV,0,9,9,1,1,0,0,65,4609.601315671212,0.1,-10.14
62.65,259,AV,0,5,6,5,2,0,0,51,1490.1599361877834,0.1,-6.265000000000001
36.983333333333334,105,AV,1,1,8,7,0,0,0,80,2891.134206742707,0.2,-7.396666666666667
33.483333333333334,79,AV,1,1,3,0,4,0,0,62,921.9548251796884,0.3,-10.045
31.283333333333335,209,AV,1,0,6,4,7,0,0,59,2909.8477340427667,0.1,-3.128333333333334
14.85,86,AV,1,1,3,0,2,0,0,31,1794.439334206041,0.1,-1.485
31.416666666666668,232,AV,0,6,7,5,2,0,0,36,1405.7852601227096,0.1,-3.141666666666667
13.683333333333334,62,AV,0,4,0,2,0,0,0,25,8028.27043643778,0.1,-1.3683333333333334
17.016666666666666,207,AV,1,0,4,2,5,0,0,34,4416.224882412617,0.2,-3.4033333333333333
29.8,175,AV,1,1,5,0,2,0,0,57,2411.397471856681,0.1,-2.9800000000000004
55.81666666666667,110,AV,0,7,7,4,2,0,0,49,1059.8377785859489,0.3,-16.745
27.75,169,AV,1,1,2,5,3,0,0,53,2835.850686157305,0.5,-13.875
35.15,249,AV,1,1,2,4,5,0,0,67,1444.5182772575097,0.1,-3.515
38.96666666666667,298,AV,2,1,1,1,23,0,0,59,1993.780724220221,0.3,-11.69
21.75,52,AV,1,1,3,4,2,0,0,45,946.2003450753726,0.2,-4.3500000000000005
19.866666666666667,18,AV,1,1,4,2,1,0,0,41,1527.6889462703334,1.0,-19.866666666666667
84.08333333333333,88,AV,0,2,2,6,10,0,0,57,1317.647826688136,0.1,-8.408333333333333
64.7,38,AV,0,4,5,6,6,0,0,51,5307.329693361759,0.7,-45.29
17.15,214,AV,1,0,3,6,7,0,0,32,539.5213747330826,0.4,-6.859999999999999
48.9,39,AV,0,8,3,5,0,0,0,44,600.3305173079323,0.1,-4.890000000000001
17.183333333333334,150,AV,0,3,4,2,1,0,0,27,2857.8751728516777,0.4,-6.873333333333334
18.733333333333334,289,AV,1,0,6,4,4,0,0,37,870.7377108213431,0.4,-7.493333333333334
23.616666666666667,161,AV,1,1,8,6,9,0,0,48,6918.069898529506,0.1,-2.361666666666667
113.75,92,AV,0,2,7,0,11,0,0,74,682.056612603955,0.3,-34.125
23.4,292,AV,2,0,0,2,2,0,0,12,2458.2611968747465,0.1,-2.34
59.13333333333333,172,AV,0,7,8,5,1,0,0,50,6197.036257351283,0.1,-5.913333333333334
20.033333333333335,273,AV,1,0,8,9,4,0,0,38,5144.150368411208,0.2,-4.006666666666667
29.2,260,AV,1,1,6,0,4,0,0,56,4135.471393234625,0.1,-2.92
28.65,144,AV,2,0,0,0,8,0,0,41,813.126641713825,0.3,-8.594999999999999
35.86666666666667,256,AV,1,1,5,3,0,0,0,73,5984.209260784091,0.1,-3.586666666666667
29.75,145,AV,1,0,2,7,5,0,0,57,5985.732437913218,1.0,-29.75
43.416666666666664,119,AV,2,0,0,8,5,0,0,63,4343.557359248321,0.2,-8.683333333333334
62.68333333333333,229,AV,0,4,2,7,12,0,0,51,4446.537177105173,0.4,-25.073333333333334
34.7,138,AV,0,7,7,9,14,0,0,37,10721.15711953896,0.9,-31.230000000000004
35.81666666666667,288,AV,1,0,2,2,15,0,0,66,5825.994272151124,0.1,-3.581666666666667
73.51666666666667,177,AV,0,4,0,6,2,0,0,53,542.8991684878858,0.5,-36.75833333333333
71.58333333333333,299,AV,0,7,3,5,6,0,0,53,10426.353459350525,0.2,-14.316666666666666
15.666666666666666,124,AV,0,9,8,8,0,0,0,25,1386.7650627050614,0.9,-14.1
68.26666666666667,131,AV,0,4,5,7,5,0,0,52,1404.912317929139,0.4,-27.30666666666667
28.933333333333334,54,AV,2,0,0,5,0,0,0,36,1310.9401185904849,0.3,-8.68
89.1,82,AV,0,2,4,4,16,0,0,59,465.3670128771111,0.3,-26.729999999999997
13.133333333333333,22,AV,1,1,2,8,9,0,0,24,1046.6558973464134,0.3,-3.9399999999999995
34.666666666666664,16,AV,0,6,9,1,9,0,0,39,7130.271245067938,0.9,-31.2
32.833333333333336,26,AV,1,1,4,2,1,0,0,63,1592.6375082496468,0.1,-3.2833333333333337
28.933333333333334,167,AV,1,0,2,7,10,0,0,55,2222.040577514192,0.1,-2.8933333333333335
35.666666666666664,295,AV,1,1,2,2,12,0,0,74,3487.44186130441,0.3,-10.7
37.3,266,AV,1,1,3,6,6,0,0,74,19040.472291926453,0.1,-3.73
39.95,33,AV,0,3,7,7,11,0,0,40,8326.33528790118,0.5,-19.975
66.53333333333333,226,AV,0,9,1,6,11,0,0,51,1659.6531244520008,1.0,-66.53333333333333
89.2,189,AV,0,6,0,2,0,0,0,59,2052.607856914241,0.9,-80.28
23.283333333333335,290,AV,1,1,5,0,0,0,0,45,586.3474640105957,0.3,-6.985
37.516666666666666,182,AV,1,0,9,4,0,0,0,83,2476.7673195544394,0.2,-7.503333333333334
104.83333333333333,284,AV,0,7,0,5,13,0,0,68,4660.29795945294,0.1,-10.483333333333334
23.466666666666665,12,AV,1,0,3,6,3,0,0,49,3031.4508351358254,0.4,-9.386666666666667
17.5,173,AV,0,7,5,3,2,0,0,25,3942.222625638348,0.8,-14.0
20.616666666666667,121,AV,0,3,2,9,8,0,0,31,3427.0421228311798,0.4,-8.246666666666668
8.75,253,AV,1,0,7,6,3,0,0,0,5611.673516276995,0.1,-0.875
34.18333333333333,149,AV,1,1,4,4,1,0,0,65,2767.495209174315,0.2,-6.836666666666666
48.733333333333334,42,AV,0,3,1,3,2,0,0,46,2797.307504072895,0.6,-29.24
61.0,70,AV,0,2,5,1,3,0,0,50,1929.5758599688188,0.9,-54.9
76.91666666666667,170,AV,0,6,0,2,4,0,0,54,4113.319853961603,0.3,-23.075
35.5,281,AV,1,0,5,4,2,0,0,70,4459.768546990965,0.1,-3.5500000000000003
27.833333333333332,153,AV,1,1,2,5,4,0,0,53,676.2529471816457,0.2,-5.566666666666666
28.25,9,AV,2,1,1,5,1,0,0,35,1454.957177165027,0.5,-14.125
11.95,123,AV,1,0,3,3,4,0,0,20,658.4091024775607,0.3,-3.5849999999999995
14.716666666666667,168,AV,1,0,4,2,5,0,0,21,783.6834518391023,0.5,-7.358333333333333
14.516666666666667,29,AV,1,1,2,2,3,0,0,30,1567.0706205360798,0.2,-2.9033333333333338
45.4,112,AV,2,1,1,3,18,0,0,65,1592.2311391495805,0.1,-4.54
23.166666666666668,216,AV,1,1,3,6,3,0,0,47,2108.868816674547,0.2,-4.633333333333334
47.71666666666667,85,AV,2,0,1,8,0,0,0,82,3534.445695738256,0.2,-9.543333333333335
15.783333333333333,188,AV,1,0,5,4,6,0,0,34,2177.5877894542577,0.5,-7.891666666666667
12.7,72,AV,1,0,4,3,9,0,0,23,11861.36896338871,0.2,-2.54
53.983333333333334,296,AV,0,7,5,9,10,0,0,48,822.5771428470101,0.5,-26.991666666666667
34.53333333333333,244,AV,2,1,1,7,11,0,0,52,3368.9508766880413,0.7,-24.173333333333332
20.266666666666666,98,AV,1,0,2,7,7,0,0,34,4959.361066312568,0.4,-8.106666666666667
24.066666666666666,268,AV,1,1,2,0,9,0,0,50,2574.4307659940623,0.2,-4.8133333333333335
14.65,96,AV,1,0,6,3,6,0,0,30,1832.3133019091129,0.1,-1.465
55.6,297,AV,0,3,3,0,2,0,0,48,2815.231094880572,0.5,-27.8
32.016666666666666,235,AV,1,0,3,3,1,0,0,61,5427.330032863625,0.4,-12.806666666666667
24.35,147,AV,1,1,5,0,12,0,0,51,904.859336063587,0.1,-2.4350000000000005
27.95,130,AV,1,1,2,8,17,0,0,54,2398.572127464108,0.1,-2.795
111.85,17,AV,0,5,4,7,9,0,0,73,3919.41152379869,0.1,-11.185
19.483333333333334,293,AV,1,1,3,6,3,0,0,35,5913.041300376779,0.3,-5.845
10.416666666666666,255,AV,0,2,5,5,5,0,0,20,933.6906207466446,0.5,-5.208333333333333
34.75,136,AV,1,1,2,0,14,0,0,65,854.5785374972068,0.1,-3.475
104.81666666666666,269,AV,0,7,9,9,3,0,0,68,1950.0200213032829,0.3,-31.444999999999997
20.75,183,AV,0,8,7,2,3,0,0,31,4818.617258984985,0.2,-4.15
68.35,75,AV,0,3,3,6,3,0,0,52,7897.119961473183,0.3,-20.505
25.116666666666667,233,AV,1,0,2,2,3,0,0,51,2965.4163440895786,0.1,-2.5116666666666667
116.98333333333333,274,AV,0,6,4,8,14,0,0,81,6563.608435155774,0.1,-11.698333333333334
22.466666666666665,277,AV,0,4,4,6,6,0,0,32,1074.3823512953045,0.1,-2.2466666666666666
29.55,200,AV,0,8,0,8,3,0,0,34,8987.033628468456,0.2,-5.91
96.18333333333334,248,AV,0,3,8,5,8,0,0,64,610.4868582393152,0.1,-9.618333333333334
29.55,127,AV,1,0,3,1,1,0,0,54,1945.516475481125,0.9,-26.595000000000002
