travel_time,id,kind,action,origin,destination,start_time,income,urgency,reward,observation,cost_table
6.45,102,AV,0,0,0,24,1783.933402668827,0.1,-0.7905649102831802,"0.06312745098039216,0.12913859649122808,0.22310119047619043,0.1,0.24,0.08814235881001646","0,0,0"
13.966666666666667,156,AV,1,0,0,25,2753.3979495063454,0.1,-0.9711058424605713,"0.07144166666666667,0.13579248366013075,0.2306759259259259,0.1,0.25,0.13604262897318792","0,0,0"
42.766666666666666,212,AV,1,0,0,75,4113.319853961603,0.2,-8.884493893321107,"0.4445128205128205,0.42160590277777776,0.4719537037037037,0.2,0.75,0.20323500525627752","0,0,0"
34.516666666666666,251,AV,0,0,0,58,5654.280440205098,0.1,-5.428457403899309,"0.34686666666666677,0.34457727272727273,0.4133777777777778,0.1,0.58,0.2793723210896882","0,0,0"
12.233333333333333,49,AV,1,0,0,17,1068.5648373754009,0.3,-0.9903113518100305,"0.0572878787878788,0.1273030303030303,0.23214444444444446,0.3,0.17,0.052796716047137274","0,0,0"
38.95,27,AV,1,0,0,62,832.3173438658397,0.4,-3.274622277128733,"0.3699733333333333,0.36656481481481484,0.42352000000000006,0.4,0.62,0.04112396452528438","0,0,0"
33.483333333333334,99,AV,1,0,0,55,1718.6657268339234,0.1,-1.4531984197009056,"0.3298541666666667,0.32247826086956516,0.3795625,0.1,0.55,0.0849175484591763","0,0,0"
36.63333333333333,7,AV,2,0,0,54,610.4868582393152,0.9,-5.0827655848864195,"0.3187152777777778,0.31426591760299627,0.37788888888888883,0.9,0.54,0.03016354289191967","0,0,0"
22.45,110,AV,2,0,0,27,1880.1756700095973,0.2,-2.1318153430159326,"0.07804861111111111,0.1436229773462783,0.254448717948718,0.2,0.27,0.09289759263654204","0,0,0"
18.266666666666666,286,AV,1,0,0,35,8987.033628468456,0.3,-12.436602091920994,"0.12524166666666667,0.1794274691358025,0.2660555555555556,0.3,0.35,0.4440403108844108","0,0,0"
13.45,76,AV,0,0,0,36,1411.5824788559885,0.5,-2.897194992501647,"0.1403768115942029,0.18896354166666665,0.2778174603174603,0.5,0.36,0.06974487341013964","0,0,0"
45.18333333333333,165,AV,1,0,0,76,2872.269398564857,0.5,-16.386200209405146,"0.44220833333333337,0.41994086021505367,0.4676578947368421,0.5,0.76,0.1419159479544386","0,0,0"
24.016666666666666,152,AV,0,0,0,47,2645.062412614309,0.3,-5.312544111839923,"0.2109202898550725,0.2527710437710437,0.32769444444444445,0.3,0.47,0.13068987883670405","0,0,0"
21.216666666666665,238,AV,1,0,0,37,4735.166802079286,0.2,-5.073962406605161,"0.14395512820512824,0.1934698795180723,0.276989247311828,0.2,0.37,0.2339598387864436","0,0,0"
20.25,200,AV,1,0,0,38,3628.2404526711953,0.1,-1.8553502314795889,"0.149546875,0.19932730923694778,0.28424,0.1,0.38,0.1792677189349818","0,0,0"
19.916666666666668,296,AV,1,0,0,34,13748.957190518822,0.1,-6.914984782268516,"0.11344736842105263,0.17564903846153845,0.26186274509803925,0.1,0.34,0.6793221743240372","0,0,0"
26.7,159,AV,2,0,0,24,2815.231094880572,0.2,-3.796296476429863,"0.06312745098039216,0.12913859649122808,0.22310119047619043,0.2,0.24,0.1390977426213619","0,0,0"
36.11666666666667,191,AV,2,0,0,49,3386.12741774329,0.4,-12.353094468433856,"0.23948850574712643,0.2686111111111111,0.330904761904762,0.4,0.49,0.16730515689916173","0,0,0"
42.5,144,AV,2,0,0,58,2421.832203454489,0.5,-12.995943010961588,"0.34686666666666677,0.34457727272727273,0.4133777777777778,0.5,0.58,0.119660298268526","0,0,0"
44.233333333333334,113,AV,1,0,0,90,1900.764377468582,0.4,-8.49264083804986,"0.45569166666666666,0.42926700680272106,0.4514469696969697,0.4,0.9,0.09391486000625965","0,0,0"
44.63333333333333,35,AV,1,0,0,92,913.5589076746268,0.6,-6.178057461496591,"0.45686111111111105,0.43074757281553394,0.45474561403508773,0.6,0.92,0.04513802864718944","0,0,0"
22.483333333333334,209,AV,1,0,0,39,3941.04555698938,0.1,-2.2375717409001155,"0.1560942028985507,0.20734951456310682,0.3075,0.1,0.39,0.19472310516250035","0,0,0"
40.28333333333333,257,AV,1,0,0,64,5849.7981009167725,0.4,-23.80296634665966,"0.40297058823529414,0.3857380952380953,0.43247333333333343,0.4,0.64,0.28903265245540044","0,0,0"
36.11666666666667,239,AV,0,0,0,59,4754.245589533712,0.7,-30.852336425773096,"0.35009090909090906,0.3535212765957446,0.41604861111111113,0.7,0.59,0.234902502524312","0,0,0"
26.116666666666667,77,AV,1,0,0,47,1434.4967426379471,0.1,-0.9460675066134947,"0.2109202898550725,0.2527710437710437,0.32769444444444445,0.1,0.47,0.07087704418350775","0,0,0"
14.2,45,AV,1,0,0,22,985.8695826897422,0.1,-0.3535188907624833,"0.06019696969696969,0.12589583333333332,0.22567777777777778,0.1,0.22,0.04871082651814225","0,0,0"
30.9,118,AV,0,0,0,53,2043.1688306873104,0.1,-2.0942908300060075,"0.29948850574712643,0.3104767441860464,0.3749733333333333,0.1,0.53,0.10095092110191003","0,0,0"
40.25,232,AV,1,0,0,65,4669.869929992837,0.3,-14.239565506228157,"0.4042857142857143,0.38832971014492756,0.43475925925925923,0.3,0.65,0.23073358587812023","0,0,0"
36.03333333333333,108,AV,1,0,0,51,1838.9541098615327,0.3,-5.019973214041204,"0.26549275362318847,0.2879045307443366,0.3529404761904762,0.3,0.51,0.09086087672559844","0,0,0"
33.65,249,AV,1,0,0,54,5502.789496653042,0.7,-32.731870351934944,"0.3187152777777778,0.31426591760299627,0.37788888888888883,0.7,0.54,0.27188730562719554","0,0,0"
51.35,268,AV,0,0,0,83,6446.254396158338,0.4,-33.935875075023304,"0.44892499999999996,0.42580666666666667,0.44971666666666654,0.4,0.83,0.31850295931272143","0,0,0"
39.65,63,AV,1,0,0,63,1249.5878531833848,0.3,-3.7534968468728187,"0.3913400000000001,0.37483156028368797,0.42471428571428566,0.3,0.63,0.06174088155709868","0,0,0"
37.166666666666664,208,AV,1,0,0,58,3919.41152379869,0.6,-22.07143358098757,"0.34686666666666677,0.34457727272727273,0.4133777777777778,0.6,0.58,0.1936541892976206","0,0,0"
22.483333333333334,0,AV,0,0,0,44,491.0984231068265,0.1,-0.7788265036915442,"0.18687254901960784,0.23612254901960786,0.32019841269841265,0.1,0.44,0.024264680147676444","0,0,0"
25.266666666666666,237,AV,1,0,0,45,4705.31956239884,0.1,-3.0022156803857922,"0.20658333333333334,0.24207986111111113,0.32079545454545444,0.1,0.45,0.23248511663287746","0,0,0"
13.566666666666666,221,AV,1,0,0,22,4266.216809230351,0.1,-1.4615742772363238,"0.06019696969696969,0.12589583333333332,0.22567777777777778,0.1,0.22,0.2107894903464134","0,0,0"
24.033333333333335,82,AV,0,0,0,49,1460.8215047913693,0.4,-4.04630405708612,"0.23948850574712643,0.2686111111111111,0.330904761904762,0.4,0.49,0.07217772425813608","0,0,0"
31.166666666666668,175,AV,1,0,0,51,2996.640782499388,0.4,-9.433869130090667,"0.26549275362318847,0.2879045307443366,0.3529404761904762,0.4,0.51,0.14806101319737625","0,0,0"
39.083333333333336,101,AV,1,0,0,63,1751.9448432672848,0.2,-3.45817395409241,"0.3913400000000001,0.37483156028368797,0.42471428571428566,0.2,0.63,0.08656183619837181","0,0,0"
32.85,67,AV,1,0,0,49,1293.252850487379,0.1,-1.0728120236997576,"0.23948850574712643,0.2686111111111111,0.330904761904762,0.1,0.49,0.06389832524532672","0,0,0"
31.933333333333334,192,AV,1,0,0,52,3387.2787239910285,0.5,-13.657462195216352,"0.29457692307692307,0.30738043478260874,0.3645454545454545,0.5,0.52,0.16736204178524355","0,0,0"
31.866666666666667,88,AV,1,0,0,52,1526.0895405694364,0.7,-8.596457243679012,"0.29457692307692307,0.30738043478260874,0.3645454545454545,0.7,0.52,0.07540255239340664","0,0,0"
8.25,298,AV,0,0,0,30,19040.472291926453,0.1,-4.466765060818011,"0.09813333333333335,0.15956228956228957,0.2512051282051282,0.1,0.3,0.9407706241479663","0,0,0"
43.71666666666667,169,AV,1,0,0,81,2949.689674384749,0.1,-3.256328289524915,"0.44511904761904764,0.42579797979797973,0.457,0.1,0.81,0.14574120607241453","0,0,0"
44.06666666666667,274,AV,1,0,0,70,7592.14370769901,0.1,-8.448496617489978,"0.4247833333333333,0.40252057613168724,0.43666666666666665,0.1,0.7,0.37512020001424035","0,0,0"
23.75,37,AV,1,0,0,44,932.0432837729122,0.1,-0.5589906057981482,"0.18687254901960784,0.23612254901960786,0.32019841269841265,0.1,0.44,0.04605132311658888","0,0,0"
13.816666666666666,228,AV,1,0,0,15,4549.115907877681,0.3,-4.761637736907319,"0.05260416666666667,0.12455714285714287,0.2287948717948718,0.3,0.15,0.22476725085176577","0,0,0"
41.96666666666667,36,AV,1,0,0,70,921.9548251796884,0.2,-1.954109637880855,"0.4247833333333333,0.40252057613168724,0.43666666666666665,0.2,0.7,0.04555286250374671","0,0,0"
14.283333333333333,270,AV,1,0,0,25,7130.271245067938,0.4,-10.28727686367546,"0.07144166666666667,0.13579248366013075,0.2306759259259259,0.4,0.25,0.3522995452382328","0,0,0"
40.6,39,AV,1,0,0,64,948.3478854920526,0.8,-7.778368515348957,"0.40297058823529414,0.3857380952380953,0.43247333333333343,0.8,0.64,0.04685691712185437","0,0,0"
39.266666666666666,59,AV,1,0,0,64,1205.4292211271013,0.2,-2.3905650210231064,"0.40297058823529414,0.3857380952380953,0.43247333333333343,0.2,0.64,0.059559047871243866","0,0,0"
15.933333333333334,123,AV,1,0,0,28,2105.159940183184,0.4,-3.3881025299917917,"0.0910392156862745,0.15255253623188406,0.2513010752688172,0.4,0.28,0.10401383959877876","0,0,0"
28.266666666666666,285,AV,1,0,0,50,8975.220492497892,1.0,-64.0655469498166,"0.2588550724637681,0.28807812499999996,0.3676587301587302,1.0,0.5,0.44345663569349214","0,0,0"
22.15,280,AV,1,0,0,40,8333.728817076937,0.1,-4.66141649743066,"0.1601,0.2118191823899371,0.3061428571428571,0.1,0.4,0.4117611759055859","0,0,0"
35.63333333333333,151,AV,2,0,0,49,2629.980017260476,0.3,-7.099617773867295,"0.23948850574712643,0.2686111111111111,0.330904761904762,0.3,0.49,0.1299446728211638","0,0,0"
36.68333333333333,104,AV,1,0,0,57,1804.2001824470888,0.6,-10.027890407995054,"0.33678395061728394,0.33553401360544216,0.38169999999999993,0.6,0.57,0.08914372005616313","0,0,0"
36.166666666666664,147,AV,0,0,0,58,2476.7926805910606,0.1,-2.7620539212468858,"0.34686666666666677,0.34457727272727273,0.4133777777777778,0.1,0.58,0.12237584027749006","0,0,0"
41.71666666666667,260,AV,0,0,0,63,5899.132481879994,0.4,-25.35779225950442,"0.3913400000000001,0.37483156028368797,0.42471428571428566,0.4,0.63,0.29147021469961026","0,0,0"
38.766666666666666,288,AV,1,0,0,62,9095.945853089892,0.6,-53.42719710678557,"0.3699733333333333,0.36656481481481484,0.42352000000000006,0.6,0.62,0.44942155458275634","0,0,0"
23.75,80,AV,1,0,0,41,1454.957177165027,0.2,-1.7452137857408783,"0.16623529411764704,0.21719741100323625,0.2907583333333333,0.2,0.41,0.07188797371641335","0,0,0"
44.38333333333333,96,AV,1,0,0,84,1653.1781197118603,0.2,-3.7057351286133704,"0.45589473684210524,0.4267313915857605,0.446287037037037,0.2,0.84,0.08168187152419273","0,0,0"
16.65,217,AV,1,0,0,30,4223.122456076251,0.2,-3.5512620653368474,"0.09813333333333335,0.15956228956228957,0.2512051282051282,0.2,0.3,0.20866024161284988","0,0,0"
27.616666666666667,120,AV,1,0,0,47,2046.5713793034688,0.1,-1.4272595856506096,"0.2109202898550725,0.2527710437710437,0.32769444444444445,0.1,0.47,0.10111903761374018","0,0,0"
10.1,71,AV,0,0,0,31,1342.087988935639,0.1,-0.8423002194002513,"0.09956666666666666,0.1636611111111111,0.25352222222222226,0.1,0.31,0.06631122041798494","0,0,0"
18.083333333333332,215,AV,1,0,0,34,4159.866430607663,0.2,-3.7992046104455497,"0.11344736842105263,0.17564903846153845,0.26186274509803925,0.2,0.34,0.20553482488742356","0,0,0"
33.86666666666667,167,AV,1,0,0,54,2898.378436294527,0.1,-2.478747888278821,"0.3187152777777778,0.31426591760299627,0.37788888888888883,0.1,0.54,0.14320596930182183","0,0,0"
28.75,227,AV,2,0,0,34,4547.885280126284,0.6,-19.81086390964101,"0.11344736842105263,0.17564903846153845,0.26186274509803925,0.6,0.34,0.2247064467698068","0,0,0"
21.633333333333333,68,AV,1,0,0,40,1294.2551843223837,0.6,-4.24228088194559,"0.1601,0.2118191823899371,0.3061428571428571,0.6,0.4,0.06394784955402583","0,0,0"
27.3,279,AV,1,0,0,48,8029.700924090037,0.1,-5.5356271522135865,"0.2224722222222222,0.2616388888888889,0.3307884615384616,0.1,0.48,0.39673946287985623","0,0,0"
26.033333333333335,204,AV,1,0,0,45,3783.636689084741,0.5,-12.436953931713735,"0.20658333333333334,0.24207986111111113,0.32079545454545444,0.5,0.45,0.18694569099783895","0,0,0"
39.36666666666667,258,AV,1,0,0,62,5862.8833826120845,0.2,-11.65667554691056,"0.3699733333333333,0.36656481481481484,0.42352000000000006,0.2,0.62,0.28967918308966784","0,0,0"
30.083333333333332,131,AV,1,0,0,50,2177.5877894542577,0.1,-1.6542701851704276,"0.2588550724637681,0.28807812499999996,0.3676587301587302,0.1,0.5,0.1075924269321053","0,0,0"
34.483333333333334,234,AV,0,0,0,56,4687.914961676448,0.2,-8.66439061928331,"0.33245454545454545,0.3329884488448844,0.38259803921568625,0.2,0.56,0.23162517278098077","0,0,0"
27.316666666666666,73,AV,1,0,0,46,1373.5659577718477,0.5,-4.737530733981604,"0.21300000000000005,0.2517888888888889,0.32482575757575755,0.5,0.46,0.06786651526229966","0,0,0"
39.68333333333333,214,AV,0,0,0,63,4135.471393234625,0.4,-17.076695938201418,"0.3913400000000001,0.37483156028368797,0.42471428571428566,0.4,0.63,0.20432949057724065","0,0,0"
21.05,70,AV,1,0,0,39,1338.7213376931895,0.5,-3.558091434146672,"0.1560942028985507,0.20734951456310682,0.3075,0.5,0.39,0.06614487755935793","0,0,0"
25.116666666666667,114,AV,1,0,0,45,1927.298426803608,0.6,-7.334441235335952,"0.20658333333333334,0.24207986111111113,0.32079545454545444,0.6,0.45,0.09522588075045987","0,0,0"
24.066666666666666,53,AV,1,0,0,42,1122.7546975855585,0.5,-3.411737759498204,"0.17484920634920634,0.22416323024054982,0.29878030303030306,0.5,0.42,0.0554741826472708","0,0,0"
22.75,111,AV,1,0,0,41,1885.557658153182,0.3,-3.249730054771583,"0.16623529411764704,0.21719741100323625,0.2907583333333333,0.3,0.41,0.09316351126856799","0,0,0"
41.05,290,AV,2,0,0,63,10838.007207066395,0.2,-22.469706861114926,"0.3913400000000001,0.37483156028368797,0.42471428571428566,0.2,0.63,0.5354950574957825","0,0,0"
16.933333333333334,220,AV,0,0,0,37,4245.708624069837,0.5,-9.577525172674568,"0.14395512820512824,0.1934698795180723,0.276989247311828,0.5,0.37,0.20977620150263931","0,0,0"
15.4,130,AV,0,0,0,36,2158.6935677652164,0.3,-3.018475829059419,"0.1403768115942029,0.18896354166666665,0.2778174603174603,0.3,0.36,0.10665888240344744","0,0,0"
13.4,129,AV,1,0,0,18,2142.030696222753,0.5,-3.6241428446193042,"0.054802083333333335,0.12502459016393444,0.2230793650793651,0.5,0.18,0.10583558664582342","0,0,0"
15.083333333333334,138,AV,1,0,0,27,2283.7291705859197,1.0,-8.698547556314216,"0.07804861111111111,0.1436229773462783,0.254448717948718,1.0,0.27,0.1128367660348439","0,0,0"
36.5,201,AV,2,0,0,54,3667.3634505223554,1.0,-33.80271867274393,"0.3187152777777778,0.31426591760299627,0.37788888888888883,1.0,0.54,0.1812007469892587","0,0,0"
30.033333333333335,143,AV,1,0,0,51,2421.0391237858234,0.2,-3.6723169200859047,"0.26549275362318847,0.2879045307443366,0.3529404761904762,0.2,0.51,0.1196211129981477","0,0,0"
44.733333333333334,60,AV,0,0,0,66,1234.5997004771,0.8,-11.657123219126385,"0.40818421052631576,0.392765,0.43953174603174605,0.8,0.66,0.06100033197617807","0,0,0"
42.8,206,AV,2,0,0,63,3849.958431883558,0.1,-4.161066183954957,"0.3913400000000001,0.37483156028368797,0.42471428571428566,0.1,0.63,0.19022258173935064","0,0,0"
39.1,30,AV,2,0,0,60,854.5785374972068,0.2,-1.6875768088959993,"0.35009649122807013,0.3597941176470588,0.42100000000000004,0.2,0.6,0.04222386775802824","0,0,0"
48.35,235,AV,0,0,0,72,4689.4303597647895,0.1,-6.22560499733908,"0.4317708333333334,0.41674912280701754,0.46523015873015866,0.1,0.72,0.2317000470794511","0,0,0"
31.683333333333334,103,AV,1,0,0,51,1794.439334206041,1.0,-14.357025144468366,"0.26549275362318847,0.2879045307443366,0.3529404761904762,1.0,0.51,0.08866144634198442","0,0,0"
19.366666666666667,42,AV,1,0,0,35,959.5289757906356,0.2,-0.9385291833911773,"0.12524166666666667,0.1794274691358025,0.2660555555555556,0.2,0.35,0.04740936357053375","0,0,0"
53.733333333333334,107,AV,0,0,0,78,1830.3424648913517,0.4,-10.43438401819818,"0.44762903225806455,0.42234074074074074,0.4603245614035088,0.4,0.78,0.09043538399152518","0,0,0"
43.78333333333333,287,AV,1,0,0,87,8987.822610831106,0.1,-9.937293770476987,"0.44192105263157894,0.4283725490196078,0.44920175438596494,0.1,0.87,0.4440792937110115","0,0,0"
18.683333333333334,119,AV,0,0,0,38,2044.1603053436156,0.7,-7.251063095972792,"0.149546875,0.19932730923694778,0.28424,0.7,0.38,0.10099990886948945","0,0,0"
31.033333333333335,127,AV,2,0,0,41,2133.445027811215,0.1,-1.6719169367779807,"0.16623529411764704,0.21719741100323625,0.2907583333333333,0.1,0.41,0.10541137738743885","0,0,0"
32.3,55,AV,1,0,0,52,1148.2139867956057,0.3,-2.80964483132561,"0.29457692307692307,0.30738043478260874,0.3645454545454545,0.3,0.52,0.05673210057248192","0,0,0"
24.1,84,AV,1,0,0,44,1474.5167950508735,0.4,-3.5894802788612177,"0.18687254901960784,0.23612254901960786,0.32019841269841265,0.4,0.44,0.07285439480326665","0,0,0"
17.716666666666665,26,AV,1,0,0,31,825.4433072334436,0.1,-0.36929555369913747,"0.09956666666666666,0.1636611111111111,0.25352222222222226,0.1,0.31,0.040784325275063815","0,0,0"
46.71666666666667,230,AV,0,0,0,70,4577.590037133467,0.3,-16.700738477380188,"0.4247833333333333,0.40252057613168724,0.43666666666666665,0.3,0.7,0.2261741289975035","0,0,0"
30.283333333333335,75,AV,1,0,0,51,1405.7852601227096,0.2,-2.150094122595087,"0.26549275362318847,0.2879045307443366,0.3529404761904762,0.2,0.51,0.0694584386514629","0,0,0"
42.81666666666667,92,AV,1,0,0,82,1567.0706205360798,0.2,-3.3887242627585774,"0.44829166666666664,0.4264290429042905,0.45563157894736844,0.2,0.82,0.07742738641996724","0,0,0"
14.616666666666667,203,AV,1,0,0,25,3773.073658575576,0.4,-5.570682825876736,"0.07144166666666667,0.13579248366013075,0.2306759259259259,0.4,0.25,0.1864237822629797","0,0,0"
26.133333333333333,172,AV,1,0,0,45,2968.817229463249,0.1,-1.959219451093592,"0.20658333333333334,0.24207986111111113,0.32079545454545444,0.1,0.45,0.1466862793696381","0,0,0"
35.7,278,AV,1,0,0,57,8028.27043643778,0.4,-28.950429755639274,"0.33678395061728394,0.33553401360544216,0.38169999999999993,0.4,0.57,0.39666878392080435","0,0,0"
36.43333333333333,269,AV,1,0,0,57,6783.106781750961,0.3,-18.722059879933838,"0.33678395061728394,0.33553401360544216,0.38169999999999993,0.3,0.57,0.33514649757064985","0,0,0"
24.516666666666666,173,AV,1,0,0,44,2987.078671303881,0.2,-3.6986470753266065,"0.18687254901960784,0.23612254901960786,0.32019841269841265,0.2,0.44,0.14758855888113623","0,0,0"
18.916666666666668,233,AV,1,0,0,35,4679.48341028673,0.2,-4.470718578009629,"0.12524166666666667,0.1794274691358025,0.2660555555555556,0.2,0.35,0.23120857828995","0,0,0"
24.15,74,AV,1,0,0,44,1386.7650627050614,0.5,-4.228582861657479,"0.18687254901960784,0.23612254901960786,0.32019841269841265,0.5,0.44,0.0685186697885022","0,0,0"
17.55,241,AV,1,0,0,33,4950.077303955518,0.3,-6.5813527791226765,"0.10541228070175439,0.16617399267399263,0.2529944444444444,0.3,0.33,0.24457835096861175","0,0,0"
37.06666666666667,291,AV,1,0,0,59,11185.875164713363,0.3,-31.41084137161934,"0.35009090909090906,0.3535212765957446,0.41604861111111113,0.3,0.59,0.5526828641120808","0,0,0"
38.43333333333333,133,AV,1,0,0,61,2198.5025098873134,0.4,-8.534927252188796,"0.3608863636363636,0.36311279461279466,0.4197982456140351,0.4,0.61,0.10862580227563756","0,0,0"
38.266666666666666,10,AV,1,0,0,59,649.7132696839626,0.7,-4.394861814124851,"0.35009090909090906,0.3535212765957446,0.41604861111111113,0.7,0.59,0.03210168050804979","0,0,0"
27.266666666666666,226,AV,1,0,0,47,4504.939201911708,0.1,-3.1018857467708565,"0.2109202898550725,0.2527710437710437,0.32769444444444445,0.1,0.47,0.2225845241521748","0,0,0"
32.5,13,AV,1,0,0,52,676.2529471816457,0.1,-0.555005575338472,"0.29457692307692307,0.30738043478260874,0.3645454545454545,0.1,0.52,0.033412979334117666","0,0,0"
25.166666666666668,266,AV,1,0,0,45,6130.868263041086,0.9,-35.06670862572742,"0.20658333333333334,0.24207986111111113,0.32079545454545444,0.9,0.45,0.3029200470429381","0,0,0"
23.283333333333335,136,AV,1,0,0,42,2276.662146114732,0.3,-4.015779063285708,"0.17484920634920634,0.22416323024054982,0.29878030303030306,0.3,0.42,0.1124875914492194","0,0,0"
15.75,219,AV,1,0,0,26,4237.057085974603,0.1,-1.6851931591944445,"0.07345,0.1366358024691358,0.21972222222222226,0.1,0.26,0.20934873768929974","0,0,0"
21.85,244,AV,1,0,0,38,5370.167679594476,0.3,-8.88925483326813,"0.149546875,0.19932730923694778,0.28424,0.3,0.38,0.26533459476493776","0,0,0"
23.783333333333335,205,AV,1,0,0,42,3803.247088152212,0.1,-2.2841892233978145,"0.17484920634920634,0.22416323024054982,0.29878030303030306,0.1,0.42,0.18791462113190488","0,0,0"
26.75,157,AV,2,0,0,28,2758.442965787371,0.1,-1.8633421549194993,"0.0910392156862745,0.15255253623188406,0.2513010752688172,0.1,0.28,0.13629189816371895","0,0,0"
23.333333333333332,125,AV,1,0,0,42,2113.1349678504243,0.2,-2.4902263930897255,"0.17484920634920634,0.22416323024054982,0.29878030303030306,0.2,0.42,0.10440787771091574","0,0,0"
11.6,117,AV,1,0,0,18,2022.4315636845977,0.9,-5.3318650315321205,"0.054802083333333335,0.12502459016393444,0.2230793650793651,0.9,0.18,0.09992631355425287","0,0,0"
22.35,86,AV,0,0,0,45,1490.1599361877834,0.1,-1.3410372367120444,"0.20658333333333334,0.24207986111111113,0.32079545454545444,0.1,0.45,0.0736273067051025","0,0,0"
34.13333333333333,210,AV,1,0,0,55,4021.28082322038,0.4,-13.864618057163868,"0.3298541666666667,0.32247826086956516,0.3795625,0.4,0.55,0.19868744913115402","0,0,0"
27.816666666666666,58,AV,1,0,0,48,1200.7903182940884,0.3,-2.530453334889941,"0.2224722222222222,0.2616388888888889,0.3307884615384616,0.3,0.48,0.05932984433854443","0,0,0"
13.383333333333333,47,AV,1,0,0,14,1017.530975349866,0.3,-1.031663350007503,"0.05291666666666667,0.1219294871794872,0.22583333333333333,0.3,0.14,0.050275184149485695","0,0,0"
28.483333333333334,155,AV,1,0,0,49,2747.619709803412,0.2,-3.9525943468468285,"0.23948850574712643,0.2686111111111111,0.330904761904762,0.2,0.49,0.13575713194935043","0,0,0"
11.883333333333333,1,AV,0,0,0,35,513.7357984527049,0.1,-0.65416398328989,"0.12524166666666667,0.1794274691358025,0.2660555555555556,0.1,0.35,0.02538317014134346","0,0,0"
31.816666666666666,195,AV,1,0,0,52,3508.846318545673,0.3,-8.4575601289188,"0.29457692307692307,0.30738043478260874,0.3645454545454545,0.3,0.52,0.17336857460921315","0,0,0"
18.783333333333335,105,AV,0,0,0,38,1805.1606101798543,0.2,-2.212471386929879,"0.149546875,0.19932730923694778,0.28424,0.2,0.38,0.08919117382641367","0,0,0"
24.65,150,AV,2,0,0,33,2574.4307659940623,0.2,-3.205036281906749,"0.10541228070175439,0.16617399267399263,0.2529944444444444,0.2,0.33,0.12720004007342384","0,0,0"
34.43333333333333,292,AV,1,0,0,56,11861.36896338871,0.5,-51.56899890227499,"0.33245454545454545,0.3329884488448844,0.38259803921568625,0.5,0.56,0.5860583346804944","0,0,0"
20.716666666666665,46,AV,0,0,0,38,1011.0784796502788,0.8,-4.731550674091908,"0.149546875,0.19932730923694778,0.28424,0.8,0.38,0.04995637281363524","0,0,0"
21.45,265,AV,1,0,0,39,6081.635477498837,0.6,-19.76531530187122,"0.1560942028985507,0.20734951456310682,0.3075,0.6,0.39,0.3004875045265025","0,0,0"
15.266666666666667,137,AV,1,0,0,27,2280.385817754286,0.1,-0.8791386401779994,"0.07804861111111111,0.1436229773462783,0.254448717948718,0.1,0.27,0.1126715743273096","0,0,0"
32.68333333333333,178,AV,1,0,0,52,3048.604611013583,0.1,-2.5161252702852006,"0.29457692307692307,0.30738043478260874,0.3645454545454545,0.1,0.52,0.15062849380578247","0,0,0"
37.666666666666664,163,AV,1,0,0,58,2850.5966631146844,0.2,-5.422852237911774,"0.34686666666666677,0.34457727272727273,0.4133777777777778,0.2,0.58,0.14084511984976505","0,0,0"
28.266666666666666,282,AV,2,0,0,40,8475.089255911002,0.3,-18.14867598235487,"0.1601,0.2118191823899371,0.3061428571428571,0.3,0.4,0.41874565329841523","0,0,0"
19.683333333333334,51,AV,1,0,0,35,1076.386102050743,0.1,-0.5350218798492961,"0.12524166666666667,0.1794274691358025,0.2660555555555556,0.1,0.35,0.05318315688418353","0,0,0"
32.766666666666666,183,AV,0,0,0,53,3159.4556453821087,0.1,-3.1142633833422666,"0.29948850574712643,0.3104767441860464,0.3749733333333333,0.1,0.53,0.15610553214765938","0,0,0"
49.916666666666664,193,AV,0,0,0,74,3389.778327720714,0.2,-9.045779538319477,"0.4383620689655172,0.418968085106383,0.4683333333333332,0.2,0.74,0.1674855446965603","0,0,0"
38.0,128,AV,1,0,0,60,2139.4702648744856,0.7,-14.371189152944774,"0.35009649122807013,0.3597941176470588,0.42100000000000004,0.7,0.6,0.10570907830292801","0,0,0"
41.416666666666664,2,AV,1,0,0,69,567.550811201735,0.2,-1.1871748870676022,"0.42138709677419356,0.39922289156626506,0.43097435897435893,0.2,0.69,0.028042115904674286","0,0,0"
41.93333333333333,135,AV,2,0,0,66,2260.56382504795,0.2,-4.787524060455087,"0.40818421052631576,0.392765,0.43953174603174605,0.2,0.66,0.11169218956393358","0,0,0"
37.93333333333333,264,AV,0,0,0,60,6020.57275324985,0.1,-6.267181644106338,"0.35009649122807013,0.3597941176470588,0.42100000000000004,0.1,0.6,0.2974704566128196","0,0,0"
33.25,299,AV,1,0,0,52,20239.22920549412,0.3,-50.98139174868784,"0.29457692307692307,0.30738043478260874,0.3645454545454545,0.3,0.52,1.0","0,0,0"
41.583333333333336,134,AV,1,0,0,67,2222.040577514192,0.1,-2.3333296468425546,"0.41856349206349214,0.39531702898550725,0.4301111111111111,0.1,0.67,0.1097887945708426","0,0,0"
25.983333333333334,262,AV,1,0,0,45,5985.732437913218,0.3,-11.782521301397358,"0.20658333333333334,0.24207986111111113,0.32079545454545444,0.3,0.45,0.2957490316028605","0,0,0"
19.433333333333334,283,AV,1,0,0,36,8639.921150992108,0.4,-16.959845222317842,"0.1403768115942029,0.18896354166666665,0.2778174603174603,0.4,0.36,0.42688983178503276","0,0,0"
16.5,43,AV,1,0,0,28,969.457736312404,0.2,-0.8078814469270035,"0.0910392156862745,0.15255253623188406,0.2513010752688172,0.2,0.28,0.04789993366196159","0,0,0"
13.633333333333333,29,AV,0,0,0,35,850.3216016091212,0.5,-1.9637269994029065,"0.12524166666666667,0.1794274691358025,0.2660555555555556,0.5,0.35,0.04201353682867991","0,0,0"
37.666666666666664,31,AV,1,0,0,61,859.2772315809713,0.8,-6.538607890144766,"0.3608863636363636,0.36311279461279466,0.4197982456140351,0.8,0.61,0.042456025516412095","0,0,0"
35.63333333333333,93,AV,2,0,0,52,1614.9493849180149,0.8,-11.625460555403082,"0.29457692307692307,0.30738043478260874,0.3645454545454545,0.8,0.52,0.0797930281099649","0,0,0"
17.25,21,AV,1,0,0,27,777.0630287344238,0.4,-1.3539734591584658,"0.07804861111111111,0.1436229773462783,0.254448717948718,0.4,0.27,0.03839390427593374","0,0,0"
17.75,281,AV,1,0,0,33,8348.421721831439,0.1,-3.742032463699698,"0.10541228070175439,0.16617399267399263,0.2529944444444444,0.1,0.33,0.41248713758156286","0,0,0"
41.56666666666667,284,AV,0,0,0,64,8689.506535985933,0.1,-9.621056103008803,"0.40297058823529414,0.3857380952380953,0.43247333333333343,0.1,0.64,0.42933979588645044","0,0,0"
40.8,242,AV,1,0,0,65,4967.653125719208,0.2,-10.23637613784564,"0.4042857142857143,0.38832971014492756,0.43475925925925923,0.2,0.65,0.24544675468029653","0,0,0"
17.716666666666665,289,AV,1,0,0,32,10783.100237376317,0.1,-4.824257387344707,"0.10316666666666667,0.16555860805860806,0.2542727272727273,0.1,0.32,0.5327821592360418","0,0,0"
28.466666666666665,179,AV,1,0,0,48,3065.2253709468137,0.4,-8.813813019490164,"0.2224722222222222,0.2616388888888889,0.3307884615384616,0.4,0.48,0.15144970887106365","0,0,0"
43.06666666666667,211,AV,2,0,0,65,4034.238052294327,0.2,-8.774807346067798,"0.4042857142857143,0.38832971014492756,0.43475925925925923,0.2,0.65,0.1993276528139321","0,0,0"
21.1,90,AV,1,0,0,39,1538.317647081207,0.7,-5.737614052371067,"0.1560942028985507,0.20734951456310682,0.3075,0.7,0.39,0.07600673086224138","0,0,0"
34.81666666666667,109,AV,1,0,0,57,1862.7228332236152,0.1,-1.6377222216347362,"0.33678395061728394,0.33553401360544216,0.38169999999999993,0.1,0.57,0.09203526548916015","0,0,0"
23.616666666666667,186,AV,1,0,0,38,3252.767976975094,0.1,-1.939887299399709,"0.149546875,0.19932730923694778,0.28424,0.1,0.38,0.1607160007897979","0,0,0"
25.583333333333332,62,AV,0,0,0,50,1244.4027248274256,0.1,-1.3039386290446542,"0.2588550724637681,0.28807812499999996,0.3676587301587302,0.1,0.5,0.06148468956958209","0,0,0"
16.516666666666666,87,AV,1,0,0,27,1503.4428459110418,0.7,-4.389470968890949,"0.07804861111111111,0.1436229773462783,0.254448717948718,0.7,0.27,0.07428360194186243","0,0,0"
13.6,154,AV,1,0,0,24,2722.266725979925,0.1,-0.9349198856900753,"0.06312745098039216,0.12913859649122808,0.22310119047619043,0.1,0.24,0.13450446646658565","0,0,0"
12.966666666666667,231,AV,1,0,0,1,4660.29795945294,0.1,-1.5259729850397254,"0.0,0.0,0.0,0.1,0.01,0.23026064442157015","0,0,0"
33.7,48,AV,2,0,0,51,1040.734547163155,1.0,-8.856756121060181,"0.26549275362318847,0.2879045307443366,0.3529404761904762,1.0,0.51,0.05142164934229008","0,0,0"
21.366666666666667,189,AV,1,0,0,36,3313.1900178081896,0.2,-3.57534478352702,"0.1403768115942029,0.18896354166666665,0.2778174603174603,0.2,0.36,0.16370139317898502","0,0,0"
44.88333333333333,25,AV,0,0,0,66,822.5771428470101,0.9,-8.89091002154166,"0.40818421052631576,0.392765,0.43953174603174605,0.9,0.66,0.04064271096963091","0,0,0"
20.4,146,AV,1,0,0,38,2476.7673195544394,0.6,-7.655462624077358,"0.149546875,0.19932730923694778,0.28424,0.6,0.38,0.12237458721412664","0,0,0"
18.066666666666666,23,AV,1,0,0,33,793.0252767736928,0.3,-1.085403282856923,"0.10541228070175439,0.16617399267399263,0.2529944444444444,0.3,0.33,0.0391825829295129","0,0,0"
27.716666666666665,5,AV,1,0,0,47,591.6693204447811,0.2,-0.828237440992989,"0.2109202898550725,0.2527710437710437,0.32769444444444445,0.2,0.47,0.02923378723751827","0,0,0"
25.533333333333335,148,AV,1,0,0,45,2520.757475212996,0.2,-3.2506737811669275,"0.20658333333333334,0.24207986111111113,0.32079545454545444,0.2,0.45,0.12454809665027725","0,0,0"
30.55,252,AV,2,0,0,43,5702.616109653807,0.1,-4.399366720957673,"0.18475833333333333,0.23234848484848483,0.3182063492063492,0.1,0.43,0.28176053800041856","0,0,0"
32.666666666666664,271,AV,0,0,0,55,7332.887514065835,0.3,-18.64704485804171,"0.3298541666666667,0.32247826086956516,0.3795625,0.3,0.55,0.3623106117141683","0,0,0"
29.35,149,AV,1,0,0,49,2528.765907819195,0.3,-5.622672681401013,"0.23948850574712643,0.2686111111111111,0.330904761904762,0.3,0.49,0.12494378526691811","0,0,0"
28.9,187,AV,1,0,0,48,3257.969850357721,0.1,-2.3776598150337915,"0.2224722222222222,0.2616388888888889,0.3307884615384616,0.1,0.48,0.1609730201322744","0,0,0"
39.31666666666667,202,AV,1,0,0,63,3759.463069718096,0.3,-11.197693663465895,"0.3913400000000001,0.37483156028368797,0.42471428571428566,0.3,0.63,0.18575129672910448","0,0,0"
4.85,56,AV,0,0,0,17,1148.9174546898266,0.2,-0.7814267502649324,"0.0572878787878788,0.1273030303030303,0.23214444444444446,0.2,0.17,0.05676685821503235","0,0,0"
10.116666666666667,160,AV,0,0,0,33,2818.3733061874163,0.1,-1.220013719215388,"0.10541228070175439,0.16617399267399263,0.2529944444444444,0.1,0.33,0.13925299612805134","0,0,0"
42.0,293,AV,1,0,0,71,12197.400506638176,0.1,-12.936636900979886,"0.43017307692307694,0.4113655913978495,0.4546428571428571,0.1,0.71,0.6026613159421645","0,0,0"
32.8,41,AV,1,0,0,53,954.0002559944874,0.2,-1.5803640604353124,"0.29948850574712643,0.3104767441860464,0.3749733333333333,0.2,0.53,0.04713619507483592","0,0,0"
38.36666666666667,142,AV,1,0,0,62,2382.718205806423,0.4,-9.234035875027587,"0.3699733333333333,0.36656481481481484,0.42352000000000006,0.4,0.62,0.1177277149052501","0,0,0"
20.266666666666666,44,AV,1,0,0,36,981.8973671489576,0.2,-1.0050397293376536,"0.1403768115942029,0.18896354166666665,0.2778174603174603,0.2,0.36,0.048514563335367175","0,0,0"
20.566666666666666,145,AV,1,0,0,38,2436.431929205765,0.1,-1.265385943030267,"0.149546875,0.19932730923694778,0.28424,0.1,0.38,0.12038165606348158","0,0,0"
23.683333333333334,174,AV,1,0,0,43,2991.769966736588,0.2,-3.5785396655999087,"0.18475833333333333,0.23234848484848483,0.3182063492063492,0.2,0.43,0.14782035107959768","0,0,0"
38.81666666666667,38,AV,1,0,0,61,946.2003450753726,0.6,-5.564900514344806,"0.3608863636363636,0.36311279461279466,0.4197982456140351,0.6,0.61,0.04675080930545112","0,0,0"
29.466666666666665,222,AV,1,0,0,50,4304.4895651906745,0.1,-3.2030040198893572,"0.2588550724637681,0.28807812499999996,0.3676587301587302,0.1,0.5,0.21268050880229086","0,0,0"
30.5,197,AV,1,0,0,49,3531.3895067900216,0.3,-8.15964999674967,"0.23948850574712643,0.2686111111111111,0.330904761904762,0.3,0.49,0.17448241091273348","0,0,0"
27.516666666666666,122,AV,0,0,0,50,2088.64210540395,0.4,-6.305299858622765,"0.2588550724637681,0.28807812499999996,0.3676587301587302,0.4,0.5,0.10319770996204586","0,0,0"
38.4,247,AV,1,0,0,60,5427.330032863625,0.6,-31.57719291847927,"0.35009649122807013,0.3597941176470588,0.42100000000000004,0.6,0.6,0.26815892926348833","0,0,0"
13.433333333333334,184,AV,1,0,0,18,3197.7177395395383,0.1,-1.0847476843724193,"0.054802083333333335,0.12502459016393444,0.2230793650793651,0.1,0.18,0.15799602381455757","0,0,0"
42.56666666666667,115,AV,1,0,0,78,1942.5668635563816,0.1,-2.088095862593855,"0.44762903225806455,0.42234074074074074,0.4603245614035088,0.1,0.78,0.09598027888478354","0,0,0"
38.333333333333336,188,AV,1,0,0,61,3278.222126324269,0.8,-25.386905355373134,"0.3608863636363636,0.36311279461279466,0.4197982456140351,0.8,0.61,0.16197366475964245","0,0,0"
35.15,64,AV,1,0,0,57,1265.4739572733297,0.1,-1.1232679191453925,"0.33678395061728394,0.33553401360544216,0.38169999999999993,0.1,0.57,0.06252579801457091","0,0,0"
26.083333333333332,297,AV,1,0,0,46,16390.717038727882,0.1,-10.79607414377489,"0.21300000000000005,0.2517888888888889,0.32482575757575755,0.1,0.46,0.8098488767684134","0,0,0"
39.53333333333333,162,AV,0,0,0,62,2838.632091159661,0.3,-9.001559747766054,"0.3699733333333333,0.36656481481481484,0.42352000000000006,0.3,0.62,0.14025396235885745","0,0,0"
29.816666666666666,168,AV,0,0,0,51,2909.8477340427667,0.4,-9.263834337041262,"0.26549275362318847,0.2879045307443366,0.3529404761904762,0.4,0.51,0.1437726557913017","0,0,0"
25.133333333333333,69,AV,1,0,0,44,1317.647826688136,1.0,-8.36284900103413,"0.18687254901960784,0.23612254901960786,0.32019841269841265,1.0,0.44,0.06510365653304864","0,0,0"
34.65,54,AV,1,0,0,56,1129.1321270070612,0.1,-0.9879906111311786,"0.33245454545454545,0.3329884488448844,0.38259803921568625,0.1,0.56,0.05578928503366858","0,0,0"
35.11666666666667,253,AV,2,0,0,48,5721.231751015957,0.5,-25.367498525653662,"0.2224722222222222,0.2616388888888889,0.3307884615384616,0.5,0.48,0.2826803181547486","0,0,0"
15.4,72,AV,1,0,0,27,1348.5865378412918,0.2,-1.048900640543227,"0.07804861111111111,0.1436229773462783,0.254448717948718,0.2,0.27,0.0666323071965214","0,0,0"
14.616666666666667,32,AV,1,0,0,26,871.0408974081768,0.5,-1.6075397033395855,"0.07345,0.1366358024691358,0.21972222222222226,0.5,0.26,0.0430372564372029","0,0,0"
30.983333333333334,112,AV,0,0,0,52,1888.2149669861096,0.1,-1.9773533769474656,"0.29457692307692307,0.30738043478260874,0.3645454545454545,0.1,0.52,0.09329480623074009","0,0,0"
33.96666666666667,181,AV,1,0,0,55,3132.463358685509,0.8,-21.494815909094505,"0.3298541666666667,0.32247826086956516,0.3795625,0.8,0.55,0.15477187035537765","0,0,0"
19.35,4,AV,2,0,0,22,586.8516376274475,0.1,-0.286757050204321,"0.06019696969696969,0.12589583333333332,0.22567777777777778,0.1,0.22,0.028995750365243225","0,0,0"
43.55,97,AV,1,0,0,77,1697.366940102563,0.1,-1.8666750060976416,"0.45001666666666673,0.4206556776556777,0.4603245614035088,0.1,0.77,0.08386519678534977","0,0,0"
30.633333333333333,223,AV,2,0,0,40,4343.557359248321,0.1,-3.36004142520977,"0.1601,0.2118191823899371,0.3061428571428571,0.1,0.4,0.21461080929254078","0,0,0"
37.516666666666666,294,AV,2,0,0,52,13351.937436366714,0.1,-12.649499650362573,"0.29457692307692307,0.30738043478260874,0.3645454545454545,0.1,0.52,0.6597058267783346","0,0,0"
30.05,34,AV,1,0,0,49,912.6272274022258,0.1,-0.6925365702888102,"0.23948850574712643,0.2686111111111111,0.330904761904762,0.1,0.49,0.04509199526010037","0,0,0"
26.166666666666668,199,AV,1,0,0,46,3623.60917519969,0.2,-4.788776435238648,"0.21300000000000005,0.2517888888888889,0.32482575757575755,0.2,0.46,0.17903889216374055","0,0,0"
37.983333333333334,106,AV,0,0,0,60,1822.2981036688468,0.2,-3.995805873957325,"0.35009649122807013,0.3597941176470588,0.42100000000000004,0.2,0.6,0.09003792017801585","0,0,0"
16.566666666666666,19,AV,1,0,0,29,761.8437659652793,0.6,-1.9123048064886052,"0.0956904761904762,0.158946735395189,0.25369540229885057,0.6,0.29,0.03764193577878302","0,0,0"
45.43333333333333,52,AV,2,0,0,68,1111.987968807459,0.1,-1.2757909103405445,"0.41270138888888885,0.3974796296296297,0.4295192307692308,0.1,0.68,0.05494220938540485","0,0,0"
18.133333333333333,132,AV,1,0,0,34,2187.718469250836,0.3,-3.00535062442539,"0.11344736842105263,0.17564903846153845,0.26186274509803925,0.3,0.34,0.10809297365222585","0,0,0"
25.733333333333334,198,AV,1,0,0,45,3580.4564780460023,0.3,-6.980081820837156,"0.20658333333333334,0.24207986111111113,0.32079545454545444,0.3,0.45,0.17690676071171996","0,0,0"
27.0,245,AV,1,0,0,46,5386.149373461946,0.9,-33.05137115533467,"0.21300000000000005,0.2517888888888889,0.32482575757575755,0.9,0.46,0.2661242342173697","0,0,0"
31.666666666666668,166,AV,1,0,0,50,2891.134206742707,0.1,-2.3119339195333097,"0.2588550724637681,0.28807812499999996,0.3676587301587302,0.1,0.5,0.14284803919103217","0,0,0"
30.0,240,AV,1,0,0,50,4756.448820673547,0.3,-10.810110956076242,"0.2588550724637681,0.28807812499999996,0.3676587301587302,0.3,0.5,0.23501136196344702","0,0,0"
34.233333333333334,254,AV,1,0,0,55,5807.233742044462,0.5,-25.101132378281413,"0.3298541666666667,0.32247826086956516,0.3795625,0.5,0.55,0.28692959020732056","0,0,0"
20.616666666666667,94,AV,0,0,0,42,1626.914224999384,0.1,-1.3470087947492584,"0.17484920634920634,0.22416323024054982,0.29878030303030306,0.1,0.42,0.0803841988487261","0,0,0"
42.03333333333333,263,AV,1,0,0,72,6007.794801579103,0.2,-12.753921287527353,"0.4317708333333334,0.41674912280701754,0.46523015873015866,0.2,0.72,0.29683911084658465","0,0,0"
23.133333333333333,190,AV,1,0,0,41,3362.377553451843,0.5,-9.82108595158072,"0.16623529411764704,0.21719741100323625,0.2907583333333333,0.5,0.41,0.1661316999433504","0,0,0"
22.683333333333334,273,AV,1,0,0,40,7362.36439851089,0.3,-12.651739831279446,"0.1601,0.2118191823899371,0.3061428571428571,0.3,0.4,0.36376703498729634","0,0,0"
25.866666666666667,83,AV,0,0,0,49,1467.6871321740252,0.1,-1.458691258053067,"0.23948850574712643,0.2686111111111111,0.330904761904762,0.1,0.49,0.07251694801576773","0,0,0"
40.733333333333334,95,AV,1,0,0,67,1649.648602545546,0.1,-1.6968607679382637,"0.41856349206349214,0.39531702898550725,0.4301111111111111,0.1,0.67,0.08150748162374356","0,0,0"
33.81666666666667,259,AV,1,0,0,52,5882.279762541917,0.3,-15.069628331057512,"0.29457692307692307,0.30738043478260874,0.3645454545454545,0.3,0.52,0.29063753875296394","0,0,0"
43.016666666666666,275,AV,0,0,0,64,7864.29237148983,0.1,-9.04281928064615,"0.40297058823529414,0.3857380952380953,0.43247333333333343,0.1,0.64,0.38856679232403757","0,0,0"
40.78333333333333,276,AV,1,0,0,66,7897.119961473183,0.4,-32.53241169313952,"0.40818421052631576,0.392765,0.43953174603174605,0.4,0.66,0.390188770594556","0,0,0"
32.916666666666664,207,AV,1,0,0,52,3898.759045987068,0.2,-6.481522824768064,"0.29457692307692307,0.30738043478260874,0.3645454545454545,0.2,0.52,0.19263377109878843","0,0,0"
28.266666666666666,79,AV,1,0,0,47,1447.5744631551047,0.4,-4.133141901533767,"0.2109202898550725,0.2527710437710437,0.32769444444444445,0.4,0.47,0.07152320122755207","0,0,0"
36.95,124,AV,1,0,0,55,2105.6010448069283,0.1,-1.9646959243842428,"0.3298541666666667,0.32247826086956516,0.3795625,0.1,0.55,0.104035634135481","0,0,0"
34.983333333333334,81,AV,2,0,0,45,1457.5875839824732,0.6,-7.725950350452554,"0.20658333333333334,0.24207986111111113,0.32079545454545444,0.6,0.45,0.0720179394770033","0,0,0"
48.083333333333336,78,AV,0,0,0,73,1446.9812594843625,0.3,-5.770885017187355,"0.4359652777777777,0.4182070175438597,0.4659047619047618,0.3,0.73,0.07149389162960644","0,0,0"
19.816666666666666,116,AV,1,0,0,37,1997.7276787447236,0.8,-7.997637070799584,"0.14395512820512824,0.1934698795180723,0.276989247311828,0.8,0.37,0.09870571939579707","0,0,0"
20.033333333333335,57,AV,1,0,0,37,1150.2916000513435,0.4,-2.327694449935547,"0.14395512820512824,0.1934698795180723,0.276989247311828,0.4,0.37,0.05683475335805212","0,0,0"
43.666666666666664,225,AV,1,0,0,71,4459.768546990965,0.3,-14.75327473878324,"0.43017307692307694,0.4113655913978495,0.4546428571428571,0.3,0.71,0.22035268743240086","0,0,0"
35.15,196,AV,1,0,0,55,3520.054626539052,0.5,-15.622464661975718,"0.3298541666666667,0.32247826086956516,0.3795625,0.5,0.55,0.17392236585687273","0,0,0"
35.86666666666667,243,AV,1,0,0,57,5003.647877951615,0.2,-9.06384699777094,"0.33678395061728394,0.33553401360544216,0.38169999999999993,0.2,0.57,0.2472252192585145","0,0,0"
17.283333333333335,16,AV,1,0,0,28,742.6585956180782,0.5,-1.6206585935520774,"0.0910392156862745,0.15255253623188406,0.2513010752688172,0.5,0.28,0.03669401576896401","0,0,0"
50.25,61,AV,0,0,0,74,1240.6560786390864,0.1,-2.0743173725155075,"0.4383620689655172,0.418968085106383,0.4683333333333332,0.1,0.74,0.06129957154209703","0,0,0"
42.8,18,AV,1,0,0,71,753.7709081553346,1.0,-8.146816886123313,"0.43017307692307694,0.4113655913978495,0.4546428571428571,1.0,0.71,0.03724306397749163","0,0,0"
33.8,100,AV,1,0,0,53,1723.69240549938,1.0,-14.71232406714117,"0.29948850574712643,0.3104767441860464,0.3749733333333333,1.0,0.53,0.08516591160652838","0,0,0"
29.933333333333334,229,AV,1,0,0,48,4569.840806868062,1.0,-34.543072765719856,"0.2224722222222222,0.2616388888888889,0.3307884615384616,1.0,0.48,0.22579124730834796","0,0,0"
30.7,89,AV,1,0,0,50,1528.3774584247917,0.6,-7.109270905097136,"0.2588550724637681,0.28807812499999996,0.3676587301587302,0.6,0.5,0.07551559611815158","0,0,0"
25.716666666666665,12,AV,2,0,0,27,658.4091024775607,0.1,-0.4275779651190557,"0.07804861111111111,0.1436229773462783,0.254448717948718,0.1,0.27,0.032531332877974904","0,0,0"
37.483333333333334,180,AV,1,0,0,58,3101.095365071405,0.2,-5.870676326637703,"0.34686666666666677,0.34457727272727273,0.4133777777777778,0.2,0.58,0.15322200927639995","0,0,0"
42.56666666666667,126,AV,2,0,0,66,2131.3254046090938,0.2,-4.581990810918878,"0.40818421052631576,0.392765,0.43953174603174605,0.2,0.66,0.10530664893258515","0,0,0"
44.483333333333334,171,AV,1,0,0,88,2965.4163440895786,0.1,-3.331101103693218,"0.4492777777777778,0.42837953795379535,0.4502142857142857,0.1,0.88,0.14651824503694982","0,0,0"
41.06666666666667,170,AV,1,0,0,68,2953.464044858564,0.1,-3.0628516020755483,"0.41270138888888885,0.3974796296296297,0.4295192307692308,0.1,0.68,0.1459276939290168","0,0,0"
41.7,28,AV,1,0,0,69,844.3352662229099,0.5,-4.445553106249412,"0.42138709677419356,0.39922289156626506,0.43097435897435893,0.5,0.69,0.04171775800600685","0,0,0"
27.516666666666666,24,AV,0,0,0,49,806.3598325453933,0.5,-3.3015574148410023,"0.23948850574712643,0.2686111111111111,0.330904761904762,0.5,0.49,0.039841429945686846","0,0,0"
24.816666666666666,216,AV,1,0,0,43,4164.701887555128,0.7,-18.269649736526556,"0.18475833333333333,0.23234848484848483,0.3182063492063492,0.7,0.43,0.20577373996162773","0,0,0"
36.8,91,AV,1,0,0,57,1546.5147326922538,0.3,-4.311495618414767,"0.33678395061728394,0.33553401360544216,0.38169999999999993,0.3,0.57,0.07641174063449208","0,0,0"
24.25,65,AV,2,0,0,22,1291.2118623687816,1.0,-7.907042339000745,"0.06019696969696969,0.12589583333333332,0.22567777777777778,1.0,0.22,0.0637974820710203","0,0,0"
17.2,14,AV,0,0,0,36,699.2977112166509,0.8,-2.9298829561467468,"0.1403768115942029,0.18896354166666665,0.2778174603174603,0.8,0.36,0.034551597993999705","0,0,0"
13.366666666666667,194,AV,1,0,0,11,3465.4556083993225,0.3,-3.509211361030627,"0.05400000000000001,0.11753508771929826,0.21163888888888888,0.3,0.11,0.17122468317412964","0,0,0"
16.466666666666665,85,AV,1,0,0,26,1474.807688008607,0.2,-1.2265235654482354,"0.07345,0.1366358024691358,0.21972222222222226,0.2,0.26,0.07286876753232566","0,0,0"
42.55,66,AV,1,0,0,76,1291.7462447339112,0.1,-1.3879748159956546,"0.44220833333333337,0.41994086021505367,0.4676578947368421,0.1,0.76,0.06382388536729725","0,0,0"
36.21666666666667,261,AV,0,0,0,59,5984.209260784091,0.2,-11.445864245525112,"0.35009090909090906,0.3535212765957446,0.41604861111111113,0.2,0.59,0.2956737729497932","0,0,0"
14.65,140,AV,1,0,0,26,2337.3116255789537,0.1,-0.8646872554225171,"0.07345,0.1366358024691358,0.21972222222222226,0.1,0.26,0.11548422135287985","0,0,0"
29.166666666666668,267,AV,0,0,0,51,6248.181898567973,0.2,-9.703971651930939,"0.26549275362318847,0.2879045307443366,0.3529404761904762,0.2,0.51,0.3087163960212402","0,0,0"
28.433333333333334,218,AV,1,0,0,47,4227.85786318916,0.7,-21.24961220631521,"0.2109202898550725,0.2527710437710437,0.32769444444444445,0.7,0.47,0.2088942133251532","0,0,0"
17.483333333333334,3,AV,1,0,0,28,586.3474640105957,0.1,-0.2588714182437352,"0.0910392156862745,0.15255253623188406,0.2513010752688172,0.1,0.28,0.02897083965289678","0,0,0"
38.416666666666664,6,AV,2,0,0,52,601.3137559373858,0.5,-2.9167260257484733,"0.29457692307692307,0.30738043478260874,0.3645454545454545,0.5,0.52,0.029710309114645228","0,0,0"
43.11666666666667,20,AV,1,0,0,74,767.6170681366935,0.4,-3.3431403287367445,"0.4383620689655172,0.418968085106383,0.4683333333333332,0.4,0.74,0.03792718884414417","0,0,0"
51.483333333333334,295,AV,0,0,0,83,13430.196447392702,0.4,-70.34154347810785,"0.44892499999999996,0.42580666666666667,0.44971666666666654,0.4,0.83,0.6635725259609666","0,0,0"
43.083333333333336,22,AV,1,0,0,85,779.0639592631991,0.2,-1.6951854669152946,"0.456712962962963,0.4283754045307443,0.4511666666666666,0.2,0.85,0.0384927682449347","0,0,0"
46.583333333333336,121,AV,0,0,0,69,2078.9202215407213,0.3,-7.836593458593835,"0.42138709677419356,0.39922289156626506,0.43097435897435893,0.3,0.69,0.10271736143866485","0,0,0"
19.2,255,AV,1,0,0,33,5825.425317043349,0.1,-2.8244486385664724,"0.10541228070175439,0.16617399267399263,0.2529944444444444,0.1,0.33,0.28782841766829664","0,0,0"
31.766666666666666,158,AV,1,0,0,51,2780.081336731352,0.1,-2.2301494224789384,"0.26549275362318847,0.2879045307443366,0.3529404761904762,0.1,0.51,0.1373610283526348","0,0,0"
25.433333333333334,139,AV,2,0,0,29,2326.172138461347,0.9,-13.445979860954603,"0.0956904761904762,0.158946735395189,0.25369540229885057,0.9,0.29,0.11493383047561351","0,0,0"
17.616666666666667,9,AV,1,0,0,28,646.5589615252754,0.1,-0.28763165923073075,"0.0910392156862745,0.15255253623188406,0.2513010752688172,0.1,0.28,0.03194582930805295","0,0,0"
37.65,33,AV,1,0,0,57,877.6907461205365,0.4,-3.3378845041856766,"0.33678395061728394,0.33553401360544216,0.38169999999999993,0.4,0.57,0.043365818787322166","0,0,0"
10.633333333333333,153,AV,1,0,0,8,2667.9339807116767,0.3,-2.149169040017739,"0.05400000000000001,0.12983333333333336,0.24316666666666667,0.3,0.08,0.13181994005915215","0,0,0"
39.13333333333333,272,AV,2,0,0,53,7336.658338656486,0.2,-14.500398804011306,"0.29948850574712643,0.3104767441860464,0.3749733333333333,0.2,0.53,0.3624969243722426","0,0,0"
22.133333333333333,185,AV,1,0,0,40,3245.380745418587,0.2,-3.627833021814717,"0.1601,0.2118191823899371,0.3061428571428571,0.2,0.4,0.16035100509349434","0,0,0"
42.25,17,AV,1,0,0,63,743.7553910389753,0.3,-2.380580702378538,"0.3913400000000001,0.37483156028368797,0.42471428571428566,0.3,0.63,0.036748207329806624","0,0,0"
13.683333333333334,50,AV,1,0,0,24,1074.3823512953045,0.1,-0.37124070303596174,"0.06312745098039216,0.12913859649122808,0.22310119047619043,0.1,0.24,0.05308415357061393","0,0,0"
24.716666666666665,236,AV,1,0,0,44,4704.305573257116,0.1,-2.936231130109555,"0.18687254901960784,0.23612254901960786,0.32019841269841265,0.1,0.44,0.2324350164471723","0,0,0"
40.733333333333334,246,AV,1,0,0,65,5394.467136051333,0.4,-22.195416970554643,"0.4042857142857143,0.38832971014492756,0.43475925925925923,0.4,0.65,0.2665352065179911","0,0,0"
11.883333333333333,182,AV,0,0,0,33,3151.1733449572957,0.4,-4.282469015075003,"0.10541228070175439,0.16617399267399263,0.2529944444444444,0.4,0.33,0.1556963119969945","0,0,0"
25.233333333333334,224,AV,2,0,0,33,4376.119511966378,0.1,-2.7884869280795863,"0.10541228070175439,0.16617399267399263,0.2529944444444444,0.1,0.33,0.2162196725742125","0,0,0"
15.45,176,AV,0,0,0,35,3017.17067826153,0.2,-2.854307423188921,"0.12524166666666667,0.1794274691358025,0.2660555555555556,0.2,0.35,0.14907537474018487","0,0,0"
39.083333333333336,11,AV,1,0,0,62,650.412147456106,0.1,-0.6419261303807108,"0.3699733333333333,0.36656481481481484,0.42352000000000006,0.1,0.62,0.03213621135727569","0,0,0"
42.65,8,AV,1,0,0,76,617.4453946714843,0.1,-0.6650011637055254,"0.44220833333333337,0.41994086021505367,0.4676578947368421,0.1,0.76,0.03050735719243069","0,0,0"
37.13333333333333,213,AV,2,0,0,49,4116.183110063293,0.2,-7.719575731667522,"0.23948850574712643,0.2686111111111111,0.330904761904762,0.2,0.49,0.2033764758662804","0,0,0"
31.15,161,AV,1,0,0,51,2835.850686157305,0.1,-2.2307259816616174,"0.26549275362318847,0.2879045307443366,0.3529404761904762,0.1,0.51,0.14011653592951495","0,0,0"
27.533333333333335,98,AV,1,0,0,45,1717.0377309640771,0.1,-1.193832631124855,"0.20658333333333334,0.24207986111111113,0.32079545454545444,0.1,0.45,0.0848371108173414","0,0,0"
32.766666666666666,177,AV,1,0,0,52,3022.892107624705,0.2,-5.002530205042231,"0.29457692307692307,0.30738043478260874,0.3645454545454545,0.2,0.52,0.14935806482215805","0,0,0"
14.2,164,AV,1,0,0,21,2857.712092786687,0.1,-1.024735144383105,"0.056912698412698415,0.1250685185185185,0.22410919540229887,0.1,0.21,0.1411966860877753","0,0,0"
17.633333333333333,141,AV,1,0,0,30,2361.523720441912,0.2,-2.1031078251073594,"0.09813333333333335,0.15956228956228957,0.2512051282051282,0.2,0.3,0.1166805166572675","0,0,0"
32.05,248,AV,2,0,0,42,5434.023139443809,0.3,-13.193972849937428,"0.17484920634920634,0.22416323024054982,0.29878030303030306,0.3,0.42,0.26848962894143685","0,0,0"
35.11666666666667,256,AV,1,0,0,56,5844.130995646287,0.6,-31.09490911067355,"0.33245454545454545,0.3329884488448844,0.38259803921568625,0.6,0.56,0.28875264647231946","0,0,0"
17.55,277,AV,1,0,0,30,8011.326014866212,0.1,-3.550474029315708,"0.09813333333333335,0.15956228956228957,0.2512051282051282,0.1,0.3,0.395831577058847","0,0,0"
43.13333333333333,40,AV,0,0,0,64,950.4213588862824,0.2,-2.5704465292909924,"0.40297058823529414,0.3857380952380953,0.43247333333333343,0.2,0.64,0.04695936536102284","0,0,0"
28.616666666666667,15,AV,1,0,0,49,727.2326469992182,0.5,-2.627648263673522,"0.23948850574712643,0.2686111111111111,0.330904761904762,0.5,0.49,0.03593183513143892","0,0,0"
15.766666666666667,250,AV,1,0,0,27,5611.673516276995,0.2,-4.468554837035385,"0.07804861111111111,0.1436229773462783,0.254448717948718,0.2,0.27,0.27726715574492605","0,0,0"
