travel_time,id,kind,action,origin,destination,start_time,income,urgency,reward,observation,cost_table
35.2,102,AV,2,0,0,46,1783.933402668827,0.2,-3.1714371603001372,"0.13308974358974357,0.26894958847736616,0.2774,0.2,0.46,0.08814235881001646","0,0,0"
43.38333333333333,156,AV,1,0,0,79,2753.3979495063454,0.1,-3.0164540667361184,"0.21395614035087718,0.329979674796748,0.32980952380952383,0.1,0.79,0.13604262897318792","0,0,0"
38.416666666666664,212,AV,1,0,0,68,4113.319853961603,0.8,-31.92323994404544,"0.18018115942028984,0.32561991869918705,0.3382222222222222,0.8,0.68,0.20323500525627752","0,0,0"
20.5,251,AV,1,0,0,20,5654.280440205098,1.0,-29.270896218233464,"0.17298888888888886,0.3192423312883435,0.34355555555555556,1.0,0.2,0.2793723210896882","0,0,0"
16.25,49,AV,1,0,0,11,1068.5648373754009,0.1,-0.4384893587714713,"0.1867121212121212,0.30551799242424243,0.30488888888888893,0.1,0.11,0.052796716047137274","0,0,0"
35.95,27,AV,1,0,0,61,832.3173438658397,0.4,-3.022404900199691,"0.1757549019607843,0.29927281746031753,0.3061333333333333,0.4,0.61,0.04112396452528438","0,0,0"
33.53333333333333,99,AV,1,0,0,51,1718.6657268339234,0.3,-4.366105356552845,"0.21172549019607842,0.3475110441767068,0.33471428571428574,0.3,0.51,0.0849175484591763","0,0,0"
19.4,7,AV,1,0,0,21,610.4868582393152,0.1,-0.2990768951980484,"0.18266666666666664,0.29955274261603376,0.33145833333333335,0.1,0.21,0.03016354289191967","0,0,0"
49.31666666666667,110,AV,1,0,0,94,1880.1756700095973,0.1,-2.3415150705212118,"0.20524074074074075,0.35165151515151516,0.2904285714285714,0.1,0.94,0.09289759263654204","0,0,0"
38.083333333333336,286,AV,1,0,0,67,8987.033628468456,0.2,-17.285666532870728,"0.21564393939393942,0.3668032258064516,0.3272083333333333,0.2,0.67,0.4440403108844108","0,0,0"
37.81666666666667,76,AV,1,0,0,65,1411.5824788559885,0.1,-1.3480137392778782,"0.17403125,0.31415795206971675,0.28505555555555556,0.1,0.65,0.06974487341013964","0,0,0"
37.36666666666667,165,AV,1,0,0,64,2872.269398564857,0.1,-2.710281141238388,"0.16961666666666667,0.27292316017316015,0.32370000000000004,0.1,0.64,0.1419159479544386","0,0,0"
50.3,152,AV,1,0,0,94,2645.062412614309,0.1,-3.359763620063125,"0.18173188405797103,0.3127457264957265,0.43266666666666664,0.1,0.94,0.13068987883670405","0,0,0"
27.066666666666666,238,AV,1,0,0,37,4735.166802079286,0.2,-6.47298896176495,"0.21816666666666668,0.3209406952965235,0.30050000000000004,0.2,0.37,0.2339598387864436","0,0,0"
46.416666666666664,200,AV,1,0,0,86,3628.2404526711953,0.5,-21.263993393706397,"0.14791333333333337,0.25264512471655326,0.3072222222222223,0.5,0.86,0.1792677189349818","0,0,0"
38.35,296,AV,1,0,0,66,13748.957190518822,0.7,-93.20473630794893,"0.17742156862745098,0.30211625514403284,0.30519999999999997,0.7,0.66,0.6793221743240372","0,0,0"
37.983333333333334,159,AV,1,0,0,66,2815.231094880572,0.2,-5.400599044808775,"0.2149583333333333,0.35624193548387095,0.3300333333333334,0.2,0.66,0.1390977426213619","0,0,0"
16.95,191,AV,0,0,0,38,3386.12741774329,0.3,-5.348095434147633,"0.1849722222222222,0.3306533742331289,0.31530555555555556,0.3,0.38,0.16730515689916173","0,0,0"
34.05,144,AV,2,0,0,65,2421.832203454489,0.1,-2.08240875069761,"0.20372619047619048,0.30644607843137256,0.27558333333333335,0.1,0.65,0.119660298268526","0,0,0"
39.45,113,AV,1,0,0,68,1900.764377468582,1.0,-18.935645124024134,"0.1775925925925926,0.3296407185628743,0.3928666666666667,1.0,0.68,0.09391486000625965","0,0,0"
36.61666666666667,35,AV,2,0,0,54,913.5589076746268,0.2,-1.6894687880144406,"0.16156410256410253,0.34220481927710844,0.43799999999999994,0.2,0.54,0.04513802864718944","0,0,0"
43.13333333333333,209,AV,1,0,0,76,3941.04555698938,0.2,-8.585375337953296,"0.19538235294117648,0.35211111111111104,0.36476666666666674,0.2,0.76,0.19472310516250035","0,0,0"
37.65,257,AV,1,0,0,65,5849.7981009167725,0.4,-22.246959444395603,"0.2377777777777778,0.3750316091954023,0.3834583333333333,0.4,0.65,0.28903265245540044","0,0,0"
33.233333333333334,239,AV,1,0,0,50,4754.245589533712,0.1,-3.9898845561995877,"0.15255882352941177,0.3271647058823529,0.3603888888888889,0.1,0.5,0.234902502524312","0,0,0"
46.53333333333333,77,AV,1,0,0,83,1434.4967426379471,0.3,-5.056963264450944,"0.1815980392156863,0.3082728237791932,0.35004761904761905,0.3,0.83,0.07087704418350775","0,0,0"
22.083333333333332,45,AV,1,0,0,25,985.8695826897422,1.0,-5.497799650942374,"0.19035185185185186,0.2976685393258427,0.3091666666666667,1.0,0.25,0.04871082651814225","0,0,0"
17.55,118,AV,1,0,0,13,2043.1688306873104,0.5,-4.5274763861821095,"0.1376805555555555,0.28528632478632476,0.28620833333333334,0.5,0.13,0.10095092110191003","0,0,0"
18.016666666666666,232,AV,1,0,0,15,4669.869929992837,0.1,-2.124633583468963,"0.15897333333333336,0.29898301486199585,0.3025,0.1,0.15,0.23073358587812023","0,0,0"
41.95,108,AV,1,0,0,75,1838.9541098615327,0.2,-3.8961679246813787,"0.17486904761904762,0.2894701348747592,0.3730555555555556,0.2,0.75,0.09086087672559844","0,0,0"
51.15,249,AV,1,0,0,94,5502.789496653042,0.1,-7.107769766510181,"0.1580925925925926,0.2847924731182796,0.27673333333333333,0.1,0.94,0.27188730562719554","0,0,0"
46.9,268,AV,1,0,0,86,6446.254396158338,0.5,-38.172895350988135,"0.19424999999999998,0.33040650406504063,0.41075,0.5,0.86,0.31850295931272143","0,0,0"
39.4,63,AV,1,0,0,69,1249.5878531833848,0.3,-3.7298304102594972,"0.1580378787878788,0.2478161290322581,0.2912777777777778,0.3,0.69,0.06174088155709868","0,0,0"
28.266666666666666,208,AV,1,0,0,38,3919.41152379869,0.1,-2.797694421028021,"0.17030392156862745,0.30758935742971893,0.3148571428571429,0.1,0.38,0.1936541892976206","0,0,0"
43.166666666666664,0,AV,1,0,0,77,491.0984231068265,0.2,-1.0706607035746467,"0.19812820512820511,0.3359293598233995,0.3925666666666667,0.2,0.77,0.024264680147676444","0,0,0"
33.233333333333334,237,AV,1,0,0,51,4705.31956239884,0.3,-11.846473746746573,"0.2307777777777778,0.3535414201183433,0.4423888888888889,0.3,0.51,0.23248511663287746","0,0,0"
48.53333333333333,221,AV,1,0,0,91,4266.216809230351,0.2,-10.457258710840724,"0.20319444444444443,0.3394615384615384,0.36794444444444446,0.2,0.91,0.2107894903464134","0,0,0"
12.733333333333333,82,AV,1,0,0,1,1460.8215047913693,0.1,-0.469725433358841,"0.18075925925925923,0.3084810126582278,0.3450238095238095,0.1,0.01,0.07217772425813608","0,0,0"
50.55,175,AV,1,0,0,95,2996.640782499388,0.2,-7.650514725017378,"0.19358974358974357,0.3371992337164751,0.3254444444444444,0.2,0.95,0.14806101319737625","0,0,0"
30.916666666666668,101,AV,1,0,0,45,1751.9448432672848,0.2,-2.735570441296981,"0.1372037037037037,0.2619226579520697,0.30269999999999997,0.2,0.45,0.08656183619837181","0,0,0"
24.433333333333334,67,AV,1,0,0,32,1293.252850487379,0.1,-0.7979413631374148,"0.21538888888888888,0.3619684959349594,0.3445625,0.1,0.32,0.06389832524532672","0,0,0"
18.733333333333334,192,AV,0,0,0,48,3387.2787239910285,0.1,-2.6023995310462613,"0.19554901960784313,0.33653393213572863,0.3344583333333333,0.1,0.48,0.16736204178524355","0,0,0"
46.38333333333333,88,AV,1,0,0,85,1526.0895405694364,0.1,-1.7875030266854972,"0.15260185185185185,0.3251,0.43066666666666664,0.1,0.85,0.07540255239340664","0,0,0"
6.883333333333334,298,AV,0,0,0,5,19040.472291926453,1.0,-34.096443840764415,"0.15949019607843137,0.3091282894736841,0.32819444444444446,1.0,0.05,0.9407706241479663","0,0,0"
33.06666666666667,169,AV,1,0,0,51,2949.689674384749,0.1,-2.463040536186592,"0.22368181818181818,0.3141166666666667,0.3436851851851852,0.1,0.51,0.14574120607241453","0,0,0"
41.483333333333334,274,AV,1,0,0,72,7592.14370769901,0.2,-15.906435764699358,"0.21478431372549017,0.3474211045364891,0.3535416666666667,0.2,0.72,0.37512020001424035","0,0,0"
23.45,37,AV,1,0,0,24,932.0432837729122,0.4,-2.207718687320686,"0.21255555555555555,0.3341977911646586,0.3585666666666667,0.4,0.24,0.04605132311658888","0,0,0"
21.366666666666667,228,AV,1,0,0,23,4549.115907877681,0.1,-2.4545313947387153,"0.15155555555555555,0.291853125,0.4034166666666667,0.1,0.23,0.22476725085176577","0,0,0"
41.416666666666664,36,AV,2,0,0,86,921.9548251796884,0.3,-2.8927496724387947,"0.18198809523809523,0.3225828460038986,0.3138666666666667,0.3,0.86,0.04555286250374671","0,0,0"
14.0,270,AV,0,0,0,29,7130.271245067938,0.3,-8.562408896284175,"0.21278571428571427,0.36604062500000006,0.3155,0.3,0.29,0.3522995452382328","0,0,0"
44.36666666666667,39,AV,1,0,0,81,948.3478854920526,0.4,-4.250003486834754,"0.20016666666666666,0.2949760348583878,0.3001666666666667,0.4,0.81,0.04685691712185437","0,0,0"
15.433333333333334,59,AV,0,0,0,31,1205.4292211271013,0.3,-2.409378104499616,"0.21314285714285716,0.35132848837209296,0.28454166666666664,0.3,0.31,0.059559047871243866","0,0,0"
24.983333333333334,123,AV,1,0,0,32,2105.159940183184,0.1,-1.3281291036761758,"0.1815,0.2838141414141414,0.33461111111111114,0.1,0.32,0.10401383959877876","0,0,0"
41.43333333333333,285,AV,1,0,0,72,8975.220492497892,0.1,-9.390739959743167,"0.19949999999999998,0.36519222222222225,0.2995833333333333,0.1,0.72,0.44345663569349214","0,0,0"
46.05,280,AV,1,0,0,84,8333.728817076937,0.7,-67.83781525719066,"0.1688076923076923,0.3401429980276135,0.33362499999999995,0.7,0.84,0.4117611759055859","0,0,0"
48.1,151,AV,1,0,0,91,2629.980017260476,0.1,-3.194495930056285,"0.14842708333333335,0.27951075268817216,0.29636666666666667,0.1,0.91,0.1299446728211638","0,0,0"
33.083333333333336,104,AV,1,0,0,52,1804.2001824470888,0.2,-3.014593739189791,"0.19473958333333333,0.35947722567287793,0.40122222222222215,0.2,0.52,0.08914372005616313","0,0,0"
28.616666666666667,147,AV,1,0,0,40,2476.7926805910606,0.2,-3.579674269844151,"0.1866904761904762,0.34138627450980397,0.3598611111111111,0.2,0.4,0.12237584027749006","0,0,0"
32.833333333333336,260,AV,1,0,0,50,5899.132481879994,0.2,-9.78223147247777,"0.17513333333333336,0.3406803921568627,0.33586666666666665,0.2,0.5,0.29147021469961026","0,0,0"
28.45,288,AV,1,0,0,41,9095.945853089892,0.1,-6.534839886878975,"0.19238888888888886,0.319224852071006,0.33466666666666667,0.1,0.41,0.44942155458275634","0,0,0"
24.316666666666666,80,AV,1,0,0,31,1454.957177165027,0.1,-0.8934269871564706,"0.15595555555555554,0.30920682730923693,0.31398148148148153,0.1,0.31,0.07188797371641335","0,0,0"
41.483333333333334,96,AV,1,0,0,74,1653.1781197118603,0.5,-8.659007449416709,"0.18172916666666666,0.3199834368530021,0.2868333333333334,0.5,0.74,0.08168187152419273","0,0,0"
47.016666666666666,217,AV,1,0,0,86,4223.122456076251,0.2,-10.028138424739987,"0.1862152777777778,0.31466885964912283,0.34010000000000007,0.2,0.86,0.20866024161284988","0,0,0"
12.7,120,AV,1,0,0,4,2046.5713793034688,0.4,-2.625399648197379,"0.18950877192982457,0.3135925925925926,0.31155555555555553,0.4,0.04,0.10111903761374018","0,0,0"
50.28333333333333,71,AV,1,0,0,94,1342.087988935639,0.2,-3.4083160459754405,"0.15369230769230766,0.2980020576131687,0.30807407407407406,0.2,0.94,0.06631122041798494","0,0,0"
41.15,215,AV,1,0,0,68,4159.866430607663,0.2,-8.645378970682087,"0.20250980392156864,0.3456487025948104,0.2978,0.2,0.68,0.20553482488742356","0,0,0"
31.633333333333333,167,AV,1,0,0,47,2898.378436294527,0.1,-2.315287151551773,"0.18114393939393938,0.31801677148846963,0.333,0.1,0.47,0.14320596930182183","0,0,0"
38.2,227,AV,1,0,0,66,4547.885280126284,0.2,-8.774202914183034,"0.14852941176470588,0.3265694444444444,0.26791666666666664,0.2,0.66,0.2247064467698068","0,0,0"
44.18333333333333,68,AV,1,0,0,82,1294.2551843223837,0.1,-1.4440532380634004,"0.20373076923076927,0.2967241379310345,0.2527777777777778,0.1,0.82,0.06394784955402583","0,0,0"
44.86666666666667,279,AV,1,0,0,82,8029.700924090037,0.2,-18.19524822192793,"0.1590208333333333,0.27328874734607217,0.3314666666666667,0.2,0.82,0.39673946287985623","0,0,0"
28.766666666666666,204,AV,2,0,0,24,3783.636689084741,0.1,-2.7485508945118955,"0.1907058823529412,0.34178167641325535,0.3256666666666666,0.1,0.24,0.18694569099783895","0,0,0"
30.916666666666668,258,AV,1,0,0,44,5862.8833826120845,0.5,-22.886466066383452,"0.1798690476190476,0.30892581300813005,0.3213809523809524,0.5,0.44,0.28967918308966784","0,0,0"
16.516666666666666,131,AV,1,0,0,12,2177.5877894542577,0.1,-0.9082447387833205,"0.16048148148148147,0.31041856060606055,0.29793333333333333,0.1,0.12,0.1075924269321053","0,0,0"
43.833333333333336,234,AV,1,0,0,79,4687.914961676448,0.3,-15.567192360112449,"0.2113397435897436,0.3253721881390594,0.3116666666666667,0.3,0.79,0.23162517278098077","0,0,0"
36.5,73,AV,1,0,0,63,1373.5659577718477,0.1,-1.2660393297644554,"0.17165384615384618,0.3500807770961146,0.3425,0.1,0.63,0.06786651526229966","0,0,0"
17.683333333333334,214,AV,1,0,0,12,4135.471393234625,0.1,-1.846689877197785,"0.1682564102564103,0.30820253164556966,0.28163333333333335,0.1,0.12,0.20432949057724065","0,0,0"
16.633333333333333,70,AV,1,0,0,7,1338.7213376931895,0.4,-2.2492321464946183,"0.17838888888888887,0.30662500000000004,0.3366666666666667,0.4,0.07,0.06614487755935793","0,0,0"
46.11666666666667,114,AV,1,0,0,85,1927.298426803608,0.2,-4.488918137176418,"0.22069298245614039,0.29961414141414144,0.32366666666666666,0.2,0.85,0.09522588075045987","0,0,0"
11.866666666666667,53,AV,0,0,0,27,1122.7546975855585,0.4,-2.3457935095638343,"0.16176388888888887,0.3178323108384459,0.34652380952380946,0.4,0.27,0.0554741826472708","0,0,0"
44.733333333333334,111,AV,1,0,0,82,1885.557658153182,0.1,-2.129981799024891,"0.22828947368421051,0.33020359281437117,0.37379166666666663,0.1,0.82,0.09316351126856799","0,0,0"
49.71666666666667,290,AV,1,0,0,93,10838.007207066395,0.6,-81.6408472188865,"0.19770833333333332,0.29215838509316766,0.3120277777777778,0.6,0.93,0.5354950574957825","0,0,0"
17.95,220,AV,1,0,0,15,4245.708624069837,0.5,-9.622534065915856,"0.207775641025641,0.3633752620545074,0.3841333333333333,0.5,0.15,0.20977620150263931","0,0,0"
14.916666666666666,130,AV,1,0,0,7,2158.6935677652164,0.1,-0.8131442521674531,"0.13683333333333336,0.29394409937888194,0.3448333333333333,0.1,0.07,0.10665888240344744","0,0,0"
13.75,129,AV,0,0,0,31,2142.030696222753,0.4,-3.9750426336427127,"0.2230595238095238,0.3270808080808081,0.3735,0.4,0.31,0.10583558664582342","0,0,0"
38.416666666666664,138,AV,2,0,0,62,2283.7291705859197,0.1,-2.215486421801576,"0.2428111111111111,0.364732380952381,0.0,0.1,0.62,0.1128367660348439","0,0,0"
25.75,201,AV,1,0,0,33,3667.3634505223554,0.5,-11.92356172360488,"0.1922941176470588,0.2909826175869121,0.33039999999999997,0.5,0.33,0.1812007469892587","0,0,0"
42.233333333333334,143,AV,1,0,0,72,2421.0391237858234,0.1,-2.5820341496941404,"0.16789285714285715,0.3406040404040403,0.3496,0.1,0.72,0.1196211129981477","0,0,0"
16.0,60,AV,1,0,0,8,1234.5997004771,0.2,-0.9976563236178587,"0.17477777777777775,0.3131360946745562,0.33149999999999996,0.2,0.08,0.06100033197617807","0,0,0"
16.866666666666667,206,AV,1,0,0,12,3849.958431883558,0.1,-1.6397971098763302,"0.21195,0.33718895966029727,0.4093888888888889,0.1,0.12,0.19022258173935064","0,0,0"
13.766666666666667,30,AV,1,0,0,5,854.5785374972068,0.5,-1.4854416497741854,"0.19149999999999998,0.30882113821138213,0.30785714285714283,0.5,0.05,0.04222386775802824","0,0,0"
46.85,235,AV,1,0,0,87,4689.4303597647895,0.1,-5.547975059469201,"0.1548939393939394,0.29171515151515154,0.29104166666666664,0.1,0.87,0.2317000470794511","0,0,0"
49.766666666666666,103,AV,1,0,0,95,1794.439334206041,0.2,-4.510265868635724,"0.18596666666666672,0.3308764705882353,0.3752916666666667,0.2,0.95,0.08866144634198442","0,0,0"
39.85,42,AV,1,0,0,69,959.5289757906356,0.2,-1.9311732164271125,"0.2123214285714286,0.3229845857418112,0.35288888888888886,0.2,0.69,0.04740936357053375","0,0,0"
10.216666666666667,107,AV,0,0,0,21,1830.3424648913517,0.4,-2.888888772690907,"0.1748444444444444,0.3282446393762183,0.33833333333333326,0.4,0.21,0.09043538399152518","0,0,0"
31.283333333333335,287,AV,1,0,0,46,8987.822610831106,0.1,-7.100228552411612,"0.23503968253968252,0.3813424796747968,0.3560666666666667,0.1,0.46,0.4440792937110115","0,0,0"
23.366666666666667,119,AV,1,0,0,30,2044.1603053436156,0.1,-1.2061922340453488,"0.2212666666666667,0.3186288343558283,0.317,0.1,0.3,0.10099990886948945","0,0,0"
23.466666666666665,127,AV,0,0,0,76,2133.445027811215,0.3,-4.79279116055327,"0.18903571428571428,0.2899269547325103,0.34162962962962956,0.3,0.76,0.10541137738743885","0,0,0"
35.65,55,AV,1,0,0,57,1148.2139867956057,0.4,-4.134730164572055,"0.15366666666666665,0.27245011337868486,0.31340476190476196,0.4,0.57,0.05673210057248192","0,0,0"
36.31666666666667,84,AV,1,0,0,48,1474.5167950508735,0.2,-2.7045219666800113,"0.2407152777777778,0.3788080808080808,0.2365,0.2,0.48,0.07285439480326665","0,0,0"
48.05,26,AV,1,0,0,88,825.4433072334436,0.4,-4.006318273996664,"0.18563888888888885,0.34087163561076606,0.4418333333333333,0.4,0.88,0.040784325275063815","0,0,0"
26.85,230,AV,0,0,0,89,4577.590037133467,0.1,-4.1037447600261014,"0.18957894736842104,0.35878106508875746,0.3665,0.1,0.89,0.2261741289975035","0,0,0"
25.333333333333332,75,AV,1,0,0,34,1405.7852601227096,0.1,-0.8993239037822047,"0.1942037037037037,0.31988065843621405,0.3721666666666666,0.1,0.34,0.0694584386514629","0,0,0"
34.21666666666667,92,AV,1,0,0,55,1567.0706205360798,0.2,-2.708077427576239,"0.2720384615384615,0.37247727272727266,0.33358333333333334,0.2,0.55,0.07742738641996724","0,0,0"
26.016666666666666,203,AV,1,0,0,35,3773.073658575576,0.1,-2.478858577877304,"0.20270289855072463,0.33270630081300806,0.3356111111111111,0.1,0.35,0.1864237822629797","0,0,0"
23.3,172,AV,1,0,0,31,2968.817229463249,0.8,-13.974432615453273,"0.22859523809523816,0.3063727272727273,0.37229166666666663,0.8,0.31,0.1466862793696381","0,0,0"
51.03333333333333,278,AV,1,0,0,99,8028.27043643778,0.2,-20.69239400368054,"0.1869537037037037,0.31941518737672586,0.2782222222222222,0.2,0.99,0.39666878392080435","0,0,0"
17.25,269,AV,1,0,0,10,6783.106781750961,0.1,-2.95476242386879,"0.2182156862745098,0.3469499999999999,0.3397222222222222,0.1,0.1,0.33514649757064985","0,0,0"
31.166666666666668,173,AV,1,0,0,52,2987.078671303881,1.0,-23.509415468595364,"0.1691078431372549,0.31015637860082307,0.2922666666666667,1.0,0.52,0.14758855888113623","0,0,0"
34.56666666666667,233,AV,1,0,0,57,4679.48341028673,0.7,-28.592904103763786,"0.22271052631578944,0.2891676891615542,0.3193125,0.7,0.57,0.23120857828995","0,0,0"
17.933333333333334,74,AV,1,0,0,13,1386.7650627050614,0.3,-1.884039403372028,"0.13949019607843138,0.2704218106995885,0.28733333333333333,0.3,0.13,0.0685186697885022","0,0,0"
35.083333333333336,241,AV,1,0,0,61,4950.077303955518,0.1,-4.38548515354645,"0.19846527777777775,0.328780163599182,0.3806111111111111,0.1,0.61,0.24457835096861175","0,0,0"
18.65,291,AV,1,0,0,17,11185.875164713363,0.2,-10.536190496055767,"0.19526388888888885,0.2963688888888889,0.3119761904761904,0.2,0.17,0.5526828641120808","0,0,0"
10.6,133,AV,1,0,0,0,2198.5025098873134,0.1,-0.5884880455758972,"0.1532619047619048,0.31243205944798297,0.3156333333333333,0.1,0.0,0.10862580227563756","0,0,0"
31.366666666666667,10,AV,1,0,0,49,649.7132696839626,0.2,-1.0292595736912606,"0.16678703703703704,0.2940416666666667,0.27616666666666667,0.2,0.49,0.03210168050804979","0,0,0"
50.81666666666667,226,AV,1,0,0,97,4504.939201911708,0.6,-34.68575663290101,"0.19883333333333333,0.34988922764227637,0.4093333333333333,0.6,0.97,0.2225845241521748","0,0,0"
42.13333333333333,13,AV,1,0,0,74,676.2529471816457,0.1,-0.7195149202336704,"0.20408695652173914,0.36098343685300205,0.38125,0.1,0.74,0.033412979334117666","0,0,0"
22.55,266,AV,1,0,0,28,6130.868263041086,0.1,-3.491188872009508,"0.19759523809523813,0.29420159680638724,0.3453703703703704,0.1,0.28,0.3029200470429381","0,0,0"
18.566666666666666,136,AV,1,0,0,16,2276.662146114732,0.3,-3.2022747863280445,"0.17258333333333334,0.2881446360153256,0.39158333333333334,0.3,0.16,0.1124875914492194","0,0,0"
37.38333333333333,219,AV,1,0,0,66,4237.057085974603,0.2,-7.999763504916696,"0.1970909090909091,0.34366781609195407,0.3446666666666666,0.2,0.66,0.20934873768929974","0,0,0"
51.0,244,AV,1,0,0,91,5370.167679594476,0.3,-20.74837512570593,"0.205952380952381,0.3699101731601732,0.41533333333333333,0.3,0.91,0.26533459476493776","0,0,0"
26.683333333333334,205,AV,1,0,0,37,3803.247088152212,0.5,-12.813549217448847,"0.18867857142857145,0.33356822612085774,0.3128666666666667,0.5,0.37,0.18791462113190488","0,0,0"
28.833333333333332,157,AV,1,0,0,43,2758.442965787371,0.7,-14.05923582309977,"0.19578070175438597,0.306515625,0.36486111111111114,0.7,0.43,0.13629189816371895","0,0,0"
51.2,125,AV,1,0,0,97,2113.1349678504243,0.1,-2.732134099847013,"0.16012037037037036,0.29840361445783126,0.3249444444444445,0.1,0.97,0.10440787771091574","0,0,0"
27.333333333333332,117,AV,2,0,0,27,2022.4315636845977,0.4,-5.583817785257139,"0.18746153846153846,0.3419890219560878,0.3931,0.4,0.27,0.09992631355425287","0,0,0"
50.516666666666666,86,AV,1,0,0,96,1490.1599361877834,0.2,-3.8019147866878553,"0.19698484848484846,0.329564705882353,0.35741666666666666,0.2,0.96,0.0736273067051025","0,0,0"
26.333333333333332,210,AV,1,0,0,34,4021.28082322038,1.0,-26.74084049111195,"0.15874999999999997,0.2965098039215687,0.30833333333333335,1.0,0.34,0.19868744913115402","0,0,0"
40.65,58,AV,1,0,0,69,1200.7903182940884,0.5,-6.163147277607915,"0.21779411764705883,0.3238899782135077,0.35339999999999994,0.5,0.69,0.05932984433854443","0,0,0"
34.56666666666667,47,AV,1,0,0,58,1017.530975349866,0.4,-3.5527933381744488,"0.1767619047619048,0.3315309829059829,0.3331666666666668,0.4,0.58,0.050275184149485695","0,0,0"
47.8,155,AV,1,0,0,88,2747.619709803412,0.5,-16.58285632936908,"0.19352941176470587,0.3274460784313725,0.3151111111111111,0.5,0.88,0.13575713194935043","0,0,0"
33.1,1,AV,1,0,0,54,513.7357984527049,0.9,-3.8646943019964852,"0.1536416666666667,0.3286979797979798,0.3599666666666667,0.9,0.54,0.02538317014134346","0,0,0"
13.333333333333334,195,AV,1,0,0,2,3508.846318545673,0.3,-3.5442892106521944,"0.1136842105263158,0.2704878587196468,0.2638666666666667,0.3,0.02,0.17336857460921315","0,0,0"
33.2,105,AV,2,0,0,43,1805.1606101798543,0.2,-3.0268349625237962,"0.16876315789473684,0.3473483935742972,0.25925,0.2,0.43,0.08919117382641367","0,0,0"
13.75,150,AV,1,0,0,3,2574.4307659940623,1.0,-8.93899571525716,"0.22664583333333332,0.33879062499999996,0.39329166666666665,1.0,0.03,0.12720004007342384","0,0,0"
20.516666666666666,292,AV,1,0,0,21,11861.36896338871,0.2,-12.290694607686449,"0.2140277777777778,0.32752894211576844,0.3988666666666667,0.2,0.21,0.5860583346804944","0,0,0"
43.583333333333336,46,AV,1,0,0,77,1011.0784796502788,0.4,-4.451128323712928,"0.2162777777777778,0.34366098484848495,0.3907708333333333,0.4,0.77,0.04995637281363524","0,0,0"
22.383333333333333,265,AV,1,0,0,23,6081.635477498837,0.2,-6.875114853771834,"0.17501587301587304,0.30402395833333334,0.3166111111111111,0.2,0.23,0.3004875045265025","0,0,0"
36.6,137,AV,1,0,0,64,2280.385817754286,1.0,-21.076293164092647,"0.22219166666666668,0.3577537634408603,0.30333333333333334,1.0,0.64,0.1126715743273096","0,0,0"
28.45,178,AV,1,0,0,36,3048.604611013583,0.1,-2.1902222521044554,"0.20489743589743586,0.35467153996101364,0.4146666666666667,0.1,0.36,0.15062849380578247","0,0,0"
27.616666666666667,163,AV,1,0,0,41,2850.5966631146844,0.3,-5.963937715632615,"0.17773076923076922,0.3080387096774193,0.29111111111111115,0.3,0.41,0.14084511984976505","0,0,0"
10.9,282,AV,1,0,0,1,8475.089255911002,0.2,-4.665579438860098,"0.1538717948717949,0.3118137860082304,0.368,0.2,0.01,0.41874565329841523","0,0,0"
25.783333333333335,51,AV,1,0,0,33,1076.386102050743,0.4,-2.803315319650673,"0.18382456140350878,0.320150505050505,0.3368333333333334,0.4,0.33,0.05318315688418353","0,0,0"
32.21666666666667,183,AV,1,0,0,49,3159.4556453821087,0.4,-10.281528219736728,"0.20424358974358978,0.34245956607495065,0.3395208333333333,0.4,0.49,0.15610553214765938","0,0,0"
52.266666666666666,193,AV,1,0,0,98,3389.778327720714,0.4,-17.89620342715852,"0.17311904761904764,0.3302690058479532,0.36343333333333333,0.4,0.98,0.1674855446965603","0,0,0"
33.35,128,AV,1,0,0,56,2139.4702648744856,0.1,-1.801801346807174,"0.15778205128205128,0.29128212851405627,0.3501666666666667,0.1,0.56,0.10570907830292801","0,0,0"
13.75,2,AV,1,0,0,1,567.550811201735,0.1,-0.19706625388949134,"0.16221428571428573,0.30908787878787874,0.32629166666666665,0.1,0.01,0.028042115904674286","0,0,0"
48.266666666666666,135,AV,1,0,0,89,2260.56382504795,0.5,-13.776500078575047,"0.17291666666666664,0.29696012269938654,0.3041666666666667,0.5,0.89,0.11169218956393358","0,0,0"
50.85,264,AV,1,0,0,98,6020.57275324985,0.5,-38.65481369984279,"0.1919912280701754,0.3139270833333334,0.3575555555555556,0.5,0.98,0.2974704566128196","0,0,0"
11.7,299,AV,1,0,0,1,20239.22920549412,0.1,-5.979772265259626,"0.17272222222222222,0.37197798742138366,0.33149999999999996,0.1,0.01,1.0","0,0,0"
30.483333333333334,134,AV,1,0,0,44,2222.040577514192,0.5,-8.552424697545154,"0.19686458333333334,0.28726134122287966,0.3444333333333334,0.5,0.44,0.1097887945708426","0,0,0"
41.983333333333334,262,AV,1,0,0,76,5985.732437913218,0.3,-19.037954559473985,"0.22853125,0.34897928994082833,0.3417,0.3,0.76,0.2957490316028605","0,0,0"
32.36666666666667,283,AV,1,0,0,50,8639.921150992108,0.1,-7.0617537353647615,"0.1836746031746032,0.3107057613168725,0.2732777777777778,0.1,0.5,0.42688983178503276","0,0,0"
36.5,43,AV,1,0,0,64,969.457736312404,0.2,-1.7871316856264012,"0.21069298245614035,0.31561177644710575,0.3284583333333333,0.2,0.64,0.04789993366196159","0,0,0"
43.15,29,AV,1,0,0,78,850.3216016091212,0.1,-0.9265499270058986,"0.19871428571428573,0.3227282377919321,0.32025,0.1,0.78,0.04201353682867991","0,0,0"
17.066666666666666,31,AV,0,0,0,43,859.2772315809713,0.4,-2.481312937944301,"0.16784615384615387,0.29511038961038966,0.34523333333333334,0.4,0.43,0.042456025516412095","0,0,0"
35.833333333333336,93,AV,1,0,0,61,1614.9493849180149,0.1,-1.4613388794502238,"0.16042156862745094,0.25216125541125534,0.309,0.1,0.61,0.0797930281099649","0,0,0"
52.4,21,AV,1,0,0,100,777.0630287344238,0.2,-2.056469833620395,"0.16807843137254902,0.3105660569105691,0.36197222222222225,0.2,1.0,0.03839390427593374","0,0,0"
46.8,281,AV,1,0,0,86,8348.421721831439,0.4,-39.46526632138499,"0.22833333333333336,0.346169556840077,0.3549583333333334,0.4,0.86,0.41248713758156286","0,0,0"
14.966666666666667,284,AV,1,0,0,7,8689.506535985933,0.1,-3.2841653490384544,"0.19230833333333333,0.3264176829268292,0.39138888888888895,0.1,0.07,0.42933979588645044","0,0,0"
21.1,242,AV,1,0,0,23,4967.653125719208,0.5,-13.234530423317587,"0.21498958333333335,0.30491325536062375,0.30350000000000005,0.5,0.23,0.24544675468029653","0,0,0"
48.53333333333333,289,AV,1,0,0,83,10783.100237376317,0.1,-13.215651469377034,"0.2006555555555555,0.32065199161425584,0.3324166666666667,0.1,0.83,0.5327821592360418","0,0,0"
16.25,179,AV,1,0,0,6,3065.2253709468137,0.3,-3.773478202870131,"0.16101041666666668,0.295034516765286,0.3225,0.3,0.06,0.15144970887106365","0,0,0"
44.9,211,AV,1,0,0,83,4034.238052294327,0.5,-22.870869766163544,"0.23943055555555548,0.3262454337899544,0.306,0.5,0.83,0.1993276528139321","0,0,0"
28.6,90,AV,1,0,0,42,1538.317647081207,0.7,-7.777050326910547,"0.18021428571428572,0.2682083333333333,0.33954166666666663,0.7,0.42,0.07600673086224138","0,0,0"
46.53333333333333,109,AV,2,0,0,99,1862.7228332236152,0.4,-8.755424495556117,"0.236625,0.3624228395061728,0.3732083333333334,0.4,0.99,0.09203526548916015","0,0,0"
32.95,186,AV,1,0,0,53,3252.767976975094,0.2,-5.41306590107724,"0.1536,0.27888725490196076,0.33116666666666666,0.2,0.53,0.1607160007897979","0,0,0"
43.93333333333333,62,AV,1,0,0,78,1244.4027248274256,0.2,-2.761149480340988,"0.20843333333333336,0.3215764705882353,0.3028333333333333,0.2,0.78,0.06148468956958209","0,0,0"
49.3,87,AV,1,0,0,91,1503.4428459110418,0.9,-16.845393705321445,"0.18386956521739134,0.2759228395061729,0.37416666666666665,0.9,0.91,0.07428360194186243","0,0,0"
26.083333333333332,154,AV,1,0,0,34,2722.266725979925,0.2,-3.5861510321200187,"0.16292105263157897,0.28799546485260774,0.33088095238095244,0.2,0.34,0.13450446646658565","0,0,0"
16.0,231,AV,1,0,0,9,4660.29795945294,0.4,-7.531794681944146,"0.12487500000000001,0.3118713080168776,0.29425,0.4,0.09,0.23026064442157015","0,0,0"
39.416666666666664,48,AV,1,0,0,70,1040.734547163155,0.3,-3.1077489950010877,"0.17740476190476187,0.30255555555555563,0.33755555555555555,0.3,0.7,0.05142164934229008","0,0,0"
39.46666666666667,189,AV,1,0,0,70,3313.1900178081896,0.2,-6.604068991725416,"0.2003809523809524,0.3795459081836327,0.41133333333333333,0.2,0.7,0.16370139317898502","0,0,0"
26.733333333333334,25,AV,1,0,0,37,822.5771428470101,0.3,-1.6659264357659143,"0.11942222222222222,0.282220202020202,0.2831666666666667,0.3,0.37,0.04064271096963091","0,0,0"
20.416666666666668,146,AV,0,0,0,56,2476.7673195544394,0.3,-4.830858543502763,"0.1341111111111111,0.28768055555555555,0.2332,0.3,0.56,0.12237458721412664","0,0,0"
32.5,23,AV,1,0,0,46,793.0252767736928,0.6,-3.9050487113856085,"0.18809090909090911,0.32028343313373253,0.405,0.6,0.46,0.0391825829295129","0,0,0"
20.383333333333333,5,AV,0,0,0,52,591.6693204447811,1.0,-4.045503278215351,"0.2022,0.31517570281124496,0.25711111111111107,1.0,0.52,0.02923378723751827","0,0,0"
23.366666666666667,148,AV,1,0,0,25,2520.757475212996,0.1,-1.4874166583537962,"0.2281176470588235,0.33467078189300414,0.3527777777777778,0.1,0.25,0.12454809665027725","0,0,0"
35.65,252,AV,1,0,0,60,5702.616109653807,0.1,-5.133794553261572,"0.18828888888888895,0.30861046511627915,0.3265,0.1,0.6,0.28176053800041856","0,0,0"
30.566666666666666,271,AV,1,0,0,42,7332.887514065835,0.2,-11.320299411445069,"0.20993859649122806,0.3448779193205944,0.38758333333333334,0.2,0.42,0.3623106117141683","0,0,0"
44.5,149,AV,1,0,0,82,2528.765907819195,0.5,-14.20834380024674,"0.18409166666666668,0.3388841463414634,0.36925,0.5,0.82,0.12494378526691811","0,0,0"
49.583333333333336,187,AV,1,0,0,92,3257.969850357721,0.2,-8.158636620213992,"0.1877456140350877,0.33817682926829273,0.3918809523809524,0.2,0.92,0.1609730201322744","0,0,0"
21.2,202,AV,1,0,0,23,3759.463069718096,0.1,-2.0126418454046378,"0.22999305555555552,0.3622622222222222,0.3448611111111111,0.1,0.23,0.18575129672910448","0,0,0"
36.81666666666667,56,AV,1,0,0,62,1148.9174546898266,0.1,-1.0681644181017793,"0.14044444444444446,0.24910390946502056,0.3005714285714286,0.1,0.62,0.05676685821503235","0,0,0"
21.35,160,AV,1,0,0,21,2818.3733061874163,0.3,-4.55850530962889,"0.19823809523809527,0.3379900199600799,0.3425925925925926,0.3,0.21,0.13925299612805134","0,0,0"
52.333333333333336,293,AV,1,0,0,99,12197.400506638176,0.2,-32.23892053101337,"0.17875833333333332,0.3228771367521368,0.3209583333333333,0.2,0.99,0.6026613159421645","0,0,0"
18.916666666666668,41,AV,1,0,0,19,954.0002559944874,0.3,-1.367159457769878,"0.1710686274509804,0.2991286008230453,0.25975000000000004,0.3,0.19,0.04713619507483592","0,0,0"
40.666666666666664,142,AV,1,0,0,71,2382.718205806423,0.1,-2.446899167578987,"0.17569444444444443,0.30150524109014676,0.31877083333333334,0.1,0.71,0.1177277149052501","0,0,0"
12.966666666666667,44,AV,1,0,0,0,981.8973671489576,0.1,-0.32151353183581194,"0.18762878787878787,0.32464343434343435,0.21977777777777777,0.1,0.0,0.048514563335367175","0,0,0"
17.616666666666667,145,AV,1,0,0,13,2436.431929205765,0.9,-9.754956625645809,"0.17116666666666663,0.3250249042145593,0.38125,0.9,0.13,0.12038165606348158","0,0,0"
19.566666666666666,174,AV,1,0,0,21,2991.769966736588,0.6,-8.869540254921096,"0.19053030303030302,0.30220392156862746,0.3298055555555555,0.6,0.21,0.14782035107959768","0,0,0"
22.85,38,AV,1,0,0,30,946.2003450753726,0.2,-1.091953428533953,"0.1937857142857143,0.29346436058700204,0.3433333333333334,0.2,0.3,0.04675080930545112","0,0,0"
26.333333333333332,222,AV,1,0,0,37,4304.4895651906745,0.2,-5.724826189395005,"0.24485555555555558,0.34542299578059066,0.34042857142857147,0.2,0.37,0.21268050880229086","0,0,0"
38.86666666666667,197,AV,1,0,0,69,3531.3895067900216,0.3,-10.397980214437286,"0.18973333333333334,0.3199475308641975,0.29533333333333334,0.3,0.69,0.17448241091273348","0,0,0"
14.066666666666666,122,AV,1,0,0,1,2088.64210540395,0.7,-5.1934754035044355,"0.22147368421052638,0.3469838383838384,0.3460833333333333,0.7,0.01,0.10319770996204586","0,0,0"
14.983333333333333,247,AV,1,0,0,2,5427.330032863625,0.1,-2.05352260081835,"0.19542592592592595,0.32862323232323226,0.3876428571428571,0.1,0.02,0.26815892926348833","0,0,0"
14.866666666666667,184,AV,1,0,0,6,3197.7177395395383,0.1,-1.2004899931267965,"0.1868782051282051,0.367860759493671,0.34875,0.1,0.06,0.15799602381455757","0,0,0"
42.35,115,AV,1,0,0,78,1942.5668635563816,0.8,-16.619738721537935,"0.18374444444444446,0.2907212475633528,0.3286111111111111,0.8,0.78,0.09598027888478354","0,0,0"
20.483333333333334,188,AV,1,0,0,21,3278.222126324269,0.3,-5.0870391328946045,"0.22452564102564104,0.327009009009009,0.36,0.3,0.21,0.16197366475964245","0,0,0"
30.033333333333335,64,AV,1,0,0,42,1265.4739572733297,0.1,-0.9597576056424834,"0.17151282051282052,0.3410424063116371,0.3580833333333333,0.1,0.42,0.06252579801457091","0,0,0"
15.55,297,AV,1,0,0,5,16390.717038727882,0.1,-6.436253786672188,"0.18368939393939396,0.31560505050505056,0.3622777777777778,0.1,0.05,0.8098488767684134","0,0,0"
17.533333333333335,162,AV,1,0,0,8,2838.632091159661,0.5,-6.284177104166591,"0.18397777777777777,0.3267794117647058,0.3785333333333334,0.5,0.08,0.14025396235885745","0,0,0"
24.783333333333335,168,AV,1,0,0,31,2909.8477340427667,0.2,-3.6422084011124536,"0.24498148148148155,0.3261981707317074,0.34458333333333335,0.2,0.31,0.1437726557913017","0,0,0"
47.11666666666667,69,AV,1,0,0,88,1317.647826688136,0.2,-3.1355138098041757,"0.23413725490196075,0.3336984126984127,0.3015833333333333,0.2,0.88,0.06510365653304864","0,0,0"
34.916666666666664,54,AV,1,0,0,59,1129.1321270070612,0.2,-1.9911883889560547,"0.18326315789473682,0.31189814814814815,0.35641666666666666,0.2,0.59,0.05578928503366858","0,0,0"
49.233333333333334,253,AV,1,0,0,92,5721.231751015957,0.4,-28.452051502527166,"0.16878571428571426,0.3095271317829457,0.3215416666666666,0.4,0.92,0.2826803181547486","0,0,0"
48.71666666666667,72,AV,1,0,0,94,1348.5865378412918,0.1,-1.6590565867466736,"0.17715625000000002,0.33545729166666666,0.3269444444444445,0.1,0.94,0.0666323071965214","0,0,0"
51.1,32,AV,1,0,0,98,871.0408974081768,0.1,-1.1239946933726728,"0.16108771929824559,0.29649378881987576,0.37376666666666664,0.1,0.98,0.0430372564372029","0,0,0"
26.1,112,AV,1,0,0,35,1888.2149669861096,0.6,-7.467031914899617,"0.20476315789473684,0.33355988023952093,0.35462499999999997,0.6,0.35,0.09329480623074009","0,0,0"
14.283333333333333,181,AV,1,0,0,2,3132.463358685509,0.4,-4.519395788541214,"0.21725000000000003,0.3703323293172691,0.37079166666666663,0.4,0.02,0.15477187035537765","0,0,0"
51.25,4,AV,1,0,0,91,586.8516376274475,0.1,-0.759498647181987,"0.1853421052631579,0.30453514056224895,0.3196333333333333,0.1,0.91,0.028995750365243225","0,0,0"
40.75,97,AV,1,0,0,69,1697.366940102563,0.9,-15.71993245663169,"0.2148076923076923,0.3527668650793651,0.3570925925925926,0.9,0.69,0.08386519678534977","0,0,0"
42.9,223,AV,1,0,0,77,4343.557359248321,0.1,-4.705520472519014,"0.19166666666666668,0.3259926160337553,0.28658333333333336,0.1,0.77,0.21461080929254078","0,0,0"
41.516666666666666,294,AV,1,0,0,75,13351.937436366714,0.3,-41.99454059847157,"0.1648020833333333,0.2955136452241715,0.26272222222222225,0.3,0.75,0.6597058267783346","0,0,0"
24.316666666666666,34,AV,1,0,0,31,912.6272274022258,0.1,-0.5604053555470738,"0.22988888888888886,0.34508333333333335,0.39196666666666674,0.1,0.31,0.04509199526010037","0,0,0"
25.616666666666667,199,AV,0,0,0,82,3623.60917519969,0.3,-8.032180937224652,"0.1596547619047619,0.27253739316239317,0.3703055555555556,0.3,0.82,0.17903889216374055","0,0,0"
42.46666666666667,106,AV,2,0,0,78,1822.2981036688468,0.2,-3.9084306129193793,"0.2408333333333333,0.3459809236947792,0.33975,0.2,0.78,0.09003792017801585","0,0,0"
27.433333333333334,19,AV,1,0,0,36,761.8437659652793,0.3,-1.5833268166399619,"0.20619444444444446,0.3573138401559455,0.3935,0.3,0.36,0.03764193577878302","0,0,0"
30.966666666666665,52,AV,1,0,0,44,1111.987968807459,0.2,-1.7391192306769856,"0.23306481481481486,0.35096308016877636,0.37870833333333337,0.2,0.44,0.05494220938540485","0,0,0"
39.38333333333333,132,AV,1,0,0,54,2187.718469250836,0.5,-10.878743145706492,"0.19820000000000002,0.35835699588477365,0.3328611111111111,0.5,0.54,0.10809297365222585","0,0,0"
52.71666666666667,198,AV,1,0,0,100,3580.4564780460023,0.9,-42.89766606083146,"0.16864444444444449,0.355567287784679,0.3179444444444445,0.9,1.0,0.17690676071171996","0,0,0"
45.36666666666667,245,AV,1,0,0,83,5386.149373461946,0.3,-18.51148812444876,"0.22458823529411764,0.3856453488372093,0.30866666666666664,0.3,0.83,0.2661242342173697","0,0,0"
38.68333333333333,166,AV,1,0,0,66,2891.134206742707,0.7,-19.769468626661933,"0.1927843137254902,0.3056956087824351,0.34836111111111107,0.7,0.66,0.14284803919103217","0,0,0"
28.4,240,AV,1,0,0,41,4756.448820673547,0.1,-3.4111905683618367,"0.1813095238095238,0.2998962472406181,0.3431388888888889,0.1,0.41,0.23501136196344702","0,0,0"
28.7,254,AV,1,0,0,43,5807.233742044462,0.1,-4.208777989815053,"0.22602777777777777,0.35894267515923567,0.38970000000000005,0.1,0.43,0.28692959020732056","0,0,0"
22.183333333333334,94,AV,2,0,0,5,1626.914224999384,0.3,-2.734119739235076,"0.1715320512820513,0.30091562499999996,0.32195833333333335,0.3,0.05,0.0803841988487261","0,0,0"
19.15,263,AV,1,0,0,18,6007.794801579103,0.5,-14.526423036646438,"0.23225555555555555,0.34941010101010106,0.3206833333333334,0.5,0.18,0.29683911084658465","0,0,0"
44.35,190,AV,1,0,0,79,3362.377553451843,0.1,-3.7656930428179103,"0.21842500000000004,0.36444274028629847,0.3471666666666666,0.1,0.79,0.1661316999433504","0,0,0"
30.15,273,AV,1,0,0,43,7362.36439851089,0.1,-5.605436530684428,"0.19780952380952382,0.3260145348837209,0.355875,0.1,0.43,0.36376703498729634","0,0,0"
23.966666666666665,83,AV,1,0,0,29,1467.6871321740252,0.3,-2.664815777861424,"0.17370000000000002,0.29628895463510846,0.29911111111111116,0.3,0.29,0.07251694801576773","0,0,0"
13.316666666666666,95,AV,1,0,0,0,1649.648602545546,0.1,-0.5547429433644324,"0.14917857142857144,0.2966956989247312,0.2809047619047619,0.1,0.0,0.08150748162374356","0,0,0"
18.633333333333333,259,AV,1,0,0,15,5882.279762541917,0.2,-5.535680786634565,"0.17711904761904762,0.31450877192982457,0.2970666666666667,0.2,0.15,0.29063753875296394","0,0,0"
41.8,275,AV,2,0,0,85,7864.29237148983,0.1,-8.301197503239266,"0.1948333333333333,0.3035894039735099,0.2972222222222222,0.1,0.85,0.38856679232403757","0,0,0"
21.516666666666666,276,AV,1,0,0,24,7897.119961473183,0.1,-4.2909014605479285,"0.1781222222222222,0.3325073375262054,0.29561111111111116,0.1,0.24,0.390188770594556","0,0,0"
36.88333333333333,207,AV,1,0,0,63,3898.759045987068,0.3,-10.89388102117346,"0.15985416666666666,0.2977333333333333,0.34600000000000003,0.3,0.63,0.19263377109878843","0,0,0"
26.35,79,AV,1,0,0,35,1447.5744631551047,0.2,-1.9264437931382332,"0.2112023809523809,0.37655360623781675,0.37200000000000005,0.2,0.35,0.07152320122755207","0,0,0"
42.516666666666666,124,AV,1,0,0,75,2105.6010448069283,0.1,-2.2606852968444753,"0.18359523809523812,0.2897299196787149,0.29533333333333334,0.1,0.75,0.104035634135481","0,0,0"
28.533333333333335,81,AV,1,0,0,41,1457.5875839824732,0.4,-4.200993171343424,"0.16084523809523812,0.2881362745098039,0.33519444444444446,0.4,0.41,0.0720179394770033","0,0,0"
16.85,78,AV,1,0,0,8,1446.9812594843625,0.1,-0.6156978338967553,"0.2145277777777778,0.33926131687242794,0.34254166666666663,0.1,0.08,0.07149389162960644","0,0,0"
18.2,116,AV,1,0,0,13,1997.7276787447236,0.6,-5.50888541714454,"0.20528431372549022,0.30727701149425285,0.36952777777777784,0.6,0.13,0.09870571939579707","0,0,0"
33.53333333333333,57,AV,1,0,0,54,1150.2916000513435,0.1,-0.9740684761377538,"0.18921111111111105,0.32196351084812624,0.2974166666666667,0.1,0.54,0.05683475335805212","0,0,0"
35.25,225,AV,1,0,0,58,4459.768546990965,0.5,-19.849348646645392,"0.20027777777777775,0.325994918699187,0.3232333333333334,0.5,0.58,0.22035268743240086","0,0,0"
41.11666666666667,196,AV,1,0,0,71,3520.054626539052,0.1,-3.65487153353192,"0.20018750000000002,0.2895864583333334,0.31733333333333336,0.1,0.71,0.17392236585687273","0,0,0"
20.816666666666666,243,AV,1,0,0,22,5003.647877951615,0.1,-2.6302845957750702,"0.18875,0.318975,0.317547619047619,0.1,0.22,0.2472252192585145","0,0,0"
18.866666666666667,16,AV,1,0,0,16,742.6585956180782,0.2,-0.7076511197303574,"0.1720625,0.2982458333333333,0.30208333333333337,0.2,0.16,0.03669401576896401","0,0,0"
48.75,61,AV,1,0,0,91,1240.6560786390864,0.1,-1.5273228240822088,"0.16930434782608697,0.2725234741784038,0.3290833333333334,0.1,0.91,0.06129957154209703","0,0,0"
37.9,18,AV,1,0,0,66,753.7709081553346,0.8,-5.771296448300441,"0.2014333333333333,0.35047660818713444,0.3425,0.8,0.66,0.03724306397749163","0,0,0"
17.95,100,AV,1,0,0,15,1723.69240549938,0.2,-1.5626403373087814,"0.18946031746031752,0.32920063694267504,0.34702380952380957,0.2,0.15,0.08516591160652838","0,0,0"
48.86666666666667,229,AV,1,0,0,91,4569.840806868062,1.0,-56.39214329013954,"0.21992156862745102,0.3385854978354979,0.3621666666666667,1.0,0.91,0.22579124730834796","0,0,0"
24.216666666666665,89,AV,1,0,0,28,1528.3774584247917,0.3,-2.803955109963664,"0.23639166666666667,0.3798803418803419,0.387,0.3,0.28,0.07551559611815158","0,0,0"
26.7,12,AV,0,0,0,88,658.4091024775607,0.5,-3.2196367469887464,"0.15082051282051284,0.3200232323232324,0.23983333333333334,0.5,0.88,0.032531332877974904","0,0,0"
25.216666666666665,180,AV,1,0,0,33,3101.095365071405,0.1,-1.9747294980442072,"0.19376086956521743,0.32721041666666667,0.3475714285714286,0.1,0.33,0.15322200927639995","0,0,0"
28.583333333333332,126,AV,1,0,0,39,2131.3254046090938,0.1,-1.5383935475187693,"0.13003030303030302,0.2913761904761905,0.2846666666666667,0.1,0.39,0.10530664893258515","0,0,0"
53.28333333333333,171,AV,1,0,0,96,2965.4163440895786,0.8,-31.92066010792722,"0.14301190476190478,0.2949683026584867,0.3444791666666667,0.8,0.96,0.14651824503694982","0,0,0"
13.733333333333333,170,AV,1,0,0,1,2953.464044858564,0.6,-6.14559185091782,"0.21608888888888889,0.35575147928994083,0.3005277777777778,0.6,0.01,0.1459276939290168","0,0,0"
10.3,28,AV,0,0,0,20,844.3352662229099,0.2,-1.4392249112169684,"0.185359649122807,0.3310696202531646,0.2982,0.2,0.2,0.04171775800600685","0,0,0"
38.36666666666667,24,AV,1,0,0,68,806.3598325453933,0.1,-0.7812459320368247,"0.17577777777777778,0.2997560975609756,0.3678095238095238,0.1,0.68,0.039841429945686846","0,0,0"
14.1,216,AV,1,0,0,5,4164.701887555128,0.1,-1.4828862781446288,"0.19318115942028985,0.32561425576519915,0.33766666666666667,0.1,0.05,0.20577373996162773","0,0,0"
27.333333333333332,91,AV,1,0,0,40,1546.5147326922538,0.1,-1.0674596639795018,"0.2042962962962963,0.3349851190476191,0.30983333333333335,0.1,0.4,0.07641174063449208","0,0,0"
21.666666666666668,65,AV,1,0,0,23,1291.2118623687816,0.1,-0.706471136817936,"0.2016111111111111,0.32529840319361286,0.312,0.1,0.23,0.0637974820710203","0,0,0"
15.733333333333333,14,AV,1,0,0,8,699.2977112166509,0.1,-0.277835454288097,"0.1568846153846154,0.2938129844961239,0.30029999999999996,0.1,0.08,0.034551597993999705","0,0,0"
18.9,194,AV,1,0,0,17,3465.4556083993225,0.1,-1.6539674494633128,"0.17187037037037037,0.3274380952380952,0.2822777777777778,0.1,0.17,0.17122468317412964","0,0,0"
30.65,85,AV,1,0,0,44,1474.807688008607,0.1,-1.1414862534713082,"0.14183333333333334,0.2614470134874759,0.3455,0.1,0.44,0.07286876753232566","0,0,0"
27.633333333333333,66,AV,2,0,0,30,1291.7462447339112,0.2,-1.8027906344855427,"0.1753,0.36512474437627823,0.2890833333333333,0.2,0.3,0.06382388536729725","0,0,0"
22.4,261,AV,1,0,0,24,5984.209260784091,0.4,-13.540029034501378,"0.19353125,0.3047131782945736,0.2940833333333333,0.4,0.24,0.2956737729497932","0,0,0"
45.71666666666667,140,AV,1,0,0,83,2337.3116255789537,0.2,-5.396671539531203,"0.20253333333333332,0.3519089147286822,0.3837777777777779,0.2,0.83,0.11548422135287985","0,0,0"
23.833333333333332,267,AV,1,0,0,31,6248.181898567973,0.1,-3.7604798463603544,"0.1663421052631579,0.272202380952381,0.31647619047619047,0.1,0.31,0.3087163960212402","0,0,0"
31.466666666666665,218,AV,1,0,0,51,4227.85786318916,0.1,-3.3595099518944167,"0.1415625,0.33088181818181817,0.3081904761904762,0.1,0.51,0.2088942133251532","0,0,0"
22.466666666666665,3,AV,1,0,0,24,586.3474640105957,0.4,-1.330633638865796,"0.14278571428571427,0.26953728070175437,0.31416666666666665,0.4,0.24,0.02897083965289678","0,0,0"
45.1,6,AV,1,0,0,82,601.3137559373858,0.3,-2.0544886661194015,"0.23193749999999994,0.32162020202020203,0.3544166666666666,0.3,0.82,0.029710309114645228","0,0,0"
33.666666666666664,20,AV,1,0,0,56,767.6170681366935,0.4,-2.610414945515355,"0.16366666666666668,0.28544610778443114,0.32792857142857146,0.4,0.56,0.03792718884414417","0,0,0"
42.0,295,AV,1,0,0,74,13430.196447392702,0.1,-14.244147747234686,"0.1492692307692308,0.3036050505050505,0.2949583333333333,0.1,0.74,0.6635725259609666","0,0,0"
23.2,22,AV,2,0,0,5,779.0639592631991,0.4,-1.825685237869315,"0.25345833333333334,0.33966164658634546,0.34489583333333335,0.4,0.05,0.0384927682449347","0,0,0"
34.1,121,AV,1,0,0,57,2078.9202215407213,0.1,-1.790181301882288,"0.17596491228070182,0.2674859437751004,0.32746666666666663,0.1,0.57,0.10271736143866485","0,0,0"
38.666666666666664,255,AV,1,0,0,57,5825.425317043349,0.4,-22.75250292178547,"0.20588888888888893,0.3433089668615985,0.4025,0.4,0.57,0.28782841766829664","0,0,0"
27.65,158,AV,1,0,0,39,2780.081336731352,0.6,-11.646855903124528,"0.21139999999999998,0.31425049900199603,0.3383541666666667,0.6,0.39,0.1373610283526348","0,0,0"
15.05,139,AV,1,0,0,7,2326.172138461347,0.8,-7.072503168453187,"0.22863333333333336,0.4086395582329317,0.40245833333333336,0.8,0.07,0.11493383047561351","0,0,0"
22.716666666666665,9,AV,1,0,0,28,646.5589615252754,0.2,-0.7418012327937293,"0.16770370370370372,0.3226425818882466,0.40991666666666665,0.2,0.28,0.03194582930805295","0,0,0"
26.766666666666666,33,AV,2,0,0,28,877.6907461205365,0.4,-2.3730157209925618,"0.1618111111111111,0.3234873294346978,0.2812916666666666,0.4,0.28,0.043365818787322166","0,0,0"
14.616666666666667,153,AV,1,0,0,4,2667.9339807116767,0.2,-1.9695101860977615,"0.18651282051282045,0.309349537037037,0.339462962962963,0.2,0.04,0.13181994005915215","0,0,0"
15.45,272,AV,0,0,0,33,7336.658338656486,0.5,-15.31204183487913,"0.17597500000000005,0.3314404761904763,0.24675,0.5,0.33,0.3624969243722426","0,0,0"
22.033333333333335,185,AV,0,0,0,63,3245.380745418587,0.6,-11.834326629907507,"0.19199999999999992,0.3184895833333334,0.32716666666666666,0.6,0.63,0.16035100509349434","0,0,0"
26.233333333333334,17,AV,1,0,0,32,743.7553910389753,0.5,-2.4635332186349896,"0.18123529411764708,0.3178167770419426,0.4121666666666667,0.5,0.32,0.036748207329806624","0,0,0"
40.71666666666667,50,AV,1,0,0,69,1074.3823512953045,0.8,-8.837427892977876,"0.1924642857142857,0.31736240310077524,0.4268333333333334,0.8,0.69,0.05308415357061393","0,0,0"
21.016666666666666,236,AV,1,0,0,21,4704.305573257116,0.5,-12.483437137788767,"0.1927777777777778,0.2984823529411765,0.2862916666666666,0.5,0.21,0.2324350164471723","0,0,0"
47.3,246,AV,1,0,0,87,5394.467136051333,0.2,-12.886782602789296,"0.15064705882352938,0.3312315891472868,0.2865,0.2,0.87,0.2665352065179911","0,0,0"
45.25,182,AV,1,0,0,83,3151.1733449572957,0.5,-18.003862861024952,"0.2058240740740741,0.3200494949494949,0.3365714285714286,0.5,0.83,0.1556963119969945","0,0,0"
18.533333333333335,224,AV,0,0,0,44,4376.119511966378,0.2,-5.09616573847358,"0.22106481481481485,0.3405140845070423,0.3912777777777777,0.2,0.44,0.2162196725742125","0,0,0"
29.716666666666665,176,AV,1,0,0,44,3017.17067826153,1.0,-22.64147861675214,"0.17587301587301585,0.30062688172043006,0.49016666666666675,1.0,0.44,0.14907537474018487","0,0,0"
43.333333333333336,11,AV,1,0,0,80,650.412147456106,0.3,-2.1351913931639843,"0.23914166666666667,0.3232510040160642,0.37195833333333334,0.3,0.8,0.03213621135727569","0,0,0"
44.31666666666667,8,AV,1,0,0,80,617.4453946714843,0.2,-1.3819758454810416,"0.18829411764705883,0.30837003968253973,0.3289333333333333,0.2,0.8,0.03050735719243069","0,0,0"
36.083333333333336,213,AV,2,0,0,66,4116.183110063293,0.9,-33.755819823056925,"0.20420512820512818,0.3098992015968064,0.35230000000000006,0.9,0.66,0.2033764758662804","0,0,0"
19.366666666666667,161,AV,1,0,0,19,2835.850686157305,0.1,-1.3868933069506686,"0.22853846153846152,0.3698729166666668,0.35419047619047617,0.1,0.19,0.14011653592951495","0,0,0"
51.18333333333333,98,AV,1,0,0,95,1717.0377309640771,0.1,-2.2192857204506233,"0.15899019607843135,0.3035010482180293,0.2985333333333333,0.1,0.95,0.0848371108173414","0,0,0"
21.35,177,AV,1,0,0,22,3022.892107624705,0.6,-9.778597954210221,"0.18938333333333335,0.28681237524950093,0.2776666666666667,0.6,0.22,0.14935806482215805","0,0,0"
18.683333333333334,164,AV,1,0,0,18,2857.712092786687,0.3,-4.044817242441764,"0.21885416666666666,0.3626855158730158,0.36730555555555555,0.3,0.18,0.1411966860877753","0,0,0"
30.566666666666666,141,AV,1,0,0,44,2361.523720441912,0.2,-3.645651938796689,"0.17546296296296293,0.32079914529914527,0.32196296296296295,0.2,0.44,0.1166805166572675","0,0,0"
51.06666666666667,248,AV,1,0,0,95,5434.023139443809,0.4,-28.03004528494248,"0.17536111111111108,0.3240393374741201,0.3433809523809524,0.4,0.95,0.26848962894143685","0,0,0"
21.9,256,AV,0,0,0,69,5844.130995646287,0.3,-10.695944606413157,"0.18831944444444446,0.30253118908382065,0.37369047619047613,0.3,0.69,0.28875264647231946","0,0,0"
28.45,277,AV,1,0,0,43,8011.326014866212,0.2,-11.511223491057764,"0.18246491228070177,0.33424556213017753,0.3185,0.2,0.43,0.395831577058847","0,0,0"
24.516666666666666,40,AV,1,0,0,30,950.4213588862824,0.5,-2.9420661172595146,"0.16963888888888892,0.3210823643410853,0.35708333333333336,0.5,0.3,0.04695936536102284","0,0,0"
35.86666666666667,15,AV,1,0,0,62,727.2326469992182,0.1,-0.6586719934100664,"0.20450877192982456,0.3439100204498977,0.3325208333333333,0.1,0.62,0.03593183513143892","0,0,0"
34.75,250,AV,1,0,0,54,5611.673516276995,0.2,-9.848770438920484,"0.13706862745098036,0.2232028985507247,0.2912666666666667,0.2,0.54,0.27726715574492605","0,0,0"
