travel_time,id,kind,action,bid_route_0,bid_route_1,bid_route_2,karma_balance,origin,destination,start_time,income,urgency,reward
22.4,242,AV,1,1,7,2,8,0,0,47,3131.512437779759,0.8,-17.919999999999998
40.3,296,AV,2,2,0,4,8,0,0,59,6130.868263041086,0.2,-8.06
34.21666666666667,162,AV,1,2,6,3,0,0,0,66,2043.1688306873104,0.2,-6.843333333333334
48.1,90,AV,2,0,1,0,5,0,0,86,975.0940381265832,0.4,-19.240000000000002
64.3,234,AV,0,7,8,1,3,0,0,56,892.1845339920479,0.3,-19.29
27.0,12,AV,1,2,3,3,3,0,0,53,2580.565825479665,0.4,-10.8
13.8,6,AV,1,0,8,8,4,0,0,25,3523.1638559153366,0.2,-2.7600000000000002
21.533333333333335,121,AV,1,0,5,3,0,0,0,44,1573.7150367511856,0.1,-2.1533333333333338
27.0,67,AV,1,1,4,5,2,0,0,55,2137.1188228190404,0.1,-2.7
27.666666666666668,141,AV,0,9,2,6,0,0,0,37,2891.134206742707,0.1,-2.766666666666667
14.9,218,AV,1,2,4,0,5,0,0,22,5702.891177591027,0.2,-2.9800000000000004
46.9,128,AV,0,4,6,9,7,0,0,46,753.5670156580491,0.7,-32.83
31.533333333333335,84,AV,1,3,5,4,0,0,0,63,2255.9253983027734,1.0,-31.533333333333335
85.48333333333333,298,AV,0,4,6,3,8,0,0,68,4381.240268036911,0.2,-17.096666666666668
88.81666666666666,139,AV,0,7,8,7,1,0,0,80,904.859336063587,0.4,-35.526666666666664
34.7,285,AV,0,6,1,0,0,0,0,40,2927.9701715656583,0.2,-6.940000000000001
28.833333333333332,38,AV,1,1,3,4,4,0,0,58,13079.31179296209,0.5,-14.416666666666666
25.433333333333334,100,AV,1,3,5,3,8,0,0,52,4889.272753955773,0.6,-15.26
31.033333333333335,69,AV,0,7,9,4,7,0,0,39,3608.770587345788,0.6,-18.62
17.3,226,AV,1,0,4,3,14,0,0,35,3758.845856207275,0.3,-5.19
59.11666666666667,78,AV,0,8,8,9,1,0,0,54,9667.367812467324,0.7,-41.38166666666667
45.25,56,AV,2,1,0,4,0,0,0,67,5427.330032863625,0.2,-9.05
48.516666666666666,17,AV,2,2,1,1,13,0,0,77,2347.541384251396,0.3,-14.555
45.8,208,AV,2,2,0,0,8,0,0,68,9280.176126726552,0.5,-22.9
24.316666666666666,178,AV,0,9,7,0,1,0,0,33,2239.257430619588,0.4,-9.726666666666667
25.716666666666665,135,AV,2,1,1,1,6,0,0,31,4925.450001742355,0.7,-18.001666666666665
38.266666666666666,11,AV,0,5,5,8,14,0,0,41,2964.6777926145683,0.3,-11.479999999999999
34.4,7,AV,1,2,5,5,2,0,0,66,8139.327108000771,0.3,-10.319999999999999
36.68333333333333,260,AV,1,3,9,0,5,0,0,93,5611.673516276995,0.2,-7.336666666666666
14.516666666666667,290,AV,1,1,9,3,2,0,0,23,1963.0347272178835,0.4,-5.8066666666666675
23.216666666666665,32,AV,1,0,4,0,1,0,0,48,4617.971391102537,0.1,-2.3216666666666668
27.933333333333334,25,AV,2,2,0,4,1,0,0,39,2436.431929205765,0.1,-2.7933333333333334
87.23333333333333,248,AV,0,6,2,0,7,0,0,70,1830.3424648913517,0.1,-8.723333333333334
41.733333333333334,289,AV,0,7,2,8,3,0,0,43,1434.2863071033526,0.2,-8.346666666666668
38.016666666666666,264,AV,2,2,0,4,1,0,0,61,13430.196447392702,0.1,-3.8016666666666667
76.66666666666667,75,AV,0,4,9,0,5,0,0,61,2991.769966736588,0.2,-15.333333333333336
17.116666666666667,281,AV,1,0,9,3,0,0,0,38,1661.9571573900298,0.3,-5.135
71.6,203,AV,0,7,6,6,14,0,0,57,20239.22920549412,0.1,-7.16
31.466666666666665,164,AV,2,3,0,8,1,0,0,45,3520.054626539052,0.1,-3.1466666666666665
20.7,175,AV,0,3,7,9,8,0,0,32,4754.245589533712,0.1,-2.07
23.233333333333334,157,AV,2,2,2,5,2,0,0,26,7958.958807233507,0.4,-9.293333333333335
33.03333333333333,47,AV,1,0,7,4,1,0,0,66,1848.7234685638712,0.1,-3.3033333333333332
29.516666666666666,46,AV,1,0,5,1,0,0,0,55,636.6552097563458,0.3,-8.854999999999999
88.75,24,AV,0,4,4,8,11,0,0,74,586.8516376274475,0.4,-35.5
69.53333333333333,154,AV,0,4,0,6,2,0,0,57,861.805442805673,0.2,-13.906666666666666
31.1,183,AV,1,1,4,6,3,0,0,64,1799.695682844959,0.2,-6.220000000000001
25.416666666666668,27,AV,2,0,2,0,8,0,0,36,3230.862018062417,0.1,-2.541666666666667
35.65,227,AV,1,3,4,0,3,0,0,75,1011.0784796502788,0.1,-3.565
66.11666666666666,297,AV,0,7,1,5,8,0,0,56,2486.38103050259,0.3,-19.834999999999997
81.85,194,AV,0,3,0,6,11,0,0,66,1205.4292211271013,0.1,-8.185
23.983333333333334,76,AV,1,0,3,0,5,0,0,48,1447.5744631551047,0.4,-9.593333333333334
8.416666666666666,21,AV,0,5,8,2,5,0,0,23,5985.732437913218,1.0,-8.416666666666666
18.466666666666665,171,AV,1,1,9,7,3,0,0,38,2034.664800296876,0.2,-3.6933333333333334
34.36666666666667,286,AV,1,0,4,3,10,0,0,66,8326.33528790118,0.1,-3.436666666666667
33.9,13,AV,2,2,0,7,0,0,0,53,5009.92015912814,0.6,-20.34
10.183333333333334,284,AV,0,6,5,9,7,0,0,23,3531.3895067900216,0.1,-1.0183333333333333
92.35,91,AV,0,8,0,1,0,0,0,84,3458.1247672483346,0.3,-27.705
15.516666666666667,279,AV,0,5,3,1,4,0,0,26,4843.3187157075145,0.1,-1.5516666666666667
41.766666666666666,23,AV,2,2,2,8,0,0,0,61,632.5893922142865,0.3,-12.53
13.5,222,AV,0,8,5,7,2,0,0,26,1822.2981036688468,0.1,-1.35
15.816666666666666,223,AV,1,1,5,4,5,0,0,29,1659.6531244520008,0.3,-4.745
24.95,1,AV,2,3,2,1,5,0,0,34,1546.5147326922538,0.2,-4.99
29.733333333333334,87,AV,1,0,7,5,4,0,0,63,600.3305173079323,0.1,-2.9733333333333336
23.566666666666666,145,AV,1,1,5,9,5,0,0,49,1782.711710770346,0.1,-2.356666666666667
83.63333333333334,249,AV,0,5,3,1,4,0,0,66,3197.7177395395383,0.3,-25.09
25.9,64,AV,0,7,1,3,9,0,0,36,4934.883137056144,0.4,-10.36
31.116666666666667,282,AV,2,0,3,3,5,0,0,48,3534.445695738256,0.2,-6.223333333333334
34.63333333333333,81,AV,1,2,6,1,3,0,0,68,3628.2404526711953,0.8,-27.706666666666667
29.9,273,AV,2,0,0,2,11,0,0,45,1836.592480640456,0.1,-2.99
35.88333333333333,159,AV,2,1,0,0,13,0,0,53,2241.037238818388,0.1,-3.5883333333333334
16.2,206,AV,1,1,5,1,5,0,0,35,6778.2755320215965,0.1,-1.62
28.583333333333332,278,AV,2,1,0,7,1,0,0,38,658.4091024775607,0.3,-8.575
75.01666666666667,96,AV,0,3,2,9,10,0,0,59,736.5379020629116,0.3,-22.505
35.666666666666664,213,AV,1,2,4,5,1,0,0,77,3236.647802754315,0.2,-7.133333333333333
43.71666666666667,245,AV,2,2,0,8,4,0,0,65,10721.15711953896,0.1,-4.371666666666667
32.2,60,AV,2,3,0,5,13,0,0,50,2818.3733061874163,0.5,-16.1
76.65,122,AV,0,4,4,7,4,0,0,62,2250.3510049999354,0.1,-7.665000000000001
45.63333333333333,193,AV,2,0,0,2,5,0,0,81,4818.617258984985,0.2,-9.126666666666667
45.31666666666667,36,AV,2,1,3,6,0,0,0,75,5912.288420941998,0.2,-9.063333333333334
31.483333333333334,270,AV,2,1,0,1,8,0,0,46,8134.997760071039,0.7,-22.038333333333334
57.516666666666666,133,AV,0,7,1,3,5,0,0,53,8480.737499651503,0.7,-40.26166666666666
26.533333333333335,176,AV,2,3,0,8,22,0,0,36,2478.182963693478,0.1,-2.6533333333333338
17.3,52,AV,0,7,6,8,3,0,0,28,1129.1321270070612,0.3,-5.19
90.3,88,AV,0,7,5,2,18,0,0,84,4446.537177105173,0.1,-9.03
15.05,83,AV,1,2,5,7,3,0,0,27,2198.5025098873134,0.2,-3.0100000000000002
31.116666666666667,225,AV,0,9,2,1,16,0,0,39,2158.6935677652164,0.5,-15.558333333333334
32.55,65,AV,1,1,4,6,4,0,0,65,4034.238052294327,0.3,-9.764999999999999
32.28333333333333,101,AV,1,2,8,8,4,0,0,66,2946.490055333797,0.5,-16.141666666666666
36.31666666666667,129,AV,0,7,6,1,0,0,0,40,985.8695826897422,0.3,-10.895000000000001
66.26666666666667,148,AV,0,9,1,0,6,0,0,56,3958.913906791885,0.1,-6.626666666666667
27.316666666666666,103,AV,1,0,4,1,2,0,0,53,1111.987968807459,0.1,-2.731666666666667
85.36666666666666,215,AV,0,9,5,0,4,0,0,69,2046.5713793034688,0.1,-8.536666666666667
25.05,257,AV,1,2,5,6,1,0,0,50,1017.530975349866,0.1,-2.5050000000000003
43.516666666666666,263,AV,0,6,7,2,3,0,0,44,5721.231751015957,0.4,-17.406666666666666
28.266666666666666,268,AV,2,1,1,5,4,0,0,42,3849.958431883558,0.1,-2.8266666666666667
26.533333333333335,190,AV,1,0,3,4,2,0,0,50,5825.994272151124,0.4,-10.613333333333335
23.466666666666665,40,AV,2,3,1,7,1,0,0,23,497.26542980048754,0.3,-7.039999999999999
20.666666666666668,288,AV,1,2,6,3,1,0,0,43,2294.767722006211,0.8,-16.533333333333335
29.266666666666666,151,AV,1,1,8,4,5,0,0,60,4266.216809230351,0.3,-8.78
28.316666666666666,185,AV,1,2,8,3,3,0,0,50,3024.224513765153,0.3,-8.495
18.533333333333335,192,AV,1,2,5,1,1,0,0,38,2761.3662775036096,0.5,-9.266666666666667
33.38333333333333,254,AV,1,0,6,6,7,0,0,66,2421.832203454489,0.4,-13.353333333333333
41.28333333333333,118,AV,2,2,0,3,6,0,0,58,2113.1349678504243,1.0,-41.28333333333333
71.63333333333334,109,AV,0,8,9,9,2,0,0,57,8348.421721831439,0.2,-14.326666666666668
12.666666666666666,29,AV,1,0,7,8,17,0,0,12,12051.378145129962,0.1,-1.2666666666666666
68.08333333333333,142,AV,0,4,4,0,7,0,0,56,473.5024380788758,0.5,-34.041666666666664
29.933333333333334,106,AV,2,0,0,2,11,0,0,42,2996.640782499388,0.2,-5.986666666666667
6.633333333333334,41,AV,0,4,6,6,3,0,0,22,2382.718205806423,0.1,-0.6633333333333334
27.216666666666665,173,AV,1,1,6,5,11,0,0,55,926.7012599248138,0.6,-16.33
27.7,247,AV,0,3,5,1,2,0,0,38,5004.1281918097375,0.7,-19.389999999999997
15.266666666666667,174,AV,1,0,5,7,2,0,0,29,913.5589076746268,0.8,-12.213333333333335
24.166666666666668,73,AV,2,2,3,7,1,0,0,28,1485.5718097438446,0.4,-9.666666666666668
47.35,86,AV,2,1,3,1,10,0,0,76,3987.5502105766736,1.0,-47.35
27.466666666666665,165,AV,1,0,6,1,7,0,0,49,2318.1098695731453,0.1,-2.7466666666666666
73.23333333333333,232,AV,0,7,1,3,2,0,0,58,1446.9812594843625,0.2,-14.646666666666668
36.0,66,AV,1,1,6,5,0,0,0,77,2987.078671303881,0.1,-3.6
68.13333333333334,93,AV,0,7,6,2,1,0,0,56,1614.9573615816892,0.8,-54.506666666666675
83.81666666666666,54,AV,0,7,5,9,2,0,0,67,2496.2043409386315,0.3,-25.145
16.5,269,AV,1,2,6,5,0,0,0,32,2352.9451803313505,0.1,-1.6500000000000001
6.75,123,AV,0,6,9,2,4,0,0,21,4113.319853961603,0.1,-0.675
25.933333333333334,144,AV,0,8,4,8,6,0,0,33,5590.116807812239,0.1,-2.5933333333333337
28.483333333333334,184,AV,1,1,4,8,7,0,0,56,11940.25564443948,0.4,-11.393333333333334
29.416666666666668,134,AV,0,9,0,5,6,0,0,38,2968.817229463249,0.1,-2.941666666666667
28.283333333333335,216,AV,1,0,7,7,4,0,0,54,969.457736312404,0.1,-2.8283333333333336
18.55,8,AV,1,0,9,4,8,0,0,40,1900.764377468582,1.0,-18.55
24.916666666666668,202,AV,2,1,0,9,2,0,0,20,5307.329693361759,0.3,-7.475
23.6,179,AV,2,1,0,1,6,0,0,33,743.7553910389753,0.5,-11.8
36.55,105,AV,1,2,7,2,1,0,0,75,1684.196745492046,0.2,-7.31
45.233333333333334,120,AV,0,3,3,2,6,0,0,45,1567.0706205360798,0.1,-4.523333333333333
32.333333333333336,5,AV,1,1,4,5,1,0,0,63,6197.036257351283,0.3,-9.700000000000001
17.883333333333333,209,AV,1,2,6,6,5,0,0,35,2753.3979495063454,0.2,-3.5766666666666667
26.266666666666666,233,AV,2,2,0,7,1,0,0,27,2793.3389947689566,0.3,-7.879999999999999
5.116666666666666,280,AV,0,9,5,0,2,0,0,17,2446.4664131825853,0.1,-0.5116666666666666
32.016666666666666,246,AV,2,0,2,3,2,0,0,41,1572.8756307612184,0.5,-16.008333333333333
12.916666666666666,274,AV,1,1,7,6,1,0,0,18,1293.252850487379,0.1,-1.2916666666666667
39.63333333333333,4,AV,2,0,2,6,5,0,0,58,679.8949342204361,0.3,-11.889999999999999
36.78333333333333,9,AV,1,1,5,4,7,0,0,84,2667.9339807116767,1.0,-36.78333333333333
25.616666666666667,211,AV,1,2,9,1,2,0,0,50,2417.357356239525,0.1,-2.561666666666667
18.933333333333334,196,AV,0,7,6,3,4,0,0,29,4281.8327360815,0.2,-3.786666666666667
17.316666666666666,35,AV,0,9,9,9,4,0,0,28,912.6272274022258,0.4,-6.926666666666667
34.916666666666664,235,AV,1,2,8,1,3,0,0,73,2337.3116255789537,0.2,-6.983333333333333
26.933333333333334,117,AV,1,1,8,1,0,0,0,52,3251.3322332141274,0.1,-2.6933333333333334
15.5,0,AV,0,8,9,3,5,0,0,26,5051.78348307234,0.8,-12.4
31.966666666666665,89,AV,2,0,3,5,2,0,0,44,3132.463358685509,0.3,-9.59
73.31666666666666,33,AV,0,4,1,0,2,0,0,57,763.1985099142711,1.0,-73.31666666666666
48.68333333333333,72,AV,0,6,4,4,0,0,0,47,7099.697064525982,0.3,-14.604999999999999
22.6,224,AV,0,9,5,0,1,0,0,32,591.6693204447811,0.4,-9.040000000000001
16.716666666666665,236,AV,1,1,7,6,5,0,0,33,4237.057085974603,0.1,-1.6716666666666666
34.03333333333333,110,AV,1,2,8,5,9,0,0,67,13351.937436366714,0.2,-6.806666666666667
29.366666666666667,59,AV,2,2,1,1,13,0,0,40,3017.17067826153,0.1,-2.936666666666667
31.933333333333334,267,AV,2,3,3,9,1,0,0,49,4021.28082322038,0.3,-9.58
39.95,187,AV,0,5,8,8,16,0,0,42,4200.245935785981,1.0,-39.95
29.9,16,AV,1,0,7,4,0,0,0,58,5578.433439706214,0.2,-5.98
27.283333333333335,250,AV,2,0,0,4,1,0,0,37,2283.7291705859197,0.3,-8.185
5.316666666666666,108,AV,0,9,1,0,1,0,0,9,2177.5877894542577,0.1,-0.5316666666666666
24.0,119,AV,1,1,3,3,4,0,0,49,5341.061461458292,0.2,-4.800000000000001
62.85,34,AV,0,7,6,3,0,0,0,55,7177.938863287724,0.2,-12.57
29.666666666666668,191,AV,1,0,3,0,2,0,0,60,2953.464044858564,0.2,-5.933333333333334
31.383333333333333,124,AV,2,3,0,2,22,0,0,45,6947.27484286379,0.2,-6.276666666666667
35.38333333333333,230,AV,1,3,4,8,11,0,0,73,2010.868248891871,0.9,-31.845
36.11666666666667,112,AV,1,2,6,5,6,0,0,85,898.3728471886773,0.1,-3.611666666666667
18.7,39,AV,1,3,5,3,1,0,0,39,4864.205776554158,0.1,-1.87
55.65,43,AV,0,7,6,2,8,0,0,52,3667.3634505223554,0.1,-5.565
41.86666666666667,132,AV,2,0,2,5,1,0,0,60,1391.0507319816634,0.7,-29.306666666666665
49.233333333333334,240,AV,2,2,1,1,5,0,0,64,2857.6088215719105,0.4,-19.693333333333335
29.466666666666665,80,AV,0,5,5,3,1,0,0,38,1723.69240549938,0.1,-2.9466666666666668
32.833333333333336,79,AV,0,8,4,2,4,0,0,39,4569.840806868062,0.2,-6.566666666666667
26.766666666666666,137,AV,1,2,6,8,3,0,0,50,2215.952556227922,0.4,-10.706666666666667
32.266666666666666,253,AV,1,0,9,4,1,0,0,63,2538.843693606908,0.1,-3.2266666666666666
40.5,126,AV,2,3,3,2,13,0,0,62,3245.380745418587,0.1,-4.05
94.33333333333333,167,AV,0,8,2,3,3,0,0,89,3778.090807703549,0.3,-28.299999999999997
44.75,150,AV,2,2,0,4,2,0,0,70,4227.85786318916,0.6,-26.849999999999998
34.65,265,AV,1,1,4,4,1,0,0,69,2218.0502812558643,0.2,-6.93
29.7,158,AV,1,0,7,7,8,0,0,62,1338.7213376931895,0.1,-2.97
32.0,48,AV,1,0,4,3,3,0,0,65,2815.231094880572,0.1,-3.2
32.55,28,AV,2,1,2,3,9,0,0,42,742.4887258523852,0.4,-13.02
28.366666666666667,14,AV,1,1,4,8,9,0,0,55,548.7192496267361,0.1,-2.836666666666667
34.68333333333333,131,AV,1,0,6,1,5,0,0,69,8981.750106371177,0.1,-3.4683333333333333
25.433333333333334,299,AV,2,3,0,6,2,0,0,37,699.2977112166509,0.3,-7.63
69.93333333333334,2,AV,0,5,7,4,9,0,0,56,863.3540159882258,0.3,-20.98
59.11666666666667,283,AV,0,4,5,0,6,0,0,53,1597.8734280578535,0.3,-17.735
23.966666666666665,19,AV,1,0,7,7,3,0,0,47,1797.659883656486,0.2,-4.793333333333333
24.45,95,AV,0,6,6,3,15,0,0,32,1122.7546975855585,0.2,-4.890000000000001
47.63333333333333,293,AV,2,0,3,0,12,0,0,69,871.0408974081768,0.3,-14.29
34.56666666666667,107,AV,0,7,7,7,0,0,0,39,2222.040577514192,0.1,-3.456666666666667
32.266666666666666,287,AV,2,2,0,4,1,0,0,50,4950.268578812107,0.9,-29.04
47.71666666666667,186,AV,2,2,1,0,7,0,0,75,1975.501985353583,0.1,-4.771666666666667
34.43333333333333,70,AV,2,2,2,1,5,0,0,47,844.3352662229099,0.5,-17.216666666666665
22.266666666666666,181,AV,2,2,3,8,0,0,0,30,17693.100214811147,0.2,-4.453333333333333
90.75,45,AV,0,9,1,0,2,0,0,80,1832.3133019091129,0.3,-27.224999999999998
23.583333333333332,42,AV,1,2,4,4,7,0,0,46,1474.807688008607,0.3,-7.074999999999999
45.2,182,AV,0,3,3,8,12,0,0,44,13460.811009378149,0.2,-9.040000000000001
38.96666666666667,138,AV,2,1,0,0,7,0,0,58,1996.532829496936,0.1,-3.896666666666667
21.05,58,AV,1,0,4,1,11,0,0,45,4135.471393234625,0.3,-6.315
19.066666666666666,166,AV,0,5,0,3,1,0,0,29,2850.5966631146844,0.4,-7.626666666666667
46.96666666666667,207,AV,0,8,6,5,0,0,0,45,10708.821866752483,0.3,-14.09
30.183333333333334,205,AV,1,0,7,7,5,0,0,62,567.9518330451218,0.3,-9.055
61.05,149,AV,0,9,1,0,8,0,0,53,1167.011530479414,0.2,-12.21
4.983333333333333,199,AV,0,5,3,1,1,0,0,15,3558.5090095449787,0.2,-0.9966666666666667
37.15,204,AV,1,0,7,5,2,0,0,84,4747.153558918807,0.2,-7.43
12.083333333333334,20,AV,0,7,2,0,2,0,0,24,3398.605365942332,0.5,-6.041666666666667
15.116666666666667,57,AV,1,3,8,6,10,0,0,26,588.8906571209208,0.2,-3.0233333333333334
50.35,200,AV,0,5,2,0,0,0,0,49,1526.0895405694364,0.1,-5.035
27.25,272,AV,1,0,5,0,4,0,0,50,4416.224882412617,0.1,-2.725
36.266666666666666,161,AV,1,0,3,6,4,0,0,71,3583.4963710051925,0.5,-18.133333333333333
28.833333333333332,241,AV,1,1,7,4,7,0,0,56,8331.964781214912,0.2,-5.766666666666667
28.8,99,AV,1,1,4,5,4,0,0,57,1942.5668635563816,0.1,-2.8800000000000003
36.18333333333333,85,AV,1,1,4,1,1,0,0,79,1386.7650627050614,0.8,-28.946666666666665
50.45,217,AV,0,5,0,1,0,0,0,48,1117.0806745336297,0.2,-10.090000000000002
27.75,198,AV,1,2,9,8,1,0,0,55,1068.5648373754009,0.1,-2.7750000000000004
11.516666666666667,221,AV,1,2,6,3,13,0,0,0,1150.2916000513435,0.2,-2.3033333333333337
10.283333333333333,256,AV,0,5,3,9,5,0,0,24,424.9057127261393,0.4,-4.113333333333333
43.666666666666664,220,AV,0,7,6,0,0,0,0,43,835.7777612710734,0.3,-13.1
22.233333333333334,49,AV,0,4,4,4,1,0,0,32,793.0252767736928,0.2,-4.446666666666667
48.916666666666664,113,AV,2,2,3,2,6,0,0,75,4968.170350229253,0.2,-9.783333333333333
12.233333333333333,71,AV,1,0,6,9,6,0,0,22,2472.005569054355,0.4,-4.8933333333333335
93.88333333333334,231,AV,0,7,3,0,4,0,0,85,3414.9419898187493,0.3,-28.165000000000003
57.6,212,AV,0,9,7,5,2,0,0,52,2052.607856914241,0.2,-11.520000000000001
24.883333333333333,261,AV,1,0,6,3,1,0,0,49,4639.089550420253,0.3,-7.465
30.2,116,AV,2,0,1,0,8,0,0,35,10450.70686878338,0.1,-3.02
92.18333333333334,102,AV,0,4,0,1,4,0,0,82,954.0002559944874,0.2,-18.436666666666667
24.216666666666665,170,AV,1,3,4,2,12,0,0,44,7658.5640246764915,0.2,-4.843333333333334
14.933333333333334,68,AV,1,0,5,7,7,0,0,24,806.3598325453933,0.1,-1.4933333333333334
31.65,259,AV,2,1,0,0,10,0,0,37,1836.3970218708375,0.2,-6.33
16.15,97,AV,1,2,7,6,1,0,0,30,783.6834518391023,0.1,-1.615
40.1,168,AV,0,3,4,9,7,0,0,42,870.7377108213431,0.2,-8.020000000000001
28.483333333333334,271,AV,1,1,5,4,2,0,0,55,3773.073658575576,0.3,-8.545
78.58333333333333,53,AV,0,4,9,9,6,0,0,62,5568.958209200236,0.3,-23.575
41.68333333333333,258,AV,0,9,5,2,1,0,0,43,2619.168197182975,1.0,-41.68333333333333
39.61666666666667,262,AV,2,1,1,3,6,0,0,54,19040.472291926453,0.2,-7.923333333333334
33.43333333333333,244,AV,1,0,4,1,1,0,0,66,1251.6500609663929,0.1,-3.3433333333333333
43.68333333333333,136,AV,2,1,3,4,2,0,0,70,9667.56212442905,0.1,-4.368333333333333
27.266666666666666,210,AV,1,0,5,3,1,0,0,55,2744.255474143275,0.1,-2.7266666666666666
31.6,295,AV,2,1,1,4,1,0,0,46,3366.895459871004,0.5,-15.8
34.416666666666664,228,AV,1,0,3,5,6,0,0,67,4689.4303597647895,0.4,-13.766666666666666
45.65,277,AV,2,1,1,1,17,0,0,75,8029.700924090037,0.1,-4.565
32.61666666666667,55,AV,1,1,4,5,4,0,0,66,14505.369879802229,0.5,-16.308333333333334
19.25,147,AV,1,0,9,4,5,0,0,40,859.2772315809713,0.1,-1.925
20.883333333333333,92,AV,1,1,4,6,11,0,0,44,1581.438059619256,0.5,-10.441666666666666
18.85,3,AV,1,0,7,5,2,0,0,41,2276.662146114732,0.2,-3.7700000000000005
80.28333333333333,177,AV,0,6,2,5,5,0,0,63,934.0011274976006,0.1,-8.028333333333334
87.76666666666667,239,AV,0,3,4,0,2,0,0,69,623.7253316558669,0.3,-26.33
78.78333333333333,127,AV,0,4,5,1,4,0,0,62,5960.007005011629,0.8,-63.02666666666667
42.9,37,AV,2,2,0,4,1,0,0,62,1581.4824060924602,0.2,-8.58
24.2,115,AV,1,1,7,5,3,0,0,49,2898.378436294527,0.2,-4.84
52.28333333333333,125,AV,0,9,5,0,1,0,0,51,5502.789496653042,0.2,-10.456666666666667
47.3,152,AV,2,2,3,2,8,0,0,75,2476.7926805910606,0.2,-9.459999999999999
27.816666666666666,153,AV,2,0,0,7,1,0,0,36,15725.918848752755,0.2,-5.5633333333333335
55.666666666666664,276,AV,0,8,7,2,18,0,0,52,4434.023444374438,0.1,-5.566666666666666
36.416666666666664,292,AV,0,5,1,2,3,0,0,40,1083.524948441525,0.3,-10.924999999999999
52.1,252,AV,0,9,5,1,2,0,0,51,586.3474640105957,0.1,-5.210000000000001
25.716666666666665,31,AV,2,1,0,6,5,0,0,37,857.6590975250949,0.6,-15.429999999999998
33.516666666666666,195,AV,1,1,4,3,1,0,0,65,1097.8259349569896,1.0,-33.516666666666666
20.783333333333335,201,AV,1,1,4,4,1,0,0,45,4061.843573313689,0.6,-12.47
34.75,22,AV,2,1,1,2,7,0,0,53,617.4453946714843,0.8,-27.8
74.88333333333334,18,AV,0,6,5,0,3,0,0,60,650.412147456106,0.5,-37.44166666666667
12.016666666666667,214,AV,0,8,3,9,4,0,0,24,7130.271245067938,0.2,-2.4033333333333338
40.483333333333334,10,AV,2,2,0,0,7,0,0,62,1824.367004680513,0.3,-12.145
39.05,143,AV,2,3,2,1,6,0,0,60,1929.5758599688188,0.1,-3.905
20.55,130,AV,0,6,8,2,2,0,0,30,508.6019702527906,0.2,-4.11
42.55,238,AV,2,2,2,4,4,0,0,65,3759.463069718096,0.2,-8.51
19.883333333333333,188,AV,1,1,4,3,10,0,0,39,9884.322174397852,0.1,-1.9883333333333333
80.18333333333334,255,AV,0,3,1,8,18,0,0,63,1301.8927857652438,0.5,-40.09166666666667
27.783333333333335,82,AV,2,0,0,1,9,0,0,37,3101.095365071405,1.0,-27.783333333333335
61.0,98,AV,0,3,2,1,2,0,0,53,457.16351791608827,0.2,-12.200000000000001
20.116666666666667,146,AV,1,1,4,4,2,0,0,40,7864.29237148983,0.1,-2.0116666666666667
30.616666666666667,30,AV,1,2,5,1,7,0,0,62,2105.6010448069283,0.1,-3.061666666666667
13.95,140,AV,0,4,2,0,6,0,0,24,417.8295094645922,0.1,-1.395
15.733333333333333,291,AV,1,3,3,1,22,0,0,26,5862.871835726062,0.1,-1.5733333333333333
47.8,104,AV,2,1,0,0,19,0,0,67,583.3206434887895,0.1,-4.78
27.733333333333334,180,AV,1,0,5,4,5,0,0,55,1653.1781197118603,0.7,-19.413333333333334
38.233333333333334,243,AV,0,4,0,6,2,0,0,40,2722.266725979925,0.2,-7.646666666666667
33.35,44,AV,0,7,2,6,0,0,0,38,10213.823531357188,0.1,-3.3350000000000004
28.45,275,AV,1,0,8,5,9,0,0,55,1921.5023446668008,0.2,-5.69
64.66666666666667,219,AV,0,3,3,2,5,0,0,55,1342.087988935639,0.1,-6.466666666666668
13.35,160,AV,1,0,5,7,7,0,0,22,4164.701887555128,0.3,-4.005
15.183333333333334,94,AV,1,2,8,3,2,0,0,28,3323.1633986738134,0.2,-3.036666666666667
49.75,15,AV,2,2,0,4,2,0,0,73,2044.1603053436156,0.7,-34.824999999999996
34.36666666666667,62,AV,1,2,8,1,1,0,0,68,3158.0604616132755,0.4,-13.746666666666668
29.883333333333333,111,AV,1,1,4,5,2,0,0,57,1405.7852601227096,0.2,-5.976666666666667
25.433333333333334,155,AV,2,2,0,9,9,0,0,26,1265.4739572733297,0.4,-10.173333333333334
31.216666666666665,63,AV,1,1,4,3,3,0,0,62,1240.6560786390864,0.3,-9.364999999999998
23.416666666666668,189,AV,2,1,1,3,2,0,0,20,807.7368269013535,0.3,-7.025
36.7,51,AV,2,2,2,9,9,0,0,57,1664.0464513081895,0.1,-3.6700000000000004
62.96666666666667,197,AV,0,6,4,2,16,0,0,54,4660.29795945294,0.3,-18.89
16.15,77,AV,1,3,4,0,4,0,0,29,1244.4027248274256,0.4,-6.46
31.166666666666668,74,AV,1,2,6,7,4,0,0,63,3362.377553451843,1.0,-31.166666666666668
22.933333333333334,266,AV,1,2,7,7,4,0,0,45,1588.8002265047048,0.8,-18.346666666666668
81.81666666666666,114,AV,0,5,3,1,4,0,0,64,2142.030696222753,0.1,-8.181666666666667
24.733333333333334,172,AV,2,1,2,3,6,0,0,34,4967.653125719208,0.1,-2.4733333333333336
54.0,61,AV,0,3,2,3,3,0,0,51,627.4062491148882,0.2,-10.8
14.45,251,AV,1,2,6,7,1,0,0,22,8975.220492497892,0.3,-4.335
48.68333333333333,169,AV,0,5,3,3,8,0,0,46,3866.930621896856,0.6,-29.209999999999997
53.78333333333333,26,AV,0,5,1,2,10,0,0,51,3151.1733449572957,0.6,-32.269999999999996
34.61666666666667,294,AV,1,2,6,3,4,0,0,68,1645.9523587482854,0.3,-10.385
27.133333333333333,237,AV,1,3,3,2,4,0,0,49,1541.4014724042315,0.3,-8.139999999999999
33.46666666666667,50,AV,1,0,4,4,3,0,0,66,8028.27043643778,0.8,-26.773333333333337
35.68333333333333,229,AV,2,0,3,0,5,0,0,48,437.8567856598078,0.4,-14.273333333333333
8.683333333333334,156,AV,0,6,6,9,4,0,0,22,4504.939201911708,0.3,-2.605
29.383333333333333,163,AV,2,1,0,0,6,0,0,46,3368.9508766880413,0.3,-8.815
