travel_time,id,kind,action,origin,destination,start_time,income,urgency,reward,observation,cost_table
62.766666666666666,195,AV,0,0,0,63,3151.1733449572957,0.5,-0.31621339916246394,"0.5788215223097114,0.2805874183006536,0.3096434108527132,0.5,0.63,0.21357597610895399","0,0,0"
20.783333333333335,143,AV,1,0,0,49,2198.5025098873134,0.1,-0.020783333333333334,"0.3760247395833333,0.1935263157894737,0.22444014084507038,0.1,0.49,0.14900713738219673","0,0,0"
19.633333333333333,164,AV,2,0,0,43,2520.718778515204,0.3,-0.058899999999999994,"0.2709744744744744,0.15317515432098763,0.18604010025062653,0.3,0.43,0.1708458769743912","0,0,0"
15.316666666666666,72,AV,0,0,0,36,1089.3140785512585,0.3,-0.052835066619146866,"0.15582222222222225,0.11363628472222224,0.14869924812030078,0.3,0.36,0.07383006015461319","0,0,0"
29.066666666666666,80,AV,1,0,0,63,1240.6560786390864,0.3,-0.0872,"0.5788215223097114,0.2805874183006536,0.3096434108527132,0.3,0.63,0.08408751407943918","0,0,0"
38.233333333333334,43,AV,0,0,0,49,863.5619359671642,0.1,-0.04691829232425994,"0.3760247395833333,0.1935263157894737,0.22444014084507038,0.1,0.49,0.05852933596936876","0,0,0"
59.0,140,AV,0,0,0,62,2158.6935677652164,0.2,-0.12147432359645392,"0.5727280701754385,0.2730087301587302,0.30446813725490196,0.2,0.62,0.14630902060445822","0,0,0"
23.883333333333333,272,AV,0,0,0,43,6007.794801579103,0.4,-0.09678171152328562,"0.2709744744744744,0.15317515432098763,0.18604010025062653,0.4,0.43,0.4071882116745136","0,0,0"
9.666666666666666,88,AV,1,0,0,29,1405.7852601227096,0.5,-0.04833333333333333,"0.090953196347032,0.09096574074074075,0.12567288557213932,0.5,0.29,0.09527941698629604","0,0,0"
32.45,105,AV,1,0,0,73,1573.7150367511856,0.3,-0.09735,"0.6962937853107343,0.3161627725856697,0.34204817708333335,0.3,0.73,0.10666113485293768","0,0,0"
8.75,260,AV,1,0,0,23,5434.023139443809,0.5,-0.04375,"0.0639298245614035,0.0803372093023256,0.11793981481481483,0.5,0.23,0.36829988996402924","0,0,0"
20.066666666666666,107,AV,2,0,0,44,1592.6375082496468,0.4,-0.08026666666666667,"0.2858287878787879,0.16008448540706602,0.19399498746867175,0.4,0.44,0.10794363660015036","0,0,0"
32.56666666666667,284,AV,1,0,0,71,7897.119961473183,0.1,-0.032566666666666674,"0.6885071839080459,0.3120436507936508,0.34002611940298505,0.1,0.71,0.5352403437025128","0,0,0"
10.733333333333333,215,AV,1,0,0,31,3531.3895067900216,0.2,-0.021466666666666665,"0.1181320987654321,0.09778932584269663,0.13247165532879815,0.2,0.31,0.23934575422216817","0,0,0"
29.333333333333332,150,AV,1,0,0,66,2314.8193170712048,0.3,-0.088,"0.615717054263566,0.2935536585365853,0.31772089947089943,0.3,0.66,0.1568907010306171","0,0,0"
33.45,209,AV,1,0,0,84,3368.9508766880413,0.9,-0.30105000000000004,"0.7185089743589742,0.3276817420435511,0.3511526717557252,0.9,0.84,0.22833620787735992","0,0,0"
25.883333333333333,224,AV,0,0,0,44,3849.958431883558,0.8,-0.2090147396478938,"0.2858287878787879,0.16008448540706602,0.19399498746867175,0.8,0.44,0.2609372890844797","0,0,0"
29.216666666666665,170,AV,2,0,0,56,2612.3907844155665,0.1,-0.029216666666666665,"0.5200286885245902,0.24981105610561052,0.2785024509803921,0.1,0.56,0.17705909852672727","0,0,0"
15.8,51,AV,1,0,0,43,914.1934345695068,0.5,-0.079,"0.2709744744744744,0.15317515432098763,0.18604010025062653,0.5,0.43,0.061960969380827756","0,0,0"
25.666666666666668,54,AV,1,0,0,56,926.7012599248138,0.6,-0.154,"0.5200286885245902,0.24981105610561052,0.2785024509803921,0.6,0.56,0.06280870789497041","0,0,0"
18.633333333333333,275,AV,2,0,0,39,6434.117121135291,0.3,-0.0559,"0.21001216545012164,0.13179349593495934,0.16334322033898302,0.3,0.39,0.43608291074968625","0,0,0"
29.5,263,AV,1,0,0,58,5557.427333357366,0.2,-0.059,"0.532510840108401,0.25479733959311424,0.28296236559139787,0.2,0.58,0.37666381294947954","0,0,0"
73.0,177,AV,0,0,0,72,2756.9260540590044,0.9,-0.6597204211694245,"0.6955252100840335,0.3147476851851852,0.34082799999999996,0.9,0.72,0.18685521505762742","0,0,0"
32.96666666666667,59,AV,1,0,0,80,959.5289757906356,0.4,-0.13186666666666666,"0.712424358974359,0.32323983739837403,0.34832,0.4,0.8,0.06503366053703627","0,0,0"
34.71666666666667,128,AV,2,0,0,92,1997.7276787447236,0.5,-0.17358333333333334,"0.7212583979328164,0.3288735343383585,0.3516641414141415,0.5,0.92,0.13539929171797474","0,0,0"
25.683333333333334,232,AV,1,0,0,57,4159.866430607663,0.9,-0.23115000000000002,"0.5285745257452575,0.2535372093023256,0.28243442622950826,0.9,0.57,0.2819418153627286","0,0,0"
17.616666666666667,94,AV,1,0,0,43,1460.8215047913693,0.5,-0.08808333333333333,"0.2709744744744744,0.15317515432098763,0.18604010025062653,0.5,0.43,0.09900958933472948","0,0,0"
32.0,227,AV,1,0,0,69,3882.59008652233,0.1,-0.032,"0.6688418803418804,0.30675,0.33464567901234565,0.1,0.69,0.26314895335318095","0,0,0"
16.55,252,AV,2,0,0,37,4950.077303955518,0.4,-0.06620000000000001,"0.17287380952380957,0.11944122807017546,0.15337820512820513,0.4,0.37,0.3354996619589032","0,0,0"
34.45,15,AV,2,0,0,69,640.5426603936758,0.9,-0.31005000000000005,"0.6688418803418804,0.30675,0.33464567901234565,0.9,0.69,0.04341383635778992","0,0,0"
4.966666666666667,141,AV,0,0,0,12,2164.09247058771,0.2,-0.013398989307804332,"0.0522,0.07552777777777778,0.1126904761904762,0.2,0.12,0.14667494015695656","0,0,0"
18.516666666666666,203,AV,1,0,0,47,3278.222126324269,0.3,-0.055549999999999995,"0.32987338501292,0.1769162348877375,0.20649758454106285,0.3,0.47,0.22218691702635127","0,0,0"
14.566666666666666,178,AV,1,0,0,41,2761.3662775036096,0.4,-0.05826666666666667,"0.22701946472019469,0.13936029411764703,0.17166386554621846,0.4,0.41,0.18715615853248926","0,0,0"
10.533333333333333,271,AV,1,0,0,29,5984.209260784091,0.4,-0.042133333333333335,"0.090953196347032,0.09096574074074075,0.12567288557213932,0.4,0.29,0.4055896627069003","0,0,0"
22.416666666666668,247,AV,0,0,0,42,4704.305573257116,0.2,-0.04642761752325411,"0.2538360215053764,0.14882857142857142,0.18183597883597882,0.2,0.42,0.31884207713644414","0,0,0"
29.05,230,AV,2,0,0,56,4034.238052294327,0.4,-0.1162,"0.5200286885245902,0.24981105610561052,0.2785024509803921,0.4,0.56,0.2734271446074074","0,0,0"
29.416666666666668,157,AV,0,0,0,46,2401.1770329784995,0.7,-0.20904013482290534,"0.31786805555555553,0.17220531400966188,0.20264411027568918,0.7,0.46,0.1627437378046668","0,0,0"
71.28333333333333,149,AV,0,0,0,71,2294.767722006211,0.2,-0.14583497130947518,"0.6885071839080459,0.3120436507936508,0.34002611940298505,0.2,0.71,0.1555316710694756","0,0,0"
12.933333333333334,274,AV,1,0,0,37,6230.691172258436,0.3,-0.038799999999999994,"0.17287380952380957,0.11944122807017546,0.15337820512820513,0.3,0.37,0.4222953812039725","0,0,0"
32.81666666666667,231,AV,1,0,0,76,4104.202624979457,0.1,-0.032816666666666675,"0.7071162464985994,0.319957735247209,0.34558207070707075,0.1,0.76,0.27816910903414543","0,0,0"
18.066666666666666,101,AV,1,0,0,46,1564.4426034616197,0.2,-0.03613333333333334,"0.31786805555555553,0.17220531400966188,0.20264411027568918,0.2,0.46,0.10603268037775201","0,0,0"
12.233333333333333,172,AV,1,0,0,36,2648.588416164911,0.5,-0.06116666666666666,"0.15582222222222225,0.11363628472222224,0.14869924812030078,0.5,0.36,0.17951245278160197","0,0,0"
34.55,119,AV,0,0,0,48,1782.711710770346,0.2,-0.07330707395070574,"0.352276,0.18403615520282188,0.21400114155251143,0.2,0.48,0.12082622949255738","0,0,0"
32.666666666666664,270,AV,1,0,0,75,5913.041300376779,0.1,-0.03266666666666667,"0.7015466101694914,0.3182177033492823,0.34376817042606517,0.1,0.75,0.4007661366904725","0,0,0"
10.75,243,AV,1,0,0,30,4645.51881630073,0.2,-0.021500000000000002,"0.10893673965936741,0.0957027027027027,0.13037681159420292,0.2,0.3,0.31485770762553417","0,0,0"
30.883333333333333,216,AV,2,0,0,63,3534.445695738256,0.9,-0.27795000000000003,"0.5788215223097114,0.2805874183006536,0.3096434108527132,0.9,0.63,0.23955289247396794","0,0,0"
26.616666666666667,109,AV,2,0,0,54,1626.914224999384,0.3,-0.07984999999999999,"0.4759333333333333,0.23282959641255607,0.26249316939890704,0.3,0.54,0.11026679766945499","0,0,0"
26.65,197,AV,1,0,0,59,3225.188153267811,0.1,-0.026649999999999997,"0.5426606606606607,0.260677519379845,0.2907810945273631,0.1,0.59,0.21859245194222796","0,0,0"
18.183333333333334,163,AV,2,0,0,40,2496.2043409386315,0.6,-0.1091,"0.21826566416040105,0.13533412698412697,0.16742735042735038,0.6,0.4,0.16918437049377913","0,0,0"
17.8,171,AV,1,0,0,45,2629.980017260476,0.4,-0.07120000000000001,"0.3040365497076023,0.16729326923076923,0.1988309178743961,0.4,0.45,0.17825123782299","0,0,0"
30.216666666666665,129,AV,1,0,0,67,2011.9739719035176,0.3,-0.09065,"0.6412883597883596,0.29637931034482756,0.32222900763358786,0.3,0.67,0.1363648577577462","0,0,0"
26.05,76,AV,1,0,0,57,1150.4391077840953,0.2,-0.05210000000000001,"0.5285745257452575,0.2535372093023256,0.28243442622950826,0.2,0.57,0.07797290992959705","0,0,0"
16.766666666666666,49,AV,2,0,0,38,904.859336063587,0.5,-0.08383333333333333,"0.19881592039800997,0.12773333333333337,0.15941735537190083,0.5,0.38,0.06132833544379311","0,0,0"
18.966666666666665,291,AV,2,0,0,44,9667.367812467324,0.2,-0.03793333333333333,"0.2858287878787879,0.16008448540706602,0.19399498746867175,0.2,0.44,0.6552218145206393","0,0,0"
17.1,281,AV,1,0,0,45,7177.938863287724,0.9,-0.1539,"0.3040365497076023,0.16729326923076923,0.1988309178743961,0.9,0.45,0.48649665738964504","0,0,0"
13.7,10,AV,0,0,0,29,583.3206434887895,0.1,-0.026557422557760273,"0.090953196347032,0.09096574074074075,0.12567288557213932,0.1,0.29,0.0395355196872896","0,0,0"
22.966666666666665,278,AV,1,0,0,52,7081.334819999852,0.3,-0.06889999999999999,"0.4360493333333334,0.21885841423948224,0.25483979328165374,0.3,0.52,0.47994915886047146","0,0,0"
30.25,144,AV,2,0,0,59,2212.8825544422834,0.1,-0.03025,"0.5426606606606607,0.260677519379845,0.2907810945273631,0.1,0.59,0.1499817686436704","0,0,0"
22.083333333333332,83,AV,2,0,0,48,1269.7848662283686,0.4,-0.08833333333333333,"0.352276,0.18403615520282188,0.21400114155251143,0.4,0.48,0.08606176575055302","0,0,0"
22.2,35,AV,1,0,0,51,818.0604611907775,0.4,-0.0888,"0.42563076923076926,0.2141752136752137,0.2506333333333334,0.4,0.51,0.05544539839249279","0,0,0"
25.25,29,AV,1,0,0,56,783.6834518391023,0.9,-0.22725,"0.5200286885245902,0.24981105610561052,0.2785024509803921,0.9,0.56,0.05311543982650658","0,0,0"
14.716666666666667,158,AV,1,0,0,41,2403.836358207942,0.1,-0.014716666666666668,"0.22701946472019469,0.13936029411764703,0.17166386554621846,0.1,0.41,0.162923977962695","0,0,0"
15.133333333333333,65,AV,2,0,0,34,985.8695826897422,0.4,-0.06053333333333333,"0.13535802469135802,0.1049453125,0.14115538847117795,0.4,0.34,0.06681893865852762","0,0,0"
22.083333333333332,8,AV,1,0,0,50,567.550811201735,0.3,-0.06624999999999999,"0.39880514705882364,0.20190488656195463,0.2355877192982456,0.3,0.5,0.03846669326770467","0,0,0"
27.616666666666667,248,AV,2,0,0,54,4707.821121085941,0.2,-0.055233333333333336,"0.4759333333333333,0.23282959641255607,0.26249316939890704,0.2,0.54,0.3190803491947873","0,0,0"
33.06666666666667,5,AV,2,0,0,72,513.7357984527049,0.5,-0.16533333333333336,"0.6955252100840335,0.3147476851851852,0.34082799999999996,0.5,0.72,0.0348192919289041","0,0,0"
69.4,235,AV,0,0,0,69,4434.023444374438,0.2,-0.14049146602269671,"0.6688418803418804,0.30675,0.33464567901234565,0.2,0.69,0.3005232596098551","0,0,0"
40.13333333333333,52,AV,0,0,0,50,921.9548251796884,0.1,-0.04826822215344256,"0.39880514705882364,0.20190488656195463,0.2355877192982456,0.1,0.5,0.06248701044365442","0,0,0"
67.85,188,AV,0,0,0,66,2968.817229463249,0.1,-0.07037625858054455,"0.615717054263566,0.2935536585365853,0.31772089947089943,0.1,0.66,0.2012164893075048","0,0,0"
28.9,280,AV,1,0,0,62,7130.271245067938,0.6,-0.17339999999999997,"0.5727280701754385,0.2730087301587302,0.30446813725490196,0.6,0.62,0.4832659058645436","0,0,0"
30.9,286,AV,2,0,0,64,8326.33528790118,0.1,-0.0309,"0.6005039682539681,0.28664805825242723,0.3115234375,0.1,0.64,0.5643311210948385","0,0,0"
32.3,290,AV,1,0,0,68,8987.822610831106,0.5,-0.16149999999999998,"0.6451693548387096,0.29939416666666674,0.3268125,0.5,0.68,0.6091645165361078","0,0,0"
43.43333333333333,37,AV,0,0,0,52,832.4581618945489,0.3,-0.13930946178836318,"0.4360493333333334,0.21885841423948224,0.25483979328165374,0.3,0.52,0.056421226328602164","0,0,0"
35.96666666666667,194,AV,2,0,0,92,3064.640983136323,0.5,-0.17983333333333335,"0.7212583979328164,0.3288735343383585,0.3516641414141415,0.5,0.92,0.20771110241976062","0,0,0"
24.55,44,AV,1,0,0,55,871.0408974081768,0.1,-0.024550000000000002,"0.5038227513227513,0.24296059113300494,0.2726335877862595,0.1,0.55,0.0590362349289584","0,0,0"
12.9,277,AV,1,0,0,36,7006.371100745904,0.1,-0.012900000000000002,"0.15582222222222225,0.11363628472222224,0.14869924812030078,0.1,0.36,0.4748683690213341","0,0,0"
14.05,36,AV,2,0,0,34,825.4433072334436,0.9,-0.12645,"0.13535802469135802,0.1049453125,0.14115538847117795,0.9,0.34,0.05594578297227094","0,0,0"
22.133333333333333,184,AV,1,0,0,50,2872.269398564857,0.3,-0.0664,"0.39880514705882364,0.20190488656195463,0.2355877192982456,0.3,0.5,0.19467280066583606","0,0,0"
11.783333333333333,78,AV,2,0,0,24,1205.4292211271013,0.2,-0.023566666666666666,"0.0669434523809524,0.08212222222222224,0.11851016260162602,0.2,0.24,0.0816999556512705","0,0,0"
18.683333333333334,162,AV,1,0,0,47,2486.38103050259,0.9,-0.16815,"0.32987338501292,0.1769162348877375,0.20649758454106285,0.9,0.47,0.16851857941048115","0,0,0"
23.816666666666666,239,AV,2,0,0,49,4559.760277629775,0.7,-0.16671666666666665,"0.3760247395833333,0.1935263157894737,0.22444014084507038,0.7,0.49,0.3090452810779319","0,0,0"
15.35,69,AV,2,0,0,36,1059.8377785859489,0.1,-0.01535,"0.15582222222222225,0.11363628472222224,0.14869924812030078,0.1,0.36,0.07183225525846373","0,0,0"
24.883333333333333,199,AV,1,0,0,55,3245.380745418587,0.2,-0.04976666666666667,"0.5038227513227513,0.24296059113300494,0.2726335877862595,0.2,0.55,0.2199610382136476","0,0,0"
20.85,57,AV,2,0,0,48,946.1123250925148,0.1,-0.020850000000000004,"0.352276,0.18403615520282188,0.21400114155251143,0.1,0.48,0.06412432488479437","0,0,0"
19.683333333333334,241,AV,2,0,0,43,4609.601315671212,0.2,-0.03936666666666667,"0.2709744744744744,0.15317515432098763,0.18604010025062653,0.2,0.43,0.31242333971980824","0,0,0"
21.016666666666666,74,AV,2,0,0,43,1117.0806745336297,0.1,-0.02101666666666667,"0.2709744744744744,0.15317515432098763,0.18604010025062653,0.1,0.43,0.07571198704056122","0,0,0"
24.766666666666666,12,AV,2,0,0,51,610.4868582393152,0.4,-0.09906666666666666,"0.42563076923076926,0.2141752136752137,0.2506333333333334,0.4,0.51,0.04137675474400705","0,0,0"
26.8,166,AV,2,0,0,54,2553.8725848963804,0.1,-0.026800000000000004,"0.4759333333333333,0.23282959641255607,0.26249316939890704,0.1,0.54,0.1730929309395176","0,0,0"
21.933333333333334,114,AV,1,0,0,49,1691.6338586686718,0.5,-0.10966666666666666,"0.3760247395833333,0.1935263157894737,0.22444014084507038,0.5,0.49,0.11465327769488799","0,0,0"
23.416666666666668,41,AV,2,0,0,49,857.6590975250949,0.5,-0.11708333333333334,"0.3760247395833333,0.1935263157894737,0.22444014084507038,0.5,0.49,0.05812926134824521","0,0,0"
31.033333333333335,9,AV,1,0,0,68,567.9518330451218,0.1,-0.031033333333333336,"0.6451693548387096,0.29939416666666674,0.3268125,0.1,0.68,0.03849387318523583","0,0,0"
25.95,206,AV,0,0,0,44,3323.1633986738134,0.1,-0.028206885714073843,"0.2858287878787879,0.16008448540706602,0.19399498746867175,0.1,0.44,0.2252328859588418","0,0,0"
43.416666666666664,298,AV,0,0,0,51,14505.369879802229,0.7,-0.30443371656350815,"0.42563076923076926,0.2141752136752137,0.2506333333333334,0.7,0.51,0.9831253922789719","0,0,0"
11.85,255,AV,1,0,0,33,5341.061461458292,0.2,-0.0237,"0.12861750599520383,0.10183333333333333,0.13790617283950618,0.2,0.33,0.3619992587568457","0,0,0"
35.28333333333333,146,AV,2,0,0,75,2250.3510049999354,0.1,-0.03528333333333333,"0.7015466101694914,0.3182177033492823,0.34376817042606517,0.1,0.75,0.15252125474142714","0,0,0"
67.88333333333334,160,AV,0,0,0,68,2446.4664131825853,0.4,-0.27459897934408045,"0.6451693548387096,0.29939416666666674,0.3268125,0.4,0.68,0.16581330032173242","0,0,0"
19.133333333333333,212,AV,0,0,0,38,3458.1247672483346,0.1,-0.02130213882902626,"0.19881592039800997,0.12773333333333337,0.15941735537190083,0.1,0.38,0.23438011553808105","0,0,0"
20.833333333333332,39,AV,1,0,0,49,845.7864251007381,0.1,-0.020833333333333332,"0.3760247395833333,0.1935263157894737,0.22444014084507038,0.1,0.49,0.057324571372648764","0,0,0"
10.85,63,AV,2,0,0,26,979.5720138781878,0.1,-0.01085,"0.07176328502415458,0.08418794326241136,0.11962351190476189,0.1,0.26,0.06639211053490394","0,0,0"
18.75,31,AV,1,0,0,48,801.7987355487146,0.1,-0.018750000000000003,"0.352276,0.18403615520282188,0.21400114155251143,0.1,0.48,0.054343233088645734","0,0,0"
11.966666666666667,186,AV,0,0,0,29,2946.490055333797,0.3,-0.03844540142988888,"0.090953196347032,0.09096574074074075,0.12567288557213932,0.3,0.29,0.19970322821824","0,0,0"
6.783333333333333,87,AV,0,0,0,22,1365.417472605012,0.3,-0.02584282556469057,"0.06318148148148145,0.07951111111111112,0.11761538461538462,0.3,0.22,0.09254342353920501","0,0,0"
60.833333333333336,64,AV,0,0,0,62,981.8973671489576,0.6,-0.3726382728490016,"0.5727280701754385,0.2730087301587302,0.30446813725490196,0.6,0.62,0.06654971519203827","0,0,0"
21.583333333333332,288,AV,1,0,0,50,8348.421721831439,0.6,-0.12949999999999998,"0.39880514705882364,0.20190488656195463,0.2355877192982456,0.6,0.5,0.5658280656196357","0,0,0"
26.05,229,AV,2,0,0,50,4015.909421979459,0.1,-0.026050000000000004,"0.39880514705882364,0.20190488656195463,0.2355877192982456,0.1,0.5,0.27218489142685726","0,0,0"
27.65,81,AV,0,0,0,45,1244.4027248274256,0.2,-0.061326987767195786,"0.3040365497076023,0.16729326923076923,0.1988309178743961,0.2,0.45,0.08434144921064672","0,0,0"
20.766666666666666,121,AV,2,0,0,46,1822.2981036688468,0.5,-0.10383333333333333,"0.31786805555555553,0.17220531400966188,0.20264411027568918,0.5,0.46,0.12350926262923316","0,0,0"
46.95,187,AV,0,0,0,53,2964.6777926145683,0.2,-0.09642978587375788,"0.4475299145299146,0.2252793209876543,0.2586824146981627,0.2,0.53,0.20093593214078684","0,0,0"
22.433333333333334,131,AV,1,0,0,51,2022.4315636845977,0.6,-0.1346,"0.42563076923076926,0.2141752136752137,0.2506333333333334,0.6,0.51,0.1370736383064162","0,0,0"
57.56666666666667,62,AV,0,0,0,60,975.0940381265832,0.3,-0.18039156584569987,"0.5591297935103244,0.26569675925925923,0.29918829516539436,0.3,0.6,0.06608860833510537","0,0,0"
60.766666666666666,48,AV,0,0,0,62,892.1845339920479,0.1,-0.06917299934141224,"0.5727280701754385,0.2730087301587302,0.30446813725490196,0.1,0.62,0.06046927980702571","0,0,0"
16.95,145,AV,2,0,0,37,2241.037238818388,0.6,-0.10169999999999998,"0.17287380952380957,0.11944122807017546,0.15337820512820513,0.6,0.37,0.15188999886124593","0,0,0"
27.55,106,AV,0,0,0,44,1592.2311391495805,0.2,-0.059810371387414143,"0.2858287878787879,0.16008448540706602,0.19399498746867175,0.2,0.44,0.10791609426346929","0,0,0"
33.46666666666667,201,AV,1,0,0,91,3252.767976975094,0.2,-0.06693333333333333,"0.7173958333333331,0.3285346534653466,0.3515461538461539,0.2,0.91,0.22046172002886685","0,0,0"
28.833333333333332,108,AV,2,0,0,54,1597.8734280578535,0.8,-0.2306666666666667,"0.4759333333333333,0.23282959641255607,0.26249316939890704,0.8,0.54,0.10829850970976695","0,0,0"
17.783333333333335,211,AV,1,0,0,45,3414.9419898187493,0.1,-0.017783333333333335,"0.3040365497076023,0.16729326923076923,0.1988309178743961,0.1,0.45,0.2314533315021034","0,0,0"
7.9,93,AV,1,0,0,14,1447.5744631551047,0.2,-0.0158,"0.05457812500000001,0.07527956989247313,0.11113793103448277,0.2,0.14,0.09811174921668307","0,0,0"
64.4,181,AV,0,0,0,64,2797.307504072895,0.2,-0.13148114963731372,"0.6005039682539681,0.28664805825242723,0.3115234375,0.2,0.64,0.18959213450295503","0,0,0"
28.866666666666667,122,AV,1,0,0,61,1830.3424648913517,0.1,-0.02886666666666667,"0.5656002949852508,0.26891972477064213,0.3025206718346253,0.1,0.61,0.12405448249250056","0,0,0"
12.983333333333333,99,AV,1,0,0,37,1541.4014724042315,0.1,-0.012983333333333333,"0.17287380952380957,0.11944122807017546,0.15337820512820513,0.1,0.37,0.1044710296789382","0,0,0"
17.6,104,AV,2,0,0,39,1572.8756307612184,0.1,-0.0176,"0.21001216545012164,0.13179349593495934,0.16334322033898302,0.1,0.39,0.10660424272609045","0,0,0"
13.416666666666666,151,AV,1,0,0,37,2318.2944376966047,0.1,-0.013416666666666667,"0.17287380952380957,0.11944122807017546,0.15337820512820513,0.1,0.37,0.15712623306850196","0,0,0"
33.11666666666667,223,AV,1,0,0,80,3793.837230001502,0.1,-0.03311666666666667,"0.712424358974359,0.32323983739837403,0.34832,0.1,0.8,0.2571335819696208","0,0,0"
10.95,233,AV,1,0,0,31,4164.701887555128,0.3,-0.03285,"0.1181320987654321,0.09778932584269663,0.13247165532879815,0.3,0.31,0.2822695464407858","0,0,0"
11.283333333333333,289,AV,2,0,0,4,8987.033628468456,0.9,-0.10155,"0.0,0.0,0.0,0.9,0.04,0.6091110419538525","0,0,0"
34.46666666666667,220,AV,2,0,0,73,3654.013033637752,0.2,-0.06893333333333333,"0.6962937853107343,0.3161627725856697,0.34204817708333335,0.2,0.73,0.24765676620833404","0,0,0"
9.283333333333333,25,AV,1,0,0,28,767.6170681366935,0.3,-0.02785,"0.0765,0.08514621676891616,0.12013681592039802,0.3,0.28,0.0520265141451333","0,0,0"
15.583333333333334,14,AV,0,0,0,31,617.4453946714843,0.6,-0.1056468231275584,"0.1181320987654321,0.09778932584269663,0.13247165532879815,0.6,0.31,0.04184838103938954","0,0,0"
64.35,84,AV,0,0,0,63,1293.252850487379,0.9,-0.5849493299586956,"0.5788215223097114,0.2805874183006536,0.3096434108527132,0.9,0.63,0.08765234712985052","0,0,0"
23.233333333333334,196,AV,1,0,0,52,3206.59631480788,0.5,-0.11616666666666667,"0.4360493333333334,0.21885841423948224,0.25483979328165374,0.5,0.52,0.21733235939508389","0,0,0"
21.833333333333332,176,AV,2,0,0,47,2753.3979495063454,0.1,-0.021833333333333333,"0.32987338501292,0.1769162348877375,0.20649758454106285,0.1,0.47,0.18661609194659504","0,0,0"
50.416666666666664,257,AV,0,0,0,54,5370.167679594476,0.1,-0.05181327110203624,"0.4759333333333333,0.23282959641255607,0.26249316939890704,0.1,0.54,0.3639719807460131","0,0,0"
22.233333333333334,125,AV,1,0,0,50,1869.7531794209297,0.1,-0.022233333333333338,"0.39880514705882364,0.20190488656195463,0.2355877192982456,0.1,0.5,0.12672560873767386","0,0,0"
10.283333333333333,24,AV,0,0,0,28,761.8437659652793,0.3,-0.04069453812586793,"0.0765,0.08514621676891616,0.12013681592039802,0.3,0.28,0.05163521905862055","0,0,0"
29.216666666666665,276,AV,1,0,0,63,6709.13861087917,0.1,-0.029216666666666665,"0.5788215223097114,0.2805874183006536,0.3096434108527132,0.1,0.63,0.45472294628342924","0,0,0"
8.316666666666666,6,AV,0,0,0,24,522.2875039790788,0.8,-0.08089324036319868,"0.0669434523809524,0.08212222222222224,0.11851016260162602,0.8,0.24,0.0353988978900025","0,0,0"
33.416666666666664,258,AV,1,0,0,80,5386.149373461946,0.3,-0.10024999999999999,"0.712424358974359,0.32323983739837403,0.34832,0.3,0.8,0.3650551664339987","0,0,0"
24.65,4,AV,1,0,0,55,513.3463032142733,0.1,-0.024650000000000002,"0.5038227513227513,0.24296059113300494,0.2726335877862595,0.1,0.55,0.034792893246054446","0,0,0"
14.783333333333333,219,AV,2,0,0,36,3628.2404526711953,0.1,-0.014783333333333336,"0.15582222222222225,0.11363628472222224,0.14869924812030078,0.1,0.36,0.24590998698224423","0,0,0"
23.116666666666667,236,AV,2,0,0,47,4459.768546990965,0.1,-0.023116666666666667,"0.32987338501292,0.1769162348877375,0.20649758454106285,0.1,0.47,0.30226817644540427","0,0,0"
20.766666666666666,228,AV,0,0,0,41,3898.759045987068,0.1,-0.022690355694774123,"0.22701946472019469,0.13936029411764703,0.17166386554621846,0.1,0.41,0.2642448312762009","0,0,0"
21.1,102,AV,2,0,0,47,1564.487892525026,0.1,-0.021100000000000004,"0.32987338501292,0.1769162348877375,0.20649758454106285,0.1,0.47,0.10603574991879759","0,0,0"
24.566666666666666,92,AV,2,0,0,48,1444.5182772575097,0.4,-0.09826666666666667,"0.352276,0.18403615520282188,0.21400114155251143,0.4,0.48,0.0979046111716454","0,0,0"
20.433333333333334,32,AV,2,0,0,44,802.5586880039084,0.9,-0.1839,"0.2858287878787879,0.16008448540706602,0.19399498746867175,0.9,0.44,0.054394740120994226","0,0,0"
7.2,180,AV,1,0,0,16,2793.3389947689566,0.2,-0.014400000000000003,"0.05750680272108844,0.07851449275362318,0.11613953488372093,0.2,0.16,0.189323162232787","0,0,0"
13.85,204,AV,2,0,0,34,3301.717979419838,0.4,-0.0554,"0.13535802469135802,0.1049453125,0.14115538847117795,0.4,0.34,0.22377938726205854","0,0,0"
31.266666666666666,264,AV,2,0,0,61,5590.116807812239,0.1,-0.031266666666666665,"0.5656002949852508,0.26891972477064213,0.3025206718346253,0.1,0.61,0.37887939605167886","0,0,0"
17.833333333333332,3,AV,2,0,0,38,506.5869000089976,0.8,-0.14266666666666666,"0.19881592039800997,0.12773333333333337,0.15941735537190083,0.8,0.38,0.03433476353389787","0,0,0"
73.05,61,AV,0,0,0,73,968.7072844723906,0.1,-0.08079227686755229,"0.6962937853107343,0.3161627725856697,0.34204817708333335,0.1,0.73,0.06565573556152582","0,0,0"
14.4,156,AV,2,0,0,30,2397.5381966938494,0.5,-0.07200000000000001,"0.10893673965936741,0.0957027027027027,0.13037681159420292,0.5,0.3,0.16249710966767825","0,0,0"
30.266666666666666,202,AV,2,0,0,59,3257.3450634265246,0.1,-0.030266666666666664,"0.5426606606606607,0.260677519379845,0.2907810945273631,0.1,0.59,0.22077193961998004","0,0,0"
52.06666666666667,139,AV,0,0,0,54,2139.4702648744856,0.1,-0.055572207324620156,"0.4759333333333333,0.23282959641255607,0.26249316939890704,0.1,0.54,0.1450061295129554","0,0,0"
30.933333333333334,147,AV,1,0,0,68,2260.56382504795,0.2,-0.061866666666666674,"0.6451693548387096,0.29939416666666674,0.3268125,0.2,0.68,0.1532134454817653","0,0,0"
17.433333333333334,225,AV,1,0,0,44,3863.855435177377,0.1,-0.017433333333333335,"0.2858287878787879,0.16008448540706602,0.19399498746867175,0.1,0.44,0.2618791814269674","0,0,0"
14.933333333333334,21,AV,1,0,0,41,736.5379020629116,0.2,-0.02986666666666667,"0.22701946472019469,0.13936029411764703,0.17166386554621846,0.2,0.41,0.04992007235211597","0,0,0"
27.533333333333335,1,AV,2,0,0,54,388.2787303527966,0.2,-0.05506666666666668,"0.4759333333333333,0.23282959641255607,0.26249316939890704,0.2,0.54,0.026316232006134744","0,0,0"
12.933333333333334,30,AV,2,0,0,30,793.0252767736928,0.1,-0.012933333333333333,"0.10893673965936741,0.0957027027027027,0.13037681159420292,0.1,0.3,0.05374859743500087","0,0,0"
31.166666666666668,208,AV,2,0,0,62,3366.895459871004,0.6,-0.18700000000000003,"0.5727280701754385,0.2730087301587302,0.30446813725490196,0.6,0.62,0.22819689860904815","0,0,0"
33.4,19,AV,2,0,0,68,676.2529471816457,0.1,-0.0334,"0.6451693548387096,0.29939416666666674,0.3268125,0.1,0.68,0.04583416000329052","0,0,0"
27.483333333333334,34,AV,1,0,0,59,807.7368269013535,0.1,-0.027483333333333332,"0.5426606606606607,0.260677519379845,0.2907810945273631,0.1,0.59,0.05474569703398645","0,0,0"
25.116666666666667,249,AV,1,0,0,55,4717.175795221327,0.3,-0.07534999999999999,"0.5038227513227513,0.24296059113300494,0.2726335877862595,0.3,0.55,0.3197143776790798","0,0,0"
15.383333333333333,132,AV,2,0,0,36,2033.019749384408,0.4,-0.06153333333333333,"0.15582222222222225,0.11363628472222224,0.14869924812030078,0.4,0.36,0.1377912700735415","0,0,0"
29.433333333333334,20,AV,1,0,0,63,699.2977112166509,0.1,-0.029433333333333336,"0.5788215223097114,0.2805874183006536,0.3096434108527132,0.1,0.63,0.047396056933160444","0,0,0"
24.15,85,AV,1,0,0,51,1294.2551843223837,0.2,-0.0483,"0.42563076923076926,0.2141752136752137,0.2506333333333334,0.2,0.51,0.08772028196039253","0,0,0"
25.7,38,AV,1,0,0,56,837.3801312568858,0.1,-0.0257,"0.5200286885245902,0.24981105610561052,0.2785024509803921,0.1,0.56,0.05675482092841105","0,0,0"
18.033333333333335,154,AV,2,0,0,41,2344.9936519099742,0.3,-0.0541,"0.22701946472019469,0.13936029411764703,0.17166386554621846,0.3,0.41,0.15893581639278578","0,0,0"
22.8,268,AV,1,0,0,50,5849.7981009167725,0.9,-0.20520000000000002,"0.39880514705882364,0.20190488656195463,0.2355877192982456,0.9,0.5,0.39647972443119794","0,0,0"
13.033333333333333,90,AV,1,0,0,37,1421.705549214182,0.1,-0.013033333333333334,"0.17287380952380957,0.11944122807017546,0.15337820512820513,0.1,0.37,0.09635844086420778","0,0,0"
21.083333333333332,152,AV,2,0,0,44,2326.172138461347,0.3,-0.06324999999999999,"0.2858287878787879,0.16008448540706602,0.19399498746867175,0.3,0.44,0.15766015724408453","0,0,0"
31.083333333333332,75,AV,1,0,0,68,1150.2916000513435,0.1,-0.03108333333333333,"0.6451693548387096,0.29939416666666674,0.3268125,0.1,0.68,0.07796291234947138","0,0,0"
55.63333333333333,96,AV,0,0,0,58,1485.5718097438446,0.4,-0.22758189439972382,"0.532510840108401,0.25479733959311424,0.28296236559139787,0.4,0.58,0.10068708211616541","0,0,0"
34.71666666666667,169,AV,2,0,0,71,2580.565825479665,0.2,-0.06943333333333333,"0.6885071839080459,0.3120436507936508,0.34002611940298505,0.2,0.71,0.17490210939115985","0,0,0"
32.63333333333333,68,AV,0,0,0,47,1020.5842314575186,0.4,-0.1378820653329343,"0.32987338501292,0.1769162348877375,0.20649758454106285,0.4,0.47,0.06917178129338997","0,0,0"
32.96666666666667,110,AV,0,0,0,47,1628.9397076974285,0.2,-0.07053755530948096,"0.32987338501292,0.1769162348877375,0.20649758454106285,0.2,0.47,0.11040407810343013","0,0,0"
31.9,250,AV,1,0,0,67,4889.272753955773,0.1,-0.031900000000000005,"0.6412883597883596,0.29637931034482756,0.32222900763358786,0.1,0.67,0.3313785331930602","0,0,0"
13.483333333333333,77,AV,2,0,0,28,1174.3503864217532,0.1,-0.013483333333333333,"0.0765,0.08514621676891616,0.12013681592039802,0.1,0.28,0.07959353631729588","0,0,0"
30.283333333333335,293,AV,1,0,0,63,10213.823531357188,0.1,-0.030283333333333336,"0.5788215223097114,0.2805874183006536,0.3096434108527132,0.1,0.63,0.6922587530784591","0,0,0"
32.53333333333333,98,AV,2,0,0,65,1528.3774584247917,0.6,-0.19519999999999998,"0.6061461538461539,0.29004166666666664,0.3144384615384615,0.6,0.65,0.10358830562855652","0,0,0"
33.93333333333333,261,AV,2,0,0,72,5480.041794665195,0.3,-0.10179999999999999,"0.6955252100840335,0.3147476851851852,0.34082799999999996,0.3,0.72,0.37141888029944103","0,0,0"
18.833333333333332,295,AV,1,0,0,47,10708.821866752483,0.6,-0.11299999999999999,"0.32987338501292,0.1769162348877375,0.20649758454106285,0.6,0.47,0.7258080825126958","0,0,0"
14.566666666666666,23,AV,1,0,0,40,753.5670156580491,0.1,-0.014566666666666667,"0.21826566416040105,0.13533412698412697,0.16742735042735038,0.1,0.4,0.05107424864145654","0,0,0"
66.0,55,AV,0,0,0,64,932.0432837729122,0.6,-0.40404683659072144,"0.6005039682539681,0.28664805825242723,0.3115234375,0.6,0.64,0.0631707723810707","0,0,0"
34.516666666666666,198,AV,0,0,0,47,3227.056348793521,0.4,-0.1403907661521944,"0.32987338501292,0.1769162348877375,0.20649758454106285,0.4,0.47,0.21871907197841367","0,0,0"
10.183333333333334,136,AV,0,0,0,26,2088.64210540395,0.1,-0.01377418309193737,"0.07176328502415458,0.08418794326241136,0.11962351190476189,0.1,0.26,0.14156116708646335","0,0,0"
30.166666666666668,285,AV,1,0,0,67,8028.27043643778,0.2,-0.06033333333333334,"0.6412883597883596,0.29637931034482756,0.32222900763358786,0.2,0.67,0.5441292836754728","0,0,0"
45.0,259,AV,0,0,0,52,5427.330032863625,0.3,-0.13638189495655986,"0.4360493333333334,0.21885841423948224,0.25483979328165374,0.3,0.52,0.36784625361509543","0,0,0"
34.7,133,AV,2,0,0,68,2043.1688306873104,0.1,-0.0347,"0.6451693548387096,0.29939416666666674,0.3268125,0.1,0.68,0.13847914081519566","0,0,0"
45.06666666666667,185,AV,0,0,0,52,2909.8477340427667,0.3,-0.1377774544531167,"0.4360493333333334,0.21885841423948224,0.25483979328165374,0.3,0.52,0.1972197343954856","0,0,0"
15.2,266,AV,2,0,0,33,5721.231751015957,0.2,-0.0304,"0.12861750599520383,0.10183333333333333,0.13790617283950618,0.2,0.33,0.38776592780088154","0,0,0"
18.116666666666667,159,AV,1,0,0,46,2421.832203454489,0.7,-0.12681666666666666,"0.31786805555555553,0.17220531400966188,0.20264411027568918,0.7,0.46,0.16414367608580446","0,0,0"
33.983333333333334,2,AV,2,0,0,65,491.8679742725259,0.2,-0.06796666666666666,"0.6061461538461539,0.29004166666666664,0.3144384615384615,0.2,0.65,0.03333716404084784","0,0,0"
23.833333333333332,112,AV,1,0,0,53,1659.6531244520008,0.3,-0.0715,"0.4475299145299146,0.2252793209876543,0.2586824146981627,0.3,0.53,0.1124857306324781","0,0,0"
20.6,189,AV,0,0,0,41,2969.8754393798326,0.4,-0.08492535843778222,"0.22701946472019469,0.13936029411764703,0.17166386554621846,0.4,0.41,0.2012882112317284","0,0,0"
35.38333333333333,267,AV,2,0,0,81,5807.233742044462,0.4,-0.14153333333333334,"0.7156614987080103,0.3257833333333333,0.3498473282442749,0.4,0.81,0.39359485473396183","0,0,0"
48.583333333333336,210,AV,0,0,0,53,3382.383844415393,0.4,-0.19655070437842723,"0.4475299145299146,0.2252793209876543,0.2586824146981627,0.4,0.53,0.2292466494431977","0,0,0"
66.05,153,AV,0,0,0,65,2337.3116255789537,0.6,-0.3995088147416553,"0.6061461538461539,0.29004166666666664,0.3144384615384615,0.6,0.65,0.15841515437501139","0,0,0"
24.216666666666665,244,AV,1,0,0,54,4656.548587392589,0.6,-0.14529999999999998,"0.4759333333333333,0.23282959641255607,0.26249316939890704,0.6,0.54,0.31560526857167254","0,0,0"
27.35,40,AV,1,0,0,60,854.5785374972068,0.4,-0.10940000000000001,"0.5591297935103244,0.26569675925925923,0.29918829516539436,0.4,0.6,0.057920471306284714","0,0,0"
14.433333333333334,217,AV,1,0,0,39,3558.5090095449787,0.5,-0.07216666666666667,"0.21001216545012164,0.13179349593495934,0.16334322033898302,0.5,0.39,0.24118382329626345","0,0,0"
17.85,207,AV,2,0,0,42,3361.758609282253,0.1,-0.01785,"0.2538360215053764,0.14882857142857142,0.18183597883597882,0.1,0.42,0.22784874007934558","0,0,0"
38.03333333333333,113,AV,0,0,0,49,1661.9571573900298,0.6,-0.23271275170761807,"0.3760247395833333,0.1935263157894737,0.22444014084507038,0.6,0.49,0.11264189026886058","0,0,0"
38.31666666666667,26,AV,2,0,0,82,776.0711537761008,0.4,-0.1532666666666667,"0.7145247395833333,0.32646499999999995,0.3505984848484849,0.4,0.82,0.05259950375722002","0,0,0"
24.333333333333332,292,AV,0,0,0,43,9667.56212442905,0.6,-0.14677579020475576,"0.2709744744744744,0.15317515432098763,0.18604010025062653,0.6,0.43,0.6552349843346585","0,0,0"
15.633333333333333,13,AV,1,0,0,42,615.3970356119416,0.9,-0.1407,"0.2538360215053764,0.14882857142857142,0.18183597883597882,0.9,0.42,0.04170955012224449","0,0,0"
6.916666666666667,70,AV,0,0,0,17,1062.4074567339185,0.2,-0.020892771736614784,"0.057519774011299436,0.07754629629629632,0.11461805555555556,0.2,0.17,0.07200641943753587","0,0,0"
52.13333333333333,246,AV,0,0,0,54,4689.4303597647895,0.5,-0.262266008041762,"0.4759333333333333,0.23282959641255607,0.26249316939890704,0.5,0.54,0.31783388498270665","0,0,0"
15.633333333333333,134,AV,1,0,0,41,2044.1603053436156,0.2,-0.031266666666666665,"0.22701946472019469,0.13936029411764703,0.17166386554621846,0.2,0.41,0.13854633964697255","0,0,0"
27.45,297,AV,1,0,0,60,13748.957190518822,0.1,-0.02745,"0.5591297935103244,0.26569675925925923,0.29918829516539436,0.1,0.6,0.9318582734092888","0,0,0"
25.016666666666666,245,AV,2,0,0,50,4662.282088415262,0.3,-0.07504999999999999,"0.39880514705882364,0.20190488656195463,0.2355877192982456,0.3,0.5,0.31599386606961677","0,0,0"
41.88333333333333,22,AV,0,0,0,50,742.4887258523852,0.1,-0.05198449681078536,"0.39880514705882364,0.20190488656195463,0.2355877192982456,0.1,0.5,0.05032339925938467","0,0,0"
18.05,182,AV,1,0,0,45,2815.231094880572,0.4,-0.0722,"0.3040365497076023,0.16729326923076923,0.1988309178743961,0.4,0.45,0.19080693546217645","0,0,0"
11.666666666666666,50,AV,1,0,0,34,905.8209551718018,0.2,-0.02333333333333333,"0.13535802469135802,0.1049453125,0.14115538847117795,0.2,0.34,0.061393510766506044","0,0,0"
13.8,174,AV,1,0,0,38,2744.8905386527767,0.1,-0.013800000000000002,"0.19881592039800997,0.12773333333333337,0.15941735537190083,0.1,0.38,0.18603948813007745","0,0,0"
28.333333333333332,42,AV,2,0,0,55,859.2772315809713,0.2,-0.05666666666666667,"0.5038227513227513,0.24296059113300494,0.2726335877862595,0.2,0.55,0.058238933055456105","0,0,0"
69.66666666666667,240,AV,0,0,0,69,4572.8741748457805,0.6,-0.4196401063561416,"0.6688418803418804,0.30675,0.33464567901234565,0.6,0.69,0.30993409711307096","0,0,0"
17.133333333333333,73,AV,0,0,0,36,1111.987968807459,0.1,-0.023878010623361305,"0.15582222222222225,0.11363628472222224,0.14869924812030078,0.1,0.36,0.07536682050180411","0,0,0"
23.883333333333333,265,AV,1,0,0,53,5654.280440205098,0.6,-0.1433,"0.4475299145299146,0.2252793209876543,0.2586824146981627,0.6,0.53,0.3832281921726319","0,0,0"
4.933333333333334,79,AV,0,0,0,17,1234.5997004771,0.1,-0.011008176861240957,"0.057519774011299436,0.07754629629629632,0.11461805555555556,0.1,0.17,0.08367703305030089","0,0,0"
32.15,190,AV,1,0,0,69,2991.769966736588,0.3,-0.09645,"0.6688418803418804,0.30675,0.33464567901234565,0.3,0.69,0.20277214897166462","0,0,0"
36.36666666666667,33,AV,2,0,0,92,806.3598325453933,0.5,-0.18183333333333335,"0.7212583979328164,0.3288735343383585,0.3516641414141415,0.5,0.92,0.054652368968064156","0,0,0"
31.05,282,AV,0,0,0,46,7334.728577480919,0.4,-0.1252225327250727,"0.31786805555555553,0.17220531400966188,0.20264411027568918,0.4,0.46,0.49712333913225454","0,0,0"
62.53333333333333,279,AV,0,0,0,62,7099.697064525982,0.4,-0.2511897164341665,"0.5727280701754385,0.2730087301587302,0.30446813725490196,0.4,0.62,0.48119369029968767","0,0,0"
19.216666666666665,45,AV,1,0,0,48,873.8892656114449,0.2,-0.03843333333333333,"0.352276,0.18403615520282188,0.21400114155251143,0.2,0.48,0.059229287786651624","0,0,0"
19.5,18,AV,2,0,0,43,670.158540600369,0.4,-0.07800000000000001,"0.2709744744744744,0.15317515432098763,0.18604010025062653,0.4,0.43,0.0454211015352491","0,0,0"
20.85,120,AV,1,0,0,48,1794.439334206041,0.9,-0.18765,"0.352276,0.18403615520282188,0.21400114155251143,0.9,0.48,0.1216210885334683","0,0,0"
48.63333333333333,179,AV,0,0,0,53,2780.081336731352,0.2,-0.09996442946263509,"0.4475299145299146,0.2252793209876543,0.2586824146981627,0.2,0.53,0.1884246025706119","0,0,0"
18.433333333333334,294,AV,1,0,0,46,10450.70686878338,0.4,-0.07373333333333335,"0.31786805555555553,0.17220531400966188,0.20264411027568918,0.4,0.46,0.7083139123719671","0,0,0"
24.183333333333334,124,AV,1,0,0,53,1836.592480640456,0.1,-0.024183333333333334,"0.4475299145299146,0.2252793209876543,0.2586824146981627,0.1,0.53,0.12447808762880555","0,0,0"
19.35,123,AV,1,0,0,48,1832.3133019091129,0.3,-0.05805,"0.352276,0.18403615520282188,0.21400114155251143,0.3,0.48,0.12418805922527332","0,0,0"
53.766666666666666,86,AV,0,0,0,55,1348.5865378412918,0.3,-0.16686137836879594,"0.5038227513227513,0.24296059113300494,0.2726335877862595,0.3,0.55,0.09140267914736122","0,0,0"
24.9,53,AV,2,0,0,50,923.9636394510808,0.8,-0.19920000000000002,"0.39880514705882364,0.20190488656195463,0.2355877192982456,0.8,0.5,0.06262316114749329","0,0,0"
17.1,137,AV,0,0,0,37,2105.159940183184,0.4,-0.07196267467228518,"0.17287380952380957,0.11944122807017546,0.15337820512820513,0.4,0.37,0.14268069060992383","0,0,0"
11.133333333333333,127,AV,1,0,0,33,1996.532829496936,0.2,-0.022266666666666667,"0.12861750599520383,0.10183333333333333,0.13790617283950618,0.2,0.33,0.13531830883748433","0,0,0"
58.95,118,AV,0,0,0,61,1751.9448432672848,0.5,-0.2990309566915434,"0.5656002949852508,0.26891972477064213,0.3025206718346253,0.5,0.61,0.11874095425078225","0,0,0"
13.466666666666667,111,AV,1,0,0,37,1635.9686818612918,0.2,-0.026933333333333333,"0.17287380952380957,0.11944122807017546,0.15337820512820513,0.2,0.37,0.11088047843237239","0,0,0"
31.116666666666667,205,AV,1,0,0,66,3313.1900178081896,0.1,-0.031116666666666667,"0.615717054263566,0.2935536585365853,0.31772089947089943,0.1,0.66,0.2245569236044094","0,0,0"
9.483333333333333,173,AV,1,0,0,28,2675.3892374750885,0.5,-0.04741666666666666,"0.0765,0.08514621676891616,0.12013681592039802,0.5,0.28,0.18132892269462747","0,0,0"
18.983333333333334,183,AV,2,0,0,40,2850.5966631146844,0.7,-0.13288333333333333,"0.21826566416040105,0.13533412698412697,0.16742735042735038,0.7,0.4,0.19320389523855167","0,0,0"
15.15,296,AV,1,0,0,41,13079.31179296209,0.4,-0.0606,"0.22701946472019469,0.13936029411764703,0.17166386554621846,0.4,0.41,0.8864719509910323","0,0,0"
20.583333333333332,148,AV,2,0,0,42,2283.7291705859197,0.1,-0.020583333333333332,"0.2538360215053764,0.14882857142857142,0.18183597883597882,0.1,0.42,0.15478351502208126","0,0,0"
30.9,67,AV,1,0,0,67,1011.0784796502788,0.8,-0.2472,"0.6412883597883596,0.29637931034482756,0.32222900763358786,0.8,0.67,0.0685275132704551","0,0,0"
55.46666666666667,192,AV,0,0,0,59,3046.5766145774583,0.3,-0.16886177954761206,"0.5426606606606607,0.260677519379845,0.2907810945273631,0.3,0.59,0.2064867600160254","0,0,0"
13.916666666666666,60,AV,0,0,0,29,961.7772661313056,0.5,-0.07738139663146922,"0.090953196347032,0.09096574074074075,0.12567288557213932,0.5,0.29,0.06518604212685054","0,0,0"
12.183333333333334,16,AV,2,0,0,13,646.5589615252754,0.4,-0.04873333333333334,"0.051068181818181825,0.07337999999999999,0.10757575757575757,0.4,0.13,0.04382160110002571","0,0,0"
50.333333333333336,17,AV,0,0,0,53,649.7132696839626,0.4,-0.21287688700532192,"0.4475299145299146,0.2252793209876543,0.2586824146981627,0.4,0.53,0.04403538954331085","0,0,0"
13.683333333333334,251,AV,1,0,0,37,4924.983441788647,0.1,-0.013683333333333334,"0.17287380952380957,0.11944122807017546,0.15337820512820513,0.1,0.37,0.3337988840200413","0,0,0"
30.933333333333334,138,AV,0,0,0,46,2123.4400354784907,0.2,-0.0653986712793187,"0.31786805555555553,0.17220531400966188,0.20264411027568918,0.2,0.46,0.14391965424939088","0,0,0"
14.066666666666666,47,AV,1,0,0,39,881.2906222289953,0.1,-0.014066666666666667,"0.21001216545012164,0.13179349593495934,0.16334322033898302,0.1,0.39,0.059730926951203904","0,0,0"
31.183333333333334,161,AV,1,0,0,68,2472.005569054355,0.6,-0.18710000000000002,"0.6451693548387096,0.29939416666666674,0.3268125,0.6,0.68,0.16754425877663323","0,0,0"
41.78333333333333,115,AV,0,0,0,50,1716.9764066453156,0.3,-0.12971814389002218,"0.39880514705882364,0.20190488656195463,0.2355877192982456,0.3,0.5,0.11637091072509281","0,0,0"
11.783333333333333,273,AV,1,0,0,35,6130.868263041086,0.1,-0.011783333333333333,"0.14685664335664336,0.11021711711711714,0.14515782828282828,0.1,0.35,0.4155297187220121","0,0,0"
13.766666666666667,193,AV,1,0,0,37,3048.604611013583,0.6,-0.0826,"0.17287380952380957,0.11944122807017546,0.15337820512820513,0.6,0.37,0.20662421082274918","0,0,0"
47.016666666666666,58,AV,0,0,0,52,948.3478854920526,0.1,-0.054925156910316665,"0.4360493333333334,0.21885841423948224,0.25483979328165374,0.1,0.52,0.064275843681831","0,0,0"
20.983333333333334,168,AV,1,0,0,49,2574.4307659940623,0.9,-0.18885000000000002,"0.3760247395833333,0.1935263157894737,0.22444014084507038,0.9,0.49,0.17448629560540893","0,0,0"
32.21666666666667,221,AV,1,0,0,70,3752.1132597063192,0.1,-0.03221666666666667,"0.6862027777777777,0.31133737864077665,0.3382325870646767,0.1,0.7,0.25430567099569895","0,0,0"
11.866666666666667,213,AV,0,0,0,28,3480.90175047103,0.9,-0.10895461410221795,"0.0765,0.08514621676891616,0.12013681592039802,0.9,0.28,0.23592386318128486","0,0,0"
24.416666666666668,135,AV,1,0,0,54,2078.9202215407213,0.1,-0.02441666666666667,"0.4759333333333333,0.23282959641255607,0.26249316939890704,0.1,0.54,0.1409022503565952","0,0,0"
18.983333333333334,7,AV,0,0,0,40,541.9839687696077,0.2,-0.0518047143436602,"0.21826566416040105,0.13533412698412697,0.16742735042735038,0.2,0.4,0.03673385831046451","0,0,0"
16.25,167,AV,2,0,0,35,2561.5826276178027,0.3,-0.04875,"0.14685664335664336,0.11021711711711714,0.14515782828282828,0.3,0.35,0.17361549181440716","0,0,0"
19.933333333333334,116,AV,1,0,0,48,1717.0377309640771,0.1,-0.019933333333333334,"0.352276,0.18403615520282188,0.21400114155251143,0.1,0.48,0.11637506708204463","0,0,0"
9.283333333333333,254,AV,1,0,0,25,5009.92015912814,0.1,-0.009283333333333334,"0.0707644110275689,0.08369423558897243,0.11897712418300653,0.1,0.25,0.33955561027005926","0,0,0"
25.1,27,AV,1,0,0,55,777.0630287344238,0.1,-0.0251,"0.5038227513227513,0.24296059113300494,0.2726335877862595,0.1,0.55,0.0526667297201271","0,0,0"
22.333333333333332,89,AV,0,0,0,41,1411.5824788559885,0.2,-0.049979852479286234,"0.22701946472019469,0.13936029411764703,0.17166386554621846,0.2,0.41,0.09567233305727592","0,0,0"
12.45,214,AV,2,0,0,26,3487.44186130441,0.6,-0.0747,"0.07176328502415458,0.08418794326241136,0.11962351190476189,0.6,0.26,0.2363671299908798","0,0,0"
23.783333333333335,191,AV,1,0,0,52,3017.17067826153,0.3,-0.07135,"0.4360493333333334,0.21885841423948224,0.25483979328165374,0.3,0.52,0.20449372413238467","0,0,0"
26.6,11,AV,1,0,0,56,595.9176043698985,0.2,-0.053200000000000004,"0.5200286885245902,0.24981105610561052,0.2785024509803921,0.2,0.56,0.04038929950885813","0,0,0"
36.28333333333333,242,AV,0,0,0,48,4617.971391102537,0.2,-0.07419075641621563,"0.352276,0.18403615520282188,0.21400114155251143,0.2,0.48,0.31299063540133953","0,0,0"
7.233333333333333,126,AV,1,0,0,12,1963.0347272178835,0.3,-0.0217,"0.0522,0.07552777777777778,0.1126904761904762,0.3,0.12,0.13304791964943946","0,0,0"
39.85,253,AV,0,0,0,49,4967.653125719208,0.7,-0.28045976725028765,"0.3760247395833333,0.1935263157894737,0.22444014084507038,0.7,0.49,0.33669089229699434","0,0,0"
29.533333333333335,0,AV,0,0,0,45,381.3218977270381,0.1,-0.04920175532720668,"0.3040365497076023,0.16729326923076923,0.1988309178743961,0.1,0.45,0.025844721189044764","0,0,0"
31.666666666666668,175,AV,2,0,0,59,2750.2432356670683,0.2,-0.06333333333333334,"0.5426606606606607,0.260677519379845,0.2907810945273631,0.2,0.59,0.18640227600763812","0,0,0"
22.75,262,AV,1,0,0,51,5502.789496653042,0.7,-0.15925,"0.42563076923076926,0.2141752136752137,0.2506333333333334,0.7,0.51,0.372960643358609","0,0,0"
33.13333333333333,97,AV,2,0,0,65,1496.328062426438,0.9,-0.29819999999999997,"0.6061461538461539,0.29004166666666664,0.3144384615384615,0.9,0.65,0.10141610490053102","0,0,0"
27.333333333333332,71,AV,2,0,0,53,1083.524948441525,0.1,-0.027333333333333334,"0.4475299145299146,0.2252793209876543,0.2586824146981627,0.1,0.53,0.0734376923034486","0,0,0"
26.516666666666666,46,AV,1,0,0,58,877.2934597877683,0.1,-0.026516666666666668,"0.532510840108401,0.25479733959311424,0.28296236559139787,0.1,0.58,0.0594600126673492","0,0,0"
10.083333333333334,56,AV,1,0,0,28,934.0011274976006,0.4,-0.04033333333333334,"0.0765,0.08514621676891616,0.12013681592039802,0.4,0.28,0.06330346847195324","0,0,0"
34.516666666666666,103,AV,2,0,0,79,1567.0706205360798,0.1,-0.03451666666666667,"0.710975641025641,0.32317574257425746,0.34862890625000004,0.1,0.79,0.10621079857388585","0,0,0"
29.216666666666665,130,AV,2,0,0,53,2015.5588757501516,0.9,-0.26294999999999996,"0.4475299145299146,0.2252793209876543,0.2586824146981627,0.9,0.53,0.1366078305347046","0,0,0"
9.066666666666666,91,AV,1,0,0,15,1434.2863071033526,0.8,-0.07253333333333332,"0.05491269841269841,0.07592105263157894,0.11195238095238094,0.8,0.15,0.09721112250124621","0,0,0"
54.2,95,AV,0,0,0,55,1474.807688008607,0.4,-0.22188540880345362,"0.5038227513227513,0.24296059113300494,0.2726335877862595,0.4,0.55,0.09995752599376488","0,0,0"
9.3,269,AV,1,0,0,23,5899.132481879994,0.4,-0.037200000000000004,"0.0639298245614035,0.0803372093023256,0.11793981481481483,0.4,0.23,0.3998234435530966","0,0,0"
15.566666666666666,165,AV,2,0,0,34,2538.843693606908,0.4,-0.06226666666666667,"0.13535802469135802,0.1049453125,0.14115538847117795,0.4,0.34,0.17207432301935321","0,0,0"
15.766666666666667,155,AV,1,0,0,42,2360.1328348572283,0.2,-0.03153333333333334,"0.2538360215053764,0.14882857142857142,0.18183597883597882,0.2,0.42,0.15996189951215023","0,0,0"
13.683333333333334,234,AV,1,0,0,38,4416.224882412617,0.1,-0.013683333333333334,"0.19881592039800997,0.12773333333333337,0.15941735537190083,0.1,0.38,0.29931693268708687","0,0,0"
29.55,100,AV,1,0,0,66,1546.5147326922538,0.8,-0.2364,"0.615717054263566,0.2935536585365853,0.31772089947089943,0.8,0.66,0.10481758933706083","0,0,0"
12.05,142,AV,1,0,0,35,2187.718469250836,0.4,-0.04820000000000001,"0.14685664335664336,0.11021711711711714,0.14515782828282828,0.4,0.35,0.14827623122337813","0,0,0"
36.016666666666666,256,AV,2,0,0,76,5354.15698790508,0.1,-0.03601666666666666,"0.7071162464985994,0.319957735247209,0.34558207070707075,0.1,0.76,0.36288682968277053","0,0,0"
31.65,226,AV,1,0,0,68,3866.930621896856,0.1,-0.031650000000000005,"0.6451693548387096,0.29939416666666674,0.3268125,0.1,0.68,0.26208760728407904","0,0,0"
29.783333333333335,117,AV,1,0,0,66,1723.69240549938,0.3,-0.08935,"0.615717054263566,0.2935536585365853,0.31772089947089943,0.3,0.66,0.11682609863568452","0,0,0"
29.05,222,AV,2,0,0,54,3773.692032315799,0.4,-0.1162,"0.4759333333333333,0.23282959641255607,0.26249316939890704,0.4,0.54,0.25576820793632077","0,0,0"
71.11666666666666,299,AV,0,0,0,69,14754.343640924068,0.6,-0.4272083248826601,"0.6688418803418804,0.30675,0.33464567901234565,0.6,0.69,1.0","0,0,0"
9.233333333333333,200,AV,1,0,0,17,3251.3322332141274,0.1,-0.009233333333333333,"0.057519774011299436,0.07754629629629632,0.11461805555555556,0.1,0.17,0.22036441012502375","0,0,0"
36.31666666666667,287,AV,0,0,0,48,8331.964781214912,0.2,-0.07353348116123935,"0.352276,0.18403615520282188,0.21400114155251143,0.2,0.48,0.5647126692985903","0,0,0"
32.96666666666667,28,AV,1,0,0,76,779.0639592631991,0.2,-0.06593333333333333,"0.7071162464985994,0.319957735247209,0.34558207070707075,0.2,0.76,0.05280234609029386","0,0,0"
74.68333333333334,237,AV,0,0,0,77,4505.18942297478,0.5,-0.3750814135387411,"0.7117513020833335,0.32235406301824215,0.3483562340966922,0.5,0.77,0.30534665130604344","0,0,0"
12.816666666666666,238,AV,1,0,0,35,4549.115907877681,0.3,-0.03844999999999999,"0.14685664335664336,0.11021711711711714,0.14515782828282828,0.3,0.35,0.30832384134390195","0,0,0"
53.71666666666667,66,AV,0,0,0,55,1005.9867386644172,0.4,-0.2223220333347773,"0.5038227513227513,0.24296059113300494,0.2726335877862595,0.4,0.55,0.06818241211856524","0,0,0"
57.4,82,AV,0,0,0,59,1260.3927948639828,0.4,-0.23555052592379297,"0.5426606606606607,0.260677519379845,0.2907810945273631,0.4,0.59,0.08542520260732141","0,0,0"
8.55,283,AV,0,0,0,24,7511.51421120444,0.1,-0.009548467125152041,"0.0669434523809524,0.08212222222222224,0.11851016260162602,0.1,0.24,0.509105277334722","0,0,0"
11.083333333333334,218,AV,1,0,0,32,3623.60917519969,0.1,-0.011083333333333334,"0.12600493827160492,0.10121351351351353,0.13661904761904764,0.1,0.32,0.24559609450527498","0,0,0"
