travel_time,id,kind,action,origin,destination,start_time,income,urgency,reward,observation,cost_table
16.35,291,AV,1,0,0,10,11861.36896338871,0.9,-7.272501845677703,"0.4175219298245614,0.30282729468599034,0.348,0.9,0.1,0.5860583346804944","0,0,0"
26.5,66,AV,1,0,0,37,1135.438045570021,0.1,-0.12537128419835647,"0.38246111111111103,0.270719362745098,0.30456666666666665,0.1,0.37,0.05610085414032447","0,0,0"
44.4,262,AV,1,0,0,92,5912.288420941998,0.1,-1.0937733578742697,"0.45901250000000005,0.2908415492957746,0.3264999999999999,0.1,0.92,0.2921202364434439","0,0,0"
18.95,39,AV,1,0,0,16,881.2906222289953,0.5,-0.3479261935674888,"0.389531746031746,0.2610948905109489,0.3393333333333334,0.5,0.16,0.04354368505248021","0,0,0"
28.783333333333335,264,AV,1,0,0,44,6130.868263041086,0.1,-0.7352784368244414,"0.36567741935483866,0.24920254629629623,0.33385714285714285,0.1,0.44,0.3029200470429381","0,0,0"
44.78333333333333,62,AV,0,0,0,80,1104.4445206976068,0.2,-10.412172559321455,"0.27584848484848484,0.2780962441314554,0.3313333333333334,0.2,0.8,0.05456949518600221","0,0,0"
22.283333333333335,281,AV,0,0,0,37,8475.089255911002,0.2,-11.573776990993473,"0.22764015151515152,0.2771386861313869,0.31216666666666665,0.2,0.37,0.41874565329841523","0,0,0"
37.78333333333333,162,AV,0,0,0,66,2538.843693606908,0.5,-11.998457865766271,"0.2868547008547008,0.2887185990338164,0.3395,0.5,0.66,0.12544171854715278","0,0,0"
22.0,19,AV,1,0,0,26,617.4453946714843,0.2,-0.11319832235643881,"0.3599458333333333,0.26944172494172497,0.3307777777777778,0.2,0.26,0.03050735719243069","0,0,0"
38.86666666666667,205,AV,1,0,0,75,3458.1247672483346,0.5,-2.800120471258026,"0.33039999999999997,0.3067883211678833,0.36361538461538456,0.5,0.75,0.17086247367116114","0,0,0"
42.833333333333336,175,AV,1,0,0,85,2815.231094880572,0.4,-2.009762198289742,"0.29690789473684215,0.26464734299516907,0.3260833333333334,0.4,0.85,0.1390977426213619","0,0,0"
44.733333333333334,101,AV,1,0,0,92,1592.6375082496468,0.4,-1.187399742261681,"0.4211095238095238,0.310693853427896,0.3912777777777778,0.4,0.92,0.0786906206792357","0,0,0"
41.06666666666667,49,AV,0,0,0,78,959.5289757906356,0.1,-10.164186069190842,"0.22849145299145296,0.2842676056338028,0.2848333333333333,0.1,0.78,0.04740936357053375","0,0,0"
24.65,24,AV,1,0,0,32,640.5426603936758,0.4,-0.26315627631173516,"0.45040990990990987,0.28056296296296296,0.35982051282051286,0.4,0.32,0.03164856990797825","0,0,0"
33.95,45,AV,1,0,0,60,912.6272274022258,0.9,-1.1618885388864588,"0.37101351351351347,0.29515258215962437,0.36548484848484847,0.9,0.6,0.04509199526010037","0,0,0"
39.65,108,AV,0,0,0,70,1649.648602545546,0.5,-11.36267848106106,"0.26881481481481484,0.2986702637889688,0.3215,0.5,0.7,0.08150748162374356","0,0,0"
37.2,289,AV,1,0,0,67,11515.391842589095,0.1,-1.78488573560131,"0.4133624999999999,0.2908394607843137,0.37337037037037035,0.1,0.67,0.5689639524149042","0,0,0"
14.433333333333334,278,AV,1,0,0,8,8139.327108000771,0.1,-0.4894900885783798,"0.45889215686274504,0.3026330845771144,0.34577777777777774,0.1,0.08,0.40215598259005225","0,0,0"
12.116666666666667,96,AV,1,0,0,1,1530.0661682302475,0.2,-0.15449418115324862,"0.39741228070175433,0.2845874125874126,0.3492037037037036,0.2,0.01,0.07559903357460358","0,0,0"
35.43333333333333,297,AV,1,0,0,67,17322.90883950548,0.3,-7.6726050401643,"0.34356746031746027,0.25785144927536224,0.3144333333333333,0.3,0.67,0.8559075379611304","0,0,0"
46.65,271,AV,1,0,0,93,7334.728577480919,0.4,-5.702751468991414,"0.4525416666666667,0.2820808457711443,0.35078125,0.4,0.93,0.3624015768095477","0,0,0"
17.833333333333332,127,AV,1,0,0,15,1888.2149669861096,0.1,-0.14030486213021787,"0.3226388888888889,0.28081592039801,0.32695833333333335,0.1,0.15,0.09329480623074009","0,0,0"
32.583333333333336,54,AV,0,0,0,58,1022.032321197676,0.1,-10.138755082495935,"0.2503902439024391,0.2872805164319248,0.32609523809523816,0.1,0.58,0.05049759112961852","0,0,0"
16.883333333333333,91,AV,1,0,0,11,1496.328062426438,0.2,-0.21052504544971967,"0.4019429824561404,0.2544320987654321,0.31886363636363635,0.2,0.11,0.07393206763132296","0,0,0"
23.166666666666668,158,AV,1,0,0,30,2496.2043409386315,0.1,-0.24095305791004848,"0.2991463414634146,0.27473870056497174,0.31307142857142856,0.1,0.3,0.12333495093088893","0,0,0"
13.15,157,AV,1,0,0,6,2486.38103050259,0.4,-0.5449318425184844,"0.31581578947368416,0.2678901515151515,0.3131333333333333,0.4,0.06,0.12284959102235175","0,0,0"
37.46666666666667,105,AV,1,0,0,68,1626.914224999384,0.1,-0.25397938734712605,"0.3427596899224807,0.24148429951690825,0.33154761904761904,0.1,0.68,0.0803841988487261","0,0,0"
35.31666666666667,152,AV,1,0,0,60,2398.572127464108,0.3,-1.0588696537700926,"0.4783968253968254,0.29851071428571424,0.3098571428571429,0.3,0.6,0.11851104126104732","0,0,0"
42.81666666666667,250,AV,1,0,0,89,5158.4050556257225,0.2,-1.8405475816531225,"0.34271929824561403,0.30990162037037033,0.33475,0.2,0.89,0.2548716160705086","0,0,0"
31.3,191,AV,1,0,0,53,3048.604611013583,0.3,-1.1927665540590644,"0.31972695035460996,0.27388848039215685,0.34459523809523807,0.3,0.53,0.15062849380578247","0,0,0"
32.6,27,AV,1,0,0,56,727.2326469992182,0.3,-0.2963473036521814,"0.5472055555555555,0.3043476190476191,0.3477777777777778,0.3,0.56,0.03593183513143892","0,0,0"
17.416666666666668,231,AV,1,0,0,12,4549.115907877681,0.4,-1.3205072565922715,"0.33274206349206353,0.3166082725060827,0.3248939393939394,0.4,0.12,0.22476725085176577","0,0,0"
5.283333333333333,202,AV,0,0,0,2,3387.2787239910285,0.6,-10.447403064793814,"0.2304349593495935,0.30446926713947986,0.30872916666666667,0.6,0.02,0.16736204178524355","0,0,0"
53.166666666666664,218,AV,0,0,0,91,3793.837230001502,0.2,-11.680880661625665,"0.2872325581395349,0.30219685990338163,0.337,0.2,0.91,0.18744968948578491","0,0,0"
7.066666666666666,130,AV,0,0,0,6,1927.298426803608,0.1,-10.056748231455884,"0.26121739130434785,0.2929610705596107,0.33628571428571424,0.1,0.06,0.09522588075045987","0,0,0"
37.266666666666666,171,AV,1,0,0,68,2767.495209174315,0.3,-1.2891915182737017,"0.4261325757575758,0.2982038369304556,0.3647380952380953,0.3,0.68,0.1367391604233156","0,0,0"
17.366666666666667,208,AV,1,0,0,12,3558.5090095449787,0.1,-0.2574976658295741,"0.3493611111111112,0.2778202099737533,0.33411111111111114,0.1,0.12,0.17582235832276605","0,0,0"
42.81666666666667,232,AV,1,0,0,84,4559.760277629775,0.5,-4.067369497649616,"0.638252380952381,0.33038285024154584,0.36608333333333326,0.5,0.84,0.2252931784769742","0,0,0"
40.233333333333334,156,AV,1,0,0,80,2478.182963693478,0.2,-0.8308796769938968,"0.5292675438596491,0.2925241730279899,0.32622222222222225,0.2,0.8,0.12244453277008954","0,0,0"
30.266666666666666,143,AV,1,0,0,51,2218.0502812558643,0.3,-0.8391623564084686,"0.40671904761904754,0.3020851063829787,0.33580952380952384,0.3,0.51,0.10959163803796217","0,0,0"
30.116666666666667,183,AV,1,0,0,50,2953.464044858564,0.4,-1.482474869183174,"0.514489898989899,0.2550208333333333,0.3334583333333333,0.4,0.5,0.1459276939290168","0,0,0"
45.68333333333333,132,AV,1,0,0,92,1945.516475481125,0.4,-1.481294627581601,"0.32026249999999995,0.28357471264367823,0.30923333333333336,0.4,0.92,0.09612601624932422","0,0,0"
14.8,26,AV,1,0,0,6,676.2529471816457,0.4,-0.16680906030480597,"0.40998148148148156,0.28990942028985506,0.3184074074074074,0.4,0.06,0.033412979334117666","0,0,0"
44.38333333333333,176,AV,1,0,0,90,2818.3733061874163,0.5,-2.6060167063809336,"0.31403333333333344,0.28929057017543863,0.3128095238095238,0.5,0.9,0.13925299612805134","0,0,0"
35.95,172,AV,1,0,0,67,2793.3389947689566,0.2,-0.8368378071828667,"0.3576477272727272,0.2679255319148936,0.3344,0.2,0.67,0.13801607592895285","0,0,0"
19.2,203,AV,1,0,0,15,3389.778327720714,0.3,-0.8135467986529714,"0.5150675675675676,0.31691362530413625,0.3787291666666667,0.3,0.15,0.1674855446965603","0,0,0"
38.65,20,AV,1,0,0,75,623.7253316558669,0.4,-0.40178306780832096,"0.35837500000000005,0.277001272264631,0.34422222222222215,0.4,0.75,0.03081764257536799","0,0,0"
42.63333333333333,190,AV,1,0,0,82,3046.5766145774583,0.3,-1.623571454185237,"0.336453125,0.3135949074074075,0.36674999999999996,0.3,0.82,0.15052829253746666","0,0,0"
12.1,46,AV,1,0,0,2,934.0011274976006,0.4,-0.18835689404534944,"0.4212612612612613,0.32018181818181823,0.35333333333333333,0.4,0.02,0.04614805820984811","0,0,0"
46.63333333333333,193,AV,0,0,0,81,3101.095365071405,0.1,-10.602560057740957,"0.2660476190476191,0.26669030732860516,0.315923076923077,0.1,0.81,0.15322200927639995","0,0,0"
46.766666666666666,283,AV,1,0,0,97,8795.495569618428,0.2,-3.427800078937404,"0.3657586206896552,0.306208888888889,0.34513636363636363,0.2,0.97,0.43457660765217343","0,0,0"
18.433333333333334,284,AV,1,0,0,16,8981.750106371177,0.5,-3.4492415339050426,"0.29980000000000007,0.28305779569892464,0.31048333333333333,0.5,0.16,0.4437792573608979","0,0,0"
23.7,181,AV,1,0,0,29,2909.8477340427667,0.1,-0.2873474637367232,"0.420625,0.3240614657210402,0.37890740740740747,0.1,0.29,0.1437726557913017","0,0,0"
28.85,209,AV,1,0,0,40,3628.2404526711953,0.2,-0.8722894754963667,"0.3887032520325204,0.2793102189781022,0.3234583333333334,0.2,0.4,0.1792677189349818","0,0,0"
37.65,274,AV,1,0,0,71,7572.106998522375,0.3,-3.5636228561795926,"0.4339264705882353,0.27518650793650795,0.358,0.3,0.71,0.37413020632558763","0,0,0"
42.666666666666664,38,AV,1,0,0,85,877.2934597877683,0.1,-0.15596328174004767,"0.3278125,0.30367654320987664,0.3918888888888889,0.1,0.85,0.04334618926839462","0,0,0"
28.383333333333333,121,AV,1,0,0,43,1824.367004680513,0.1,-0.21575673673409124,"0.4266565656565656,0.2810570469798658,0.372625,0.1,0.43,0.09014014250035135","0,0,0"
46.88333333333333,106,AV,1,0,0,99,1635.9686818612918,0.1,-0.31958193764415377,"0.3375142857142856,0.2631156716417911,0.32520833333333327,0.1,0.99,0.08083157047389894","0,0,0"
34.166666666666664,163,AV,1,0,0,59,2553.8725848963804,0.1,-0.36357213882205414,"0.4259166666666666,0.26928356481481486,0.31483333333333335,0.1,0.59,0.1261842809805775","0,0,0"
28.333333333333332,201,AV,1,0,0,40,3386.12741774329,0.7,-2.7982580743850796,"0.31607207207207205,0.28754778554778554,0.34700000000000003,0.7,0.4,0.16730515689916173","0,0,0"
40.05,239,AV,1,0,0,78,4662.282088415262,0.5,-3.8900916175214832,"0.2979615384615384,0.2828154761904762,0.34077083333333336,0.5,0.78,0.23035867824203715","0,0,0"
35.36666666666667,89,AV,1,0,0,61,1467.6871321740252,0.1,-0.21628000656064458,"0.39678095238095246,0.29116049382716047,0.3658666666666667,0.1,0.61,0.07251694801576773","0,0,0"
44.8,166,AV,0,0,0,79,2629.980017260476,0.1,-10.490929603221955,"0.26283695652173916,0.2916590330788804,0.3522179487179487,0.1,0.79,0.1299446728211638","0,0,0"
24.233333333333334,160,AV,1,0,0,32,2530.9644311939346,0.3,-0.7666713089491627,"0.43040243902439024,0.3398974358974359,0.35290277777777773,0.3,0.32,0.12505241210010515","0,0,0"
24.733333333333334,28,AV,1,0,0,32,753.7709081553346,0.7,-0.5437619579109456,"0.4634264705882354,0.3160241379310345,0.37339393939393944,0.7,0.32,0.03724306397749163","0,0,0"
32.56666666666667,196,AV,1,0,0,58,3257.3450634265246,0.5,-2.21001814372758,"0.3960611111111112,0.2719084967320262,0.3683611111111111,0.5,0.58,0.1609421500371313","0,0,0"
45.11666666666667,147,AV,1,0,0,97,2283.7291705859197,0.1,-0.4293093656094504,"0.3726045751633988,0.3344291338582676,0.39511111111111114,0.1,0.97,0.1128367660348439","0,0,0"
42.95,40,AV,1,0,0,90,892.1845339920479,0.7,-1.1176470006029553,"0.31802287581699346,0.3041751412429379,0.3240454545454546,0.7,0.9,0.044081942297973305","0,0,0"
25.85,220,AV,1,0,0,35,3898.759045987068,0.1,-0.4199288389115238,"0.3870252525252525,0.30980821917808227,0.3403571428571429,0.1,0.35,0.19263377109878843","0,0,0"
24.483333333333334,259,AV,2,0,0,3,5721.231751015957,0.5,-2.9182255007786257,"0.49710344827586206,0.322219806763285,0.31516666666666665,0.5,0.03,0.2826803181547486","0,0,0"
32.2,174,AV,1,0,0,58,2813.5576138103806,0.1,-0.3774856465195594,"0.48280729166666675,0.29508447488584477,0.31095833333333334,0.1,0.58,0.1390150576014335","0,0,0"
30.466666666666665,140,AV,1,0,0,50,2142.030696222753,0.2,-0.5438377934298878,"0.4290364583333334,0.29443532338308454,0.34738095238095235,0.2,0.5,0.10583558664582342","0,0,0"
42.45,69,AV,1,0,0,80,1150.4391077840953,0.1,-0.2034839171893119,"0.4067307692307693,0.28102947845804993,0.33466666666666667,0.1,0.8,0.056842041567067104","0,0,0"
55.016666666666666,92,AV,0,0,0,96,1509.578116022191,0.1,-10.346049816735365,"0.2931413043478261,0.33920026881720433,0.36331666666666673,0.1,0.96,0.07458673947980204","0,0,0"
16.066666666666666,8,AV,1,0,0,9,542.8991684878858,0.7,-0.25440858256640647,"0.342343137254902,0.3220833333333333,0.35488888888888886,0.7,0.09,0.02682410298216846","0,0,0"
30.766666666666666,53,AV,1,0,0,50,1017.530975349866,0.4,-0.521767272359959,"0.5020857142857144,0.3544750566893423,0.3959166666666667,0.4,0.5,0.050275184149485695","0,0,0"
22.633333333333333,169,AV,1,0,0,22,2754.938443140308,0.3,-0.7794180012051123,"0.47258333333333336,0.32691777777777775,0.3341666666666667,0.3,0.22,0.13611874321737782","0,0,0"
42.0,256,AV,1,0,0,83,5502.789496653042,0.2,-1.925976323828565,"0.4333157894736842,0.32623972602739726,0.34355555555555556,0.2,0.83,0.27188730562719554","0,0,0"
23.25,4,AV,1,0,0,28,506.5869000089976,0.6,-0.2944536356302299,"0.30313008130081304,0.2959643765903308,0.3281833333333333,0.6,0.28,0.025029950244917432","0,0,0"
34.2,36,AV,1,0,0,60,859.2772315809713,0.4,-0.4897880220011536,"0.5252649572649573,0.3146641791044776,0.38689999999999997,0.4,0.6,0.042456025516412095","0,0,0"
34.31666666666667,206,AV,1,0,0,61,3523.1638559153366,0.1,-0.503763498564561,"0.48977350427350436,0.29502554744525555,0.3679583333333333,0.1,0.61,0.1740759897594787","0,0,0"
15.516666666666667,184,AV,1,0,0,9,2965.4163440895786,0.1,-0.19172240391301373,"0.3438921568627451,0.2881837899543379,0.34581666666666666,0.1,0.09,0.14651824503694982","0,0,0"
19.0,215,AV,1,0,0,16,3758.845856207275,0.2,-0.5951505938994853,"0.3275810810810811,0.2803380281690141,0.32375925925925925,0.2,0.16,0.18572080082906037","0,0,0"
30.8,261,AV,1,0,0,53,5899.132481879994,0.3,-2.2711660055237974,"0.3218130081300813,0.30850563063063063,0.37,0.3,0.53,0.29147021469961026","0,0,0"
13.633333333333333,199,AV,1,0,0,6,3366.895459871004,0.2,-0.38251673419090015,"0.43743981481481486,0.3229358024691357,0.35339999999999994,0.2,0.06,0.16635492516469105","0,0,0"
22.45,214,AV,0,0,0,36,3752.1132597063192,0.3,-11.052936783505086,"0.26806349206349206,0.29799502487562185,0.3282777777777778,0.3,0.36,0.1853881499937643","0,0,0"
33.2,79,AV,1,0,0,59,1317.647826688136,0.1,-0.18227461602519215,"0.4541225490196079,0.3129417808219178,0.331,0.1,0.59,0.06510365653304864","0,0,0"
24.283333333333335,86,AV,1,0,0,32,1411.5824788559885,0.5,-0.7141234971156859,"0.3486666666666667,0.32774657534246576,0.4055833333333333,0.5,0.32,0.06974487341013964","0,0,0"
43.11666666666667,31,AV,0,0,0,77,793.0252767736928,0.4,-10.56987677528154,"0.30192682926829273,0.3031716791979949,0.37168333333333337,0.4,0.77,0.0391825829295129","0,0,0"
17.666666666666668,275,AV,1,0,0,14,7612.519032757181,0.3,-1.6810979530672108,"0.3398148148148148,0.28950675675675674,0.352375,0.3,0.14,0.3761269243737155","0,0,0"
49.8,6,AV,0,0,0,88,522.440884226393,0.1,-10.108406483476976,"0.26400340136054423,0.29039694656488546,0.29625,0.1,0.88,0.02581327969172718","0,0,0"
13.95,136,AV,0,0,0,19,2113.1349678504243,0.1,-10.122825970006305,"0.2436351351351351,0.28707435897435896,0.3325208333333333,0.1,0.19,0.10440787771091574","0,0,0"
8.616666666666667,110,AV,0,0,0,10,1664.0464513081895,0.9,-10.53769500957896,"0.268421568627451,0.28846555555555564,0.3075,0.9,0.1,0.08221886487932402","0,0,0"
29.3,95,AV,1,0,0,48,1528.3774584247917,0.2,-0.3731788294320533,"0.45013247863247857,0.328316091954023,0.3851666666666666,0.2,0.48,0.07551559611815158","0,0,0"
26.816666666666666,149,AV,1,0,0,37,2329.0008356791827,0.5,-1.301167480766599,"0.35863333333333336,0.29276086956521735,0.34451388888888895,0.5,0.37,0.1150735935658535","0,0,0"
24.816666666666666,41,AV,1,0,0,32,898.3728471886773,0.1,-0.09289424787944031,"0.42039912280701763,0.320052757793765,0.3525,0.1,0.32,0.044387700641524724","0,0,0"
28.866666666666667,61,AV,1,0,0,45,1100.389953660579,0.1,-0.13235245831528633,"0.3292905982905983,0.26205050505050503,0.2937272727272727,0.1,0.45,0.05436916309845774","0,0,0"
35.7,286,AV,2,0,0,39,9280.176126726552,0.2,-2.7608523977011497,"0.3203115942028985,0.3010612745098039,0.2911458333333334,0.2,0.39,0.4585241874827607","0,0,0"
28.766666666666666,227,AV,1,0,0,48,4237.057085974603,0.3,-1.5235751104983677,"0.27019767441860476,0.24295555555555556,0.32587499999999997,0.3,0.48,0.20934873768929974","0,0,0"
39.68333333333333,100,AV,1,0,0,76,1587.6148581174584,0.1,-0.2625077067484492,"0.3671428571428571,0.2648892617449664,0.3161333333333333,0.1,0.76,0.07844245657766878","0,0,0"
27.5,165,AV,0,0,0,48,2612.3907844155665,0.2,-10.598672888095233,"0.23345454545454541,0.25368992248062017,0.29668333333333335,0.2,0.48,0.12907560648141725","0,0,0"
25.716666666666665,113,AV,1,0,0,33,1703.2333497257905,1.0,-1.825061846268677,"0.31858333333333333,0.2817395833333334,0.32976666666666665,1.0,0.33,0.08415505019644881","0,0,0"
20.583333333333332,224,AV,0,0,0,34,3958.913906791885,0.9,-13.055786671804986,"0.2941124031007752,0.29967179487179485,0.3464629629629629,0.9,0.34,0.19560596239095915","0,0,0"
30.683333333333334,229,AV,2,0,0,25,4412.688598555705,0.3,-1.6924499395710528,"0.3685454545454547,0.32316893424036286,0.28951666666666664,0.3,0.25,0.21802651443652019","0,0,0"
20.366666666666667,21,AV,1,0,0,24,627.4062491148882,0.2,-0.10648478283588797,"0.47328205128205136,0.3204421768707483,0.39176190476190476,0.2,0.24,0.0309995130123124","0,0,0"
34.833333333333336,125,AV,1,0,0,63,1848.7234685638712,0.2,-0.5366433401803461,"0.2844047619047619,0.27995923261390887,0.31031481481481477,0.2,0.63,0.09134357093312716","0,0,0"
35.266666666666666,292,AV,1,0,0,64,12726.503958899895,0.1,-1.870089053960568,"0.4900487804878049,0.3066511904761905,0.36992592592592594,0.1,0.64,0.6288037864329918","0,0,0"
40.03333333333333,60,AV,1,0,0,79,1089.3140785512585,0.6,-1.0902218402833843,"0.3352304964539008,0.32546240601503756,0.3488333333333334,0.6,0.79,0.05382191522667051","0,0,0"
19.883333333333333,98,AV,1,0,0,21,1552.9853059451273,0.6,-0.7719631124968903,"0.4749605263157895,0.3042550505050505,0.3428833333333333,0.6,0.21,0.07673144516410514","0,0,0"
44.36666666666667,253,AV,1,0,0,89,5427.330032863625,0.2,-2.0066045204837457,"0.44447826086956516,0.33141469816272967,0.35321212121212126,0.2,0.89,0.26815892926348833","0,0,0"
53.45,13,AV,0,0,0,94,597.1498506777683,0.8,-11.063921983957558,"0.28075000000000006,0.2891733333333333,0.3346309523809524,0.8,0.94,0.029504574735270385","0,0,0"
20.533333333333335,146,AV,1,0,0,24,2280.385817754286,0.6,-1.1705980531138669,"0.4350688405797101,0.3263709273182957,0.36736363636363634,0.6,0.24,0.1126715743273096","0,0,0"
16.033333333333335,118,AV,1,0,0,12,1797.659883656486,0.3,-0.3602810016828208,"0.5920049019607844,0.29876618705035973,0.3474285714285714,0.3,0.12,0.08882057045771759","0,0,0"
31.65,161,AV,1,0,0,53,2533.2754137277425,0.2,-0.6681513903706922,"0.2969754901960784,0.25733908045977016,0.3248181818181819,0.2,0.53,0.12516659542746134","0,0,0"
29.1,15,AV,1,0,0,46,601.3137559373858,0.4,-0.2916371716296322,"0.3337642276422764,0.30195920745920746,0.34950000000000003,0.4,0.46,0.029710309114645228","0,0,0"
14.666666666666666,43,AV,1,0,0,6,904.859336063587,0.4,-0.22118783770443237,"0.342440170940171,0.29726019184652275,0.36602380952380953,0.4,0.06,0.044708191546047354","0,0,0"
30.516666666666666,242,AV,1,0,0,53,4717.175795221327,0.3,-1.7994060168854684,"0.2881666666666667,0.28345525727069354,0.29243749999999996,0.3,0.53,0.23307092119599135","0,0,0"
21.05,228,AV,1,0,0,25,4245.708624069837,0.3,-1.117152081708376,"0.46263333333333334,0.33873958333333326,0.35255000000000003,0.3,0.25,0.20977620150263931","0,0,0"
38.233333333333334,216,AV,1,0,0,72,3773.073658575576,0.2,-1.2021431906628297,"0.41602604166666657,0.29620634920634914,0.3584242424242424,0.2,0.72,0.1864237822629797","0,0,0"
24.066666666666666,296,AV,2,0,0,17,15725.918848752755,0.1,-1.576960195666596,"0.3223114035087719,0.30863218390804603,0.3086190476190476,0.1,0.17,0.7770018654902042","0,0,0"
34.233333333333334,37,AV,0,0,0,58,863.3540159882258,0.1,-10.12314785755832,"0.2727692307692308,0.3027194244604316,0.3589166666666667,0.1,0.58,0.04265745534191888","0,0,0"
7.233333333333333,135,AV,0,0,0,3,2088.64210540395,0.1,-10.062949352343425,"0.27631818181818185,0.2998248175182482,0.3527407407407408,0.1,0.03,0.10319770996204586","0,0,0"
15.416666666666666,273,AV,0,0,0,24,7511.51421120444,0.7,-13.37757323038533,"0.20306589147286822,0.24703571428571433,0.2985,0.7,0.24,0.3711363775239707","0,0,0"
32.6,276,AV,1,0,0,59,7958.958807233507,0.5,-5.4054595232460905,"0.2825068027210884,0.2638123123123123,0.32590476190476186,0.5,0.59,0.3932441658930853","0,0,0"
12.25,124,AV,0,0,0,15,1838.9541098615327,0.1,-10.09386328269085,"0.2380079365079365,0.2990944055944056,0.3985,0.1,0.15,0.09086087672559844","0,0,0"
46.15,234,AV,1,0,0,92,4577.590037133467,0.6,-5.281394505342737,"0.4327916666666667,0.2732610294117647,0.3488541666666667,0.6,0.92,0.2261741289975035","0,0,0"
41.68333333333333,76,AV,1,0,0,82,1279.3396024785957,0.4,-0.8887856516108242,"0.3564148936170212,0.28486434108527126,0.3479166666666667,0.4,0.82,0.06321088562657848","0,0,0"
45.38333333333333,279,AV,1,0,0,94,8331.964781214912,1.0,-15.755513957811255,"0.3497878787878788,0.3327832080200501,0.379,1.0,0.94,0.4116740166642871","0,0,0"
18.233333333333334,295,AV,1,0,0,15,14754.343640924068,0.3,-3.362760821493944,"0.3998697916666667,0.28628603603603603,0.37701666666666667,0.3,0.15,0.7289973096860264","0,0,0"
24.15,59,AV,0,0,0,37,1083.524948441525,0.3,-10.327089093810786,"0.21533823529411764,0.2378981481481482,0.28279166666666666,0.3,0.37,0.053535880118764236","0,0,0"
21.866666666666667,290,AV,1,0,0,27,11662.42845360034,0.3,-3.187730443984093,"0.38509595959595955,0.2946834532374101,0.3484583333333333,0.3,0.27,0.5762288837775733","0,0,0"
13.716666666666667,83,AV,0,0,0,24,1365.417472605012,0.5,-10.390187006928446,"0.2639401709401709,0.30023640661938533,0.3208499999999999,0.5,0.24,0.06746390678921493","0,0,0"
32.18333333333333,268,AV,1,0,0,55,7081.334819999852,0.3,-2.84876198696244,"0.29837878787878785,0.25430455635491606,0.3051666666666667,0.3,0.55,0.34988164559535495","0,0,0"
18.833333333333332,270,AV,1,0,0,15,7130.271245067938,0.1,-0.5595282296476923,"0.48593693693693696,0.28443355855855856,0.3269666666666666,0.1,0.15,0.3522995452382328","0,0,0"
41.71666666666667,88,AV,1,0,0,82,1447.5744631551047,0.4,-1.006466355910341,"0.3541063829787234,0.3228584656084656,0.33521428571428563,0.4,0.82,0.07152320122755207","0,0,0"
34.53333333333333,221,AV,2,0,0,56,3919.41152379869,0.4,-2.255839077030801,"0.36309583333333334,0.31137248322147654,0.28583333333333333,0.4,0.56,0.1936541892976206","0,0,0"
27.25,16,AV,1,0,0,39,610.4868582393152,0.1,-0.06931569536258893,"0.44490990990990986,0.30376359338061465,0.4084999999999999,0.1,0.39,0.03016354289191967","0,0,0"
24.116666666666667,226,AV,0,0,0,37,4135.471393234625,0.1,-10.415557437917396,"0.23358974358974355,0.2577887323943662,0.34094444444444444,0.1,0.37,0.20432949057724065","0,0,0"
41.0,189,AV,1,0,0,80,3032.1279287666234,0.1,-0.5179885211642982,"0.38300537634408605,0.2681522222222222,0.282375,0.1,0.8,0.14981439747436257","0,0,0"
15.333333333333334,51,AV,0,0,0,28,985.8695826897422,0.1,-10.0629861122274,"0.281982905982906,0.3052960372960373,0.3249583333333333,0.1,0.28,0.04871082651814225","0,0,0"
51.333333333333336,280,AV,0,0,0,92,8436.938288223368,0.4,-17.21826942436888,"0.2147441860465116,0.25161642156862746,0.324,0.4,0.92,0.4168606522788469","0,0,0"
35.11666666666667,198,AV,2,0,0,45,3269.866339895674,0.1,-0.47844502626112406,"0.3334390243902439,0.30971446078431375,0.3005555555555556,0.1,0.45,0.161560813739292","0,0,0"
39.516666666666666,299,AV,0,0,0,68,20239.22920549412,0.1,-13.332445308765735,"0.2244770114942529,0.28048888888888895,0.32015151515151513,0.1,0.68,1.0","0,0,0"
13.066666666666666,200,AV,1,0,0,3,3368.9508766880413,1.0,-1.8342065884190446,"0.2847649572649573,0.25688725490196074,0.3003125,1.0,0.03,0.16645648124650464","0,0,0"
30.483333333333334,77,AV,1,0,0,52,1282.6858023855964,0.3,-0.4887567359506783,"0.3372558139534883,0.30890754257907543,0.3696666666666667,0.3,0.52,0.06337621800524892","0,0,0"
32.11666666666667,144,AV,1,0,0,56,2255.9253983027734,0.4,-1.2075467340359567,"0.39087984496124023,0.2911192214111923,0.3218666666666667,0.4,0.56,0.11146300955425625","0,0,0"
20.083333333333332,245,AV,1,0,0,22,4925.450001742355,0.2,-0.8243287850138247,"0.3424739583333333,0.3112888127853881,0.35554166666666676,0.2,0.22,0.24336154068581314","0,0,0"
29.05,58,AV,0,0,0,52,1074.3823512953045,0.3,-10.390135091314107,"0.2517420634920635,0.28327099236641223,0.32711904761904764,0.3,0.52,0.05308415357061393","0,0,0"
46.983333333333334,107,AV,1,0,0,100,1639.6236094811811,0.1,-0.3209790941060729,"0.30032432432432427,0.2922214285714286,0.32775,0.1,1.0,0.08101215677897904","0,0,0"
37.166666666666664,244,AV,1,0,0,69,4889.272753955773,0.3,-2.2714746336086193,"0.3348802083333333,0.2892006802721088,0.32853030303030295,0.3,0.69,0.24157405918544247","0,0,0"
10.216666666666667,194,AV,0,0,0,13,3132.463358685509,0.1,-10.13334722492182,"0.29238405797101447,0.2975989974937343,0.30016666666666664,0.1,0.13,0.15477187035537765","0,0,0"
19.1,139,AV,1,0,0,22,2139.4702648744856,0.3,-0.5107985257387834,"0.2987549019607843,0.24865625000000002,0.32733333333333337,0.3,0.22,0.10570907830292801","0,0,0"
41.166666666666664,267,AV,0,0,0,72,6918.069898529506,0.9,-20.679770405854924,"0.20245299145299145,0.24500254452926207,0.3365714285714286,0.9,0.72,0.34181488970200175","0,0,0"
18.716666666666665,230,AV,1,0,0,19,4549.070920567666,0.1,-0.3547643502637145,"0.3947533333333333,0.3091543209876543,0.41200000000000003,0.1,0.19,0.22476502807393375","0,0,0"
36.21666666666667,117,AV,0,0,0,64,1794.439334206041,0.3,-10.812357640256193,"0.23785925925925924,0.2624949109414758,0.3033571428571429,0.3,0.64,0.08866144634198442","0,0,0"
38.88333333333333,148,AV,1,0,0,76,2294.767722006211,0.4,-1.4871369709556919,"0.3189318181818182,0.2863995098039216,0.33268749999999997,0.4,0.76,0.11338216978061968","0,0,0"
26.983333333333334,277,AV,1,0,0,39,8028.27043643778,0.1,-0.9026229053189422,"0.3390787037037037,0.29673880597014923,0.34365,0.1,0.39,0.39666878392080435","0,0,0"
19.0,272,AV,0,0,0,32,7336.658338656486,0.1,-10.580818785143638,"0.2875808080808081,0.30878275862068966,0.32585416666666667,0.1,0.32,0.3624969243722426","0,0,0"
41.13333333333333,112,AV,1,0,0,80,1691.6338586686718,0.4,-1.1597089897761894,"0.4857592592592592,0.33171980676328494,0.41254761904761905,0.4,0.8,0.08358193098625824","0,0,0"
25.55,213,AV,1,0,0,36,3729.3449139509553,0.3,-1.1910595318930863,"0.4174509803921569,0.29335446009389676,0.3665277777777778,0.3,0.36,0.1842631888836256","0,0,0"
29.15,78,AV,1,0,0,49,1294.2551843223837,0.1,-0.15719807759582283,"0.35890243902439034,0.24507449494949493,0.31189999999999996,0.1,0.49,0.06394784955402583","0,0,0"
38.61666666666667,254,AV,1,0,0,72,5458.612723313221,0.4,-3.5132237999768705,"0.45110360360360374,0.3078464285714286,0.3807000000000001,0.4,0.72,0.2697045755987304","0,0,0"
27.183333333333334,57,AV,1,0,0,42,1062.4074567339185,0.3,-0.3609972004027127,"0.4459215686274509,0.3109213615023474,0.3675833333333333,0.3,0.42,0.052492486050087245","0,0,0"
58.7,237,AV,0,0,0,99,4645.51881630073,0.1,-11.136216477153553,"0.28042592592592597,0.2836654501216545,0.32552777777777775,0.1,0.99,0.2295304217929239","0,0,0"
46.65,211,AV,1,0,0,97,3651.018124108644,0.4,-2.83866659149447,"0.3573297101449275,0.2464094202898551,0.3089722222222222,0.4,0.97,0.18039314081771168","0,0,0"
15.3,116,AV,1,0,0,9,1783.933402668827,0.1,-0.11372575442013774,"0.34629457364341076,0.32353672316384174,0.3438333333333333,0.1,0.09,0.08814235881001646","0,0,0"
39.0,269,AV,1,0,0,74,7099.697064525982,0.1,-1.1537007729854722,"0.35432017543859634,0.2893183908045977,0.29035714285714287,0.1,0.74,0.3507889056663633","0,0,0"
34.35,263,AV,0,0,0,60,5984.209260784091,0.4,-13.425959801798893,"0.3204484126984126,0.3231654676258993,0.4034814814814815,0.4,0.6,0.2956737729497932","0,0,0"
13.15,10,AV,1,0,0,4,567.9518330451218,0.2,-0.06223805503786128,"0.2962096774193548,0.28424516129032257,0.28525,0.2,0.04,0.028061929991431995","0,0,0"
30.416666666666668,129,AV,1,0,0,48,1922.439846447592,0.1,-0.24364254998380946,"0.3854047619047619,0.31707160493827163,0.38525,0.1,0.48,0.09498582317184927","0,0,0"
30.983333333333334,235,AV,0,0,0,54,4617.1597275219765,0.4,-12.384249981517598,"0.26455092592592594,0.29159440559440564,0.27829166666666666,0.4,0.54,0.22812922768168498","0,0,0"
30.25,52,AV,1,0,0,51,1014.5614647146556,0.5,-0.6393850897420486,"0.4483888888888889,0.30061502347417846,0.33946296296296297,0.5,0.51,0.05012846360963409","0,0,0"
26.383333333333333,126,AV,1,0,0,36,1862.7228332236152,0.3,-0.6143104677068714,"0.47832520325203265,0.2926079812206573,0.36489999999999995,0.3,0.36,0.09203526548916015","0,0,0"
23.9,18,AV,1,0,0,30,616.3739675020589,0.7,-0.4296640198462268,"0.3700912698412698,0.31879166666666664,0.34102777777777776,0.7,0.3,0.030454419051430016","0,0,0"
27.016666666666666,179,AV,1,0,0,38,2872.269398564857,0.3,-0.9699893114736735,"0.3460735294117647,0.28498717948717944,0.3241153846153846,0.3,0.38,0.1419159479544386","0,0,0"
17.083333333333332,192,AV,1,0,0,11,3064.640983136323,0.1,-0.21814284775796744,"0.3344054054054053,0.28548737373737376,0.32475000000000004,0.1,0.11,0.1514208348559242","0,0,0"
55.06666666666667,68,AV,0,0,0,96,1141.5133047894662,0.1,-10.261913886043361,"0.18586249999999999,0.24741841491841496,0.29974999999999996,0.1,0.96,0.0564010266003407","0,0,0"
44.46666666666667,85,AV,1,0,0,91,1405.7852601227096,0.5,-1.3023038451414548,"0.3684105691056911,0.31586172839506177,0.33938095238095245,0.5,0.91,0.0694584386514629","0,0,0"
43.016666666666666,145,AV,1,0,0,89,2276.662146114732,0.2,-0.8161201387669617,"0.48425581395348843,0.34364539007092193,0.3778055555555555,0.2,0.89,0.1124875914492194","0,0,0"
24.183333333333334,120,AV,1,0,0,31,1823.811293294481,0.1,-0.18377431851182582,"0.4091041666666667,0.3244928057553957,0.36246969696969694,0.1,0.31,0.09011268535856054","0,0,0"
22.283333333333335,255,AV,1,0,0,26,5480.041794665195,0.9,-4.579259924667104,"0.44356578947368425,0.29850250626566416,0.33902777777777776,0.9,0.26,0.27076336450488875","0,0,0"
47.68333333333333,111,AV,1,0,0,97,1682.490559712908,0.7,-2.3399471138451666,"0.5411269841269841,0.30757283950617287,0.33961538461538465,0.7,0.97,0.08313016976240285","0,0,0"
13.4,35,AV,1,0,0,2,857.6590975250949,0.6,-0.2873157976709068,"0.319816091954023,0.2600871459694989,0.32258333333333333,0.6,0.02,0.04237607513690668","0,0,0"
10.45,265,AV,0,0,0,14,6248.181898567973,0.3,-10.81616876050044,"0.25401562499999997,0.30058033573141485,0.33012962962962966,0.3,0.14,0.3087163960212402","0,0,0"
25.683333333333334,186,AV,1,0,0,32,2969.8754393798326,0.5,-1.5890896014181675,"0.37684615384615383,0.3232132034632035,0.3375,0.5,0.32,0.1467385644594426","0,0,0"
19.316666666666666,123,AV,1,0,0,20,1832.3133019091129,0.5,-0.7373788600391186,"0.3809,0.279362676056338,0.40775000000000006,0.5,0.2,0.09053276107035316","0,0,0"
22.2,266,AV,1,0,0,25,6434.117121135291,0.1,-0.5951558337050145,"0.4432564102564103,0.31584037558685446,0.3809814814814815,0.1,0.25,0.3179032687365728","0,0,0"
19.016666666666666,164,AV,1,0,0,14,2580.565825479665,0.5,-1.0223700023862143,"0.27305,0.27196361502347416,0.2906458333333333,0.5,0.14,0.12750316720456661","0,0,0"
47.583333333333336,287,AV,1,0,0,100,9884.322174397852,0.9,-17.63733737994117,"0.398063829787234,0.3091888888888889,0.35875,0.9,1.0,0.48837443728907737","0,0,0"
17.733333333333334,63,AV,1,0,0,13,1111.987968807459,0.1,-0.08216355547299559,"0.3541481481481481,0.2511402298850574,0.3043518518518518,0.1,0.13,0.05494220938540485","0,0,0"
44.6,298,AV,1,0,0,88,17693.100214811147,0.3,-9.863903369757216,"0.2884561403508772,0.26445588235294115,0.2888333333333333,0.3,0.88,0.874198322236906","0,0,0"
44.71666666666667,97,AV,2,0,0,97,1538.317647081207,1.0,-2.8661848938325547,"0.36440322580645157,0.31523474178403754,0.2905,1.0,0.97,0.07600673086224138","0,0,0"
20.816666666666666,138,AV,1,0,0,23,2131.3254046090938,0.3,-0.5545886313243246,"0.34413793103448276,0.32665562913907287,0.38879629629629625,0.3,0.23,0.10530664893258515","0,0,0"
16.0,11,AV,1,0,0,10,571.0932451196882,0.4,-0.15229153203191684,"0.338,0.31709903381642507,0.35458333333333336,0.4,0.1,0.028217144008856807","0,0,0"
22.516666666666666,84,AV,1,0,0,28,1386.7650627050614,0.1,-0.13010552775795403,"0.46665891472868215,0.28001190476190474,0.35964285714285715,0.1,0.28,0.0685186697885022","0,0,0"
56.766666666666666,241,AV,0,0,0,96,4689.4303597647895,0.5,-15.545902710194053,"0.2604861111111111,0.28508508158508156,0.34259090909090906,0.5,0.96,0.2317000470794511","0,0,0"
28.8,170,AV,1,0,0,48,2756.9260540590044,0.6,-1.9849867589224832,"0.32943902439024386,0.2853206106870229,0.2999583333333334,0.6,0.48,0.1362169490778143","0,0,0"
24.216666666666665,240,AV,1,0,0,31,4669.869929992837,0.1,-0.47120284779719385,"0.4747761904761905,0.35220437956204387,0.3945625,0.1,0.31,0.23073358587812023","0,0,0"
27.066666666666666,73,AV,1,0,0,38,1240.6560786390864,0.5,-0.6995921776770404,"0.37858139534883717,0.28289975845410625,0.35491666666666666,0.5,0.38,0.06129957154209703","0,0,0"
18.966666666666665,159,AV,0,0,0,31,2497.1975937909187,0.1,-10.19734797650931,"0.280875,0.3073651960784313,0.34229166666666666,0.1,0.31,0.12338402655734695","0,0,0"
48.083333333333336,56,AV,0,0,0,84,1059.8377785859489,0.1,-10.212335554945865,"0.26498290598290597,0.26786419753086427,0.3602619047619048,0.1,0.84,0.052365520832099985","0,0,0"
44.55,293,AV,1,0,0,91,14297.77376075636,0.8,-21.232194034723193,"0.4888901515151515,0.3382826086956522,0.3496458333333333,0.8,0.91,0.7064386501870882","0,0,0"
46.63333333333333,104,AV,1,0,0,100,1614.9573615816892,0.4,-1.2551807493626572,"0.30897368421052634,0.2729471264367816,0.30652380952380953,0.4,1.0,0.0797934222289105","0,0,0"
43.93333333333333,7,AV,1,0,0,85,539.5213747330826,0.2,-0.19752476997172297,"0.3100761904761905,0.3080987654320988,0.3400416666666667,0.2,0.85,0.026657209583190285","0,0,0"
29.266666666666666,50,AV,0,0,0,52,985.0802174553831,0.4,-10.480500239403236,"0.26188888888888884,0.2902891414141415,0.31445833333333334,0.4,0.52,0.04867182477423469","0,0,0"
35.35,243,AV,1,0,0,63,4754.245589533712,0.1,-0.7002607566250697,"0.3575185185185185,0.27609774436090223,0.2778333333333333,0.1,0.63,0.234902502524312","0,0,0"
44.45,288,AV,1,0,0,94,10450.70686878338,0.1,-1.9355580013225886,"0.353642361111111,0.3041854636591479,0.36875,0.1,0.94,0.5163589365323479","0,0,0"
22.616666666666667,48,AV,1,0,0,26,954.0002559944874,0.2,-0.17980254824784994,"0.3333475177304965,0.3009392764857881,0.3349166666666667,0.2,0.26,0.04713619507483592","0,0,0"
17.65,9,AV,1,0,0,13,566.7055292848979,0.9,-0.3750882221954418,"0.550191056910569,0.283468085106383,0.2992708333333334,0.9,0.13,0.02800035137361163","0,0,0"
27.533333333333335,81,AV,1,0,0,40,1342.087988935639,0.1,-0.15396731650844975,"0.268875,0.2439132882882883,0.3147222222222222,0.1,0.4,0.06631122041798494","0,0,0"
12.166666666666666,142,AV,0,0,0,18,2215.952556227922,0.1,-10.112336483753221,"0.2826581196581197,0.3059618055555555,0.31942857142857145,0.1,0.18,0.10948799154991444","0,0,0"
13.15,197,AV,1,0,0,0,3257.969850357721,0.5,-0.8925479902542507,"0.4565585585585585,0.3101789215686275,0.36304999999999993,0.5,0.0,0.1609730201322744","0,0,0"
22.783333333333335,257,AV,1,0,0,28,5578.433439706214,0.1,-0.5295637855609997,"0.44815646258503394,0.3411106666666667,0.3722333333333334,0.1,0.28,0.2756247969261546","0,0,0"
30.083333333333332,222,AV,1,0,0,48,3933.772930850901,0.3,-1.4792625292053907,"0.5399629629629631,0.2512549019607843,0.28112500000000007,0.3,0.48,0.19436377200486682","0,0,0"
56.516666666666666,204,AV,0,0,0,100,3414.9419898187493,0.5,-14.020857044262286,"0.26581140350877197,0.27277098321342924,0.3508333333333333,0.5,1.0,0.16872885598290138","0,0,0"
35.38333333333333,25,AV,1,0,0,65,670.158540600369,0.1,-0.09880184595101274,"0.36531981981981987,0.3011498881431767,0.32699999999999996,0.1,0.65,0.033111860822172434","0,0,0"
39.983333333333334,219,AV,1,0,0,79,3824.993837156676,0.3,-1.9117000448622634,"0.30424019607843134,0.27178282828282824,0.28254761904761905,0.3,0.79,0.18898910617200515","0,0,0"
25.85,30,AV,1,0,0,36,783.6834518391023,0.1,-0.08440923845850332,"0.32476960784313724,0.26499324324324325,0.3613809523809524,0.1,0.36,0.038721012736313315","0,0,0"
34.15,153,AV,1,0,0,58,2403.836358207942,0.2,-0.6840917636066768,"0.35861111111111116,0.30402582159624414,0.3228333333333333,0.2,0.58,0.11877114161815011","0,0,0"
15.516666666666667,102,AV,1,0,0,7,1594.6992934726818,0.6,-0.6186104342596112,"0.2885231481481481,0.268207729468599,0.3500185185185185,0.6,0.07,0.07879249141759738","0,0,0"
38.65,2,AV,1,0,0,73,437.5592869272848,0.4,-0.28186110732899267,"0.541719298245614,0.32348275862068965,0.35573809523809524,0.4,0.73,0.021619365168734063","0,0,0"
20.516666666666666,185,AV,0,0,0,33,2966.188350320237,0.3,-10.760703720675878,"0.2705666666666666,0.3059781609195402,0.29363333333333336,0.3,0.33,0.14655638908990856","0,0,0"
32.78333333333333,150,AV,1,0,0,59,2344.9936519099742,1.0,-3.2031961897964716,"0.31854838709677424,0.28654076738609113,0.3856666666666667,1.0,0.59,0.1158637825630931","0,0,0"
14.583333333333334,223,AV,1,0,0,7,3942.222625638348,0.3,-0.7186343327986572,"0.3311157407407407,0.2861850393700787,0.29295238095238096,0.3,0.07,0.19478126294296802","0,0,0"
17.266666666666666,155,AV,0,0,0,30,2476.7926805910606,0.7,-11.247340313864331,"0.27796250000000006,0.3220138888888889,0.34097222222222223,0.7,0.3,0.12237584027749006","0,0,0"
20.9,178,AV,1,0,0,25,2857.712092786687,0.2,-0.4977181894936814,"0.38195833333333334,0.3316641221374046,0.3633333333333333,0.2,0.25,0.1411966860877753","0,0,0"
35.25,119,AV,1,0,0,63,1799.695682844959,0.2,-0.5286606068357067,"0.38560869565217387,0.3162218045112782,0.33887878787878783,0.2,0.63,0.08892115725219493","0,0,0"
48.3,14,AV,0,0,0,81,600.3305173079323,0.1,-10.12081651660822,"0.19452298850574715,0.2617471655328799,0.36800000000000005,0.1,0.81,0.029661728280885674","0,0,0"
38.93333333333333,207,AV,1,0,0,76,3531.3895067900216,1.0,-5.7286985332371465,"0.5646999999999999,0.31305633802816907,0.3593461538461538,1.0,0.76,0.17448241091273348","0,0,0"
25.633333333333333,251,AV,0,0,0,46,5168.6614957092925,0.4,-12.208167050111358,"0.2876212121212121,0.3218142857142858,0.34925000000000006,0.4,0.46,0.255378376480178","0,0,0"
13.25,71,AV,1,0,0,5,1200.7903182940884,1.0,-0.6629363215581946,"0.3152999999999999,0.30322144522144523,0.3440238095238095,1.0,0.05,0.05932984433854443","0,0,0"
37.0,75,AV,1,0,0,66,1275.9312017726234,0.4,-0.7868242410931177,"0.312140350877193,0.28931077694235585,0.4031,0.4,0.66,0.06304247996886464","0,0,0"
27.516666666666666,260,AV,0,0,0,48,5807.233742044462,0.3,-11.99744643919071,"0.2783048780487805,0.2934189814814815,0.2913,0.3,0.48,0.28692959020732056","0,0,0"
40.21666666666667,115,AV,1,0,0,79,1723.69240549938,0.2,-0.5776763575652784,"0.3636428571428572,0.2842103448275862,0.32211666666666666,0.2,0.79,0.08516591160652838","0,0,0"
37.81666666666667,294,AV,1,0,0,71,14505.369879802229,0.2,-4.571206146843231,"0.4996705426356589,0.2691612903225807,0.34754166666666664,0.2,0.71,0.7166957660553899","0,0,0"
42.45,167,AV,2,0,0,76,2744.255474143275,0.4,-1.9415607479563672,"0.3550277777777777,0.3298141486810552,0.3202222222222222,0.4,0.76,0.13559090844222083","0,0,0"
32.7,187,AV,0,0,0,58,2971.291490045772,0.1,-10.404838465518736,"0.2560106382978724,0.2714419191919191,0.30869696969696975,0.1,0.58,0.14680853010149164","0,0,0"
43.016666666666666,168,AV,0,0,0,78,2747.619709803412,0.3,-11.47741801479221,"0.23536936936936934,0.3072368421052631,0.34312820512820513,0.3,0.78,0.13575713194935043","0,0,0"
16.433333333333334,29,AV,1,0,0,10,761.8437659652793,0.4,-0.20866054256715708,"0.4541302083333334,0.32355518018018015,0.39686111111111105,0.4,0.1,0.03764193577878302","0,0,0"
31.183333333333334,180,AV,1,0,0,55,2898.378436294527,0.4,-1.5063516817519613,"0.47124999999999995,0.300112582781457,0.31266666666666665,0.4,0.55,0.14320596930182183","0,0,0"
17.133333333333333,177,AV,1,0,0,13,2853.537244729806,0.2,-0.4074217066086445,"0.38847674418604655,0.3084886363636363,0.3559761904761905,0.2,0.13,0.14099041103577145","0,0,0"
38.9,282,AV,1,0,0,72,8493.635575370567,0.6,-8.260060597047875,"0.3258041666666667,0.2549238095238095,0.32813333333333333,0.6,0.72,0.41966200832712014","0,0,0"
42.85,103,AV,1,0,0,85,1614.9493849180149,0.3,-0.8650072642967116,"0.44055092592592593,0.2934321428571429,0.4045238095238096,0.3,0.85,0.0797930281099649","0,0,0"
39.016666666666666,0,AV,1,0,0,76,417.8295094645922,0.4,-0.271705244904614,"0.3387829457364341,0.23965413533834584,0.32788888888888884,0.4,0.76,0.020644536667985786","0,0,0"
32.166666666666664,32,AV,1,0,0,57,806.3598325453933,0.4,-0.43229846578128034,"0.33662962962962967,0.2647579908675799,0.3078333333333333,0.4,0.57,0.039841429945686846","0,0,0"
23.616666666666667,122,AV,1,0,0,30,1830.3424648913517,0.3,-0.540332348489801,"0.3618201754385965,0.2723018648018648,0.31785185185185183,0.3,0.3,0.09043538399152518","0,0,0"
40.8,236,AV,1,0,0,78,4630.913868273173,0.3,-2.3617660728193175,"0.38770512820512815,0.28993236714975845,0.3061388888888889,0.3,0.78,0.2288088059705391","0,0,0"
17.333333333333332,212,AV,0,0,0,28,3724.6301341612702,0.4,-11.076004260979923,"0.24390090090090089,0.27160902255639097,0.3257666666666667,0.4,0.28,0.1840302363466582","0,0,0"
30.85,94,AV,1,0,0,53,1519.7273932229994,0.1,-0.19534829200387305,"0.3330902777777778,0.26424999999999993,0.26733333333333337,0.1,0.53,0.07508820507899855","0,0,0"
36.81666666666667,72,AV,1,0,0,69,1205.4292211271013,0.4,-0.7396647637416021,"0.43941904761904765,0.28794647201946477,0.3447500000000001,0.4,0.69,0.059559047871243866","0,0,0"
32.733333333333334,141,AV,1,0,0,60,2187.907521251699,0.2,-0.5968125516303247,"0.45219369369369367,0.31335664335664337,0.39061666666666656,0.2,0.6,0.10810231452182832","0,0,0"
36.833333333333336,23,AV,1,0,0,68,639.9143284368583,0.2,-0.19641814803409127,"0.4162888888888889,0.306669099756691,0.3858958333333334,0.2,0.68,0.03161752465667753","0,0,0"
32.36666666666667,64,AV,1,0,0,58,1122.7546975855585,0.1,-0.15141594602160796,"0.36840860215053767,0.25768191721132894,0.3421388888888889,0.1,0.58,0.0554741826472708","0,0,0"
45.15,188,AV,1,0,0,92,3031.4508351358254,0.2,-1.1405833767198543,"0.46515,0.30087352245862886,0.3440000000000001,0.2,0.92,0.14978094295769478","0,0,0"
39.8,173,AV,1,0,0,75,2797.307504072895,0.6,-2.78332096655253,"0.3619069767441861,0.3074007092198581,0.3396388888888889,0.6,0.75,0.13821215599028547","0,0,0"
37.36666666666667,195,AV,1,0,0,67,3251.3322332141274,0.7,-3.5435005602821184,"0.4359375000000001,0.31863095238095235,0.3715833333333333,0.7,0.67,0.16064506213169047","0,0,0"
16.216666666666665,67,AV,1,0,0,12,1141.0395517097602,0.1,-0.07709940859816644,"0.406786231884058,0.31022619047619043,0.35259722222222223,0.1,0.12,0.056377618936200136","0,0,0"
20.3,12,AV,1,0,0,21,595.9176043698985,0.3,-0.15121409210886175,"0.3915975609756097,0.29481829573934837,0.38036111111111104,0.3,0.21,0.029443690682060725","0,0,0"
8.7,44,AV,0,0,0,11,905.8209551718018,0.2,-10.065672019249956,"0.28181666666666666,0.3087482517482518,0.3515714285714286,0.2,0.11,0.044755704180963","0,0,0"
35.4,65,AV,1,0,0,67,1129.1321270070612,0.2,-0.3330939774670831,"0.45084210526315793,0.3264440298507462,0.3319166666666667,0.2,0.67,0.05578928503366858","0,0,0"
14.333333333333334,249,AV,1,0,0,6,5144.150368411208,0.3,-0.9216602743403415,"0.41382291666666676,0.31628787878787884,0.34946666666666665,0.3,0.06,0.25416730628332335","0,0,0"
22.25,252,AV,2,0,0,6,5386.149373461946,0.3,-1.498022794494104,"0.5468738738738739,0.32599184149184146,0.32205555555555554,0.3,0.06,0.2661242342173697","0,0,0"
24.833333333333332,70,AV,1,0,0,34,1167.011530479414,0.2,-0.24150655283532313,"0.4007342342342342,0.3051402877697842,0.3639761904761905,0.2,0.34,0.05766086833794136","0,0,0"
19.316666666666666,3,AV,1,0,0,20,477.1303205766694,0.1,-0.03840236399641388,"0.30236979166666667,0.2867238095238096,0.35012499999999996,0.1,0.2,0.02357453022208712","0,0,0"
42.05,109,AV,1,0,0,83,1661.9571573900298,0.5,-1.4559437180885573,"0.36927916666666677,0.3245074626865672,0.34909375000000004,0.5,0.83,0.08211563496394797","0,0,0"
40.15,154,AV,1,0,0,77,2436.431929205765,0.2,-0.8151895163134287,"0.3305570175438597,0.29756127450980396,0.3289074074074075,0.2,0.77,0.12038165606348158","0,0,0"
16.016666666666666,5,AV,1,0,0,9,508.6019702527906,0.2,-0.06788423519624051,"0.4433201754385965,0.3587811791383221,0.36630000000000007,0.2,0.09,0.025129512843044734","0,0,0"
42.45,210,AV,1,0,0,83,3630.005597296026,0.2,-1.2841144800434694,"0.4390650406504065,0.3458180751173709,0.39852380952380956,0.2,0.83,0.17935493295913799","0,0,0"
31.066666666666666,17,AV,0,0,0,54,615.3970356119416,0.2,-10.159319454775092,"0.21825203252032524,0.23565162907268175,0.31385,0.2,0.54,0.030406149827330708","0,0,0"
14.183333333333334,90,AV,1,0,0,6,1474.5167950508735,1.0,-0.8713984670752037,"0.3644458333333334,0.27674882629107983,0.3115416666666666,1.0,0.06,0.07285439480326665","0,0,0"
41.15,217,AV,1,0,0,82,3783.636689084741,0.5,-3.243680203246606,"0.3106208333333334,0.26572104018912523,0.3252407407407407,0.5,0.82,0.18694569099783895","0,0,0"
21.0,34,AV,1,0,0,24,850.3216016091212,0.5,-0.37201570070399054,"0.44189922480620153,0.31313526570048306,0.33327777777777784,0.5,0.24,0.04201353682867991","0,0,0"
21.35,238,AV,1,0,0,25,4660.29795945294,0.7,-2.9020063751676743,"0.4393739837398373,0.2943597883597884,0.35432051282051275,0.7,0.25,0.23026064442157015","0,0,0"
26.0,225,AV,1,0,0,34,4104.202624979457,0.2,-0.8892439020788825,"0.5406228070175438,0.29212666666666676,0.3805833333333334,0.2,0.34,0.20278453212365097","0,0,0"
26.116666666666667,22,AV,1,0,0,34,632.5893922142865,1.0,-0.6883802622220743,"0.39221621621621616,0.2989378109452736,0.3698518518518519,1.0,0.34,0.031255606910295004","0,0,0"
38.71666666666667,82,AV,1,0,0,71,1348.5865378412918,0.5,-1.0877661553490698,"0.4899041666666667,0.305327380952381,0.34006666666666674,0.5,0.71,0.0666323071965214","0,0,0"
13.533333333333333,285,AV,1,0,0,6,9095.945853089892,0.1,-0.5129102800492357,"0.43154545454545457,0.2696375838926175,0.3547380952380952,0.1,0.06,0.44942155458275634","0,0,0"
58.36666666666667,248,AV,0,0,0,99,4967.653125719208,0.3,-13.624316926305973,"0.27462121212121215,0.29008897243107773,0.2999523809523809,0.3,0.99,0.24544675468029653","0,0,0"
27.7,134,AV,1,0,0,45,2022.4315636845977,0.2,-0.4668446192838613,"0.3797432432432432,0.2724916067146283,0.33205128205128204,0.2,0.45,0.09992631355425287","0,0,0"
22.233333333333334,80,AV,1,0,0,27,1323.5149786113286,0.3,-0.3678268711390651,"0.5026919191919192,0.3017190476190476,0.3650714285714286,0.3,0.27,0.06539354662044386","0,0,0"
51.46666666666667,258,AV,0,0,0,90,5611.673516276995,0.1,-11.203392209601622,"0.18506666666666668,0.25632523148148145,0.30644444444444446,0.1,0.9,0.27726715574492605","0,0,0"
20.033333333333335,133,AV,1,0,0,22,2011.9739719035176,0.1,-0.16794393848805753,"0.32643197278911557,0.25271078431372546,0.33736666666666665,0.1,0.22,0.09940961444111464","0,0,0"
46.78333333333333,42,AV,1,0,0,94,902.2448599555772,0.1,-0.17587509179828512,"0.37730487804878043,0.2747728395061728,0.35283333333333333,0.1,0.94,0.04457901290582028","0,0,0"
17.716666666666665,74,AV,1,0,0,12,1269.7848662283686,0.3,-0.28120444016682405,"0.4184629629629629,0.32529225352112684,0.3421111111111111,0.3,0.12,0.06273879569898216","0,0,0"
36.25,128,AV,0,0,0,64,1921.5023446668008,0.7,-12.03158841649667,"0.29132945736434107,0.32923501199040767,0.32587499999999997,0.7,0.64,0.09493950214987396","0,0,0"
25.7,233,AV,0,0,0,47,4569.840806868062,0.1,-10.489353786402122,"0.29200000000000004,0.3076655092592593,0.3169166666666667,0.1,0.47,0.22579124730834796","0,0,0"
37.766666666666666,33,AV,0,0,0,65,827.3783452591958,1.0,-11.301971757192595,"0.30179059829059834,0.30209642857142854,0.36788888888888893,1.0,0.65,0.040879933561629736","0,0,0"
25.033333333333335,93,AV,1,0,0,24,1517.942512651984,0.1,-0.15832983708356113,"0.37651481481481475,0.29971867612293146,0.385625,0.1,0.24,0.07500001592155126","0,0,0"
35.1,151,AV,1,0,0,58,2382.718205806423,0.5,-1.742362687995947,"0.31396874999999996,0.2904144444444444,0.3303333333333333,0.5,0.58,0.1177277149052501","0,0,0"
29.283333333333335,1,AV,1,0,0,46,424.9057127261393,0.1,-0.05184439842082131,"0.37079032258064515,0.30469646799117,0.3366041666666667,0.1,0.46,0.02099416476842877","0,0,0"
49.88333333333333,55,AV,0,0,0,84,1038.299283744561,0.1,-10.21580762196163,"0.29717460317460326,0.31460462287104624,0.30712121212121213,0.1,0.84,0.051301325421163044","0,0,0"
45.75,247,AV,1,0,0,97,4950.268578812107,0.4,-3.7745797913442325,"0.4423297872340426,0.2985772946859903,0.3688666666666666,0.4,0.97,0.24458780166728444","0,0,0"
46.21666666666667,87,AV,0,0,0,80,1444.5182772575097,0.3,-10.834510246423974,"0.2922777777777778,0.2971952380952381,0.340875,0.3,0.8,0.07137219814998598","0,0,0"
34.4,99,AV,1,0,0,63,1581.438059619256,0.2,-0.4533455770908534,"0.29556410256410254,0.28507042253521125,0.3211296296296296,0.2,0.63,0.07813726716380881","0,0,0"
20.483333333333334,114,AV,1,0,0,21,1716.9764066453156,0.2,-0.29307833385654075,"0.38184375000000004,0.30061678832116795,0.3129090909090909,0.2,0.21,0.08483408084430542","0,0,0"
13.083333333333334,182,AV,1,0,0,5,2942.323800284961,0.5,-0.8019875636193383,"0.3708966666666667,0.2716527777777777,0.3307083333333334,0.5,0.05,0.14537726562660996","0,0,0"
34.85,47,AV,1,0,0,65,943.1907669438916,0.2,-0.2739183185666219,"0.3419888888888889,0.2779136690647482,0.35725,0.2,0.65,0.046602109070826375","0,0,0"
28.1,246,AV,1,0,0,42,4934.883137056144,0.5,-2.8889628364849513,"0.2854747474747475,0.2854052511415526,0.3471515151515152,0.5,0.42,0.2438276224331965","0,0,0"
14.833333333333334,131,AV,1,0,0,8,1929.5758599688188,0.4,-0.47703403204784695,"0.3728009259259259,0.3132038288288288,0.3707777777777778,0.4,0.08,0.09533840643718873","0,0,0"
35.233333333333334,137,AV,1,0,0,61,2123.4400354784907,0.4,-1.2469311763893138,"0.45272666666666667,0.31749135802469136,0.3432222222222222,0.4,0.61,0.10491704075874904","0,0,0"
