travel_time,id,kind,action,bid_route_0,bid_route_1,bid_route_2,karma_balance,origin,destination,start_time,income,urgency,reward
26.383333333333333,217,AV,1,0,8,5,4,0,0,55,4705.31956239884,0.3,-7.914999999999999
22.133333333333333,183,AV,0,4,2,7,3,0,0,43,9884.322174397852,0.3,-6.64
26.716666666666665,225,AV,1,3,8,6,5,0,0,55,3245.380745418587,0.2,-5.343333333333334
18.45,107,AV,1,1,9,7,3,0,0,19,6563.608435155774,0.1,-1.845
24.766666666666666,283,AV,1,3,4,1,6,0,0,51,948.3478854920526,0.1,-2.4766666666666666
31.816666666666666,73,AV,2,0,2,6,8,0,0,50,3257.969850357721,0.1,-3.1816666666666666
32.583333333333336,221,AV,1,0,5,8,7,0,0,77,4113.319853961603,0.2,-6.5166666666666675
34.2,299,AV,0,4,5,0,7,0,0,72,1062.4074567339185,0.4,-13.680000000000001
40.88333333333333,211,AV,0,6,4,4,0,0,0,95,807.7368269013535,0.3,-12.264999999999999
38.666666666666664,194,AV,1,0,7,3,2,0,0,91,4569.840806868062,0.1,-3.8666666666666667
29.333333333333332,99,AV,1,3,8,4,5,0,0,63,4227.85786318916,0.2,-5.866666666666667
36.4,125,AV,2,3,1,4,4,0,0,48,1467.6871321740252,0.1,-3.64
42.266666666666666,156,AV,2,3,3,6,7,0,0,87,2574.4307659940623,0.6,-25.36
29.9,8,AV,2,1,0,6,7,0,0,46,1234.5997004771,0.1,-2.99
21.633333333333333,79,AV,1,3,4,1,5,0,0,38,753.7709081553346,0.1,-2.1633333333333336
15.516666666666667,278,AV,1,3,6,0,1,0,0,9,1723.69240549938,0.7,-10.861666666666666
24.733333333333334,290,AV,2,0,2,6,8,0,0,9,2909.8477340427667,0.3,-7.42
10.216666666666667,188,AV,0,8,3,6,2,0,0,16,1822.2981036688468,0.1,-1.0216666666666667
31.833333333333332,102,AV,1,3,8,1,6,0,0,76,1564.4426034616197,0.6,-19.099999999999998
24.533333333333335,248,AV,2,0,3,0,7,0,0,12,4635.813442599864,0.3,-7.36
26.95,223,AV,2,1,0,6,2,0,0,29,2022.4315636845977,0.7,-18.865
19.9,263,AV,1,2,4,3,5,0,0,27,3292.2479258152307,0.4,-7.96
18.766666666666666,103,AV,0,9,2,7,5,0,0,38,1888.2149669861096,0.2,-3.7533333333333334
31.816666666666666,19,AV,1,1,5,3,2,0,0,74,1697.366940102563,0.3,-9.545
29.083333333333332,277,AV,0,5,6,0,8,0,0,59,1074.3823512953045,0.4,-11.633333333333333
27.066666666666666,10,AV,2,0,2,8,1,0,0,7,5960.007005011629,0.3,-8.12
18.116666666666667,288,AV,1,3,5,5,4,0,0,18,5899.132481879994,0.1,-1.8116666666666668
22.316666666666666,184,AV,1,0,8,7,6,0,0,44,3531.3895067900216,0.1,-2.231666666666667
20.883333333333333,158,AV,1,0,6,0,1,0,0,30,857.6590975250949,0.9,-18.795
24.05,247,AV,0,6,3,9,7,0,0,45,13460.811009378149,0.2,-4.8100000000000005
37.03333333333333,66,AV,2,0,3,3,13,0,0,58,7592.14370769901,0.1,-3.703333333333333
19.866666666666667,224,AV,1,3,9,8,0,0,0,23,1541.4014724042315,0.5,-9.933333333333334
11.8,97,AV,1,3,4,1,7,0,0,2,5862.871835726062,0.1,-1.1800000000000002
21.4,293,AV,2,1,1,2,5,0,0,4,14297.77376075636,0.1,-2.14
47.11666666666667,13,AV,2,0,3,0,16,0,0,89,8139.327108000771,0.4,-18.846666666666668
40.1,5,AV,2,1,0,5,0,0,0,53,3032.1279287666234,0.3,-12.03
42.43333333333333,68,AV,0,6,5,4,2,0,0,100,8639.921150992108,0.6,-25.459999999999997
36.8,177,AV,1,0,5,8,6,0,0,92,1244.4027248274256,0.1,-3.6799999999999997
35.833333333333336,168,AV,1,1,6,0,4,0,0,90,457.16351791608827,0.4,-14.333333333333336
22.283333333333335,2,AV,0,5,7,2,6,0,0,43,4660.29795945294,0.1,-2.2283333333333335
25.75,40,AV,2,1,0,5,7,0,0,7,8689.506535985933,0.2,-5.15
17.55,244,AV,1,1,4,0,5,0,0,20,4967.653125719208,0.1,-1.7550000000000001
27.566666666666666,60,AV,2,1,0,5,0,0,0,23,7336.658338656486,0.2,-5.513333333333334
15.933333333333334,275,AV,1,3,8,5,6,0,0,6,943.1907669438916,0.3,-4.78
15.166666666666666,271,AV,1,3,8,5,2,0,0,9,2222.040577514192,0.4,-6.066666666666666
16.233333333333334,18,AV,1,2,6,0,9,0,0,11,541.9839687696077,0.5,-8.116666666666667
37.36666666666667,205,AV,1,3,5,0,3,0,0,91,2329.0008356791827,0.4,-14.946666666666667
38.03333333333333,9,AV,2,2,0,4,2,0,0,61,1150.4391077840953,0.2,-7.6066666666666665
30.0,37,AV,1,3,5,5,2,0,0,68,3783.636689084741,0.1,-3.0
42.88333333333333,249,AV,2,1,0,5,3,0,0,71,10071.894878668398,0.1,-4.288333333333333
37.38333333333333,215,AV,2,1,0,5,1,0,0,61,2052.607856914241,0.1,-3.7383333333333333
40.25,281,AV,2,1,0,6,1,0,0,86,4459.768546990965,0.4,-16.1
48.983333333333334,75,AV,2,0,3,3,6,0,0,100,508.6019702527906,0.6,-29.39
38.333333333333336,291,AV,2,0,3,1,5,0,0,21,3169.820795106812,0.4,-15.333333333333336
37.56666666666667,210,AV,2,0,1,4,1,0,0,61,1239.4416864014672,0.1,-3.7566666666666673
13.783333333333333,170,AV,0,4,5,0,9,0,0,18,2280.385817754286,0.1,-1.3783333333333334
28.033333333333335,117,AV,1,3,4,1,8,0,0,60,5502.789496653042,0.2,-5.606666666666667
42.78333333333333,7,AV,2,0,2,6,4,0,0,72,586.8516376274475,0.4,-17.113333333333333
28.516666666666666,266,AV,2,1,2,8,9,0,0,24,2318.2944376966047,0.2,-5.703333333333333
41.333333333333336,171,AV,2,3,2,0,12,0,0,68,1503.4428459110418,0.7,-28.933333333333334
38.03333333333333,25,AV,2,0,0,5,5,0,0,64,491.8679742725259,0.2,-7.6066666666666665
14.316666666666666,47,AV,1,0,6,0,3,0,0,8,3628.2404526711953,0.4,-5.726666666666667
24.833333333333332,26,AV,1,3,4,1,3,0,0,51,2580.565825479665,0.3,-7.449999999999999
28.333333333333332,203,AV,2,2,1,2,7,0,0,27,1261.43865123121,0.2,-5.666666666666667
38.71666666666667,282,AV,2,0,1,4,3,0,0,53,3064.640983136323,1.0,-38.71666666666667
26.35,198,AV,1,0,9,6,0,0,0,54,7612.519032757181,0.2,-5.2700000000000005
35.13333333333333,265,AV,1,2,5,6,3,0,0,84,2158.6935677652164,0.1,-3.5133333333333336
31.4,145,AV,1,0,7,0,0,0,0,69,3046.5766145774583,0.7,-21.979999999999997
26.283333333333335,112,AV,1,3,4,1,2,0,0,52,1104.4445206976068,0.1,-2.628333333333334
25.45,113,AV,1,1,8,5,0,0,0,55,1411.5824788559885,0.3,-7.635
30.7,45,AV,0,5,7,3,24,0,0,63,4416.224882412617,0.4,-12.280000000000001
20.766666666666666,132,AV,1,1,5,4,6,0,0,35,1260.6549751070208,0.5,-10.383333333333333
8.75,174,AV,0,7,3,1,0,0,0,9,3580.4564780460023,0.4,-3.5
25.65,41,AV,1,3,6,5,1,0,0,47,8981.750106371177,0.3,-7.694999999999999
30.083333333333332,164,AV,1,3,6,3,5,0,0,68,11940.25564443948,0.1,-3.0083333333333333
38.7,219,AV,1,0,4,3,2,0,0,100,5341.061461458292,0.1,-3.8700000000000006
35.25,135,AV,1,2,5,6,7,0,0,85,767.6170681366935,0.6,-21.15
15.316666666666666,212,AV,1,2,4,3,3,0,0,9,1921.5023446668008,0.1,-1.5316666666666667
20.766666666666666,286,AV,1,2,9,1,0,0,0,30,2818.3733061874163,0.7,-14.536666666666665
34.916666666666664,195,AV,1,1,6,3,3,0,0,89,2193.4249838744518,0.2,-6.983333333333333
22.683333333333334,33,AV,1,2,4,0,5,0,0,42,566.7055292848979,0.1,-2.2683333333333335
39.18333333333333,154,AV,0,6,6,4,1,0,0,93,2675.3892374750885,0.2,-7.836666666666666
31.35,131,AV,1,2,6,6,7,0,0,69,646.5589615252754,0.1,-3.1350000000000002
29.116666666666667,65,AV,2,1,0,5,6,0,0,24,3382.383844415393,0.2,-5.823333333333334
27.3,228,AV,2,3,1,9,1,0,0,16,4549.070920567666,0.1,-2.7300000000000004
45.916666666666664,128,AV,2,1,0,6,2,0,0,97,7362.36439851089,0.4,-18.366666666666667
13.533333333333333,173,AV,1,0,4,3,11,0,0,6,2458.2611968747465,0.1,-1.3533333333333335
29.366666666666667,178,AV,1,2,4,0,10,0,0,59,849.0657401736111,0.1,-2.936666666666667
27.8,147,AV,1,2,6,4,1,0,0,62,4021.28082322038,0.2,-5.5600000000000005
29.416666666666668,31,AV,1,2,5,6,7,0,0,64,572.7967315704935,0.2,-5.883333333333334
20.666666666666668,220,AV,0,6,3,2,2,0,0,41,4951.479839002994,0.2,-4.133333333333334
35.8,78,AV,1,2,4,0,2,0,0,90,2891.134206742707,0.2,-7.16
19.7,63,AV,1,3,5,5,8,0,0,25,3236.647802754315,0.4,-7.88
35.5,85,AV,2,0,3,1,7,0,0,53,7334.728577480919,0.2,-7.1000000000000005
41.6,185,AV,2,0,0,1,15,0,0,72,3508.846318545673,0.1,-4.16
34.63333333333333,23,AV,1,3,5,5,3,0,0,85,5913.041300376779,0.6,-20.779999999999998
16.733333333333334,22,AV,1,0,5,4,1,0,0,16,3987.5502105766736,0.5,-8.366666666666667
29.983333333333334,57,AV,1,0,5,4,8,0,0,64,2411.397471856681,0.7,-20.988333333333333
30.033333333333335,101,AV,1,2,9,5,1,0,0,65,2857.6088215719105,0.2,-6.006666666666668
20.8,160,AV,1,3,4,1,1,0,0,29,1824.367004680513,0.1,-2.08
28.516666666666666,16,AV,1,1,5,3,1,0,0,58,736.5379020629116,0.3,-8.555
25.633333333333333,179,AV,0,4,2,7,8,0,0,47,3438.9188747307694,0.7,-17.94333333333333
15.633333333333333,110,AV,0,6,0,9,5,0,0,22,601.3137559373858,0.2,-3.126666666666667
24.1,133,AV,1,0,5,5,1,0,0,51,8975.220492497892,0.5,-12.05
40.56666666666667,20,AV,1,3,4,1,10,0,0,94,1260.3927948639828,0.2,-8.113333333333335
27.316666666666666,46,AV,1,2,9,5,10,0,0,52,2347.541384251396,0.1,-2.731666666666667
21.316666666666666,86,AV,1,1,6,6,0,0,0,40,3742.7752140142647,0.8,-17.053333333333335
37.266666666666666,17,AV,2,3,3,5,1,0,0,57,779.2240782816187,0.3,-11.18
25.266666666666666,196,AV,1,0,4,3,3,0,0,51,3393.6426315430986,0.1,-2.526666666666667
35.016666666666666,59,AV,1,3,5,1,6,0,0,77,2987.078671303881,0.1,-3.501666666666667
13.716666666666667,252,AV,1,1,6,6,6,0,0,8,1691.6338586686718,0.2,-2.7433333333333336
32.766666666666666,214,AV,2,2,2,3,6,0,0,28,1022.032321197676,0.2,-6.553333333333334
37.65,14,AV,1,1,8,8,1,0,0,97,4669.869929992837,0.2,-7.53
29.05,124,AV,1,1,5,3,5,0,0,59,2497.1975937909187,0.3,-8.715
22.683333333333334,39,AV,2,1,0,6,5,0,0,6,424.9057127261393,0.7,-15.878333333333332
43.0,208,AV,2,1,2,6,11,0,0,88,777.0630287344238,0.3,-12.9
27.633333333333333,150,AV,1,1,5,3,4,0,0,58,2964.6777926145683,0.2,-5.526666666666667
15.9,207,AV,1,3,4,1,6,0,0,10,3251.3322332141274,0.1,-1.59
26.183333333333334,62,AV,1,2,4,3,13,0,0,55,904.859336063587,0.2,-5.236666666666667
15.9,137,AV,1,0,5,5,6,0,0,16,1265.4739572733297,0.3,-4.77
40.4,267,AV,2,0,2,6,7,0,0,87,2326.172138461347,0.1,-4.04
31.833333333333332,256,AV,1,2,4,0,1,0,0,78,1782.711710770346,0.4,-12.733333333333334
21.65,143,AV,1,0,6,0,0,0,0,34,1083.524948441525,0.2,-4.33
37.1,116,AV,2,3,3,9,3,0,0,55,7864.29237148983,0.2,-7.420000000000001
26.05,149,AV,1,3,4,1,3,0,0,51,682.056612603955,0.1,-2.6050000000000004
36.916666666666664,264,AV,1,1,6,7,5,0,0,90,4104.202624979457,0.4,-14.766666666666666
35.06666666666667,268,AV,1,2,5,2,8,0,0,88,4925.450001742355,0.4,-14.026666666666669
28.35,136,AV,1,2,9,2,7,0,0,63,950.4213588862824,1.0,-28.35
29.683333333333334,29,AV,2,0,3,1,18,0,0,5,1434.2863071033526,0.1,-2.9683333333333337
38.18333333333333,197,AV,2,0,2,6,9,0,0,46,3773.692032315799,0.7,-26.728333333333328
22.116666666666667,172,AV,2,3,3,0,7,0,0,2,2857.8751728516777,0.2,-4.423333333333334
25.7,239,AV,0,8,8,7,3,0,0,47,5307.329693361759,0.5,-12.85
5.333333333333333,42,AV,0,8,2,8,2,0,0,3,6230.691172258436,0.3,-1.5999999999999999
25.2,38,AV,2,1,1,6,2,0,0,21,871.0408974081768,0.6,-15.12
35.8,255,AV,1,0,5,2,0,0,0,88,571.0932451196882,0.2,-7.16
35.3,134,AV,2,1,1,5,3,0,0,44,816.2772675203604,0.2,-7.06
23.4,32,AV,1,3,8,6,8,0,0,49,2105.6010448069283,0.4,-9.36
33.71666666666667,153,AV,2,0,2,6,0,0,0,48,11662.42845360034,0.3,-10.115
37.166666666666664,100,AV,1,1,9,7,4,0,0,94,4015.909421979459,0.1,-3.716666666666667
11.916666666666666,144,AV,1,0,7,0,11,0,0,3,2337.3116255789537,0.6,-7.1499999999999995
35.63333333333333,298,AV,0,8,3,9,4,0,0,88,4446.537177105173,0.1,-3.5633333333333335
29.1,146,AV,2,0,2,6,1,0,0,14,14754.343640924068,0.2,-5.82
24.166666666666668,169,AV,1,3,8,4,1,0,0,46,938.3100494872764,0.2,-4.833333333333334
18.75,27,AV,1,1,9,7,1,0,0,23,591.6693204447811,1.0,-18.75
36.2,142,AV,1,2,5,6,2,0,0,91,1797.659883656486,0.2,-7.240000000000001
11.766666666666667,82,AV,1,3,8,6,13,0,0,3,4237.057085974603,0.3,-3.5300000000000002
31.433333333333334,104,AV,1,3,8,2,4,0,0,73,522.440884226393,1.0,-31.433333333333334
10.283333333333333,34,AV,0,4,5,0,3,0,0,12,588.8906571209208,0.3,-3.085
38.416666666666664,120,AV,1,2,7,3,0,0,0,97,3097.4575811220984,0.1,-3.841666666666667
35.36666666666667,55,AV,1,0,8,0,9,0,0,80,5200.876525735832,1.0,-35.36666666666667
19.816666666666666,250,AV,1,1,9,4,12,0,0,29,9280.176126726552,0.3,-5.944999999999999
38.53333333333333,241,AV,1,3,5,0,7,0,0,100,20239.22920549412,0.1,-3.8533333333333335
35.483333333333334,4,AV,2,3,0,4,4,0,0,51,5354.15698790508,0.4,-14.193333333333335
44.4,159,AV,2,0,3,3,5,0,0,74,873.8892656114449,0.4,-17.76
8.583333333333334,213,AV,0,9,5,4,8,0,0,10,615.3970356119416,0.1,-0.8583333333333334
29.75,96,AV,2,0,2,6,13,0,0,22,546.8646928603165,0.7,-20.825
40.96666666666667,139,AV,1,2,5,6,6,0,0,97,3654.013033637752,0.3,-12.290000000000001
20.883333333333333,123,AV,1,1,9,7,2,0,0,36,926.7012599248138,0.1,-2.0883333333333334
20.75,152,AV,1,0,4,3,2,0,0,33,437.8567856598078,0.1,-2.075
25.566666666666666,227,AV,1,2,7,2,1,0,0,54,776.0711537761008,0.3,-7.67
17.883333333333333,240,AV,1,2,4,3,3,0,0,16,742.6585956180782,0.2,-3.5766666666666667
44.333333333333336,129,AV,0,4,4,3,8,0,0,100,4707.821121085941,0.2,-8.866666666666667
15.066666666666666,6,AV,1,3,5,5,8,0,0,13,9095.945853089892,0.7,-10.546666666666665
10.583333333333334,35,AV,1,0,5,5,4,0,0,2,1661.9571573900298,0.6,-6.3500000000000005
24.466666666666665,72,AV,2,3,2,0,8,0,0,13,3487.44186130441,0.1,-2.4466666666666668
45.96666666666667,216,AV,2,0,1,0,11,0,0,96,17322.90883950548,0.4,-18.386666666666667
15.633333333333333,81,AV,1,1,5,3,16,0,0,13,5702.891177591027,0.2,-3.126666666666667
31.666666666666668,28,AV,1,2,4,3,8,0,0,71,539.5213747330826,0.2,-6.333333333333334
42.63333333333333,11,AV,2,0,1,0,12,0,0,79,3933.772930850901,0.2,-8.526666666666667
35.25,285,AV,2,3,0,4,7,0,0,61,3389.778327720714,0.2,-7.050000000000001
29.15,191,AV,0,7,0,7,0,0,0,59,1421.705549214182,0.7,-20.404999999999998
28.166666666666668,24,AV,1,2,9,1,12,0,0,63,5844.130995646287,0.3,-8.45
18.616666666666667,237,AV,1,1,5,8,11,0,0,21,1373.5659577718477,0.3,-5.585
16.85,126,AV,1,2,4,3,5,0,0,16,4617.971391102537,0.1,-1.6850000000000003
44.266666666666666,246,AV,2,1,0,6,1,0,0,86,1664.0464513081895,0.6,-26.56
23.816666666666666,279,AV,0,8,8,5,3,0,0,44,3942.222625638348,0.1,-2.381666666666667
24.716666666666665,3,AV,1,3,8,2,2,0,0,51,3301.717979419838,0.8,-19.773333333333333
20.45,176,AV,0,8,2,0,3,0,0,39,1490.1599361877834,0.3,-6.135
26.466666666666665,180,AV,2,0,3,0,8,0,0,23,3414.9419898187493,0.9,-23.82
34.28333333333333,206,AV,0,5,7,6,2,0,0,71,3539.477986656502,0.1,-3.4283333333333332
13.933333333333334,92,AV,0,4,4,7,4,0,0,20,11515.391842589095,0.2,-2.786666666666667
31.116666666666667,259,AV,2,2,3,5,0,0,0,35,932.1411738504048,0.6,-18.669999999999998
37.85,94,AV,2,0,2,4,3,0,0,69,4381.240268036911,0.6,-22.71
36.766666666666666,258,AV,1,1,9,4,6,0,0,91,4687.914961676448,0.6,-22.06
29.75,192,AV,2,0,1,4,6,0,0,45,1526.0895405694364,0.3,-8.924999999999999
25.466666666666665,71,AV,1,2,4,0,10,0,0,52,2198.5025098873134,0.1,-2.546666666666667
39.083333333333336,235,AV,2,3,2,0,5,0,0,71,2476.7926805910606,0.6,-23.45
21.783333333333335,297,AV,2,1,0,6,4,0,0,1,2965.4163440895786,0.3,-6.535
35.38333333333333,50,AV,1,2,5,6,4,0,0,88,3101.095365071405,0.4,-14.153333333333334
45.5,182,AV,2,0,3,3,7,0,0,99,11185.875164713363,0.2,-9.1
25.016666666666666,189,AV,2,1,2,6,7,0,0,3,1348.5865378412918,0.1,-2.501666666666667
36.483333333333334,84,AV,2,1,0,6,0,0,0,40,923.9636394510808,0.2,-7.296666666666667
27.05,165,AV,2,1,1,5,0,0,0,20,8475.089255911002,0.4,-10.82
24.233333333333334,254,AV,1,1,4,4,9,0,0,48,4577.590037133467,0.8,-19.38666666666667
19.0,251,AV,1,2,5,6,14,0,0,24,1945.516475481125,0.1,-1.9000000000000001
31.75,201,AV,1,2,9,8,5,0,0,60,3119.7161673652217,0.2,-6.3500000000000005
12.516666666666667,51,AV,0,6,7,2,2,0,0,11,548.7192496267361,0.1,-1.251666666666667
31.233333333333334,0,AV,1,3,6,7,3,0,0,65,2398.572127464108,0.1,-3.1233333333333335
40.86666666666667,111,AV,2,1,0,5,5,0,0,81,3197.7177395395383,0.1,-4.086666666666667
36.25,292,AV,2,3,0,7,1,0,0,64,859.2772315809713,0.3,-10.875
19.3,269,AV,1,2,5,4,0,0,0,23,3724.6301341612702,0.3,-5.79
19.916666666666668,53,AV,1,3,6,7,6,0,0,23,3158.0604616132755,0.1,-1.991666666666667
22.283333333333335,274,AV,1,2,6,6,0,0,0,42,1386.7650627050614,0.2,-4.456666666666667
16.283333333333335,187,AV,1,0,7,3,2,0,0,17,1848.7234685638712,0.4,-6.5133333333333345
38.28333333333333,89,AV,2,1,1,5,3,0,0,65,1581.4824060924602,0.2,-7.656666666666666
33.03333333333333,70,AV,1,0,4,4,7,0,0,75,1594.6992934726818,0.1,-3.3033333333333332
37.583333333333336,295,AV,0,8,7,1,3,0,0,88,1832.3133019091129,1.0,-37.583333333333336
27.45,202,AV,0,7,5,5,0,0,0,56,417.8295094645922,0.2,-5.49
15.483333333333333,186,AV,0,7,7,2,0,0,0,20,2520.718778515204,0.6,-9.29
30.8,257,AV,2,1,0,5,11,0,0,35,1040.734547163155,0.3,-9.24
28.55,273,AV,2,1,0,6,8,0,0,19,2239.257430619588,0.1,-2.8550000000000004
30.566666666666666,130,AV,2,0,3,3,5,0,0,32,877.2934597877683,0.1,-3.0566666666666666
16.833333333333332,122,AV,1,1,8,7,2,0,0,10,1628.9397076974285,0.1,-1.6833333333333333
33.06666666666667,243,AV,1,2,6,0,1,0,0,76,3257.3450634265246,0.1,-3.306666666666667
35.81666666666667,114,AV,0,4,0,0,1,0,0,73,3803.247088152212,0.1,-3.581666666666667
28.333333333333332,108,AV,1,3,4,1,20,0,0,57,1141.0395517097602,0.2,-5.666666666666667
32.9,260,AV,2,2,2,3,7,0,0,22,12051.378145129962,0.1,-3.29
38.96666666666667,162,AV,0,6,3,3,0,0,0,93,1596.1763216794554,0.1,-3.896666666666667
44.2,233,AV,2,1,1,5,4,0,0,69,2927.9701715656583,0.9,-39.78
20.2,155,AV,1,0,7,0,3,0,0,26,4572.8741748457805,0.3,-6.06
39.81666666666667,121,AV,2,1,1,0,12,0,0,73,2744.255474143275,0.9,-35.835
33.666666666666664,93,AV,1,3,4,1,2,0,0,85,1475.2077210572677,0.2,-6.733333333333333
33.65,76,AV,1,2,5,6,4,0,0,83,4196.147454418583,0.2,-6.73
36.15,161,AV,1,0,6,0,1,0,0,91,4245.708624069837,0.4,-14.46
31.833333333333332,175,AV,1,0,8,7,2,0,0,72,640.5426603936758,0.1,-3.1833333333333336
44.983333333333334,98,AV,2,0,2,6,1,0,0,87,863.3540159882258,1.0,-44.983333333333334
38.4,280,AV,2,2,1,0,5,0,0,59,954.0002559944874,0.1,-3.84
14.316666666666666,261,AV,1,1,9,7,3,0,0,9,1338.7213376931895,0.1,-1.4316666666666666
22.25,166,AV,1,2,9,5,1,0,0,38,2397.5381966938494,0.3,-6.675
18.6,67,AV,0,5,0,2,3,0,0,35,2187.718469250836,0.3,-5.58
30.1,294,AV,1,2,5,6,4,0,0,69,1150.2916000513435,0.3,-9.03
40.88333333333333,163,AV,0,4,2,7,13,0,0,98,1297.4303329633815,0.6,-24.529999999999998
33.3,48,AV,1,0,6,0,8,0,0,81,870.7377108213431,0.6,-19.979999999999997
27.366666666666667,238,AV,0,6,7,0,9,0,0,54,437.5592869272848,0.3,-8.209999999999999
18.416666666666668,49,AV,1,2,5,6,1,0,0,19,2563.744074524839,0.2,-3.6833333333333336
32.0,272,AV,1,1,5,3,2,0,0,70,649.7132696839626,0.1,-3.2
29.6,245,AV,2,1,0,6,0,0,0,34,881.2906222289953,0.3,-8.88
35.18333333333333,289,AV,1,0,7,3,1,0,0,86,1552.9853059451273,0.4,-14.073333333333332
37.55,95,AV,1,2,5,6,2,0,0,96,7332.887514065835,0.1,-3.755
31.916666666666668,61,AV,2,1,1,5,1,0,0,35,1167.011530479414,0.3,-9.575
50.083333333333336,234,AV,2,0,1,4,8,0,0,97,3159.4556453821087,0.1,-5.008333333333334
35.55,36,AV,2,1,0,5,6,0,0,56,7081.334819999852,0.3,-10.665
23.05,222,AV,2,3,3,6,4,0,0,6,3534.445695738256,0.4,-9.22
35.46666666666667,88,AV,2,0,3,0,18,0,0,23,6778.2755320215965,0.1,-3.546666666666667
17.1,200,AV,0,4,8,1,6,0,0,29,3206.59631480788,0.3,-5.13
12.116666666666667,232,AV,1,0,7,0,0,0,0,4,3366.895459871004,0.3,-3.635
30.033333333333335,157,AV,1,3,5,6,1,0,0,68,4662.282088415262,0.1,-3.003333333333334
29.716666666666665,262,AV,2,1,0,6,2,0,0,31,8987.822610831106,0.1,-2.9716666666666667
14.933333333333334,80,AV,1,3,5,1,5,0,0,6,3151.1733449572957,0.2,-2.986666666666667
22.866666666666667,90,AV,1,3,4,1,6,0,0,44,1005.9867386644172,0.2,-4.573333333333333
31.983333333333334,105,AV,1,0,4,3,2,0,0,74,4818.617258984985,0.3,-9.595
20.016666666666666,141,AV,2,2,0,7,5,0,0,5,985.8695826897422,0.1,-2.0016666666666665
5.233333333333333,44,AV,0,4,7,3,3,0,0,1,3941.04555698938,0.5,-2.6166666666666667
14.666666666666666,209,AV,1,1,5,3,1,0,0,4,7572.106998522375,1.0,-14.666666666666666
22.7,119,AV,1,3,5,1,6,0,0,47,2131.3254046090938,0.2,-4.54
37.43333333333333,193,AV,0,6,4,6,0,0,0,90,3778.090807703549,0.2,-7.486666666666666
32.35,151,AV,0,7,2,1,0,0,0,64,1927.298426803608,0.2,-6.470000000000001
36.35,74,AV,2,1,0,6,0,0,0,54,3017.17067826153,0.5,-18.175
31.016666666666666,287,AV,2,2,2,1,5,0,0,46,473.5024380788758,0.1,-3.1016666666666666
30.55,106,AV,1,0,8,0,3,0,0,70,2318.1098695731453,0.1,-3.055
21.616666666666667,69,AV,1,2,5,6,13,0,0,36,844.3352662229099,0.1,-2.1616666666666666
17.183333333333334,270,AV,0,8,8,7,0,0,0,33,542.8991684878858,0.6,-10.31
32.55,83,AV,0,9,8,3,4,0,0,68,1454.957177165027,0.2,-6.51
29.6,230,AV,1,3,8,2,3,0,0,54,1434.4967426379471,0.3,-8.88
21.983333333333334,138,AV,1,1,6,5,12,0,0,40,2382.718205806423,0.1,-2.1983333333333337
30.833333333333332,12,AV,0,7,1,1,2,0,0,60,5882.279762541917,0.1,-3.0833333333333335
14.216666666666667,181,AV,1,0,8,0,3,0,0,6,1517.942512651984,0.3,-4.265
33.63333333333333,148,AV,1,3,4,1,1,0,0,76,832.3173438658397,0.3,-10.09
23.5,52,AV,1,2,5,6,2,0,0,50,1718.6657268339234,0.4,-9.4
34.03333333333333,190,AV,1,0,7,3,0,0,0,79,388.2787303527966,0.2,-6.806666666666667
31.7,226,AV,1,2,5,2,5,0,0,72,8795.495569618428,0.1,-3.17
13.266666666666667,15,AV,1,2,5,6,1,0,0,5,3882.59008652233,0.1,-1.3266666666666669
35.4,167,AV,2,2,2,7,8,0,0,56,2520.757475212996,0.2,-7.08
36.8,87,AV,1,1,5,3,7,0,0,90,742.4887258523852,0.2,-7.359999999999999
13.683333333333334,127,AV,1,3,8,2,8,0,0,4,465.3670128771111,0.4,-5.473333333333334
38.4,43,AV,1,1,8,1,0,0,0,94,2530.9644311939346,0.1,-3.84
31.983333333333334,199,AV,2,1,0,6,0,0,0,34,3752.1132597063192,0.2,-6.396666666666667
28.383333333333333,276,AV,2,0,3,0,15,0,0,19,6130.868263041086,0.3,-8.514999999999999
33.233333333333334,296,AV,2,3,1,4,12,0,0,47,863.5619359671642,0.7,-23.263333333333332
32.416666666666664,64,AV,1,0,4,8,12,0,0,75,4754.245589533712,0.2,-6.483333333333333
29.466666666666665,253,AV,2,3,3,6,0,0,0,21,1148.2139867956057,0.3,-8.84
37.15,56,AV,1,1,6,0,5,0,0,96,1751.9448432672848,0.4,-14.86
13.333333333333334,30,AV,1,1,6,0,6,0,0,5,1592.2311391495805,0.6,-8.0
17.65,109,AV,1,3,4,1,2,0,0,17,2722.266725979925,0.1,-1.765
24.75,58,AV,1,2,7,3,5,0,0,42,1509.578116022191,1.0,-24.75
21.6,242,AV,1,2,6,6,0,0,0,42,597.1498506777683,0.2,-4.32
12.2,118,AV,0,4,2,7,9,0,0,17,837.3801312568858,0.3,-3.6599999999999997
29.366666666666667,21,AV,1,1,6,3,0,0,0,64,720.4688823460104,0.3,-8.81
33.71666666666667,54,AV,1,3,4,1,3,0,0,75,5434.023139443809,0.1,-3.371666666666667
31.1,77,AV,1,1,5,3,0,0,0,68,3456.1529418207683,0.3,-9.33
36.9,115,AV,2,3,1,4,10,0,0,65,1174.3503864217532,0.1,-3.69
6.85,231,AV,0,5,4,3,1,0,0,3,2113.1349678504243,0.1,-0.685
39.63333333333333,204,AV,2,3,2,0,12,0,0,54,1301.8927857652438,0.2,-7.926666666666667
30.2,236,AV,2,2,3,3,6,0,0,35,627.4062491148882,0.1,-3.02
19.633333333333333,284,AV,1,0,5,0,2,0,0,25,818.0604611907775,0.1,-1.9633333333333334
16.883333333333333,229,AV,1,1,5,3,1,0,0,16,2360.1328348572283,0.3,-5.0649999999999995
42.733333333333334,140,AV,0,6,7,2,1,0,0,99,10783.100237376317,0.2,-8.546666666666667
29.383333333333333,218,AV,1,2,4,3,3,0,0,62,1986.5043233563797,0.2,-5.876666666666667
25.666666666666668,91,AV,2,1,0,5,2,0,0,6,793.0252767736928,0.4,-10.266666666666667
21.366666666666667,1,AV,2,3,3,6,3,0,0,1,1794.439334206041,0.3,-6.41
