travel_time,id,kind,action,origin,destination,start_time,income,urgency,reward,observation,cost_table
39.083333333333336,122,AV,1,0,0,68,1832.3133019091129,0.2,-0.07816666666666668,"0.5710296296296297,0.33294077834179353,0.3156241496598639,0.2,0.68,0.0962325552547376","0,0,0"
28.666666666666668,247,AV,2,0,0,61,5304.212874057136,0.1,-0.02866666666666667,"0.49974074074074076,0.3040688888888889,0.28709289617486333,0.1,0.61,0.2785756987922106","0,0,0"
15.266666666666667,58,AV,1,0,0,40,1020.7360413649084,0.2,-0.030533333333333336,"0.19363194444444443,0.13907192982456137,0.16462745098039216,0.2,0.4,0.053608756427629224","0,0,0"
42.11666666666667,260,AV,1,0,0,85,5985.732437913218,0.4,-0.16846666666666668,"0.6862185185185186,0.3696252204585537,0.35061792452830187,0.4,0.85,0.31436890567316916","0,0,0"
34.11666666666667,160,AV,2,0,0,73,2756.9260540590044,0.1,-0.03411666666666667,"0.620266081871345,0.35229214559386973,0.331302752293578,0.1,0.73,0.14479294482773922","0,0,0"
12.9,264,AV,2,0,0,25,6081.635477498837,0.1,-0.012900000000000002,"0.06279504504504504,0.08138368055555555,0.11829411764705881,0.1,0.25,0.31940570508209365","0,0,0"
30.083333333333332,186,AV,1,0,0,56,3251.3322332141274,0.4,-0.12033333333333335,"0.4153916666666667,0.25840811965811966,0.2571847826086956,0.4,0.56,0.17075901182308162","0,0,0"
28.183333333333334,142,AV,1,0,0,55,2361.523720441912,0.2,-0.05636666666666667,"0.3903301886792454,0.2446116005873715,0.2462583333333333,0.2,0.55,0.12402653065718573","0,0,0"
40.93333333333333,141,AV,1,0,0,74,2360.1328348572283,0.2,-0.08186666666666667,"0.6304215686274511,0.3547947269303202,0.33588095238095234,0.2,0.74,0.12395348175570059","0,0,0"
32.1,298,AV,1,0,0,58,17693.100214811147,0.4,-0.12840000000000001,"0.44750680272108845,0.2743504801097394,0.2698993055555556,0.4,0.58,0.9292364151236616","0,0,0"
19.683333333333334,98,AV,1,0,0,46,1538.317647081207,0.1,-0.019683333333333334,"0.26409374999999996,0.17469186991869917,0.19723946360153255,0.1,0.46,0.08079199000402343","0,0,0"
19.633333333333333,147,AV,2,0,0,46,2456.6540037696086,0.1,-0.019633333333333336,"0.26409374999999996,0.17469186991869917,0.19723946360153255,0.1,0.46,0.12902274513491346","0,0,0"
11.716666666666667,125,AV,2,0,0,17,2011.9739719035176,0.1,-0.011716666666666667,"0.05434027777777778,0.07712037037037037,0.11537037037037035,0.1,0.17,0.10566828075775386","0,0,0"
20.616666666666667,99,AV,1,0,0,47,1541.4014724042315,0.2,-0.04123333333333334,"0.2803566666666667,0.17988363363363363,0.1995514705882353,0.2,0.47,0.08095395160223084","0,0,0"
19.366666666666667,132,AV,2,0,0,41,2108.868816674547,0.1,-0.01936666666666667,"0.20905952380952378,0.1440338409475465,0.16960891089108907,0.1,0.41,0.1107571694830674","0,0,0"
28.683333333333334,271,AV,1,0,0,55,7177.938863287724,0.3,-0.08605,"0.3903301886792454,0.2446116005873715,0.2462583333333333,0.3,0.55,0.3769832361947931","0,0,0"
34.516666666666666,103,AV,1,0,0,60,1564.487892525026,0.4,-0.13806666666666667,"0.48100666666666675,0.2962613803230543,0.2811084656084656,0.4,0.6,0.08216644359123385","0,0,0"
28.45,20,AV,1,0,0,55,597.1498506777683,0.3,-0.08535,"0.3903301886792454,0.2446116005873715,0.2462583333333333,0.3,0.55,0.03136213437998447","0,0,0"
32.983333333333334,32,AV,1,0,0,59,761.8437659652793,0.3,-0.09895000000000001,"0.46478968253968256,0.28268181818181815,0.27337202380952386,0.3,0.59,0.04001181033142316","0,0,0"
13.233333333333333,4,AV,1,0,0,36,457.16351791608827,0.4,-0.05293333333333333,"0.14288666666666666,0.11883333333333336,0.14631446540880502,0.4,0.36,0.02401009338985435","0,0,0"
16.366666666666667,151,AV,1,0,0,41,2574.4307659940623,0.3,-0.049100000000000005,"0.20905952380952378,0.1440338409475465,0.16960891089108907,0.3,0.41,0.13520834601805928","0,0,0"
30.033333333333335,144,AV,1,0,0,56,2417.357356239525,0.3,-0.0901,"0.4153916666666667,0.25840811965811966,0.2571847826086956,0.3,0.56,0.12695889677403294","0,0,0"
11.766666666666667,234,AV,1,0,0,33,4662.282088415262,0.5,-0.058833333333333335,"0.11161475409836066,0.10341475095785442,0.13399841269841267,0.5,0.33,0.24486168288967095","0,0,0"
10.766666666666667,14,AV,2,0,0,19,567.550811201735,0.1,-0.010766666666666667,"0.05535858585858585,0.07795977011494254,0.11592028985507247,0.1,0.19,0.0298076015395053","0,0,0"
33.93333333333333,22,AV,2,0,0,74,627.4062491148882,0.1,-0.033933333333333336,"0.6304215686274511,0.3547947269303202,0.33588095238095234,0.1,0.74,0.03295119151959908","0,0,0"
17.183333333333334,57,AV,1,0,0,44,1005.9867386644172,0.2,-0.03436666666666667,"0.23282945736434105,0.15709054487179488,0.1832059925093633,0.2,0.44,0.052834127391418545","0,0,0"
33.5,124,AV,1,0,0,59,1927.298426803608,0.5,-0.1675,"0.46478968253968256,0.28268181818181815,0.27337202380952386,0.5,0.59,0.10122114605428258","0,0,0"
39.666666666666664,162,AV,1,0,0,71,2780.081336731352,0.4,-0.15866666666666668,"0.6110653594771241,0.34576292335115866,0.32601960784313727,0.4,0.71,0.14600905345767937","0,0,0"
35.2,42,AV,1,0,0,61,863.3540159882258,0.3,-0.10560000000000001,"0.49974074074074076,0.3040688888888889,0.28709289617486333,0.3,0.61,0.0453430987819722","0,0,0"
27.333333333333332,50,AV,1,0,0,54,914.1934345695068,0.1,-0.027333333333333334,"0.38523913043478264,0.23590876436781605,0.24204032258064515,0.1,0.54,0.048013170080720285","0,0,0"
23.516666666666666,91,AV,1,0,0,50,1474.807688008607,0.3,-0.07055,"0.326279761904762,0.20473395931142413,0.21895070422535212,0.3,0.5,0.07745646564838392","0,0,0"
32.45,137,AV,1,0,0,58,2239.194506681481,0.1,-0.03245,"0.44750680272108845,0.2743504801097394,0.2698993055555556,0.1,0.58,0.11760183635943447","0,0,0"
8.216666666666667,217,AV,0,0,0,28,4164.701887555128,0.7,-0.059317515851673476,"0.06873859649122806,0.08441958041958042,0.12202287581699346,0.7,0.28,0.21872891720868953","0,0,0"
28.866666666666667,279,AV,2,0,0,60,8333.728817076937,0.1,-0.02886666666666667,"0.48100666666666675,0.2962613803230543,0.2811084656084656,0.1,0.6,0.4376849843483456","0,0,0"
22.1,277,AV,2,0,0,48,7958.958807233507,0.1,-0.0221,"0.29887908496732024,0.1903953662182362,0.2070858585858586,0.1,0.48,0.4180021737490339","0,0,0"
30.266666666666666,207,AV,1,0,0,56,3849.958431883558,0.3,-0.09079999999999999,"0.4153916666666667,0.25840811965811966,0.2571847826086956,0.3,0.56,0.20219868356500897","0,0,0"
31.8,120,AV,2,0,0,70,1823.811293294481,0.1,-0.0318,"0.6059375,0.34320105820105823,0.3237783171521035,0.1,0.7,0.09578603226495669","0,0,0"
12.316666666666666,200,AV,1,0,0,35,3520.054626539052,0.5,-0.06158333333333333,"0.13324000000000003,0.11413139329805996,0.14203465346534652,0.5,0.35,0.18487223281912113","0,0,0"
9.866666666666667,203,AV,1,0,0,30,3667.3634505223554,0.7,-0.06906666666666667,"0.0880365296803653,0.09101572327044026,0.1263287037037037,0.7,0.3,0.19260884889275526","0,0,0"
22.0,291,AV,1,0,0,49,11861.36896338871,0.1,-0.022000000000000002,"0.3142183908045977,0.19895107033639142,0.21429687500000003,0.1,0.49,0.622955606433049","0,0,0"
42.36666666666667,77,AV,1,0,0,86,1265.4739572733297,0.6,-0.2542,"0.6854074074074074,0.3710996563573883,0.3521419141914191,0.6,0.86,0.0664623197298481","0,0,0"
26.25,44,AV,1,0,0,53,870.7377108213431,0.7,-0.18375,"0.3695037037037037,0.23204592592592593,0.2418547619047619,0.7,0.53,0.045730888261135916","0,0,0"
15.583333333333334,71,AV,2,0,0,36,1167.011530479414,0.1,-0.015583333333333336,"0.14288666666666666,0.11883333333333336,0.14631446540880502,0.1,0.36,0.061291102058127545","0,0,0"
33.333333333333336,267,AV,1,0,0,59,6254.49597505133,0.2,-0.06666666666666668,"0.46478968253968256,0.28268181818181815,0.27337202380952386,0.2,0.59,0.3284842875301661","0,0,0"
19.983333333333334,129,AV,1,0,0,46,2044.1603053436156,0.3,-0.059949999999999996,"0.26409374999999996,0.17469186991869917,0.19723946360153255,0.3,0.46,0.10735869751562734","0,0,0"
10.716666666666667,135,AV,1,0,0,31,2147.781038516846,0.3,-0.03215,"0.09473484848484848,0.09435403726708076,0.12899115044247783,0.3,0.31,0.1128008279199854","0,0,0"
19.366666666666667,128,AV,2,0,0,44,2035.9911412414244,0.1,-0.01936666666666667,"0.23282945736434105,0.15709054487179488,0.1832059925093633,0.1,0.44,0.10692965542166336","0,0,0"
11.816666666666666,228,AV,1,0,0,33,4549.070920567666,0.6,-0.0709,"0.11161475409836066,0.10341475095785442,0.13399841269841267,0.6,0.33,0.2389158656792649","0,0,0"
11.016666666666667,78,AV,1,0,0,32,1282.6858023855964,0.4,-0.04406666666666667,"0.10218333333333333,0.09762828282828284,0.13065652173913042,0.4,0.32,0.06736628076864885","0,0,0"
19.616666666666667,116,AV,1,0,0,46,1703.2333497257905,0.1,-0.01961666666666667,"0.26409374999999996,0.17469186991869917,0.19723946360153255,0.1,0.46,0.08945331416217002","0,0,0"
22.716666666666665,249,AV,1,0,0,49,5386.149373461946,0.3,-0.06814999999999999,"0.3142183908045977,0.19895107033639142,0.21429687500000003,0.3,0.49,0.28287897962204345","0,0,0"
34.733333333333334,45,AV,1,0,0,59,873.8892656114449,0.1,-0.03473333333333333,"0.46478968253968256,0.28268181818181815,0.27337202380952386,0.1,0.59,0.045896406991017324","0,0,0"
35.916666666666664,112,AV,1,0,0,62,1635.9686818612918,0.6,-0.21549999999999997,"0.5133809523809523,0.3100716510903427,0.2909142857142857,0.6,0.62,0.08592059360601972","0,0,0"
20.133333333333333,47,AV,1,0,0,47,892.1845339920479,0.8,-0.1610666666666667,"0.2803566666666667,0.17988363363363363,0.1995514705882353,0.8,0.47,0.046857269100953565","0,0,0"
7.783333333333333,208,AV,1,0,0,22,3863.855435177377,0.3,-0.02335,"0.059813559322033895,0.0796076923076923,0.11790217391304349,0.3,0.22,0.2029285500872649","0,0,0"
32.266666666666666,262,AV,2,0,0,63,6020.57275324985,0.1,-0.032266666666666666,"0.5299220430107527,0.31656369982547994,0.2941915708812261,0.1,0.63,0.3161987087790199","0,0,0"
40.46666666666667,190,AV,1,0,0,73,3323.1633986738134,0.2,-0.08093333333333334,"0.620266081871345,0.35229214559386973,0.331302752293578,0.2,0.73,0.17453156348873247","0,0,0"
9.066666666666666,101,AV,1,0,0,23,1552.9853059451273,0.3,-0.0272,"0.06133084577114428,0.07959722222222222,0.11763888888888888,0.3,0.23,0.08156233112997016","0,0,0"
5.2,89,AV,0,0,0,6,1447.5744631551047,0.8,-0.04678108062203112,"0.0,0.0,0.0,0.8,0.06,0.07602618469547658","0,0,0"
25.316666666666666,179,AV,1,0,0,52,3065.2253709468137,0.7,-0.17721666666666663,"0.35543617021276597,0.22449847792998476,0.23605180180180177,0.7,0.52,0.16098473419939963","0,0,0"
25.5,243,AV,1,0,0,52,5009.92015912814,0.3,-0.0765,"0.35543617021276597,0.22449847792998476,0.23605180180180177,0.3,0.52,0.2631195320324301","0,0,0"
25.533333333333335,240,AV,1,0,0,52,4967.653125719208,0.1,-0.02553333333333334,"0.35543617021276597,0.22449847792998476,0.23605180180180177,0.1,0.52,0.26089967987955814","0,0,0"
13.366666666666667,268,AV,2,0,0,33,6563.608435155774,0.2,-0.026733333333333338,"0.11161475409836066,0.10341475095785442,0.13399841269841267,0.2,0.33,0.34471878294420655","0,0,0"
22.766666666666666,297,AV,1,0,0,49,15387.119225735782,0.6,-0.1366,"0.3142183908045977,0.19895107033639142,0.21429687500000003,0.6,0.49,0.8081269723682344","0,0,0"
28.75,59,AV,1,0,0,55,1022.032321197676,0.3,-0.08625,"0.3903301886792454,0.2446116005873715,0.2462583333333333,0.3,0.55,0.053676836662871985","0,0,0"
29.083333333333332,145,AV,1,0,0,55,2421.0391237858234,0.2,-0.05816666666666667,"0.3903301886792454,0.2446116005873715,0.2462583333333333,0.2,0.55,0.12715226212179587","0,0,0"
38.21666666666667,215,AV,1,0,0,66,4090.160813256426,0.6,-0.2293,"0.5586401515151515,0.3279965457685665,0.31269255663430423,0.6,0.66,0.21481404192850495","0,0,0"
15.816666666666666,118,AV,1,0,0,40,1799.695682844959,0.3,-0.04745,"0.19363194444444443,0.13907192982456137,0.16462745098039216,0.3,0.4,0.09451948750284238","0,0,0"
36.85,193,AV,1,0,0,64,3387.2787239910285,0.2,-0.0737,"0.5413333333333333,0.3196541889483066,0.3023044217687075,0.2,0.64,0.17789888150134298","0,0,0"
30.15,28,AV,1,0,0,56,679.8949342204361,0.4,-0.1206,"0.4153916666666667,0.25840811965811966,0.2571847826086956,0.4,0.56,0.03570788181072196","0,0,0"
11.816666666666666,159,AV,1,0,0,34,2744.8905386527767,0.4,-0.04726666666666667,"0.12348765432098764,0.11001639344262294,0.13889644012944985,0.4,0.34,0.14416084310139018","0,0,0"
14.216666666666667,293,AV,2,0,0,34,13351.937436366714,0.1,-0.014216666666666667,"0.12348765432098764,0.11001639344262294,0.13889644012944985,0.1,0.34,0.7012398238686656","0,0,0"
32.68333333333333,105,AV,1,0,0,58,1587.6148581174584,0.4,-0.13073333333333334,"0.44750680272108845,0.2743504801097394,0.2698993055555556,0.4,0.58,0.08338106501647227","0,0,0"
42.71666666666667,24,AV,1,0,0,92,646.5589615252754,0.2,-0.08543333333333335,"0.6910138888888889,0.37335481099656354,0.35890646258503395,0.2,0.92,0.03395708633758153","0,0,0"
33.71666666666667,187,AV,1,0,0,59,3257.969850357721,0.7,-0.23601666666666665,"0.46478968253968256,0.28268181818181815,0.27337202380952386,0.7,0.59,0.17110761752160772","0,0,0"
18.216666666666665,26,AV,1,0,0,45,670.158540600369,0.1,-0.018216666666666666,"0.24870125786163524,0.16663745704467356,0.19017562724014336,0.1,0.45,0.03519652928381035","0,0,0"
5.166666666666667,154,AV,0,0,0,9,2645.062412614309,0.7,-0.03900213851195564,"0.05197916666666667,0.07686111111111113,0.11483333333333334,0.7,0.09,0.13891789930735432","0,0,0"
33.45,197,AV,2,0,0,69,3438.9188747307694,0.1,-0.03345,"0.5855978260869567,0.3351349206349207,0.31600158730158723,0.1,0.69,0.18061100701734908","0,0,0"
23.766666666666666,199,AV,1,0,0,50,3508.846318545673,0.5,-0.11883333333333333,"0.326279761904762,0.20473395931142413,0.21895070422535212,0.5,0.5,0.18428357578259733","0,0,0"
15.0,172,AV,1,0,0,39,2965.4163440895786,0.2,-0.03,"0.19109183673469388,0.1369313725490196,0.16336057692307693,0.2,0.39,0.15574279348874007","0,0,0"
32.583333333333336,284,AV,2,0,0,63,8987.822610831106,0.1,-0.03258333333333334,"0.5299220430107527,0.31656369982547994,0.2941915708812261,0.1,0.63,0.472037797856628","0,0,0"
38.28333333333333,239,AV,1,0,0,66,4934.883137056144,0.5,-0.19141666666666665,"0.5586401515151515,0.3279965457685665,0.31269255663430423,0.5,0.66,0.2591786097211798","0,0,0"
35.81666666666667,166,AV,1,0,0,62,2857.6088215719105,0.6,-0.2149,"0.5133809523809523,0.3100716510903427,0.2909142857142857,0.6,0.62,0.1500807741404395","0,0,0"
13.55,97,AV,1,0,0,37,1530.6528609905624,0.4,-0.054200000000000005,"0.1585233333333333,0.12468773946360154,0.1508448275862069,0.4,0.37,0.08038943769475668","0,0,0"
17.666666666666668,290,AV,1,0,0,44,11515.391842589095,0.2,-0.035333333333333335,"0.23282945736434105,0.15709054487179488,0.1832059925093633,0.2,0.44,0.6047849898908156","0,0,0"
30.633333333333333,275,AV,2,0,0,66,7864.29237148983,0.1,-0.030633333333333335,"0.5586401515151515,0.3279965457685665,0.31269255663430423,0.1,0.66,0.41303032040988025","0,0,0"
7.866666666666666,2,AV,1,0,0,14,437.8567856598078,0.3,-0.0236,"0.05178888888888889,0.0765952380952381,0.114,0.3,0.14,0.022996109494903022","0,0,0"
31.233333333333334,25,AV,1,0,0,57,649.7132696839626,0.2,-0.06246666666666667,"0.43452976190476195,0.2674163150492264,0.26566312056737584,0.2,0.57,0.034122749673570554","0,0,0"
31.083333333333332,108,AV,1,0,0,57,1592.6375082496468,0.1,-0.03108333333333333,"0.43452976190476195,0.2674163150492264,0.26566312056737584,0.1,0.57,0.08364485312294262","0,0,0"
42.38333333333333,73,AV,1,0,0,82,1239.4416864014672,0.2,-0.08476666666666667,"0.6796259259259259,0.36625185185185194,0.3484391304347826,0.2,0.82,0.06509511252654251","0,0,0"
27.15,241,AV,1,0,0,53,4968.170350229253,0.1,-0.027149999999999997,"0.3695037037037037,0.23204592592592593,0.2418547619047619,0.1,0.53,0.260926844358575","0,0,0"
34.28333333333333,222,AV,2,0,0,78,4376.119511966378,0.1,-0.03428333333333333,"0.6696209150326797,0.36448747591522157,0.34546408045977,0.1,0.78,0.22983250860967044","0,0,0"
23.366666666666667,29,AV,1,0,0,50,742.4887258523852,0.3,-0.0701,"0.326279761904762,0.20473395931142413,0.21895070422535212,0.3,0.5,0.03899528932206243","0,0,0"
18.733333333333334,255,AV,1,0,0,45,5825.994272151124,0.7,-0.13113333333333335,"0.24870125786163524,0.16663745704467356,0.19017562724014336,0.7,0.45,0.3059795042280261","0,0,0"
18.333333333333332,109,AV,1,0,0,45,1596.1763216794554,0.2,-0.03666666666666667,"0.24870125786163524,0.16663745704467356,0.19017562724014336,0.2,0.45,0.0838307105625876","0,0,0"
29.333333333333332,184,AV,2,0,0,61,3236.647802754315,0.1,-0.029333333333333336,"0.49974074074074076,0.3040688888888889,0.28709289617486333,0.1,0.61,0.16998778985785554","0,0,0"
35.583333333333336,272,AV,1,0,0,61,7572.106998522375,0.3,-0.10675,"0.49974074074074076,0.3040688888888889,0.28709289617486333,0.3,0.61,0.3976848306296006","0,0,0"
9.166666666666666,287,AV,1,0,0,26,9280.176126726552,0.3,-0.027499999999999997,"0.06467291666666666,0.08185973597359736,0.11915765765765768,0.3,0.26,0.48739211845399105","0,0,0"
22.866666666666667,258,AV,1,0,0,49,5911.733280178027,0.2,-0.04573333333333334,"0.3142183908045977,0.19895107033639142,0.21429687500000003,0.2,0.49,0.3104824916913811","0,0,0"
12.733333333333333,119,AV,2,0,0,27,1822.2981036688468,0.1,-0.012733333333333333,"0.06662546816479399,0.08310546875,0.11977902621722845,0.1,0.27,0.09570655999124235","0,0,0"
26.816666666666666,100,AV,1,0,0,53,1546.5147326922538,0.1,-0.02681666666666667,"0.3695037037037037,0.23204592592592593,0.2418547619047619,0.1,0.53,0.08122249852741349","0,0,0"
13.916666666666666,52,AV,1,0,0,37,959.5289757906356,0.2,-0.027833333333333335,"0.1585233333333333,0.12468773946360154,0.1508448275862069,0.2,0.37,0.05039417936063988","0,0,0"
32.8,80,AV,2,0,0,73,1294.2551843223837,0.1,-0.032799999999999996,"0.620266081871345,0.35229214559386973,0.331302752293578,0.1,0.73,0.06797390130239438","0,0,0"
16.433333333333334,140,AV,1,0,0,41,2347.541384251396,0.8,-0.13146666666666668,"0.20905952380952378,0.1440338409475465,0.16960891089108907,0.8,0.41,0.12329218247631395","0,0,0"
19.0,253,AV,1,0,0,45,5670.319740923212,0.4,-0.07600000000000001,"0.24870125786163524,0.16663745704467356,0.19017562724014336,0.4,0.45,0.29780352367244284","0,0,0"
26.783333333333335,283,AV,1,0,0,51,8975.220492497892,0.2,-0.05356666666666668,"0.3483469387755102,0.21996495327102805,0.23107575757575755,0.2,0.51,0.47137593831133945","0,0,0"
19.483333333333334,127,AV,2,0,0,42,2030.86588445069,0.1,-0.019483333333333335,"0.212297619047619,0.14816745655608218,0.17102490421455943,0.1,0.42,0.10666047844368956","0,0,0"
37.36666666666667,149,AV,1,0,0,65,2472.005569054355,0.3,-0.11209999999999999,"0.5457901234567902,0.32324772313296907,0.3040210355987055,0.3,0.65,0.12982900482476664","0,0,0"
15.983333333333333,41,AV,1,0,0,40,861.805442805673,0.5,-0.07991666666666666,"0.19363194444444443,0.13907192982456137,0.16462745098039216,0.5,0.4,0.04526176817426404","0,0,0"
34.666666666666664,130,AV,1,0,0,60,2052.607856914241,0.2,-0.06933333333333333,"0.48100666666666675,0.2962613803230543,0.2811084656084656,0.2,0.6,0.10780236043748707","0,0,0"
34.11666666666667,285,AV,1,0,0,59,9030.678864893336,0.1,-0.03411666666666667,"0.46478968253968256,0.28268181818181815,0.27337202380952386,0.1,0.59,0.47428859570476767","0,0,0"
32.53333333333333,178,AV,2,0,0,69,3046.5766145774583,0.1,-0.03253333333333333,"0.5855978260869567,0.3351349206349207,0.31600158730158723,0.1,0.69,0.16000530700434717","0,0,0"
16.716666666666665,227,AV,1,0,0,42,4547.885280126284,0.3,-0.05014999999999999,"0.212297619047619,0.14816745655608218,0.17102490421455943,0.3,0.42,0.2388535961922898","0,0,0"
13.9,237,AV,2,0,0,33,4843.3187157075145,0.1,-0.013900000000000003,"0.11161475409836066,0.10341475095785442,0.13399841269841267,0.1,0.33,0.2543696732649421","0,0,0"
10.233333333333333,280,AV,1,0,0,30,8348.421721831439,0.4,-0.040933333333333335,"0.0880365296803653,0.09101572327044026,0.1263287037037037,0.4,0.3,0.43845665138103423","0,0,0"
24.166666666666668,106,AV,1,0,0,50,1588.8002265047048,0.4,-0.09666666666666668,"0.326279761904762,0.20473395931142413,0.21895070422535212,0.4,0.5,0.08344332021524425","0,0,0"
19.75,181,AV,1,0,0,46,3169.820795106812,0.6,-0.1185,"0.26409374999999996,0.17469186991869917,0.19723946360153255,0.6,0.46,0.16647805508747177","0,0,0"
10.15,218,AV,1,0,0,27,4196.147454418583,0.5,-0.05075,"0.06662546816479399,0.08310546875,0.11977902621722845,0.5,0.27,0.22038042912401049","0,0,0"
19.266666666666666,121,AV,2,0,0,44,1830.3424648913517,0.1,-0.019266666666666668,"0.23282945736434105,0.15709054487179488,0.1832059925093633,0.1,0.44,0.0961290474747023","0,0,0"
31.65,192,AV,1,0,0,57,3362.377553451843,0.6,-0.18989999999999999,"0.43452976190476195,0.2674163150492264,0.26566312056737584,0.6,0.57,0.17659107935455778","0,0,0"
40.21666666666667,133,AV,1,0,0,72,2123.4400354784907,0.2,-0.08043333333333334,"0.6098773584905661,0.3479293478260869,0.3267540453074433,0.2,0.72,0.11152244560545237","0,0,0"
18.3,82,AV,1,0,0,43,1348.5865378412918,0.9,-0.1647,"0.22795934959349595,0.15362717219589256,0.1781742424242424,0.9,0.43,0.07082736799617727","0,0,0"
32.38333333333333,171,AV,1,0,0,58,2964.6777926145683,0.2,-0.06476666666666667,"0.44750680272108845,0.2743504801097394,0.2698993055555556,0.2,0.58,0.15570400498267326","0,0,0"
33.68333333333333,221,AV,1,0,0,59,4343.557359248321,0.9,-0.30315,"0.46478968253968256,0.28268181818181815,0.27337202380952386,0.9,0.59,0.22812235393394506","0,0,0"
11.316666666666666,92,AV,1,0,0,32,1475.2077210572677,0.6,-0.0679,"0.10218333333333333,0.09762828282828284,0.13065652173913042,0.6,0.32,0.07747747526634545","0,0,0"
15.45,31,AV,2,0,0,38,743.7818724069466,0.1,-0.01545,"0.17010130718954247,0.1310899621212121,0.15694690265486724,0.1,0.38,0.039063204998456114","0,0,0"
31.3,161,AV,2,0,0,67,2761.3662775036096,0.1,-0.0313,"0.5648452380952381,0.3324128978224455,0.31630976430976426,0.1,0.67,0.14502614405602138","0,0,0"
36.516666666666666,164,AV,1,0,0,63,2835.850686157305,0.2,-0.07303333333333333,"0.5299220430107527,0.31656369982547994,0.2941915708812261,0.2,0.63,0.14893804327321036","0,0,0"
13.983333333333333,8,AV,1,0,0,36,497.26542980048754,0.2,-0.027966666666666667,"0.14288666666666666,0.11883333333333336,0.14631446540880502,0.2,0.36,0.026116233997585142","0,0,0"
34.28333333333333,167,AV,1,0,0,59,2891.134206742707,0.4,-0.13713333333333333,"0.46478968253968256,0.28268181818181815,0.27337202380952386,0.4,0.59,0.1518415175010447","0,0,0"
39.21666666666667,180,AV,1,0,0,69,3119.7161673652217,0.4,-0.15686666666666668,"0.5855978260869567,0.3351349206349207,0.31600158730158723,0.4,0.69,0.1638465747873305","0,0,0"
37.71666666666667,261,AV,2,0,0,83,6007.794801579103,0.1,-0.037716666666666676,"0.6865813953488373,0.36741308243727594,0.34965165165165174,0.1,0.83,0.31552761451860256","0,0,0"
19.533333333333335,176,AV,1,0,0,45,3031.4508351358254,0.9,-0.17580000000000004,"0.24870125786163524,0.16663745704467356,0.19017562724014336,0.9,0.45,0.15921090552051181","0,0,0"
17.766666666666666,74,AV,1,0,0,43,1240.6560786390864,0.2,-0.03553333333333333,"0.22795934959349595,0.15362717219589256,0.1781742424242424,0.2,0.43,0.06515889204939258","0,0,0"
40.31666666666667,256,AV,1,0,0,72,5844.130995646287,0.8,-0.32253333333333334,"0.6098773584905661,0.3479293478260869,0.3267540453074433,0.8,0.72,0.30693203960724846","0,0,0"
20.666666666666668,170,AV,1,0,0,47,2942.323800284961,0.2,-0.04133333333333333,"0.2803566666666667,0.17988363363363363,0.1995514705882353,0.2,0.47,0.15452997988566525","0,0,0"
17.916666666666668,183,AV,2,0,0,37,3227.056348793521,0.1,-0.017916666666666668,"0.1585233333333333,0.12468773946360154,0.1508448275862069,0.1,0.37,0.1694840495191844","0,0,0"
9.283333333333333,250,AV,1,0,0,28,5480.041794665195,0.3,-0.02785,"0.06873859649122806,0.08441958041958042,0.12202287581699346,0.3,0.28,0.2878101819453735","0,0,0"
30.0,62,AV,1,0,0,55,1046.6558973464134,0.2,-0.06,"0.3903301886792454,0.2446116005873715,0.2462583333333333,0.2,0.55,0.054970059633983805","0,0,0"
37.05,281,AV,1,0,0,65,8436.938288223368,0.3,-0.11115,"0.5457901234567902,0.32324772313296907,0.3040210355987055,0.3,0.65,0.4431055153921156","0,0,0"
20.733333333333334,266,AV,2,0,0,48,6248.181898567973,0.1,-0.020733333333333336,"0.29887908496732024,0.1903953662182362,0.2070858585858586,0.1,0.48,0.3281526740918779","0,0,0"
12.8,69,AV,1,0,0,35,1141.5133047894662,0.4,-0.0512,"0.13324000000000003,0.11413139329805996,0.14203465346534652,0.4,0.35,0.059951942750574055","0,0,0"
35.25,70,AV,2,0,0,74,1150.2916000513435,0.1,-0.03525,"0.6304215686274511,0.3547947269303202,0.33588095238095234,0.1,0.74,0.0604129762337403","0,0,0"
9.5,35,AV,1,0,0,28,777.0630287344238,0.2,-0.019000000000000003,"0.06873859649122806,0.08441958041958042,0.12202287581699346,0.2,0.28,0.04081112153210161","0,0,0"
21.433333333333334,220,AV,1,0,0,47,4304.4895651906745,0.2,-0.04286666666666667,"0.2803566666666667,0.17988363363363363,0.1995514705882353,0.2,0.47,0.22607052489007143","0,0,0"
29.666666666666668,134,AV,2,0,0,64,2131.3254046090938,0.1,-0.02966666666666667,"0.5413333333333333,0.3196541889483066,0.3023044217687075,0.1,0.64,0.11193658287104669","0,0,0"
14.833333333333334,7,AV,1,0,0,38,491.8679742725259,0.5,-0.07416666666666667,"0.17010130718954247,0.1310899621212121,0.15694690265486724,0.5,0.38,0.025832761222056865","0,0,0"
22.4,94,AV,1,0,0,48,1496.328062426438,0.1,-0.0224,"0.29887908496732024,0.1903953662182362,0.2070858585858586,0.1,0.48,0.07858670937805001","0,0,0"
23.7,254,AV,1,0,0,50,5721.231751015957,0.3,-0.0711,"0.326279761904762,0.20473395931142413,0.21895070422535212,0.3,0.5,0.30047740745600493","0,0,0"
41.75,19,AV,1,0,0,79,595.9176043698985,0.3,-0.12525,"0.6754233333333333,0.36529356060606055,0.34590204678362574,0.3,0.79,0.03129741716662037","0,0,0"
17.916666666666668,276,AV,2,0,0,42,7897.119961473183,0.1,-0.017916666666666668,"0.212297619047619,0.14816745655608218,0.17102490421455943,0.1,0.42,0.4147544157726446","0,0,0"
21.766666666666666,67,AV,1,0,0,48,1122.7546975855585,0.3,-0.0653,"0.29887908496732024,0.1903953662182362,0.2070858585858586,0.3,0.48,0.05896674622202671","0,0,0"
41.95,295,AV,1,0,0,82,13460.811009378149,0.7,-0.29365,"0.6796259259259259,0.36625185185185194,0.3484391304347826,0.7,0.82,0.7069578318750951","0,0,0"
37.71666666666667,152,AV,1,0,0,65,2612.3907844155665,0.4,-0.1508666666666667,"0.5457901234567902,0.32324772313296907,0.3040210355987055,0.4,0.65,0.13720199501160868","0,0,0"
24.133333333333333,9,AV,1,0,0,50,506.5869000089976,0.1,-0.024133333333333333,"0.326279761904762,0.20473395931142413,0.21895070422535212,0.1,0.5,0.02660579486905904","0,0,0"
36.9,219,AV,1,0,0,64,4227.85786318916,0.3,-0.11069999999999999,"0.5413333333333333,0.3196541889483066,0.3023044217687075,0.3,0.64,0.22204585045833433","0,0,0"
12.266666666666667,30,AV,1,0,0,33,743.7553910389753,0.3,-0.0368,"0.11161475409836066,0.10341475095785442,0.13399841269841267,0.3,0.33,0.03906181420480535","0,0,0"
15.7,292,AV,2,0,0,38,12197.400506638176,0.1,-0.015700000000000002,"0.17010130718954247,0.1310899621212121,0.15694690265486724,0.1,0.38,0.6406038841699384","0,0,0"
42.3,163,AV,1,0,0,86,2797.307504072895,0.9,-0.3807,"0.6854074074074074,0.3710996563573883,0.3521419141914191,0.9,0.86,0.1469137666957458","0,0,0"
32.8,296,AV,1,0,0,58,14312.770160915026,0.2,-0.06559999999999999,"0.44750680272108845,0.2743504801097394,0.2698993055555556,0.2,0.58,0.7517024757302859","0,0,0"
14.933333333333334,39,AV,1,0,0,37,857.6590975250949,0.7,-0.10453333333333334,"0.1585233333333333,0.12468773946360154,0.1508448275862069,0.7,0.37,0.04504400334065031","0,0,0"
37.7,185,AV,1,0,0,65,3245.380745418587,0.2,-0.07540000000000001,"0.5457901234567902,0.32324772313296907,0.3040210355987055,0.2,0.65,0.1704464414359456","0,0,0"
33.78333333333333,38,AV,1,0,0,59,837.3801312568858,0.1,-0.03378333333333333,"0.46478968253968256,0.28268181818181815,0.27337202380952386,0.1,0.59,0.04397895800158024","0,0,0"
34.28333333333333,150,AV,2,0,0,73,2533.2754137277425,0.1,-0.03428333333333333,"0.620266081871345,0.35229214559386973,0.331302752293578,0.1,0.73,0.13304687903156176","0,0,0"
8.866666666666667,53,AV,1,0,0,28,969.457736312404,0.3,-0.026600000000000002,"0.06873859649122806,0.08441958041958042,0.12202287581699346,0.3,0.28,0.050915634940603534","0,0,0"
12.7,177,AV,1,0,0,34,3032.1279287666234,0.8,-0.10160000000000001,"0.12348765432098764,0.11001639344262294,0.13889644012944985,0.8,0.34,0.15924646627869138","0,0,0"
17.116666666666667,43,AV,1,0,0,44,863.5619359671642,0.5,-0.08558333333333333,"0.23282945736434105,0.15709054487179488,0.1832059925093633,0.5,0.44,0.04535401867806252","0,0,0"
30.316666666666666,11,AV,1,0,0,56,539.5213747330826,0.2,-0.06063333333333333,"0.4153916666666667,0.25840811965811966,0.2571847826086956,0.2,0.56,0.028335503786943907","0,0,0"
8.466666666666667,76,AV,1,0,0,23,1261.43865123121,0.4,-0.03386666666666667,"0.06133084577114428,0.07959722222222222,0.11763888888888888,0.4,0.23,0.06625038664435261","0,0,0"
16.933333333333334,54,AV,2,0,0,39,978.4447105201264,0.1,-0.016933333333333335,"0.19109183673469388,0.1369313725490196,0.16336057692307693,0.1,0.39,0.051387628180578626","0,0,0"
24.35,242,AV,1,0,0,50,5004.1281918097375,0.5,-0.12175000000000001,"0.326279761904762,0.20473395931142413,0.21895070422535212,0.5,0.5,0.2628153396137967","0,0,0"
33.2,143,AV,2,0,0,69,2398.572127464108,0.1,-0.0332,"0.5855978260869567,0.3351349206349207,0.31600158730158723,0.1,0.69,0.12597230208838628","0,0,0"
16.05,123,AV,1,0,0,40,1848.7234685638712,0.9,-0.14445,"0.19363194444444443,0.13907192982456137,0.16462745098039216,0.9,0.4,0.09709441237693286","0,0,0"
29.316666666666666,148,AV,2,0,0,62,2458.2611968747465,0.1,-0.02931666666666667,"0.5133809523809523,0.3100716510903427,0.2909142857142857,0.1,0.62,0.12910715444370038","0,0,0"
27.583333333333332,229,AV,1,0,0,54,4549.115907877681,0.1,-0.027583333333333335,"0.38523913043478264,0.23590876436781605,0.24204032258064515,0.1,0.54,0.2389182283995444","0,0,0"
31.3,273,AV,2,0,0,63,7612.519032757181,0.1,-0.0313,"0.5299220430107527,0.31656369982547994,0.2941915708812261,0.1,0.63,0.39980725877188683","0,0,0"
14.933333333333334,158,AV,1,0,0,38,2744.255474143275,0.3,-0.0448,"0.17010130718954247,0.1310899621212121,0.15694690265486724,0.3,0.38,0.14412748970028938","0,0,0"
31.0,90,AV,2,0,0,65,1454.957177165027,0.1,-0.031,"0.5457901234567902,0.32324772313296907,0.3040210355987055,0.1,0.65,0.0764139226620948","0,0,0"
13.983333333333333,232,AV,2,0,0,31,4635.813442599864,0.2,-0.027966666666666667,"0.09473484848484848,0.09435403726708076,0.12899115044247783,0.2,0.31,0.24347155740278267","0,0,0"
43.71666666666667,138,AV,1,0,0,86,2239.257430619588,0.7,-0.30601666666666666,"0.6854074074074074,0.3710996563573883,0.3521419141914191,0.7,0.86,0.1176051411061415","0,0,0"
12.566666666666666,111,AV,2,0,0,28,1626.914224999384,0.1,-0.012566666666666669,"0.06873859649122806,0.08441958041958042,0.12202287581699346,0.1,0.28,0.08544505619691108","0,0,0"
36.6,95,AV,2,0,0,81,1507.5005543882637,0.1,-0.0366,"0.6776560283687942,0.3662689393939393,0.3470270655270655,0.1,0.81,0.07917348536713947","0,0,0"
32.95,93,AV,2,0,0,72,1485.5718097438446,0.1,-0.03295,"0.6098773584905661,0.3479293478260869,0.3267540453074433,0.1,0.72,0.07802179415338123","0,0,0"
20.75,257,AV,1,0,0,47,5862.8833826120845,0.3,-0.06224999999999999,"0.2803566666666667,0.17988363363363363,0.1995514705882353,0.3,0.47,0.30791690945072125","0,0,0"
31.783333333333335,88,AV,1,0,0,57,1446.9812594843625,0.2,-0.06356666666666667,"0.43452976190476195,0.2674163150492264,0.26566312056737584,0.2,0.57,0.0759950298133052","0,0,0"
41.28333333333333,223,AV,1,0,0,77,4381.240268036911,0.2,-0.08256666666666668,"0.6614659863945579,0.36139846743295023,0.34261396011396017,0.2,0.77,0.23010144921114412","0,0,0"
31.183333333333334,36,AV,1,0,0,56,802.5586880039084,0.1,-0.031183333333333337,"0.4153916666666667,0.25840811965811966,0.2571847826086956,0.1,0.56,0.042150146052007835","0,0,0"
24.666666666666668,174,AV,1,0,0,52,3001.8426729260827,0.7,-0.17266666666666666,"0.35543617021276597,0.22449847792998476,0.23605180180180177,0.7,0.52,0.1576558935567436","0,0,0"
38.666666666666664,173,AV,1,0,0,66,2966.188350320237,0.4,-0.15466666666666667,"0.5586401515151515,0.3279965457685665,0.31269255663430423,0.4,0.66,0.15578333902872574","0,0,0"
16.15,195,AV,2,0,0,36,3398.605365942332,0.1,-0.016149999999999998,"0.14288666666666666,0.11883333333333336,0.14631446540880502,0.1,0.36,0.17849375340250406","0,0,0"
36.88333333333333,278,AV,2,0,0,74,8326.33528790118,0.1,-0.03688333333333334,"0.6304215686274511,0.3547947269303202,0.33588095238095234,0.1,0.74,0.43729667837240127","0,0,0"
20.916666666666668,245,AV,1,0,0,47,5064.807770076448,0.9,-0.18825,"0.2803566666666667,0.17988363363363363,0.1995514705882353,0.9,0.47,0.2660022132026646","0,0,0"
11.7,16,AV,2,0,0,21,583.3206434887895,0.1,-0.0117,"0.057351449275362315,0.07860162601626017,0.11684895833333332,0.1,0.21,0.030635828489198207","0,0,0"
30.583333333333332,244,AV,1,0,0,56,5051.78348307234,0.1,-0.030583333333333337,"0.4153916666666667,0.25840811965811966,0.2571847826086956,0.1,0.56,0.26531818148305064","0,0,0"
31.0,214,AV,1,0,0,56,4015.909421979459,0.1,-0.031,"0.4153916666666667,0.25840811965811966,0.2571847826086956,0.1,0.56,0.21091438071535054","0,0,0"
13.3,10,AV,1,0,0,34,513.3463032142733,0.9,-0.11970000000000001,"0.12348765432098764,0.11001639344262294,0.13889644012944985,0.9,0.34,0.026960796735695607","0,0,0"
36.1,146,AV,1,0,0,62,2421.832203454489,0.4,-0.1444,"0.5133809523809523,0.3100716510903427,0.2909142857142857,0.4,0.62,0.12719391443254247","0,0,0"
13.333333333333334,274,AV,1,0,0,36,7658.5640246764915,0.2,-0.02666666666666667,"0.14288666666666666,0.11883333333333336,0.14631446540880502,0.2,0.36,0.4022255281936403","0,0,0"
28.833333333333332,236,AV,1,0,0,55,4754.245589533712,0.1,-0.028833333333333336,"0.3903301886792454,0.2446116005873715,0.2462583333333333,0.1,0.55,0.24969157889794616","0,0,0"
6.716666666666667,113,AV,0,0,0,21,1639.6236094811811,0.9,-0.06502422054466098,"0.057351449275362315,0.07860162601626017,0.11684895833333332,0.9,0.21,0.08611254932874826","0,0,0"
20.1,0,AV,1,0,0,46,388.2787303527966,0.5,-0.1005,"0.26409374999999996,0.17469186991869917,0.19723946360153255,0.5,0.46,0.02039228462402346","0,0,0"
34.31666666666667,136,AV,2,0,0,69,2164.09247058771,0.1,-0.03431666666666667,"0.5855978260869567,0.3351349206349207,0.31600158730158723,0.1,0.69,0.11365749953089815","0,0,0"
15.8,27,AV,1,0,0,38,676.2529471816457,0.2,-0.0316,"0.17010130718954247,0.1310899621212121,0.15694690265486724,0.2,0.38,0.03551660572350354","0,0,0"
14.016666666666667,191,AV,2,0,0,32,3352.9358316496982,0.1,-0.014016666666666667,"0.10218333333333333,0.09762828282828284,0.13065652173913042,0.1,0.32,0.17609520290478356","0,0,0"
27.533333333333335,211,AV,1,0,0,53,3942.222625638348,0.3,-0.0826,"0.3695037037037037,0.23204592592592593,0.2418547619047619,0.3,0.53,0.20704437186203256","0,0,0"
16.8,248,AV,1,0,0,42,5307.329693361759,0.4,-0.06720000000000001,"0.212297619047619,0.14816745655608218,0.17102490421455943,0.4,0.42,0.2787393932246195","0,0,0"
14.333333333333334,6,AV,1,0,0,37,477.1303205766694,0.8,-0.11466666666666668,"0.1585233333333333,0.12468773946360154,0.1508448275862069,0.8,0.37,0.025058743988140585","0,0,0"
12.3,210,AV,1,0,0,33,3941.04555698938,0.7,-0.08610000000000001,"0.11161475409836066,0.10341475095785442,0.13399841269841267,0.7,0.33,0.20698255256307185","0,0,0"
15.266666666666667,139,AV,1,0,0,38,2344.9936519099742,0.5,-0.07633333333333334,"0.17010130718954247,0.1310899621212121,0.15694690265486724,0.5,0.38,0.12315837632369546","0,0,0"
16.183333333333334,299,AV,1,0,0,40,19040.472291926453,0.4,-0.06473333333333334,"0.19363194444444443,0.13907192982456137,0.16462745098039216,0.4,0.4,1.0","0,0,0"
20.5,3,AV,1,0,0,46,449.0833195935783,0.2,-0.041,"0.26409374999999996,0.17469186991869917,0.19723946360153255,0.2,0.46,0.02358572375245118","0,0,0"
39.75,48,AV,1,0,0,70,898.3728471886773,0.9,-0.35775,"0.6059375,0.34320105820105823,0.3237783171521035,0.9,0.7,0.047182277488442635","0,0,0"
14.433333333333334,188,AV,1,0,0,36,3274.575105225111,0.3,-0.0433,"0.14288666666666666,0.11883333333333336,0.14631446540880502,0.3,0.36,0.17197972061930406","0,0,0"
34.016666666666666,189,AV,2,0,0,76,3301.717979419838,0.1,-0.03401666666666667,"0.6468124999999999,0.35885619047619044,0.34110968660968666,0.1,0.76,0.1734052563822082","0,0,0"
35.516666666666666,60,AV,2,0,0,89,1025.7249596144625,0.1,-0.03551666666666666,"0.691360544217687,0.37339230769230775,0.35886631944444447,0.1,0.89,0.05387077294555297","0,0,0"
41.56666666666667,86,AV,1,0,0,77,1411.5824788559885,0.8,-0.33253333333333335,"0.6614659863945579,0.36139846743295023,0.34261396011396017,0.8,0.77,0.07413589627472256","0,0,0"
31.5,64,AV,1,0,0,57,1074.3823512953045,0.4,-0.126,"0.43452976190476195,0.2674163150492264,0.26566312056737584,0.4,0.57,0.05642624483379356","0,0,0"
6.85,289,AV,0,0,0,20,10838.007207066395,0.6,-0.04179200913569331,"0.0553034188034188,0.0773101851851852,0.1146975308641975,0.6,0.2,0.5692089482287648","0,0,0"
27.9,175,AV,1,0,0,54,3024.224513765153,0.1,-0.027899999999999998,"0.38523913043478264,0.23590876436781605,0.24204032258064515,0.1,0.54,0.1588313812492711","0,0,0"
25.95,66,AV,1,0,0,51,1097.8259349569896,0.1,-0.02595,"0.3483469387755102,0.21996495327102805,0.23107575757575755,0.1,0.51,0.05765749494682913","0,0,0"
21.716666666666665,155,AV,1,0,0,48,2648.588416164911,0.3,-0.06514999999999999,"0.29887908496732024,0.1903953662182362,0.2070858585858586,0.3,0.48,0.1391030839759141","0,0,0"
15.733333333333333,83,AV,2,0,0,37,1373.5659577718477,0.1,-0.015733333333333332,"0.1585233333333333,0.12468773946360154,0.1508448275862069,0.1,0.37,0.07213927977796368","0,0,0"
33.25,201,AV,1,0,0,58,3608.770587345788,0.9,-0.29925,"0.44750680272108845,0.2743504801097394,0.2698993055555556,0.9,0.58,0.18953156896617424","0,0,0"
27.016666666666666,212,AV,1,0,0,53,3958.913906791885,0.2,-0.054033333333333336,"0.3695037037037037,0.23204592592592593,0.2418547619047619,0.2,0.53,0.20792099303495454","0,0,0"
37.56666666666667,259,AV,1,0,0,64,5913.041300376779,0.2,-0.07513333333333334,"0.5413333333333333,0.3196541889483066,0.3023044217687075,0.2,0.64,0.31055118852718944","0,0,0"
38.9,126,AV,2,0,0,87,2015.5588757501516,0.1,-0.038900000000000004,"0.6896808510638297,0.37193630017452006,0.35868464052287585,0.1,0.87,0.10585655885252329","0,0,0"
27.516666666666666,115,AV,1,0,0,54,1682.490559712908,0.1,-0.02751666666666667,"0.38523913043478264,0.23590876436781605,0.24204032258064515,0.1,0.54,0.0883639089365613","0,0,0"
33.766666666666666,21,AV,2,0,0,72,623.7253316558669,0.1,-0.03376666666666667,"0.6098773584905661,0.3479293478260869,0.3267540453074433,0.1,0.72,0.03275787081816973","0,0,0"
29.383333333333333,238,AV,1,0,0,55,4925.450001742355,0.6,-0.17629999999999998,"0.3903301886792454,0.2446116005873715,0.2462583333333333,0.6,0.55,0.25868318423124653","0,0,0"
39.0,165,AV,1,0,0,66,2838.632091159661,0.9,-0.35100000000000003,"0.5586401515151515,0.3279965457685665,0.31269255663430423,0.9,0.66,0.149084121845197","0,0,0"
12.783333333333333,51,AV,2,0,0,21,932.0432837729122,0.1,-0.012783333333333334,"0.057351449275362315,0.07860162601626017,0.11684895833333332,0.1,0.21,0.04895063890658413","0,0,0"
18.666666666666668,168,AV,1,0,0,45,2909.8477340427667,0.3,-0.056,"0.24870125786163524,0.16663745704467356,0.19017562724014336,0.3,0.45,0.15282434644631168","0,0,0"
18.933333333333334,68,AV,1,0,0,45,1141.0395517097602,0.1,-0.018933333333333333,"0.24870125786163524,0.16663745704467356,0.19017562724014336,0.1,0.45,0.05992706137828231","0,0,0"
18.183333333333334,81,AV,1,0,0,44,1297.4303329633815,0.2,-0.03636666666666667,"0.23282945736434105,0.15709054487179488,0.1832059925093633,0.2,0.44,0.06814065917437974","0,0,0"
11.5,23,AV,1,0,0,29,632.5893922142865,0.8,-0.09200000000000001,"0.07984401709401709,0.08776470588235293,0.12350000000000001,0.8,0.29,0.033223408669464424","0,0,0"
24.366666666666667,265,AV,1,0,0,50,6130.868263041086,0.8,-0.19493333333333335,"0.326279761904762,0.20473395931142413,0.21895070422535212,0.8,0.5,0.3219913964865619","0,0,0"
36.56666666666667,12,AV,1,0,0,63,541.9839687696077,0.4,-0.14626666666666668,"0.5299220430107527,0.31656369982547994,0.2941915708812261,0.4,0.63,0.028464838500850628","0,0,0"
25.8,196,AV,1,0,0,52,3427.0421228311798,0.4,-0.10320000000000001,"0.35543617021276597,0.22449847792998476,0.23605180180180177,0.4,0.52,0.1799872435036349","0,0,0"
33.766666666666666,131,AV,2,0,0,65,2088.64210540395,0.1,-0.03376666666666667,"0.5457901234567902,0.32324772313296907,0.3040210355987055,0.1,0.65,0.10969486856109009","0,0,0"
17.95,286,AV,1,0,0,44,9095.945853089892,0.5,-0.08975,"0.23282945736434105,0.15709054487179488,0.1832059925093633,0.5,0.44,0.47771639871279653","0,0,0"
31.883333333333333,246,AV,1,0,0,57,5200.876525735832,0.1,-0.03188333333333333,"0.43452976190476195,0.2674163150492264,0.26566312056737584,0.1,0.57,0.27314850419656395","0,0,0"
11.616666666666667,13,AV,2,0,0,18,566.7055292848979,0.1,-0.011616666666666668,"0.05469444444444444,0.07761111111111112,0.11576190476190476,0.1,0.18,0.02976320758205103","0,0,0"
40.36666666666667,85,AV,1,0,0,72,1391.0507319816634,0.8,-0.32293333333333335,"0.6098773584905661,0.3479293478260869,0.3267540453074433,0.8,0.72,0.07305757497262802","0,0,0"
36.4,34,AV,1,0,0,62,776.0711537761008,0.4,-0.1456,"0.5133809523809523,0.3100716510903427,0.2909142857142857,0.4,0.62,0.04075902855125977","0,0,0"
22.45,61,AV,1,0,0,48,1038.299283744561,0.1,-0.02245,"0.29887908496732024,0.1903953662182362,0.2070858585858586,0.1,0.48,0.054531172747475445","0,0,0"
38.63333333333333,56,AV,1,0,0,68,981.8973671489576,0.9,-0.3477,"0.5710296296296297,0.33294077834179353,0.3156241496598639,0.9,0.68,0.05156896069039748","0,0,0"
35.166666666666664,110,AV,1,0,0,60,1614.9493849180149,0.5,-0.1758333333333333,"0.48100666666666675,0.2962613803230543,0.2811084656084656,0.5,0.6,0.08481666631781955","0,0,0"
10.85,72,AV,1,0,0,29,1205.4292211271013,0.2,-0.0217,"0.07984401709401709,0.08776470588235293,0.12350000000000001,0.2,0.29,0.06330878786227523","0,0,0"
41.21666666666667,224,AV,1,0,0,73,4416.224882412617,0.5,-0.20608333333333334,"0.620266081871345,0.35229214559386973,0.331302752293578,0.5,0.73,0.23193883086005102","0,0,0"
21.583333333333332,84,AV,1,0,0,47,1386.7650627050614,0.1,-0.021583333333333333,"0.2803566666666667,0.17988363363363363,0.1995514705882353,0.1,0.47,0.07283249288375467","0,0,0"
35.53333333333333,230,AV,1,0,0,60,4572.8741748457805,0.2,-0.07106666666666667,"0.48100666666666675,0.2962613803230543,0.2811084656084656,0.2,0.6,0.24016600558720239","0,0,0"
18.666666666666668,270,AV,2,0,0,44,7128.986247371214,0.1,-0.018666666666666668,"0.23282945736434105,0.15709054487179488,0.1832059925093633,0.1,0.44,0.3744122592165977","0,0,0"
41.36666666666667,204,AV,1,0,0,76,3773.073658575576,0.6,-0.2482,"0.6468124999999999,0.35885619047619044,0.34110968660968666,0.6,0.76,0.19816071790275053","0,0,0"
22.583333333333332,233,AV,1,0,0,48,4639.089550420253,0.7,-0.15808333333333333,"0.29887908496732024,0.1903953662182362,0.2070858585858586,0.7,0.48,0.24364361762115117","0,0,0"
31.683333333333334,209,AV,2,0,0,63,3898.759045987068,0.1,-0.031683333333333334,"0.5299220430107527,0.31656369982547994,0.2941915708812261,0.1,0.63,0.204761677452729","0,0,0"
24.8,79,AV,1,0,0,50,1293.252850487379,0.2,-0.049600000000000005,"0.326279761904762,0.20473395931142413,0.21895070422535212,0.2,0.5,0.0679212590244279","0,0,0"
26.583333333333332,202,AV,1,0,0,52,3630.005597296026,0.9,-0.23925,"0.35543617021276597,0.22449847792998476,0.23605180180180177,0.9,0.52,0.1906468254380025","0,0,0"
24.666666666666668,63,AV,1,0,0,50,1068.5648373754009,0.3,-0.074,"0.326279761904762,0.20473395931142413,0.21895070422535212,0.3,0.5,0.05612071071516929","0,0,0"
12.966666666666667,107,AV,2,0,0,31,1592.2311391495805,0.1,-0.012966666666666668,"0.09473484848484848,0.09435403726708076,0.12899115044247783,0.1,0.31,0.08362351073742634","0,0,0"
42.65,198,AV,1,0,0,93,3480.90175047103,0.4,-0.1706,"0.6889047619047619,0.37404017094017095,0.36188541666666674,0.4,0.93,0.18281593529310736","0,0,0"
25.233333333333334,65,AV,1,0,0,50,1089.3140785512585,0.2,-0.050466666666666674,"0.326279761904762,0.20473395931142413,0.21895070422535212,0.2,0.5,0.05721045475395848","0,0,0"
14.5,156,AV,2,0,0,30,2667.9339807116767,0.1,-0.014499999999999999,"0.0880365296803653,0.09101572327044026,0.1263287037037037,0.1,0.3,0.140119107331331","0,0,0"
22.166666666666668,282,AV,2,0,0,49,8689.506535985933,0.1,-0.022166666666666668,"0.3142183908045977,0.19895107033639142,0.21429687500000003,0.1,0.49,0.45637032541837","0,0,0"
18.433333333333334,288,AV,2,0,0,44,10213.823531357188,0.1,-0.018433333333333336,"0.23282945736434105,0.15709054487179488,0.1832059925093633,0.1,0.44,0.5364270053158322","0,0,0"
23.016666666666666,235,AV,1,0,0,49,4705.31956239884,0.1,-0.023016666666666668,"0.3142183908045977,0.19895107033639142,0.21429687500000003,0.1,0.49,0.24712199835473575","0,0,0"
14.916666666666666,114,AV,2,0,0,35,1659.6531244520008,0.1,-0.014916666666666668,"0.13324000000000003,0.11413139329805996,0.14203465346534652,0.1,0.35,0.08716449355910817","0,0,0"
35.55,263,AV,1,0,0,61,6031.594525491932,0.3,-0.10665,"0.49974074074074076,0.3040688888888889,0.28709289617486333,0.3,0.61,0.3167775690127944","0,0,0"
39.53333333333333,216,AV,1,0,0,69,4113.319853961603,0.2,-0.07906666666666667,"0.5855978260869567,0.3351349206349207,0.31600158730158723,0.2,0.69,0.21603034792922307","0,0,0"
29.783333333333335,194,AV,1,0,0,55,3393.6426315430986,0.6,-0.1787,"0.3903301886792454,0.2446116005873715,0.2462583333333333,0.6,0.55,0.17823311205269168","0,0,0"
7.916666666666667,205,AV,1,0,0,24,3773.692032315799,0.3,-0.023749999999999997,"0.06222685185185186,0.08140636704119851,0.11911944444444442,0.3,0.24,0.19819319470956198","0,0,0"
20.633333333333333,153,AV,2,0,0,44,2619.168197182975,0.1,-0.020633333333333337,"0.23282945736434105,0.15709054487179488,0.1832059925093633,0.1,0.44,0.13755794273514713","0,0,0"
17.7,231,AV,2,0,0,41,4609.601315671212,0.1,-0.0177,"0.20905952380952378,0.1440338409475465,0.16960891089108907,0.1,0.41,0.2420949042123171","0,0,0"
34.8,15,AV,1,0,0,60,571.0932451196882,0.3,-0.10439999999999999,"0.48100666666666675,0.2962613803230543,0.2811084656084656,0.3,0.6,0.029993649126121902","0,0,0"
37.86666666666667,117,AV,1,0,0,65,1794.439334206041,0.2,-0.07573333333333333,"0.5457901234567902,0.32324772313296907,0.3040210355987055,0.2,0.65,0.09424342561959032","0,0,0"
11.833333333333334,46,AV,2,0,0,26,881.2906222289953,0.1,-0.011833333333333335,"0.06467291666666666,0.08185973597359736,0.11915765765765768,0.1,0.26,0.04628512406190052","0,0,0"
13.8,102,AV,1,0,0,35,1564.4426034616197,0.4,-0.055200000000000006,"0.13324000000000003,0.11413139329805996,0.14203465346534652,0.4,0.35,0.08216406502295508","0,0,0"
29.266666666666666,5,AV,1,0,0,55,465.3670128771111,0.1,-0.029266666666666663,"0.3903301886792454,0.2446116005873715,0.2462583333333333,0.1,0.55,0.0244409385304185","0,0,0"
28.55,49,AV,1,0,0,54,904.859336063587,0.2,-0.05710000000000001,"0.38523913043478264,0.23590876436781605,0.24204032258064515,0.2,0.54,0.04752294597478371","0,0,0"
17.016666666666666,37,AV,1,0,0,42,832.4581618945489,0.3,-0.05105,"0.212297619047619,0.14816745655608218,0.17102490421455943,0.3,0.42,0.043720457619506006","0,0,0"
34.516666666666666,182,AV,2,0,0,74,3225.188153267811,0.1,-0.03451666666666667,"0.6304215686274511,0.3547947269303202,0.33588095238095234,0.1,0.74,0.16938593244009792","0,0,0"
38.35,251,AV,1,0,0,66,5557.427333357366,0.3,-0.11505,"0.5586401515151515,0.3279965457685665,0.31269255663430423,0.3,0.66,0.2918744476582037","0,0,0"
25.583333333333332,252,AV,1,0,0,50,5611.673516276995,0.3,-0.07674999999999998,"0.326279761904762,0.20473395931142413,0.21895070422535212,0.3,0.5,0.29472344121718336","0,0,0"
40.93333333333333,96,AV,1,0,0,76,1530.0661682302475,0.2,-0.08186666666666667,"0.6468124999999999,0.35885619047619044,0.34110968660968666,0.2,0.76,0.08035862476368438","0,0,0"
11.616666666666667,17,AV,1,0,0,32,586.8516376274475,0.4,-0.04646666666666667,"0.10218333333333333,0.09762828282828284,0.13065652173913042,0.4,0.32,0.03082127526197365","0,0,0"
16.366666666666667,104,AV,1,0,0,41,1579.1767070066765,0.2,-0.032733333333333337,"0.20905952380952378,0.1440338409475465,0.16960891089108907,0.2,0.41,0.08293789580399638","0,0,0"
13.3,294,AV,1,0,0,35,13430.196447392702,0.6,-0.0798,"0.13324000000000003,0.11413139329805996,0.14203465346534652,0.6,0.35,0.7053499640913518","0,0,0"
8.316666666666666,1,AV,1,0,0,26,419.7646265090227,0.7,-0.05821666666666666,"0.06467291666666666,0.08185973597359736,0.11915765765765768,0.7,0.26,0.022045914621929386","0,0,0"
15.95,169,AV,2,0,0,37,2927.9701715656583,0.1,-0.015950000000000002,"0.1585233333333333,0.12468773946360154,0.1508448275862069,0.1,0.37,0.1537761315304756","0,0,0"
40.1,87,AV,1,0,0,70,1434.4967426379471,0.3,-0.1203,"0.6059375,0.34320105820105823,0.3237783171521035,0.3,0.7,0.07533934666348602","0,0,0"
36.0,213,AV,1,0,0,62,3971.0791127863904,0.4,-0.144,"0.5133809523809523,0.3100716510903427,0.2909142857142857,0.4,0.62,0.20855990607282407","0,0,0"
19.2,55,AV,1,0,0,45,979.573716991658,0.2,-0.038400000000000004,"0.24870125786163524,0.16663745704467356,0.19017562724014336,0.2,0.45,0.051446923268128025","0,0,0"
29.15,225,AV,2,0,0,60,4459.768546990965,0.1,-0.02915,"0.48100666666666675,0.2962613803230543,0.2811084656084656,0.1,0.6,0.23422573130615026","0,0,0"
21.45,40,AV,1,0,0,47,859.2772315809713,0.2,-0.0429,"0.2803566666666667,0.17988363363363363,0.1995514705882353,0.2,0.47,0.045128987264949426","0,0,0"
39.61666666666667,157,AV,1,0,0,69,2675.3892374750885,0.6,-0.2377,"0.5855978260869567,0.3351349206349207,0.31600158730158723,0.6,0.69,0.14051065522200876","0,0,0"
32.266666666666666,33,AV,1,0,0,57,763.1985099142711,0.3,-0.0968,"0.43452976190476195,0.2674163150492264,0.26566312056737584,0.3,0.57,0.04008296108484046","0,0,0"
12.716666666666667,206,AV,1,0,0,34,3824.993837156676,0.2,-0.025433333333333336,"0.12348765432098764,0.11001639344262294,0.13889644012944985,0.2,0.34,0.20088755039855555","0,0,0"
37.733333333333334,75,AV,1,0,0,65,1249.5878531833848,0.2,-0.07546666666666668,"0.5457901234567902,0.32324772313296907,0.3040210355987055,0.2,0.65,0.06562798621929328","0,0,0"
28.4,226,AV,2,0,0,59,4504.939201911708,0.1,-0.028399999999999998,"0.46478968253968256,0.28268181818181815,0.27337202380952386,0.1,0.59,0.2365980808061097","0,0,0"
18.783333333333335,18,AV,2,0,0,42,591.6693204447811,0.1,-0.018783333333333336,"0.212297619047619,0.14816745655608218,0.17102490421455943,0.1,0.42,0.0310742985454022","0,0,0"
41.65,269,AV,1,0,0,77,6709.13861087917,0.8,-0.3332,"0.6614659863945579,0.36139846743295023,0.34261396011396017,0.8,0.77,0.352361984934795","0,0,0"
