travel_time,id,kind,action,origin,destination,start_time,income,urgency,reward,observation,cost_table
29.25,122,AV,1,0,0,68,1832.3133019091129,0.3,-0.08775,"0.7047397660818714,0.2836804511278195,0.31634335839599,0.3,0.68,0.0962325552547376","0,0,0"
73.13333333333334,247,AV,0,0,0,61,5304.212874057136,0.1,-0.0745473037334812,"0.5925270655270655,0.253719298245614,0.28770256410256406,0.1,0.61,0.2785756987922106","0,0,0"
16.866666666666667,58,AV,2,0,0,40,1020.7360413649084,0.5,-0.08433333333333333,"0.22015635738831613,0.13026801801801802,0.1639024691358025,0.5,0.4,0.053608756427629224","0,0,0"
95.65,260,AV,0,0,0,85,5985.732437913218,0.1,-0.09690297949378686,"0.8116122931442081,0.31813888888888886,0.35247640117994095,0.1,0.85,0.31436890567316916","0,0,0"
30.25,160,AV,1,0,0,73,2756.9260540590044,0.1,-0.03025,"0.751782913165266,0.2983067940552017,0.3299391025641026,0.1,0.73,0.14479294482773922","0,0,0"
6.766666666666667,264,AV,0,0,0,25,6081.635477498837,0.4,-0.028299887570443112,"0.06426495726495726,0.08134323432343235,0.11734674329501915,0.4,0.25,0.31940570508209365","0,0,0"
23.25,186,AV,1,0,0,56,3251.3322332141274,0.9,-0.20925000000000002,"0.49167486338797806,0.2251530612244898,0.2583828828828829,0.9,0.56,0.17075901182308162","0,0,0"
22.25,142,AV,1,0,0,55,2361.523720441912,0.6,-0.1335,"0.46280407124681927,0.21378,0.24506060606060612,0.6,0.55,0.12402653065718573","0,0,0"
31.233333333333334,141,AV,1,0,0,74,2360.1328348572283,0.7,-0.21863333333333335,"0.76033203125,0.3020585585585587,0.3353445512820513,0.7,0.74,0.12395348175570059","0,0,0"
64.48333333333333,298,AV,0,0,0,58,17693.100214811147,0.1,-0.06490722738858329,"0.5237888888888889,0.2358780193236715,0.2688579234972677,0.1,0.58,0.9292364151236616","0,0,0"
20.5,98,AV,2,0,0,46,1538.317647081207,0.1,-0.0205,"0.30117410714285714,0.163012077294686,0.1966371794871795,0.1,0.46,0.08079199000402343","0,0,0"
17.083333333333332,147,AV,1,0,0,46,2456.6540037696086,0.3,-0.05124999999999999,"0.30117410714285714,0.163012077294686,0.1966371794871795,0.3,0.46,0.12902274513491346","0,0,0"
11.55,125,AV,2,0,0,17,2011.9739719035176,0.3,-0.03465,"0.051520833333333335,0.07719166666666669,0.11467460317460318,0.3,0.17,0.10566828075775386","0,0,0"
39.88333333333333,99,AV,0,0,0,47,1541.4014724042315,0.5,-0.20428236851934603,"0.3115098870056497,0.16631995133819952,0.19907466666666665,0.5,0.47,0.08095395160223084","0,0,0"
27.766666666666666,132,AV,0,0,0,41,2108.868816674547,0.5,-0.14238974231463103,"0.23392021276595748,0.13544078947368418,0.16944154228855723,0.5,0.41,0.1107571694830674","0,0,0"
26.25,271,AV,2,0,0,55,7177.938863287724,0.2,-0.052500000000000005,"0.46280407124681927,0.21378,0.24506060606060612,0.2,0.55,0.3769832361947931","0,0,0"
71.38333333333334,103,AV,0,0,0,60,1564.487892525026,0.2,-0.1475605676203489,"0.5694559748427673,0.24783569739952718,0.2804235588972431,0.2,0.6,0.08216644359123385","0,0,0"
22.333333333333332,20,AV,1,0,0,55,597.1498506777683,0.2,-0.04466666666666667,"0.46280407124681927,0.21378,0.24506060606060612,0.2,0.55,0.03136213437998447","0,0,0"
67.86666666666666,32,AV,0,0,0,59,761.8437659652793,0.9,-0.620644538125868,"0.5408090909090909,0.24071411192214107,0.27304761904761904,0.9,0.59,0.04001181033142316","0,0,0"
15.933333333333334,4,AV,2,0,0,36,457.16351791608827,0.2,-0.03186666666666667,"0.16929793510324487,0.11402651515151514,0.14655679012345682,0.2,0.36,0.02401009338985435","0,0,0"
25.9,151,AV,0,0,0,41,2574.4307659940623,0.1,-0.028813265370764025,"0.23392021276595748,0.13544078947368418,0.16944154228855723,0.1,0.41,0.13520834601805928","0,0,0"
27.633333333333333,144,AV,2,0,0,56,2417.357356239525,0.4,-0.11053333333333333,"0.49167486338797806,0.2251530612244898,0.2583828828828829,0.4,0.56,0.12695889677403294","0,0,0"
15.083333333333334,234,AV,2,0,0,33,4662.282088415262,0.1,-0.015083333333333336,"0.12001754385964912,0.10116542288557212,0.13403982300884956,0.1,0.33,0.24486168288967095","0,0,0"
7.766666666666667,14,AV,1,0,0,19,567.550811201735,0.1,-0.0077666666666666665,"0.05353703703703703,0.07842342342342341,0.11525806451612901,0.1,0.19,0.0298076015395053","0,0,0"
90.58333333333333,22,AV,0,0,0,74,627.4062491148882,0.1,-0.10253731053802424,"0.76033203125,0.3020585585585587,0.3353445512820513,0.1,0.74,0.03295119151959908","0,0,0"
18.883333333333333,57,AV,2,0,0,44,1005.9867386644172,0.3,-0.05664999999999999,"0.26908169934640525,0.14746559139784945,0.18508130081300814,0.3,0.44,0.052834127391418545","0,0,0"
28.216666666666665,124,AV,2,0,0,59,1927.298426803608,0.2,-0.056433333333333335,"0.5408090909090909,0.24071411192214107,0.27304761904761904,0.2,0.59,0.10122114605428258","0,0,0"
87.08333333333333,162,AV,0,0,0,71,2780.081336731352,0.1,-0.08978109612930175,"0.7381,0.2935905077262694,0.32560397553516823,0.1,0.71,0.14600905345767937","0,0,0"
26.883333333333333,42,AV,1,0,0,61,863.3540159882258,0.9,-0.24195,"0.5925270655270655,0.253719298245614,0.28770256410256406,0.9,0.61,0.0453430987819722","0,0,0"
57.43333333333333,50,AV,0,0,0,54,914.1934345695068,0.2,-0.1230706196993547,"0.4486194444444444,0.20797685185185188,0.24143534482758625,0.2,0.54,0.048013170080720285","0,0,0"
47.083333333333336,91,AV,0,0,0,50,1474.807688008607,0.4,-0.19341874213678695,"0.38284203980099507,0.18524806201550387,0.2159145299145299,0.4,0.5,0.07745646564838392","0,0,0"
66.23333333333333,137,AV,0,0,0,58,2239.194506681481,0.3,-0.20204941872071447,"0.5237888888888889,0.2358780193236715,0.2688579234972677,0.3,0.58,0.11760183635943447","0,0,0"
9.166666666666666,217,AV,1,0,0,28,4164.701887555128,0.1,-0.009166666666666667,"0.07384823848238484,0.08420652173913043,0.11948319327731094,0.1,0.28,0.21872891720868953","0,0,0"
71.43333333333334,279,AV,0,0,0,60,8333.728817076937,0.7,-0.500933290623116,"0.5694559748427673,0.24783569739952718,0.2804235588972431,0.7,0.6,0.4376849843483456","0,0,0"
43.4,277,AV,0,0,0,48,7958.958807233507,0.7,-0.30474233431553677,"0.33607422969187684,0.17476348039215686,0.205588,0.7,0.48,0.4180021737490339","0,0,0"
26.0,207,AV,2,0,0,56,3849.958431883558,0.1,-0.026000000000000002,"0.49167486338797806,0.2251530612244898,0.2583828828828829,0.1,0.56,0.20219868356500897","0,0,0"
32.06666666666667,120,AV,2,0,0,70,1823.811293294481,0.1,-0.032066666666666674,"0.7277857142857141,0.29148059360730594,0.32315797101449284,0.1,0.7,0.09578603226495669","0,0,0"
10.716666666666667,200,AV,1,0,0,35,3520.054626539052,0.2,-0.021433333333333335,"0.15292028985507244,0.11022431077694236,0.14264646464646463,0.2,0.35,0.18487223281912113","0,0,0"
9.566666666666666,203,AV,1,0,0,30,3667.3634505223554,0.3,-0.028699999999999996,"0.09187698412698414,0.09068796992481204,0.1246900826446281,0.3,0.3,0.19260884889275526","0,0,0"
18.566666666666666,291,AV,1,0,0,49,11861.36896338871,0.6,-0.1114,"0.3679522058823529,0.1799553805774278,0.21138746438746442,0.6,0.49,0.622955606433049","0,0,0"
32.36666666666667,77,AV,1,0,0,86,1265.4739572733297,0.6,-0.19419999999999998,"0.8146799516908213,0.31881102362204716,0.3532217391304348,0.6,0.86,0.0664623197298481","0,0,0"
23.8,44,AV,2,0,0,53,870.7377108213431,0.8,-0.1904,"0.4368783783783784,0.20562777777777774,0.2404131652661064,0.8,0.53,0.045730888261135916","0,0,0"
11.9,71,AV,1,0,0,36,1167.011530479414,0.1,-0.0119,"0.16929793510324487,0.11402651515151514,0.14655679012345682,0.1,0.36,0.061291102058127545","0,0,0"
67.91666666666667,267,AV,0,0,0,59,6254.49597505133,0.1,-0.06911580405997811,"0.5408090909090909,0.24071411192214107,0.27304761904761904,0.1,0.59,0.3284842875301661","0,0,0"
38.06666666666667,129,AV,0,0,0,46,2044.1603053436156,0.2,-0.07980232151414986,"0.30117410714285714,0.163012077294686,0.1966371794871795,0.2,0.46,0.10735869751562734","0,0,0"
10.183333333333334,135,AV,1,0,0,31,2147.781038516846,0.5,-0.050916666666666666,"0.1008984962406015,0.09316296296296298,0.12770089285714287,0.5,0.31,0.1128008279199854","0,0,0"
19.116666666666667,128,AV,2,0,0,44,2035.9911412414244,0.1,-0.01911666666666667,"0.26908169934640525,0.14746559139784945,0.18508130081300814,0.1,0.44,0.10692965542166336","0,0,0"
14.416666666666666,228,AV,2,0,0,33,4549.070920567666,0.1,-0.014416666666666668,"0.12001754385964912,0.10116542288557212,0.13403982300884956,0.1,0.33,0.2389158656792649","0,0,0"
12.566666666666666,78,AV,2,0,0,32,1282.6858023855964,0.3,-0.037700000000000004,"0.10779259259259259,0.09678855721393033,0.12977927927927926,0.3,0.32,0.06736628076864885","0,0,0"
38.21666666666667,116,AV,0,0,0,46,1703.2333497257905,0.1,-0.042620056255772275,"0.30117410714285714,0.163012077294686,0.1966371794871795,0.1,0.46,0.08945331416217002","0,0,0"
22.85,249,AV,2,0,0,49,5386.149373461946,0.1,-0.022850000000000002,"0.3679522058823529,0.1799553805774278,0.21138746438746442,0.1,0.49,0.28287897962204345","0,0,0"
26.966666666666665,45,AV,1,0,0,59,873.8892656114449,0.6,-0.1618,"0.5408090909090909,0.24071411192214107,0.27304761904761904,0.6,0.59,0.045896406991017324","0,0,0"
76.78333333333333,112,AV,0,0,0,62,1635.9686818612918,0.3,-0.23493443983870585,"0.6037303921568627,0.25827016129032254,0.2916611111111111,0.3,0.62,0.08592059360601972","0,0,0"
19.766666666666666,47,AV,2,0,0,47,892.1845339920479,0.3,-0.05929999999999999,"0.3115098870056497,0.16631995133819952,0.19907466666666665,0.3,0.47,0.046857269100953565","0,0,0"
11.283333333333333,208,AV,2,0,0,22,3863.855435177377,0.8,-0.09026666666666666,"0.05879310344827586,0.07996813725490196,0.11679166666666665,0.8,0.22,0.2029285500872649","0,0,0"
27.966666666666665,262,AV,1,0,0,63,6020.57275324985,0.7,-0.19576666666666667,"0.6216296296296296,0.2625882352941176,0.294297619047619,0.7,0.63,0.3161987087790199","0,0,0"
29.866666666666667,190,AV,1,0,0,73,3323.1633986738134,0.1,-0.02986666666666667,"0.751782913165266,0.2983067940552017,0.3299391025641026,0.1,0.73,0.17453156348873247","0,0,0"
12.783333333333333,101,AV,2,0,0,23,1552.9853059451273,0.2,-0.025566666666666668,"0.05943989071038252,0.0798482905982906,0.11633809523809523,0.2,0.23,0.08156233112997016","0,0,0"
11.45,89,AV,2,0,0,6,1447.5744631551047,0.6,-0.0687,"0.0,0.0,0.0,0.6,0.06,0.07602618469547658","0,0,0"
20.433333333333334,179,AV,1,0,0,52,3065.2253709468137,0.5,-0.10216666666666667,"0.42066355140186923,0.2003597701149425,0.23628125,0.5,0.52,0.16098473419939963","0,0,0"
54.03333333333333,243,AV,0,0,0,52,5009.92015912814,0.1,-0.055530363178476656,"0.42066355140186923,0.2003597701149425,0.23628125,0.1,0.52,0.2631195320324301","0,0,0"
20.083333333333332,240,AV,1,0,0,52,4967.653125719208,0.4,-0.08033333333333333,"0.42066355140186923,0.2003597701149425,0.23628125,0.4,0.52,0.26089967987955814","0,0,0"
13.416666666666666,268,AV,2,0,0,33,6563.608435155774,0.3,-0.040249999999999994,"0.12001754385964912,0.10116542288557212,0.13403982300884956,0.3,0.33,0.34471878294420655","0,0,0"
45.03333333333333,297,AV,0,0,0,49,15387.119225735782,0.3,-0.13558742067244503,"0.3679522058823529,0.1799553805774278,0.21138746438746442,0.3,0.49,0.8081269723682344","0,0,0"
59.18333333333333,59,AV,0,0,0,55,1022.032321197676,0.2,-0.12570498644818892,"0.46280407124681927,0.21378,0.24506060606060612,0.2,0.55,0.053676836662871985","0,0,0"
22.966666666666665,145,AV,1,0,0,55,2421.0391237858234,0.6,-0.13779999999999998,"0.46280407124681927,0.21378,0.24506060606060612,0.6,0.55,0.12715226212179587","0,0,0"
31.95,215,AV,2,0,0,66,4090.160813256426,0.1,-0.03195,"0.6785846774193548,0.2785141025641026,0.3129563492063492,0.1,0.66,0.21481404192850495","0,0,0"
24.183333333333334,118,AV,0,0,0,40,1799.695682844959,0.3,-0.07671737122364154,"0.22015635738831613,0.13026801801801802,0.1639024691358025,0.3,0.4,0.09451948750284238","0,0,0"
80.2,193,AV,0,0,0,64,3387.2787239910285,0.7,-0.5636141667725422,"0.6429231678486996,0.2689081920903955,0.30032231404958687,0.7,0.64,0.17789888150134298","0,0,0"
23.433333333333334,28,AV,1,0,0,56,679.8949342204361,0.1,-0.023433333333333334,"0.49167486338797806,0.2251530612244898,0.2583828828828829,0.1,0.56,0.03570788181072196","0,0,0"
10.333333333333334,159,AV,1,0,0,34,2744.8905386527767,0.1,-0.010333333333333333,"0.13827500000000004,0.10658680555555554,0.1391580459770115,0.1,0.34,0.14416084310139018","0,0,0"
15.233333333333333,293,AV,0,0,0,34,13351.937436366714,0.3,-0.04626171623299943,"0.13827500000000004,0.10658680555555554,0.1391580459770115,0.3,0.34,0.7012398238686656","0,0,0"
24.283333333333335,105,AV,1,0,0,58,1587.6148581174584,0.1,-0.024283333333333337,"0.5237888888888889,0.2358780193236715,0.2688579234972677,0.1,0.58,0.08338106501647227","0,0,0"
33.016666666666666,24,AV,1,0,0,92,646.5589615252754,0.1,-0.033016666666666666,"0.8323929440389294,0.3241842723004694,0.3597508250825082,0.1,0.92,0.03395708633758153","0,0,0"
69.55,187,AV,0,0,0,59,3257.969850357721,0.1,-0.07185204708591042,"0.5408090909090909,0.24071411192214107,0.27304761904761904,0.1,0.59,0.17110761752160772","0,0,0"
16.683333333333334,26,AV,1,0,0,45,670.158540600369,0.1,-0.016683333333333335,"0.28850320512820504,0.15587384259259257,0.1905972222222222,0.1,0.45,0.03519652928381035","0,0,0"
5.1,154,AV,0,0,0,9,2645.062412614309,0.2,-0.013035471845288974,"0.052000000000000005,0.07680000000000002,0.11485714285714285,0.2,0.09,0.13891789930735432","0,0,0"
83.73333333333333,197,AV,0,0,0,69,3438.9188747307694,0.5,-0.4208475846450203,"0.709084084084084,0.28453703703703703,0.3159626666666667,0.5,0.69,0.18061100701734908","0,0,0"
48.75,199,AV,0,0,0,50,3508.846318545673,0.8,-0.3921374546842817,"0.38284203980099507,0.18524806201550387,0.2159145299145299,0.8,0.5,0.18428357578259733","0,0,0"
16.95,172,AV,2,0,0,39,2965.4163440895786,0.7,-0.11864999999999998,"0.21411488673139156,0.12898059360730593,0.16236895674300256,0.7,0.39,0.15574279348874007","0,0,0"
76.95,284,AV,0,0,0,63,8987.822610831106,0.9,-0.6933844623970397,"0.6216296296296296,0.2625882352941176,0.294297619047619,0.9,0.63,0.472037797856628","0,0,0"
31.433333333333334,239,AV,2,0,0,66,4934.883137056144,0.1,-0.031433333333333334,"0.6785846774193548,0.2785141025641026,0.3129563492063492,0.1,0.66,0.2591786097211798","0,0,0"
26.866666666666667,166,AV,1,0,0,62,2857.6088215719105,0.2,-0.053733333333333334,"0.6037303921568627,0.25827016129032254,0.2916611111111111,0.2,0.62,0.1500807741404395","0,0,0"
14.533333333333333,97,AV,2,0,0,37,1530.6528609905624,0.2,-0.02906666666666667,"0.1840282738095238,0.11833583959899747,0.15082345679012346,0.2,0.37,0.08038943769475668","0,0,0"
31.083333333333332,290,AV,0,0,0,44,11515.391842589095,0.3,-0.09390130219644471,"0.26908169934640525,0.14746559139784945,0.18508130081300814,0.3,0.44,0.6047849898908156","0,0,0"
28.233333333333334,275,AV,1,0,0,66,7864.29237148983,0.1,-0.028233333333333333,"0.6785846774193548,0.2785141025641026,0.3129563492063492,0.1,0.66,0.41303032040988025","0,0,0"
7.833333333333333,2,AV,1,0,0,14,437.8567856598078,0.1,-0.007833333333333333,"0.05163888888888889,0.07631944444444444,0.11369047619047619,0.1,0.14,0.022996109494903022","0,0,0"
26.733333333333334,25,AV,2,0,0,57,649.7132696839626,0.9,-0.24060000000000004,"0.515799180327869,0.23074149659863946,0.26431381381381386,0.9,0.57,0.034122749673570554","0,0,0"
62.71666666666667,108,AV,0,0,0,57,1592.6375082496468,0.7,-0.4437258361802257,"0.515799180327869,0.23074149659863946,0.26431381381381386,0.7,0.57,0.08364485312294262","0,0,0"
37.266666666666666,73,AV,2,0,0,82,1239.4416864014672,0.9,-0.3354,"0.8015410798122066,0.31477002583979324,0.34958868501529045,0.9,0.82,0.06509511252654251","0,0,0"
21.883333333333333,241,AV,1,0,0,53,4968.170350229253,0.4,-0.08753333333333334,"0.4368783783783784,0.20562777777777774,0.2404131652661064,0.4,0.53,0.260926844358575","0,0,0"
93.96666666666667,222,AV,0,0,0,78,4376.119511966378,0.1,-0.09568051382725985,"0.7908587962962963,0.31156153846153845,0.3472625786163521,0.1,0.78,0.22983250860967044","0,0,0"
48.666666666666664,29,AV,0,0,0,50,742.4887258523852,0.1,-0.05876783014411868,"0.38284203980099507,0.18524806201550387,0.2159145299145299,0.1,0.5,0.03899528932206243","0,0,0"
34.733333333333334,255,AV,0,0,0,45,5825.994272151124,0.3,-0.105487333912402,"0.28850320512820504,0.15587384259259257,0.1905972222222222,0.3,0.45,0.3059795042280261","0,0,0"
19.233333333333334,109,AV,2,0,0,45,1596.1763216794554,0.1,-0.01923333333333334,"0.28850320512820504,0.15587384259259257,0.1905972222222222,0.1,0.45,0.0838307105625876","0,0,0"
29.133333333333333,184,AV,2,0,0,61,3236.647802754315,0.2,-0.05826666666666667,"0.5925270655270655,0.253719298245614,0.28770256410256406,0.2,0.61,0.16998778985785554","0,0,0"
74.81666666666666,272,AV,0,0,0,61,7572.106998522375,0.4,-0.30025714395409325,"0.5925270655270655,0.253719298245614,0.28770256410256406,0.4,0.61,0.3976848306296006","0,0,0"
9.066666666666666,287,AV,1,0,0,26,9280.176126726552,0.2,-0.01813333333333333,"0.0664080459770115,0.08187227414330218,0.11786263736263736,0.2,0.26,0.48739211845399105","0,0,0"
45.083333333333336,258,AV,0,0,0,49,5911.733280178027,0.2,-0.09143533012703411,"0.3679522058823529,0.1799553805774278,0.21138746438746442,0.2,0.49,0.3104824916913811","0,0,0"
9.133333333333333,119,AV,1,0,0,27,1822.2981036688468,0.1,-0.009133333333333332,"0.07096941896024465,0.08269623655913978,0.11818501529051988,0.1,0.27,0.09570655999124235","0,0,0"
21.266666666666666,100,AV,1,0,0,53,1546.5147326922538,0.1,-0.02126666666666667,"0.4368783783783784,0.20562777777777774,0.2404131652661064,0.1,0.53,0.08122249852741349","0,0,0"
11.883333333333333,52,AV,1,0,0,37,959.5289757906356,0.6,-0.0713,"0.1840282738095238,0.11833583959899747,0.15082345679012346,0.6,0.37,0.05039417936063988","0,0,0"
90.45,80,AV,0,0,0,73,1294.2551843223837,0.1,-0.09624483867698524,"0.751782913165266,0.2983067940552017,0.3299391025641026,0.1,0.73,0.06797390130239438","0,0,0"
14.45,140,AV,1,0,0,41,2347.541384251396,0.4,-0.0578,"0.23392021276595748,0.13544078947368418,0.16944154228855723,0.4,0.41,0.12329218247631395","0,0,0"
17.183333333333334,253,AV,1,0,0,45,5670.319740923212,0.1,-0.017183333333333335,"0.28850320512820504,0.15587384259259257,0.1905972222222222,0.1,0.45,0.29780352367244284","0,0,0"
27.666666666666668,283,AV,2,0,0,51,8975.220492497892,0.6,-0.166,"0.4073543543543543,0.1977194244604317,0.2323076923076923,0.6,0.51,0.47137593831133945","0,0,0"
27.783333333333335,127,AV,0,0,0,42,2030.86588445069,0.3,-0.08704300605097742,"0.24505333333333332,0.13962472406181015,0.17317441860465121,0.3,0.42,0.10666047844368956","0,0,0"
80.3,149,AV,0,0,0,65,2472.005569054355,0.1,-0.08333397374742528,"0.6548529411764704,0.27192533333333335,0.3040798319327731,0.1,0.65,0.12982900482476664","0,0,0"
24.25,41,AV,0,0,0,40,861.805442805673,0.1,-0.03295266028441777,"0.22015635738831613,0.13026801801801802,0.1639024691358025,0.1,0.4,0.04526176817426404","0,0,0"
25.333333333333332,130,AV,1,0,0,60,2052.607856914241,0.1,-0.025333333333333333,"0.5694559748427673,0.24783569739952718,0.2804235588972431,0.1,0.6,0.10780236043748707","0,0,0"
24.9,285,AV,1,0,0,59,9030.678864893336,0.2,-0.049800000000000004,"0.5408090909090909,0.24071411192214107,0.27304761904761904,0.2,0.59,0.47428859570476767","0,0,0"
83.7,178,AV,0,0,0,69,3046.5766145774583,0.2,-0.16986177954761209,"0.709084084084084,0.28453703703703703,0.3159626666666667,0.2,0.69,0.16000530700434717","0,0,0"
29.283333333333335,227,AV,0,0,0,42,4547.885280126284,0.4,-0.1187824514482458,"0.24505333333333332,0.13962472406181015,0.17317441860465121,0.4,0.42,0.2388535961922898","0,0,0"
13.866666666666667,237,AV,2,0,0,33,4843.3187157075145,0.1,-0.013866666666666666,"0.12001754385964912,0.10116542288557212,0.13403982300884956,0.1,0.33,0.2543696732649421","0,0,0"
10.116666666666667,280,AV,1,0,0,30,8348.421721831439,0.3,-0.03035,"0.09187698412698414,0.09068796992481204,0.1246900826446281,0.3,0.3,0.43845665138103423","0,0,0"
19.8,106,AV,1,0,0,50,1588.8002265047048,0.3,-0.0594,"0.38284203980099507,0.18524806201550387,0.2159145299145299,0.3,0.5,0.08344332021524425","0,0,0"
17.283333333333335,181,AV,1,0,0,46,3169.820795106812,0.1,-0.017283333333333335,"0.30117410714285714,0.163012077294686,0.1966371794871795,0.1,0.46,0.16647805508747177","0,0,0"
8.566666666666666,218,AV,0,0,0,27,4196.147454418583,0.1,-0.010354020443308246,"0.07096941896024465,0.08269623655913978,0.11818501529051988,0.1,0.27,0.22038042912401049","0,0,0"
32.81666666666667,121,AV,0,0,0,44,1830.3424648913517,0.3,-0.10254759383495766,"0.26908169934640525,0.14746559139784945,0.18508130081300814,0.3,0.44,0.0961290474747023","0,0,0"
23.883333333333333,192,AV,1,0,0,57,3362.377553451843,0.4,-0.09553333333333335,"0.515799180327869,0.23074149659863946,0.26431381381381386,0.4,0.57,0.17659107935455778","0,0,0"
33.65,133,AV,2,0,0,72,2123.4400354784907,0.1,-0.03365,"0.742454802259887,0.2941013071895425,0.32657033639143734,0.1,0.72,0.11152244560545237","0,0,0"
17.083333333333332,82,AV,1,0,0,43,1348.5865378412918,0.1,-0.017083333333333332,"0.2630313531353135,0.14445435244161364,0.1792622950819672,0.1,0.43,0.07082736799617727","0,0,0"
23.983333333333334,171,AV,1,0,0,58,2964.6777926145683,0.1,-0.023983333333333336,"0.5237888888888889,0.2358780193236715,0.2688579234972677,0.1,0.58,0.15570400498267326","0,0,0"
25.066666666666666,221,AV,1,0,0,59,4343.557359248321,0.4,-0.10026666666666667,"0.5408090909090909,0.24071411192214107,0.27304761904761904,0.4,0.59,0.22812235393394506","0,0,0"
11.866666666666667,92,AV,0,0,0,32,1475.2077210572677,0.4,-0.05255069645646795,"0.10779259259259259,0.09678855721393033,0.12977927927927926,0.4,0.32,0.07747747526634545","0,0,0"
15.25,31,AV,2,0,0,38,743.7818724069466,0.1,-0.01525,"0.19668981481481482,0.12453041362530415,0.1552777777777778,0.1,0.38,0.039063204998456114","0,0,0"
29.066666666666666,161,AV,1,0,0,67,2761.3662775036096,0.4,-0.11626666666666668,"0.7011210826210826,0.28312948717948716,0.3165350877192983,0.4,0.67,0.14502614405602138","0,0,0"
27.566666666666666,164,AV,1,0,0,63,2835.850686157305,0.1,-0.02756666666666667,"0.6216296296296296,0.2625882352941176,0.294297619047619,0.1,0.63,0.14893804327321036","0,0,0"
16.083333333333332,8,AV,2,0,0,36,497.26542980048754,0.2,-0.03216666666666667,"0.16929793510324487,0.11402651515151514,0.14655679012345682,0.2,0.36,0.026116233997585142","0,0,0"
28.35,167,AV,2,0,0,59,2891.134206742707,0.3,-0.08505,"0.5408090909090909,0.24071411192214107,0.27304761904761904,0.3,0.59,0.1518415175010447","0,0,0"
32.46666666666667,180,AV,2,0,0,69,3119.7161673652217,0.3,-0.0974,"0.709084084084084,0.28453703703703703,0.3159626666666667,0.3,0.69,0.1638465747873305","0,0,0"
37.416666666666664,261,AV,2,0,0,83,6007.794801579103,0.1,-0.03741666666666667,"0.8076832151300237,0.316594315245478,0.3511878787878787,0.1,0.83,0.31552761451860256","0,0,0"
36.45,176,AV,0,0,0,45,3031.4508351358254,0.4,-0.148274062885359,"0.28850320512820504,0.15587384259259257,0.1905972222222222,0.4,0.45,0.15921090552051181","0,0,0"
16.133333333333333,74,AV,1,0,0,43,1240.6560786390864,0.9,-0.1452,"0.2630313531353135,0.14445435244161364,0.1792622950819672,0.9,0.43,0.06515889204939258","0,0,0"
87.15,256,AV,0,0,0,72,5844.130995646287,0.1,-0.08843333878990517,"0.742454802259887,0.2941013071895425,0.32657033639143734,0.1,0.72,0.30693203960724846","0,0,0"
41.5,170,AV,0,0,0,47,2942.323800284961,0.3,-0.1270490056530398,"0.3115098870056497,0.16631995133819952,0.19907466666666665,0.3,0.47,0.15452997988566525","0,0,0"
19.05,183,AV,0,0,0,37,3227.056348793521,0.4,-0.07852409948552773,"0.1840282738095238,0.11833583959899747,0.15082345679012346,0.4,0.37,0.1694840495191844","0,0,0"
9.383333333333333,250,AV,1,0,0,28,5480.041794665195,0.7,-0.06568333333333332,"0.07384823848238484,0.08420652173913043,0.11948319327731094,0.7,0.28,0.2878101819453735","0,0,0"
61.31666666666667,62,AV,0,0,0,55,1046.6558973464134,0.1,-0.06848234549102027,"0.46280407124681927,0.21378,0.24506060606060612,0.1,0.55,0.054970059633983805","0,0,0"
27.95,281,AV,1,0,0,65,8436.938288223368,0.1,-0.02795,"0.6548529411764704,0.27192533333333335,0.3040798319327731,0.1,0.65,0.4431055153921156","0,0,0"
20.766666666666666,266,AV,2,0,0,48,6248.181898567973,0.1,-0.02076666666666667,"0.33607422969187684,0.17476348039215686,0.205588,0.1,0.48,0.3281526740918779","0,0,0"
11.166666666666666,69,AV,1,0,0,35,1141.5133047894662,0.2,-0.022333333333333334,"0.15292028985507244,0.11022431077694236,0.14264646464646463,0.2,0.35,0.059951942750574055","0,0,0"
35.016666666666666,70,AV,2,0,0,74,1150.2916000513435,0.1,-0.03501666666666667,"0.76033203125,0.3020585585585587,0.3353445512820513,0.1,0.74,0.0604129762337403","0,0,0"
8.466666666666667,35,AV,0,0,0,28,777.0630287344238,0.4,-0.04351839338980648,"0.07384823848238484,0.08420652173913043,0.11948319327731094,0.4,0.28,0.04081112153210161","0,0,0"
41.8,220,AV,0,0,0,47,4304.4895651906745,0.4,-0.1689423668675261,"0.3115098870056497,0.16631995133819952,0.19907466666666665,0.4,0.47,0.22607052489007143","0,0,0"
29.916666666666668,134,AV,2,0,0,64,2131.3254046090938,0.9,-0.26925000000000004,"0.6429231678486996,0.2689081920903955,0.30032231404958687,0.9,0.64,0.11193658287104669","0,0,0"
20.666666666666668,7,AV,0,0,0,38,491.8679742725259,0.3,-0.07724799416162949,"0.19668981481481482,0.12453041362530415,0.1552777777777778,0.3,0.38,0.025832761222056865","0,0,0"
19.866666666666667,94,AV,1,0,0,48,1496.328062426438,0.4,-0.07946666666666667,"0.33607422969187684,0.17476348039215686,0.205588,0.4,0.48,0.07858670937805001","0,0,0"
50.31666666666667,254,AV,0,0,0,50,5721.231751015957,0.1,-0.05162757318582108,"0.38284203980099507,0.18524806201550387,0.2159145299145299,0.1,0.5,0.30047740745600493","0,0,0"
35.016666666666666,19,AV,2,0,0,79,595.9176043698985,0.8,-0.28013333333333335,"0.7947476525821595,0.31206997455470736,0.34750623052959495,0.8,0.79,0.03129741716662037","0,0,0"
17.833333333333332,276,AV,2,0,0,42,7897.119961473183,0.4,-0.07133333333333333,"0.24505333333333332,0.13962472406181015,0.17317441860465121,0.4,0.42,0.4147544157726446","0,0,0"
17.816666666666666,67,AV,1,0,0,48,1122.7546975855585,0.8,-0.14253333333333335,"0.33607422969187684,0.17476348039215686,0.205588,0.8,0.48,0.05896674622202671","0,0,0"
94.1,295,AV,0,0,0,82,13460.811009378149,0.6,-0.5651571729663818,"0.8015410798122066,0.31477002583979324,0.34958868501529045,0.6,0.82,0.7069578318750951","0,0,0"
28.433333333333334,152,AV,1,0,0,65,2612.3907844155665,0.1,-0.028433333333333335,"0.6548529411764704,0.27192533333333335,0.3040798319327731,0.1,0.65,0.13720199501160868","0,0,0"
20.4,9,AV,1,0,0,50,506.5869000089976,0.1,-0.0204,"0.38284203980099507,0.18524806201550387,0.2159145299145299,0.1,0.5,0.02660579486905904","0,0,0"
27.8,219,AV,1,0,0,64,4227.85786318916,0.1,-0.027800000000000005,"0.6429231678486996,0.2689081920903955,0.30032231404958687,0.1,0.64,0.22204585045833433","0,0,0"
15.283333333333333,30,AV,2,0,0,33,743.7553910389753,0.3,-0.045849999999999995,"0.12001754385964912,0.10116542288557212,0.13403982300884956,0.3,0.33,0.03906181420480535","0,0,0"
12.933333333333334,292,AV,1,0,0,38,12197.400506638176,0.3,-0.038799999999999994,"0.19668981481481482,0.12453041362530415,0.1552777777777778,0.3,0.38,0.6406038841699384","0,0,0"
32.05,163,AV,1,0,0,86,2797.307504072895,0.1,-0.032049999999999995,"0.8146799516908213,0.31881102362204716,0.3532217391304348,0.1,0.86,0.1469137666957458","0,0,0"
66.18333333333334,296,AV,0,0,0,58,14312.770160915026,0.4,-0.26525734090948244,"0.5237888888888889,0.2358780193236715,0.2688579234972677,0.4,0.58,0.7517024757302859","0,0,0"
18.516666666666666,39,AV,2,0,0,37,857.6590975250949,0.4,-0.07406666666666666,"0.1840282738095238,0.11833583959899747,0.15082345679012346,0.4,0.37,0.04504400334065031","0,0,0"
81.88333333333334,185,AV,0,0,0,65,3245.380745418587,0.4,-0.32984431025355687,"0.6548529411764704,0.27192533333333335,0.3040798319327731,0.4,0.65,0.1704464414359456","0,0,0"
24.233333333333334,38,AV,1,0,0,59,837.3801312568858,0.5,-0.12116666666666667,"0.5408090909090909,0.24071411192214107,0.27304761904761904,0.5,0.59,0.04397895800158024","0,0,0"
34.083333333333336,150,AV,2,0,0,73,2533.2754137277425,0.1,-0.03408333333333334,"0.751782913165266,0.2983067940552017,0.3299391025641026,0.1,0.73,0.13304687903156176","0,0,0"
9.283333333333333,53,AV,1,0,0,28,969.457736312404,0.1,-0.009283333333333334,"0.07384823848238484,0.08420652173913043,0.11948319327731094,0.1,0.28,0.050915634940603534","0,0,0"
15.7,177,AV,2,0,0,34,3032.1279287666234,0.6,-0.09419999999999999,"0.13827500000000004,0.10658680555555554,0.1391580459770115,0.6,0.34,0.15924646627869138","0,0,0"
17.566666666666666,43,AV,2,0,0,44,863.5619359671642,0.1,-0.017566666666666668,"0.26908169934640525,0.14746559139784945,0.18508130081300814,0.1,0.44,0.04535401867806252","0,0,0"
23.183333333333334,11,AV,1,0,0,56,539.5213747330826,0.9,-0.20865,"0.49167486338797806,0.2251530612244898,0.2583828828828829,0.9,0.56,0.028335503786943907","0,0,0"
12.066666666666666,76,AV,2,0,0,23,1261.43865123121,0.1,-0.012066666666666667,"0.05943989071038252,0.0798482905982906,0.11633809523809523,0.1,0.23,0.06625038664435261","0,0,0"
22.3,54,AV,0,0,0,39,978.4447105201264,0.6,-0.14146522616900153,"0.21411488673139156,0.12898059360730593,0.16236895674300256,0.6,0.39,0.051387628180578626","0,0,0"
24.066666666666666,242,AV,2,0,0,50,5004.1281918097375,0.8,-0.19253333333333333,"0.38284203980099507,0.18524806201550387,0.2159145299145299,0.8,0.5,0.2628153396137967","0,0,0"
85.41666666666667,143,AV,0,0,0,69,2398.572127464108,0.4,-0.34479352698248694,"0.709084084084084,0.28453703703703703,0.3159626666666667,0.4,0.69,0.12597230208838628","0,0,0"
14.25,123,AV,1,0,0,40,1848.7234685638712,0.1,-0.014249999999999999,"0.22015635738831613,0.13026801801801802,0.1639024691358025,0.1,0.4,0.09709441237693286","0,0,0"
27.0,148,AV,1,0,0,62,2458.2611968747465,0.6,-0.162,"0.6037303921568627,0.25827016129032254,0.2916611111111111,0.6,0.62,0.12910715444370038","0,0,0"
21.933333333333334,229,AV,1,0,0,54,4549.115907877681,0.1,-0.021933333333333332,"0.4486194444444444,0.20797685185185188,0.24143534482758625,0.1,0.54,0.2389182283995444","0,0,0"
78.51666666666667,273,AV,0,0,0,63,7612.519032757181,0.2,-0.1580185525449671,"0.6216296296296296,0.2625882352941176,0.294297619047619,0.2,0.63,0.39980725877188683","0,0,0"
22.316666666666666,158,AV,0,0,0,38,2744.255474143275,0.4,-0.0919996483699614,"0.19668981481481482,0.12453041362530415,0.1552777777777778,0.4,0.38,0.14412748970028938","0,0,0"
81.91666666666667,90,AV,0,0,0,65,1454.957177165027,0.8,-0.660488124221828,"0.6548529411764704,0.27192533333333335,0.3040798319327731,0.8,0.65,0.0764139226620948","0,0,0"
11.866666666666667,232,AV,0,0,0,31,4635.813442599864,0.1,-0.013484505713225417,"0.1008984962406015,0.09316296296296298,0.12770089285714287,0.1,0.31,0.24347155740278267","0,0,0"
35.016666666666666,138,AV,1,0,0,86,2239.257430619588,0.2,-0.07003333333333334,"0.8146799516908213,0.31881102362204716,0.3532217391304348,0.2,0.86,0.1176051411061415","0,0,0"
10.166666666666666,111,AV,0,0,0,28,1626.914224999384,0.1,-0.014776620826974559,"0.07384823848238484,0.08420652173913043,0.11948319327731094,0.1,0.28,0.08544505619691108","0,0,0"
32.3,95,AV,1,0,0,81,1507.5005543882637,0.3,-0.09689999999999999,"0.7985914351851853,0.3134002624671915,0.3481666666666666,0.3,0.81,0.07917348536713947","0,0,0"
88.78333333333333,93,AV,0,0,0,72,1485.5718097438446,0.1,-0.09383189439972381,"0.742454802259887,0.2941013071895425,0.32657033639143734,0.1,0.72,0.07802179415338123","0,0,0"
20.016666666666666,257,AV,2,0,0,47,5862.8833826120845,0.1,-0.02001666666666667,"0.3115098870056497,0.16631995133819952,0.19907466666666665,0.1,0.47,0.30791690945072125","0,0,0"
24.033333333333335,88,AV,1,0,0,57,1446.9812594843625,0.4,-0.09613333333333335,"0.515799180327869,0.23074149659863946,0.26431381381381386,0.4,0.57,0.0759950298133052","0,0,0"
31.566666666666666,223,AV,1,0,0,77,4381.240268036911,0.7,-0.22096666666666664,"0.7836007462686567,0.3088768656716418,0.3433125,0.7,0.77,0.23010144921114412","0,0,0"
62.81666666666667,36,AV,0,0,0,56,802.5586880039084,0.9,-0.5746951109708297,"0.49167486338797806,0.2251530612244898,0.2583828828828829,0.9,0.56,0.042150146052007835","0,0,0"
55.416666666666664,174,AV,0,0,0,52,3001.8426729260827,0.3,-0.16874846538182806,"0.42066355140186923,0.2003597701149425,0.23628125,0.3,0.52,0.1576558935567436","0,0,0"
29.033333333333335,173,AV,1,0,0,66,2966.188350320237,0.8,-0.23226666666666668,"0.6785846774193548,0.2785141025641026,0.3129563492063492,0.8,0.66,0.15578333902872574","0,0,0"
18.883333333333333,195,AV,0,0,0,36,3398.605365942332,0.1,-0.021090120880707337,"0.16929793510324487,0.11402651515151514,0.14655679012345682,0.1,0.36,0.17849375340250406","0,0,0"
36.68333333333333,278,AV,2,0,0,74,8326.33528790118,0.3,-0.11004999999999998,"0.76033203125,0.3020585585585587,0.3353445512820513,0.3,0.74,0.43729667837240127","0,0,0"
20.25,245,AV,2,0,0,47,5064.807770076448,0.2,-0.04050000000000001,"0.3115098870056497,0.16631995133819952,0.19907466666666665,0.2,0.47,0.2660022132026646","0,0,0"
11.55,16,AV,2,0,0,21,583.3206434887895,0.3,-0.03465,"0.05650396825396825,0.07934591194968556,0.11549999999999998,0.3,0.21,0.030635828489198207","0,0,0"
23.583333333333332,244,AV,1,0,0,56,5051.78348307234,0.1,-0.02358333333333333,"0.49167486338797806,0.2251530612244898,0.2583828828828829,0.1,0.56,0.26531818148305064","0,0,0"
27.983333333333334,214,AV,2,0,0,56,4015.909421979459,0.9,-0.25185,"0.49167486338797806,0.2251530612244898,0.2583828828828829,0.9,0.56,0.21091438071535054","0,0,0"
17.3,10,AV,0,0,0,34,513.3463032142733,0.1,-0.03191002047358557,"0.13827500000000004,0.10658680555555554,0.1391580459770115,0.1,0.34,0.026960796735695607","0,0,0"
30.233333333333334,146,AV,2,0,0,62,2421.832203454489,0.1,-0.030233333333333334,"0.6037303921568627,0.25827016129032254,0.2916611111111111,0.1,0.62,0.12719391443254247","0,0,0"
14.7,274,AV,2,0,0,36,7658.5640246764915,0.3,-0.04409999999999999,"0.16929793510324487,0.11402651515151514,0.14655679012345682,0.3,0.36,0.4022255281936403","0,0,0"
24.433333333333334,236,AV,2,0,0,55,4754.245589533712,0.7,-0.17103333333333334,"0.46280407124681927,0.21378,0.24506060606060612,0.7,0.55,0.24969157889794616","0,0,0"
6.583333333333333,113,AV,0,0,0,21,1639.6236094811811,0.1,-0.011157553877994306,"0.05650396825396825,0.07934591194968556,0.11549999999999998,0.1,0.21,0.08611254932874826","0,0,0"
39.81666666666667,0,AV,0,0,0,46,388.2787303527966,0.1,-0.05913268738504436,"0.30117410714285714,0.163012077294686,0.1966371794871795,0.1,0.46,0.02039228462402346","0,0,0"
85.61666666666666,136,AV,0,0,0,69,2164.09247058771,0.2,-0.17469898930780434,"0.709084084084084,0.28453703703703703,0.3159626666666667,0.2,0.69,0.11365749953089815","0,0,0"
18.633333333333333,27,AV,2,0,0,38,676.2529471816457,0.2,-0.03726666666666666,"0.19668981481481482,0.12453041362530415,0.1552777777777778,0.2,0.38,0.03551660572350354","0,0,0"
13.55,191,AV,0,0,0,32,3352.9358316496982,0.4,-0.05643684567095037,"0.10779259259259259,0.09678855721393033,0.12977927927927926,0.4,0.32,0.17609520290478356","0,0,0"
57.61666666666667,211,AV,0,0,0,53,3942.222625638348,0.1,-0.05951914674255675,"0.4368783783783784,0.20562777777777774,0.2404131652661064,0.1,0.53,0.20704437186203256","0,0,0"
29.283333333333335,248,AV,0,0,0,42,5307.329693361759,0.9,-0.2649631400220681,"0.24505333333333332,0.13962472406181015,0.17317441860465121,0.9,0.42,0.2787393932246195","0,0,0"
12.883333333333333,6,AV,1,0,0,37,477.1303205766694,0.6,-0.0773,"0.1840282738095238,0.11833583959899747,0.15082345679012346,0.6,0.37,0.025058743988140585","0,0,0"
13.583333333333334,210,AV,0,0,0,33,3941.04555698938,0.1,-0.01548638162129308,"0.12001754385964912,0.10116542288557212,0.13403982300884956,0.1,0.33,0.20698255256307185","0,0,0"
17.616666666666667,139,AV,2,0,0,38,2344.9936519099742,0.1,-0.017616666666666666,"0.19668981481481482,0.12453041362530415,0.1552777777777778,0.1,0.38,0.12315837632369546","0,0,0"
25.85,299,AV,0,0,0,40,19040.472291926453,0.1,-0.026243897792292692,"0.22015635738831613,0.13026801801801802,0.1639024691358025,0.1,0.4,1.0","0,0,0"
17.583333333333332,3,AV,1,0,0,46,449.0833195935783,0.6,-0.10549999999999998,"0.30117410714285714,0.163012077294686,0.1966371794871795,0.6,0.46,0.02358572375245118","0,0,0"
32.333333333333336,48,AV,2,0,0,70,898.3728471886773,0.4,-0.12933333333333336,"0.7277857142857141,0.29148059360730594,0.32315797101449284,0.4,0.7,0.047182277488442635","0,0,0"
12.983333333333333,188,AV,1,0,0,36,3274.575105225111,0.1,-0.012983333333333333,"0.16929793510324487,0.11402651515151514,0.14655679012345682,0.1,0.36,0.17197972061930406","0,0,0"
31.366666666666667,189,AV,1,0,0,76,3301.717979419838,0.2,-0.06273333333333334,"0.7764586563307495,0.3062758215962441,0.3411574923547401,0.2,0.76,0.1734052563822082","0,0,0"
95.63333333333334,60,AV,0,0,0,89,1025.7249596144625,0.9,-0.8680119016259671,"0.8297592592592592,0.3234347826086956,0.3593520249221184,0.9,0.89,0.05387077294555297","0,0,0"
35.583333333333336,86,AV,2,0,0,77,1411.5824788559885,0.1,-0.035583333333333335,"0.7836007462686567,0.3088768656716418,0.3433125,0.1,0.77,0.07413589627472256","0,0,0"
27.866666666666667,64,AV,2,0,0,57,1074.3823512953045,0.1,-0.027866666666666668,"0.515799180327869,0.23074149659863946,0.26431381381381386,0.1,0.57,0.05642624483379356","0,0,0"
8.716666666666667,289,AV,1,0,0,20,10838.007207066395,0.2,-0.017433333333333335,"0.054651960784313725,0.0778777777777778,0.11441904761904763,0.2,0.2,0.5692089482287648","0,0,0"
59.15,175,AV,0,0,0,54,3024.224513765153,0.1,-0.06162997460699852,"0.4486194444444444,0.20797685185185188,0.24143534482758625,0.1,0.54,0.1588313812492711","0,0,0"
24.6,66,AV,2,0,0,51,1097.8259349569896,0.2,-0.04920000000000001,"0.4073543543543543,0.1977194244604317,0.2323076923076923,0.2,0.51,0.05765749494682913","0,0,0"
22.433333333333334,155,AV,2,0,0,48,2648.588416164911,0.3,-0.0673,"0.33607422969187684,0.17476348039215686,0.205588,0.3,0.48,0.1391030839759141","0,0,0"
15.766666666666667,83,AV,2,0,0,37,1373.5659577718477,0.2,-0.03153333333333334,"0.1840282738095238,0.11833583959899747,0.15082345679012346,0.2,0.37,0.07213927977796368","0,0,0"
28.333333333333332,201,AV,2,0,0,58,3608.770587345788,0.3,-0.08499999999999999,"0.5237888888888889,0.2358780193236715,0.2688579234972677,0.3,0.58,0.18953156896617424","0,0,0"
20.633333333333333,212,AV,1,0,0,53,3958.913906791885,0.1,-0.020633333333333337,"0.4368783783783784,0.20562777777777774,0.2404131652661064,0.1,0.53,0.20792099303495454","0,0,0"
28.3,259,AV,1,0,0,64,5913.041300376779,0.8,-0.22640000000000005,"0.6429231678486996,0.2689081920903955,0.30032231404958687,0.8,0.64,0.31055118852718944","0,0,0"
38.81666666666667,126,AV,2,0,0,87,2015.5588757501516,0.2,-0.07763333333333335,"0.8271032338308457,0.3223063725490196,0.35869242424242415,0.2,0.87,0.10585655885252329","0,0,0"
21.566666666666666,115,AV,1,0,0,54,1682.490559712908,0.3,-0.0647,"0.4486194444444444,0.20797685185185188,0.24143534482758625,0.3,0.54,0.0883639089365613","0,0,0"
29.9,21,AV,1,0,0,72,623.7253316558669,0.1,-0.0299,"0.742454802259887,0.2941013071895425,0.32657033639143734,0.1,0.72,0.03275787081816973","0,0,0"
22.9,238,AV,1,0,0,55,4925.450001742355,0.3,-0.0687,"0.46280407124681927,0.21378,0.24506060606060612,0.3,0.55,0.25868318423124653","0,0,0"
32.333333333333336,165,AV,2,0,0,66,2838.632091159661,0.1,-0.03233333333333334,"0.6785846774193548,0.2785141025641026,0.3129563492063492,0.1,0.66,0.149084121845197","0,0,0"
8.833333333333334,51,AV,1,0,0,21,932.0432837729122,0.4,-0.035333333333333335,"0.05650396825396825,0.07934591194968556,0.11549999999999998,0.4,0.21,0.04895063890658413","0,0,0"
16.85,168,AV,1,0,0,45,2909.8477340427667,0.1,-0.01685,"0.28850320512820504,0.15587384259259257,0.1905972222222222,0.1,0.45,0.15282434644631168","0,0,0"
19.25,68,AV,2,0,0,45,1141.0395517097602,0.2,-0.038500000000000006,"0.28850320512820504,0.15587384259259257,0.1905972222222222,0.2,0.45,0.05992706137828231","0,0,0"
32.916666666666664,81,AV,0,0,0,44,1297.4303329633815,0.1,-0.03869732386994764,"0.26908169934640525,0.14746559139784945,0.18508130081300814,0.1,0.44,0.06814065917437974","0,0,0"
16.0,23,AV,2,0,0,29,632.5893922142865,0.3,-0.048,"0.08418253968253968,0.08794202898550725,0.12094827586206895,0.3,0.29,0.033223408669464424","0,0,0"
50.4,265,AV,0,0,0,50,6130.868263041086,0.1,-0.051623317755041725,"0.38284203980099507,0.18524806201550387,0.2159145299145299,0.1,0.5,0.3219913964865619","0,0,0"
30.133333333333333,12,AV,2,0,0,63,541.9839687696077,0.2,-0.06026666666666667,"0.6216296296296296,0.2625882352941176,0.294297619047619,0.2,0.63,0.028464838500850628","0,0,0"
55.516666666666666,196,AV,0,0,0,52,3427.0421228311798,0.8,-0.44632180949767186,"0.42066355140186923,0.2003597701149425,0.23628125,0.8,0.52,0.1799872435036349","0,0,0"
29.15,131,AV,1,0,0,65,2088.64210540395,0.4,-0.1166,"0.6548529411764704,0.27192533333333335,0.3040798319327731,0.4,0.65,0.10969486856109009","0,0,0"
19.066666666666666,286,AV,2,0,0,44,9095.945853089892,0.2,-0.03813333333333333,"0.26908169934640525,0.14746559139784945,0.18508130081300814,0.2,0.44,0.47771639871279653","0,0,0"
64.36666666666666,246,AV,0,0,0,57,5200.876525735832,0.1,-0.06580873128075379,"0.515799180327869,0.23074149659863946,0.26431381381381386,0.1,0.57,0.27314850419656395","0,0,0"
5.033333333333333,13,AV,0,0,0,18,566.7055292848979,0.6,-0.04343438648898298,"0.05199999999999999,0.07789444444444445,0.11493333333333332,0.6,0.18,0.02976320758205103","0,0,0"
88.81666666666666,85,AV,0,0,0,72,1391.0507319816634,0.8,-0.7159249411500488,"0.742454802259887,0.2941013071895425,0.32657033639143734,0.8,0.72,0.07305757497262802","0,0,0"
27.433333333333334,34,AV,1,0,0,62,776.0711537761008,0.2,-0.05486666666666667,"0.6037303921568627,0.25827016129032254,0.2916611111111111,0.2,0.62,0.04075902855125977","0,0,0"
18.65,61,AV,1,0,0,48,1038.299283744561,0.2,-0.0373,"0.33607422969187684,0.17476348039215686,0.205588,0.2,0.48,0.054531172747475445","0,0,0"
31.316666666666666,56,AV,2,0,0,68,981.8973671489576,0.2,-0.06263333333333333,"0.7047397660818714,0.2836804511278195,0.31634335839599,0.2,0.68,0.05156896069039748","0,0,0"
31.133333333333333,110,AV,2,0,0,60,1614.9493849180149,0.1,-0.031133333333333336,"0.5694559748427673,0.24783569739952718,0.2804235588972431,0.1,0.6,0.08481666631781955","0,0,0"
10.383333333333333,72,AV,0,0,0,29,1205.4292211271013,0.1,-0.016605183499689303,"0.08418253968253968,0.08794202898550725,0.12094827586206895,0.1,0.29,0.06330878786227523","0,0,0"
31.633333333333333,224,AV,1,0,0,73,4416.224882412617,0.1,-0.03163333333333334,"0.751782913165266,0.2983067940552017,0.3299391025641026,0.1,0.73,0.23193883086005102","0,0,0"
21.766666666666666,84,AV,2,0,0,47,1386.7650627050614,0.1,-0.021766666666666667,"0.3115098870056497,0.16631995133819952,0.19907466666666665,0.1,0.47,0.07283249288375467","0,0,0"
30.683333333333334,230,AV,2,0,0,60,4572.8741748457805,0.1,-0.030683333333333337,"0.5694559748427673,0.24783569739952718,0.2804235588972431,0.1,0.6,0.24016600558720239","0,0,0"
18.583333333333332,270,AV,2,0,0,44,7128.986247371214,0.5,-0.09291666666666666,"0.26908169934640525,0.14746559139784945,0.18508130081300814,0.5,0.44,0.3744122592165977","0,0,0"
31.933333333333334,204,AV,1,0,0,76,3773.073658575576,0.1,-0.031933333333333334,"0.7764586563307495,0.3062758215962441,0.3411574923547401,0.1,0.76,0.19816071790275053","0,0,0"
43.46666666666667,233,AV,0,0,0,48,4639.089550420253,0.1,-0.0450833632012961,"0.33607422969187684,0.17476348039215686,0.205588,0.1,0.48,0.24364361762115117","0,0,0"
78.56666666666666,209,AV,0,0,0,63,3898.759045987068,0.1,-0.08049035569477413,"0.6216296296296296,0.2625882352941176,0.294297619047619,0.1,0.63,0.204761677452729","0,0,0"
24.883333333333333,79,AV,2,0,0,50,1293.252850487379,0.8,-0.19906666666666667,"0.38284203980099507,0.18524806201550387,0.2159145299145299,0.8,0.5,0.0679212590244279","0,0,0"
24.083333333333332,202,AV,2,0,0,52,3630.005597296026,0.2,-0.04816666666666666,"0.42066355140186923,0.2003597701149425,0.23628125,0.2,0.52,0.1906468254380025","0,0,0"
52.06666666666667,63,AV,0,0,0,50,1068.5648373754009,0.8,-0.4235520932042098,"0.38284203980099507,0.18524806201550387,0.2159145299145299,0.8,0.5,0.05612071071516929","0,0,0"
10.183333333333334,107,AV,1,0,0,31,1592.2311391495805,0.1,-0.010183333333333334,"0.1008984962406015,0.09316296296296298,0.12770089285714287,0.1,0.31,0.08362351073742634","0,0,0"
97.31666666666666,198,AV,0,0,0,93,3480.90175047103,0.4,-0.3914212807688846,"0.8358664215686273,0.3254358974358975,0.361529702970297,0.4,0.93,0.18281593529310736","0,0,0"
52.35,65,AV,0,0,0,50,1089.3140785512585,0.1,-0.05923506661914687,"0.38284203980099507,0.18524806201550387,0.2159145299145299,0.1,0.5,0.05721045475395848","0,0,0"
14.333333333333334,156,AV,2,0,0,30,2667.9339807116767,0.2,-0.02866666666666667,"0.09187698412698414,0.09068796992481204,0.1246900826446281,0.2,0.3,0.140119107331331","0,0,0"
46.8,282,AV,0,0,0,49,8689.506535985933,0.1,-0.047663110001579516,"0.3679522058823529,0.1799553805774278,0.21138746438746442,0.1,0.49,0.45637032541837","0,0,0"
15.916666666666666,288,AV,1,0,0,44,10213.823531357188,0.4,-0.06366666666666666,"0.26908169934640525,0.14746559139784945,0.18508130081300814,0.4,0.44,0.5364270053158322","0,0,0"
19.533333333333335,235,AV,1,0,0,49,4705.31956239884,0.2,-0.03906666666666667,"0.3679522058823529,0.1799553805774278,0.21138746438746442,0.2,0.49,0.24712199835473575","0,0,0"
17.166666666666668,114,AV,0,0,0,35,1659.6531244520008,0.9,-0.15901901658816595,"0.15292028985507244,0.11022431077694236,0.14264646464646463,0.9,0.35,0.08716449355910817","0,0,0"
75.03333333333333,263,AV,0,0,0,61,6031.594525491932,0.4,-0.3013767856191762,"0.5925270655270655,0.253719298245614,0.28770256410256406,0.4,0.61,0.3167775690127944","0,0,0"
29.9,216,AV,1,0,0,69,4113.319853961603,0.4,-0.1196,"0.709084084084084,0.28453703703703703,0.3159626666666667,0.4,0.69,0.21603034792922307","0,0,0"
61.13333333333333,194,AV,0,0,0,55,3393.6426315430986,0.1,-0.06334334800320142,"0.46280407124681927,0.21378,0.24506060606060612,0.1,0.55,0.17823311205269168","0,0,0"
11.2,205,AV,2,0,0,24,3773.692032315799,0.3,-0.0336,"0.06268721461187214,0.08114874551971328,0.11772427983539097,0.3,0.24,0.19819319470956198","0,0,0"
34.68333333333333,153,AV,0,0,0,44,2619.168197182975,0.1,-0.037546837864301054,"0.26908169934640525,0.14746559139784945,0.18508130081300814,0.1,0.44,0.13755794273514713","0,0,0"
14.283333333333333,231,AV,1,0,0,41,4609.601315671212,0.2,-0.02856666666666667,"0.23392021276595748,0.13544078947368418,0.16944154228855723,0.2,0.41,0.2420949042123171","0,0,0"
26.483333333333334,15,AV,1,0,0,60,571.0932451196882,0.2,-0.052966666666666676,"0.5694559748427673,0.24783569739952718,0.2804235588972431,0.2,0.6,0.029993649126121902","0,0,0"
30.316666666666666,117,AV,2,0,0,65,1794.439334206041,0.3,-0.09094999999999999,"0.6548529411764704,0.27192533333333335,0.3040798319327731,0.3,0.65,0.09424342561959032","0,0,0"
11.866666666666667,46,AV,2,0,0,26,881.2906222289953,0.9,-0.1068,"0.0664080459770115,0.08187227414330218,0.11786263736263736,0.9,0.26,0.04628512406190052","0,0,0"
16.483333333333334,102,AV,2,0,0,35,1564.4426034616197,0.7,-0.11538333333333332,"0.15292028985507244,0.11022431077694236,0.14264646464646463,0.7,0.35,0.08216406502295508","0,0,0"
23.1,5,AV,1,0,0,55,465.3670128771111,0.5,-0.1155,"0.46280407124681927,0.21378,0.24506060606060612,0.5,0.55,0.0244409385304185","0,0,0"
27.433333333333334,49,AV,2,0,0,54,904.859336063587,0.2,-0.05486666666666667,"0.4486194444444444,0.20797685185185188,0.24143534482758625,0.2,0.54,0.04752294597478371","0,0,0"
31.016666666666666,37,AV,0,0,0,42,832.4581618945489,0.2,-0.07104279512169652,"0.24505333333333332,0.13962472406181015,0.17317441860465121,0.2,0.42,0.043720457619506006","0,0,0"
92.31666666666666,182,AV,0,0,0,74,3225.188153267811,0.8,-0.7408587790572985,"0.76033203125,0.3020585585585587,0.3353445512820513,0.8,0.74,0.16938593244009792","0,0,0"
31.3,251,AV,2,0,0,66,5557.427333357366,0.4,-0.1252,"0.6785846774193548,0.2785141025641026,0.3129563492063492,0.4,0.66,0.2918744476582037","0,0,0"
54.233333333333334,252,AV,0,0,0,50,5611.673516276995,0.1,-0.05556983303850075,"0.38284203980099507,0.18524806201550387,0.2159145299145299,0.1,0.5,0.29472344121718336","0,0,0"
34.36666666666667,96,AV,2,0,0,76,1530.0661682302475,0.3,-0.1031,"0.7764586563307495,0.3062758215962441,0.3411574923547401,0.3,0.76,0.08035862476368438","0,0,0"
15.033333333333333,17,AV,2,0,0,32,586.8516376274475,0.1,-0.015033333333333333,"0.10779259259259259,0.09678855721393033,0.12977927927927926,0.1,0.32,0.03082127526197365","0,0,0"
16.483333333333334,104,AV,2,0,0,41,1579.1767070066765,0.1,-0.016483333333333332,"0.23392021276595748,0.13544078947368418,0.16944154228855723,0.1,0.41,0.08293789580399638","0,0,0"
11.316666666666666,294,AV,1,0,0,35,13430.196447392702,0.1,-0.011316666666666668,"0.15292028985507244,0.11022431077694236,0.14264646464646463,0.1,0.35,0.7053499640913518","0,0,0"
10.633333333333333,1,AV,2,0,0,26,419.7646265090227,0.5,-0.05316666666666667,"0.0664080459770115,0.08187227414330218,0.11786263736263736,0.5,0.26,0.022045914621929386","0,0,0"
20.516666666666666,169,AV,0,0,0,37,2927.9701715656583,0.3,-0.06411150150463778,"0.1840282738095238,0.11833583959899747,0.15082345679012346,0.3,0.37,0.1537761315304756","0,0,0"
33.63333333333333,87,AV,2,0,0,70,1434.4967426379471,0.6,-0.20179999999999998,"0.7277857142857141,0.29148059360730594,0.32315797101449284,0.6,0.7,0.07533934666348602","0,0,0"
27.05,213,AV,1,0,0,62,3971.0791127863904,0.6,-0.1623,"0.6037303921568627,0.25827016129032254,0.2916611111111111,0.6,0.62,0.20855990607282407","0,0,0"
36.416666666666664,55,AV,0,0,0,45,979.573716991658,0.2,-0.08048972495542896,"0.28850320512820504,0.15587384259259257,0.1905972222222222,0.2,0.45,0.051446923268128025","0,0,0"
73.13333333333334,225,AV,0,0,0,60,4459.768546990965,0.1,-0.0748150349555084,"0.5694559748427673,0.24783569739952718,0.2804235588972431,0.1,0.6,0.23422573130615026","0,0,0"
21.983333333333334,40,AV,2,0,0,47,859.2772315809713,0.3,-0.06595000000000001,"0.3115098870056497,0.16631995133819952,0.19907466666666665,0.3,0.47,0.045128987264949426","0,0,0"
29.433333333333334,157,AV,1,0,0,69,2675.3892374750885,0.2,-0.05886666666666667,"0.709084084084084,0.28453703703703703,0.3159626666666667,0.2,0.69,0.14051065522200876","0,0,0"
27.816666666666666,33,AV,2,0,0,57,763.1985099142711,0.1,-0.02781666666666667,"0.515799180327869,0.23074149659863946,0.26431381381381386,0.1,0.57,0.04008296108484046","0,0,0"
15.316666666666666,206,AV,0,0,0,34,3824.993837156676,0.4,-0.06322745413961464,"0.13827500000000004,0.10658680555555554,0.1391580459770115,0.4,0.34,0.20088755039855555","0,0,0"
30.366666666666667,75,AV,2,0,0,65,1249.5878531833848,0.2,-0.06073333333333334,"0.6548529411764704,0.27192533333333335,0.3040798319327731,0.2,0.65,0.06562798621929328","0,0,0"
69.65,226,AV,0,0,0,59,4504.939201911708,0.8,-0.5588648393383017,"0.5408090909090909,0.24071411192214107,0.27304761904761904,0.8,0.59,0.2365980808061097","0,0,0"
14.983333333333333,18,AV,1,0,0,42,591.6693204447811,0.5,-0.07491666666666666,"0.24505333333333332,0.13962472406181015,0.17317441860465121,0.5,0.42,0.0310742985454022","0,0,0"
92.36666666666666,269,AV,0,0,0,77,6709.13861087917,0.5,-0.46295121156405555,"0.7836007462686567,0.3088768656716418,0.3433125,0.5,0.77,0.352361984934795","0,0,0"
