travel_time,id,kind,action,bid_route_0,bid_route_1,bid_route_2,karma_balance,origin,destination,start_time,income,urgency,reward
42.88333333333333,147,AV,2,5,2,6,19,0,0,71,1141.0395517097602,0.1,-4.288333333333333
44.85,101,AV,2,4,5,2,9,0,0,65,2139.4702648744856,0.4,-17.94
25.0,2,AV,2,5,1,5,7,0,0,36,2767.495209174315,0.1,-2.5
39.56666666666667,222,AV,2,4,6,5,8,0,0,57,3849.958431883558,0.1,-3.956666666666667
30.1,22,AV,2,1,7,1,9,0,0,37,2486.38103050259,0.3,-9.03
41.75,89,AV,2,0,2,5,17,0,0,59,3803.247088152212,0.1,-4.175
27.516666666666666,84,AV,2,5,2,6,10,0,0,33,2421.0391237858234,0.1,-2.751666666666667
20.566666666666666,254,AV,2,5,1,5,8,0,0,16,4843.3187157075145,0.2,-4.113333333333333
42.483333333333334,190,AV,2,5,0,3,8,0,0,55,541.9839687696077,0.3,-12.745
34.4,208,AV,2,1,1,0,2,0,0,46,4754.245589533712,1.0,-34.4
46.65,63,AV,2,4,1,7,15,0,0,61,2756.9260540590044,0.1,-4.665
29.233333333333334,207,AV,0,9,9,5,6,0,0,58,1011.0784796502788,0.1,-2.923333333333334
28.516666666666666,133,AV,2,3,1,4,8,0,0,33,2969.8754393798326,0.8,-22.813333333333333
39.53333333333333,109,AV,2,0,3,4,5,0,0,50,595.9176043698985,0.6,-23.72
28.9,41,AV,2,4,5,6,8,0,0,37,1848.7234685638712,0.1,-2.89
32.11666666666667,266,AV,2,2,1,4,6,0,0,37,1527.6889462703334,0.2,-6.423333333333334
42.166666666666664,29,AV,2,6,1,5,15,0,0,60,4416.224882412617,0.5,-21.083333333333332
36.016666666666666,298,AV,2,1,5,4,7,0,0,47,1234.5997004771,0.1,-3.6016666666666666
30.283333333333335,141,AV,1,2,9,7,9,0,0,53,2496.2043409386315,0.2,-6.0566666666666675
21.966666666666665,268,AV,1,8,9,3,0,0,0,39,6007.794801579103,0.7,-15.376666666666665
37.666666666666664,46,AV,2,5,3,0,8,0,0,53,566.7055292848979,0.1,-3.7666666666666666
36.78333333333333,49,AV,2,5,2,7,7,0,0,47,1074.3823512953045,0.4,-14.713333333333333
43.36666666666667,137,AV,2,2,0,2,2,0,0,62,2818.3733061874163,0.1,-4.336666666666667
49.3,98,AV,2,1,8,1,16,0,0,78,9095.945853089892,0.1,-4.93
32.13333333333333,95,AV,2,1,6,3,7,0,0,42,4924.983441788647,0.9,-28.92
44.46666666666667,251,AV,2,1,4,5,15,0,0,72,825.4433072334436,1.0,-44.46666666666667
32.25,228,AV,0,9,9,4,0,0,0,76,1279.3396024785957,0.4,-12.9
10.116666666666667,110,AV,0,9,3,7,1,0,0,30,11185.875164713363,0.1,-1.0116666666666667
6.75,239,AV,0,9,9,0,0,0,0,22,3458.1247672483346,0.1,-0.675
22.883333333333333,131,AV,2,2,4,7,7,0,0,19,4376.119511966378,0.1,-2.2883333333333336
37.5,247,AV,2,6,7,5,9,0,0,49,4687.914961676448,0.5,-18.75
45.13333333333333,235,AV,2,0,1,3,26,0,0,69,6709.13861087917,0.1,-4.513333333333334
45.15,111,AV,2,2,8,4,8,0,0,84,449.0833195935783,0.5,-22.575
10.133333333333333,135,AV,0,9,5,3,9,0,0,29,2105.159940183184,0.1,-1.0133333333333334
34.516666666666666,206,AV,2,0,0,0,2,0,0,46,4950.268578812107,0.7,-24.161666666666665
17.0,280,AV,0,9,9,4,0,0,0,39,1684.196745492046,0.3,-5.1
40.71666666666667,73,AV,2,3,8,1,8,0,0,59,1022.032321197676,0.4,-16.28666666666667
30.516666666666666,117,AV,2,3,8,0,9,0,0,38,4266.216809230351,0.1,-3.0516666666666667
44.45,28,AV,2,4,4,8,8,0,0,66,20239.22920549412,0.1,-4.445
40.166666666666664,112,AV,2,2,1,4,7,0,0,57,2780.081336731352,0.1,-4.016666666666667
34.233333333333334,114,AV,2,6,4,9,0,0,0,42,913.5589076746268,0.2,-6.846666666666668
46.81666666666667,45,AV,2,3,0,0,7,0,0,69,7511.51421120444,0.3,-14.045
42.56666666666667,234,AV,2,2,4,3,6,0,0,59,6947.27484286379,0.1,-4.256666666666667
30.483333333333334,1,AV,2,2,2,3,16,0,0,37,7612.519032757181,0.4,-12.193333333333335
31.133333333333333,143,AV,2,3,4,4,8,0,0,38,1083.524948441525,0.1,-3.1133333333333333
39.28333333333333,240,AV,2,7,3,1,16,0,0,56,3759.463069718096,0.1,-3.9283333333333332
31.1,274,AV,2,3,4,9,1,0,0,29,4645.51881630073,0.2,-6.220000000000001
30.366666666666667,209,AV,2,1,4,2,6,0,0,42,10426.353459350525,0.1,-3.036666666666667
40.8,216,AV,2,0,0,0,2,0,0,48,1530.6528609905624,0.2,-8.16
23.116666666666667,277,AV,2,6,4,4,19,0,0,23,2850.5966631146844,0.1,-2.311666666666667
20.266666666666666,174,AV,2,2,3,2,8,0,0,1,2996.640782499388,0.7,-14.186666666666666
18.733333333333334,270,AV,0,9,9,5,0,0,0,44,1782.711710770346,0.1,-1.8733333333333335
34.6,288,AV,2,7,0,0,9,0,0,48,2744.255474143275,0.1,-3.4600000000000004
27.433333333333334,97,AV,0,9,2,2,2,0,0,56,3724.6301341612702,0.2,-5.486666666666667
40.78333333333333,93,AV,2,2,1,3,3,0,0,52,5304.212874057136,0.1,-4.078333333333333
33.18333333333333,269,AV,2,6,4,5,9,0,0,45,4061.843573313689,0.2,-6.636666666666667
44.983333333333334,156,AV,2,0,0,5,5,0,0,73,437.8567856598078,0.2,-8.996666666666668
31.166666666666668,281,AV,1,7,9,5,9,0,0,56,943.1907669438916,0.1,-3.116666666666667
32.9,292,AV,2,1,3,1,3,0,0,45,2222.040577514192,0.4,-13.16
28.566666666666666,182,AV,1,6,9,4,16,0,0,53,1805.1606101798543,0.4,-11.426666666666668
48.43333333333333,295,AV,2,6,7,0,15,0,0,91,5502.789496653042,0.1,-4.843333333333334
42.36666666666667,195,AV,2,4,1,2,7,0,0,61,2891.134206742707,0.2,-8.473333333333334
34.583333333333336,53,AV,2,1,6,8,9,0,0,43,4660.29795945294,0.6,-20.75
37.766666666666666,255,AV,2,3,5,5,10,0,0,54,7177.938863287724,0.7,-26.436666666666664
28.65,257,AV,2,5,6,3,10,0,0,40,601.3137559373858,1.0,-28.65
26.733333333333334,152,AV,2,0,1,0,9,0,0,39,743.7553910389753,0.1,-2.673333333333334
30.933333333333334,74,AV,2,6,8,6,9,0,0,42,3919.41152379869,0.3,-9.28
21.666666666666668,122,AV,2,1,6,2,6,0,0,20,2239.194506681481,0.9,-19.5
28.083333333333332,129,AV,2,2,5,4,9,0,0,30,13351.937436366714,0.1,-2.8083333333333336
28.966666666666665,154,AV,2,0,0,1,3,0,0,38,898.3728471886773,0.2,-5.793333333333333
30.266666666666666,168,AV,2,6,1,4,7,0,0,30,682.056612603955,1.0,-30.266666666666666
42.06666666666667,32,AV,2,3,3,6,7,0,0,52,1474.807688008607,0.1,-4.206666666666667
32.016666666666666,140,AV,2,7,2,7,8,0,0,34,11049.706566164488,1.0,-32.016666666666666
37.083333333333336,199,AV,2,1,2,7,9,0,0,50,600.3305173079323,0.4,-14.833333333333336
23.0,173,AV,2,0,0,0,1,0,0,25,2991.769966736588,0.5,-11.5
30.25,244,AV,2,3,3,4,7,0,0,33,3097.4575811220984,0.2,-6.050000000000001
31.316666666666666,26,AV,2,6,6,1,12,0,0,42,4429.527615460413,1.0,-31.316666666666666
40.61666666666667,78,AV,2,1,0,6,9,0,0,55,3558.5090095449787,0.7,-28.431666666666665
6.666666666666667,17,AV,0,9,6,5,16,0,0,19,424.9057127261393,0.2,-1.3333333333333335
45.46666666666667,35,AV,2,0,3,4,18,0,0,75,1649.648602545546,0.4,-18.186666666666667
36.88333333333333,249,AV,2,8,0,8,9,0,0,48,832.3173438658397,1.0,-36.88333333333333
42.483333333333334,19,AV,2,3,1,8,14,0,0,57,1587.6148581174584,0.5,-21.241666666666667
29.083333333333332,90,AV,2,1,1,5,8,0,0,40,2619.168197182975,0.4,-11.633333333333333
20.516666666666666,82,AV,0,9,9,5,0,0,0,47,3393.6426315430986,0.1,-2.0516666666666667
23.933333333333334,96,AV,0,9,9,4,0,0,0,48,572.7967315704935,0.2,-4.786666666666667
33.333333333333336,256,AV,2,7,0,1,15,0,0,43,4818.617258984985,0.3,-10.0
24.183333333333334,246,AV,2,3,1,1,7,0,0,23,5480.041794665195,0.6,-14.51
41.15,123,AV,2,4,5,6,7,0,0,61,1040.734547163155,0.1,-4.115
40.25,273,AV,2,6,6,1,15,0,0,49,5862.8833826120845,0.1,-4.025
43.75,102,AV,2,5,2,2,30,0,0,51,3583.4963710051925,0.1,-4.375
43.03333333333333,191,AV,2,0,2,5,9,0,0,59,6563.608435155774,0.1,-4.303333333333334
32.733333333333334,136,AV,2,7,5,5,7,0,0,47,1592.6375082496468,0.2,-6.546666666666667
24.2,47,AV,2,8,1,1,17,0,0,27,1310.9401185904849,0.3,-7.26
8.416666666666666,128,AV,0,9,8,8,0,0,0,28,2747.619709803412,0.5,-4.208333333333333
46.11666666666667,287,AV,2,0,5,0,5,0,0,67,9667.367812467324,0.1,-4.611666666666667
28.566666666666666,210,AV,2,7,3,7,10,0,0,42,491.0984231068265,0.3,-8.57
11.383333333333333,232,AV,1,1,9,8,6,0,0,14,3368.9508766880413,0.2,-2.276666666666667
44.733333333333334,299,AV,2,0,0,1,9,0,0,61,3465.4556083993225,0.5,-22.366666666666667
39.483333333333334,43,AV,2,5,3,5,6,0,0,58,4925.450001742355,0.1,-3.9483333333333337
42.68333333333333,263,AV,2,0,6,2,6,0,0,62,636.6552097563458,0.5,-21.341666666666665
45.15,23,AV,2,4,1,1,17,0,0,60,3323.1633986738134,0.3,-13.545
23.9,5,AV,0,9,9,4,0,0,0,52,632.5893922142865,0.3,-7.169999999999999
48.35,291,AV,2,3,5,7,7,0,0,66,807.7368269013535,0.3,-14.504999999999999
36.03333333333333,172,AV,2,0,0,8,15,0,0,49,985.0802174553831,0.8,-28.826666666666668
21.2,243,AV,2,7,0,4,7,0,0,21,1148.9174546898266,0.2,-4.24
29.733333333333334,44,AV,2,3,6,0,8,0,0,41,6081.635477498837,0.3,-8.92
34.78333333333333,160,AV,2,1,2,5,10,0,0,48,4549.070920567666,0.1,-3.4783333333333335
45.53333333333333,233,AV,2,4,2,2,7,0,0,68,5354.15698790508,0.7,-31.87333333333333
38.8,237,AV,2,1,3,8,10,0,0,53,5913.041300376779,0.1,-3.88
42.18333333333333,8,AV,2,6,7,6,7,0,0,57,3778.090807703549,0.3,-12.655
33.68333333333333,62,AV,2,8,6,4,9,0,0,48,2318.1098695731453,0.2,-6.736666666666666
36.96666666666667,229,AV,2,3,2,3,7,0,0,47,1447.5744631551047,0.1,-3.696666666666667
22.566666666666666,55,AV,2,3,1,3,20,0,0,13,3783.636689084741,0.6,-13.54
13.7,165,AV,0,9,6,1,0,0,0,36,4864.205776554158,0.2,-2.74
49.483333333333334,92,AV,2,2,3,0,6,0,0,63,3866.930621896856,0.4,-19.793333333333337
24.683333333333334,189,AV,2,1,5,4,8,0,0,13,13079.31179296209,0.1,-2.4683333333333337
38.1,186,AV,2,1,1,2,6,0,0,49,2212.8825544422834,0.4,-15.240000000000002
34.983333333333334,24,AV,2,2,1,4,8,0,0,47,2011.9739719035176,0.1,-3.4983333333333335
25.6,68,AV,2,2,1,2,11,0,0,34,12051.378145129962,0.2,-5.120000000000001
22.283333333333335,33,AV,0,9,9,5,1,0,0,47,1528.3774584247917,0.1,-2.2283333333333335
31.3,148,AV,2,6,6,0,6,0,0,40,3017.17067826153,0.4,-12.520000000000001
35.68333333333333,278,AV,2,8,5,5,8,0,0,51,1460.106853854364,0.1,-3.5683333333333334
31.183333333333334,283,AV,2,7,4,7,16,0,0,39,2078.9202215407213,0.7,-21.828333333333333
29.4,115,AV,2,6,1,7,17,0,0,25,4747.153558918807,0.1,-2.94
24.55,65,AV,2,5,4,5,6,0,0,15,4549.115907877681,0.2,-4.91
26.6,276,AV,2,3,1,3,8,0,0,38,7658.5640246764915,0.2,-5.32
25.666666666666668,20,AV,2,5,5,8,16,0,0,33,3245.380745418587,0.1,-2.566666666666667
42.31666666666667,192,AV,2,1,0,5,5,0,0,60,2758.442965787371,0.1,-4.231666666666667
26.616666666666667,221,AV,1,8,9,8,6,0,0,51,1682.490559712908,0.3,-7.984999999999999
29.933333333333334,14,AV,2,3,0,5,6,0,0,33,388.2787303527966,0.4,-11.973333333333334
17.116666666666667,296,AV,0,9,9,5,16,0,0,39,1530.0661682302475,0.3,-5.135
24.683333333333334,21,AV,2,3,2,0,10,0,0,31,1900.764377468582,0.6,-14.809999999999999
32.05,12,AV,2,7,5,4,8,0,0,44,1664.0464513081895,0.1,-3.205
38.61666666666667,196,AV,2,1,5,6,20,0,0,55,1942.5668635563816,0.1,-3.861666666666667
36.65,231,AV,2,8,1,3,8,0,0,45,508.6019702527906,0.5,-18.325
8.5,183,AV,0,9,8,8,0,0,0,25,827.3783452591958,0.4,-3.4000000000000004
43.9,250,AV,2,3,3,6,7,0,0,58,3197.7177395395383,0.2,-8.78
38.2,242,AV,2,8,0,1,9,0,0,56,1323.5149786113286,0.5,-19.1
23.1,145,AV,1,0,9,3,1,0,0,45,1200.7903182940884,0.3,-6.930000000000001
31.133333333333333,285,AV,2,0,5,4,5,0,0,42,2533.2754137277425,0.1,-3.1133333333333333
31.65,267,AV,2,2,2,7,9,0,0,42,2675.3892374750885,0.1,-3.165
27.516666666666666,166,AV,2,5,3,3,7,0,0,32,1386.7650627050614,0.1,-2.751666666666667
31.733333333333334,134,AV,2,5,2,8,8,0,0,42,4635.813442599864,0.3,-9.52
36.13333333333333,286,AV,2,2,1,4,7,0,0,48,15387.119225735782,0.4,-14.453333333333333
28.916666666666668,64,AV,2,7,7,5,17,0,0,25,437.5592869272848,0.3,-8.675
40.86666666666667,214,AV,2,6,6,2,20,0,0,55,4609.601315671212,0.1,-4.086666666666667
31.2,159,AV,2,6,1,0,7,0,0,45,6130.868263041086,0.1,-3.12
23.166666666666668,170,AV,2,5,4,5,8,0,0,1,857.6590975250949,0.1,-2.316666666666667
37.833333333333336,36,AV,2,5,4,9,1,0,0,53,8981.750106371177,0.1,-3.7833333333333337
34.0,124,AV,2,6,3,5,27,0,0,48,5341.061461458292,0.1,-3.4000000000000004
23.966666666666665,144,AV,2,3,0,4,15,0,0,23,816.2772675203604,0.3,-7.1899999999999995
32.45,175,AV,2,1,4,8,9,0,0,41,658.4091024775607,0.1,-3.2450000000000006
11.75,289,AV,0,9,6,1,9,0,0,34,1564.4426034616197,0.1,-1.175
46.61666666666667,54,AV,2,0,5,2,5,0,0,59,902.2448599555772,0.2,-9.323333333333334
29.983333333333334,121,AV,2,5,3,7,8,0,0,37,497.26542980048754,0.1,-2.9983333333333335
27.7,188,AV,2,3,3,4,6,0,0,29,4889.272753955773,0.3,-8.309999999999999
18.616666666666667,161,AV,2,8,5,1,15,0,0,7,3987.5502105766736,0.1,-1.8616666666666668
39.36666666666667,230,AV,2,2,1,4,8,0,0,55,6446.254396158338,0.2,-7.873333333333334
33.45,217,AV,2,5,5,6,9,0,0,39,979.573716991658,0.3,-10.035
28.966666666666665,204,AV,0,9,9,4,1,0,0,57,4504.939201911708,0.2,-5.793333333333333
34.666666666666664,80,AV,2,1,6,0,7,0,0,46,2198.5025098873134,0.4,-13.866666666666667
42.3,142,AV,2,6,4,1,17,0,0,56,742.4887258523852,0.1,-4.2299999999999995
28.266666666666666,59,AV,2,6,3,4,8,0,0,38,5064.807770076448,0.2,-5.653333333333333
40.266666666666666,76,AV,2,4,7,8,8,0,0,48,2853.537244729806,0.3,-12.08
43.9,86,AV,2,4,7,2,7,0,0,68,1573.7150367511856,0.4,-17.56
28.866666666666667,0,AV,2,0,1,2,17,0,0,31,1261.43865123121,0.2,-5.773333333333333
15.633333333333333,245,AV,0,9,9,5,6,0,0,36,1950.0200213032829,0.1,-1.5633333333333335
32.5,198,AV,2,4,0,7,25,0,0,44,4547.885280126284,0.9,-29.25
38.016666666666666,238,AV,2,8,4,8,8,0,0,51,5825.994272151124,0.4,-15.206666666666667
21.366666666666667,150,AV,2,3,6,7,8,0,0,7,5960.007005011629,0.1,-2.1366666666666667
29.416666666666668,83,AV,2,3,2,3,9,0,0,39,1348.5865378412918,0.1,-2.941666666666667
25.716666666666665,178,AV,0,9,8,3,0,0,0,52,1129.1321270070612,0.2,-5.1433333333333335
41.88333333333333,104,AV,2,1,4,5,15,0,0,48,1572.8756307612184,0.7,-29.31833333333333
41.416666666666664,197,AV,2,7,5,1,7,0,0,70,1014.5614647146556,0.1,-4.141666666666667
26.15,181,AV,2,3,5,2,6,0,0,37,779.2240782816187,0.5,-13.075
43.03333333333333,194,AV,2,7,0,1,8,0,0,57,3942.222625638348,0.1,-4.303333333333334
43.45,37,AV,2,2,1,5,8,0,0,54,10783.100237376317,0.1,-4.345000000000001
31.316666666666666,11,AV,2,1,4,4,8,0,0,36,4281.8327360815,0.3,-9.395
40.13333333333333,13,AV,2,8,3,8,16,0,0,49,3386.12741774329,0.2,-8.026666666666667
35.916666666666664,226,AV,2,7,1,6,7,0,0,46,3476.696831582168,0.8,-28.733333333333334
38.18333333333333,176,AV,2,6,1,6,15,0,0,48,4135.471393234625,0.1,-3.8183333333333334
33.7,52,AV,2,0,1,5,9,0,0,44,2520.757475212996,0.3,-10.110000000000001
22.633333333333333,171,AV,2,2,1,5,6,0,0,20,6230.691172258436,0.2,-4.526666666666666
40.483333333333334,163,AV,2,1,3,2,8,0,0,56,567.9518330451218,0.2,-8.096666666666668
26.016666666666666,169,AV,2,3,3,5,9,0,0,34,978.4447105201264,0.4,-10.406666666666666
24.633333333333333,50,AV,2,8,1,0,8,0,0,27,1454.957177165027,0.4,-9.853333333333333
37.516666666666666,16,AV,2,1,7,4,7,0,0,55,4021.28082322038,0.2,-7.503333333333334
33.05,187,AV,2,2,5,7,13,0,0,39,8987.033628468456,0.5,-16.525
41.75,91,AV,2,2,4,3,9,0,0,50,676.2529471816457,0.2,-8.35
44.333333333333336,113,AV,2,6,0,6,6,0,0,66,2761.3662775036096,1.0,-44.333333333333336
30.533333333333335,153,AV,2,7,1,2,7,0,0,40,4343.557359248321,0.4,-12.213333333333335
37.13333333333333,264,AV,2,2,4,4,6,0,0,48,640.5426603936758,0.5,-18.566666666666666
47.95,118,AV,2,4,5,5,6,0,0,77,1639.6236094811811,0.5,-23.975
32.983333333333334,100,AV,2,0,4,9,1,0,0,46,506.5869000089976,0.4,-13.193333333333335
30.333333333333332,79,AV,2,1,1,0,2,0,0,41,6427.339783247283,0.1,-3.033333333333333
40.733333333333334,27,AV,2,0,5,6,9,0,0,66,2946.490055333797,0.1,-4.073333333333333
43.233333333333334,69,AV,2,3,3,7,7,0,0,60,2276.662146114732,0.1,-4.323333333333333
30.566666666666666,241,AV,2,0,5,5,5,0,0,38,3523.1638559153366,0.1,-3.0566666666666666
44.333333333333336,126,AV,2,7,1,5,8,0,0,67,11940.25564443948,0.1,-4.433333333333334
21.966666666666665,25,AV,2,8,8,3,11,0,0,18,1804.2001824470888,0.1,-2.1966666666666668
42.3,252,AV,2,0,3,5,6,0,0,57,4756.448820673547,0.3,-12.69
25.383333333333333,31,AV,2,0,1,3,16,0,0,19,5307.329693361759,0.9,-22.845
47.15,290,AV,2,8,8,3,10,0,0,64,1446.9812594843625,0.1,-4.715
43.483333333333334,218,AV,2,8,8,8,9,0,0,61,16390.717038727882,0.1,-4.348333333333334
23.566666666666666,88,AV,2,2,1,6,9,0,0,32,2250.3510049999354,0.1,-2.356666666666667
34.8,177,AV,2,3,7,7,15,0,0,50,2033.019749384408,0.4,-13.92
47.5,215,AV,2,2,8,5,8,0,0,65,932.0432837729122,1.0,-47.5
26.866666666666667,279,AV,2,2,4,2,5,0,0,36,583.3206434887895,0.4,-10.746666666666668
23.233333333333334,87,AV,2,3,7,7,10,0,0,24,3132.463358685509,0.4,-9.293333333333335
38.21666666666667,227,AV,2,0,2,2,2,0,0,51,1100.389953660579,0.2,-7.643333333333334
40.333333333333336,261,AV,2,3,4,0,6,0,0,52,5882.279762541917,0.1,-4.033333333333334
31.633333333333333,106,AV,2,2,5,0,9,0,0,40,3031.4508351358254,0.1,-3.1633333333333336
24.816666666666666,225,AV,2,5,5,5,19,0,0,32,8326.33528790118,0.2,-4.963333333333334
31.65,297,AV,2,4,6,5,34,0,0,42,5654.280440205098,0.1,-3.165
32.65,119,AV,2,4,4,2,4,0,0,47,3032.1279287666234,0.4,-13.06
25.8,15,AV,2,2,3,3,26,0,0,31,1150.4391077840953,0.2,-5.16
40.21666666666667,213,AV,2,7,2,2,15,0,0,53,616.3739675020589,0.6,-24.13
24.633333333333333,185,AV,2,2,1,5,8,0,0,21,2909.5116230827134,0.2,-4.926666666666667
37.43333333333333,146,AV,2,5,1,3,8,0,0,48,4434.023444374438,1.0,-37.43333333333333
28.883333333333333,205,AV,2,3,7,4,9,0,0,33,938.3100494872764,0.1,-2.8883333333333336
48.233333333333334,282,AV,2,1,0,5,8,0,0,74,13748.957190518822,0.1,-4.823333333333334
31.916666666666668,30,AV,2,8,5,6,19,0,0,46,776.0711537761008,0.1,-3.191666666666667
38.833333333333336,162,AV,2,1,3,6,12,0,0,48,1503.4428459110418,0.2,-7.7666666666666675
47.75,149,AV,2,2,8,4,8,0,0,74,4237.057085974603,0.5,-23.875
41.86666666666667,224,AV,2,8,5,8,9,0,0,60,2108.868816674547,0.1,-4.1866666666666665
47.333333333333336,248,AV,2,7,2,5,7,0,0,70,2648.588416164911,0.3,-14.200000000000001
35.96666666666667,125,AV,2,0,2,1,6,0,0,49,627.4062491148882,0.1,-3.596666666666667
25.283333333333335,272,AV,2,0,2,5,5,0,0,32,650.412147456106,0.1,-2.5283333333333338
53.65,258,AV,2,3,6,5,17,0,0,60,1020.5842314575186,1.0,-53.65
27.45,3,AV,0,9,9,5,8,0,0,54,546.8646928603165,0.1,-2.745
47.18333333333333,180,AV,2,5,0,1,8,0,0,92,2255.9253983027734,0.6,-28.31
35.45,108,AV,2,7,3,0,10,0,0,44,3064.640983136323,0.1,-3.5450000000000004
24.3,260,AV,2,2,0,2,2,0,0,22,2392.7441380289174,0.1,-2.43
26.1,75,AV,2,5,0,5,10,0,0,26,7336.658338656486,0.3,-7.83
43.71666666666667,105,AV,2,8,4,7,16,0,0,66,779.0639592631991,0.7,-30.601666666666667
43.15,203,AV,2,1,4,4,7,0,0,52,4689.4303597647895,0.1,-4.315
30.966666666666665,253,AV,2,2,0,8,14,0,0,42,1628.9397076974285,0.6,-18.58
42.266666666666666,70,AV,2,7,8,2,9,0,0,63,8029.700924090037,0.3,-12.68
15.15,184,AV,0,9,8,2,0,0,0,36,4113.319853961603,0.1,-1.5150000000000001
11.883333333333333,61,AV,0,9,9,5,0,0,0,32,905.8209551718018,0.2,-2.3766666666666665
40.8,34,AV,2,2,8,1,16,0,0,51,11515.391842589095,0.4,-16.32
41.65,81,AV,2,1,1,0,1,0,0,58,2398.572127464108,0.1,-4.165
31.783333333333335,39,AV,2,1,4,8,10,0,0,45,2105.6010448069283,0.3,-9.535
22.5,18,AV,0,9,9,4,5,0,0,47,2158.6935677652164,0.4,-9.0
29.45,40,AV,2,3,3,2,7,0,0,38,2347.541384251396,0.1,-2.9450000000000003
39.11666666666667,294,AV,2,0,7,6,8,0,0,54,1836.592480640456,0.6,-23.47
36.11666666666667,72,AV,2,0,6,4,6,0,0,44,3824.993837156676,0.6,-21.669999999999998
33.05,138,AV,2,5,5,3,8,0,0,45,761.8437659652793,0.2,-6.609999999999999
33.06666666666667,71,AV,2,3,5,8,11,0,0,40,3158.0604616132755,0.4,-13.226666666666668
37.55,58,AV,2,4,3,5,8,0,0,54,2472.005569054355,0.1,-3.755
28.416666666666668,200,AV,2,1,4,8,8,0,0,21,1635.9686818612918,0.1,-2.841666666666667
34.95,262,AV,2,7,0,0,9,0,0,43,4200.245935785981,0.1,-3.4950000000000006
26.516666666666666,60,AV,2,2,1,4,7,0,0,33,4164.701887555128,0.2,-5.303333333333334
31.466666666666665,4,AV,2,0,1,8,8,0,0,45,2815.231094880572,0.1,-3.1466666666666665
49.233333333333334,201,AV,2,5,4,0,7,0,0,81,1047.1205397958274,0.1,-4.923333333333334
25.633333333333333,219,AV,0,9,9,4,8,0,0,53,1592.2311391495805,0.5,-12.816666666666666
48.5,116,AV,2,4,1,3,5,0,0,70,2131.3254046090938,0.4,-19.400000000000002
23.316666666666666,275,AV,2,8,0,5,9,0,0,24,1517.942512651984,0.3,-6.995
30.466666666666665,66,AV,2,3,0,8,8,0,0,45,1986.5043233563797,0.4,-12.186666666666667
44.05,139,AV,2,3,0,0,7,0,0,56,8987.822610831106,0.4,-17.62
46.6,265,AV,2,7,5,2,7,0,0,63,4959.361066312568,0.2,-9.32
46.46666666666667,85,AV,2,0,4,6,6,0,0,78,2326.172138461347,0.2,-9.293333333333335
39.53333333333333,293,AV,2,6,1,7,10,0,0,53,1089.3140785512585,0.1,-3.953333333333333
40.78333333333333,51,AV,2,0,1,7,9,0,0,58,2857.8751728516777,0.4,-16.313333333333333
13.65,77,AV,0,9,6,8,1,0,0,34,1025.7249596144625,0.1,-1.3650000000000002
23.433333333333334,157,AV,1,6,9,6,6,0,0,44,2538.843693606908,0.1,-2.3433333333333333
41.416666666666664,6,AV,2,6,5,6,6,0,0,64,4159.866430607663,0.2,-8.283333333333333
46.45,167,AV,2,3,5,2,10,0,0,81,13460.811009378149,0.2,-9.290000000000001
45.96666666666667,271,AV,2,6,7,9,8,0,0,68,2909.8477340427667,0.3,-13.790000000000001
27.983333333333334,56,AV,2,1,0,3,8,0,0,28,2218.0502812558643,0.4,-11.193333333333335
22.55,130,AV,2,3,5,2,15,0,0,21,5557.427333357366,0.2,-4.510000000000001
34.56666666666667,9,AV,2,2,1,4,6,0,0,42,1297.4303329633815,0.7,-24.19666666666667
35.15,193,AV,2,8,7,7,18,0,0,45,1594.6992934726818,0.2,-7.03
24.416666666666668,236,AV,2,0,1,5,6,0,0,26,3352.9358316496982,0.1,-2.441666666666667
38.166666666666664,155,AV,2,4,1,5,9,0,0,46,1526.0895405694364,0.2,-7.633333333333333
27.083333333333332,202,AV,2,3,0,2,13,0,0,34,8493.635575370567,0.4,-10.833333333333334
43.266666666666666,48,AV,2,2,7,6,7,0,0,60,954.0002559944874,0.4,-17.30666666666667
30.75,7,AV,0,9,9,4,2,0,0,64,17322.90883950548,0.4,-12.3
34.65,212,AV,2,8,2,7,10,0,0,44,3608.770587345788,0.3,-10.395
46.983333333333334,120,AV,2,8,5,0,10,0,0,77,7332.887514065835,0.2,-9.396666666666667
30.983333333333334,220,AV,0,9,9,4,0,0,0,64,1659.6531244520008,0.4,-12.393333333333334
20.433333333333334,94,AV,0,9,7,9,0,0,0,47,1927.298426803608,0.5,-10.216666666666667
43.63333333333333,259,AV,2,0,0,1,9,0,0,57,2382.718205806423,0.1,-4.363333333333333
18.783333333333335,57,AV,0,9,3,7,2,0,0,42,4223.122456076251,0.8,-15.026666666666669
35.25,99,AV,1,1,9,3,6,0,0,67,777.0630287344238,0.7,-24.674999999999997
23.016666666666666,132,AV,2,0,4,3,8,0,0,28,743.7818724069466,0.7,-16.111666666666665
28.866666666666667,179,AV,2,0,2,2,2,0,0,36,4116.183110063293,0.2,-5.773333333333333
22.8,284,AV,2,6,6,1,10,0,0,16,591.6693204447811,0.2,-4.5600000000000005
43.28333333333333,223,AV,2,2,3,6,6,0,0,54,3654.013033637752,0.6,-25.97
24.4,103,AV,2,1,7,0,9,0,0,25,2797.307504072895,0.4,-9.76
29.433333333333334,211,AV,2,3,7,7,10,0,0,36,1945.516475481125,0.5,-14.716666666666667
45.35,107,AV,2,5,2,2,8,0,0,65,5849.7981009167725,0.1,-4.535
18.55,10,AV,1,0,9,3,0,0,0,37,1104.4445206976068,0.2,-3.7100000000000004
27.766666666666666,127,AV,2,4,2,6,17,0,0,35,2030.86588445069,0.1,-2.776666666666667
44.95,42,AV,2,6,6,5,6,0,0,62,1059.8377785859489,0.3,-13.485000000000001
32.65,67,AV,2,6,8,6,9,0,0,43,1507.5005543882637,0.4,-13.06
26.85,164,AV,2,8,5,2,19,0,0,27,767.6170681366935,0.9,-24.165000000000003
41.63333333333333,158,AV,2,8,5,6,9,0,0,66,4227.85786318916,0.1,-4.163333333333333
42.0,38,AV,2,3,3,8,8,0,0,60,10751.672106064549,0.1,-4.2
31.366666666666667,151,AV,2,2,1,4,6,0,0,42,626.2908344343901,0.2,-6.273333333333333
