travel_time,id,kind,action,origin,destination,start_time,income,urgency,reward,observation,cost_table
35.81666666666667,134,AV,1,0,0,100,2046.5713793034688,0.5,-10.255222841168257,"0.32331159420289857,0.2734179894179894,0.3593583333333333,0.5,1.0,0.09842452245612708","0,0,0"
24.366666666666667,92,AV,1,0,0,45,1475.2077210572677,0.4,-4.630898464959134,"0.3678958333333333,0.2774327956989248,0.3491884057971014,0.4,0.45,0.07094627479744654","0,0,0"
62.06666666666667,213,AV,0,0,0,92,3863.855435177377,0.6,-36.33585262777917,"0.31346354166666673,0.24661111111111114,0.34536403508771923,0.6,0.92,0.18582206801713178","0,0,0"
18.316666666666666,4,AV,1,0,0,27,473.5024380788758,0.1,-1.2190148061652712,"0.33302,0.2528931623931624,0.36518018018018006,0.1,0.27,0.022771867046038015","0,0,0"
56.85,209,AV,0,0,0,84,3724.6301341612702,0.3,-16.04130478235365,"0.3254916666666666,0.27249074074074076,0.34735416666666674,0.3,0.84,0.17912638962306346","0,0,0"
36.63333333333333,13,AV,1,0,0,100,566.7055292848979,0.4,-3.0970012682966424,"0.3244166666666667,0.2776767676767677,0.34878070175438597,0.4,1.0,0.027254227073231246","0,0,0"
17.35,267,AV,0,0,0,22,6434.117121135291,0.4,-11.275952732494678,"0.24280630630630637,0.20704497354497353,0.31447916666666675,0.4,0.22,0.3094321123996473","0,0,0"
53.43333333333333,143,AV,0,0,0,82,2198.5025098873134,0.5,-14.83248957638621,"0.30603846153846154,0.2409675925925926,0.3365873015873016,0.5,0.82,0.10573125464497639","0,0,0"
8.766666666666667,216,AV,0,0,0,4,3942.222625638348,0.1,-0.8727311031505771,"0.30413580246913585,0.24753233830845775,0.36302536231884064,0.1,0.04,0.18959093402168548","0,0,0"
48.4,71,AV,0,0,0,69,1200.7903182940884,0.5,-7.33816305624165,"0.4054416666666667,0.2974777777777778,0.3953952380952381,0.5,0.69,0.057748884228147654","0,0,0"
65.56666666666666,70,AV,0,0,0,96,1167.011530479414,1.0,-19.32248889270208,"0.29259090909090907,0.24527546296296301,0.3303870967741935,1.0,0.96,0.0561243813676915","0,0,0"
26.183333333333334,154,AV,1,0,0,57,2456.6540037696086,0.7,-12.370296329736695,"0.2681602564102564,0.23172486772486775,0.32751626016260177,0.7,0.57,0.11814637867321734","0,0,0"
19.166666666666668,286,AV,0,0,0,23,10450.70686878338,0.3,-15.174637498864756,"0.27999999999999997,0.23417968749999996,0.33571544715447155,0.3,0.23,0.5025995395474784","0,0,0"
28.733333333333334,261,AV,1,0,0,65,5984.209260784091,0.4,-18.368311053184804,"0.384108695652174,0.27168614718614725,0.36663333333333337,0.4,0.65,0.28779496514344177","0,0,0"
46.13333333333333,144,AV,2,0,0,100,2212.8825544422834,0.2,-5.155941844020404,"0.279859649122807,0.23614761904761905,0.32393229166666665,0.2,1.0,0.1064228254509272","0,0,0"
22.516666666666666,239,AV,1,0,0,38,4704.305573257116,0.6,-17.049284922904956,"0.3691414141414141,0.2592608695652174,0.3640877192982457,0.6,0.38,0.2262413293853024","0,0,0"
46.6,94,AV,2,0,0,98,1496.328062426438,0.4,-7.043321990815355,"0.27830645161290324,0.2458493150684932,0.35724074074074075,0.4,0.98,0.0719620026310286","0,0,0"
26.716666666666665,18,AV,1,0,0,64,610.4868582393152,0.4,-2.64749231272327,"0.3232479674796748,0.24,0.34436046511627916,0.4,0.64,0.029359776109248604","0,0,0"
21.066666666666666,40,AV,1,0,0,34,827.8499544782503,1.0,-5.4040502628809275,"0.25425862068965516,0.23172222222222227,0.33493981481481483,1.0,0.34,0.03981328834109833","0,0,0"
37.86666666666667,296,AV,2,0,0,59,17322.90883950548,0.1,-16.564667038449688,"0.3406623931623931,0.27175520833333333,0.3488828828828829,0.1,0.59,0.833100202280572","0,0,0"
30.266666666666666,93,AV,2,0,0,5,1490.1599361877834,0.2,-2.2778875792230764,"0.24444871794871795,0.23034408602150536,0.31458854166666667,0.2,0.05,0.07166536265764283","0,0,0"
35.88333333333333,244,AV,2,0,0,64,4889.272753955773,0.4,-17.72155595836158,"0.3211884057971015,0.2418157894736842,0.3613943089430894,0.4,0.64,0.2351368443985718","0,0,0"
31.15,2,AV,0,0,0,43,437.8567856598078,0.1,-0.34442522407330844,"0.3208869047619048,0.2544520202020202,0.33915447154471545,0.1,0.43,0.021057582192617507","0,0,0"
33.45,225,AV,1,0,0,89,4381.240268036911,0.2,-8.401640755850238,"0.3597619047619047,0.26325114155251145,0.35024842767295605,0.2,0.89,0.2107043445969861","0,0,0"
30.466666666666665,107,AV,2,0,0,14,1659.6531244520008,0.4,-5.107484699492016,"0.4221111111111111,0.30679385964912276,0.39283333333333326,0.4,0.14,0.07981669628967558","0,0,0"
38.983333333333334,89,AV,2,0,0,74,1467.6871321740252,0.1,-1.4448317349137396,"0.31695,0.2524329004329004,0.344979797979798,0.1,0.74,0.07058459165416232","0,0,0"
40.983333333333334,74,AV,2,0,0,85,1249.5878531833848,0.3,-3.879717842143868,"0.330216049382716,0.26474774774774773,0.38497863247863245,0.3,0.85,0.06009567462944302","0,0,0"
29.233333333333334,86,AV,1,0,0,71,1454.957177165027,0.1,-2.074071922873509,"0.34066111111111114,0.27068461538461536,0.3670074074074074,0.1,0.71,0.06997237760909195","0,0,0"
68.95,204,AV,0,0,0,98,3531.3895067900216,0.2,-12.297439721877375,"0.3527962962962963,0.26253030303030306,0.356828125,0.2,0.98,0.16983298473111647","0,0,0"
36.3,191,AV,2,0,0,55,3245.380745418587,0.1,-2.974932349967038,"0.33692424242424246,0.26884156378600826,0.37604954954954956,0.1,0.55,0.156078137946426","0,0,0"
15.95,59,AV,1,0,0,16,1014.5614647146556,0.2,-1.8172856243534727,"0.27401666666666663,0.24753623188405802,0.32891269841269843,0.2,0.16,0.04879269234230884","0,0,0"
26.733333333333334,167,AV,1,0,0,57,2753.3979495063454,0.1,-2.8587753834209506,"0.2672051282051282,0.2597682291666667,0.3456766666666667,0.1,0.57,0.13241750620204337","0,0,0"
28.916666666666668,128,AV,1,0,0,73,2010.868248891871,0.1,-2.468373910701766,"0.3086052631578948,0.24688028169014087,0.35364015151515155,0.1,0.73,0.0967074733482937","0,0,0"
18.8,121,AV,1,0,0,28,1888.2149669861096,0.2,-2.792850574714084,"0.37272380952380957,0.27873039215686274,0.3749639639639639,0.2,0.28,0.09080878306984375","0,0,0"
32.68333333333333,158,AV,1,0,0,88,2533.2754137277425,0.6,-13.544831026060864,"0.2727986111111111,0.24567179487179489,0.32335238095238106,0.6,0.88,0.12183128590944142","0,0,0"
42.96666666666667,256,AV,2,0,0,89,5807.233742044462,1.0,-63.00946374996054,"0.3687903225806452,0.2571592039800995,0.3554126984126984,1.0,0.89,0.27928378830664774","0,0,0"
25.516666666666666,108,AV,2,0,0,23,1664.0464513081895,0.4,-4.288981678371781,"0.24898850574712647,0.23747991967871485,0.33399999999999996,0.4,0.23,0.08002798190726358","0,0,0"
46.4,165,AV,2,0,0,98,2648.588416164911,0.1,-3.1033965280316127,"0.2516607142857143,0.2572100456621005,0.3247222222222222,0.1,0.98,0.1273769645564883","0,0,0"
69.11666666666666,179,AV,0,0,0,98,2964.6777926145683,0.3,-15.523382330773499,"0.3081607142857143,0.26649999999999996,0.36172649572649573,0.3,0.98,0.14257846021167567","0,0,0"
31.9,230,AV,2,0,0,43,4559.760277629775,0.2,-7.346280447292417,"0.32887500000000003,0.26703076923076924,0.36568439716312057,0.2,0.43,0.21928979970044837","0,0,0"
40.11666666666667,153,AV,2,0,0,87,2436.431929205765,0.2,-4.936440785857135,"0.282390625,0.2415615384615385,0.3402777777777778,0.2,0.87,0.11717385064309511","0,0,0"
23.85,193,AV,2,0,0,9,3257.3450634265246,0.7,-13.732670665127733,"0.3865396825396825,0.2672741228070175,0.35336046511627905,0.7,0.09,0.15665353067318508","0,0,0"
46.31666666666667,9,AV,2,0,0,78,513.3463032142733,0.1,-0.6004164043065934,"0.3392962962962964,0.2715619047619048,0.34824031007751943,0.1,0.78,0.024688054010448962","0,0,0"
5.333333333333333,102,AV,0,0,0,2,1581.438059619256,0.1,-0.21298829085781226,"0.28528666666666663,0.25806565656565655,0.3449125,0.1,0.02,0.07605514637116847","0,0,0"
22.983333333333334,41,AV,2,0,0,1,845.7864251007381,0.2,-0.9817672392373046,"0.30220987654320985,0.27288690476190475,0.36620567375886526,0.2,0.01,0.040675896199988425","0,0,0"
22.766666666666666,116,AV,2,0,0,17,1832.3133019091129,0.2,-2.1068518269426333,"0.25718518518518524,0.2024425287356322,0.3291759259259259,0.2,0.17,0.08812033802202023","0,0,0"
15.533333333333333,258,AV,0,0,0,12,5825.994272151124,0.2,-4.570561163000714,"0.2700388888888889,0.25121361502347417,0.32291891891891894,0.2,0.12,0.28018602716107777","0,0,0"
40.06666666666667,269,AV,2,0,0,87,6918.069898529506,0.1,-6.999595974774803,"0.29370370370370374,0.2722820512820513,0.3827340425531915,0.1,0.87,0.33270656130870674","0,0,0"
36.71666666666667,82,AV,2,0,0,63,1342.087988935639,0.2,-2.488737238741762,"0.3710729166666667,0.25718287037037035,0.35460648148148155,0.2,0.63,0.06454422784415724","0,0,0"
41.4,81,AV,0,0,0,55,1317.647826688136,0.2,-2.7550818194388302,"0.2867121212121212,0.23873160173160168,0.3449761904761905,0.2,0.55,0.06336884186823323","0,0,0"
44.85,237,AV,0,0,0,64,4660.29795945294,0.2,-10.556280983912343,"0.29774999999999996,0.24148275862068969,0.34172972972972976,0.2,0.64,0.2241248977685445","0,0,0"
38.46666666666667,263,AV,2,0,0,66,6020.57275324985,0.5,-29.24133399516131,"0.4219646464646465,0.28734632034632035,0.3967611111111111,0.5,0.66,0.2895437726450875","0,0,0"
32.1,284,AV,1,0,0,86,8987.822610831106,0.7,-51.999084359943176,"0.2974944444444445,0.2528011695906433,0.35282857142857155,0.7,0.86,0.4322459296252377","0,0,0"
44.766666666666666,295,AV,2,0,0,95,14754.343640924068,0.3,-50.03808967111369,"0.2614130434782609,0.2324273504273504,0.3418675213675214,0.3,0.95,0.7095717460418045","0,0,0"
22.15,136,AV,1,0,0,32,2133.445027811215,0.4,-5.773313875355395,"0.28321666666666667,0.22223198198198196,0.32768589743589743,0.4,0.32,0.10260248441477932","0,0,0"
29.7,220,AV,1,0,0,73,4021.28082322038,0.7,-22.111724321906994,"0.38300000000000006,0.2572535211267606,0.35453100775193797,0.7,0.73,0.1933930322147629","0,0,0"
19.866666666666667,257,AV,1,0,0,30,5825.425317043349,0.3,-9.767559315550091,"0.23663636363636367,0.2387388059701492,0.32341666666666663,0.3,0.3,0.28015866474638357","0,0,0"
43.13333333333333,106,AV,2,0,0,61,1614.9493849180149,0.4,-7.036176781427311,"0.3489038461538461,0.2743777777777778,0.35520512820512823,0.4,0.61,0.07766678631823196","0,0,0"
49.983333333333334,149,AV,0,0,0,72,2344.9936519099742,0.1,-2.9598636204032043,"0.35024074074074074,0.25825268817204305,0.33815873015873016,0.1,0.72,0.11277636474640867","0,0,0"
19.133333333333333,118,AV,0,0,0,23,1836.592480640456,0.3,-2.6621315249687414,"0.3583444444444445,0.2684817351598173,0.35630630630630633,0.3,0.23,0.0883261339827163","0,0,0"
65.53333333333333,129,AV,0,0,0,95,2011.9739719035176,0.3,-9.988739466571502,"0.3156363636363636,0.2594453551912569,0.3569024390243903,0.3,0.95,0.09676065021790628","0,0,0"
13.066666666666666,90,AV,1,0,0,6,1474.5167950508735,0.1,-1.486540895336652,"0.29906410256410254,0.2562454954954955,0.3477051282051283,0.1,0.06,0.07091304650992157","0,0,0"
31.4,122,AV,1,0,0,83,1900.764377468582,0.3,-5.52151526155405,"0.3484583333333333,0.2848333333333334,0.37485470085470085,0.3,0.83,0.09141231429593938","0,0,0"
25.633333333333333,140,AV,1,0,0,57,2164.09247058771,0.2,-3.8016618011480623,"0.2381710526315789,0.20903555555555559,0.3138024691358025,0.2,0.57,0.10407639338774885","0,0,0"
41.516666666666666,96,AV,2,0,0,83,1517.942512651984,0.6,-9.548471714687102,"0.45344871794871794,0.28060759493670884,0.3835909090909091,0.6,0.83,0.07300149334369807","0,0,0"
34.666666666666664,46,AV,0,0,0,49,892.1845339920479,0.1,-0.7810369657842844,"0.39385999999999993,0.2834560185185186,0.3524147286821705,0.1,0.49,0.042907292454561666","0,0,0"
58.516666666666666,61,AV,0,0,0,90,1068.5648373754009,0.4,-6.316045697011839,"0.2569166666666667,0.2510781893004115,0.31670707070707066,0.4,0.9,0.05138984395837567","0,0,0"
43.083333333333336,285,AV,2,0,0,72,9667.56212442905,0.4,-42.07179813408939,"0.37312345679012343,0.2697251082251082,0.37557407407407406,0.4,0.72,0.4649362319020181","0,0,0"
24.116666666666667,160,AV,0,0,0,31,2553.8725848963804,0.1,-1.55532560199708,"0.29005128205128206,0.2366867816091954,0.34160069444444446,0.1,0.31,0.122821853234247","0,0,0"
49.86666666666667,114,AV,0,0,0,76,1823.811293294481,0.3,-6.889953774668039,"0.24469871794871798,0.22383982683982684,0.3132837837837838,0.3,0.76,0.08771145605177698","0,0,0"
16.933333333333334,67,AV,1,0,0,9,1141.5133047894662,0.1,-1.4881218508695697,"0.25742528735632186,0.24209817351598173,0.33493229166666666,0.1,0.09,0.05489811058505904","0,0,0"
35.2,66,AV,1,0,0,98,1135.438045570021,0.1,-2.009278262728907,"0.341047619047619,0.26775952380952384,0.3697301587301587,0.1,0.98,0.0546059368091927","0,0,0"
12.133333333333333,229,AV,0,0,0,9,4547.885280126284,0.5,-6.967298998173263,"0.39464682539682533,0.290859649122807,0.35788709677419356,0.5,0.09,0.2187187026108142","0,0,0"
15.516666666666667,62,AV,0,0,0,21,1074.3823512953045,0.7,-2.9468643869492843,"0.3421551724137932,0.2655386473429952,0.35583730158730154,0.7,0.21,0.0516696221450731","0,0,0"
32.083333333333336,127,AV,1,0,0,74,1997.7276787447236,0.2,-4.237058738706729,"0.24565517241379303,0.22813020833333336,0.3338589743589745,0.2,0.74,0.09607551183714699","0,0,0"
53.68333333333333,205,AV,0,0,0,80,3539.477986656502,0.8,-38.38605587549021,"0.33904166666666663,0.24966049382716046,0.36034615384615387,0.8,0.8,0.17022197911279557","0,0,0"
34.45,73,AV,1,0,0,88,1239.4416864014672,0.3,-4.23475500731292,"0.3011333333333333,0.24297945205479451,0.33628968253968256,0.3,0.88,0.05960772115253554","0,0,0"
63.766666666666666,19,AV,0,0,0,93,615.3970356119416,0.1,-0.990954990846502,"0.37793750000000004,0.26617187499999995,0.3653214285714286,0.1,0.93,0.029595918306859183","0,0,0"
16.066666666666666,192,AV,1,0,0,16,3256.7228478661937,0.1,-2.3213303136965533,"0.305747311827957,0.24806981981981988,0.3530428571428571,0.1,0.16,0.15662360683568316","0,0,0"
5.083333333333333,277,AV,0,0,0,3,8028.27043643778,0.1,-1.030565018145422,"0.35291666666666666,0.2694436274509804,0.3441111111111111,0.1,0.03,0.3860987658900816","0,0,0"
35.11666666666667,56,AV,1,0,0,94,975.0940381265832,0.3,-3.5940948716322105,"0.33475490196078433,0.25824875621890553,0.3534273504273505,0.3,0.94,0.04689460920981367","0,0,0"
21.933333333333334,188,AV,1,0,0,36,3169.820795106812,0.4,-8.022700616768628,"0.25142473118279574,0.2562424242424243,0.35196052631578945,0.4,0.36,0.15244427884849596","0,0,0"
24.766666666666666,111,AV,1,0,0,51,1797.659883656486,0.1,-2.1242940181454286,"0.37867741935483873,0.2846388888888889,0.3753763440860215,0.1,0.51,0.08645377208765831","0,0,0"
46.68333333333333,20,AV,0,0,0,65,623.7253316558669,0.2,-1.4705847255623594,"0.27213461538461536,0.24651265822784807,0.3340380952380953,0.2,0.65,0.02999644602325653","0,0,0"
23.566666666666666,54,AV,1,0,0,37,946.2003450753726,0.3,-2.6893021312330516,"0.2948235294117647,0.2349247311827957,0.34608585858585855,0.3,0.37,0.04550504226418034","0,0,0"
25.116666666666667,178,AV,1,0,0,53,2953.761118311176,0.1,-2.8734503389288477,"0.41814414414414414,0.2923844086021506,0.38294047619047616,0.1,0.53,0.14205345118145746","0,0,0"
47.35,156,AV,2,0,0,99,2476.7673195544394,0.1,-2.961488196487442,"0.32568137254901963,0.257979797979798,0.34304583333333327,0.1,0.99,0.11911367623300487","0,0,0"
14.966666666666667,120,AV,1,0,0,7,1880.1756700095973,0.3,-3.131815343015932,"0.33490972222222226,0.25008450704225355,0.33713703703703707,0.3,0.07,0.0904221540112152","0,0,0"
29.433333333333334,8,AV,0,0,0,37,508.6019702527906,0.5,-1.8901327429849077,"0.2762450980392157,0.2189791666666667,0.3255079365079365,0.5,0.37,0.024459887668034006","0,0,0"
31.45,251,AV,2,0,0,42,5370.167679594476,0.6,-25.589662655037312,"0.2942471264367816,0.2517688888888889,0.34423809523809523,0.6,0.42,0.2582642338882426","0,0,0"
22.033333333333335,176,AV,1,0,0,38,2949.689674384749,0.2,-4.282398779071245,"0.28972222222222216,0.22961363636363635,0.3269268292682927,0.2,0.38,0.1418576456853883","0,0,0"
31.133333333333333,243,AV,1,0,0,79,4864.205776554158,0.2,-8.648431305221521,"0.336265625,0.24809452736318405,0.3221869918699187,0.2,0.79,0.23393131337965753","0,0,0"
25.45,202,AV,2,0,0,22,3476.696831582168,0.8,-17.8751382553063,"0.2582380952380952,0.2640858585858586,0.3559909909909909,0.8,0.22,0.16720268290357254","0,0,0"
36.68333333333333,214,AV,2,0,0,64,3933.772930850901,0.1,-3.644037971718364,"0.37888888888888883,0.30469209039548023,0.3862708333333334,0.1,0.64,0.1891845679487672","0,0,0"
14.4,168,AV,1,0,0,5,2756.9260540590044,0.2,-3.0050371302247307,"0.3840266666666667,0.26619444444444446,0.3623943089430894,0.2,0.05,0.1325871812054576","0,0,0"
32.916666666666664,27,AV,1,0,0,85,742.6585956180782,0.1,-1.6173193292700776,"0.37630303030303025,0.28580985915492957,0.368351851851852,0.1,0.85,0.03571623172338353","0,0,0"
21.966666666666665,103,AV,1,0,0,34,1587.6148581174584,0.4,-4.5226875134660105,"0.35458641975308647,0.2554375,0.3690833333333333,0.4,0.34,0.07635220341429991","0,0,0"
16.366666666666667,49,AV,1,0,0,20,926.7012599248138,0.1,-1.3830053187062994,"0.2909166666666667,0.24532031249999997,0.34820833333333334,0.1,0.2,0.04456728452766382","0,0,0"
25.95,283,AV,1,0,0,56,8975.220492497892,0.1,-6.881489186371725,"0.3390763888888888,0.2794191919191919,0.3782539682539683,0.1,0.56,0.43163986355227996","0,0,0"
16.166666666666668,141,AV,1,0,0,11,2187.718469250836,0.2,-2.7862684471155816,"0.35019105691056907,0.25961006289308175,0.3652027027027027,0.2,0.11,0.10521262428567076","0,0,0"
15.233333333333333,50,AV,1,0,0,13,931.9887487728153,0.4,-2.4340702295931873,"0.3450588235294117,0.2702162162162162,0.3572291666666667,0.4,0.13,0.04482157253839216","0,0,0"
28.166666666666668,124,AV,1,0,0,66,1927.298426803608,0.3,-5.11254336022487,"0.26429761904761906,0.22159903381642507,0.32875193798449603,0.3,0.66,0.0926884003201249","0,0,0"
25.5,79,AV,2,0,0,16,1293.252850487379,0.3,-2.498329370259709,"0.28575757575757577,0.2588263888888888,0.34559999999999996,0.3,0.16,0.06219562899759039","0,0,0"
20.6,98,AV,1,0,0,31,1530.6528609905624,0.9,-8.166238394637634,"0.33937222222222224,0.25635606060606064,0.3109754901960784,0.9,0.31,0.07361276445699849","0,0,0"
25.433333333333334,33,AV,2,0,0,26,793.0252767736928,0.6,-3.0559509402945837,"0.31438020833333336,0.25483898305084746,0.3371759259259259,0.6,0.26,0.03813848612925163","0,0,0"
22.0,207,AV,1,0,0,37,3564.273841812899,0.1,-2.980152134340499,"0.31324242424242427,0.25076444444444446,0.3529479166666667,0.1,0.37,0.17141447121316408","0,0,0"
22.533333333333335,299,AV,0,0,0,30,20793.30768626012,0.2,-23.66376430288189,"0.30799404761904764,0.24300505050505045,0.33573484848484847,0.2,0.3,1.0","0,0,0"
32.11666666666667,189,AV,1,0,0,80,3225.188153267811,0.1,-3.6157144660551648,"0.3536969696969697,0.2645547619047619,0.36319298245614035,0.1,0.8,0.15510702779620594","0,0,0"
15.316666666666666,288,AV,1,0,0,16,11861.36896338871,0.2,-10.175587607200526,"0.3135320512820512,0.2444857723577236,0.33938541666666666,0.2,0.16,0.57044166047841","0,0,0"
16.433333333333334,72,AV,1,0,0,21,1205.4292211271013,0.3,-2.500698500039548,"0.3116041666666667,0.2432686567164179,0.34635365853658534,0.3,0.21,0.05797198018301001","0,0,0"
22.383333333333333,95,AV,1,0,0,33,1509.578116022191,0.6,-6.119604570246975,"0.2709247311827957,0.2593640350877193,0.38547849462365585,0.6,0.33,0.07259922946360745","0,0,0"
38.2,146,AV,0,0,0,53,2225.3307045190536,1.0,-21.466573967835316,"0.25058080808080807,0.22530747126436776,0.31163953488372087,1.0,0.53,0.10702148682143131","0,0,0"
33.11666666666667,197,AV,2,0,0,38,3278.222126324269,0.2,-5.48301966751374,"0.3428133333333333,0.29343686868686875,0.3856439393939394,0.2,0.38,0.1576575586620336","0,0,0"
14.016666666666667,150,AV,0,0,0,10,2352.9451803313505,0.4,-3.3313584118832757,"0.2799313725490196,0.23759761904761903,0.3340555555555555,0.4,0.1,0.11315877280487406","0,0,0"
44.333333333333336,53,AV,2,0,0,93,943.1907669438916,0.1,-1.055929057268835,"0.288969696969697,0.23383854166666665,0.33695736434108525,0.1,0.93,0.04536030443906415","0,0,0"
46.63333333333333,76,AV,0,0,0,67,1261.43865123121,0.1,-1.4854820480407938,"0.2821296296296296,0.268015625,0.3508854166666666,0.1,0.67,0.060665607909257666","0,0,0"
44.21666666666667,206,AV,2,0,0,79,3558.5090095449787,0.2,-7.946737712392953,"0.2562380952380952,0.23448774509803919,0.30822972972972973,0.2,0.79,0.17113722661336772","0,0,0"
43.1,266,AV,2,0,0,91,6427.339783247283,1.0,-69.95412743887826,"0.2835802469135802,0.24367948717948715,0.3380694444444445,1.0,0.91,0.3091061739780037","0,0,0"
70.65,148,AV,0,0,0,99,2318.1098695731453,0.8,-33.0857499566349,"0.362971264367816,0.2792114427860697,0.36056862745098045,0.8,0.99,0.1114834592239942","0,0,0"
19.033333333333335,274,AV,1,0,0,24,7572.106998522375,0.1,-4.639455468145014,"0.3348205128205128,0.2499361111111111,0.3302391304347826,0.1,0.24,0.3641607729166582","0,0,0"
16.433333333333334,145,AV,1,0,0,13,2215.952556227922,0.1,-1.9195830052359977,"0.3941034482758621,0.27101851851851855,0.3602741935483871,0.1,0.13,0.10657046919438351","0,0,0"
39.666666666666664,282,AV,0,0,0,53,8689.506535985933,0.3,-26.11240600460419,"0.28120430107526884,0.25813930348258707,0.3480674603174603,0.3,0.53,0.4178991946398128","0,0,0"
32.3,195,AV,2,0,0,36,3269.866339895674,0.4,-10.66835179582124,"0.3261367521367521,0.23778448275862069,0.326515873015873,0.4,0.36,0.15725570886715387","0,0,0"
17.033333333333335,218,AV,1,0,0,17,3971.0791127863904,0.8,-14.66479075174307,"0.28114,0.23470833333333335,0.34402325581395354,0.8,0.17,0.19097871164626756","0,0,0"
40.983333333333334,171,AV,2,0,0,50,2813.5576138103806,0.1,-2.911842665134565,"0.33462037037037035,0.25478538812785384,0.3229462365591398,0.1,0.5,0.13531072863744203","0,0,0"
32.86666666666667,45,AV,0,0,0,44,877.2934597877683,0.1,-0.7281240331235181,"0.3630681818181818,0.269826923076923,0.3721416666666667,0.1,0.44,0.04219114500803879","0,0,0"
29.416666666666668,254,AV,0,0,0,39,5578.433439706214,0.1,-4.143912045909708,"0.23684408602150536,0.2279823232323232,0.3390038759689923,0.1,0.39,0.2682802334230043","0,0,0"
43.21666666666667,271,AV,0,0,0,58,7177.938863287724,0.1,-7.833499777990349,"0.3303989898989899,0.261400462962963,0.36815238095238095,0.1,0.58,0.345204282627472","0,0,0"
29.766666666666666,289,AV,1,0,0,61,11940.25564443948,0.1,-9.975293173808463,"0.2847222222222222,0.2515538461538461,0.330530701754386,0.1,0.61,0.5742355100304415","0,0,0"
19.05,42,AV,1,0,0,30,850.3216016091212,0.5,-3.0452811250825453,"0.29875,0.24557716049382716,0.3469099099099099,0.5,0.3,0.04089400370730819","0,0,0"
24.75,232,AV,1,0,0,55,4577.590037133467,0.8,-23.88795018566734,"0.30741666666666667,0.2582995780590717,0.3557608695652174,0.8,0.55,0.22014727556589106","0,0,0"
63.86666666666667,172,AV,0,0,0,94,2815.231094880572,0.1,-4.540389543595267,"0.29183333333333333,0.2559351851851852,0.35881851851851854,0.1,0.94,0.13539121035278245","0,0,0"
23.316666666666666,276,AV,1,0,0,45,7897.119961473183,0.4,-19.599445835186838,"0.34290579710144925,0.25602604166666665,0.3715387596899225,0.4,0.45,0.37979142523300763","0,0,0"
23.216666666666665,298,AV,1,0,0,38,18628.94525544202,0.2,-22.843535977130244,"0.35522222222222216,0.27848309178743963,0.36589473684210533,0.2,0.38,0.8959106235777834","0,0,0"
29.966666666666665,132,AV,1,0,0,62,2035.9911412414244,0.1,-2.5407037339865663,"0.35130246913580243,0.2595232067510549,0.34748529411764717,0.1,0.62,0.09791569345106042","0,0,0"
44.93333333333333,22,AV,0,0,0,59,639.9143284368583,0.5,-3.630490381872412,"0.2210217391304348,0.22591428571428573,0.3308404255319149,0.5,0.59,0.030775013677102628","0,0,0"
30.4,280,AV,1,0,0,75,8436.938288223368,0.2,-13.95368302838335,"0.2860246913580247,0.2538558558558559,0.3481367521367521,0.2,0.75,0.4057525822983113","0,0,0"
37.31666666666667,117,AV,2,0,0,71,1836.3970218708375,0.2,-3.461020986505729,"0.3100606060606061,0.24158593750000001,0.32855952380952386,0.2,0.71,0.08831673390204767","0,0,0"
25.766666666666666,84,AV,1,0,0,54,1446.9812594843625,1.0,-10.415122168193703,"0.2993676470588235,0.2488,0.3506837606837607,1.0,0.54,0.06958879661269593","0,0,0"
23.366666666666667,131,AV,1,0,0,40,2034.664800296876,0.1,-2.200589246639823,"0.3314236111111111,0.24941784037558687,0.3499296296296297,0.1,0.4,0.09785190653632031","0,0,0"
17.4,91,AV,0,0,0,22,1474.807688008607,0.1,-0.6480215598825697,"0.3159784946236559,0.24771794871794872,0.3535061728395062,0.1,0.22,0.07092703624941481","0,0,0"
29.666666666666668,55,AV,1,0,0,72,950.4213588862824,0.1,-1.7120160011858514,"0.3880833333333334,0.2830792349726776,0.37900000000000006,0.1,0.72,0.04570804093445438","0,0,0"
60.233333333333334,228,AV,0,0,0,91,4434.023444374438,0.6,-40.46606244436672,"0.2949322916666667,0.23886301369863014,0.3396999999999999,0.6,0.91,0.2132428140475394","0,0,0"
35.38333333333333,194,AV,2,0,0,54,3257.969850357721,0.2,-5.82211278813926,"0.3942011494252873,0.2840088888888889,0.37523148148148144,0.2,0.54,0.15668357817407447","0,0,0"
31.7,43,AV,2,0,0,45,857.6590975250949,1.0,-6.865604391804421,"0.3285238095238095,0.22913589743589743,0.3303458333333333,1.0,0.45,0.041246881470994735","0,0,0"
35.733333333333334,29,AV,2,0,0,65,767.6170681366935,0.6,-4.155987358800685,"0.2141413043478261,0.21097777777777776,0.28155392156862746,0.6,0.65,0.036916544482430876","0,0,0"
30.333333333333332,294,AV,1,0,0,73,13460.811009378149,0.2,-21.621781175983358,"0.34593693693693695,0.23116081871345032,0.335981884057971,0.2,0.73,0.6473626617025839","0,0,0"
10.516666666666667,105,AV,0,0,0,8,1592.2311391495805,1.0,-4.228526299677547,"0.31686363636363635,0.26163055555555553,0.3459148936170213,1.0,0.08,0.07657421143254188","0,0,0"
35.1,100,AV,1,0,0,93,1567.0706205360798,0.4,-6.55597765462792,"0.36856944444444445,0.2631851851851852,0.36232857142857144,0.4,0.93,0.07536418179256658","0,0,0"
17.583333333333332,133,AV,1,0,0,26,2043.1688306873104,0.4,-4.628860465277967,"0.3497638888888888,0.28273708920187796,0.3787148148148147,0.4,0.26,0.09826088573860729","0,0,0"
55.31666666666667,11,AV,0,0,0,80,522.440884226393,0.2,-1.4595802144338372,"0.3473333333333333,0.2883661202185792,0.37771768707482983,0.2,0.8,0.02512543420745","0,0,0"
18.8,68,AV,2,0,0,1,1148.2139867956057,0.3,-1.6353350721028321,"0.3016781609195402,0.24941095890410964,0.35147807017543853,0.3,0.01,0.05522036244162957","0,0,0"
12.666666666666666,34,AV,1,0,0,2,801.7987355487146,0.3,-1.7694028270416957,"0.22639999999999996,0.2245435897435898,0.31990416666666666,0.3,0.02,0.03856042278826712","0,0,0"
22.966666666666665,139,AV,1,0,0,28,2147.781038516846,0.3,-4.736922059439664,"0.38765591397849464,0.2984915611814346,0.3977307692307692,0.3,0.28,0.10329193752738362","0,0,0"
30.4,264,AV,1,0,0,76,6130.868263041086,0.6,-29.239150787340755,"0.3329827586206897,0.2676416666666667,0.3558464052287582,0.6,0.76,0.29484814804583803","0,0,0"
42.43333333333333,217,AV,2,0,0,64,3958.913906791885,0.1,-4.242169531436085,"0.3273045977011495,0.2529887387387387,0.3448243243243243,0.1,0.64,0.1903936577347851","0,0,0"
33.93333333333333,52,AV,1,0,0,93,934.0011274976006,0.8,-7.402782140017221,"0.3470111111111111,0.25034009009009006,0.3542592592592592,0.8,0.93,0.04491835265414619","0,0,0"
15.466666666666667,198,AV,1,0,0,10,3382.383844415393,0.3,-4.963197231840258,"0.3280476190476191,0.24253521126760563,0.3545081300813008,0.3,0.1,0.16266694531964326","0,0,0"
20.766666666666666,290,AV,0,0,0,27,12197.400506638176,0.3,-19.189344736453492,"0.3823229166666667,0.2594738095238095,0.3517894736842105,0.3,0.27,0.5866022227285186","0,0,0"
21.883333333333333,75,AV,1,0,0,36,1260.6549751070208,0.3,-3.089949472620604,"0.34541428571428584,0.26413432835820894,0.3756271929824561,0.3,0.36,0.06062791904628244","0,0,0"
16.4,272,AV,1,0,0,16,7334.728577480919,0.1,-4.037614865421391,"0.29273655913978497,0.2579976525821596,0.35759649122807013,0.1,0.16,0.352744675746206","0,0,0"
33.28333333333333,28,AV,1,0,0,88,763.1985099142711,0.9,-6.773134182949997,"0.2959558823529412,0.22065027322404374,0.3230708333333333,0.9,0.88,0.03670404542797105","0,0,0"
18.916666666666668,249,AV,1,0,0,26,5158.4050556257225,0.1,-3.4641370951747454,"0.4144803921568627,0.27927114427860694,0.36568376068376074,0.1,0.26,0.24808006178999184","0,0,0"
34.88333333333333,137,AV,1,0,0,96,2141.869626207308,0.3,-6.6602691005705745,"0.32797916666666665,0.2553157894736842,0.3588583333333334,0.3,0.96,0.10300764354209123","0,0,0"
30.983333333333334,234,AV,0,0,0,44,4617.1597275219765,0.2,-7.224999943992723,"0.3899166666666667,0.27802564102564103,0.3819594594594594,0.2,0.44,0.2220502768096353","0,0,0"
55.13333333333333,16,AV,0,0,0,83,591.6693204447811,0.7,-5.766285683594003,"0.3471851851851852,0.25947488584474887,0.3608166666666666,0.7,0.83,0.028454795618483852","0,0,0"
23.35,47,AV,1,0,0,46,905.8209551718018,0.2,-2.0682282476394738,"0.38405555555555554,0.24704337899543374,0.3542843137254902,0.2,0.46,0.04356310063022602","0,0,0"
19.483333333333334,196,AV,1,0,0,21,3274.575105225111,0.3,-5.8333059318284795,"0.2907777777777778,0.22534490740740742,0.31771052631578955,0.3,0.21,0.15748216467690215","0,0,0"
23.366666666666667,203,AV,1,0,0,39,3480.90175047103,0.2,-5.107932873872377,"0.31204901960784315,0.27747575757575754,0.3547849462365592,0.2,0.39,0.1674049075304721","0,0,0"
10.5,246,AV,0,0,0,7,4951.479839002994,0.1,-1.3128923815538243,"0.32630952380952377,0.25285042735042734,0.3440528455284553,0.1,0.07,0.23812853220437127","0,0,0"
26.266666666666666,253,AV,0,0,0,33,5568.958209200236,0.4,-14.775552420369651,"0.271036231884058,0.23983571428571426,0.3424481481481481,0.4,0.33,0.2678245468795767","0,0,0"
18.233333333333334,169,AV,1,0,0,23,2780.081336731352,0.2,-3.5601085710303866,"0.3150833333333333,0.24739722222222224,0.3535243055555556,0.2,0.23,0.13370077424326215","0,0,0"
26.216666666666665,138,AV,2,0,0,28,2142.030696222753,0.1,-1.4181036553696929,"0.356765625,0.255774358974359,0.37976851851851856,0.1,0.28,0.10301538978515534","0,0,0"
31.65,26,AV,2,0,0,51,670.158540600369,0.5,-2.6780956830810196,"0.22794791666666664,0.22789523809523815,0.32728947368421046,0.5,0.51,0.032229530323508795","0,0,0"
34.583333333333336,24,AV,0,0,0,47,650.412147456106,0.3,-1.7040469772366416,"0.2762222222222222,0.2565454545454545,0.3127264957264957,0.3,0.47,0.0312798789528752","0,0,0"
15.95,39,AV,1,0,0,15,827.3783452591958,0.4,-2.3329984451398156,"0.3371510416666667,0.23066666666666666,0.3601111111111111,0.4,0.15,0.03979060752349248","0,0,0"
25.633333333333333,7,AV,1,0,0,55,506.5869000089976,0.4,-2.3116677646697616,"0.3906414141414141,0.2921604938271605,0.3785729166666667,0.4,0.55,0.02436297811068039","0,0,0"
24.766666666666666,262,AV,2,0,0,12,6007.794801579103,0.9,-33.81660255737328,"0.31387333333333334,0.27052739726027397,0.35668095238095243,0.9,0.12,0.2889292503255245","0,0,0"
51.81666666666667,31,AV,0,0,0,80,777.0630287344238,0.2,-2.0335765625718216,"0.30411274509803926,0.22881159420289854,0.3494791666666666,0.2,0.8,0.037370823365822384","0,0,0"
23.883333333333333,130,AV,1,0,0,41,2030.86588445069,0.4,-5.899378472083903,"0.21196527777777777,0.24097488584474885,0.35084920634920636,0.4,0.41,0.09766920756877238","0,0,0"
34.85,25,AV,1,0,0,95,658.4091024775607,0.1,-1.5794332631652273,"0.35098666666666667,0.24575108225108225,0.3444517543859649,0.1,0.95,0.03166447168540803","0,0,0"
24.5,32,AV,1,0,0,39,779.2240782816187,0.3,-2.4462871149923986,"0.405858024691358,0.27721464646464644,0.37821481481481484,0.3,0.39,0.03747475341773148","0,0,0"
33.45,135,AV,2,0,0,37,2078.9202215407213,0.4,-7.024230445508802,"0.34051041666666665,0.25112865497076026,0.3420686274509804,0.4,0.37,0.09998025580674873","0,0,0"
30.383333333333333,226,AV,1,0,0,79,4412.688598555705,0.1,-4.385661327932261,"0.3466197916666667,0.24624879227053142,0.36694907407407407,0.1,0.79,0.21221677018089516","0,0,0"
34.06666666666667,184,AV,2,0,0,58,3001.8426729260827,0.2,-5.164786551734776,"0.2779141414141414,0.25125438596491223,0.35389583333333335,0.2,0.58,0.14436580837543475","0,0,0"
36.11666666666667,63,AV,2,0,0,65,1076.386102050743,1.0,-9.817039912222054,"0.2757311827956989,0.248773631840796,0.34000793650793654,1.0,0.65,0.051765987321103386","0,0,0"
32.766666666666666,183,AV,0,0,0,44,2991.769966736588,0.3,-7.426540094197136,"0.3530625,0.23741666666666664,0.34413999999999995,0.3,0.44,0.143881387794473","0,0,0"
58.7,210,AV,0,0,0,90,3759.463069718096,0.2,-11.1454788986087,"0.31280341880341883,0.22150256410256408,0.3430138888888889,0.2,0.9,0.18080158897481655","0,0,0"
37.916666666666664,211,AV,2,0,0,78,3793.837230001502,0.2,-7.26513442613924,"0.3080297619047619,0.2535273224043716,0.34577450980392155,0.2,0.78,0.1824547247241673","0,0,0"
41.7,259,AV,2,0,0,78,5899.132481879994,0.3,-18.63589579502998,"0.319474358974359,0.2601265432098765,0.37242500000000006,0.3,0.78,0.2837034189504176","0,0,0"
34.56666666666667,119,AV,2,0,0,11,1869.7531794209297,0.1,-1.632099366211704,"0.2946075268817205,0.2467390350877193,0.3256767676767677,0.1,0.11,0.0899209114602018","0,0,0"
56.916666666666664,0,AV,0,0,0,86,419.7646265090227,0.4,-2.4132932651991794,"0.2640919540229885,0.26557004830917874,0.34258571428571427,0.4,0.86,0.02018748689927752","0,0,0"
30.2,80,AV,2,0,0,34,1301.8927857652438,0.2,-1.985715259096483,"0.32039247311827956,0.2493589743589743,0.3364848484848485,0.2,0.34,0.06261114419162438","0,0,0"
28.533333333333335,250,AV,2,0,0,37,5168.6614957092925,0.1,-3.724220741016123,"0.2699791666666667,0.24903186274509806,0.3362041666666667,0.1,0.37,0.24857331857425743","0,0,0"
28.783333333333335,51,AV,1,0,0,67,932.0432837729122,0.1,-1.6774573868164224,"0.35390860215053765,0.24761375661375662,0.32601428571428565,0.1,0.67,0.04482419525724574","0,0,0"
51.666666666666664,291,AV,0,0,0,76,12726.503958899895,0.1,-16.60444540092158,"0.2259032258064516,0.2389192708333333,0.3208750000000001,0.1,0.76,0.6120480758003385","0,0,0"
8.683333333333334,273,AV,0,0,0,5,7336.658338656486,0.1,-1.608753785538733,"0.2582797619047619,0.22648148148148145,0.3308627450980392,0.1,0.05,0.35283748258601644","0,0,0"
12.066666666666666,10,AV,0,0,0,11,513.7357984527049,0.5,-0.7827119488210403,"0.23558333333333334,0.2188624338624339,0.3093796296296297,0.5,0.11,0.024706785769931794","0,0,0"
17.116666666666667,36,AV,1,0,0,23,813.126641713825,0.1,-1.3514650930303445,"0.2850215053763441,0.23352777777777775,0.33535135135135136,0.1,0.23,0.03910520894427614","0,0,0"
36.916666666666664,227,AV,2,0,0,74,4429.527615460413,0.2,-8.258757296502367,"0.2909947916666667,0.2133743961352657,0.30556837606837606,0.2,0.74,0.21302659886033296","0,0,0"
28.883333333333333,238,AV,1,0,0,72,4662.282088415262,0.5,-18.002809047187814,"0.34955376344086025,0.2751102564102564,0.3715984848484849,0.5,0.72,0.2242203192855181","0,0,0"
24.816666666666666,152,AV,1,0,0,47,2417.357356239525,0.7,-11.604425809799901,"0.3323333333333334,0.23735333333333333,0.3385729166666666,0.7,0.47,0.11625650871491097","0,0,0"
37.95,64,AV,0,0,0,51,1100.389953660579,0.1,-1.054540372258055,"0.3104814814814815,0.26676576576576577,0.35382051282051286,0.1,0.51,0.052920390072797266","0,0,0"
41.483333333333334,151,AV,0,0,0,57,2382.718205806423,0.3,-7.488113149308316,"0.2698055555555556,0.25923099415204676,0.349312925170068,0.3,0.57,0.11459062895418437","0,0,0"
46.53333333333333,222,AV,2,0,0,100,4061.843573313689,0.1,-4.773008104668274,"0.33229444444444445,0.27189814814814817,0.3639868421052631,0.1,1.0,0.19534379207968386","0,0,0"
30.2,241,AV,1,0,0,65,4756.448820673547,0.2,-8.254785574966723,"0.3445892857142857,0.2595675675675676,0.3489298245614034,0.2,0.65,0.22874902312038267","0,0,0"
33.7,85,AV,2,0,0,46,1447.5744631551047,0.1,-1.2319004901092685,"0.3249247311827957,0.2523125,0.344995238095238,0.1,0.46,0.06961732519889745","0,0,0"
32.63333333333333,190,AV,1,0,0,87,3236.647802754315,0.2,-6.334475082317297,"0.33413690476190466,0.2563863636363637,0.34085144927536226,0.2,0.87,0.1556581498042776","0,0,0"
7.05,97,AV,0,0,0,3,1530.0661682302475,0.1,-0.27239814358644554,"0.31392528735632186,0.2376342592592592,0.3447991452991453,0.1,0.03,0.07358454899608351","0,0,0"
29.716666666666665,164,AV,2,0,0,31,2645.062412614309,0.4,-7.93964020486753,"0.3434555555555555,0.2472844444444444,0.31692857142857145,0.4,0.31,0.1272073905952983","0,0,0"
67.26666666666667,83,AV,0,0,0,97,1348.5865378412918,0.3,-6.87234250849426,"0.342520202020202,0.25870098039215683,0.32767521367521374,0.3,0.97,0.06485675863549194","0,0,0"
21.266666666666666,233,AV,1,0,0,34,4609.601315671212,0.2,-5.951053264980191,"0.2638611111111111,0.2303235294117647,0.33022619047619045,0.2,0.34,0.2216867746691962","0,0,0"
43.36666666666667,242,AV,2,0,0,94,4818.617258984985,0.1,-5.276953749107294,"0.3798627450980392,0.25478260869565217,0.3440900900900901,0.1,0.94,0.23173885231203734","0,0,0"
25.666666666666668,147,AV,1,0,0,58,2260.56382504795,0.2,-3.9303605139510465,"0.32583333333333336,0.26807258064516126,0.3633162393162393,0.2,0.58,0.10871593202757703","0,0,0"
33.21666666666667,268,AV,1,0,0,82,6446.254396158338,0.3,-17.22144572164592,"0.3207714285714286,0.25832420091324204,0.37209895833333334,0.3,0.82,0.3100158230437728","0,0,0"
29.2,157,AV,2,0,0,29,2520.757475212996,0.2,-3.7174807210211855,"0.3476607142857142,0.2533102564102564,0.3547625,0.2,0.29,0.12122926824569963","0,0,0"
39.166666666666664,187,AV,2,0,0,82,3119.7161673652217,0.2,-6.1711557182729555,"0.3035512820512821,0.22345480225988698,0.3276666666666667,0.2,0.82,0.1500346272193471","0,0,0"
19.366666666666667,77,AV,1,0,0,33,1275.9312017726234,0.4,-3.4960135630636167,"0.36912318840579705,0.2719797297297297,0.3571825396825396,0.4,0.33,0.06136258939772906","0,0,0"
45.86666666666667,38,AV,2,0,0,86,822.5771428470101,0.1,-0.952749283297547,"0.3078333333333333,0.2517119341563786,0.3350092592592593,0.1,0.86,0.039559706192899544","0,0,0"
33.21666666666667,215,AV,2,0,0,44,3941.04555698938,0.3,-9.917302771565447,"0.3204791666666666,0.25335858585858584,0.349765625,0.3,0.44,0.18953432596938674","0,0,0"
32.88333333333333,30,AV,1,0,0,81,776.0711537761008,0.2,-2.2888791131315207,"0.34796666666666665,0.24600228310502278,0.34663235294117656,0.2,0.81,0.03732312172194307","0,0,0"
16.083333333333332,37,AV,1,0,0,18,816.2772675203604,0.2,-1.6630535043410335,"0.3022435897435897,0.2501741293532339,0.34209459459459457,0.2,0.18,0.03925673009012141","0,0,0"
17.3,270,AV,0,0,0,22,7099.697064525982,0.2,-6.203270667489874,"0.2690722222222222,0.24956218905472638,0.3561976744186047,0.2,0.22,0.3414414470102487","0,0,0"
35.18333333333333,248,AV,2,0,0,53,5144.150368411208,0.5,-22.852065294015276,"0.3269464285714285,0.24647857142857138,0.3548769841269841,0.5,0.53,0.2473945197189757","0,0,0"
29.683333333333334,101,AV,2,0,0,27,1573.7150367511856,0.1,-1.1796239395849584,"0.32075490196078427,0.2677671232876712,0.3716262626262627,0.1,0.27,0.07568372769239937","0,0,0"
14.816666666666666,113,AV,1,0,0,10,1805.1606101798543,0.4,-3.701662933417324,"0.31704022988505753,0.24143489583333338,0.35010294117647056,0.4,0.1,0.08681450000245393","0,0,0"
38.5,186,AV,2,0,0,56,3064.640983136323,0.4,-11.91804826775237,"0.4507280701754386,0.2719466666666666,0.3604507575757575,0.4,0.56,0.14738592961625765","0,0,0"
37.9,236,AV,0,0,0,53,4645.51881630073,0.4,-17.784359912908855,"0.3165287356321839,0.27860238095238093,0.3667317073170732,0.4,0.53,0.22341413335457028","0,0,0"
22.5,58,AV,1,0,0,36,1011.0784796502788,0.4,-3.2979056355688154,"0.2623045977011494,0.2461559829059829,0.30531818181818177,0.4,0.36,0.04862518724321976","0,0,0"
35.86666666666667,278,AV,1,0,0,94,8326.33528790118,0.2,-16.082721834649277,"0.41109139784946225,0.30127850877192985,0.387070707070707,0.2,0.94,0.40043341894099355","0,0,0"
22.233333333333334,260,AV,1,0,0,38,5911.733280178027,0.2,-7.6382594240382895,"0.24889189189189193,0.22851639344262295,0.3319285714285714,0.2,0.38,0.28430942153971994","0,0,0"
38.71666666666667,87,AV,2,0,0,84,1457.5875839824732,0.4,-5.700296224901154,"0.24611999999999998,0.23681944444444444,0.3327519379844961,0.4,0.84,0.07009888017699192","0,0,0"
31.483333333333334,287,AV,1,0,0,78,10708.821866752483,0.1,-9.513873950461045,"0.3449691358024692,0.23979914529914528,0.35585238095238103,0.1,0.78,0.5150129083997876","0,0,0"
29.45,170,AV,2,0,0,21,2793.3389947689566,1.0,-20.77369530200651,"0.3098666666666666,0.2647828947368421,0.36225287356321845,1.0,0.21,0.1343383667916745","0,0,0"
11.1,21,AV,1,0,0,0,626.2908344343901,0.2,-1.351102437485946,"0.33599999999999997,0.2886422222222222,0.36825581395348833,0.2,0.0,0.03011982720037529","0,0,0"
42.0,12,AV,2,0,0,85,539.5213747330826,0.1,-0.572219639868421,"0.2954677419354839,0.23955251141552514,0.36767129629629625,0.1,0.85,0.025946875931124203","0,0,0"
32.833333333333336,125,AV,1,0,0,87,1950.0200213032829,0.3,-5.850428588342762,"0.316320987654321,0.26463492063492067,0.3606916666666667,0.3,0.87,0.09378113625432592","0,0,0"
13.783333333333333,281,AV,1,0,0,8,8475.089255911002,0.1,-3.9498732384841744,"0.431795238095238,0.27708333333333335,0.37293902439024385,0.1,0.08,0.40758735376725097","0,0,0"
19.816666666666666,208,AV,1,0,0,28,3608.770587345788,0.7,-13.641328955588802,"0.2623989898989899,0.2388502824858757,0.3393680555555556,0.7,0.28,0.17355442634701188","0,0,0"
12.916666666666666,5,AV,1,0,0,7,491.0984231068265,1.0,-2.6018572302516434,"0.22780107526881718,0.23425897435897436,0.316546875,1.0,0.07,0.023618100136676975","0,0,0"
12.766666666666667,126,AV,1,0,0,3,1996.532829496936,0.6,-4.861980170188518,"0.31621929824561407,0.2337089947089947,0.33603846153846156,0.6,0.03,0.0960180486732379","0,0,0"
33.88333333333333,293,AV,1,0,0,91,13351.937436366714,0.1,-12.424448151571351,"0.33920833333333333,0.27765753424657524,0.3376623931623932,0.1,0.91,0.6421266706493964","0,0,0"
30.05,23,AV,2,0,0,21,640.5426603936758,0.6,-2.9164101431560545,"0.27545416666666667,0.2506273148148148,0.3287797619047619,0.6,0.21,0.03080523166677017","0,0,0"
26.666666666666668,252,AV,1,0,0,64,5480.041794665195,0.3,-12.070791504374132,"0.3333263888888889,0.2574908675799087,0.36747297297297293,0.3,0.64,0.26354834340696637","0,0,0"
36.333333333333336,6,AV,0,0,0,50,497.26542980048754,0.5,-2.2812260878894417,"0.3453627450980393,0.23862626262626263,0.3447388888888889,0.5,0.5,0.023914686268460907","0,0,0"
24.1,180,AV,1,0,0,50,2968.817229463249,0.3,-6.420340547732144,"0.35533333333333333,0.2547367149758455,0.3507747747747748,0.3,0.5,0.14277753565032827","0,0,0"
41.8,159,AV,2,0,0,86,2538.843693606908,0.2,-5.359781130947916,"0.3374722222222222,0.24661666666666668,0.35141666666666665,0.2,0.86,0.12209907783380393","0,0,0"
67.13333333333334,297,AV,0,0,0,97,17693.100214811147,0.3,-89.98460563795366,"0.2931130952380952,0.2411619718309859,0.33583739837398374,0.3,0.97,0.8509035927219247","0,0,0"
35.03333333333333,181,AV,1,0,0,92,2969.8754393798326,0.5,-14.13694901846887,"0.2933266666666667,0.2489707207207207,0.3422439024390244,0.5,0.92,0.1428284275013291","0,0,0"
35.13333333333333,57,AV,1,0,0,98,978.4447105201264,1.0,-9.680814182560718,"0.26712499999999995,0.25096666666666667,0.3508949275362319,1.0,0.98,0.04705575107546101","0,0,0"
27.816666666666666,182,AV,0,0,0,34,2987.078671303881,0.2,-4.196493520543921,"0.34665238095238093,0.25755714285714276,0.3744761904761905,0.2,0.34,0.14365577215392691","0,0,0"
29.0,161,AV,1,0,0,68,2561.5826276178027,0.2,-4.751812939440217,"0.28665517241379307,0.21822636815920396,0.31633333333333336,0.2,0.68,0.12319264766665551","0,0,0"
23.916666666666668,110,AV,1,0,0,48,1718.6657268339234,0.6,-7.227993227289596,"0.29039215686274505,0.23389814814814813,0.3355049019607844,0.6,0.48,0.08265475376818426","0,0,0"
13.566666666666666,123,AV,1,0,0,3,1922.439846447592,0.3,-2.9758409532933583,"0.36412643678160916,0.2728536036036036,0.36623873873873874,0.3,0.03,0.09245473954670083","0,0,0"
24.216666666666665,17,AV,0,0,0,32,601.3137559373858,0.5,-1.8386129784869982,"0.29690123456790124,0.22879761904761906,0.35035238095238097,0.5,0.32,0.028918619635236016","0,0,0"
13.55,265,AV,1,0,0,10,6248.181898567973,0.1,-3.1379511294342435,"0.34219270833333326,0.23775136612021852,0.34563749999999993,0.1,0.1,0.3004900419328989","0,0,0"
30.3,201,AV,1,0,0,72,3458.1247672483346,0.3,-8.937968215729132,"0.2778072916666667,0.24957948717948714,0.3619031007751938,0.3,0.72,0.16630950781983606","0,0,0"
25.15,175,AV,1,0,0,54,2942.323800284961,0.1,-2.868672817605222,"0.31492424242424233,0.2632827380952381,0.36239922480620157,0.1,0.54,0.1415034031468308","0,0,0"
40.416666666666664,3,AV,2,0,0,89,457.16351791608827,0.3,-1.3997746602860024,"0.25032758620689655,0.23028030303030303,0.33724814814814813,0.3,0.89,0.021986089217454062","0,0,0"
26.016666666666666,247,AV,1,0,0,64,5064.807770076448,0.8,-27.62008393632773,"0.3186969696969697,0.2349371980676328,0.349578947368421,0.8,0.64,0.24357874401210303","0,0,0"
24.883333333333333,224,AV,2,0,0,14,4223.122456076251,0.4,-10.614683210306135,"0.3161344086021506,0.2462587064676617,0.3394920634920635,0.4,0.14,0.20310008007368746","0,0,0"
19.1,219,AV,1,0,0,25,3987.5502105766736,0.1,-2.9232881066165275,"0.26172222222222224,0.24315700483091787,0.3451382113821138,0.1,0.25,0.1917708462137355","0,0,0"
17.433333333333334,174,AV,1,0,0,16,2909.5116230827134,0.4,-6.123483430546327,"0.34973333333333334,0.27807882882882873,0.3716342592592592,0.4,0.16,0.13992538690731113","0,0,0"
22.183333333333334,88,AV,1,0,0,45,1460.106853854364,0.8,-7.543441826532521,"0.23271999999999998,0.22519323671497588,0.3384342105263158,0.8,0.45,0.07022003790282866","0,0,0"
7.1,60,AV,0,0,0,2,1017.530975349866,0.4,-0.7297444368670756,"0.27738738738738733,0.23172474747474747,0.3342657657657658,0.4,0.02,0.048935503225503364","0,0,0"
34.416666666666664,163,AV,1,0,0,89,2580.565825479665,0.6,-14.456738458625018,"0.3082388888888889,0.2612729166666667,0.35486111111111107,0.6,0.89,0.12410559514707999","0,0,0"
60.53333333333333,255,AV,0,0,0,91,5654.280440205098,0.4,-34.57297400475576,"0.286515625,0.2459242424242424,0.3466111111111111,0.4,0.91,0.2719278974523786","0,0,0"
17.6,142,AV,1,0,0,21,2193.4249838744518,0.3,-3.9245666451659353,"0.2339895833333333,0.2484869791666667,0.34200617283950613,0.3,0.21,0.10548706425018813","0,0,0"
14.733333333333333,14,AV,1,0,0,9,571.0932451196882,0.3,-1.6374323594517732,"0.2892171717171717,0.2453888888888889,0.3504780701754386,0.3,0.09,0.027465242843352784","0,0,0"
43.083333333333336,240,AV,0,0,0,58,4705.31956239884,0.2,-10.238426825590071,"0.30260000000000004,0.2693052208835341,0.3471927083333333,0.2,0.58,0.2262900945532605","0,0,0"
38.55,200,AV,2,0,0,58,3456.1529418207683,0.1,-3.364512522908854,"0.3435364583333333,0.27567435897435894,0.35079844961240314,0.1,0.58,0.1662146780093356","0,0,0"
30.316666666666666,48,AV,1,0,0,75,923.9636394510808,0.5,-4.536805261282652,"0.39984567901234563,0.27861940298507465,0.3677598039215686,0.5,0.75,0.04443562579808411","0,0,0"
25.0,212,AV,1,0,0,55,3822.7735841463273,0.1,-3.41336716170854,"0.3164821428571429,0.26108450704225356,0.34733870967741937,0.1,0.55,0.18384634334403438","0,0,0"
32.516666666666666,162,AV,1,0,0,81,2574.4307659940623,0.3,-7.341811141987898,"0.4089848484848484,0.29414444444444443,0.373484375,0.3,0.81,0.12381054543309646","0,0,0"
22.616666666666667,275,AV,0,0,0,30,7658.5640246764915,0.3,-13.122059825108584,"0.30639444444444447,0.2421805555555556,0.35637962962962966,0.3,0.3,0.3683186985078447","0,0,0"
30.333333333333332,69,AV,2,0,0,31,1150.2916000513435,0.1,-0.8811156195679484,"0.3764333333333333,0.2765458333333333,0.3840904761904762,0.1,0.31,0.05532027984231857","0,0,0"
35.13333333333333,185,AV,2,0,0,47,3048.604611013583,0.1,-2.704738434350435,"0.35228472222222224,0.26440517241379313,0.33515277777777785,0.1,0.47,0.14661470204800806","0,0,0"
26.716666666666665,166,AV,1,0,0,59,2675.3892374750885,1.0,-19.049869308386224,"0.3382539682539683,0.28316891891891893,0.3809555555555555,1.0,0.59,0.1286658802843062","0,0,0"
27.55,223,AV,2,0,0,31,4090.160813256426,1.0,-28.455537981114784,"0.3265625,0.2348032786885246,0.3534960317460317,1.0,0.31,0.19670563601379967","0,0,0"
20.75,15,AV,0,0,0,25,572.7967315704935,0.1,-0.30013970151736724,"0.30261458333333335,0.26120952380952384,0.3638114035087719,0.1,0.25,0.027547167589358008","0,0,0"
13.283333333333333,78,AV,1,0,0,8,1291.2118623687816,0.7,-4.031848055620973,"0.25037820512820513,0.26582089552238813,0.35740170940170946,0.7,0.08,0.062097472987522495","0,0,0"
29.516666666666666,109,AV,1,0,0,73,1684.196745492046,0.3,-4.766051055891936,"0.35674603174603176,0.2631636904761905,0.3333720930232559,0.3,0.73,0.08099705784688291","0,0,0"
13.966666666666667,231,AV,0,0,0,11,4572.8741748457805,1.0,-16.128234673908942,"0.2222727272727273,0.23281875,0.3503728070175439,1.0,0.11,0.21992047844641197","0,0,0"
33.016666666666666,279,AV,1,0,0,89,8331.964781214912,0.7,-49.627674924708415,"0.3348774509803922,0.24126900584795322,0.3330744680851064,0.7,0.89,0.4007041547661289","0,0,0"
32.0,221,AV,1,0,0,82,4034.238052294327,0.4,-14.039961381153383,"0.3751414141414141,0.2634805194805195,0.3538833333333333,0.4,0.82,0.19401617641430308","0,0,0"
14.7,155,AV,1,0,0,10,2472.005569054355,0.6,-6.505830585621063,"0.28191666666666665,0.23337878787878785,0.33108547008547007,0.6,0.1,0.11888467223941558","0,0,0"
48.416666666666664,44,AV,0,0,0,71,859.2772315809713,0.1,-1.0505893761543441,"0.2983888888888889,0.2359166666666667,0.33493181818181816,0.1,0.71,0.041324701415771756","0,0,0"
34.2,115,AV,2,0,0,40,1830.3424648913517,0.7,-11.0652521741159,"0.35190123456790123,0.2905809523809524,0.3608682170542636,0.7,0.4,0.08802555574651609","0,0,0"
25.95,235,AV,0,0,0,32,4635.813442599864,0.6,-18.227175581131284,"0.316609375,0.258284188034188,0.3422333333333334,0.6,0.32,0.222947378673338","0,0,0"
36.583333333333336,1,AV,0,0,0,50,437.5592869272848,0.1,-0.4042266981504168,"0.24746527777777774,0.2512171717171717,0.3234734848484848,0.1,0.5,0.0210432747655832","0,0,0"
27.733333333333334,199,AV,0,0,0,34,3414.9419898187493,0.5,-11.958046024954545,"0.2929294871794872,0.28167254901960775,0.3474022988505747,0.5,0.34,0.1642327445611401","0,0,0"
38.06666666666667,177,AV,2,0,0,60,2953.464044858564,0.1,-2.8391043259499,"0.30985294117647055,0.25658958333333337,0.35617171717171714,0.1,0.6,0.14203916420715332","0,0,0"
31.4,112,AV,1,0,0,80,1799.695682844959,0.1,-2.4270314252861542,"0.4415625,0.27495169082125603,0.3880384615384615,0.1,0.8,0.0865516785496407","0,0,0"
24.8,245,AV,1,0,0,51,4950.077303955518,0.1,-4.100048412578204,"0.2122654320987654,0.2247809523809524,0.33869444444444446,0.1,0.51,0.23806108093261413","0,0,0"
62.2,292,AV,0,0,0,92,13079.31179296209,0.2,-41.08753502637586,"0.3505238095238095,0.27071497584541065,0.3440694444444445,0.2,0.92,0.6290154500817918","0,0,0"
18.35,65,AV,1,0,0,28,1111.987968807459,0.5,-3.576386266113242,"0.2985,0.2673709677419355,0.34847674418604657,0.5,0.28,0.05347816641708441","0,0,0"
43.266666666666666,104,AV,2,0,0,90,1588.8002265047048,0.1,-1.7359113585884738,"0.2763095238095238,0.23350980392156864,0.32123148148148145,0.1,0.9,0.07640921062090368","0,0,0"
39.63333333333333,173,AV,0,0,0,54,2857.8751728516777,0.1,-2.860280791684045,"0.3630172413793103,0.2918952380952381,0.40078095238095224,0.1,0.54,0.13744206626346972","0,0,0"
32.916666666666664,35,AV,1,0,0,77,806.3598325453933,0.7,-5.691887493661641,"0.274578125,0.2548480392156863,0.35808749999999995,0.7,0.77,0.03877977687399022","0,0,0"
19.2,99,AV,0,0,0,24,1552.9853059451273,0.1,-0.7529625725794556,"0.347906862745098,0.2683591954022988,0.36910752688172044,0.1,0.24,0.074686785256937","0,0,0"
