travel_time,id,kind,action,bid_route_0,bid_route_1,bid_route_2,karma_balance,origin,destination,start_time,income,urgency,reward
13.283333333333333,253,AV,1,0,4,1,6,0,0,37,7612.519032757181,0.2,-2.6566666666666667
29.6,273,AV,1,1,4,5,5,0,0,62,1588.8002265047048,0.5,-14.8
41.43333333333333,181,AV,0,7,8,6,1,0,0,49,1635.9686818612918,0.2,-8.286666666666667
20.866666666666667,214,AV,1,0,5,1,13,0,0,49,2750.2432356670683,0.1,-2.086666666666667
35.25,108,AV,1,0,4,4,9,0,0,77,1528.3774584247917,0.2,-7.050000000000001
12.3,11,AV,1,0,4,1,2,0,0,34,4416.224882412617,0.3,-3.69
6.966666666666667,34,AV,0,8,4,4,0,0,0,13,5913.041300376779,0.1,-0.6966666666666668
32.38333333333333,175,AV,1,0,4,4,4,0,0,67,3031.4508351358254,0.2,-6.476666666666667
46.85,248,AV,0,7,4,3,4,0,0,53,1836.3970218708375,0.5,-23.425
34.833333333333336,12,AV,0,8,0,3,0,0,0,46,627.4062491148882,1.0,-34.833333333333336
9.6,140,AV,1,0,4,1,1,0,0,24,4559.760277629775,0.1,-0.96
48.36666666666667,21,AV,0,5,0,3,6,0,0,53,8139.327108000771,0.3,-14.51
19.3,260,AV,1,0,5,4,11,0,0,45,491.8679742725259,0.5,-9.65
52.05,262,AV,0,5,7,6,6,0,0,55,1986.5043233563797,0.3,-15.614999999999998
30.333333333333332,194,AV,1,0,4,4,4,0,0,63,2612.3907844155665,0.2,-6.066666666666666
33.016666666666666,203,AV,1,0,4,4,7,0,0,68,2218.7455195521825,0.2,-6.6033333333333335
24.933333333333334,129,AV,1,0,4,4,3,0,0,55,4689.4303597647895,0.6,-14.959999999999999
30.5,160,AV,2,2,1,1,7,0,0,60,6995.337061486569,0.4,-12.200000000000001
24.9,220,AV,2,0,1,0,16,0,0,52,3623.60917519969,0.6,-14.939999999999998
18.783333333333335,169,AV,1,0,4,1,1,0,0,45,4116.183110063293,0.2,-3.7566666666666673
28.75,207,AV,1,0,4,4,3,0,0,60,1434.4967426379471,0.2,-5.75
15.383333333333333,144,AV,1,0,4,4,9,0,0,40,2044.1603053436156,0.5,-7.691666666666666
27.133333333333333,182,AV,1,0,4,4,5,0,0,59,2813.5576138103806,0.2,-5.426666666666667
19.533333333333335,146,AV,1,0,4,4,9,0,0,46,1922.439846447592,0.4,-7.813333333333334
30.133333333333333,116,AV,1,0,4,4,2,0,0,61,2574.4307659940623,0.1,-3.0133333333333336
24.466666666666665,41,AV,2,3,3,2,13,0,0,51,16390.717038727882,0.3,-7.339999999999999
18.3,109,AV,2,3,3,4,4,0,0,44,3387.2787239910285,0.3,-5.49
19.283333333333335,196,AV,1,0,4,4,7,0,0,45,639.9143284368583,0.3,-5.785
20.616666666666667,171,AV,0,4,7,6,4,0,0,34,5825.994272151124,1.0,-20.616666666666667
8.083333333333334,94,AV,1,0,4,4,2,0,0,16,6918.069898529506,0.6,-4.8500000000000005
60.93333333333333,58,AV,0,8,7,4,6,0,0,62,4021.28082322038,0.2,-12.186666666666667
17.366666666666667,287,AV,2,3,0,9,4,0,0,35,2222.040577514192,0.1,-1.7366666666666668
26.866666666666667,6,AV,1,0,5,9,13,0,0,59,1025.7249596144625,0.3,-8.06
14.333333333333334,240,AV,1,0,4,4,2,0,0,39,5487.970610754926,0.6,-8.6
14.283333333333333,164,AV,1,0,5,4,8,0,0,36,4645.51881630073,0.4,-5.713333333333334
19.666666666666668,284,AV,1,3,4,4,3,0,0,46,818.0604611907775,0.8,-15.733333333333334
20.183333333333334,218,AV,1,0,4,4,4,0,0,47,2815.231094880572,0.5,-10.091666666666667
20.833333333333332,217,AV,1,0,4,1,8,0,0,48,2533.2754137277425,0.1,-2.0833333333333335
17.233333333333334,111,AV,2,2,3,3,8,0,0,40,12051.378145129962,0.1,-1.7233333333333336
26.95,112,AV,1,0,4,4,9,0,0,58,1020.5842314575186,0.3,-8.084999999999999
22.4,245,AV,0,5,1,1,0,0,0,39,539.5213747330826,0.4,-8.959999999999999
28.15,88,AV,1,3,4,4,9,0,0,60,623.7253316558669,0.8,-22.52
30.35,231,AV,1,3,4,4,3,0,0,64,7362.36439851089,0.6,-18.21
67.73333333333333,179,AV,0,9,7,1,5,0,0,69,1386.7650627050614,0.4,-27.093333333333334
29.433333333333334,46,AV,1,3,4,4,3,0,0,61,2314.8193170712048,0.8,-23.546666666666667
34.1,87,AV,1,0,4,4,7,0,0,72,1260.6549751070208,0.5,-17.05
37.983333333333334,143,AV,0,7,4,6,5,0,0,47,3480.90175047103,0.1,-3.798333333333334
57.28333333333333,233,AV,0,5,6,5,2,0,0,59,17322.90883950548,0.1,-5.7283333333333335
19.85,56,AV,1,0,4,1,6,0,0,46,5702.891177591027,0.1,-1.9850000000000003
72.88333333333334,199,AV,0,5,1,3,0,0,0,75,801.7987355487146,0.1,-7.288333333333334
36.266666666666666,132,AV,1,0,5,4,12,0,0,87,1572.8756307612184,0.3,-10.879999999999999
27.566666666666666,170,AV,0,7,0,5,7,0,0,43,586.8516376274475,0.9,-24.81
12.916666666666666,18,AV,2,1,3,5,0,0,0,18,1862.7228332236152,0.1,-1.2916666666666667
18.05,90,AV,1,0,4,4,1,0,0,43,5654.280440205098,0.3,-5.415
21.75,295,AV,1,0,4,4,9,0,0,49,3366.895459871004,0.6,-13.049999999999999
15.433333333333334,197,AV,2,0,3,2,6,0,0,32,802.5586880039084,0.2,-3.086666666666667
36.88333333333333,162,AV,1,0,4,4,7,0,0,84,979.5720138781878,0.2,-7.376666666666667
32.6,72,AV,2,1,1,6,8,0,0,66,8480.737499651503,0.2,-6.5200000000000005
8.5,134,AV,0,6,4,1,4,0,0,16,2344.9936519099742,0.1,-0.8500000000000001
31.666666666666668,19,AV,1,0,4,4,7,0,0,66,2318.2944376966047,0.1,-3.166666666666667
23.15,178,AV,1,0,4,4,6,0,0,52,4381.240268036911,0.6,-13.889999999999999
11.65,119,AV,1,0,4,1,7,0,0,33,969.457736312404,0.3,-3.495
16.533333333333335,247,AV,1,0,4,1,4,0,0,42,3024.224513765153,0.1,-1.6533333333333335
30.683333333333334,239,AV,1,3,5,6,2,0,0,64,6081.635477498837,0.2,-6.136666666666667
38.06666666666667,17,AV,0,8,3,1,7,0,0,47,2872.269398564857,0.5,-19.033333333333335
27.516666666666666,192,AV,1,0,5,9,12,0,0,59,1457.5875839824732,0.1,-2.751666666666667
34.7,38,AV,1,0,4,4,3,0,0,72,2347.541384251396,0.2,-6.940000000000001
11.75,159,AV,1,0,9,4,2,0,0,32,1718.6657268339234,0.2,-2.35
25.666666666666668,103,AV,1,0,4,4,6,0,0,55,2401.1770329784995,0.2,-5.133333333333334
17.716666666666665,25,AV,1,0,4,4,5,0,0,44,1703.2333497257905,0.6,-10.629999999999999
17.2,62,AV,1,3,5,9,10,0,0,44,3456.1529418207683,0.2,-3.44
39.71666666666667,66,AV,0,4,3,3,6,0,0,48,11185.875164713363,0.1,-3.971666666666667
10.866666666666667,125,AV,1,0,4,4,3,0,0,29,4889.272753955773,0.8,-8.693333333333333
34.43333333333333,266,AV,1,3,4,4,1,0,0,69,10450.70686878338,1.0,-34.43333333333333
13.166666666666666,210,AV,1,0,4,1,2,0,0,35,2421.832203454489,0.1,-1.3166666666666667
35.63333333333333,150,AV,1,0,4,4,4,0,0,79,3752.1132597063192,0.4,-14.253333333333334
32.95,269,AV,0,6,6,2,4,0,0,45,1822.2981036688468,0.4,-13.180000000000001
11.016666666666667,151,AV,1,0,9,1,9,0,0,29,7658.5640246764915,0.4,-4.406666666666667
31.0,37,AV,1,0,5,4,10,0,0,64,1310.9401185904849,0.2,-6.2
31.233333333333334,221,AV,1,0,5,9,14,0,0,64,658.4091024775607,0.1,-3.1233333333333335
62.75,236,AV,0,6,9,7,4,0,0,63,832.4581618945489,0.1,-6.275
22.25,158,AV,1,0,4,4,1,0,0,51,6031.594525491932,0.4,-8.9
22.65,43,AV,1,0,4,4,1,0,0,51,2969.8754393798326,0.5,-11.325
17.166666666666668,7,AV,1,0,4,4,1,0,0,43,5394.467136051333,0.8,-13.733333333333334
32.25,274,AV,2,2,2,8,4,0,0,61,1579.1767070066765,0.2,-6.45
12.7,276,AV,1,0,4,1,1,0,0,34,600.3305173079323,0.1,-1.27
16.8,291,AV,1,0,4,1,6,0,0,40,2147.781038516846,0.2,-3.3600000000000003
13.166666666666666,256,AV,1,0,4,1,6,0,0,36,5370.167679594476,0.1,-1.3166666666666667
53.78333333333333,32,AV,0,9,0,6,3,0,0,56,3048.604611013583,0.4,-21.513333333333335
31.416666666666668,121,AV,1,1,8,4,8,0,0,64,3882.59008652233,0.2,-6.283333333333334
27.583333333333332,225,AV,0,7,1,5,4,0,0,43,943.1907669438916,0.2,-5.516666666666667
19.05,122,AV,0,8,0,3,3,0,0,33,1945.516475481125,1.0,-19.05
25.3,95,AV,1,0,4,4,1,0,0,55,6783.106781750961,0.4,-10.120000000000001
14.033333333333333,271,AV,2,0,0,7,0,0,0,30,985.8695826897422,0.6,-8.42
25.066666666666666,292,AV,1,2,4,5,2,0,0,54,844.3352662229099,0.3,-7.52
64.31666666666666,44,AV,0,4,8,6,9,0,0,66,931.9887487728153,0.5,-32.15833333333333
20.383333333333333,183,AV,1,3,4,4,3,0,0,47,20793.30768626012,0.8,-16.30666666666667
20.65,92,AV,1,1,5,4,3,0,0,47,1527.6889462703334,0.6,-12.389999999999999
35.0,33,AV,1,0,8,2,4,0,0,75,2753.3979495063454,0.4,-14.0
22.183333333333334,85,AV,1,0,4,4,8,0,0,49,3465.4556083993225,0.6,-13.31
14.3,298,AV,2,1,2,0,9,0,0,32,979.573716991658,0.1,-1.4300000000000002
25.85,165,AV,1,0,4,4,5,0,0,56,1564.4426034616197,0.3,-7.755
26.45,78,AV,1,0,4,4,8,0,0,56,1888.2149669861096,0.5,-13.225
17.2,59,AV,0,6,9,2,4,0,0,32,779.2240782816187,1.0,-17.2
13.483333333333333,195,AV,2,1,1,4,2,0,0,25,2250.3510049999354,0.1,-1.3483333333333334
25.633333333333333,16,AV,1,0,4,4,7,0,0,55,591.6693204447811,0.1,-2.5633333333333335
58.983333333333334,14,AV,0,4,5,3,3,0,0,59,3352.9358316496982,0.1,-5.898333333333333
15.783333333333333,107,AV,1,0,4,1,2,0,0,41,388.2787303527966,0.1,-1.5783333333333334
28.2,299,AV,1,0,5,4,8,0,0,59,12197.400506638176,0.1,-2.8200000000000003
26.333333333333332,255,AV,1,0,5,4,11,0,0,55,1017.530975349866,0.4,-10.533333333333333
23.933333333333334,229,AV,1,0,4,4,8,0,0,53,1038.299283744561,0.2,-4.786666666666667
36.31666666666667,4,AV,1,0,4,4,9,0,0,80,1809.16611953512,0.2,-7.2633333333333345
27.55,69,AV,1,0,4,4,5,0,0,59,2580.565825479665,0.2,-5.510000000000001
17.5,0,AV,2,2,0,2,9,0,0,40,2520.718778515204,0.6,-10.5
17.116666666666667,67,AV,0,7,1,4,1,0,0,33,4950.268578812107,0.1,-1.711666666666667
28.783333333333335,226,AV,1,3,4,4,3,0,0,61,1244.4027248274256,1.0,-28.783333333333335
35.45,47,AV,1,0,4,4,3,0,0,76,1474.5167950508735,0.3,-10.635
12.433333333333334,79,AV,1,0,4,4,4,0,0,33,1148.9174546898266,0.6,-7.46
26.466666666666665,163,AV,1,0,4,4,3,0,0,58,465.3670128771111,0.2,-5.293333333333333
22.316666666666666,167,AV,1,0,5,0,5,0,0,51,18628.94525544202,0.2,-4.463333333333334
36.86666666666667,60,AV,1,0,4,4,3,0,0,87,1269.7848662283686,0.1,-3.686666666666667
22.466666666666665,154,AV,2,3,0,0,8,0,0,48,2965.4163440895786,0.3,-6.739999999999999
21.4,50,AV,1,0,4,4,6,0,0,48,4572.8741748457805,0.2,-4.28
20.8,243,AV,0,9,9,9,0,0,0,34,8028.27043643778,0.1,-2.08
10.066666666666666,228,AV,1,0,4,4,6,0,0,28,3667.3634505223554,0.6,-6.04
21.183333333333334,71,AV,1,0,4,1,5,0,0,49,7128.986247371214,0.1,-2.1183333333333336
29.683333333333334,39,AV,2,3,1,5,1,0,0,60,763.1985099142711,0.1,-2.9683333333333337
32.38333333333333,3,AV,1,0,4,4,10,0,0,67,508.6019702527906,0.4,-12.953333333333333
17.833333333333332,35,AV,1,0,4,4,8,0,0,44,934.0011274976006,0.3,-5.35
20.733333333333334,22,AV,1,0,4,1,2,0,0,48,3539.477986656502,0.1,-2.0733333333333337
25.933333333333334,272,AV,0,9,1,8,1,0,0,42,1475.2077210572677,0.1,-2.5933333333333337
30.533333333333335,28,AV,1,0,4,4,3,0,0,63,473.5024380788758,0.3,-9.16
16.666666666666668,5,AV,1,0,5,1,8,0,0,43,1848.7234685638712,0.2,-3.333333333333334
31.833333333333332,215,AV,1,3,4,4,10,0,0,64,4061.843573313689,0.6,-19.099999999999998
10.55,185,AV,1,0,4,4,1,0,0,28,14754.343640924068,1.0,-10.55
9.75,8,AV,1,0,4,4,1,0,0,26,506.5869000089976,0.6,-5.85
18.883333333333333,211,AV,0,7,3,2,2,0,0,33,4113.319853961603,0.1,-1.8883333333333334
7.416666666666667,180,AV,1,1,6,6,7,0,0,12,632.5893922142865,0.1,-0.7416666666666667
28.3,1,AV,1,0,6,0,10,0,0,60,1279.3396024785957,0.1,-2.83
13.583333333333334,222,AV,0,9,2,4,3,0,0,29,4200.245935785981,0.1,-1.3583333333333334
21.75,110,AV,1,0,4,4,3,0,0,49,11049.706566164488,0.4,-8.700000000000001
35.8,73,AV,1,2,6,7,3,0,0,81,5807.233742044462,0.1,-3.58
18.45,68,AV,1,0,4,1,5,0,0,44,1838.9541098615327,0.2,-3.69
59.25,275,AV,0,5,1,4,1,0,0,60,913.5589076746268,0.4,-23.700000000000003
26.433333333333334,115,AV,1,0,4,4,9,0,0,57,861.805442805673,0.2,-5.286666666666667
32.11666666666667,26,AV,1,0,5,4,4,0,0,65,2835.850686157305,0.5,-16.058333333333334
18.833333333333332,293,AV,1,0,5,9,10,0,0,45,2271.53748778668,0.3,-5.6499999999999995
71.45,202,AV,0,4,4,4,2,0,0,73,2131.3254046090938,1.0,-71.45
69.55,139,AV,0,4,5,8,13,0,0,71,902.2448599555772,0.1,-6.955
33.916666666666664,48,AV,1,1,9,9,8,0,0,69,4924.983441788647,0.6,-20.349999999999998
23.916666666666668,98,AV,0,8,7,5,3,0,0,39,513.7357984527049,0.3,-7.175
9.583333333333334,290,AV,1,0,4,1,1,0,0,23,1076.386102050743,0.2,-1.916666666666667
14.3,9,AV,1,3,4,4,1,0,0,38,1614.9573615816892,1.0,-14.3
8.75,157,AV,1,0,4,4,2,0,0,17,10071.894878668398,1.0,-8.75
21.783333333333335,147,AV,1,0,4,1,1,0,0,50,2857.6088215719105,0.1,-2.1783333333333337
57.18333333333333,55,AV,0,4,4,9,5,0,0,58,1653.1781197118603,1.0,-57.18333333333333
38.46666666666667,201,AV,2,1,3,5,2,0,0,89,898.3728471886773,0.3,-11.540000000000001
27.666666666666668,15,AV,1,0,5,4,9,0,0,59,3151.1733449572957,0.1,-2.766666666666667
66.28333333333333,2,AV,0,5,6,2,4,0,0,67,881.2906222289953,0.1,-6.628333333333334
28.783333333333335,285,AV,1,0,7,3,0,0,0,61,2052.607856914241,1.0,-28.783333333333335
17.9,49,AV,1,0,4,1,5,0,0,44,2561.5826276178027,0.1,-1.79
29.8,123,AV,1,0,9,2,5,0,0,62,3759.463069718096,1.0,-29.8
11.266666666666667,128,AV,1,0,4,1,2,0,0,32,615.3970356119416,0.3,-3.3800000000000003
36.916666666666664,91,AV,1,0,4,4,3,0,0,89,4090.160813256426,0.1,-3.6916666666666664
76.15,145,AV,0,7,0,7,1,0,0,85,13460.811009378149,0.5,-38.075
66.18333333333334,252,AV,0,8,5,3,6,0,0,66,5200.876525735832,0.3,-19.855
15.316666666666666,265,AV,0,4,4,6,6,0,0,29,1083.524948441525,0.6,-9.19
25.9,153,AV,0,8,6,7,7,0,0,41,5911.733280178027,0.1,-2.59
19.0,296,AV,1,0,5,4,8,0,0,44,1251.6500609663929,0.3,-5.7
13.55,259,AV,1,0,4,4,6,0,0,37,1062.4074567339185,0.6,-8.13
33.36666666666667,230,AV,1,0,4,4,2,0,0,68,6446.254396158338,0.2,-6.673333333333334
43.4,176,AV,0,7,5,9,8,0,0,50,8436.938288223368,0.4,-17.36
5.133333333333334,278,AV,0,6,4,1,0,0,0,9,3919.41152379869,0.2,-1.0266666666666668
14.166666666666666,101,AV,1,3,5,1,6,0,0,37,1592.2311391495805,0.2,-2.8333333333333335
24.183333333333334,161,AV,1,1,5,2,0,0,0,53,1022.032321197676,0.1,-2.4183333333333334
18.066666666666666,297,AV,1,2,8,6,10,0,0,44,3159.4556453821087,0.2,-3.6133333333333333
36.28333333333333,283,AV,0,9,2,4,3,0,0,46,1626.914224999384,0.1,-3.6283333333333334
22.616666666666667,223,AV,1,0,4,1,6,0,0,51,10838.007207066395,0.1,-2.2616666666666667
45.016666666666666,10,AV,0,4,9,4,6,0,0,52,4754.245589533712,0.1,-4.501666666666667
72.86666666666666,74,AV,0,4,2,6,4,0,0,76,513.3463032142733,0.6,-43.71999999999999
22.383333333333333,86,AV,0,7,3,5,7,0,0,34,1661.9571573900298,0.5,-11.191666666666666
26.533333333333335,177,AV,2,1,3,3,12,0,0,53,849.0657401736111,0.1,-2.6533333333333338
9.833333333333334,264,AV,1,0,5,1,7,0,0,27,1261.43865123121,0.2,-1.9666666666666668
32.38333333333333,113,AV,1,0,4,4,9,0,0,64,1404.912317929139,0.2,-6.476666666666667
48.55,149,AV,0,4,9,8,9,0,0,53,2458.2611968747465,0.2,-9.71
35.666666666666664,227,AV,1,0,4,4,1,0,0,77,3476.696831582168,0.2,-7.133333333333333
22.816666666666666,96,AV,1,0,5,4,9,0,0,51,1141.0395517097602,0.3,-6.845
16.833333333333332,235,AV,1,1,4,3,2,0,0,43,3898.759045987068,0.8,-13.466666666666667
11.216666666666667,99,AV,1,0,4,1,4,0,0,29,993.3467226420588,0.1,-1.1216666666666668
31.3,289,AV,0,4,1,7,8,0,0,44,1444.5182772575097,0.2,-6.260000000000001
33.0,224,AV,0,9,5,6,6,0,0,45,4609.601315671212,0.1,-3.3000000000000003
22.166666666666668,198,AV,1,0,5,4,9,0,0,50,3368.9508766880413,0.3,-6.65
24.533333333333335,238,AV,1,2,5,3,7,0,0,54,1723.69240549938,0.1,-2.4533333333333336
45.28333333333333,61,AV,0,5,5,4,7,0,0,50,2105.159940183184,1.0,-45.28333333333333
8.566666666666666,136,AV,0,6,4,1,0,0,0,16,8987.822610831106,0.2,-1.7133333333333334
25.766666666666666,190,AV,1,0,4,4,4,0,0,55,2239.257430619588,0.3,-7.7299999999999995
14.633333333333333,52,AV,1,2,4,5,1,0,0,39,1234.5997004771,0.2,-2.9266666666666667
10.45,53,AV,0,6,4,1,0,0,0,19,8331.964781214912,0.7,-7.314999999999999
15.466666666666667,189,AV,1,0,4,1,4,0,0,40,7334.728577480919,0.2,-3.0933333333333337
9.233333333333333,184,AV,1,0,4,1,5,0,0,22,2255.9253983027734,0.2,-1.8466666666666667
23.283333333333335,267,AV,1,2,8,5,0,0,0,52,863.3540159882258,0.2,-4.656666666666667
15.2,156,AV,1,0,4,1,4,0,0,39,5158.4050556257225,0.3,-4.56
60.95,77,AV,0,4,8,7,8,0,0,62,4266.216809230351,0.3,-18.285
24.3,138,AV,0,7,0,3,3,0,0,40,2953.761118311176,0.1,-2.43
29.016666666666666,209,AV,1,2,7,4,3,0,0,61,2239.194506681481,0.1,-2.901666666666667
55.666666666666664,104,AV,0,4,7,5,4,0,0,57,8029.700924090037,0.1,-5.566666666666666
32.416666666666664,166,AV,2,0,0,3,6,0,0,67,813.126641713825,0.3,-9.725
16.566666666666666,80,AV,1,0,4,4,6,0,0,42,2276.662146114732,0.5,-8.283333333333333
23.433333333333334,45,AV,1,0,4,4,9,0,0,52,571.0932451196882,0.4,-9.373333333333333
23.066666666666666,120,AV,1,2,9,4,1,0,0,51,2496.2043409386315,1.0,-23.066666666666666
15.283333333333333,280,AV,1,0,5,1,7,0,0,39,2241.037238818388,0.1,-1.5283333333333333
41.666666666666664,168,AV,0,5,0,9,4,0,0,49,4412.688598555705,0.3,-12.499999999999998
12.95,82,AV,2,3,3,3,6,0,0,26,1365.417472605012,0.2,-2.59
23.733333333333334,216,AV,2,1,0,2,9,0,0,50,1530.0661682302475,0.4,-9.493333333333334
39.88333333333333,206,AV,0,9,1,0,0,0,0,48,3414.9419898187493,0.2,-7.976666666666667
15.9,31,AV,1,0,4,1,3,0,0,41,1716.9764066453156,0.2,-3.18
14.583333333333334,137,AV,1,1,9,8,2,0,0,38,877.2934597877683,0.6,-8.75
24.133333333333333,246,AV,1,3,6,8,7,0,0,53,2838.632091159661,0.2,-4.826666666666667
9.75,174,AV,1,2,6,9,6,0,0,26,3132.463358685509,0.3,-2.925
43.25,277,AV,0,6,2,3,0,0,0,49,1291.2118623687816,0.3,-12.975
35.85,93,AV,1,0,4,4,9,0,0,82,857.6590975250949,0.5,-17.925
36.95,242,AV,2,2,3,3,7,0,0,86,742.4887258523852,0.1,-3.6950000000000003
53.86666666666667,173,AV,0,4,8,2,8,0,0,56,2667.9339807116767,0.2,-10.773333333333333
10.4,232,AV,0,6,4,1,4,0,0,23,741.34301771214,0.1,-1.04
13.033333333333333,241,AV,1,1,6,2,3,0,0,34,4934.883137056144,0.5,-6.516666666666667
67.73333333333333,30,AV,0,8,4,2,3,0,0,69,742.6585956180782,0.1,-6.773333333333333
19.933333333333334,117,AV,1,3,4,4,9,0,0,46,835.7777612710734,0.8,-15.946666666666667
32.833333333333336,13,AV,1,0,4,4,2,0,0,68,1697.366940102563,0.3,-9.85
34.6,142,AV,0,7,0,9,4,0,0,45,975.0940381265832,0.1,-3.4600000000000004
33.96666666666667,131,AV,1,1,6,4,3,0,0,70,4818.617258984985,0.4,-13.586666666666668
33.68333333333333,193,AV,1,0,4,4,3,0,0,69,449.0833195935783,0.4,-13.473333333333333
24.316666666666666,130,AV,1,0,4,4,1,0,0,54,1068.5648373754009,0.2,-4.863333333333333
29.15,279,AV,0,7,5,6,0,0,0,43,6007.794801579103,0.2,-5.83
15.466666666666667,64,AV,0,4,1,7,3,0,0,31,1546.5147326922538,0.3,-4.64
30.566666666666666,288,AV,1,0,4,4,8,0,0,61,938.3100494872764,0.4,-12.226666666666667
74.68333333333334,213,AV,0,4,8,5,4,0,0,81,588.8906571209208,0.2,-14.936666666666667
9.233333333333333,29,AV,1,0,5,1,9,0,0,21,2046.5713793034688,0.1,-0.9233333333333333
31.5,155,AV,1,0,4,4,9,0,0,64,3783.636689084741,0.2,-6.300000000000001
9.55,127,AV,1,1,8,4,8,0,0,22,2898.378436294527,0.5,-4.775
50.43333333333333,105,AV,0,6,3,5,1,0,0,54,381.3218977270381,0.1,-5.043333333333333
12.116666666666667,54,AV,1,0,4,1,7,0,0,33,5862.871835726062,0.2,-2.423333333333334
32.733333333333334,204,AV,1,3,4,4,5,0,0,67,2563.744074524839,0.5,-16.366666666666667
18.633333333333333,234,AV,1,0,4,4,7,0,0,44,1389.0632502942228,0.3,-5.59
5.366666666666666,97,AV,0,4,4,1,2,0,0,7,2964.6777926145683,0.6,-3.2199999999999998
74.65,286,AV,0,5,0,9,11,0,0,79,2850.5966631146844,0.2,-14.930000000000001
69.51666666666667,282,AV,0,6,2,0,0,0,0,69,2520.757475212996,0.1,-6.951666666666667
6.966666666666667,254,AV,0,6,4,1,0,0,0,13,3438.9188747307694,0.2,-1.3933333333333335
71.2,76,AV,0,4,8,6,12,0,0,72,4959.361066312568,0.1,-7.120000000000001
16.733333333333334,268,AV,2,1,1,8,3,0,0,34,1783.933402668827,0.5,-8.366666666666667
14.666666666666666,281,AV,1,0,5,1,10,0,0,39,3301.717979419838,0.1,-1.4666666666666668
27.8,36,AV,1,0,8,2,6,0,0,59,6248.181898567973,0.1,-2.7800000000000002
32.583333333333336,200,AV,1,3,5,6,13,0,0,67,2123.4400354784907,0.3,-9.775
35.516666666666666,244,AV,1,3,4,4,6,0,0,72,1293.252850487379,0.6,-21.31
64.43333333333334,84,AV,0,4,1,8,4,0,0,64,743.7818724069466,0.6,-38.660000000000004
10.783333333333333,27,AV,1,0,4,1,6,0,0,28,15387.119225735782,0.3,-3.235
25.05,191,AV,1,3,4,4,7,0,0,54,2326.172138461347,1.0,-25.05
15.55,205,AV,1,0,4,1,4,0,0,39,816.2772675203604,0.1,-1.5550000000000002
46.86666666666667,70,AV,0,6,6,4,5,0,0,52,5984.209260784091,0.1,-4.6866666666666665
11.933333333333334,135,AV,0,5,0,7,4,0,0,25,2158.6935677652164,0.6,-7.16
11.95,20,AV,0,4,5,5,3,0,0,24,13079.31179296209,1.0,-11.95
7.416666666666667,75,AV,1,0,4,1,6,0,0,15,2043.1688306873104,0.5,-3.7083333333333335
62.5,51,AV,0,8,5,2,5,0,0,62,4704.305573257116,0.5,-31.25
29.966666666666665,148,AV,1,0,5,4,10,0,0,61,3257.3450634265246,0.3,-8.989999999999998
16.0,65,AV,1,0,4,1,5,0,0,41,10783.100237376317,0.3,-4.8
22.683333333333334,251,AV,2,2,3,1,7,0,0,48,4662.282088415262,0.1,-2.2683333333333335
34.78333333333333,172,AV,1,0,4,4,10,0,0,70,1778.835052690156,0.1,-3.4783333333333335
28.05,40,AV,2,3,3,2,13,0,0,58,4656.548587392589,0.7,-19.634999999999998
10.566666666666666,188,AV,2,2,2,0,7,0,0,17,873.8892656114449,1.0,-10.566666666666666
17.233333333333334,294,AV,1,0,4,1,5,0,0,42,1348.5865378412918,0.1,-1.7233333333333336
24.366666666666667,186,AV,1,0,4,4,3,0,0,53,1929.5758599688188,0.5,-12.183333333333334
34.46666666666667,270,AV,1,0,4,4,6,0,0,71,3017.17067826153,0.5,-17.233333333333334
11.4,102,AV,1,0,4,1,5,0,0,30,2987.078671303881,0.4,-4.5600000000000005
34.3,83,AV,1,2,8,1,0,0,0,70,1141.5133047894662,0.3,-10.29
33.53333333333333,89,AV,1,3,4,4,7,0,0,67,1454.957177165027,1.0,-33.53333333333333
26.85,257,AV,1,0,4,4,5,0,0,56,1046.6558973464134,0.3,-8.055
52.1,124,AV,0,4,6,3,2,0,0,55,3427.0421228311798,0.4,-20.840000000000003
18.75,57,AV,2,0,2,5,1,0,0,44,1963.0347272178835,0.3,-5.625
19.416666666666668,141,AV,1,0,4,1,6,0,0,45,1496.328062426438,0.1,-1.9416666666666669
31.066666666666666,114,AV,1,0,5,4,9,0,0,63,3256.7228478661937,0.1,-3.106666666666667
23.616666666666667,23,AV,1,0,5,4,10,0,0,52,1282.6858023855964,0.2,-4.723333333333334
8.566666666666666,126,AV,1,0,4,1,4,0,0,21,736.5379020629116,0.2,-1.7133333333333334
55.583333333333336,261,AV,0,5,1,5,2,0,0,56,1614.9493849180149,0.1,-5.558333333333334
18.8,133,AV,2,0,2,0,6,0,0,42,1564.487892525026,0.3,-5.64
25.366666666666667,24,AV,1,0,4,1,6,0,0,54,11515.391842589095,0.1,-2.536666666666667
12.266666666666667,250,AV,1,0,7,0,2,0,0,32,1405.7852601227096,0.2,-2.4533333333333336
31.3,219,AV,0,6,6,3,11,0,0,44,1649.648602545546,0.6,-18.78
15.416666666666666,106,AV,2,2,2,3,6,0,0,36,3971.0791127863904,0.3,-4.625
12.616666666666667,237,AV,1,0,4,1,8,0,0,33,1301.8927857652438,0.4,-5.046666666666667
26.45,249,AV,2,0,1,2,13,0,0,53,3064.640983136323,0.1,-2.645
10.533333333333333,100,AV,1,0,9,1,10,0,0,26,1751.9448432672848,0.1,-1.0533333333333335
28.533333333333335,118,AV,1,0,4,4,6,0,0,60,4717.175795221327,0.1,-2.8533333333333335
36.46666666666667,152,AV,0,4,6,1,10,0,0,46,1490.1599361877834,0.2,-7.293333333333334
11.583333333333334,212,AV,1,1,6,5,0,0,0,32,1005.9867386644172,0.3,-3.475
31.466666666666665,208,AV,2,3,1,1,8,0,0,63,4504.939201911708,0.1,-3.1466666666666665
21.4,81,AV,2,1,2,7,9,0,0,46,1239.4416864014672,0.3,-6.419999999999999
29.3,258,AV,0,6,1,3,0,0,0,43,3778.090807703549,0.1,-2.93
36.333333333333336,63,AV,1,0,4,4,10,0,0,83,1100.389953660579,0.4,-14.533333333333335
13.533333333333333,263,AV,0,7,8,6,6,0,0,28,8689.506535985933,1.0,-13.533333333333333
50.483333333333334,42,AV,0,6,8,1,4,0,0,54,548.7192496267361,0.2,-10.096666666666668
34.88333333333333,187,AV,1,3,4,4,11,0,0,73,2767.495209174315,0.6,-20.93
