travel_time,id,kind,action,bid_route_0,bid_route_1,bid_route_2,karma_balance,origin,destination,start_time,income,urgency,reward
28.2,43,AV,1,4,5,2,3,0,0,47,1945.516475481125,0.1,-2.8200000000000003
24.633333333333333,278,AV,1,2,7,4,9,0,0,44,1888.2149669861096,0.1,-2.4633333333333334
19.983333333333334,86,AV,1,2,5,1,5,0,0,37,1921.5023446668008,0.4,-7.993333333333334
29.1,168,AV,0,6,4,7,1,0,0,55,7658.5640246764915,0.5,-14.55
14.2,89,AV,1,2,5,1,1,0,0,24,736.5379020629116,0.3,-4.26
22.9,22,AV,1,0,5,8,9,0,0,41,1717.0377309640771,0.9,-20.61
14.2,123,AV,1,2,5,1,4,0,0,25,9884.322174397852,0.1,-1.42
46.81666666666667,247,AV,1,2,5,1,6,0,0,73,12726.503958899895,0.3,-14.045
49.78333333333333,255,AV,1,2,5,1,7,0,0,83,572.7967315704935,0.2,-9.956666666666667
39.15,73,AV,2,1,0,2,6,0,0,61,1778.835052690156,0.4,-15.66
39.85,84,AV,1,2,5,1,2,0,0,63,3849.958431883558,0.3,-11.955
6.9,47,AV,0,6,4,7,3,0,0,17,3097.4575811220984,0.1,-0.6900000000000001
24.55,244,AV,1,2,5,1,2,0,0,45,1682.490559712908,0.8,-19.64
38.15,297,AV,1,2,5,1,4,0,0,59,2239.257430619588,0.2,-7.63
23.733333333333334,125,AV,0,6,4,7,4,0,0,47,7177.938863287724,0.5,-11.866666666666667
39.81666666666667,80,AV,1,3,8,0,0,0,0,61,1323.5149786113286,0.4,-15.92666666666667
43.766666666666666,267,AV,1,2,5,1,3,0,0,67,2797.307504072895,0.2,-8.753333333333334
16.933333333333334,78,AV,1,2,5,1,1,0,0,30,1365.417472605012,0.6,-10.16
36.7,151,AV,1,2,5,1,7,0,0,57,1460.106853854364,0.1,-3.6700000000000004
42.266666666666666,282,AV,1,2,5,1,7,0,0,64,10721.15711953896,0.2,-8.453333333333333
39.166666666666664,137,AV,1,2,5,1,9,0,0,60,3046.5766145774583,0.2,-7.833333333333333
25.15,288,AV,1,2,5,1,3,0,0,44,4429.527615460413,0.4,-10.06
16.066666666666666,145,AV,1,1,5,2,1,0,0,28,2147.781038516846,0.4,-6.426666666666667
33.25,140,AV,1,2,5,1,1,0,0,55,5434.023139443809,0.1,-3.325
21.583333333333332,41,AV,1,2,5,1,4,0,0,40,2767.495209174315,0.2,-4.316666666666666
35.13333333333333,218,AV,1,2,5,1,0,0,0,56,1927.298426803608,0.4,-14.053333333333335
35.05,93,AV,1,2,5,1,5,0,0,54,845.7864251007381,0.6,-21.029999999999998
20.416666666666668,156,AV,0,8,8,8,1,0,0,46,5913.041300376779,0.2,-4.083333333333334
48.25,15,AV,1,2,5,1,7,0,0,79,6130.868263041086,0.1,-4.825
11.75,239,AV,1,2,5,1,10,0,0,11,3159.4556453821087,0.1,-1.175
27.516666666666666,23,AV,1,2,5,1,0,0,0,48,4707.821121085941,0.2,-5.503333333333334
46.3,256,AV,1,2,5,1,6,0,0,75,861.805442805673,0.1,-4.63
34.333333333333336,298,AV,0,6,4,7,4,0,0,68,1546.5147326922538,0.9,-30.900000000000002
24.183333333333334,70,AV,1,2,5,1,2,0,0,44,3158.0604616132755,0.1,-2.4183333333333334
37.333333333333336,116,AV,2,1,3,8,5,0,0,60,8029.700924090037,0.1,-3.733333333333334
14.066666666666666,249,AV,1,3,5,3,14,0,0,17,1628.9397076974285,0.1,-1.4066666666666667
43.5,107,AV,1,2,5,1,3,0,0,67,905.8209551718018,0.2,-8.700000000000001
27.233333333333334,34,AV,1,1,7,1,6,0,0,47,1249.5878531833848,0.2,-5.446666666666667
42.65,9,AV,1,2,5,1,1,0,0,66,13351.937436366714,0.2,-8.53
46.916666666666664,4,AV,1,3,7,0,5,0,0,76,2392.7441380289174,0.6,-28.15
27.666666666666668,72,AV,1,2,5,1,3,0,0,49,4034.238052294327,0.1,-2.766666666666667
38.15,88,AV,1,2,5,1,0,0,0,59,15725.918848752755,0.3,-11.444999999999999
30.5,236,AV,2,1,0,2,6,0,0,47,3032.1279287666234,0.1,-3.0500000000000003
20.383333333333333,182,AV,1,2,5,1,0,0,0,40,6709.13861087917,0.1,-2.0383333333333336
25.7,129,AV,0,6,4,7,1,0,0,48,5158.4050556257225,0.4,-10.280000000000001
19.0,27,AV,1,0,7,2,2,0,0,37,2969.8754393798326,0.5,-9.5
33.083333333333336,138,AV,1,2,5,1,7,0,0,54,3414.9419898187493,0.4,-13.233333333333334
28.483333333333334,199,AV,2,1,0,2,6,0,0,39,3558.5090095449787,0.4,-11.393333333333334
30.516666666666666,279,AV,1,2,5,1,12,0,0,51,437.8567856598078,0.4,-12.206666666666667
35.916666666666664,215,AV,0,8,8,8,3,0,0,71,1100.389953660579,0.5,-17.958333333333332
18.966666666666665,258,AV,1,2,5,1,1,0,0,35,2035.9911412414244,0.2,-3.793333333333333
40.43333333333333,257,AV,1,2,5,1,13,0,0,61,4617.1597275219765,0.4,-16.173333333333332
42.85,169,AV,1,2,5,1,1,0,0,65,870.7377108213431,0.1,-4.285
26.183333333333334,250,AV,1,2,5,1,10,0,0,46,513.3463032142733,0.3,-7.8549999999999995
39.13333333333333,28,AV,1,4,5,2,2,0,0,62,2991.769966736588,0.3,-11.74
16.733333333333334,162,AV,1,0,6,4,2,0,0,33,2744.8905386527767,0.2,-3.346666666666667
43.0,55,AV,2,1,3,8,1,0,0,77,541.9839687696077,0.2,-8.6
40.9,246,AV,1,2,5,1,2,0,0,63,1900.764377468582,1.0,-40.9
30.166666666666668,97,AV,1,3,7,1,0,0,0,51,1797.659883656486,0.6,-18.1
38.56666666666667,20,AV,1,2,5,1,1,0,0,60,3368.9508766880413,0.1,-3.8566666666666674
40.8,252,AV,1,2,5,1,1,0,0,61,2472.005569054355,0.2,-8.16
21.8,53,AV,1,2,5,1,2,0,0,40,1040.734547163155,0.2,-4.36
28.633333333333333,294,AV,1,2,5,1,4,0,0,50,1141.5133047894662,0.3,-8.59
27.016666666666666,133,AV,1,2,5,1,18,0,0,47,3251.3322332141274,0.1,-2.7016666666666667
14.333333333333334,7,AV,1,3,7,1,0,0,0,27,1645.9523587482854,0.1,-1.4333333333333336
16.316666666666666,273,AV,1,2,5,1,11,0,0,29,2619.168197182975,0.3,-4.895
17.0,112,AV,0,6,4,7,1,0,0,44,3866.930621896856,0.9,-15.3
41.11666666666667,2,AV,1,2,5,1,1,0,0,62,2813.5576138103806,0.2,-8.223333333333334
45.45,52,AV,1,2,5,1,10,0,0,66,1317.647826688136,0.3,-13.635
30.666666666666668,38,AV,1,2,5,1,13,0,0,51,1373.5659577718477,0.1,-3.066666666666667
41.45,30,AV,1,2,5,1,0,0,0,63,4015.909421979459,0.2,-8.290000000000001
39.7,3,AV,1,0,6,3,0,0,0,62,3024.224513765153,0.2,-7.940000000000001
26.7,99,AV,1,2,5,1,2,0,0,45,3064.640983136323,0.1,-2.67
33.55,254,AV,1,2,5,1,5,0,0,55,938.3100494872764,0.2,-6.71
47.983333333333334,132,AV,1,2,5,1,2,0,0,77,3667.3634505223554,0.6,-28.79
19.9,98,AV,1,2,5,1,5,0,0,37,3256.7228478661937,0.1,-1.99
48.516666666666666,111,AV,1,2,5,1,8,0,0,84,4200.245935785981,0.1,-4.851666666666667
27.366666666666667,241,AV,0,4,5,2,6,0,0,52,5051.78348307234,0.1,-2.736666666666667
10.05,131,AV,0,8,8,8,1,0,0,35,3387.2787239910285,0.1,-1.0050000000000001
13.716666666666667,46,AV,0,6,4,7,5,0,0,43,3197.7177395395383,0.3,-4.115
18.766666666666666,225,AV,0,6,4,7,13,0,0,45,985.8695826897422,0.2,-3.7533333333333334
35.61666666666667,204,AV,1,2,5,1,11,0,0,57,8987.033628468456,0.2,-7.123333333333334
13.783333333333333,64,AV,1,2,5,1,1,0,0,24,4959.361066312568,0.2,-2.756666666666667
34.266666666666666,164,AV,1,2,5,1,7,0,0,55,2141.869626207308,0.2,-6.8533333333333335
30.966666666666665,210,AV,1,2,5,1,11,0,0,51,2241.037238818388,0.2,-6.193333333333333
23.383333333333333,285,AV,1,2,5,1,2,0,0,41,17693.100214811147,0.5,-11.691666666666666
41.766666666666666,266,AV,1,2,5,1,12,0,0,63,2478.182963693478,0.1,-4.176666666666667
23.483333333333334,37,AV,1,3,8,0,3,0,0,41,2891.134206742707,0.2,-4.696666666666667
32.233333333333334,248,AV,1,4,5,2,0,0,0,51,1200.7903182940884,0.3,-9.67
35.43333333333333,165,AV,1,2,5,1,1,0,0,55,1869.7531794209297,0.4,-14.173333333333332
24.283333333333335,286,AV,2,1,1,3,5,0,0,26,639.9143284368583,0.3,-7.285
16.483333333333334,155,AV,1,2,5,1,3,0,0,30,610.4868582393152,0.5,-8.241666666666667
11.766666666666667,144,AV,1,2,5,1,6,0,0,14,627.4062491148882,0.1,-1.1766666666666667
28.433333333333334,108,AV,1,2,5,1,7,0,0,49,8348.421721831439,0.6,-17.06
19.933333333333334,142,AV,1,2,5,1,7,0,0,38,968.7072844723906,0.3,-5.9799999999999995
36.31666666666667,44,AV,1,2,5,1,9,0,0,59,743.7818724069466,0.1,-3.6316666666666673
38.18333333333333,45,AV,1,2,5,1,2,0,0,60,17322.90883950548,0.5,-19.091666666666665
24.283333333333335,128,AV,1,2,5,1,10,0,0,41,4717.175795221327,0.7,-16.998333333333335
36.28333333333333,110,AV,1,2,5,1,3,0,0,58,2946.490055333797,0.6,-21.77
22.116666666666667,92,AV,0,9,1,0,5,0,0,46,2835.850686157305,0.1,-2.211666666666667
48.45,268,AV,1,2,5,1,4,0,0,80,2108.868816674547,0.1,-4.845000000000001
16.85,135,AV,1,2,5,1,4,0,0,28,1782.711710770346,0.1,-1.6850000000000003
23.533333333333335,104,AV,1,2,7,4,2,0,0,44,2587.8859091729414,0.1,-2.3533333333333335
31.016666666666666,299,AV,0,6,4,7,7,0,0,56,1059.8377785859489,0.1,-3.1016666666666666
41.583333333333336,191,AV,1,2,5,1,14,0,0,64,2335.4036410281064,0.4,-16.633333333333336
44.71666666666667,192,AV,1,2,5,1,6,0,0,67,1148.9174546898266,0.1,-4.471666666666667
27.55,147,AV,1,2,5,1,1,0,0,48,3278.222126324269,0.4,-11.020000000000001
44.916666666666664,1,AV,1,2,5,1,11,0,0,67,4061.843573313689,0.7,-31.441666666666663
46.46666666666667,54,AV,1,2,5,1,3,0,0,70,4135.471393234625,0.2,-9.293333333333335
25.566666666666666,35,AV,1,2,5,1,1,0,0,45,2964.6777926145683,0.1,-2.5566666666666666
19.116666666666667,174,AV,1,3,7,1,5,0,0,36,4924.983441788647,0.6,-11.47
17.683333333333334,5,AV,1,2,5,1,6,0,0,29,2034.664800296876,0.1,-1.7683333333333335
13.016666666666667,69,AV,1,2,5,1,4,0,0,18,2218.7455195521825,0.2,-2.6033333333333335
27.5,102,AV,0,6,4,7,3,0,0,53,1089.3140785512585,0.1,-2.75
41.15,189,AV,1,2,5,1,4,0,0,63,7912.643587116454,0.1,-4.115
20.616666666666667,209,AV,0,6,4,7,10,0,0,45,1076.386102050743,0.1,-2.061666666666667
48.45,281,AV,2,1,0,2,9,0,0,67,877.2934597877683,0.3,-14.535
28.65,223,AV,1,2,7,4,0,0,0,49,6427.339783247283,1.0,-28.65
19.966666666666665,176,AV,1,2,5,1,3,0,0,38,2942.323800284961,0.3,-5.989999999999999
15.916666666666666,293,AV,1,2,5,1,2,0,0,28,6995.337061486569,0.1,-1.5916666666666668
49.28333333333333,275,AV,1,2,5,1,0,0,0,95,3427.0421228311798,0.5,-24.641666666666666
43.18333333333333,173,AV,1,2,5,1,1,0,0,63,13460.811009378149,0.5,-21.591666666666665
43.06666666666667,296,AV,1,2,5,1,10,0,0,65,2758.442965787371,0.8,-34.45333333333334
20.416666666666668,31,AV,1,0,5,8,5,0,0,39,8326.33528790118,0.1,-2.041666666666667
24.466666666666665,48,AV,1,3,7,0,1,0,0,44,881.2906222289953,0.2,-4.8933333333333335
31.166666666666668,75,AV,1,2,5,1,1,0,0,53,4549.070920567666,1.0,-31.166666666666668
47.46666666666667,263,AV,1,2,5,1,1,0,0,74,1104.4445206976068,1.0,-47.46666666666667
6.666666666666667,200,AV,0,6,4,7,2,0,0,22,767.6170681366935,0.1,-0.6666666666666667
42.06666666666667,81,AV,2,1,3,8,7,0,0,62,5354.15698790508,0.6,-25.240000000000002
47.5,202,AV,1,2,5,1,3,0,0,75,4639.089550420253,0.2,-9.5
44.333333333333336,150,AV,1,2,5,1,18,0,0,67,4547.885280126284,0.1,-4.433333333333334
23.716666666666665,240,AV,1,1,9,3,7,0,0,41,1261.43865123121,0.6,-14.229999999999999
25.316666666666666,146,AV,1,4,5,2,6,0,0,44,2622.7149314101284,0.1,-2.5316666666666667
46.28333333333333,115,AV,1,2,7,4,4,0,0,72,1503.4428459110418,0.4,-18.513333333333332
25.666666666666668,21,AV,1,3,7,1,1,0,0,44,1830.3424648913517,0.4,-10.266666666666667
29.116666666666667,0,AV,1,2,7,4,3,0,0,49,2857.712092786687,0.1,-2.911666666666667
22.2,100,AV,2,0,3,0,5,0,0,13,978.4447105201264,0.2,-4.44
23.5,160,AV,1,2,5,1,5,0,0,43,1592.2311391495805,0.1,-2.35
21.75,229,AV,1,2,5,1,2,0,0,40,4227.85786318916,0.4,-8.700000000000001
26.65,193,AV,1,3,7,0,8,0,0,46,1703.2333497257905,0.1,-2.665
13.183333333333334,265,AV,1,2,5,1,9,0,0,19,2818.3733061874163,0.5,-6.591666666666667
18.983333333333334,161,AV,1,2,5,1,4,0,0,35,1404.912317929139,0.2,-3.796666666666667
35.6,87,AV,1,2,7,4,6,0,0,57,2417.357356239525,0.3,-10.68
37.0,67,AV,1,2,7,4,9,0,0,57,979.5720138781878,0.3,-11.1
17.083333333333332,33,AV,1,2,5,1,3,0,0,27,2411.397471856681,0.9,-15.375
32.93333333333333,207,AV,0,6,4,7,14,0,0,60,597.1498506777683,0.2,-6.586666666666666
15.066666666666666,68,AV,1,2,5,1,2,0,0,24,571.0932451196882,0.8,-12.053333333333335
41.166666666666664,49,AV,2,1,3,8,5,0,0,59,3971.0791127863904,0.1,-4.116666666666666
49.38333333333333,179,AV,1,2,5,1,13,0,0,84,4950.268578812107,0.1,-4.9383333333333335
32.5,198,AV,2,1,0,2,10,0,0,47,5702.891177591027,0.9,-29.25
28.316666666666666,8,AV,1,2,5,1,10,0,0,48,3508.846318545673,0.1,-2.831666666666667
13.55,177,AV,1,4,5,2,1,0,0,10,2010.868248891871,0.1,-1.3550000000000002
38.233333333333334,234,AV,1,2,5,1,1,0,0,59,4934.883137056144,0.5,-19.116666666666667
35.35,154,AV,1,2,5,1,2,0,0,56,3225.188153267811,0.1,-3.535
32.93333333333333,194,AV,1,2,7,4,5,0,0,54,1434.4967426379471,0.2,-6.586666666666666
15.3,50,AV,0,6,4,7,5,0,0,43,449.0833195935783,0.5,-7.65
8.633333333333333,178,AV,0,5,5,9,9,0,0,21,6918.069898529506,0.8,-6.906666666666666
37.766666666666666,188,AV,0,6,4,7,12,0,0,71,1653.1781197118603,0.1,-3.776666666666667
35.233333333333334,195,AV,1,2,5,1,1,0,0,54,7572.106998522375,0.6,-21.14
18.166666666666668,14,AV,1,0,6,3,1,0,0,34,1496.328062426438,0.4,-7.2666666666666675
18.85,65,AV,1,2,5,1,6,0,0,35,11049.706566164488,0.1,-1.8850000000000002
45.983333333333334,197,AV,1,2,5,1,4,0,0,69,961.7772661313056,0.2,-9.196666666666667
43.15,233,AV,1,2,7,4,4,0,0,66,8981.750106371177,0.3,-12.944999999999999
15.316666666666666,139,AV,0,6,4,7,3,0,0,43,3773.073658575576,0.4,-6.126666666666667
30.7,159,AV,1,2,5,1,1,0,0,51,877.6907461205365,0.1,-3.0700000000000003
29.233333333333334,118,AV,1,2,5,1,5,0,0,49,1659.6531244520008,0.3,-8.77
48.833333333333336,39,AV,1,2,5,1,5,0,0,80,4735.166802079286,0.5,-24.416666666666668
42.3,238,AV,1,2,5,1,11,0,0,63,649.7132696839626,0.1,-4.2299999999999995
13.816666666666666,85,AV,1,2,5,1,7,0,0,20,5849.7981009167725,0.1,-1.3816666666666668
49.71666666666667,126,AV,2,1,3,8,1,0,0,93,5807.233742044462,0.2,-9.943333333333335
37.56666666666667,11,AV,1,2,5,1,3,0,0,58,1267.69032506861,0.1,-3.7566666666666673
34.483333333333334,149,AV,1,4,5,2,0,0,0,55,19040.472291926453,1.0,-34.483333333333334
26.8,186,AV,1,2,7,4,3,0,0,45,13430.196447392702,0.4,-10.72
32.78333333333333,36,AV,1,2,5,1,10,0,0,53,7958.958807233507,0.2,-6.556666666666667
29.15,18,AV,1,2,7,4,1,0,0,49,522.2875039790788,0.7,-20.404999999999998
19.7,245,AV,1,2,5,1,2,0,0,37,1490.1599361877834,0.1,-1.97
36.5,220,AV,1,3,7,0,1,0,0,57,2046.5713793034688,0.6,-21.9
39.3,214,AV,1,2,5,1,6,0,0,60,614.9217871931492,0.1,-3.9299999999999997
48.61666666666667,230,AV,1,2,5,1,14,0,0,82,8028.27043643778,0.1,-4.861666666666667
47.516666666666666,227,AV,1,2,5,1,1,0,0,76,1530.0661682302475,0.2,-9.503333333333334
49.3,59,AV,1,2,5,1,7,0,0,87,2446.4664131825853,0.5,-24.65
12.533333333333333,12,AV,1,2,5,1,3,0,0,18,4559.760277629775,0.4,-5.013333333333334
35.65,264,AV,1,2,5,1,6,0,0,57,753.5670156580491,0.4,-14.26
13.9,127,AV,0,6,4,7,3,0,0,39,844.3352662229099,0.1,-1.3900000000000001
35.45,185,AV,1,2,5,1,10,0,0,56,3227.056348793521,0.1,-3.5450000000000004
50.516666666666666,287,AV,1,3,7,1,0,0,0,85,2756.9260540590044,0.4,-20.206666666666667
35.18333333333333,40,AV,2,1,3,8,7,0,0,56,2520.718778515204,0.2,-7.036666666666666
20.466666666666665,134,AV,1,0,6,3,5,0,0,39,3393.6426315430986,0.2,-4.093333333333333
39.63333333333333,82,AV,1,4,5,2,1,0,0,59,2533.2754137277425,0.1,-3.9633333333333334
46.733333333333334,74,AV,1,2,5,1,2,0,0,70,727.2326469992182,0.2,-9.346666666666668
26.083333333333332,167,AV,1,0,7,2,2,0,0,45,1963.0347272178835,0.3,-7.824999999999999
19.0,224,AV,1,2,7,4,0,0,0,35,753.7709081553346,0.3,-5.7
45.21666666666667,58,AV,1,2,5,1,5,0,0,68,11940.25564443948,0.7,-31.651666666666667
43.56666666666667,42,AV,1,2,5,1,0,0,0,65,4889.272753955773,0.2,-8.713333333333335
23.65,32,AV,1,2,5,1,9,0,0,40,2280.385817754286,0.3,-7.095
10.083333333333334,277,AV,0,6,4,7,3,0,0,35,2187.718469250836,0.1,-1.0083333333333335
38.18333333333333,216,AV,1,2,5,1,4,0,0,59,567.550811201735,0.2,-7.636666666666667
16.75,148,AV,1,2,5,1,0,0,0,30,9030.678864893336,0.9,-15.075000000000001
28.7,196,AV,2,1,0,2,5,0,0,38,5557.427333357366,0.2,-5.74
35.9,90,AV,0,6,4,7,5,0,0,69,417.8295094645922,0.2,-7.18
36.416666666666664,66,AV,1,2,5,1,1,0,0,56,7592.14370769901,0.1,-3.6416666666666666
47.95,253,AV,1,2,5,1,1,0,0,78,2078.9202215407213,0.2,-9.590000000000002
23.6,91,AV,1,3,7,1,7,0,0,42,1234.5997004771,0.1,-2.3600000000000003
45.516666666666666,289,AV,1,2,5,1,1,0,0,68,4689.4303597647895,0.5,-22.758333333333333
30.8,211,AV,1,2,5,1,2,0,0,51,1485.5718097438446,0.1,-3.08
41.78333333333333,153,AV,1,2,5,1,4,0,0,63,4687.914961676448,0.3,-12.534999999999998
28.483333333333334,184,AV,1,2,5,1,1,0,0,49,720.4688823460104,0.4,-11.393333333333334
46.78333333333333,57,AV,1,2,5,1,8,0,0,69,2528.765907819195,0.1,-4.678333333333334
42.61666666666667,96,AV,2,1,3,8,2,0,0,66,419.7646265090227,0.3,-12.785
32.15,79,AV,1,2,5,1,1,0,0,53,1062.4074567339185,0.3,-9.645
29.1,152,AV,0,6,4,7,3,0,0,53,1260.3927948639828,0.2,-5.82
11.683333333333334,208,AV,0,8,3,8,4,0,0,37,2105.6010448069283,0.1,-1.1683333333333334
38.266666666666666,62,AV,1,2,5,1,4,0,0,60,3583.4963710051925,0.7,-26.786666666666665
21.666666666666668,25,AV,1,2,5,1,7,0,0,40,1581.438059619256,0.1,-2.166666666666667
42.416666666666664,16,AV,1,2,5,1,1,0,0,64,2052.607856914241,0.2,-8.483333333333333
34.3,228,AV,1,2,5,1,11,0,0,55,2022.4315636845977,0.1,-3.4299999999999997
15.133333333333333,29,AV,1,2,5,1,5,0,0,23,2927.9701715656583,0.3,-4.54
22.216666666666665,26,AV,0,6,4,7,8,0,0,45,11515.391842589095,0.3,-6.664999999999999
35.35,259,AV,2,1,1,3,15,0,0,53,2965.4163440895786,0.1,-3.535
14.15,130,AV,1,0,6,3,0,0,0,22,1526.0895405694364,0.1,-1.415
29.65,175,AV,1,2,5,1,1,0,0,50,806.3598325453933,0.6,-17.79
30.066666666666666,10,AV,1,2,5,1,0,0,0,49,1661.9571573900298,0.1,-3.006666666666667
18.9,180,AV,1,2,5,1,1,0,0,31,5654.280440205098,0.5,-9.45
37.766666666666666,113,AV,1,3,7,1,1,0,0,58,2953.761118311176,0.9,-33.99
47.43333333333333,280,AV,1,2,5,1,7,0,0,73,832.3173438658397,0.1,-4.743333333333333
16.0,231,AV,1,4,5,2,1,0,0,27,2476.7673195544394,0.4,-6.4
34.31666666666667,232,AV,0,6,4,7,6,0,0,64,4705.31956239884,0.4,-13.726666666666668
18.9,63,AV,1,2,5,1,0,0,0,34,1664.0464513081895,0.4,-7.56
18.6,203,AV,1,2,5,1,0,0,0,30,5009.92015912814,0.1,-1.8600000000000003
13.416666666666666,101,AV,0,8,8,8,1,0,0,39,3245.380745418587,0.3,-4.0249999999999995
37.3,51,AV,1,3,7,5,4,0,0,57,859.2772315809713,0.1,-3.73
23.316666666666666,276,AV,1,2,5,1,5,0,0,41,1025.7249596144625,0.3,-6.995
42.516666666666666,94,AV,1,2,5,1,2,0,0,62,2747.619709803412,0.1,-4.251666666666667
30.3,61,AV,1,2,5,1,1,0,0,50,904.859336063587,0.2,-6.0600000000000005
32.43333333333333,283,AV,1,2,5,1,4,0,0,52,1129.1321270070612,0.1,-3.243333333333333
33.53333333333333,262,AV,1,2,5,1,10,0,0,53,6947.27484286379,0.2,-6.706666666666667
33.21666666666667,206,AV,0,6,4,7,1,0,0,58,5578.433439706214,0.2,-6.643333333333334
20.95,217,AV,1,3,7,0,6,0,0,37,6254.49597505133,0.1,-2.095
5.033333333333333,181,AV,0,8,8,8,4,0,0,12,1446.9812594843625,0.6,-3.02
40.96666666666667,170,AV,1,2,5,1,7,0,0,61,9095.945853089892,0.2,-8.193333333333333
45.4,172,AV,1,2,5,1,4,0,0,68,4645.51881630073,0.9,-40.86
34.45,284,AV,1,2,5,1,1,0,0,54,2857.8751728516777,0.2,-6.890000000000001
17.95,158,AV,1,2,5,1,9,0,0,31,9667.367812467324,0.5,-8.975
32.266666666666666,219,AV,1,2,5,1,7,0,0,51,1723.69240549938,0.2,-6.453333333333333
18.816666666666666,109,AV,0,6,4,7,2,0,0,45,2347.541384251396,0.4,-7.526666666666667
25.516666666666666,213,AV,1,2,5,1,10,0,0,44,2015.5588757501516,0.1,-2.5516666666666667
28.516666666666666,187,AV,1,2,5,1,10,0,0,48,3301.717979419838,0.2,-5.703333333333333
46.1,157,AV,1,2,5,1,10,0,0,71,931.9887487728153,0.1,-4.61
39.0,76,AV,1,3,7,1,1,0,0,60,2187.907521251699,0.4,-15.600000000000001
15.483333333333333,260,AV,1,2,5,1,1,0,0,27,2857.6088215719105,0.1,-1.5483333333333333
24.116666666666667,105,AV,0,6,4,7,11,0,0,47,1836.592480640456,0.8,-19.293333333333337
13.533333333333333,243,AV,1,2,5,1,8,0,0,19,2987.078671303881,0.2,-2.706666666666667
20.716666666666665,6,AV,1,2,7,4,0,0,0,39,1117.0806745336297,0.6,-12.429999999999998
29.483333333333334,212,AV,1,2,5,1,4,0,0,49,3361.758609282253,0.2,-5.896666666666667
39.11666666666667,143,AV,1,2,5,1,7,0,0,60,8436.938288223368,0.6,-23.47
22.183333333333334,103,AV,1,2,5,1,3,0,0,38,3758.845856207275,0.1,-2.2183333333333333
43.75,120,AV,1,2,5,1,5,0,0,64,5144.150368411208,0.4,-17.5
17.116666666666667,237,AV,0,4,6,0,8,0,0,44,8795.495569618428,0.1,-1.711666666666667
38.233333333333334,136,AV,1,2,5,1,5,0,0,59,3269.866339895674,0.2,-7.646666666666667
11.7,270,AV,0,6,0,6,0,0,0,37,14297.77376075636,0.4,-4.68
30.166666666666668,292,AV,1,2,5,1,4,0,0,49,3292.2479258152307,0.1,-3.016666666666667
45.483333333333334,56,AV,1,2,5,1,5,0,0,67,7081.334819999852,0.2,-9.096666666666668
41.6,121,AV,2,4,3,5,1,0,0,62,3822.7735841463273,0.2,-8.32
30.233333333333334,106,AV,1,4,5,2,5,0,0,50,2574.4307659940623,0.4,-12.093333333333334
18.85,119,AV,1,4,5,2,4,0,0,32,20793.30768626012,0.2,-3.7700000000000005
45.21666666666667,17,AV,1,3,7,0,1,0,0,65,3742.7752140142647,0.1,-4.521666666666667
19.75,122,AV,1,2,5,1,4,0,0,35,1587.6148581174584,0.1,-1.975
30.483333333333334,291,AV,1,2,5,1,6,0,0,50,2344.9936519099742,0.1,-3.048333333333334
32.86666666666667,271,AV,1,2,5,1,14,0,0,53,1391.0507319816634,0.1,-3.286666666666667
18.916666666666668,272,AV,1,2,5,1,2,0,0,34,4446.537177105173,0.3,-5.675
15.166666666666666,95,AV,1,3,6,1,1,0,0,26,5960.007005011629,0.1,-1.5166666666666666
27.133333333333333,222,AV,1,4,5,2,3,0,0,46,2421.0391237858234,0.1,-2.7133333333333334
8.233333333333333,251,AV,0,8,8,8,8,0,0,34,1194.3606142611325,0.4,-3.293333333333333
41.2,171,AV,1,2,5,1,2,0,0,63,5862.871835726062,0.8,-32.96
45.416666666666664,261,AV,1,2,5,1,7,0,0,69,4196.147454418583,0.2,-9.083333333333334
47.93333333333333,183,AV,1,2,5,1,3,0,0,75,3352.9358316496982,0.2,-9.586666666666666
17.116666666666667,77,AV,1,4,5,2,1,0,0,31,4617.971391102537,0.7,-11.981666666666666
42.35,83,AV,1,2,5,1,11,0,0,63,3169.820795106812,0.1,-4.235
36.56666666666667,295,AV,2,1,3,8,8,0,0,57,2563.744074524839,0.1,-3.656666666666667
28.733333333333334,190,AV,1,2,5,1,9,0,0,48,3863.855435177377,0.2,-5.746666666666667
27.783333333333335,269,AV,2,1,0,2,7,0,0,36,1538.317647081207,0.1,-2.7783333333333338
26.95,235,AV,1,2,5,1,9,0,0,45,913.5589076746268,0.2,-5.390000000000001
15.133333333333333,166,AV,1,2,5,1,5,0,0,25,850.3216016091212,0.2,-3.026666666666667
12.983333333333333,114,AV,1,1,5,2,3,0,0,23,5487.970610754926,0.2,-2.5966666666666667
18.216666666666665,274,AV,1,2,5,1,4,0,0,34,588.8906571209208,0.9,-16.395
21.633333333333333,24,AV,1,2,5,1,1,0,0,39,1447.5744631551047,0.5,-10.816666666666666
33.3,13,AV,1,3,8,0,12,0,0,52,2271.53748778668,0.2,-6.66
23.5,205,AV,1,2,5,1,13,0,0,43,3958.913906791885,0.1,-2.35
32.9,60,AV,1,4,6,0,0,0,0,53,3230.862018062417,0.8,-26.32
30.916666666666668,124,AV,0,6,4,7,5,0,0,57,5480.041794665195,0.4,-12.366666666666667
26.866666666666667,290,AV,1,2,5,1,5,0,0,46,4549.115907877681,0.1,-2.686666666666667
25.666666666666668,163,AV,0,8,8,8,0,0,0,51,2193.4249838744518,0.9,-23.1
21.966666666666665,226,AV,1,2,5,1,7,0,0,40,2722.266725979925,0.4,-8.786666666666667
16.133333333333333,201,AV,1,0,7,2,3,0,0,28,3456.1529418207683,0.3,-4.84
46.31666666666667,117,AV,1,2,5,1,10,0,0,72,802.5586880039084,0.3,-13.895000000000001
49.15,221,AV,1,2,5,1,14,0,0,80,2352.9451803313505,0.2,-9.83
36.56666666666667,141,AV,1,2,5,1,2,0,0,56,4113.319853961603,0.3,-10.97
23.683333333333334,242,AV,1,2,5,1,1,0,0,40,742.4887258523852,0.2,-4.736666666666667
27.0,71,AV,1,2,5,1,0,0,0,46,4164.701887555128,0.1,-2.7
39.06666666666667,19,AV,1,2,5,1,2,0,0,60,2520.757475212996,0.2,-7.813333333333334
