travel_time,id,kind,action,bid_route_0,bid_route_1,bid_route_2,karma_balance,origin,destination,start_time,income,urgency,reward
18.833333333333332,242,AV,1,0,5,6,10,0,0,47,3131.512437779759,0.8,-0.9883333333333334
28.983333333333334,296,AV,2,0,2,1,5,0,0,59,6130.868263041086,0.3,-0.5898333333333333
31.15,162,AV,1,2,6,7,8,0,0,66,2043.1688306873104,0.9,-1.2115
36.78333333333333,90,AV,2,2,2,2,25,0,0,86,975.0940381265832,0.5,-0.8678333333333332
20.333333333333332,234,AV,0,8,4,8,5,0,0,56,892.1845339920479,0.4,-0.6033333333333333
22.816666666666666,12,AV,1,0,5,6,1,0,0,53,2580.565825479665,0.4,-0.6281666666666667
9.933333333333334,6,AV,1,2,4,5,10,0,0,25,3523.1638559153366,0.2,-0.29933333333333334
20.833333333333332,121,AV,2,0,0,1,7,0,0,44,1573.7150367511856,0.9,-1.1083333333333334
23.266666666666666,67,AV,1,2,4,2,9,0,0,55,2137.1188228190404,0.1,-0.33266666666666667
16.85,141,AV,2,2,2,9,5,0,0,37,2891.134206742707,0.1,-0.2685
9.65,218,AV,1,2,4,8,5,0,0,22,5702.891177591027,0.2,-0.2965
20.65,128,AV,2,2,3,2,9,0,0,46,753.5670156580491,0.3,-0.5065
29.05,84,AV,1,0,9,9,0,0,0,63,2255.9253983027734,0.1,-0.39049999999999996
31.916666666666668,298,AV,1,2,4,2,3,0,0,68,4381.240268036911,0.3,-0.6191666666666666
35.5,139,AV,2,2,1,2,5,0,0,80,904.859336063587,0.5,-0.855
14.966666666666667,285,AV,1,3,5,4,0,0,0,40,2927.9701715656583,0.2,-0.3496666666666667
25.716666666666665,38,AV,1,1,8,1,14,0,0,58,13079.31179296209,0.2,-0.45716666666666667
22.783333333333335,100,AV,2,0,0,1,7,0,0,52,4889.272753955773,0.7,-0.9278333333333333
14.266666666666667,69,AV,1,2,5,2,9,0,0,39,3608.770587345788,0.5,-0.6426666666666667
13.45,226,AV,1,2,4,6,3,0,0,35,3758.845856207275,0.1,-0.2345
24.7,78,AV,2,2,0,4,4,0,0,54,9667.367812467324,0.9,-1.147
33.45,56,AV,2,2,2,8,8,0,0,67,5427.330032863625,0.1,-0.4345
34.733333333333334,17,AV,1,1,4,5,2,0,0,77,2347.541384251396,0.1,-0.44733333333333336
32.61666666666667,208,AV,1,3,4,2,7,0,0,68,9280.176126726552,0.3,-0.6261666666666666
13.083333333333334,178,AV,1,2,6,5,5,0,0,33,2239.257430619588,0.1,-0.23083333333333333
10.05,135,AV,0,5,6,1,1,0,0,31,4925.450001742355,0.1,-0.2005
19.683333333333334,11,AV,2,0,0,6,0,0,0,41,2964.6777926145683,0.2,-0.39683333333333337
30.533333333333335,7,AV,1,2,6,1,11,0,0,66,8139.327108000771,0.1,-0.4053333333333333
35.9,260,AV,1,1,5,8,3,0,0,93,5611.673516276995,0.3,-0.659
9.583333333333334,290,AV,1,2,4,5,5,0,0,23,1963.0347272178835,0.3,-0.3958333333333333
19.433333333333334,32,AV,1,2,6,2,0,0,0,48,4617.971391102537,0.9,-1.0943333333333334
17.6,25,AV,2,2,1,2,6,0,0,39,2436.431929205765,0.1,-0.276
33.5,248,AV,1,0,9,9,5,0,0,70,1830.3424648913517,0.1,-0.43500000000000005
13.5,289,AV,0,7,4,8,1,0,0,43,1434.2863071033526,0.1,-0.23500000000000001
28.283333333333335,264,AV,2,2,0,2,7,0,0,61,13430.196447392702,0.1,-0.38283333333333336
27.35,75,AV,1,0,4,3,1,0,0,61,2991.769966736588,0.6,-0.8734999999999999
16.483333333333334,281,AV,2,2,0,8,13,0,0,38,1661.9571573900298,0.3,-0.4648333333333333
25.716666666666665,203,AV,1,2,5,2,6,0,0,57,20239.22920549412,0.1,-0.35716666666666663
15.2,164,AV,0,7,5,8,3,0,0,45,3520.054626539052,0.4,-0.552
15.433333333333334,175,AV,2,3,2,2,6,0,0,32,4754.245589533712,0.4,-0.5543333333333333
10.316666666666666,157,AV,1,2,4,9,7,0,0,26,7958.958807233507,0.5,-0.6031666666666666
32.11666666666667,47,AV,2,2,0,2,9,0,0,66,1848.7234685638712,0.3,-0.6211666666666666
20.516666666666666,46,AV,0,7,4,2,0,0,0,55,636.6552097563458,0.3,-0.5051666666666667
33.666666666666664,24,AV,1,3,6,2,5,0,0,74,586.8516376274475,0.6,-0.9366666666666666
25.133333333333333,154,AV,1,0,4,1,1,0,0,57,861.805442805673,0.1,-0.3513333333333334
29.7,183,AV,2,2,3,1,5,0,0,64,1799.695682844959,0.1,-0.397
15.45,27,AV,2,2,0,5,7,0,0,36,3230.862018062417,0.3,-0.4545
33.916666666666664,227,AV,1,0,4,8,22,0,0,75,1011.0784796502788,0.5,-0.8391666666666666
24.4,297,AV,1,2,4,1,8,0,0,56,2486.38103050259,0.2,-0.444
31.033333333333335,194,AV,2,1,3,3,7,0,0,66,1205.4292211271013,0.3,-0.6103333333333334
22.75,76,AV,2,1,1,4,2,0,0,48,1447.5744631551047,0.2,-0.4275
12.283333333333333,21,AV,2,0,2,8,2,0,0,23,5985.732437913218,0.4,-0.5228333333333334
14.316666666666666,171,AV,1,2,8,5,0,0,0,38,2034.664800296876,0.4,-0.5431666666666667
32.5,286,AV,2,0,2,6,4,0,0,66,8326.33528790118,0.2,-0.525
22.5,13,AV,1,2,5,1,0,0,0,53,5009.92015912814,0.1,-0.325
12.7,284,AV,2,2,0,6,1,0,0,23,3531.3895067900216,0.1,-0.227
36.56666666666667,91,AV,2,2,1,1,8,0,0,84,3458.1247672483346,0.4,-0.7656666666666667
10.75,279,AV,1,0,6,2,8,0,0,26,4843.3187157075145,0.4,-0.5075000000000001
30.166666666666668,23,AV,2,2,1,3,5,0,0,61,632.5893922142865,1.0,-1.3016666666666667
6.433333333333334,222,AV,0,4,4,1,4,0,0,26,1822.2981036688468,0.9,-0.9643333333333334
11.8,223,AV,1,2,4,9,6,0,0,29,1659.6531244520008,0.3,-0.418
9.983333333333333,1,AV,0,7,2,2,0,0,0,34,1546.5147326922538,0.1,-0.19983333333333334
28.1,87,AV,1,1,6,6,0,0,0,63,600.3305173079323,0.1,-0.381
19.833333333333332,145,AV,1,2,4,2,2,0,0,49,1782.711710770346,0.3,-0.4983333333333333
31.816666666666666,249,AV,2,2,2,1,10,0,0,66,3197.7177395395383,0.1,-0.4181666666666667
13.433333333333334,64,AV,1,2,6,4,1,0,0,36,4934.883137056144,0.3,-0.43433333333333335
19.466666666666665,282,AV,1,2,4,2,3,0,0,48,3534.445695738256,0.1,-0.29466666666666663
31.966666666666665,81,AV,1,2,6,8,4,0,0,68,3628.2404526711953,0.3,-0.6196666666666666
13.4,273,AV,0,9,6,2,5,0,0,45,1836.592480640456,0.2,-0.334
24.983333333333334,159,AV,2,0,0,8,4,0,0,53,2241.037238818388,0.3,-0.5498333333333334
15.333333333333334,206,AV,2,2,3,2,8,0,0,35,6778.2755320215965,0.3,-0.45333333333333337
17.566666666666666,278,AV,2,0,2,8,4,0,0,38,658.4091024775607,0.2,-0.3756666666666667
29.2,96,AV,2,2,2,2,13,0,0,59,736.5379020629116,0.4,-0.692
34.65,213,AV,2,1,2,2,13,0,0,77,3236.647802754315,0.2,-0.5465
29.866666666666667,245,AV,1,2,9,4,4,0,0,65,10721.15711953896,0.6,-0.8986666666666667
17.0,60,AV,0,7,0,5,0,0,0,50,2818.3733061874163,0.5,-0.67
27.416666666666668,122,AV,1,2,7,8,3,0,0,62,2250.3510049999354,1.0,-1.2741666666666667
34.88333333333333,193,AV,2,2,0,5,6,0,0,81,4818.617258984985,0.1,-0.4488333333333333
34.1,36,AV,1,1,7,1,0,0,0,75,5912.288420941998,1.0,-1.341
20.933333333333334,270,AV,2,2,1,2,6,0,0,46,8134.997760071039,0.6,-0.8093333333333333
18.6,133,AV,0,8,2,9,2,0,0,53,8480.737499651503,0.2,-0.386
13.6,176,AV,1,2,8,1,1,0,0,36,2478.182963693478,0.8,-0.936
8.466666666666667,52,AV,0,8,4,4,4,0,0,28,1129.1321270070612,0.5,-0.5846666666666667
35.13333333333333,88,AV,1,1,4,2,3,0,0,84,4446.537177105173,0.1,-0.45133333333333336
11.183333333333334,83,AV,1,2,4,7,5,0,0,27,2198.5025098873134,0.5,-0.6118333333333333
14.466666666666667,225,AV,1,2,4,2,2,0,0,39,2158.6935677652164,0.4,-0.5446666666666666
30.0,65,AV,1,0,4,6,3,0,0,65,4034.238052294327,0.1,-0.4
30.333333333333332,101,AV,1,3,4,8,4,0,0,66,2946.490055333797,0.8,-1.1033333333333335
18.033333333333335,129,AV,2,0,0,1,6,0,0,40,985.8695826897422,0.7,-0.8803333333333333
27.533333333333335,148,AV,2,2,2,6,1,0,0,56,3958.913906791885,0.2,-0.4753333333333334
22.966666666666665,103,AV,1,2,4,8,16,0,0,53,1111.987968807459,0.1,-0.32966666666666666
32.43333333333333,215,AV,1,2,5,7,2,0,0,69,2046.5713793034688,0.4,-0.7243333333333333
20.533333333333335,257,AV,1,0,4,0,8,0,0,50,1017.530975349866,0.2,-0.4053333333333333
17.05,263,AV,1,2,4,5,3,0,0,44,5721.231751015957,0.3,-0.47050000000000003
16.1,268,AV,1,3,6,8,9,0,0,42,3849.958431883558,0.3,-0.46099999999999997
21.366666666666667,190,AV,1,1,9,1,0,0,0,50,5825.994272151124,0.1,-0.31366666666666665
12.733333333333333,40,AV,2,0,2,2,7,0,0,23,497.26542980048754,0.2,-0.32733333333333337
16.866666666666667,288,AV,1,2,9,8,0,0,0,43,2294.767722006211,0.1,-0.26866666666666666
27.0,151,AV,1,3,5,3,0,0,0,60,4266.216809230351,0.5,-0.77
22.4,185,AV,1,3,5,1,1,0,0,50,3024.224513765153,0.2,-0.424
17.566666666666666,192,AV,2,2,2,5,11,0,0,38,2761.3662775036096,0.6,-0.7756666666666666
30.666666666666668,254,AV,1,2,5,3,6,0,0,66,2421.832203454489,0.1,-0.40666666666666673
26.666666666666668,118,AV,1,0,9,8,8,0,0,58,2113.1349678504243,0.1,-0.3666666666666667
28.4,109,AV,2,0,0,4,1,0,0,57,8348.421721831439,0.2,-0.484
8.0,29,AV,1,2,5,5,2,0,0,12,12051.378145129962,0.1,-0.18
25.1,142,AV,1,2,4,3,1,0,0,56,473.5024380788758,0.5,-0.751
19.3,106,AV,2,2,1,8,0,0,0,42,2996.640782499388,0.5,-0.6930000000000001
8.066666666666666,41,AV,1,2,4,4,4,0,0,22,2382.718205806423,0.1,-0.18066666666666667
25.383333333333333,173,AV,2,2,0,6,0,0,0,55,926.7012599248138,0.1,-0.35383333333333333
17.466666666666665,247,AV,2,1,2,1,5,0,0,38,5004.1281918097375,0.3,-0.4746666666666666
11.85,174,AV,1,2,4,6,11,0,0,29,913.5589076746268,0.3,-0.4185
13.8,73,AV,2,2,2,2,6,0,0,28,1485.5718097438446,0.3,-0.438
35.0,86,AV,1,2,4,3,1,0,0,76,3987.5502105766736,0.1,-0.44999999999999996
17.35,165,AV,0,5,5,1,0,0,0,49,2318.1098695731453,0.4,-0.5735
25.933333333333334,232,AV,1,2,4,2,2,0,0,58,1446.9812594843625,0.1,-0.3593333333333334
35.0,66,AV,2,2,0,2,15,0,0,77,2987.078671303881,0.1,-0.44999999999999996
28.2,93,AV,2,0,3,2,7,0,0,56,1614.9573615816892,0.5,-0.782
31.633333333333333,54,AV,1,2,6,6,0,0,0,67,2496.2043409386315,0.5,-0.8163333333333334
12.716666666666667,269,AV,1,0,5,5,2,0,0,32,2352.9451803313505,0.1,-0.22716666666666668
8.8,123,AV,1,2,7,2,5,0,0,21,4113.319853961603,0.2,-0.28800000000000003
15.583333333333334,144,AV,2,3,2,8,2,0,0,33,5590.116807812239,0.3,-0.4558333333333333
24.7,184,AV,1,2,4,4,2,0,0,56,11940.25564443948,0.2,-0.447
18.1,134,AV,2,2,3,4,4,0,0,38,2968.817229463249,0.1,-0.281
23.783333333333335,216,AV,1,2,6,1,0,0,0,54,969.457736312404,0.2,-0.43783333333333335
15.166666666666666,8,AV,1,2,4,4,7,0,0,40,1900.764377468582,0.1,-0.2516666666666667
12.7,202,AV,2,0,2,4,7,0,0,20,5307.329693361759,0.1,-0.227
12.716666666666667,179,AV,1,2,6,1,0,0,0,33,743.7553910389753,0.3,-0.4271666666666667
35.93333333333333,105,AV,2,1,1,8,3,0,0,75,1684.196745492046,0.4,-0.7593333333333333
17.633333333333333,120,AV,1,0,5,5,0,0,0,45,1567.0706205360798,0.2,-0.37633333333333335
28.883333333333333,5,AV,1,1,5,2,1,0,0,63,6197.036257351283,0.2,-0.48883333333333334
11.883333333333333,209,AV,0,8,4,1,3,0,0,35,2753.3979495063454,0.5,-0.6188333333333333
11.383333333333333,233,AV,1,2,4,9,13,0,0,27,2793.3389947689566,0.1,-0.21383333333333332
7.983333333333333,280,AV,1,2,4,2,1,0,0,17,2446.4664131825853,0.2,-0.2798333333333334
16.516666666666666,246,AV,1,2,9,2,3,0,0,41,1572.8756307612184,0.4,-0.5651666666666667
8.266666666666667,274,AV,1,0,8,1,0,0,0,18,1293.252850487379,0.1,-0.1826666666666667
26.35,4,AV,1,1,6,8,3,0,0,58,679.8949342204361,0.2,-0.4635
35.5,9,AV,1,2,4,8,9,0,0,84,2667.9339807116767,0.4,-0.755
20.866666666666667,211,AV,1,1,9,8,2,0,0,50,2417.357356239525,0.1,-0.30866666666666664
12.05,196,AV,1,3,4,9,9,0,0,29,4281.8327360815,0.5,-0.6205
11.533333333333333,35,AV,1,2,4,1,4,0,0,28,912.6272274022258,0.4,-0.5153333333333333
33.4,235,AV,2,3,0,9,1,0,0,73,2337.3116255789537,0.2,-0.534
18.6,117,AV,0,7,5,6,7,0,0,52,3251.3322332141274,0.2,-0.386
10.8,0,AV,1,1,5,1,10,0,0,26,5051.78348307234,0.1,-0.20800000000000002
20.783333333333335,89,AV,2,2,1,2,5,0,0,44,3132.463358685509,0.6,-0.8078333333333333
28.55,33,AV,2,3,3,4,2,0,0,57,763.1985099142711,0.1,-0.38550000000000006
19.266666666666666,72,AV,1,2,4,1,1,0,0,47,7099.697064525982,0.2,-0.39266666666666666
12.95,224,AV,1,2,6,1,0,0,0,32,591.6693204447811,0.1,-0.2295
16.233333333333334,236,AV,2,2,0,8,13,0,0,33,4237.057085974603,0.1,-0.2623333333333333
31.266666666666666,110,AV,1,2,5,9,8,0,0,67,13351.937436366714,0.3,-0.6126666666666667
15.45,59,AV,1,0,6,2,7,0,0,40,3017.17067826153,0.3,-0.4545
22.166666666666668,267,AV,2,2,2,2,8,0,0,49,4021.28082322038,0.2,-0.4216666666666667
19.9,187,AV,2,3,2,4,4,0,0,42,4200.245935785981,0.1,-0.299
26.916666666666668,16,AV,1,0,4,1,6,0,0,58,5578.433439706214,0.1,-0.36916666666666664
13.916666666666666,250,AV,1,0,4,1,2,0,0,37,2283.7291705859197,0.1,-0.23916666666666667
12.8,108,AV,2,3,2,5,0,0,0,9,2177.5877894542577,1.0,-1.1280000000000001
22.4,119,AV,2,1,3,2,10,0,0,49,5341.061461458292,0.4,-0.624
23.9,34,AV,1,2,9,9,8,0,0,55,7177.938863287724,0.1,-0.33899999999999997
26.9,191,AV,1,3,4,5,2,0,0,60,2953.464044858564,0.1,-0.369
20.7,124,AV,2,0,0,1,5,0,0,45,6947.27484286379,0.5,-0.707
33.65,230,AV,1,2,4,2,7,0,0,73,2010.868248891871,0.4,-0.7364999999999999
35.483333333333334,112,AV,1,2,9,8,5,0,0,85,898.3728471886773,0.2,-0.5548333333333333
14.666666666666666,39,AV,1,2,4,2,4,0,0,39,4864.205776554158,0.2,-0.3466666666666667
22.35,43,AV,1,3,6,9,3,0,0,52,3667.3634505223554,0.1,-0.3235
29.833333333333332,132,AV,2,3,3,5,0,0,0,60,1391.0507319816634,0.2,-0.49833333333333335
30.616666666666667,240,AV,1,2,9,1,0,0,0,64,2857.6088215719105,0.5,-0.8061666666666667
18.25,80,AV,2,1,3,2,11,0,0,38,1723.69240549938,0.3,-0.4825
17.9,79,AV,2,2,2,2,5,0,0,39,4569.840806868062,0.4,-0.579
21.2,137,AV,1,3,4,4,2,0,0,50,2215.952556227922,0.4,-0.612
29.283333333333335,253,AV,1,3,4,2,19,0,0,63,2538.843693606908,0.2,-0.49283333333333335
29.666666666666668,126,AV,2,3,2,2,7,0,0,62,3245.380745418587,0.1,-0.3966666666666667
36.63333333333333,167,AV,1,2,6,1,11,0,0,89,3778.090807703549,0.3,-0.6663333333333333
33.21666666666667,150,AV,1,2,4,1,5,0,0,70,4227.85786318916,0.6,-0.9321666666666666
32.96666666666667,265,AV,1,3,9,1,1,0,0,69,2218.0502812558643,0.1,-0.42966666666666664
29.033333333333335,158,AV,2,2,1,9,6,0,0,62,1338.7213376931895,0.2,-0.49033333333333334
29.516666666666666,48,AV,1,0,4,1,3,0,0,65,2815.231094880572,0.1,-0.39516666666666667
16.666666666666668,28,AV,1,2,6,8,7,0,0,42,742.4887258523852,0.1,-0.2666666666666667
24.25,14,AV,1,2,6,0,0,0,0,55,548.7192496267361,0.2,-0.4425
32.61666666666667,131,AV,1,2,6,8,6,0,0,69,8981.750106371177,0.6,-0.9261666666666666
13.633333333333333,299,AV,1,3,4,8,11,0,0,37,699.2977112166509,0.6,-0.7363333333333333
25.616666666666667,2,AV,1,2,4,3,2,0,0,56,863.3540159882258,0.5,-0.7561666666666667
24.916666666666668,283,AV,2,2,2,4,5,0,0,53,1597.8734280578535,0.2,-0.4491666666666667
22.866666666666667,19,AV,2,2,3,4,3,0,0,47,1797.659883656486,0.6,-0.8286666666666667
16.333333333333332,95,AV,2,2,0,9,2,0,0,32,1122.7546975855585,0.4,-0.5633333333333334
35.166666666666664,293,AV,2,3,2,4,1,0,0,69,871.0408974081768,0.3,-0.6516666666666666
14.75,107,AV,1,2,4,2,2,0,0,39,2222.040577514192,1.0,-1.1475
17.016666666666666,287,AV,0,6,2,2,1,0,0,50,4950.268578812107,0.2,-0.37016666666666664
34.583333333333336,186,AV,1,3,5,8,5,0,0,75,1975.501985353583,0.9,-1.2458333333333333
19.883333333333333,70,AV,1,2,8,8,4,0,0,47,844.3352662229099,0.3,-0.49883333333333335
8.3,181,AV,0,9,4,8,2,0,0,30,17693.100214811147,0.3,-0.383
36.88333333333333,45,AV,2,0,3,8,2,0,0,80,1832.3133019091129,0.9,-1.2688333333333333
19.283333333333335,42,AV,1,3,4,2,3,0,0,46,1474.807688008607,0.2,-0.39283333333333337
20.45,182,AV,2,3,0,6,0,0,0,44,13460.811009378149,0.2,-0.40449999999999997
26.65,138,AV,1,2,7,8,3,0,0,58,1996.532829496936,0.1,-0.36649999999999994
17.633333333333333,58,AV,1,0,9,8,6,0,0,45,4135.471393234625,0.3,-0.47633333333333333
15.4,166,AV,2,2,1,1,10,0,0,29,2850.5966631146844,0.1,-0.254
18.466666666666665,207,AV,1,2,5,8,6,0,0,45,10708.821866752483,0.9,-1.0846666666666667
29.583333333333332,205,AV,2,3,0,8,0,0,0,62,567.9518330451218,0.2,-0.49583333333333335
26.25,149,AV,2,0,3,4,1,0,0,53,1167.011530479414,0.1,-0.36250000000000004
11.666666666666666,199,AV,2,0,3,1,5,0,0,15,3558.5090095449787,0.1,-0.21666666666666667
35.85,204,AV,1,1,6,4,0,0,0,84,4747.153558918807,0.1,-0.4585
10.083333333333334,20,AV,1,2,9,9,2,0,0,24,3398.605365942332,0.1,-0.20083333333333336
14.416666666666666,57,AV,2,2,2,2,18,0,0,26,588.8906571209208,0.1,-0.24416666666666667
21.6,200,AV,2,2,2,1,6,0,0,49,1526.0895405694364,0.2,-0.41600000000000004
25.2,272,AV,2,2,2,2,5,0,0,50,4416.224882412617,0.2,-0.452
35.28333333333333,161,AV,2,3,2,4,4,0,0,71,3583.4963710051925,0.5,-0.8528333333333333
25.1,241,AV,1,0,4,1,13,0,0,56,8331.964781214912,0.1,-0.351
25.683333333333334,99,AV,1,2,4,6,7,0,0,57,1942.5668635563816,0.5,-0.7568333333333334
35.0,85,AV,1,2,4,1,8,0,0,79,1386.7650627050614,0.2,-0.55
22.9,217,AV,2,0,2,2,10,0,0,48,1117.0806745336297,0.2,-0.429
26.416666666666668,198,AV,2,3,1,2,5,0,0,55,1068.5648373754009,0.2,-0.46416666666666667
5.216666666666667,221,AV,0,9,4,2,15,0,0,0,1150.2916000513435,0.1,-0.15216666666666667
9.85,256,AV,1,0,5,2,1,0,0,24,424.9057127261393,0.1,-0.1985
17.6,220,AV,1,2,6,3,0,0,0,43,835.7777612710734,0.4,-0.5760000000000001
12.283333333333333,49,AV,1,2,6,8,11,0,0,32,793.0252767736928,0.1,-0.22283333333333333
35.03333333333333,113,AV,1,2,9,1,0,0,0,75,4968.170350229253,0.4,-0.7503333333333333
8.4,71,AV,1,2,4,6,3,0,0,22,2472.005569054355,0.1,-0.184
35.85,231,AV,1,2,6,3,1,0,0,85,3414.9419898187493,0.1,-0.4585
22.7,212,AV,1,3,4,1,4,0,0,52,2052.607856914241,0.3,-0.5269999999999999
20.416666666666668,261,AV,1,3,7,3,0,0,0,49,4639.089550420253,0.4,-0.6041666666666667
17.733333333333334,116,AV,2,2,2,8,0,0,0,35,10450.70686878338,0.2,-0.37733333333333335
35.083333333333336,102,AV,1,2,4,2,9,0,0,82,954.0002559944874,0.8,-1.1508333333333334
18.666666666666668,170,AV,1,0,9,8,2,0,0,44,7658.5640246764915,0.5,-0.6866666666666666
10.383333333333333,68,AV,1,1,5,2,5,0,0,24,806.3598325453933,0.5,-0.6038333333333333
18.783333333333335,259,AV,2,2,0,2,10,0,0,37,1836.3970218708375,0.4,-0.5878333333333334
12.383333333333333,97,AV,1,2,5,9,7,0,0,30,783.6834518391023,0.6,-0.7238333333333333
16.866666666666667,168,AV,1,3,7,5,0,0,0,42,870.7377108213431,0.1,-0.26866666666666666
24.366666666666667,271,AV,1,3,4,2,24,0,0,55,3773.073658575576,0.2,-0.44366666666666665
28.033333333333335,53,AV,1,2,6,8,10,0,0,62,5568.958209200236,0.5,-0.7803333333333333
16.9,258,AV,1,2,4,6,13,0,0,43,2619.168197182975,0.7,-0.869
23.916666666666668,262,AV,1,1,4,1,1,0,0,54,19040.472291926453,0.8,-1.0391666666666668
31.6,244,AV,2,2,2,8,4,0,0,66,1251.6500609663929,0.2,-0.516
33.5,136,AV,1,2,4,2,1,0,0,70,9667.56212442905,0.1,-0.43500000000000005
23.95,210,AV,1,0,6,9,14,0,0,55,2744.255474143275,0.3,-0.5395
18.8,295,AV,1,0,4,5,2,0,0,46,3366.895459871004,0.2,-0.388
31.683333333333334,228,AV,1,2,6,2,3,0,0,67,4689.4303597647895,0.3,-0.6168333333333333
28.733333333333334,277,AV,0,5,5,2,2,0,0,75,8029.700924090037,0.3,-0.5873333333333333
31.016666666666666,55,AV,1,2,4,9,12,0,0,66,14505.369879802229,0.1,-0.4101666666666667
15.516666666666667,147,AV,1,1,5,4,0,0,0,40,859.2772315809713,0.1,-0.25516666666666665
17.383333333333333,92,AV,1,2,4,2,6,0,0,44,1581.438059619256,0.2,-0.37383333333333335
15.65,3,AV,1,2,5,1,7,0,0,41,2276.662146114732,0.8,-0.9565
31.366666666666667,177,AV,2,3,3,6,2,0,0,63,934.0011274976006,0.1,-0.4136666666666666
38.03333333333333,239,AV,2,3,3,1,10,0,0,69,623.7253316558669,0.2,-0.5803333333333334
28.833333333333332,127,AV,1,2,4,8,9,0,0,62,5960.007005011629,0.1,-0.3883333333333333
28.3,37,AV,1,0,9,4,7,0,0,62,1581.4824060924602,0.1,-0.383
20.1,115,AV,1,2,8,1,0,0,0,49,2898.378436294527,0.2,-0.401
22.283333333333335,125,AV,1,2,6,8,2,0,0,51,5502.789496653042,0.4,-0.6228333333333333
28.9,152,AV,0,8,5,5,0,0,0,75,2476.7926805910606,0.2,-0.489
16.7,153,AV,2,2,2,2,5,0,0,36,15725.918848752755,0.1,-0.267
24.15,276,AV,2,3,2,2,15,0,0,52,4434.023444374438,0.1,-0.3415
15.733333333333333,292,AV,1,1,5,5,0,0,0,40,1083.524948441525,0.3,-0.4573333333333333
21.433333333333334,252,AV,1,2,5,6,6,0,0,51,586.3474640105957,0.1,-0.31433333333333335
13.933333333333334,31,AV,1,0,8,0,0,0,0,37,857.6590975250949,0.4,-0.5393333333333333
32.75,195,AV,2,1,0,0,6,0,0,65,1097.8259349569896,0.3,-0.6275
19.666666666666668,201,AV,2,2,0,2,6,0,0,45,4061.843573313689,0.2,-0.3966666666666667
23.0,22,AV,1,0,4,1,1,0,0,53,617.4453946714843,0.1,-0.33
27.05,18,AV,1,2,9,1,1,0,0,60,650.412147456106,0.6,-0.8705
12.816666666666666,214,AV,2,0,0,8,2,0,0,24,7130.271245067938,0.7,-0.8281666666666666
27.666666666666668,10,AV,1,2,4,2,16,0,0,62,1824.367004680513,0.1,-0.3766666666666667
28.783333333333335,143,AV,2,2,3,1,7,0,0,60,1929.5758599688188,0.1,-0.38783333333333336
13.916666666666666,130,AV,2,3,0,6,0,0,0,30,508.6019702527906,0.2,-0.33916666666666667
30.283333333333335,238,AV,1,1,4,6,4,0,0,65,3759.463069718096,0.1,-0.4028333333333334
15.3,188,AV,1,3,9,9,5,0,0,39,9884.322174397852,0.2,-0.353
29.133333333333333,255,AV,1,2,4,1,6,0,0,63,1301.8927857652438,0.1,-0.3913333333333333
11.816666666666666,82,AV,0,9,8,6,2,0,0,37,3101.095365071405,0.2,-0.3181666666666667
23.2,98,AV,1,3,6,2,3,0,0,53,457.16351791608827,0.3,-0.532
16.15,146,AV,1,2,6,2,18,0,0,40,7864.29237148983,0.4,-0.5615
28.016666666666666,30,AV,1,2,6,2,5,0,0,62,2105.6010448069283,0.2,-0.4801666666666667
10.8,140,AV,1,2,6,8,4,0,0,24,417.8295094645922,0.2,-0.30800000000000005
11.15,291,AV,1,0,5,1,2,0,0,26,5862.871835726062,0.5,-0.6115
32.46666666666667,104,AV,1,1,5,1,3,0,0,67,583.3206434887895,0.3,-0.6246666666666667
25.866666666666667,180,AV,2,2,3,2,22,0,0,55,1653.1781197118603,0.2,-0.45866666666666667
19.633333333333333,243,AV,2,1,0,8,2,0,0,40,2722.266725979925,0.4,-0.5963333333333334
20.833333333333332,44,AV,2,2,3,9,4,0,0,38,10213.823531357188,0.7,-0.9083333333333332
26.583333333333332,275,AV,2,0,0,8,6,0,0,55,1921.5023446668008,0.3,-0.5658333333333333
24.866666666666667,219,AV,1,2,4,8,22,0,0,55,1342.087988935639,0.2,-0.44866666666666666
8.933333333333334,160,AV,1,3,8,8,2,0,0,22,4164.701887555128,0.8,-0.8893333333333334
11.6,94,AV,1,3,9,1,13,0,0,28,3323.1633986738134,0.2,-0.316
34.63333333333333,15,AV,1,3,4,1,2,0,0,73,2044.1603053436156,0.1,-0.44633333333333336
32.21666666666667,62,AV,1,2,6,4,6,0,0,68,3158.0604616132755,0.2,-0.5221666666666667
26.383333333333333,111,AV,1,2,4,2,1,0,0,57,1405.7852601227096,1.0,-1.2638333333333334
14.233333333333333,155,AV,2,2,0,7,0,0,0,26,1265.4739572733297,0.9,-1.0423333333333333
28.733333333333334,63,AV,1,2,4,2,18,0,0,62,1240.6560786390864,0.5,-0.7873333333333333
8.483333333333333,189,AV,1,2,4,7,12,0,0,20,807.7368269013535,0.2,-0.2848333333333333
21.85,51,AV,0,8,4,1,10,0,0,57,1664.0464513081895,0.3,-0.5185
27.983333333333334,197,AV,2,0,0,2,5,0,0,54,4660.29795945294,0.8,-1.0798333333333334
12.316666666666666,77,AV,1,0,4,5,3,0,0,29,1244.4027248274256,0.3,-0.42316666666666664
29.333333333333332,74,AV,1,1,4,0,2,0,0,63,3362.377553451843,0.8,-1.0933333333333333
18.583333333333332,266,AV,1,2,4,2,16,0,0,45,1588.8002265047048,0.1,-0.28583333333333333
30.016666666666666,114,AV,2,2,2,3,5,0,0,64,2142.030696222753,0.1,-0.40016666666666667
13.116666666666667,172,AV,1,2,6,1,5,0,0,34,4967.653125719208,0.3,-0.4311666666666667
22.05,61,AV,1,1,4,2,9,0,0,51,627.4062491148882,0.3,-0.5205
13.183333333333334,251,AV,2,3,2,4,2,0,0,22,8975.220492497892,0.4,-0.5318333333333334
15.216666666666667,169,AV,0,6,2,3,0,0,0,46,3866.930621896856,1.0,-1.1521666666666666
21.2,26,AV,1,2,6,2,14,0,0,51,3151.1733449572957,0.1,-0.312
32.88333333333333,294,AV,1,2,9,8,2,0,0,68,1645.9523587482854,1.0,-1.3288333333333333
21.033333333333335,237,AV,1,0,9,6,10,0,0,49,1541.4014724042315,0.1,-0.31033333333333335
30.933333333333334,50,AV,1,3,7,2,4,0,0,66,8028.27043643778,0.1,-0.4093333333333333
23.7,229,AV,2,2,0,1,8,0,0,48,437.8567856598078,0.2,-0.437
9.833333333333334,156,AV,1,2,4,2,4,0,0,22,4504.939201911708,0.1,-0.19833333333333336
18.6,163,AV,1,0,4,8,11,0,0,46,3368.9508766880413,0.2,-0.386
