travel_time,id,kind,action,origin,destination,start_time,income,urgency,reward,observation,cost_table
41.06666666666667,242,AV,2,0,0,82,5144.150368411208,0.1,-5.334674456130142,"0.29105555555555557,0.22752898550724635,0.347874269005848,0.1,0.82,0.2473945197189757","0,0,0"
19.983333333333334,205,AV,1,0,0,31,3487.44186130441,0.6,-12.559198968949463,"0.33329824561403515,0.25194514767932485,0.34013698630136985,0.6,0.31,0.16771943713451876","0,0,0"
55.65,137,AV,0,0,0,59,2108.868816674547,0.2,-5.927199477168613,"0.3450648148148147,0.2605193798449612,0.3431944444444445,0.2,0.59,0.10142055552171977","0,0,0"
20.516666666666666,43,AV,1,0,0,33,946.2003450753726,0.1,-2.4902241686817272,"0.33516666666666667,0.2623760683760683,0.3694035087719298,0.1,0.33,0.04550504226418034","0,0,0"
14.816666666666666,244,AV,1,0,0,12,5307.329693361759,1.0,-21.857811857738234,"0.27131249999999996,0.25921212121212117,0.3347344632768362,1.0,0.12,0.25524220453241103","0,0,0"
45.1,102,AV,2,0,0,94,1628.9397076974285,0.4,-7.420725335066065,"0.37734195402298853,0.27052499999999996,0.354451923076923,0.4,0.94,0.07833961446998668","0,0,0"
21.016666666666666,123,AV,1,0,0,37,1927.298426803608,0.4,-6.091453394274999,"0.31486394557823133,0.25560135135135137,0.33991542288557214,0.4,0.37,0.0926884003201249","0,0,0"
17.533333333333335,157,AV,0,0,0,12,2398.572127464108,0.4,-4.247976225744515,"0.27421794871794863,0.2242628205128206,0.3272453703703704,0.4,0.12,0.11535308204230756","0,0,0"
37.86666666666667,171,AV,2,0,0,72,2750.2432356670683,0.3,-7.8895866558530034,"0.35769097222222224,0.2590128205128205,0.377483660130719,0.3,0.72,0.13226578845290615","0,0,0"
23.25,289,AV,2,0,0,19,10426.353459350525,0.3,-18.36459984317422,"0.33393750000000005,0.26158016877637125,0.36429577464788737,0.3,0.19,0.5014283257223231","0,0,0"
15.916666666666666,131,AV,1,0,0,4,2022.4315636845977,0.2,-3.625776214914807,"0.3630212121212121,0.23361032863849768,0.37781286549707593,0.2,0.04,0.09726358086938654","0,0,0"
27.083333333333332,295,AV,1,0,0,62,14312.770160915026,0.2,-21.5776527874469,"0.409047619047619,0.2771441441441442,0.37081455399061036,0.2,0.62,0.6883354191104801","0,0,0"
35.833333333333336,49,AV,2,0,0,59,975.0940381265832,1.0,-8.823451944327246,"0.30074000000000006,0.210465367965368,0.31405000000000005,1.0,0.59,0.04689460920981367","0,0,0"
28.4,231,AV,1,0,0,64,4577.590037133467,1.0,-34.829181074391535,"0.41442982456140354,0.2675488888888889,0.37362801932367157,1.0,0.64,0.22014727556589106","0,0,0"
30.15,101,AV,1,0,0,75,1597.8734280578535,0.1,-3.216562723634957,"0.3321865079365079,0.24765750915750911,0.33301461988304104,0.1,0.75,0.07684556262848466","0,0,0"
27.516666666666666,193,AV,2,0,0,26,3236.647802754315,0.1,-2.249034310752262,"0.3193620689655172,0.25492234848484846,0.36135616438356166,0.1,0.26,0.1556581498042776","0,0,0"
24.366666666666667,215,AV,0,0,0,25,3882.59008652233,0.1,-2.389034809131164,"0.29136178861788614,0.22612398373983741,0.32619590643274854,0.1,0.25,0.18672306229989","0,0,0"
21.05,66,AV,1,0,0,40,1150.2916000513435,0.2,-3.2229110192465042,"0.26996354166666664,0.23147291666666667,0.333921568627451,0.2,0.4,0.05532027984231857","0,0,0"
37.666666666666664,48,AV,1,0,0,99,969.457736312404,0.1,-2.9221273081085997,"0.32099593495934964,0.22568913857677902,0.32989166666666664,0.1,0.99,0.04662354594757456","0,0,0"
37.75,59,AV,1,0,0,95,1104.4445206976068,1.0,-12.528479963720873,"0.2657333333333333,0.21693869731800766,0.32009482758620694,1.0,0.95,0.05311538391880796","0,0,0"
42.266666666666666,127,AV,2,0,0,74,1986.5043233563797,0.8,-16.96220526610027,"0.3443760683760684,0.2346604938271605,0.3390862068965517,0.8,0.74,0.0955357537785597","0,0,0"
62.43333333333333,67,AV,0,0,0,71,1167.011530479414,0.1,-1.8399095930874934,"0.30513636363636365,0.24805734767025092,0.3558005464480874,0.1,0.71,0.0561243813676915","0,0,0"
46.8,217,AV,2,0,0,90,3919.41152379869,0.8,-37.056254406823975,"0.30552380952380953,0.23317886178861788,0.33203980099502495,0.8,0.9,0.18849389346499082","0,0,0"
57.266666666666666,146,AV,0,0,0,65,2218.7455195521825,0.1,-3.2085899011705807,"0.35861805555555554,0.2573463203463204,0.3482846153846154,0.1,0.65,0.1067047894942801","0,0,0"
60.71666666666667,128,AV,0,0,0,66,1993.780724220221,0.2,-6.113925234288102,"0.394327868852459,0.28360582010582014,0.3785472222222223,0.2,0.66,0.09588569333476842","0,0,0"
32.15,134,AV,2,0,0,38,2043.1688306873104,0.4,-6.635139182484549,"0.2955905797101449,0.22499004975124376,0.3282878787878788,0.4,0.38,0.09826088573860729","0,0,0"
41.63333333333333,82,AV,0,0,0,47,1342.087988935639,0.2,-2.821999828586891,"0.3098632478632478,0.2307052845528455,0.3358042328042328,0.2,0.47,0.06454422784415724","0,0,0"
19.183333333333334,1,AV,1,0,0,33,449.0833195935783,0.2,-2.4350967178890643,"0.32164102564102565,0.24520329670329674,0.34859722222222217,0.2,0.33,0.021597493115072083","0,0,0"
21.95,125,AV,1,0,0,45,1942.5668635563816,0.3,-5.230253231444134,"0.2742093023255814,0.233727969348659,0.33889722222222224,0.3,0.45,0.09342269603599423","0,0,0"
22.583333333333332,153,AV,2,0,0,3,2318.2944376966047,0.4,-5.288365257708585,"0.2557689393939394,0.2325137254901961,0.33719945355191255,0.4,0.03,0.11149233554738845","0,0,0"
15.533333333333333,94,AV,1,0,0,10,1527.6889462703334,1.0,-7.992449907087334,"0.3617905982905983,0.2722735042735043,0.3730570776255708,1.0,0.1,0.07347022269476662","0,0,0"
31.083333333333332,6,AV,2,0,0,44,508.6019702527906,0.1,-0.3992182973575145,"0.35434814814814813,0.25951785714285713,0.35597814207650275,0.1,0.44,0.024459887668034006","0,0,0"
29.416666666666668,72,AV,0,0,0,36,1261.43865123121,0.1,-0.9370535435282349,"0.25705555555555554,0.23714074074074076,0.32416666666666666,0.1,0.36,0.060665607909257666","0,0,0"
19.75,232,AV,1,0,0,31,4645.51881630073,0.1,-4.316893854089379,"0.3573062015503876,0.26181875,0.35332552083333335,0.1,0.31,0.22341413335457028","0,0,0"
22.716666666666665,245,AV,0,0,0,20,5354.15698790508,0.1,-3.0714292822031246,"0.32820155038759685,0.23485087719298245,0.3448878205128205,0.1,0.2,0.2574942413535784","0,0,0"
51.9,203,AV,0,0,0,58,3456.1529418207683,0.2,-9.05930998386353,"0.30952688172043014,0.24245021645021653,0.3359202898550725,0.2,0.58,0.1662146780093356","0,0,0"
31.166666666666668,252,AV,1,0,0,75,5825.994272151124,0.9,-43.26745942773714,"0.34226344086021504,0.23084337349397585,0.32817486338797813,0.9,0.75,0.28018602716107777","0,0,0"
34.733333333333334,70,AV,1,0,0,95,1249.5878531833848,0.1,-3.0960189756036085,"0.2902878787878789,0.23223555555555553,0.31607435897435904,0.1,0.95,0.06009567462944302","0,0,0"
46.0,188,AV,2,0,0,81,3101.095365071405,0.2,-7.204564989559831,"0.3205380952380952,0.2426378600823045,0.3477526041666666,0.2,0.81,0.14913910821030935","0,0,0"
31.4,267,AV,0,0,0,36,6995.337061486569,0.4,-22.18723067986649,"0.29725151515151516,0.2280426829268293,0.324062893081761,0.4,0.36,0.3364225243542649","0,0,0"
13.85,266,AV,0,0,0,9,6947.27484286379,0.9,-21.86812649401443,"0.3146324786324786,0.2239855072463768,0.31341008771929824,0.9,0.09,0.3341110970744898","0,0,0"
74.48333333333333,163,AV,0,0,0,93,2538.843693606908,0.2,-9.550582884452249,"0.25760833333333333,0.2165877192982456,0.3179603174603174,0.2,0.93,0.12209907783380393","0,0,0"
44.416666666666664,42,AV,2,0,0,81,932.1411738504048,0.9,-9.409682682997456,"0.37950877192982463,0.25818352059925087,0.3671005291005291,0.9,0.81,0.04482890302567631","0,0,0"
19.433333333333334,186,AV,1,0,0,30,3048.604611013583,0.1,-3.496074485034444,"0.2674242424242424,0.2270096899224806,0.33939671361502355,0.1,0.3,0.14661470204800806","0,0,0"
16.116666666666667,34,AV,1,0,0,14,832.3173438658397,0.1,-2.3387419492922,"0.32060087719298247,0.22768023255813954,0.33605555555555555,0.1,0.14,0.0400281358033201","0,0,0"
18.966666666666665,265,AV,1,0,0,24,6918.069898529506,0.5,-18.567263351276466,"0.28541851851851846,0.2344426523297491,0.32895833333333335,0.5,0.24,0.33270656130870674","0,0,0"
31.7,281,AV,2,0,0,54,8139.327108000771,0.5,-32.57786228833642,"0.29171929824561404,0.23844444444444446,0.3260540540540541,0.5,0.54,0.39143974738464077","0,0,0"
32.31666666666667,151,AV,2,0,0,47,2294.767722006211,0.2,-3.745416340883876,"0.25410714285714286,0.2514166666666666,0.33951785714285704,0.2,0.47,0.11036087940556741","0,0,0"
7.116666666666666,209,AV,0,0,0,3,3630.005597296026,0.4,-2.609448468089904,"0.347,0.23088359788359789,0.32277464788732396,0.4,0.03,0.17457566886747292","0,0,0"
32.166666666666664,30,AV,2,0,0,54,814.1496548969513,1.0,-6.613252668144427,"0.4156367521367521,0.27129166666666665,0.37096618357487915,1.0,0.54,0.039154408100012306","0,0,0"
33.083333333333336,81,AV,2,0,0,55,1338.7213376931895,0.3,-3.355254867829522,"0.3305204081632654,0.24822380952380954,0.3517300469483569,0.3,0.55,0.06438231751737097","0,0,0"
44.3,65,AV,2,0,0,87,1148.9174546898266,1.0,-12.852788697666494,"0.3870757575757575,0.22727705627705633,0.3422270531400965,1.0,0.87,0.05525419389859809","0,0,0"
27.0,90,AV,1,0,0,61,1467.6871321740252,0.2,-4.001391543873671,"0.38034883720930224,0.24608333333333338,0.3650642570281125,0.2,0.61,0.07058459165416232","0,0,0"
21.566666666666666,277,AV,1,0,0,45,7912.643587116454,0.2,-10.618653873509,"0.30193181818181813,0.24810606060606058,0.3334685990338165,0.2,0.45,0.38053799359420826","0,0,0"
18.283333333333335,118,AV,1,0,0,29,1830.3424648913517,0.7,-7.915488126220829,"0.3706068376068376,0.25949431818181823,0.34006034482758624,0.7,0.29,0.08802555574651609","0,0,0"
30.383333333333333,201,AV,1,0,0,76,3393.6426315430986,0.1,-4.6037923052622345,"0.33541,0.23294573643410849,0.33022222222222225,0.1,0.76,0.1632084073754924","0,0,0"
28.316666666666666,89,AV,1,0,0,70,1457.5875839824732,0.2,-4.084546553187056,"0.32567479674796745,0.2631329365079365,0.36119743589743597,0.2,0.7,0.07009888017699192","0,0,0"
31.483333333333334,162,AV,0,0,0,34,2530.9644311939346,0.1,-2.012201940456794,"0.30996153846153846,0.23904395604395604,0.33416374269005844,0.1,0.34,0.12172014522087579","0,0,0"
38.86666666666667,185,AV,2,0,0,73,3046.5766145774583,0.1,-2.9901585291223207,"0.4097843137254902,0.2759144144144144,0.3786750000000001,0.1,0.73,0.14651717083908622","0,0,0"
42.25,228,AV,2,0,0,94,4559.760277629775,0.1,-4.864895750753989,"0.3989414414414415,0.2613092369477912,0.36773809523809525,0.1,0.94,0.21928979970044837","0,0,0"
15.8,275,AV,1,0,0,13,7658.5640246764915,0.3,-11.167069059840044,"0.4172916666666666,0.2727562724014337,0.37586885245901636,0.3,0.13,0.3683186985078447","0,0,0"
77.98333333333333,256,AV,0,0,0,100,6007.794801579103,0.4,-47.32402672826367,"0.3178873873873873,0.23018181818181824,0.3221792929292929,0.4,1.0,0.2889292503255245","0,0,0"
35.25,111,AV,1,0,0,94,1783.933402668827,0.1,-3.587971021315054,"0.3219119496855346,0.23440697674418604,0.3282222222222223,0.1,0.94,0.0857936327199939","0,0,0"
45.35,95,AV,2,0,0,83,1530.6528609905624,0.2,-3.5058134972687878,"0.30997008547008553,0.2488421052631579,0.3489256410256411,0.2,0.83,0.07361276445699849","0,0,0"
33.31666666666667,258,AV,1,0,0,81,6081.635477498837,0.2,-12.233324343030452,"0.34332936507936507,0.23810037878787876,0.35363333333333336,0.2,0.81,0.29248042539751784","0,0,0"
27.95,191,AV,1,0,0,65,3159.4556453821087,0.4,-10.91987730186161,"0.35984234234234236,0.23970562770562773,0.3368282828282829,0.4,0.65,0.15194579395705407","0,0,0"
67.65,16,AV,0,0,0,75,626.2908344343901,0.1,-1.0699135088254166,"0.37174583333333333,0.24999382716049381,0.3588764367816093,0.1,0.75,0.03011982720037529","0,0,0"
46.78333333333333,97,AV,0,0,0,52,1541.4014724042315,0.2,-3.642015095150402,"0.30100438596491225,0.2349235294117647,0.3478457711442786,0.2,0.52,0.07412969094006937","0,0,0"
25.05,161,AV,1,0,0,53,2472.005569054355,0.7,-12.946115569032353,"0.2863674242424242,0.2495617283950617,0.3342181818181818,0.7,0.53,0.11888467223941558","0,0,0"
34.61666666666667,279,AV,0,0,0,40,8011.326014866212,0.7,-49.022167058139665,"0.29327777777777775,0.2156685606060606,0.32629100529100535,0.7,0.4,0.385283868047601","0,0,0"
32.43333333333333,5,AV,1,0,0,79,497.26542980048754,0.1,-2.407272107067234,"0.3421388888888888,0.2555288888888889,0.3710955555555555,0.1,0.79,0.023914686268460907","0,0,0"
31.55,38,AV,1,0,0,83,863.3540159882258,0.4,-4.751395879235204,"0.34906666666666664,0.2569605263157895,0.3710092592592592,0.4,0.83,0.04152076374836295","0,0,0"
33.35,87,AV,1,0,0,85,1447.5744631551047,0.7,-10.53374389958483,"0.4025813008130082,0.2439065040650407,0.35718905472636814,0.7,0.85,0.06961732519889745","0,0,0"
39.666666666666664,46,AV,2,0,0,70,961.7772661313056,0.2,-1.9267928395559824,"0.28661842105263163,0.23918371212121212,0.32846892655367227,0.2,0.7,0.04625417372950396","0,0,0"
24.466666666666665,147,AV,1,0,0,53,2241.037238818388,0.2,-4.769227833826088,"0.2243900709219859,0.22123555555555557,0.3296102941176471,0.2,0.53,0.10777685169826198","0,0,0"
18.333333333333332,216,AV,1,0,0,23,3898.759045987068,0.1,-3.804981039808828,"0.3400609756097561,0.25285162601626016,0.3617734374999999,0.1,0.23,0.18750066631117593","0,0,0"
14.4,13,AV,1,0,0,7,591.6693204447811,0.6,-3.2909148809704316,"0.33224285714285723,0.24431124497991963,0.34081313131313123,0.6,0.07,0.028454795618483852","0,0,0"
37.166666666666664,17,AV,1,0,0,99,627.4062491148882,0.4,-4.355414032872392,"0.3433083333333333,0.2448194444444444,0.3670710382513661,0.4,0.99,0.03017347016557005","0,0,0"
34.28333333333333,229,AV,2,0,0,48,4569.840806868062,0.1,-3.9562973652052196,"0.29055238095238095,0.24799358974358982,0.3402462686567164,0.1,0.48,0.21977459651057532","0,0,0"
17.366666666666667,292,AV,1,0,0,21,11515.391842589095,0.1,-7.050100294603467,"0.3557148148148148,0.2423649789029536,0.3294745762711864,0.1,0.21,0.5538027915682833","0,0,0"
48.416666666666664,62,AV,2,0,0,96,1122.7546975855585,0.6,-8.236369688096078,"0.3501339869281046,0.2288544973544974,0.3192652582159624,0.6,0.96,0.05399596420763093","0,0,0"
19.333333333333332,106,AV,0,0,0,12,1691.6338586686718,0.5,-4.129409250958879,"0.29593181818181813,0.2548740740740741,0.3516428571428572,0.5,0.12,0.08135472644337755","0,0,0"
23.65,159,AV,2,0,0,7,2411.397471856681,0.3,-4.3204204704098865,"0.27520000000000006,0.2414444444444445,0.33696666666666664,0.3,0.07,0.11596988359144483","0,0,0"
34.55,50,AV,0,0,0,39,1011.0784796502788,0.2,-1.7642808824200573,"0.29102252252252253,0.237404255319149,0.3443742138364779,0.2,0.39,0.04862518724321976","0,0,0"
18.316666666666666,51,AV,1,0,0,23,1014.5614647146556,0.1,-2.469277377828875,"0.3863377192982456,0.2618768939393939,0.3706432291666667,0.1,0.23,0.04879269234230884","0,0,0"
15.833333333333334,276,AV,1,0,0,14,7864.29237148983,0.4,-14.577571974604947,"0.3554148936170213,0.2502890070921986,0.34527210884353743,0.4,0.14,0.37821266775590623","0,0,0"
33.916666666666664,144,AV,1,0,0,86,2212.8825544422834,0.2,-5.790585857146504,"0.27395299145299146,0.2316923076923077,0.3331666666666667,0.2,0.86,0.1064228254509272","0,0,0"
26.316666666666666,213,AV,1,0,0,62,3822.7735841463273,0.6,-17.242826993351137,"0.3073253968253968,0.24054255319148937,0.3445740740740741,0.6,0.62,0.18384634334403438","0,0,0"
75.86666666666666,10,AV,0,0,0,96,541.9839687696077,0.2,-2.076692782692975,"0.308546875,0.24840804597701155,0.3518387978142076,0.2,0.96,0.026065307980208553","0,0,0"
32.1,19,AV,2,0,0,26,658.4091024775607,0.9,-4.803393679438568,"0.34749346405228754,0.23980341880341882,0.3285655737704918,0.9,0.26,0.03166447168540803","0,0,0"
31.216666666666665,167,AV,2,0,0,32,2629.980017260476,0.4,-8.292849448365104,"0.25661249999999997,0.23919259259259257,0.3293135593220339,0.4,0.32,0.12648204205617194","0,0,0"
62.416666666666664,183,AV,0,0,0,69,3017.17067826153,0.3,-14.266798219809885,"0.3265570175438597,0.2691580086580087,0.35498148148148145,0.3,0.69,0.14510296888720728","0,0,0"
15.366666666666667,224,AV,1,0,0,12,4135.471393234625,0.2,-5.209515677241014,"0.35646464646464643,0.22325000000000003,0.3447748538011697,0.2,0.12,0.198884730396563","0,0,0"
53.6,233,AV,0,0,0,59,4687.914961676448,0.5,-31.726293174982025,"0.33331018518518524,0.2413100358422939,0.3256174863387979,0.5,0.59,0.22545306559254863","0,0,0"
57.333333333333336,274,AV,0,0,0,61,7572.106998522375,0.6,-65.77789917908326,"0.3037020202020202,0.25002674897119337,0.3404611872146118,0.6,0.61,0.3641607729166582","0,0,0"
27.816666666666666,290,AV,2,0,0,11,10783.100237376317,0.1,-7.574492548897759,"0.2862375886524822,0.2246581196581197,0.3248615384615385,0.1,0.11,0.518585133259083","0,0,0"
29.083333333333332,296,AV,2,0,0,38,14505.369879802229,0.2,-21.306288249372802,"0.3362473118279571,0.24088951310861426,0.34165740740740747,0.2,0.38,0.6975980011774241","0,0,0"
48.766666666666666,236,AV,0,0,0,55,4843.3187157075145,0.1,-5.964457307306476,"0.3019958333333334,0.26240315315315316,0.3475119047619048,0.1,0.55,0.2329268045654853","0,0,0"
23.266666666666666,178,AV,1,0,0,52,2927.9701715656583,0.2,-5.440611413725302,"0.29807142857142854,0.24203731343283574,0.3425488505747126,0.2,0.52,0.14081310274172557","0,0,0"
32.93333333333333,117,AV,1,0,0,81,1824.367004680513,0.6,-11.103407073860335,"0.2821064814814815,0.2360670731707317,0.3560231481481482,0.6,0.81,0.08773818154415255","0,0,0"
41.43333333333333,53,AV,0,0,0,51,1020.5842314575186,0.1,-1.0678335014324036,"0.36791269841269847,0.24692763157894743,0.3446209150326797,0.1,0.51,0.04908234162917255","0,0,0"
37.416666666666664,31,AV,1,0,0,98,818.0604611907775,0.1,-2.772956959332195,"0.36415853658536584,0.2808641975308642,0.37553186274509803,0.1,0.98,0.03934248814734457","0,0,0"
36.733333333333334,170,AV,1,0,0,95,2744.255474143275,0.3,-9.636791748752245,"0.3781095238095238,0.2652538759689922,0.3530797101449275,0.3,0.95,0.13197782265092123","0,0,0"
26.133333333333333,20,AV,0,0,0,29,670.158540600369,0.1,-0.442259508274991,"0.3326607142857143,0.2500995370370371,0.3509672619047619,0.1,0.29,0.032229530323508795","0,0,0"
66.13333333333334,44,AV,0,0,0,75,950.4213588862824,0.1,-1.5872356700592463,"0.3159273504273505,0.2464208333333333,0.33544166666666664,0.1,0.75,0.04570804093445438","0,0,0"
42.516666666666666,142,AV,2,0,0,87,2187.718469250836,0.7,-16.441956525846873,"0.35751960784313724,0.23675992063492063,0.3488034825870647,0.7,0.87,0.10521262428567076","0,0,0"
41.03333333333333,165,AV,2,0,0,81,2574.4307659940623,0.1,-2.667613024359167,"0.38012083333333335,0.2546443089430894,0.36138440860215054,0.1,0.81,0.12381054543309646","0,0,0"
17.616666666666667,155,AV,1,0,0,22,2344.9936519099742,0.4,-6.172825404156302,"0.36556111111111117,0.2588522012578617,0.36454629629629637,0.4,0.22,0.11277636474640867","0,0,0"
45.3,158,AV,2,0,0,88,2401.1770329784995,0.3,-8.24040299953985,"0.357569105691057,0.2654764957264957,0.37315492957746477,0.3,0.88,0.11547835819142706","0,0,0"
13.45,63,AV,1,0,0,6,1141.0395517097602,0.1,-2.387550049760007,"0.33692063492063484,0.24230113636363637,0.3342472222222222,0.1,0.06,0.054875326664056465","0,0,0"
33.75,206,AV,1,0,0,89,3583.4963710051925,0.1,-5.054116225288517,"0.3031581196581196,0.24648464912280701,0.3485622222222222,0.1,0.89,0.17233892871085194","0,0,0"
30.133333333333333,202,AV,2,0,0,37,3414.9419898187493,0.1,-2.5985753861920453,"0.39492342342342335,0.2589873188405797,0.3751895424836601,0.1,0.37,0.1642327445611401","0,0,0"
29.833333333333332,55,AV,1,0,0,71,1025.7249596144625,0.1,-2.7727473391034883,"0.323609756097561,0.25628019323671497,0.33666904761904753,0.1,0.71,0.049329571566540366","0,0,0"
33.71666666666667,280,AV,1,0,0,86,8134.997760071039,0.2,-15.852778172242184,"0.31273958333333335,0.2601143410852713,0.3685092592592592,0.2,0.86,0.39123153866695837","0,0,0"
17.916666666666668,288,AV,1,0,0,21,9667.367812467324,0.2,-10.747828618183817,"0.2970465116279069,0.25941967871485944,0.34579427083333336,0.2,0.21,0.46492688697408946","0,0,0"
36.6,8,AV,2,0,0,62,522.2875039790788,0.2,-0.9654405376582973,"0.3306944444444444,0.24863374485596704,0.3726529680365296,0.2,0.62,0.025118057783764625","0,0,0"
43.28333333333333,47,AV,0,0,0,49,968.7072844723906,0.1,-1.0588101084910766,"0.312,0.241310502283105,0.3452309523809523,0.1,0.49,0.04658745492005087","0,0,0"
34.55,41,AV,1,0,0,94,932.0432837729122,0.1,-2.813184228645306,"0.25998039215686275,0.24331124497991966,0.3328823529411766,0.1,0.94,0.04482419525724574","0,0,0"
41.483333333333334,293,AV,2,0,0,79,11940.25564443948,0.4,-50.03248535186846,"0.29730902777777773,0.2366117886178862,0.3335055555555556,0.4,0.79,0.5742355100304415","0,0,0"
27.95,211,AV,2,0,0,14,3773.073658575576,0.5,-13.315329388533755,"0.389752688172043,0.2816142322097378,0.370140625,0.5,0.14,0.18145615481219285","0,0,0"
18.8,143,AV,1,0,0,14,2187.907521251699,0.7,-9.270924994866757,"0.3141666666666667,0.24859360730593605,0.3278055555555555,0.7,0.14,0.10522171624947545","0,0,0"
15.916666666666666,109,AV,0,0,0,10,1778.835052690156,0.4,-2.859911574611278,"0.33519819819819824,0.2320251937984496,0.33460483870967744,0.4,0.1,0.08554844085078303","0,0,0"
31.533333333333335,298,AV,1,0,0,81,17322.90883950548,0.5,-70.97084074988292,"0.22269907407407408,0.2366324786324787,0.3174166666666666,0.5,0.81,0.833100202280572","0,0,0"
38.18333333333333,113,AV,0,0,0,40,1797.659883656486,0.1,-1.7333496605458794,"0.3850142857142857,0.24415708812260534,0.34831034482758627,0.1,0.4,0.08645377208765831","0,0,0"
46.25,57,AV,2,0,0,94,1089.3140785512585,0.1,-1.2722418215402955,"0.3651925925925926,0.235810502283105,0.35142361111111114,0.1,0.94,0.052387724694280345","0,0,0"
23.783333333333335,85,AV,1,0,0,48,1386.7650627050614,0.9,-9.495885395758041,"0.2829040404040404,0.24751458333333334,0.34214935064935054,0.9,0.48,0.06669285539507566","0,0,0"
21.116666666666667,54,AV,1,0,0,36,1020.7360413649084,0.1,-2.5443066348524157,"0.29726250000000004,0.24455833333333335,0.348328431372549,0.1,0.36,0.04908964253144747","0,0,0"
46.43333333333333,133,AV,2,0,0,96,2033.019749384408,0.3,-7.151506340637575,"0.3731016260162602,0.2638101265822785,0.36539682539682544,0.3,0.96,0.0977727920954007","0,0,0"
33.45,86,AV,1,0,0,82,1404.912317929139,0.1,-3.186725177644689,"0.340213768115942,0.2402215909090909,0.34815178571428573,0.1,0.82,0.06756560039062387","0,0,0"
33.93333333333333,9,AV,2,0,0,52,539.5213747330826,0.5,-2.3115856880398904,"0.34196052631578944,0.24928632478632484,0.34294270833333335,0.5,0.52,0.025946875931124203","0,0,0"
29.483333333333334,149,AV,2,0,0,17,2283.7291705859197,0.4,-6.801206907014297,"0.3233062015503876,0.2481882352941176,0.3489704301075268,0.4,0.17,0.10983000901270609","0,0,0"
26.416666666666668,198,AV,2,0,0,2,3352.9358316496982,0.5,-11.18350861356223,"0.33088759689922476,0.25473868312757203,0.3549141414141414,0.5,0.02,0.16125071981045438","0,0,0"
21.1,299,AV,1,0,0,40,20793.30768626012,0.1,-13.079262428790116,"0.33631081081081077,0.2440246913580247,0.34541358024691354,0.1,0.4,1.0","0,0,0"
35.166666666666664,150,AV,1,0,0,88,2293.603195459698,0.1,-4.036827753543755,"0.3904124999999999,0.24894505494505503,0.33775862068965523,0.1,0.88,0.11030487453303418","0,0,0"
14.083333333333334,294,AV,1,0,0,8,13351.937436366714,0.1,-6.7484794333879945,"0.2798037037037037,0.22862103174603174,0.33690555555555557,0.1,0.08,0.6421266706493964","0,0,0"
59.05,249,AV,0,0,0,66,5702.891177591027,0.3,-25.511797275511373,"0.3524675925925926,0.2500845410628019,0.35777215189873424,0.3,0.66,0.27426570431405706","0,0,0"
32.35,23,AV,1,0,0,82,736.5379020629116,0.3,-3.805075843313272,"0.3542571428571428,0.23278787878787877,0.35315174129353233,0.3,0.82,0.03542187290142414","0,0,0"
55.6,75,AV,0,0,0,60,1275.9312017726234,0.1,-1.7914589600645925,"0.38292628205128204,0.24491563786008233,0.36236842105263156,0.1,0.6,0.06136258939772906","0,0,0"
76.03333333333333,237,AV,0,0,0,98,4959.361066312568,0.7,-66.6549816042195,"0.3105483870967742,0.24823541666666663,0.34835159817351596,0.7,0.98,0.23850755931388606","0,0,0"
25.816666666666666,271,AV,1,0,0,55,7128.986247371214,0.2,-11.295285940385531,"0.36355673758865253,0.24716880341880343,0.3576897435897435,0.2,0.55,0.34285003400790975","0,0,0"
69.46666666666667,221,AV,0,0,0,81,4034.238052294327,0.2,-14.153791415793567,"0.31300362318840574,0.24951666666666664,0.33497126436781605,0.2,0.81,0.19401617641430308","0,0,0"
14.25,148,AV,1,0,0,8,2260.56382504795,0.1,-2.8134604673468004,"0.32323106060606066,0.23356410256410254,0.33941666666666664,0.1,0.08,0.10871593202757703","0,0,0"
27.0,285,AV,1,0,0,59,8981.750106371177,0.1,-8.123920527071258,"0.3436097560975609,0.2515861423220973,0.35141388888888875,0.1,0.59,0.4319538883323586","0,0,0"
32.36666666666667,84,AV,1,0,0,79,1373.5659577718477,0.6,-8.736022954527597,"0.2671909722222222,0.24328875968992247,0.33893750000000006,0.6,0.79,0.0660580788057822","0,0,0"
71.05,14,AV,0,0,0,81,601.3137559373858,0.1,-1.0788722818017997,"0.28793410852713175,0.22248823529411765,0.3232392473118279,0.1,0.81,0.028918619635236016","0,0,0"
22.55,7,AV,0,0,0,20,513.3463032142733,0.4,-1.169288801765845,"0.3240050505050505,0.23662585034013603,0.32548305084745766,0.4,0.2,0.024688054010448962","0,0,0"
36.85,189,AV,1,0,0,96,3119.7161673652217,0.5,-16.515346056490962,"0.411576923076923,0.28403921568627444,0.393300505050505,0.5,0.96,0.1500346272193471","0,0,0"
34.46666666666667,283,AV,2,0,0,43,8480.737499651503,0.5,-36.90691319292784,"0.28168992248062014,0.2502688888888889,0.34756557377049185,0.5,0.43,0.407858991345347","0,0,0"
18.733333333333334,250,AV,1,0,0,18,5807.233742044462,0.5,-15.735965332613585,"0.3277789115646258,0.24815151515151515,0.36538679245283023,0.5,0.18,0.27928378830664774","0,0,0"
77.76666666666667,130,AV,0,0,0,99,2011.9739719035176,0.1,-3.951123970076521,"0.38303333333333334,0.26520512820512826,0.36892051282051275,0.1,0.99,0.09676065021790628","0,0,0"
31.533333333333335,154,AV,1,0,0,77,2335.4036410281064,0.4,-9.438693078830266,"0.42761666666666664,0.27424705882352945,0.37999487179487174,0.4,0.77,0.1123151581396212","0,0,0"
39.9,129,AV,2,0,0,77,2010.868248891871,0.1,-2.026102099262264,"0.34146747967479685,0.24534222222222218,0.34654225352112683,0.1,0.77,0.0967074733482937","0,0,0"
11.45,227,AV,1,0,0,4,4547.885280126284,0.1,-3.3149819812486347,"0.36405416666666673,0.26146138211382114,0.36863480392156867,0.1,0.04,0.2187187026108142","0,0,0"
67.6,145,AV,0,0,0,76,2218.0502812558643,0.6,-22.718211971650973,"0.38720155038759685,0.27661324786324787,0.37788647342995185,0.6,0.76,0.10667135381839783","0,0,0"
20.4,40,AV,1,0,0,38,914.1934345695068,0.3,-3.412844398880147,"0.32897368421052625,0.24867283950617278,0.3386478873239437,0.3,0.38,0.04396575322999674","0,0,0"
46.833333333333336,255,AV,0,0,0,52,5911.733280178027,0.4,-27.966280332155314,"0.3570353535353535,0.24503409090909087,0.32174637681159424,0.4,0.52,0.28430942153971994","0,0,0"
36.766666666666666,297,AV,1,0,0,94,15387.119225735782,0.5,-73.43094489051585,"0.2487317073170732,0.23768309859154926,0.34272701149425283,0.5,0.94,0.7400034404292175","0,0,0"
36.166666666666664,168,AV,2,0,0,70,2675.3892374750885,0.1,-2.443432089781541,"0.4047307692307692,0.2998013698630137,0.378982905982906,0.1,0.7,0.1286658802843062","0,0,0"
38.266666666666666,257,AV,2,0,0,57,6020.57275324985,0.1,-5.8178598659350405,"0.3128928571428572,0.24527713178294575,0.34430277777777785,0.1,0.57,0.2895437726450875","0,0,0"
28.15,99,AV,2,0,0,36,1564.487892525026,0.1,-1.1121296508732192,"0.35849242424242417,0.2519280701754386,0.363281045751634,0.1,0.36,0.07523997221273333","0,0,0"
27.466666666666665,223,AV,1,0,0,64,4113.319853961603,0.1,-4.853009730357206,"0.2795042735042735,0.2232619047619048,0.3344203980099502,0.1,0.64,0.19781940978440954","0,0,0"
20.95,212,AV,0,0,0,16,3783.636689084741,0.1,-2.0016966827354876,"0.34328378378378377,0.2436111111111111,0.35238164251207726,0.1,0.16,0.18196415626480184","0,0,0"
7.0,225,AV,0,0,0,3,4237.057085974603,0.4,-2.9958989496790123,"0.26448888888888894,0.24772420634920633,0.33121038251366114,0.4,0.03,0.20377022982131804","0,0,0"
41.8,69,AV,2,0,0,89,1244.4027248274256,0.1,-1.3135362095400605,"0.2748233333333333,0.2386367041198502,0.3348333333333334,0.1,0.89,0.05984630938009477","0,0,0"
66.15,268,AV,0,0,0,75,7006.371100745904,0.4,-46.81529780952946,"0.290825,0.228905303030303,0.32184139784946225,0.4,0.75,0.33695317774649197","0,0,0"
37.36666666666667,108,AV,1,0,0,99,1751.9448432672848,0.1,-3.6531398731503586,"0.36862601626016256,0.266478354978355,0.36640705128205137,0.1,0.99,0.0842552262343976","0,0,0"
27.016666666666666,22,AV,1,0,0,59,727.2326469992182,0.1,-2.4961465154822107,"0.37255238095238097,0.259225,0.3582755555555556,0.1,0.59,0.034974360884380204","0,0,0"
29.0,33,AV,1,0,0,75,825.4433072334436,1.0,-8.044913108527744,"0.33646249999999994,0.23816666666666667,0.3442205128205128,1.0,0.75,0.039697546907310144","0,0,0"
13.45,181,AV,1,0,0,4,2964.6777926145683,0.1,-3.006942331077423,"0.29436904761904764,0.24426591760299626,0.33850241545893717,0.1,0.04,0.14257846021167567","0,0,0"
35.983333333333334,160,AV,2,0,0,62,2421.0391237858234,0.1,-2.1999257021269334,"0.37372826086956523,0.2611618357487922,0.3607238805970149,0.1,0.62,0.11643357373995898","0,0,0"
69.55,287,AV,0,0,0,80,9030.678864893336,0.1,-15.86069987508413,"0.24891228070175442,0.2248883161512028,0.32858333333333334,0.1,0.8,0.4343069895926497","0,0,0"
29.2,234,AV,2,0,0,30,4689.4303597647895,0.1,-3.4578627905336328,"0.2970929487179487,0.23367324561403513,0.3434731182795698,0.1,0.3,0.22552594471842924","0,0,0"
28.783333333333335,284,AV,2,0,0,37,8493.635575370567,0.8,-49.388917975302924,"0.3994047619047619,0.2693991228070175,0.37675120772946863,0.8,0.37,0.40847929071828354","0,0,0"
29.533333333333335,196,AV,2,0,0,24,3278.222126324269,0.2,-4.889738727143608,"0.34909803921568633,0.254409090909091,0.36276525821596245,0.2,0.24,0.1576575586620336","0,0,0"
36.65,77,AV,1,0,0,96,1291.2118623687816,0.1,-3.19502309989434,"0.3747714285714284,0.2650039682539684,0.35098826291079815,0.1,0.96,0.062097472987522495","0,0,0"
70.91666666666667,166,AV,0,0,0,92,2580.565825479665,0.1,-4.621341577195276,"0.373994623655914,0.23966117216117216,0.3396350574712644,0.1,0.92,0.12410559514707999","0,0,0"
37.05,197,AV,1,0,0,97,3301.717979419838,0.3,-11.267322055871588,"0.3361491228070176,0.24573913043478263,0.34704444444444443,0.3,0.97,0.15878753054770403","0,0,0"
22.95,107,AV,1,0,0,41,1717.0377309640771,0.2,-3.990202824526544,"0.32196341463414635,0.22863958333333337,0.3325193236714975,0.2,0.41,0.08257645954513855","0,0,0"
22.15,140,AV,1,0,0,46,2137.1188228190404,0.1,-3.1953833819555997,"0.3378720930232559,0.2634372549019608,0.3539220430107527,0.1,0.46,0.10277916602134513","0,0,0"
18.866666666666667,71,AV,1,0,0,30,1260.6549751070208,0.2,-3.2012301614656127,"0.2865306122448979,0.21161752136752138,0.31386772486772485,0.2,0.3,0.06062791904628244","0,0,0"
53.7,60,AV,0,0,0,59,1111.987968807459,0.8,-12.063384631305164,"0.32604861111111105,0.22660042735042737,0.33642076502732243,0.8,0.59,0.05347816641708441","0,0,0"
32.2,192,AV,1,0,0,77,3227.056348793521,0.9,-25.616185097988954,"0.4142142857142857,0.2719936708860759,0.38057487922705313,0.9,0.77,0.1551968737963661","0,0,0"
31.016666666666666,88,AV,1,0,0,78,1454.957177165027,0.1,-3.1395939843030787,"0.32197685185185176,0.23932083333333332,0.3539678362573099,0.1,0.78,0.06997237760909195","0,0,0"
22.083333333333332,83,AV,1,0,0,43,1348.5865378412918,0.9,-8.768474100907998,"0.3724343434343434,0.26359340659340663,0.3736338383838384,0.9,0.43,0.06485675863549194","0,0,0"
43.733333333333334,173,AV,2,0,0,85,2758.442965787371,0.4,-12.185445020582597,"0.40575000000000006,0.268744131455399,0.3767727272727272,0.4,0.85,0.13266013312591463","0,0,0"
38.483333333333334,135,AV,2,0,0,72,2088.64210540395,0.5,-10.148726055087797,"0.2805166666666667,0.2380600775193798,0.3354270833333334,0.5,0.72,0.10044780450125744","0,0,0"
38.11666666666667,78,AV,1,0,0,99,1291.7462447339112,0.3,-5.730080380942493,"0.3017463768115942,0.2474694835680751,0.32875128205128207,0.3,0.99,0.0621231727161656","0,0,0"
48.6,243,AV,0,0,0,55,5158.4050556257225,0.2,-12.66153968199041,"0.3727896825396824,0.24986446886446884,0.366281045751634,0.2,0.55,0.24808006178999184","0,0,0"
33.11666666666667,172,AV,1,0,0,83,2753.3979495063454,0.1,-4.30261015390114,"0.2716029411764706,0.23083749999999997,0.34521186440677964,0.1,0.83,0.13241750620204337","0,0,0"
18.933333333333334,139,AV,1,0,0,31,2131.3254046090938,0.8,-10.152140268134447,"0.3151045751633987,0.2602763157894737,0.3516530054644808,0.8,0.31,0.10250054665508744","0,0,0"
59.2,120,AV,0,0,0,64,1848.7234685638712,0.4,-11.054992862523353,"0.3442264957264958,0.23533116883116886,0.3351779661016948,0.4,0.64,0.08890954226515282","0,0,0"
12.266666666666667,68,AV,0,0,0,7,1200.7903182940884,0.5,-1.8598099205901704,"0.26277941176470593,0.23499063670411985,0.33333582089552244,0.5,0.07,0.057748884228147654","0,0,0"
39.86666666666667,26,AV,0,0,0,45,783.6834518391023,0.6,-4.733764688886699,"0.3089031007751938,0.23454838709677417,0.33431481481481484,0.6,0.45,0.037689215379472674","0,0,0"
12.116666666666667,45,AV,1,0,0,2,954.0002559944874,0.2,-2.5838031869595897,"0.30367117117117115,0.24830253623188406,0.34733060109289615,0.2,0.02,0.045880158673594545","0,0,0"
13.883333333333333,169,AV,0,0,0,10,2722.266725979925,0.4,-3.8175895332344743,"0.28487179487179487,0.2375019379844961,0.33836666666666665,0.4,0.1,0.13092033105337805","0,0,0"
30.816666666666666,273,AV,2,0,0,30,7332.887514065835,0.5,-28.532215937516263,"0.38362162162162156,0.2624577114427861,0.34916666666666674,0.5,0.3,0.3526561345942708","0,0,0"
32.916666666666664,184,AV,0,0,0,37,3024.224513765153,0.2,-5.027645971958062,"0.3325252525252526,0.2518239700374532,0.3569166666666666,0.2,0.37,0.1454422047418416","0,0,0"
20.866666666666667,58,AV,0,0,0,19,1100.389953660579,0.1,-0.5798351102622243,"0.34061111111111103,0.24998701298701295,0.3380214285714285,0.1,0.19,0.052920390072797266","0,0,0"
26.25,286,AV,1,0,0,56,8987.822610831106,0.1,-7.957836957937286,"0.38384444444444443,0.2322410256410256,0.36531924882629113,0.1,0.56,0.4322459296252377","0,0,0"
25.983333333333334,12,AV,1,0,0,58,572.7967315704935,0.2,-2.751675172153535,"0.32853205128205126,0.24398177083333336,0.35990151515151525,0.2,0.58,0.027547167589358008","0,0,0"
19.85,259,AV,2,0,0,5,6130.868263041086,0.5,-15.365875634010804,"0.2543484848484848,0.23077922077922075,0.3199757575757576,0.5,0.05,0.29484814804583803","0,0,0"
42.25,218,AV,2,0,0,81,3942.222625638348,0.1,-4.206032978111621,"0.41157142857142864,0.28059353741496607,0.3778099415204678,0.1,0.81,0.18959093402168548","0,0,0"
10.616666666666667,291,AV,0,0,0,4,10838.007207066395,0.3,-8.71693256426931,"0.33176666666666654,0.2595763052208835,0.3463844086021506,0.3,0.04,0.5212257410218565","0,0,0"
25.3,156,AV,2,0,0,28,2360.1328348572283,0.1,-1.5078626444921184,"0.3630813953488372,0.25830952380952377,0.3587267759562841,0.1,0.28,0.11350444433700012","0,0,0"
60.68333333333333,104,AV,0,0,0,68,1664.0464513081895,0.2,-5.099994216509358,"0.29245454545454547,0.2301607142857143,0.33166944444444446,0.2,0.68,0.08002798190726358","0,0,0"
30.216666666666665,254,AV,2,0,0,19,5899.132481879994,0.3,-13.503948471778319,"0.2832857142857143,0.2179674329501916,0.30603551912568305,0.3,0.19,0.2837034189504176","0,0,0"
25.5,114,AV,1,0,0,52,1799.695682844959,0.2,-4.317789894573053,"0.3149150943396226,0.2512970085470086,0.33346610169491525,0.2,0.52,0.0865516785496407","0,0,0"
36.63333333333333,132,AV,0,0,0,39,2030.86588445069,0.1,-1.8787218914236599,"0.2787256944444444,0.24131642512077292,0.3318888888888889,0.1,0.39,0.09766920756877238","0,0,0"
9.15,164,AV,0,0,0,3,2563.744074524839,0.6,-3.5542815578639813,"0.3132107843137255,0.2439264069264069,0.3560692307692308,0.6,0.03,0.1232965968285517","0,0,0"
11.516666666666667,214,AV,1,0,0,4,3824.993837156676,0.2,-4.224807021443825,"0.33467628205128214,0.24888821138211387,0.34065476190476196,0.2,0.04,0.18395312063237393","0,0,0"
33.5,3,AV,2,0,0,49,473.5024380788758,0.3,-1.201691793609268,"0.3195333333333334,0.2436265060240964,0.35273737373737374,0.3,0.49,0.022771867046038015","0,0,0"
33.81666666666667,115,AV,1,0,0,84,1809.16611953512,0.4,-8.179794707974342,"0.4168717948717948,0.27968902439024385,0.3847172619047619,0.4,0.84,0.08700713454697676","0,0,0"
36.31666666666667,138,AV,1,0,0,93,2123.4400354784907,0.1,-3.9473804029072523,"0.3087117117117117,0.23948504273504276,0.35466888888888887,0.1,0.93,0.1021213203554731","0,0,0"
26.133333333333333,240,AV,0,0,0,30,5009.92015912814,0.2,-6.612419873327378,"0.28588405797101446,0.22144092827004222,0.31567559523809524,0.2,0.3,0.24093906725761643","0,0,0"
36.5,246,AV,2,0,0,63,5480.041794665195,0.2,-10.102097247741394,"0.25876587301587306,0.23907368421052638,0.3346833333333334,0.2,0.63,0.26354834340696637","0,0,0"
42.46666666666667,36,AV,2,0,0,79,854.5785374972068,0.1,-0.916441966979328,"0.2542015503875969,0.2378400900900901,0.325443396226415,0.1,0.79,0.04109872995636468","0,0,0"
17.583333333333332,2,AV,1,0,0,21,457.16351791608827,0.2,-2.4059827537049436,"0.26878921568627445,0.234115,0.32732727272727274,0.2,0.21,0.021986089217454062","0,0,0"
50.28333333333333,174,AV,0,0,0,56,2838.632091159661,0.2,-7.208883012650419,"0.27535087719298246,0.22082207207207205,0.34410057471264366,0.2,0.56,0.13651662034681394","0,0,0"
38.03333333333333,24,AV,2,0,0,68,741.34301771214,0.1,-0.7120137905804308,"0.3216598639455781,0.25345833333333334,0.3449615384615384,0.1,0.68,0.03565296242896494","0,0,0"
27.716666666666665,21,AV,0,0,0,31,699.2977112166509,0.1,-0.4894495344079505,"0.3570416666666666,0.24143560606060605,0.3458477011494253,0.1,0.31,0.03363090287355943","0,0,0"
72.51666666666667,25,AV,0,0,0,92,763.1985099142711,0.3,-4.192773632117416,"0.3375333333333333,0.25794509803921567,0.3490119047619047,0.3,0.92,0.03670404542797105","0,0,0"
39.8,238,AV,0,0,0,46,4967.653125719208,0.2,-9.98548456583962,"0.31968750000000007,0.24034523809523808,0.3462875,0.2,0.46,0.2389063443235514","0,0,0"
19.266666666666666,121,AV,0,0,0,14,1885.557658153182,0.4,-3.6695364525674723,"0.31356910569105695,0.24923515981735156,0.3409232456140351,0.4,0.14,0.09068098671954573","0,0,0"
19.2,182,AV,1,0,0,23,2991.769966736588,0.3,-6.351665406162309,"0.2695789473684211,0.23848717948717948,0.3396119791666667,0.3,0.23,0.143881387794473","0,0,0"
22.15,226,AV,1,0,0,47,4434.023444374438,0.1,-4.480141901335703,"0.38191056910569104,0.2752510040160643,0.3756893939393938,0.1,0.47,0.2132428140475394","0,0,0"
74.46666666666667,35,AV,0,0,0,93,849.0657401736111,0.1,-1.596643824535225,"0.27658750000000004,0.26121126760563385,0.374943661971831,0.1,0.93,0.040833606321069346","0,0,0"
27.133333333333333,116,AV,1,0,0,63,1823.811293294481,0.1,-3.249648478738811,"0.26619191919191915,0.22604166666666667,0.32983101851851854,0.1,0.63,0.08771145605177698","0,0,0"
25.766666666666666,247,AV,1,0,0,53,5502.789496653042,0.2,-9.161037509954213,"0.36557264957264957,0.23929166666666668,0.3473415300546448,0.2,0.53,0.26464233491284295","0,0,0"
39.88333333333333,126,AV,2,0,0,81,1950.0200213032829,0.4,-7.855888739021475,"0.33432936507936506,0.25404166666666667,0.36136944444444447,0.4,0.81,0.09378113625432592","0,0,0"
28.516666666666666,112,AV,1,0,0,66,1794.439334206041,0.7,-11.045454505802084,"0.31975757575757574,0.2522113821138211,0.34776984126984134,0.7,0.66,0.08629888814619799","0,0,0"
38.2,105,AV,0,0,0,41,1682.490559712908,0.2,-3.246017140456217,"0.27432870370370366,0.2286210526315789,0.3239689265536723,0.2,0.41,0.08091500328370894","0,0,0"
43.833333333333336,37,AV,2,0,0,91,861.805442805673,1.0,-9.539344758328788,"0.3945277777777778,0.26795390070921976,0.36986363636363634,1.0,0.91,0.04144628915269407","0,0,0"
30.966666666666665,262,AV,1,0,0,76,6446.254396158338,0.1,-7.040884119554794,"0.28588666666666673,0.2358638497652582,0.31555757575757576,0.1,0.76,0.3100158230437728","0,0,0"
45.016666666666666,253,AV,2,0,0,93,5849.7981009167725,0.4,-26.599839512754546,"0.2763888888888889,0.23541954022988507,0.32596354166666663,0.4,0.93,0.28133081033481866","0,0,0"
31.233333333333334,52,AV,1,0,0,79,1017.530975349866,0.1,-2.8025475790427814,"0.36281666666666673,0.26633524904214567,0.3739088050314465,0.1,0.79,0.048935503225503364","0,0,0"
28.3,136,AV,1,0,0,73,2105.159940183184,0.1,-3.5044451087672757,"0.30151388888888886,0.22130303030303028,0.304766129032258,0.1,0.73,0.10124218676253416","0,0,0"
29.6,27,AV,1,0,0,66,793.0252767736928,0.3,-3.7782991054925232,"0.34343749999999995,0.2658297491039426,0.3660899470899471,0.3,0.66,0.03813848612925163","0,0,0"
29.683333333333334,152,AV,0,0,0,32,2302.618320259251,0.2,-3.451989249479567,"0.27721794871794875,0.24487860082304524,0.33550952380952387,0.2,0.32,0.11073843349034766","0,0,0"
26.433333333333334,64,AV,2,0,0,24,1148.2139867956057,0.2,-1.5328850025739318,"0.32731018518518523,0.2598963963963964,0.35558457711442787,0.2,0.24,0.05522036244162957","0,0,0"
14.116666666666667,239,AV,1,0,0,6,4968.170350229253,0.4,-9.08424290680838,"0.3812820512820512,0.24521041666666665,0.36994600938967137,0.4,0.06,0.23893121888982288","0,0,0"
32.56666666666667,18,AV,1,0,0,81,632.5893922142865,1.0,-7.2023555235131145,"0.29875225225225227,0.21312554112554113,0.33375757575757575,1.0,0.81,0.030422739939172414","0,0,0"
64.15,179,AV,0,0,0,75,2946.490055333797,0.1,-4.773165077011695,"0.34212393162393157,0.261324894514768,0.3680185185185185,0.1,0.75,0.14170376833700152","0,0,0"
14.833333333333334,93,AV,1,0,0,14,1507.5005543882637,0.1,-2.564678237965301,"0.3424390243902439,0.2330845410628019,0.3392248677248677,0.1,0.14,0.07249931454553503","0,0,0"
33.28333333333333,180,AV,0,0,0,37,2953.761118311176,0.2,-4.965202822615671,"0.2944408602150538,0.23993722943722942,0.3454366197183099,0.2,0.37,0.14205345118145746","0,0,0"
31.833333333333332,122,AV,2,0,0,51,1888.2149669861096,1.0,-15.178832436630763,"0.328948087431694,0.2260732323232323,0.3055502645502646,1.0,0.51,0.09080878306984375","0,0,0"
17.6,29,AV,0,0,0,10,806.3598325453933,0.2,-0.7167642955959052,"0.19978623188405797,0.2185657894736842,0.2983524590163934,0.2,0.1,0.03877977687399022","0,0,0"
42.36666666666667,4,AV,2,0,0,77,491.8679742725259,0.1,-0.5262324876265828,"0.3534555555555556,0.26164069264069256,0.34621078431372543,0.1,0.77,0.023655109696546463","0,0,0"
15.666666666666666,79,AV,0,0,0,10,1294.2551843223837,0.3,-1.5361109510896978,"0.4376590909090909,0.2751862745098039,0.38412295081967207,0.3,0.1,0.062243833633915134","0,0,0"
5.183333333333334,264,AV,0,0,0,1,6778.2755320215965,0.1,-0.8872237754455877,"0.26029797979797975,0.21644444444444447,0.3099666666666666,0.1,0.01,0.3259835151913118","0,0,0"
33.25,119,AV,1,0,0,83,1836.3970218708375,0.2,-5.083848534202291,"0.3150299145299146,0.2398641975308642,0.3318480392156863,0.2,0.83,0.08831673390204767","0,0,0"
43.666666666666664,263,AV,0,0,0,47,6563.608435155774,0.4,-28.95059612812816,"0.37512765957446814,0.24548039215686276,0.3550775862068965,0.4,0.47,0.31565966003056356","0,0,0"
27.066666666666666,187,AV,1,0,0,60,3097.4575811220984,0.1,-4.117117471272007,"0.29612857142857135,0.2557386363636363,0.33817836257309947,0.1,0.6,0.14896415846185204","0,0,0"
47.0,92,AV,2,0,0,99,1496.328062426438,0.2,-3.5518898451536662,"0.3439166666666666,0.25836821705426355,0.33327343750000005,0.2,0.99,0.0719620026310286","0,0,0"
44.93333333333333,210,AV,0,0,0,50,3742.7752140142647,0.7,-29.727968787406226,"0.3834674796747967,0.2661144578313253,0.3512196969696969,0.7,0.5,0.17999902999980277","0,0,0"
35.5,190,AV,1,0,0,96,3132.463358685509,0.7,-21.656998601852244,"0.37199637681159414,0.2673020833333333,0.36738281250000004,0.7,0.96,0.150647670199936","0,0,0"
52.31666666666667,251,AV,0,0,0,57,5825.425317043349,0.8,-61.569057475417765,"0.3434130434782608,0.24315296803652967,0.3458047619047619,0.8,0.57,0.28015866474638357","0,0,0"
28.766666666666666,235,AV,1,0,0,72,4818.617258984985,0.2,-9.000785680983237,"0.34974113475177304,0.26416470588235286,0.36998039215686274,0.2,0.72,0.23173885231203734","0,0,0"
36.483333333333334,56,AV,0,0,0,40,1040.734547163155,0.1,-0.9588248837290179,"0.2710833333333333,0.22935307017543863,0.34299523809523813,0.1,0.4,0.05005141860382586","0,0,0"
33.35,96,AV,2,0,0,33,1538.317647081207,0.4,-5.182110457591744,"0.27808914728682166,0.22389959839357432,0.33372999999999997,0.4,0.33,0.07398138238957058","0,0,0"
45.18333333333333,98,AV,0,0,0,49,1564.4426034616197,0.1,-1.7850184755826812,"0.3063063063063063,0.25024206349206346,0.3655024154589372,0.1,0.49,0.07523779415313409","0,0,0"
25.233333333333334,11,AV,2,0,0,13,566.7055292848979,0.4,-1.4444312648776692,"0.24742424242424238,0.2493371212121212,0.3208913043478261,0.4,0.13,0.027254227073231246","0,0,0"
13.316666666666666,270,AV,1,0,0,4,7099.697064525982,0.1,-4.38748230410617,"0.339482905982906,0.2564177489177489,0.3534140624999999,0.1,0.04,0.3414414470102487","0,0,0"
26.183333333333334,194,AV,2,0,0,11,3257.969850357721,0.9,-19.387388768605984,"0.2967258064516129,0.24464393939393939,0.35192018779342726,0.9,0.11,0.15668357817407447","0,0,0"
17.266666666666666,141,AV,1,0,0,11,2139.4702648744856,0.5,-6.664333321569795,"0.3379619047619048,0.25134756097560973,0.34422222222222226,0.5,0.11,0.10289225250527183","0,0,0"
12.3,124,AV,0,0,0,8,1929.5758599688188,0.2,-1.198675913010933,"0.3677666666666667,0.26062452107279693,0.36221078431372544,0.2,0.08,0.09279792753915007","0,0,0"
34.5,260,AV,1,0,0,91,6197.036257351283,0.6,-34.39359861797261,"0.3702,0.2511313725490196,0.35606111111111105,0.6,0.91,0.2980303254708333","0,0,0"
64.21666666666667,91,AV,0,0,0,75,1485.5718097438446,0.2,-4.8181045310968305,"0.3646857142857142,0.2425555555555556,0.3586608187134503,0.2,0.75,0.07144470866102204","0,0,0"
33.583333333333336,278,AV,2,0,0,53,7958.958807233507,0.2,-13.499412455029898,"0.39909166666666673,0.23708227848101265,0.3498568075117371,0.2,0.53,0.38276540352897576","0,0,0"
28.616666666666667,15,AV,2,0,0,21,623.7253316558669,0.2,-0.9014616114925281,"0.37774358974358974,0.26789917695473253,0.3686121212121213,0.2,0.21,0.02999644602325653","0,0,0"
27.716666666666665,248,AV,0,0,0,32,5702.616109653807,1.0,-39.91351258566616,"0.3643378378378379,0.2526825396825397,0.34612760416666666,1.0,0.32,0.27425247563772664","0,0,0"
25.716666666666665,199,AV,1,0,0,53,3368.9508766880413,0.2,-6.3756659955636765,"0.2733750000000001,0.22514837398373985,0.3284345238095237,0.2,0.53,0.16202092170810273","0,0,0"
33.333333333333336,110,AV,1,0,0,88,1782.711710770346,0.5,-9.50299541570011,"0.3225833333333334,0.2544391891891892,0.356906392694064,0.5,0.88,0.08573487862868172","0,0,0"
23.466666666666665,176,AV,2,0,0,9,2853.537244729806,0.1,-1.690985033913959,"0.27229268292682923,0.22321861471861468,0.3168999999999999,0.1,0.09,0.13723344490378397","0,0,0"
10.666666666666666,282,AV,0,0,0,3,8348.421721831439,0.4,-8.99493249490256,"0.3384408602150537,0.23490534979423866,0.35265972222222225,0.4,0.03,0.4014956084811817","0,0,0"
30.316666666666666,207,AV,2,0,0,46,3608.770587345788,0.1,-2.762775125581645,"0.2843768115942029,0.2382074468085106,0.31770454545454546,0.1,0.46,0.17355442634701188","0,0,0"
38.233333333333334,73,AV,1,0,0,100,1267.69032506861,0.1,-3.2239400697421683,"0.39088095238095244,0.2483211382113821,0.34955479452054805,0.1,1.0,0.0609662658868978","0,0,0"
11.866666666666667,261,AV,1,0,0,0,6230.691172258436,0.5,-11.33554737930978,"0.3615072463768116,0.26099367088607595,0.34396410256410254,0.5,0.0,0.29964887098629217","0,0,0"
50.25,195,AV,0,0,0,56,3274.575105225111,0.1,-4.1552373494333805,"0.32611347517730493,0.23868444444444445,0.3557955974842767,0.1,0.56,0.15748216467690215","0,0,0"
30.4,200,AV,2,0,0,35,3386.12741774329,0.4,-10.397805403979396,"0.4162474747474747,0.2590246212121212,0.347328502415459,0.4,0.35,0.16284698273285247","0,0,0"
72.51666666666667,219,AV,0,0,0,93,3958.913906791885,0.9,-65.24710003201322,"0.2742068965517241,0.23509578544061302,0.3321464646464647,0.9,0.93,0.1903936577347851","0,0,0"
27.466666666666665,32,AV,1,0,0,67,822.5771428470101,0.2,-3.1410834439493875,"0.31321376811594204,0.25446317829457366,0.35131609195402297,0.2,0.67,0.039559706192899544","0,0,0"
38.4,103,AV,2,0,0,73,1661.9571573900298,1.0,-16.115948192873017,"0.29845348837209307,0.2354916666666667,0.3446616915422885,1.0,0.73,0.07992750275552475","0,0,0"
24.366666666666667,230,AV,0,0,0,26,4572.8741748457805,0.2,-5.627560642781592,"0.3061481481481481,0.23226862745098042,0.34586158192090394,0.2,0.26,0.21992047844641197","0,0,0"
25.683333333333334,175,AV,1,0,0,54,2850.5966631146844,0.8,-16.790469555083263,"0.39127906976744187,0.283551948051948,0.3755555555555556,0.8,0.54,0.13709202528649697","0,0,0"
31.716666666666665,220,AV,1,0,0,78,4021.28082322038,0.4,-14.882992266983809,"0.31261627906976747,0.22723684210526313,0.32512373737373734,0.4,0.78,0.1933930322147629","0,0,0"
30.166666666666668,39,AV,1,0,0,75,913.5589076746268,0.4,-4.78374010587723,"0.28450740740740743,0.23776937984496122,0.3280677966101695,0.4,0.75,0.04393523731091094","0,0,0"
23.633333333333333,177,AV,2,0,0,11,2891.134206742707,0.2,-3.4508655767349823,"0.3377152777777777,0.23977999999999994,0.33898507462686567,0.2,0.11,0.13904157291209238","0,0,0"
15.016666666666667,204,AV,1,0,0,8,3465.4556083993225,0.2,-4.6282622080536955,"0.3533875,0.26463043478260867,0.3533521126760563,0.2,0.08,0.1666620655399256","0,0,0"
42.25,76,AV,2,0,0,78,1282.6858023855964,0.2,-2.7370441995349215,"0.3506733333333334,0.2496869918699187,0.35780172413793104,0.2,0.78,0.06168743432932387","0,0,0"
14.783333333333333,100,AV,1,0,0,11,1592.2311391495805,0.7,-6.160843073644674,"0.35670967741935483,0.28309999999999996,0.3934661016949152,0.7,0.11,0.07657421143254188","0,0,0"
24.4,208,AV,1,0,0,51,3628.2404526711953,0.4,-10.94233000456335,"0.3470387596899225,0.2553352490421456,0.3501027777777778,0.4,0.51,0.17449077883210845","0,0,0"
15.233333333333333,269,AV,1,0,0,1,7081.334819999852,0.2,-7.44809766454534,"0.2655592592592593,0.22445024875621888,0.2943177083333333,0.2,0.01,0.34055836266392014","0,0,0"
21.483333333333334,0,AV,1,0,0,33,437.8567856598078,0.3,-2.7126229756508744,"0.28620833333333334,0.23493223443223443,0.31711818181818185,0.3,0.33,0.021057582192617507","0,0,0"
24.666666666666668,74,AV,2,0,0,9,1275.6237969650936,0.3,-2.383741438773155,"0.2801666666666667,0.23979166666666668,0.33614689265536735,0.3,0.09,0.06134780556380672","0,0,0"
35.28333333333333,241,AV,1,0,0,84,5051.78348307234,0.3,-15.50331519402038,"0.3473989898989898,0.26147435897435894,0.36147584541062805,0.3,0.84,0.24295237483598997","0,0,0"
32.75,80,AV,2,0,0,46,1317.647826688136,0.9,-9.807492346371921,"0.42006565656565653,0.2832970085470085,0.36700546448087434,0.9,0.46,0.06336884186823323","0,0,0"
8.95,272,AV,0,0,0,3,7177.938863287724,0.1,-1.622286687535988,"0.26445634920634914,0.21280769230769234,0.31809523809523815,0.1,0.03,0.345204282627472","0,0,0"
24.15,222,AV,1,0,0,52,4090.160813256426,0.3,-9.483135124253234,"0.35375362318840575,0.21302469135802465,0.33832075471698103,0.3,0.52,0.19670563601379967","0,0,0"
28.55,28,AV,1,0,0,67,802.5586880039084,0.4,-4.314449549748645,"0.3358888888888888,0.25415208333333333,0.3659102564102563,0.4,0.67,0.038596970723144074","0,0,0"
34.416666666666664,61,AV,1,0,0,87,1117.0806745336297,0.2,-3.94172693006056,"0.39941358024691354,0.2652083333333333,0.3728852813852814,0.2,0.87,0.05372308684066549","0,0,0"
