travel_time,id,kind,action,origin,destination,start_time,income,urgency,reward,observation,cost_table
18.05,147,AV,1,0,0,47,2496.2043409386315,0.5,-0.09025,"0.3077248062015504,0.17195807127882598,0.20302962962962964,0.5,0.47,0.12333495093088893","0,0,0"
54.1,101,AV,0,0,0,57,1628.9397076974285,0.9,-0.4915042219761477,"0.48466835016835014,0.24055020080321285,0.27157826086956527,0.9,0.57,0.0804842759157665","0,0,0"
7.95,2,AV,1,0,0,22,437.5592869272848,0.3,-0.02385,"0.06065384615384614,0.07865151515151514,0.11298611111111112,0.3,0.22,0.021619365168734063","0,0,0"
72.91666666666667,222,AV,0,0,0,72,4416.224882412617,0.2,-0.14753161641440296,"0.6537557755775579,0.3034408602150538,0.3362222222222222,0.2,0.72,0.21820123867235977","0,0,0"
41.38333333333333,22,AV,0,0,0,50,632.5893922142865,0.1,-0.0532393652116855,"0.35007119741100323,0.1906371951219513,0.2229188790560472,0.1,0.5,0.031255606910295004","0,0,0"
13.0,89,AV,1,0,0,35,1526.0895405694364,0.1,-0.013000000000000001,"0.1670432098765432,0.12011797752808988,0.15101418439716313,0.1,0.35,0.07540255239340664","0,0,0"
28.8,84,AV,2,0,0,56,1460.106853854364,0.1,-0.028800000000000006,"0.4774692028985507,0.2375260416666667,0.26985546875,0.1,0.56,0.07214241407266661","0,0,0"
31.45,254,AV,1,0,0,76,5654.280440205098,0.3,-0.09435,"0.6832670454545454,0.3133109318996416,0.33967767295597484,0.3,0.76,0.2793723210896882","0,0,0"
32.7,190,AV,0,0,0,44,3476.696831582168,0.4,-0.132957220017538,"0.2644245614035089,0.15564670658682633,0.1884463276836158,0.4,0.44,0.1717801007282623","0,0,0"
14.75,208,AV,1,0,0,41,4061.843573313689,0.4,-0.059,"0.230573476702509,0.1426777777777778,0.17634289617486343,0.4,0.41,0.20069161389857007","0,0,0"
32.6,63,AV,1,0,0,79,1074.3823512953045,0.4,-0.13040000000000002,"0.7031882352941178,0.31948425925925933,0.34516086956521747,0.4,0.79,0.05308415357061393","0,0,0"
50.65,207,AV,0,0,0,55,4021.28082322038,0.4,-0.20446507740436634,"0.4593736842105263,0.2304792899408284,0.2640100574712643,0.4,0.55,0.19868744913115402","0,0,0"
39.833333333333336,133,AV,0,0,0,48,2222.040577514192,0.2,-0.08304194256211872,"0.32572549019607844,0.1808495670995671,0.21132123655913979,0.2,0.48,0.1097887945708426","0,0,0"
46.7,109,AV,0,0,0,54,1782.711710770346,0.6,-0.28440707395070575,"0.44317656765676566,0.2249151696606787,0.26079910714285715,0.6,0.54,0.08808199623958074","0,0,0"
13.35,41,AV,2,0,0,31,827.3783452591958,0.3,-0.04005,"0.1305876436781609,0.10507346491228071,0.13893154761904758,0.3,0.31,0.040879933561629736","0,0,0"
23.333333333333332,266,AV,1,0,0,55,6446.254396158338,0.1,-0.02333333333333333,"0.4593736842105263,0.2304792899408284,0.2640100574712643,0.1,0.55,0.31850295931272143","0,0,0"
11.616666666666667,29,AV,1,0,0,34,742.4887258523852,0.1,-0.011616666666666668,"0.1528505747126437,0.11507770961145194,0.14900660066006602,0.1,0.34,0.0366856226743472","0,0,0"
74.75,298,AV,0,0,0,77,17322.90883950548,0.3,-0.2246829526911148,"0.6815852713178296,0.31362477718360066,0.3396713395638629,0.3,0.77,0.8559075379611304","0,0,0"
19.4,141,AV,1,0,0,50,2382.718205806423,0.1,-0.0194,"0.35007119741100323,0.1906371951219513,0.2229188790560472,0.1,0.5,0.1177277149052501","0,0,0"
55.766666666666666,268,AV,0,0,0,57,6709.13861087917,0.1,-0.05688454489738892,"0.48466835016835014,0.24055020080321285,0.27157826086956527,0.1,0.57,0.3314918044931234","0,0,0"
31.483333333333334,46,AV,1,0,0,77,905.8209551718018,0.1,-0.031483333333333335,"0.6815852713178296,0.31362477718360066,0.3396713395638629,0.1,0.77,0.044755704180963","0,0,0"
26.05,49,AV,0,0,0,41,938.3100494872764,0.2,-0.060093093545250054,"0.230573476702509,0.1426777777777778,0.17634289617486343,0.2,0.41,0.04636095772029518","0,0,0"
12.05,137,AV,2,0,0,22,2276.662146114732,0.3,-0.03615,"0.06065384615384614,0.07865151515151514,0.11298611111111112,0.3,0.22,0.1124875914492194","0,0,0"
13.966666666666667,98,AV,1,0,0,40,1592.2311391495805,0.3,-0.0419,"0.21695032051282048,0.13674050632911391,0.1708177966101695,0.3,0.4,0.07867054238989274","0,0,0"
10.1,95,AV,0,0,0,29,1572.8756307612184,0.6,-0.06536833632190629,"0.09533460559796436,0.09149540229885057,0.12540064102564105,0.6,0.29,0.07771420614843609","0,0,0"
55.63333333333333,251,AV,0,0,0,57,5480.041794665195,0.1,-0.05700193603401005,"0.48466835016835014,0.24055020080321285,0.27157826086956527,0.1,0.57,0.27076336450488875","0,0,0"
23.916666666666668,228,AV,2,0,0,51,4549.115907877681,0.1,-0.02391666666666667,"0.3900333333333333,0.20392532467532462,0.23228228228228226,0.1,0.51,0.22476725085176577","0,0,0"
29.2,110,AV,2,0,0,58,1804.2001824470888,0.3,-0.0876,"0.5083301282051282,0.2507037037037037,0.28136695906432746,0.3,0.58,0.08914372005616313","0,0,0"
23.5,239,AV,1,0,0,55,4843.3187157075145,0.1,-0.0235,"0.4593736842105263,0.2304792899408284,0.2640100574712643,0.1,0.55,0.23930351628177382","0,0,0"
16.833333333333332,131,AV,1,0,0,46,2212.8825544422834,0.1,-0.016833333333333336,"0.2876440329218108,0.1664549808429119,0.19730533333333333,0.1,0.46,0.10933630584318776","0,0,0"
12.0,247,AV,2,0,0,22,5304.212874057136,0.2,-0.024,"0.06065384615384614,0.07865151515151514,0.11298611111111112,0.2,0.22,0.2620758340252039","0,0,0"
29.4,235,AV,1,0,0,65,4747.153558918807,0.2,-0.0588,"0.6073673469387754,0.2843774834437086,0.3177684478371501,0.2,0.65,0.23455209241022626","0,0,0"
27.233333333333334,111,AV,2,0,0,56,1805.1606101798543,0.2,-0.05446666666666666,"0.4774692028985507,0.2375260416666667,0.26985546875,0.2,0.56,0.08919117382641367","0,0,0"
29.316666666666666,135,AV,0,0,0,42,2250.3510049999354,0.1,-0.03264948007370235,"0.24555381944444446,0.14821515151515155,0.18126470588235294,0.1,0.42,0.11118758437643748","0,0,0"
26.283333333333335,206,AV,1,0,0,60,3987.5502105766736,0.7,-0.18398333333333333,"0.5322491582491583,0.26048896247240616,0.28952948717948723,0.7,0.6,0.19702085341739287","0,0,0"
71.41666666666667,280,AV,0,0,0,69,8987.033628468456,0.1,-0.07225120232215171,"0.6392456140350877,0.2964619565217392,0.3313630363036303,0.1,0.69,0.4440403108844108","0,0,0"
7.966666666666667,73,AV,1,0,0,11,1234.5997004771,0.2,-0.015933333333333334,"0.05046666666666667,0.07031481481481482,0.10389999999999999,0.2,0.11,0.06100033197617807","0,0,0"
17.7,117,AV,1,0,0,47,1945.516475481125,0.3,-0.053099999999999994,"0.3077248062015504,0.17195807127882598,0.20302962962962964,0.3,0.47,0.09612601624932422","0,0,0"
18.833333333333332,28,AV,0,0,0,37,682.056612603955,0.1,-0.029829487994698624,"0.18369865319865322,0.12493589743589745,0.15816161616161614,0.1,0.37,0.033699732617228556","0,0,0"
66.25,112,AV,0,0,0,62,1836.592480640456,0.4,-0.2690836495189094,"0.5657118380062305,0.2689825174825175,0.2992179487179487,0.4,0.62,0.09074419099626069","0,0,0"
15.466666666666667,114,AV,0,0,0,32,1900.764377468582,0.1,-0.019412447684505618,"0.14195535714285712,0.11052258064516128,0.14301917404129794,0.1,0.32,0.09391486000625965","0,0,0"
17.216666666666665,45,AV,2,0,0,36,902.2448599555772,0.7,-0.12051666666666666,"0.17167272727272725,0.12064338919925513,0.15260989010989012,0.7,0.36,0.04457901290582028","0,0,0"
15.2,234,AV,1,0,0,41,4689.4303597647895,0.3,-0.045599999999999995,"0.230573476702509,0.1426777777777778,0.17634289617486343,0.3,0.41,0.2317000470794511","0,0,0"
24.8,1,AV,1,0,0,58,424.9057127261393,0.2,-0.049600000000000005,"0.5083301282051282,0.2507037037037037,0.28136695906432746,0.2,0.58,0.02099416476842877","0,0,0"
6.883333333333334,143,AV,0,0,0,19,2398.572127464108,0.1,-0.010010193649153556,"0.0566590909090909,0.07625157232704402,0.11130092592592591,0.1,0.19,0.11851104126104732","0,0,0"
29.7,240,AV,1,0,0,67,4864.205776554158,0.5,-0.1485,"0.6254192439862544,0.29048816568047336,0.3241111111111112,0.5,0.67,0.24033552499290464","0,0,0"
72.91666666666667,274,AV,0,0,0,75,7612.519032757181,0.7,-0.5114018858783005,"0.6666719298245615,0.30885350877192974,0.33730526315789466,0.7,0.75,0.3761269243737155","0,0,0"
31.7,209,AV,1,0,0,78,4113.319853961603,0.2,-0.0634,"0.6886249999999999,0.31722537878787876,0.3430104166666667,0.2,0.78,0.20323500525627752","0,0,0"
18.416666666666668,216,AV,1,0,0,47,4227.85786318916,0.1,-0.018416666666666668,"0.3077248062015504,0.17195807127882598,0.20302962962962964,0.1,0.47,0.2088942133251532","0,0,0"
17.883333333333333,277,AV,2,0,0,41,8326.33528790118,0.2,-0.03576666666666666,"0.230573476702509,0.1426777777777778,0.17634289617486343,0.2,0.41,0.41139586905023645","0,0,0"
31.65,174,AV,2,0,0,65,3017.17067826153,0.1,-0.031650000000000005,"0.6073673469387754,0.2843774834437086,0.3177684478371501,0.1,0.65,0.14907537474018487","0,0,0"
12.666666666666666,270,AV,1,0,0,34,7177.938863287724,0.8,-0.10133333333333333,"0.1528505747126437,0.11507770961145194,0.14900660066006602,0.8,0.34,0.35465475440829575","0,0,0"
30.316666666666666,288,AV,2,0,0,63,11185.875164713363,0.5,-0.15158333333333332,"0.5797978395061729,0.2741229314420804,0.3047111959287532,0.5,0.63,0.5526828641120808","0,0,0"
34.3,97,AV,2,0,0,75,1587.6148581174584,0.2,-0.0686,"0.6666719298245615,0.30885350877192974,0.33730526315789466,0.2,0.75,0.07844245657766878","0,0,0"
46.95,93,AV,0,0,0,54,1530.6528609905624,0.2,-0.09879986997779915,"0.44317656765676566,0.2249151696606787,0.26079910714285715,0.2,0.54,0.07562802147500029","0,0,0"
32.2,269,AV,1,0,0,77,6947.27484286379,0.1,-0.0322,"0.6815852713178296,0.31362477718360066,0.3396713395638629,0.1,0.77,0.3432578766872154","0,0,0"
24.1,156,AV,1,0,0,57,2756.9260540590044,0.1,-0.024100000000000003,"0.48466835016835014,0.24055020080321285,0.27157826086956527,0.1,0.57,0.1362169490778143","0,0,0"
57.28333333333333,281,AV,0,0,0,57,8987.822610831106,0.4,-0.22996779573037282,"0.48466835016835014,0.24055020080321285,0.27157826086956527,0.4,0.57,0.4440792937110115","0,0,0"
31.033333333333335,292,AV,2,0,0,63,13079.31179296209,0.2,-0.06206666666666667,"0.5797978395061729,0.2741229314420804,0.3047111959287532,0.2,0.63,0.6462356673845856","0,0,0"
62.61666666666667,182,AV,0,0,0,60,3245.380745418587,0.1,-0.06492764358689014,"0.5322491582491583,0.26048896247240616,0.28952948717948723,0.1,0.6,0.16035100509349434","0,0,0"
18.75,295,AV,0,0,0,36,13748.957190518822,0.2,-0.03804549591624098,"0.17167272727272725,0.12064338919925513,0.15260989010989012,0.2,0.36,0.6793221743240372","0,0,0"
36.35,195,AV,0,0,0,46,3654.013033637752,0.4,-0.14745253783469223,"0.2876440329218108,0.1664549808429119,0.19730533333333333,0.4,0.46,0.18054111629141673","0,0,0"
14.516666666666667,53,AV,2,0,0,30,979.573716991658,0.3,-0.04355,"0.1070275482093664,0.0979087837837838,0.13172372372372373,0.3,0.3,0.048399754113449336","0,0,0"
22.783333333333335,255,AV,1,0,0,53,5825.994272151124,0.2,-0.04556666666666667,"0.42493713450292403,0.21635755813953483,0.24733510638297876,0.2,0.53,0.28785652916908544","0,0,0"
17.25,257,AV,2,0,0,36,5862.8833826120845,0.1,-0.017249999999999998,"0.17167272727272725,0.12064338919925513,0.15260989010989012,0.1,0.36,0.28967918308966784","0,0,0"
26.316666666666666,152,AV,1,0,0,62,2648.588416164911,0.9,-0.23685,"0.5657118380062305,0.2689825174825175,0.2992179487179487,0.9,0.62,0.13086409513292768","0,0,0"
31.466666666666665,74,AV,2,0,0,63,1261.43865123121,0.4,-0.12586666666666665,"0.5797978395061729,0.2741229314420804,0.3047111959287532,0.4,0.63,0.06232641759345169","0,0,0"
31.183333333333334,122,AV,2,0,0,60,2033.019749384408,0.1,-0.031183333333333337,"0.5322491582491583,0.26048896247240616,0.28952948717948723,0.1,0.6,0.10044946518183244","0,0,0"
20.183333333333334,129,AV,1,0,0,50,2158.6935677652164,0.3,-0.06055,"0.35007119741100323,0.1906371951219513,0.2229188790560472,0.3,0.5,0.10665888240344744","0,0,0"
9.316666666666666,154,AV,1,0,0,25,2744.255474143275,0.2,-0.01863333333333333,"0.07735906862745097,0.08436017897091723,0.11808947368421058,0.2,0.25,0.13559090844222083","0,0,0"
34.4,168,AV,2,0,0,75,2909.5116230827134,0.4,-0.1376,"0.6666719298245615,0.30885350877192974,0.33730526315789466,0.4,0.75,0.14375604888613547","0,0,0"
12.233333333333333,32,AV,1,0,0,34,761.8437659652793,0.2,-0.024466666666666664,"0.1528505747126437,0.11507770961145194,0.14900660066006602,0.2,0.34,0.03764193577878302","0,0,0"
21.583333333333332,140,AV,2,0,0,47,2347.541384251396,0.8,-0.17266666666666666,"0.3077248062015504,0.17195807127882598,0.20302962962962964,0.8,0.47,0.11598966346080683","0,0,0"
16.366666666666667,199,AV,1,0,0,42,3783.636689084741,0.8,-0.13093333333333335,"0.24555381944444446,0.14821515151515155,0.18126470588235294,0.8,0.42,0.18694569099783895","0,0,0"
11.733333333333333,173,AV,2,0,0,23,2996.640782499388,0.4,-0.046933333333333334,"0.0703003144654088,0.08190514905149052,0.11601333333333334,0.4,0.23,0.14806101319737625","0,0,0"
16.883333333333333,244,AV,1,0,0,46,4950.268578812107,0.9,-0.15195,"0.2876440329218108,0.1664549808429119,0.19730533333333333,0.9,0.46,0.24458780166728444","0,0,0"
48.516666666666666,26,AV,0,0,0,54,658.4091024775607,0.3,-0.15694109403527057,"0.44317656765676566,0.2249151696606787,0.26079910714285715,0.3,0.54,0.032531332877974904","0,0,0"
19.016666666666666,78,AV,1,0,0,48,1323.5149786113286,0.1,-0.019016666666666668,"0.32572549019607844,0.1808495670995671,0.21132123655913979,0.1,0.48,0.06539354662044386","0,0,0"
26.066666666666666,17,AV,2,0,0,53,600.3305173079323,0.2,-0.05213333333333334,"0.42493713450292403,0.21635755813953483,0.24733510638297876,0.2,0.53,0.029661728280885674","0,0,0"
21.833333333333332,35,AV,1,0,0,52,777.0630287344238,0.1,-0.021833333333333333,"0.4052222222222222,0.20964457831325298,0.24085598705501618,0.1,0.52,0.03839390427593374","0,0,0"
29.3,249,AV,1,0,0,68,5341.061461458292,0.1,-0.0293,"0.630655,0.2925244821092279,0.327626213592233,0.1,0.68,0.26389648574207625","0,0,0"
31.733333333333334,19,AV,1,0,0,69,616.3739675020589,0.9,-0.2856,"0.6392456140350877,0.2964619565217392,0.3313630363036303,0.9,0.69,0.030454419051430016","0,0,0"
17.15,90,AV,0,0,0,34,1527.6889462703334,0.3,-0.05635937636114363,"0.1528505747126437,0.11507770961145194,0.14900660066006602,0.3,0.34,0.07548157742369105","0,0,0"
32.8,82,AV,0,0,0,44,1447.5744631551047,0.1,-0.03798108062203111,"0.2644245614035089,0.15564670658682633,0.1884463276836158,0.1,0.44,0.07152320122755207","0,0,0"
38.25,96,AV,0,0,0,47,1573.7150367511856,0.1,-0.043015792932552255,"0.3077248062015504,0.17195807127882598,0.20302962962962964,0.1,0.47,0.07775568035585004","0,0,0"
30.516666666666666,256,AV,1,0,0,69,5849.7981009167725,0.1,-0.030516666666666664,"0.6392456140350877,0.2964619565217392,0.3313630363036303,0.1,0.69,0.28903265245540044","0,0,0"
13.116666666666667,246,AV,1,0,0,39,5064.807770076448,0.1,-0.013116666666666669,"0.2011886446886447,0.13061581920903959,0.16304613095238094,0.1,0.39,0.25024706813941117","0,0,0"
79.76666666666667,123,AV,0,0,0,94,2078.9202215407213,0.2,-0.16314097537860703,"0.7191326164874552,0.3262583333333333,0.35372440944881894,0.2,0.94,0.10271736143866485","0,0,0"
45.15,273,AV,0,0,0,53,7511.51421120444,0.5,-0.22674846712515204,"0.42493713450292403,0.21635755813953483,0.24733510638297876,0.5,0.53,0.3711363775239707","0,0,0"
13.3,102,AV,2,0,0,22,1635.9686818612918,0.2,-0.026600000000000002,"0.06065384615384614,0.07865151515151514,0.11298611111111112,0.2,0.22,0.08083157047389894","0,0,0"
24.45,191,AV,2,0,0,52,3523.1638559153366,0.3,-0.07335,"0.4052222222222222,0.20964457831325298,0.24085598705501618,0.3,0.52,0.1740759897594787","0,0,0"
14.166666666666666,136,AV,1,0,0,40,2255.9253983027734,0.2,-0.028333333333333335,"0.21695032051282048,0.13674050632911391,0.1708177966101695,0.2,0.4,0.11146300955425625","0,0,0"
34.61666666666667,47,AV,0,0,0,44,913.5589076746268,0.3,-0.11205965121897886,"0.2644245614035089,0.15564670658682633,0.1884463276836158,0.3,0.44,0.04513802864718944","0,0,0"
23.816666666666666,128,AV,1,0,0,55,2139.4702648744856,0.2,-0.04763333333333333,"0.4593736842105263,0.2304792899408284,0.2640100574712643,0.2,0.55,0.10570907830292801","0,0,0"
30.0,287,AV,1,0,0,68,11049.706566164488,0.1,-0.03,"0.630655,0.2925244821092279,0.327626213592233,0.1,0.68,0.5459549103364543","0,0,0"
16.116666666666667,210,AV,1,0,0,44,4116.183110063293,0.9,-0.14505,"0.2644245614035089,0.15564670658682633,0.1884463276836158,0.9,0.44,0.2033764758662804","0,0,0"
32.88333333333333,232,AV,1,0,0,82,4660.29795945294,0.4,-0.13153333333333334,"0.7107316017316018,0.3214171374764595,0.3476944444444445,0.4,0.82,0.23026064442157015","0,0,0"
27.516666666666666,299,AV,0,0,0,41,20239.22920549412,0.1,-0.02788723413857237,"0.230573476702509,0.1426777777777778,0.17634289617486343,0.1,0.41,1.0","0,0,0"
13.683333333333334,43,AV,0,0,0,31,857.6590975250949,0.3,-0.04979473321817769,"0.1305876436781609,0.10507346491228071,0.13893154761904758,0.3,0.31,0.04237607513690668","0,0,0"
32.6,263,AV,2,0,0,64,6130.868263041086,0.4,-0.13040000000000002,"0.5919238095238095,0.2776609589041096,0.3099883720930233,0.4,0.64,0.3029200470429381","0,0,0"
11.3,23,AV,1,0,0,29,636.6552097563458,0.2,-0.022600000000000002,"0.09533460559796436,0.09149540229885057,0.12540064102564105,0.2,0.29,0.03145649487400044","0,0,0"
27.766666666666666,5,AV,1,0,0,64,491.0984231068265,0.3,-0.0833,"0.5919238095238095,0.2776609589041096,0.3099883720930233,0.3,0.64,0.024264680147676444","0,0,0"
13.916666666666666,291,AV,1,0,0,39,12051.378145129962,0.2,-0.027833333333333335,"0.2011886446886447,0.13061581920903959,0.16304613095238094,0.2,0.39,0.5954464976293913","0,0,0"
14.866666666666667,172,AV,1,0,0,41,2991.769966736588,0.2,-0.029733333333333334,"0.230573476702509,0.1426777777777778,0.17634289617486343,0.2,0.41,0.14782035107959768","0,0,0"
5.083333333333333,243,AV,0,0,0,14,4925.450001742355,0.5,-0.026939370175452036,"0.051037878787878785,0.07365,0.1072916666666667,0.5,0.14,0.24336154068581314","0,0,0"
33.416666666666664,44,AV,1,0,0,86,898.3728471886773,0.5,-0.16708333333333333,"0.7132831325301204,0.3226321138211382,0.3490401002506266,0.5,0.86,0.044387700641524724","0,0,0"
20.283333333333335,160,AV,1,0,0,50,2780.081336731352,0.1,-0.020283333333333334,"0.35007119741100323,0.1906371951219513,0.2229188790560472,0.1,0.5,0.1373610283526348","0,0,0"
8.766666666666667,233,AV,0,0,0,24,4687.914961676448,0.6,-0.05419985837228539,"0.07431267217630855,0.08255308641975308,0.11692829457364341,0.6,0.24,0.23162517278098077","0,0,0"
57.28333333333333,237,AV,0,0,0,57,4756.448820673547,0.1,-0.058860139955829054,"0.48466835016835014,0.24055020080321285,0.27157826086956527,0.1,0.57,0.23501136196344702","0,0,0"
24.1,8,AV,0,0,0,40,508.6019702527906,0.2,-0.06294630543855793,"0.21695032051282048,0.13674050632911391,0.1708177966101695,0.2,0.4,0.025129512843044734","0,0,0"
16.383333333333333,62,AV,1,0,0,44,1059.8377785859489,0.6,-0.0983,"0.2644245614035089,0.15564670658682633,0.1884463276836158,0.6,0.44,0.052365520832099985","0,0,0"
60.78333333333333,229,AV,0,0,0,59,4609.601315671212,0.1,-0.06241037209143641,"0.5292857142857144,0.2579126016260163,0.2882093333333333,0.1,0.59,0.2277557741388637","0,0,0"
71.45,55,AV,0,0,0,68,1011.0784796502788,0.1,-0.0788678218120063,"0.630655,0.2925244821092279,0.327626213592233,0.1,0.68,0.04995637281363524","0,0,0"
14.3,165,AV,2,0,0,29,2853.537244729806,0.5,-0.07150000000000001,"0.09533460559796436,0.09149540229885057,0.12540064102564105,0.5,0.29,0.14099041103577145","0,0,0"
18.466666666666665,92,AV,1,0,0,47,1530.0661682302475,0.1,-0.018466666666666666,"0.3077248062015504,0.17195807127882598,0.20302962962962964,0.1,0.47,0.07559903357460358","0,0,0"
48.85,189,AV,0,0,0,54,3465.4556083993225,0.4,-0.19756421759431056,"0.44317656765676566,0.2249151696606787,0.26079910714285715,0.4,0.54,0.17122468317412964","0,0,0"
64.25,186,AV,0,0,0,60,3386.12741774329,0.6,-0.38771491960423576,"0.5322491582491583,0.26048896247240616,0.28952948717948723,0.6,0.6,0.16730515689916173","0,0,0"
21.483333333333334,24,AV,1,0,0,52,640.5426603936758,0.3,-0.06445000000000001,"0.4052222222222222,0.20964457831325298,0.24085598705501618,0.3,0.52,0.03164856990797825","0,0,0"
20.45,68,AV,1,0,0,50,1129.1321270070612,0.3,-0.061349999999999995,"0.35007119741100323,0.1906371951219513,0.2229188790560472,0.3,0.5,0.05578928503366858","0,0,0"
16.766666666666666,33,AV,1,0,0,44,767.6170681366935,0.1,-0.016766666666666666,"0.2644245614035089,0.15564670658682633,0.1884463276836158,0.1,0.44,0.03792718884414417","0,0,0"
35.483333333333334,148,AV,2,0,0,91,2520.757475212996,0.4,-0.14193333333333333,"0.7181212121212123,0.3253014403292181,0.3526538461538461,0.4,0.91,0.12454809665027725","0,0,0"
78.05,278,AV,0,0,0,85,8493.635575370567,0.3,-0.23503301410314187,"0.7090108225108225,0.3220747126436781,0.34847416020671834,0.3,0.85,0.41966200832712014","0,0,0"
19.95,283,AV,1,0,0,49,9667.367812467324,0.4,-0.0798,"0.3390539682539683,0.1857784552845528,0.21657507507507506,0.4,0.49,0.4776549400331427","0,0,0"
22.95,115,AV,1,0,0,53,1927.298426803608,0.9,-0.20654999999999998,"0.42493713450292403,0.21635755813953483,0.24733510638297876,0.9,0.53,0.09522588075045987","0,0,0"
22.6,65,AV,0,0,0,39,1089.3140785512585,0.1,-0.02948506661914687,"0.2011886446886447,0.13061581920903959,0.16304613095238094,0.1,0.39,0.05382191522667051","0,0,0"
24.45,276,AV,1,0,0,57,8029.700924090037,0.1,-0.02445,"0.48466835016835014,0.24055020080321285,0.27157826086956527,0.1,0.57,0.39673946287985623","0,0,0"
24.9,20,AV,1,0,0,58,626.2908344343901,0.9,-0.2241,"0.5083301282051282,0.2507037037037037,0.28136695906432746,0.9,0.58,0.030944401492541913","0,0,0"
11.083333333333334,192,AV,2,0,0,13,3558.5090095449787,0.1,-0.011083333333333334,"0.05021428571428571,0.07315333333333333,0.10615740740740741,0.1,0.13,0.17582235832276605","0,0,0"
16.966666666666665,221,AV,2,0,0,32,4376.119511966378,0.6,-0.10179999999999999,"0.14195535714285712,0.11052258064516128,0.14301917404129794,0.6,0.32,0.2162196725742125","0,0,0"
40.03333333333333,14,AV,0,0,0,48,583.3206434887895,0.3,-0.13295742255776025,"0.32572549019607844,0.1808495670995671,0.21132123655913979,0.3,0.48,0.028821287489073047","0,0,0"
19.083333333333332,296,AV,1,0,0,48,15387.119225735782,0.1,-0.019083333333333334,"0.32572549019607844,0.1808495670995671,0.21132123655913979,0.1,0.48,0.7602621161856702","0,0,0"
20.033333333333335,21,AV,1,0,0,49,627.4062491148882,0.6,-0.12020000000000002,"0.3390539682539683,0.1857784552845528,0.21657507507507506,0.6,0.49,0.0309995130123124","0,0,0"
15.4,12,AV,0,0,0,32,567.9518330451218,0.4,-0.07480534517828408,"0.14195535714285712,0.11052258064516128,0.14301917404129794,0.4,0.32,0.028061929991431995","0,0,0"
14.85,196,AV,1,0,0,40,3724.6301341612702,0.4,-0.0594,"0.21695032051282048,0.13674050632911391,0.1708177966101695,0.4,0.4,0.1840302363466582","0,0,0"
26.3,231,AV,1,0,0,60,4645.51881630073,0.4,-0.10520000000000002,"0.5322491582491583,0.26048896247240616,0.28952948717948723,0.4,0.6,0.2295304217929239","0,0,0"
31.5,183,AV,1,0,0,71,3323.1633986738134,0.2,-0.063,"0.6488707482993198,0.3024417562724014,0.3349444444444445,0.2,0.71,0.16419416791681526","0,0,0"
5.033333333333333,250,AV,0,0,0,6,5354.15698790508,0.4,-0.021534114075650444,"0.0,0.0,0.0,0.4,0.06,0.26454352255923097","0,0,0"
12.666666666666666,242,AV,1,0,0,31,4924.983441788647,0.1,-0.012666666666666666,"0.1305876436781609,0.10507346491228071,0.13893154761904758,0.1,0.31,0.24333848842680805","0,0,0"
24.2,145,AV,0,0,0,40,2472.005569054355,0.2,-0.051433973747425275,"0.21695032051282048,0.13674050632911391,0.1708177966101695,0.2,0.4,0.12213931390150505","0,0,0"
30.166666666666668,285,AV,2,0,0,58,10751.672106064549,0.4,-0.12066666666666669,"0.5083301282051282,0.2507037037037037,0.28136695906432746,0.4,0.58,0.5312293268137855","0,0,0"
13.233333333333333,267,AV,2,0,0,23,6563.608435155774,0.3,-0.0397,"0.0703003144654088,0.08190514905149052,0.11601333333333334,0.3,0.23,0.3243013045859485","0,0,0"
69.61666666666666,166,AV,0,0,0,66,2857.8751728516777,0.2,-0.1418576606906812,"0.6112251773049645,0.28712499999999996,0.31996448087431695,0.2,0.66,0.14120474371009553","0,0,0"
38.03333333333333,134,AV,0,0,0,46,2239.194506681481,0.2,-0.07941608538738117,"0.2876440329218108,0.1664549808429119,0.19730533333333333,0.2,0.46,0.11063635299281217","0,0,0"
24.15,286,AV,1,0,0,57,10783.100237376317,0.2,-0.0483,"0.48466835016835014,0.24055020080321285,0.27157826086956527,0.2,0.57,0.5327821592360418","0,0,0"
31.633333333333333,64,AV,2,0,0,62,1083.524948441525,0.9,-0.2847,"0.5657118380062305,0.2689825174825175,0.2992179487179487,0.9,0.62,0.053535880118764236","0,0,0"
20.65,214,AV,0,0,0,38,4200.245935785981,0.4,-0.08438560972730197,"0.19252750809061486,0.1284352380952381,0.16184477124183005,0.4,0.38,0.2075299357075212","0,0,0"
12.15,159,AV,0,0,0,29,2767.495209174315,0.2,-0.02701003179161334,"0.09533460559796436,0.09149540229885057,0.12540064102564105,0.2,0.29,0.1367391604233156","0,0,0"
27.233333333333334,170,AV,2,0,0,53,2946.490055333797,0.4,-0.10893333333333333,"0.42493713450292403,0.21635755813953483,0.24733510638297876,0.4,0.53,0.1455831161067115","0,0,0"
11.983333333333333,36,AV,0,0,0,30,779.0639592631991,0.2,-0.03359360410976586,"0.1070275482093664,0.0979087837837838,0.13172372372372373,0.2,0.3,0.0384927682449347","0,0,0"
18.516666666666666,124,AV,1,0,0,47,2105.159940183184,0.1,-0.018516666666666664,"0.3077248062015504,0.17195807127882598,0.20302962962962964,0.1,0.47,0.10401383959877876","0,0,0"
13.8,144,AV,2,0,0,30,2421.0391237858234,0.4,-0.055200000000000006,"0.1070275482093664,0.0979087837837838,0.13172372372372373,0.4,0.3,0.1196211129981477","0,0,0"
21.45,175,AV,2,0,0,45,3031.4508351358254,0.1,-0.02145,"0.279959349593496,0.16457809523809522,0.1960975609756098,0.1,0.45,0.14978094295769478","0,0,0"
41.6,289,AV,0,0,0,50,11515.391842589095,0.2,-0.08385130219644474,"0.35007119741100323,0.1906371951219513,0.2229188790560472,0.2,0.5,0.5689639524149042","0,0,0"
29.366666666666667,54,AV,0,0,0,42,985.0802174553831,0.2,-0.06634692648757785,"0.24555381944444446,0.14821515151515155,0.18126470588235294,0.2,0.42,0.04867182477423469","0,0,0"
24.716666666666665,121,AV,1,0,0,57,2030.86588445069,0.1,-0.024716666666666665,"0.48466835016835014,0.24055020080321285,0.27157826086956527,0.1,0.57,0.10034304487739054","0,0,0"
22.1,188,AV,1,0,0,52,3458.1247672483346,0.2,-0.0442,"0.4052222222222222,0.20964457831325298,0.24085598705501618,0.2,0.52,0.17086247367116114","0,0,0"
76.38333333333334,161,AV,0,0,0,79,2797.307504072895,0.6,-0.46098114963731374,"0.7031882352941178,0.31948425925925933,0.34516086956521747,0.6,0.79,0.13821215599028547","0,0,0"
32.333333333333336,230,AV,2,0,0,66,4635.813442599864,0.4,-0.12933333333333336,"0.6112251773049645,0.28712499999999996,0.31996448087431695,0.4,0.66,0.22905088902009327","0,0,0"
21.366666666666667,217,AV,1,0,0,51,4237.057085974603,0.1,-0.02136666666666667,"0.3900333333333333,0.20392532467532462,0.23228228228228226,0.1,0.51,0.20934873768929974","0,0,0"
23.0,204,AV,1,0,0,54,3919.41152379869,0.1,-0.023000000000000003,"0.44317656765676566,0.2249151696606787,0.26079910714285715,0.1,0.54,0.1936541892976206","0,0,0"
16.283333333333335,80,AV,2,0,0,38,1386.7650627050614,0.1,-0.016283333333333337,"0.19252750809061486,0.1284352380952381,0.16184477124183005,0.1,0.38,0.0685186697885022","0,0,0"
50.483333333333334,142,AV,0,0,0,55,2392.7441380289174,0.3,-0.15458447638667222,"0.4593736842105263,0.2304792899408284,0.2640100574712643,0.3,0.55,0.1182230861528751","0,0,0"
23.066666666666666,59,AV,2,0,0,51,1025.7249596144625,0.3,-0.0692,"0.3900333333333333,0.20392532467532462,0.23228228228228226,0.3,0.51,0.050680040687321244","0,0,0"
31.183333333333334,76,AV,1,0,0,69,1297.4303329633815,0.1,-0.031183333333333337,"0.6392456140350877,0.2964619565217392,0.3313630363036303,0.1,0.69,0.06410473046133508","0,0,0"
52.21666666666667,86,AV,0,0,0,55,1503.4428459110418,0.2,-0.10942188346039534,"0.4593736842105263,0.2304792899408284,0.2640100574712643,0.2,0.55,0.07428360194186243","0,0,0"
27.133333333333333,0,AV,1,0,0,62,388.2787303527966,0.6,-0.16279999999999997,"0.5657118380062305,0.2689825174825175,0.2992179487179487,0.6,0.62,0.01918446233354553","0,0,0"
59.2,245,AV,0,0,0,58,4959.361066312568,0.4,-0.23831229158347542,"0.5083301282051282,0.2507037037037037,0.28136695906432746,0.4,0.58,0.24503705234813514","0,0,0"
30.416666666666668,198,AV,2,0,0,60,3778.090807703549,0.9,-0.27375000000000005,"0.5322491582491583,0.26048896247240616,0.28952948717948723,0.9,0.6,0.18667167456544997","0,0,0"
17.233333333333334,238,AV,2,0,0,42,4818.617258984985,0.3,-0.0517,"0.24555381944444446,0.14821515151515155,0.18126470588235294,0.3,0.42,0.2380830420990997","0,0,0"
15.616666666666667,150,AV,2,0,0,31,2538.843693606908,0.1,-0.015616666666666668,"0.1305876436781609,0.10507346491228071,0.13893154761904758,0.1,0.31,0.12544171854715278","0,0,0"
35.333333333333336,83,AV,2,0,0,81,1454.957177165027,0.1,-0.035333333333333335,"0.7060460526315789,0.32048324022346364,0.34642399999999995,0.1,0.81,0.07188797371641335","0,0,0"
34.6,178,AV,0,0,0,44,3097.4575811220984,0.9,-0.3138213406652313,"0.2644245614035089,0.15564670658682633,0.1884463276836158,0.9,0.44,0.15304227002287546","0,0,0"
15.4,104,AV,1,0,0,42,1649.648602545546,0.1,-0.0154,"0.24555381944444446,0.14821515151515155,0.18126470588235294,0.1,0.42,0.08150748162374356","0,0,0"
29.05,197,AV,2,0,0,58,3759.463069718096,0.1,-0.02905,"0.5083301282051282,0.2507037037037037,0.28136695906432746,0.1,0.58,0.18575129672910448","0,0,0"
22.083333333333332,181,AV,2,0,0,49,3197.7177395395383,0.1,-0.022083333333333333,"0.3390539682539683,0.1857784552845528,0.21657507507507506,0.1,0.49,0.15799602381455757","0,0,0"
59.1,194,AV,0,0,0,58,3608.770587345788,0.2,-0.1202782700973841,"0.5083301282051282,0.2507037037037037,0.28136695906432746,0.2,0.58,0.17830573243205106","0,0,0"
76.31666666666666,37,AV,0,0,0,78,779.2240782816187,0.3,-0.2385749592498981,"0.6886249999999999,0.31722537878787876,0.3430104166666667,0.3,0.78,0.038500679564916006","0,0,0"
17.166666666666668,11,AV,1,0,0,46,566.7055292848979,0.3,-0.051500000000000004,"0.2876440329218108,0.1664549808429119,0.19730533333333333,0.3,0.46,0.02800035137361163","0,0,0"
14.85,13,AV,2,0,0,34,572.7967315704935,0.9,-0.13365,"0.1528505747126437,0.11507770961145194,0.14900660066006602,0.9,0.34,0.02830131156452355","0,0,0"
30.383333333333333,226,AV,2,0,0,61,4547.885280126284,0.1,-0.030383333333333335,"0.5508720538720538,0.26583,0.2956374045801527,0.1,0.61,0.2247064467698068","0,0,0"
74.56666666666666,176,AV,0,0,0,75,3032.1279287666234,0.4,-0.3007401770779014,"0.6666719298245615,0.30885350877192974,0.33730526315789466,0.4,0.75,0.14981439747436257","0,0,0"
17.316666666666666,52,AV,1,0,0,46,978.4447105201264,0.1,-0.017316666666666668,"0.2876440329218108,0.1664549808429119,0.19730533333333333,0.1,0.46,0.04834397103692658","0,0,0"
14.316666666666666,171,AV,1,0,0,40,2969.8754393798326,0.1,-0.014316666666666667,"0.21695032051282048,0.13674050632911391,0.1708177966101695,0.1,0.4,0.1467385644594426","0,0,0"
19.166666666666668,163,AV,1,0,0,49,2818.3733061874163,0.3,-0.0575,"0.3390539682539683,0.1857784552845528,0.21657507507507506,0.3,0.49,0.13925299612805134","0,0,0"
17.6,169,AV,1,0,0,46,2909.8477340427667,0.1,-0.0176,"0.2876440329218108,0.1664549808429119,0.19730533333333333,0.1,0.46,0.1437726557913017","0,0,0"
11.516666666666667,50,AV,1,0,0,31,943.1907669438916,0.1,-0.011516666666666668,"0.1305876436781609,0.10507346491228071,0.13893154761904758,0.1,0.31,0.046602109070826375","0,0,0"
8.183333333333334,16,AV,1,0,0,22,595.9176043698985,0.9,-0.07365000000000001,"0.06065384615384614,0.07865151515151514,0.11298611111111112,0.9,0.22,0.029443690682060725","0,0,0"
30.516666666666666,187,AV,1,0,0,72,3393.6426315430986,0.7,-0.21361666666666665,"0.6537557755775579,0.3034408602150538,0.3362222222222222,0.7,0.72,0.16767647606964517","0,0,0"
32.666666666666664,91,AV,1,0,0,92,1528.3774584247917,0.4,-0.13066666666666668,"0.7188297101449276,0.32570780590717296,0.3532461538461538,0.4,0.92,0.07551559611815158","0,0,0"
45.06666666666667,113,AV,0,0,0,53,1848.7234685638712,0.3,-0.1392568533518029,"0.42493713450292403,0.21635755813953483,0.24733510638297876,0.3,0.53,0.09134357093312716","0,0,0"
10.166666666666666,153,AV,0,0,0,26,2675.3892374750885,0.9,-0.09430333040700954,"0.07978186274509803,0.08585444444444444,0.11941134751773051,0.9,0.26,0.13218829681264888","0,0,0"
8.766666666666667,264,AV,1,0,0,24,6230.691172258436,0.2,-0.017533333333333335,"0.07431267217630855,0.08255308641975308,0.11692829457364341,0.2,0.24,0.3078521967905309","0,0,0"
21.816666666666666,118,AV,1,0,0,52,1950.0200213032829,0.1,-0.021816666666666668,"0.4052222222222222,0.20964457831325298,0.24085598705501618,0.1,0.52,0.09634853192798135","0,0,0"
6.616666666666666,100,AV,0,0,0,19,1594.6992934726818,0.8,-0.05763641436603869,"0.0566590909090909,0.07625157232704402,0.11130092592592591,0.8,0.19,0.07879249141759738","0,0,0"
67.73333333333333,79,AV,0,0,0,65,1348.5865378412918,0.6,-0.4119613783687959,"0.6073673469387754,0.2843774834437086,0.3177684478371501,0.6,0.65,0.0666323071965214","0,0,0"
11.05,27,AV,1,0,0,30,676.2529471816457,0.5,-0.05525,"0.1070275482093664,0.0979087837837838,0.13172372372372373,0.5,0.3,0.033412979334117666","0,0,0"
22.583333333333332,69,AV,0,0,0,39,1141.0395517097602,0.3,-0.07432295357445043,"0.2011886446886447,0.13061581920903959,0.16304613095238094,0.3,0.39,0.056377618936200136","0,0,0"
31.316666666666666,241,AV,0,0,0,43,4889.272753955773,0.1,-0.032850637131687656,"0.2580888888888889,0.15341570881226055,0.18538936781609194,0.1,0.43,0.24157405918544247","0,0,0"
33.61666666666667,126,AV,2,0,0,72,2108.868816674547,0.2,-0.06723333333333334,"0.6537557755775579,0.3034408602150538,0.3362222222222222,0.2,0.72,0.10419709146344741","0,0,0"
27.65,25,AV,0,0,0,41,650.412147456106,0.1,-0.039181149947512546,"0.230573476702509,0.1426777777777778,0.17634289617486343,0.1,0.41,0.03213621135727569","0,0,0"
33.18333333333333,252,AV,1,0,0,99,5502.789496653042,0.1,-0.033183333333333336,"0.7209551971326165,0.3271247379454926,0.3556432291666665,0.1,0.99,0.27188730562719554","0,0,0"
67.81666666666666,31,AV,0,0,0,64,743.7818724069466,0.1,-0.07790026816091834,"0.5919238095238095,0.2776609589041096,0.3099883720930233,0.1,0.64,0.03674951574761752","0,0,0"
43.38333333333333,290,AV,0,0,0,50,11940.25564443948,0.6,-0.2609281272548375,"0.35007119741100323,0.1906371951219513,0.2229188790560472,0.6,0.5,0.5899560464090298","0,0,0"
30.15,218,AV,2,0,0,62,4266.216809230351,0.2,-0.0603,"0.5657118380062305,0.2689825174825175,0.2992179487179487,0.2,0.62,0.2107894903464134","0,0,0"
6.716666666666667,88,AV,1,0,0,11,1517.942512651984,0.3,-0.020149999999999998,"0.05046666666666667,0.07031481481481482,0.10389999999999999,0.3,0.11,0.07500001592155126","0,0,0"
30.666666666666668,177,AV,2,0,0,62,3064.640983136323,0.8,-0.24533333333333338,"0.5657118380062305,0.2689825174825175,0.2992179487179487,0.8,0.62,0.1514208348559242","0,0,0"
60.88333333333333,215,AV,0,0,0,58,4223.122456076251,0.4,-0.24530927046942302,"0.5083301282051282,0.2507037037037037,0.28136695906432746,0.4,0.58,0.20866024161284988","0,0,0"
31.166666666666668,279,AV,2,0,0,64,8981.750106371177,0.4,-0.12466666666666669,"0.5919238095238095,0.2776609589041096,0.3099883720930233,0.4,0.64,0.4437792573608979","0,0,0"
64.28333333333333,87,AV,0,0,0,61,1507.5005543882637,0.1,-0.06925845588182453,"0.5508720538720538,0.26583,0.2956374045801527,0.1,0.61,0.07448408924481369","0,0,0"
18.65,227,AV,1,0,0,47,4549.070920567666,0.4,-0.0746,"0.3077248062015504,0.17195807127882598,0.20302962962962964,0.4,0.47,0.22476502807393375","0,0,0"
36.916666666666664,261,AV,2,0,0,64,6007.794801579103,0.6,-0.22149999999999997,"0.5919238095238095,0.2776609589041096,0.3099883720930233,0.6,0.64,0.29683911084658465","0,0,0"
22.65,106,AV,1,0,0,51,1664.0464513081895,0.3,-0.06795,"0.3900333333333333,0.20392532467532462,0.23228228228228226,0.3,0.51,0.08221886487932402","0,0,0"
28.783333333333335,225,AV,2,0,0,59,4504.939201911708,0.4,-0.11513333333333334,"0.5292857142857144,0.2579126016260163,0.2882093333333333,0.4,0.59,0.2225845241521748","0,0,0"
21.466666666666665,297,AV,2,0,0,47,16390.717038727882,0.3,-0.06439999999999999,"0.3077248062015504,0.17195807127882598,0.20302962962962964,0.3,0.47,0.8098488767684134","0,0,0"
52.25,119,AV,0,0,0,56,1986.5043233563797,0.4,-0.2127754763036851,"0.4774692028985507,0.2375260416666667,0.26985546875,0.4,0.56,0.09815118467145603","0,0,0"
19.366666666666667,15,AV,1,0,0,49,591.6693204447811,0.1,-0.01936666666666667,"0.3390539682539683,0.1857784552845528,0.21657507507507506,0.1,0.49,0.02923378723751827","0,0,0"
30.8,213,AV,1,0,0,67,4164.701887555128,0.8,-0.2464,"0.6254192439862544,0.29048816568047336,0.3241111111111112,0.8,0.67,0.20577373996162773","0,0,0"
31.833333333333332,185,AV,1,0,0,75,3368.9508766880413,0.4,-0.12733333333333333,"0.6666719298245615,0.30885350877192974,0.33730526315789466,0.4,0.75,0.16645648124650464","0,0,0"
11.35,146,AV,1,0,0,30,2486.38103050259,0.7,-0.07944999999999999,"0.1070275482093664,0.0979087837837838,0.13172372372372373,0.7,0.3,0.12284959102235175","0,0,0"
16.1,205,AV,2,0,0,34,3942.222625638348,0.6,-0.0966,"0.1528505747126437,0.11507770961145194,0.14900660066006602,0.6,0.34,0.19478126294296802","0,0,0"
33.166666666666664,282,AV,1,0,0,90,9095.945853089892,0.1,-0.03316666666666667,"0.7169313725490197,0.32433841463414625,0.3516297709923664,0.1,0.9,0.44942155458275634","0,0,0"
32.18333333333333,30,AV,1,0,0,78,743.7553910389753,0.6,-0.19309999999999997,"0.6886249999999999,0.31722537878787876,0.3430104166666667,0.6,0.78,0.036748207329806624","0,0,0"
13.816666666666666,162,AV,1,0,0,37,2815.231094880572,0.1,-0.013816666666666666,"0.18369865319865322,0.12493589743589745,0.15816161616161614,0.1,0.37,0.1390977426213619","0,0,0"
20.483333333333334,149,AV,2,0,0,44,2533.2754137277425,0.2,-0.04096666666666667,"0.2644245614035089,0.15564670658682633,0.1884463276836158,0.2,0.44,0.12516659542746134","0,0,0"
9.4,224,AV,1,0,0,28,4434.023444374438,0.3,-0.0282,"0.08375179856115107,0.08780743243243244,0.12217562724014337,0.3,0.28,0.21908064775365965","0,0,0"
22.583333333333332,248,AV,2,0,0,50,5307.329693361759,0.1,-0.022583333333333334,"0.35007119741100323,0.1906371951219513,0.2229188790560472,0.1,0.5,0.2622298329385507","0,0,0"
16.4,125,AV,2,0,0,39,2105.6010448069283,0.1,-0.016399999999999998,"0.2011886446886447,0.13061581920903959,0.16304613095238094,0.1,0.39,0.104035634135481","0,0,0"
23.1,272,AV,1,0,0,53,7336.658338656486,0.1,-0.023100000000000002,"0.42493713450292403,0.21635755813953483,0.24733510638297876,0.1,0.53,0.3624969243722426","0,0,0"
27.166666666666668,258,AV,1,0,0,61,5882.279762541917,0.4,-0.10866666666666668,"0.5508720538720538,0.26583,0.2956374045801527,0.4,0.61,0.29063753875296394","0,0,0"
13.55,3,AV,2,0,0,29,437.8567856598078,0.2,-0.027100000000000003,"0.09533460559796436,0.09149540229885057,0.12540064102564105,0.2,0.29,0.021634064282494894","0,0,0"
30.583333333333332,180,AV,2,0,0,61,3158.0604616132755,0.3,-0.09175,"0.5508720538720538,0.26583,0.2956374045801527,0.3,0.61,0.1560365975180513","0,0,0"
20.7,108,AV,0,0,0,38,1684.196745492046,0.3,-0.06655316143738826,"0.19252750809061486,0.1284352380952381,0.16184477124183005,0.3,0.38,0.08321447068917306","0,0,0"
8.4,260,AV,0,0,0,22,5960.007005011629,0.4,-0.03485838778271459,"0.06065384615384614,0.07865151515151514,0.11298611111111112,0.4,0.22,0.29447796378499097","0,0,0"
16.65,75,AV,2,0,0,36,1279.3396024785957,0.3,-0.049949999999999994,"0.17167272727272725,0.12064338919925513,0.15260989010989012,0.3,0.36,0.06321088562657848","0,0,0"
24.466666666666665,105,AV,1,0,0,57,1659.6531244520008,0.9,-0.22019999999999998,"0.48466835016835014,0.24055020080321285,0.27157826086956527,0.9,0.57,0.08200179500914358","0,0,0"
22.7,203,AV,2,0,0,48,3866.930621896856,0.4,-0.09079999999999999,"0.32572549019607844,0.1808495670995671,0.21132123655913979,0.4,0.48,0.19106116061214143","0,0,0"
20.983333333333334,253,AV,1,0,0,51,5557.427333357366,0.3,-0.06295,"0.3900333333333333,0.20392532467532462,0.23228228228228226,0.3,0.51,0.27458690629625127","0,0,0"
22.883333333333333,70,AV,1,0,0,52,1148.9174546898266,0.2,-0.04576666666666667,"0.4052222222222222,0.20964457831325298,0.24085598705501618,0.2,0.52,0.05676685821503235","0,0,0"
13.0,184,AV,2,0,0,28,3352.9358316496982,0.2,-0.026000000000000002,"0.08375179856115107,0.08780743243243244,0.12217562724014337,0.2,0.28,0.16566519394619603","0,0,0"
43.666666666666664,61,AV,0,0,0,52,1047.1205397958274,0.1,-0.05082916583936209,"0.4052222222222222,0.20964457831325298,0.24085598705501618,0.1,0.52,0.051737174828356464","0,0,0"
9.466666666666667,34,AV,1,0,0,28,776.0711537761008,0.1,-0.009466666666666667,"0.08375179856115107,0.08780743243243244,0.12217562724014337,0.1,0.28,0.03834489672983343","0,0,0"
12.533333333333333,81,AV,2,0,0,27,1446.9812594843625,0.2,-0.025066666666666668,"0.08182494004796162,0.08705480984340044,0.1217771739130435,0.2,0.27,0.07149389162960644","0,0,0"
17.283333333333335,39,AV,0,0,0,32,816.2772675203604,0.5,-0.09560472114083213,"0.14195535714285712,0.11052258064516128,0.14301917404129794,0.5,0.32,0.04033144045321521","0,0,0"
20.433333333333334,18,AV,1,0,0,50,601.3137559373858,0.5,-0.10216666666666667,"0.35007119741100323,0.1906371951219513,0.2229188790560472,0.5,0.5,0.029710309114645228","0,0,0"
78.05,40,AV,0,0,0,87,825.4433072334436,0.4,-0.3212860267861848,"0.7158735632183907,0.3238944099378883,0.35123232323232323,0.4,0.87,0.040784325275063815","0,0,0"
22.816666666666666,294,AV,1,0,0,51,13460.811009378149,0.5,-0.11408333333333333,"0.3900333333333333,0.20392532467532462,0.23228228228228226,0.5,0.51,0.6650851607394264","0,0,0"
29.933333333333334,72,AV,2,0,0,59,1200.7903182940884,0.4,-0.11973333333333334,"0.5292857142857144,0.2579126016260163,0.2882093333333333,0.4,0.59,0.05932984433854443","0,0,0"
21.316666666666666,138,AV,1,0,0,51,2318.1098695731453,0.7,-0.14921666666666666,"0.3900333333333333,0.20392532467532462,0.23228228228228226,0.7,0.51,0.11453548186231685","0,0,0"
30.65,71,AV,1,0,0,70,1150.4391077840953,0.1,-0.03065,"0.647145390070922,0.3012651122625216,0.33382437275985666,0.1,0.7,0.056842041567067104","0,0,0"
5.0,58,AV,0,0,0,17,1022.032321197676,0.3,-0.02233831978152224,"0.05610833333333333,0.07584959349593495,0.11147979797979797,0.3,0.17,0.05049759112961852","0,0,0"
12.05,200,AV,2,0,0,19,3803.247088152212,0.2,-0.024100000000000003,"0.0566590909090909,0.07625157232704402,0.11130092592592591,0.2,0.19,0.18791462113190488","0,0,0"
25.75,262,AV,1,0,0,57,6081.635477498837,0.1,-0.025750000000000002,"0.48466835016835014,0.24055020080321285,0.27157826086956527,0.1,0.57,0.3004875045265025","0,0,0"
29.283333333333335,60,AV,1,0,0,66,1040.734547163155,0.1,-0.029283333333333335,"0.6112251773049645,0.28712499999999996,0.31996448087431695,0.1,0.66,0.05142164934229008","0,0,0"
31.183333333333334,4,AV,0,0,0,42,449.0833195935783,0.2,-0.07906735376140785,"0.24555381944444446,0.14821515151515155,0.18126470588235294,0.2,0.42,0.022188756055575014","0,0,0"
31.983333333333334,201,AV,2,0,0,64,3824.993837156676,0.6,-0.19190000000000002,"0.5919238095238095,0.2776609589041096,0.3099883720930233,0.6,0.64,0.18898910617200515","0,0,0"
23.566666666666666,219,AV,1,0,0,53,4281.8327360815,0.9,-0.2121,"0.42493713450292403,0.21635755813953483,0.24733510638297876,0.9,0.53,0.21156105761770602","0,0,0"
28.683333333333334,116,AV,1,0,0,64,1942.5668635563816,0.1,-0.028683333333333335,"0.5919238095238095,0.2776609589041096,0.3099883720930233,0.1,0.64,0.09598027888478354","0,0,0"
12.883333333333333,275,AV,1,0,0,37,7658.5640246764915,0.5,-0.06441666666666666,"0.18369865319865322,0.12493589743589745,0.15816161616161614,0.5,0.37,0.37840196120697644","0,0,0"
25.2,66,AV,2,0,0,50,1100.389953660579,0.4,-0.1008,"0.35007119741100323,0.1906371951219513,0.2229188790560472,0.4,0.5,0.05436916309845774","0,0,0"
69.56666666666666,139,AV,0,0,0,66,2326.172138461347,0.2,-0.14235751432836533,"0.6112251773049645,0.28712499999999996,0.31996448087431695,0.2,0.66,0.11493383047561351","0,0,0"
16.366666666666667,265,AV,1,0,0,44,6427.339783247283,0.2,-0.032733333333333337,"0.2644245614035089,0.15564670658682633,0.1884463276836158,0.2,0.44,0.3175684072742515","0,0,0"
17.4,85,AV,1,0,0,46,1474.807688008607,0.3,-0.052199999999999996,"0.2876440329218108,0.1664549808429119,0.19730533333333333,0.3,0.46,0.07286876753232566","0,0,0"
22.233333333333334,293,AV,2,0,0,49,13351.937436366714,0.2,-0.044466666666666675,"0.3390539682539683,0.1857784552845528,0.21657507507507506,0.2,0.49,0.6597058267783346","0,0,0"
12.966666666666667,51,AV,1,0,0,37,954.0002559944874,0.2,-0.025933333333333336,"0.18369865319865322,0.12493589743589745,0.15816161616161614,0.2,0.37,0.04713619507483592","0,0,0"
32.583333333333336,77,AV,1,0,0,77,1310.9401185904849,0.1,-0.03258333333333334,"0.6815852713178296,0.31362477718360066,0.3396713395638629,0.1,0.77,0.06477223540877823","0,0,0"
32.833333333333336,157,AV,1,0,0,78,2758.442965787371,0.1,-0.03283333333333334,"0.6886249999999999,0.31722537878787876,0.3430104166666667,0.1,0.78,0.13629189816371895","0,0,0"
28.916666666666668,6,AV,1,0,0,63,497.26542980048754,0.1,-0.02891666666666667,"0.5797978395061729,0.2741229314420804,0.3047111959287532,0.1,0.63,0.024569385758302514","0,0,0"
31.966666666666665,167,AV,2,0,0,68,2891.134206742707,0.3,-0.0959,"0.630655,0.2925244821092279,0.327626213592233,0.3,0.68,0.14284803919103217","0,0,0"
25.666666666666668,271,AV,0,0,0,40,7332.887514065835,0.6,-0.1550227894517151,"0.21695032051282048,0.13674050632911391,0.1708177966101695,0.6,0.4,0.3623106117141683","0,0,0"
28.433333333333334,56,AV,2,0,0,58,1014.5614647146556,0.4,-0.11373333333333334,"0.5083301282051282,0.2507037037037037,0.28136695906432746,0.4,0.58,0.05012846360963409","0,0,0"
53.9,130,AV,0,0,0,56,2198.5025098873134,0.1,-0.0573114129805494,"0.4774692028985507,0.2375260416666667,0.26985546875,0.1,0.56,0.10862580227563756","0,0,0"
21.0,9,AV,1,0,0,50,541.9839687696077,0.2,-0.042,"0.35007119741100323,0.1906371951219513,0.2229188790560472,0.2,0.5,0.02677888388271631","0,0,0"
18.533333333333335,193,AV,2,0,0,43,3583.4963710051925,0.3,-0.055600000000000004,"0.2580888888888889,0.15341570881226055,0.18538936781609194,0.3,0.43,0.17705695877155342","0,0,0"
16.65,236,AV,1,0,0,45,4754.245589533712,0.1,-0.016649999999999998,"0.279959349593496,0.16457809523809522,0.1960975609756098,0.1,0.45,0.234902502524312","0,0,0"
13.466666666666667,155,AV,1,0,0,39,2747.619709803412,0.6,-0.0808,"0.2011886446886447,0.13061581920903959,0.16304613095238094,0.6,0.39,0.13575713194935043","0,0,0"
36.36666666666667,202,AV,0,0,0,44,3849.958431883558,0.1,-0.03831473964789382,"0.2644245614035089,0.15564670658682633,0.1884463276836158,0.1,0.44,0.19022258173935064","0,0,0"
33.81666666666667,48,AV,2,0,0,69,932.0432837729122,0.1,-0.033816666666666675,"0.6392456140350877,0.2964619565217392,0.3313630363036303,0.1,0.69,0.04605132311658888","0,0,0"
30.816666666666666,7,AV,1,0,0,73,506.5869000089976,0.1,-0.030816666666666666,"0.6650455974842767,0.3072148148148147,0.3366648936170213,0.1,0.73,0.025029950244917432","0,0,0"
24.6,212,AV,2,0,0,50,4159.866430607663,0.4,-0.09840000000000002,"0.35007119741100323,0.1906371951219513,0.2229188790560472,0.4,0.5,0.20553482488742356","0,0,0"
9.633333333333333,120,AV,1,0,0,28,2011.9739719035176,0.8,-0.07706666666666667,"0.08375179856115107,0.08780743243243244,0.12217562724014337,0.8,0.28,0.09940961444111464","0,0,0"
24.15,220,AV,1,0,0,55,4343.557359248321,0.3,-0.07245,"0.4593736842105263,0.2304792899408284,0.2640100574712643,0.3,0.55,0.21461080929254078","0,0,0"
27.583333333333332,94,AV,1,0,0,63,1564.4426034616197,0.4,-0.11033333333333334,"0.5797978395061729,0.2741229314420804,0.3047111959287532,0.4,0.63,0.07729753873417955","0,0,0"
24.816666666666666,259,AV,2,0,0,50,5913.041300376779,0.2,-0.049633333333333335,"0.35007119741100323,0.1906371951219513,0.2229188790560472,0.2,0.5,0.2921574354606168","0,0,0"
26.016666666666666,57,AV,2,0,0,52,1020.5842314575186,0.8,-0.20813333333333334,"0.4052222222222222,0.20964457831325298,0.24085598705501618,0.8,0.52,0.050426042469071494","0,0,0"
13.583333333333334,99,AV,0,0,0,30,1592.6375082496468,0.4,-0.059042502846892456,"0.1070275482093664,0.0979087837837838,0.13172372372372373,0.4,0.3,0.0786906206792357","0,0,0"
19.15,132,AV,1,0,0,48,2218.0502812558643,0.4,-0.0766,"0.32572549019607844,0.1808495670995671,0.21132123655913979,0.4,0.48,0.10959163803796217","0,0,0"
17.416666666666668,179,AV,2,0,0,39,3132.463358685509,0.4,-0.06966666666666668,"0.2011886446886447,0.13061581920903959,0.16304613095238094,0.4,0.39,0.15477187035537765","0,0,0"
18.283333333333335,284,AV,1,0,0,46,10426.353459350525,0.4,-0.07313333333333334,"0.2876440329218108,0.1664549808429119,0.19730533333333333,0.4,0.46,0.5151556590169055","0,0,0"
20.6,223,AV,1,0,0,50,4429.527615460413,0.4,-0.08240000000000001,"0.35007119741100323,0.1906371951219513,0.2229188790560472,0.4,0.5,0.2188585133596875","0,0,0"
15.433333333333334,103,AV,2,0,0,37,1639.6236094811811,0.4,-0.061733333333333335,"0.18369865319865322,0.12493589743589745,0.15816161616161614,0.4,0.37,0.08101215677897904","0,0,0"
62.666666666666664,211,AV,0,0,0,59,4135.471393234625,0.1,-0.06448024468156227,"0.5292857142857144,0.2579126016260163,0.2882093333333333,0.1,0.59,0.20432949057724065","0,0,0"
21.616666666666667,107,AV,1,0,0,51,1682.490559712908,0.7,-0.15131666666666665,"0.3900333333333333,0.20392532467532462,0.23228228228228226,0.7,0.51,0.08313016976240285","0,0,0"
20.383333333333333,10,AV,2,0,0,43,546.8646928603165,0.3,-0.061149999999999996,"0.2580888888888889,0.15341570881226055,0.18538936781609194,0.3,0.43,0.027020035561031403","0,0,0"
11.583333333333334,127,AV,1,0,0,30,2131.3254046090938,0.5,-0.05791666666666667,"0.1070275482093664,0.0979087837837838,0.13172372372372373,0.5,0.3,0.10530664893258515","0,0,0"
24.916666666666668,42,AV,2,0,0,50,832.3173438658397,0.1,-0.02491666666666667,"0.35007119741100323,0.1906371951219513,0.2229188790560472,0.1,0.5,0.04112396452528438","0,0,0"
25.416666666666668,67,AV,1,0,0,59,1104.4445206976068,0.1,-0.025416666666666667,"0.5292857142857144,0.2579126016260163,0.2882093333333333,0.1,0.59,0.05456949518600221","0,0,0"
12.783333333333333,164,AV,1,0,0,34,2850.5966631146844,0.1,-0.012783333333333334,"0.1528505747126437,0.11507770961145194,0.14900660066006602,0.1,0.34,0.14084511984976505","0,0,0"
12.7,158,AV,2,0,0,14,2761.3662775036096,0.4,-0.050800000000000005,"0.051037878787878785,0.07365,0.1072916666666667,0.4,0.14,0.13643633606135613","0,0,0"
66.2,38,AV,0,0,0,61,807.7368269013535,0.3,-0.20788520249444556,"0.5508720538720538,0.26583,0.2956374045801527,0.3,0.61,0.039909465854662395","0,0,0"
34.55,151,AV,2,0,0,73,2619.168197182975,0.1,-0.03455,"0.6650455974842767,0.3072148148148147,0.3366648936170213,0.1,0.73,0.1294104716434546","0,0,0"
