travel_time,id,kind,action,origin,destination,start_time,income,urgency,reward,observation,cost_table
41.86666666666667,134,AV,1,0,0,79,2046.5713793034688,,-41.86666666666667,"0,0,0,0","0,0,0"
16.9,92,AV,1,0,0,10,1475.2077210572677,,-16.9,"0,0,0,0","0,0,0"
40.583333333333336,213,AV,2,0,0,66,3863.855435177377,,-40.583333333333336,"0,0,0,0","0,0,0"
17.55,4,AV,1,0,0,13,473.5024380788758,,-17.55,"0,0,0,0","0,0,0"
33.583333333333336,209,AV,2,0,0,36,3724.6301341612702,,-33.583333333333336,"0,0,0,0","0,0,0"
22.816666666666666,13,AV,1,0,0,27,566.7055292848979,,-22.816666666666666,"0,0,0,0","0,0,0"
46.56666666666667,267,AV,1,0,0,98,6434.117121135291,,-46.56666666666667,"0,0,0,0","0,0,0"
30.333333333333332,143,AV,2,0,0,32,2198.5025098873134,,-30.333333333333332,"0,0,0,0","0,0,0"
29.733333333333334,216,AV,2,0,0,23,3942.222625638348,,-29.733333333333334,"0,0,0,0","0,0,0"
44.983333333333334,71,AV,2,0,0,91,1200.7903182940884,,-44.983333333333334,"0,0,0,0","0,0,0"
39.35,70,AV,1,0,0,69,1167.011530479414,,-39.35,"0,0,0,0","0,0,0"
25.55,154,AV,1,0,0,36,2456.6540037696086,,-25.55,"0,0,0,0","0,0,0"
41.71666666666667,286,AV,2,0,0,84,10450.70686878338,,-41.71666666666667,"0,0,0,0","0,0,0"
37.28333333333333,261,AV,1,0,0,58,5984.209260784091,,-37.28333333333333,"0,0,0,0","0,0,0"
34.666666666666664,144,AV,1,0,0,59,2212.8825544422834,,-34.666666666666664,"0,0,0,0","0,0,0"
27.15,239,AV,1,0,0,43,4704.305573257116,,-27.15,"0,0,0,0","0,0,0"
31.7,94,AV,2,0,0,41,1496.328062426438,,-31.7,"0,0,0,0","0,0,0"
25.55,18,AV,1,0,0,38,610.4868582393152,,-25.55,"0,0,0,0","0,0,0"
40.06666666666667,40,AV,1,0,0,75,827.8499544782503,,-40.06666666666667,"0,0,0,0","0,0,0"
28.216666666666665,296,AV,1,0,0,43,17322.90883950548,,-28.216666666666665,"0,0,0,0","0,0,0"
44.18333333333333,93,AV,1,0,0,91,1490.1599361877834,,-44.18333333333333,"0,0,0,0","0,0,0"
25.783333333333335,244,AV,2,0,0,14,4889.272753955773,,-25.783333333333335,"0,0,0,0","0,0,0"
23.55,2,AV,1,0,0,31,437.8567856598078,,-23.55,"0,0,0,0","0,0,0"
35.516666666666666,225,AV,2,0,0,44,4381.240268036911,,-35.516666666666666,"0,0,0,0","0,0,0"
34.05,107,AV,2,0,0,44,1659.6531244520008,,-34.05,"0,0,0,0","0,0,0"
25.533333333333335,89,AV,1,0,0,34,1467.6871321740252,,-25.533333333333335,"0,0,0,0","0,0,0"
41.55,74,AV,1,0,0,75,1249.5878531833848,,-41.55,"0,0,0,0","0,0,0"
23.333333333333332,86,AV,1,0,0,28,1454.957177165027,,-23.333333333333332,"0,0,0,0","0,0,0"
30.216666666666665,204,AV,1,0,0,49,3531.3895067900216,,-30.216666666666665,"0,0,0,0","0,0,0"
41.983333333333334,191,AV,1,0,0,77,3245.380745418587,,-41.983333333333334,"0,0,0,0","0,0,0"
17.616666666666667,59,AV,1,0,0,10,1014.5614647146556,,-17.616666666666667,"0,0,0,0","0,0,0"
17.866666666666667,167,AV,1,0,0,15,2753.3979495063454,,-17.866666666666667,"0,0,0,0","0,0,0"
45.86666666666667,128,AV,1,0,0,94,2010.868248891871,,-45.86666666666667,"0,0,0,0","0,0,0"
25.383333333333333,121,AV,2,0,0,9,1888.2149669861096,,-25.383333333333333,"0,0,0,0","0,0,0"
16.333333333333332,158,AV,1,0,0,7,2533.2754137277425,,-16.333333333333332,"0,0,0,0","0,0,0"
21.25,256,AV,1,0,0,17,5807.233742044462,,-21.25,"0,0,0,0","0,0,0"
34.96666666666667,108,AV,1,0,0,57,1664.0464513081895,,-34.96666666666667,"0,0,0,0","0,0,0"
35.36666666666667,165,AV,2,0,0,46,2648.588416164911,,-35.36666666666667,"0,0,0,0","0,0,0"
37.55,179,AV,1,0,0,69,2964.6777926145683,,-37.55,"0,0,0,0","0,0,0"
47.2,230,AV,1,0,0,98,4559.760277629775,,-47.2,"0,0,0,0","0,0,0"
40.86666666666667,153,AV,1,0,0,74,2436.431929205765,,-40.86666666666667,"0,0,0,0","0,0,0"
43.45,193,AV,2,0,0,94,3257.3450634265246,,-43.45,"0,0,0,0","0,0,0"
32.38333333333333,9,AV,2,0,0,37,513.3463032142733,,-32.38333333333333,"0,0,0,0","0,0,0"
19.166666666666668,102,AV,1,0,0,19,1581.438059619256,,-19.166666666666668,"0,0,0,0","0,0,0"
43.4,41,AV,2,0,0,86,845.7864251007381,,-43.4,"0,0,0,0","0,0,0"
39.71666666666667,116,AV,2,0,0,72,1832.3133019091129,,-39.71666666666667,"0,0,0,0","0,0,0"
18.7,258,AV,1,0,0,18,5825.994272151124,,-18.7,"0,0,0,0","0,0,0"
41.016666666666666,269,AV,1,0,0,72,6918.069898529506,,-41.016666666666666,"0,0,0,0","0,0,0"
38.63333333333333,82,AV,1,0,0,70,1342.087988935639,,-38.63333333333333,"0,0,0,0","0,0,0"
41.0,81,AV,1,0,0,78,1317.647826688136,,-41.0,"0,0,0,0","0,0,0"
13.033333333333333,237,AV,1,0,0,1,4660.29795945294,,-13.033333333333333,"0,0,0,0","0,0,0"
24.416666666666668,263,AV,1,0,0,32,6020.57275324985,,-24.416666666666668,"0,0,0,0","0,0,0"
23.933333333333334,284,AV,2,0,0,5,8987.822610831106,,-23.933333333333334,"0,0,0,0","0,0,0"
16.85,295,AV,0,0,0,44,14754.343640924068,,-16.85,"0,0,0,0","0,0,0"
37.166666666666664,136,AV,1,0,0,64,2133.445027811215,,-37.166666666666664,"0,0,0,0","0,0,0"
20.033333333333335,220,AV,1,0,0,19,4021.28082322038,,-20.033333333333335,"0,0,0,0","0,0,0"
16.9,257,AV,1,0,0,13,5825.425317043349,,-16.9,"0,0,0,0","0,0,0"
27.3,106,AV,1,0,0,38,1614.9493849180149,,-27.3,"0,0,0,0","0,0,0"
21.5,149,AV,1,0,0,25,2344.9936519099742,,-21.5,"0,0,0,0","0,0,0"
28.6,118,AV,1,0,0,46,1836.592480640456,,-28.6,"0,0,0,0","0,0,0"
27.05,129,AV,2,0,0,19,2011.9739719035176,,-27.05,"0,0,0,0","0,0,0"
22.95,90,AV,2,0,0,3,1474.5167950508735,,-22.95,"0,0,0,0","0,0,0"
29.483333333333334,122,AV,1,0,0,46,1900.764377468582,,-29.483333333333334,"0,0,0,0","0,0,0"
19.516666666666666,140,AV,1,0,0,22,2164.09247058771,,-19.516666666666666,"0,0,0,0","0,0,0"
46.666666666666664,96,AV,2,0,0,99,1517.942512651984,,-46.666666666666664,"0,0,0,0","0,0,0"
29.766666666666666,46,AV,1,0,0,46,892.1845339920479,,-29.766666666666666,"0,0,0,0","0,0,0"
23.55,61,AV,1,0,0,29,1068.5648373754009,,-23.55,"0,0,0,0","0,0,0"
38.63333333333333,285,AV,1,0,0,75,9667.56212442905,,-38.63333333333333,"0,0,0,0","0,0,0"
28.0,160,AV,1,0,0,42,2553.8725848963804,,-28.0,"0,0,0,0","0,0,0"
43.0,114,AV,2,0,0,83,1823.811293294481,,-43.0,"0,0,0,0","0,0,0"
23.45,67,AV,0,0,0,72,1141.5133047894662,,-23.45,"0,0,0,0","0,0,0"
22.85,66,AV,1,0,0,28,1135.438045570021,,-22.85,"0,0,0,0","0,0,0"
26.833333333333332,229,AV,1,0,0,38,4547.885280126284,,-26.833333333333332,"0,0,0,0","0,0,0"
34.31666666666667,62,AV,2,0,0,56,1074.3823512953045,,-34.31666666666667,"0,0,0,0","0,0,0"
43.55,127,AV,1,0,0,90,1997.7276787447236,,-43.55,"0,0,0,0","0,0,0"
13.033333333333333,205,AV,1,0,0,0,3539.477986656502,,-13.033333333333333,"0,0,0,0","0,0,0"
25.866666666666667,73,AV,1,0,0,26,1239.4416864014672,,-25.866666666666667,"0,0,0,0","0,0,0"
42.833333333333336,19,AV,2,0,0,61,615.3970356119416,,-42.833333333333336,"0,0,0,0","0,0,0"
19.866666666666667,192,AV,1,0,0,16,3256.7228478661937,,-19.866666666666667,"0,0,0,0","0,0,0"
27.983333333333334,277,AV,1,0,0,40,8028.27043643778,,-27.983333333333334,"0,0,0,0","0,0,0"
38.63333333333333,56,AV,1,0,0,72,975.0940381265832,,-38.63333333333333,"0,0,0,0","0,0,0"
45.45,188,AV,2,0,0,94,3169.820795106812,,-45.45,"0,0,0,0","0,0,0"
46.71666666666667,111,AV,2,0,0,99,1797.659883656486,,-46.71666666666667,"0,0,0,0","0,0,0"
45.96666666666667,20,AV,1,0,0,97,623.7253316558669,,-45.96666666666667,"0,0,0,0","0,0,0"
33.483333333333334,54,AV,1,0,0,54,946.2003450753726,,-33.483333333333334,"0,0,0,0","0,0,0"
13.466666666666667,178,AV,1,0,0,2,2953.761118311176,,-13.466666666666667,"0,0,0,0","0,0,0"
43.4,156,AV,1,0,0,89,2476.7673195544394,,-43.4,"0,0,0,0","0,0,0"
27.016666666666666,120,AV,1,0,0,36,1880.1756700095973,,-27.016666666666666,"0,0,0,0","0,0,0"
29.05,8,AV,1,0,0,48,508.6019702527906,,-29.05,"0,0,0,0","0,0,0"
14.483333333333333,251,AV,1,0,0,6,5370.167679594476,,-14.483333333333333,"0,0,0,0","0,0,0"
33.1,176,AV,1,0,0,54,2949.689674384749,,-33.1,"0,0,0,0","0,0,0"
15.116666666666667,243,AV,1,0,0,3,4864.205776554158,,-15.116666666666667,"0,0,0,0","0,0,0"
26.483333333333334,202,AV,2,0,0,26,3476.696831582168,,-26.483333333333334,"0,0,0,0","0,0,0"
21.266666666666666,214,AV,1,0,0,25,3933.772930850901,,-21.266666666666666,"0,0,0,0","0,0,0"
38.43333333333333,168,AV,2,0,0,69,2756.9260540590044,,-38.43333333333333,"0,0,0,0","0,0,0"
11.15,27,AV,1,0,0,0,742.6585956180782,,-11.15,"0,0,0,0","0,0,0"
42.083333333333336,103,AV,2,0,0,84,1587.6148581174584,,-42.083333333333336,"0,0,0,0","0,0,0"
42.083333333333336,49,AV,1,0,0,80,926.7012599248138,,-42.083333333333336,"0,0,0,0","0,0,0"
30.166666666666668,283,AV,1,0,0,47,8975.220492497892,,-30.166666666666668,"0,0,0,0","0,0,0"
22.433333333333334,141,AV,2,0,0,4,2187.718469250836,,-22.433333333333334,"0,0,0,0","0,0,0"
43.61666666666667,50,AV,2,0,0,88,931.9887487728153,,-43.61666666666667,"0,0,0,0","0,0,0"
40.233333333333334,124,AV,1,0,0,77,1927.298426803608,,-40.233333333333334,"0,0,0,0","0,0,0"
38.88333333333333,79,AV,1,0,0,73,1293.252850487379,,-38.88333333333333,"0,0,0,0","0,0,0"
40.28333333333333,98,AV,1,0,0,77,1530.6528609905624,,-40.28333333333333,"0,0,0,0","0,0,0"
42.63333333333333,33,AV,1,0,0,83,793.0252767736928,,-42.63333333333333,"0,0,0,0","0,0,0"
10.266666666666667,207,AV,1,0,0,0,3564.273841812899,,-10.266666666666667,"0,0,0,0","0,0,0"
41.63333333333333,299,AV,1,0,0,73,20793.30768626012,,-41.63333333333333,"0,0,0,0","0,0,0"
45.0,189,AV,1,0,0,89,3225.188153267811,,-45.0,"0,0,0,0","0,0,0"
45.833333333333336,288,AV,1,0,0,93,11861.36896338871,,-45.833333333333336,"0,0,0,0","0,0,0"
45.45,72,AV,1,0,0,94,1205.4292211271013,,-45.45,"0,0,0,0","0,0,0"
25.266666666666666,95,AV,1,0,0,34,1509.578116022191,,-25.266666666666666,"0,0,0,0","0,0,0"
31.266666666666666,146,AV,1,0,0,49,2225.3307045190536,,-31.266666666666666,"0,0,0,0","0,0,0"
14.233333333333333,197,AV,1,0,0,4,3278.222126324269,,-14.233333333333333,"0,0,0,0","0,0,0"
48.11666666666667,150,AV,2,0,0,98,2352.9451803313505,,-48.11666666666667,"0,0,0,0","0,0,0"
39.75,53,AV,2,0,0,72,943.1907669438916,,-39.75,"0,0,0,0","0,0,0"
45.25,76,AV,2,0,0,98,1261.43865123121,,-45.25,"0,0,0,0","0,0,0"
19.166666666666668,206,AV,1,0,0,21,3558.5090095449787,,-19.166666666666668,"0,0,0,0","0,0,0"
19.9,266,AV,1,0,0,8,6427.339783247283,,-19.9,"0,0,0,0","0,0,0"
32.18333333333333,148,AV,1,0,0,53,2318.1098695731453,,-32.18333333333333,"0,0,0,0","0,0,0"
33.55,274,AV,2,0,0,48,7572.106998522375,,-33.55,"0,0,0,0","0,0,0"
45.36666666666667,145,AV,2,0,0,88,2215.952556227922,,-45.36666666666667,"0,0,0,0","0,0,0"
22.933333333333334,282,AV,1,0,0,29,8689.506535985933,,-22.933333333333334,"0,0,0,0","0,0,0"
25.816666666666666,195,AV,2,0,0,26,3269.866339895674,,-25.816666666666666,"0,0,0,0","0,0,0"
39.2,218,AV,2,0,0,66,3971.0791127863904,,-39.2,"0,0,0,0","0,0,0"
33.15,171,AV,1,0,0,54,2813.5576138103806,,-33.15,"0,0,0,0","0,0,0"
15.033333333333333,45,AV,1,0,0,6,877.2934597877683,,-15.033333333333333,"0,0,0,0","0,0,0"
40.13333333333333,254,AV,1,0,0,76,5578.433439706214,,-40.13333333333333,"0,0,0,0","0,0,0"
37.5,271,AV,1,0,0,67,7177.938863287724,,-37.5,"0,0,0,0","0,0,0"
38.31666666666667,289,AV,1,0,0,68,11940.25564443948,,-38.31666666666667,"0,0,0,0","0,0,0"
25.616666666666667,42,AV,1,0,0,30,850.3216016091212,,-25.616666666666667,"0,0,0,0","0,0,0"
36.916666666666664,232,AV,1,0,0,57,4577.590037133467,,-36.916666666666664,"0,0,0,0","0,0,0"
16.966666666666665,172,AV,1,0,0,9,2815.231094880572,,-16.966666666666665,"0,0,0,0","0,0,0"
42.3,276,AV,1,0,0,85,7897.119961473183,,-42.3,"0,0,0,0","0,0,0"
42.666666666666664,298,AV,1,0,0,87,18628.94525544202,,-42.666666666666664,"0,0,0,0","0,0,0"
29.016666666666666,132,AV,1,0,0,44,2035.9911412414244,,-29.016666666666666,"0,0,0,0","0,0,0"
40.25,22,AV,2,0,0,67,639.9143284368583,,-40.25,"0,0,0,0","0,0,0"
25.733333333333334,280,AV,1,0,0,37,8436.938288223368,,-25.733333333333334,"0,0,0,0","0,0,0"
46.38333333333333,117,AV,1,0,0,98,1836.3970218708375,,-46.38333333333333,"0,0,0,0","0,0,0"
22.833333333333332,84,AV,1,0,0,26,1446.9812594843625,,-22.833333333333332,"0,0,0,0","0,0,0"
15.65,131,AV,1,0,0,8,2034.664800296876,,-15.65,"0,0,0,0","0,0,0"
20.3,91,AV,1,0,0,23,1474.807688008607,,-20.3,"0,0,0,0","0,0,0"
30.166666666666668,55,AV,1,0,0,50,950.4213588862824,,-30.166666666666668,"0,0,0,0","0,0,0"
21.983333333333334,228,AV,1,0,0,28,4434.023444374438,,-21.983333333333334,"0,0,0,0","0,0,0"
31.916666666666668,194,AV,1,0,0,53,3257.969850357721,,-31.916666666666668,"0,0,0,0","0,0,0"
36.6,43,AV,2,0,0,62,857.6590975250949,,-36.6,"0,0,0,0","0,0,0"
25.783333333333335,29,AV,1,0,0,38,767.6170681366935,,-25.783333333333335,"0,0,0,0","0,0,0"
38.8,294,AV,2,0,0,70,13460.811009378149,,-38.8,"0,0,0,0","0,0,0"
40.43333333333333,105,AV,2,0,0,84,1592.2311391495805,,-40.43333333333333,"0,0,0,0","0,0,0"
25.383333333333333,100,AV,0,0,0,75,1567.0706205360798,,-25.383333333333333,"0,0,0,0","0,0,0"
42.31666666666667,133,AV,1,0,0,81,2043.1688306873104,,-42.31666666666667,"0,0,0,0","0,0,0"
20.0,11,AV,1,0,0,23,522.440884226393,,-20.0,"0,0,0,0","0,0,0"
23.133333333333333,68,AV,2,0,0,0,1148.2139867956057,,-23.133333333333333,"0,0,0,0","0,0,0"
24.7,34,AV,1,0,0,34,801.7987355487146,,-24.7,"0,0,0,0","0,0,0"
33.016666666666666,139,AV,2,0,0,28,2147.781038516846,,-33.016666666666666,"0,0,0,0","0,0,0"
14.433333333333334,264,AV,1,0,0,3,6130.868263041086,,-14.433333333333334,"0,0,0,0","0,0,0"
31.45,217,AV,1,0,0,52,3958.913906791885,,-31.45,"0,0,0,0","0,0,0"
12.566666666666666,52,AV,1,0,0,2,934.0011274976006,,-12.566666666666666,"0,0,0,0","0,0,0"
20.416666666666668,198,AV,1,0,0,25,3382.383844415393,,-20.416666666666668,"0,0,0,0","0,0,0"
17.233333333333334,290,AV,1,0,0,5,12197.400506638176,,-17.233333333333334,"0,0,0,0","0,0,0"
43.86666666666667,75,AV,1,0,0,89,1260.6549751070208,,-43.86666666666667,"0,0,0,0","0,0,0"
32.11666666666667,272,AV,2,0,0,34,7334.728577480919,,-32.11666666666667,"0,0,0,0","0,0,0"
31.283333333333335,28,AV,1,0,0,50,763.1985099142711,,-31.283333333333335,"0,0,0,0","0,0,0"
32.85,249,AV,1,0,0,54,5158.4050556257225,,-32.85,"0,0,0,0","0,0,0"
35.5,137,AV,1,0,0,61,2141.869626207308,,-35.5,"0,0,0,0","0,0,0"
26.45,234,AV,1,0,0,38,4617.1597275219765,,-26.45,"0,0,0,0","0,0,0"
17.983333333333334,16,AV,1,0,0,18,591.6693204447811,,-17.983333333333334,"0,0,0,0","0,0,0"
45.233333333333334,47,AV,1,0,0,92,905.8209551718018,,-45.233333333333334,"0,0,0,0","0,0,0"
36.78333333333333,196,AV,1,0,0,66,3274.575105225111,,-36.78333333333333,"0,0,0,0","0,0,0"
37.56666666666667,203,AV,1,0,0,71,3480.90175047103,,-37.56666666666667,"0,0,0,0","0,0,0"
37.833333333333336,246,AV,1,0,0,72,4951.479839002994,,-37.833333333333336,"0,0,0,0","0,0,0"
31.883333333333333,253,AV,1,0,0,50,5568.958209200236,,-31.883333333333333,"0,0,0,0","0,0,0"
47.55,169,AV,1,0,0,99,2780.081336731352,,-47.55,"0,0,0,0","0,0,0"
25.483333333333334,138,AV,1,0,0,29,2142.030696222753,,-25.483333333333334,"0,0,0,0","0,0,0"
15.516666666666667,26,AV,1,0,0,7,670.158540600369,,-15.516666666666667,"0,0,0,0","0,0,0"
46.333333333333336,24,AV,1,0,0,98,650.412147456106,,-46.333333333333336,"0,0,0,0","0,0,0"
7.133333333333334,39,AV,0,0,0,1,827.3783452591958,,-7.133333333333334,"0,0,0,0","0,0,0"
44.583333333333336,7,AV,1,0,0,91,506.5869000089976,,-44.583333333333336,"0,0,0,0","0,0,0"
31.816666666666666,262,AV,1,0,0,50,6007.794801579103,,-31.816666666666666,"0,0,0,0","0,0,0"
28.333333333333332,31,AV,1,0,0,39,777.0630287344238,,-28.333333333333332,"0,0,0,0","0,0,0"
37.7,130,AV,1,0,0,68,2030.86588445069,,-37.7,"0,0,0,0","0,0,0"
25.716666666666665,25,AV,2,0,0,19,658.4091024775607,,-25.716666666666665,"0,0,0,0","0,0,0"
12.4,32,AV,1,0,0,0,779.2240782816187,,-12.4,"0,0,0,0","0,0,0"
14.45,135,AV,1,0,0,5,2078.9202215407213,,-14.45,"0,0,0,0","0,0,0"
32.1,226,AV,1,0,0,47,4412.688598555705,,-32.1,"0,0,0,0","0,0,0"
44.63333333333333,184,AV,1,0,0,90,3001.8426729260827,,-44.63333333333333,"0,0,0,0","0,0,0"
43.03333333333333,63,AV,1,0,0,88,1076.386102050743,,-43.03333333333333,"0,0,0,0","0,0,0"
25.7,183,AV,1,0,0,32,2991.769966736588,,-25.7,"0,0,0,0","0,0,0"
31.2,210,AV,2,0,0,42,3759.463069718096,,-31.2,"0,0,0,0","0,0,0"
21.666666666666668,211,AV,1,0,0,25,3793.837230001502,,-21.666666666666668,"0,0,0,0","0,0,0"
36.36666666666667,259,AV,1,0,0,64,5899.132481879994,,-36.36666666666667,"0,0,0,0","0,0,0"
29.116666666666667,119,AV,1,0,0,45,1869.7531794209297,,-29.116666666666667,"0,0,0,0","0,0,0"
32.3,0,AV,1,0,0,51,419.7646265090227,,-32.3,"0,0,0,0","0,0,0"
33.56666666666667,80,AV,1,0,0,54,1301.8927857652438,,-33.56666666666667,"0,0,0,0","0,0,0"
13.066666666666666,250,AV,1,0,0,3,5168.6614957092925,,-13.066666666666666,"0,0,0,0","0,0,0"
39.6,51,AV,2,0,0,78,932.0432837729122,,-39.6,"0,0,0,0","0,0,0"
28.15,291,AV,1,0,0,42,12726.503958899895,,-28.15,"0,0,0,0","0,0,0"
35.35,273,AV,1,0,0,60,7336.658338656486,,-35.35,"0,0,0,0","0,0,0"
26.033333333333335,10,AV,1,0,0,38,513.7357984527049,,-26.033333333333335,"0,0,0,0","0,0,0"
37.733333333333334,36,AV,1,0,0,62,813.126641713825,,-37.733333333333334,"0,0,0,0","0,0,0"
44.53333333333333,227,AV,1,0,0,90,4429.527615460413,,-44.53333333333333,"0,0,0,0","0,0,0"
30.9,238,AV,1,0,0,46,4662.282088415262,,-30.9,"0,0,0,0","0,0,0"
12.7,152,AV,1,0,0,0,2417.357356239525,,-12.7,"0,0,0,0","0,0,0"
30.316666666666666,64,AV,2,0,0,2,1100.389953660579,,-30.316666666666666,"0,0,0,0","0,0,0"
28.15,151,AV,1,0,0,44,2382.718205806423,,-28.15,"0,0,0,0","0,0,0"
37.516666666666666,222,AV,1,0,0,69,4061.843573313689,,-37.516666666666666,"0,0,0,0","0,0,0"
16.233333333333334,241,AV,1,0,0,9,4756.448820673547,,-16.233333333333334,"0,0,0,0","0,0,0"
32.55,85,AV,1,0,0,54,1447.5744631551047,,-32.55,"0,0,0,0","0,0,0"
36.43333333333333,190,AV,1,0,0,63,3236.647802754315,,-36.43333333333333,"0,0,0,0","0,0,0"
21.433333333333334,97,AV,1,0,0,23,1530.0661682302475,,-21.433333333333334,"0,0,0,0","0,0,0"
29.15,164,AV,1,0,0,47,2645.062412614309,,-29.15,"0,0,0,0","0,0,0"
15.433333333333334,83,AV,1,0,0,9,1348.5865378412918,,-15.433333333333334,"0,0,0,0","0,0,0"
25.233333333333334,233,AV,1,0,0,36,4609.601315671212,,-25.233333333333334,"0,0,0,0","0,0,0"
27.2,242,AV,1,0,0,43,4818.617258984985,,-27.2,"0,0,0,0","0,0,0"
23.65,147,AV,1,0,0,29,2260.56382504795,,-23.65,"0,0,0,0","0,0,0"
34.75,268,AV,1,0,0,59,6446.254396158338,,-34.75,"0,0,0,0","0,0,0"
27.05,157,AV,1,0,0,38,2520.757475212996,,-27.05,"0,0,0,0","0,0,0"
44.4,187,AV,2,0,0,77,3119.7161673652217,,-44.4,"0,0,0,0","0,0,0"
31.55,77,AV,1,0,0,51,1275.9312017726234,,-31.55,"0,0,0,0","0,0,0"
41.916666666666664,38,AV,1,0,0,84,822.5771428470101,,-41.916666666666664,"0,0,0,0","0,0,0"
29.2,215,AV,2,0,0,27,3941.04555698938,,-29.2,"0,0,0,0","0,0,0"
33.766666666666666,30,AV,2,0,0,39,776.0711537761008,,-33.766666666666666,"0,0,0,0","0,0,0"
37.083333333333336,37,AV,1,0,0,67,816.2772675203604,,-37.083333333333336,"0,0,0,0","0,0,0"
46.61666666666667,270,AV,1,0,0,98,7099.697064525982,,-46.61666666666667,"0,0,0,0","0,0,0"
46.28333333333333,248,AV,2,0,0,90,5144.150368411208,,-46.28333333333333,"0,0,0,0","0,0,0"
41.63333333333333,101,AV,1,0,0,82,1573.7150367511856,,-41.63333333333333,"0,0,0,0","0,0,0"
30.966666666666665,113,AV,1,0,0,49,1805.1606101798543,,-30.966666666666665,"0,0,0,0","0,0,0"
14.483333333333333,186,AV,1,0,0,8,3064.640983136323,,-14.483333333333333,"0,0,0,0","0,0,0"
43.61666666666667,236,AV,2,0,0,84,4645.51881630073,,-43.61666666666667,"0,0,0,0","0,0,0"
33.483333333333334,58,AV,1,0,0,56,1011.0784796502788,,-33.483333333333334,"0,0,0,0","0,0,0"
32.5,278,AV,1,0,0,54,8326.33528790118,,-32.5,"0,0,0,0","0,0,0"
13.0,260,AV,1,0,0,1,5911.733280178027,,-13.0,"0,0,0,0","0,0,0"
33.7,87,AV,2,0,0,40,1457.5875839824732,,-33.7,"0,0,0,0","0,0,0"
45.166666666666664,287,AV,2,0,0,77,10708.821866752483,,-45.166666666666664,"0,0,0,0","0,0,0"
14.033333333333333,170,AV,1,0,0,7,2793.3389947689566,,-14.033333333333333,"0,0,0,0","0,0,0"
35.483333333333334,21,AV,1,0,0,62,626.2908344343901,,-35.483333333333334,"0,0,0,0","0,0,0"
30.65,12,AV,1,0,0,51,539.5213747330826,,-30.65,"0,0,0,0","0,0,0"
14.95,125,AV,1,0,0,7,1950.0200213032829,,-14.95,"0,0,0,0","0,0,0"
17.433333333333334,281,AV,1,0,0,14,8475.089255911002,,-17.433333333333334,"0,0,0,0","0,0,0"
34.916666666666664,208,AV,1,0,0,54,3608.770587345788,,-34.916666666666664,"0,0,0,0","0,0,0"
34.43333333333333,5,AV,1,0,0,57,491.0984231068265,,-34.43333333333333,"0,0,0,0","0,0,0"
34.06666666666667,126,AV,1,0,0,56,1996.532829496936,,-34.06666666666667,"0,0,0,0","0,0,0"
36.35,293,AV,2,0,0,62,13351.937436366714,,-36.35,"0,0,0,0","0,0,0"
32.2,23,AV,2,0,0,41,640.5426603936758,,-32.2,"0,0,0,0","0,0,0"
46.96666666666667,252,AV,1,0,0,98,5480.041794665195,,-46.96666666666667,"0,0,0,0","0,0,0"
41.333333333333336,6,AV,1,0,0,76,497.26542980048754,,-41.333333333333336,"0,0,0,0","0,0,0"
37.3,180,AV,1,0,0,65,2968.817229463249,,-37.3,"0,0,0,0","0,0,0"
40.9,159,AV,1,0,0,79,2538.843693606908,,-40.9,"0,0,0,0","0,0,0"
45.81666666666667,297,AV,1,0,0,97,17693.100214811147,,-45.81666666666667,"0,0,0,0","0,0,0"
47.06666666666667,181,AV,2,0,0,91,2969.8754393798326,,-47.06666666666667,"0,0,0,0","0,0,0"
43.8,57,AV,1,0,0,88,978.4447105201264,,-43.8,"0,0,0,0","0,0,0"
40.35,182,AV,1,0,0,71,2987.078671303881,,-40.35,"0,0,0,0","0,0,0"
18.183333333333334,161,AV,1,0,0,10,2561.5826276178027,,-18.183333333333334,"0,0,0,0","0,0,0"
34.88333333333333,110,AV,1,0,0,59,1718.6657268339234,,-34.88333333333333,"0,0,0,0","0,0,0"
14.016666666666667,123,AV,1,0,0,4,1922.439846447592,,-14.016666666666667,"0,0,0,0","0,0,0"
24.0,17,AV,1,0,0,29,601.3137559373858,,-24.0,"0,0,0,0","0,0,0"
25.883333333333333,265,AV,1,0,0,35,6248.181898567973,,-25.883333333333333,"0,0,0,0","0,0,0"
20.45,201,AV,1,0,0,21,3458.1247672483346,,-20.45,"0,0,0,0","0,0,0"
38.81666666666667,175,AV,1,0,0,72,2942.323800284961,,-38.81666666666667,"0,0,0,0","0,0,0"
41.083333333333336,3,AV,1,0,0,80,457.16351791608827,,-41.083333333333336,"0,0,0,0","0,0,0"
16.666666666666668,247,AV,1,0,0,9,5064.807770076448,,-16.666666666666668,"0,0,0,0","0,0,0"
46.36666666666667,224,AV,2,0,0,85,4223.122456076251,,-46.36666666666667,"0,0,0,0","0,0,0"
17.0,219,AV,1,0,0,12,3987.5502105766736,,-17.0,"0,0,0,0","0,0,0"
37.083333333333336,174,AV,1,0,0,64,2909.5116230827134,,-37.083333333333336,"0,0,0,0","0,0,0"
25.133333333333333,88,AV,2,0,0,7,1460.106853854364,,-25.133333333333333,"0,0,0,0","0,0,0"
19.316666666666666,60,AV,1,0,0,22,1017.530975349866,,-19.316666666666666,"0,0,0,0","0,0,0"
20.933333333333334,163,AV,1,0,0,22,2580.565825479665,,-20.933333333333334,"0,0,0,0","0,0,0"
45.333333333333336,255,AV,1,0,0,93,5654.280440205098,,-45.333333333333336,"0,0,0,0","0,0,0"
41.86666666666667,142,AV,2,0,0,80,2193.4249838744518,,-41.86666666666667,"0,0,0,0","0,0,0"
43.016666666666666,14,AV,1,0,0,87,571.0932451196882,,-43.016666666666666,"0,0,0,0","0,0,0"
20.233333333333334,240,AV,1,0,0,22,4705.31956239884,,-20.233333333333334,"0,0,0,0","0,0,0"
27.833333333333332,200,AV,1,0,0,44,3456.1529418207683,,-27.833333333333332,"0,0,0,0","0,0,0"
37.7,48,AV,1,0,0,59,923.9636394510808,,-37.7,"0,0,0,0","0,0,0"
11.133333333333333,212,AV,1,0,0,1,3822.7735841463273,,-11.133333333333333,"0,0,0,0","0,0,0"
16.983333333333334,162,AV,1,0,0,10,2574.4307659940623,,-16.983333333333334,"0,0,0,0","0,0,0"
40.1,275,AV,1,0,0,73,7658.5640246764915,,-40.1,"0,0,0,0","0,0,0"
20.933333333333334,69,AV,1,0,0,25,1150.2916000513435,,-20.933333333333334,"0,0,0,0","0,0,0"
27.316666666666666,185,AV,1,0,0,40,3048.604611013583,,-27.316666666666666,"0,0,0,0","0,0,0"
34.78333333333333,166,AV,1,0,0,60,2675.3892374750885,,-34.78333333333333,"0,0,0,0","0,0,0"
34.1,223,AV,1,0,0,56,4090.160813256426,,-34.1,"0,0,0,0","0,0,0"
21.016666666666666,15,AV,1,0,0,23,572.7967315704935,,-21.016666666666666,"0,0,0,0","0,0,0"
46.516666666666666,78,AV,2,0,0,83,1291.2118623687816,,-46.516666666666666,"0,0,0,0","0,0,0"
37.666666666666664,109,AV,2,0,0,71,1684.196745492046,,-37.666666666666664,"0,0,0,0","0,0,0"
32.38333333333333,231,AV,2,0,0,36,4572.8741748457805,,-32.38333333333333,"0,0,0,0","0,0,0"
42.233333333333334,279,AV,2,0,0,73,8331.964781214912,,-42.233333333333334,"0,0,0,0","0,0,0"
45.21666666666667,221,AV,1,0,0,96,4034.238052294327,,-45.21666666666667,"0,0,0,0","0,0,0"
18.966666666666665,155,AV,1,0,0,13,2472.005569054355,,-18.966666666666665,"0,0,0,0","0,0,0"
40.85,44,AV,2,0,0,86,859.2772315809713,,-40.85,"0,0,0,0","0,0,0"
22.833333333333332,115,AV,1,0,0,28,1830.3424648913517,,-22.833333333333332,"0,0,0,0","0,0,0"
42.333333333333336,235,AV,1,0,0,81,4635.813442599864,,-42.333333333333336,"0,0,0,0","0,0,0"
19.15,1,AV,1,0,0,10,437.5592869272848,,-19.15,"0,0,0,0","0,0,0"
45.18333333333333,199,AV,1,0,0,92,3414.9419898187493,,-45.18333333333333,"0,0,0,0","0,0,0"
21.5,177,AV,1,0,0,26,2953.464044858564,,-21.5,"0,0,0,0","0,0,0"
34.36666666666667,112,AV,1,0,0,57,1799.695682844959,,-34.36666666666667,"0,0,0,0","0,0,0"
16.85,245,AV,1,0,0,8,4950.077303955518,,-16.85,"0,0,0,0","0,0,0"
29.533333333333335,292,AV,1,0,0,49,13079.31179296209,,-29.533333333333335,"0,0,0,0","0,0,0"
44.666666666666664,65,AV,1,0,0,91,1111.987968807459,,-44.666666666666664,"0,0,0,0","0,0,0"
33.583333333333336,104,AV,1,0,0,54,1588.8002265047048,,-33.583333333333336,"0,0,0,0","0,0,0"
41.75,173,AV,1,0,0,76,2857.8751728516777,,-41.75,"0,0,0,0","0,0,0"
22.083333333333332,35,AV,1,0,0,25,806.3598325453933,,-22.083333333333332,"0,0,0,0","0,0,0"
23.316666666666666,99,AV,1,0,0,28,1552.9853059451273,,-23.316666666666666,"0,0,0,0","0,0,0"
