travel_time,id,kind,action,origin,destination,start_time,income,urgency,reward,observation,cost_table
38.88333333333333,134,AV,2,0,0,56,2046.5713793034688,,-38.88333333333333,"0,0,0,0","0,0,0"
25.633333333333333,92,AV,2,0,0,19,1475.2077210572677,,-25.633333333333333,"0,0,0,0","0,0,0"
27.183333333333334,213,AV,2,0,0,13,3863.855435177377,,-27.183333333333334,"0,0,0,0","0,0,0"
15.75,4,AV,1,0,0,12,473.5024380788758,,-15.75,"0,0,0,0","0,0,0"
19.483333333333334,209,AV,1,0,0,28,3724.6301341612702,,-19.483333333333334,"0,0,0,0","0,0,0"
36.5,13,AV,2,0,0,55,566.7055292848979,,-36.5,"0,0,0,0","0,0,0"
24.833333333333332,267,AV,2,0,0,13,6434.117121135291,,-24.833333333333332,"0,0,0,0","0,0,0"
45.53333333333333,143,AV,2,0,0,95,2198.5025098873134,,-45.53333333333333,"0,0,0,0","0,0,0"
37.733333333333334,216,AV,2,0,0,71,3942.222625638348,,-37.733333333333334,"0,0,0,0","0,0,0"
26.866666666666667,71,AV,1,0,0,55,1200.7903182940884,,-26.866666666666667,"0,0,0,0","0,0,0"
15.366666666666667,70,AV,0,0,0,37,1167.011530479414,,-15.366666666666667,"0,0,0,0","0,0,0"
23.416666666666668,154,AV,2,0,0,18,2456.6540037696086,,-23.416666666666668,"0,0,0,0","0,0,0"
12.7,286,AV,1,0,0,5,10450.70686878338,,-12.7,"0,0,0,0","0,0,0"
23.35,261,AV,1,0,0,41,5984.209260784091,,-23.35,"0,0,0,0","0,0,0"
35.88333333333333,144,AV,2,0,0,53,2212.8825544422834,,-35.88333333333333,"0,0,0,0","0,0,0"
15.816666666666666,239,AV,1,0,0,13,4704.305573257116,,-15.816666666666666,"0,0,0,0","0,0,0"
22.666666666666668,94,AV,1,0,0,30,1496.328062426438,,-22.666666666666668,"0,0,0,0","0,0,0"
24.85,18,AV,1,0,0,46,610.4868582393152,,-24.85,"0,0,0,0","0,0,0"
47.333333333333336,40,AV,2,0,0,88,827.8499544782503,,-47.333333333333336,"0,0,0,0","0,0,0"
36.766666666666666,296,AV,2,0,0,71,17322.90883950548,,-36.766666666666666,"0,0,0,0","0,0,0"
31.166666666666668,93,AV,2,0,0,43,1490.1599361877834,,-31.166666666666668,"0,0,0,0","0,0,0"
24.316666666666666,244,AV,2,0,0,5,4889.272753955773,,-24.316666666666666,"0,0,0,0","0,0,0"
22.533333333333335,2,AV,1,0,0,32,437.8567856598078,,-22.533333333333335,"0,0,0,0","0,0,0"
30.25,225,AV,1,0,0,59,4381.240268036911,,-30.25,"0,0,0,0","0,0,0"
28.716666666666665,107,AV,1,0,0,64,1659.6531244520008,,-28.716666666666665,"0,0,0,0","0,0,0"
37.56666666666667,89,AV,2,0,0,72,1467.6871321740252,,-37.56666666666667,"0,0,0,0","0,0,0"
21.266666666666666,74,AV,1,0,0,31,1249.5878531833848,,-21.266666666666666,"0,0,0,0","0,0,0"
47.36666666666667,86,AV,2,0,0,98,1454.957177165027,,-47.36666666666667,"0,0,0,0","0,0,0"
23.933333333333334,204,AV,2,0,0,12,3531.3895067900216,,-23.933333333333334,"0,0,0,0","0,0,0"
16.933333333333334,191,AV,0,0,0,44,3245.380745418587,,-16.933333333333334,"0,0,0,0","0,0,0"
43.666666666666664,59,AV,2,0,0,90,1014.5614647146556,,-43.666666666666664,"0,0,0,0","0,0,0"
8.433333333333334,167,AV,0,0,0,17,2753.3979495063454,,-8.433333333333334,"0,0,0,0","0,0,0"
15.7,128,AV,1,0,0,17,2010.868248891871,,-15.7,"0,0,0,0","0,0,0"
14.766666666666667,121,AV,1,0,0,8,1888.2149669861096,,-14.766666666666667,"0,0,0,0","0,0,0"
29.25,158,AV,2,0,0,20,2533.2754137277425,,-29.25,"0,0,0,0","0,0,0"
42.766666666666666,256,AV,2,0,0,78,5807.233742044462,,-42.766666666666666,"0,0,0,0","0,0,0"
45.083333333333336,108,AV,2,0,0,92,1664.0464513081895,,-45.083333333333336,"0,0,0,0","0,0,0"
14.383333333333333,165,AV,1,0,0,4,2648.588416164911,,-14.383333333333333,"0,0,0,0","0,0,0"
21.5,179,AV,1,0,0,31,2964.6777926145683,,-21.5,"0,0,0,0","0,0,0"
32.85,230,AV,1,0,0,81,4559.760277629775,,-32.85,"0,0,0,0","0,0,0"
35.083333333333336,153,AV,1,0,0,89,2436.431929205765,,-35.083333333333336,"0,0,0,0","0,0,0"
18.45,193,AV,1,0,0,26,3257.3450634265246,,-18.45,"0,0,0,0","0,0,0"
36.0,9,AV,2,0,0,61,513.3463032142733,,-36.0,"0,0,0,0","0,0,0"
41.916666666666664,102,AV,2,0,0,69,1581.438059619256,,-41.916666666666664,"0,0,0,0","0,0,0"
15.75,41,AV,1,0,0,17,845.7864251007381,,-15.75,"0,0,0,0","0,0,0"
23.516666666666666,116,AV,0,0,0,68,1832.3133019091129,,-23.516666666666666,"0,0,0,0","0,0,0"
30.033333333333335,258,AV,2,0,0,32,5825.994272151124,,-30.033333333333335,"0,0,0,0","0,0,0"
26.266666666666666,269,AV,1,0,0,55,6918.069898529506,,-26.266666666666666,"0,0,0,0","0,0,0"
38.53333333333333,82,AV,2,0,0,58,1342.087988935639,,-38.53333333333333,"0,0,0,0","0,0,0"
29.45,81,AV,1,0,0,71,1317.647826688136,,-29.45,"0,0,0,0","0,0,0"
23.683333333333334,237,AV,2,0,0,1,4660.29795945294,,-23.683333333333334,"0,0,0,0","0,0,0"
22.666666666666668,263,AV,1,0,0,41,6020.57275324985,,-22.666666666666668,"0,0,0,0","0,0,0"
37.68333333333333,284,AV,2,0,0,62,8987.822610831106,,-37.68333333333333,"0,0,0,0","0,0,0"
26.466666666666665,295,AV,1,0,0,55,14754.343640924068,,-26.466666666666665,"0,0,0,0","0,0,0"
47.266666666666666,136,AV,2,0,0,100,2133.445027811215,,-47.266666666666666,"0,0,0,0","0,0,0"
35.65,220,AV,2,0,0,57,4021.28082322038,,-35.65,"0,0,0,0","0,0,0"
34.46666666666667,257,AV,2,0,0,56,5825.425317043349,,-34.46666666666667,"0,0,0,0","0,0,0"
43.65,106,AV,2,0,0,85,1614.9493849180149,,-43.65,"0,0,0,0","0,0,0"
19.05,149,AV,1,0,0,27,2344.9936519099742,,-19.05,"0,0,0,0","0,0,0"
30.55,118,AV,1,0,0,59,1836.592480640456,,-30.55,"0,0,0,0","0,0,0"
22.983333333333334,129,AV,2,0,0,4,2011.9739719035176,,-22.983333333333334,"0,0,0,0","0,0,0"
17.15,90,AV,0,0,0,38,1474.5167950508735,,-17.15,"0,0,0,0","0,0,0"
31.166666666666668,122,AV,1,0,0,79,1900.764377468582,,-31.166666666666668,"0,0,0,0","0,0,0"
18.733333333333334,140,AV,0,0,0,47,2164.09247058771,,-18.733333333333334,"0,0,0,0","0,0,0"
36.75,96,AV,1,0,0,98,1517.942512651984,,-36.75,"0,0,0,0","0,0,0"
18.116666666666667,46,AV,1,0,0,23,892.1845339920479,,-18.116666666666667,"0,0,0,0","0,0,0"
39.46666666666667,61,AV,2,0,0,64,1068.5648373754009,,-39.46666666666667,"0,0,0,0","0,0,0"
31.383333333333333,285,AV,2,0,0,25,9667.56212442905,,-31.383333333333333,"0,0,0,0","0,0,0"
16.316666666666666,160,AV,1,0,0,20,2553.8725848963804,,-16.316666666666666,"0,0,0,0","0,0,0"
24.183333333333334,114,AV,1,0,0,45,1823.811293294481,,-24.183333333333334,"0,0,0,0","0,0,0"
29.016666666666666,67,AV,1,0,0,66,1141.5133047894662,,-29.016666666666666,"0,0,0,0","0,0,0"
35.03333333333333,66,AV,2,0,0,51,1135.438045570021,,-35.03333333333333,"0,0,0,0","0,0,0"
26.033333333333335,229,AV,2,0,0,20,4547.885280126284,,-26.033333333333335,"0,0,0,0","0,0,0"
23.683333333333334,62,AV,2,0,0,14,1074.3823512953045,,-23.683333333333334,"0,0,0,0","0,0,0"
42.55,127,AV,2,0,0,86,1997.7276787447236,,-42.55,"0,0,0,0","0,0,0"
40.2,205,AV,2,0,0,73,3539.477986656502,,-40.2,"0,0,0,0","0,0,0"
31.55,73,AV,2,0,0,36,1239.4416864014672,,-31.55,"0,0,0,0","0,0,0"
42.95,19,AV,2,0,0,83,615.3970356119416,,-42.95,"0,0,0,0","0,0,0"
39.25,192,AV,2,0,0,65,3256.7228478661937,,-39.25,"0,0,0,0","0,0,0"
35.78333333333333,277,AV,2,0,0,63,8028.27043643778,,-35.78333333333333,"0,0,0,0","0,0,0"
20.15,56,AV,2,0,0,3,975.0940381265832,,-20.15,"0,0,0,0","0,0,0"
16.9,188,AV,1,0,0,16,3169.820795106812,,-16.9,"0,0,0,0","0,0,0"
18.666666666666668,111,AV,0,0,0,49,1797.659883656486,,-18.666666666666668,"0,0,0,0","0,0,0"
22.316666666666666,20,AV,1,0,0,31,623.7253316558669,,-22.316666666666666,"0,0,0,0","0,0,0"
42.13333333333333,54,AV,2,0,0,82,946.2003450753726,,-42.13333333333333,"0,0,0,0","0,0,0"
19.833333333333332,178,AV,1,0,0,18,2953.761118311176,,-19.833333333333332,"0,0,0,0","0,0,0"
27.466666666666665,156,AV,1,0,0,48,2476.7673195544394,,-27.466666666666665,"0,0,0,0","0,0,0"
46.55,120,AV,2,0,0,84,1880.1756700095973,,-46.55,"0,0,0,0","0,0,0"
24.966666666666665,8,AV,0,0,0,80,508.6019702527906,,-24.966666666666665,"0,0,0,0","0,0,0"
36.05,251,AV,2,0,0,62,5370.167679594476,,-36.05,"0,0,0,0","0,0,0"
32.61666666666667,176,AV,1,0,0,79,2949.689674384749,,-32.61666666666667,"0,0,0,0","0,0,0"
32.083333333333336,243,AV,2,0,0,53,4864.205776554158,,-32.083333333333336,"0,0,0,0","0,0,0"
25.95,202,AV,2,0,0,25,3476.696831582168,,-25.95,"0,0,0,0","0,0,0"
42.71666666666667,214,AV,2,0,0,84,3933.772930850901,,-42.71666666666667,"0,0,0,0","0,0,0"
30.616666666666667,168,AV,2,0,0,7,2756.9260540590044,,-30.616666666666667,"0,0,0,0","0,0,0"
44.05,27,AV,2,0,0,87,742.6585956180782,,-44.05,"0,0,0,0","0,0,0"
19.65,103,AV,1,0,0,27,1587.6148581174584,,-19.65,"0,0,0,0","0,0,0"
18.816666666666666,49,AV,2,0,0,0,926.7012599248138,,-18.816666666666666,"0,0,0,0","0,0,0"
24.033333333333335,283,AV,2,0,0,12,8975.220492497892,,-24.033333333333335,"0,0,0,0","0,0,0"
29.083333333333332,141,AV,2,0,0,24,2187.718469250836,,-29.083333333333332,"0,0,0,0","0,0,0"
36.78333333333333,50,AV,1,0,0,100,931.9887487728153,,-36.78333333333333,"0,0,0,0","0,0,0"
41.88333333333333,124,AV,2,0,0,84,1927.298426803608,,-41.88333333333333,"0,0,0,0","0,0,0"
26.083333333333332,79,AV,1,0,0,47,1293.252850487379,,-26.083333333333332,"0,0,0,0","0,0,0"
31.683333333333334,98,AV,2,0,0,40,1530.6528609905624,,-31.683333333333334,"0,0,0,0","0,0,0"
30.866666666666667,33,AV,2,0,0,28,793.0252767736928,,-30.866666666666667,"0,0,0,0","0,0,0"
24.216666666666665,207,AV,2,0,0,13,3564.273841812899,,-24.216666666666665,"0,0,0,0","0,0,0"
34.833333333333336,299,AV,1,0,0,87,20793.30768626012,,-34.833333333333336,"0,0,0,0","0,0,0"
22.95,189,AV,1,0,0,37,3225.188153267811,,-22.95,"0,0,0,0","0,0,0"
27.883333333333333,288,AV,2,0,0,30,11861.36896338871,,-27.883333333333333,"0,0,0,0","0,0,0"
47.4,72,AV,2,0,0,96,1205.4292211271013,,-47.4,"0,0,0,0","0,0,0"
18.1,95,AV,1,0,0,18,1509.578116022191,,-18.1,"0,0,0,0","0,0,0"
35.333333333333336,146,AV,1,0,0,89,2225.3307045190536,,-35.333333333333336,"0,0,0,0","0,0,0"
21.033333333333335,197,AV,2,0,0,10,3278.222126324269,,-21.033333333333335,"0,0,0,0","0,0,0"
29.916666666666668,150,AV,1,0,0,68,2352.9451803313505,,-29.916666666666668,"0,0,0,0","0,0,0"
46.46666666666667,53,AV,2,0,0,89,943.1907669438916,,-46.46666666666667,"0,0,0,0","0,0,0"
36.166666666666664,76,AV,1,0,0,91,1261.43865123121,,-36.166666666666664,"0,0,0,0","0,0,0"
47.833333333333336,206,AV,2,0,0,88,3558.5090095449787,,-47.833333333333336,"0,0,0,0","0,0,0"
45.18333333333333,266,AV,2,0,0,80,6427.339783247283,,-45.18333333333333,"0,0,0,0","0,0,0"
39.8,148,AV,2,0,0,80,2318.1098695731453,,-39.8,"0,0,0,0","0,0,0"
16.216666666666665,274,AV,1,0,0,10,7572.106998522375,,-16.216666666666665,"0,0,0,0","0,0,0"
19.766666666666666,145,AV,1,0,0,29,2215.952556227922,,-19.766666666666666,"0,0,0,0","0,0,0"
22.883333333333333,282,AV,1,0,0,38,8689.506535985933,,-22.883333333333333,"0,0,0,0","0,0,0"
43.65,195,AV,2,0,0,86,3269.866339895674,,-43.65,"0,0,0,0","0,0,0"
34.4,218,AV,1,0,0,87,3971.0791127863904,,-34.4,"0,0,0,0","0,0,0"
39.35,171,AV,2,0,0,74,2813.5576138103806,,-39.35,"0,0,0,0","0,0,0"
30.983333333333334,45,AV,2,0,0,34,877.2934597877683,,-30.983333333333334,"0,0,0,0","0,0,0"
13.916666666666666,254,AV,1,0,0,6,5578.433439706214,,-13.916666666666666,"0,0,0,0","0,0,0"
34.2,271,AV,2,0,0,44,7177.938863287724,,-34.2,"0,0,0,0","0,0,0"
30.15,289,AV,1,0,0,73,11940.25564443948,,-30.15,"0,0,0,0","0,0,0"
33.766666666666666,42,AV,2,0,0,38,850.3216016091212,,-33.766666666666666,"0,0,0,0","0,0,0"
40.53333333333333,232,AV,2,0,0,79,4577.590037133467,,-40.53333333333333,"0,0,0,0","0,0,0"
42.95,172,AV,2,0,0,83,2815.231094880572,,-42.95,"0,0,0,0","0,0,0"
23.866666666666667,276,AV,2,0,0,1,7897.119961473183,,-23.866666666666667,"0,0,0,0","0,0,0"
27.05,298,AV,1,0,0,58,18628.94525544202,,-27.05,"0,0,0,0","0,0,0"
27.216666666666665,132,AV,2,0,0,12,2035.9911412414244,,-27.216666666666665,"0,0,0,0","0,0,0"
33.36666666666667,22,AV,1,0,0,83,639.9143284368583,,-33.36666666666667,"0,0,0,0","0,0,0"
37.166666666666664,280,AV,2,0,0,51,8436.938288223368,,-37.166666666666664,"0,0,0,0","0,0,0"
48.266666666666666,117,AV,2,0,0,100,1836.3970218708375,,-48.266666666666666,"0,0,0,0","0,0,0"
30.533333333333335,84,AV,2,0,0,32,1446.9812594843625,,-30.533333333333335,"0,0,0,0","0,0,0"
41.95,131,AV,2,0,0,85,2034.664800296876,,-41.95,"0,0,0,0","0,0,0"
8.633333333333333,91,AV,0,0,0,8,1474.807688008607,,-8.633333333333333,"0,0,0,0","0,0,0"
33.38333333333333,55,AV,1,0,0,75,950.4213588862824,,-33.38333333333333,"0,0,0,0","0,0,0"
33.7,228,AV,1,0,0,86,4434.023444374438,,-33.7,"0,0,0,0","0,0,0"
17.866666666666667,194,AV,1,0,0,21,3257.969850357721,,-17.866666666666667,"0,0,0,0","0,0,0"
33.983333333333334,43,AV,2,0,0,54,857.6590975250949,,-33.983333333333334,"0,0,0,0","0,0,0"
36.28333333333333,29,AV,2,0,0,52,767.6170681366935,,-36.28333333333333,"0,0,0,0","0,0,0"
35.733333333333334,294,AV,2,0,0,49,13460.811009378149,,-35.733333333333334,"0,0,0,0","0,0,0"
30.483333333333334,105,AV,1,0,0,64,1592.2311391495805,,-30.483333333333334,"0,0,0,0","0,0,0"
45.483333333333334,100,AV,2,0,0,93,1567.0706205360798,,-45.483333333333334,"0,0,0,0","0,0,0"
11.866666666666667,133,AV,0,0,0,23,2043.1688306873104,,-11.866666666666667,"0,0,0,0","0,0,0"
21.85,11,AV,0,0,0,67,522.440884226393,,-21.85,"0,0,0,0","0,0,0"
36.416666666666664,68,AV,2,0,0,71,1148.2139867956057,,-36.416666666666664,"0,0,0,0","0,0,0"
28.116666666666667,34,AV,2,0,0,21,801.7987355487146,,-28.116666666666667,"0,0,0,0","0,0,0"
36.016666666666666,139,AV,1,0,0,90,2147.781038516846,,-36.016666666666666,"0,0,0,0","0,0,0"
22.7,264,AV,1,0,0,37,6130.868263041086,,-22.7,"0,0,0,0","0,0,0"
35.05,217,AV,2,0,0,55,3958.913906791885,,-35.05,"0,0,0,0","0,0,0"
35.3,52,AV,1,0,0,90,934.0011274976006,,-35.3,"0,0,0,0","0,0,0"
30.733333333333334,198,AV,2,0,0,13,3382.383844415393,,-30.733333333333334,"0,0,0,0","0,0,0"
16.466666666666665,290,AV,1,0,0,3,12197.400506638176,,-16.466666666666665,"0,0,0,0","0,0,0"
45.55,75,AV,2,0,0,98,1260.6549751070208,,-45.55,"0,0,0,0","0,0,0"
40.53333333333333,272,AV,2,0,0,68,7334.728577480919,,-40.53333333333333,"0,0,0,0","0,0,0"
26.2,28,AV,1,0,0,54,763.1985099142711,,-26.2,"0,0,0,0","0,0,0"
22.65,249,AV,2,0,0,13,5158.4050556257225,,-22.65,"0,0,0,0","0,0,0"
32.416666666666664,137,AV,1,0,0,83,2141.869626207308,,-32.416666666666664,"0,0,0,0","0,0,0"
21.733333333333334,234,AV,1,0,0,37,4617.1597275219765,,-21.733333333333334,"0,0,0,0","0,0,0"
35.61666666666667,16,AV,2,0,0,45,591.6693204447811,,-35.61666666666667,"0,0,0,0","0,0,0"
40.266666666666666,47,AV,2,0,0,84,905.8209551718018,,-40.266666666666666,"0,0,0,0","0,0,0"
19.95,196,AV,2,0,0,1,3274.575105225111,,-19.95,"0,0,0,0","0,0,0"
24.466666666666665,203,AV,2,0,0,2,3480.90175047103,,-24.466666666666665,"0,0,0,0","0,0,0"
35.8,246,AV,1,0,0,93,4951.479839002994,,-35.8,"0,0,0,0","0,0,0"
45.333333333333336,253,AV,2,0,0,98,5568.958209200236,,-45.333333333333336,"0,0,0,0","0,0,0"
32.583333333333336,169,AV,1,0,0,81,2780.081336731352,,-32.583333333333336,"0,0,0,0","0,0,0"
32.31666666666667,138,AV,1,0,0,72,2142.030696222753,,-32.31666666666667,"0,0,0,0","0,0,0"
33.56666666666667,26,AV,2,0,0,52,670.158540600369,,-33.56666666666667,"0,0,0,0","0,0,0"
22.9,24,AV,1,0,0,40,650.412147456106,,-22.9,"0,0,0,0","0,0,0"
43.71666666666667,39,AV,2,0,0,79,827.3783452591958,,-43.71666666666667,"0,0,0,0","0,0,0"
37.13333333333333,7,AV,1,0,0,99,506.5869000089976,,-37.13333333333333,"0,0,0,0","0,0,0"
34.75,262,AV,2,0,0,30,6007.794801579103,,-34.75,"0,0,0,0","0,0,0"
28.783333333333335,31,AV,2,0,0,21,777.0630287344238,,-28.783333333333335,"0,0,0,0","0,0,0"
26.933333333333334,130,AV,2,0,0,4,2030.86588445069,,-26.933333333333334,"0,0,0,0","0,0,0"
16.216666666666665,25,AV,1,0,0,13,658.4091024775607,,-16.216666666666665,"0,0,0,0","0,0,0"
30.5,32,AV,1,0,0,78,779.2240782816187,,-30.5,"0,0,0,0","0,0,0"
32.25,135,AV,2,0,0,34,2078.9202215407213,,-32.25,"0,0,0,0","0,0,0"
21.833333333333332,226,AV,0,0,0,63,4412.688598555705,,-21.833333333333332,"0,0,0,0","0,0,0"
35.3,184,AV,2,0,0,47,3001.8426729260827,,-35.3,"0,0,0,0","0,0,0"
45.71666666666667,63,AV,2,0,0,92,1076.386102050743,,-45.71666666666667,"0,0,0,0","0,0,0"
39.93333333333333,183,AV,2,0,0,69,2991.769966736588,,-39.93333333333333,"0,0,0,0","0,0,0"
31.166666666666668,210,AV,1,0,0,70,3759.463069718096,,-31.166666666666668,"0,0,0,0","0,0,0"
6.916666666666667,211,AV,0,0,0,5,3793.837230001502,,-6.916666666666667,"0,0,0,0","0,0,0"
30.383333333333333,259,AV,1,0,0,73,5899.132481879994,,-30.383333333333333,"0,0,0,0","0,0,0"
23.566666666666666,119,AV,2,0,0,15,1869.7531794209297,,-23.566666666666666,"0,0,0,0","0,0,0"
35.56666666666667,0,AV,2,0,0,52,419.7646265090227,,-35.56666666666667,"0,0,0,0","0,0,0"
33.25,80,AV,1,0,0,80,1301.8927857652438,,-33.25,"0,0,0,0","0,0,0"
35.016666666666666,250,AV,2,0,0,28,5168.6614957092925,,-35.016666666666666,"0,0,0,0","0,0,0"
15.366666666666667,51,AV,1,0,0,11,932.0432837729122,,-15.366666666666667,"0,0,0,0","0,0,0"
29.766666666666666,291,AV,2,0,0,22,12726.503958899895,,-29.766666666666666,"0,0,0,0","0,0,0"
20.233333333333334,273,AV,0,0,0,54,7336.658338656486,,-20.233333333333334,"0,0,0,0","0,0,0"
5.216666666666667,10,AV,0,0,0,0,513.7357984527049,,-5.216666666666667,"0,0,0,0","0,0,0"
33.233333333333334,36,AV,1,0,0,84,813.126641713825,,-33.233333333333334,"0,0,0,0","0,0,0"
36.266666666666666,227,AV,1,0,0,93,4429.527615460413,,-36.266666666666666,"0,0,0,0","0,0,0"
26.833333333333332,238,AV,2,0,0,19,4662.282088415262,,-26.833333333333332,"0,0,0,0","0,0,0"
36.166666666666664,152,AV,1,0,0,91,2417.357356239525,,-36.166666666666664,"0,0,0,0","0,0,0"
27.066666666666666,64,AV,1,0,0,63,1100.389953660579,,-27.066666666666666,"0,0,0,0","0,0,0"
17.9,151,AV,1,0,0,24,2382.718205806423,,-17.9,"0,0,0,0","0,0,0"
23.533333333333335,222,AV,1,0,0,41,4061.843573313689,,-23.533333333333335,"0,0,0,0","0,0,0"
19.4,241,AV,1,0,0,21,4756.448820673547,,-19.4,"0,0,0,0","0,0,0"
15.133333333333333,85,AV,0,0,0,37,1447.5744631551047,,-15.133333333333333,"0,0,0,0","0,0,0"
46.46666666666667,190,AV,2,0,0,85,3236.647802754315,,-46.46666666666667,"0,0,0,0","0,0,0"
39.416666666666664,97,AV,2,0,0,64,1530.0661682302475,,-39.416666666666664,"0,0,0,0","0,0,0"
27.166666666666668,164,AV,1,0,0,59,2645.062412614309,,-27.166666666666668,"0,0,0,0","0,0,0"
33.3,83,AV,1,0,0,85,1348.5865378412918,,-33.3,"0,0,0,0","0,0,0"
22.683333333333334,233,AV,1,0,0,42,4609.601315671212,,-22.683333333333334,"0,0,0,0","0,0,0"
25.6,242,AV,2,0,0,17,4818.617258984985,,-25.6,"0,0,0,0","0,0,0"
39.13333333333333,147,AV,2,0,0,68,2260.56382504795,,-39.13333333333333,"0,0,0,0","0,0,0"
36.5,268,AV,2,0,0,63,6446.254396158338,,-36.5,"0,0,0,0","0,0,0"
27.1,157,AV,1,0,0,58,2520.757475212996,,-27.1,"0,0,0,0","0,0,0"
43.2,187,AV,2,0,0,79,3119.7161673652217,,-43.2,"0,0,0,0","0,0,0"
44.93333333333333,77,AV,2,0,0,78,1275.9312017726234,,-44.93333333333333,"0,0,0,0","0,0,0"
32.88333333333333,38,AV,2,0,0,32,822.5771428470101,,-32.88333333333333,"0,0,0,0","0,0,0"
39.11666666666667,215,AV,2,0,0,79,3941.04555698938,,-39.11666666666667,"0,0,0,0","0,0,0"
42.266666666666666,30,AV,2,0,0,77,776.0711537761008,,-42.266666666666666,"0,0,0,0","0,0,0"
23.4,37,AV,2,0,0,1,816.2772675203604,,-23.4,"0,0,0,0","0,0,0"
19.666666666666668,270,AV,1,0,0,28,7099.697064525982,,-19.666666666666668,"0,0,0,0","0,0,0"
23.4,248,AV,2,0,0,3,5144.150368411208,,-23.4,"0,0,0,0","0,0,0"
30.233333333333334,101,AV,2,0,0,17,1573.7150367511856,,-30.233333333333334,"0,0,0,0","0,0,0"
42.916666666666664,113,AV,2,0,0,63,1805.1606101798543,,-42.916666666666664,"0,0,0,0","0,0,0"
23.85,186,AV,2,0,0,7,3064.640983136323,,-23.85,"0,0,0,0","0,0,0"
21.083333333333332,236,AV,1,0,0,28,4645.51881630073,,-21.083333333333332,"0,0,0,0","0,0,0"
38.63333333333333,58,AV,2,0,0,70,1011.0784796502788,,-38.63333333333333,"0,0,0,0","0,0,0"
34.63333333333333,278,AV,2,0,0,12,8326.33528790118,,-34.63333333333333,"0,0,0,0","0,0,0"
26.683333333333334,260,AV,2,0,0,24,5911.733280178027,,-26.683333333333334,"0,0,0,0","0,0,0"
25.866666666666667,87,AV,2,0,0,13,1457.5875839824732,,-25.866666666666667,"0,0,0,0","0,0,0"
29.783333333333335,287,AV,2,0,0,28,10708.821866752483,,-29.783333333333335,"0,0,0,0","0,0,0"
34.96666666666667,170,AV,2,0,0,34,2793.3389947689566,,-34.96666666666667,"0,0,0,0","0,0,0"
17.733333333333334,21,AV,1,0,0,20,626.2908344343901,,-17.733333333333334,"0,0,0,0","0,0,0"
36.0,12,AV,1,0,0,90,539.5213747330826,,-36.0,"0,0,0,0","0,0,0"
18.266666666666666,125,AV,1,0,0,26,1950.0200213032829,,-18.266666666666666,"0,0,0,0","0,0,0"
39.666666666666664,281,AV,2,0,0,81,8475.089255911002,,-39.666666666666664,"0,0,0,0","0,0,0"
23.05,208,AV,1,0,0,39,3608.770587345788,,-23.05,"0,0,0,0","0,0,0"
23.966666666666665,5,AV,1,0,0,47,491.0984231068265,,-23.966666666666665,"0,0,0,0","0,0,0"
21.116666666666667,126,AV,1,0,0,29,1996.532829496936,,-21.116666666666667,"0,0,0,0","0,0,0"
39.53333333333333,293,AV,2,0,0,74,13351.937436366714,,-39.53333333333333,"0,0,0,0","0,0,0"
45.46666666666667,23,AV,2,0,0,79,640.5426603936758,,-45.46666666666667,"0,0,0,0","0,0,0"
38.95,252,AV,2,0,0,55,5480.041794665195,,-38.95,"0,0,0,0","0,0,0"
43.55,6,AV,2,0,0,87,497.26542980048754,,-43.55,"0,0,0,0","0,0,0"
6.966666666666667,180,AV,0,0,0,2,2968.817229463249,,-6.966666666666667,"0,0,0,0","0,0,0"
24.116666666666667,159,AV,1,0,0,51,2538.843693606908,,-24.116666666666667,"0,0,0,0","0,0,0"
23.216666666666665,297,AV,1,0,0,27,17693.100214811147,,-23.216666666666665,"0,0,0,0","0,0,0"
34.81666666666667,181,AV,2,0,0,54,2969.8754393798326,,-34.81666666666667,"0,0,0,0","0,0,0"
33.56666666666667,57,AV,1,0,0,76,978.4447105201264,,-33.56666666666667,"0,0,0,0","0,0,0"
33.8,182,AV,2,0,0,32,2987.078671303881,,-33.8,"0,0,0,0","0,0,0"
34.333333333333336,161,AV,1,0,0,88,2561.5826276178027,,-34.333333333333336,"0,0,0,0","0,0,0"
19.4,110,AV,1,0,0,24,1718.6657268339234,,-19.4,"0,0,0,0","0,0,0"
32.083333333333336,123,AV,2,0,0,43,1922.439846447592,,-32.083333333333336,"0,0,0,0","0,0,0"
30.033333333333335,17,AV,1,0,0,59,601.3137559373858,,-30.033333333333335,"0,0,0,0","0,0,0"
30.8,265,AV,2,0,0,28,6248.181898567973,,-30.8,"0,0,0,0","0,0,0"
32.36666666666667,201,AV,2,0,0,41,3458.1247672483346,,-32.36666666666667,"0,0,0,0","0,0,0"
36.0,175,AV,1,0,0,93,2942.323800284961,,-36.0,"0,0,0,0","0,0,0"
36.416666666666664,3,AV,2,0,0,38,457.16351791608827,,-36.416666666666664,"0,0,0,0","0,0,0"
25.316666666666666,247,AV,2,0,0,20,5064.807770076448,,-25.316666666666666,"0,0,0,0","0,0,0"
5.383333333333334,224,AV,0,0,0,0,4223.122456076251,,-5.383333333333334,"0,0,0,0","0,0,0"
23.95,219,AV,1,0,0,48,3987.5502105766736,,-23.95,"0,0,0,0","0,0,0"
36.21666666666667,174,AV,2,0,0,53,2909.5116230827134,,-36.21666666666667,"0,0,0,0","0,0,0"
27.033333333333335,88,AV,2,0,0,25,1460.106853854364,,-27.033333333333335,"0,0,0,0","0,0,0"
36.266666666666666,60,AV,2,0,0,55,1017.530975349866,,-36.266666666666666,"0,0,0,0","0,0,0"
16.233333333333334,163,AV,1,0,0,18,2580.565825479665,,-16.233333333333334,"0,0,0,0","0,0,0"
27.25,255,AV,2,0,0,18,5654.280440205098,,-27.25,"0,0,0,0","0,0,0"
45.38333333333333,142,AV,2,0,0,92,2193.4249838744518,,-45.38333333333333,"0,0,0,0","0,0,0"
39.56666666666667,14,AV,2,0,0,82,571.0932451196882,,-39.56666666666667,"0,0,0,0","0,0,0"
25.283333333333335,240,AV,2,0,0,13,4705.31956239884,,-25.283333333333335,"0,0,0,0","0,0,0"
31.55,200,AV,2,0,0,31,3456.1529418207683,,-31.55,"0,0,0,0","0,0,0"
24.166666666666668,48,AV,1,0,0,43,923.9636394510808,,-24.166666666666668,"0,0,0,0","0,0,0"
47.983333333333334,212,AV,2,0,0,91,3822.7735841463273,,-47.983333333333334,"0,0,0,0","0,0,0"
36.55,162,AV,2,0,0,57,2574.4307659940623,,-36.55,"0,0,0,0","0,0,0"
15.15,275,AV,1,0,0,10,7658.5640246764915,,-15.15,"0,0,0,0","0,0,0"
15.733333333333333,69,AV,1,0,0,11,1150.2916000513435,,-15.733333333333333,"0,0,0,0","0,0,0"
31.4,185,AV,1,0,0,82,3048.604611013583,,-31.4,"0,0,0,0","0,0,0"
30.633333333333333,166,AV,2,0,0,27,2675.3892374750885,,-30.633333333333333,"0,0,0,0","0,0,0"
37.21666666666667,223,AV,2,0,0,74,4090.160813256426,,-37.21666666666667,"0,0,0,0","0,0,0"
34.1,15,AV,1,0,0,88,572.7967315704935,,-34.1,"0,0,0,0","0,0,0"
35.06666666666667,78,AV,1,0,0,89,1291.2118623687816,,-35.06666666666667,"0,0,0,0","0,0,0"
34.766666666666666,109,AV,1,0,0,88,1684.196745492046,,-34.766666666666666,"0,0,0,0","0,0,0"
33.43333333333333,231,AV,1,0,0,83,4572.8741748457805,,-33.43333333333333,"0,0,0,0","0,0,0"
44.31666666666667,279,AV,2,0,0,79,8331.964781214912,,-44.31666666666667,"0,0,0,0","0,0,0"
28.716666666666665,221,AV,2,0,0,36,4034.238052294327,,-28.716666666666665,"0,0,0,0","0,0,0"
23.216666666666665,155,AV,1,0,0,40,2472.005569054355,,-23.216666666666665,"0,0,0,0","0,0,0"
29.483333333333334,44,AV,1,0,0,67,859.2772315809713,,-29.483333333333334,"0,0,0,0","0,0,0"
25.95,115,AV,1,0,0,53,1830.3424648913517,,-25.95,"0,0,0,0","0,0,0"
23.966666666666665,235,AV,1,0,0,50,4635.813442599864,,-23.966666666666665,"0,0,0,0","0,0,0"
33.25,1,AV,1,0,0,85,437.5592869272848,,-33.25,"0,0,0,0","0,0,0"
22.133333333333333,199,AV,1,0,0,31,3414.9419898187493,,-22.133333333333333,"0,0,0,0","0,0,0"
46.833333333333336,177,AV,2,0,0,100,2953.464044858564,,-46.833333333333336,"0,0,0,0","0,0,0"
30.9,112,AV,2,0,0,31,1799.695682844959,,-30.9,"0,0,0,0","0,0,0"
40.61666666666667,245,AV,2,0,0,71,4950.077303955518,,-40.61666666666667,"0,0,0,0","0,0,0"
19.466666666666665,292,AV,1,0,0,27,13079.31179296209,,-19.466666666666665,"0,0,0,0","0,0,0"
36.88333333333333,65,AV,2,0,0,58,1111.987968807459,,-36.88333333333333,"0,0,0,0","0,0,0"
14.316666666666666,104,AV,1,0,0,12,1588.8002265047048,,-14.316666666666666,"0,0,0,0","0,0,0"
20.183333333333334,173,AV,0,0,0,57,2857.8751728516777,,-20.183333333333334,"0,0,0,0","0,0,0"
26.616666666666667,35,AV,1,0,0,60,806.3598325453933,,-26.616666666666667,"0,0,0,0","0,0,0"
23.166666666666668,99,AV,2,0,0,1,1552.9853059451273,,-23.166666666666668,"0,0,0,0","0,0,0"
