travel_time,id,kind,action,origin,destination,start_time,income,urgency,reward,observation,cost_table
10.416666666666666,134,AV,0,0,0,17,2046.5713793034688,,-10.416666666666666,"0,0,0,0","0,0,0"
33.25,92,AV,2,0,0,19,1475.2077210572677,,-33.25,"0,0,0,0","0,0,0"
44.18333333333333,213,AV,2,0,0,84,3863.855435177377,,-44.18333333333333,"0,0,0,0","0,0,0"
26.55,4,AV,2,0,0,29,473.5024380788758,,-26.55,"0,0,0,0","0,0,0"
35.88333333333333,209,AV,2,0,0,57,3724.6301341612702,,-35.88333333333333,"0,0,0,0","0,0,0"
16.316666666666666,13,AV,1,0,0,11,566.7055292848979,,-16.316666666666666,"0,0,0,0","0,0,0"
40.31666666666667,267,AV,2,0,0,88,6434.117121135291,,-40.31666666666667,"0,0,0,0","0,0,0"
13.133333333333333,143,AV,1,0,0,8,2198.5025098873134,,-13.133333333333333,"0,0,0,0","0,0,0"
23.283333333333335,216,AV,1,0,0,43,3942.222625638348,,-23.283333333333335,"0,0,0,0","0,0,0"
19.866666666666667,71,AV,1,0,0,13,1200.7903182940884,,-19.866666666666667,"0,0,0,0","0,0,0"
15.483333333333333,70,AV,1,0,0,15,1167.011530479414,,-15.483333333333333,"0,0,0,0","0,0,0"
36.55,154,AV,1,0,0,89,2456.6540037696086,,-36.55,"0,0,0,0","0,0,0"
36.3,286,AV,1,0,0,87,10450.70686878338,,-36.3,"0,0,0,0","0,0,0"
40.61666666666667,261,AV,2,0,0,89,5984.209260784091,,-40.61666666666667,"0,0,0,0","0,0,0"
20.25,144,AV,1,0,0,31,2212.8825544422834,,-20.25,"0,0,0,0","0,0,0"
23.35,239,AV,2,0,0,4,4704.305573257116,,-23.35,"0,0,0,0","0,0,0"
38.3,94,AV,2,0,0,64,1496.328062426438,,-38.3,"0,0,0,0","0,0,0"
19.9,18,AV,2,0,0,3,610.4868582393152,,-19.9,"0,0,0,0","0,0,0"
24.85,40,AV,1,0,0,51,827.8499544782503,,-24.85,"0,0,0,0","0,0,0"
17.716666666666665,296,AV,1,0,0,17,17322.90883950548,,-17.716666666666665,"0,0,0,0","0,0,0"
19.116666666666667,93,AV,1,0,0,31,1490.1599361877834,,-19.116666666666667,"0,0,0,0","0,0,0"
38.68333333333333,244,AV,2,0,0,70,4889.272753955773,,-38.68333333333333,"0,0,0,0","0,0,0"
39.13333333333333,2,AV,1,0,0,99,437.8567856598078,,-39.13333333333333,"0,0,0,0","0,0,0"
20.733333333333334,225,AV,1,0,0,31,4381.240268036911,,-20.733333333333334,"0,0,0,0","0,0,0"
36.25,107,AV,2,0,0,64,1659.6531244520008,,-36.25,"0,0,0,0","0,0,0"
29.266666666666666,89,AV,1,0,0,71,1467.6871321740252,,-29.266666666666666,"0,0,0,0","0,0,0"
20.3,74,AV,1,0,0,32,1249.5878531833848,,-20.3,"0,0,0,0","0,0,0"
39.083333333333336,86,AV,1,0,0,98,1454.957177165027,,-39.083333333333336,"0,0,0,0","0,0,0"
32.61666666666667,204,AV,2,0,0,40,3531.3895067900216,,-32.61666666666667,"0,0,0,0","0,0,0"
31.683333333333334,191,AV,1,0,0,77,3245.380745418587,,-31.683333333333334,"0,0,0,0","0,0,0"
35.333333333333336,59,AV,2,0,0,56,1014.5614647146556,,-35.333333333333336,"0,0,0,0","0,0,0"
33.416666666666664,167,AV,2,0,0,46,2753.3979495063454,,-33.416666666666664,"0,0,0,0","0,0,0"
28.516666666666666,128,AV,1,0,0,65,2010.868248891871,,-28.516666666666666,"0,0,0,0","0,0,0"
37.416666666666664,121,AV,1,0,0,93,1888.2149669861096,,-37.416666666666664,"0,0,0,0","0,0,0"
33.43333333333333,158,AV,1,0,0,75,2533.2754137277425,,-33.43333333333333,"0,0,0,0","0,0,0"
34.18333333333333,256,AV,1,0,0,83,5807.233742044462,,-34.18333333333333,"0,0,0,0","0,0,0"
44.083333333333336,108,AV,2,0,0,65,1664.0464513081895,,-44.083333333333336,"0,0,0,0","0,0,0"
30.883333333333333,165,AV,1,0,0,77,2648.588416164911,,-30.883333333333333,"0,0,0,0","0,0,0"
41.65,179,AV,2,0,0,88,2964.6777926145683,,-41.65,"0,0,0,0","0,0,0"
29.533333333333335,230,AV,2,0,0,43,4559.760277629775,,-29.533333333333335,"0,0,0,0","0,0,0"
37.416666666666664,153,AV,2,0,0,62,2436.431929205765,,-37.416666666666664,"0,0,0,0","0,0,0"
30.866666666666667,193,AV,1,0,0,75,3257.3450634265246,,-30.866666666666667,"0,0,0,0","0,0,0"
21.316666666666666,9,AV,1,0,0,35,513.3463032142733,,-21.316666666666666,"0,0,0,0","0,0,0"
25.05,102,AV,1,0,0,50,1581.438059619256,,-25.05,"0,0,0,0","0,0,0"
36.93333333333333,41,AV,2,0,0,55,845.7864251007381,,-36.93333333333333,"0,0,0,0","0,0,0"
23.816666666666666,116,AV,2,0,0,2,1832.3133019091129,,-23.816666666666666,"0,0,0,0","0,0,0"
37.13333333333333,258,AV,1,0,0,92,5825.994272151124,,-37.13333333333333,"0,0,0,0","0,0,0"
22.683333333333334,269,AV,1,0,0,38,6918.069898529506,,-22.683333333333334,"0,0,0,0","0,0,0"
19.316666666666666,82,AV,1,0,0,31,1342.087988935639,,-19.316666666666666,"0,0,0,0","0,0,0"
37.483333333333334,81,AV,2,0,0,70,1317.647826688136,,-37.483333333333334,"0,0,0,0","0,0,0"
22.25,237,AV,1,0,0,40,4660.29795945294,,-22.25,"0,0,0,0","0,0,0"
46.233333333333334,263,AV,2,0,0,100,6020.57275324985,,-46.233333333333334,"0,0,0,0","0,0,0"
35.21666666666667,284,AV,1,0,0,88,8987.822610831106,,-35.21666666666667,"0,0,0,0","0,0,0"
37.15,295,AV,2,0,0,67,14754.343640924068,,-37.15,"0,0,0,0","0,0,0"
15.2,136,AV,1,0,0,13,2133.445027811215,,-15.2,"0,0,0,0","0,0,0"
39.31666666666667,220,AV,1,0,0,98,4021.28082322038,,-39.31666666666667,"0,0,0,0","0,0,0"
41.583333333333336,257,AV,2,0,0,88,5825.425317043349,,-41.583333333333336,"0,0,0,0","0,0,0"
26.016666666666666,106,AV,2,0,0,32,1614.9493849180149,,-26.016666666666666,"0,0,0,0","0,0,0"
15.05,149,AV,1,0,0,8,2344.9936519099742,,-15.05,"0,0,0,0","0,0,0"
43.766666666666666,118,AV,2,0,0,91,1836.592480640456,,-43.766666666666666,"0,0,0,0","0,0,0"
22.066666666666666,129,AV,1,0,0,41,2011.9739719035176,,-22.066666666666666,"0,0,0,0","0,0,0"
30.783333333333335,90,AV,1,0,0,77,1474.5167950508735,,-30.783333333333335,"0,0,0,0","0,0,0"
38.3,122,AV,2,0,0,74,1900.764377468582,,-38.3,"0,0,0,0","0,0,0"
28.0,140,AV,2,0,0,27,2164.09247058771,,-28.0,"0,0,0,0","0,0,0"
25.933333333333334,96,AV,1,0,0,52,1517.942512651984,,-25.933333333333334,"0,0,0,0","0,0,0"
30.833333333333332,46,AV,1,0,0,69,892.1845339920479,,-30.833333333333332,"0,0,0,0","0,0,0"
25.716666666666665,61,AV,1,0,0,56,1068.5648373754009,,-25.716666666666665,"0,0,0,0","0,0,0"
22.683333333333334,285,AV,1,0,0,37,9667.56212442905,,-22.683333333333334,"0,0,0,0","0,0,0"
19.033333333333335,160,AV,1,0,0,15,2553.8725848963804,,-19.033333333333335,"0,0,0,0","0,0,0"
24.316666666666666,114,AV,1,0,0,50,1823.811293294481,,-24.316666666666666,"0,0,0,0","0,0,0"
34.25,67,AV,1,0,0,78,1141.5133047894662,,-34.25,"0,0,0,0","0,0,0"
25.85,66,AV,1,0,0,51,1135.438045570021,,-25.85,"0,0,0,0","0,0,0"
35.8,229,AV,1,0,0,89,4547.885280126284,,-35.8,"0,0,0,0","0,0,0"
16.4,62,AV,1,0,0,15,1074.3823512953045,,-16.4,"0,0,0,0","0,0,0"
16.35,127,AV,1,0,0,15,1997.7276787447236,,-16.35,"0,0,0,0","0,0,0"
36.233333333333334,205,AV,2,0,0,68,3539.477986656502,,-36.233333333333334,"0,0,0,0","0,0,0"
38.016666666666666,73,AV,1,0,0,96,1239.4416864014672,,-38.016666666666666,"0,0,0,0","0,0,0"
28.433333333333334,19,AV,1,0,0,66,615.3970356119416,,-28.433333333333334,"0,0,0,0","0,0,0"
33.583333333333336,192,AV,2,0,0,42,3256.7228478661937,,-33.583333333333336,"0,0,0,0","0,0,0"
30.15,277,AV,1,0,0,71,8028.27043643778,,-30.15,"0,0,0,0","0,0,0"
40.35,56,AV,2,0,0,82,975.0940381265832,,-40.35,"0,0,0,0","0,0,0"
10.3,188,AV,0,0,0,20,3169.820795106812,,-10.3,"0,0,0,0","0,0,0"
32.4,111,AV,1,0,0,74,1797.659883656486,,-32.4,"0,0,0,0","0,0,0"
30.416666666666668,20,AV,1,0,0,74,623.7253316558669,,-30.416666666666668,"0,0,0,0","0,0,0"
16.716666666666665,54,AV,1,0,0,16,946.2003450753726,,-16.716666666666665,"0,0,0,0","0,0,0"
33.05,178,AV,2,0,0,56,2953.761118311176,,-33.05,"0,0,0,0","0,0,0"
10.25,156,AV,1,0,0,1,2476.7673195544394,,-10.25,"0,0,0,0","0,0,0"
35.95,120,AV,2,0,0,62,1880.1756700095973,,-35.95,"0,0,0,0","0,0,0"
34.6,8,AV,2,0,0,60,508.6019702527906,,-34.6,"0,0,0,0","0,0,0"
36.55,251,AV,1,0,0,92,5370.167679594476,,-36.55,"0,0,0,0","0,0,0"
14.6,176,AV,1,0,0,13,2949.689674384749,,-14.6,"0,0,0,0","0,0,0"
36.733333333333334,243,AV,1,0,0,89,4864.205776554158,,-36.733333333333334,"0,0,0,0","0,0,0"
17.366666666666667,202,AV,1,0,0,9,3476.696831582168,,-17.366666666666667,"0,0,0,0","0,0,0"
43.43333333333333,214,AV,2,0,0,91,3933.772930850901,,-43.43333333333333,"0,0,0,0","0,0,0"
35.13333333333333,168,AV,1,0,0,84,2756.9260540590044,,-35.13333333333333,"0,0,0,0","0,0,0"
22.566666666666666,27,AV,2,0,0,19,742.6585956180782,,-22.566666666666666,"0,0,0,0","0,0,0"
24.25,103,AV,1,0,0,47,1587.6148581174584,,-24.25,"0,0,0,0","0,0,0"
24.333333333333332,49,AV,1,0,0,49,926.7012599248138,,-24.333333333333332,"0,0,0,0","0,0,0"
35.05,283,AV,1,0,0,87,8975.220492497892,,-35.05,"0,0,0,0","0,0,0"
21.966666666666665,141,AV,2,0,0,4,2187.718469250836,,-21.966666666666665,"0,0,0,0","0,0,0"
18.566666666666666,50,AV,0,0,0,56,931.9887487728153,,-18.566666666666666,"0,0,0,0","0,0,0"
28.416666666666668,124,AV,1,0,0,69,1927.298426803608,,-28.416666666666668,"0,0,0,0","0,0,0"
25.483333333333334,79,AV,2,0,0,24,1293.252850487379,,-25.483333333333334,"0,0,0,0","0,0,0"
11.966666666666667,98,AV,0,0,0,29,1530.6528609905624,,-11.966666666666667,"0,0,0,0","0,0,0"
39.35,33,AV,2,0,0,70,793.0252767736928,,-39.35,"0,0,0,0","0,0,0"
27.416666666666668,207,AV,1,0,0,61,3564.273841812899,,-27.416666666666668,"0,0,0,0","0,0,0"
17.65,299,AV,1,0,0,21,20793.30768626012,,-17.65,"0,0,0,0","0,0,0"
46.03333333333333,189,AV,2,0,0,92,3225.188153267811,,-46.03333333333333,"0,0,0,0","0,0,0"
25.516666666666666,288,AV,2,0,0,12,11861.36896338871,,-25.516666666666666,"0,0,0,0","0,0,0"
20.866666666666667,72,AV,1,0,0,32,1205.4292211271013,,-20.866666666666667,"0,0,0,0","0,0,0"
34.11666666666667,95,AV,1,0,0,78,1509.578116022191,,-34.11666666666667,"0,0,0,0","0,0,0"
36.38333333333333,146,AV,1,0,0,90,2225.3307045190536,,-36.38333333333333,"0,0,0,0","0,0,0"
38.06666666666667,197,AV,1,0,0,91,3278.222126324269,,-38.06666666666667,"0,0,0,0","0,0,0"
25.7,150,AV,1,0,0,54,2352.9451803313505,,-25.7,"0,0,0,0","0,0,0"
23.483333333333334,53,AV,1,0,0,48,943.1907669438916,,-23.483333333333334,"0,0,0,0","0,0,0"
35.733333333333334,76,AV,2,0,0,51,1261.43865123121,,-35.733333333333334,"0,0,0,0","0,0,0"
13.066666666666666,206,AV,1,0,0,8,3558.5090095449787,,-13.066666666666666,"0,0,0,0","0,0,0"
40.36666666666667,266,AV,2,0,0,75,6427.339783247283,,-40.36666666666667,"0,0,0,0","0,0,0"
25.683333333333334,148,AV,2,0,0,28,2318.1098695731453,,-25.683333333333334,"0,0,0,0","0,0,0"
46.45,274,AV,2,0,0,100,7572.106998522375,,-46.45,"0,0,0,0","0,0,0"
28.5,145,AV,0,0,0,92,2215.952556227922,,-28.5,"0,0,0,0","0,0,0"
39.06666666666667,282,AV,2,0,0,69,8689.506535985933,,-39.06666666666667,"0,0,0,0","0,0,0"
18.266666666666666,195,AV,1,0,0,25,3269.866339895674,,-18.266666666666666,"0,0,0,0","0,0,0"
15.266666666666667,218,AV,0,0,0,40,3971.0791127863904,,-15.266666666666667,"0,0,0,0","0,0,0"
20.533333333333335,171,AV,2,0,0,5,2813.5576138103806,,-20.533333333333335,"0,0,0,0","0,0,0"
38.2,45,AV,1,0,0,96,877.2934597877683,,-38.2,"0,0,0,0","0,0,0"
32.75,254,AV,1,0,0,78,5578.433439706214,,-32.75,"0,0,0,0","0,0,0"
20.816666666666666,271,AV,1,0,0,37,7177.938863287724,,-20.816666666666666,"0,0,0,0","0,0,0"
23.55,289,AV,1,0,0,47,11940.25564443948,,-23.55,"0,0,0,0","0,0,0"
34.833333333333336,42,AV,1,0,0,87,850.3216016091212,,-34.833333333333336,"0,0,0,0","0,0,0"
41.61666666666667,232,AV,2,0,0,72,4577.590037133467,,-41.61666666666667,"0,0,0,0","0,0,0"
38.166666666666664,172,AV,1,0,0,92,2815.231094880572,,-38.166666666666664,"0,0,0,0","0,0,0"
18.75,276,AV,1,0,0,22,7897.119961473183,,-18.75,"0,0,0,0","0,0,0"
28.5,298,AV,1,0,0,64,18628.94525544202,,-28.5,"0,0,0,0","0,0,0"
45.083333333333336,132,AV,2,0,0,99,2035.9911412414244,,-45.083333333333336,"0,0,0,0","0,0,0"
13.883333333333333,22,AV,1,0,0,8,639.9143284368583,,-13.883333333333333,"0,0,0,0","0,0,0"
30.566666666666666,280,AV,1,0,0,68,8436.938288223368,,-30.566666666666666,"0,0,0,0","0,0,0"
18.85,117,AV,1,0,0,27,1836.3970218708375,,-18.85,"0,0,0,0","0,0,0"
20.066666666666666,84,AV,1,0,0,27,1446.9812594843625,,-20.066666666666666,"0,0,0,0","0,0,0"
39.95,131,AV,2,0,0,77,2034.664800296876,,-39.95,"0,0,0,0","0,0,0"
16.95,91,AV,1,0,0,14,1474.807688008607,,-16.95,"0,0,0,0","0,0,0"
8.566666666666666,55,AV,0,0,0,15,950.4213588862824,,-8.566666666666666,"0,0,0,0","0,0,0"
29.566666666666666,228,AV,2,0,0,21,4434.023444374438,,-29.566666666666666,"0,0,0,0","0,0,0"
34.9,194,AV,2,0,0,36,3257.969850357721,,-34.9,"0,0,0,0","0,0,0"
12.716666666666667,43,AV,1,0,0,1,857.6590975250949,,-12.716666666666667,"0,0,0,0","0,0,0"
20.8,29,AV,1,0,0,35,767.6170681366935,,-20.8,"0,0,0,0","0,0,0"
24.916666666666668,294,AV,1,0,0,44,13460.811009378149,,-24.916666666666668,"0,0,0,0","0,0,0"
46.85,105,AV,2,0,0,100,1592.2311391495805,,-46.85,"0,0,0,0","0,0,0"
37.233333333333334,100,AV,1,0,0,90,1567.0706205360798,,-37.233333333333334,"0,0,0,0","0,0,0"
23.383333333333333,133,AV,2,0,0,19,2043.1688306873104,,-23.383333333333333,"0,0,0,0","0,0,0"
12.766666666666667,11,AV,1,0,0,2,522.440884226393,,-12.766666666666667,"0,0,0,0","0,0,0"
44.7,68,AV,2,0,0,80,1148.2139867956057,,-44.7,"0,0,0,0","0,0,0"
28.45,34,AV,1,0,0,64,801.7987355487146,,-28.45,"0,0,0,0","0,0,0"
38.38333333333333,139,AV,1,0,0,95,2147.781038516846,,-38.38333333333333,"0,0,0,0","0,0,0"
31.483333333333334,264,AV,1,0,0,77,6130.868263041086,,-31.483333333333334,"0,0,0,0","0,0,0"
28.383333333333333,217,AV,2,0,0,36,3958.913906791885,,-28.383333333333333,"0,0,0,0","0,0,0"
23.55,52,AV,1,0,0,43,934.0011274976006,,-23.55,"0,0,0,0","0,0,0"
22.033333333333335,198,AV,1,0,0,42,3382.383844415393,,-22.033333333333335,"0,0,0,0","0,0,0"
23.483333333333334,290,AV,1,0,0,46,12197.400506638176,,-23.483333333333334,"0,0,0,0","0,0,0"
31.783333333333335,75,AV,1,0,0,79,1260.6549751070208,,-31.783333333333335,"0,0,0,0","0,0,0"
5.2,272,AV,0,0,0,1,7334.728577480919,,-5.2,"0,0,0,0","0,0,0"
23.75,28,AV,2,0,0,16,763.1985099142711,,-23.75,"0,0,0,0","0,0,0"
27.183333333333334,249,AV,1,0,0,64,5158.4050556257225,,-27.183333333333334,"0,0,0,0","0,0,0"
13.55,137,AV,0,0,0,38,2141.869626207308,,-13.55,"0,0,0,0","0,0,0"
11.966666666666667,234,AV,0,0,0,22,4617.1597275219765,,-11.966666666666667,"0,0,0,0","0,0,0"
16.883333333333333,16,AV,1,0,0,15,591.6693204447811,,-16.883333333333333,"0,0,0,0","0,0,0"
38.46666666666667,47,AV,1,0,0,94,905.8209551718018,,-38.46666666666667,"0,0,0,0","0,0,0"
16.3,196,AV,1,0,0,15,3274.575105225111,,-16.3,"0,0,0,0","0,0,0"
26.466666666666665,203,AV,1,0,0,55,3480.90175047103,,-26.466666666666665,"0,0,0,0","0,0,0"
21.4,246,AV,1,0,0,36,4951.479839002994,,-21.4,"0,0,0,0","0,0,0"
7.1,253,AV,0,0,0,7,5568.958209200236,,-7.1,"0,0,0,0","0,0,0"
28.216666666666665,169,AV,2,0,0,36,2780.081336731352,,-28.216666666666665,"0,0,0,0","0,0,0"
41.166666666666664,138,AV,2,0,0,52,2142.030696222753,,-41.166666666666664,"0,0,0,0","0,0,0"
14.966666666666667,26,AV,1,0,0,10,670.158540600369,,-14.966666666666667,"0,0,0,0","0,0,0"
17.3,24,AV,1,0,0,15,650.412147456106,,-17.3,"0,0,0,0","0,0,0"
33.68333333333333,39,AV,1,0,0,85,827.3783452591958,,-33.68333333333333,"0,0,0,0","0,0,0"
18.516666666666666,7,AV,0,0,0,62,506.5869000089976,,-18.516666666666666,"0,0,0,0","0,0,0"
37.15,262,AV,2,0,0,75,6007.794801579103,,-37.15,"0,0,0,0","0,0,0"
29.283333333333335,31,AV,2,0,0,43,777.0630287344238,,-29.283333333333335,"0,0,0,0","0,0,0"
20.2,130,AV,0,0,0,62,2030.86588445069,,-20.2,"0,0,0,0","0,0,0"
31.333333333333332,25,AV,2,0,0,44,658.4091024775607,,-31.333333333333332,"0,0,0,0","0,0,0"
32.75,32,AV,1,0,0,84,779.2240782816187,,-32.75,"0,0,0,0","0,0,0"
30.133333333333333,135,AV,1,0,0,72,2078.9202215407213,,-30.133333333333333,"0,0,0,0","0,0,0"
37.81666666666667,226,AV,2,0,0,32,4412.688598555705,,-37.81666666666667,"0,0,0,0","0,0,0"
6.95,184,AV,0,0,0,10,3001.8426729260827,,-6.95,"0,0,0,0","0,0,0"
12.866666666666667,63,AV,1,0,0,5,1076.386102050743,,-12.866666666666667,"0,0,0,0","0,0,0"
19.216666666666665,183,AV,1,0,0,19,2991.769966736588,,-19.216666666666665,"0,0,0,0","0,0,0"
31.766666666666666,210,AV,1,0,0,77,3759.463069718096,,-31.766666666666666,"0,0,0,0","0,0,0"
27.133333333333333,211,AV,2,0,0,33,3793.837230001502,,-27.133333333333333,"0,0,0,0","0,0,0"
26.883333333333333,259,AV,1,0,0,62,5899.132481879994,,-26.883333333333333,"0,0,0,0","0,0,0"
28.583333333333332,119,AV,1,0,0,69,1869.7531794209297,,-28.583333333333332,"0,0,0,0","0,0,0"
33.63333333333333,0,AV,2,0,0,59,419.7646265090227,,-33.63333333333333,"0,0,0,0","0,0,0"
35.983333333333334,80,AV,2,0,0,58,1301.8927857652438,,-35.983333333333334,"0,0,0,0","0,0,0"
23.833333333333332,250,AV,1,0,0,46,5168.6614957092925,,-23.833333333333332,"0,0,0,0","0,0,0"
34.11666666666667,51,AV,2,0,0,44,932.0432837729122,,-34.11666666666667,"0,0,0,0","0,0,0"
24.916666666666668,291,AV,1,0,0,52,12726.503958899895,,-24.916666666666668,"0,0,0,0","0,0,0"
34.233333333333334,273,AV,1,0,0,81,7336.658338656486,,-34.233333333333334,"0,0,0,0","0,0,0"
27.266666666666666,10,AV,1,0,0,51,513.7357984527049,,-27.266666666666666,"0,0,0,0","0,0,0"
5.366666666666666,36,AV,0,0,0,1,813.126641713825,,-5.366666666666666,"0,0,0,0","0,0,0"
8.466666666666667,227,AV,0,0,0,10,4429.527615460413,,-8.466666666666667,"0,0,0,0","0,0,0"
38.18333333333333,238,AV,2,0,0,80,4662.282088415262,,-38.18333333333333,"0,0,0,0","0,0,0"
34.733333333333334,152,AV,2,0,0,49,2417.357356239525,,-34.733333333333334,"0,0,0,0","0,0,0"
26.066666666666666,64,AV,2,0,0,16,1100.389953660579,,-26.066666666666666,"0,0,0,0","0,0,0"
20.083333333333332,151,AV,1,0,0,27,2382.718205806423,,-20.083333333333332,"0,0,0,0","0,0,0"
16.583333333333332,222,AV,1,0,0,5,4061.843573313689,,-16.583333333333332,"0,0,0,0","0,0,0"
16.75,241,AV,0,0,0,53,4756.448820673547,,-16.75,"0,0,0,0","0,0,0"
42.6,85,AV,2,0,0,87,1447.5744631551047,,-42.6,"0,0,0,0","0,0,0"
32.86666666666667,190,AV,2,0,0,47,3236.647802754315,,-32.86666666666667,"0,0,0,0","0,0,0"
25.283333333333335,97,AV,1,0,0,54,1530.0661682302475,,-25.283333333333335,"0,0,0,0","0,0,0"
23.816666666666666,164,AV,1,0,0,47,2645.062412614309,,-23.816666666666666,"0,0,0,0","0,0,0"
30.75,83,AV,2,0,0,39,1348.5865378412918,,-30.75,"0,0,0,0","0,0,0"
41.45,233,AV,2,0,0,87,4609.601315671212,,-41.45,"0,0,0,0","0,0,0"
23.783333333333335,242,AV,2,0,0,9,4818.617258984985,,-23.783333333333335,"0,0,0,0","0,0,0"
34.6,147,AV,1,0,0,86,2260.56382504795,,-34.6,"0,0,0,0","0,0,0"
23.683333333333334,268,AV,1,0,0,42,6446.254396158338,,-23.683333333333334,"0,0,0,0","0,0,0"
25.833333333333332,157,AV,2,0,0,16,2520.757475212996,,-25.833333333333332,"0,0,0,0","0,0,0"
33.666666666666664,187,AV,1,0,0,85,3119.7161673652217,,-33.666666666666664,"0,0,0,0","0,0,0"
23.7,77,AV,1,0,0,44,1275.9312017726234,,-23.7,"0,0,0,0","0,0,0"
21.833333333333332,38,AV,0,0,0,68,822.5771428470101,,-21.833333333333332,"0,0,0,0","0,0,0"
40.85,215,AV,2,0,0,81,3941.04555698938,,-40.85,"0,0,0,0","0,0,0"
30.85,30,AV,1,0,0,71,776.0711537761008,,-30.85,"0,0,0,0","0,0,0"
21.25,37,AV,1,0,0,33,816.2772675203604,,-21.25,"0,0,0,0","0,0,0"
13.583333333333334,270,AV,0,0,0,33,7099.697064525982,,-13.583333333333334,"0,0,0,0","0,0,0"
30.816666666666666,248,AV,2,0,0,42,5144.150368411208,,-30.816666666666666,"0,0,0,0","0,0,0"
26.833333333333332,101,AV,1,0,0,57,1573.7150367511856,,-26.833333333333332,"0,0,0,0","0,0,0"
42.43333333333333,113,AV,2,0,0,89,1805.1606101798543,,-42.43333333333333,"0,0,0,0","0,0,0"
16.6,186,AV,1,0,0,17,3064.640983136323,,-16.6,"0,0,0,0","0,0,0"
34.11666666666667,236,AV,2,0,0,61,4645.51881630073,,-34.11666666666667,"0,0,0,0","0,0,0"
22.816666666666666,58,AV,1,0,0,42,1011.0784796502788,,-22.816666666666666,"0,0,0,0","0,0,0"
23.916666666666668,278,AV,2,0,0,14,8326.33528790118,,-23.916666666666668,"0,0,0,0","0,0,0"
30.116666666666667,260,AV,0,0,0,98,5911.733280178027,,-30.116666666666667,"0,0,0,0","0,0,0"
30.8,87,AV,2,0,0,39,1457.5875839824732,,-30.8,"0,0,0,0","0,0,0"
33.9,287,AV,2,0,0,49,10708.821866752483,,-33.9,"0,0,0,0","0,0,0"
34.416666666666664,170,AV,1,0,0,83,2793.3389947689566,,-34.416666666666664,"0,0,0,0","0,0,0"
45.05,21,AV,2,0,0,97,626.2908344343901,,-45.05,"0,0,0,0","0,0,0"
15.316666666666666,12,AV,1,0,0,10,539.5213747330826,,-15.316666666666666,"0,0,0,0","0,0,0"
25.9,125,AV,2,0,0,25,1950.0200213032829,,-25.9,"0,0,0,0","0,0,0"
37.3,281,AV,1,0,0,92,8475.089255911002,,-37.3,"0,0,0,0","0,0,0"
38.21666666666667,208,AV,1,0,0,93,3608.770587345788,,-38.21666666666667,"0,0,0,0","0,0,0"
22.233333333333334,5,AV,1,0,0,41,491.0984231068265,,-22.233333333333334,"0,0,0,0","0,0,0"
27.083333333333332,126,AV,1,0,0,58,1996.532829496936,,-27.083333333333332,"0,0,0,0","0,0,0"
43.31666666666667,293,AV,2,0,0,89,13351.937436366714,,-43.31666666666667,"0,0,0,0","0,0,0"
20.183333333333334,23,AV,0,0,0,65,640.5426603936758,,-20.183333333333334,"0,0,0,0","0,0,0"
29.95,252,AV,1,0,0,70,5480.041794665195,,-29.95,"0,0,0,0","0,0,0"
13.65,6,AV,1,0,0,4,497.26542980048754,,-13.65,"0,0,0,0","0,0,0"
35.61666666666667,180,AV,1,0,0,89,2968.817229463249,,-35.61666666666667,"0,0,0,0","0,0,0"
35.4,159,AV,2,0,0,67,2538.843693606908,,-35.4,"0,0,0,0","0,0,0"
18.5,297,AV,1,0,0,21,17693.100214811147,,-18.5,"0,0,0,0","0,0,0"
47.53333333333333,181,AV,2,0,0,95,2969.8754393798326,,-47.53333333333333,"0,0,0,0","0,0,0"
30.383333333333333,57,AV,1,0,0,74,978.4447105201264,,-30.383333333333333,"0,0,0,0","0,0,0"
40.2,182,AV,2,0,0,87,2987.078671303881,,-40.2,"0,0,0,0","0,0,0"
30.883333333333333,161,AV,1,0,0,65,2561.5826276178027,,-30.883333333333333,"0,0,0,0","0,0,0"
35.15,110,AV,1,0,0,89,1718.6657268339234,,-35.15,"0,0,0,0","0,0,0"
34.083333333333336,123,AV,1,0,0,86,1922.439846447592,,-34.083333333333336,"0,0,0,0","0,0,0"
32.75,17,AV,1,0,0,85,601.3137559373858,,-32.75,"0,0,0,0","0,0,0"
28.416666666666668,265,AV,1,0,0,64,6248.181898567973,,-28.416666666666668,"0,0,0,0","0,0,0"
16.9,201,AV,1,0,0,19,3458.1247672483346,,-16.9,"0,0,0,0","0,0,0"
18.9,175,AV,1,0,0,27,2942.323800284961,,-18.9,"0,0,0,0","0,0,0"
30.5,3,AV,1,0,0,65,457.16351791608827,,-30.5,"0,0,0,0","0,0,0"
33.333333333333336,247,AV,2,0,0,47,5064.807770076448,,-33.333333333333336,"0,0,0,0","0,0,0"
33.7,224,AV,1,0,0,86,4223.122456076251,,-33.7,"0,0,0,0","0,0,0"
31.25,219,AV,2,0,0,42,3987.5502105766736,,-31.25,"0,0,0,0","0,0,0"
43.43333333333333,174,AV,2,0,0,93,2909.5116230827134,,-43.43333333333333,"0,0,0,0","0,0,0"
22.066666666666666,88,AV,1,0,0,33,1460.106853854364,,-22.066666666666666,"0,0,0,0","0,0,0"
38.416666666666664,60,AV,1,0,0,96,1017.530975349866,,-38.416666666666664,"0,0,0,0","0,0,0"
28.083333333333332,163,AV,1,0,0,61,2580.565825479665,,-28.083333333333332,"0,0,0,0","0,0,0"
42.766666666666666,255,AV,2,0,0,79,5654.280440205098,,-42.766666666666666,"0,0,0,0","0,0,0"
26.8,142,AV,2,0,0,31,2193.4249838744518,,-26.8,"0,0,0,0","0,0,0"
40.28333333333333,14,AV,2,0,0,71,571.0932451196882,,-40.28333333333333,"0,0,0,0","0,0,0"
27.216666666666665,240,AV,1,0,0,64,4705.31956239884,,-27.216666666666665,"0,0,0,0","0,0,0"
40.0,200,AV,1,0,0,100,3456.1529418207683,,-40.0,"0,0,0,0","0,0,0"
25.783333333333335,48,AV,1,0,0,58,923.9636394510808,,-25.783333333333335,"0,0,0,0","0,0,0"
33.416666666666664,212,AV,1,0,0,82,3822.7735841463273,,-33.416666666666664,"0,0,0,0","0,0,0"
23.366666666666667,162,AV,0,0,0,78,2574.4307659940623,,-23.366666666666667,"0,0,0,0","0,0,0"
23.9,275,AV,1,0,0,48,7658.5640246764915,,-23.9,"0,0,0,0","0,0,0"
28.5,69,AV,0,0,0,95,1150.2916000513435,,-28.5,"0,0,0,0","0,0,0"
30.833333333333332,185,AV,1,0,0,74,3048.604611013583,,-30.833333333333332,"0,0,0,0","0,0,0"
22.7,166,AV,1,0,0,40,2675.3892374750885,,-22.7,"0,0,0,0","0,0,0"
36.483333333333334,223,AV,1,0,0,89,4090.160813256426,,-36.483333333333334,"0,0,0,0","0,0,0"
16.166666666666668,15,AV,1,0,0,12,572.7967315704935,,-16.166666666666668,"0,0,0,0","0,0,0"
31.866666666666667,78,AV,2,0,0,47,1291.2118623687816,,-31.866666666666667,"0,0,0,0","0,0,0"
32.28333333333333,109,AV,2,0,0,41,1684.196745492046,,-32.28333333333333,"0,0,0,0","0,0,0"
34.53333333333333,231,AV,1,0,0,88,4572.8741748457805,,-34.53333333333333,"0,0,0,0","0,0,0"
34.083333333333336,279,AV,1,0,0,83,8331.964781214912,,-34.083333333333336,"0,0,0,0","0,0,0"
39.53333333333333,221,AV,1,0,0,98,4034.238052294327,,-39.53333333333333,"0,0,0,0","0,0,0"
13.416666666666666,155,AV,1,0,0,8,2472.005569054355,,-13.416666666666666,"0,0,0,0","0,0,0"
20.516666666666666,44,AV,1,0,0,32,859.2772315809713,,-20.516666666666666,"0,0,0,0","0,0,0"
30.366666666666667,115,AV,1,0,0,72,1830.3424648913517,,-30.366666666666667,"0,0,0,0","0,0,0"
13.966666666666667,235,AV,1,0,0,8,4635.813442599864,,-13.966666666666667,"0,0,0,0","0,0,0"
28.4,1,AV,1,0,0,64,437.5592869272848,,-28.4,"0,0,0,0","0,0,0"
19.25,199,AV,1,0,0,25,3414.9419898187493,,-19.25,"0,0,0,0","0,0,0"
19.233333333333334,177,AV,1,0,0,23,2953.464044858564,,-19.233333333333334,"0,0,0,0","0,0,0"
38.483333333333334,112,AV,1,0,0,97,1799.695682844959,,-38.483333333333334,"0,0,0,0","0,0,0"
27.133333333333333,245,AV,1,0,0,61,4950.077303955518,,-27.133333333333333,"0,0,0,0","0,0,0"
44.61666666666667,292,AV,2,0,0,96,13079.31179296209,,-44.61666666666667,"0,0,0,0","0,0,0"
42.7,65,AV,2,0,0,87,1111.987968807459,,-42.7,"0,0,0,0","0,0,0"
25.633333333333333,104,AV,1,0,0,50,1588.8002265047048,,-25.633333333333333,"0,0,0,0","0,0,0"
25.866666666666667,173,AV,2,0,0,23,2857.8751728516777,,-25.866666666666667,"0,0,0,0","0,0,0"
38.18333333333333,35,AV,1,0,0,94,806.3598325453933,,-38.18333333333333,"0,0,0,0","0,0,0"
39.833333333333336,99,AV,1,0,0,100,1552.9853059451273,,-39.833333333333336,"0,0,0,0","0,0,0"
