travel_time,id,kind,action,origin,destination,start_time,income,urgency,reward,observation,cost_table
28.7,134,AV,0,0,0,81,2046.5713793034688,,-28.7,"0,0,0,0","0,0,0"
38.46666666666667,92,AV,1,0,0,71,1475.2077210572677,,-38.46666666666667,"0,0,0,0","0,0,0"
28.616666666666667,213,AV,0,0,0,86,3863.855435177377,,-28.616666666666667,"0,0,0,0","0,0,0"
47.18333333333333,4,AV,1,0,0,92,473.5024380788758,,-47.18333333333333,"0,0,0,0","0,0,0"
43.583333333333336,209,AV,1,0,0,83,3724.6301341612702,,-43.583333333333336,"0,0,0,0","0,0,0"
33.71666666666667,13,AV,1,0,0,56,566.7055292848979,,-33.71666666666667,"0,0,0,0","0,0,0"
31.55,267,AV,1,0,0,44,6434.117121135291,,-31.55,"0,0,0,0","0,0,0"
38.05,143,AV,1,0,0,72,2198.5025098873134,,-38.05,"0,0,0,0","0,0,0"
50.0,216,AV,1,0,0,99,3942.222625638348,,-50.0,"0,0,0,0","0,0,0"
25.533333333333335,71,AV,1,0,0,35,1200.7903182940884,,-25.533333333333335,"0,0,0,0","0,0,0"
30.383333333333333,70,AV,1,0,0,46,1167.011530479414,,-30.383333333333333,"0,0,0,0","0,0,0"
37.333333333333336,154,AV,1,0,0,64,2456.6540037696086,,-37.333333333333336,"0,0,0,0","0,0,0"
13.666666666666666,286,AV,1,0,0,3,10450.70686878338,,-13.666666666666666,"0,0,0,0","0,0,0"
33.083333333333336,261,AV,2,0,0,29,5984.209260784091,,-33.083333333333336,"0,0,0,0","0,0,0"
48.4,144,AV,1,0,0,97,2212.8825544422834,,-48.4,"0,0,0,0","0,0,0"
35.016666666666666,239,AV,1,0,0,57,4704.305573257116,,-35.016666666666666,"0,0,0,0","0,0,0"
50.2,94,AV,1,0,0,98,1496.328062426438,,-50.2,"0,0,0,0","0,0,0"
12.633333333333333,18,AV,1,0,0,2,610.4868582393152,,-12.633333333333333,"0,0,0,0","0,0,0"
26.8,40,AV,2,0,0,21,827.8499544782503,,-26.8,"0,0,0,0","0,0,0"
36.38333333333333,296,AV,1,0,0,62,17322.90883950548,,-36.38333333333333,"0,0,0,0","0,0,0"
19.4,93,AV,1,0,0,19,1490.1599361877834,,-19.4,"0,0,0,0","0,0,0"
16.3,244,AV,1,0,0,9,4889.272753955773,,-16.3,"0,0,0,0","0,0,0"
34.86666666666667,2,AV,1,0,0,57,437.8567856598078,,-34.86666666666667,"0,0,0,0","0,0,0"
30.8,225,AV,1,0,0,46,4381.240268036911,,-30.8,"0,0,0,0","0,0,0"
43.03333333333333,107,AV,1,0,0,82,1659.6531244520008,,-43.03333333333333,"0,0,0,0","0,0,0"
22.6,89,AV,1,0,0,26,1467.6871321740252,,-22.6,"0,0,0,0","0,0,0"
42.583333333333336,74,AV,1,0,0,75,1249.5878531833848,,-42.583333333333336,"0,0,0,0","0,0,0"
22.133333333333333,86,AV,1,0,0,23,1454.957177165027,,-22.133333333333333,"0,0,0,0","0,0,0"
32.11666666666667,204,AV,1,0,0,49,3531.3895067900216,,-32.11666666666667,"0,0,0,0","0,0,0"
26.916666666666668,191,AV,1,0,0,36,3245.380745418587,,-26.916666666666668,"0,0,0,0","0,0,0"
25.416666666666668,59,AV,1,0,0,35,1014.5614647146556,,-25.416666666666668,"0,0,0,0","0,0,0"
47.016666666666666,167,AV,1,0,0,90,2753.3979495063454,,-47.016666666666666,"0,0,0,0","0,0,0"
22.683333333333334,128,AV,1,0,0,30,2010.868248891871,,-22.683333333333334,"0,0,0,0","0,0,0"
48.31666666666667,121,AV,1,0,0,96,1888.2149669861096,,-48.31666666666667,"0,0,0,0","0,0,0"
11.1,158,AV,1,0,0,2,2533.2754137277425,,-11.1,"0,0,0,0","0,0,0"
42.1,256,AV,1,0,0,77,5807.233742044462,,-42.1,"0,0,0,0","0,0,0"
47.1,108,AV,1,0,0,91,1664.0464513081895,,-47.1,"0,0,0,0","0,0,0"
45.21666666666667,165,AV,1,0,0,88,2648.588416164911,,-45.21666666666667,"0,0,0,0","0,0,0"
26.833333333333332,179,AV,1,0,0,38,2964.6777926145683,,-26.833333333333332,"0,0,0,0","0,0,0"
25.1,230,AV,1,0,0,34,4559.760277629775,,-25.1,"0,0,0,0","0,0,0"
27.55,153,AV,1,0,0,41,2436.431929205765,,-27.55,"0,0,0,0","0,0,0"
38.71666666666667,193,AV,2,0,0,65,3257.3450634265246,,-38.71666666666667,"0,0,0,0","0,0,0"
33.3,9,AV,1,0,0,52,513.3463032142733,,-33.3,"0,0,0,0","0,0,0"
30.233333333333334,102,AV,1,0,0,48,1581.438059619256,,-30.233333333333334,"0,0,0,0","0,0,0"
30.166666666666668,41,AV,0,0,0,100,845.7864251007381,,-30.166666666666668,"0,0,0,0","0,0,0"
8.833333333333334,116,AV,0,0,0,8,1832.3133019091129,,-8.833333333333334,"0,0,0,0","0,0,0"
50.416666666666664,258,AV,1,0,0,99,5825.994272151124,,-50.416666666666664,"0,0,0,0","0,0,0"
17.9,269,AV,1,0,0,17,6918.069898529506,,-17.9,"0,0,0,0","0,0,0"
38.05,82,AV,1,0,0,67,1342.087988935639,,-38.05,"0,0,0,0","0,0,0"
23.483333333333334,81,AV,1,0,0,32,1317.647826688136,,-23.483333333333334,"0,0,0,0","0,0,0"
16.7,237,AV,1,0,0,4,4660.29795945294,,-16.7,"0,0,0,0","0,0,0"
48.666666666666664,263,AV,1,0,0,97,6020.57275324985,,-48.666666666666664,"0,0,0,0","0,0,0"
39.083333333333336,284,AV,1,0,0,68,8987.822610831106,,-39.083333333333336,"0,0,0,0","0,0,0"
40.166666666666664,295,AV,2,0,0,73,14754.343640924068,,-40.166666666666664,"0,0,0,0","0,0,0"
14.95,136,AV,1,0,0,9,2133.445027811215,,-14.95,"0,0,0,0","0,0,0"
21.833333333333332,220,AV,1,0,0,25,4021.28082322038,,-21.833333333333332,"0,0,0,0","0,0,0"
46.0,257,AV,1,0,0,89,5825.425317043349,,-46.0,"0,0,0,0","0,0,0"
21.416666666666668,106,AV,1,0,0,24,1614.9493849180149,,-21.416666666666668,"0,0,0,0","0,0,0"
22.25,149,AV,1,0,0,27,2344.9936519099742,,-22.25,"0,0,0,0","0,0,0"
48.68333333333333,118,AV,1,0,0,96,1836.592480640456,,-48.68333333333333,"0,0,0,0","0,0,0"
33.68333333333333,129,AV,1,0,0,56,2011.9739719035176,,-33.68333333333333,"0,0,0,0","0,0,0"
37.483333333333334,90,AV,1,0,0,58,1474.5167950508735,,-37.483333333333334,"0,0,0,0","0,0,0"
32.65,122,AV,1,0,0,51,1900.764377468582,,-32.65,"0,0,0,0","0,0,0"
33.483333333333334,140,AV,1,0,0,54,2164.09247058771,,-33.483333333333334,"0,0,0,0","0,0,0"
51.083333333333336,96,AV,1,0,0,100,1517.942512651984,,-51.083333333333336,"0,0,0,0","0,0,0"
17.116666666666667,46,AV,1,0,0,12,892.1845339920479,,-17.116666666666667,"0,0,0,0","0,0,0"
38.43333333333333,61,AV,1,0,0,74,1068.5648373754009,,-38.43333333333333,"0,0,0,0","0,0,0"
30.35,285,AV,1,0,0,45,9667.56212442905,,-30.35,"0,0,0,0","0,0,0"
17.716666666666665,160,AV,1,0,0,15,2553.8725848963804,,-17.716666666666665,"0,0,0,0","0,0,0"
43.18333333333333,114,AV,1,0,0,82,1823.811293294481,,-43.18333333333333,"0,0,0,0","0,0,0"
20.95,67,AV,1,0,0,21,1141.5133047894662,,-20.95,"0,0,0,0","0,0,0"
40.96666666666667,66,AV,1,0,0,72,1135.438045570021,,-40.96666666666667,"0,0,0,0","0,0,0"
49.65,229,AV,1,0,0,99,4547.885280126284,,-49.65,"0,0,0,0","0,0,0"
13.966666666666667,62,AV,1,0,0,6,1074.3823512953045,,-13.966666666666667,"0,0,0,0","0,0,0"
44.81666666666667,127,AV,1,0,0,86,1997.7276787447236,,-44.81666666666667,"0,0,0,0","0,0,0"
14.316666666666666,205,AV,0,0,0,25,3539.477986656502,,-14.316666666666666,"0,0,0,0","0,0,0"
20.583333333333332,73,AV,0,0,0,52,1239.4416864014672,,-20.583333333333332,"0,0,0,0","0,0,0"
35.5,19,AV,1,0,0,60,615.3970356119416,,-35.5,"0,0,0,0","0,0,0"
24.25,192,AV,1,0,0,33,3256.7228478661937,,-24.25,"0,0,0,0","0,0,0"
27.766666666666666,277,AV,1,0,0,41,8028.27043643778,,-27.766666666666666,"0,0,0,0","0,0,0"
46.03333333333333,56,AV,1,0,0,90,975.0940381265832,,-46.03333333333333,"0,0,0,0","0,0,0"
45.516666666666666,188,AV,1,0,0,83,3169.820795106812,,-45.516666666666666,"0,0,0,0","0,0,0"
28.666666666666668,111,AV,1,0,0,41,1797.659883656486,,-28.666666666666668,"0,0,0,0","0,0,0"
39.61666666666667,20,AV,1,0,0,75,623.7253316558669,,-39.61666666666667,"0,0,0,0","0,0,0"
26.133333333333333,54,AV,1,0,0,35,946.2003450753726,,-26.133333333333333,"0,0,0,0","0,0,0"
36.983333333333334,178,AV,1,0,0,64,2953.761118311176,,-36.983333333333334,"0,0,0,0","0,0,0"
39.28333333333333,156,AV,1,0,0,74,2476.7673195544394,,-39.28333333333333,"0,0,0,0","0,0,0"
31.466666666666665,120,AV,1,0,0,45,1880.1756700095973,,-31.466666666666665,"0,0,0,0","0,0,0"
28.383333333333333,8,AV,1,0,0,41,508.6019702527906,,-28.383333333333333,"0,0,0,0","0,0,0"
15.35,251,AV,0,0,0,33,5370.167679594476,,-15.35,"0,0,0,0","0,0,0"
20.65,176,AV,0,0,0,44,2949.689674384749,,-20.65,"0,0,0,0","0,0,0"
27.95,243,AV,1,0,0,41,4864.205776554158,,-27.95,"0,0,0,0","0,0,0"
28.616666666666667,202,AV,1,0,0,40,3476.696831582168,,-28.616666666666667,"0,0,0,0","0,0,0"
49.15,214,AV,1,0,0,97,3933.772930850901,,-49.15,"0,0,0,0","0,0,0"
40.05,168,AV,2,0,0,67,2756.9260540590044,,-40.05,"0,0,0,0","0,0,0"
20.816666666666666,27,AV,1,0,0,21,742.6585956180782,,-20.816666666666666,"0,0,0,0","0,0,0"
26.916666666666668,103,AV,0,0,0,81,1587.6148581174584,,-26.916666666666668,"0,0,0,0","0,0,0"
48.96666666666667,49,AV,1,0,0,97,926.7012599248138,,-48.96666666666667,"0,0,0,0","0,0,0"
33.06666666666667,283,AV,1,0,0,52,8975.220492497892,,-33.06666666666667,"0,0,0,0","0,0,0"
40.583333333333336,141,AV,1,0,0,76,2187.718469250836,,-40.583333333333336,"0,0,0,0","0,0,0"
14.133333333333333,50,AV,1,0,0,7,931.9887487728153,,-14.133333333333333,"0,0,0,0","0,0,0"
23.6,124,AV,0,0,0,70,1927.298426803608,,-23.6,"0,0,0,0","0,0,0"
14.933333333333334,79,AV,1,0,0,7,1293.252850487379,,-14.933333333333334,"0,0,0,0","0,0,0"
25.766666666666666,98,AV,1,0,0,39,1530.6528609905624,,-25.766666666666666,"0,0,0,0","0,0,0"
10.45,33,AV,0,0,0,19,793.0252767736928,,-10.45,"0,0,0,0","0,0,0"
21.383333333333333,207,AV,1,0,0,24,3564.273841812899,,-21.383333333333333,"0,0,0,0","0,0,0"
15.883333333333333,299,AV,1,0,0,11,20793.30768626012,,-15.883333333333333,"0,0,0,0","0,0,0"
23.783333333333335,189,AV,2,0,0,2,3225.188153267811,,-23.783333333333335,"0,0,0,0","0,0,0"
20.266666666666666,288,AV,1,0,0,21,11861.36896338871,,-20.266666666666666,"0,0,0,0","0,0,0"
26.8,72,AV,1,0,0,37,1205.4292211271013,,-26.8,"0,0,0,0","0,0,0"
23.95,95,AV,2,0,0,7,1509.578116022191,,-23.95,"0,0,0,0","0,0,0"
27.3,146,AV,1,0,0,41,2225.3307045190536,,-27.3,"0,0,0,0","0,0,0"
33.15,197,AV,2,0,0,48,3278.222126324269,,-33.15,"0,0,0,0","0,0,0"
41.28333333333333,150,AV,1,0,0,77,2352.9451803313505,,-41.28333333333333,"0,0,0,0","0,0,0"
42.18333333333333,53,AV,1,0,0,75,943.1907669438916,,-42.18333333333333,"0,0,0,0","0,0,0"
41.31666666666667,76,AV,1,0,0,76,1261.43865123121,,-41.31666666666667,"0,0,0,0","0,0,0"
20.25,206,AV,1,0,0,23,3558.5090095449787,,-20.25,"0,0,0,0","0,0,0"
16.883333333333333,266,AV,1,0,0,12,6427.339783247283,,-16.883333333333333,"0,0,0,0","0,0,0"
13.55,148,AV,0,0,0,31,2318.1098695731453,,-13.55,"0,0,0,0","0,0,0"
33.3,274,AV,1,0,0,55,7572.106998522375,,-33.3,"0,0,0,0","0,0,0"
34.266666666666666,145,AV,2,0,0,40,2215.952556227922,,-34.266666666666666,"0,0,0,0","0,0,0"
49.53333333333333,282,AV,1,0,0,99,8689.506535985933,,-49.53333333333333,"0,0,0,0","0,0,0"
25.333333333333332,195,AV,1,0,0,32,3269.866339895674,,-25.333333333333332,"0,0,0,0","0,0,0"
42.68333333333333,218,AV,1,0,0,78,3971.0791127863904,,-42.68333333333333,"0,0,0,0","0,0,0"
24.0,171,AV,1,0,0,31,2813.5576138103806,,-24.0,"0,0,0,0","0,0,0"
42.2,45,AV,1,0,0,76,877.2934597877683,,-42.2,"0,0,0,0","0,0,0"
43.15,254,AV,1,0,0,81,5578.433439706214,,-43.15,"0,0,0,0","0,0,0"
15.066666666666666,271,AV,1,0,0,6,7177.938863287724,,-15.066666666666666,"0,0,0,0","0,0,0"
22.0,289,AV,1,0,0,21,11940.25564443948,,-22.0,"0,0,0,0","0,0,0"
21.05,42,AV,1,0,0,23,850.3216016091212,,-21.05,"0,0,0,0","0,0,0"
12.383333333333333,232,AV,1,0,0,1,4577.590037133467,,-12.383333333333333,"0,0,0,0","0,0,0"
42.78333333333333,172,AV,1,0,0,81,2815.231094880572,,-42.78333333333333,"0,0,0,0","0,0,0"
44.766666666666666,276,AV,1,0,0,86,7897.119961473183,,-44.766666666666666,"0,0,0,0","0,0,0"
32.06666666666667,298,AV,1,0,0,48,18628.94525544202,,-32.06666666666667,"0,0,0,0","0,0,0"
18.85,132,AV,0,0,0,42,2035.9911412414244,,-18.85,"0,0,0,0","0,0,0"
47.95,22,AV,1,0,0,95,639.9143284368583,,-47.95,"0,0,0,0","0,0,0"
34.833333333333336,280,AV,1,0,0,56,8436.938288223368,,-34.833333333333336,"0,0,0,0","0,0,0"
20.083333333333332,117,AV,1,0,0,10,1836.3970218708375,,-20.083333333333332,"0,0,0,0","0,0,0"
17.116666666666667,84,AV,1,0,0,10,1446.9812594843625,,-17.116666666666667,"0,0,0,0","0,0,0"
48.416666666666664,131,AV,1,0,0,94,2034.664800296876,,-48.416666666666664,"0,0,0,0","0,0,0"
46.1,91,AV,1,0,0,90,1474.807688008607,,-46.1,"0,0,0,0","0,0,0"
38.4,55,AV,1,0,0,72,950.4213588862824,,-38.4,"0,0,0,0","0,0,0"
37.0,228,AV,1,0,0,66,4434.023444374438,,-37.0,"0,0,0,0","0,0,0"
50.766666666666666,194,AV,1,0,0,99,3257.969850357721,,-50.766666666666666,"0,0,0,0","0,0,0"
41.416666666666664,43,AV,1,0,0,79,857.6590975250949,,-41.416666666666664,"0,0,0,0","0,0,0"
42.583333333333336,29,AV,2,0,0,61,767.6170681366935,,-42.583333333333336,"0,0,0,0","0,0,0"
22.0,294,AV,0,0,0,61,13460.811009378149,,-22.0,"0,0,0,0","0,0,0"
37.516666666666666,105,AV,1,0,0,68,1592.2311391495805,,-37.516666666666666,"0,0,0,0","0,0,0"
46.36666666666667,100,AV,1,0,0,89,1567.0706205360798,,-46.36666666666667,"0,0,0,0","0,0,0"
43.266666666666666,133,AV,1,0,0,84,2043.1688306873104,,-43.266666666666666,"0,0,0,0","0,0,0"
28.783333333333335,11,AV,1,0,0,42,522.440884226393,,-28.783333333333335,"0,0,0,0","0,0,0"
29.933333333333334,68,AV,1,0,0,43,1148.2139867956057,,-29.933333333333334,"0,0,0,0","0,0,0"
39.166666666666664,34,AV,1,0,0,73,801.7987355487146,,-39.166666666666664,"0,0,0,0","0,0,0"
23.433333333333334,139,AV,1,0,0,30,2147.781038516846,,-23.433333333333334,"0,0,0,0","0,0,0"
19.666666666666668,264,AV,1,0,0,20,6130.868263041086,,-19.666666666666668,"0,0,0,0","0,0,0"
25.2,217,AV,0,0,0,79,3958.913906791885,,-25.2,"0,0,0,0","0,0,0"
23.6,52,AV,0,0,0,68,934.0011274976006,,-23.6,"0,0,0,0","0,0,0"
32.36666666666667,198,AV,1,0,0,52,3382.383844415393,,-32.36666666666667,"0,0,0,0","0,0,0"
35.583333333333336,290,AV,1,0,0,62,12197.400506638176,,-35.583333333333336,"0,0,0,0","0,0,0"
12.05,75,AV,0,0,0,23,1260.6549751070208,,-12.05,"0,0,0,0","0,0,0"
38.46666666666667,272,AV,1,0,0,63,7334.728577480919,,-38.46666666666667,"0,0,0,0","0,0,0"
49.4,28,AV,1,0,0,98,763.1985099142711,,-49.4,"0,0,0,0","0,0,0"
47.36666666666667,249,AV,1,0,0,93,5158.4050556257225,,-47.36666666666667,"0,0,0,0","0,0,0"
23.066666666666666,137,AV,1,0,0,24,2141.869626207308,,-23.066666666666666,"0,0,0,0","0,0,0"
22.133333333333333,234,AV,0,0,0,55,4617.1597275219765,,-22.133333333333333,"0,0,0,0","0,0,0"
33.11666666666667,16,AV,1,0,0,45,591.6693204447811,,-33.11666666666667,"0,0,0,0","0,0,0"
15.3,47,AV,0,0,0,37,905.8209551718018,,-15.3,"0,0,0,0","0,0,0"
15.966666666666667,196,AV,1,0,0,10,3274.575105225111,,-15.966666666666667,"0,0,0,0","0,0,0"
24.766666666666666,203,AV,2,0,0,12,3480.90175047103,,-24.766666666666666,"0,0,0,0","0,0,0"
45.333333333333336,246,AV,2,0,0,77,4951.479839002994,,-45.333333333333336,"0,0,0,0","0,0,0"
26.933333333333334,253,AV,1,0,0,39,5568.958209200236,,-26.933333333333334,"0,0,0,0","0,0,0"
43.1,169,AV,1,0,0,78,2780.081336731352,,-43.1,"0,0,0,0","0,0,0"
12.05,138,AV,0,0,0,27,2142.030696222753,,-12.05,"0,0,0,0","0,0,0"
29.45,26,AV,1,0,0,44,670.158540600369,,-29.45,"0,0,0,0","0,0,0"
37.516666666666666,24,AV,1,0,0,71,650.412147456106,,-37.516666666666666,"0,0,0,0","0,0,0"
35.233333333333334,39,AV,1,0,0,58,827.3783452591958,,-35.233333333333334,"0,0,0,0","0,0,0"
39.516666666666666,7,AV,1,0,0,75,506.5869000089976,,-39.516666666666666,"0,0,0,0","0,0,0"
32.61666666666667,262,AV,1,0,0,50,6007.794801579103,,-32.61666666666667,"0,0,0,0","0,0,0"
38.25,31,AV,1,0,0,70,777.0630287344238,,-38.25,"0,0,0,0","0,0,0"
25.083333333333332,130,AV,2,0,0,9,2030.86588445069,,-25.083333333333332,"0,0,0,0","0,0,0"
46.05,25,AV,1,0,0,85,658.4091024775607,,-46.05,"0,0,0,0","0,0,0"
25.816666666666666,32,AV,1,0,0,33,779.2240782816187,,-25.816666666666666,"0,0,0,0","0,0,0"
19.35,135,AV,1,0,0,21,2078.9202215407213,,-19.35,"0,0,0,0","0,0,0"
35.13333333333333,226,AV,1,0,0,57,4412.688598555705,,-35.13333333333333,"0,0,0,0","0,0,0"
36.05,184,AV,2,0,0,49,3001.8426729260827,,-36.05,"0,0,0,0","0,0,0"
36.266666666666666,63,AV,1,0,0,64,1076.386102050743,,-36.266666666666666,"0,0,0,0","0,0,0"
19.266666666666666,183,AV,1,0,0,12,2991.769966736588,,-19.266666666666666,"0,0,0,0","0,0,0"
43.65,210,AV,1,0,0,83,3759.463069718096,,-43.65,"0,0,0,0","0,0,0"
27.416666666666668,211,AV,1,0,0,40,3793.837230001502,,-27.416666666666668,"0,0,0,0","0,0,0"
28.966666666666665,259,AV,2,0,0,20,5899.132481879994,,-28.966666666666665,"0,0,0,0","0,0,0"
12.933333333333334,119,AV,1,0,0,1,1869.7531794209297,,-12.933333333333334,"0,0,0,0","0,0,0"
12.066666666666666,0,AV,1,0,0,5,419.7646265090227,,-12.066666666666666,"0,0,0,0","0,0,0"
44.75,80,AV,1,0,0,85,1301.8927857652438,,-44.75,"0,0,0,0","0,0,0"
43.78333333333333,250,AV,1,0,0,85,5168.6614957092925,,-43.78333333333333,"0,0,0,0","0,0,0"
26.016666666666666,51,AV,1,0,0,39,932.0432837729122,,-26.016666666666666,"0,0,0,0","0,0,0"
11.183333333333334,291,AV,1,0,0,0,12726.503958899895,,-11.183333333333334,"0,0,0,0","0,0,0"
18.85,273,AV,1,0,0,19,7336.658338656486,,-18.85,"0,0,0,0","0,0,0"
34.56666666666667,10,AV,1,0,0,57,513.7357984527049,,-34.56666666666667,"0,0,0,0","0,0,0"
34.916666666666664,36,AV,1,0,0,60,813.126641713825,,-34.916666666666664,"0,0,0,0","0,0,0"
25.366666666666667,227,AV,1,0,0,35,4429.527615460413,,-25.366666666666667,"0,0,0,0","0,0,0"
28.616666666666667,238,AV,1,0,0,41,4662.282088415262,,-28.616666666666667,"0,0,0,0","0,0,0"
29.666666666666668,152,AV,1,0,0,45,2417.357356239525,,-29.666666666666668,"0,0,0,0","0,0,0"
21.55,64,AV,1,0,0,25,1100.389953660579,,-21.55,"0,0,0,0","0,0,0"
30.15,151,AV,1,0,0,44,2382.718205806423,,-30.15,"0,0,0,0","0,0,0"
17.3,222,AV,1,0,0,11,4061.843573313689,,-17.3,"0,0,0,0","0,0,0"
17.05,241,AV,1,0,0,11,4756.448820673547,,-17.05,"0,0,0,0","0,0,0"
13.266666666666667,85,AV,1,0,0,5,1447.5744631551047,,-13.266666666666667,"0,0,0,0","0,0,0"
33.56666666666667,190,AV,1,0,0,57,3236.647802754315,,-33.56666666666667,"0,0,0,0","0,0,0"
28.45,97,AV,1,0,0,41,1530.0661682302475,,-28.45,"0,0,0,0","0,0,0"
18.716666666666665,164,AV,1,0,0,18,2645.062412614309,,-18.716666666666665,"0,0,0,0","0,0,0"
26.916666666666668,83,AV,0,0,0,79,1348.5865378412918,,-26.916666666666668,"0,0,0,0","0,0,0"
43.6,233,AV,1,0,0,79,4609.601315671212,,-43.6,"0,0,0,0","0,0,0"
29.633333333333333,242,AV,1,0,0,46,4818.617258984985,,-29.633333333333333,"0,0,0,0","0,0,0"
20.616666666666667,147,AV,1,0,0,19,2260.56382504795,,-20.616666666666667,"0,0,0,0","0,0,0"
15.366666666666667,268,AV,1,0,0,9,6446.254396158338,,-15.366666666666667,"0,0,0,0","0,0,0"
50.78333333333333,157,AV,1,0,0,99,2520.757475212996,,-50.78333333333333,"0,0,0,0","0,0,0"
43.833333333333336,187,AV,1,0,0,84,3119.7161673652217,,-43.833333333333336,"0,0,0,0","0,0,0"
21.683333333333334,77,AV,1,0,0,21,1275.9312017726234,,-21.683333333333334,"0,0,0,0","0,0,0"
17.15,38,AV,0,0,0,39,822.5771428470101,,-17.15,"0,0,0,0","0,0,0"
43.78333333333333,215,AV,1,0,0,84,3941.04555698938,,-43.78333333333333,"0,0,0,0","0,0,0"
16.466666666666665,30,AV,1,0,0,11,776.0711537761008,,-16.466666666666665,"0,0,0,0","0,0,0"
32.53333333333333,37,AV,1,0,0,49,816.2772675203604,,-32.53333333333333,"0,0,0,0","0,0,0"
25.75,270,AV,2,0,0,15,7099.697064525982,,-25.75,"0,0,0,0","0,0,0"
16.866666666666667,248,AV,1,0,0,14,5144.150368411208,,-16.866666666666667,"0,0,0,0","0,0,0"
42.916666666666664,101,AV,1,0,0,78,1573.7150367511856,,-42.916666666666664,"0,0,0,0","0,0,0"
14.35,113,AV,1,0,0,5,1805.1606101798543,,-14.35,"0,0,0,0","0,0,0"
17.083333333333332,186,AV,0,0,0,39,3064.640983136323,,-17.083333333333332,"0,0,0,0","0,0,0"
17.483333333333334,236,AV,1,0,0,7,4645.51881630073,,-17.483333333333334,"0,0,0,0","0,0,0"
31.766666666666666,58,AV,1,0,0,49,1011.0784796502788,,-31.766666666666666,"0,0,0,0","0,0,0"
47.2,278,AV,1,0,0,91,8326.33528790118,,-47.2,"0,0,0,0","0,0,0"
41.36666666666667,260,AV,1,0,0,79,5911.733280178027,,-41.36666666666667,"0,0,0,0","0,0,0"
32.36666666666667,87,AV,2,0,0,35,1457.5875839824732,,-32.36666666666667,"0,0,0,0","0,0,0"
40.03333333333333,287,AV,1,0,0,71,10708.821866752483,,-40.03333333333333,"0,0,0,0","0,0,0"
6.833333333333333,170,AV,0,0,0,6,2793.3389947689566,,-6.833333333333333,"0,0,0,0","0,0,0"
19.683333333333334,21,AV,1,0,0,21,626.2908344343901,,-19.683333333333334,"0,0,0,0","0,0,0"
10.216666666666667,12,AV,1,0,0,1,539.5213747330826,,-10.216666666666667,"0,0,0,0","0,0,0"
20.133333333333333,125,AV,1,0,0,16,1950.0200213032829,,-20.133333333333333,"0,0,0,0","0,0,0"
38.016666666666666,281,AV,1,0,0,71,8475.089255911002,,-38.016666666666666,"0,0,0,0","0,0,0"
32.1,208,AV,1,0,0,51,3608.770587345788,,-32.1,"0,0,0,0","0,0,0"
30.266666666666666,5,AV,0,0,0,89,491.0984231068265,,-30.266666666666666,"0,0,0,0","0,0,0"
25.116666666666667,126,AV,1,0,0,36,1996.532829496936,,-25.116666666666667,"0,0,0,0","0,0,0"
14.366666666666667,293,AV,1,0,0,7,13351.937436366714,,-14.366666666666667,"0,0,0,0","0,0,0"
13.166666666666666,23,AV,1,0,0,4,640.5426603936758,,-13.166666666666666,"0,0,0,0","0,0,0"
22.933333333333334,252,AV,1,0,0,27,5480.041794665195,,-22.933333333333334,"0,0,0,0","0,0,0"
25.116666666666667,6,AV,0,0,0,79,497.26542980048754,,-25.116666666666667,"0,0,0,0","0,0,0"
17.616666666666667,180,AV,1,0,0,15,2968.817229463249,,-17.616666666666667,"0,0,0,0","0,0,0"
38.06666666666667,159,AV,1,0,0,66,2538.843693606908,,-38.06666666666667,"0,0,0,0","0,0,0"
31.316666666666666,297,AV,1,0,0,48,17693.100214811147,,-31.316666666666666,"0,0,0,0","0,0,0"
42.416666666666664,181,AV,1,0,0,77,2969.8754393798326,,-42.416666666666664,"0,0,0,0","0,0,0"
23.466666666666665,57,AV,1,0,0,32,978.4447105201264,,-23.466666666666665,"0,0,0,0","0,0,0"
13.066666666666666,182,AV,1,0,0,3,2987.078671303881,,-13.066666666666666,"0,0,0,0","0,0,0"
25.416666666666668,161,AV,1,0,0,38,2561.5826276178027,,-25.416666666666668,"0,0,0,0","0,0,0"
17.3,110,AV,1,0,0,15,1718.6657268339234,,-17.3,"0,0,0,0","0,0,0"
17.133333333333333,123,AV,1,0,0,14,1922.439846447592,,-17.133333333333333,"0,0,0,0","0,0,0"
48.3,17,AV,1,0,0,93,601.3137559373858,,-48.3,"0,0,0,0","0,0,0"
35.18333333333333,265,AV,1,0,0,60,6248.181898567973,,-35.18333333333333,"0,0,0,0","0,0,0"
39.63333333333333,201,AV,1,0,0,76,3458.1247672483346,,-39.63333333333333,"0,0,0,0","0,0,0"
27.466666666666665,175,AV,1,0,0,41,2942.323800284961,,-27.466666666666665,"0,0,0,0","0,0,0"
19.216666666666665,3,AV,1,0,0,14,457.16351791608827,,-19.216666666666665,"0,0,0,0","0,0,0"
34.483333333333334,247,AV,2,0,0,43,5064.807770076448,,-34.483333333333334,"0,0,0,0","0,0,0"
33.13333333333333,224,AV,1,0,0,53,4223.122456076251,,-33.13333333333333,"0,0,0,0","0,0,0"
50.9,219,AV,1,0,0,100,3987.5502105766736,,-50.9,"0,0,0,0","0,0,0"
19.733333333333334,174,AV,1,0,0,19,2909.5116230827134,,-19.733333333333334,"0,0,0,0","0,0,0"
28.516666666666666,88,AV,1,0,0,41,1460.106853854364,,-28.516666666666666,"0,0,0,0","0,0,0"
47.083333333333336,60,AV,1,0,0,91,1017.530975349866,,-47.083333333333336,"0,0,0,0","0,0,0"
31.333333333333332,163,AV,1,0,0,50,2580.565825479665,,-31.333333333333332,"0,0,0,0","0,0,0"
29.3,255,AV,1,0,0,42,5654.280440205098,,-29.3,"0,0,0,0","0,0,0"
38.15,142,AV,1,0,0,58,2193.4249838744518,,-38.15,"0,0,0,0","0,0,0"
25.533333333333335,14,AV,1,0,0,32,571.0932451196882,,-25.533333333333335,"0,0,0,0","0,0,0"
37.766666666666666,240,AV,1,0,0,58,4705.31956239884,,-37.766666666666666,"0,0,0,0","0,0,0"
33.21666666666667,200,AV,1,0,0,52,3456.1529418207683,,-33.21666666666667,"0,0,0,0","0,0,0"
45.516666666666666,48,AV,1,0,0,89,923.9636394510808,,-45.516666666666666,"0,0,0,0","0,0,0"
18.8,212,AV,0,0,0,41,3822.7735841463273,,-18.8,"0,0,0,0","0,0,0"
47.28333333333333,162,AV,1,0,0,91,2574.4307659940623,,-47.28333333333333,"0,0,0,0","0,0,0"
14.416666666666666,275,AV,1,0,0,8,7658.5640246764915,,-14.416666666666666,"0,0,0,0","0,0,0"
24.65,69,AV,1,0,0,34,1150.2916000513435,,-24.65,"0,0,0,0","0,0,0"
26.866666666666667,185,AV,1,0,0,36,3048.604611013583,,-26.866666666666667,"0,0,0,0","0,0,0"
40.68333333333333,166,AV,1,0,0,77,2675.3892374750885,,-40.68333333333333,"0,0,0,0","0,0,0"
27.75,223,AV,1,0,0,41,4090.160813256426,,-27.75,"0,0,0,0","0,0,0"
20.85,15,AV,1,0,0,22,572.7967315704935,,-20.85,"0,0,0,0","0,0,0"
35.63333333333333,78,AV,1,0,0,60,1291.2118623687816,,-35.63333333333333,"0,0,0,0","0,0,0"
37.53333333333333,109,AV,1,0,0,65,1684.196745492046,,-37.53333333333333,"0,0,0,0","0,0,0"
43.86666666666667,231,AV,1,0,0,85,4572.8741748457805,,-43.86666666666667,"0,0,0,0","0,0,0"
40.38333333333333,279,AV,2,0,0,71,8331.964781214912,,-40.38333333333333,"0,0,0,0","0,0,0"
23.433333333333334,221,AV,1,0,0,32,4034.238052294327,,-23.433333333333334,"0,0,0,0","0,0,0"
15.666666666666666,155,AV,1,0,0,8,2472.005569054355,,-15.666666666666666,"0,0,0,0","0,0,0"
45.983333333333334,44,AV,1,0,0,88,859.2772315809713,,-45.983333333333334,"0,0,0,0","0,0,0"
48.88333333333333,115,AV,1,0,0,94,1830.3424648913517,,-48.88333333333333,"0,0,0,0","0,0,0"
21.166666666666668,235,AV,1,0,0,17,4635.813442599864,,-21.166666666666668,"0,0,0,0","0,0,0"
34.766666666666666,1,AV,1,0,0,59,437.5592869272848,,-34.766666666666666,"0,0,0,0","0,0,0"
21.933333333333334,199,AV,2,0,0,3,3414.9419898187493,,-21.933333333333334,"0,0,0,0","0,0,0"
23.483333333333334,177,AV,1,0,0,28,2953.464044858564,,-23.483333333333334,"0,0,0,0","0,0,0"
22.333333333333332,112,AV,2,0,0,6,1799.695682844959,,-22.333333333333332,"0,0,0,0","0,0,0"
47.833333333333336,245,AV,1,0,0,94,4950.077303955518,,-47.833333333333336,"0,0,0,0","0,0,0"
39.81666666666667,292,AV,1,0,0,77,13079.31179296209,,-39.81666666666667,"0,0,0,0","0,0,0"
47.38333333333333,65,AV,1,0,0,90,1111.987968807459,,-47.38333333333333,"0,0,0,0","0,0,0"
17.75,104,AV,1,0,0,13,1588.8002265047048,,-17.75,"0,0,0,0","0,0,0"
8.716666666666667,173,AV,0,0,0,13,2857.8751728516777,,-8.716666666666667,"0,0,0,0","0,0,0"
48.46666666666667,35,AV,1,0,0,96,806.3598325453933,,-48.46666666666667,"0,0,0,0","0,0,0"
42.1,99,AV,1,0,0,80,1552.9853059451273,,-42.1,"0,0,0,0","0,0,0"
