travel_time,id,kind,action,bid_route_0,bid_route_1,bid_route_2,karma_balance,origin,destination,start_time,income,urgency,reward,observation,cost_table
36.21666666666667,242,AV,0,8,4,1,11,0,0,54,1348.5865378412918,0.2,-0.43898989898989904,"0.4802150537634408,0.28835964912280704,0.3891515151515151,0.2,0.54,0.06485675863549194,19.0","0,0,0"
27.4,205,AV,1,3,5,3,1,0,0,52,5807.233742044462,0.1,-0.16606060606060605,"0.4349166666666667,0.27233879781420767,0.36404761904761906,0.1,0.52,0.27928378830664774,6.0","0,0,0"
30.283333333333335,137,AV,1,3,8,7,11,0,0,57,5480.041794665195,0.2,-0.3670707070707071,"0.5074080459770115,0.30993111111111116,0.41290277777777784,0.2,0.57,0.26354834340696637,19.0","0,0,0"
35.1,43,AV,2,2,0,0,5,0,0,46,1275.6237969650936,0.3,-0.6381818181818182,"0.3723735632183907,0.2355305555555556,0.3284509803921569,0.3,0.46,0.06134780556380672,5.0","0,0,0"
32.45,244,AV,1,0,5,8,6,0,0,59,2043.1688306873104,0.1,-0.19666666666666668,"0.5387741935483872,0.31831127450980395,0.4154837398373983,0.1,0.59,0.09826088573860729,11.0","0,0,0"
17.116666666666667,102,AV,1,1,4,5,13,0,0,32,3608.770587345788,0.1,-0.10373737373737375,"0.1570855855855856,0.15773655913978493,0.2485609756097561,0.1,0.32,0.17355442634701188,17.0","0,0,0"
50.13333333333333,123,AV,0,4,2,7,3,0,0,70,3017.17067826153,0.7,-2.126868686868687,"0.6160520833333334,0.3550923076923077,0.441701550387597,0.7,0.7,0.14510296888720728,7.0","0,0,0"
11.833333333333334,157,AV,0,9,2,9,0,0,0,34,4559.760277629775,1.0,-0.7171717171717172,"0.1798630952380952,0.16849074074074075,0.27098749999999994,1.0,0.34,0.21928979970044837,9.0","0,0,0"
26.05,171,AV,1,2,8,6,3,0,0,49,5825.994272151124,0.2,-0.3157575757575758,"0.39891358024691365,0.25230476190476187,0.3476782945736434,0.2,0.49,0.28018602716107777,11.0","0,0,0"
31.033333333333335,289,AV,1,3,5,6,1,0,0,57,3882.59008652233,0.8,-1.5046464646464648,"0.5074080459770115,0.30993111111111116,0.41290277777777784,0.8,0.57,0.18672306229989,6.0","0,0,0"
43.016666666666666,131,AV,2,1,3,5,2,0,0,66,497.26542980048754,0.3,-0.7821212121212121,"0.5861349206349207,0.3458036529680365,0.44038043478260874,0.3,0.66,0.023914686268460907,7.0","0,0,0"
28.433333333333334,295,AV,2,0,0,3,7,0,0,37,566.7055292848979,0.3,-0.516969696969697,"0.22167037037037038,0.18466666666666665,0.2810858585858586,0.3,0.37,0.027254227073231246,7.0","0,0,0"
53.53333333333333,49,AV,0,8,6,7,6,0,0,77,1691.6338586686718,0.2,-0.648888888888889,"0.6519876543209877,0.3717850877192982,0.47013063063063065,0.2,0.77,0.08135472644337755,14.0","0,0,0"
32.766666666666666,231,AV,2,3,0,5,10,0,0,46,783.6834518391023,0.2,-0.3971717171717172,"0.3723735632183907,0.2355305555555556,0.3284509803921569,0.2,0.46,0.037689215379472674,15.0","0,0,0"
19.933333333333334,101,AV,1,3,5,6,3,0,0,38,2360.1328348572283,0.2,-0.24161616161616162,"0.23307916666666664,0.1900983606557377,0.28705128205128205,0.2,0.38,0.11350444433700012,8.0","0,0,0"
36.016666666666666,193,AV,2,1,3,3,8,0,0,55,6020.57275324985,0.2,-0.4365656565656566,"0.4691064814814815,0.28594366197183096,0.37924242424242416,0.2,0.55,0.2895437726450875,8.0","0,0,0"
10.0,215,AV,0,8,6,7,12,0,0,32,10426.353459350525,0.8,-0.48484848484848486,"0.1570855855855856,0.15773655913978493,0.2485609756097561,0.8,0.32,0.5014283257223231,20.0","0,0,0"
29.166666666666668,66,AV,1,0,4,4,2,0,0,56,2946.490055333797,0.2,-0.3535353535353536,"0.47621717171717165,0.29200512820512814,0.3778730158730159,0.2,0.56,0.14170376833700152,6.0","0,0,0"
42.56666666666667,48,AV,2,3,0,0,7,0,0,58,3301.717979419838,0.3,-0.773939393939394,"0.521328431372549,0.3075282051282051,0.40203658536585357,0.3,0.58,0.15878753054770403,7.0","0,0,0"
20.083333333333332,59,AV,1,2,5,7,2,0,0,36,7177.938863287724,0.7,-0.8520202020202019,"0.20696969696969694,0.1805925925925926,0.27820202020202023,0.7,0.36,0.345204282627472,7.0","0,0,0"
38.13333333333333,127,AV,0,4,4,2,3,0,0,54,8134.997760071039,0.3,-0.6933333333333332,"0.4802150537634408,0.28835964912280704,0.3891515151515151,0.3,0.54,0.39123153866695837,7.0","0,0,0"
20.183333333333334,67,AV,1,0,7,2,0,0,0,41,1148.9174546898266,0.1,-0.12232323232323233,"0.2794822695035461,0.2044276729559749,0.3088041666666667,0.1,0.41,0.05525419389859809,7.0","0,0,0"
11.783333333333333,217,AV,1,0,4,6,3,0,0,0,6778.2755320215965,0.1,-0.07141414141414142,"0.0,0.0,0.0,0.1,0.0,0.3259835151913118,7.0","0,0,0"
38.25,146,AV,2,3,1,4,6,0,0,56,1122.7546975855585,0.1,-0.23181818181818184,"0.47621717171717165,0.29200512820512814,0.3778730158730159,0.1,0.56,0.05399596420763093,10.0","0,0,0"
11.716666666666667,128,AV,1,0,7,2,2,0,0,15,9030.678864893336,0.1,-0.07101010101010101,"0.07045736434108528,0.12517989417989417,0.2460539215686275,0.1,0.15,0.4343069895926497,9.0","0,0,0"
17.016666666666666,134,AV,0,6,3,9,10,0,0,40,3257.969850357721,0.4,-0.4125252525252525,"0.27551041666666676,0.2046792452830188,0.31116239316239314,0.4,0.4,0.15668357817407447,16.0","0,0,0"
22.983333333333334,82,AV,1,2,4,2,1,0,0,46,14505.369879802229,0.2,-0.2785858585858586,"0.3723735632183907,0.2355305555555556,0.3284509803921569,0.2,0.46,0.6975980011774241,5.0","0,0,0"
29.733333333333334,1,AV,1,0,8,8,1,0,0,55,2538.843693606908,0.6,-1.0812121212121213,"0.4691064814814815,0.28594366197183096,0.37924242424242416,0.6,0.55,0.12209907783380393,9.0","0,0,0"
32.45,125,AV,1,2,4,2,12,0,0,62,3742.7752140142647,0.4,-0.7866666666666667,"0.564828125,0.331716894977169,0.4299666666666666,0.4,0.62,0.17999902999980277,16.0","0,0,0"
19.933333333333334,153,AV,1,3,9,3,12,0,0,41,1797.659883656486,0.2,-0.24161616161616162,"0.2794822695035461,0.2044276729559749,0.3088041666666667,0.2,0.41,0.08645377208765831,21.0","0,0,0"
14.1,94,AV,1,0,8,8,8,0,0,23,2318.2944376966047,0.5,-0.42727272727272725,"0.0837638888888889,0.128765625,0.22079166666666666,0.5,0.23,0.11149233554738845,16.0","0,0,0"
41.333333333333336,6,AV,2,1,3,1,6,0,0,59,3942.222625638348,0.4,-1.002020202020202,"0.5387741935483872,0.31831127450980395,0.4154837398373983,0.4,0.59,0.18959093402168548,6.0","0,0,0"
32.35,72,AV,1,2,8,7,2,0,0,58,5307.329693361759,0.4,-0.7842424242424243,"0.521328431372549,0.3075282051282051,0.40203658536585357,0.4,0.58,0.25524220453241103,10.0","0,0,0"
24.383333333333333,232,AV,2,2,1,0,7,0,0,24,825.4433072334436,1.0,-1.4777777777777779,"0.09117117117117117,0.13275146198830406,0.22448550724637678,1.0,0.24,0.039697546907310144,7.0","0,0,0"
44.983333333333334,245,AV,0,7,8,1,1,0,0,64,1751.9448432672848,0.4,-1.0905050505050506,"0.5733827160493828,0.3332115384615385,0.4235952380952382,0.4,0.64,0.0842552262343976,8.0","0,0,0"
8.333333333333334,203,AV,0,5,8,4,4,0,0,21,1100.389953660579,0.1,-0.05050505050505051,"0.08019736842105264,0.1251931216931217,0.2243076923076923,0.1,0.21,0.052920390072797266,9.0","0,0,0"
45.03333333333333,252,AV,2,1,3,3,5,0,0,68,1148.2139867956057,0.2,-0.5458585858585859,"0.5898690476190477,0.34878728070175435,0.44556481481481486,0.2,0.68,0.05522036244162957,5.0","0,0,0"
28.566666666666666,70,AV,1,1,5,4,2,0,0,55,1778.835052690156,0.1,-0.17313131313131314,"0.4691064814814815,0.28594366197183096,0.37924242424242416,0.1,0.55,0.08554844085078303,7.0","0,0,0"
22.35,188,AV,0,8,1,3,3,0,0,44,7658.5640246764915,0.2,-0.27090909090909093,"0.31835416666666666,0.21404830917874393,0.30739247311827955,0.2,0.44,0.3683186985078447,11.0","0,0,0"
55.15,267,AV,0,8,6,0,3,0,0,77,1799.695682844959,0.1,-0.33424242424242423,"0.6519876543209877,0.3717850877192982,0.47013063063063065,0.1,0.77,0.0865516785496407,11.0","0,0,0"
31.95,266,AV,1,2,8,7,2,0,0,61,20793.30768626012,1.0,-1.9363636363636363,"0.5551157407407408,0.3309776119402985,0.4287702702702702,1.0,0.61,1.0,10.0","0,0,0"
13.583333333333334,163,AV,1,3,9,3,14,0,0,26,2131.3254046090938,1.0,-0.8232323232323233,"0.10096341463414633,0.13901944444444442,0.23654700854700852,1.0,0.26,0.10250054665508744,23.0","0,0,0"
23.15,42,AV,2,1,3,1,6,0,0,27,2241.037238818388,0.4,-0.5612121212121212,"0.10903125000000001,0.13977575757575755,0.23258558558558562,0.4,0.27,0.10777685169826198,6.0","0,0,0"
17.5,186,AV,1,2,4,1,4,0,0,34,1564.487892525026,0.1,-0.10606060606060606,"0.1798630952380952,0.16849074074074075,0.27098749999999994,0.1,0.34,0.07523997221273333,8.0","0,0,0"
20.233333333333334,34,AV,1,0,7,1,1,0,0,41,849.0657401736111,0.2,-0.24525252525252528,"0.2794822695035461,0.2044276729559749,0.3088041666666667,0.2,0.41,0.040833606321069346,8.0","0,0,0"
38.4,265,AV,2,1,3,1,7,0,0,55,3159.4556453821087,0.1,-0.23272727272727273,"0.4691064814814815,0.28594366197183096,0.37924242424242416,0.1,0.55,0.15194579395705407,7.0","0,0,0"
22.216666666666665,281,AV,1,3,5,6,6,0,0,42,2838.632091159661,0.7,-0.9425252525252524,"0.3065277777777778,0.208008064516129,0.298912037037037,0.7,0.42,0.13651662034681394,11.0","0,0,0"
27.133333333333333,151,AV,1,3,8,9,4,0,0,50,3236.647802754315,0.1,-0.16444444444444445,"0.4157933333333333,0.2642587719298246,0.36127777777777786,0.1,0.5,0.1556581498042776,12.0","0,0,0"
25.266666666666666,209,AV,1,2,8,7,0,0,0,50,1249.5878531833848,0.1,-0.15313131313131312,"0.4157933333333333,0.2642587719298246,0.36127777777777786,0.1,0.5,0.06009567462944302,8.0","0,0,0"
46.63333333333333,30,AV,2,1,3,1,7,0,0,82,2750.2432356670683,0.3,-0.8478787878787878,"0.6645904761904763,0.37534463276836155,0.46691304347826085,0.3,0.82,0.13226578845290615,7.0","0,0,0"
6.683333333333334,81,AV,0,4,2,9,7,0,0,20,1267.69032506861,0.1,-0.04050505050505051,"0.07785984848484849,0.12689766081871345,0.2386752136752137,0.1,0.2,0.0609662658868978,11.0","0,0,0"
35.15,65,AV,2,1,3,4,4,0,0,41,2137.1188228190404,0.2,-0.4260606060606061,"0.2794822695035461,0.2044276729559749,0.3088041666666667,0.2,0.41,0.10277916602134513,8.0","0,0,0"
23.55,90,AV,1,3,6,4,3,0,0,47,1682.490559712908,0.2,-0.28545454545454546,"0.3905858585858585,0.24475352112676055,0.3395324074074075,0.2,0.47,0.08091500328370894,9.0","0,0,0"
13.666666666666666,277,AV,0,6,3,5,1,0,0,37,2472.005569054355,0.5,-0.41414141414141414,"0.22167037037037038,0.18466666666666665,0.2810858585858586,0.5,0.37,0.11888467223941558,7.0","0,0,0"
26.2,118,AV,2,1,1,3,5,0,0,34,2344.9936519099742,0.3,-0.4763636363636363,"0.1798630952380952,0.16849074074074075,0.27098749999999994,0.3,0.34,0.11277636474640867,5.0","0,0,0"
22.283333333333335,201,AV,0,7,8,3,2,0,0,43,4135.471393234625,0.4,-0.5402020202020202,"0.3063461538461538,0.21327294685990342,0.30560937499999996,0.4,0.43,0.198884730396563,9.0","0,0,0"
17.1,89,AV,1,0,4,5,2,0,0,32,1823.811293294481,0.4,-0.41454545454545455,"0.1570855855855856,0.15773655913978493,0.2485609756097561,0.4,0.32,0.08771145605177698,6.0","0,0,0"
33.63333333333333,162,AV,1,2,4,2,2,0,0,64,7099.697064525982,0.2,-0.4076767676767677,"0.5733827160493828,0.3332115384615385,0.4235952380952382,0.2,0.64,0.3414414470102487,6.0","0,0,0"
33.1,185,AV,2,0,2,5,10,0,0,48,658.4091024775607,0.1,-0.20060606060606065,"0.38967187499999995,0.24837162162162157,0.34577450980392155,0.1,0.48,0.03166447168540803,15.0","0,0,0"
27.566666666666666,228,AV,0,6,3,7,4,0,0,48,3919.41152379869,0.3,-0.5012121212121211,"0.38967187499999995,0.24837162162162157,0.34577450980392155,0.3,0.48,0.18849389346499082,10.0","0,0,0"
15.783333333333333,275,AV,1,0,8,8,0,0,0,31,1011.0784796502788,0.3,-0.28696969696969693,"0.14699494949494948,0.15778974358974357,0.25785317460317453,0.3,0.31,0.04862518724321976,8.0","0,0,0"
28.833333333333332,256,AV,1,1,7,0,7,0,0,55,1117.0806745336297,0.1,-0.17474747474747476,"0.4691064814814815,0.28594366197183096,0.37924242424242416,0.1,0.55,0.05372308684066549,14.0","0,0,0"
42.03333333333333,111,AV,2,3,1,4,1,0,0,56,632.5893922142865,0.2,-0.5094949494949494,"0.47621717171717165,0.29200512820512814,0.3778730158730159,0.2,0.56,0.030422739939172414,5.0","0,0,0"
29.833333333333332,95,AV,2,1,3,3,8,0,0,45,4572.8741748457805,0.1,-0.1808080808080808,"0.3498282828282829,0.22463809523809522,0.3190585585585585,0.1,0.45,0.21992047844641197,8.0","0,0,0"
22.816666666666666,258,AV,1,2,4,2,3,0,0,45,457.16351791608827,0.1,-0.13828282828282829,"0.3498282828282829,0.22463809523809522,0.3190585585585585,0.1,0.45,0.021986089217454062,7.0","0,0,0"
38.583333333333336,191,AV,2,2,0,5,0,0,0,53,2675.3892374750885,0.4,-0.9353535353535355,"0.4508010752688172,0.2791159420289855,0.3732083333333334,0.4,0.53,0.1286658802843062,5.0","0,0,0"
26.733333333333334,16,AV,2,1,3,5,5,0,0,34,7332.887514065835,0.2,-0.3240404040404041,"0.1798630952380952,0.16849074074074075,0.27098749999999994,0.2,0.34,0.3526561345942708,10.0","0,0,0"
24.966666666666665,97,AV,1,2,6,4,7,0,0,49,5911.733280178027,0.1,-0.15131313131313132,"0.39891358024691365,0.25230476190476187,0.3476782945736434,0.1,0.49,0.28430942153971994,13.0","0,0,0"
23.766666666666666,161,AV,1,1,5,5,0,0,0,48,1244.4027248274256,0.2,-0.2880808080808081,"0.38967187499999995,0.24837162162162157,0.34577450980392155,0.2,0.48,0.05984630938009477,5.0","0,0,0"
24.016666666666666,279,AV,0,4,2,5,2,0,0,44,3393.6426315430986,0.1,-0.14555555555555555,"0.31835416666666666,0.21404830917874393,0.30739247311827955,0.1,0.44,0.1632084073754924,6.0","0,0,0"
25.283333333333335,5,AV,1,0,7,2,1,0,0,46,15387.119225735782,0.3,-0.4596969696969697,"0.3723735632183907,0.2355305555555556,0.3284509803921569,0.3,0.46,0.7400034404292175,8.0","0,0,0"
36.65,38,AV,2,2,2,5,6,0,0,45,2011.9739719035176,0.2,-0.44424242424242427,"0.3498282828282829,0.22463809523809522,0.3190585585585585,0.2,0.45,0.09676065021790628,11.0","0,0,0"
24.116666666666667,87,AV,0,4,8,5,8,0,0,45,1447.5744631551047,0.2,-0.2923232323232323,"0.3498282828282829,0.22463809523809522,0.3190585585585585,0.2,0.45,0.06961732519889745,12.0","0,0,0"
8.433333333333334,46,AV,0,9,3,5,2,0,0,26,601.3137559373858,0.4,-0.20444444444444443,"0.10096341463414633,0.13901944444444442,0.23654700854700852,0.4,0.26,0.028918619635236016,11.0","0,0,0"
29.066666666666666,147,AV,1,1,9,2,5,0,0,56,1836.3970218708375,0.1,-0.17616161616161619,"0.47621717171717165,0.29200512820512814,0.3778730158730159,0.1,0.56,0.08831673390204767,14.0","0,0,0"
43.88333333333333,216,AV,2,2,0,5,3,0,0,64,5702.891177591027,0.1,-0.26595959595959595,"0.5733827160493828,0.3332115384615385,0.4235952380952382,0.1,0.64,0.27426570431405706,8.0","0,0,0"
30.85,13,AV,2,0,2,4,9,0,0,38,2108.868816674547,0.7,-1.3087878787878788,"0.23307916666666664,0.1900983606557377,0.28705128205128205,0.7,0.38,0.10142055552171977,13.0","0,0,0"
27.283333333333335,17,AV,1,1,6,1,4,0,0,50,950.4213588862824,0.1,-0.16535353535353536,"0.4157933333333333,0.2642587719298246,0.36127777777777786,0.1,0.5,0.04570804093445438,10.0","0,0,0"
18.083333333333332,229,AV,1,1,5,5,8,0,0,35,1628.9397076974285,0.1,-0.10959595959595958,"0.19060784313725493,0.17382552083333333,0.2741865079365079,0.1,0.35,0.07833961446998668,13.0","0,0,0"
40.733333333333334,292,AV,2,0,2,5,5,0,0,63,1564.4426034616197,0.1,-0.24686868686868688,"0.5776172839506173,0.3327407407407407,0.4334687499999999,0.1,0.63,0.07523779415313409,10.0","0,0,0"
48.233333333333334,62,AV,0,8,0,0,4,0,0,69,1104.4445206976068,0.1,-0.2923232323232323,"0.60246875,0.3539714285714286,0.4423464912280703,0.1,0.69,0.05311538391880796,12.0","0,0,0"
12.05,106,AV,1,0,5,6,9,0,0,4,14312.770160915026,0.2,-0.14606060606060609,"0.05581818181818182,0.12645098039215685,0.24208333333333332,0.2,0.04,0.6883354191104801,14.0","0,0,0"
35.833333333333336,159,AV,2,3,0,5,1,0,0,51,961.7772661313056,0.4,-0.8686868686868687,"0.4333563218390804,0.2693022598870057,0.36814743589743576,0.4,0.51,0.04625417372950396,6.0","0,0,0"
32.666666666666664,50,AV,2,1,0,3,17,0,0,38,491.8679742725259,0.4,-0.7919191919191919,"0.23307916666666664,0.1900983606557377,0.28705128205128205,0.4,0.38,0.023655109696546463,17.0","0,0,0"
27.65,51,AV,1,0,7,3,0,0,0,54,3101.095365071405,0.6,-1.0054545454545454,"0.4802150537634408,0.28835964912280704,0.3891515151515151,0.6,0.54,0.14913910821030935,7.0","0,0,0"
35.18333333333333,276,AV,1,3,8,6,7,0,0,68,2964.6777926145683,0.7,-1.4926262626262625,"0.5898690476190477,0.34878728070175435,0.44556481481481486,0.7,0.68,0.14257846021167567,15.0","0,0,0"
45.166666666666664,144,AV,0,4,0,8,8,0,0,64,2401.1770329784995,0.1,-0.2737373737373737,"0.5733827160493828,0.3332115384615385,0.4235952380952382,0.1,0.64,0.11547835819142706,12.0","0,0,0"
27.166666666666668,213,AV,1,3,7,1,0,0,0,49,2218.7455195521825,0.1,-0.16464646464646468,"0.39891358024691365,0.25230476190476187,0.3476782945736434,0.1,0.49,0.1067047894942801,7.0","0,0,0"
23.466666666666665,10,AV,1,2,8,6,5,0,0,46,969.457736312404,0.4,-0.5688888888888889,"0.3723735632183907,0.2355305555555556,0.3284509803921569,0.4,0.46,0.04662354594757456,13.0","0,0,0"
30.983333333333334,19,AV,1,0,8,5,0,0,0,57,6197.036257351283,0.7,-1.3144444444444443,"0.5074080459770115,0.30993111111111116,0.41290277777777784,0.7,0.57,0.2980303254708333,8.0","0,0,0"
20.55,167,AV,1,0,4,7,4,0,0,41,3628.2404526711953,0.2,-0.24909090909090914,"0.2794822695035461,0.2044276729559749,0.3088041666666667,0.2,0.41,0.17449077883210845,8.0","0,0,0"
18.1,183,AV,1,3,7,3,3,0,0,35,2580.565825479665,0.2,-0.21939393939393945,"0.19060784313725493,0.17382552083333333,0.2741865079365079,0.2,0.35,0.12410559514707999,10.0","0,0,0"
23.966666666666665,224,AV,1,1,5,1,0,0,0,48,7912.643587116454,0.2,-0.2905050505050505,"0.38967187499999995,0.24837162162162157,0.34577450980392155,0.2,0.48,0.38053799359420826,5.0","0,0,0"
40.766666666666666,233,AV,2,1,3,0,11,0,0,58,1261.43865123121,0.1,-0.2470707070707071,"0.521328431372549,0.3075282051282051,0.40203658536585357,0.1,0.58,0.060665607909257666,11.0","0,0,0"
20.1,274,AV,1,1,5,1,1,0,0,38,623.7253316558669,0.2,-0.24363636363636365,"0.23307916666666664,0.1900983606557377,0.28705128205128205,0.2,0.38,0.02999644602325653,6.0","0,0,0"
41.38333333333333,290,AV,0,4,3,2,9,0,0,59,2927.9701715656583,0.1,-0.2508080808080808,"0.5387741935483872,0.31831127450980395,0.4154837398373983,0.1,0.59,0.14081310274172557,13.0","0,0,0"
51.81666666666667,296,AV,0,8,9,4,4,0,0,70,2953.761118311176,0.2,-0.6280808080808082,"0.6160520833333334,0.3550923076923077,0.441701550387597,0.2,0.7,0.14205345118145746,12.0","0,0,0"
15.833333333333334,236,AV,1,3,8,0,1,0,0,28,1017.530975349866,0.4,-0.38383838383838387,"0.1243682170542636,0.14402500000000001,0.2372747747747748,0.4,0.28,0.048935503225503364,9.0","0,0,0"
37.55,178,AV,1,3,9,3,1,0,0,86,1141.0395517097602,0.2,-0.4551515151515151,"0.6698803418803417,0.376960451977401,0.47081746031746036,0.2,0.86,0.054875326664056465,10.0","0,0,0"
57.06666666666667,117,AV,0,4,2,6,3,0,0,78,2123.4400354784907,0.1,-0.34585858585858587,"0.6588333333333333,0.3738671874999999,0.46660740740740736,0.1,0.78,0.1021213203554731,7.0","0,0,0"
11.5,53,AV,1,3,5,1,4,0,0,14,854.5785374972068,0.1,-0.0696969696969697,"0.0700674603174603,0.12880054644808744,0.2542702702702703,0.1,0.14,0.04109872995636468,9.0","0,0,0"
32.45,31,AV,1,0,4,9,5,0,0,59,437.8567856598078,0.9,-1.7700000000000002,"0.5387741935483872,0.31831127450980395,0.4154837398373983,0.9,0.59,0.021057582192617507,9.0","0,0,0"
28.25,170,AV,2,3,0,5,3,0,0,38,2033.019749384408,0.4,-0.6848484848484849,"0.23307916666666664,0.1900983606557377,0.28705128205128205,0.4,0.38,0.0977727920954007,8.0","0,0,0"
14.4,20,AV,1,1,8,1,0,0,0,27,863.3540159882258,0.9,-0.7854545454545455,"0.10903125000000001,0.13977575757575755,0.23258558558558562,0.9,0.27,0.04152076374836295,8.0","0,0,0"
34.13333333333333,44,AV,1,2,6,0,0,0,0,63,1200.7903182940884,0.5,-1.0343434343434343,"0.5776172839506173,0.3327407407407407,0.4334687499999999,0.5,0.63,0.057748884228147654,6.0","0,0,0"
11.8,142,AV,1,3,7,1,0,0,0,3,10838.007207066395,0.2,-0.14303030303030304,"0.05819047619047619,0.13742592592592595,0.2475,0.2,0.03,0.5212257410218565,7.0","0,0,0"
21.8,165,AV,2,2,1,4,16,0,0,25,1020.7360413649084,0.2,-0.2642424242424243,"0.09805405405405407,0.13608055555555554,0.22961627906976745,0.2,0.25,0.04908964253144747,20.0","0,0,0"
26.083333333333332,155,AV,1,3,5,8,4,0,0,50,3024.224513765153,0.5,-0.7904040404040403,"0.4157933333333333,0.2642587719298246,0.36127777777777786,0.5,0.5,0.1454422047418416,9.0","0,0,0"
36.8,158,AV,2,2,3,1,11,0,0,52,3368.9508766880413,0.1,-0.22303030303030302,"0.4349166666666667,0.27233879781420767,0.36404761904761906,0.1,0.52,0.16202092170810273,11.0","0,0,0"
27.4,63,AV,1,2,7,6,2,0,0,50,1386.7650627050614,0.3,-0.4981818181818181,"0.4157933333333333,0.2642587719298246,0.36127777777777786,0.3,0.5,0.06669285539507566,9.0","0,0,0"
40.13333333333333,206,AV,2,1,3,4,6,0,0,56,2850.5966631146844,0.5,-1.2161616161616162,"0.47621717171717165,0.29200512820512814,0.3778730158730159,0.5,0.56,0.13709202528649697,10.0","0,0,0"
23.233333333333334,202,AV,2,1,0,0,10,0,0,22,1664.0464513081895,0.2,-0.2816161616161616,"0.08295299145299144,0.1282372881355932,0.2235714285714286,0.2,0.22,0.08002798190726358,10.0","0,0,0"
29.233333333333334,55,AV,0,7,4,3,0,0,0,48,3630.005597296026,0.2,-0.3543434343434344,"0.38967187499999995,0.24837162162162157,0.34577450980392155,0.2,0.48,0.17457566886747292,7.0","0,0,0"
6.8,280,AV,0,6,6,2,3,0,0,13,4237.057085974603,0.6,-0.24727272727272726,"0.06622380952380952,0.12802830188679248,0.24903070175438596,0.6,0.13,0.20377022982131804,9.0","0,0,0"
30.45,288,AV,1,3,9,3,2,0,0,57,1338.7213376931895,0.4,-0.7381818181818183,"0.5074080459770115,0.30993111111111116,0.41290277777777784,0.4,0.57,0.06438231751737097,11.0","0,0,0"
33.916666666666664,8,AV,1,3,9,3,0,0,0,66,2187.718469250836,0.2,-0.4111111111111111,"0.5861349206349207,0.3458036529680365,0.44038043478260874,0.2,0.66,0.10521262428567076,9.0","0,0,0"
15.55,47,AV,1,3,6,4,0,0,0,7,1794.439334206041,0.5,-0.47121212121212125,"0.05949999999999999,0.12882380952380953,0.2413888888888889,0.5,0.07,0.08629888814619799,6.0","0,0,0"
26.5,41,AV,1,3,5,6,1,0,0,49,1457.5875839824732,0.1,-0.1606060606060606,"0.39891358024691365,0.25230476190476187,0.3476782945736434,0.1,0.49,0.07009888017699192,6.0","0,0,0"
37.21666666666667,293,AV,2,1,3,9,1,0,0,53,2722.266725979925,0.4,-0.9022222222222223,"0.4508010752688172,0.2791159420289855,0.3732083333333334,0.4,0.53,0.13092033105337805,10.0","0,0,0"
15.383333333333333,211,AV,1,2,8,6,8,0,0,1,2891.134206742707,0.1,-0.09323232323232324,"0.05266666666666667,0.11841666666666668,0.21973809523809526,0.1,0.01,0.13904157291209238,16.0","0,0,0"
36.55,143,AV,2,3,2,1,10,0,0,53,1496.328062426438,0.3,-0.6645454545454544,"0.4508010752688172,0.2791159420289855,0.3732083333333334,0.3,0.53,0.0719620026310286,10.0","0,0,0"
53.56666666666667,109,AV,0,9,2,9,3,0,0,73,1404.912317929139,0.4,-1.2985858585858587,"0.6299623655913977,0.3614523809523811,0.4489202898550724,0.4,0.73,0.06756560039062387,12.0","0,0,0"
20.266666666666666,298,AV,1,0,5,7,3,0,0,41,8139.327108000771,0.1,-0.12282828282828283,"0.2794822695035461,0.2044276729559749,0.3088041666666667,0.1,0.41,0.39143974738464077,8.0","0,0,0"
26.916666666666668,113,AV,1,3,7,1,9,0,0,50,7958.958807233507,0.5,-0.8156565656565657,"0.4157933333333333,0.2642587719298246,0.36127777777777786,0.5,0.5,0.38276540352897576,16.0","0,0,0"
14.516666666666667,57,AV,1,3,4,3,2,0,0,24,822.5771428470101,0.5,-0.4398989898989899,"0.09117117117117117,0.13275146198830406,0.22448550724637678,0.5,0.24,0.039559706192899544,6.0","0,0,0"
23.266666666666666,85,AV,2,2,1,4,5,0,0,33,1942.5668635563816,0.2,-0.282020202020202,"0.16901010101010097,0.1674692307692308,0.2649444444444444,0.2,0.33,0.09342269603599423,9.0","0,0,0"
26.383333333333333,54,AV,2,2,0,3,8,0,0,5,7572.106998522375,0.1,-0.1598989898989899,"0.05554166666666667,0.12451333333333334,0.2365526315789474,0.1,0.05,0.3641607729166582,8.0","0,0,0"
26.116666666666667,133,AV,1,2,8,7,0,0,0,48,5849.7981009167725,0.1,-0.1582828282828283,"0.38967187499999995,0.24837162162162157,0.34577450980392155,0.1,0.48,0.28133081033481866,8.0","0,0,0"
42.833333333333336,86,AV,2,1,3,4,2,0,0,65,1783.933402668827,0.1,-0.2595959595959596,"0.59295,0.3433530701754386,0.43772727272727274,0.1,0.65,0.0857936327199939,6.0","0,0,0"
21.6,9,AV,2,3,1,0,10,0,0,31,2294.767722006211,1.0,-1.309090909090909,"0.14699494949494948,0.15778974358974357,0.25785317460317453,1.0,0.31,0.11036087940556741,10.0","0,0,0"
21.05,149,AV,1,2,4,5,3,0,0,41,1597.8734280578535,0.2,-0.2551515151515152,"0.2794822695035461,0.2044276729559749,0.3088041666666667,0.2,0.41,0.07684556262848466,7.0","0,0,0"
28.583333333333332,198,AV,2,3,3,8,0,0,0,34,2629.980017260476,0.3,-0.5196969696969697,"0.1798630952380952,0.16849074074074075,0.27098749999999994,0.3,0.34,0.12648204205617194,8.0","0,0,0"
31.016666666666666,299,AV,0,4,9,8,12,0,0,49,1167.011530479414,0.7,-1.3158585858585858,"0.39891358024691365,0.25230476190476187,0.3476782945736434,0.7,0.49,0.0561243813676915,16.0","0,0,0"
33.833333333333336,150,AV,2,2,2,5,0,0,0,44,1342.087988935639,0.3,-0.6151515151515151,"0.31835416666666666,0.21404830917874393,0.30739247311827955,0.3,0.44,0.06454422784415724,5.0","0,0,0"
25.15,294,AV,2,3,0,0,5,0,0,13,2421.0391237858234,0.7,-1.066969696969697,"0.06622380952380952,0.12802830188679248,0.24903070175438596,0.7,0.13,0.11643357373995898,5.0","0,0,0"
33.53333333333333,249,AV,1,3,9,3,0,0,0,59,8480.737499651503,0.6,-1.2193939393939393,"0.5387741935483872,0.31831127450980395,0.4154837398373983,0.6,0.59,0.407858991345347,9.0","0,0,0"
34.13333333333333,23,AV,1,1,4,5,3,0,0,68,7864.29237148983,1.0,-2.0686868686868687,"0.5898690476190477,0.34878728070175435,0.44556481481481486,1.0,0.68,0.37821266775590623,7.0","0,0,0"
16.466666666666665,75,AV,1,0,4,5,22,0,0,28,3487.44186130441,0.4,-0.39919191919191915,"0.1243682170542636,0.14402500000000001,0.2372747747747748,0.4,0.28,0.16771943713451876,26.0","0,0,0"
29.95,237,AV,2,3,2,6,5,0,0,43,3783.636689084741,0.2,-0.36303030303030304,"0.3063461538461538,0.21327294685990342,0.30560937499999996,0.2,0.43,0.18196415626480184,11.0","0,0,0"
46.583333333333336,271,AV,0,9,8,0,6,0,0,67,4645.51881630073,0.4,-1.1292929292929295,"0.5948043478260869,0.3492916666666666,0.4433252032520325,0.4,0.67,0.22341413335457028,15.0","0,0,0"
18.616666666666667,221,AV,1,3,9,3,0,0,0,31,3386.12741774329,0.2,-0.22565656565656567,"0.14699494949494948,0.15778974358974357,0.25785317460317453,0.2,0.31,0.16284698273285247,9.0","0,0,0"
30.116666666666667,148,AV,2,0,0,6,9,0,0,37,3046.5766145774583,0.2,-0.36505050505050507,"0.22167037037037038,0.18466666666666665,0.2810858585858586,0.2,0.37,0.14651717083908622,15.0","0,0,0"
29.383333333333333,285,AV,2,1,3,3,6,0,0,28,5144.150368411208,0.1,-0.1780808080808081,"0.1243682170542636,0.14402500000000001,0.2372747747747748,0.1,0.28,0.2473945197189757,6.0","0,0,0"
43.28333333333333,84,AV,2,1,3,3,6,0,0,73,5009.92015912814,0.2,-0.5246464646464646,"0.6299623655913977,0.3614523809523811,0.4489202898550724,0.2,0.73,0.24093906725761643,6.0","0,0,0"
36.88333333333333,14,AV,1,2,5,6,3,0,0,79,1782.711710770346,0.1,-0.22353535353535353,"0.6652055555555555,0.37556666666666666,0.46671666666666667,0.1,0.79,0.08573487862868172,8.0","0,0,0"
14.85,7,AV,1,3,7,4,5,0,0,28,5051.78348307234,0.3,-0.27,"0.1243682170542636,0.14402500000000001,0.2372747747747748,0.3,0.28,0.24295237483598997,12.0","0,0,0"
30.533333333333335,189,AV,2,1,1,3,5,0,0,44,1929.5758599688188,0.2,-0.37010101010101015,"0.31835416666666666,0.21404830917874393,0.30739247311827955,0.2,0.44,0.09279792753915007,5.0","0,0,0"
34.4,283,AV,1,2,8,7,1,0,0,72,1592.2311391495805,0.1,-0.2084848484848485,"0.6206021505376343,0.35965671641791047,0.451515873015873,0.1,0.72,0.07657421143254188,9.0","0,0,0"
28.4,250,AV,2,2,2,5,1,0,0,41,1927.298426803608,0.7,-1.2048484848484848,"0.2794822695035461,0.2044276729559749,0.3088041666666667,0.7,0.41,0.0926884003201249,6.0","0,0,0"
22.6,130,AV,2,1,3,9,2,0,0,26,2853.537244729806,0.3,-0.41090909090909095,"0.10096341463414633,0.13901944444444442,0.23654700854700852,0.3,0.26,0.13723344490378397,11.0","0,0,0"
31.883333333333333,154,AV,1,3,4,9,10,0,0,56,522.2875039790788,0.1,-0.19323232323232323,"0.47621717171717165,0.29200512820512814,0.3778730158730159,0.1,0.56,0.025118057783764625,14.0","0,0,0"
28.216666666666665,129,AV,1,0,6,1,3,0,0,53,1717.0377309640771,0.1,-0.171010101010101,"0.4508010752688172,0.2791159420289855,0.3732083333333334,0.1,0.53,0.08257645954513855,9.0","0,0,0"
31.816666666666666,227,AV,2,1,3,0,11,0,0,40,736.5379020629116,0.6,-1.156969696969697,"0.27551041666666676,0.2046792452830188,0.31116239316239314,0.6,0.4,0.03542187290142414,11.0","0,0,0"
46.46666666666667,145,AV,0,8,8,1,2,0,0,68,7081.334819999852,0.4,-1.1264646464646464,"0.5898690476190477,0.34878728070175435,0.44556481481481486,0.4,0.68,0.34055836266392014,10.0","0,0,0"
18.75,40,AV,1,0,5,0,0,0,0,35,2010.868248891871,0.2,-0.2272727272727273,"0.19060784313725493,0.17382552083333333,0.2741865079365079,0.2,0.35,0.0967074733482937,5.0","0,0,0"
35.63333333333333,255,AV,1,1,9,1,3,0,0,68,954.0002559944874,0.4,-0.8638383838383838,"0.5898690476190477,0.34878728070175435,0.44556481481481486,0.4,0.68,0.045880158673594545,12.0","0,0,0"
34.06666666666667,297,AV,2,3,1,0,9,0,0,39,2293.603195459698,0.1,-0.20646464646464652,"0.2737355072463768,0.20123214285714286,0.30731140350877195,0.1,0.39,0.11030487453303418,9.0","0,0,0"
25.966666666666665,168,AV,2,3,2,5,12,0,0,37,1275.9312017726234,0.1,-0.1573737373737374,"0.22167037037037038,0.18466666666666665,0.2810858585858586,0.1,0.37,0.06136258939772906,17.0","0,0,0"
33.61666666666667,257,AV,1,3,8,7,8,0,0,61,1950.0200213032829,0.1,-0.20373737373737374,"0.5551157407407408,0.3309776119402985,0.4287702702702702,0.1,0.61,0.09378113625432592,16.0","0,0,0"
39.3,99,AV,2,1,2,4,3,0,0,59,4967.653125719208,0.6,-1.429090909090909,"0.5387741935483872,0.31831127450980395,0.4154837398373983,0.6,0.59,0.2389063443235514,7.0","0,0,0"
20.933333333333334,223,AV,1,3,9,3,9,0,0,42,2530.9644311939346,0.1,-0.12686868686868688,"0.3065277777777778,0.208008064516129,0.298912037037037,0.1,0.42,0.12172014522087579,18.0","0,0,0"
23.866666666666667,212,AV,2,1,1,4,7,0,0,30,932.0432837729122,0.3,-0.4339393939393939,"0.14405263157894738,0.1535055555555556,0.2564365079365079,0.3,0.3,0.04482419525724574,11.0","0,0,0"
15.866666666666667,225,AV,1,1,5,1,6,0,0,28,2758.442965787371,0.7,-0.673131313131313,"0.1243682170542636,0.14402500000000001,0.2372747747747748,0.7,0.28,0.13266013312591463,11.0","0,0,0"
27.116666666666667,69,AV,2,3,0,4,4,0,0,36,1291.2118623687816,0.1,-0.16434343434343435,"0.20696969696969694,0.1805925925925926,0.27820202020202023,0.1,0.36,0.062097472987522495,8.0","0,0,0"
20.2,268,AV,2,1,3,9,1,0,0,12,6446.254396158338,0.1,-0.12242424242424242,"0.06726262626262626,0.13200000000000003,0.25040090090090095,0.1,0.12,0.3100158230437728,10.0","0,0,0"
33.11666666666667,108,AV,1,0,4,5,4,0,0,63,449.0833195935783,0.1,-0.20070707070707072,"0.5776172839506173,0.3327407407407407,0.4334687499999999,0.1,0.63,0.021597493115072083,8.0","0,0,0"
15.55,22,AV,1,0,6,2,3,0,0,20,861.805442805673,0.1,-0.09424242424242425,"0.07785984848484849,0.12689766081871345,0.2386752136752137,0.1,0.2,0.04144628915269407,9.0","0,0,0"
11.766666666666667,33,AV,0,4,1,5,3,0,0,35,6918.069898529506,0.4,-0.28525252525252526,"0.19060784313725493,0.17382552083333333,0.2741865079365079,0.4,0.35,0.33270656130870674,7.0","0,0,0"
32.0,181,AV,1,0,4,0,1,0,0,60,2283.7291705859197,0.5,-0.9696969696969697,"0.550780701754386,0.3289743589743589,0.4283918918918919,0.5,0.6,0.10983000901270609,5.0","0,0,0"
45.56666666666667,160,AV,2,3,3,9,4,0,0,72,802.5586880039084,0.1,-0.2761616161616162,"0.6206021505376343,0.35965671641791047,0.451515873015873,0.1,0.72,0.038596970723144074,13.0","0,0,0"
43.15,287,AV,0,8,0,5,3,0,0,61,2218.0502812558643,0.3,-0.7845454545454545,"0.5551157407407408,0.3309776119402985,0.4287702702702702,0.3,0.61,0.10667135381839783,11.0","0,0,0"
24.016666666666666,234,AV,2,2,0,2,6,0,0,25,1888.2149669861096,0.4,-0.5822222222222222,"0.09805405405405407,0.13608055555555554,0.22961627906976745,0.4,0.25,0.09080878306984375,6.0","0,0,0"
21.45,284,AV,1,1,4,5,4,0,0,44,2302.618320259251,0.1,-0.13,"0.31835416666666666,0.21404830917874393,0.30739247311827955,0.1,0.44,0.11073843349034766,8.0","0,0,0"
36.333333333333336,196,AV,1,3,4,1,34,0,0,76,1294.2551843223837,0.7,-1.5414141414141413,"0.6501666666666667,0.36957870370370377,0.46515384615384614,0.7,0.76,0.062243833633915134,38.0","0,0,0"
17.3,77,AV,0,5,3,4,3,0,0,38,7006.371100745904,0.2,-0.20969696969696972,"0.23307916666666664,0.1900983606557377,0.28705128205128205,0.2,0.38,0.33695317774649197,8.0","0,0,0"
23.5,166,AV,1,0,4,5,1,0,0,46,814.1496548969513,0.3,-0.4272727272727273,"0.3723735632183907,0.2355305555555556,0.3284509803921569,0.3,0.46,0.039154408100012306,5.0","0,0,0"
41.96666666666667,197,AV,2,1,0,3,7,0,0,76,4689.4303597647895,0.2,-0.5086868686868687,"0.6501666666666667,0.36957870370370377,0.46515384615384614,0.2,0.76,0.22552594471842924,7.0","0,0,0"
43.016666666666666,107,AV,0,4,2,6,2,0,0,63,1485.5718097438446,0.3,-0.7821212121212121,"0.5776172839506173,0.3327407407407407,0.4334687499999999,0.3,0.63,0.07144470866102204,6.0","0,0,0"
9.866666666666667,140,AV,0,7,3,2,0,0,0,30,2411.397471856681,0.1,-0.05979797979797981,"0.14405263157894738,0.1535055555555556,0.2564365079365079,0.1,0.3,0.11596988359144483,7.0","0,0,0"
21.516666666666666,71,AV,1,3,5,2,1,0,0,44,572.7967315704935,0.2,-0.26080808080808077,"0.31835416666666666,0.21404830917874393,0.30739247311827955,0.2,0.44,0.027547167589358008,6.0","0,0,0"
25.166666666666668,60,AV,2,2,0,1,6,0,0,33,3119.7161673652217,0.1,-0.15252525252525254,"0.16901010101010097,0.1674692307692308,0.2649444444444444,0.1,0.33,0.1500346272193471,6.0","0,0,0"
36.38333333333333,192,AV,1,3,4,3,10,0,0,74,818.0604611907775,0.2,-0.441010101010101,"0.6421888888888888,0.36681538461538465,0.46156296296296295,0.2,0.74,0.03934248814734457,14.0","0,0,0"
40.95,88,AV,2,3,1,4,1,0,0,56,763.1985099142711,0.8,-1.9854545454545456,"0.47621717171717165,0.29200512820512814,0.3778730158730159,0.8,0.56,0.03670404542797105,5.0","0,0,0"
18.083333333333332,83,AV,1,0,6,8,9,0,0,32,2335.4036410281064,0.1,-0.10959595959595958,"0.1570855855855856,0.15773655913978493,0.2485609756097561,0.1,0.32,0.1123151581396212,15.0","0,0,0"
34.55,173,AV,1,1,7,2,2,0,0,66,914.1934345695068,0.2,-0.41878787878787876,"0.5861349206349207,0.3458036529680365,0.44038043478260874,0.2,0.66,0.04396575322999674,9.0","0,0,0"
30.85,135,AV,0,7,7,6,0,0,0,49,1282.6858023855964,0.1,-0.186969696969697,"0.39891358024691365,0.25230476190476187,0.3476782945736434,0.1,0.49,0.06168743432932387,7.0","0,0,0"
24.55,78,AV,1,3,7,1,5,0,0,47,13351.937436366714,0.1,-0.1487878787878788,"0.3905858585858585,0.24475352112676055,0.3395324074074075,0.1,0.47,0.6421266706493964,12.0","0,0,0"
27.316666666666666,243,AV,1,3,8,9,10,0,0,51,3132.463358685509,0.2,-0.33111111111111113,"0.4333563218390804,0.2693022598870057,0.36814743589743576,0.2,0.51,0.150647670199936,18.0","0,0,0"
32.8,172,AV,0,4,3,8,4,0,0,51,670.158540600369,0.1,-0.1987878787878788,"0.4333563218390804,0.2693022598870057,0.36814743589743576,0.1,0.51,0.032229530323508795,8.0","0,0,0"
48.18333333333333,139,AV,2,2,1,4,2,0,0,74,513.3463032142733,0.7,-2.044141414141414,"0.6421888888888888,0.36681538461538465,0.46156296296296295,0.7,0.74,0.024688054010448962,6.0","0,0,0"
25.65,120,AV,2,1,2,1,11,0,0,10,932.1411738504048,0.7,-1.0881818181818181,"0.06426923076923076,0.1308201754385965,0.249921568627451,0.7,0.1,0.04482890302567631,11.0","0,0,0"
28.516666666666666,68,AV,1,1,5,2,3,0,0,52,508.6019702527906,0.5,-0.8641414141414141,"0.4349166666666667,0.27233879781420767,0.36404761904761906,0.5,0.52,0.024459887668034006,8.0","0,0,0"
15.3,26,AV,0,4,2,1,1,0,0,38,968.7072844723906,0.5,-0.4636363636363637,"0.23307916666666664,0.1900983606557377,0.28705128205128205,0.5,0.38,0.04658745492005087,5.0","0,0,0"
34.25,45,AV,1,3,7,1,5,0,0,69,806.3598325453933,0.2,-0.41515151515151516,"0.60246875,0.3539714285714286,0.4423464912280703,0.2,0.69,0.03877977687399022,12.0","0,0,0"
20.516666666666666,169,AV,1,3,4,3,1,0,0,42,946.2003450753726,0.4,-0.49737373737373736,"0.3065277777777778,0.208008064516129,0.298912037037037,0.4,0.42,0.04550504226418034,5.0","0,0,0"
15.316666666666666,273,AV,0,6,3,9,19,0,0,37,3958.913906791885,0.4,-0.3713131313131313,"0.22167037037037038,0.18466666666666665,0.2810858585858586,0.4,0.37,0.1903936577347851,25.0","0,0,0"
28.8,184,AV,2,1,3,3,13,0,0,37,3278.222126324269,0.1,-0.17454545454545456,"0.22167037037037038,0.18466666666666665,0.2810858585858586,0.1,0.37,0.1576575586620336,13.0","0,0,0"
22.4,58,AV,1,3,8,7,12,0,0,44,1040.734547163155,0.1,-0.13575757575757574,"0.31835416666666666,0.21404830917874393,0.30739247311827955,0.1,0.44,0.05005141860382586,20.0","0,0,0"
19.05,286,AV,0,7,1,2,0,0,0,38,4090.160813256426,0.3,-0.3463636363636364,"0.23307916666666664,0.1900983606557377,0.28705128205128205,0.3,0.38,0.19670563601379967,7.0","0,0,0"
34.45,12,AV,1,1,7,0,3,0,0,61,8981.750106371177,0.4,-0.8351515151515152,"0.5551157407407408,0.3309776119402985,0.4287702702702702,0.4,0.61,0.4319538883323586,10.0","0,0,0"
35.733333333333334,259,AV,1,0,4,5,4,0,0,70,4843.3187157075145,0.4,-0.8662626262626264,"0.6160520833333334,0.3550923076923077,0.441701550387597,0.4,0.7,0.2329268045654853,8.0","0,0,0"
48.266666666666666,218,AV,0,6,4,7,12,0,0,68,1467.6871321740252,0.1,-0.2925252525252525,"0.5898690476190477,0.34878728070175435,0.44556481481481486,0.1,0.68,0.07058459165416232,18.0","0,0,0"
17.433333333333334,291,AV,1,3,5,1,3,0,0,34,2991.769966736588,0.1,-0.10565656565656566,"0.1798630952380952,0.16849074074074075,0.27098749999999994,0.1,0.34,0.143881387794473,8.0","0,0,0"
25.766666666666666,156,AV,0,7,9,2,9,0,0,45,541.9839687696077,0.2,-0.31232323232323234,"0.3498282828282829,0.22463809523809522,0.3190585585585585,0.2,0.45,0.026065307980208553,16.0","0,0,0"
28.216666666666665,104,AV,1,2,9,1,0,0,0,54,4959.361066312568,0.2,-0.342020202020202,"0.4802150537634408,0.28835964912280704,0.3891515151515151,0.2,0.54,0.23850755931388606,9.0","0,0,0"
27.2,254,AV,1,3,5,2,2,0,0,49,1527.6889462703334,0.1,-0.16484848484848486,"0.39891358024691365,0.25230476190476187,0.3476782945736434,0.1,0.49,0.07347022269476662,7.0","0,0,0"
34.416666666666664,114,AV,0,8,9,4,5,0,0,51,8348.421721831439,0.1,-0.20858585858585857,"0.4333563218390804,0.2693022598870057,0.36814743589743576,0.1,0.51,0.4014956084811817,13.0","0,0,0"
19.133333333333333,132,AV,1,0,4,5,2,0,0,37,2753.3979495063454,0.4,-0.4638383838383838,"0.22167037037037038,0.18466666666666665,0.2810858585858586,0.4,0.37,0.13241750620204337,6.0","0,0,0"
36.88333333333333,164,AV,1,2,8,2,5,0,0,77,3227.056348793521,0.2,-0.44707070707070706,"0.6519876543209877,0.3717850877192982,0.47013063063063065,0.2,0.77,0.1551968737963661,13.0","0,0,0"
42.233333333333334,214,AV,2,3,3,4,2,0,0,57,5354.15698790508,0.1,-0.255959595959596,"0.5074080459770115,0.30993111111111116,0.41290277777777784,0.1,0.57,0.2574942413535784,6.0","0,0,0"
23.6,3,AV,1,3,7,1,0,0,0,46,627.4062491148882,0.5,-0.7151515151515152,"0.3723735632183907,0.2355305555555556,0.3284509803921569,0.5,0.46,0.03017347016557005,7.0","0,0,0"
25.383333333333333,115,AV,1,3,9,3,4,0,0,48,4034.238052294327,0.4,-0.6153535353535354,"0.38967187499999995,0.24837162162162157,0.34577450980392155,0.4,0.48,0.19401617641430308,13.0","0,0,0"
15.75,138,AV,1,1,6,3,2,0,0,27,11515.391842589095,0.1,-0.09545454545454546,"0.10903125000000001,0.13977575757575755,0.23258558558558562,0.1,0.27,0.5538027915682833,8.0","0,0,0"
35.78333333333333,240,AV,1,1,7,1,6,0,0,75,1830.3424648913517,0.2,-0.43373737373737375,"0.6447559523809524,0.370186567164179,0.46689259259259264,0.2,0.75,0.08802555574651609,13.0","0,0,0"
57.15,246,AV,0,7,2,9,2,0,0,77,1014.5614647146556,0.2,-0.6927272727272727,"0.6519876543209877,0.3717850877192982,0.47013063063063065,0.2,0.77,0.04879269234230884,9.0","0,0,0"
45.9,36,AV,2,0,3,8,0,0,0,69,832.3173438658397,0.2,-0.5563636363636364,"0.60246875,0.3539714285714286,0.4423464912280703,0.2,0.69,0.0400281358033201,8.0","0,0,0"
17.016666666666666,2,AV,1,3,5,6,1,0,0,30,1661.9571573900298,0.2,-0.20626262626262626,"0.14405263157894738,0.1535055555555556,0.2564365079365079,0.2,0.3,0.07992750275552475,6.0","0,0,0"
50.05,174,AV,0,5,6,9,11,0,0,68,1848.7234685638712,0.1,-0.30333333333333334,"0.5898690476190477,0.34878728070175435,0.44556481481481486,0.1,0.68,0.08890954226515282,16.0","0,0,0"
28.333333333333332,24,AV,1,0,9,0,3,0,0,54,2574.4307659940623,0.3,-0.5151515151515151,"0.4802150537634408,0.28835964912280704,0.3891515151515151,0.3,0.54,0.12381054543309646,12.0","0,0,0"
31.733333333333334,21,AV,1,0,4,1,2,0,0,58,1986.5043233563797,0.3,-0.5769696969696969,"0.521328431372549,0.3075282051282051,0.40203658536585357,0.3,0.58,0.0955357537785597,6.0","0,0,0"
51.766666666666666,25,AV,0,9,5,5,3,0,0,72,727.2326469992182,0.6,-1.8824242424242423,"0.6206021505376343,0.35965671641791047,0.451515873015873,0.6,0.72,0.034974360884380204,12.0","0,0,0"
29.266666666666666,238,AV,2,0,3,1,12,0,0,35,4818.617258984985,1.0,-1.7737373737373736,"0.19060784313725493,0.17382552083333333,0.2741865079365079,1.0,0.35,0.23173885231203734,12.0","0,0,0"
30.8,121,AV,1,0,8,8,0,0,0,56,3465.4556083993225,0.1,-0.18666666666666668,"0.47621717171717165,0.29200512820512814,0.3778730158730159,0.1,0.56,0.1666620655399256,8.0","0,0,0"
23.016666666666666,182,AV,1,3,4,3,6,0,0,45,2563.744074524839,0.5,-0.6974747474747475,"0.3498282828282829,0.22463809523809522,0.3190585585585585,0.5,0.45,0.1232965968285517,10.0","0,0,0"
44.9,226,AV,2,1,1,3,5,0,0,60,6947.27484286379,0.1,-0.27212121212121215,"0.550780701754386,0.3289743589743589,0.4283918918918919,0.1,0.6,0.3341110970744898,5.0","0,0,0"
22.233333333333334,35,AV,1,3,5,1,0,0,0,44,1809.16611953512,0.1,-0.13474747474747475,"0.31835416666666666,0.21404830917874393,0.30739247311827955,0.1,0.44,0.08700713454697676,5.0","0,0,0"
39.916666666666664,116,AV,0,4,3,8,20,0,0,56,6230.691172258436,0.4,-0.9676767676767677,"0.47621717171717165,0.29200512820512814,0.3778730158730159,0.4,0.56,0.29964887098629217,24.0","0,0,0"
24.45,247,AV,1,3,5,2,2,0,0,48,1507.5005543882637,0.1,-0.14818181818181816,"0.38967187499999995,0.24837162162162157,0.34577450980392155,0.1,0.48,0.07249931454553503,7.0","0,0,0"
41.916666666666664,126,AV,2,1,0,5,3,0,0,58,2030.86588445069,0.5,-1.27020202020202,"0.521328431372549,0.3075282051282051,0.40203658536585357,0.5,0.58,0.09766920756877238,8.0","0,0,0"
36.6,112,AV,1,1,8,7,4,0,0,78,8493.635575370567,1.0,-2.2181818181818183,"0.6588333333333333,0.3738671874999999,0.46660740740740736,1.0,0.78,0.40847929071828354,12.0","0,0,0"
58.55,105,AV,0,4,3,5,6,0,0,96,3352.9358316496982,0.7,-2.483939393939394,"0.6707393162393162,0.37896448087431694,0.4723125,0.7,0.96,0.16125071981045438,10.0","0,0,0"
18.566666666666666,37,AV,0,6,2,1,2,0,0,40,3898.759045987068,0.8,-0.9002020202020202,"0.27551041666666676,0.2046792452830188,0.31116239316239314,0.8,0.4,0.18750066631117593,8.0","0,0,0"
42.666666666666664,262,AV,2,1,3,9,2,0,0,63,6081.635477498837,0.2,-0.5171717171717172,"0.5776172839506173,0.3327407407407407,0.4334687499999999,0.2,0.63,0.29248042539751784,11.0","0,0,0"
37.55,253,AV,1,3,5,2,0,0,0,73,1373.5659577718477,0.1,-0.22757575757575754,"0.6299623655913977,0.3614523809523811,0.4489202898550724,0.1,0.73,0.0660580788057822,5.0","0,0,0"
32.81666666666667,52,AV,0,9,3,3,17,0,0,50,1025.7249596144625,0.4,-0.7955555555555557,"0.4157933333333333,0.2642587719298246,0.36127777777777786,0.4,0.5,0.049329571566540366,26.0","0,0,0"
34.5,136,AV,0,6,4,1,15,0,0,51,8987.822610831106,0.2,-0.4181818181818182,"0.4333563218390804,0.2693022598870057,0.36814743589743576,0.2,0.51,0.4322459296252377,21.0","0,0,0"
13.816666666666666,27,AV,1,3,5,9,6,0,0,15,4113.319853961603,0.1,-0.08373737373737374,"0.07045736434108528,0.12517989417989417,0.2460539215686275,0.1,0.15,0.19781940978440954,11.0","0,0,0"
16.25,152,AV,1,3,7,6,9,0,0,30,1885.557658153182,0.1,-0.0984848484848485,"0.14405263157894738,0.1535055555555556,0.2564365079365079,0.1,0.3,0.09068098671954573,16.0","0,0,0"
27.633333333333333,64,AV,0,7,9,1,2,0,0,46,3583.4963710051925,0.6,-1.0048484848484847,"0.3723735632183907,0.2355305555555556,0.3284509803921569,0.6,0.46,0.17233892871085194,9.0","0,0,0"
33.85,239,AV,1,3,8,0,0,0,0,67,7128.986247371214,0.8,-1.6412121212121216,"0.5948043478260869,0.3492916666666666,0.4433252032520325,0.8,0.67,0.34285003400790975,8.0","0,0,0"
18.583333333333332,18,AV,1,0,5,3,24,0,0,36,1111.987968807459,0.2,-0.22525252525252526,"0.20696969696969694,0.1805925925925926,0.27820202020202023,0.2,0.36,0.05347816641708441,29.0","0,0,0"
39.75,179,AV,0,7,0,6,2,0,0,56,10783.100237376317,1.0,-2.409090909090909,"0.47621717171717165,0.29200512820512814,0.3778730158730159,1.0,0.56,0.518585133259083,9.0","0,0,0"
31.133333333333333,93,AV,1,3,4,3,2,0,0,57,4021.28082322038,0.1,-0.18868686868686868,"0.5074080459770115,0.30993111111111116,0.41290277777777784,0.1,0.57,0.1933930322147629,6.0","0,0,0"
13.116666666666667,180,AV,1,3,4,9,7,0,0,5,1993.780724220221,0.2,-0.15898989898989901,"0.05554166666666667,0.12451333333333334,0.2365526315789474,0.2,0.05,0.09588569333476842,11.0","0,0,0"
21.216666666666665,122,AV,1,0,5,1,8,0,0,42,2212.8825544422834,0.1,-0.12858585858585858,"0.3065277777777778,0.208008064516129,0.298912037037037,0.1,0.42,0.1064228254509272,13.0","0,0,0"
25.75,29,AV,0,6,6,4,6,0,0,45,793.0252767736928,0.4,-0.6242424242424243,"0.3498282828282829,0.22463809523809522,0.3190585585585585,0.4,0.45,0.03813848612925163,12.0","0,0,0"
22.3,4,AV,1,3,6,7,9,0,0,44,3773.073658575576,0.2,-0.2703030303030303,"0.31835416666666666,0.21404830917874393,0.30739247311827955,0.2,0.44,0.18145615481219285,15.0","0,0,0"
19.566666666666666,79,AV,2,3,1,4,5,0,0,20,5899.132481879994,0.7,-0.8301010101010101,"0.07785984848484849,0.12689766081871345,0.2386752136752137,0.7,0.2,0.2837034189504176,9.0","0,0,0"
28.8,264,AV,1,0,8,4,2,0,0,54,6007.794801579103,0.4,-0.6981818181818182,"0.4802150537634408,0.28835964912280704,0.3891515151515151,0.4,0.54,0.2889292503255245,10.0","0,0,0"
43.95,119,AV,2,1,3,1,5,0,0,68,3822.7735841463273,1.0,-2.663636363636364,"0.5898690476190477,0.34878728070175435,0.44556481481481486,1.0,0.68,0.18384634334403438,5.0","0,0,0"
23.416666666666668,263,AV,2,0,2,4,5,0,0,31,4547.885280126284,0.2,-0.2838383838383839,"0.14699494949494948,0.15778974358974357,0.25785317460317453,0.2,0.31,0.2187187026108142,9.0","0,0,0"
36.233333333333334,187,AV,0,9,3,4,3,0,0,51,6130.868263041086,1.0,-2.195959595959596,"0.4333563218390804,0.2693022598870057,0.36814743589743576,1.0,0.51,0.29484814804583803,12.0","0,0,0"
13.6,92,AV,0,7,7,8,1,0,0,35,2187.907521251699,0.3,-0.24727272727272726,"0.19060784313725493,0.17382552083333333,0.2741865079365079,0.3,0.35,0.10522171624947545,8.0","0,0,0"
33.71666666666667,210,AV,2,3,3,3,6,0,0,45,473.5024380788758,0.1,-0.20434343434343438,"0.3498282828282829,0.22463809523809522,0.3190585585585585,0.1,0.45,0.022771867046038015,6.0","0,0,0"
37.61666666666667,190,AV,2,1,3,9,0,0,0,55,626.2908344343901,0.1,-0.227979797979798,"0.4691064814814815,0.28594366197183096,0.37924242424242416,0.1,0.55,0.03011982720037529,9.0","0,0,0"
22.433333333333334,251,AV,1,3,4,3,2,0,0,45,1020.5842314575186,0.1,-0.13595959595959597,"0.3498282828282829,0.22463809523809522,0.3190585585585585,0.1,0.45,0.04908234162917255,6.0","0,0,0"
38.21666666666667,235,AV,0,9,2,6,1,0,0,53,1291.7462447339112,0.4,-0.9264646464646464,"0.4508010752688172,0.2791159420289855,0.3732083333333334,0.4,0.53,0.0621231727161656,10.0","0,0,0"
31.966666666666665,56,AV,1,3,5,6,6,0,0,58,3824.993837156676,0.2,-0.38747474747474747,"0.521328431372549,0.3075282051282051,0.40203658536585357,0.2,0.58,0.18395312063237393,11.0","0,0,0"
32.18333333333333,96,AV,2,3,3,6,0,0,0,44,6563.608435155774,0.5,-0.9752525252525251,"0.31835416666666666,0.21404830917874393,0.30739247311827955,0.5,0.44,0.31565966003056356,6.0","0,0,0"
15.766666666666667,98,AV,1,3,7,4,11,0,0,29,5702.616109653807,1.0,-0.9555555555555556,"0.14556481481481484,0.15352116402116403,0.2577439024390244,1.0,0.29,0.27425247563772664,18.0","0,0,0"
42.35,11,AV,2,0,1,0,6,0,0,64,4968.170350229253,0.4,-1.0266666666666668,"0.5733827160493828,0.3332115384615385,0.4235952380952382,0.4,0.64,0.23893121888982288,6.0","0,0,0"
36.18333333333333,270,AV,2,2,1,4,1,0,0,54,8011.326014866212,0.4,-0.8771717171717172,"0.4802150537634408,0.28835964912280704,0.3891515151515151,0.4,0.54,0.385283868047601,5.0","0,0,0"
16.3,194,AV,1,1,4,7,3,0,0,31,539.5213747330826,0.1,-0.0987878787878788,"0.14699494949494948,0.15778974358974357,0.25785317460317453,0.1,0.31,0.025946875931124203,7.0","0,0,0"
28.966666666666665,141,AV,2,1,3,3,5,0,0,45,3048.604611013583,0.2,-0.35111111111111115,"0.3498282828282829,0.22463809523809522,0.3190585585585585,0.2,0.45,0.14661470204800806,5.0","0,0,0"
33.3,124,AV,1,0,9,4,5,0,0,62,5825.425317043349,0.5,-1.009090909090909,"0.564828125,0.331716894977169,0.4299666666666666,0.5,0.62,0.28015866474638357,14.0","0,0,0"
20.333333333333332,260,AV,1,1,8,7,0,0,0,38,591.6693204447811,0.1,-0.12323232323232323,"0.23307916666666664,0.1900983606557377,0.28705128205128205,0.1,0.38,0.028454795618483852,8.0","0,0,0"
31.166666666666668,91,AV,2,2,2,8,2,0,0,45,9667.367812467324,0.4,-0.7555555555555556,"0.3498282828282829,0.22463809523809522,0.3190585585585585,0.4,0.45,0.46492688697408946,10.0","0,0,0"
37.666666666666664,278,AV,2,1,3,9,2,0,0,53,1530.6528609905624,0.3,-0.6848484848484848,"0.4508010752688172,0.2791159420289855,0.3732083333333334,0.3,0.53,0.07361276445699849,11.0","0,0,0"
41.483333333333334,15,AV,0,4,4,2,8,0,0,56,5158.4050556257225,0.4,-1.0056565656565657,"0.47621717171717165,0.29200512820512814,0.3778730158730159,0.4,0.56,0.24808006178999184,12.0","0,0,0"
13.15,248,AV,1,0,6,8,3,0,0,17,1150.2916000513435,0.2,-0.15939393939393942,"0.07480555555555556,0.1271636363636364,0.24294144144144145,0.2,0.17,0.05532027984231857,9.0","0,0,0"
32.61666666666667,199,AV,1,2,4,2,5,0,0,59,1089.3140785512585,0.2,-0.39535353535353535,"0.5387741935483872,0.31831127450980395,0.4154837398373983,0.2,0.59,0.052387724694280345,9.0","0,0,0"
39.516666666666666,110,AV,2,2,1,4,2,0,0,52,4687.914961676448,0.5,-1.1974747474747474,"0.4349166666666667,0.27233879781420767,0.36404761904761906,0.5,0.52,0.22545306559254863,6.0","0,0,0"
28.283333333333335,176,AV,1,3,9,1,1,0,0,55,2398.572127464108,0.1,-0.17141414141414144,"0.4691064814814815,0.28594366197183096,0.37924242424242416,0.1,0.55,0.11535308204230756,10.0","0,0,0"
22.35,282,AV,1,1,8,7,5,0,0,44,3414.9419898187493,0.1,-0.13545454545454547,"0.31835416666666666,0.21404830917874393,0.30739247311827955,0.1,0.44,0.1642327445611401,13.0","0,0,0"
29.983333333333334,207,AV,2,1,3,3,8,0,0,33,1541.4014724042315,0.2,-0.36343434343434344,"0.16901010101010097,0.1674692307692308,0.2649444444444444,0.2,0.33,0.07412969094006937,8.0","0,0,0"
23.5,73,AV,2,1,1,3,18,0,0,23,913.5589076746268,0.1,-0.14242424242424243,"0.0837638888888889,0.128765625,0.22079166666666666,0.1,0.23,0.04393523731091094,18.0","0,0,0"
26.05,261,AV,1,1,8,1,1,0,0,49,3274.575105225111,0.1,-0.1578787878787879,"0.39891358024691365,0.25230476190476187,0.3476782945736434,0.1,0.49,0.15748216467690215,9.0","0,0,0"
29.283333333333335,195,AV,0,4,9,8,9,0,0,48,699.2977112166509,0.1,-0.17747474747474748,"0.38967187499999995,0.24837162162162157,0.34577450980392155,0.1,0.48,0.03363090287355943,13.0","0,0,0"
20.616666666666667,200,AV,0,4,2,6,10,0,0,40,11940.25564443948,0.2,-0.2498989898989899,"0.27551041666666676,0.2046792452830188,0.31116239316239314,0.2,0.4,0.5742355100304415,14.0","0,0,0"
18.816666666666666,219,AV,1,3,4,1,3,0,0,35,2260.56382504795,0.1,-0.11404040404040404,"0.19060784313725493,0.17382552083333333,0.2741865079365079,0.1,0.35,0.10871593202757703,7.0","0,0,0"
36.6,32,AV,1,2,8,8,2,0,0,71,2022.4315636845977,0.8,-1.7745454545454546,"0.6242619047619047,0.35650469483568065,0.44242682926829263,0.8,0.71,0.09726358086938654,10.0","0,0,0"
20.583333333333332,103,AV,0,8,4,7,3,0,0,41,4569.840806868062,0.1,-0.12474747474747475,"0.2794822695035461,0.2044276729559749,0.3088041666666667,0.1,0.41,0.21977459651057532,11.0","0,0,0"
19.233333333333334,230,AV,1,2,4,5,6,0,0,36,6995.337061486569,0.1,-0.11656565656565657,"0.20696969696969694,0.1805925925925926,0.27820202020202023,0.1,0.36,0.3364225243542649,10.0","0,0,0"
36.483333333333334,175,AV,1,1,6,4,1,0,0,76,3097.4575811220984,0.1,-0.22111111111111115,"0.6501666666666667,0.36957870370370377,0.46515384615384614,0.1,0.76,0.14896415846185204,7.0","0,0,0"
36.1,220,AV,2,1,1,3,10,0,0,47,4577.590037133467,0.1,-0.2187878787878788,"0.3905858585858585,0.24475352112676055,0.3395324074074075,0.1,0.47,0.22014727556589106,10.0","0,0,0"
55.3,39,AV,0,7,5,8,5,0,0,77,741.34301771214,0.6,-2.0109090909090908,"0.6519876543209877,0.3717850877192982,0.47013063063063065,0.6,0.77,0.03565296242896494,12.0","0,0,0"
18.9,177,AV,1,0,5,1,0,0,0,34,2139.4702648744856,0.2,-0.22909090909090907,"0.1798630952380952,0.16849074074074075,0.27098749999999994,0.2,0.34,0.10289225250527183,5.0","0,0,0"
22.216666666666665,204,AV,1,2,5,6,2,0,0,43,2105.159940183184,0.3,-0.4039393939393939,"0.3063461538461538,0.21327294685990342,0.30560937499999996,0.3,0.43,0.10124218676253416,7.0","0,0,0"
43.61666666666667,76,AV,2,1,3,9,0,0,0,75,1538.317647081207,0.3,-0.793030303030303,"0.6447559523809524,0.370186567164179,0.46689259259259264,0.3,0.75,0.07398138238957058,9.0","0,0,0"
17.216666666666665,100,AV,1,1,5,5,0,0,0,33,4434.023444374438,0.5,-0.5217171717171717,"0.16901010101010097,0.1674692307692308,0.2649444444444444,0.5,0.33,0.2132428140475394,5.0","0,0,0"
31.8,208,AV,2,3,0,0,8,0,0,44,17322.90883950548,0.3,-0.5781818181818181,"0.31835416666666666,0.21404830917874393,0.30739247311827955,0.3,0.44,0.833100202280572,8.0","0,0,0"
34.166666666666664,269,AV,1,1,8,4,1,0,0,64,975.0940381265832,0.2,-0.41414141414141414,"0.5733827160493828,0.3332115384615385,0.4235952380952382,0.2,0.64,0.04689460920981367,9.0","0,0,0"
35.36666666666667,0,AV,1,2,8,6,3,0,0,72,5502.789496653042,0.2,-0.42868686868686867,"0.6206021505376343,0.35965671641791047,0.451515873015873,0.2,0.72,0.26464233491284295,11.0","0,0,0"
18.133333333333333,74,AV,1,3,6,4,2,0,0,36,1317.647826688136,0.1,-0.1098989898989899,"0.20696969696969694,0.1805925925925926,0.27820202020202023,0.1,0.36,0.06336884186823323,8.0","0,0,0"
19.933333333333334,241,AV,1,3,7,7,5,0,0,39,1454.957177165027,0.2,-0.24161616161616162,"0.2737355072463768,0.20123214285714286,0.30731140350877195,0.2,0.39,0.06997237760909195,12.0","0,0,0"
30.683333333333334,80,AV,2,1,3,3,5,0,0,32,3456.1529418207683,0.3,-0.5578787878787879,"0.1570855855855856,0.15773655913978493,0.2485609756097561,0.3,0.32,0.1662146780093356,5.0","0,0,0"
33.0,272,AV,1,2,5,0,2,0,0,59,2744.255474143275,0.8,-1.6,"0.5387741935483872,0.31831127450980395,0.4154837398373983,0.8,0.59,0.13197782265092123,7.0","0,0,0"
15.3,222,AV,1,3,4,3,6,0,0,27,2088.64210540395,0.1,-0.09272727272727274,"0.10903125000000001,0.13977575757575755,0.23258558558558562,0.1,0.27,0.10044780450125744,10.0","0,0,0"
14.55,28,AV,1,2,4,2,2,0,0,27,1824.367004680513,1.0,-0.8818181818181818,"0.10903125000000001,0.13977575757575755,0.23258558558558562,1.0,0.27,0.08773818154415255,6.0","0,0,0"
15.05,61,AV,1,2,8,7,0,0,0,28,1260.6549751070208,0.1,-0.09121212121212122,"0.1243682170542636,0.14402500000000001,0.2372747747747748,0.1,0.28,0.06062791904628244,8.0","0,0,0"
