travel_time,id,kind,action,bid_route_0,bid_route_1,bid_route_2,karma_balance,origin,destination,start_time,income,urgency,reward
24.316666666666666,122,AV,1,3,7,7,0,0,0,45,3942.222625638348,0.2,-4.863333333333333
51.333333333333336,247,AV,2,3,3,4,8,0,0,78,2612.3907844155665,0.2,-10.266666666666667
12.8,58,AV,1,2,8,5,1,0,0,20,19040.472291926453,0.1,-1.2800000000000002
33.71666666666667,260,AV,1,1,5,5,8,0,0,56,679.8949342204361,0.2,-6.743333333333334
34.833333333333336,160,AV,1,2,8,5,8,0,0,56,10213.823531357188,0.6,-20.900000000000002
35.85,264,AV,1,2,4,6,5,0,0,58,4639.089550420253,0.1,-3.5850000000000004
26.433333333333334,186,AV,1,2,8,5,13,0,0,46,10838.007207066395,0.3,-7.93
21.866666666666667,142,AV,1,1,9,3,1,0,0,41,4934.883137056144,0.5,-10.933333333333334
18.85,141,AV,1,1,4,7,7,0,0,37,3119.7161673652217,0.1,-1.8850000000000002
25.583333333333332,298,AV,1,1,9,1,2,0,0,46,2761.3662775036096,0.2,-5.116666666666667
17.166666666666668,98,AV,0,5,6,5,1,0,0,49,2675.3892374750885,0.3,-5.15
25.116666666666667,147,AV,1,2,8,5,0,0,0,44,2030.86588445069,0.1,-2.5116666666666667
45.766666666666666,125,AV,2,2,2,7,7,0,0,68,863.3540159882258,0.4,-18.30666666666667
25.916666666666668,99,AV,1,0,4,3,3,0,0,46,777.0630287344238,0.9,-23.325000000000003
40.85,132,AV,1,2,8,5,13,0,0,63,5721.231751015957,0.2,-8.17
36.5,271,AV,2,2,3,4,2,0,0,42,3169.820795106812,0.1,-3.6500000000000004
28.8,103,AV,1,1,5,5,0,0,0,48,1386.7650627050614,0.1,-2.8800000000000003
27.65,20,AV,2,3,1,2,7,0,0,35,3480.90175047103,0.5,-13.825
19.216666666666665,32,AV,1,1,7,3,0,0,0,37,2458.2611968747465,0.2,-3.8433333333333333
25.516666666666666,4,AV,1,0,4,3,6,0,0,45,7612.519032757181,0.2,-5.1033333333333335
43.71666666666667,151,AV,1,3,4,6,4,0,0,68,2015.5588757501516,0.2,-8.743333333333334
20.933333333333334,144,AV,1,0,4,3,3,0,0,40,4015.909421979459,0.2,-4.1866666666666665
25.633333333333333,234,AV,1,1,5,5,4,0,0,45,7177.938863287724,0.1,-2.5633333333333335
30.05,14,AV,2,0,3,4,3,0,0,43,2398.572127464108,0.5,-15.025
34.21666666666667,22,AV,1,2,9,7,2,0,0,56,1373.5659577718477,0.1,-3.421666666666667
39.21666666666667,57,AV,1,1,5,5,0,0,0,60,3398.605365942332,0.2,-7.843333333333334
31.166666666666668,124,AV,1,1,5,5,1,0,0,53,2044.1603053436156,0.5,-15.583333333333334
35.88333333333333,162,AV,1,1,5,5,2,0,0,59,4227.85786318916,0.6,-21.529999999999998
43.666666666666664,42,AV,1,0,4,3,5,0,0,68,3773.073658575576,0.4,-17.466666666666665
44.416666666666664,50,AV,1,2,6,0,6,0,0,73,4572.8741748457805,0.2,-8.883333333333333
12.616666666666667,91,AV,1,3,7,2,0,0,0,20,2744.255474143275,0.2,-2.5233333333333334
43.083333333333336,137,AV,1,2,8,5,0,0,0,63,4196.147454418583,0.1,-4.308333333333334
43.0,217,AV,1,0,6,1,0,0,0,66,1446.9812594843625,0.1,-4.3
26.516666666666666,279,AV,1,3,7,7,2,0,0,46,477.1303205766694,0.2,-5.303333333333334
30.033333333333335,277,AV,1,0,4,3,1,0,0,50,3608.770587345788,0.3,-9.01
30.466666666666665,207,AV,1,1,5,5,1,0,0,52,4609.601315671212,0.4,-12.186666666666667
36.38333333333333,120,AV,1,1,4,4,14,0,0,59,2965.4163440895786,0.2,-7.276666666666667
36.93333333333333,200,AV,1,0,4,3,3,0,0,59,9280.176126726552,0.8,-29.546666666666667
43.75,203,AV,1,2,8,5,15,0,0,66,4376.119511966378,0.2,-8.75
31.766666666666666,291,AV,1,0,5,0,5,0,0,54,5911.733280178027,0.4,-12.706666666666667
42.083333333333336,77,AV,2,3,1,8,5,0,0,64,857.6590975250949,1.0,-42.083333333333336
19.383333333333333,44,AV,1,0,6,1,1,0,0,38,742.4887258523852,0.6,-11.629999999999999
38.4,71,AV,1,2,8,5,5,0,0,60,2780.081336731352,1.0,-38.4
43.766666666666666,267,AV,1,2,8,5,1,0,0,70,2744.8905386527767,0.3,-13.129999999999999
32.21666666666667,129,AV,1,1,9,1,0,0,0,55,1046.6558973464134,0.7,-22.551666666666666
36.766666666666666,135,AV,1,0,6,1,0,0,0,59,2456.6540037696086,0.9,-33.09
28.566666666666666,128,AV,2,0,2,0,12,0,0,43,8326.33528790118,0.1,-2.856666666666667
14.033333333333333,228,AV,1,0,6,1,2,0,0,24,2927.9701715656583,0.4,-5.613333333333333
35.4,78,AV,1,0,6,1,5,0,0,57,802.5586880039084,0.1,-3.54
44.93333333333333,116,AV,1,0,4,3,5,0,0,72,2052.607856914241,0.1,-4.493333333333333
39.1,249,AV,1,0,6,1,1,0,0,61,4504.939201911708,0.5,-19.55
25.033333333333335,45,AV,2,1,3,5,6,0,0,36,3667.3634505223554,0.1,-2.503333333333334
46.7,112,AV,1,2,8,5,5,0,0,85,3427.0421228311798,0.4,-18.680000000000003
18.533333333333335,47,AV,0,8,4,7,4,0,0,52,2239.257430619588,0.4,-7.413333333333334
37.46666666666667,208,AV,2,3,3,4,1,0,0,55,2756.9260540590044,0.1,-3.746666666666667
45.05,262,AV,1,1,4,4,10,0,0,75,2964.6777926145683,0.1,-4.505
23.283333333333335,190,AV,2,0,1,6,0,0,0,32,506.5869000089976,0.2,-4.656666666666667
35.03333333333333,101,AV,1,2,8,5,1,0,0,56,1530.6528609905624,0.3,-10.51
45.733333333333334,89,AV,1,2,9,7,1,0,0,75,1564.487892525026,0.2,-9.146666666666667
34.6,179,AV,1,1,5,5,0,0,0,56,979.573716991658,0.3,-10.38
32.3,243,AV,2,0,1,3,5,0,0,46,4459.768546990965,0.2,-6.46
37.333333333333336,240,AV,1,2,8,5,2,0,0,59,2417.357356239525,0.1,-3.733333333333334
33.2,268,AV,1,3,4,6,6,0,0,55,670.158540600369,0.6,-19.92
6.533333333333333,297,AV,0,4,8,7,4,0,0,23,1249.5878531833848,0.4,-2.6133333333333333
37.96666666666667,59,AV,2,3,3,4,3,0,0,55,6020.57275324985,0.4,-15.186666666666667
16.783333333333335,145,AV,0,7,8,2,5,0,0,48,2645.062412614309,0.1,-1.6783333333333337
35.083333333333336,215,AV,1,2,6,6,4,0,0,56,13460.811009378149,0.6,-21.05
17.633333333333333,118,AV,1,0,6,1,6,0,0,36,863.5619359671642,0.4,-7.053333333333334
35.983333333333334,193,AV,2,3,1,8,3,0,0,50,3257.969850357721,0.1,-3.5983333333333336
15.366666666666667,28,AV,1,3,4,6,15,0,0,25,3323.1633986738134,0.5,-7.683333333333334
18.666666666666668,159,AV,1,1,5,5,7,0,0,36,497.26542980048754,0.2,-3.733333333333334
32.18333333333333,293,AV,1,2,8,5,1,0,0,54,1507.5005543882637,0.1,-3.2183333333333333
15.25,105,AV,1,1,4,4,1,0,0,28,969.457736312404,0.1,-1.5250000000000001
12.5,24,AV,1,1,5,7,6,0,0,17,837.3801312568858,0.1,-1.25
30.583333333333332,187,AV,2,3,1,8,6,0,0,40,388.2787303527966,0.6,-18.349999999999998
24.266666666666666,26,AV,1,0,7,3,0,0,0,42,3024.224513765153,0.2,-4.8533333333333335
18.1,154,AV,1,0,4,3,1,0,0,37,2421.832203454489,0.2,-3.6200000000000006
47.7,197,AV,1,2,8,5,0,0,0,79,1659.6531244520008,0.2,-9.540000000000001
34.7,199,AV,1,1,7,3,0,0,0,57,2533.2754137277425,0.1,-3.4700000000000006
40.9,172,AV,1,1,5,5,0,0,0,63,597.1498506777683,0.1,-4.09
16.95,284,AV,1,1,4,4,5,0,0,32,5009.92015912814,0.3,-5.085
32.916666666666664,239,AV,1,2,8,5,0,0,0,55,2108.868816674547,0.6,-19.749999999999996
25.033333333333335,166,AV,2,3,3,4,10,0,0,24,1541.4014724042315,0.6,-15.02
30.733333333333334,97,AV,1,0,6,1,0,0,0,54,2239.194506681481,0.1,-3.0733333333333337
22.033333333333335,290,AV,1,3,7,7,2,0,0,41,7864.29237148983,0.1,-2.2033333333333336
38.2,275,AV,1,2,8,5,2,0,0,60,2472.005569054355,0.5,-19.1
45.81666666666667,2,AV,2,3,3,4,15,0,0,70,4662.282088415262,1.0,-45.81666666666667
24.9,25,AV,2,1,3,5,0,0,0,36,4968.170350229253,0.1,-2.49
29.816666666666666,108,AV,2,0,2,0,13,0,0,46,6248.181898567973,0.2,-5.963333333333334
41.916666666666664,73,AV,2,3,3,4,10,0,0,60,539.5213747330826,0.6,-25.15
18.7,241,AV,1,3,4,6,8,0,0,35,457.16351791608827,0.3,-5.609999999999999
32.56666666666667,222,AV,1,0,4,3,10,0,0,51,1205.4292211271013,0.2,-6.5133333333333345
29.2,29,AV,1,0,6,1,1,0,0,50,3971.0791127863904,0.6,-17.52
45.96666666666667,255,AV,1,2,8,5,0,0,0,83,776.0711537761008,0.1,-4.596666666666667
17.1,109,AV,1,1,4,4,4,0,0,26,1454.957177165027,0.6,-10.26
20.1,184,AV,1,1,5,5,8,0,0,37,419.7646265090227,0.2,-4.0200000000000005
12.733333333333333,272,AV,1,2,8,5,0,0,0,18,1434.4967426379471,0.8,-10.186666666666667
33.78333333333333,287,AV,1,2,8,5,1,0,0,55,1447.5744631551047,0.4,-13.513333333333334
39.1,258,AV,1,2,8,5,5,0,0,60,8975.220492497892,0.1,-3.91
20.783333333333335,119,AV,1,0,6,1,2,0,0,39,4635.813442599864,0.2,-4.156666666666667
18.7,100,AV,1,2,8,5,0,0,0,37,1639.6236094811811,0.1,-1.87
38.45,52,AV,1,0,4,3,2,0,0,60,1475.2077210572677,0.3,-11.535
10.083333333333334,80,AV,0,8,7,4,8,0,0,33,1038.299283744561,0.1,-1.0083333333333335
19.116666666666667,140,AV,1,1,5,5,2,0,0,38,5307.329693361759,0.2,-3.8233333333333337
23.75,253,AV,1,0,4,3,2,0,0,43,3508.846318545673,0.4,-9.5
38.93333333333333,283,AV,1,0,6,1,3,0,0,59,2966.188350320237,0.4,-15.573333333333332
41.583333333333336,127,AV,2,3,3,4,7,0,0,65,870.7377108213431,0.2,-8.316666666666668
28.35,149,AV,1,0,6,1,0,0,0,48,6563.608435155774,0.1,-2.8350000000000004
33.266666666666666,41,AV,1,2,8,5,0,0,0,54,449.0833195935783,0.5,-16.633333333333333
22.05,130,AV,2,3,1,8,1,0,0,14,4705.31956239884,0.1,-2.205
19.166666666666668,285,AV,1,1,4,4,3,0,0,38,676.2529471816457,0.3,-5.75
21.85,178,AV,1,2,4,6,12,0,0,41,981.8973671489576,0.2,-4.37
13.466666666666667,227,AV,1,2,8,5,1,0,0,25,3046.5766145774583,0.1,-1.3466666666666667
35.28333333333333,237,AV,1,1,5,5,5,0,0,57,2011.9739719035176,0.1,-3.5283333333333333
45.016666666666666,280,AV,2,0,2,0,13,0,0,69,567.550811201735,0.6,-27.009999999999998
25.466666666666665,106,AV,2,3,3,4,2,0,0,41,4967.653125719208,0.2,-5.093333333333334
38.38333333333333,181,AV,1,2,8,5,7,0,0,59,5670.319740923212,0.4,-15.353333333333333
23.2,218,AV,1,1,4,4,8,0,0,41,3032.1279287666234,0.1,-2.32
18.75,121,AV,1,2,7,2,3,0,0,36,4113.319853961603,0.1,-1.875
49.25,192,AV,2,0,2,0,23,0,0,71,1141.0395517097602,0.1,-4.925000000000001
22.266666666666666,133,AV,1,1,9,2,2,0,0,40,2360.1328348572283,0.6,-13.36
16.716666666666665,82,AV,1,1,5,7,4,0,0,28,623.7253316558669,0.2,-3.3433333333333333
40.28333333333333,171,AV,1,0,6,1,6,0,0,60,1592.2311391495805,0.7,-28.19833333333333
33.68333333333333,221,AV,2,0,1,6,1,0,0,47,1150.2916000513435,0.8,-26.946666666666665
21.716666666666665,92,AV,1,3,4,2,2,0,0,40,3225.188153267811,0.8,-17.37333333333333
25.966666666666665,31,AV,1,0,4,3,13,0,0,46,5825.994272151124,0.8,-20.773333333333333
35.81666666666667,161,AV,1,0,6,1,8,0,0,57,2667.9339807116767,0.6,-21.490000000000002
32.483333333333334,164,AV,1,1,7,3,1,0,0,53,5200.876525735832,0.2,-6.496666666666667
40.416666666666664,8,AV,1,3,7,2,2,0,0,62,5862.8833826120845,1.0,-40.416666666666664
27.0,167,AV,1,0,4,3,6,0,0,47,586.8516376274475,0.5,-13.5
30.55,180,AV,1,1,5,0,2,0,0,50,1823.811293294481,0.1,-3.055
21.5,261,AV,1,3,7,7,3,0,0,40,1485.5718097438446,0.3,-6.45
23.1,176,AV,1,0,7,3,2,0,0,42,1799.695682844959,0.1,-2.31
43.016666666666666,74,AV,2,3,3,4,11,0,0,70,3773.692032315799,0.2,-8.603333333333333
40.8,256,AV,1,0,4,3,3,0,0,63,2164.09247058771,0.4,-16.32
23.566666666666666,170,AV,1,3,7,7,5,0,0,42,1265.4739572733297,0.3,-7.069999999999999
41.88333333333333,183,AV,1,2,8,5,5,0,0,64,2891.134206742707,0.1,-4.1883333333333335
42.93333333333333,250,AV,1,1,5,5,1,0,0,65,6081.635477498837,0.1,-4.293333333333333
24.016666666666666,62,AV,1,1,5,5,2,0,0,42,5611.673516276995,0.6,-14.409999999999998
18.566666666666666,281,AV,0,4,8,7,4,0,0,52,583.3206434887895,0.5,-9.283333333333333
14.416666666666666,266,AV,1,1,7,5,1,0,0,30,632.5893922142865,0.6,-8.649999999999999
22.166666666666668,69,AV,1,0,4,3,7,0,0,41,5304.212874057136,0.1,-2.216666666666667
44.983333333333334,70,AV,2,0,2,0,7,0,0,68,2857.6088215719105,0.3,-13.495
24.283333333333335,35,AV,1,0,4,3,5,0,0,44,9030.678864893336,0.4,-9.713333333333335
23.766666666666666,220,AV,1,3,4,2,3,0,0,42,6031.594525491932,0.2,-4.753333333333333
37.983333333333334,134,AV,2,1,2,4,4,0,0,59,3245.380745418587,0.5,-18.991666666666667
29.483333333333334,7,AV,1,3,7,2,5,0,0,49,1822.2981036688468,0.2,-5.896666666666667
45.11666666666667,94,AV,1,3,5,1,1,0,0,76,1564.4426034616197,0.6,-27.07
41.516666666666666,254,AV,1,2,9,7,11,0,0,62,13351.937436366714,0.2,-8.303333333333333
40.21666666666667,19,AV,1,0,4,3,1,0,0,61,12197.400506638176,0.6,-24.13
32.916666666666664,276,AV,2,0,2,0,6,0,0,52,2123.4400354784907,0.2,-6.583333333333333
27.716666666666665,67,AV,1,1,4,4,6,0,0,48,3301.717979419838,0.4,-11.086666666666666
46.4,295,AV,1,0,6,1,9,0,0,72,1927.298426803608,0.3,-13.92
38.18333333333333,152,AV,1,2,8,5,7,0,0,59,892.1845339920479,0.1,-3.8183333333333334
13.833333333333334,9,AV,1,1,5,5,12,0,0,19,3824.993837156676,1.0,-13.833333333333334
40.4,219,AV,1,1,4,4,3,0,0,61,5557.427333357366,0.1,-4.04
42.266666666666666,30,AV,1,0,4,3,9,0,0,64,6007.794801579103,0.4,-16.906666666666666
20.916666666666668,292,AV,1,2,8,5,9,0,0,38,3958.913906791885,0.8,-16.733333333333334
37.333333333333336,163,AV,1,0,6,1,15,0,0,59,1167.011530479414,0.8,-29.86666666666667
22.333333333333332,296,AV,1,3,7,7,3,0,0,41,1068.5648373754009,0.4,-8.933333333333334
18.2,39,AV,1,2,8,5,6,0,0,36,2838.632091159661,0.4,-7.28
18.733333333333334,185,AV,1,0,6,8,2,0,0,37,1579.1767070066765,0.3,-5.62
27.166666666666668,38,AV,1,1,4,7,9,0,0,46,1832.3133019091129,0.1,-2.716666666666667
30.866666666666667,150,AV,1,1,5,5,6,0,0,53,7658.5640246764915,0.1,-3.086666666666667
40.016666666666666,53,AV,2,0,2,0,5,0,0,56,2942.323800284961,0.3,-12.004999999999999
26.433333333333334,177,AV,1,2,6,0,0,0,0,47,3863.855435177377,0.3,-7.93
10.116666666666667,43,AV,0,6,1,1,1,0,0,28,4164.701887555128,0.2,-2.0233333333333334
32.5,11,AV,2,0,3,4,4,0,0,48,1089.3140785512585,0.6,-19.5
8.533333333333333,76,AV,0,6,4,6,9,0,0,23,3941.04555698938,0.3,-2.56
43.71666666666667,54,AV,2,3,3,4,6,0,0,65,2131.3254046090938,1.0,-43.71666666666667
13.883333333333333,242,AV,1,0,5,4,10,0,0,25,2361.523720441912,0.5,-6.941666666666666
17.05,143,AV,1,3,7,7,0,0,0,31,1682.490559712908,0.2,-3.41
25.5,123,AV,1,3,4,6,2,0,0,44,7572.106998522375,0.1,-2.5500000000000003
12.616666666666667,148,AV,1,1,5,7,5,0,0,17,914.1934345695068,0.1,-1.2616666666666667
16.966666666666665,229,AV,1,0,4,5,5,0,0,34,6254.49597505133,0.6,-10.179999999999998
19.6,273,AV,1,1,5,7,2,0,0,38,13430.196447392702,0.7,-13.72
47.71666666666667,158,AV,1,0,4,3,8,0,0,85,9095.945853089892,0.1,-4.771666666666667
49.65,90,AV,1,0,4,3,7,0,0,83,4549.115907877681,0.5,-24.825
28.65,232,AV,1,0,6,8,5,0,0,49,743.7818724069466,0.5,-14.325
44.1,138,AV,1,1,5,7,3,0,0,66,1848.7234685638712,0.5,-22.05
36.35,111,AV,1,2,8,5,2,0,0,58,1830.3424648913517,0.6,-21.81
35.833333333333336,95,AV,1,0,4,3,10,0,0,57,4925.450001742355,0.1,-3.583333333333334
38.983333333333334,93,AV,1,3,7,7,2,0,0,61,1391.0507319816634,0.1,-3.8983333333333334
20.833333333333332,257,AV,1,1,5,0,3,0,0,39,1626.914224999384,0.3,-6.249999999999999
32.38333333333333,88,AV,1,0,4,3,3,0,0,54,8348.421721831439,0.8,-25.906666666666666
12.25,223,AV,1,3,4,2,5,0,0,11,1546.5147326922538,0.6,-7.35
41.95,36,AV,2,2,2,7,4,0,0,59,3065.2253709468137,0.8,-33.56
22.133333333333333,174,AV,0,7,3,4,10,0,0,55,8689.506535985933,0.3,-6.64
33.266666666666666,173,AV,1,0,4,3,6,0,0,55,5064.807770076448,0.1,-3.3266666666666667
29.316666666666666,195,AV,1,1,5,5,2,0,0,50,17693.100214811147,0.4,-11.726666666666667
39.56666666666667,278,AV,2,0,1,6,10,0,0,57,3236.647802754315,0.3,-11.870000000000001
25.483333333333334,245,AV,1,3,7,2,0,0,0,44,2909.8477340427667,0.4,-10.193333333333335
41.61666666666667,16,AV,1,0,6,1,0,0,0,63,1293.252850487379,0.6,-24.97
29.766666666666666,244,AV,2,3,3,4,9,0,0,46,1703.2333497257905,0.2,-5.953333333333333
16.766666666666666,214,AV,1,2,6,0,1,0,0,31,1411.5824788559885,0.3,-5.029999999999999
46.36666666666667,10,AV,2,3,3,4,1,0,0,76,591.6693204447811,0.1,-4.636666666666667
32.88333333333333,146,AV,1,2,8,5,5,0,0,54,2421.0391237858234,0.5,-16.441666666666666
32.516666666666666,274,AV,1,0,6,1,8,0,0,54,1474.807688008607,0.1,-3.251666666666667
30.633333333333333,236,AV,1,1,4,4,3,0,0,52,14312.770160915026,0.1,-3.0633333333333335
30.466666666666665,113,AV,1,2,8,5,0,0,0,51,2147.781038516846,0.1,-3.046666666666667
30.35,0,AV,1,1,5,7,6,0,0,50,3393.6426315430986,0.8,-24.28
44.96666666666667,136,AV,1,2,8,5,15,0,0,72,5913.041300376779,0.8,-35.973333333333336
24.766666666666666,27,AV,2,0,3,6,0,0,0,30,2035.9911412414244,0.5,-12.383333333333333
17.433333333333334,191,AV,1,2,6,0,1,0,0,35,859.2772315809713,0.6,-10.459999999999999
16.766666666666666,211,AV,1,2,9,7,4,0,0,34,1592.6375082496468,0.1,-1.6766666666666667
24.783333333333335,248,AV,1,0,7,1,0,0,0,43,7897.119961473183,0.3,-7.4350000000000005
40.25,6,AV,2,0,2,0,12,0,0,59,4549.070920567666,0.1,-4.025
46.18333333333333,210,AV,2,3,3,4,5,0,0,60,3001.8426729260827,0.1,-4.618333333333333
28.433333333333334,139,AV,1,3,4,7,6,0,0,48,2797.307504072895,0.2,-5.686666666666667
24.0,299,AV,1,2,8,5,8,0,0,43,1538.317647081207,0.1,-2.4000000000000004
22.733333333333334,3,AV,1,1,5,5,9,0,0,41,595.9176043698985,0.2,-4.546666666666667
36.8,48,AV,1,2,8,5,0,0,0,58,1097.8259349569896,0.3,-11.04
37.03333333333333,188,AV,2,3,1,8,1,0,0,54,2088.64210540395,0.1,-3.703333333333333
23.166666666666668,189,AV,1,0,6,1,1,0,0,40,978.4447105201264,0.1,-2.316666666666667
25.066666666666666,60,AV,1,0,4,3,3,0,0,45,1496.328062426438,0.2,-5.013333333333334
30.566666666666666,86,AV,2,3,3,4,6,0,0,44,832.4581618945489,0.8,-24.453333333333333
32.86666666666667,64,AV,1,1,4,4,4,0,0,55,1022.032321197676,0.2,-6.573333333333334
23.966666666666665,289,AV,0,4,8,7,7,0,0,55,465.3670128771111,0.4,-9.586666666666666
30.133333333333333,175,AV,1,0,6,8,4,0,0,51,541.9839687696077,0.1,-3.0133333333333336
37.61666666666667,66,AV,1,2,4,6,2,0,0,59,3387.2787239910285,0.8,-30.093333333333334
48.916666666666664,155,AV,1,0,7,3,1,0,0,83,2347.541384251396,0.1,-4.891666666666667
38.56666666666667,83,AV,1,0,4,3,4,0,0,59,7128.986247371214,0.6,-23.14
14.1,201,AV,1,2,4,3,8,0,0,25,4416.224882412617,0.3,-4.2299999999999995
41.56666666666667,212,AV,1,2,8,5,1,0,0,63,437.8567856598078,0.4,-16.62666666666667
44.96666666666667,259,AV,1,0,6,1,2,0,0,71,11515.391842589095,0.1,-4.496666666666667
31.55,126,AV,1,2,8,5,1,0,0,50,743.7553910389753,0.8,-25.240000000000002
8.3,115,AV,0,9,4,9,3,0,0,25,1587.6148581174584,0.6,-4.98
13.35,21,AV,1,3,7,7,11,0,0,24,763.1985099142711,0.1,-1.335
26.933333333333334,238,AV,2,0,2,0,13,0,0,42,3630.005597296026,0.1,-2.6933333333333334
20.2,165,AV,0,7,7,8,12,0,0,52,3520.054626539052,1.0,-20.2
40.233333333333334,51,AV,2,3,3,4,7,0,0,63,1588.8002265047048,0.5,-20.116666666666667
20.883333333333333,168,AV,1,3,4,2,5,0,0,37,491.8679742725259,0.3,-6.265
38.4,68,AV,2,1,3,5,0,0,0,58,8436.938288223368,0.8,-30.72
43.766666666666666,81,AV,1,1,5,5,3,0,0,70,861.805442805673,0.2,-8.753333333333334
28.333333333333332,23,AV,2,3,3,4,6,0,0,38,4843.3187157075145,0.6,-17.0
29.216666666666665,265,AV,1,0,6,1,0,0,0,49,2574.4307659940623,0.6,-17.529999999999998
39.81666666666667,12,AV,1,1,4,4,4,0,0,61,5480.041794665195,0.3,-11.945
12.6,196,AV,1,1,5,5,0,0,0,24,3352.9358316496982,0.1,-1.26
14.066666666666666,131,AV,1,1,5,5,6,0,0,25,881.2906222289953,0.1,-1.4066666666666667
45.88333333333333,286,AV,1,0,6,1,3,0,0,75,1348.5865378412918,0.2,-9.176666666666668
45.28333333333333,246,AV,2,0,2,0,18,0,0,66,566.7055292848979,0.4,-18.113333333333333
29.116666666666667,13,AV,1,3,7,7,0,0,0,47,904.859336063587,0.6,-17.47
13.233333333333333,85,AV,1,3,4,6,2,0,0,23,4343.557359248321,0.1,-1.3233333333333333
40.78333333333333,34,AV,1,3,7,7,6,0,0,61,3227.056348793521,0.3,-12.235
41.96666666666667,61,AV,1,1,4,7,11,0,0,63,4090.160813256426,0.2,-8.393333333333334
25.45,56,AV,0,4,8,7,5,0,0,60,3274.575105225111,0.1,-2.545
44.28333333333333,110,AV,1,1,4,4,2,0,0,72,649.7132696839626,0.3,-13.284999999999998
26.95,72,AV,1,2,8,5,5,0,0,47,3031.4508351358254,0.4,-10.780000000000001
20.25,224,AV,0,5,6,5,2,0,0,53,627.4062491148882,0.2,-4.05
44.016666666666666,84,AV,1,0,4,3,9,0,0,71,1005.9867386644172,0.4,-17.606666666666666
44.28333333333333,230,AV,2,0,1,6,1,0,0,63,1614.9493849180149,0.6,-26.569999999999997
40.31666666666667,270,AV,1,2,9,7,1,0,0,60,5985.732437913218,0.1,-4.031666666666667
35.93333333333333,204,AV,1,0,6,1,5,0,0,57,5051.78348307234,0.1,-3.5933333333333333
43.75,233,AV,1,2,8,5,3,0,0,68,2835.850686157305,0.4,-17.5
27.516666666666666,209,AV,1,3,4,6,8,0,0,47,1074.3823512953045,0.7,-19.261666666666663
28.0,79,AV,1,1,5,4,1,0,0,48,959.5289757906356,0.9,-25.2
33.4,202,AV,1,0,4,3,8,0,0,55,873.8892656114449,0.8,-26.72
33.45,63,AV,2,3,3,4,15,0,0,49,1530.0661682302475,0.1,-3.3450000000000006
45.86666666666667,107,AV,2,0,2,0,9,0,0,70,513.3463032142733,0.2,-9.173333333333334
23.833333333333332,198,AV,2,0,1,2,5,0,0,24,2619.168197182975,0.3,-7.1499999999999995
17.166666666666668,65,AV,1,2,8,5,0,0,0,35,1794.439334206041,0.7,-12.016666666666667
40.516666666666666,156,AV,1,1,4,4,8,0,0,62,1025.7249596144625,0.2,-8.103333333333333
22.233333333333334,282,AV,0,8,9,5,2,0,0,54,1596.1763216794554,0.1,-2.2233333333333336
31.883333333333333,288,AV,2,0,1,6,0,0,0,45,1552.9853059451273,0.1,-3.1883333333333335
11.733333333333333,235,AV,1,1,4,4,3,0,0,18,2648.588416164911,0.7,-8.213333333333333
31.083333333333332,114,AV,2,3,1,8,5,0,0,42,1122.7546975855585,0.7,-21.758333333333333
14.3,263,AV,1,1,5,0,2,0,0,29,15387.119225735782,0.6,-8.58
46.8,216,AV,1,2,9,7,1,0,0,78,898.3728471886773,0.1,-4.68
16.733333333333334,194,AV,1,1,4,4,4,0,0,30,932.0432837729122,0.4,-6.693333333333334
43.833333333333336,205,AV,2,0,1,6,1,0,0,54,1282.6858023855964,0.1,-4.383333333333334
27.933333333333334,153,AV,2,1,3,5,5,0,0,39,1240.6560786390864,0.6,-16.759999999999998
46.8,231,AV,1,0,4,3,3,0,0,77,1635.9686818612918,0.1,-4.68
39.06666666666667,15,AV,1,1,4,4,1,0,0,57,4304.4895651906745,0.3,-11.72
46.7,117,AV,1,2,8,5,3,0,0,92,5386.149373461946,0.2,-9.340000000000002
6.85,46,AV,0,5,6,5,6,0,0,21,3438.9188747307694,0.6,-4.109999999999999
34.85,102,AV,1,0,6,1,16,0,0,55,2344.9936519099742,0.5,-17.425
22.65,5,AV,1,0,4,3,1,0,0,41,4547.885280126284,0.1,-2.265
21.45,49,AV,1,0,4,3,1,0,0,37,7958.958807233507,0.1,-2.145
42.5,37,AV,1,1,5,5,2,0,0,67,6130.868263041086,0.3,-12.75
16.8,182,AV,1,1,5,5,3,0,0,27,4381.240268036911,0.2,-3.3600000000000003
41.0,251,AV,1,0,4,3,6,0,0,61,1297.4303329633815,0.7,-28.7
43.016666666666666,252,AV,1,1,5,5,16,0,0,67,3362.377553451843,0.1,-4.301666666666667
11.616666666666667,96,AV,0,4,0,9,9,0,0,37,1261.43865123121,0.1,-1.1616666666666668
26.2,17,AV,1,0,4,3,8,0,0,46,3898.759045987068,0.2,-5.24
27.25,104,AV,1,1,5,5,2,0,0,46,1020.7360413649084,0.6,-16.349999999999998
21.216666666666665,294,AV,2,3,3,4,3,0,0,23,6709.13861087917,0.2,-4.243333333333333
46.516666666666666,1,AV,1,1,5,5,7,0,0,72,5004.1281918097375,0.8,-37.21333333333333
32.28333333333333,169,AV,1,2,8,5,4,0,0,52,646.5589615252754,0.2,-6.456666666666667
16.116666666666667,87,AV,1,2,8,5,0,0,0,28,3849.958431883558,0.8,-12.893333333333334
23.216666666666665,213,AV,1,0,4,3,6,0,0,41,1294.2551843223837,0.3,-6.964999999999999
14.083333333333334,55,AV,1,3,4,6,2,0,0,27,571.0932451196882,0.4,-5.633333333333334
17.65,225,AV,1,0,4,1,10,0,0,32,1239.4416864014672,0.2,-3.53
33.88333333333333,40,AV,1,2,8,5,2,0,0,55,11861.36896338871,0.1,-3.3883333333333336
47.8,157,AV,2,0,2,0,11,0,0,80,761.8437659652793,0.1,-4.78
35.31666666666667,33,AV,1,1,4,4,8,0,0,56,3251.3322332141274,0.2,-7.063333333333334
42.666666666666664,206,AV,1,0,4,3,6,0,0,65,4754.245589533712,0.1,-4.266666666666667
45.9,75,AV,1,1,9,1,3,0,0,79,5844.130995646287,0.6,-27.54
21.766666666666666,226,AV,1,3,7,7,4,0,0,38,8333.728817076937,0.1,-2.1766666666666667
27.8,18,AV,1,1,4,4,2,0,0,47,1141.5133047894662,0.6,-16.68
16.95,269,AV,1,0,6,8,8,0,0,30,8987.822610831106,0.6,-10.17
