travel_time,id,kind,action,origin,destination,start_time,income,urgency,reward,observation,cost_table
15.733333333333333,102,AV,1,0,0,12,1783.933402668827,0.5,-3.543840766244471,"0.2250219298245614,0.27797391304347824,0.33640000000000003,0.5,0.12,0.08814235881001646","0,0,0"
25.05,156,AV,2,0,0,20,2753.3979495063454,0.1,-1.7417327938165144,"0.17229333333333333,0.25748205128205126,0.32398095238095237,0.1,0.2,0.13604262897318792","0,0,0"
34.45,212,AV,1,0,0,73,4113.319853961603,0.9,-32.205424765676646,"0.2212380952380952,0.27714536340852136,0.3491919191919191,0.9,0.73,0.20323500525627752","0,0,0"
28.066666666666666,251,AV,2,0,0,8,5654.280440205098,0.3,-12.02248517841589,"0.23829629629629634,0.30575603864734296,0.37883333333333336,0.3,0.08,0.2793723210896882","0,0,0"
32.31666666666667,49,AV,0,0,0,79,1068.5648373754009,0.3,-5.116094974331947,"0.21275,0.2653024691358025,0.335,0.3,0.79,0.052796716047137274","0,0,0"
5.4,27,AV,0,0,0,1,832.3173438658397,0.4,-2.953991278472276,"0.23088666666666668,0.30811025641025636,0.34937999999999997,0.4,0.01,0.04112396452528438","0,0,0"
39.8,99,AV,1,0,0,89,1718.6657268339234,0.3,-5.182037570302284,"0.20739999999999997,0.299884328358209,0.33670967741935487,0.3,0.89,0.0849175484591763","0,0,0"
22.4,7,AV,1,0,0,32,610.4868582393152,0.2,-0.6906517992202353,"0.20492261904761908,0.25021159420289857,0.3337820512820513,0.2,0.32,0.03016354289191967","0,0,0"
26.433333333333334,110,AV,1,0,0,48,1880.1756700095973,0.1,-1.2550330861259351,"0.20971717171717175,0.2766511627906977,0.34653571428571434,0.1,0.48,0.09289759263654204","0,0,0"
25.483333333333334,286,AV,1,0,0,38,8987.033628468456,0.6,-34.69993539880876,"0.2106590909090909,0.30108582089552244,0.34422916666666664,0.6,0.38,0.4440403108844108","0,0,0"
18.916666666666668,76,AV,0,0,0,38,1411.5824788559885,0.2,-3.8486078396477668,"0.20759027777777778,0.2657701612903226,0.33893693693693694,0.2,0.38,0.06974487341013964","0,0,0"
20.616666666666667,165,AV,0,0,0,41,2872.269398564857,0.1,-3.9953692112898684,"0.2445,0.2686731266149871,0.3510591397849463,0.1,0.41,0.1419159479544386","0,0,0"
31.5,152,AV,1,0,0,63,2645.062412614309,0.3,-6.312080757375056,"0.2016666666666667,0.2670761154855643,0.344212643678161,0.3,0.63,0.13068987883670405","0,0,0"
39.88333333333333,238,AV,2,0,0,78,4735.166802079286,0.3,-14.307139087595623,"0.22632098765432102,0.2855103359173127,0.3358653846153846,0.3,0.78,0.2339598387864436","0,0,0"
32.46666666666667,200,AV,1,0,0,66,3628.2404526711953,0.2,-5.949337038555126,"0.22964285714285712,0.26966944444444446,0.36506666666666676,0.2,0.66,0.1792677189349818","0,0,0"
28.033333333333335,296,AV,1,0,0,45,13748.957190518822,0.2,-19.466116156946683,"0.22103645833333332,0.25940641025641026,0.34973809523809524,0.2,0.45,0.6793221743240372","0,0,0"
28.15,159,AV,1,0,0,52,2815.231094880572,0.3,-6.003693584915766,"0.2204090909090909,0.2708592592592593,0.3226555555555556,0.3,0.52,0.1390977426213619","0,0,0"
19.95,191,AV,1,0,0,28,3386.12741774329,0.1,-1.7058899490903696,"0.2080277777777778,0.2651727272727273,0.3460119047619048,0.1,0.28,0.16730515689916173","0,0,0"
21.85,144,AV,1,0,0,31,2421.832203454489,0.3,-4.00886618526368,"0.2410297619047619,0.2923236914600551,0.36039047619047615,0.3,0.31,0.119660298268526","0,0,0"
28.283333333333335,113,AV,1,0,0,51,1900.764377468582,0.1,-1.3575745574765086,"0.21430303030303027,0.2488529411764706,0.30947916666666664,0.1,0.51,0.09391486000625965","0,0,0"
44.38333333333333,35,AV,2,0,0,84,913.5589076746268,0.3,-3.0717264787090035,"0.23144202898550728,0.28106218905472635,0.3402261904761905,0.3,0.84,0.04513802864718944","0,0,0"
17.033333333333335,209,AV,0,0,0,36,3941.04555698938,0.1,-4.19518037005183,"0.22632575757575762,0.28716783216783215,0.35167333333333334,0.1,0.36,0.19472310516250035","0,0,0"
19.45,257,AV,2,0,0,6,5849.7981009167725,0.1,-2.873196289465435,"0.21853968253968253,0.2867649253731343,0.34288690476190475,0.1,0.06,0.28903265245540044","0,0,0"
23.7,239,AV,0,0,0,56,4754.245589533712,0.1,-5.345343951311842,"0.2119347826086957,0.281204834605598,0.35559999999999997,0.1,0.56,0.234902502524312","0,0,0"
38.38333333333333,77,AV,2,0,0,57,1434.4967426379471,0.1,-1.3904233999558888,"0.2037407407407407,0.299662962962963,0.3345476190476191,0.1,0.57,0.07087704418350775","0,0,0"
37.35,45,AV,1,0,0,81,985.8695826897422,0.3,-2.789562796474384,"0.23996913580246915,0.2852447916666667,0.35590476190476195,0.3,0.81,0.04871082651814225","0,0,0"
39.03333333333333,118,AV,1,0,0,83,2043.1688306873104,0.2,-4.0278631325502365,"0.174725,0.2634718137254902,0.3366875,0.2,0.83,0.10095092110191003","0,0,0"
30.516666666666666,232,AV,1,0,0,55,4669.869929992837,0.1,-3.598708687633369,"0.19833333333333333,0.275593984962406,0.3637916666666666,0.1,0.55,0.23073358587812023","0,0,0"
35.6,108,AV,1,0,0,74,1838.9541098615327,0.2,-3.306402338942958,"0.1911491228070175,0.3001318407960199,0.37443750000000003,0.2,0.74,0.09086087672559844","0,0,0"
42.95,249,AV,1,0,0,90,5502.789496653042,0.4,-23.873213018307897,"0.17711666666666667,0.23641475826972005,0.3307393162393162,0.4,0.9,0.27188730562719554","0,0,0"
27.533333333333335,268,AV,1,0,0,47,6446.254396158338,0.3,-13.445975078855524,"0.2088405797101449,0.246737037037037,0.3384166666666667,0.3,0.47,0.31850295931272143","0,0,0"
7.266666666666667,63,AV,0,0,0,1,1249.5878531833848,0.3,-3.187904424227217,"0.22258928571428577,0.2878708920187794,0.3306470588235294,0.3,0.01,0.06174088155709868","0,0,0"
18.183333333333334,208,AV,1,0,0,23,3919.41152379869,0.3,-5.3990883490711745,"0.19872,0.27703435114503816,0.3333611111111111,0.3,0.23,0.1936541892976206","0,0,0"
36.8,0,AV,1,0,0,77,491.0984231068265,0.9,-4.107368629620729,"0.2362450980392157,0.31258582089552234,0.3479712643678161,0.9,0.77,0.024264680147676444","0,0,0"
13.166666666666666,237,AV,1,0,0,2,4705.31956239884,0.4,-6.257916589722364,"0.20859195402298847,0.27858333333333335,0.34888888888888886,0.4,0.02,0.23248511663287746","0,0,0"
29.3,221,AV,1,0,0,51,4266.216809230351,0.3,-9.469708523518884,"0.2017727272727273,0.2761988095238095,0.3640238095238096,0.3,0.51,0.2107894903464134","0,0,0"
45.666666666666664,82,AV,2,0,0,90,1460.8215047913693,0.3,-5.053852175667111,"0.24320454545454542,0.29322391857506364,0.36700900900900907,0.3,0.9,0.07217772425813608","0,0,0"
42.4,175,AV,2,0,0,87,2996.640782499388,0.1,-3.2085244741912646,"0.21405797101449278,0.26625995024875626,0.3188080808080809,0.1,0.87,0.14806101319737625","0,0,0"
34.95,101,AV,1,0,0,76,1751.9448432672848,0.6,-9.277344283665393,"0.21416666666666667,0.2639152777777778,0.3396225490196078,0.6,0.76,0.08656183619837181","0,0,0"
22.816666666666666,67,AV,2,0,0,9,1293.252850487379,0.1,-0.7451444243759351,"0.1916904761904762,0.25582113821138214,0.3331805555555556,0.1,0.09,0.06389832524532672","0,0,0"
13.166666666666666,192,AV,1,0,0,4,3387.2787239910285,0.1,-1.1262416632798453,"0.2161133333333333,0.2793884408602151,0.3313563218390805,0.1,0.04,0.16736204178524355","0,0,0"
25.9,88,AV,0,0,0,58,1526.0895405694364,0.1,-3.498124219715869,"0.28273333333333334,0.28504010025062665,0.385578125,0.1,0.58,0.07540255239340664","0,0,0"
10.316666666666666,298,AV,0,0,0,12,19040.472291926453,0.1,-7.460459742719896,"0.22217333333333336,0.2779934895833333,0.3415959595959596,0.1,0.12,0.9407706241479663","0,0,0"
31.816666666666666,169,AV,1,0,0,65,2949.689674384749,0.1,-2.3699316449496997,"0.1844242424242424,0.2437027972027972,0.3374066666666667,0.1,0.65,0.14574120607241453","0,0,0"
28.683333333333334,274,AV,2,0,0,28,7592.14370769901,0.3,-16.497574900189388,"0.18232575757575756,0.22804871794871798,0.30778645833333335,0.3,0.28,0.37512020001424035","0,0,0"
19.133333333333333,37,AV,1,0,0,22,932.0432837729122,0.2,-0.9006613550263495,"0.26967592592592593,0.2742438016528926,0.34832380952380954,0.2,0.22,0.04605132311658888","0,0,0"
43.166666666666664,228,AV,2,0,0,97,4549.115907877681,0.1,-4.958842677358246,"0.19242222222222222,0.2704656488549618,0.32775,0.1,0.97,0.22476725085176577","0,0,0"
18.183333333333334,36,AV,1,0,0,20,921.9548251796884,0.1,-0.4233386844575085,"0.23011904761904767,0.2670959595959596,0.3442972972972973,0.1,0.2,0.04555286250374671","0,0,0"
27.25,270,AV,0,0,0,68,7130.271245067938,0.1,-7.406562914851043,"0.20211805555555562,0.29018589743589746,0.33591666666666664,0.1,0.68,0.3522995452382328","0,0,0"
39.86666666666667,39,AV,1,0,0,89,948.3478854920526,0.2,-1.9094681330782741,"0.20447916666666666,0.2792741935483871,0.3296145833333333,0.2,0.89,0.04685691712185437","0,0,0"
19.883333333333333,59,AV,1,0,0,25,1205.4292211271013,0.2,-1.2105025764348754,"0.2140438596491228,0.2806441798941799,0.3170428571428571,0.2,0.25,0.059559047871243866","0,0,0"
18.55,123,AV,1,0,0,20,2105.159940183184,0.2,-1.9722584288079832,"0.22202,0.29339382716049384,0.3388095238095238,0.2,0.2,0.10401383959877876","0,0,0"
29.783333333333335,285,AV,1,0,0,53,8975.220492497892,0.1,-6.75030261788457,"0.24428571428571433,0.27892799999999995,0.35257575757575765,0.1,0.53,0.44345663569349214","0,0,0"
36.35,280,AV,1,0,0,76,8333.728817076937,0.1,-7.649773800523906,"0.20958333333333332,0.2613579234972678,0.3287598039215686,0.1,0.76,0.4117611759055859","0,0,0"
42.0,151,AV,1,0,0,98,2629.980017260476,0.9,-25.104354710213634,"0.21259876543209877,0.2968974358974359,0.3528484848484848,0.9,0.98,0.1299446728211638","0,0,0"
16.95,104,AV,1,0,0,18,1804.2001824470888,0.2,-1.5445047016403108,"0.19057407407407412,0.266529197080292,0.3603181818181818,0.2,0.18,0.08914372005616313","0,0,0"
24.166666666666668,147,AV,1,0,0,37,2476.7926805910606,0.1,-1.5115106847041408,"0.2265092592592593,0.2912535714285715,0.33686458333333336,0.1,0.37,0.12237584027749006","0,0,0"
30.683333333333334,260,AV,1,0,0,62,5899.132481879994,0.2,-9.141669107021103,"0.1855535714285714,0.26029669030732866,0.32561666666666667,0.2,0.62,0.29147021469961026","0,0,0"
26.866666666666667,288,AV,1,0,0,44,9095.945853089892,0.4,-24.684620732627792,"0.25105833333333333,0.2675971128608924,0.34743939393939394,0.4,0.44,0.44942155458275634","0,0,0"
5.133333333333334,80,AV,0,0,0,0,1454.957177165027,0.1,-2.6886055600028738,"0.2453571428571429,0.30627654320987646,0.3497569444444445,0.1,0.0,0.07188797371641335","0,0,0"
33.78333333333333,96,AV,0,0,0,87,1653.1781197118603,0.1,-3.9103501888282577,"0.23314444444444443,0.2977913580246913,0.36164166666666664,0.1,0.87,0.08168187152419273","0,0,0"
41.13333333333333,217,AV,1,0,0,91,4223.122456076251,0.2,-8.773288065316658,"0.23283333333333334,0.27048046875,0.32229166666666664,0.2,0.91,0.20866024161284988","0,0,0"
38.266666666666666,120,AV,2,0,0,61,2046.5713793034688,0.1,-1.977663252054194,"0.24088541666666663,0.2825735294117648,0.3356071428571428,0.1,0.61,0.10111903761374018","0,0,0"
37.11666666666667,71,AV,2,0,0,57,1342.087988935639,0.3,-3.7737751911106923,"0.22843055555555553,0.2747348484848485,0.31493333333333334,0.3,0.57,0.06631122041798494","0,0,0"
20.116666666666667,215,AV,1,0,0,28,4159.866430607663,0.3,-6.339594421393243,"0.250047619047619,0.31931985294117654,0.3735833333333333,0.3,0.28,0.20553482488742356","0,0,0"
31.516666666666666,167,AV,1,0,0,65,2898.378436294527,0.3,-6.920244473526452,"0.23273333333333335,0.29239523809523815,0.3408333333333334,0.3,0.65,0.14320596930182183","0,0,0"
27.616666666666667,227,AV,2,0,0,22,4547.885280126284,0.1,-3.1716523186739285,"0.21923809523809523,0.2691583333333334,0.37297619047619046,0.1,0.22,0.2247064467698068","0,0,0"
16.3,68,AV,1,0,0,15,1294.2551843223837,1.0,-5.327363511225974,"0.19300833333333334,0.2359078590785908,0.3214594594594594,1.0,0.15,0.06394784955402583","0,0,0"
27.133333333333333,279,AV,0,0,0,65,8029.700924090037,0.2,-13.50366422930857,"0.18330128205128202,0.241441975308642,0.32962643678160913,0.2,0.65,0.39673946287985623","0,0,0"
24.5,204,AV,2,0,0,18,3783.636689084741,0.1,-2.34088633541859,"0.24117424242424237,0.29083458646616545,0.38328571428571434,0.1,0.18,0.18694569099783895","0,0,0"
39.75,258,AV,1,0,0,88,5862.8833826120845,0.4,-23.540365096851556,"0.18797101449275364,0.25033587786259537,0.32972580645161287,0.4,0.88,0.28967918308966784","0,0,0"
37.0,131,AV,2,0,0,59,2177.5877894542577,0.6,-12.20768912269811,"0.19638235294117648,0.2874891304347825,0.347847619047619,0.6,0.59,0.1075924269321053","0,0,0"
22.483333333333334,234,AV,0,0,0,44,4687.914961676448,0.1,-5.161615018224549,"0.23199999999999998,0.2798106060606061,0.34724747474747475,0.1,0.44,0.23162517278098077","0,0,0"
41.03333333333333,73,AV,2,0,0,78,1373.5659577718477,0.2,-2.846565141443004,"0.23395833333333332,0.292723880597015,0.36141025641025637,0.2,0.78,0.06786651526229966","0,0,0"
38.11666666666667,214,AV,2,0,0,52,4135.471393234625,0.2,-7.961130535629283,"0.18873809523809523,0.27019485294117646,0.31428787878787884,0.2,0.52,0.20432949057724065","0,0,0"
13.916666666666666,70,AV,1,0,0,4,1338.7213376931895,0.1,-0.47046814687450056,"0.21635999999999997,0.25396212121212125,0.34895,0.1,0.04,0.06614487755935793","0,0,0"
42.43333333333333,114,AV,1,0,0,96,1927.298426803608,0.4,-8.260777432057216,"0.24305797101449275,0.3216681034482759,0.3582285714285714,0.4,0.96,0.09522588075045987","0,0,0"
22.166666666666668,53,AV,2,0,0,7,1122.7546975855585,0.1,-0.6284780083286164,"0.21976388888888893,0.25398280423280417,0.3522777777777778,0.1,0.07,0.0554741826472708","0,0,0"
28.816666666666666,111,AV,0,0,0,71,1885.557658153182,0.3,-6.616324736044005,"0.18235714285714288,0.30587009803921567,0.3865416666666666,0.3,0.71,0.09316351126856799","0,0,0"
33.233333333333334,290,AV,1,0,0,72,10838.007207066395,0.1,-9.095532984381478,"0.21636309523809522,0.29228571428571426,0.34453448275862064,0.1,0.72,0.5354950574957825","0,0,0"
41.2,220,AV,1,0,0,93,4245.708624069837,0.4,-17.669009627442154,"0.2174236111111111,0.2911102564102564,0.35343434343434355,0.4,0.93,0.20977620150263931","0,0,0"
33.666666666666664,130,AV,1,0,0,72,2158.6935677652164,0.9,-16.51727654123385,"0.2771212121212121,0.3098845238095238,0.36316071428571434,0.9,0.72,0.10665888240344744","0,0,0"
39.15,129,AV,2,0,0,79,2142.030696222753,0.2,-4.235378876622262,"0.17448765432098767,0.2826679790026247,0.3515787037037037,0.2,0.79,0.10583558664582342","0,0,0"
31.933333333333334,138,AV,2,0,0,40,2283.7291705859197,0.9,-16.574337465312965,"0.2433086419753087,0.29387231182795703,0.3278908045977012,0.9,0.4,0.1128367660348439","0,0,0"
14.916666666666666,201,AV,1,0,0,9,3667.3634505223554,0.3,-4.14430591946655,"0.21070138888888887,0.29984848484848486,0.37924305555555554,0.3,0.09,0.1812007469892587","0,0,0"
32.61666666666667,143,AV,1,0,0,68,2421.0391237858234,0.6,-11.964579710224385,"0.22040666666666667,0.3123923076923077,0.3714047619047619,0.6,0.68,0.1196211129981477","0,0,0"
18.9,60,AV,1,0,0,25,1234.5997004771,0.5,-2.946203830683988,"0.20514999999999997,0.2601470588235294,0.3304950980392157,0.5,0.25,0.06100033197617807","0,0,0"
16.666666666666668,206,AV,1,0,0,17,3849.958431883558,0.6,-9.722117252231207,"0.21924074074074074,0.2805621890547264,0.342867816091954,0.6,0.17,0.19022258173935064","0,0,0"
13.166666666666666,30,AV,1,0,0,6,854.5785374972068,0.4,-1.136560681183154,"0.23425641025641028,0.2859558404558404,0.34894594594594586,0.4,0.06,0.04222386775802824","0,0,0"
38.81666666666667,235,AV,2,0,0,63,4689.4303597647895,0.2,-9.193336117754374,"0.22596666666666665,0.27414912280701753,0.346015625,0.2,0.63,0.2317000470794511","0,0,0"
42.983333333333334,103,AV,1,0,0,99,1794.439334206041,0.1,-1.9477521224399748,"0.2407857142857143,0.2979821882951654,0.3528214285714287,0.1,0.99,0.08866144634198442","0,0,0"
17.216666666666665,42,AV,0,0,0,38,959.5289757906356,0.8,-5.837351622867766,"0.21705882352941178,0.3143458646616541,0.3601166666666667,0.8,0.38,0.04740936357053375","0,0,0"
38.68333333333333,107,AV,1,0,0,82,1830.3424648913517,0.5,-8.939867131760998,"0.22375,0.2936510791366907,0.34868279569892463,0.5,0.82,0.09043538399152518","0,0,0"
39.233333333333334,287,AV,1,0,0,87,8987.822610831106,0.2,-17.80920406220238,"0.20264444444444446,0.2736829573934837,0.33662345679012345,0.2,0.87,0.4440792937110115","0,0,0"
21.516666666666666,119,AV,1,0,0,28,2044.1603053436156,0.2,-2.22138969208637,"0.181225,0.2701256218905473,0.32829032258064517,0.2,0.28,0.10099990886948945","0,0,0"
27.883333333333333,127,AV,1,0,0,50,2133.445027811215,0.5,-7.511055411464987,"0.22120238095238098,0.2772152230971129,0.35733333333333334,0.5,0.5,0.10541137738743885","0,0,0"
34.333333333333336,55,AV,2,0,0,39,1148.2139867956057,0.5,-4.977526962960749,"0.20066666666666666,0.29369743589743585,0.34877941176470595,0.5,0.39,0.05673210057248192","0,0,0"
37.766666666666666,84,AV,2,0,0,68,1474.5167950508735,0.6,-8.437512771679998,"0.2577361111111111,0.32182682291666675,0.374140350877193,0.6,0.68,0.07285439480326665","0,0,0"
32.083333333333336,26,AV,2,0,0,25,825.4433072334436,0.4,-2.6750477549231975,"0.2315493827160494,0.31116927083333334,0.3640297619047619,0.4,0.25,0.040784325275063815","0,0,0"
41.61666666666667,230,AV,1,0,0,95,4577.590037133467,0.1,-4.810708048283783,"0.18300925925925926,0.2816496350364963,0.35396190476190476,0.1,0.95,0.2261741289975035","0,0,0"
33.266666666666666,75,AV,1,0,0,72,1405.7852601227096,0.4,-4.723817136708634,"0.21597333333333335,0.31343229166666664,0.37163440860215047,0.4,0.72,0.0694584386514629","0,0,0"
19.166666666666668,92,AV,1,0,0,24,1567.0706205360798,0.1,-0.7584727330035741,"0.21840277777777775,0.2623853333333333,0.33289024390243904,0.1,0.24,0.07742738641996724","0,0,0"
8.716666666666667,203,AV,0,0,0,6,3773.073658575576,0.4,-5.822083372786239,"0.2404035087719298,0.2813406326034063,0.31450980392156863,0.4,0.06,0.1864237822629797","0,0,0"
42.93333333333333,172,AV,1,0,0,100,2968.817229463249,0.1,-3.2187176696537585,"0.23085,0.2609727011494253,0.3428737373737374,0.1,1.0,0.1466862793696381","0,0,0"
37.36666666666667,278,AV,0,0,0,99,8028.27043643778,0.1,-10.075497608793562,"0.17040555555555556,0.26126266666666664,0.3315809523809524,0.1,0.99,0.39666878392080435","0,0,0"
42.36666666666667,269,AV,1,0,0,92,6783.106781750961,0.1,-7.257010706738612,"0.216325,0.27597117794486214,0.3454358974358974,0.1,0.92,0.33514649757064985","0,0,0"
32.35,173,AV,1,0,0,67,2987.078671303881,0.1,-2.4402018943606203,"0.2532608695652174,0.30306000000000005,0.33815656565656566,0.1,0.67,0.14758855888113623","0,0,0"
35.166666666666664,233,AV,1,0,0,76,4679.48341028673,0.1,-4.155601850044192,"0.2124861111111111,0.2631357526881721,0.3306979166666666,0.1,0.76,0.23120857828995","0,0,0"
36.833333333333336,74,AV,1,0,0,79,1386.7650627050614,0.3,-3.8696348340633655,"0.21123484848484847,0.27663095238095237,0.357327380952381,0.3,0.79,0.0685186697885022","0,0,0"
36.416666666666664,241,AV,1,0,0,77,4950.077303955518,0.2,-9.104308846079801,"0.24955208333333334,0.2881955922865014,0.34496846846846835,0.2,0.77,0.24457835096861175","0,0,0"
30.433333333333334,291,AV,1,0,0,57,11185.875164713363,0.3,-25.789656629755807,"0.26806250000000004,0.3158320512820513,0.370412037037037,0.3,0.57,0.5526828641120808","0,0,0"
6.966666666666667,133,AV,0,0,0,2,2198.5025098873134,0.1,-2.886773589702398,"0.1830490196078431,0.2582980535279805,0.3102809523809524,0.1,0.02,0.10862580227563756","0,0,0"
43.05,10,AV,2,0,0,86,649.7132696839626,0.4,-2.8252683090802617,"0.20446527777777784,0.2642377260981913,0.3425720720720721,0.4,0.86,0.03210168050804979","0,0,0"
31.583333333333332,226,AV,1,0,0,58,4504.939201911708,0.3,-10.778863368210462,"0.2509551282051282,0.299970737913486,0.3643703703703703,0.3,0.58,0.2225845241521748","0,0,0"
13.666666666666666,13,AV,0,0,0,32,676.2529471816457,0.2,-2.966773919771843,"0.25767307692307695,0.30769487179487176,0.3696519607843138,0.2,0.32,0.033412979334117666","0,0,0"
21.783333333333335,266,AV,1,0,0,30,6130.868263041086,0.3,-10.117480833074117,"0.23585714285714288,0.2856564885496183,0.34337280701754386,0.3,0.3,0.3029200470429381","0,0,0"
30.866666666666667,136,AV,2,0,0,35,2276.662146114732,0.1,-1.7745699893116516,"0.2753833333333333,0.30884541062801935,0.3634375,0.1,0.35,0.1124875914492194","0,0,0"
35.45,219,AV,0,0,0,98,4237.057085974603,0.2,-10.0860441261515,"0.22982716049382718,0.2848115384615385,0.3466666666666666,0.2,0.98,0.20934873768929974","0,0,0"
36.96666666666667,244,AV,1,0,0,78,5370.167679594476,0.4,-20.05224227835109,"0.23109259259259257,0.2784708333333333,0.35285585585585594,0.4,0.78,0.26533459476493776","0,0,0"
21.133333333333333,205,AV,1,0,0,27,3803.247088152212,0.3,-6.0890370047689455,"0.21974999999999997,0.27655852417302795,0.3413218390804598,0.3,0.27,0.18791462113190488","0,0,0"
24.716666666666665,157,AV,1,0,0,38,2758.442965787371,0.3,-5.165114795786201,"0.2849583333333333,0.3294117647058824,0.38915151515151514,0.3,0.38,0.13629189816371895","0,0,0"
33.85,125,AV,1,0,0,51,2113.1349678504243,0.2,-3.612607003118024,"0.23295098039215684,0.2831724537037037,0.379419540229885,0.2,0.51,0.10440787771091574","0,0,0"
33.61666666666667,117,AV,0,0,0,96,2022.4315636845977,0.3,-7.650561191858375,"0.2414252873563218,0.28699487179487176,0.34043010752688174,0.3,0.96,0.09992631355425287","0,0,0"
42.46666666666667,86,AV,1,0,0,97,1490.1599361877834,0.1,-1.598033466921916,"0.22836419753086418,0.25245769230769227,0.315479797979798,0.1,0.97,0.0736273067051025","0,0,0"
39.05,210,AV,1,0,0,87,4021.28082322038,0.2,-7.930859401351306,"0.2741470588235294,0.3289032258064516,0.3892758620689656,0.2,0.87,0.19868744913115402","0,0,0"
26.916666666666668,58,AV,1,0,0,44,1200.7903182940884,0.1,-0.8161937559111754,"0.2073253968253968,0.2988535353535353,0.3777792792792792,0.1,0.44,0.05932984433854443","0,0,0"
22.016666666666666,47,AV,1,0,0,32,1017.530975349866,0.1,-0.5657232400829852,"0.21083333333333332,0.28237398373983746,0.34619791666666666,0.1,0.32,0.050275184149485695","0,0,0"
41.53333333333333,155,AV,1,0,0,96,2747.619709803412,0.1,-2.8817627596086295,"0.27646491228070175,0.3080876543209877,0.34462499999999996,0.1,0.96,0.13575713194935043","0,0,0"
25.016666666666666,1,AV,1,0,0,41,513.7357984527049,0.3,-0.9736331230776641,"0.2501190476190476,0.25911498708010333,0.3526124999999999,0.3,0.41,0.02538317014134346","0,0,0"
20.833333333333332,195,AV,1,0,0,29,3508.846318545673,0.1,-1.8459839638813516,"0.22987301587301587,0.28373148148148153,0.3424761904761905,0.1,0.29,0.17336857460921315","0,0,0"
34.86666666666667,105,AV,2,0,0,27,1805.1606101798543,0.1,-1.5893922544176158,"0.20195698924731187,0.24233333333333337,0.2993782051282051,0.1,0.27,0.08919117382641367","0,0,0"
18.633333333333333,150,AV,1,0,0,24,2574.4307659940623,0.3,-3.6341080762390923,"0.23774691358024694,0.29766391184572993,0.36305729166666667,0.3,0.24,0.12720004007342384","0,0,0"
15.883333333333333,292,AV,1,0,0,16,11861.36896338871,0.1,-4.7575271978575095,"0.20264705882352943,0.26392351598173514,0.30150617283950615,0.1,0.16,0.5860583346804944","0,0,0"
39.766666666666666,46,AV,1,0,0,94,1011.0784796502788,0.1,-1.0153338604568878,"0.24008823529411763,0.27649435028248587,0.3517368421052631,0.1,0.94,0.04995637281363524","0,0,0"
30.833333333333332,265,AV,1,0,0,60,6081.635477498837,0.2,-9.470560297451891,"0.20363095238095238,0.2539713930348259,0.35779761904761903,0.2,0.6,0.3004875045265025","0,0,0"
12.133333333333333,137,AV,0,0,0,25,2280.385817754286,0.1,-3.198704072106532,"0.20241666666666666,0.24516666666666664,0.3199218749999999,0.1,0.25,0.1126715743273096","0,0,0"
29.166666666666668,178,AV,2,0,0,19,3048.604611013583,0.2,-4.490789620600818,"0.24204861111111112,0.29878070175438604,0.34588541666666667,0.2,0.19,0.15062849380578247","0,0,0"
21.6,163,AV,1,0,0,30,2850.5966631146844,0.4,-6.219483628613857,"0.24479166666666669,0.2977994987468671,0.35435256410256416,0.4,0.3,0.14084511984976505","0,0,0"
20.95,282,AV,1,0,0,31,8475.089255911002,0.4,-17.93465857690257,"0.22715217391304346,0.30003535353535354,0.3534666666666667,0.4,0.31,0.41874565329841523","0,0,0"
19.8,51,AV,1,0,0,23,1076.386102050743,0.1,-0.5381930510253714,"0.20894202898550723,0.2588110236220473,0.3235987654320987,0.1,0.23,0.05318315688418353","0,0,0"
19.083333333333332,183,AV,2,0,0,3,3159.4556453821087,0.1,-1.5225491220380953,"0.2436428571428571,0.2920303030303031,0.369224358974359,0.1,0.03,0.15610553214765938","0,0,0"
21.433333333333334,193,AV,1,0,0,29,3389.778327720714,0.2,-3.6694065062700663,"0.20965217391304347,0.26308192090395477,0.33609829059829066,0.2,0.29,0.1674855446965603","0,0,0"
12.066666666666666,128,AV,0,0,0,19,2139.4702648744856,0.1,-3.151926124481956,"0.1934814814814815,0.2627368421052632,0.34203333333333336,0.1,0.19,0.10570907830292801","0,0,0"
23.7,2,AV,0,0,0,54,567.550811201735,0.5,-4.198352806247616,"0.22868939393939397,0.27350636132315514,0.3581822916666666,0.5,0.54,0.028042115904674286","0,0,0"
50.233333333333334,135,AV,2,0,0,82,2260.56382504795,0.2,-5.7351341487327625,"0.2365666666666667,0.29473357664233574,0.34361616161616154,0.2,0.82,0.11169218956393358","0,0,0"
22.816666666666666,264,AV,1,0,0,34,6020.57275324985,0.1,-3.4689242841746823,"0.22717391304347825,0.28914049586776863,0.3769423076923078,0.1,0.34,0.2974704566128196","0,0,0"
10.466666666666667,299,AV,0,0,0,15,20239.22920549412,0.1,-7.84942590111545,"0.22130107526881723,0.2579126984126984,0.33995454545454534,0.1,0.15,1.0","0,0,0"
45.65,134,AV,2,0,0,91,2222.040577514192,0.4,-10.246075996315442,"0.16955555555555557,0.2351281094527363,0.30927477477477483,0.4,0.91,0.1097887945708426","0,0,0"
8.65,262,AV,0,0,0,9,5985.732437913218,0.2,-5.114979070098451,"0.2070959595959596,0.2920277777777777,0.36054301075268813,0.2,0.09,0.2957490316028605","0,0,0"
13.266666666666667,283,AV,1,0,0,1,8639.921150992108,0.6,-17.367114232802315,"0.2035595238095238,0.2871937669376694,0.3617643678160919,0.6,0.01,0.42688983178503276","0,0,0"
15.733333333333333,43,AV,1,0,0,12,969.457736312404,0.2,-0.7703435211101931,"0.20165555555555556,0.28582142857142856,0.33701388888888895,0.2,0.12,0.04789993366196159","0,0,0"
17.15,29,AV,1,0,0,19,850.3216016091212,0.7,-2.5778057644741157,"0.20557142857142854,0.2685343511450382,0.31832258064516133,0.7,0.19,0.04201353682867991","0,0,0"
13.516666666666667,31,AV,1,0,0,6,859.2772315809713,0.1,-0.2932970685236397,"0.206731884057971,0.3013955399061033,0.3604912280701755,0.1,0.06,0.042456025516412095","0,0,0"
41.56666666666667,93,AV,1,0,0,95,1614.9493849180149,0.2,-3.3903062003245195,"0.18417857142857144,0.2707968369829684,0.3654027777777778,0.2,0.95,0.0797930281099649","0,0,0"
37.55,21,AV,0,0,0,97,777.0630287344238,0.5,-6.184181405173941,"0.20733333333333331,0.2916641025641026,0.3470172413793103,0.5,0.97,0.03839390427593374","0,0,0"
26.2,281,AV,0,0,0,52,8348.421721831439,0.8,-46.68760588120884,"0.22716666666666668,0.30310677083333337,0.3712113821138211,0.8,0.52,0.41248713758156286","0,0,0"
24.716666666666665,284,AV,1,0,0,36,8689.506535985933,0.1,-5.423627185550142,"0.24617948717948715,0.2840171957671958,0.35084444444444446,0.1,0.36,0.42933979588645044","0,0,0"
37.11666666666667,242,AV,2,0,0,47,4967.653125719208,0.2,-9.312258847623466,"0.19865333333333335,0.29144871794871796,0.3519533333333334,0.2,0.47,0.24544675468029653","0,0,0"
29.983333333333334,289,AV,1,0,0,51,10783.100237376317,0.3,-24.49343096848484,"0.2104012345679012,0.29184984984984985,0.34694144144144146,0.3,0.51,0.5327821592360418","0,0,0"
31.933333333333334,179,AV,2,0,0,37,3065.2253709468137,0.4,-9.887157930528781,"0.2375238095238095,0.33234335839599,0.39391025641025634,0.4,0.37,0.15144970887106365","0,0,0"
26.133333333333333,211,AV,1,0,0,38,4034.238052294327,0.2,-5.324650897304298,"0.2699047619047619,0.3172897603485839,0.3698985507246377,0.2,0.38,0.1993276528139321","0,0,0"
28.583333333333332,90,AV,1,0,0,46,1538.317647081207,0.4,-4.441438997885976,"0.2035476190476191,0.2587730769230769,0.2988194444444444,0.4,0.46,0.07600673086224138","0,0,0"
39.5,109,AV,1,0,0,80,1862.7228332236152,0.3,-5.574056963055515,"0.20972988505747128,0.24699011299435025,0.3102678571428571,0.3,0.8,0.09203526548916015","0,0,0"
45.05,186,AV,2,0,0,88,3252.767976975094,0.4,-14.80173710734626,"0.2616555555555556,0.27185714285714285,0.34480392156862744,0.4,0.88,0.1607160007897979","0,0,0"
29.15,62,AV,1,0,0,52,1244.4027248274256,0.1,-0.9160186724424105,"0.2612833333333333,0.3067777777777778,0.370014705882353,0.1,0.52,0.06148468956958209","0,0,0"
15.433333333333334,87,AV,0,0,0,33,1503.4428459110418,0.1,-3.085937742135364,"0.24761111111111106,0.3014631043256998,0.35893749999999996,0.1,0.33,0.07428360194186243","0,0,0"
23.066666666666666,154,AV,1,0,0,35,2722.266725979925,0.7,-11.099882172261578,"0.19310526315789475,0.25558672086720874,0.33212152777777776,0.7,0.35,0.13450446646658565","0,0,0"
30.383333333333333,231,AV,1,0,0,54,4660.29795945294,0.3,-10.726923207175137,"0.20451960784313727,0.2448624708624709,0.33135555555555557,0.3,0.54,0.23026064442157015","0,0,0"
32.083333333333336,48,AV,1,0,0,66,1040.734547163155,0.5,-4.215938559110003,"0.24109166666666662,0.2620628415300546,0.3532453703703704,0.5,0.66,0.05142164934229008","0,0,0"
28.35,189,AV,2,0,0,22,3313.1900178081896,0.1,-2.371942853658136,"0.18931746031746033,0.2823558897243108,0.33901388888888884,0.1,0.22,0.16370139317898502","0,0,0"
17.116666666666667,25,AV,1,0,0,18,822.5771428470101,0.1,-0.355549968730589,"0.22772435897435897,0.3110275590551181,0.35275,0.1,0.18,0.04064271096963091","0,0,0"
17.483333333333334,146,AV,1,0,0,20,2476.7673195544394,0.3,-3.2804658058239986,"0.22080952380952382,0.2844688346883468,0.333337962962963,0.3,0.2,0.12237458721412664","0,0,0"
30.55,23,AV,0,0,0,79,793.0252767736928,0.1,-3.1117909647837454,"0.2639861111111111,0.2915011904761905,0.3778653846153847,0.1,0.79,0.0391825829295129","0,0,0"
27.1,5,AV,1,0,0,45,591.6693204447811,0.1,-0.40490501474882756,"0.2013066666666667,0.24000672043010748,0.30281578947368426,0.1,0.45,0.02923378723751827","0,0,0"
16.966666666666665,148,AV,1,0,0,18,2520.757475212996,0.1,-1.0800215108446252,"0.22445098039215686,0.29584880952380954,0.3419343434343434,0.1,0.18,0.12454809665027725","0,0,0"
39.06666666666667,252,AV,1,0,0,84,5702.616109653807,0.8,-45.00650559268863,"0.24070454545454542,0.30818974358974355,0.35478070175438603,0.8,0.84,0.28176053800041856","0,0,0"
13.65,271,AV,0,0,0,28,7332.887514065835,0.2,-7.555248210454478,"0.1887708333333333,0.2525661764705882,0.3385555555555556,0.2,0.28,0.3623106117141683","0,0,0"
27.433333333333334,149,AV,2,0,0,25,2528.765907819195,0.1,-1.751830254322557,"0.20049358974358975,0.2651772486772487,0.31544594594594594,0.1,0.25,0.12494378526691811","0,0,0"
41.55,187,AV,1,0,0,98,3257.969850357721,0.2,-6.836800367796127,"0.2178541666666667,0.2870061728395062,0.36848290598290595,0.2,0.98,0.1609730201322744","0,0,0"
22.316666666666666,202,AV,1,0,0,34,3759.463069718096,0.1,-2.1186536407207623,"0.19784210526315793,0.25667578124999996,0.33595614035087723,0.1,0.34,0.18575129672910448","0,0,0"
27.283333333333335,56,AV,1,0,0,45,1148.9174546898266,0.1,-0.7915731790097837,"0.16607692307692307,0.2808791666666667,0.33419047619047626,0.1,0.45,0.05676685821503235","0,0,0"
31.866666666666667,160,AV,1,0,0,62,2818.3733061874163,0.1,-2.267983906325901,"0.26087719298245615,0.31058765432098767,0.34625000000000006,0.1,0.62,0.13925299612805134","0,0,0"
32.5,293,AV,1,0,0,67,12197.400506638176,0.1,-10.010492840043959,"0.23757017543859646,0.3249461538461539,0.38197560975609746,0.1,0.67,0.6026613159421645","0,0,0"
16.2,41,AV,1,0,0,16,954.0002559944874,0.2,-0.7805456639954897,"0.16595061728395058,0.2573002544529262,0.34440740740740744,0.2,0.16,0.04713619507483592","0,0,0"
43.766666666666666,142,AV,2,0,0,73,2382.718205806423,0.3,-7.900275263191499,"0.2584,0.307210401891253,0.36666666666666664,0.3,0.73,0.1177277149052501","0,0,0"
25.716666666666665,44,AV,1,0,0,41,981.8973671489576,0.8,-5.101237836736841,"0.25487499999999996,0.3031017811704835,0.36518981481481466,0.8,0.41,0.048514563335367175","0,0,0"
44.2,145,AV,2,0,0,94,2436.431929205765,0.6,-16.316710798620427,"0.1848958333333333,0.26126590330788807,0.3545428571428571,0.6,0.94,0.12038165606348158","0,0,0"
39.31666666666667,174,AV,1,0,0,88,2991.769966736588,0.1,-2.970364205190072,"0.18659259259259262,0.26752898550724635,0.31817521367521356,0.1,0.88,0.14782035107959768","0,0,0"
40.233333333333334,38,AV,1,0,0,93,946.2003450753726,0.3,-2.883999536631249,"0.23827272727272727,0.28869975490196076,0.36440625000000004,0.3,0.93,0.04675080930545112","0,0,0"
24.5,222,AV,1,0,0,38,4304.4895651906745,0.2,-5.326262340766239,"0.20531999999999997,0.2873372093023256,0.33696464646464647,0.2,0.38,0.21268050880229086","0,0,0"
30.516666666666666,197,AV,0,0,0,78,3531.3895067900216,0.2,-7.942739214589673,"0.20077450980392159,0.2992591145833334,0.3633611111111111,0.2,0.78,0.17448241091273348","0,0,0"
36.766666666666666,122,AV,1,0,0,79,2088.64210540395,0.1,-1.9392022241250482,"0.24532575757575759,0.3127589743589743,0.3692543859649123,0.1,0.79,0.10319770996204586","0,0,0"
34.0,247,AV,2,0,0,45,5427.330032863625,0.2,-9.319657632190063,"0.22132608695652178,0.2657320512820513,0.34811458333333334,0.2,0.45,0.26815892926348833","0,0,0"
30.483333333333334,184,AV,2,0,0,34,3197.7177395395383,0.5,-12.307714111148602,"0.2094523809523809,0.2649247685185185,0.29449333333333333,0.5,0.34,0.15799602381455757","0,0,0"
16.566666666666666,115,AV,1,0,0,15,1942.5668635563816,0.1,-0.8126731744002709,"0.20198484848484846,0.2787170542635659,0.32298039215686275,0.1,0.15,0.09598027888478354","0,0,0"
40.3,188,AV,1,0,0,90,3278.222126324269,0.1,-3.336170497244143,"0.2041604938271605,0.3027887139107612,0.36919230769230765,0.1,0.9,0.16197366475964245","0,0,0"
33.43333333333333,64,AV,1,0,0,68,1265.4739572733297,0.3,-3.205228230164519,"0.2542619047619048,0.2983495024875622,0.36354761904761906,0.3,0.68,0.06252579801457091","0,0,0"
31.516666666666666,297,AV,1,0,0,60,16390.717038727882,0.7,-91.31478175153241,"0.2353550724637681,0.32682098765432094,0.3799427083333333,0.7,0.6,0.8098488767684134","0,0,0"
24.283333333333335,162,AV,1,0,0,40,2838.632091159661,0.4,-6.962772654578495,"0.1656049382716049,0.23314285714285718,0.3073918918918919,0.4,0.4,0.14025396235885745","0,0,0"
35.233333333333334,168,AV,1,0,0,77,2909.8477340427667,0.7,-18.122864801500363,"0.2356583333333333,0.2865462962962963,0.34322807017543866,0.7,0.77,0.1437726557913017","0,0,0"
33.71666666666667,69,AV,1,0,0,72,1317.647826688136,0.2,-2.243772351338468,"0.2049649122807018,0.2807110311750599,0.34547916666666667,0.2,0.72,0.06510365653304864","0,0,0"
37.56666666666667,54,AV,1,0,0,81,1129.1321270070612,0.2,-2.142309607974677,"0.16740740740740745,0.23519774011299435,0.3093214285714285,0.2,0.81,0.05578928503366858","0,0,0"
27.883333333333333,253,AV,1,0,0,48,5721.231751015957,0.3,-12.085379696274869,"0.2729126984126984,0.30885546875000003,0.36109756097560974,0.3,0.48,0.2826803181547486","0,0,0"
27.483333333333334,72,AV,2,0,0,22,1348.5865378412918,0.1,-0.9359508421297519,"0.2117111111111111,0.2821472222222222,0.3349444444444445,0.1,0.22,0.0666323071965214","0,0,0"
29.983333333333334,32,AV,1,0,0,54,871.0408974081768,0.2,-1.3190257360583417,"0.2112666666666667,0.28506543209876545,0.3584428571428572,0.2,0.54,0.0430372564372029","0,0,0"
22.233333333333334,112,AV,0,0,0,47,1888.2149669861096,0.8,-10.981073286058823,"0.2471785714285714,0.28259273182957395,0.3434666666666667,0.8,0.47,0.09329480623074009","0,0,0"
22.933333333333334,181,AV,1,0,0,34,3132.463358685509,0.1,-1.814086524221911,"0.19093939393939394,0.2532598425196851,0.32222764227642275,0.1,0.34,0.15477187035537765","0,0,0"
27.683333333333334,4,AV,2,0,0,25,586.8516376274475,0.2,-0.820505530386524,"0.21306989247311825,0.28688888888888886,0.3240333333333333,0.2,0.25,0.028995750365243225","0,0,0"
15.483333333333333,97,AV,1,0,0,8,1697.366940102563,0.3,-1.990977130499092,"0.23725925925925925,0.28187009803921564,0.344125,0.3,0.08,0.08386519678534977","0,0,0"
39.13333333333333,223,AV,1,0,0,82,4343.557359248321,0.1,-4.292370656361556,"0.21989393939393942,0.2760151515151515,0.35509259259259257,0.1,0.82,0.21461080929254078","0,0,0"
32.233333333333334,294,AV,0,0,0,83,13351.937436366714,0.4,-45.972469700224295,"0.19804166666666667,0.26434463276836156,0.32981249999999995,0.4,0.83,0.6597058267783346","0,0,0"
23.5,34,AV,1,0,0,36,912.6272274022258,0.3,-1.6247530184812353,"0.22131372549019607,0.28650000000000003,0.34540740740740744,0.3,0.36,0.04509199526010037","0,0,0"
37.13333333333333,199,AV,1,0,0,79,3623.60917519969,0.2,-6.795792291536119,"0.22161111111111112,0.30235049019607846,0.3550515873015873,0.2,0.79,0.17903889216374055","0,0,0"
32.95,106,AV,2,0,0,32,1822.2981036688468,0.3,-4.548842614840038,"0.25475000000000003,0.28217171717171713,0.3689555555555556,0.3,0.32,0.09003792017801585","0,0,0"
36.88333333333333,19,AV,2,0,0,54,761.8437659652793,0.1,-0.7095792315156411,"0.19585606060606062,0.28008333333333335,0.32622727272727275,0.1,0.54,0.03764193577878302","0,0,0"
42.61666666666667,52,AV,2,0,0,84,1111.987968807459,0.6,-7.180184940001698,"0.25954166666666667,0.29361154855643046,0.3753376068376068,0.6,0.84,0.05494220938540485","0,0,0"
37.81666666666667,132,AV,1,0,0,82,2187.718469250836,0.1,-2.089197477580028,"0.22522222222222227,0.3131419753086419,0.339983870967742,0.1,0.82,0.10809297365222585","0,0,0"
32.38333333333333,198,AV,2,0,0,24,3580.4564780460023,0.3,-8.78387239500427,"0.17775694444444443,0.2603658192090396,0.3337850877192983,0.3,0.24,0.17690676071171996","0,0,0"
24.7,245,AV,1,0,0,36,5386.149373461946,0.3,-10.078627994281065,"0.1705185185185185,0.25303041362530415,0.31799047619047616,0.3,0.36,0.2661242342173697","0,0,0"
37.15,166,AV,1,0,0,79,2891.134206742707,0.1,-2.712263529810393,"0.21235294117647058,0.27860384615384615,0.36183720930232566,0.1,0.79,0.14284803919103217","0,0,0"
35.266666666666666,240,AV,1,0,0,75,4756.448820673547,0.1,-4.235961996862469,"0.2160222222222222,0.2611044973544973,0.33119607843137255,0.1,0.75,0.23501136196344702","0,0,0"
34.93333333333333,254,AV,1,0,0,74,5807.233742044462,0.1,-5.122879597359088,"0.21426811594202902,0.2756693121693121,0.3211904761904762,0.1,0.74,0.28692959020732056","0,0,0"
30.416666666666668,94,AV,1,0,0,55,1626.914224999384,0.3,-3.748886945232166,"0.239,0.28475373134328363,0.35266666666666674,0.3,0.55,0.0803841988487261","0,0,0"
13.583333333333334,263,AV,1,0,0,6,6007.794801579103,0.4,-8.243018120011733,"0.1887314814814815,0.26889552238805975,0.34232738095238097,0.4,0.06,0.29683911084658465","0,0,0"
29.316666666666666,190,AV,1,0,0,52,3362.377553451843,0.1,-2.489234897526007,"0.21022222222222223,0.2581111111111111,0.33640090090090086,0.1,0.52,0.1661316999433504","0,0,0"
26.383333333333333,273,AV,1,0,0,43,7362.36439851089,0.3,-14.715432882377195,"0.17176190476190478,0.25955061728395057,0.32485555555555556,0.3,0.43,0.36376703498729634","0,0,0"
15.566666666666666,83,AV,1,0,0,15,1467.6871321740252,0.1,-0.5769443524623483,"0.2000392156862745,0.2801850574712643,0.3425714285714286,0.1,0.15,0.07251694801576773","0,0,0"
18.933333333333334,95,AV,0,0,0,40,1649.648602545546,0.5,-6.44360440339171,"0.21713492063492065,0.27133453237410077,0.34011111111111114,0.5,0.4,0.08150748162374356","0,0,0"
13.95,259,AV,1,0,0,7,5882.279762541917,0.1,-2.0721667345318115,"0.20945833333333333,0.2733559523809524,0.3383965517241379,0.1,0.07,0.29063753875296394","0,0,0"
19.9,275,AV,2,0,0,6,7864.29237148983,0.8,-31.616044079322748,"0.2426666666666667,0.2764892086330935,0.3519259259259259,0.8,0.06,0.38856679232403757","0,0,0"
17.25,276,AV,1,0,0,19,7897.119961473183,0.9,-30.960299848957366,"0.21510344827586206,0.2610012919896641,0.33464062499999997,0.9,0.19,0.390188770594556","0,0,0"
35.2,207,AV,1,0,0,67,3898.759045987068,0.2,-6.931127192865899,"0.2207192982456141,0.28825641025641024,0.3635059523809524,0.2,0.67,0.19263377109878843","0,0,0"
17.533333333333335,79,AV,1,0,0,21,1447.5744631551047,0.6,-3.8455766041393193,"0.20793055555555554,0.2871425287356322,0.3568939393939394,0.6,0.21,0.07152320122755207","0,0,0"
37.21666666666667,124,AV,1,0,0,81,2105.6010448069283,0.4,-7.915500223996415,"0.2322941176470588,0.27503452380952376,0.34839898989898993,0.4,0.81,0.104035634135481","0,0,0"
37.2,81,AV,1,0,0,79,1457.5875839824732,0.1,-1.3692489425289902,"0.18746,0.2593512820512821,0.34245714285714285,0.1,0.79,0.0720179394770033","0,0,0"
37.733333333333334,78,AV,1,0,0,81,1446.9812594843625,0.2,-2.7575467773338356,"0.19674242424242425,0.2743583959899749,0.34852380952380957,0.2,0.81,0.07149389162960644","0,0,0"
28.166666666666668,116,AV,2,0,0,26,1997.7276787447236,0.3,-4.2628280013618465,"0.27791666666666665,0.261981343283582,0.31830882352941176,0.3,0.26,0.09870571939579707","0,0,0"
24.466666666666665,57,AV,1,0,0,37,1150.2916000513435,0.3,-2.1321061475699143,"0.24444202898550724,0.31219638242894054,0.36449561403508773,0.3,0.37,0.05683475335805212","0,0,0"
14.25,225,AV,1,0,0,7,4459.768546990965,0.2,-3.2096819088192547,"0.2327101449275362,0.3039790026246719,0.3839583333333333,0.2,0.07,0.22035268743240086","0,0,0"
24.25,196,AV,1,0,0,35,3520.054626539052,0.1,-2.1555890074134347,"0.25249242424242424,0.2852355889724311,0.361052380952381,0.1,0.35,0.17392236585687273","0,0,0"
24.3,243,AV,2,0,0,0,5003.647877951615,0.1,-3.070420288743036,"0.18636507936507937,0.24929371584699456,0.32545035460992916,0.1,0.0,0.2472252192585145","0,0,0"
19.6,16,AV,1,0,0,25,742.6585956180782,0.1,-0.367578496821069,"0.2083257575757576,0.25663602941176467,0.33310937500000004,0.1,0.25,0.03669401576896401","0,0,0"
14.316666666666666,61,AV,1,0,0,8,1240.6560786390864,0.1,-0.4485368567133734,"0.21783333333333335,0.27126065162907265,0.3063133333333333,0.1,0.08,0.06129957154209703","0,0,0"
38.65,18,AV,1,0,0,86,753.7709081553346,0.2,-1.4713760404143275,"0.23499074074074072,0.27843357487922704,0.3375000000000001,0.2,0.86,0.03724306397749163","0,0,0"
26.566666666666666,100,AV,1,0,0,42,1723.69240549938,0.6,-6.938297207994978,"0.207216049382716,0.2520346153846154,0.3135202020202021,0.6,0.42,0.08516591160652838","0,0,0"
14.633333333333333,229,AV,1,0,0,9,4569.840806868062,1.0,-16.886869648275074,"0.25364393939393937,0.3225707070707071,0.3759423076923077,1.0,0.09,0.22579124730834796","0,0,0"
28.2,89,AV,1,0,0,50,1528.3774584247917,0.2,-2.1767800165444,"0.22693434343434343,0.2964850948509485,0.3621960784313725,0.2,0.5,0.07551559611815158","0,0,0"
34.8,12,AV,1,0,0,73,658.4091024775607,0.3,-1.7358058156226601,"0.20830952380952378,0.29283703703703695,0.35264880952380956,0.3,0.73,0.032531332877974904","0,0,0"
25.566666666666666,180,AV,1,0,0,41,3101.095365071405,0.2,-4.004276338400283,"0.22709722222222214,0.2963137254901961,0.3288555555555556,0.2,0.41,0.15322200927639995","0,0,0"
43.15,126,AV,1,0,0,100,2131.3254046090938,0.5,-11.611955960717475,"0.23156790123456786,0.2669305555555556,0.33387634408602146,0.5,1.0,0.10530664893258515","0,0,0"
16.816666666666666,171,AV,1,0,0,18,2965.4163440895786,0.2,-2.5186069791131187,"0.21749206349206351,0.2946153846153846,0.354957264957265,0.2,0.18,0.14651824503694982","0,0,0"
44.2,170,AV,2,0,0,89,2953.464044858564,0.3,-9.88962960475368,"0.18075595238095243,0.263,0.35245588235294123,0.3,0.89,0.1459276939290168","0,0,0"
10.9,28,AV,1,0,0,2,844.3352662229099,0.2,-0.46481082837523835,"0.1631111111111111,0.24972992700729926,0.3395931372549019,0.2,0.02,0.04171775800600685","0,0,0"
23.616666666666667,24,AV,1,0,0,35,806.3598325453933,1.0,-4.808972570356996,"0.20397500000000002,0.23949491094147585,0.3054770114942529,1.0,0.35,0.039841429945686846","0,0,0"
41.15,216,AV,1,0,0,93,4164.701887555128,0.2,-8.655428417822906,"0.19524999999999998,0.2636639344262295,0.3363645833333333,0.2,0.93,0.20577373996162773","0,0,0"
24.35,91,AV,1,0,0,34,1546.5147326922538,0.5,-4.754751734981866,"0.2137898550724638,0.25849868766404205,0.3108277777777778,0.5,0.34,0.07641174063449208","0,0,0"
20.583333333333332,65,AV,0,0,0,41,1291.2118623687816,0.2,-3.8422951599540784,"0.22276470588235298,0.2734184652278177,0.3711813725490196,0.2,0.41,0.0637974820710203","0,0,0"
33.31666666666667,14,AV,1,0,0,69,699.2977112166509,0.3,-1.7650203594975822,"0.23255172413793102,0.2569081364829397,0.34064215686274507,0.3,0.69,0.034551597993999705","0,0,0"
22.483333333333334,194,AV,1,0,0,34,3465.4556083993225,0.4,-7.870201373283984,"0.22082692307692312,0.2820854341736695,0.3703214285714285,0.4,0.34,0.17122468317412964","0,0,0"
14.816666666666666,85,AV,1,0,0,14,1474.807688008607,0.1,-0.5518114623904258,"0.21936956521739126,0.2699545454545455,0.34522380952380943,0.1,0.14,0.07286876753232566","0,0,0"
28.366666666666667,66,AV,2,0,0,11,1291.7462447339112,0.1,-0.9253165439971031,"0.25076666666666664,0.3071075268817205,0.36292187499999995,0.1,0.11,0.06382388536729725","0,0,0"
35.56666666666667,261,AV,1,0,0,77,5984.209260784091,0.4,-21.49882586281693,"0.24557051282051284,0.30229802259887006,0.3475245098039215,0.4,0.77,0.2956737729497932","0,0,0"
41.61666666666667,140,AV,1,0,0,98,2337.3116255789537,0.1,-2.456341384288993,"0.2194057971014493,0.29187568306010925,0.3611791666666666,0.1,0.98,0.11548422135287985","0,0,0"
14.916666666666666,267,AV,1,0,0,6,6248.181898567973,0.6,-14.121522220248321,"0.23322222222222228,0.3054987080103359,0.3470066666666667,0.6,0.06,0.3087163960212402","0,0,0"
28.866666666666667,218,AV,0,0,0,77,4227.85786318916,0.1,-5.58192332451331,"0.19395999999999997,0.26121733333333336,0.3324947916666667,0.1,0.77,0.2088942133251532","0,0,0"
20.233333333333334,3,AV,1,0,0,30,586.3474640105957,0.3,-0.8987699764000798,"0.2338611111111111,0.28119029850746274,0.3464427083333333,0.3,0.3,0.02897083965289678","0,0,0"
30.8,6,AV,1,0,0,58,601.3137559373858,0.4,-1.870753907360756,"0.2128214285714286,0.2694128205128205,0.3353541666666666,0.4,0.58,0.029710309114645228","0,0,0"
24.616666666666667,20,AV,2,0,0,16,767.6170681366935,0.2,-0.9543521966648958,"0.21238235294117647,0.2841465721040189,0.34553645833333335,0.2,0.16,0.03792718884414417","0,0,0"
31.05,295,AV,1,0,0,45,13430.196447392702,0.2,-21.060989883411285,"0.2424166666666667,0.2750277777777778,0.33814351851851854,0.2,0.45,0.6635725259609666","0,0,0"
19.85,22,AV,1,0,0,24,779.0639592631991,0.1,-0.39051564624683094,"0.26358024691358023,0.28895328282828286,0.32200694444444444,0.1,0.24,0.0384927682449347","0,0,0"
16.05,121,AV,1,0,0,14,2078.9202215407213,0.7,-5.898148658840911,"0.20881250000000004,0.26279615384615385,0.3318472222222222,0.7,0.14,0.10271736143866485","0,0,0"
28.783333333333335,255,AV,1,0,0,52,5825.425317043349,0.2,-8.46844235903524,"0.1898472222222222,0.30761815920398006,0.36530864197530866,0.2,0.52,0.28782841766829664","0,0,0"
28.0,158,AV,1,0,0,50,2780.081336731352,0.3,-5.89714222943014,"0.22572727272727275,0.28379460093896713,0.3653846153846154,0.3,0.5,0.1373610283526348","0,0,0"
43.38333333333333,139,AV,1,0,0,100,2326.172138461347,0.2,-5.096823296645527,"0.22408333333333327,0.2866871584699454,0.3569206349206349,0.2,1.0,0.11493383047561351","0,0,0"
31.95,9,AV,1,0,0,64,646.5589615252754,0.2,-1.0433110515521489,"0.2813823529411765,0.3426520681265206,0.38024074074074077,0.2,0.64,0.03194582930805295","0,0,0"
22.916666666666668,33,AV,1,0,0,33,877.6907461205365,0.1,-0.5079228854864217,"0.20878703703703708,0.2853002544529262,0.3531538461538462,0.1,0.33,0.043365818787322166","0,0,0"
15.466666666666667,153,AV,0,0,0,33,2667.9339807116767,0.1,-3.5420213527358735,"0.17105797101449277,0.2837564102564103,0.3568558558558558,0.1,0.33,0.13181994005915215","0,0,0"
18.133333333333333,272,AV,1,0,0,22,7336.658338656486,0.4,-13.438189010872486,"0.17798245614035088,0.21840712468193388,0.302419191919192,0.4,0.22,0.3624969243722426","0,0,0"
16.233333333333334,185,AV,1,0,0,17,3245.380745418587,0.9,-11.97348805317312,"0.2589385964912281,0.28998347107438016,0.34401190476190474,0.9,0.17,0.16035100509349434","0,0,0"
26.116666666666667,17,AV,1,0,0,42,743.7553910389753,0.6,-2.943092671106248,"0.22175925925925927,0.2931141025641026,0.3432828282828283,0.6,0.42,0.036748207329806624","0,0,0"
35.36666666666667,50,AV,0,0,0,99,1074.3823512953045,0.4,-6.338113382910162,"0.21942857142857142,0.24869221411192213,0.3155260416666667,0.4,0.99,0.05308415357061393","0,0,0"
38.583333333333336,236,AV,1,0,0,84,4704.305573257116,0.2,-9.167060102769549,"0.198,0.2636578282828283,0.3240752688172043,0.2,0.84,0.2324350164471723","0,0,0"
42.516666666666666,246,AV,1,0,0,94,5394.467136051333,0.5,-28.958934478255365,"0.20901587301587302,0.26678661616161614,0.3181711711711711,0.5,0.94,0.2665352065179911","0,0,0"
19.833333333333332,182,AV,1,0,0,25,3151.1733449572957,1.0,-15.782391752942685,"0.21005128205128204,0.2620883084577114,0.33267222222222215,1.0,0.25,0.1556963119969945","0,0,0"
28.016666666666666,224,AV,1,0,0,45,4376.119511966378,0.1,-3.0960677186933845,"0.22297916666666664,0.26391134751773054,0.3077878787878788,0.1,0.45,0.2162196725742125","0,0,0"
19.883333333333333,176,AV,1,0,0,27,3017.17067826153,0.1,-1.5149346040260965,"0.19310493827160488,0.27137866666666666,0.3584345238095238,0.1,0.27,0.14907537474018487","0,0,0"
22.966666666666665,11,AV,1,0,0,31,650.412147456106,0.3,-1.1316514383769116,"0.19289583333333338,0.2527420634920635,0.33715555555555554,0.3,0.31,0.03213621135727569","0,0,0"
30.483333333333334,8,AV,1,0,0,60,617.4453946714843,0.1,-0.47529782275006105,"0.21765909090909094,0.28815648854961834,0.32995714285714284,0.1,0.6,0.03050735719243069","0,0,0"
19.166666666666668,213,AV,1,0,0,20,4116.183110063293,0.1,-1.9922603436754156,"0.1981111111111111,0.2396473429951691,0.3281451612903226,0.1,0.2,0.2033764758662804","0,0,0"
36.38333333333333,161,AV,1,0,0,78,2835.850686157305,0.4,-10.421989979598312,"0.2541728395061728,0.30804166666666666,0.38782000000000005,0.4,0.78,0.14011653592951495","0,0,0"
30.433333333333334,98,AV,2,0,0,33,1717.0377309640771,1.0,-13.195752932409112,"0.2120428571428571,0.26798305084745766,0.3432345679012346,1.0,0.33,0.0848371108173414","0,0,0"
24.816666666666666,177,AV,2,0,0,21,3022.892107624705,0.1,-1.8943966112176713,"0.18311363636363637,0.24382449494949493,0.35446296296296287,0.1,0.21,0.14935806482215805","0,0,0"
24.75,164,AV,1,0,0,38,2857.712092786687,0.4,-7.14428023196672,"0.20023913043478264,0.2826125000000001,0.34870987654320984,0.4,0.38,0.1411966860877753","0,0,0"
35.03333333333333,141,AV,1,0,0,74,2361.523720441912,0.2,-4.178386246101766,"0.24686538461538457,0.30475185185185183,0.36283908045977015,0.2,0.74,0.1166805166572675","0,0,0"
23.716666666666665,248,AV,2,0,0,14,5434.023139443809,0.1,-3.2544675620490486,"0.1894901960784314,0.22890277777777773,0.2829195402298851,0.1,0.14,0.26848962894143685","0,0,0"
41.95,256,AV,2,0,0,70,5844.130995646287,0.2,-12.381883599361705,"0.23567901234567898,0.31344761904761903,0.351927536231884,0.2,0.7,0.28875264647231946","0,0,0"
23.866666666666667,277,AV,1,0,0,34,8011.326014866212,0.4,-19.313499753010802,"0.1886666666666667,0.2662537537537537,0.29129310344827586,0.4,0.34,0.395831577058847","0,0,0"
13.983333333333333,40,AV,1,0,0,6,950.4213588862824,0.2,-0.6712150842639654,"0.20914912280701753,0.29322010178117053,0.32630000000000003,0.2,0.06,0.04695936536102284","0,0,0"
34.81666666666667,15,AV,1,0,0,73,727.2326469992182,0.2,-1.2787786191762351,"0.21975595238095244,0.28035877862595426,0.35802150537634403,0.2,0.73,0.03593183513143892","0,0,0"
26.816666666666666,250,AV,2,0,0,18,5611.673516276995,0.4,-15.20064425536984,"0.24033333333333332,0.28841343669250646,0.3336285714285714,0.4,0.18,0.27726715574492605","0,0,0"
