travel_time,id,kind,action,origin,destination,start_time,income,urgency,reward,observation,cost_table
27.116666666666667,102,AV,1,0,0,41,1783.933402668827,0.1,-1.2215739251440159,"0.15205,0.2912324929971989,0.3414242424242424,0.1,0.41,0.08814235881001646","0,0,0"
36.31666666666667,156,AV,1,0,0,65,2753.3979495063454,0.3,-7.575320873704959,"0.15806944444444446,0.30112753623188404,0.34862820512820514,0.3,0.65,0.13604262897318792","0,0,0"
42.916666666666664,212,AV,2,0,0,92,4113.319853961603,0.2,-8.91565540736627,"0.18226041666666667,0.29776415094339626,0.3162314814814815,0.2,0.92,0.20323500525627752","0,0,0"
41.2,251,AV,1,0,0,84,5654.280440205098,0.2,-11.765472431133842,"0.16513333333333333,0.2798246376811594,0.33522222222222225,0.2,0.84,0.2793723210896882","0,0,0"
42.983333333333334,49,AV,1,0,0,87,1068.5648373754009,0.5,-5.799302852674998,"0.24278888888888886,0.30213707165109027,0.33944444444444444,0.5,0.87,0.052796716047137274","0,0,0"
37.36666666666667,27,AV,1,0,0,56,832.3173438658397,0.2,-1.5707537752080916,"0.14541111111111113,0.3146268436578171,0.3702916666666667,0.2,0.56,0.04112396452528438","0,0,0"
37.03333333333333,99,AV,2,0,0,57,1718.6657268339234,0.1,-1.6072707260206134,"0.2018541666666667,0.3391711711711711,0.3856410256410257,0.1,0.57,0.0849175484591763","0,0,0"
13.766666666666667,7,AV,1,0,0,4,610.4868582393152,0.5,-1.061157712343591,"0.1914375,0.3152942942942943,0.3444102564102564,0.5,0.04,0.03016354289191967","0,0,0"
35.11666666666667,110,AV,1,0,0,62,1880.1756700095973,0.1,-1.667310663598578,"0.2178717948717949,0.3187514880952381,0.33321111111111107,0.1,0.62,0.09289759263654204","0,0,0"
20.166666666666668,286,AV,1,0,0,23,8987.033628468456,0.1,-4.5767300885719,"0.11466666666666667,0.29834077380952384,0.32788888888888884,0.1,0.23,0.4440403108844108","0,0,0"
23.533333333333335,76,AV,0,0,0,71,1411.5824788559885,0.3,-5.016609166849313,"0.23929166666666662,0.29648363095238095,0.35170833333333335,0.3,0.71,0.06974487341013964","0,0,0"
33.46666666666667,165,AV,1,0,0,57,2872.269398564857,0.8,-19.41924899770449,"0.1895,0.2781101449275363,0.33318888888888887,0.8,0.57,0.1419159479544386","0,0,0"
20.516666666666666,152,AV,1,0,0,24,2645.062412614309,1.0,-13.704006018216388,"0.20930555555555552,0.31609909909909906,0.34911764705882353,1.0,0.24,0.13068987883670405","0,0,0"
37.3,238,AV,1,0,0,69,4735.166802079286,1.0,-44.601444878171044,"0.22509259259259257,0.31161965811965814,0.37689285714285725,1.0,0.69,0.2339598387864436","0,0,0"
26.916666666666668,200,AV,1,0,0,42,3628.2404526711953,0.7,-17.26315585751173,"0.16184615384615383,0.28609870550161814,0.3431388888888889,0.7,0.42,0.1792677189349818","0,0,0"
46.78333333333333,296,AV,1,0,0,97,13748.957190518822,0.3,-48.72894297195244,"0.22163333333333335,0.3045231023102311,0.34993859649122805,0.3,0.97,0.6793221743240372","0,0,0"
33.416666666666664,159,AV,1,0,0,56,2815.231094880572,0.1,-2.3756474516984625,"0.16342307692307695,0.2500780141843972,0.31826190476190475,0.1,0.56,0.1390977426213619","0,0,0"
24.133333333333333,191,AV,1,0,0,33,3386.12741774329,0.1,-2.0635995374125775,"0.15942708333333333,0.32782732732732733,0.3545128205128205,0.1,0.33,0.16730515689916173","0,0,0"
25.783333333333335,144,AV,2,0,0,20,2421.832203454489,0.4,-6.307364341320025,"0.2034305555555555,0.3062132132132132,0.3517941176470588,0.4,0.2,0.119660298268526","0,0,0"
5.416666666666667,113,AV,0,0,0,0,1900.764377468582,0.4,-3.5399805095577257,"0.20355,0.2959595469255663,0.33115625000000004,0.4,0.0,0.09391486000625965","0,0,0"
41.233333333333334,35,AV,1,0,0,78,913.5589076746268,0.1,-0.9512393676713075,"0.20853703703703702,0.33198456790123454,0.3552549019607843,0.1,0.78,0.04513802864718944","0,0,0"
26.933333333333334,209,AV,2,0,0,10,3941.04555698938,0.1,-2.6804417592991747,"0.19564102564102562,0.31367746913580247,0.33878070175438596,0.1,0.1,0.19472310516250035","0,0,0"
31.55,257,AV,1,0,0,53,5849.7981009167725,0.3,-13.981903794236679,"0.182537037037037,0.3267064220183486,0.3574666666666667,0.3,0.53,0.28903265245540044","0,0,0"
16.316666666666666,239,AV,1,0,0,16,4754.245589533712,0.4,-7.835701064231488,"0.20376666666666668,0.29753086419753083,0.35181666666666667,0.4,0.16,0.234902502524312","0,0,0"
43.416666666666664,77,AV,2,0,0,99,1434.4967426379471,0.4,-6.291016859548572,"0.1640555555555555,0.31655929487179496,0.3405701754385965,0.4,0.99,0.07087704418350775","0,0,0"
30.566666666666666,45,AV,0,0,0,89,985.8695826897422,0.1,-3.260978457345533,"0.1429848484848485,0.2590142857142857,0.32182352941176473,0.1,0.89,0.04871082651814225","0,0,0"
45.46666666666667,118,AV,1,0,0,90,2043.1688306873104,1.0,-23.458605093076528,"0.22024242424242424,0.3400228758169935,0.3587986111111111,1.0,0.9,0.10095092110191003","0,0,0"
35.11666666666667,232,AV,1,0,0,62,4669.869929992837,0.2,-8.28233665193174,"0.20496969696969697,0.3365347826086956,0.37641666666666673,0.2,0.62,0.23073358587812023","0,0,0"
25.183333333333334,108,AV,1,0,0,40,1838.9541098615327,0.2,-2.338939107744761,"0.21356666666666665,0.305766369047619,0.35681944444444447,0.2,0.4,0.09086087672559844","0,0,0"
30.383333333333333,249,AV,1,0,0,52,5502.789496653042,0.8,-33.77638132120706,"0.2112037037037037,0.29930555555555555,0.3157888888888889,0.8,0.52,0.27188730562719554","0,0,0"
45.75,268,AV,1,0,0,95,6446.254396158338,0.3,-22.342131713957876,"0.20038333333333333,0.30311637931034485,0.3531904761904762,0.3,0.95,0.31850295931272143","0,0,0"
27.083333333333332,63,AV,0,0,0,78,1249.5878531833848,0.3,-5.063863966443183,"0.22928125,0.32990957446808516,0.3616842105263158,0.3,0.78,0.06174088155709868","0,0,0"
44.31666666666667,208,AV,1,0,0,89,3919.41152379869,1.0,-43.86243788628248,"0.16211666666666666,0.26328304597701147,0.32260714285714287,1.0,0.89,0.1936541892976206","0,0,0"
14.85,0,AV,1,0,0,11,491.0984231068265,0.3,-0.5524857259951798,"0.13561666666666666,0.27598856209150324,0.3334696969696969,0.3,0.11,0.024264680147676444","0,0,0"
46.95,237,AV,1,0,0,90,4705.31956239884,0.8,-44.62924312214659,"0.1821282051282051,0.3137777777777779,0.35756818181818184,0.8,0.9,0.23248511663287746","0,0,0"
41.55,221,AV,2,0,0,87,4266.216809230351,0.1,-4.476295667260633,"0.22400980392156863,0.3334283489096573,0.33936458333333336,0.1,0.87,0.2107894903464134","0,0,0"
31.7,82,AV,1,0,0,55,1460.8215047913693,0.2,-2.3387899849437583,"0.17266666666666666,0.30822727272727274,0.3395964912280702,0.2,0.55,0.07217772425813608","0,0,0"
33.666666666666664,175,AV,1,0,0,58,2996.640782499388,0.3,-7.642947450314095,"0.20116666666666666,0.30716519174041296,0.3725833333333333,0.3,0.58,0.14806101319737625","0,0,0"
26.9,101,AV,2,0,0,27,1751.9448432672848,0.3,-3.5702512336280265,"0.16751515151515153,0.29922277227722777,0.373125,0.3,0.27,0.08656183619837181","0,0,0"
15.5,67,AV,0,0,0,39,1293.252850487379,0.1,-3.0061974541049086,"0.17341666666666666,0.307715873015873,0.33301111111111115,0.1,0.39,0.06389832524532672","0,0,0"
34.583333333333336,192,AV,1,0,0,49,3387.2787239910285,0.2,-5.916332788115644,"0.2171875,0.3228305084745763,0.36983333333333335,0.2,0.49,0.16736204178524355","0,0,0"
39.28333333333333,88,AV,1,0,0,77,1526.0895405694364,0.4,-6.0555438503740096,"0.21089743589743593,0.31528422619047614,0.36569444444444443,0.4,0.77,0.07540255239340664","0,0,0"
28.433333333333334,298,AV,1,0,0,44,19040.472291926453,0.1,-13.671315542940459,"0.2034848484848485,0.2963942307692307,0.3099,0.1,0.44,0.9407706241479663","0,0,0"
21.833333333333332,169,AV,1,0,0,26,2949.689674384749,1.0,-16.263019669377194,"0.22683333333333333,0.3216608695652174,0.36274242424242426,1.0,0.26,0.14574120607241453","0,0,0"
31.05,274,AV,1,0,0,48,7592.14370769901,0.5,-29.76465430859271,"0.22010000000000002,0.3226448598130841,0.3664347826086957,0.5,0.48,0.37512020001424035","0,0,0"
39.266666666666666,37,AV,1,0,0,73,932.0432837729122,1.0,-9.241978015862715,"0.21051190476190476,0.3062383040935673,0.3082916666666667,1.0,0.73,0.04605132311658888","0,0,0"
39.083333333333336,228,AV,1,0,0,75,4549.115907877681,0.2,-8.979525929270338,"0.19720833333333332,0.29129741379310337,0.34113541666666675,0.2,0.75,0.22476725085176577","0,0,0"
48.733333333333334,36,AV,1,0,0,100,921.9548251796884,1.0,-11.345942377211317,"0.19394444444444445,0.33868429487179486,0.3637450980392156,1.0,1.0,0.04555286250374671","0,0,0"
31.733333333333334,270,AV,1,0,0,56,7130.271245067938,0.3,-17.1414601649108,"0.17778787878787877,0.2978243243243243,0.34004629629629624,0.3,0.56,0.3522995452382328","0,0,0"
23.533333333333335,39,AV,1,0,0,31,948.3478854920526,0.5,-2.8179023870260487,"0.18974999999999997,0.2594054054054054,0.3181811594202899,0.5,0.31,0.04685691712185437","0,0,0"
8.616666666666667,59,AV,0,0,0,12,1205.4292211271013,0.2,-3.024584938823831,"0.19180000000000003,0.30442672413793104,0.3368333333333334,0.2,0.12,0.059559047871243866","0,0,0"
17.15,123,AV,1,0,0,16,2105.159940183184,0.4,-3.646817472135516,"0.1506222222222222,0.3311635220125787,0.3656111111111111,0.4,0.16,0.10401383959877876","0,0,0"
13.9,285,AV,1,0,0,9,8975.220492497892,0.2,-6.300786103319228,"0.14525,0.2853981481481481,0.36878571428571433,0.2,0.09,0.44345663569349214","0,0,0"
30.316666666666666,280,AV,1,0,0,51,8333.728817076937,0.2,-12.760145385743224,"0.13190740740740742,0.2806529051987767,0.35225833333333334,0.2,0.51,0.4117611759055859","0,0,0"
20.416666666666668,151,AV,1,0,0,23,2629.980017260476,0.1,-1.3559450846566008,"0.24354166666666666,0.32996212121212126,0.37073484848484844,0.1,0.23,0.1299446728211638","0,0,0"
16.95,104,AV,0,0,0,49,1804.2001824470888,0.3,-4.816757052460466,"0.16171666666666662,0.2594210526315789,0.354,0.3,0.49,0.08914372005616313","0,0,0"
36.85,147,AV,1,0,0,57,2476.7926805910606,0.4,-9.219172755533393,"0.14236111111111108,0.27201501501501507,0.32581372549019605,0.4,0.57,0.12237584027749006","0,0,0"
43.266666666666666,260,AV,1,0,0,88,5899.132481879994,0.2,-12.890696904848877,"0.1673611111111111,0.27681018518518524,0.3243157894736842,0.2,0.88,0.29147021469961026","0,0,0"
22.366666666666667,288,AV,1,0,0,29,9095.945853089892,0.3,-15.41257491773565,"0.21314102564102566,0.3597610062893082,0.3794126984126984,0.3,0.29,0.44942155458275634","0,0,0"
35.5,80,AV,2,0,0,63,1454.957177165027,0.2,-2.6086353428968914,"0.22282051282051285,0.3547318840579709,0.3930833333333333,0.2,0.63,0.07188797371641335","0,0,0"
35.2,96,AV,2,0,0,39,1653.1781197118603,0.1,-1.469491661966098,"0.2215897435897436,0.35174999999999995,0.3907745098039216,0.1,0.39,0.08168187152419273","0,0,0"
30.683333333333334,217,AV,1,0,0,50,4223.122456076251,0.4,-13.088835760330605,"0.1949404761904762,0.2746828908554572,0.31733333333333336,0.4,0.5,0.20866024161284988","0,0,0"
7.05,120,AV,0,0,0,4,2046.5713793034688,0.5,-4.321758614152709,"0.18285416666666665,0.28610726072607257,0.33858333333333335,0.5,0.04,0.10111903761374018","0,0,0"
10.7,71,AV,1,0,0,3,1342.087988935639,0.3,-1.0879046576978284,"0.2339358974358974,0.37152485380116956,0.4229358974358975,0.3,0.03,0.06631122041798494","0,0,0"
22.55,215,AV,1,0,0,24,4159.866430607663,0.2,-4.73762565708095,"0.1987156862745098,0.318651376146789,0.36095238095238097,0.2,0.24,0.20553482488742356","0,0,0"
36.333333333333336,167,AV,1,0,0,67,2898.378436294527,0.2,-5.318573224850226,"0.15366666666666667,0.2742641242937853,0.3257179487179486,0.2,0.67,0.14320596930182183","0,0,0"
17.933333333333334,227,AV,1,0,0,19,4547.885280126284,0.1,-2.059564209350119,"0.23120833333333335,0.3310086206896552,0.3669895833333333,0.1,0.19,0.2247064467698068","0,0,0"
32.43333333333333,68,AV,1,0,0,55,1294.2551843223837,0.1,-1.0600255002909758,"0.2089,0.3132222222222222,0.36946969696969695,0.1,0.55,0.06394784955402583","0,0,0"
23.4,279,AV,1,0,0,27,8029.700924090037,0.5,-23.72411636662965,"0.15625000000000003,0.2786163793103449,0.3419523809523809,0.5,0.27,0.39673946287985623","0,0,0"
22.116666666666667,204,AV,1,0,0,29,3783.636689084741,0.1,-2.113167460612564,"0.1534242424242424,0.28453478260869564,0.34045238095238095,0.1,0.29,0.18694569099783895","0,0,0"
19.666666666666668,258,AV,1,0,0,21,5862.8833826120845,0.1,-2.91170134321644,"0.14709090909090908,0.2762834757834758,0.3298055555555555,0.1,0.21,0.28967918308966784","0,0,0"
13.766666666666667,131,AV,1,0,0,1,2177.5877894542577,0.6,-4.542140187093983,"0.22043749999999995,0.3476925566343042,0.36521111111111115,0.6,0.01,0.1075924269321053","0,0,0"
14.65,234,AV,1,0,0,4,4687.914961676448,0.1,-1.7342917724383833,"0.1585625,0.2704365942028985,0.34638541666666667,0.1,0.04,0.23162517278098077","0,0,0"
24.366666666666667,73,AV,2,0,0,12,1373.5659577718477,0.1,-0.8451824201441251,"0.2112,0.3380179738562091,0.378525,0.1,0.12,0.06786651526229966","0,0,0"
41.53333333333333,214,AV,2,0,0,74,4135.471393234625,0.3,-13.012114535278641,"0.17835,0.3049226190476191,0.34888461538461535,0.3,0.74,0.20432949057724065","0,0,0"
8.7,70,AV,0,0,0,16,1338.7213376931895,0.3,-3.382339063479602,"0.20694444444444446,0.2943244047619047,0.351659090909091,0.3,0.16,0.06614487755935793","0,0,0"
45.68333333333333,114,AV,1,0,0,91,1927.298426803608,0.9,-20.010321923745035,"0.2031904761904762,0.2918723723723724,0.31605303030303034,0.9,0.91,0.09522588075045987","0,0,0"
13.933333333333334,53,AV,1,0,0,7,1122.7546975855585,0.2,-0.7900866390416893,"0.19791666666666669,0.28915935672514614,0.3568333333333334,0.2,0.07,0.0554741826472708","0,0,0"
26.183333333333334,111,AV,1,0,0,41,1885.557658153182,0.1,-1.2467218354203071,"0.2004333333333333,0.28270144927536234,0.3227777777777778,0.1,0.41,0.09316351126856799","0,0,0"
26.383333333333333,290,AV,1,0,0,41,10838.007207066395,0.4,-28.883106748798156,"0.19853030303030303,0.32695151515151516,0.3448070175438596,0.4,0.41,0.5354950574957825","0,0,0"
15.183333333333334,220,AV,0,0,0,39,4245.708624069837,0.1,-4.127879022107585,"0.18575757575757573,0.27115723270440245,0.3286923076923077,0.1,0.39,0.20977620150263931","0,0,0"
32.1,130,AV,0,0,0,90,2158.6935677652164,0.2,-5.999700178043609,"0.17373076923076927,0.2930190058479532,0.34598717948717955,0.2,0.9,0.10665888240344744","0,0,0"
18.916666666666668,129,AV,1,0,0,22,2142.030696222753,0.4,-4.0929374414357325,"0.18355,0.317,0.3655098039215687,0.4,0.22,0.10583558664582342","0,0,0"
28.45,138,AV,1,0,0,44,2283.7291705859197,0.1,-1.640709467251753,"0.14698717948717946,0.23802469135802473,0.3245294117647059,0.1,0.44,0.1128367660348439","0,0,0"
40.25,201,AV,1,0,0,78,3667.3634505223554,0.3,-11.182680218448848,"0.18322222222222223,0.28618436578171097,0.3496923076923077,0.3,0.78,0.1812007469892587","0,0,0"
24.433333333333334,143,AV,1,0,0,33,2421.0391237858234,0.2,-2.9875785820454692,"0.16326666666666667,0.3145413105413105,0.34535185185185185,0.2,0.33,0.1196211129981477","0,0,0"
20.416666666666668,60,AV,1,0,0,24,1234.5997004771,0.1,-0.6365255189749359,"0.1625,0.28684077380952383,0.3127666666666667,0.1,0.24,0.06100033197617807","0,0,0"
25.433333333333334,206,AV,1,0,0,40,3849.958431883558,0.7,-17.30860941472229,"0.21792424242424238,0.32323214285714286,0.3706960784313725,0.7,0.4,0.19022258173935064","0,0,0"
48.1,30,AV,1,0,0,100,854.5785374972068,0.2,-2.076021598667457,"0.17020833333333332,0.29029393939393944,0.3377291666666666,0.2,1.0,0.04222386775802824","0,0,0"
17.033333333333335,235,AV,1,0,0,13,4689.4303597647895,0.3,-6.0512598834338585,"0.21025,0.28134347826086953,0.36458333333333337,0.3,0.13,0.2317000470794511","0,0,0"
31.05,103,AV,1,0,0,54,1794.439334206041,0.1,-1.4070035688661005,"0.19161904761904766,0.2501942028985507,0.2939166666666666,0.1,0.54,0.08866144634198442","0,0,0"
16.2,42,AV,1,0,0,15,959.5289757906356,0.1,-0.39253458100526006,"0.16675,0.297046783625731,0.35147916666666673,0.1,0.15,0.04740936357053375","0,0,0"
28.65,107,AV,0,0,0,84,1830.3424648913517,0.3,-6.4726751226619115,"0.19574999999999998,0.29502721088435374,0.34884615384615386,0.3,0.84,0.09043538399152518","0,0,0"
25.883333333333333,287,AV,1,0,0,41,8987.822610831106,0.2,-11.749232756414738,"0.1826666666666667,0.3164166666666666,0.3689166666666667,0.2,0.41,0.4440792937110115","0,0,0"
19.6,119,AV,1,0,0,21,2044.1603053436156,0.2,-2.023512221451256,"0.22203703703703706,0.29909604519774013,0.3313589743589743,0.2,0.21,0.10099990886948945","0,0,0"
14.75,127,AV,1,0,0,10,2133.445027811215,0.3,-2.3839631939557133,"0.19670833333333332,0.2753735632183908,0.3,0.3,0.1,0.10541137738743885","0,0,0"
16.283333333333335,55,AV,1,0,0,15,1148.2139867956057,0.1,-0.47214017891384974,"0.16381666666666667,0.25022713864306784,0.32310784313725494,0.1,0.15,0.05673210057248192","0,0,0"
19.866666666666667,84,AV,1,0,0,22,1474.5167950508735,0.2,-1.4794814980645128,"0.1787962962962963,0.28240178571428565,0.32266666666666666,0.2,0.22,0.07285439480326665","0,0,0"
26.916666666666668,26,AV,1,0,0,41,825.4433072334436,0.1,-0.5610652109351901,"0.15453703703703703,0.27341884057971017,0.32778125,0.1,0.41,0.040784325275063815","0,0,0"
16.366666666666667,230,AV,1,0,0,10,4577.590037133467,0.5,-9.459582105355777,"0.22619230769230772,0.30849430199430194,0.3502666666666666,0.5,0.1,0.2261741289975035","0,0,0"
32.733333333333334,75,AV,1,0,0,57,1405.7852601227096,0.7,-8.134148045524837,"0.2083939393939394,0.35154927536231884,0.3809404761904762,0.7,0.57,0.0694584386514629","0,0,0"
36.75,92,AV,1,0,0,68,1567.0706205360798,0.1,-1.454289022845983,"0.17875000000000005,0.2857824074074074,0.31703787878787876,0.1,0.68,0.07742738641996724","0,0,0"
17.533333333333335,203,AV,1,0,0,17,3773.073658575576,0.1,-1.6705696501774017,"0.15466666666666667,0.29378333333333334,0.3554259259259259,0.1,0.17,0.1864237822629797","0,0,0"
10.583333333333334,172,AV,1,0,0,0,2968.817229463249,0.2,-1.5868677952097334,"0.14368333333333333,0.2995742424242424,0.33471568627450987,0.2,0.0,0.1466862793696381","0,0,0"
20.716666666666665,278,AV,1,0,0,25,8028.27043643778,0.5,-20.99987405827475,"0.20966666666666664,0.3364218289085546,0.36390625,0.5,0.25,0.39666878392080435","0,0,0"
39.166666666666664,269,AV,1,0,0,77,6783.106781750961,0.7,-46.96216606052327,"0.17973611111111107,0.32424293785310737,0.38234999999999997,0.7,0.77,0.33514649757064985","0,0,0"
18.733333333333334,173,AV,0,0,0,52,2987.078671303881,0.1,-3.913079304101668,"0.15873684210526315,0.30342880258899674,0.31963888888888886,0.1,0.52,0.14758855888113623","0,0,0"
20.083333333333332,233,AV,1,0,0,22,4679.48341028673,0.3,-7.119668572469077,"0.15754166666666666,0.26691254125412545,0.34861458333333334,0.3,0.22,0.23120857828995","0,0,0"
42.93333333333333,74,AV,1,0,0,87,1386.7650627050614,0.3,-4.510488385767977,"0.19646666666666668,0.31872368421052627,0.3801111111111111,0.3,0.87,0.0685186697885022","0,0,0"
13.25,241,AV,1,0,0,0,4950.077303955518,0.4,-6.6251034623647085,"0.16034848484848485,0.2744749262536873,0.31855208333333335,0.4,0.0,0.24457835096861175","0,0,0"
34.4,291,AV,1,0,0,64,11185.875164713363,0.3,-29.15106861107119,"0.2214895833333333,0.2683969696969697,0.3006785714285714,0.3,0.64,0.5526828641120808","0,0,0"
36.43333333333333,133,AV,1,0,0,67,2198.5025098873134,0.1,-2.02269633274986,"0.23181818181818184,0.32202727272727266,0.3813947368421053,0.1,0.67,0.10862580227563756","0,0,0"
26.983333333333334,10,AV,1,0,0,43,649.7132696839626,0.2,-0.8854257437864776,"0.17864583333333336,0.2976086309523809,0.3271666666666666,0.2,0.43,0.03210168050804979","0,0,0"
25.133333333333333,226,AV,1,0,0,40,4504.939201911708,0.7,-20.01436793576599,"0.20829487179487177,0.3126198830409357,0.3695128205128205,0.7,0.4,0.2225845241521748","0,0,0"
17.883333333333333,13,AV,1,0,0,18,676.2529471816457,0.2,-0.6107907511160824,"0.18975757575757576,0.2905478395061729,0.3384206349206349,0.2,0.18,0.033412979334117666","0,0,0"
40.9,266,AV,1,0,0,84,6130.868263041086,0.4,-25.328536561452566,"0.15190909090909088,0.32559130434782607,0.37173809523809515,0.4,0.84,0.3029200470429381","0,0,0"
45.8,136,AV,1,0,0,90,2276.662146114732,0.4,-10.532436999197445,"0.16952564102564105,0.28425000000000006,0.32417777777777773,0.4,0.9,0.1124875914492194","0,0,0"
29.583333333333332,219,AV,1,0,0,46,4237.057085974603,0.5,-15.826549510953114,"0.16021296296296295,0.26588837920489294,0.3173333333333333,0.5,0.46,0.20934873768929974","0,0,0"
13.666666666666666,244,AV,0,0,0,30,5370.167679594476,0.2,-6.206681395006289,"0.1616025641025641,0.298972972972973,0.30513888888888885,0.2,0.3,0.26533459476493776","0,0,0"
46.45,205,AV,1,0,0,95,3803.247088152212,0.4,-17.84452800451215,"0.2042777777777778,0.28074305555555557,0.3620392156862745,0.4,0.95,0.18791462113190488","0,0,0"
22.05,157,AV,1,0,0,27,2758.442965787371,0.2,-3.071902393717754,"0.1132820512820513,0.29931120943952805,0.2566428571428571,0.2,0.27,0.13629189816371895","0,0,0"
26.9,125,AV,1,0,0,45,2113.1349678504243,0.2,-2.8708752846048693,"0.13743750000000002,0.24724057971014496,0.29266666666666663,0.2,0.45,0.10440787771091574","0,0,0"
22.05,117,AV,0,0,0,57,2022.4315636845977,0.1,-3.62612666614256,"0.14775,0.25067105263157896,0.3130294117647059,0.1,0.57,0.09992631355425287","0,0,0"
25.366666666666667,86,AV,1,0,0,35,1490.1599361877834,0.5,-4.772776563295047,"0.14551041666666667,0.25879797979797986,0.3294705882352941,0.5,0.35,0.0736273067051025","0,0,0"
23.716666666666665,210,AV,1,0,0,28,4021.28082322038,0.3,-7.22510430737702,"0.18238888888888888,0.30908571428571424,0.35650000000000004,0.3,0.28,0.19868744913115402","0,0,0"
20.4,58,AV,1,0,0,23,1200.7903182940884,0.3,-1.8557668555454092,"0.2285151515151515,0.317782874617737,0.3596083333333333,0.3,0.23,0.05932984433854443","0,0,0"
36.38333333333333,47,AV,2,0,0,52,1017.530975349866,0.1,-0.9348779962915647,"0.21894444444444447,0.32372442244224425,0.36405128205128207,0.1,0.52,0.050275184149485695","0,0,0"
40.266666666666666,155,AV,1,0,0,78,2747.619709803412,0.6,-16.76325560324506,"0.14409523809523808,0.2929742424242424,0.3406041666666667,0.6,0.78,0.13575713194935043","0,0,0"
39.78333333333333,1,AV,1,0,0,78,513.7357984527049,0.4,-2.064456819708092,"0.24182051282051278,0.3425150150150149,0.3472395833333334,0.4,0.78,0.02538317014134346","0,0,0"
31.833333333333332,195,AV,1,0,0,51,3508.846318545673,0.5,-14.103317484053525,"0.20914285714285716,0.3092977207977207,0.35153703703703715,0.5,0.51,0.17336857460921315","0,0,0"
23.0,105,AV,1,0,0,30,1805.1606101798543,0.8,-8.387614956391243,"0.17231666666666665,0.30062831858407085,0.35915151515151506,0.8,0.3,0.08919117382641367","0,0,0"
46.833333333333336,150,AV,1,0,0,98,2574.4307659940623,0.2,-6.089352232696394,"0.1441969696969697,0.2801775700934579,0.32175000000000004,0.2,0.98,0.12720004007342384","0,0,0"
35.416666666666664,292,AV,1,0,0,63,11861.36896338871,0.7,-74.25835998754505,"0.22733333333333333,0.3320492063492063,0.3467045454545455,0.7,0.63,0.5860583346804944","0,0,0"
15.0,46,AV,1,0,0,11,1011.0784796502788,0.4,-1.5319370903792104,"0.15244444444444447,0.26836925287356317,0.3111666666666667,0.4,0.11,0.04995637281363524","0,0,0"
23.716666666666665,265,AV,1,0,0,32,6081.635477498837,0.7,-25.496284087275214,"0.2378095238095238,0.3065233918128654,0.3535526315789474,0.7,0.32,0.3004875045265025","0,0,0"
43.25,137,AV,1,0,0,86,2280.385817754286,0.1,-2.4905728943907297,"0.19521666666666665,0.3177739273927393,0.3604210526315789,0.1,0.86,0.1126715743273096","0,0,0"
16.15,178,AV,1,0,0,15,3048.604611013583,0.3,-3.729921550596164,"0.1681111111111111,0.2892574404761905,0.35271794871794876,0.3,0.15,0.15062849380578247","0,0,0"
28.966666666666665,163,AV,1,0,0,46,2850.5966631146844,0.2,-4.170317340482594,"0.24084848484848487,0.31559345794392524,0.32666666666666666,0.2,0.46,0.14084511984976505","0,0,0"
28.1,282,AV,1,0,0,42,8475.089255911002,0.2,-12.02777818641915,"0.12757575757575756,0.2849506802721088,0.3443974358974359,0.2,0.42,0.41874565329841523","0,0,0"
28.866666666666667,51,AV,1,0,0,45,1076.386102050743,0.5,-3.923191769259021,"0.19904166666666667,0.31002233676975943,0.367656862745098,0.5,0.45,0.05318315688418353","0,0,0"
40.8,183,AV,1,0,0,78,3159.4556453821087,0.7,-22.786377078816418,"0.22351282051282056,0.35161370716510904,0.37442499999999995,0.7,0.78,0.15610553214765938","0,0,0"
40.71666666666667,193,AV,1,0,0,78,3389.778327720714,0.1,-3.4853655112044217,"0.16742307692307695,0.3201682539682539,0.34634848484848485,0.1,0.78,0.1674855446965603","0,0,0"
27.766666666666666,128,AV,1,0,0,44,2139.4702648744856,0.1,-1.5001504466670423,"0.14847435897435898,0.3022492753623189,0.29652777777777783,0.1,0.44,0.10570907830292801","0,0,0"
23.683333333333334,2,AV,2,0,0,15,567.550811201735,0.2,-0.6788633861259811,"0.17916666666666667,0.30326000000000003,0.32411458333333326,0.2,0.15,0.028042115904674286","0,0,0"
12.6,135,AV,1,0,0,6,2260.56382504795,0.2,-1.4385406159396046,"0.15261111111111111,0.27724057971014493,0.33070175438596494,0.2,0.06,0.11169218956393358","0,0,0"
30.116666666666667,264,AV,1,0,0,46,6020.57275324985,0.2,-9.157554684446533,"0.2,0.30726041666666665,0.36197435897435903,0.2,0.46,0.2974704566128196","0,0,0"
39.13333333333333,299,AV,1,0,0,77,20239.22920549412,0.1,-20.00071977041254,"0.17804545454545453,0.30296177370030586,0.3407416666666667,0.1,0.77,1.0","0,0,0"
5.216666666666667,134,AV,0,0,0,3,2222.040577514192,0.1,-2.792718308401491,"0.23379166666666662,0.3602312312312312,0.39003921568627453,0.1,0.03,0.1097887945708426","0,0,0"
26.983333333333334,262,AV,0,0,0,80,5985.732437913218,0.3,-14.735985880027146,"0.15204444444444448,0.24674454828660441,0.2826555555555556,0.3,0.8,0.2957490316028605","0,0,0"
21.516666666666666,283,AV,1,0,0,25,8639.921150992108,0.3,-14.083507835771224,"0.16648148148148148,0.2798274853801169,0.33325000000000005,0.3,0.25,0.42688983178503276","0,0,0"
46.3,43,AV,1,0,0,93,969.457736312404,1.0,-11.334821512945531,"0.19875757575757574,0.30804970760233913,0.3521,1.0,0.93,0.04789993366196159","0,0,0"
13.433333333333334,29,AV,1,0,0,4,850.3216016091212,0.1,-0.28845084633710094,"0.20996153846153848,0.30858411214953263,0.34225,0.1,0.04,0.04201353682867991","0,0,0"
23.866666666666667,31,AV,2,0,0,1,859.2772315809713,0.8,-4.143047123312966,"0.2199722222222222,0.3409871794871795,0.3849666666666667,0.8,0.01,0.042456025516412095","0,0,0"
30.416666666666668,93,AV,1,0,0,53,1614.9493849180149,0.1,-1.2404388162775157,"0.2087870370370371,0.283619937694704,0.32156666666666667,0.1,0.53,0.0797930281099649","0,0,0"
14.116666666666667,21,AV,1,0,0,6,777.0630287344238,0.8,-2.2160686375018757,"0.1754074074074074,0.28943365695792883,0.33433333333333337,0.8,0.06,0.03839390427593374","0,0,0"
43.733333333333334,281,AV,1,0,0,89,8348.421721831439,0.3,-27.659417421825374,"0.1610128205128205,0.27311356932153397,0.32086904761904755,0.3,0.89,0.41248713758156286","0,0,0"
33.86666666666667,284,AV,1,0,0,61,8689.506535985933,0.2,-14.862859664245297,"0.17455952380952378,0.2847172619047619,0.31235,0.2,0.61,0.42933979588645044","0,0,0"
16.75,242,AV,1,0,0,17,4967.653125719208,0.6,-12.607301493302534,"0.2071527777777778,0.33325675675675676,0.3560882352941176,0.6,0.17,0.24544675468029653","0,0,0"
31.983333333333334,289,AV,1,0,0,57,10783.100237376317,1.0,-87.0907801158466,"0.1844848484848485,0.3169414414414415,0.34220000000000006,1.0,0.57,0.5327821592360418","0,0,0"
26.166666666666668,179,AV,1,0,0,40,3065.2253709468137,0.3,-6.076267465134466,"0.17633333333333337,0.33059795321637425,0.3586470588235294,0.3,0.4,0.15144970887106365","0,0,0"
13.183333333333334,211,AV,1,0,0,7,4034.238052294327,0.7,-9.4013367405529,"0.21428787878787875,0.300584126984127,0.357,0.7,0.07,0.1993276528139321","0,0,0"
38.21666666666667,90,AV,2,0,0,73,1538.317647081207,0.4,-5.938320479389239,"0.19847435897435897,0.29596396396396396,0.3486354166666667,0.4,0.73,0.07600673086224138","0,0,0"
27.6,109,AV,2,0,0,22,1862.7228332236152,0.2,-2.5965227372207975,"0.1942361111111111,0.2936111111111111,0.3842777777777778,0.2,0.22,0.09203526548916015","0,0,0"
31.283333333333335,186,AV,2,0,0,36,3252.767976975094,0.4,-10.278527765626688,"0.19665476190476192,0.3553,0.36732291666666667,0.4,0.36,0.1607160007897979","0,0,0"
15.05,62,AV,1,0,0,10,1244.4027248274256,0.1,-0.47293588405688775,"0.23047222222222224,0.3303393939393938,0.3653472222222222,0.1,0.1,0.06148468956958209","0,0,0"
18.1,87,AV,1,0,0,20,1503.4428459110418,0.1,-0.6871796846209561,"0.20797619047619048,0.30068303571428573,0.34735714285714286,0.1,0.2,0.07428360194186243","0,0,0"
28.483333333333334,154,AV,1,0,0,46,2722.266725979925,0.2,-3.9161227564812227,"0.16592592592592595,0.3044348484848484,0.3370079365079364,0.2,0.46,0.13450446646658565","0,0,0"
43.11666666666667,231,AV,1,0,0,87,4660.29795945294,0.1,-5.0741543859868505,"0.17403703703703702,0.27264766081871344,0.3396666666666667,0.1,0.87,0.23026064442157015","0,0,0"
24.566666666666666,48,AV,1,0,0,34,1040.734547163155,0.1,-0.6456408764808461,"0.2079642857142857,0.2973728070175438,0.3639444444444444,0.1,0.34,0.05142164934229008","0,0,0"
45.68333333333333,189,AV,1,0,0,93,3313.1900178081896,0.2,-7.644321413141623,"0.13648148148148148,0.3128246376811595,0.3407888888888889,0.2,0.93,0.16370139317898502","0,0,0"
35.36666666666667,25,AV,1,0,0,66,822.5771428470101,0.1,-0.734641707542658,"0.20833333333333337,0.2912248427672956,0.32918888888888886,0.1,0.66,0.04064271096963091","0,0,0"
27.533333333333335,146,AV,2,0,0,26,2476.7673195544394,0.1,-1.7220621262221945,"0.2569166666666667,0.2932966360856269,0.3669791666666667,0.1,0.26,0.12237458721412664","0,0,0"
20.4,23,AV,1,0,0,21,793.0252767736928,0.1,-0.40852817288341753,"0.18623809523809523,0.3211194968553459,0.3730083333333333,0.1,0.21,0.0391825829295129","0,0,0"
30.65,5,AV,2,0,0,34,591.6693204447811,0.3,-1.373838232699435,"0.18576190476190477,0.34963621794871796,0.38011111111111107,0.3,0.34,0.02923378723751827","0,0,0"
39.11666666666667,148,AV,1,0,0,75,2520.757475212996,1.0,-24.89990654177147,"0.18052083333333332,0.28985303030303033,0.3381547619047619,1.0,0.75,0.12454809665027725","0,0,0"
44.983333333333334,252,AV,1,0,0,89,5702.616109653807,0.1,-6.477845488196813,"0.18708333333333332,0.317168284789644,0.35314814814814816,0.1,0.89,0.28176053800041856","0,0,0"
30.766666666666666,271,AV,1,0,0,52,7332.887514065835,0.6,-34.18310694688265,"0.18158333333333332,0.3089107142857143,0.32276041666666666,0.6,0.52,0.3623106117141683","0,0,0"
42.6,149,AV,2,0,0,84,2528.765907819195,0.3,-8.161017247961947,"0.1738222222222222,0.2810579710144927,0.3530476190476191,0.3,0.84,0.12494378526691811","0,0,0"
16.983333333333334,187,AV,1,0,0,16,3257.969850357721,0.1,-1.397252221176144,"0.23057142857142857,0.3238479532163743,0.38352777777777775,0.1,0.16,0.1609730201322744","0,0,0"
43.483333333333334,202,AV,1,0,0,88,3759.463069718096,0.9,-37.1531785942974,"0.2105882352941176,0.3283239875389408,0.35509375,0.9,0.88,0.18575129672910448","0,0,0"
36.0,56,AV,1,0,0,66,1148.9174546898266,0.3,-3.133411240063163,"0.21621875000000002,0.267294498381877,0.2918981481481482,0.3,0.66,0.05676685821503235","0,0,0"
42.5,160,AV,1,0,0,85,2818.3733061874163,0.1,-3.024769331135485,"0.17123809523809524,0.29116975308641974,0.3173888888888889,0.1,0.85,0.13925299612805134","0,0,0"
43.5,293,AV,1,0,0,83,12197.400506638176,0.3,-40.195978942330356,"0.13813541666666665,0.2632909090909091,0.3190138888888889,0.3,0.83,0.6026613159421645","0,0,0"
28.75,41,AV,1,0,0,45,954.0002559944874,0.1,-0.6926138222182201,"0.15908333333333333,0.3070185185185185,0.3567962962962963,0.1,0.45,0.04713619507483592","0,0,0"
33.733333333333334,142,AV,1,0,0,57,2382.718205806423,0.2,-4.059445832114647,"0.26176388888888885,0.3366622807017544,0.3799166666666667,0.2,0.57,0.1177277149052501","0,0,0"
46.016666666666666,44,AV,1,0,0,94,981.8973671489576,0.5,-5.705005535981212,"0.18833333333333332,0.3080795795795796,0.3576944444444445,0.5,0.94,0.048514563335367175","0,0,0"
33.483333333333334,145,AV,1,0,0,59,2436.431929205765,0.3,-6.180292608300986,"0.18813541666666667,0.30019206349206345,0.34417543859649125,0.3,0.59,0.12038165606348158","0,0,0"
21.966666666666665,174,AV,2,0,0,2,2991.769966736588,0.4,-6.638304404307783,"0.2279642857142857,0.3232897196261682,0.34725555555555554,0.4,0.02,0.14782035107959768","0,0,0"
25.466666666666665,38,AV,1,0,0,41,946.2003450753726,0.1,-0.6084992118161487,"0.1644871794871795,0.293065543071161,0.3177916666666667,0.1,0.41,0.04675080930545112","0,0,0"
38.88333333333333,222,AV,1,0,0,68,4304.4895651906745,0.2,-8.45317689864465,"0.16938235294117646,0.29802482269503555,0.3377222222222222,0.2,0.68,0.21268050880229086","0,0,0"
42.983333333333334,197,AV,1,0,0,85,3531.3895067900216,0.9,-34.49793006822525,"0.1957619047619048,0.2907923728813559,0.31884444444444443,0.9,0.85,0.17448241091273348","0,0,0"
34.166666666666664,122,AV,1,0,0,60,2088.64210540395,0.3,-5.406207469795578,"0.17561666666666667,0.2858404558404558,0.3607820512820513,0.3,0.6,0.10319770996204586","0,0,0"
30.283333333333335,247,AV,1,0,0,49,5427.330032863625,0.3,-12.451336704183342,"0.1185151515151515,0.2811048850574712,0.35730769230769227,0.3,0.49,0.26815892926348833","0,0,0"
44.68333333333333,184,AV,1,0,0,89,3197.7177395395383,0.9,-32.47379265039963,"0.1690757575757576,0.28428333333333333,0.3342105263157894,0.9,0.89,0.15799602381455757","0,0,0"
18.75,115,AV,1,0,0,21,1942.5668635563816,0.1,-0.9197759770626808,"0.19661111111111113,0.3380323129251701,0.40741666666666676,0.1,0.21,0.09598027888478354","0,0,0"
42.03333333333333,188,AV,2,0,0,76,3278.222126324269,0.2,-6.959323402853372,"0.19380952380952382,0.30184313725490197,0.3092857142857143,0.2,0.76,0.16197366475964245","0,0,0"
45.666666666666664,64,AV,1,0,0,91,1265.4739572733297,0.4,-5.837371452742295,"0.18653333333333333,0.2732962962962963,0.3325980392156863,0.4,0.91,0.06252579801457091","0,0,0"
29.4,297,AV,1,0,0,46,16390.717038727882,0.3,-36.506597040803015,"0.13770000000000002,0.23898253968253966,0.29823076923076924,0.3,0.46,0.8098488767684134","0,0,0"
25.316666666666666,162,AV,0,0,0,77,2838.632091159661,0.2,-6.129530426322833,"0.16893939393939394,0.31431286549707604,0.3350666666666667,0.2,0.77,0.14025396235885745","0,0,0"
28.666666666666668,168,AV,1,0,0,42,2909.8477340427667,0.3,-6.319366291102979,"0.18171212121212119,0.31203921568627446,0.3813623188405797,0.3,0.42,0.1437726557913017","0,0,0"
49.166666666666664,69,AV,1,0,0,96,1317.647826688136,0.5,-8.179842358438554,"0.15477083333333333,0.29246666666666665,0.31589285714285714,0.5,0.96,0.06510365653304864","0,0,0"
41.13333333333333,54,AV,1,0,0,82,1129.1321270070612,0.3,-3.5185581937543273,"0.16829166666666664,0.31526811594202897,0.3457575757575757,0.3,0.82,0.05578928503366858","0,0,0"
39.25,253,AV,1,0,0,75,5721.231751015957,0.7,-39.694657161404905,"0.14105555555555555,0.3312748538011696,0.3461538461538462,0.7,0.75,0.2826803181547486","0,0,0"
18.133333333333333,72,AV,1,0,0,20,1348.5865378412918,0.3,-1.8526037287516735,"0.20406060606060605,0.3161287878787879,0.35958771929824573,0.3,0.2,0.0666323071965214","0,0,0"
44.43333333333333,32,AV,1,0,0,89,871.0408974081768,0.3,-2.9320644349623723,"0.22864583333333335,0.27732838283828376,0.315463768115942,0.3,0.89,0.0430372564372029","0,0,0"
35.2,112,AV,1,0,0,65,1888.2149669861096,0.8,-13.427306431901226,"0.20766666666666667,0.29960561056105606,0.3456527777777778,0.8,0.65,0.09329480623074009","0,0,0"
18.866666666666667,181,AV,1,0,0,20,3132.463358685509,0.3,-4.477207729838379,"0.19466666666666668,0.271480198019802,0.34307843137254906,0.3,0.2,0.15477187035537765","0,0,0"
33.916666666666664,4,AV,2,0,0,33,586.8516376274475,0.3,-1.5078826800149692,"0.23895833333333336,0.3648392330383481,0.3509473684210526,0.3,0.33,0.028995750365243225","0,0,0"
38.28333333333333,97,AV,1,0,0,70,1697.366940102563,0.1,-1.6409309181042033,"0.17744444444444443,0.27420416666666664,0.3139404761904762,0.1,0.7,0.08386519678534977","0,0,0"
22.833333333333332,223,AV,1,0,0,29,4343.557359248321,0.7,-17.531445738716915,"0.18152777777777782,0.2718706896551724,0.331,0.7,0.29,0.21461080929254078","0,0,0"
24.65,294,AV,1,0,0,29,13351.937436366714,0.1,-8.311243884000996,"0.17712121212121212,0.29352976190476193,0.346843137254902,0.1,0.29,0.6597058267783346","0,0,0"
18.416666666666668,34,AV,0,0,0,53,912.6272274022258,0.1,-2.9244331171209845,"0.16552564102564102,0.2701846846846847,0.28796875,0.1,0.53,0.04509199526010037","0,0,0"
48.5,199,AV,1,0,0,99,3623.60917519969,0.5,-22.190030933988,"0.19795833333333335,0.27986988304093563,0.3135952380952381,0.5,0.99,0.17903889216374055","0,0,0"
25.683333333333334,106,AV,2,0,0,22,1822.2981036688468,0.2,-2.3637722034963744,"0.1879861111111111,0.33712946428571433,0.37165624999999997,0.2,0.22,0.09003792017801585","0,0,0"
36.15,19,AV,1,0,0,65,761.8437659652793,0.2,-1.3909420272547905,"0.14594444444444446,0.28695386904761905,0.34036458333333336,0.2,0.65,0.03764193577878302","0,0,0"
29.65,52,AV,1,0,0,46,1111.987968807459,0.1,-0.8325869513924535,"0.22519999999999998,0.3256695156695157,0.3645641025641025,0.1,0.46,0.05494220938540485","0,0,0"
22.05,132,AV,0,0,0,61,2187.718469250836,0.2,-4.936322840756612,"0.20024242424242422,0.2999803921568628,0.3258333333333333,0.2,0.61,0.10809297365222585","0,0,0"
21.633333333333333,198,AV,1,0,0,25,3580.4564780460023,0.4,-7.82396045202645,"0.20065686274509806,0.3119278846153846,0.3521929824561404,0.4,0.25,0.17690676071171996","0,0,0"
40.13333333333333,245,AV,1,0,0,79,5386.149373461946,0.1,-5.458690105764465,"0.1863214285714286,0.31645259938837916,0.3660980392156862,0.1,0.79,0.2661242342173697","0,0,0"
43.46666666666667,166,AV,1,0,0,89,2891.134206742707,1.0,-31.73433506390985,"0.19883333333333333,0.32493019943019946,0.36321794871794877,1.0,0.89,0.14284803919103217","0,0,0"
31.916666666666668,240,AV,2,0,0,42,4756.448820673547,0.1,-3.8335856446085197,"0.18826388888888887,0.2678427672955975,0.31703030303030305,0.1,0.42,0.23501136196344702","0,0,0"
17.0,254,AV,1,0,0,18,5807.233742044462,0.1,-2.4930043842110066,"0.17341025641025645,0.2901681034482759,0.35193939393939394,0.1,0.18,0.28692959020732056","0,0,0"
6.9,94,AV,0,0,0,10,1626.914224999384,0.1,-2.7834774785983774,"0.20364583333333336,0.2997935779816514,0.3386904761904762,0.1,0.1,0.0803841988487261","0,0,0"
35.85,263,AV,1,0,0,65,6007.794801579103,0.1,-5.438874839308355,"0.14938888888888888,0.28277166666666664,0.3447202380952381,0.1,0.65,0.29683911084658465","0,0,0"
13.616666666666667,190,AV,0,0,0,38,3362.377553451843,0.4,-7.124684278064236,"0.1645686274509804,0.27429773462783175,0.34592592592592597,0.4,0.38,0.1661316999433504","0,0,0"
17.666666666666668,273,AV,1,0,0,19,7362.36439851089,0.6,-19.70733904651905,"0.13573076923076924,0.26348820058997047,0.3160833333333333,0.6,0.19,0.36376703498729634","0,0,0"
35.15,83,AV,1,0,0,63,1467.6871321740252,0.1,-1.3027576438362876,"0.1923214285714286,0.33325076452599384,0.3545,0.1,0.63,0.07251694801576773","0,0,0"
47.05,95,AV,1,0,0,93,1649.648602545546,0.3,-5.879997481043026,"0.15088888888888888,0.270863768115942,0.31573684210526315,0.3,0.93,0.08150748162374356","0,0,0"
14.483333333333333,259,AV,1,0,0,10,5882.279762541917,0.4,-8.605557430385398,"0.11194444444444446,0.24184472934472936,0.3041904761904761,0.4,0.1,0.29063753875296394","0,0,0"
28.616666666666667,275,AV,0,0,0,86,7864.29237148983,0.2,-13.866153200208785,"0.19728787878787876,0.3134970238095238,0.3636078431372549,0.2,0.86,0.38856679232403757","0,0,0"
40.766666666666666,276,AV,2,0,0,75,7897.119961473183,0.2,-16.259558439194787,"0.18622222222222223,0.3130404984423676,0.37955952380952385,0.2,0.75,0.390188770594556","0,0,0"
52.35,207,AV,2,0,0,89,3898.759045987068,0.4,-20.61616525832556,"0.18333333333333335,0.29899115044247787,0.293421568627451,0.4,0.89,0.19263377109878843","0,0,0"
38.416666666666664,79,AV,2,0,0,64,1447.5744631551047,0.1,-1.4043178188436518,"0.17542708333333334,0.3113021806853582,0.3665882352941177,0.1,0.64,0.07152320122755207","0,0,0"
36.483333333333334,124,AV,1,0,0,67,2105.6010448069283,0.1,-1.939882444058235,"0.2012619047619048,0.3003316831683168,0.32171212121212117,0.1,0.67,0.104035634135481","0,0,0"
24.233333333333334,81,AV,1,0,0,29,1457.5875839824732,0.5,-4.45987446782516,"0.2304444444444444,0.37204583333333324,0.4142121212121212,0.5,0.29,0.0720179394770033","0,0,0"
37.63333333333333,78,AV,2,0,0,65,1446.9812594843625,0.2,-2.7502387911748234,"0.17676666666666666,0.34466814159292036,0.3726060606060606,0.2,0.65,0.07149389162960644","0,0,0"
24.1,116,AV,1,0,0,32,1997.7276787447236,0.2,-2.431577629179184,"0.17133333333333334,0.27076923076923076,0.35186458333333337,0.2,0.32,0.09870571939579707","0,0,0"
31.233333333333334,57,AV,2,0,0,37,1150.2916000513435,0.1,-0.9072586104782061,"0.22301282051282048,0.3071760124610592,0.35094166666666665,0.1,0.37,0.05683475335805212","0,0,0"
37.43333333333333,225,AV,2,0,0,68,4459.768546990965,0.2,-8.431515283284265,"0.19186666666666669,0.3126543859649123,0.3995740740740741,0.2,0.68,0.22035268743240086","0,0,0"
20.35,196,AV,0,0,0,53,3520.054626539052,0.1,-4.308916960860347,"0.16771666666666665,0.24897147147147147,0.3169561403508772,0.1,0.53,0.17392236585687273","0,0,0"
37.233333333333334,243,AV,2,0,0,67,5003.647877951615,0.4,-18.818433264888732,"0.12533333333333332,0.28166959064327485,0.3402166666666666,0.4,0.67,0.2472252192585145","0,0,0"
24.716666666666665,16,AV,1,0,0,38,742.6585956180782,0.1,-0.46353648876330383,"0.19490740740740742,0.30045555555555553,0.33199019607843133,0.1,0.38,0.03669401576896401","0,0,0"
39.63333333333333,61,AV,1,0,0,78,1240.6560786390864,0.1,-1.2417004019376043,"0.17625757575757575,0.2799077380952381,0.32857843137254894,0.1,0.78,0.06129957154209703","0,0,0"
26.6,18,AV,1,0,0,42,753.7709081553346,0.3,-1.5189625876463562,"0.15015277777777777,0.2557274011299435,0.32858333333333334,0.3,0.42,0.03724306397749163","0,0,0"
47.21666666666667,100,AV,1,0,0,97,1723.69240549938,0.2,-4.110455037693387,"0.22,0.3172795138888889,0.34827777777777774,0.2,0.97,0.08516591160652838","0,0,0"
48.13333333333333,229,AV,1,0,0,98,4569.840806868062,0.9,-49.99128882664758,"0.19158333333333336,0.2900862573099416,0.37430952380952376,0.9,0.98,0.22579124730834796","0,0,0"
13.4,89,AV,1,0,0,3,1528.3774584247917,0.1,-0.5171782308811165,"0.1741111111111111,0.31587345679012335,0.3627564102564102,0.1,0.03,0.07551559611815158","0,0,0"
18.166666666666668,12,AV,1,0,0,18,658.4091024775607,0.3,-0.9061438405309863,"0.17547619047619048,0.269358024691358,0.3468055555555555,0.3,0.18,0.032531332877974904","0,0,0"
31.05,180,AV,1,0,0,51,3101.095365071405,0.1,-2.431540683976443,"0.1834848484848485,0.3034439655172414,0.3441794871794871,0.1,0.51,0.15322200927639995","0,0,0"
31.416666666666668,126,AV,2,0,0,37,2131.3254046090938,0.8,-13.527098948444925,"0.25895454545454544,0.3336294642857143,0.3586960784313726,0.8,0.37,0.10530664893258515","0,0,0"
46.86666666666667,171,AV,1,0,0,98,2965.4163440895786,0.4,-14.038300942053695,"0.1531666666666667,0.3077928348909657,0.3837129629629629,0.4,0.98,0.14651824503694982","0,0,0"
22.066666666666666,170,AV,1,0,0,29,2953.464044858564,0.3,-4.9373565598393165,"0.12236363636363637,0.2433968926553672,0.322537037037037,0.3,0.29,0.1459276939290168","0,0,0"
41.46666666666667,28,AV,1,0,0,85,844.3352662229099,0.7,-6.188949072617087,"0.1659090909090909,0.2946858407079646,0.35523958333333333,0.7,0.85,0.04171775800600685","0,0,0"
33.86666666666667,24,AV,1,0,0,58,806.3598325453933,0.2,-1.379228265767878,"0.185,0.3269545454545454,0.39355128205128204,0.2,0.58,0.039841429945686846","0,0,0"
41.68333333333333,216,AV,1,0,0,82,4164.701887555128,0.6,-26.302826820139835,"0.20485,0.30481845238095234,0.34482407407407406,0.6,0.82,0.20577373996162773","0,0,0"
30.85,91,AV,0,0,0,84,1546.5147326922538,0.1,-3.704797462211011,"0.21668333333333337,0.33043484848484844,0.3699666666666667,0.1,0.84,0.07641174063449208","0,0,0"
20.583333333333332,65,AV,1,0,0,24,1291.2118623687816,0.7,-4.698033059839274,"0.23195370370370366,0.32692424242424245,0.34884722222222214,0.7,0.24,0.0637974820710203","0,0,0"
46.483333333333334,14,AV,1,0,0,96,699.2977112166509,0.2,-1.6417014449353868,"0.13699999999999998,0.30901066666666666,0.32545833333333335,0.2,0.96,0.034551597993999705","0,0,0"
17.566666666666666,194,AV,1,0,0,18,3465.4556083993225,0.1,-1.5372854424465008,"0.1880777777777778,0.28370297029702973,0.3681078431372549,0.1,0.18,0.17122468317412964","0,0,0"
21.55,85,AV,1,0,0,23,1474.807688008607,0.2,-1.6051568523528021,"0.166875,0.3124774774774775,0.31524242424242427,0.2,0.23,0.07286876753232566","0,0,0"
25.366666666666667,66,AV,0,0,0,77,1291.7462447339112,0.3,-4.98237094000633,"0.21478787878787878,0.28293727598566304,0.32825000000000004,0.3,0.77,0.06382388536729725","0,0,0"
20.566666666666666,261,AV,0,0,0,54,5984.209260784091,0.1,-5.607960533589044,"0.1804375,0.2953708708708709,0.34135897435897433,0.1,0.54,0.2956737729497932","0,0,0"
42.35,140,AV,1,0,0,85,2337.3116255789537,0.3,-7.498874798732476,"0.24395000000000003,0.30236336336336334,0.354280701754386,0.3,0.85,0.11548422135287985","0,0,0"
44.266666666666666,267,AV,1,0,0,89,6248.181898567973,0.1,-6.984499630722448,"0.18703571428571425,0.28734304207119743,0.33963333333333323,0.1,0.89,0.3087163960212402","0,0,0"
32.06666666666667,218,AV,1,0,0,52,4227.85786318916,0.1,-3.42356840436698,"0.20066666666666663,0.31853623188405794,0.325574074074074,0.1,0.52,0.2088942133251532","0,0,0"
25.333333333333332,3,AV,1,0,0,38,586.3474640105957,0.4,-1.5004177530237464,"0.20722549019607844,0.3150389408099688,0.3442187499999999,0.4,0.38,0.02897083965289678","0,0,0"
21.666666666666668,6,AV,1,0,0,26,601.3137559373858,0.1,-0.3290016341408256,"0.212212962962963,0.3154092261904762,0.3318833333333333,0.1,0.26,0.029710309114645228","0,0,0"
37.4,20,AV,2,0,0,62,767.6170681366935,0.2,-1.4499433509248656,"0.2387380952380952,0.3130140186915888,0.30620370370370376,0.2,0.62,0.03792718884414417","0,0,0"
22.3,295,AV,1,0,0,25,13430.196447392702,0.2,-15.1259283220635,"0.19484615384615384,0.3318629629629629,0.35768627450980395,0.2,0.25,0.6635725259609666","0,0,0"
27.35,22,AV,1,0,0,43,779.0639592631991,0.4,-2.1522625541261107,"0.18736111111111112,0.331475,0.3368888888888889,0.4,0.43,0.0384927682449347","0,0,0"
26.0,121,AV,1,0,0,41,2078.9202215407213,0.1,-1.364947620203504,"0.2014,0.327593567251462,0.34210606060606064,0.1,0.41,0.10271736143866485","0,0,0"
28.466666666666665,255,AV,1,0,0,45,5825.425317043349,0.4,-16.75054956483172,"0.2092121212121212,0.3454646892655367,0.385469696969697,0.4,0.45,0.28782841766829664","0,0,0"
38.483333333333334,158,AV,1,0,0,76,2780.081336731352,0.1,-2.7016867872528167,"0.18037777777777778,0.2897232704402516,0.3716979166666667,0.1,0.76,0.1373610283526348","0,0,0"
23.716666666666665,139,AV,0,0,0,68,2326.172138461347,0.1,-3.893157808514519,"0.18546969696969698,0.3090643274853801,0.3143777777777778,0.1,0.68,0.11493383047561351","0,0,0"
17.316666666666666,9,AV,1,0,0,17,646.5589615252754,0.2,-0.5654669705595633,"0.19241025641025641,0.28702232142857137,0.3167638888888889,0.2,0.17,0.03194582930805295","0,0,0"
24.933333333333334,33,AV,2,0,0,22,877.6907461205365,0.2,-1.1052401988184533,"0.19203921568627455,0.29603181818181823,0.3686666666666667,0.2,0.22,0.043365818787322166","0,0,0"
31.216666666666665,153,AV,2,0,0,35,2667.9339807116767,0.9,-18.928183128306703,"0.17556944444444447,0.3162763157894737,0.359,0.9,0.35,0.13181994005915215","0,0,0"
29.9,272,AV,1,0,0,48,7336.658338656486,0.9,-49.85592825587021,"0.20748148148148146,0.3035333333333334,0.3294722222222222,0.9,0.48,0.3624969243722426","0,0,0"
45.18333333333333,185,AV,1,0,0,89,3245.380745418587,0.2,-7.405915152213628,"0.21834313725490195,0.300911858974359,0.3450416666666667,0.2,0.89,0.16035100509349434","0,0,0"
47.016666666666666,17,AV,1,0,0,95,743.7553910389753,0.1,-0.8830530126771672,"0.1601388888888889,0.31291987179487185,0.35696875,0.1,0.95,0.036748207329806624","0,0,0"
47.083333333333336,50,AV,1,0,0,94,1074.3823512953045,0.2,-2.5548233521963266,"0.1671,0.30881587301587304,0.3592,0.2,0.94,0.05308415357061393","0,0,0"
42.53333333333333,236,AV,1,0,0,86,4704.305573257116,0.3,-15.158317958272926,"0.18815555555555555,0.3098363095238096,0.37536363636363634,0.3,0.86,0.2324350164471723","0,0,0"
40.06666666666667,246,AV,1,0,0,77,5394.467136051333,0.3,-16.374114892761874,"0.18122222222222223,0.32149557522123895,0.3913055555555555,0.3,0.77,0.2665352065179911","0,0,0"
41.15,182,AV,1,0,0,79,3151.1733449572957,0.2,-6.54902945176731,"0.15676666666666667,0.28797076023391815,0.3364583333333333,0.2,0.79,0.1556963119969945","0,0,0"
16.566666666666666,224,AV,1,0,0,17,4376.119511966378,0.1,-1.830750334551591,"0.2085909090909091,0.314998427672956,0.35545833333333343,0.1,0.17,0.2162196725742125","0,0,0"
37.36666666666667,176,AV,1,0,0,68,3017.17067826153,0.1,-2.847010379066646,"0.16480555555555554,0.30317109144542775,0.35168253968253965,0.1,0.68,0.14907537474018487","0,0,0"
15.25,11,AV,1,0,0,15,650.412147456106,0.1,-0.25047437496731356,"0.15998333333333334,0.27144444444444443,0.3259215686274509,0.1,0.15,0.03213621135727569","0,0,0"
42.81666666666667,8,AV,1,0,0,86,617.4453946714843,0.2,-1.3351996792180503,"0.22744444444444445,0.3534587301587302,0.34702777777777777,0.2,0.86,0.03050735719243069","0,0,0"
32.3,213,AV,1,0,0,56,4116.183110063293,0.2,-6.714783558335573,"0.18386904761904763,0.3038142857142857,0.3555238095238095,0.2,0.56,0.2033764758662804","0,0,0"
37.766666666666666,161,AV,1,0,0,70,2835.850686157305,0.1,-2.7045613025389112,"0.20719444444444446,0.295905017921147,0.29582142857142857,0.1,0.7,0.14011653592951495","0,0,0"
36.583333333333336,98,AV,1,0,0,73,1717.0377309640771,0.3,-4.7587093680128145,"0.1627592592592593,0.3386045454545455,0.3263333333333333,0.3,0.73,0.0848371108173414","0,0,0"
40.71666666666667,177,AV,1,0,0,82,3022.892107624705,0.1,-3.1081335938245607,"0.14515384615384616,0.30115465465465463,0.3216354166666667,0.1,0.82,0.14935806482215805","0,0,0"
32.78333333333333,164,AV,1,0,0,56,2857.712092786687,0.4,-9.463164455406421,"0.19568181818181818,0.29525423728813555,0.38374242424242416,0.4,0.56,0.1411966860877753","0,0,0"
38.35,141,AV,1,0,0,70,2361.523720441912,0.3,-6.860942021132373,"0.17897619047619048,0.27552987421383646,0.32953333333333334,0.3,0.7,0.1166805166572675","0,0,0"
48.21666666666667,248,AV,1,0,0,99,5434.023139443809,0.2,-13.232852645127055,"0.18318518518518517,0.2995045871559633,0.3694907407407408,0.2,0.99,0.26848962894143685","0,0,0"
34.78333333333333,256,AV,1,0,0,64,5844.130995646287,0.1,-5.13329182993005,"0.19574999999999995,0.33253975535168195,0.3870555555555555,0.1,0.64,0.28875264647231946","0,0,0"
18.183333333333334,277,AV,1,0,0,20,8011.326014866212,0.2,-7.35720259446047,"0.20123809523809524,0.28516239316239317,0.3396354166666667,0.2,0.2,0.395831577058847","0,0,0"
38.583333333333336,40,AV,1,0,0,73,950.4213588862824,0.2,-1.8520416210620743,"0.1759090909090909,0.3186370716510904,0.3730833333333333,0.2,0.73,0.04695936536102284","0,0,0"
24.566666666666666,15,AV,1,0,0,37,727.2326469992182,0.1,-0.45115358656432986,"0.20085714285714285,0.3032529761904762,0.35118253968253965,0.1,0.37,0.03593183513143892","0,0,0"
15.333333333333334,250,AV,1,0,0,7,5611.673516276995,0.1,-2.1728702167402507,"0.21817948717948718,0.3381253687315634,0.35634523809523805,0.1,0.07,0.27726715574492605","0,0,0"
