travel_time,id,kind,action,bid_route_0,bid_route_1,bid_route_2,karma_balance,origin,destination,start_time,income,urgency,reward
24.75,242,AV,1,1,5,8,13,0,0,47,3131.512437779759,0.1,-2.475
34.516666666666666,296,AV,1,1,4,1,2,0,0,59,6130.868263041086,0.1,-3.4516666666666667
41.05,162,AV,1,1,5,8,8,0,0,66,2043.1688306873104,0.1,-4.1049999999999995
47.85,90,AV,1,1,5,4,0,0,0,86,975.0940381265832,0.2,-9.57
35.78333333333333,234,AV,2,1,1,2,7,0,0,56,892.1845339920479,0.2,-7.156666666666666
36.3,12,AV,2,2,3,3,5,0,0,53,2580.565825479665,0.2,-7.26
13.416666666666666,6,AV,1,2,5,2,2,0,0,25,3523.1638559153366,0.3,-4.0249999999999995
32.53333333333333,121,AV,2,2,3,3,8,0,0,44,1573.7150367511856,0.2,-6.506666666666667
35.583333333333336,67,AV,2,1,1,8,6,0,0,55,2137.1188228190404,0.1,-3.5583333333333336
19.15,141,AV,1,1,5,8,4,0,0,37,2891.134206742707,0.2,-3.83
27.483333333333334,218,AV,2,0,3,5,5,0,0,22,5702.891177591027,0.4,-10.993333333333334
24.2,128,AV,1,2,9,8,2,0,0,46,753.5670156580491,0.2,-4.84
37.88333333333333,84,AV,1,0,9,2,7,0,0,63,2255.9253983027734,0.1,-3.7883333333333336
42.233333333333334,298,AV,1,1,5,8,3,0,0,68,4381.240268036911,0.2,-8.446666666666667
46.21666666666667,139,AV,1,1,5,8,6,0,0,80,904.859336063587,0.5,-23.108333333333334
20.983333333333334,285,AV,1,3,4,2,4,0,0,40,2927.9701715656583,0.1,-2.0983333333333336
33.38333333333333,38,AV,1,0,9,2,4,0,0,58,13079.31179296209,0.4,-13.353333333333333
27.883333333333333,100,AV,1,2,5,1,2,0,0,52,4889.272753955773,0.1,-2.7883333333333336
13.516666666666667,69,AV,0,5,3,3,13,0,0,39,3608.770587345788,0.1,-1.3516666666666668
18.583333333333332,226,AV,1,1,5,8,13,0,0,35,3758.845856207275,0.2,-3.716666666666667
29.966666666666665,78,AV,1,1,4,8,4,0,0,54,9667.367812467324,0.1,-2.9966666666666666
41.78333333333333,56,AV,1,1,5,8,5,0,0,67,5427.330032863625,0.2,-8.356666666666667
46.63333333333333,17,AV,1,1,4,3,3,0,0,77,2347.541384251396,0.1,-4.663333333333333
43.43333333333333,208,AV,1,1,4,1,2,0,0,68,9280.176126726552,0.3,-13.03
17.4,178,AV,1,0,6,6,3,0,0,33,2239.257430619588,0.3,-5.22
16.583333333333332,135,AV,1,1,4,5,3,0,0,31,4925.450001742355,0.8,-13.266666666666666
22.55,11,AV,1,2,9,1,6,0,0,41,2964.6777926145683,0.8,-18.040000000000003
40.25,7,AV,1,1,5,8,7,0,0,66,8139.327108000771,0.2,-8.05
47.083333333333336,260,AV,1,3,4,5,1,0,0,93,5611.673516276995,0.1,-4.708333333333334
6.85,290,AV,0,5,2,7,2,0,0,23,1963.0347272178835,0.1,-0.685
22.133333333333333,32,AV,0,6,6,9,8,0,0,48,4617.971391102537,0.1,-2.2133333333333334
15.2,25,AV,0,6,6,6,1,0,0,39,2436.431929205765,0.1,-1.52
44.016666666666666,248,AV,1,3,5,8,9,0,0,70,1830.3424648913517,0.8,-35.21333333333333
23.6,289,AV,1,1,4,5,8,0,0,43,1434.2863071033526,0.1,-2.3600000000000003
35.38333333333333,264,AV,1,2,4,5,3,0,0,61,13430.196447392702,0.1,-3.5383333333333336
35.45,75,AV,1,2,5,1,0,0,0,61,2991.769966736588,0.3,-10.635
19.433333333333334,281,AV,1,2,4,3,7,0,0,38,1661.9571573900298,0.5,-9.716666666666667
40.68333333333333,203,AV,2,1,1,2,5,0,0,57,20239.22920549412,0.2,-8.136666666666667
23.9,164,AV,1,3,4,2,6,0,0,45,3520.054626539052,0.8,-19.12
26.45,175,AV,2,2,2,4,2,0,0,32,4754.245589533712,0.1,-2.645
14.35,157,AV,1,3,4,2,5,0,0,26,7958.958807233507,0.1,-1.435
43.266666666666666,47,AV,2,2,0,2,10,0,0,66,1848.7234685638712,0.3,-12.979999999999999
32.016666666666666,46,AV,1,2,5,1,3,0,0,55,636.6552097563458,0.2,-6.403333333333333
43.81666666666667,24,AV,1,1,4,5,7,0,0,74,586.8516376274475,0.2,-8.763333333333334
32.083333333333336,154,AV,1,2,5,1,0,0,0,57,861.805442805673,0.1,-3.208333333333334
38.083333333333336,183,AV,1,1,5,8,5,0,0,64,1799.695682844959,0.4,-15.233333333333334
11.633333333333333,27,AV,0,5,1,2,2,0,0,36,3230.862018062417,0.3,-3.4899999999999998
44.38333333333333,227,AV,1,1,5,8,10,0,0,75,1011.0784796502788,0.2,-8.876666666666667
27.45,297,AV,0,7,7,2,5,0,0,56,2486.38103050259,0.2,-5.49
39.4,194,AV,1,1,5,8,9,0,0,66,1205.4292211271013,0.2,-7.88
26.3,76,AV,1,2,6,3,2,0,0,48,1447.5744631551047,0.2,-5.260000000000001
13.4,21,AV,1,3,8,3,3,0,0,23,5985.732437913218,0.2,-2.68
20.133333333333333,171,AV,1,2,6,3,1,0,0,38,2034.664800296876,0.1,-2.013333333333333
40.666666666666664,286,AV,1,1,4,8,5,0,0,66,8326.33528790118,0.3,-12.2
29.033333333333335,13,AV,1,2,9,3,4,0,0,53,5009.92015912814,0.1,-2.9033333333333338
13.683333333333334,284,AV,1,0,7,2,0,0,0,23,3531.3895067900216,0.2,-2.736666666666667
47.4,91,AV,1,1,4,1,1,0,0,84,3458.1247672483346,0.2,-9.48
25.1,279,AV,2,3,1,3,6,0,0,26,4843.3187157075145,0.2,-5.0200000000000005
36.28333333333333,23,AV,1,1,4,1,6,0,0,61,632.5893922142865,0.3,-10.885
13.516666666666667,222,AV,1,0,5,3,1,0,0,26,1822.2981036688468,0.4,-5.406666666666667
16.1,223,AV,1,1,4,1,14,0,0,29,1659.6531244520008,0.2,-3.2200000000000006
17.483333333333334,1,AV,1,0,5,3,2,0,0,34,1546.5147326922538,0.1,-1.7483333333333335
36.75,87,AV,1,2,5,1,3,0,0,63,600.3305173079323,0.1,-3.6750000000000003
32.11666666666667,145,AV,2,1,2,4,4,0,0,49,1782.711710770346,0.2,-6.423333333333334
40.0,249,AV,1,3,4,2,6,0,0,66,3197.7177395395383,0.8,-32.0
11.733333333333333,64,AV,0,6,2,2,8,0,0,36,4934.883137056144,0.2,-2.3466666666666667
25.316666666666666,282,AV,1,1,5,8,5,0,0,48,3534.445695738256,0.1,-2.5316666666666667
41.96666666666667,81,AV,1,1,5,8,7,0,0,68,3628.2404526711953,0.1,-4.196666666666667
18.733333333333334,273,AV,0,8,5,4,0,0,0,45,1836.592480640456,0.1,-1.8733333333333335
25.683333333333334,159,AV,0,4,0,1,5,0,0,53,2241.037238818388,0.1,-2.5683333333333334
17.8,206,AV,1,2,5,1,8,0,0,35,6778.2755320215965,0.2,-3.5600000000000005
13.5,278,AV,0,7,3,5,3,0,0,38,658.4091024775607,0.3,-4.05
34.9,96,AV,1,1,5,8,3,0,0,59,736.5379020629116,0.2,-6.98
45.61666666666667,213,AV,1,1,5,8,3,0,0,77,3236.647802754315,0.1,-4.5616666666666665
39.31666666666667,245,AV,1,1,5,8,3,0,0,65,10721.15711953896,0.1,-3.931666666666667
26.3,60,AV,1,1,5,8,7,0,0,50,2818.3733061874163,0.1,-2.6300000000000003
35.61666666666667,122,AV,1,1,4,1,0,0,0,62,2250.3510049999354,0.1,-3.561666666666667
46.35,193,AV,1,1,5,8,10,0,0,81,4818.617258984985,0.1,-4.635000000000001
44.53333333333333,36,AV,1,1,5,8,4,0,0,75,5912.288420941998,0.3,-13.36
24.733333333333334,270,AV,1,2,6,8,2,0,0,46,8134.997760071039,0.1,-2.4733333333333336
29.716666666666665,133,AV,1,1,7,9,8,0,0,53,8480.737499651503,0.1,-2.9716666666666667
26.716666666666665,176,AV,2,3,3,3,7,0,0,36,2478.182963693478,0.2,-5.343333333333334
15.9,52,AV,1,0,7,7,4,0,0,28,1129.1321270070612,0.2,-3.18
46.35,88,AV,1,1,5,8,3,0,0,84,4446.537177105173,0.4,-18.540000000000003
25.5,83,AV,2,3,2,0,11,0,0,27,2198.5025098873134,0.1,-2.5500000000000003
20.7,225,AV,1,0,7,2,0,0,0,39,2158.6935677652164,0.2,-4.14
39.36666666666667,65,AV,1,1,5,8,11,0,0,65,4034.238052294327,0.1,-3.936666666666667
39.95,101,AV,1,1,5,8,6,0,0,66,2946.490055333797,0.1,-3.9950000000000006
20.9,129,AV,1,1,4,5,3,0,0,40,985.8695826897422,0.1,-2.09
32.5,148,AV,1,1,5,8,3,0,0,56,3958.913906791885,0.3,-9.75
29.566666666666666,103,AV,1,1,5,8,5,0,0,53,1111.987968807459,0.2,-5.913333333333334
42.15,215,AV,1,1,5,8,11,0,0,69,2046.5713793034688,0.5,-21.075
27.883333333333333,257,AV,1,0,7,7,0,0,0,50,1017.530975349866,0.2,-5.576666666666667
23.183333333333334,263,AV,1,1,5,5,2,0,0,44,5721.231751015957,0.2,-4.636666666666667
22.0,268,AV,1,1,4,5,3,0,0,42,3849.958431883558,0.1,-2.2
28.55,190,AV,1,2,5,1,2,0,0,50,5825.994272151124,0.1,-2.8550000000000004
23.516666666666666,40,AV,2,1,3,1,12,0,0,23,497.26542980048754,0.2,-4.703333333333333
22.833333333333332,288,AV,1,0,8,1,0,0,0,43,2294.767722006211,0.8,-18.266666666666666
34.85,151,AV,1,3,4,2,2,0,0,60,4266.216809230351,0.1,-3.4850000000000003
42.333333333333336,185,AV,2,0,0,2,15,0,0,50,3024.224513765153,0.2,-8.466666666666667
28.416666666666668,192,AV,2,3,2,4,1,0,0,38,2761.3662775036096,0.1,-2.841666666666667
40.75,254,AV,1,1,5,8,13,0,0,66,2421.832203454489,0.2,-8.15
34.516666666666666,118,AV,1,0,5,3,5,0,0,58,2113.1349678504243,0.1,-3.4516666666666667
33.81666666666667,109,AV,1,0,9,2,1,0,0,57,8348.421721831439,0.2,-6.7633333333333345
5.116666666666666,29,AV,0,7,3,0,3,0,0,12,12051.378145129962,0.2,-1.0233333333333332
33.05,142,AV,1,1,5,8,8,0,0,56,473.5024380788758,0.3,-9.915
29.783333333333335,106,AV,2,3,0,8,3,0,0,42,2996.640782499388,0.3,-8.935
19.716666666666665,41,AV,2,2,3,2,6,0,0,22,2382.718205806423,0.1,-1.9716666666666667
30.333333333333332,173,AV,1,1,5,8,11,0,0,55,926.7012599248138,0.8,-24.266666666666666
20.05,247,AV,1,2,5,1,5,0,0,38,5004.1281918097375,0.2,-4.010000000000001
15.35,174,AV,1,3,8,2,4,0,0,29,913.5589076746268,0.2,-3.0700000000000003
15.083333333333334,73,AV,1,0,9,0,2,0,0,28,1485.5718097438446,0.1,-1.5083333333333335
45.85,86,AV,1,1,5,8,3,0,0,76,3987.5502105766736,0.7,-32.095
29.2,165,AV,1,1,5,8,3,0,0,49,2318.1098695731453,0.2,-5.84
29.033333333333335,232,AV,0,6,2,2,25,0,0,58,1446.9812594843625,0.3,-8.71
45.96666666666667,66,AV,1,1,5,1,9,0,0,77,2987.078671303881,0.1,-4.596666666666667
33.3,93,AV,1,2,5,1,2,0,0,56,1614.9573615816892,0.1,-3.33
42.0,54,AV,1,3,4,2,5,0,0,67,2496.2043409386315,0.1,-4.2
17.433333333333334,269,AV,1,3,4,5,2,0,0,32,2352.9451803313505,0.1,-1.7433333333333334
13.266666666666667,123,AV,1,2,9,3,3,0,0,21,4113.319853961603,0.2,-2.6533333333333338
17.566666666666666,144,AV,1,3,4,1,1,0,0,33,5590.116807812239,0.4,-7.026666666666667
29.033333333333335,184,AV,0,6,2,2,1,0,0,56,11940.25564443948,0.4,-11.613333333333335
20.583333333333332,134,AV,1,3,4,4,3,0,0,38,2968.817229463249,0.2,-4.116666666666666
31.3,216,AV,1,2,5,1,0,0,0,54,969.457736312404,0.1,-3.1300000000000003
27.55,8,AV,2,1,2,3,4,0,0,40,1900.764377468582,0.2,-5.510000000000001
13.5,202,AV,1,1,5,8,3,0,0,20,5307.329693361759,0.4,-5.4
16.366666666666667,179,AV,1,1,4,1,8,0,0,33,743.7553910389753,0.3,-4.91
45.766666666666666,105,AV,1,1,4,1,3,0,0,75,1684.196745492046,0.1,-4.576666666666667
31.916666666666668,120,AV,2,3,3,3,7,0,0,45,1567.0706205360798,0.1,-3.191666666666667
38.166666666666664,5,AV,1,3,4,2,6,0,0,63,6197.036257351283,0.1,-3.8166666666666664
18.95,209,AV,1,2,4,8,7,0,0,35,2753.3979495063454,0.5,-9.475
10.2,233,AV,0,4,4,1,1,0,0,27,2793.3389947689566,0.1,-1.02
22.45,280,AV,2,2,3,5,2,0,0,17,2446.4664131825853,0.2,-4.49
32.016666666666666,246,AV,2,2,3,3,6,0,0,41,1572.8756307612184,0.4,-12.806666666666667
23.8,274,AV,2,3,3,1,7,0,0,18,1293.252850487379,0.1,-2.3800000000000003
34.7,4,AV,1,1,5,8,4,0,0,58,679.8949342204361,0.4,-13.880000000000003
47.416666666666664,9,AV,1,1,5,8,5,0,0,84,2667.9339807116767,0.1,-4.741666666666666
27.5,211,AV,1,1,4,5,1,0,0,50,2417.357356239525,0.1,-2.75
16.583333333333332,196,AV,1,0,5,3,2,0,0,29,4281.8327360815,0.3,-4.975
26.233333333333334,35,AV,2,2,0,2,6,0,0,28,912.6272274022258,0.2,-5.246666666666667
43.65,235,AV,1,2,6,3,4,0,0,73,2337.3116255789537,0.1,-4.365
29.1,117,AV,1,2,4,3,6,0,0,52,3251.3322332141274,0.7,-20.37
14.533333333333333,0,AV,1,1,4,8,5,0,0,26,5051.78348307234,0.3,-4.359999999999999
23.833333333333332,89,AV,1,1,4,1,7,0,0,44,3132.463358685509,0.2,-4.766666666666667
34.083333333333336,33,AV,1,1,5,8,6,0,0,57,763.1985099142711,0.5,-17.041666666666668
25.283333333333335,72,AV,1,2,6,3,1,0,0,47,7099.697064525982,0.2,-5.0566666666666675
18.0,224,AV,1,2,9,1,1,0,0,32,591.6693204447811,0.1,-1.8
27.3,236,AV,2,2,0,2,5,0,0,33,4237.057085974603,0.1,-2.7300000000000004
41.15,110,AV,1,3,4,5,3,0,0,67,13351.937436366714,0.5,-20.575
21.6,59,AV,1,1,4,5,5,0,0,40,3017.17067826153,0.1,-2.16
26.183333333333334,267,AV,1,0,7,7,0,0,0,49,4021.28082322038,0.2,-5.236666666666667
22.783333333333335,187,AV,1,0,9,0,1,0,0,42,4200.245935785981,0.2,-4.5566666666666675
35.45,16,AV,1,1,5,8,9,0,0,58,5578.433439706214,0.1,-3.5450000000000004
19.25,250,AV,1,2,4,3,1,0,0,37,2283.7291705859197,0.1,-1.925
5.333333333333333,108,AV,0,6,4,1,0,0,0,9,2177.5877894542577,0.3,-1.5999999999999999
26.083333333333332,119,AV,1,1,5,8,4,0,0,49,5341.061461458292,0.2,-5.216666666666667
27.366666666666667,34,AV,0,7,3,0,0,0,0,55,7177.938863287724,0.1,-2.736666666666667
35.1,191,AV,1,2,5,1,11,0,0,60,2953.464044858564,0.2,-7.0200000000000005
24.116666666666667,124,AV,1,2,6,4,4,0,0,45,6947.27484286379,0.8,-19.293333333333337
44.1,230,AV,1,1,5,8,14,0,0,73,2010.868248891871,0.2,-8.82
47.25,112,AV,1,1,5,8,11,0,0,85,898.3728471886773,0.1,-4.7250000000000005
15.266666666666667,39,AV,0,6,2,2,11,0,0,39,4864.205776554158,0.1,-1.5266666666666668
28.966666666666665,43,AV,1,1,5,8,13,0,0,52,3667.3634505223554,0.2,-5.793333333333333
41.833333333333336,132,AV,2,1,3,1,11,0,0,60,1391.0507319816634,0.5,-20.916666666666668
41.166666666666664,240,AV,1,1,5,8,13,0,0,64,2857.6088215719105,0.5,-20.583333333333332
20.75,80,AV,1,1,5,2,0,0,0,38,1723.69240549938,0.1,-2.075
16.95,79,AV,0,5,0,2,10,0,0,39,4569.840806868062,0.2,-3.39
28.766666666666666,137,AV,1,2,4,3,12,0,0,50,2215.952556227922,0.5,-14.383333333333333
38.61666666666667,253,AV,1,0,5,3,3,0,0,63,2538.843693606908,0.1,-3.861666666666667
36.31666666666667,126,AV,1,1,5,8,4,0,0,62,3245.380745418587,0.1,-3.6316666666666673
32.5,167,AV,0,7,7,1,3,0,0,89,3778.090807703549,0.2,-6.5
43.35,150,AV,1,1,4,1,2,0,0,70,4227.85786318916,0.1,-4.335
42.93333333333333,265,AV,2,2,0,2,13,0,0,69,2218.0502812558643,0.3,-12.879999999999999
36.11666666666667,158,AV,1,1,7,9,10,0,0,62,1338.7213376931895,0.2,-7.223333333333334
32.4,48,AV,0,9,9,3,15,0,0,65,2815.231094880572,0.4,-12.96
18.85,28,AV,0,8,5,4,3,0,0,42,742.4887258523852,0.2,-3.7700000000000005
31.95,14,AV,1,1,5,8,10,0,0,55,548.7192496267361,0.8,-25.560000000000002
42.4,131,AV,1,1,5,8,18,0,0,69,8981.750106371177,0.2,-8.48
17.966666666666665,299,AV,1,2,4,3,11,0,0,37,699.2977112166509,0.1,-1.7966666666666666
33.916666666666664,2,AV,1,3,4,5,2,0,0,56,863.3540159882258,0.4,-13.566666666666666
35.31666666666667,283,AV,2,3,0,7,2,0,0,53,1597.8734280578535,0.2,-7.063333333333334
25.75,19,AV,1,1,5,2,4,0,0,47,1797.659883656486,0.2,-5.15
18.15,95,AV,1,1,5,2,0,0,0,32,1122.7546975855585,0.5,-9.075
43.916666666666664,293,AV,1,1,5,8,4,0,0,69,871.0408974081768,0.2,-8.783333333333333
20.5,107,AV,1,1,4,0,5,0,0,39,2222.040577514192,0.2,-4.1000000000000005
23.916666666666668,287,AV,0,7,7,4,0,0,0,50,4950.268578812107,0.3,-7.175
45.46666666666667,186,AV,1,1,4,1,1,0,0,75,1975.501985353583,0.1,-4.546666666666667
25.983333333333334,70,AV,1,0,7,7,4,0,0,47,844.3352662229099,0.2,-5.196666666666667
15.333333333333334,181,AV,1,1,7,6,1,0,0,30,17693.100214811147,0.1,-1.5333333333333334
47.416666666666664,45,AV,1,2,9,1,3,0,0,80,1832.3133019091129,0.1,-4.741666666666666
34.083333333333336,42,AV,2,3,0,4,7,0,0,46,1474.807688008607,0.3,-10.225
31.2,182,AV,2,1,2,4,3,0,0,44,13460.811009378149,0.2,-6.24
34.85,138,AV,1,0,9,7,7,0,0,58,1996.532829496936,0.1,-3.4850000000000003
23.65,58,AV,1,1,9,7,5,0,0,45,4135.471393234625,0.1,-2.3649999999999998
16.566666666666666,166,AV,1,2,4,5,1,0,0,29,2850.5966631146844,0.1,-1.6566666666666667
24.683333333333334,207,AV,1,1,5,8,8,0,0,45,10708.821866752483,0.2,-4.936666666666667
36.6,205,AV,1,1,6,4,19,0,0,62,567.9518330451218,0.5,-18.3
30.7,149,AV,1,1,5,8,6,0,0,53,1167.011530479414,0.2,-6.140000000000001
12.35,199,AV,1,2,5,1,17,0,0,15,3558.5090095449787,0.2,-2.47
48.266666666666666,204,AV,2,2,2,4,0,0,0,84,4747.153558918807,0.1,-4.826666666666667
14.6,20,AV,1,1,5,2,1,0,0,24,3398.605365942332,0.3,-4.38
15.166666666666666,57,AV,1,1,4,1,3,0,0,26,588.8906571209208,0.1,-1.5166666666666666
26.0,200,AV,1,1,5,8,3,0,0,49,1526.0895405694364,0.3,-7.8
28.95,272,AV,1,2,7,6,3,0,0,50,4416.224882412617,0.1,-2.895
44.4,161,AV,1,1,5,8,6,0,0,71,3583.4963710051925,0.1,-4.44
33.05,241,AV,1,1,5,8,6,0,0,56,8331.964781214912,0.2,-6.609999999999999
33.06666666666667,99,AV,1,1,4,3,1,0,0,57,1942.5668635563816,0.1,-3.306666666666667
46.28333333333333,85,AV,1,3,4,2,2,0,0,79,1386.7650627050614,0.1,-4.628333333333333
26.05,217,AV,1,3,4,2,3,0,0,48,1117.0806745336297,0.2,-5.210000000000001
31.483333333333334,198,AV,1,1,5,8,13,0,0,55,1068.5648373754009,0.7,-22.038333333333334
11.5,221,AV,1,2,4,0,2,0,0,0,1150.2916000513435,0.2,-2.3000000000000003
8.483333333333333,256,AV,0,8,1,2,1,0,0,24,424.9057127261393,0.1,-0.8483333333333333
24.566666666666666,220,AV,1,1,4,4,1,0,0,43,835.7777612710734,0.1,-2.456666666666667
16.216666666666665,49,AV,1,1,4,5,14,0,0,32,793.0252767736928,0.1,-1.6216666666666666
46.25,113,AV,1,1,5,8,7,0,0,75,4968.170350229253,0.2,-9.25
11.7,71,AV,1,1,5,8,15,0,0,22,2472.005569054355,0.1,-1.17
45.983333333333334,231,AV,2,2,3,3,14,0,0,85,3414.9419898187493,0.5,-22.991666666666667
30.15,212,AV,1,2,6,3,2,0,0,52,2052.607856914241,0.2,-6.03
27.466666666666665,261,AV,1,1,4,1,11,0,0,49,4639.089550420253,0.1,-2.7466666666666666
19.516666666666666,116,AV,1,3,4,5,1,0,0,35,10450.70686878338,0.2,-3.9033333333333333
46.28333333333333,102,AV,1,1,5,8,3,0,0,82,954.0002559944874,0.3,-13.885
37.416666666666664,170,AV,2,3,0,7,6,0,0,44,7658.5640246764915,0.2,-7.483333333333333
15.05,68,AV,1,1,5,8,6,0,0,24,806.3598325453933,0.2,-3.0100000000000002
20.966666666666665,259,AV,1,1,4,1,3,0,0,37,1836.3970218708375,0.1,-2.0966666666666667
10.166666666666666,97,AV,0,4,9,2,12,0,0,30,783.6834518391023,0.4,-4.066666666666666
23.4,168,AV,1,1,4,1,21,0,0,42,870.7377108213431,0.3,-7.02
32.15,271,AV,1,3,4,5,6,0,0,55,3773.073658575576,0.1,-3.215
37.1,53,AV,1,2,5,1,10,0,0,62,5568.958209200236,0.1,-3.7100000000000004
22.816666666666666,258,AV,1,1,5,2,3,0,0,43,2619.168197182975,0.1,-2.2816666666666667
31.7,262,AV,1,1,7,9,6,0,0,54,19040.472291926453,0.1,-3.17
40.61666666666667,244,AV,1,1,5,8,5,0,0,66,1251.6500609663929,0.1,-4.0616666666666665
43.38333333333333,136,AV,1,0,4,1,1,0,0,70,9667.56212442905,0.3,-13.014999999999999
34.6,210,AV,2,1,3,6,13,0,0,55,2744.255474143275,0.1,-3.4600000000000004
24.8,295,AV,1,3,4,5,8,0,0,46,3366.895459871004,0.2,-4.960000000000001
41.71666666666667,228,AV,1,1,5,8,3,0,0,67,4689.4303597647895,0.1,-4.171666666666667
45.483333333333334,277,AV,2,2,0,2,13,0,0,75,8029.700924090037,0.1,-4.548333333333334
40.45,55,AV,1,2,5,1,1,0,0,66,14505.369879802229,0.1,-4.045000000000001
28.2,147,AV,2,1,3,6,1,0,0,40,859.2772315809713,0.1,-2.8200000000000003
23.6,92,AV,1,1,4,1,2,0,0,44,1581.438059619256,0.1,-2.3600000000000003
21.183333333333334,3,AV,1,1,4,1,1,0,0,41,2276.662146114732,0.2,-4.236666666666667
38.95,177,AV,1,1,4,0,1,0,0,63,934.0011274976006,0.4,-15.580000000000002
46.9,239,AV,1,3,4,2,1,0,0,69,623.7253316558669,0.1,-4.69
38.416666666666664,127,AV,1,2,5,1,3,0,0,62,5960.007005011629,0.3,-11.524999999999999
37.3,37,AV,1,1,5,8,6,0,0,62,1581.4824060924602,0.3,-11.19
27.05,115,AV,1,2,6,3,12,0,0,49,2898.378436294527,0.5,-13.525
29.066666666666666,125,AV,1,1,5,7,3,0,0,51,5502.789496653042,0.2,-5.8133333333333335
45.81666666666667,152,AV,1,3,4,2,8,0,0,75,2476.7926805910606,0.1,-4.581666666666667
18.983333333333334,153,AV,1,3,7,4,0,0,0,36,15725.918848752755,0.1,-1.8983333333333334
29.0,276,AV,1,1,7,4,5,0,0,52,4434.023444374438,0.3,-8.7
21.75,292,AV,1,0,5,3,0,0,0,40,1083.524948441525,0.1,-2.1750000000000003
27.633333333333333,252,AV,1,2,5,1,4,0,0,51,586.3474640105957,0.4,-11.053333333333335
19.25,31,AV,1,1,4,1,3,0,0,37,857.6590975250949,0.1,-1.925
40.233333333333334,195,AV,1,0,5,3,0,0,0,65,1097.8259349569896,0.2,-8.046666666666667
20.216666666666665,201,AV,0,8,4,4,4,0,0,45,4061.843573313689,0.2,-4.043333333333333
29.8,22,AV,1,2,6,3,0,0,0,53,617.4453946714843,0.1,-2.9800000000000004
34.9,18,AV,1,1,5,8,8,0,0,60,650.412147456106,0.1,-3.49
23.516666666666666,214,AV,2,2,3,3,5,0,0,24,7130.271245067938,0.4,-9.406666666666666
30.766666666666666,10,AV,0,6,2,2,1,0,0,62,1824.367004680513,0.5,-15.383333333333333
30.733333333333334,143,AV,0,5,5,2,2,0,0,60,1929.5758599688188,0.2,-6.146666666666667
15.95,130,AV,1,1,5,8,5,0,0,30,508.6019702527906,0.1,-1.595
39.36666666666667,238,AV,1,1,5,8,4,0,0,65,3759.463069718096,0.2,-7.873333333333334
21.883333333333333,188,AV,1,0,5,3,0,0,0,39,9884.322174397852,0.2,-4.376666666666667
37.483333333333334,255,AV,1,1,5,8,7,0,0,63,1301.8927857652438,0.1,-3.7483333333333335
19.4,82,AV,1,1,5,2,1,0,0,37,3101.095365071405,0.2,-3.88
29.783333333333335,98,AV,1,2,6,3,0,0,0,53,457.16351791608827,0.1,-2.9783333333333335
22.35,146,AV,1,1,5,8,9,0,0,40,7864.29237148983,0.1,-2.2350000000000003
37.0,30,AV,1,2,5,1,5,0,0,62,2105.6010448069283,0.1,-3.7
8.666666666666666,140,AV,0,8,8,7,2,0,0,24,417.8295094645922,0.1,-0.8666666666666667
15.666666666666666,291,AV,1,1,4,1,1,0,0,26,5862.871835726062,0.1,-1.5666666666666667
43.583333333333336,104,AV,1,1,5,8,7,0,0,67,583.3206434887895,0.5,-21.791666666666668
31.45,180,AV,1,1,5,8,8,0,0,55,1653.1781197118603,0.2,-6.29
17.066666666666666,243,AV,0,6,2,8,2,0,0,40,2722.266725979925,0.1,-1.7066666666666668
22.883333333333333,44,AV,1,1,4,1,12,0,0,38,10213.823531357188,0.1,-2.2883333333333336
31.883333333333333,275,AV,1,1,5,8,3,0,0,55,1921.5023446668008,0.1,-3.1883333333333335
32.983333333333334,219,AV,1,1,5,2,5,0,0,55,1342.087988935639,0.2,-6.596666666666668
13.516666666666667,160,AV,1,1,5,2,5,0,0,22,4164.701887555128,0.2,-2.7033333333333336
15.85,94,AV,1,0,6,5,4,0,0,28,3323.1633986738134,0.1,-1.585
45.96666666666667,15,AV,1,1,4,5,4,0,0,73,2044.1603053436156,0.2,-9.193333333333333
42.1,62,AV,1,1,5,8,6,0,0,68,3158.0604616132755,0.2,-8.42
34.766666666666666,111,AV,1,1,5,8,4,0,0,57,1405.7852601227096,0.1,-3.4766666666666666
15.116666666666667,155,AV,1,1,7,9,4,0,0,26,1265.4739572733297,0.3,-4.535
37.61666666666667,63,AV,1,0,5,3,9,0,0,62,1240.6560786390864,0.4,-15.046666666666667
23.4,189,AV,2,0,3,5,0,0,0,20,807.7368269013535,0.1,-2.34
33.166666666666664,51,AV,1,2,7,6,4,0,0,57,1664.0464513081895,0.3,-9.95
31.916666666666668,197,AV,1,2,6,3,5,0,0,54,4660.29795945294,0.1,-3.191666666666667
27.283333333333335,77,AV,2,1,1,8,2,0,0,29,1244.4027248274256,0.1,-2.7283333333333335
38.06666666666667,74,AV,1,1,5,8,4,0,0,63,3362.377553451843,0.1,-3.806666666666667
24.733333333333334,266,AV,1,0,5,3,2,0,0,45,1588.8002265047048,0.1,-2.4733333333333336
38.36666666666667,114,AV,1,2,6,3,0,0,0,64,2142.030696222753,0.2,-7.673333333333334
17.566666666666666,172,AV,1,0,7,7,6,0,0,34,4967.653125719208,0.4,-7.026666666666667
25.716666666666665,61,AV,0,6,2,2,2,0,0,51,627.4062491148882,0.1,-2.5716666666666668
25.233333333333334,251,AV,2,0,1,5,2,0,0,22,8975.220492497892,0.7,-17.663333333333334
32.916666666666664,169,AV,2,3,3,3,6,0,0,46,3866.930621896856,0.2,-6.583333333333333
27.666666666666668,26,AV,1,1,4,1,11,0,0,51,3151.1733449572957,0.3,-8.3
42.05,294,AV,1,1,4,3,2,0,0,68,1645.9523587482854,0.1,-4.205
24.15,237,AV,0,7,3,0,15,0,0,49,1541.4014724042315,0.2,-4.83
40.8,50,AV,1,0,5,3,12,0,0,66,8028.27043643778,0.2,-8.16
22.333333333333332,229,AV,0,6,7,9,3,0,0,48,437.8567856598078,0.1,-2.2333333333333334
6.866666666666666,156,AV,0,8,2,8,0,0,0,22,4504.939201911708,0.4,-2.7466666666666666
20.25,163,AV,0,7,3,0,0,0,0,46,3368.9508766880413,0.2,-4.05
