travel_time,id,kind,action,bid_route_0,bid_route_1,bid_route_2,karma_balance,origin,destination,start_time,income,urgency,reward,observation,cost_table
65.7,102,AV,0,7,5,1,3,0,0,58,2835.850686157305,0.3,-19.71,"0.49826041666666676,0.27862222222222227,0.32281531531531527,0.3,0.58,0.14011653592951495,10.0","0,0,0"
31.65,156,AV,2,2,1,4,10,0,0,41,793.0252767736928,0.1,-3.165,"0.5697318840579711,0.26614150943396225,0.35016260162601626,0.1,0.41,0.0391825829295129,14.0","0,0,0"
72.56666666666666,212,AV,0,6,4,5,12,0,0,65,1538.317647081207,0.2,-14.513333333333334,"0.49615032679738563,0.27920588235294114,0.34870588235294114,0.2,0.65,0.07600673086224138,18.0","0,0,0"
20.483333333333334,251,AV,1,2,5,6,3,0,0,25,2528.765907819195,0.3,-6.1450000000000005,"0.5909285714285715,0.29182624113475175,0.36906306306306313,0.3,0.25,0.12494378526691811,8.0","0,0,0"
20.116666666666667,49,AV,1,0,8,8,6,0,0,26,6130.868263041086,0.2,-4.023333333333333,"0.5241666666666667,0.2579084967320262,0.3237131782945737,0.2,0.26,0.3029200470429381,14.0","0,0,0"
32.18333333333333,27,AV,2,0,3,6,2,0,0,25,767.6170681366935,0.1,-3.2183333333333333,"0.5034609929078014,0.31064506172839507,0.3598760683760684,0.1,0.25,0.03792718884414417,8.0","0,0,0"
37.25,99,AV,2,2,0,3,26,0,0,64,959.5289757906356,0.4,-14.9,"0.5175703124999999,0.288060975609756,0.3299333333333333,0.4,0.64,0.04740936357053375,26.0","0,0,0"
27.966666666666665,7,AV,2,0,2,2,8,0,0,22,2949.689674384749,0.1,-2.796666666666667,"0.5419479166666666,0.2905070921985816,0.33701904761904766,0.1,0.22,0.14574120607241453,8.0","0,0,0"
30.666666666666668,110,AV,2,3,1,6,0,0,0,35,1626.914224999384,1.0,-30.666666666666668,"0.5193369565217391,0.2878971631205674,0.34834397163120573,1.0,0.35,0.0803841988487261,6.0","0,0,0"
41.85,286,AV,1,0,6,0,8,0,0,96,4679.48341028673,0.4,-16.740000000000002,"0.5616666666666666,0.30455666666666664,0.36531531531531525,0.4,0.96,0.23120857828995,14.0","0,0,0"
24.916666666666668,76,AV,2,2,0,9,1,0,0,20,586.8516376274475,0.5,-12.458333333333334,"0.507095744680851,0.2608821138211382,0.34598412698412706,0.5,0.2,0.028995750365243225,10.0","0,0,0"
25.416666666666668,165,AV,1,3,8,9,5,0,0,40,1244.4027248274256,0.5,-12.708333333333334,"0.39689393939393935,0.2677579365079365,0.32096354166666663,0.5,0.4,0.06148468956958209,13.0","0,0,0"
35.75,152,AV,2,0,3,7,3,0,0,42,2574.4307659940623,0.2,-7.15,"0.5106478494623656,0.28424999999999995,0.3219087301587301,0.2,0.42,0.12720004007342384,10.0","0,0,0"
25.733333333333334,238,AV,1,1,4,3,2,0,0,30,1880.1756700095973,0.3,-7.72,"0.5710714285714286,0.2982569444444445,0.344968992248062,0.3,0.3,0.09289759263654204,6.0","0,0,0"
15.9,200,AV,1,3,6,0,0,0,0,6,4660.29795945294,0.3,-4.77,"0.42167666666666653,0.25175333333333333,0.3197760416666667,0.3,0.06,0.23026064442157015,6.0","0,0,0"
32.56666666666667,296,AV,0,5,5,5,0,0,0,30,946.2003450753726,0.2,-6.5133333333333345,"0.50997,0.2617051282051282,0.32542857142857146,0.2,0.3,0.04675080930545112,5.0","0,0,0"
29.283333333333335,159,AV,0,8,5,5,4,0,0,23,1862.7228332236152,0.2,-5.856666666666667,"0.4886286549707603,0.27809375000000003,0.3376666666666667,0.2,0.23,0.09203526548916015,12.0","0,0,0"
20.783333333333335,191,AV,1,2,4,3,3,0,0,19,2753.3979495063454,0.3,-6.235,"0.4558790849673202,0.26492666666666664,0.31957692307692315,0.3,0.19,0.13604262897318792,7.0","0,0,0"
38.53333333333333,144,AV,2,1,0,7,12,0,0,63,1017.530975349866,0.2,-7.706666666666667,"0.5541904761904762,0.27978758169934637,0.3482666666666666,0.2,0.63,0.050275184149485695,19.0","0,0,0"
25.716666666666665,113,AV,1,0,8,3,1,0,0,38,649.7132696839626,0.4,-10.286666666666667,"0.3920243902439024,0.23999621212121214,0.3408153153153154,0.4,0.38,0.03210168050804979,9.0","0,0,0"
107.23333333333333,35,AV,0,5,1,5,2,0,0,98,2022.4315636845977,0.4,-42.89333333333334,"0.5373815789473685,0.2771955128205128,0.3287837837837838,0.4,0.98,0.09992631355425287,7.0","0,0,0"
36.233333333333334,209,AV,1,0,9,3,9,0,0,81,1997.7276787447236,0.2,-7.246666666666667,"0.609909090909091,0.31549645390070913,0.368561403508772,0.2,0.81,0.09870571939579707,18.0","0,0,0"
63.81666666666667,257,AV,0,4,2,7,3,0,0,57,2758.442965787371,0.5,-31.908333333333335,"0.31633333333333336,0.23235507246376808,0.30165315315315316,0.5,0.57,0.13629189816371895,7.0","0,0,0"
78.01666666666667,239,AV,0,6,0,4,7,0,0,72,1011.0784796502788,0.8,-62.413333333333334,"0.5958178294573645,0.3095087719298245,0.36175,0.8,0.72,0.04995637281363524,13.0","0,0,0"
95.18333333333334,77,AV,0,7,0,6,2,0,0,88,779.0639592631991,0.3,-28.555,"0.5180321637426901,0.2783985507246377,0.3342666666666667,0.3,0.88,0.0384927682449347,9.0","0,0,0"
25.283333333333335,45,AV,1,0,4,4,3,0,0,43,2857.712092786687,0.8,-20.22666666666667,"0.4308757575757576,0.2959574468085106,0.33113888888888887,0.8,0.43,0.1411966860877753,7.0","0,0,0"
91.7,118,AV,0,6,7,4,7,0,0,85,1294.2551843223837,0.1,-9.17,"0.5357777777777777,0.27360130718954245,0.34351801801801796,0.1,0.85,0.06394784955402583,13.0","0,0,0"
23.983333333333334,232,AV,2,1,1,6,2,0,0,16,2113.1349678504243,0.3,-7.195,"0.6467721088435375,0.29068827160493815,0.3200405405405406,0.3,0.16,0.10440787771091574,8.0","0,0,0"
44.21666666666667,108,AV,2,2,3,2,27,0,0,90,4159.866430607663,0.4,-17.686666666666667,"0.5648818181818182,0.2946078431372549,0.34871568627450983,0.4,0.9,0.20553482488742356,27.0","0,0,0"
20.5,249,AV,0,7,5,6,4,0,0,15,16390.717038727882,0.2,-4.1000000000000005,"0.4717702020202019,0.26951282051282044,0.2989545454545454,0.2,0.15,0.8098488767684134,11.0","0,0,0"
98.78333333333333,268,AV,0,7,7,4,5,0,0,89,6007.794801579103,0.1,-9.878333333333334,"0.5193368794326241,0.27428723404255323,0.3356195652173913,0.1,0.89,0.29683911084658465,12.0","0,0,0"
110.91666666666667,63,AV,0,6,3,5,1,0,0,100,761.8437659652793,0.2,-22.183333333333337,"0.4604822695035462,0.2793684210526316,0.33138888888888884,0.2,1.0,0.03764193577878302,7.0","0,0,0"
40.3,208,AV,2,1,0,2,7,0,0,68,1234.5997004771,0.5,-20.15,"0.5201140350877194,0.29230434782608694,0.333479797979798,0.5,0.68,0.06100033197617807,7.0","0,0,0"
25.7,0,AV,0,8,0,2,16,0,0,19,2872.269398564857,0.6,-15.419999999999998,"0.5531666666666666,0.2993546099290781,0.35509649122807024,0.6,0.19,0.1419159479544386,24.0","0,0,0"
96.91666666666667,237,AV,0,5,2,9,11,0,0,89,4227.85786318916,0.1,-9.691666666666668,"0.47405555555555556,0.2887674418604651,0.3428018018018018,0.1,0.89,0.2088942133251532,16.0","0,0,0"
36.0,221,AV,1,3,5,6,1,0,0,78,2968.817229463249,0.2,-7.2,"0.436437106918239,0.27638596491228073,0.3555833333333333,0.2,0.78,0.1466862793696381,6.0","0,0,0"
30.883333333333333,82,AV,0,9,1,7,9,0,0,26,7332.887514065835,0.1,-3.0883333333333334,"0.56991,0.2875471014492753,0.34982954545454553,0.1,0.26,0.3623106117141683,18.0","0,0,0"
16.783333333333335,175,AV,1,2,8,9,3,0,0,3,5394.467136051333,0.1,-1.6783333333333337,"0.4935431034482759,0.2710625,0.34680392156862744,0.1,0.03,0.2665352065179911,11.0","0,0,0"
37.78333333333333,101,AV,0,9,6,0,2,0,0,34,950.4213588862824,0.7,-26.44833333333333,"0.5940620915032679,0.2858370370370371,0.33323039215686273,0.7,0.34,0.04695936536102284,11.0","0,0,0"
51.75,67,AV,2,1,0,5,1,0,0,90,3783.636689084741,0.1,-5.175000000000001,"0.607375,0.30486,0.3641271929824561,0.1,0.9,0.18694569099783895,6.0","0,0,0"
29.166666666666668,192,AV,1,3,9,3,3,0,0,52,4967.653125719208,0.1,-2.916666666666667,"0.5501346153846154,0.2744019607843137,0.35254054054054057,0.1,0.52,0.24544675468029653,12.0","0,0,0"
58.78333333333333,88,AV,0,4,5,4,3,0,0,50,2953.464044858564,0.2,-11.756666666666668,"0.5580986394557823,0.2940736434108527,0.3512428571428572,0.2,0.5,0.1459276939290168,7.0","0,0,0"
74.21666666666667,298,AV,0,4,6,0,2,0,0,65,3101.095365071405,0.7,-51.95166666666667,"0.5052222222222222,0.2915138888888889,0.3233846153846154,0.7,0.65,0.15322200927639995,6.0","0,0,0"
27.633333333333333,169,AV,0,8,1,1,0,0,0,20,1249.5878531833848,0.4,-11.053333333333335,"0.5549069767441861,0.2868333333333333,0.33898958333333334,0.4,0.2,0.06174088155709868,8.0","0,0,0"
15.583333333333334,274,AV,1,0,5,1,0,0,0,6,859.2772315809713,0.1,-1.5583333333333336,"0.5062735849056604,0.2770219298245614,0.32547278911564625,0.1,0.06,0.042456025516412095,5.0","0,0,0"
109.18333333333334,37,AV,0,9,5,3,3,0,0,100,3159.4556453821087,0.8,-87.34666666666668,"0.45747916666666666,0.27588333333333337,0.3335740740740741,0.8,1.0,0.15610553214765938,12.0","0,0,0"
81.25,228,AV,0,4,3,7,4,0,0,75,5386.149373461946,0.5,-40.625,"0.5183639455782313,0.2796923076923077,0.34122649572649566,0.5,0.75,0.2661242342173697,8.0","0,0,0"
36.86666666666667,36,AV,2,3,1,1,15,0,0,60,850.3216016091212,0.2,-7.373333333333334,"0.42502243589743594,0.2814512195121951,0.31580833333333325,0.2,0.6,0.04201353682867991,15.0","0,0,0"
18.85,270,AV,0,5,7,0,3,0,0,10,5427.330032863625,0.1,-1.8850000000000002,"0.6257296296296295,0.33811419753086425,0.3737682926829269,0.1,0.1,0.26815892926348833,8.0","0,0,0"
26.266666666666666,39,AV,2,0,1,4,3,0,0,22,1434.4967426379471,0.1,-2.626666666666667,"0.5175492424242425,0.25394540229885054,0.35108333333333336,0.1,0.22,0.07087704418350775,7.0","0,0,0"
57.083333333333336,59,AV,0,5,6,6,1,0,0,49,1068.5648373754009,0.1,-5.708333333333334,"0.5192654320987654,0.2723012820512821,0.3545178571428571,0.1,0.49,0.052796716047137274,6.0","0,0,0"
22.35,123,AV,2,1,2,0,8,0,0,2,1148.9174546898266,0.1,-2.2350000000000003,"0.46513030303030306,0.25868939393939394,0.29867543859649126,0.1,0.02,0.05676685821503235,8.0","0,0,0"
104.03333333333333,285,AV,0,5,1,4,7,0,0,94,2088.64210540395,0.3,-31.209999999999997,"0.6063717948717948,0.31301633986928107,0.3783783783783784,0.3,0.94,0.10319770996204586,12.0","0,0,0"
22.683333333333334,280,AV,1,0,6,0,0,0,0,31,8348.421721831439,0.2,-4.536666666666667,"0.4266627906976743,0.2727345679012346,0.32707692307692304,0.2,0.31,0.41248713758156286,6.0","0,0,0"
31.1,151,AV,2,2,1,6,4,0,0,35,981.8973671489576,0.5,-15.55,"0.6069473684210527,0.2910902777777778,0.3659904761904761,0.5,0.35,0.048514563335367175,10.0","0,0,0"
40.53333333333333,104,AV,1,1,5,5,5,0,0,85,2667.9339807116767,0.1,-4.053333333333334,"0.4337619047619047,0.26119,0.3370740740740741,0.1,0.85,0.13181994005915215,10.0","0,0,0"
23.933333333333334,147,AV,0,7,5,9,17,0,0,17,5702.616109653807,0.1,-2.3933333333333335,"0.47935593220338996,0.2704692982456141,0.34986036036036033,0.1,0.17,0.28176053800041856,24.0","0,0,0"
81.3,260,AV,0,7,7,1,0,0,0,73,2276.662146114732,0.5,-40.65,"0.5757999999999999,0.2736950354609929,0.36127380952380955,0.5,0.73,0.1124875914492194,7.0","0,0,0"
70.85,288,AV,0,8,1,5,26,0,0,61,12197.400506638176,0.3,-21.255,"0.409804347826087,0.24770689655172412,0.29464215686274514,0.3,0.61,0.6026613159421645,34.0","0,0,0"
33.35,80,AV,1,3,4,2,2,0,0,68,4304.4895651906745,0.5,-16.675,"0.7531632653061223,0.32053494623655915,0.4103448275862069,0.5,0.68,0.21268050880229086,6.0","0,0,0"
76.0,96,AV,0,6,4,1,1,0,0,71,3022.892107624705,0.1,-7.6000000000000005,"0.46006249999999993,0.2940148148148148,0.3466808510638297,0.1,0.71,0.14935806482215805,7.0","0,0,0"
38.05,217,AV,2,3,3,0,6,0,0,47,2131.3254046090938,1.0,-38.05,"0.4889012345679012,0.29270987654320985,0.35814583333333333,1.0,0.47,0.10530664893258515,6.0","0,0,0"
21.183333333333334,120,AV,1,2,7,7,1,0,0,23,2780.081336731352,0.1,-2.1183333333333336,"0.4721515151515152,0.2887566666666667,0.3182175925925926,0.1,0.23,0.1373610283526348,8.0","0,0,0"
19.15,71,AV,2,3,2,6,2,0,0,4,753.7709081553346,0.7,-13.404999999999998,"0.5537314814814814,0.2968299319727891,0.32106756756756755,0.7,0.04,0.03724306397749163,8.0","0,0,0"
40.81666666666667,215,AV,2,2,2,5,0,0,0,74,1751.9448432672848,0.3,-12.245000000000001,"0.4921276595744681,0.2908235294117647,0.3399642857142857,0.3,0.74,0.08656183619837181,5.0","0,0,0"
84.83333333333333,167,AV,0,6,1,7,8,0,0,78,1129.1321270070612,0.1,-8.483333333333333,"0.47961742424242426,0.26276923076923075,0.3347291666666667,0.1,0.78,0.05578928503366858,14.0","0,0,0"
27.466666666666665,227,AV,2,3,2,0,6,0,0,27,2747.619709803412,0.2,-5.493333333333333,"0.4973433333333333,0.281745283018868,0.3290714285714285,0.2,0.27,0.13575713194935043,6.0","0,0,0"
16.983333333333334,68,AV,0,7,7,4,2,0,0,12,4135.471393234625,0.1,-1.6983333333333335,"0.6183435374149661,0.32899999999999996,0.3658942307692308,0.1,0.12,0.20432949057724065,9.0","0,0,0"
70.98333333333333,279,AV,0,6,6,0,0,0,0,61,1927.298426803608,0.3,-21.294999999999998,"0.418224358974359,0.26670486111111114,0.34733809523809517,0.3,0.61,0.09522588075045987,6.0","0,0,0"
38.78333333333333,204,AV,2,3,1,5,2,0,0,55,3628.2404526711953,0.3,-11.635,"0.4397333333333333,0.24660763888888884,0.3124444444444445,0.3,0.55,0.1792677189349818,7.0","0,0,0"
33.38333333333333,258,AV,1,0,7,2,2,0,0,66,11861.36896338871,0.1,-3.3383333333333334,"0.4453505747126437,0.28239333333333333,0.319359375,0.1,0.66,0.5860583346804944,9.0","0,0,0"
60.5,131,AV,0,5,1,2,0,0,0,51,1411.5824788559885,0.2,-12.100000000000001,"0.4809659863945578,0.289698275862069,0.34758585858585855,0.2,0.51,0.06974487341013964,5.0","0,0,0"
31.7,234,AV,2,0,0,0,5,0,0,31,5807.233742044462,0.1,-3.17,"0.5095606060606062,0.2988292682926829,0.37118939393939393,0.1,0.31,0.28692959020732056,5.0","0,0,0"
42.53333333333333,73,AV,2,3,1,6,4,0,0,82,1122.7546975855585,0.1,-4.253333333333333,"0.48367063492063495,0.2705546448087432,0.33385648148148156,0.1,0.82,0.0554741826472708,10.0","0,0,0"
53.53333333333333,214,AV,0,6,7,5,1,0,0,45,1614.9493849180149,0.1,-5.3533333333333335,"0.42530188679245284,0.25445,0.3267094017094017,0.1,0.45,0.0797930281099649,7.0","0,0,0"
26.083333333333332,70,AV,1,0,7,5,6,0,0,53,5003.647877951615,0.1,-2.6083333333333334,"0.44742559523809533,0.26879059829059826,0.3089612403100775,0.1,0.53,0.2472252192585145,13.0","0,0,0"
29.016666666666666,114,AV,0,5,3,6,3,0,0,24,1348.5865378412918,0.1,-2.901666666666667,"0.47671236559139785,0.26492916666666666,0.3354780701754386,0.1,0.24,0.0666323071965214,8.0","0,0,0"
18.733333333333334,53,AV,0,6,2,3,2,0,0,12,2996.640782499388,0.3,-5.62,"0.6504375,0.3212403100775194,0.3742764227642277,0.3,0.12,0.14806101319737625,8.0","0,0,0"
23.866666666666667,111,AV,2,1,0,2,16,0,0,18,3386.12741774329,0.4,-9.546666666666667,"0.4317628205128205,0.2506132075471698,0.31447979797979797,0.4,0.18,0.16730515689916173,16.0","0,0,0"
47.88333333333333,290,AV,2,0,1,9,2,0,0,82,871.0408974081768,0.5,-23.941666666666666,"0.43013461538461534,0.24675193798449613,0.3070518518518518,0.5,0.82,0.0430372564372029,11.0","0,0,0"
39.65,220,AV,0,6,0,2,0,0,0,35,5502.789496653042,0.1,-3.965,"0.42053703703703704,0.24651136363636364,0.3160772357723578,0.1,0.35,0.27188730562719554,6.0","0,0,0"
86.55,130,AV,0,5,5,0,0,0,0,79,2139.4702648744856,0.3,-25.965,"0.4161472868217054,0.2673,0.33303153153153153,0.3,0.79,0.10570907830292801,5.0","0,0,0"
109.11666666666666,129,AV,0,4,2,5,1,0,0,99,8987.033628468456,0.1,-10.911666666666667,"0.6330121951219511,0.307125,0.3661428571428572,0.1,0.99,0.4440403108844108,5.0","0,0,0"
27.383333333333333,138,AV,0,7,1,2,4,0,0,21,586.3474640105957,0.1,-2.7383333333333333,"0.44599652777777776,0.2717385620915033,0.3435772357723577,0.1,0.21,0.02897083965289678,11.0","0,0,0"
107.31666666666666,201,AV,0,8,1,6,3,0,0,98,854.5785374972068,0.4,-42.92666666666667,"0.5083181818181817,0.2880740740740741,0.3637311827956989,0.4,0.98,0.04222386775802824,11.0","0,0,0"
23.95,143,AV,0,4,7,3,6,0,0,17,3849.958431883558,0.2,-4.79,"0.7026923076923077,0.3105198412698412,0.37622826086956523,0.2,0.17,0.19022258173935064,10.0","0,0,0"
34.3,60,AV,0,8,1,4,9,0,0,33,3132.463358685509,0.2,-6.859999999999999,"0.45709057971014494,0.24386944444444442,0.3154509803921569,0.2,0.33,0.15477187035537765,17.0","0,0,0"
24.483333333333334,206,AV,1,3,4,3,2,0,0,39,2965.4163440895786,0.1,-2.4483333333333337,"0.4711633986928105,0.22613194444444445,0.3171016260162602,0.1,0.39,0.14651824503694982,6.0","0,0,0"
6.4,30,AV,0,4,1,0,5,0,0,2,1888.2149669861096,0.2,-1.2800000000000002,"0.5942420634920635,0.293765625,0.3480490196078432,0.2,0.02,0.09329480623074009,9.0","0,0,0"
19.4,235,AV,2,1,2,0,6,0,0,2,1942.5668635563816,0.1,-1.94,"0.5155066666666667,0.3039787234042553,0.34179292929292937,0.1,0.02,0.09598027888478354,6.0","0,0,0"
51.81666666666667,103,AV,0,5,2,8,3,0,0,43,3252.767976975094,0.2,-10.363333333333335,"0.5208333333333333,0.2872118055555556,0.3468970588235294,0.2,0.43,0.1607160007897979,8.0","0,0,0"
38.666666666666664,42,AV,1,1,5,7,2,0,0,92,3389.778327720714,0.2,-7.733333333333333,"0.3352628205128205,0.24138492063492062,0.3133985507246377,0.2,0.92,0.1674855446965603,7.0","0,0,0"
63.85,107,AV,0,4,1,5,4,0,0,57,1040.734547163155,0.2,-12.770000000000001,"0.43329245283018863,0.25727916666666667,0.297481981981982,0.2,0.57,0.05142164934229008,8.0","0,0,0"
28.683333333333334,287,AV,1,2,8,8,4,0,0,53,969.457736312404,0.3,-8.605,"0.4844081632653061,0.25202272727272723,0.32965185185185186,0.3,0.53,0.04789993366196159,12.0","0,0,0"
27.566666666666666,119,AV,2,3,3,6,0,0,0,8,5862.8833826120845,0.1,-2.756666666666667,"0.5518706896551724,0.28705797101449276,0.3387453703703704,0.1,0.08,0.28967918308966784,6.0","0,0,0"
44.8,127,AV,0,5,6,5,1,0,0,36,2815.231094880572,0.1,-4.4799999999999995,"0.7107440476190477,0.3082159090909091,0.3783026315789474,0.1,0.36,0.1390977426213619,6.0","0,0,0"
35.55,55,AV,1,1,6,4,1,0,0,85,1503.4428459110418,0.2,-7.109999999999999,"0.5833525641025641,0.3234296296296296,0.37534496124031014,0.2,0.85,0.07428360194186243,7.0","0,0,0"
43.05,84,AV,0,7,1,7,16,0,0,35,8028.27043643778,0.2,-8.61,"0.3930436507936508,0.2616057692307692,0.29715277777777777,0.2,0.35,0.39666878392080435,23.0","0,0,0"
6.633333333333334,26,AV,0,5,1,7,2,0,0,1,1447.5744631551047,0.1,-0.6633333333333334,"0.4243076923076922,0.24904861111111107,0.3088088235294117,0.1,0.01,0.07152320122755207,7.0","0,0,0"
98.71666666666667,230,AV,0,4,4,2,2,0,0,89,11185.875164713363,0.1,-9.871666666666668,"0.473570987654321,0.26147,0.3262685185185185,0.1,0.89,0.5526828641120808,6.0","0,0,0"
51.86666666666667,75,AV,0,4,0,0,1,0,0,44,6783.106781750961,0.7,-36.306666666666665,"0.42545652173913046,0.23468910256410255,0.3179920634920635,0.7,0.44,0.33514649757064985,5.0","0,0,0"
22.083333333333332,92,AV,1,1,5,3,7,0,0,32,2133.445027811215,0.2,-4.416666666666667,"0.4214679487179487,0.26627891156462585,0.3256875,0.2,0.32,0.10541137738743885,12.0","0,0,0"
39.766666666666666,203,AV,2,2,1,7,6,0,0,84,1653.1781197118603,0.1,-3.9766666666666666,"0.47769774011299426,0.25696296296296295,0.31922058823529414,0.1,0.84,0.08168187152419273,13.0","0,0,0"
67.6,172,AV,0,5,2,7,5,0,0,59,5984.209260784091,0.1,-6.76,"0.5556241830065359,0.28443333333333337,0.35710606060606054,0.1,0.59,0.2956737729497932,10.0","0,0,0"
79.65,278,AV,0,5,5,0,0,0,0,73,1718.6657268339234,0.1,-7.965000000000001,"0.5221132075471698,0.3051933333333334,0.35331981981981975,0.1,0.73,0.0849175484591763,5.0","0,0,0"
35.483333333333334,269,AV,1,0,5,0,4,0,0,80,2909.8477340427667,0.1,-3.548333333333334,"0.6141610169491526,0.3019647435897436,0.37504022988505753,0.1,0.8,0.1437726557913017,9.0","0,0,0"
40.15,173,AV,2,1,1,7,6,0,0,77,3245.380745418587,0.2,-8.03,"0.5620612244897958,0.3231851851851852,0.3706231884057971,0.2,0.77,0.16035100509349434,13.0","0,0,0"
74.35,233,AV,0,9,9,3,3,0,0,65,7362.36439851089,0.5,-37.175,"0.5053103448275862,0.2829934640522876,0.31663440860215053,0.5,0.65,0.36376703498729634,12.0","0,0,0"
42.36666666666667,74,AV,2,1,1,3,6,0,0,87,1291.2118623687816,0.3,-12.709999999999999,"0.4846504065040651,0.2654722222222222,0.36304545454545445,0.3,0.87,0.0637974820710203,6.0","0,0,0"
105.53333333333333,241,AV,0,6,3,3,0,0,0,96,3759.463069718096,0.8,-84.42666666666668,"0.5182046783625731,0.28848550724637684,0.34854054054054046,0.8,0.96,0.18575129672910448,6.0","0,0,0"
90.06666666666666,291,AV,0,4,8,8,8,0,0,82,1405.7852601227096,0.3,-27.02,"0.4886031746031746,0.2795136612021858,0.33538888888888885,0.3,0.82,0.0694584386514629,12.0","0,0,0"
46.6,133,AV,2,1,0,5,0,0,0,100,2280.385817754286,0.1,-4.66,"0.5174938271604939,0.2990868055555556,0.35520614035087716,0.1,1.0,0.1126715743273096,5.0","0,0,0"
33.233333333333334,10,AV,1,2,5,5,1,0,0,64,1446.9812594843625,0.1,-3.3233333333333337,"0.570824074074074,0.28778682170542635,0.3453284313725491,0.1,0.64,0.07149389162960644,6.0","0,0,0"
47.46666666666667,226,AV,2,0,0,7,3,0,0,98,1457.5875839824732,0.1,-4.746666666666667,"0.5803494623655913,0.29835666666666666,0.34576190476190477,0.1,0.98,0.0720179394770033,10.0","0,0,0"
10.133333333333333,13,AV,0,7,5,4,5,0,0,3,1293.252850487379,0.1,-1.0133333333333334,"0.44197878787878786,0.25835849056603777,0.33285937499999996,0.1,0.03,0.06389832524532672,12.0","0,0,0"
27.466666666666665,266,AV,2,2,3,9,9,0,0,30,3048.604611013583,0.1,-2.7466666666666666,"0.5705724637681159,0.3062222222222222,0.36413888888888885,0.1,0.3,0.15062849380578247,18.0","0,0,0"
88.36666666666666,136,AV,0,7,7,3,5,0,0,79,742.6585956180782,0.1,-8.836666666666666,"0.4462346938775511,0.25835555555555556,0.3313731884057971,0.1,0.79,0.03669401576896401,12.0","0,0,0"
88.21666666666667,219,AV,0,6,9,2,5,0,0,81,5370.167679594476,0.8,-70.57333333333334,"0.48570833333333324,0.2795606060606061,0.32943495934959344,0.8,0.81,0.26533459476493776,11.0","0,0,0"
27.366666666666667,244,AV,1,1,9,7,5,0,0,56,513.7357984527049,0.1,-2.736666666666667,"0.4974583333333334,0.26704285714285714,0.3396666666666667,0.1,0.56,0.02538317014134346,14.0","0,0,0"
21.533333333333335,205,AV,1,3,6,4,0,0,0,25,913.5589076746268,0.4,-8.613333333333335,"0.4612534722222222,0.24444444444444444,0.33296052631578943,0.4,0.25,0.04513802864718944,6.0","0,0,0"
38.7,157,AV,2,2,1,3,5,0,0,71,2105.159940183184,0.1,-3.8700000000000006,"0.48683602150537636,0.2778293650793652,0.34122222222222226,0.1,0.71,0.10401383959877876,5.0","0,0,0"
44.016666666666666,125,AV,2,1,1,1,7,0,0,86,8975.220492497892,0.3,-13.205,"0.5357672413793102,0.2759837398373984,0.37512195121951214,0.3,0.86,0.44345663569349214,7.0","0,0,0"
38.13333333333333,117,AV,2,3,0,2,6,0,0,64,1526.0895405694364,0.1,-3.8133333333333335,"0.4740709219858156,0.2805204678362573,0.33698611111111115,0.1,0.64,0.07540255239340664,6.0","0,0,0"
23.583333333333332,86,AV,1,2,5,0,3,0,0,36,2361.523720441912,0.3,-7.074999999999999,"0.5134151515151515,0.27383974358974356,0.317550505050505,0.3,0.36,0.1166805166572675,8.0","0,0,0"
18.25,210,AV,1,2,6,8,2,0,0,15,1697.366940102563,0.5,-9.125,"0.6973197278911565,0.33554273504273513,0.39195370370370364,0.5,0.15,0.08386519678534977,8.0","0,0,0"
39.13333333333333,58,AV,1,0,9,1,5,0,0,91,2818.3733061874163,0.3,-11.74,"0.5112875816993464,0.27288580246913585,0.32357619047619046,0.3,0.91,0.13925299612805134,14.0","0,0,0"
30.85,47,AV,1,0,8,1,2,0,0,59,4223.122456076251,0.2,-6.170000000000001,"0.4833276836158192,0.26694444444444443,0.3258771929824561,0.2,0.59,0.20866024161284988,10.0","0,0,0"
62.166666666666664,155,AV,0,6,4,2,1,0,0,56,1567.0706205360798,0.1,-6.216666666666667,"0.47074425287356314,0.24546808510638304,0.3465904761904763,0.1,0.56,0.07742738641996724,7.0","0,0,0"
22.133333333333333,1,AV,1,3,6,0,4,0,0,25,8029.700924090037,0.4,-8.853333333333333,"0.4039418604651162,0.2371339869281046,0.3199962121212121,0.4,0.25,0.39673946287985623,10.0","0,0,0"
21.7,195,AV,1,1,6,3,5,0,0,29,7592.14370769901,0.1,-2.17,"0.4993238993710692,0.29339855072463766,0.33791463414634143,0.1,0.29,0.37512020001424035,11.0","0,0,0"
43.75,105,AV,2,0,3,1,8,0,0,99,1148.2139867956057,0.1,-4.375,"0.5898090909090908,0.2891496598639456,0.3757546296296297,0.1,0.99,0.05673210057248192,8.0","0,0,0"
20.7,150,AV,1,2,6,5,5,0,0,22,2838.632091159661,0.2,-4.14,"0.5197586206896551,0.27026666666666666,0.3628963963963963,0.2,0.22,0.14025396235885745,11.0","0,0,0"
33.3,292,AV,1,0,5,5,6,0,0,62,5721.231751015957,0.3,-9.989999999999998,"0.4295816326530612,0.2589166666666667,0.3465720720720721,0.3,0.62,0.2826803181547486,11.0","0,0,0"
9.95,46,AV,0,6,7,6,3,0,0,5,3465.4556083993225,0.2,-1.99,"0.49091489361702123,0.26518589743589743,0.35951626016260163,0.2,0.05,0.17122468317412964,9.0","0,0,0"
45.15,265,AV,2,2,0,7,12,0,0,85,5985.732437913218,0.2,-9.03,"0.6334183673469388,0.31771895424836605,0.36915,0.2,0.85,0.2957490316028605,19.0","0,0,0"
26.866666666666667,137,AV,1,1,9,6,0,0,0,49,3941.04555698938,0.7,-18.806666666666665,"0.5429391025641026,0.2787254901960785,0.36609459459459454,0.7,0.49,0.19472310516250035,9.0","0,0,0"
17.9,178,AV,1,1,9,5,3,0,0,13,2722.266725979925,0.1,-1.79,"0.4551073446327683,0.24751063829787237,0.31719607843137254,0.1,0.13,0.13450446646658565,12.0","0,0,0"
18.233333333333334,163,AV,1,2,6,4,0,0,0,12,8475.089255911002,0.1,-1.8233333333333335,"0.6144150943396226,0.30945283018867925,0.375656862745098,0.1,0.12,0.41874565329841523,6.0","0,0,0"
46.583333333333336,282,AV,2,3,1,6,2,0,0,92,1386.7650627050614,0.1,-4.658333333333334,"0.5168439716312059,0.2830714285714286,0.34484552845528454,0.1,0.92,0.0685186697885022,8.0","0,0,0"
55.3,51,AV,0,6,0,4,0,0,0,48,1076.386102050743,0.1,-5.53,"0.4956233333333333,0.2795510204081632,0.34925203252032516,0.1,0.48,0.05318315688418353,6.0","0,0,0"
102.25,183,AV,0,6,5,6,1,0,0,91,1240.6560786390864,0.6,-61.349999999999994,"0.5161100628930818,0.2854,0.33292792792792786,0.6,0.91,0.06129957154209703,7.0","0,0,0"
84.85,193,AV,0,8,0,2,3,0,0,78,844.3352662229099,0.1,-8.485,"0.5116744186046512,0.27437134502923977,0.3239247311827957,0.1,0.78,0.04171775800600685,11.0","0,0,0"
23.483333333333334,128,AV,2,0,0,6,0,0,0,7,658.4091024775607,0.5,-11.741666666666667,"0.4894285714285714,0.28953703703703704,0.34438738738738744,0.5,0.07,0.032531332877974904,6.0","0,0,0"
28.95,2,AV,2,3,3,2,22,0,0,19,4504.939201911708,0.9,-26.055,"0.5420726495726496,0.2850370370370371,0.3484615384615385,0.9,0.19,0.2225845241521748,22.0","0,0,0"
43.95,135,AV,2,1,2,8,1,0,0,89,4343.557359248321,0.3,-13.185,"0.6025032051282051,0.3015034722222221,0.35631250000000003,0.3,0.89,0.21461080929254078,9.0","0,0,0"
46.8,264,AV,2,0,2,2,6,0,0,93,3623.60917519969,0.1,-4.68,"0.49249152542372876,0.28515656565656566,0.3455877192982456,0.1,0.93,0.17903889216374055,6.0","0,0,0"
41.416666666666664,299,AV,0,8,8,5,1,0,0,35,743.7553910389753,0.3,-12.424999999999999,"0.5741830065359478,0.31046590909090915,0.3559111111111111,0.3,0.35,0.036748207329806624,9.0","0,0,0"
41.71666666666667,134,AV,2,1,0,3,7,0,0,71,2142.030696222753,0.1,-4.171666666666667,"0.4362596899224806,0.25102884615384613,0.35499224806201546,0.1,0.71,0.10583558664582342,7.0","0,0,0"
35.11666666666667,262,AV,1,2,6,6,7,0,0,83,954.0002559944874,0.2,-7.023333333333333,"0.5311933333333334,0.2794880952380952,0.33710416666666665,0.2,0.83,0.04713619507483592,13.0","0,0,0"
36.96666666666667,283,AV,2,3,2,4,2,0,0,51,932.0432837729122,0.9,-33.27,"0.45083030303030297,0.2493062015503876,0.36003968253968255,0.9,0.51,0.04605132311658888,6.0","0,0,0"
13.466666666666667,43,AV,0,5,6,6,6,0,0,9,5844.130995646287,0.2,-2.6933333333333334,"0.5253444444444445,0.2882421383647799,0.330241935483871,0.2,0.09,0.28875264647231946,11.0","0,0,0"
24.183333333333334,29,AV,2,3,3,9,2,0,0,17,2850.5966631146844,0.3,-7.255,"0.6221547619047619,0.29703875968992244,0.38153703703703706,0.3,0.17,0.14084511984976505,11.0","0,0,0"
38.06666666666667,31,AV,2,1,2,2,6,0,0,60,5825.425317043349,0.1,-3.806666666666667,"0.5918050314465407,0.29289166666666666,0.3432666666666666,0.1,0.6,0.28782841766829664,6.0","0,0,0"
41.95,93,AV,2,1,1,2,11,0,0,80,1838.9541098615327,0.2,-8.39,"0.5364561403508773,0.2697259259259259,0.33607017543859646,0.2,0.8,0.09086087672559844,11.0","0,0,0"
86.5,21,AV,0,7,1,3,8,0,0,79,3773.073658575576,0.6,-51.9,"0.6339262820512821,0.3076512345679012,0.3656944444444445,0.6,0.79,0.1864237822629797,15.0","0,0,0"
8.366666666666667,281,AV,0,9,9,5,0,0,0,2,591.6693204447811,0.1,-0.8366666666666668,"0.458764492753623,0.25546180555555564,0.32350724637681155,0.1,0.02,0.02923378723751827,9.0","0,0,0"
33.0,284,AV,2,1,2,6,2,0,0,45,1649.648602545546,0.1,-3.3000000000000003,"0.5693803418803419,0.2995786163522013,0.3617719298245614,0.1,0.45,0.08150748162374356,8.0","0,0,0"
37.95,242,AV,1,3,7,7,5,0,0,93,1291.7462447339112,0.6,-22.77,"0.5139806201550389,0.28648639455782315,0.3339385964912281,0.6,0.93,0.06382388536729725,12.0","0,0,0"
34.483333333333334,289,AV,1,0,7,9,2,0,0,48,1111.987968807459,1.0,-34.483333333333334,"0.593232142857143,0.2908851851851852,0.345551282051282,1.0,0.48,0.05494220938540485,9.0","0,0,0"
35.43333333333333,179,AV,1,2,6,0,6,0,0,75,2044.1603053436156,0.4,-14.173333333333332,"0.513051724137931,0.2652348484848484,0.3268508771929825,0.4,0.75,0.10099990886948945,12.0","0,0,0"
20.533333333333335,211,AV,0,7,7,1,0,0,0,13,5849.7981009167725,0.1,-2.0533333333333337,"0.5612916666666667,0.2971378205128205,0.3569032258064517,0.1,0.13,0.28903265245540044,7.0","0,0,0"
33.55,90,AV,1,0,4,8,10,0,0,63,7130.271245067938,0.1,-3.355,"0.49103846153846153,0.2511444444444445,0.2936011904761905,0.1,0.63,0.3522995452382328,14.0","0,0,0"
23.9,109,AV,1,0,8,5,0,0,0,34,6081.635477498837,0.4,-9.56,"0.46942666666666666,0.2542326388888889,0.3165858585858586,0.4,0.34,0.3004875045265025,8.0","0,0,0"
36.75,186,AV,2,3,0,7,0,0,0,61,4266.216809230351,0.2,-7.3500000000000005,"0.5008793103448275,0.26639639639639645,0.3424888888888889,0.2,0.61,0.2107894903464134,7.0","0,0,0"
72.58333333333333,62,AV,0,6,0,2,0,0,0,62,2382.718205806423,1.0,-72.58333333333333,"0.529788888888889,0.2999782608695652,0.3469316239316239,1.0,0.62,0.1177277149052501,6.0","0,0,0"
23.95,87,AV,1,2,8,8,3,0,0,28,4116.183110063293,0.3,-7.185,"0.6923950617283952,0.3181785714285714,0.3976174242424242,0.3,0.28,0.2033764758662804,11.0","0,0,0"
27.233333333333334,154,AV,1,0,5,1,9,0,0,42,2337.3116255789537,0.1,-2.7233333333333336,"0.48527304964539014,0.2705851851851852,0.3600873015873016,0.1,0.42,0.11548422135287985,14.0","0,0,0"
65.63333333333334,231,AV,0,4,3,4,4,0,0,58,6446.254396158338,0.3,-19.69,"0.6129824561403509,0.30910884353741497,0.38113725490196076,0.3,0.58,0.31850295931272143,8.0","0,0,0"
42.05,48,AV,2,3,2,3,9,0,0,84,1200.7903182940884,0.7,-29.434999999999995,"0.448169696969697,0.2832954545454545,0.35071544715447156,0.7,0.84,0.05932984433854443,9.0","0,0,0"
26.9,189,AV,2,0,3,0,18,0,0,27,1490.1599361877834,0.5,-13.45,"0.4636825396825397,0.2909276729559748,0.3286814814814815,0.5,0.27,0.0736273067051025,18.0","0,0,0"
36.56666666666667,25,AV,2,1,0,1,12,0,0,59,646.5589615252754,0.5,-18.283333333333335,"0.5935593220338984,0.3130833333333333,0.3452264957264958,0.5,0.59,0.03194582930805295,12.0","0,0,0"
23.8,146,AV,2,2,2,6,6,0,0,9,4704.305573257116,0.4,-9.520000000000001,"0.5307878787878787,0.2836212121212121,0.35794308943089426,0.4,0.09,0.2324350164471723,12.0","0,0,0"
36.266666666666666,23,AV,2,2,3,5,4,0,0,62,7336.658338656486,0.5,-18.133333333333333,"0.5999613095238095,0.29338888888888887,0.34505092592592596,0.5,0.62,0.3624969243722426,9.0","0,0,0"
31.766666666666666,5,AV,2,0,0,6,7,0,0,39,8333.728817076937,0.1,-3.1766666666666667,"0.48135151515151514,0.2609583333333333,0.34204504504504507,0.1,0.39,0.4117611759055859,13.0","0,0,0"
46.71666666666667,148,AV,0,8,7,5,0,0,0,36,3803.247088152212,0.6,-28.03,"0.6515283687943263,0.3085818181818182,0.37972807017543864,0.6,0.36,0.18791462113190488,8.0","0,0,0"
30.3,252,AV,1,2,7,2,0,0,0,58,1265.4739572733297,0.3,-9.09,"0.5208235294117647,0.2819268292682927,0.3627763157894737,0.3,0.58,0.06252579801457091,7.0","0,0,0"
30.933333333333334,271,AV,0,8,8,1,5,0,0,24,2198.5025098873134,0.1,-3.0933333333333337,"0.48532704402515725,0.2773333333333333,0.3474953703703704,0.1,0.24,0.10862580227563756,13.0","0,0,0"
11.883333333333333,149,AV,0,7,3,7,4,0,0,5,2898.378436294527,0.1,-1.1883333333333332,"0.3671209150326798,0.23271999999999998,0.31519642857142854,0.1,0.05,0.14320596930182183,11.0","0,0,0"
34.916666666666664,187,AV,2,1,3,4,2,0,0,46,3898.759045987068,0.2,-6.983333333333333,"0.5714710144927535,0.3219308176100629,0.35629268292682925,0.2,0.46,0.19263377109878843,6.0","0,0,0"
23.983333333333334,202,AV,1,0,5,3,1,0,0,37,1205.4292211271013,0.1,-2.3983333333333334,"0.572654761904762,0.285075,0.35687234042553195,0.1,0.37,0.059559047871243866,6.0","0,0,0"
91.73333333333333,56,AV,0,9,5,4,1,0,0,85,10838.007207066395,0.2,-18.346666666666668,"0.4887596153846153,0.30571739130434783,0.34070325203252033,0.2,0.85,0.5354950574957825,10.0","0,0,0"
104.06666666666666,160,AV,0,4,0,2,2,0,0,93,3508.846318545673,0.6,-62.44,"0.598525641025641,0.2995686274509804,0.35165666666666673,0.6,0.93,0.17336857460921315,6.0","0,0,0"
76.03333333333333,293,AV,0,7,1,2,1,0,0,70,1454.957177165027,0.3,-22.81,"0.45007894736842113,0.27577485380116956,0.35574774774774776,0.3,0.7,0.07188797371641335,8.0","0,0,0"
19.05,41,AV,1,3,5,1,1,0,0,12,5611.673516276995,0.2,-3.8100000000000005,"0.5903601190476191,0.28295035460992907,0.3400945945945945,0.2,0.12,0.27726715574492605,6.0","0,0,0"
33.96666666666667,142,AV,2,0,2,6,13,0,0,46,1150.2916000513435,0.3,-10.19,"0.3640162601626016,0.25802962962962966,0.2912393162393163,0.3,0.46,0.05683475335805212,19.0","0,0,0"
36.13333333333333,44,AV,1,1,7,4,0,0,0,86,1342.087988935639,0.5,-18.066666666666666,"0.44023765432098755,0.2588295454545454,0.3203571428571428,0.5,0.86,0.06631122041798494,7.0","0,0,0"
15.25,145,AV,0,8,9,5,7,0,0,10,491.0984231068265,0.1,-1.5250000000000001,"0.425391156462585,0.2851666666666667,0.3292479674796748,0.1,0.1,0.024264680147676444,15.0","0,0,0"
32.56666666666667,174,AV,0,6,4,1,6,0,0,27,567.550811201735,0.2,-6.5133333333333345,"0.404595238095238,0.26389115646258504,0.34052777777777776,0.2,0.27,0.028042115904674286,12.0","0,0,0"
40.95,38,AV,2,3,2,3,8,0,0,72,2078.9202215407213,0.1,-4.095000000000001,"0.5062865497076023,0.2784539007092199,0.333375,0.1,0.72,0.10271736143866485,8.0","0,0,0"
40.483333333333334,222,AV,2,0,1,8,0,0,0,82,8689.506535985933,0.4,-16.193333333333335,"0.4925636363636364,0.27473170731707314,0.345656862745098,0.4,0.82,0.42933979588645044,8.0","0,0,0"
48.3,197,AV,0,7,7,3,0,0,0,40,3520.054626539052,0.4,-19.32,"0.4359638888888889,0.26669259259259265,0.30560000000000004,0.4,0.4,0.17392236585687273,7.0","0,0,0"
44.53333333333333,122,AV,2,1,2,5,2,0,0,95,727.2326469992182,0.3,-13.36,"0.3868827160493828,0.24910256410256412,0.29588157894736844,0.3,0.95,0.03593183513143892,7.0","0,0,0"
31.633333333333333,247,AV,2,3,2,4,2,0,0,29,4164.701887555128,0.1,-3.1633333333333336,"0.47903333333333337,0.2815984848484849,0.34451515151515155,0.1,0.29,0.20577373996162773,6.0","0,0,0"
37.78333333333333,184,AV,2,1,1,4,2,0,0,72,4021.28082322038,0.1,-3.7783333333333333,"0.4454022988505747,0.27682843137254903,0.3607934782608696,0.1,0.72,0.19868744913115402,6.0","0,0,0"
34.45,115,AV,0,5,5,8,4,0,0,33,2987.078671303881,0.1,-3.4450000000000003,"0.6149603174603174,0.3021180555555556,0.37525416666666667,0.1,0.33,0.14758855888113623,9.0","0,0,0"
16.583333333333332,188,AV,1,1,6,1,1,0,0,1,1830.3424648913517,0.1,-1.6583333333333332,"0.5129528301886793,0.2735377358490566,0.34329901960784315,0.1,0.01,0.09043538399152518,7.0","0,0,0"
33.3,64,AV,1,3,6,2,2,0,0,67,2476.7673195544394,0.4,-13.32,"0.5104818181818181,0.2753245614035088,0.345422619047619,0.4,0.67,0.12237458721412664,8.0","0,0,0"
35.016666666666666,297,AV,1,3,4,5,4,0,0,67,4547.885280126284,0.3,-10.504999999999999,"0.39035227272727274,0.24706779661016953,0.31906306306306303,0.3,0.67,0.2247064467698068,8.0","0,0,0"
18.4,162,AV,1,2,5,9,4,0,0,17,1373.5659577718477,0.2,-3.6799999999999997,"0.4619574468085106,0.27369629629629627,0.333127659574468,0.2,0.17,0.06786651526229966,9.0","0,0,0"
45.46666666666667,168,AV,2,2,0,0,6,0,0,95,2043.1688306873104,0.1,-4.546666666666667,"0.5863333333333333,0.30390350877192984,0.35551388888888896,0.1,0.95,0.10095092110191003,6.0","0,0,0"
27.016666666666666,69,AV,1,0,5,3,1,0,0,43,985.8695826897422,0.8,-21.613333333333333,"0.46648333333333336,0.2925089285714286,0.3592303921568628,0.8,0.43,0.04871082651814225,6.0","0,0,0"
57.03333333333333,54,AV,0,5,7,1,2,0,0,49,5899.132481879994,0.1,-5.703333333333333,"0.54775,0.28829320987654317,0.3443385416666666,0.1,0.49,0.29147021469961026,7.0","0,0,0"
53.583333333333336,253,AV,0,4,1,3,14,0,0,47,6020.57275324985,0.1,-5.358333333333334,"0.4036150793650794,0.27835333333333334,0.3330719696969697,0.1,0.47,0.2974704566128196,18.0","0,0,0"
24.966666666666665,72,AV,1,3,4,5,1,0,0,42,1885.557658153182,0.9,-22.47,"0.5460064102564103,0.312049645390071,0.37190322580645163,0.9,0.42,0.09316351126856799,5.0","0,0,0"
83.15,32,AV,0,5,5,3,6,0,0,77,2177.5877894542577,0.1,-8.315000000000001,"0.5352134502923976,0.3036037735849057,0.3844222222222222,0.1,0.77,0.1075924269321053,11.0","0,0,0"
102.21666666666667,112,AV,0,6,0,4,0,0,0,93,4245.708624069837,0.2,-20.443333333333335,"0.4346050724637681,0.25826736111111115,0.32149074074074074,0.2,0.93,0.20977620150263931,6.0","0,0,0"
36.7,181,AV,1,1,8,4,5,0,0,67,912.6272274022258,0.7,-25.69,"0.5130888888888888,0.29543333333333327,0.34651111111111116,0.7,0.67,0.04509199526010037,13.0","0,0,0"
40.2,4,AV,2,0,3,6,3,0,0,71,601.3137559373858,0.1,-4.0200000000000005,"0.6653818181818181,0.3037416666666667,0.386974074074074,0.1,0.71,0.029710309114645228,9.0","0,0,0"
36.15,97,AV,0,6,9,1,8,0,0,34,2326.172138461347,0.2,-7.23,"0.5340816993464051,0.2916265432098765,0.3711761904761905,0.2,0.34,0.11493383047561351,14.0","0,0,0"
95.1,223,AV,0,5,1,1,3,0,0,88,2158.6935677652164,0.2,-19.02,"0.47202127659574467,0.27175,0.337677304964539,0.2,0.88,0.10665888240344744,8.0","0,0,0"
41.416666666666664,294,AV,0,5,9,2,12,0,0,35,3667.3634505223554,0.1,-4.141666666666667,"0.3954382716049383,0.24579924242424242,0.3259960317460317,0.1,0.35,0.1812007469892587,17.0","0,0,0"
100.55,34,AV,0,8,7,5,0,0,0,90,4689.4303597647895,0.1,-10.055,"0.394573717948718,0.28422549019607846,0.31558108108108107,0.1,0.9,0.2317000470794511,8.0","0,0,0"
17.133333333333333,199,AV,1,2,4,0,2,0,0,4,6248.181898567973,0.4,-6.8533333333333335,"0.4864233333333333,0.25445390070921986,0.3231212121212122,0.4,0.04,0.3087163960212402,6.0","0,0,0"
38.88333333333333,106,AV,1,0,7,7,5,0,0,97,1460.8215047913693,0.4,-15.553333333333335,"0.4227222222222223,0.24480994152046787,0.3119666666666666,0.4,0.97,0.07217772425813608,12.0","0,0,0"
35.516666666666666,19,AV,1,2,8,8,3,0,0,82,2991.769966736588,0.1,-3.5516666666666667,"0.45360638297872347,0.2630296296296296,0.3449545454545454,0.1,0.82,0.14782035107959768,11.0","0,0,0"
28.016666666666666,52,AV,2,0,3,1,5,0,0,10,2476.7926805910606,0.4,-11.206666666666667,"0.5105143678160919,0.2907364341085271,0.36263440860215057,0.4,0.1,0.12237584027749006,5.0","0,0,0"
69.06666666666666,132,AV,0,9,0,6,7,0,0,60,1804.2001824470888,0.5,-34.53333333333333,"0.6290072463768115,0.3059182389937107,0.35951219512195126,0.5,0.6,0.08914372005616313,16.0","0,0,0"
39.56666666666667,198,AV,0,6,6,2,15,0,0,35,610.4868582393152,0.1,-3.956666666666667,"0.5031636904761905,0.28146747967479674,0.3436627906976744,0.1,0.35,0.03016354289191967,21.0","0,0,0"
45.35,245,AV,2,0,0,0,7,0,0,90,4577.590037133467,0.4,-18.14,"0.5478074074074074,0.2801666666666667,0.32822222222222225,0.4,0.9,0.2261741289975035,7.0","0,0,0"
44.8,166,AV,0,8,4,7,1,0,0,37,2283.7291705859197,0.2,-8.959999999999999,"0.4415094339622642,0.2666176470588235,0.3190694444444444,0.2,0.37,0.1128367660348439,9.0","0,0,0"
30.283333333333335,240,AV,1,0,7,3,4,0,0,60,1474.5167950508735,0.5,-15.141666666666667,"0.6037695035460994,0.2961904761904762,0.3692689393939395,0.5,0.6,0.07285439480326665,11.0","0,0,0"
15.95,254,AV,1,1,4,5,3,0,0,3,13430.196447392702,0.3,-4.784999999999999,"0.4192261904761904,0.25936879432624116,0.3379054054054055,0.3,0.03,0.6635725259609666,7.0","0,0,0"
22.9,94,AV,1,0,6,7,1,0,0,25,825.4433072334436,0.2,-4.58,"0.6326904761904761,0.29541851851851847,0.3612626262626263,0.2,0.25,0.040784325275063815,7.0","0,0,0"
55.28333333333333,263,AV,0,6,4,3,0,0,0,48,2260.56382504795,0.3,-16.584999999999997,"0.510125,0.29809,0.37050980392156857,0.3,0.48,0.11169218956393358,6.0","0,0,0"
35.083333333333336,190,AV,1,1,4,2,2,0,0,80,3387.2787239910285,0.1,-3.5083333333333337,"0.46132666666666666,0.26505925925925927,0.34347222222222223,0.1,0.8,0.16736204178524355,6.0","0,0,0"
31.933333333333334,273,AV,2,2,3,0,9,0,0,43,13748.957190518822,0.3,-9.58,"0.5952933333333333,0.30447272727272723,0.38249999999999995,0.3,0.43,0.6793221743240372,9.0","0,0,0"
35.233333333333334,83,AV,1,2,4,1,2,0,0,73,4950.077303955518,0.8,-28.186666666666667,"0.5044807692307692,0.3015849673202614,0.34788383838383846,0.8,0.73,0.24457835096861175,6.0","0,0,0"
21.483333333333334,95,AV,1,2,6,1,8,0,0,31,3278.222126324269,0.3,-6.445,"0.46270440251572326,0.26328666666666667,0.32578828828828826,0.3,0.31,0.16197366475964245,14.0","0,0,0"
26.916666666666668,259,AV,1,1,8,7,3,0,0,39,1822.2981036688468,0.1,-2.691666666666667,"0.5154756944444443,0.25700282485875703,0.3231111111111111,0.1,0.39,0.09003792017801585,11.0","0,0,0"
19.35,275,AV,1,1,4,3,6,0,0,14,1805.1606101798543,0.3,-5.805000000000001,"0.5491560283687943,0.29119858156028366,0.364554347826087,0.3,0.14,0.08919117382641367,10.0","0,0,0"
17.016666666666666,276,AV,0,8,0,9,5,0,0,12,3197.7177395395383,0.7,-11.911666666666665,"0.6235533333333332,0.3026276595744681,0.3645697674418604,0.7,0.12,0.15799602381455757,13.0","0,0,0"
69.23333333333333,207,AV,0,9,9,2,7,0,0,61,13351.937436366714,0.8,-55.38666666666667,"0.45976923076923076,0.2801874999999999,0.3478083333333333,0.8,0.61,0.6597058267783346,16.0","0,0,0"
60.4,79,AV,0,4,1,1,2,0,0,54,1317.647826688136,0.1,-6.04,"0.46256439393939397,0.26580128205128206,0.33962380952380955,0.1,0.54,0.06510365653304864,6.0","0,0,0"
33.3,124,AV,1,0,8,9,4,0,0,65,4756.448820673547,0.2,-6.66,"0.6266215277777777,0.28311240310077523,0.3385740740740741,0.2,0.65,0.23501136196344702,12.0","0,0,0"
26.633333333333333,81,AV,2,1,2,5,2,0,0,14,8011.326014866212,0.4,-10.653333333333334,"0.46807575757575753,0.27859119496855345,0.3448749999999999,0.4,0.14,0.395831577058847,7.0","0,0,0"
36.28333333333333,78,AV,1,1,4,1,4,0,0,85,8987.822610831106,0.1,-3.6283333333333334,"0.4686111111111111,0.26625,0.3227696078431373,0.1,0.85,0.4440792937110115,8.0","0,0,0"
25.35,116,AV,1,0,5,6,15,0,0,38,2421.0391237858234,0.1,-2.535,"0.4562427536231884,0.23049056603773582,0.30148437499999997,0.1,0.38,0.1196211129981477,20.0","0,0,0"
77.68333333333334,57,AV,0,4,0,2,1,0,0,71,7897.119961473183,0.3,-23.305,"0.5447606060606061,0.29888405797101447,0.3475656565656566,0.3,0.71,0.390188770594556,5.0","0,0,0"
33.516666666666666,225,AV,1,3,6,7,2,0,0,68,1474.807688008607,0.1,-3.3516666666666666,"0.5833633333333335,0.2957948717948718,0.3520509259259259,0.1,0.68,0.07286876753232566,8.0","0,0,0"
105.56666666666666,196,AV,0,8,9,5,4,0,0,98,2105.6010448069283,0.6,-63.339999999999996,"0.425691823899371,0.26142483660130716,0.3165625,0.6,0.98,0.104035634135481,12.0","0,0,0"
26.466666666666665,243,AV,2,3,3,0,6,0,0,17,2187.718469250836,0.1,-2.6466666666666665,"0.42904761904761907,0.2770476190476191,0.3379302325581396,0.1,0.17,0.10809297365222585,6.0","0,0,0"
96.9,16,AV,0,6,3,2,0,0,0,88,4459.768546990965,0.2,-19.380000000000003,"0.5725863095238095,0.2854529914529914,0.35782222222222215,0.2,0.88,0.22035268743240086,6.0","0,0,0"
4.666666666666667,61,AV,0,9,4,1,17,0,0,1,3065.2253709468137,0.1,-0.46666666666666673,"0.5256577380952382,0.2715098039215686,0.33956565656565657,0.1,0.01,0.15144970887106365,26.0","0,0,0"
26.516666666666666,18,AV,2,3,1,9,3,0,0,17,617.4453946714843,0.3,-7.954999999999999,"0.5477161458333334,0.2890447154471544,0.33817241379310353,0.3,0.17,0.03050735719243069,12.0","0,0,0"
22.316666666666666,100,AV,0,7,0,2,2,0,0,16,10783.100237376317,0.3,-6.694999999999999,"0.5819893617021276,0.31782993197278914,0.3562575757575758,0.3,0.16,0.5327821592360418,9.0","0,0,0"
15.15,229,AV,0,7,7,9,5,0,0,9,5882.279762541917,0.1,-1.5150000000000001,"0.4785520833333334,0.2609848484848485,0.33643137254901967,0.1,0.09,0.29063753875296394,12.0","0,0,0"
89.95,89,AV,0,4,6,4,2,0,0,82,4549.115907877681,0.1,-8.995000000000001,"0.5853266666666667,0.3032234848484849,0.3373796296296296,0.1,0.82,0.22476725085176577,6.0","0,0,0"
11.766666666666667,12,AV,0,9,2,4,5,0,0,7,4113.319853961603,0.3,-3.5300000000000002,"0.5146185897435898,0.28422868217054265,0.3416666666666666,0.3,0.07,0.20323500525627752,14.0","0,0,0"
30.183333333333334,180,AV,2,3,2,9,3,0,0,34,1546.5147326922538,0.2,-6.036666666666667,"0.5280816326530612,0.2687156862745098,0.35729583333333337,0.2,0.34,0.07641174063449208,12.0","0,0,0"
100.43333333333334,126,AV,0,5,4,3,1,0,0,90,1794.439334206041,0.2,-20.08666666666667,"0.5261170212765957,0.2623295454545455,0.3420854700854701,0.2,0.9,0.08866144634198442,6.0","0,0,0"
34.86666666666667,171,AV,1,0,5,0,6,0,0,79,2421.832203454489,0.5,-17.433333333333334,"0.5305877192982456,0.25465530303030304,0.3431952380952381,0.5,0.79,0.119660298268526,11.0","0,0,0"
13.583333333333334,170,AV,0,4,2,0,8,0,0,8,1338.7213376931895,0.1,-1.3583333333333334,"0.5654972677595628,0.2861054421768708,0.3446602564102564,0.1,0.08,0.06614487755935793,12.0","0,0,0"
37.06666666666667,28,AV,2,0,3,6,14,0,0,61,1900.764377468582,1.0,-37.06666666666667,"0.5026967213114755,0.26240942028985503,0.3433965517241379,1.0,0.61,0.09391486000625965,20.0","0,0,0"
79.63333333333334,24,AV,0,5,0,2,2,0,0,73,7864.29237148983,0.2,-15.92666666666667,"0.4902320261437908,0.2773522727272727,0.30566296296296297,0.2,0.73,0.38856679232403757,7.0","0,0,0"
58.93333333333333,216,AV,0,4,0,8,4,0,0,50,1783.933402668827,0.2,-11.786666666666667,"0.3756775362318841,0.2558514492753623,0.3198675213675214,0.2,0.5,0.08814235881001646,8.0","0,0,0"
26.316666666666666,91,AV,1,1,9,5,3,0,0,52,2629.980017260476,0.3,-7.895,"0.5427152777777777,0.30112820512820515,0.37478750000000005,0.3,0.52,0.1299446728211638,12.0","0,0,0"
8.25,65,AV,0,8,5,0,0,0,0,2,3919.41152379869,0.4,-3.3000000000000003,"0.4011666666666667,0.25669827586206895,0.3211261261261262,0.4,0.02,0.1936541892976206,8.0","0,0,0"
62.21666666666667,14,AV,0,8,0,2,8,0,0,56,4376.119511966378,0.3,-18.665,"0.5290850340136055,0.29217647058823526,0.3432625,0.3,0.56,0.2162196725742125,16.0","0,0,0"
93.45,194,AV,0,8,7,3,4,0,0,86,3580.4564780460023,0.2,-18.69,"0.5185534591194969,0.2787355072463768,0.36834583333333326,0.2,0.86,0.17690676071171996,12.0","0,0,0"
49.11666666666667,85,AV,2,0,2,0,5,0,0,91,4705.31956239884,0.4,-19.64666666666667,"0.5520673076923077,0.3062103825136613,0.3683395061728396,0.4,0.91,0.23248511663287746,5.0","0,0,0"
27.733333333333334,66,AV,2,0,3,5,7,0,0,22,1723.69240549938,0.1,-2.7733333333333334,"0.6100944444444444,0.30771875,0.36630208333333336,0.1,0.22,0.08516591160652838,12.0","0,0,0"
36.0,261,AV,0,6,4,1,1,0,0,33,4687.914961676448,0.3,-10.799999999999999,"0.5355617283950616,0.3003522727272728,0.3550436507936508,0.3,0.33,0.23162517278098077,7.0","0,0,0"
24.1,140,AV,1,2,9,9,5,0,0,37,3362.377553451843,0.4,-9.64,"0.5299375,0.2649791666666667,0.34781944444444446,0.4,0.37,0.1661316999433504,14.0","0,0,0"
31.116666666666667,267,AV,2,1,1,6,2,0,0,45,777.0630287344238,0.1,-3.111666666666667,"0.45427160493827157,0.2427133333333334,0.317699074074074,0.1,0.45,0.03839390427593374,8.0","0,0,0"
68.03333333333333,218,AV,0,9,5,2,2,0,0,56,948.3478854920526,0.2,-13.606666666666667,"0.48583918128654974,0.26603546099290776,0.32520833333333343,0.2,0.56,0.04685691712185437,11.0","0,0,0"
37.2,3,AV,1,3,8,9,2,0,0,89,4237.057085974603,0.1,-3.7200000000000006,"0.7304007936507937,0.3163814102564103,0.3774166666666666,0.1,0.89,0.20934873768929974,10.0","0,0,0"
50.06666666666667,6,AV,0,5,3,2,0,0,0,43,1074.3823512953045,0.1,-5.006666666666668,"0.4317183908045977,0.26658333333333334,0.3208910256410257,0.1,0.43,0.05308415357061393,5.0","0,0,0"
38.0,20,AV,0,7,7,1,9,0,0,34,3017.17067826153,0.9,-34.2,"0.5953633333333332,0.2966388888888889,0.33709523809523817,0.9,0.34,0.14907537474018487,16.0","0,0,0"
25.766666666666666,295,AV,0,5,1,2,9,0,0,21,3151.1733449572957,0.1,-2.5766666666666667,"0.4373581560283688,0.2670283687943262,0.3380333333333333,0.1,0.21,0.1556963119969945,14.0","0,0,0"
33.78333333333333,22,AV,2,3,0,0,16,0,0,55,2645.062412614309,0.5,-16.891666666666666,"0.41714705882352937,0.28098039215686277,0.31328508771929825,0.5,0.55,0.13068987883670405,16.0","0,0,0"
43.13333333333333,121,AV,0,5,3,4,2,0,0,36,2222.040577514192,0.2,-8.626666666666667,"0.42688782051282037,0.27887121212121224,0.3391818181818181,0.2,0.36,0.1097887945708426,7.0","0,0,0"
18.916666666666668,255,AV,1,1,5,5,0,0,0,18,9095.945853089892,0.1,-1.8916666666666668,"0.5275886524822695,0.2736975308641975,0.32998717948717954,0.1,0.18,0.44942155458275634,5.0","0,0,0"
48.35,158,AV,0,5,1,5,2,0,0,39,1467.6871321740252,0.1,-4.835000000000001,"0.4663514492753623,0.2601071428571428,0.34340740740740733,0.1,0.39,0.07251694801576773,7.0","0,0,0"
26.75,139,AV,1,3,6,0,5,0,0,43,4754.245589533712,0.1,-2.6750000000000003,"0.5799766081871346,0.2834236111111111,0.3609761904761905,0.1,0.43,0.234902502524312,11.0","0,0,0"
31.966666666666665,9,AV,2,2,1,6,2,0,0,43,8639.921150992108,0.6,-19.18,"0.5576437908496732,0.30714965986394555,0.3491625,0.6,0.43,0.42688983178503276,8.0","0,0,0"
37.166666666666664,33,AV,1,3,6,2,2,0,0,95,832.3173438658397,0.2,-7.433333333333334,"0.559426282051282,0.2916477987421383,0.35954285714285716,0.2,0.95,0.04112396452528438,8.0","0,0,0"
21.05,153,AV,1,3,7,0,0,0,0,21,5434.023139443809,0.1,-2.105,"0.6126666666666667,0.2986840277777778,0.35444607843137255,0.1,0.21,0.26848962894143685,7.0","0,0,0"
24.95,272,AV,2,0,2,0,17,0,0,2,921.9548251796884,0.5,-12.475,"0.44633333333333325,0.25679069767441864,0.32366666666666666,0.5,0.02,0.04555286250374671,17.0","0,0,0"
35.6,185,AV,1,2,4,4,3,0,0,87,2436.431929205765,0.1,-3.5600000000000005,"0.6304281045751635,0.31492452830188683,0.37027314814814816,0.1,0.87,0.12038165606348158,7.0","0,0,0"
45.75,17,AV,2,1,1,3,12,0,0,94,20239.22920549412,0.3,-13.725,"0.4866754385964913,0.2714922480620155,0.3523041666666667,0.3,0.94,1.0,12.0","0,0,0"
21.766666666666666,50,AV,2,1,3,9,0,0,0,6,3257.969850357721,0.3,-6.529999999999999,"0.347175,0.2397467948717949,0.2994107142857143,0.3,0.06,0.1609730201322744,9.0","0,0,0"
33.55,236,AV,2,2,2,8,2,0,0,53,650.412147456106,0.2,-6.71,"0.552437106918239,0.2874583333333333,0.37377519379844953,0.2,0.53,0.03213621135727569,10.0","0,0,0"
30.633333333333333,246,AV,1,3,5,5,10,0,0,58,4034.238052294327,0.4,-12.253333333333334,"0.5420703703703703,0.26872826086956525,0.36809649122807014,0.4,0.58,0.1993276528139321,15.0","0,0,0"
39.7,182,AV,2,2,3,9,11,0,0,76,3313.1900178081896,0.2,-7.940000000000001,"0.4071307189542484,0.277646551724138,0.3330752688172043,0.2,0.76,0.16370139317898502,20.0","0,0,0"
33.266666666666666,224,AV,1,3,7,7,16,0,0,61,19040.472291926453,0.6,-19.959999999999997,"0.4215029239766082,0.26429166666666665,0.29398924731182796,0.6,0.61,0.9407706241479663,23.0","0,0,0"
46.56666666666667,176,AV,0,4,5,2,2,0,0,38,4569.840806868062,0.1,-4.656666666666667,"0.5049266666666666,0.27111851851851854,0.3317892156862745,0.1,0.38,0.22579124730834796,6.0","0,0,0"
30.4,11,AV,2,0,0,4,3,0,0,38,699.2977112166509,0.2,-6.08,"0.3903734567901235,0.26191843971631207,0.3330170940170941,0.2,0.38,0.034551597993999705,7.0","0,0,0"
93.48333333333333,8,AV,0,4,1,2,1,0,0,87,1717.0377309640771,0.3,-28.044999999999998,"0.4242441860465116,0.28493333333333337,0.33036507936507936,0.3,0.87,0.0848371108173414,5.0","0,0,0"
22.15,213,AV,0,5,4,4,4,0,0,15,2891.134206742707,0.1,-2.215,"0.5506312056737589,0.30612893081761,0.3635333333333334,0.1,0.15,0.14284803919103217,9.0","0,0,0"
16.7,161,AV,1,2,8,1,0,0,0,8,1528.3774584247917,0.1,-1.67,"0.5032619047619047,0.2654583333333333,0.350132183908046,0.1,0.08,0.07551559611815158,8.0","0,0,0"
31.033333333333335,98,AV,1,1,5,2,8,0,0,56,676.2529471816457,0.4,-12.413333333333334,"0.537372807017544,0.2783703703703704,0.3577987421383647,0.4,0.56,0.033412979334117666,13.0","0,0,0"
4.916666666666667,177,AV,0,5,1,1,4,0,0,0,5654.280440205098,0.1,-0.4916666666666667,"0.5062690058479532,0.28516296296296295,0.3425570175438596,0.1,0.0,0.2793723210896882,9.0","0,0,0"
45.06666666666667,164,AV,2,0,2,2,8,0,0,57,877.6907461205365,0.7,-31.546666666666667,"0.4875277777777777,0.2932270114942529,0.34442156862745094,0.7,0.57,0.043365818787322166,8.0","0,0,0"
34.333333333333336,141,AV,2,0,0,1,6,0,0,53,822.5771428470101,0.5,-17.166666666666668,"0.49168749999999994,0.27452702702702697,0.3208100775193799,0.5,0.53,0.04064271096963091,6.0","0,0,0"
34.8,248,AV,2,3,1,4,3,0,0,37,2520.757475212996,0.1,-3.48,"0.45215591397849464,0.28688157894736843,0.34920833333333334,0.1,0.37,0.12454809665027725,7.0","0,0,0"
26.2,256,AV,1,3,6,4,1,0,0,42,4735.166802079286,0.1,-2.62,"0.5780846994535519,0.2853760683760684,0.35290000000000005,0.1,0.42,0.2339598387864436,7.0","0,0,0"
42.93333333333333,277,AV,2,2,1,2,6,0,0,93,2046.5713793034688,0.2,-8.586666666666666,"0.3558294573643411,0.2636842105263158,0.30067916666666666,0.2,0.93,0.10111903761374018,6.0","0,0,0"
82.9,40,AV,0,5,7,6,10,0,0,78,3531.3895067900216,0.6,-49.74,"0.432125850340136,0.27593137254901956,0.32560555555555554,0.6,0.78,0.17448241091273348,15.0","0,0,0"
49.833333333333336,15,AV,0,9,2,9,1,0,0,43,806.3598325453933,0.1,-4.983333333333334,"0.5932011494252875,0.2920041666666667,0.36432539682539683,0.1,0.43,0.039841429945686846,10.0","0,0,0"
19.116666666666667,250,AV,1,2,6,4,7,0,0,20,4669.869929992837,0.2,-3.8233333333333337,"0.5553878205128204,0.27718553459119494,0.3424047619047619,0.2,0.2,0.23073358587812023,13.0","0,0,0"
