travel_time,id,kind,action,origin,destination,start_time,income,urgency,reward,observation,cost_table
38.96666666666667,109,AV,1,0,0,75,1659.6531244520008,0.2,-3.2662197011521705,"0.23096969696969696,0.3057834757834758,0.3234305555555556,0.2,0.75,0.07981669628967558","0,0,0"
34.266666666666666,84,AV,1,0,0,62,1444.5182772575097,0.3,-3.7499110833856566,"0.1494375,0.26081267217630855,0.3321515151515152,0.3,0.62,0.06947034589460839","0,0,0"
21.8,174,AV,1,0,0,28,2758.442965787371,0.4,-6.074147136784313,"0.17439393939393938,0.3028189655172414,0.3898205128205127,0.4,0.28,0.13266013312591463","0,0,0"
44.86666666666667,6,AV,1,0,0,88,508.6019702527906,0.5,-2.881221599159327,"0.17613333333333334,0.2547250712250712,0.3413796296296296,0.5,0.88,0.024459887668034006","0,0,0"
46.45,121,AV,1,0,0,96,1822.2981036688468,0.3,-6.412556584501359,"0.14884848484848487,0.281677370030581,0.3231416666666667,0.3,0.96,0.08763868313616077","0,0,0"
12.466666666666667,235,AV,1,0,0,4,4381.240268036911,0.3,-4.137838030923749,"0.24290476190476196,0.3278633633633634,0.33965476190476196,0.3,0.04,0.2107043445969861","0,0,0"
17.5,131,AV,1,0,0,15,1975.501985353583,0.4,-3.4920489640088586,"0.16807575757575757,0.26935606060606054,0.31875,0.4,0.15,0.09500662497573499","0,0,0"
25.683333333333334,187,AV,2,0,0,25,2968.817229463249,0.1,-1.9254828916678732,"0.14842857142857144,0.30258566978193147,0.3103777777777778,0.1,0.25,0.14277753565032827","0,0,0"
38.916666666666664,278,AV,0,0,0,97,7332.887514065835,0.2,-16.412703994397077,"0.1564583333333333,0.2860731292517007,0.3195952380952381,0.2,0.97,0.3526561345942708","0,0,0"
32.21666666666667,199,AV,1,0,0,55,3387.2787239910285,0.1,-2.755728019139166,"0.20809523809523806,0.3069005847953216,0.3351842105263158,0.1,0.55,0.16290235180953377","0,0,0"
23.966666666666665,99,AV,1,0,0,37,1581.4824060924602,0.7,-6.700000799548275,"0.15324074074074073,0.2481190476190476,0.30163333333333336,0.7,0.37,0.0760572790993459","0,0,0"
15.75,149,AV,1,0,0,10,2193.4249838744518,0.6,-5.234309620609487,"0.1956282051282051,0.3417064220183486,0.36855555555555564,0.6,0.1,0.10548706425018813","0,0,0"
26.683333333333334,94,AV,1,0,0,42,1519.7273932229994,0.2,-2.048050131776113,"0.1580625,0.28884795321637424,0.3483333333333333,0.2,0.42,0.07308733252801383","0,0,0"
19.366666666666667,198,AV,1,0,0,18,3366.895459871004,0.2,-3.2932091955977327,"0.19638333333333333,0.3154373088685016,0.3553484848484849,0.2,0.18,0.16192207178734694","0,0,0"
32.03333333333333,258,AV,1,0,0,56,5168.6614957092925,0.1,-4.181046883313662,"0.19224358974358974,0.28828787878787876,0.35569791666666667,0.1,0.56,0.24857331857425743","0,0,0"
30.983333333333334,74,AV,1,0,0,56,1301.8927857652438,0.1,-1.0186105592329917,"0.21784722222222225,0.3075633333333333,0.33594047619047623,0.1,0.56,0.06261114419162438","0,0,0"
25.033333333333335,178,AV,1,0,0,39,2835.850686157305,0.3,-5.378090568949839,"0.20118333333333333,0.3267258566978193,0.36046153846153844,0.3,0.39,0.13638285591431848","0,0,0"
22.466666666666665,202,AV,1,0,0,31,3458.1247672483346,0.5,-9.809663691605124,"0.15505555555555556,0.2875275229357798,0.3449722222222222,0.5,0.31,0.16630950781983606","0,0,0"
13.65,76,AV,1,0,0,2,1317.647826688136,0.1,-0.45418921298719844,"0.16762121212121212,0.2988061224489796,0.31114285714285717,0.1,0.02,0.06336884186823323","0,0,0"
37.266666666666666,157,AV,0,0,0,95,2302.618320259251,0.5,-12.834710783038057,"0.1672,0.31244395280235987,0.34773529411764714,0.5,0.95,0.11073843349034766","0,0,0"
15.75,41,AV,1,0,0,7,912.6272274022258,0.3,-1.0889302145140194,"0.2199761904761905,0.28833333333333333,0.3140333333333334,0.3,0.07,0.04389043057374056","0,0,0"
30.5,30,AV,0,0,0,75,827.3783452591958,0.2,-3.2744969459800743,"0.1534242424242424,0.28417878787878786,0.3322982456140351,0.2,0.75,0.03979060752349248","0,0,0"
46.666666666666664,136,AV,1,0,0,94,2043.1688306873104,1.0,-24.077747162981776,"0.24896969696969698,0.3230833333333334,0.3606470588235294,1.0,0.94,0.09826088573860729","0,0,0"
32.166666666666664,169,AV,1,0,0,58,2612.3907844155665,0.2,-4.244035533604414,"0.26070175438596493,0.38814356435643566,0.4034333333333334,0.2,0.58,0.12563613369419777","0,0,0"
16.133333333333333,184,AV,1,0,0,11,2909.8477340427667,0.1,-1.1854935212766828,"0.20969444444444446,0.31893790849673204,0.33588541666666666,0.1,0.11,0.13994155128890565","0,0,0"
18.7,216,AV,1,0,0,15,3758.845856207275,0.3,-5.325031629626973,"0.22704545454545452,0.2998060344827586,0.3608076923076923,0.3,0.15,0.18077190569786353","0,0,0"
15.616666666666667,91,AV,1,0,0,10,1475.2077210572677,0.1,-0.5817633142384931,"0.16657692307692307,0.29429807692307697,0.3265877192982456,0.1,0.1,0.07094627479744654","0,0,0"
15.183333333333334,226,AV,1,0,0,8,4015.909421979459,0.4,-6.159079938423043,"0.17838541666666669,0.317,0.3902291666666666,0.4,0.08,0.19313470865595408","0,0,0"
34.61666666666667,15,AV,1,0,0,63,616.3739675020589,0.4,-2.1552335530332933,"0.20709999999999998,0.3112717717717718,0.3386140350877193,0.4,0.63,0.02964290130277584","0,0,0"
15.433333333333334,154,AV,0,0,0,36,2260.56382504795,0.6,-7.286065914127277,"0.20232051282051283,0.34710964912280706,0.323974358974359,0.6,0.36,0.10871593202757703","0,0,0"
32.233333333333334,151,AV,0,0,0,84,2215.952556227922,0.2,-5.6074513836235695,"0.18515277777777775,0.2916180555555556,0.3419375,0.2,0.84,0.10657046919438351","0,0,0"
20.516666666666666,119,AV,0,0,0,49,1805.1606101798543,0.3,-4.805748372640657,"0.21011904761904762,0.26754597701149424,0.32288235294117645,0.3,0.49,0.08681450000245393","0,0,0"
42.233333333333334,132,AV,1,0,0,84,1993.780724220221,0.2,-4.252727571695321,"0.191,0.32469781931464176,0.33926984126984133,0.2,0.84,0.09588569333476842","0,0,0"
47.31666666666667,66,AV,2,0,0,86,1194.3606142611325,0.2,-2.8542001547873364,"0.2223148148148148,0.2974856321839081,0.33915555555555554,0.2,0.86,0.05743966435173499","0,0,0"
17.066666666666666,13,AV,0,0,0,43,610.4868582393152,0.4,-3.052421789287978,"0.16165277777777778,0.29560679611650487,0.3293,0.4,0.43,0.029359776109248604","0,0,0"
28.766666666666666,122,AV,1,0,0,44,1824.367004680513,0.8,-10.602213636628168,"0.17541666666666667,0.33775389408099693,0.35188095238095235,0.8,0.44,0.08773818154415255","0,0,0"
20.9,225,AV,1,0,0,22,3942.222625638348,0.2,-4.161234993729368,"0.2330303030303031,0.3461235632183908,0.36032051282051286,0.2,0.22,0.18959093402168548","0,0,0"
46.733333333333334,110,AV,1,0,0,94,1684.196745492046,0.5,-9.937894937625625,"0.15273611111111113,0.27765804597701155,0.30627272727272725,0.5,0.94,0.08099705784688291","0,0,0"
22.15,293,AV,1,0,0,26,13430.196447392702,0.6,-45.07255322874974,"0.19713636363636364,0.2992772435897435,0.32367333333333337,0.6,0.26,0.6458903340456582","0,0,0"
23.55,125,AV,1,0,0,32,1885.557658153182,0.5,-5.60667712746306,"0.17686111111111105,0.2892836257309941,0.3290595238095238,0.5,0.32,0.09068098671954573","0,0,0"
25.666666666666668,96,AV,1,0,0,38,1546.5147326922538,0.5,-5.011853300391563,"0.16318333333333332,0.2762532051282051,0.3320392156862745,0.5,0.38,0.07437559988179109","0,0,0"
46.61666666666667,259,AV,1,0,0,96,5304.212874057136,0.1,-6.2440586737112,"0.17271794871794874,0.3140480480480481,0.3166041666666667,0.1,0.96,0.25509230922226356","0,0,0"
37.45,231,AV,1,0,0,69,4223.122456076251,0.2,-7.987673534346245,"0.17323333333333335,0.31816666666666665,0.3324444444444444,0.2,0.69,0.20310008007368746","0,0,0"
17.216666666666665,179,AV,1,0,0,13,2838.632091159661,0.2,-2.4682718435756987,"0.1634090909090909,0.3141735537190083,0.29154166666666664,0.2,0.13,0.13651662034681394","0,0,0"
19.6,72,AV,1,0,0,18,1291.2118623687816,0.1,-0.6390846591522252,"0.2102166666666667,0.3164028985507247,0.3186555555555555,0.1,0.18,0.062097472987522495","0,0,0"
35.56666666666667,159,AV,1,0,0,63,2397.5381966938494,0.4,-8.613377965900128,"0.17583333333333337,0.275078431372549,0.3417083333333334,0.4,0.63,0.11530335783364105","0,0,0"
38.416666666666664,114,AV,1,0,0,72,1778.835052690156,0.2,-3.4513592562717252,"0.21137500000000004,0.30832743362831855,0.37006666666666665,0.2,0.72,0.08554844085078303","0,0,0"
24.85,14,AV,2,0,0,19,615.3970356119416,0.3,-1.1585315405270264,"0.2325,0.3387033639143731,0.35655555555555557,0.3,0.19,0.029595918306859183","0,0,0"
18.75,40,AV,0,0,0,46,902.2448599555772,0.2,-2.8543985416245996,"0.15043939393939393,0.25633636363636364,0.32237719298245615,0.2,0.46,0.04339111764078622","0,0,0"
16.05,223,AV,1,0,0,12,3919.41152379869,1.0,-15.885493676002264,"0.1666190476190476,0.3245863636363637,0.354463768115942,1.0,0.12,0.18849389346499082","0,0,0"
31.183333333333334,1,AV,1,0,0,56,419.7646265090227,1.0,-3.3054697651447036,"0.1613541666666667,0.3172100694444444,0.354297619047619,1.0,0.56,0.02018748689927752","0,0,0"
15.866666666666667,240,AV,1,0,0,11,4572.8741748457805,0.1,-1.83222904648703,"0.1827142857142857,0.3239824561403509,0.3444027777777779,0.1,0.11,0.21992047844641197","0,0,0"
37.43333333333333,28,AV,1,0,0,73,813.126641713825,0.3,-2.3059121682945087,"0.21933333333333332,0.32812121212121215,0.3645317460317461,0.3,0.73,0.03910520894427614","0,0,0"
27.766666666666666,51,AV,1,0,0,49,968.7072844723906,0.1,-0.6792366733716342,"0.19920833333333335,0.3023491228070176,0.33879824561403515,0.1,0.49,0.04658745492005087","0,0,0"
23.866666666666667,145,AV,0,0,0,57,2123.4400354784907,0.5,-8.398918625431815,"0.13380952380952382,0.28862202380952373,0.31692857142857145,0.5,0.57,0.1021213203554731","0,0,0"
33.916666666666664,35,AV,0,0,0,85,859.2772315809713,0.7,-7.151685254154433,"0.21841666666666668,0.30198636363636355,0.3669736842105263,0.7,0.85,0.041324701415771756","0,0,0"
41.6,247,AV,2,0,0,87,4818.617258984985,0.9,-45.55783590313078,"0.16541025641025642,0.27513188405797095,0.3299166666666667,0.9,0.87,0.23173885231203734","0,0,0"
36.88333333333333,155,AV,1,0,0,69,2276.662146114732,0.2,-4.240953980935944,"0.20285555555555557,0.3238952802359881,0.34481944444444446,0.2,0.69,0.1094901388690128","0,0,0"
21.983333333333334,17,AV,1,0,0,30,632.5893922142865,0.4,-1.4046892396138786,"0.20815277777777777,0.32477339181286546,0.3730833333333334,0.4,0.3,0.030422739939172414","0,0,0"
42.11666666666667,25,AV,1,0,0,83,753.7709081553346,0.2,-1.6033493980711535,"0.190025641025641,0.28774041297935105,0.38182142857142864,0.2,0.83,0.036250649465136044","0,0,0"
45.016666666666666,210,AV,1,0,0,94,3628.2404526711953,0.2,-8.249055103253282,"0.1419814814814815,0.3017561403508773,0.3404117647058824,0.2,0.94,0.17449077883210845","0,0,0"
28.716666666666665,105,AV,1,0,0,48,1597.8734280578535,0.3,-3.4761817128076786,"0.19827272727272727,0.30038412698412703,0.38404901960784316,0.3,0.48,0.07684556262848466","0,0,0"
22.05,38,AV,0,0,0,57,877.2934597877683,0.1,-2.4884929492000074,"0.2327833333333333,0.334591049382716,0.3382708333333333,0.1,0.57,0.04219114500803879","0,0,0"
13.633333333333333,59,AV,0,0,0,32,1040.734547163155,0.4,-3.4332001003021224,"0.16966666666666666,0.31349549549549555,0.3293472222222222,0.4,0.32,0.05005141860382586","0,0,0"
30.216666666666665,173,AV,1,0,0,54,2750.2432356670683,0.3,-6.29569568972777,"0.1554375,0.3244783333333334,0.37061904761904757,0.3,0.54,0.13226578845290615","0,0,0"
13.55,200,AV,1,0,0,2,3414.9419898187493,0.3,-3.505489694094247,"0.1423636363636364,0.25754424778761065,0.32516666666666666,0.3,0.02,0.1642327445611401","0,0,0"
36.81666666666667,98,AV,1,0,0,64,1579.1767070066765,0.5,-7.340911922932973,"0.15794117647058825,0.25327923976608185,0.2959259259259259,0.5,0.64,0.0759463925044581","0,0,0"
28.716666666666665,224,AV,1,0,0,50,3933.772930850901,0.1,-2.8526476262020632,"0.16227777777777777,0.28128678678678676,0.35172222222222227,0.1,0.5,0.1891845679487672","0,0,0"
28.533333333333335,153,AV,2,0,0,5,2225.3307045190536,0.2,-3.2068738772193766,"0.1595,0.26794833333333334,0.2878555555555556,0.2,0.05,0.10702148682143131","0,0,0"
26.95,291,AV,1,0,0,46,11185.875164713363,0.2,-15.225218974193188,"0.17993939393939393,0.3096416666666666,0.3486929824561403,0.2,0.46,0.5379555448075637","0,0,0"
37.233333333333334,246,AV,0,0,0,97,4735.166802079286,0.2,-10.904345653068287,"0.1754375,0.28671783625730995,0.3431574074074074,0.2,0.97,0.22772551984156938","0,0,0"
27.2,97,AV,0,0,0,66,1567.0706205360798,0.2,-4.15274347871623,"0.22385897435897434,0.3289363636363637,0.35316666666666663,0.2,0.66,0.07536418179256658","0,0,0"
44.11666666666667,142,AV,1,0,0,88,2105.6010448069283,0.3,-7.037280259600933,"0.20494444444444448,0.31081603773584904,0.3585740740740741,0.3,0.88,0.10126340054104405","0,0,0"
34.983333333333334,266,AV,1,0,0,63,5557.427333357366,0.1,-4.909528608045923,"0.16046153846153846,0.31132882882882884,0.3403541666666666,0.1,0.63,0.26726999942532587","0,0,0"
38.46666666666667,137,AV,1,0,0,77,2044.1603053436156,0.2,-3.9713148019638593,"0.19783333333333336,0.35771264367816097,0.3786764705882353,0.2,0.77,0.09830856813100321","0,0,0"
27.683333333333334,255,AV,1,0,0,45,5003.647877951615,0.4,-13.991682029086924,"0.21828787878787875,0.3294159420289855,0.34108333333333335,0.4,0.45,0.24063741822365012","0,0,0"
30.25,195,AV,1,0,0,55,3274.575105225111,0.5,-12.507057693568132,"0.15686111111111112,0.2970436137071651,0.34215873015873016,0.5,0.55,0.15748216467690215","0,0,0"
36.65,42,AV,1,0,0,68,923.9636394510808,0.2,-1.7102660295900056,"0.23257407407407407,0.3266865443425077,0.3553939393939394,0.2,0.68,0.04443562579808411","0,0,0"
19.483333333333334,93,AV,1,0,0,20,1517.942512651984,0.2,-1.4936656542846547,"0.14064583333333333,0.2288178694158076,0.29831111111111114,0.2,0.2,0.07300149334369807","0,0,0"
12.616666666666667,124,AV,1,0,0,1,1880.1756700095973,0.1,-0.5990290329113069,"0.19527777777777774,0.24241954022988504,0.3091818181818182,0.1,0.01,0.0904221540112152","0,0,0"
42.233333333333334,2,AV,1,0,0,81,449.0833195935783,0.2,-0.9578932086280535,"0.18543333333333334,0.317006734006734,0.3660434782608696,0.2,0.81,0.021597493115072083","0,0,0"
43.483333333333334,253,AV,1,0,0,84,4951.479839002994,0.2,-10.87408324912358,"0.2658636363636363,0.39126149425287365,0.4155128205128205,0.2,0.84,0.23812853220437127","0,0,0"
27.05,148,AV,1,0,0,44,2187.718469250836,0.3,-4.483165499487508,"0.1895,0.27885734463276834,0.3434871794871795,0.3,0.44,0.10521262428567076","0,0,0"
46.55,296,AV,1,0,0,97,14312.770160915026,0.2,-33.649467221747194,"0.24472222222222226,0.3688289855072464,0.3967,0.2,0.97,0.6883354191104801","0,0,0"
37.5,283,AV,1,0,0,75,8436.938288223368,0.6,-47.9371493649055,"0.16446296296296295,0.26524259259259264,0.3215320512820513,0.6,0.75,0.4057525822983113","0,0,0"
38.85,87,AV,1,0,0,76,1460.106853854364,0.1,-1.4324533149556073,"0.1913181818181818,0.33251836158192083,0.3290606060606061,0.1,0.76,0.07022003790282866","0,0,0"
18.0,172,AV,1,0,0,17,2747.619709803412,0.5,-6.244590249553209,"0.2301111111111111,0.34771314102564105,0.3779607843137255,0.5,0.17,0.13213961680656489","0,0,0"
20.983333333333334,233,AV,1,0,0,24,4266.216809230351,0.2,-4.521184312138899,"0.19458333333333336,0.3094212962962963,0.34470370370370373,0.2,0.24,0.20517259079705716","0,0,0"
25.75,113,AV,1,0,0,37,1717.0377309640771,0.1,-1.1165081205132572,"0.19147058823529414,0.33283666666666667,0.3433717948717949,0.1,0.37,0.08257645954513855","0,0,0"
33.516666666666666,262,AV,1,0,0,61,5394.467136051333,0.2,-9.13154327491518,"0.2130333333333333,0.3089622641509434,0.3761979166666667,0.2,0.61,0.2594328529854781","0,0,0"
27.6,90,AV,1,0,0,49,1474.807688008607,0.1,-1.0278962673999383,"0.1816888888888889,0.3256635802469136,0.3187380952380952,0.1,0.49,0.07092703624941481","0,0,0"
21.733333333333334,130,AV,1,0,0,28,1945.516475481125,0.7,-7.474189557319743,"0.15940000000000001,0.31267320261437903,0.34729629629629627,0.7,0.28,0.09356454994251304","0,0,0"
16.65,49,AV,1,0,0,16,950.4213588862824,0.1,-0.39960898044082327,"0.16965151515151514,0.30514864864864866,0.34434999999999993,0.1,0.16,0.04570804093445438","0,0,0"
32.15,205,AV,0,0,0,83,3487.44186130441,0.2,-7.662689688936201,"0.15818518518518515,0.2802391975308642,0.3175158730158731,0.2,0.83,0.16771943713451876","0,0,0"
23.716666666666665,133,AV,2,0,0,13,2011.9739719035176,0.1,-1.2049827281223506,"0.1996904761904762,0.27951557632398755,0.3278333333333333,0.1,0.13,0.09676065021790628","0,0,0"
13.783333333333333,250,AV,0,0,0,27,4889.272753955773,0.2,-5.403559400270559,"0.19143333333333334,0.3278757575757576,0.34013333333333334,0.2,0.27,0.2351368443985718","0,0,0"
22.083333333333332,243,AV,0,0,0,51,4662.282088415262,0.8,-22.79974332373812,"0.14704761904761907,0.31286320754716984,0.3286666666666666,0.8,0.51,0.2242203192855181","0,0,0"
10.916666666666666,138,AV,1,0,0,1,2052.607856914241,0.7,-3.9609457171514286,"0.22066666666666668,0.30968181818181817,0.36933333333333324,0.7,0.01,0.09871483113148809","0,0,0"
42.25,71,AV,1,0,0,85,1275.9312017726234,0.8,-10.890523893917845,"0.2294404761904762,0.3541036036036036,0.3881888888888888,0.8,0.85,0.06136258939772906","0,0,0"
13.65,248,AV,1,0,0,4,4843.3187157075145,0.5,-8.347386422904997,"0.23715555555555556,0.29764521452145215,0.35465555555555556,0.5,0.04,0.2329268045654853","0,0,0"
44.983333333333334,58,AV,1,0,0,93,1022.032321197676,0.5,-5.804851083570133,"0.18975,0.29109021406727825,0.31888888888888883,0.5,0.93,0.049151983735277405","0,0,0"
14.4,33,AV,1,0,0,3,854.5785374972068,0.2,-0.6215116636343323,"0.18183333333333335,0.29850943396226415,0.3488833333333334,0.2,0.03,0.04109872995636468","0,0,0"
24.333333333333332,107,AV,2,0,0,8,1626.914224999384,0.2,-1.9994063707904888,"0.18980208333333334,0.30140723270440256,0.37204629629629626,0.2,0.08,0.07824220415275356","0,0,0"
31.4,61,AV,1,0,0,56,1074.3823512953045,0.1,-0.8519092381482971,"0.17729166666666668,0.2706517857142857,0.3322105263157894,0.1,0.56,0.0516696221450731","0,0,0"
21.0,0,AV,1,0,0,26,388.2787303527966,0.4,-0.8236215492332049,"0.22435,0.31819470404984423,0.353675925925926,0.4,0.26,0.01867325469383425","0,0,0"
22.583333333333332,143,AV,2,0,0,6,2108.868816674547,0.5,-6.01329386909514,"0.17677083333333335,0.26230084745762716,0.3256547619047619,0.5,0.06,0.10142055552171977","0,0,0"
45.38333333333333,19,AV,1,0,0,94,640.5426603936758,0.2,-1.4681798520639555,"0.2078636363636364,0.29041460055096413,0.3715833333333333,0.2,0.94,0.03080523166677017","0,0,0"
31.666666666666668,65,AV,1,0,0,58,1150.4391077840953,0.2,-1.8399278659846645,"0.17862820512820513,0.2816047619047619,0.3370757575757576,0.2,0.58,0.05532737384270454","0,0,0"
27.433333333333334,150,AV,1,0,0,44,2198.5025098873134,0.1,-1.5230366714118344,"0.24761111111111112,0.32709159159159157,0.34952500000000003,0.1,0.44,0.10573125464497639","0,0,0"
38.93333333333333,282,AV,1,0,0,78,8348.421721831439,0.2,-16.41575180319717,"0.15083333333333335,0.27385185185185185,0.2961666666666667,0.2,0.78,0.4014956084811817","0,0,0"
40.766666666666666,83,AV,1,0,0,80,1434.2863071033526,0.1,-1.4765422168244111,"0.17466666666666664,0.321611581920904,0.3346025641025641,0.1,0.8,0.06897826592789302","0,0,0"
16.083333333333332,214,AV,1,0,0,7,3724.6301341612702,0.2,-3.025478181368372,"0.25075925925925924,0.34216966966966955,0.36815833333333337,0.2,0.07,0.17912638962306346","0,0,0"
44.68333333333333,10,AV,1,0,0,90,583.3206434887895,0.6,-3.9491985989733447,"0.18822916666666667,0.26128654970760234,0.3206481481481482,0.6,0.9,0.028053287735180215","0,0,0"
25.85,20,AV,2,0,0,7,646.5589615252754,0.4,-1.6882372884271082,"0.1963333333333333,0.30529970760233915,0.3389358974358974,0.4,0.07,0.031094570006892704","0,0,0"
26.566666666666666,12,AV,1,0,0,39,597.1498506777683,0.1,-0.4006131573991426,"0.22708333333333333,0.32220120120120116,0.37958888888888886,0.1,0.39,0.02871836745206032","0,0,0"
28.416666666666668,75,AV,2,0,0,33,1310.9401185904849,0.5,-4.703604592164934,"0.05772222222222222,0.3163145161290323,0.3496805555555555,0.5,0.33,0.06304625211008313","0,0,0"
13.966666666666667,152,AV,1,0,0,9,2218.0502812558643,0.9,-7.040629301865206,"0.20070833333333338,0.2986739766081871,0.33416666666666667,0.9,0.09,0.10667135381839783","0,0,0"
40.416666666666664,251,AV,1,0,0,79,4934.883137056144,0.1,-5.036654716902841,"0.15181111111111112,0.24563551401869163,0.29842592592592593,0.1,0.79,0.23733035703199037","0,0,0"
15.833333333333334,289,AV,1,0,0,9,10838.007207066395,0.3,-13.000134907466006,"0.24646153846153848,0.3298055555555555,0.3843421052631579,0.3,0.09,0.5212257410218565","0,0,0"
27.733333333333334,241,AV,2,0,0,27,4617.1597275219765,0.2,-6.46713281700048,"0.20231818181818184,0.3050578231292517,0.34458333333333335,0.2,0.27,0.2220502768096353","0,0,0"
33.516666666666666,103,AV,2,0,0,54,1594.6992934726818,0.4,-5.398889358878053,"0.16875000000000004,0.2662232142857142,0.29783333333333334,0.4,0.54,0.07669291088913349","0,0,0"
18.016666666666666,55,AV,1,0,0,17,1014.5614647146556,0.1,-0.4615913061264911,"0.22054545454545454,0.3297131410256411,0.3485416666666667,0.1,0.17,0.04879269234230884","0,0,0"
33.18333333333333,158,AV,1,0,0,60,2352.9451803313505,0.9,-17.745128234998937,"0.20418627450980392,0.3258693693693694,0.36044444444444446,0.9,0.6,0.11315877280487406","0,0,0"
44.85,275,AV,1,0,0,92,7081.334819999852,0.3,-24.060444445226768,"0.20976666666666666,0.32461607142857146,0.33465740740740735,0.3,0.92,0.34055836266392014","0,0,0"
39.78333333333333,77,AV,1,0,0,78,1323.5149786113286,0.7,-9.307496539400962,"0.1784,0.29532121212121215,0.3037777777777778,0.7,0.78,0.06365100726547157","0,0,0"
27.116666666666667,272,AV,1,0,0,44,5985.732437913218,0.1,-4.098815941281484,"0.15968181818181817,0.2558883928571429,0.31943750000000004,0.1,0.44,0.2878682183820371","0,0,0"
33.11666666666667,88,AV,1,0,0,62,1460.8215047913693,0.2,-2.443310042104757,"0.16705555555555557,0.3122575757575758,0.3592833333333333,0.2,0.62,0.07025440717912602","0,0,0"
19.233333333333334,45,AV,1,0,0,17,943.1907669438916,0.2,-0.9161970917956658,"0.20059523809523813,0.34365486725663724,0.3816785714285714,0.2,0.17,0.04536030443906415","0,0,0"
19.883333333333333,80,AV,1,0,0,21,1391.0507319816634,0.5,-3.492263306511204,"0.13963333333333333,0.34100680272108846,0.36640909090909085,0.5,0.21,0.06689896350164852","0,0,0"
32.43333333333333,160,AV,1,0,0,58,2401.1770329784995,0.5,-9.833102917037372,"0.20124999999999996,0.30058888888888885,0.3758846153846154,0.5,0.58,0.11547835819142706","0,0,0"
40.7,197,AV,1,0,0,80,3361.758609282253,0.8,-27.64112634298742,"0.2099583333333333,0.29321783625730996,0.3361018518518519,0.8,0.8,0.16167502833152653","0,0,0"
30.766666666666666,123,AV,1,0,0,56,1830.3424648913517,0.1,-1.4220590026049813,"0.16381250000000003,0.2654669669669669,0.295031746031746,0.1,0.56,0.08802555574651609","0,0,0"
20.916666666666668,167,AV,1,0,0,23,2496.2043409386315,0.1,-1.3184917709924169,"0.19938095238095235,0.34382282282282284,0.34117777777777775,0.1,0.23,0.1200484491742544","0,0,0"
43.766666666666666,106,AV,1,0,0,92,1614.9493849180149,0.1,-1.7848725104354826,"0.24168750000000003,0.35471921921921923,0.3788055555555555,0.1,0.92,0.07766678631823196","0,0,0"
25.416666666666668,196,AV,1,0,0,40,3278.222126324269,0.4,-8.416311014553049,"0.22114583333333335,0.3259600550964187,0.32413636363636367,0.4,0.4,0.1576575586620336","0,0,0"
20.083333333333332,192,AV,1,0,0,18,3230.862018062417,0.1,-1.63854744602913,"0.15461538461538463,0.28145396825396823,0.3301893939393939,0.1,0.18,0.15537989755219744","0,0,0"
35.46666666666667,156,AV,1,0,0,63,2293.603195459698,0.3,-6.162610605982623,"0.21412499999999998,0.3380294117647059,0.38985897435897443,0.3,0.63,0.11030487453303418","0,0,0"
38.583333333333336,22,AV,1,0,0,77,736.5379020629116,0.1,-0.7176284693921047,"0.22716666666666666,0.32430701754385965,0.3836372549019608,0.1,0.77,0.03542187290142414","0,0,0"
47.35,126,AV,2,0,0,100,1899.102970895097,0.1,-2.270770850300072,"0.15438888888888888,0.31412380952380947,0.3353333333333333,0.1,1.0,0.09133241327208338","0,0,0"
30.25,164,AV,2,0,0,25,2436.431929205765,0.4,-7.444653117017615,"0.17154545454545453,0.312474358974359,0.40336111111111117,0.4,0.25,0.11717385064309511","0,0,0"
43.45,176,AV,1,0,0,86,2793.3389947689566,0.2,-6.129827238520766,"0.1875357142857143,0.314394495412844,0.37552941176470594,0.2,0.86,0.1343383667916745","0,0,0"
13.216666666666667,116,AV,1,0,0,0,1794.439334206041,0.2,-1.197803360290733,"0.23357142857142857,0.3527389380530973,0.4129166666666667,0.2,0.0,0.08629888814619799","0,0,0"
40.25,168,AV,1,0,0,78,2520.757475212996,0.6,-15.372801269291376,"0.19408333333333336,0.31017438271604936,0.3445777777777777,0.6,0.78,0.12122926824569963","0,0,0"
26.183333333333334,227,AV,1,0,0,41,4021.28082322038,0.4,-10.635407699123261,"0.20686111111111113,0.363766369047619,0.3828958333333333,0.4,0.41,0.1933930322147629","0,0,0"
14.05,92,AV,1,0,0,9,1507.5005543882637,0.2,-1.069716302482581,"0.20592857142857146,0.2844476584022038,0.34506944444444443,0.2,0.09,0.07249931454553503","0,0,0"
35.6,43,AV,0,0,0,90,926.7012599248138,0.1,-2.8330950720536205,"0.19542105263157897,0.32237820512820514,0.3438725490196079,0.1,0.9,0.04456728452766382","0,0,0"
35.166666666666664,244,AV,1,0,0,64,4705.31956239884,0.3,-12.535636712956505,"0.1771833333333333,0.34196396396396395,0.3599912280701754,0.3,0.64,0.2262900945532605","0,0,0"
36.35,242,AV,1,0,0,68,4656.548587392589,0.4,-17.097529409264713,"0.20239393939393938,0.35783479532163737,0.3829888888888889,0.4,0.68,0.22394458148039434","0,0,0"
44.78333333333333,89,AV,2,0,0,87,1467.6871321740252,0.1,-1.6597960118483193,"0.16690277777777776,0.29482051282051286,0.33738194444444436,0.1,0.87,0.07058459165416232","0,0,0"
42.8,100,AV,1,0,0,87,1587.6148581174584,0.3,-5.147720903592971,"0.19778205128205129,0.3279398148148149,0.3458,0.3,0.87,0.07635220341429991","0,0,0"
8.616666666666667,237,AV,0,0,0,11,4429.527615460413,0.2,-3.9276647956170314,"0.18257407407407406,0.3570730158730159,0.37888888888888894,0.2,0.11,0.21302659886033296","0,0,0"
37.6,26,AV,1,0,0,64,776.0711537761008,0.2,-1.473751281918252,"0.1557142857142857,0.2555719298245614,0.30230952380952375,0.2,0.64,0.03732312172194307","0,0,0"
30.066666666666666,213,AV,1,0,0,50,3667.3634505223554,0.9,-25.06031691190276,"0.2226904761904762,0.33862539682539683,0.37711594202898546,0.9,0.5,0.1763722975611855","0,0,0"
35.7,268,AV,1,0,0,68,5578.433439706214,0.1,-5.029042267613937,"0.1596969696969697,0.2792247706422018,0.29802083333333335,0.1,0.68,0.2682802334230043","0,0,0"
34.11666666666667,46,AV,2,0,0,50,946.1123250925148,0.3,-2.4453180927580522,"0.20460416666666667,0.2811401179941003,0.3575595238095239,0.3,0.5,0.04550080917225548","0,0,0"
13.2,297,AV,1,0,0,1,17322.90883950548,0.5,-28.87151473250913,"0.20633333333333334,0.3175486725663717,0.33947222222222223,0.5,0.01,0.833100202280572","0,0,0"
18.983333333333334,270,AV,1,0,0,15,5862.871835726062,0.1,-2.8105265239444384,"0.28125925925925926,0.3619774774774775,0.408925,0.1,0.15,0.2819595575743898","0,0,0"
27.783333333333335,85,AV,1,0,0,44,1446.9812594843625,0.5,-5.076005386280371,"0.14902777777777776,0.28264564564564565,0.32674509803921564,0.5,0.44,0.06958879661269593","0,0,0"
45.4,298,AV,1,0,0,96,18628.94525544202,0.7,-149.5019899540271,"0.14168750000000002,0.30171014492753623,0.31051282051282053,0.7,0.96,0.8959106235777834","0,0,0"
35.53333333333333,62,AV,1,0,0,62,1117.0806745336297,0.2,-2.0047272711327433,"0.22289285714285711,0.3361813725490196,0.36607142857142866,0.2,0.62,0.05372308684066549","0,0,0"
25.216666666666665,5,AV,2,0,0,4,477.1303205766694,0.1,-0.3038291982460021,"0.16226666666666667,0.2541801801801801,0.3069880952380953,0.1,0.04,0.022946340609962184","0,0,0"
25.233333333333334,18,AV,2,0,0,10,636.6552097563458,0.9,-3.6511211650420745,"0.17257575757575758,0.28258184523809526,0.35102941176470587,0.9,0.1,0.030618274848933116","0,0,0"
44.55,190,AV,1,0,0,92,3031.4508351358254,0.8,-27.283057516222424,"0.21956249999999997,0.3276310541310541,0.348711111111111,0.8,0.92,0.14578973585520302","0,0,0"
42.016666666666666,292,AV,1,0,0,80,11662.42845360034,0.1,-12.374150728756929,"0.19495098039215683,0.3014921383647799,0.3155151515151515,0.1,0.8,0.5608741345806508","0,0,0"
37.8,79,AV,2,0,0,65,1386.7650627050614,0.4,-5.294921148510234,"0.23427272727272733,0.2849717261904762,0.29211764705882354,0.4,0.65,0.06669285539507566","0,0,0"
22.15,3,AV,1,0,0,32,457.16351791608827,0.4,-1.022845648670844,"0.24533333333333332,0.3207079772079772,0.34137500000000004,0.4,0.32,0.021986089217454062","0,0,0"
6.966666666666667,39,AV,0,0,0,6,892.1845339920479,0.2,-2.3139167804786833,"0.17264285714285715,0.2559757575757575,0.3461296296296296,0.2,0.06,0.042907292454561666","0,0,0"
39.75,264,AV,1,0,0,79,5458.612723313221,0.5,-27.396446433295523,"0.2138703703703704,0.30788053097345136,0.3356944444444444,0.5,0.79,0.2625177680086071","0,0,0"
34.983333333333334,56,AV,1,0,0,60,1017.530975349866,0.2,-1.797809357962432,"0.23352083333333332,0.34589197530864196,0.4071309523809524,0.2,0.6,0.048935503225503364","0,0,0"
11.933333333333334,252,AV,0,0,0,27,4950.268578812107,0.1,-3.491747602032605,"0.13862121212121215,0.31124856321839084,0.3334102564102564,0.1,0.27,0.238070279798878","0,0,0"
31.35,222,AV,1,0,0,55,3882.59008652233,0.2,-6.147434303660356,"0.2151111111111111,0.30591235632183905,0.33757936507936503,0.2,0.55,0.18672306229989","0,0,0"
32.71666666666667,245,AV,1,0,0,60,4717.175795221327,0.1,-3.897228992432435,"0.18580000000000002,0.323217125382263,0.3826666666666666,0.1,0.6,0.2268602892044136","0,0,0"
21.683333333333334,273,AV,1,0,0,28,6434.117121135291,0.4,-14.092232953867024,"0.15089393939393939,0.274570987654321,0.30807291666666664,0.4,0.28,0.3094321123996473","0,0,0"
31.7,166,AV,1,0,0,58,2458.2611968747465,0.1,-1.967850503558825,"0.10713095238095238,0.27327575757575756,0.2981979166666667,0.1,0.58,0.1182236724414522","0,0,0"
18.8,232,AV,1,0,0,18,4245.708624069837,0.3,-6.046918343372193,"0.16269444444444445,0.33031666666666665,0.36609722222222224,0.3,0.18,0.2041863030226467","0,0,0"
26.216666666666665,81,AV,1,0,0,38,1404.912317929139,0.5,-4.650519941293214,"0.1377857142857143,0.29861378205128203,0.30723958333333334,0.5,0.38,0.06756560039062387","0,0,0"
25.6,57,AV,0,0,0,60,1020.7360413649084,0.7,-6.619088348802817,"0.14094444444444443,0.2491496913580247,0.29819565217391303,0.7,0.6,0.04908964253144747","0,0,0"
20.683333333333334,191,AV,1,0,0,25,3032.1279287666234,0.3,-4.75109944393861,"0.1625,0.2674727564102565,0.2951166666666667,0.3,0.25,0.1458222989106348","0,0,0"
46.21666666666667,108,AV,1,0,0,98,1635.9686818612918,0.1,-1.9093186678456915,"0.16246296296296298,0.27546096096096095,0.33872727272727277,0.1,0.98,0.07867765468320913","0,0,0"
30.183333333333334,212,AV,1,0,0,54,3651.018124108644,0.1,-2.7828256829801155,"0.19071052631578944,0.3422470238095239,0.3662777777777777,0.1,0.54,0.17558621164064137","0,0,0"
37.53333333333333,257,AV,1,0,0,71,5051.78348307234,0.1,-4.788138217120753,"0.19368333333333332,0.32385526315789476,0.3380625,0.1,0.71,0.24295237483598997","0,0,0"
21.033333333333335,69,AV,1,0,0,23,1240.6560786390864,0.2,-1.3179360027294,"0.17644444444444443,0.2878618618618618,0.3373039215686275,0.2,0.23,0.05966612418566248","0,0,0"
45.45,112,AV,1,0,0,93,1716.9764066453156,0.1,-1.9706206485361013,"0.1779111111111111,0.29363636363636364,0.3703333333333333,0.1,0.93,0.08257351031167907","0,0,0"
13.65,24,AV,1,0,0,9,753.5670156580491,0.1,-0.25975226676091845,"0.20700000000000002,0.35857291666666663,0.36946296296296305,0.1,0.09,0.03624084378629158","0,0,0"
29.266666666666666,50,AV,1,0,0,49,954.0002559944874,0.2,-1.4101215905103703,"0.1688125,0.28566235632183906,0.29244791666666664,0.2,0.49,0.045880158673594545","0,0,0"
43.583333333333336,54,AV,2,0,0,99,985.8695826897422,0.1,-1.0850374405444765,"0.17488888888888887,0.29821551724137935,0.35837037037037034,0.1,0.99,0.04741283097259167","0,0,0"
18.716666666666665,163,AV,1,0,0,10,2421.0391237858234,0.2,-2.288574861962525,"0.2235,0.37199090909090915,0.3751833333333333,0.2,0.1,0.11643357373995898","0,0,0"
46.06666666666667,230,AV,1,0,0,94,4200.245935785981,0.1,-4.886144682875611,"0.19141176470588234,0.28206730769230764,0.31790740740740747,0.1,0.94,0.2019998933869206","0,0,0"
20.1,128,AV,1,0,0,20,1927.298426803608,0.2,-1.9564999181188143,"0.15789999999999998,0.28122629969418955,0.3036354166666666,0.2,0.2,0.0926884003201249","0,0,0"
41.31666666666667,208,AV,1,0,0,81,3564.273841812899,0.1,-3.7187857129015893,"0.1631212121212121,0.285562865497076,0.31741111111111114,0.1,0.81,0.17141447121316408","0,0,0"
29.4,104,AV,1,0,0,49,1596.1763216794554,0.2,-2.3700799927967675,"0.19458333333333336,0.32246546546546545,0.34665555555555555,0.2,0.49,0.07676394471545202","0,0,0"
42.28333333333333,280,AV,1,0,0,86,8139.327108000771,0.1,-8.690855586278602,"0.20308974358974358,0.30917226890756305,0.3516458333333333,0.1,0.86,0.39143974738464077","0,0,0"
30.316666666666666,144,AV,1,0,0,52,2113.1349678504243,0.1,-1.6177577889393613,"0.21355000000000002,0.32491805555555553,0.3595333333333333,0.1,0.52,0.10162572495605159","0,0,0"
42.266666666666666,170,AV,1,0,0,83,2629.980017260476,0.4,-11.228332194903313,"0.1999242424242424,0.3260803571428571,0.33799999999999997,0.4,0.83,0.12648204205617194","0,0,0"
30.133333333333333,209,AV,1,0,0,53,3580.4564780460023,0.1,-2.724522437839719,"0.20670000000000002,0.31081398809523814,0.3549358974358974,0.1,0.53,0.17219273297301851","0,0,0"
24.516666666666666,281,AV,1,0,0,39,8333.728817076937,0.4,-20.637904191784802,"0.17274509803921567,0.2837403846153847,0.34564912280701754,0.4,0.39,0.4007889914784327","0,0,0"
25.183333333333334,37,AV,1,0,0,36,873.8892656114449,1.0,-5.55743552331184,"0.13398333333333334,0.3199101449275362,0.3118194444444444,1.0,0.36,0.04202742915158692","0,0,0"
13.2,162,AV,1,0,0,4,2411.397471856681,0.2,-1.6075983145711206,"0.1869230769230769,0.32902623456790125,0.33,0.2,0.04,0.11596988359144483","0,0,0"
30.816666666666666,217,AV,1,0,0,55,3759.463069718096,0.6,-17.55365458562818,"0.23368333333333333,0.32922172619047624,0.33986111111111117,0.6,0.55,0.18080158897481655","0,0,0"
6.95,207,AV,0,0,0,6,3531.3895067900216,0.6,-5.718660162453128,"0.13657777777777777,0.2562227891156463,0.29352941176470587,0.6,0.06,0.16983298473111647","0,0,0"
22.266666666666666,21,AV,2,0,0,4,676.2529471816457,0.1,-0.3802499736677941,"0.18360784313725492,0.2926126984126985,0.31549074074074074,0.1,0.04,0.03252262494189429","0,0,0"
23.266666666666666,32,AV,1,0,0,31,849.0657401736111,0.2,-0.9977237148841422,"0.18456060606060604,0.3238475783475783,0.36670833333333336,0.2,0.31,0.040833606321069346","0,0,0"
44.766666666666666,267,AV,1,0,0,91,5568.958209200236,0.3,-18.88664362362605,"0.152,0.2816604938271605,0.32517777777777773,0.3,0.91,0.2678245468795767","0,0,0"
42.28333333333333,82,AV,1,0,0,79,1421.705549214182,0.5,-7.590208287786993,"0.1735138888888889,0.29771111111111115,0.3166304347826087,0.5,0.79,0.06837322712988189","0,0,0"
20.533333333333335,115,AV,0,0,0,48,1782.711710770346,0.7,-8.470583246499775,"0.18338888888888888,0.2931636904761905,0.3132857142857143,0.7,0.48,0.08573487862868172","0,0,0"
37.483333333333334,203,AV,2,0,0,59,3465.4556083993225,0.4,-13.120891689040533,"0.1637222222222222,0.2673456284153006,0.3025,0.4,0.59,0.1666620655399256","0,0,0"
20.033333333333335,165,AV,1,0,0,18,2456.6540037696086,0.2,-2.4856044718274997,"0.20966666666666664,0.3482153392330384,0.3748137254901961,0.2,0.18,0.11814637867321734","0,0,0"
12.133333333333333,215,AV,0,0,0,25,3742.7752140142647,0.6,-8.880657464147436,"0.15544444444444444,0.3097706552706553,0.3510714285714286,0.6,0.25,0.17999902999980277","0,0,0"
19.1,139,AV,1,0,0,17,2078.9202215407213,0.8,-8.02169216796521,"0.20839583333333334,0.3466743827160494,0.38304166666666667,0.8,0.17,0.09998025580674873","0,0,0"
31.983333333333334,234,AV,1,0,0,58,4304.4895651906745,1.0,-34.765637523572835,"0.21020238095238092,0.3256574923547402,0.37538235294117656,1.0,0.58,0.207013219355909","0,0,0"
22.666666666666668,117,AV,1,0,0,33,1797.659883656486,0.8,-8.231708558157647,"0.20328205128205126,0.3197536873156342,0.3508928571428572,0.8,0.33,0.08645377208765831","0,0,0"
42.3,288,AV,1,0,0,84,10450.70686878338,0.1,-11.163255064382245,"0.20597916666666666,0.29644126984126984,0.3336764705882353,0.1,0.84,0.5025995395474784","0,0,0"
32.75,260,AV,1,0,0,60,5307.329693361759,0.1,-4.389268875191859,"0.1935,0.3133262711864407,0.3520897435897436,0.1,0.6,0.25524220453241103","0,0,0"
35.68333333333333,220,AV,1,0,0,66,3863.855435177377,0.3,-10.445094048882275,"0.23652564102564103,0.3610892857142857,0.37791111111111114,0.3,0.66,0.18582206801713178","0,0,0"
30.483333333333334,135,AV,0,0,0,78,2035.9911412414244,0.1,-3.5672675914690934,"0.15603333333333333,0.3385833333333334,0.3538583333333334,0.1,0.78,0.09791569345106042","0,0,0"
18.466666666666665,78,AV,1,0,0,13,1338.7213376931895,0.2,-1.248571752663345,"0.18460606060606063,0.3439937106918239,0.3295289855072464,0.2,0.13,0.06438231751737097","0,0,0"
48.85,276,AV,2,0,0,99,7099.697064525982,0.4,-35.03234359617114,"0.14771794871794874,0.2894701754385965,0.3216590909090909,0.4,0.99,0.3414414470102487","0,0,0"
30.1,175,AV,2,0,0,33,2767.495209174315,0.4,-8.414303615772413,"0.1334102564102564,0.28894395280235985,0.3308214285714286,0.4,0.33,0.13309547720505432","0,0,0"
8.516666666666667,177,AV,0,0,0,16,2813.5576138103806,0.1,-2.605104352128411,"0.2102333333333333,0.3573633633633634,0.38635714285714295,0.1,0.16,0.13531072863744203","0,0,0"
44.25,294,AV,1,0,0,89,13748.957190518822,0.1,-15.363418072738837,"0.22204166666666666,0.34180532212885156,0.3885384615384615,0.1,0.89,0.6612203021265304","0,0,0"
23.983333333333334,286,AV,1,0,0,32,8987.822610831106,0.3,-16.330147395184298,"0.2019861111111111,0.3209150943396227,0.34851041666666666,0.3,0.32,0.4322459296252377","0,0,0"
42.7,239,AV,1,0,0,87,4459.768546990965,0.1,-4.808891842336217,"0.21319444444444444,0.3397347222222223,0.3485476190476191,0.1,0.87,0.21448095773323778","0,0,0"
27.466666666666665,271,AV,1,0,0,39,5912.288420941998,0.2,-8.201558348242772,"0.20082051282051283,0.3390016835016835,0.3874814814814815,0.2,0.39,0.28433611958951305","0,0,0"
29.216666666666665,211,AV,1,0,0,46,3630.005597296026,0.4,-10.712794296397194,"0.15830000000000002,0.2877282282282283,0.3290444444444444,0.4,0.46,0.17457566886747292","0,0,0"
16.8,118,AV,0,0,0,44,1804.2001824470888,0.1,-2.7654182592199774,"0.2162604166666667,0.31918481848184815,0.36251282051282047,0.1,0.44,0.08676831073101827","0,0,0"
35.71666666666667,140,AV,0,0,0,92,2088.64210540395,0.7,-15.186750935675361,"0.15877777777777777,0.2823397435897436,0.3174722222222222,0.7,0.92,0.10044780450125744","0,0,0"
26.183333333333334,101,AV,2,0,0,24,1588.8002265047048,0.6,-6.3030433228254825,"0.17613888888888887,0.2877672672672672,0.34409375,0.6,0.24,0.07640921062090368","0,0,0"
20.133333333333333,70,AV,1,0,0,19,1244.4027248274256,0.3,-1.898028398474154,"0.19714814814814816,0.30974561403508777,0.3165686274509804,0.3,0.19,0.05984630938009477","0,0,0"
40.9,290,AV,2,0,0,81,11049.706566164488,0.7,-79.88714620941647,"0.16759999999999997,0.23674159021406727,0.32085087719298244,0.7,0.81,0.5314068705608562","0,0,0"
30.5,285,AV,1,0,0,54,8689.506535985933,0.4,-26.770701954300094,"0.21856410256410258,0.32373099415204687,0.3775384615384615,0.4,0.54,0.4178991946398128","0,0,0"
38.8,68,AV,1,0,0,74,1234.5997004771,0.1,-1.2096582923866535,"0.19956666666666667,0.2987578347578348,0.3615641025641026,0.1,0.74,0.059374858445099786","0,0,0"
35.0,44,AV,1,0,0,62,938.3100494872764,0.1,-0.8293144376781484,"0.16267543859649122,0.2575938511326861,0.31366666666666676,0.1,0.62,0.04512557903941836","0,0,0"
33.81666666666667,102,AV,2,0,0,55,1592.6375082496468,0.4,-5.440170882556454,"0.16717708333333334,0.2723455657492354,0.32113333333333327,0.4,0.55,0.07659375469647073","0,0,0"
37.766666666666666,180,AV,2,0,0,68,2853.537244729806,0.3,-8.164287116865832,"0.1987777777777778,0.2959135802469136,0.3508205128205128,0.3,0.68,0.13723344490378397","0,0,0"
21.716666666666665,279,AV,1,0,0,27,7592.14370769901,0.1,-4.163536721856822,"0.22118333333333332,0.26244884488448844,0.31389166666666674,0.1,0.27,0.36512438628106175","0,0,0"
28.816666666666666,256,AV,0,0,0,73,5009.92015912814,0.2,-9.291373699606527,"0.17407142857142854,0.305225988700565,0.34281111111111107,0.2,0.73,0.24093906725761643","0,0,0"
23.916666666666668,182,AV,1,0,0,34,2872.269398564857,0.4,-6.938899978014428,"0.1943333333333333,0.3174884057971014,0.3103431372549019,0.4,0.34,0.13813431907530546","0,0,0"
44.71666666666667,53,AV,1,0,0,91,979.5720138781878,0.1,-1.106141293449149,"0.1496666666666667,0.275295652173913,0.27289285714285716,0.1,0.91,0.04710996579565228","0,0,0"
38.75,181,AV,1,0,0,74,2857.712092786687,0.2,-5.592744626034553,"0.1948666666666667,0.3058621212121212,0.3842878787878788,0.2,0.74,0.13743422335230565","0,0,0"
24.566666666666666,63,AV,1,0,0,28,1129.1321270070612,0.2,-1.4009602316569094,"0.22039285714285717,0.324531746031746,0.36160714285714285,0.2,0.28,0.05430267007269716","0,0,0"
33.43333333333333,16,AV,1,0,0,63,626.2908344343901,0.1,-0.5287623795771829,"0.17377777777777775,0.31445833333333334,0.35151041666666666,0.1,0.63,0.03011982720037529","0,0,0"
38.18333333333333,284,AV,1,0,0,75,8493.635575370567,0.3,-24.569342301987326,"0.16373333333333334,0.29319553805774273,0.4051666666666667,0.3,0.75,0.40847929071828354","0,0,0"
44.983333333333334,204,AV,2,0,0,75,3476.696831582168,0.1,-3.949328597828398,"0.1912222222222222,0.35024242424242424,0.3247555555555555,0.1,0.75,0.16720268290357254","0,0,0"
26.183333333333334,221,AV,1,0,0,44,3866.930621896856,0.3,-7.670388897727222,"0.16778571428571432,0.3205014749262537,0.33651666666666663,0.3,0.44,0.18596996111648273","0,0,0"
33.916666666666664,274,AV,2,0,0,54,6995.337061486569,0.3,-17.974129949652987,"0.18385833333333335,0.3002401960784314,0.34402222222222223,0.3,0.54,0.3364225243542649","0,0,0"
42.78333333333333,219,AV,1,0,0,87,3778.090807703549,1.0,-40.81800969433927,"0.2319305555555555,0.3527083333333333,0.370225,1.0,0.87,0.18169744153788722","0,0,0"
27.733333333333334,29,AV,1,0,0,49,822.5771428470101,0.1,-0.5760809619938657,"0.1714509803921569,0.2677484848484849,0.31829487179487187,0.1,0.49,0.039559706192899544","0,0,0"
27.2,95,AV,0,0,0,63,1541.4014724042315,0.9,-11.528663647589795,"0.17654166666666668,0.3385073746312684,0.3702719298245614,0.9,0.63,0.07412969094006937","0,0,0"
25.733333333333334,206,AV,1,0,0,35,3523.1638559153366,0.7,-16.0262436678169,"0.16115151515151513,0.271245,0.3162456140350878,0.7,0.35,0.16943739346690792","0,0,0"
37.083333333333336,11,AV,1,0,0,69,588.8906571209208,0.1,-0.5514653670429498,"0.1713452380952381,0.2810942028985507,0.32127272727272727,0.1,0.69,0.02832116303987798","0,0,0"
35.5,64,AV,1,0,0,64,1135.438045570021,0.4,-4.071520264417751,"0.16643333333333335,0.28407101449275357,0.3593,0.4,0.64,0.0546059368091927","0,0,0"
23.5,218,AV,2,0,0,6,3773.692032315799,0.3,-6.718315360562219,"0.18771428571428572,0.27182861635220124,0.3343333333333333,0.3,0.06,0.18148589388735847","0,0,0"
18.483333333333334,48,AV,1,0,0,18,948.3478854920526,0.2,-0.8852843476520929,"0.21983333333333335,0.3209423076923077,0.3410308641975308,0.2,0.18,0.04560832262962691","0,0,0"
27.95,287,AV,1,0,0,45,10071.894878668398,0.5,-35.5441239720684,"0.17656666666666665,0.3154822006472492,0.3754814814814815,0.5,0.45,0.48438156307972796","0,0,0"
16.216666666666665,4,AV,1,0,0,13,473.5024380788758,0.2,-0.38780965677672236,"0.2304,0.29996839080459764,0.29852564102564105,0.2,0.13,0.022771867046038015","0,0,0"
46.733333333333334,228,AV,1,0,0,99,4113.319853961603,0.3,-14.56281423043982,"0.18232291666666664,0.2966824561403509,0.31836274509803925,0.3,0.99,0.19781940978440954","0,0,0"
15.85,249,AV,1,0,0,15,4864.205776554158,0.7,-13.628374517896054,"0.123375,0.2433348909657321,0.31728125,0.7,0.15,0.23393131337965753","0,0,0"
35.88333333333333,229,AV,1,0,0,64,4159.866430607663,0.2,-7.538882512709005,"0.18175000000000005,0.2927898550724638,0.35784615384615387,0.2,0.64,0.20005794620912742","0,0,0"
32.233333333333334,295,AV,1,0,0,59,14297.77376075636,0.1,-11.638002716036535,"0.24898333333333333,0.33906018518518516,0.36340350877192984,0.1,0.59,0.6876142062863859","0,0,0"
28.85,120,AV,1,0,0,52,1809.16611953512,0.1,-1.3180414784997025,"0.17213888888888892,0.2691988304093567,0.319,0.1,0.52,0.08700713454697676","0,0,0"
36.28333333333333,189,AV,1,0,0,69,3024.224513765153,1.0,-27.70932982519671,"0.1790595238095238,0.35026851851851853,0.3442555555555555,1.0,0.69,0.1454422047418416","0,0,0"
34.88333333333333,188,AV,1,0,0,64,2971.291490045772,0.2,-5.234775327159766,"0.15743589743589742,0.26862535612535604,0.3238333333333334,0.2,0.64,0.14289652877156978","0,0,0"
33.916666666666664,186,AV,0,0,0,88,2965.4163440895786,0.4,-12.159296734380963,"0.17051041666666666,0.27331981981981984,0.3196923076923077,0.4,0.88,0.14261397892212588","0,0,0"
34.36666666666667,129,AV,1,0,0,58,1929.5758599688188,0.7,-11.722010927100136,"0.14683333333333334,0.29665456989247313,0.3625,0.7,0.58,0.09279792753915007","0,0,0"
44.5,67,AV,1,0,0,92,1200.7903182940884,1.0,-13.493729586890638,"0.18255952380952378,0.2773700305810397,0.35556862745098045,1.0,0.92,0.057748884228147654","0,0,0"
23.55,238,AV,1,0,0,34,4446.537177105173,0.4,-10.577368739477457,"0.1925,0.28353133903133904,0.3212333333333334,0.4,0.34,0.21384462944504845","0,0,0"
28.866666666666667,86,AV,0,0,0,74,1457.5875839824732,0.3,-5.187552645779853,"0.2035833333333333,0.31621141975308636,0.3450294117647059,0.3,0.74,0.07009888017699192","0,0,0"
46.166666666666664,7,AV,2,0,0,99,541.9839687696077,0.3,-1.8955752443078453,"0.21705555555555553,0.34580277777777774,0.40589583333333334,0.3,0.99,0.026065307980208553","0,0,0"
15.766666666666667,171,AV,1,0,0,11,2744.8905386527767,0.3,-3.2786192545019275,"0.182,0.29846825396825394,0.3341742424242425,0.3,0.11,0.13200836442518263","0,0,0"
20.65,299,AV,1,0,0,24,20793.30768626012,0.1,-10.84297484144625,"0.1781574074074074,0.3278996913580247,0.34660714285714284,0.1,0.24,1.0","0,0,0"
37.06666666666667,127,AV,1,0,0,73,1921.5023446668008,0.2,-3.597155904494079,"0.21326666666666663,0.31893567251461985,0.31957291666666665,0.2,0.73,0.09240965283924012","0,0,0"
24.016666666666666,141,AV,1,0,0,36,2105.159940183184,0.1,-1.2767405192777643,"0.13840909090909087,0.3021231231231231,0.3719848484848485,0.1,0.36,0.10124218676253416","0,0,0"
23.95,36,AV,1,0,0,35,863.3540159882258,0.4,-2.0886190588806066,"0.16355,0.28436212121212123,0.3287916666666667,0.4,0.35,0.04152076374836295","0,0,0"
37.983333333333334,254,AV,2,0,0,76,4968.170350229253,1.0,-47.65345213877301,"0.19001190476190477,0.34554454022988507,0.3991,1.0,0.76,0.23893121888982288","0,0,0"
5.45,261,AV,0,0,0,0,5370.167679594476,0.3,-4.21722832225681,"0.1887222222222222,0.2951969696969697,0.36825,0.3,0.0,0.2582642338882426","0,0,0"
33.0,60,AV,1,0,0,58,1062.4074567339185,0.1,-0.8853395472782655,"0.16504166666666667,0.32379056047197635,0.35146491228070176,0.1,0.58,0.05109372076651086","0,0,0"
36.85,277,AV,1,0,0,66,7128.986247371214,0.1,-6.633917757970435,"0.18504166666666666,0.31953422619047617,0.36096874999999995,0.1,0.66,0.34285003400790975","0,0,0"
51.45,263,AV,2,0,0,92,5427.330032863625,0.1,-7.051417429061453,"0.24504166666666666,0.3104243827160494,0.37703333333333333,0.1,0.92,0.26101330845259973","0,0,0"
23.45,269,AV,1,0,0,33,5702.616109653807,1.0,-33.769279740247924,"0.20627083333333335,0.26068749999999996,0.33560185185185193,1.0,0.33,0.27425247563772664","0,0,0"
22.4,147,AV,1,0,0,29,2158.6935677652164,0.1,-1.2210791898469908,"0.21155555555555552,0.3403058252427184,0.37350925925925915,0.1,0.29,0.10381674721197177","0,0,0"
35.016666666666666,193,AV,1,0,0,63,3236.647802754315,0.2,-5.724071577093279,"0.19335555555555556,0.30399404761904764,0.36641025641025643,0.2,0.63,0.1556581498042776","0,0,0"
15.133333333333333,111,AV,1,0,0,10,1697.366940102563,0.1,-0.6486570629684879,"0.18396153846153848,0.28231465517241383,0.32453030303030295,0.1,0.1,0.08163044406947123","0,0,0"
18.15,52,AV,1,0,0,15,978.4447105201264,0.1,-0.44845382565505787,"0.1810606060606061,0.31638118811881183,0.3346388888888889,0.1,0.15,0.04705575107546101","0,0,0"
40.43333333333333,9,AV,1,0,0,77,567.9518330451218,0.3,-1.7397110441508403,"0.20735416666666664,0.28234064327485375,0.3567685185185186,0.3,0.77,0.02731416480795959","0,0,0"
41.3,185,AV,1,0,0,82,2953.464044858564,0.7,-21.561779175975023,"0.20475490196078427,0.28642973856209153,0.35472222222222227,0.7,0.82,0.14203916420715332","0,0,0"
29.616666666666667,34,AV,1,0,0,53,857.6590975250949,0.9,-5.772955364780659,"0.21788333333333335,0.3356194968553459,0.40192156862745093,0.9,0.53,0.041246881470994735","0,0,0"
48.85,73,AV,2,0,0,99,1293.252850487379,0.7,-11.167368995559578,"0.2170909090909091,0.2982951070336391,0.32529761904761906,0.7,0.99,0.06219562899759039","0,0,0"
15.366666666666667,134,AV,0,0,0,33,2022.4315636845977,0.2,-3.569597560368013,"0.1547833333333333,0.2731782608695652,0.3320833333333333,0.2,0.33,0.09726358086938654","0,0,0"
13.666666666666666,194,AV,1,0,0,8,3256.7228478661937,0.2,-2.2479063428032653,"0.2054615384615385,0.3048858858858859,0.3225888888888889,0.2,0.08,0.15662360683568316","0,0,0"
43.43333333333333,161,AV,1,0,0,90,2403.836358207942,0.5,-13.182654775862575,"0.18147222222222223,0.3081424242424242,0.3332592592592593,0.5,0.9,0.11560625151506597","0,0,0"
24.633333333333333,236,AV,1,0,0,34,4412.688598555705,0.3,-8.234790086698652,"0.2112051282051282,0.2844855072463767,0.3518833333333333,0.3,0.34,0.21221677018089516","0,0,0"
40.166666666666664,8,AV,1,0,0,80,566.7055292848979,0.3,-1.724444855526015,"0.21844999999999998,0.307563768115942,0.34061111111111103,0.3,0.8,0.027254227073231246","0,0,0"
21.966666666666665,146,AV,2,0,0,1,2133.445027811215,0.5,-5.917257042624539,"0.17165151515151514,0.3275352564102564,0.3530128205128205,0.5,0.01,0.10260248441477932","0,0,0"
13.666666666666666,201,AV,1,0,0,5,3438.9188747307694,0.2,-2.373664543164336,"0.2125714285714286,0.3533672566371681,0.36093137254901964,0.2,0.05,0.16538585041970746","0,0,0"
15.5,27,AV,1,0,0,10,801.7987355487146,0.1,-0.31383536366174436,"0.22212037037037036,0.33334833333333336,0.3413928571428571,0.1,0.1,0.03856042278826712","0,0,0"
31.7,31,AV,2,0,0,46,845.7864251007381,0.3,-2.031168914825257,"0.2808333333333333,0.3587,0.36280555555555566,0.3,0.46,0.040675896199988425","0,0,0"
23.783333333333335,47,AV,0,0,0,59,946.2003450753726,0.4,-4.273110930004305,"0.13747222222222222,0.25120338983050844,0.30442592592592593,0.4,0.59,0.04550504226418034","0,0,0"
25.433333333333334,23,AV,0,0,0,62,741.34301771214,0.3,-3.4283957639251588,"0.2016666666666667,0.30700294985250737,0.33575438596491225,0.3,0.62,0.03565296242896494","0,0,0"
18.816666666666666,265,AV,0,0,0,46,5502.789496653042,0.3,-9.844254219345057,"0.17004166666666667,0.2933019801980198,0.33166666666666667,0.3,0.46,0.26464233491284295","0,0,0"
28.716666666666665,183,AV,1,0,0,52,2891.134206742707,0.2,-4.193118045637782,"0.18773333333333334,0.3149159420289855,0.34798888888888885,0.2,0.52,0.13904157291209238","0,0,0"
