travel_time,id,kind,action,origin,destination,start_time,income,urgency,reward,observation,cost_table
13.183333333333334,195,AV,2,0,0,25,3151.1733449572957,0.3,-28.86761111111111,"0.06805208333333333,0.08289499999999998,0.11807928802588996,0.3,0.25,0.21357597610895399","0,0,0"
29.433333333333334,143,AV,2,0,0,60,2198.5025098873134,0.1,-28.86761111111111,"0.6148690476190476,0.251231182795699,0.284300469483568,0.1,0.6,0.14900713738219673","0,0,0"
45.28333333333333,164,AV,0,0,0,54,2520.718778515204,0.2,-28.86761111111111,"0.5073630490956073,0.22233223684210526,0.25682374100719424,0.2,0.54,0.1708458769743912","0,0,0"
34.56666666666667,72,AV,0,0,0,46,1089.3140785512585,0.2,-28.86761111111111,"0.3434742547425475,0.16656309523809523,0.20030467091295118,0.2,0.46,0.07383006015461319","0,0,0"
24.1,80,AV,2,0,0,53,1240.6560786390864,0.4,-28.86761111111111,"0.48340441176470583,0.2158184931506849,0.24781159420289856,0.4,0.53,0.08408751407943918","0,0,0"
21.85,43,AV,2,0,0,46,863.5619359671642,0.1,-28.86761111111111,"0.3434742547425475,0.16656309523809523,0.20030467091295118,0.1,0.46,0.05852933596936876","0,0,0"
24.7,140,AV,1,0,0,57,2158.6935677652164,0.1,-28.86761111111111,"0.5625869565217392,0.23928057553956833,0.27107342657342653,0.1,0.57,0.14630902060445822","0,0,0"
36.5,272,AV,2,0,0,100,6007.794801579103,0.2,-28.867611111111117,"0.8498320987654321,0.32212358276644004,0.35393115942028985,0.2,1.0,0.4071882116745136","0,0,0"
19.183333333333334,88,AV,1,0,0,49,1405.7852601227096,0.2,-28.867611111111117,"0.3912480916030534,0.18173015873015871,0.21634253578732107,0.2,0.49,0.09527941698629604","0,0,0"
38.46666666666667,105,AV,2,0,0,92,1573.7150367511856,0.1,-28.86761111111111,"0.831104797979798,0.3197928240740741,0.349837962962963,0.1,0.92,0.10666113485293768","0,0,0"
83.01666666666667,260,AV,0,0,0,95,5434.023139443809,0.4,-28.86761111111111,"0.8421010101010102,0.3215474613686534,0.35314355231143557,0.4,0.95,0.36829988996402924","0,0,0"
31.566666666666666,107,AV,1,0,0,73,1592.6375082496468,0.1,-28.86761111111111,"0.7755160493827161,0.30908680555555557,0.33759929078014184,0.1,0.73,0.10794363660015036","0,0,0"
18.383333333333333,284,AV,1,0,0,47,7897.119961473183,0.1,-28.86761111111111,"0.3607492625368732,0.17209906759906762,0.20768495934959347,0.1,0.47,0.5352403437025128","0,0,0"
29.383333333333333,215,AV,1,0,0,65,3531.3895067900216,0.3,-28.86761111111111,"0.7046224747474747,0.28176077097505675,0.3133356973995272,0.3,0.65,0.23934575422216817","0,0,0"
23.9,150,AV,2,0,0,50,2314.8193170712048,0.1,-28.86761111111111,"0.40806640625,0.18700987654320989,0.22166029723991507,0.1,0.5,0.1568907010306171","0,0,0"
28.733333333333334,209,AV,2,0,0,56,3368.9508766880413,0.4,-28.86761111111111,"0.5473594527363184,0.23316044776119405,0.26714692982456134,0.4,0.56,0.22833620787735992","0,0,0"
12.066666666666666,224,AV,0,0,0,33,3849.958431883558,0.4,-28.86761111111111,"0.12447826086956523,0.10190650406504063,0.1373228511530398,0.4,0.33,0.2609372890844797","0,0,0"
29.316666666666666,170,AV,0,0,0,42,2612.3907844155665,0.2,-28.86761111111111,"0.2699800469483568,0.14112626262626266,0.17728196347031966,0.2,0.42,0.17705909852672727","0,0,0"
39.78333333333333,51,AV,0,0,0,50,914.1934345695068,0.1,-28.86761111111111,"0.40806640625,0.18700987654320989,0.22166029723991507,0.1,0.5,0.061960969380827756","0,0,0"
25.516666666666666,54,AV,2,0,0,55,926.7012599248138,0.2,-28.867611111111117,"0.5159934383202099,0.22503286384976523,0.2615275938189846,0.2,0.55,0.06280870789497041","0,0,0"
20.116666666666667,275,AV,2,0,0,41,6434.117121135291,0.2,-28.86761111111111,"0.2593017676767676,0.13853403755868546,0.17386073059360732,0.2,0.41,0.43608291074968625","0,0,0"
25.066666666666666,263,AV,1,0,0,58,5557.427333357366,0.1,-28.86761111111111,"0.5804673423423424,0.24340258215962443,0.2763679487179488,0.1,0.58,0.37666381294947954","0,0,0"
20.366666666666667,177,AV,2,0,0,45,2756.9260540590044,0.5,-28.86761111111111,"0.3265138888888888,0.1602230215827338,0.19515324384787477,0.5,0.45,0.18685521505762742","0,0,0"
13.333333333333334,59,AV,1,0,0,40,959.5289757906356,0.2,-28.86761111111111,"0.23704133333333335,0.1329395061728395,0.16825104166666668,0.2,0.4,0.06503366053703627","0,0,0"
33.28333333333333,128,AV,2,0,0,75,1997.7276787447236,0.9,-28.86761111111111,"0.7904408212560387,0.31235024154589364,0.34237847222222223,0.9,0.75,0.13539929171797474","0,0,0"
24.133333333333333,232,AV,1,0,0,53,4159.866430607663,0.4,-28.86761111111111,"0.48340441176470583,0.2158184931506849,0.24781159420289856,0.4,0.53,0.2819418153627286","0,0,0"
31.733333333333334,94,AV,1,0,0,74,1460.8215047913693,0.8,-28.86761111111111,"0.7816641604010023,0.31131323877068556,0.3413778538812786,0.8,0.74,0.09900958933472948","0,0,0"
10.2,227,AV,0,0,0,31,3882.59008652233,0.3,-28.86761111111111,"0.0954595238095238,0.09250501253132831,0.12800000000000003,0.3,0.31,0.26314895335318095","0,0,0"
76.48333333333333,252,AV,0,0,0,74,4950.077303955518,0.2,-28.86761111111111,"0.7816641604010023,0.31131323877068556,0.3413778538812786,0.2,0.74,0.3354996619589032","0,0,0"
69.51666666666667,15,AV,0,0,0,69,640.5426603936758,0.1,-28.86761111111111,"0.7392282282282281,0.298214430894309,0.32880229885057466,0.1,0.69,0.04341383635778992","0,0,0"
64.33333333333333,141,AV,0,0,0,63,2164.09247058771,0.3,-28.86761111111111,"0.6818293010752688,0.27453812636165575,0.30851165501165506,0.3,0.63,0.14667494015695656","0,0,0"
25.366666666666667,203,AV,2,0,0,53,3278.222126324269,0.1,-28.86761111111111,"0.48340441176470583,0.2158184931506849,0.24781159420289856,0.1,0.53,0.22218691702635127","0,0,0"
17.933333333333334,178,AV,1,0,0,47,2761.3662775036096,0.2,-28.86761111111111,"0.3607492625368732,0.17209906759906762,0.20768495934959347,0.2,0.47,0.18715615853248926","0,0,0"
20.5,271,AV,2,0,0,45,5984.209260784091,0.1,-28.86761111111111,"0.3265138888888888,0.1602230215827338,0.19515324384787477,0.1,0.45,0.4055896627069003","0,0,0"
29.983333333333334,247,AV,2,0,0,62,4704.305573257116,0.4,-28.86761111111111,"0.6635338541666667,0.2691262254901961,0.30297115384615386,0.4,0.62,0.31884207713644414","0,0,0"
59.233333333333334,230,AV,0,0,0,61,4034.238052294327,0.2,-28.86761111111111,"0.6456397435897436,0.2606135265700484,0.29449122807017547,0.2,0.61,0.2734271446074074","0,0,0"
32.016666666666666,157,AV,1,0,0,78,2401.1770329784995,0.1,-28.86761111111111,"0.8067578347578349,0.315667808219178,0.3452335456475585,0.1,0.78,0.1627437378046668","0,0,0"
20.933333333333334,149,AV,2,0,0,49,2294.767722006211,0.1,-28.86761111111111,"0.3912480916030534,0.18173015873015871,0.21634253578732107,0.1,0.49,0.1555316710694756","0,0,0"
14.083333333333334,274,AV,2,0,0,32,6230.691172258436,0.3,-28.86761111111111,"0.1141299019607843,0.09810416666666665,0.13408974358974357,0.3,0.32,0.4222953812039725","0,0,0"
11.866666666666667,231,AV,0,0,0,33,4104.202624979457,0.5,-28.86761111111111,"0.12447826086956523,0.10190650406504063,0.1373228511530398,0.5,0.33,0.27816910903414543","0,0,0"
22.866666666666667,101,AV,1,0,0,53,1564.4426034616197,0.9,-28.86761111111111,"0.48340441176470583,0.2158184931506849,0.24781159420289856,0.9,0.53,0.10603268037775201","0,0,0"
23.083333333333332,172,AV,1,0,0,53,2648.588416164911,0.1,-28.86761111111111,"0.48340441176470583,0.2158184931506849,0.24781159420289856,0.1,0.53,0.17951245278160197","0,0,0"
34.1,119,AV,2,0,0,66,1782.711710770346,0.3,-28.867611111111117,"0.7110906666666665,0.2843991228070176,0.3155349650349651,0.3,0.66,0.12082622949255738","0,0,0"
29.45,270,AV,1,0,0,67,5913.041300376779,0.2,-28.86761111111111,"0.7240240112994349,0.2910675105485232,0.3215428240740741,0.2,0.67,0.4007661366904725","0,0,0"
16.983333333333334,243,AV,2,0,0,37,4645.51881630073,0.3,-28.86761111111111,"0.19029511677282376,0.12023205128205133,0.15630952380952384,0.3,0.37,0.31485770762553417","0,0,0"
78.26666666666667,216,AV,0,0,0,77,3534.445695738256,0.3,-28.86761111111111,"0.8042286501377411,0.31487152777777777,0.3444580645161291,0.3,0.77,0.23955289247396794","0,0,0"
13.566666666666666,109,AV,0,0,0,33,1626.914224999384,0.1,-28.86761111111111,"0.12447826086956523,0.10190650406504063,0.1373228511530398,0.1,0.33,0.11026679766945499","0,0,0"
8.383333333333333,197,AV,0,0,0,27,3225.188153267811,0.1,-28.86761111111111,"0.07383211678832116,0.08494961240310078,0.11949122807017547,0.1,0.27,0.21859245194222796","0,0,0"
8.866666666666667,163,AV,1,0,0,22,2496.2043409386315,0.4,-28.86761111111111,"0.05482196969696969,0.07845578231292517,0.11394444444444445,0.4,0.22,0.16918437049377913","0,0,0"
41.61666666666667,171,AV,0,0,0,51,2629.980017260476,0.1,-28.86761111111111,"0.4337015503875969,0.19420743405275775,0.23011074561403508,0.1,0.51,0.17825123782299","0,0,0"
43.233333333333334,129,AV,0,0,0,51,2011.9739719035176,0.1,-28.86761111111111,"0.4337015503875969,0.19420743405275775,0.23011074561403508,0.1,0.51,0.1363648577577462","0,0,0"
55.516666666666666,76,AV,0,0,0,59,1150.4391077840953,0.2,-28.86761111111111,"0.6054411111111111,0.24884063260340636,0.2815827067669173,0.2,0.59,0.07797290992959705","0,0,0"
72.83333333333333,49,AV,0,0,0,72,904.859336063587,0.4,-28.86761111111111,"0.7566155913978493,0.3025590717299578,0.3333236714975845,0.4,0.72,0.06132833544379311","0,0,0"
21.733333333333334,291,AV,2,0,0,44,9667.367812467324,0.6,-28.86761111111111,"0.30963986013986017,0.15474479166666666,0.19142729306487694,0.6,0.44,0.6552218145206393","0,0,0"
39.81666666666667,281,AV,0,0,0,50,7177.938863287724,0.1,-28.86761111111111,"0.40806640625,0.18700987654320989,0.22166029723991507,0.1,0.5,0.48649665738964504","0,0,0"
29.416666666666668,10,AV,1,0,0,66,583.3206434887895,0.6,-28.86761111111111,"0.7110906666666665,0.2843991228070176,0.3155349650349651,0.6,0.66,0.0395355196872896","0,0,0"
24.2,278,AV,1,0,0,55,7081.334819999852,0.1,-28.86761111111111,"0.5159934383202099,0.22503286384976523,0.2615275938189846,0.1,0.55,0.47994915886047146","0,0,0"
71.21666666666667,144,AV,0,0,0,71,2212.8825544422834,0.4,-28.86761111111111,"0.7519795321637427,0.3006145194274029,0.3314743589743589,0.4,0.71,0.1499817686436704","0,0,0"
31.75,83,AV,1,0,0,75,1269.7848662283686,0.1,-28.86761111111111,"0.7904408212560387,0.31235024154589364,0.34237847222222223,0.1,0.75,0.08606176575055302","0,0,0"
18.483333333333334,35,AV,1,0,0,48,818.0604611907775,0.7,-28.86761111111111,"0.3737946666666667,0.1769405684754522,0.21234939759036148,0.7,0.48,0.05544539839249279","0,0,0"
79.96666666666667,29,AV,0,0,0,80,783.6834518391023,0.1,-28.86761111111111,"0.8084569892473118,0.3164842995169081,0.34675527426160335,0.1,0.8,0.05311543982650658","0,0,0"
21.766666666666666,158,AV,1,0,0,52,2403.836358207942,0.7,-28.86761111111111,"0.45366176470588243,0.20224999999999999,0.23735964912280705,0.7,0.52,0.162923977962695","0,0,0"
31.683333333333334,65,AV,2,0,0,67,985.8695826897422,0.3,-28.86761111111111,"0.7240240112994349,0.2910675105485232,0.3215428240740741,0.3,0.67,0.06681893865852762","0,0,0"
33.25,8,AV,2,0,0,66,567.550811201735,0.2,-28.86761111111111,"0.7110906666666665,0.2843991228070176,0.3155349650349651,0.2,0.66,0.03846669326770467","0,0,0"
16.1,248,AV,1,0,0,42,4707.821121085941,0.3,-28.86761111111111,"0.2699800469483568,0.14112626262626266,0.17728196347031966,0.3,0.42,0.3190803491947873","0,0,0"
30.8,5,AV,2,0,0,61,513.7357984527049,0.2,-28.86761111111111,"0.6456397435897436,0.2606135265700484,0.29449122807017547,0.2,0.61,0.0348192919289041","0,0,0"
13.55,235,AV,2,0,0,28,4434.023444374438,0.9,-28.86761111111111,"0.07806018518518518,0.08778431372549018,0.12233333333333332,0.9,0.28,0.3005232596098551","0,0,0"
29.016666666666666,52,AV,2,0,0,57,921.9548251796884,0.3,-28.86761111111111,"0.5625869565217392,0.23928057553956833,0.27107342657342653,0.3,0.57,0.06248701044365442","0,0,0"
27.633333333333333,188,AV,0,0,0,40,2968.817229463249,0.9,-28.867611111111117,"0.23704133333333335,0.1329395061728395,0.16825104166666668,0.9,0.4,0.2012164893075048","0,0,0"
18.45,280,AV,1,0,0,47,7130.271245067938,0.5,-28.86761111111111,"0.3607492625368732,0.17209906759906762,0.20768495934959347,0.5,0.47,0.4832659058645436","0,0,0"
15.6,286,AV,1,0,0,41,8326.33528790118,0.7,-28.86761111111111,"0.2593017676767676,0.13853403755868546,0.17386073059360732,0.7,0.41,0.5643311210948385","0,0,0"
15.333333333333334,290,AV,0,0,0,34,8987.822610831106,0.1,-28.86761111111111,"0.1424575163398693,0.10910192837465564,0.1446244292237443,0.1,0.34,0.6091645165361078","0,0,0"
30.766666666666666,37,AV,1,0,0,72,832.4581618945489,0.1,-28.86761111111111,"0.7566155913978493,0.3025590717299578,0.3333236714975845,0.1,0.72,0.056421226328602164","0,0,0"
19.516666666666666,194,AV,2,0,0,44,3064.640983136323,0.1,-28.86761111111111,"0.30963986013986017,0.15474479166666666,0.19142729306487694,0.1,0.44,0.20771110241976062","0,0,0"
31.133333333333333,44,AV,2,0,0,64,871.0408974081768,0.2,-28.86761111111111,"0.6933929539295393,0.27973333333333333,0.3125487528344671,0.2,0.64,0.0590362349289584","0,0,0"
68.1,277,AV,0,0,0,68,7006.371100745904,0.3,-28.867611111111117,"0.7273081232492997,0.2938993506493507,0.3232823129251701,0.3,0.68,0.4748683690213341","0,0,0"
13.066666666666666,36,AV,2,0,0,31,825.4433072334436,0.5,-28.86761111111111,"0.0954595238095238,0.09250501253132831,0.12800000000000003,0.5,0.31,0.05594578297227094","0,0,0"
31.883333333333333,184,AV,2,0,0,64,2872.269398564857,0.4,-28.86761111111111,"0.6933929539295393,0.27973333333333333,0.3125487528344671,0.4,0.64,0.19467280066583606","0,0,0"
20.633333333333333,78,AV,0,0,0,37,1205.4292211271013,0.1,-28.86761111111111,"0.19029511677282376,0.12023205128205133,0.15630952380952384,0.1,0.37,0.0816999556512705","0,0,0"
67.86666666666666,162,AV,0,0,0,67,2486.38103050259,0.1,-28.86761111111111,"0.7240240112994349,0.2910675105485232,0.3215428240740741,0.1,0.67,0.16851857941048115","0,0,0"
24.266666666666666,239,AV,0,0,0,38,4559.760277629775,0.9,-28.86761111111111,"0.20566666666666666,0.12440898345153661,0.1595232843137255,0.9,0.38,0.3090452810779319","0,0,0"
13.416666666666666,69,AV,2,0,0,30,1059.8377785859489,0.3,-28.86761111111111,"0.08911666666666668,0.09174814814814815,0.12707586206896554,0.3,0.3,0.07183225525846373","0,0,0"
10.1,199,AV,0,0,0,28,3245.380745418587,0.3,-28.86761111111111,"0.07806018518518518,0.08778431372549018,0.12233333333333332,0.3,0.28,0.2199610382136476","0,0,0"
15.033333333333333,57,AV,1,0,0,40,946.1123250925148,0.1,-28.86761111111111,"0.23704133333333335,0.1329395061728395,0.16825104166666668,0.1,0.4,0.06412432488479437","0,0,0"
18.233333333333334,241,AV,1,0,0,46,4609.601315671212,0.9,-28.86761111111111,"0.3434742547425475,0.16656309523809523,0.20030467091295118,0.9,0.46,0.31242333971980824","0,0,0"
17.733333333333334,74,AV,1,0,0,46,1117.0806745336297,0.1,-28.86761111111111,"0.3434742547425475,0.16656309523809523,0.20030467091295118,0.1,0.46,0.07571198704056122","0,0,0"
24.55,12,AV,1,0,0,56,610.4868582393152,0.9,-28.86761111111111,"0.5473594527363184,0.23316044776119405,0.26714692982456134,0.9,0.56,0.04137675474400705","0,0,0"
8.883333333333333,166,AV,1,0,0,26,2553.8725848963804,0.1,-28.86761111111111,"0.07028961748633879,0.08430028735632183,0.11955742296918766,0.1,0.26,0.1730929309395176","0,0,0"
31.3,114,AV,1,0,0,72,1691.6338586686718,0.1,-28.86761111111111,"0.7566155913978493,0.3025590717299578,0.3333236714975845,0.1,0.72,0.11465327769488799","0,0,0"
34.75,41,AV,2,0,0,75,857.6590975250949,0.3,-28.86761111111111,"0.7904408212560387,0.31235024154589364,0.34237847222222223,0.3,0.75,0.05812926134824521","0,0,0"
46.766666666666666,9,AV,0,0,0,55,567.9518330451218,0.2,-28.86761111111111,"0.5159934383202099,0.22503286384976523,0.2615275938189846,0.2,0.55,0.03849387318523583","0,0,0"
66.11666666666666,206,AV,0,0,0,66,3323.1633986738134,0.1,-28.86761111111111,"0.7110906666666665,0.2843991228070176,0.3155349650349651,0.1,0.66,0.2252328859588418","0,0,0"
31.116666666666667,298,AV,0,0,0,42,14505.369879802229,0.3,-28.86761111111111,"0.2699800469483568,0.14112626262626266,0.17728196347031966,0.3,0.42,0.9831253922789719","0,0,0"
15.616666666666667,255,AV,1,0,0,40,5341.061461458292,0.2,-28.86761111111111,"0.23704133333333335,0.1329395061728395,0.16825104166666668,0.2,0.4,0.3619992587568457","0,0,0"
35.016666666666666,146,AV,2,0,0,74,2250.3510049999354,0.5,-28.867611111111117,"0.7816641604010023,0.31131323877068556,0.3413778538812786,0.5,0.74,0.15252125474142714","0,0,0"
66.45,160,AV,0,0,0,64,2446.4664131825853,0.1,-28.86761111111111,"0.6933929539295393,0.27973333333333333,0.3125487528344671,0.1,0.64,0.16581330032173242","0,0,0"
20.5,212,AV,2,0,0,48,3458.1247672483346,0.1,-28.86761111111111,"0.3737946666666667,0.1769405684754522,0.21234939759036148,0.1,0.48,0.23438011553808105","0,0,0"
6.75,39,AV,0,0,0,23,845.7864251007381,0.4,-28.86761111111111,"0.05994776119402985,0.08038480392156862,0.11690888888888891,0.4,0.23,0.057324571372648764","0,0,0"
5.033333333333333,63,AV,0,0,0,18,979.5720138781878,0.1,-28.86761111111111,"0.05181884057971016,0.07706666666666667,0.11003763440860215,0.1,0.18,0.06639211053490394","0,0,0"
23.333333333333332,31,AV,2,0,0,52,801.7987355487146,0.2,-28.86761111111111,"0.45366176470588243,0.20224999999999999,0.23735964912280705,0.2,0.52,0.054343233088645734","0,0,0"
26.85,186,AV,2,0,0,54,2946.490055333797,0.5,-28.86761111111111,"0.5073630490956073,0.22233223684210526,0.25682374100719424,0.5,0.54,0.19970322821824","0,0,0"
13.65,87,AV,0,0,0,33,1365.417472605012,0.2,-28.86761111111111,"0.12447826086956523,0.10190650406504063,0.1373228511530398,0.2,0.33,0.09254342353920501","0,0,0"
26.433333333333334,64,AV,1,0,0,59,981.8973671489576,0.1,-28.86761111111111,"0.6054411111111111,0.24884063260340636,0.2815827067669173,0.1,0.59,0.06654971519203827","0,0,0"
15.616666666666667,288,AV,2,0,0,34,8348.421721831439,0.4,-28.86761111111111,"0.1424575163398693,0.10910192837465564,0.1446244292237443,0.4,0.34,0.5658280656196357","0,0,0"
17.1,229,AV,1,0,0,45,4015.909421979459,0.3,-28.86761111111111,"0.3265138888888888,0.1602230215827338,0.19515324384787477,0.3,0.45,0.27218489142685726","0,0,0"
16.6,81,AV,1,0,0,43,1244.4027248274256,0.4,-28.86761111111111,"0.28322813238770683,0.1465132850241546,0.18140425531914894,0.4,0.43,0.08434144921064672","0,0,0"
32.88333333333333,121,AV,2,0,0,63,1822.2981036688468,0.2,-28.86761111111111,"0.6818293010752688,0.27453812636165575,0.30851165501165506,0.2,0.63,0.12350926262923316","0,0,0"
19.933333333333334,187,AV,2,0,0,44,2964.6777926145683,0.9,-28.86761111111111,"0.30963986013986017,0.15474479166666666,0.19142729306487694,0.9,0.44,0.20093593214078684","0,0,0"
26.766666666666666,131,AV,2,0,0,53,2022.4315636845977,0.2,-28.86761111111111,"0.48340441176470583,0.2158184931506849,0.24781159420289856,0.2,0.53,0.1370736383064162","0,0,0"
62.5,62,AV,0,0,0,62,975.0940381265832,0.6,-28.86761111111111,"0.6635338541666667,0.2691262254901961,0.30297115384615386,0.6,0.62,0.06608860833510537","0,0,0"
50.266666666666666,48,AV,0,0,0,56,892.1845339920479,0.4,-28.86761111111111,"0.5473594527363184,0.23316044776119405,0.26714692982456134,0.4,0.56,0.06046927980702571","0,0,0"
29.366666666666667,145,AV,1,0,0,60,2241.037238818388,0.1,-28.86761111111111,"0.6148690476190476,0.251231182795699,0.284300469483568,0.1,0.6,0.15188999886124593","0,0,0"
28.883333333333333,106,AV,1,0,0,61,1592.2311391495805,0.9,-28.86761111111111,"0.6456397435897436,0.2606135265700484,0.29449122807017547,0.9,0.61,0.10791609426346929","0,0,0"
16.233333333333334,201,AV,1,0,0,43,3252.767976975094,0.9,-28.86761111111111,"0.28322813238770683,0.1465132850241546,0.18140425531914894,0.9,0.43,0.22046172002886685","0,0,0"
26.066666666666666,108,AV,2,0,0,52,1597.8734280578535,0.2,-28.86761111111111,"0.45366176470588243,0.20224999999999999,0.23735964912280705,0.2,0.52,0.10829850970976695","0,0,0"
12.9,211,AV,1,0,0,36,3414.9419898187493,0.9,-28.86761111111111,"0.18022662601626016,0.11794910941475828,0.15234133333333333,0.9,0.36,0.2314533315021034","0,0,0"
10.1,93,AV,1,0,0,29,1447.5744631551047,0.4,-28.86761111111111,"0.08522857142857143,0.08998024691358024,0.12571954022988507,0.4,0.29,0.09811174921668307","0,0,0"
34.96666666666667,181,AV,2,0,0,71,2797.307504072895,0.4,-28.86761111111111,"0.7519795321637427,0.3006145194274029,0.3314743589743589,0.4,0.71,0.18959213450295503","0,0,0"
69.61666666666666,122,AV,0,0,0,70,1830.3424648913517,0.3,-28.86761111111111,"0.7434234234234235,0.29847420634920635,0.330224586288416,0.3,0.7,0.12405448249250056","0,0,0"
16.766666666666666,99,AV,2,0,0,38,1541.4014724042315,0.1,-28.86761111111111,"0.20566666666666666,0.12440898345153661,0.1595232843137255,0.1,0.38,0.1044710296789382","0,0,0"
26.266666666666666,104,AV,1,0,0,58,1572.8756307612184,0.9,-28.86761111111111,"0.5804673423423424,0.24340258215962443,0.2763679487179488,0.9,0.58,0.10660424272609045","0,0,0"
16.6,151,AV,1,0,0,43,2318.2944376966047,0.1,-28.867611111111117,"0.28322813238770683,0.1465132850241546,0.18140425531914894,0.1,0.43,0.15712623306850196","0,0,0"
18.233333333333334,223,AV,2,0,0,43,3793.837230001502,0.1,-28.86761111111111,"0.28322813238770683,0.1465132850241546,0.18140425531914894,0.1,0.43,0.2571335819696208","0,0,0"
20.983333333333334,233,AV,2,0,0,49,4164.701887555128,0.3,-28.86761111111111,"0.3912480916030534,0.18173015873015871,0.21634253578732107,0.3,0.49,0.2822695464407858","0,0,0"
24.65,289,AV,1,0,0,56,8987.033628468456,0.3,-28.86761111111111,"0.5473594527363184,0.23316044776119405,0.26714692982456134,0.3,0.56,0.6091110419538525","0,0,0"
31.816666666666666,220,AV,2,0,0,65,3654.013033637752,0.1,-28.86761111111111,"0.7046224747474747,0.28176077097505675,0.3133356973995272,0.1,0.65,0.24765676620833404","0,0,0"
23.216666666666665,25,AV,2,0,0,48,767.6170681366935,0.5,-28.86761111111111,"0.3737946666666667,0.1769405684754522,0.21234939759036148,0.5,0.48,0.0520265141451333","0,0,0"
31.016666666666666,14,AV,1,0,0,72,617.4453946714843,0.5,-28.86761111111111,"0.7566155913978493,0.3025590717299578,0.3333236714975845,0.5,0.72,0.04184838103938954","0,0,0"
50.3,84,AV,0,0,0,56,1293.252850487379,0.3,-28.86761111111111,"0.5473594527363184,0.23316044776119405,0.26714692982456134,0.3,0.56,0.08765234712985052","0,0,0"
31.116666666666667,196,AV,0,0,0,42,3206.59631480788,0.2,-28.86761111111111,"0.2699800469483568,0.14112626262626266,0.17728196347031966,0.2,0.42,0.21733235939508389","0,0,0"
43.2,176,AV,0,0,0,51,2753.3979495063454,0.9,-28.86761111111111,"0.4337015503875969,0.19420743405275775,0.23011074561403508,0.9,0.51,0.18661609194659504","0,0,0"
32.31666666666667,257,AV,1,0,0,80,5370.167679594476,0.4,-28.867611111111117,"0.8084569892473118,0.3164842995169081,0.34675527426160335,0.4,0.8,0.3639719807460131","0,0,0"
76.51666666666667,125,AV,0,0,0,76,1869.7531794209297,0.4,-28.86761111111111,"0.8018846153846154,0.3142053990610329,0.34307995495495497,0.4,0.76,0.12672560873767386","0,0,0"
16.166666666666668,24,AV,1,0,0,42,761.8437659652793,0.2,-28.86761111111111,"0.2699800469483568,0.14112626262626266,0.17728196347031966,0.2,0.42,0.05163521905862055","0,0,0"
14.716666666666667,276,AV,2,0,0,32,6709.13861087917,0.4,-28.86761111111111,"0.1141299019607843,0.09810416666666665,0.13408974358974357,0.4,0.32,0.45472294628342924","0,0,0"
55.63333333333333,6,AV,0,0,0,60,522.2875039790788,0.8,-28.86761111111111,"0.6148690476190476,0.251231182795699,0.284300469483568,0.8,0.6,0.0353988978900025","0,0,0"
17.383333333333333,258,AV,1,0,0,45,5386.149373461946,0.3,-28.86761111111111,"0.3265138888888888,0.1602230215827338,0.19515324384787477,0.3,0.45,0.3650551664339987","0,0,0"
18.383333333333333,4,AV,2,0,0,43,513.3463032142733,0.1,-28.86761111111111,"0.28322813238770683,0.1465132850241546,0.18140425531914894,0.1,0.43,0.034792893246054446","0,0,0"
24.383333333333333,219,AV,2,0,0,50,3628.2404526711953,0.3,-28.86761111111111,"0.40806640625,0.18700987654320989,0.22166029723991507,0.3,0.5,0.24590998698224423","0,0,0"
28.766666666666666,236,AV,1,0,0,62,4459.768546990965,0.4,-28.86761111111111,"0.6635338541666667,0.2691262254901961,0.30297115384615386,0.4,0.62,0.30226817644540427","0,0,0"
27.6,228,AV,0,0,0,40,3898.759045987068,0.9,-28.86761111111111,"0.23704133333333335,0.1329395061728395,0.16825104166666668,0.9,0.4,0.2642448312762009","0,0,0"
32.93333333333333,102,AV,2,0,0,68,1564.487892525026,0.5,-28.86761111111111,"0.7273081232492997,0.2938993506493507,0.3232823129251701,0.5,0.68,0.10603574991879759","0,0,0"
17.783333333333335,92,AV,2,0,0,39,1444.5182772575097,0.4,-28.86761111111111,"0.22133090024330893,0.12766169154228857,0.16347539149888146,0.4,0.39,0.0979046111716454","0,0,0"
15.933333333333334,32,AV,2,0,0,32,802.5586880039084,0.1,-28.86761111111111,"0.1141299019607843,0.09810416666666665,0.13408974358974357,0.1,0.32,0.054394740120994226","0,0,0"
33.18333333333333,180,AV,2,0,0,66,2793.3389947689566,0.4,-28.86761111111111,"0.7110906666666665,0.2843991228070176,0.3155349650349651,0.4,0.66,0.189323162232787","0,0,0"
16.983333333333334,204,AV,0,0,0,34,3301.717979419838,0.4,-28.86761111111111,"0.1424575163398693,0.10910192837465564,0.1446244292237443,0.4,0.34,0.22377938726205854","0,0,0"
72.93333333333334,264,AV,0,0,0,72,5590.116807812239,0.3,-28.86761111111111,"0.7566155913978493,0.3025590717299578,0.3333236714975845,0.3,0.72,0.37887939605167886","0,0,0"
80.0,3,AV,0,0,0,79,506.5869000089976,0.4,-28.86761111111111,"0.808724,0.316117149758454,0.3460169851380042,0.4,0.79,0.03433476353389787","0,0,0"
22.083333333333332,61,AV,1,0,0,52,968.7072844723906,0.2,-28.86761111111111,"0.45366176470588243,0.20224999999999999,0.23735964912280705,0.2,0.52,0.06565573556152582","0,0,0"
13.3,156,AV,2,0,0,24,2397.5381966938494,0.4,-28.86761111111111,"0.06308847736625516,0.08138008130081299,0.1171797752808989,0.4,0.24,0.16249710966767825","0,0,0"
30.266666666666666,202,AV,1,0,0,70,3257.3450634265246,0.9,-28.86761111111111,"0.7434234234234235,0.29847420634920635,0.330224586288416,0.9,0.7,0.22077193961998004","0,0,0"
24.85,139,AV,1,0,0,57,2139.4702648744856,0.6,-28.86761111111111,"0.5625869565217392,0.23928057553956833,0.27107342657342653,0.6,0.57,0.1450061295129554","0,0,0"
22.583333333333332,147,AV,2,0,0,43,2260.56382504795,0.1,-28.86761111111111,"0.28322813238770683,0.1465132850241546,0.18140425531914894,0.1,0.43,0.1532134454817653","0,0,0"
13.133333333333333,225,AV,1,0,0,37,3863.855435177377,0.4,-28.86761111111111,"0.19029511677282376,0.12023205128205133,0.15630952380952384,0.4,0.37,0.2618791814269674","0,0,0"
36.55,21,AV,0,0,0,49,736.5379020629116,0.9,-28.86761111111111,"0.3912480916030534,0.18173015873015871,0.21634253578732107,0.9,0.49,0.04992007235211597","0,0,0"
32.416666666666664,1,AV,1,0,0,94,388.2787303527966,0.4,-28.86761111111111,"0.8342064676616916,0.3207592592592593,0.35220774647887326,0.4,0.94,0.026316232006134744","0,0,0"
16.2,30,AV,2,0,0,34,793.0252767736928,0.9,-28.86761111111111,"0.1424575163398693,0.10910192837465564,0.1446244292237443,0.9,0.34,0.05374859743500087","0,0,0"
31.566666666666666,208,AV,1,0,0,72,3366.895459871004,0.9,-28.86761111111111,"0.7566155913978493,0.3025590717299578,0.3333236714975845,0.9,0.72,0.22819689860904815","0,0,0"
26.366666666666667,19,AV,1,0,0,60,676.2529471816457,0.3,-28.86761111111111,"0.6148690476190476,0.251231182795699,0.284300469483568,0.3,0.6,0.04583416000329052","0,0,0"
41.733333333333334,34,AV,0,0,0,50,807.7368269013535,0.4,-28.86761111111111,"0.40806640625,0.18700987654320989,0.22166029723991507,0.4,0.5,0.05474569703398645","0,0,0"
25.133333333333333,249,AV,1,0,0,58,4717.175795221327,0.3,-28.86761111111111,"0.5804673423423424,0.24340258215962443,0.2763679487179488,0.3,0.58,0.3197143776790798","0,0,0"
10.633333333333333,132,AV,2,0,0,22,2033.019749384408,0.6,-28.86761111111111,"0.05482196969696969,0.07845578231292517,0.11394444444444445,0.6,0.22,0.1377912700735415","0,0,0"
20.433333333333334,20,AV,1,0,0,51,699.2977112166509,0.3,-28.86761111111111,"0.4337015503875969,0.19420743405275775,0.23011074561403508,0.3,0.51,0.047396056933160444","0,0,0"
32.21666666666667,85,AV,1,0,0,88,1294.2551843223837,0.1,-28.86761111111111,"0.8269266666666666,0.3195757575757575,0.35006798245614035,0.1,0.88,0.08772028196039253","0,0,0"
24.2,38,AV,0,0,0,39,837.3801312568858,0.1,-28.86761111111111,"0.22133090024330893,0.12766169154228857,0.16347539149888146,0.1,0.39,0.05675482092841105","0,0,0"
6.783333333333333,154,AV,0,0,0,22,2344.9936519099742,0.1,-28.86761111111111,"0.05482196969696969,0.07845578231292517,0.11394444444444445,0.1,0.22,0.15893581639278578","0,0,0"
21.383333333333333,268,AV,2,0,0,46,5849.7981009167725,0.4,-28.86761111111111,"0.3434742547425475,0.16656309523809523,0.20030467091295118,0.4,0.46,0.39647972443119794","0,0,0"
30.9,90,AV,2,0,0,63,1421.705549214182,0.1,-28.86761111111111,"0.6818293010752688,0.27453812636165575,0.30851165501165506,0.1,0.63,0.09635844086420778","0,0,0"
30.516666666666666,152,AV,2,0,0,61,2326.172138461347,0.3,-28.86761111111111,"0.6456397435897436,0.2606135265700484,0.29449122807017547,0.3,0.61,0.15766015724408453","0,0,0"
15.3,75,AV,2,0,0,31,1150.2916000513435,0.4,-28.867611111111117,"0.0954595238095238,0.09250501253132831,0.12800000000000003,0.4,0.31,0.07796291234947138","0,0,0"
24.566666666666666,96,AV,2,0,0,51,1485.5718097438446,0.5,-28.86761111111111,"0.4337015503875969,0.19420743405275775,0.23011074561403508,0.5,0.51,0.10068708211616541","0,0,0"
28.816666666666666,169,AV,2,0,0,58,2580.565825479665,0.3,-28.867611111111117,"0.5804673423423424,0.24340258215962443,0.2763679487179488,0.3,0.58,0.17490210939115985","0,0,0"
26.8,68,AV,2,0,0,52,1020.5842314575186,0.6,-28.867611111111117,"0.45366176470588243,0.20224999999999999,0.23735964912280705,0.6,0.52,0.06917178129338997","0,0,0"
15.25,110,AV,0,0,0,33,1628.9397076974285,0.1,-28.86761111111111,"0.12447826086956523,0.10190650406504063,0.1373228511530398,0.1,0.33,0.11040407810343013","0,0,0"
62.666666666666664,250,AV,0,0,0,62,4889.272753955773,0.5,-28.86761111111111,"0.6635338541666667,0.2691262254901961,0.30297115384615386,0.5,0.62,0.3313785331930602","0,0,0"
20.85,77,AV,2,0,0,46,1174.3503864217532,0.1,-28.86761111111111,"0.3434742547425475,0.16656309523809523,0.20030467091295118,0.1,0.46,0.07959353631729588","0,0,0"
52.05,293,AV,0,0,0,56,10213.823531357188,0.5,-28.86761111111111,"0.5473594527363184,0.23316044776119405,0.26714692982456134,0.5,0.56,0.6922587530784591","0,0,0"
14.633333333333333,98,AV,2,0,0,30,1528.3774584247917,0.1,-28.86761111111111,"0.08911666666666668,0.09174814814814815,0.12707586206896554,0.1,0.3,0.10358830562855652","0,0,0"
13.1,261,AV,1,0,0,39,5480.041794665195,0.8,-28.86761111111111,"0.22133090024330893,0.12766169154228857,0.16347539149888146,0.8,0.39,0.37141888029944103","0,0,0"
64.2,295,AV,0,0,0,62,10708.821866752483,0.1,-28.86761111111111,"0.6635338541666667,0.2691262254901961,0.30297115384615386,0.1,0.62,0.7258080825126958","0,0,0"
10.633333333333333,23,AV,2,0,0,16,753.5670156580491,0.7,-28.86761111111111,"0.050277777777777775,0.07478124999999998,0.10814705882352943,0.7,0.16,0.05107424864145654","0,0,0"
30.316666666666666,55,AV,1,0,0,68,932.0432837729122,0.3,-28.86761111111111,"0.7273081232492997,0.2938993506493507,0.3232823129251701,0.3,0.68,0.0631707723810707","0,0,0"
22.1,198,AV,1,0,0,51,3227.056348793521,0.5,-28.86761111111111,"0.4337015503875969,0.19420743405275775,0.23011074561403508,0.5,0.51,0.21871907197841367","0,0,0"
10.933333333333334,136,AV,1,0,0,35,2088.64210540395,0.8,-28.86761111111111,"0.16094966442953018,0.11391975308641976,0.14980269607843136,0.8,0.35,0.14156116708646335","0,0,0"
36.233333333333334,285,AV,2,0,0,66,8028.27043643778,0.4,-28.86761111111111,"0.7110906666666665,0.2843991228070176,0.3155349650349651,0.4,0.66,0.5441292836754728","0,0,0"
52.06666666666667,259,AV,0,0,0,57,5427.330032863625,0.2,-28.86761111111111,"0.5625869565217392,0.23928057553956833,0.27107342657342653,0.2,0.57,0.36784625361509543","0,0,0"
10.7,133,AV,1,0,0,31,2043.1688306873104,0.2,-28.86761111111111,"0.0954595238095238,0.09250501253132831,0.12800000000000003,0.2,0.31,0.13847914081519566","0,0,0"
31.0,185,AV,1,0,0,68,2909.8477340427667,0.3,-28.86761111111111,"0.7273081232492997,0.2938993506493507,0.3232823129251701,0.3,0.68,0.1972197343954856","0,0,0"
23.8,266,AV,2,0,0,50,5721.231751015957,0.1,-28.86761111111111,"0.40806640625,0.18700987654320989,0.22166029723991507,0.1,0.5,0.38776592780088154","0,0,0"
46.81666666666667,159,AV,0,0,0,55,2421.832203454489,0.2,-28.86761111111111,"0.5159934383202099,0.22503286384976523,0.2615275938189846,0.2,0.55,0.16414367608580446","0,0,0"
21.883333333333333,2,AV,2,0,0,47,491.8679742725259,0.1,-28.86761111111111,"0.3607492625368732,0.17209906759906762,0.20768495934959347,0.1,0.47,0.03333716404084784","0,0,0"
27.433333333333334,112,AV,2,0,0,57,1659.6531244520008,0.4,-28.867611111111117,"0.5625869565217392,0.23928057553956833,0.27107342657342653,0.4,0.57,0.1124857306324781","0,0,0"
32.68333333333333,189,AV,2,0,0,65,2969.8754393798326,0.1,-28.86761111111111,"0.7046224747474747,0.28176077097505675,0.3133356973995272,0.1,0.65,0.2012882112317284","0,0,0"
22.233333333333334,267,AV,2,0,0,48,5807.233742044462,0.1,-28.86761111111111,"0.3737946666666667,0.1769405684754522,0.21234939759036148,0.1,0.48,0.39359485473396183","0,0,0"
32.61666666666667,210,AV,1,0,0,97,3382.383844415393,0.2,-28.86761111111111,"0.8453621553884713,0.3217850877192982,0.3533543209876543,0.2,0.97,0.2292466494431977","0,0,0"
24.1,153,AV,1,0,0,54,2337.3116255789537,0.1,-28.86761111111111,"0.5073630490956073,0.22233223684210526,0.25682374100719424,0.1,0.54,0.15841515437501139","0,0,0"
22.216666666666665,244,AV,1,0,0,52,4656.548587392589,0.3,-28.86761111111111,"0.45366176470588243,0.20224999999999999,0.23735964912280705,0.3,0.52,0.31560526857167254","0,0,0"
18.916666666666668,40,AV,0,0,0,36,854.5785374972068,0.3,-28.86761111111111,"0.18022662601626016,0.11794910941475828,0.15234133333333333,0.3,0.36,0.057920471306284714","0,0,0"
9.766666666666667,217,AV,1,0,0,28,3558.5090095449787,0.5,-28.86761111111111,"0.07806018518518518,0.08778431372549018,0.12233333333333332,0.5,0.28,0.24118382329626345","0,0,0"
19.416666666666668,207,AV,1,0,0,49,3361.758609282253,0.3,-28.86761111111111,"0.3912480916030534,0.18173015873015871,0.21634253578732107,0.3,0.49,0.22784874007934558","0,0,0"
7.033333333333333,113,AV,1,0,0,14,1661.9571573900298,0.5,-28.86761111111111,"0.05194444444444444,0.07566666666666666,0.11308333333333331,0.5,0.14,0.11264189026886058","0,0,0"
22.366666666666667,26,AV,0,0,0,37,776.0711537761008,0.6,-28.86761111111111,"0.19029511677282376,0.12023205128205133,0.15630952380952384,0.6,0.37,0.05259950375722002","0,0,0"
18.783333333333335,292,AV,1,0,0,47,9667.56212442905,0.4,-28.86761111111111,"0.3607492625368732,0.17209906759906762,0.20768495934959347,0.4,0.47,0.6552349843346585","0,0,0"
36.416666666666664,13,AV,2,0,0,83,615.3970356119416,0.2,-28.86761111111111,"0.8233783068783067,0.31875059101654846,0.34886056644880176,0.2,0.83,0.04170955012224449","0,0,0"
11.65,70,AV,2,0,0,23,1062.4074567339185,0.2,-28.86761111111111,"0.05994776119402985,0.08038480392156862,0.11690888888888891,0.2,0.23,0.07200641943753587","0,0,0"
14.383333333333333,246,AV,2,0,0,31,4689.4303597647895,0.2,-28.86761111111111,"0.0954595238095238,0.09250501253132831,0.12800000000000003,0.2,0.31,0.31783388498270665","0,0,0"
10.85,134,AV,1,0,0,32,2044.1603053436156,0.1,-28.86761111111111,"0.1141299019607843,0.09810416666666665,0.13408974358974357,0.1,0.32,0.13854633964697255","0,0,0"
17.066666666666666,297,AV,1,0,0,44,13748.957190518822,0.9,-28.86761111111111,"0.30963986013986017,0.15474479166666666,0.19142729306487694,0.9,0.44,0.9318582734092888","0,0,0"
13.433333333333334,245,AV,2,0,0,20,4662.282088415262,0.9,-28.86761111111111,"0.051438888888888895,0.07738235294117649,0.11147154471544712,0.9,0.2,0.31599386606961677","0,0,0"
34.78333333333333,22,AV,2,0,0,80,742.4887258523852,0.1,-28.86761111111111,"0.8084569892473118,0.3164842995169081,0.34675527426160335,0.1,0.8,0.05032339925938467","0,0,0"
22.016666666666666,182,AV,1,0,0,50,2815.231094880572,0.2,-28.86761111111111,"0.40806640625,0.18700987654320989,0.22166029723991507,0.2,0.5,0.19080693546217645","0,0,0"
57.3,50,AV,0,0,0,60,905.8209551718018,0.2,-28.86761111111111,"0.6148690476190476,0.251231182795699,0.284300469483568,0.2,0.6,0.061393510766506044","0,0,0"
27.466666666666665,174,AV,2,0,0,52,2744.8905386527767,0.5,-28.86761111111111,"0.45366176470588243,0.20224999999999999,0.23735964912280705,0.5,0.52,0.18603948813007745","0,0,0"
11.65,42,AV,1,0,0,34,859.2772315809713,0.5,-28.86761111111111,"0.1424575163398693,0.10910192837465564,0.1446244292237443,0.5,0.34,0.058238933055456105","0,0,0"
57.4,240,AV,0,0,0,60,4572.8741748457805,0.5,-28.86761111111111,"0.6148690476190476,0.251231182795699,0.284300469483568,0.5,0.6,0.30993409711307096","0,0,0"
26.55,73,AV,1,0,0,60,1111.987968807459,0.8,-28.86761111111111,"0.6148690476190476,0.251231182795699,0.284300469483568,0.8,0.6,0.07536682050180411","0,0,0"
74.9,265,AV,0,0,0,73,5654.280440205098,0.1,-28.86761111111111,"0.7755160493827161,0.30908680555555557,0.33759929078014184,0.1,0.73,0.3832281921726319","0,0,0"
15.083333333333334,79,AV,1,0,0,40,1234.5997004771,0.4,-28.86761111111111,"0.23704133333333335,0.1329395061728395,0.16825104166666668,0.4,0.4,0.08367703305030089","0,0,0"
9.083333333333334,190,AV,1,0,0,27,2991.769966736588,0.9,-28.86761111111111,"0.07383211678832116,0.08494961240310078,0.11949122807017547,0.9,0.27,0.20277214897166462","0,0,0"
15.616666666666667,33,AV,1,0,0,42,806.3598325453933,0.3,-28.86761111111111,"0.2699800469483568,0.14112626262626266,0.17728196347031966,0.3,0.42,0.054652368968064156","0,0,0"
22.416666666666668,282,AV,0,0,0,37,7334.728577480919,0.4,-28.86761111111111,"0.19029511677282376,0.12023205128205133,0.15630952380952384,0.4,0.37,0.49712333913225454","0,0,0"
38.4,279,AV,0,0,0,49,7099.697064525982,0.9,-28.867611111111117,"0.3912480916030534,0.18173015873015871,0.21634253578732107,0.9,0.49,0.48119369029968767","0,0,0"
23.7,45,AV,1,0,0,54,873.8892656114449,0.1,-28.86761111111111,"0.5073630490956073,0.22233223684210526,0.25682374100719424,0.1,0.54,0.059229287786651624","0,0,0"
12.083333333333334,18,AV,1,0,0,35,670.158540600369,0.3,-28.86761111111111,"0.16094966442953018,0.11391975308641976,0.14980269607843136,0.3,0.35,0.0454211015352491","0,0,0"
31.85,120,AV,2,0,0,60,1794.439334206041,0.1,-28.86761111111111,"0.6148690476190476,0.251231182795699,0.284300469483568,0.1,0.6,0.1216210885334683","0,0,0"
18.883333333333333,179,AV,1,0,0,48,2780.081336731352,0.1,-28.86761111111111,"0.3737946666666667,0.1769405684754522,0.21234939759036148,0.1,0.48,0.1884246025706119","0,0,0"
24.433333333333334,294,AV,1,0,0,55,10450.70686878338,0.2,-28.86761111111111,"0.5159934383202099,0.22503286384976523,0.2615275938189846,0.2,0.55,0.7083139123719671","0,0,0"
34.53333333333333,124,AV,0,0,0,46,1836.592480640456,0.4,-28.86761111111111,"0.3434742547425475,0.16656309523809523,0.20030467091295118,0.4,0.46,0.12447808762880555","0,0,0"
26.583333333333332,123,AV,2,0,0,51,1832.3133019091129,0.5,-28.86761111111111,"0.4337015503875969,0.19420743405275775,0.23011074561403508,0.5,0.51,0.12418805922527332","0,0,0"
28.55,86,AV,2,0,0,57,1348.5865378412918,0.5,-28.86761111111111,"0.5625869565217392,0.23928057553956833,0.27107342657342653,0.5,0.57,0.09140267914736122","0,0,0"
16.633333333333333,53,AV,1,0,0,44,923.9636394510808,0.4,-28.86761111111111,"0.30963986013986017,0.15474479166666666,0.19142729306487694,0.4,0.44,0.06262316114749329","0,0,0"
59.11666666666667,137,AV,0,0,0,61,2105.159940183184,0.3,-28.86761111111111,"0.6456397435897436,0.2606135265700484,0.29449122807017547,0.3,0.61,0.14268069060992383","0,0,0"
8.766666666666667,127,AV,1,0,0,24,1996.532829496936,0.4,-28.867611111111117,"0.06308847736625516,0.08138008130081299,0.1171797752808989,0.4,0.24,0.13531830883748433","0,0,0"
48.81666666666667,118,AV,0,0,0,55,1751.9448432672848,0.1,-28.86761111111111,"0.5159934383202099,0.22503286384976523,0.2615275938189846,0.1,0.55,0.11874095425078225","0,0,0"
19.033333333333335,111,AV,1,0,0,48,1635.9686818612918,0.5,-28.867611111111117,"0.3737946666666667,0.1769405684754522,0.21234939759036148,0.5,0.48,0.11088047843237239","0,0,0"
23.233333333333334,205,AV,2,0,0,47,3313.1900178081896,0.2,-28.867611111111117,"0.3607492625368732,0.17209906759906762,0.20768495934959347,0.2,0.47,0.2245569236044094","0,0,0"
34.95,173,AV,2,0,0,75,2675.3892374750885,0.2,-28.867611111111117,"0.7904408212560387,0.31235024154589364,0.34237847222222223,0.2,0.75,0.18132892269462747","0,0,0"
12.216666666666667,183,AV,2,0,0,17,2850.5966631146844,0.2,-28.86761111111111,"0.050979166666666666,0.07456349206349205,0.1076923076923077,0.2,0.17,0.19320389523855167","0,0,0"
20.616666666666667,296,AV,0,0,0,36,13079.31179296209,0.1,-28.86761111111111,"0.18022662601626016,0.11794910941475828,0.15234133333333333,0.1,0.36,0.8864719509910323","0,0,0"
8.383333333333333,148,AV,0,0,0,25,2283.7291705859197,0.6,-28.86761111111111,"0.06805208333333333,0.08289499999999998,0.11807928802588996,0.6,0.25,0.15478351502208126","0,0,0"
12.783333333333333,67,AV,1,0,0,34,1011.0784796502788,0.1,-28.86761111111111,"0.1424575163398693,0.10910192837465564,0.1446244292237443,0.1,0.34,0.0685275132704551","0,0,0"
81.45,192,AV,0,0,0,94,3046.5766145774583,0.9,-28.86761111111111,"0.8342064676616916,0.3207592592592593,0.35220774647887326,0.9,0.94,0.2064867600160254","0,0,0"
25.816666666666666,60,AV,2,0,0,53,961.7772661313056,0.3,-28.86761111111111,"0.48340441176470583,0.2158184931506849,0.24781159420289856,0.3,0.53,0.06518604212685054","0,0,0"
25.9,16,AV,2,0,0,53,646.5589615252754,0.3,-28.86761111111111,"0.48340441176470583,0.2158184931506849,0.24781159420289856,0.3,0.53,0.04382160110002571","0,0,0"
16.583333333333332,17,AV,2,0,0,38,649.7132696839626,0.1,-28.86761111111111,"0.20566666666666666,0.12440898345153661,0.1595232843137255,0.1,0.38,0.04403538954331085","0,0,0"
32.9,251,AV,0,0,0,42,4924.983441788647,0.2,-28.86761111111111,"0.2699800469483568,0.14112626262626266,0.17728196347031966,0.2,0.42,0.3337988840200413","0,0,0"
29.383333333333333,138,AV,0,0,0,41,2123.4400354784907,0.4,-28.86761111111111,"0.2593017676767676,0.13853403755868546,0.17386073059360732,0.4,0.41,0.14391965424939088","0,0,0"
29.083333333333332,47,AV,1,0,0,64,881.2906222289953,0.1,-28.86761111111111,"0.6933929539295393,0.27973333333333333,0.3125487528344671,0.1,0.64,0.059730926951203904","0,0,0"
53.86666666666667,161,AV,0,0,0,58,2472.005569054355,0.1,-28.86761111111111,"0.5804673423423424,0.24340258215962443,0.2763679487179488,0.1,0.58,0.16754425877663323","0,0,0"
30.533333333333335,115,AV,2,0,0,63,1716.9764066453156,0.1,-28.86761111111111,"0.6818293010752688,0.27453812636165575,0.30851165501165506,0.1,0.63,0.11637091072509281","0,0,0"
22.283333333333335,273,AV,1,0,0,52,6130.868263041086,0.1,-28.86761111111111,"0.45366176470588243,0.20224999999999999,0.23735964912280705,0.1,0.52,0.4155297187220121","0,0,0"
9.966666666666667,193,AV,1,0,0,31,3048.604611013583,0.1,-28.86761111111111,"0.0954595238095238,0.09250501253132831,0.12800000000000003,0.1,0.31,0.20662421082274918","0,0,0"
71.23333333333333,58,AV,0,0,0,70,948.3478854920526,0.1,-28.86761111111111,"0.7434234234234235,0.29847420634920635,0.330224586288416,0.1,0.7,0.064275843681831","0,0,0"
22.616666666666667,168,AV,1,0,0,52,2574.4307659940623,0.1,-28.86761111111111,"0.45366176470588243,0.20224999999999999,0.23735964912280705,0.1,0.52,0.17448629560540893","0,0,0"
9.416666666666666,221,AV,1,0,0,26,3752.1132597063192,0.1,-28.86761111111111,"0.07028961748633879,0.08430028735632183,0.11955742296918766,0.1,0.26,0.25430567099569895","0,0,0"
35.3,213,AV,2,0,0,82,3480.90175047103,0.3,-28.86761111111111,"0.8195767195767195,0.3179830917874396,0.34832585470085475,0.3,0.82,0.23592386318128486","0,0,0"
19.65,135,AV,2,0,0,43,2078.9202215407213,0.2,-28.86761111111111,"0.28322813238770683,0.1465132850241546,0.18140425531914894,0.2,0.43,0.1409022503565952","0,0,0"
26.783333333333335,7,AV,2,0,0,55,541.9839687696077,0.4,-28.86761111111111,"0.5159934383202099,0.22503286384976523,0.2615275938189846,0.4,0.55,0.03673385831046451","0,0,0"
5.2,167,AV,0,0,0,5,2561.5826276178027,0.2,-28.86761111111111,"0.0,0.0,0.0,0.2,0.05,0.17361549181440716","0,0,0"
17.766666666666666,116,AV,1,0,0,45,1717.0377309640771,0.2,-28.86761111111111,"0.3265138888888888,0.1602230215827338,0.19515324384787477,0.2,0.45,0.11637506708204463","0,0,0"
17.3,254,AV,0,0,0,35,5009.92015912814,0.1,-28.86761111111111,"0.16094966442953018,0.11391975308641976,0.14980269607843136,0.1,0.35,0.33955561027005926","0,0,0"
18.783333333333335,27,AV,0,0,0,35,777.0630287344238,0.1,-28.86761111111111,"0.16094966442953018,0.11391975308641976,0.14980269607843136,0.1,0.35,0.0526667297201271","0,0,0"
53.81666666666667,89,AV,0,0,0,58,1411.5824788559885,0.9,-28.86761111111111,"0.5804673423423424,0.24340258215962443,0.2763679487179488,0.9,0.58,0.09567233305727592","0,0,0"
18.483333333333334,214,AV,2,0,0,44,3487.44186130441,0.3,-28.867611111111117,"0.30963986013986017,0.15474479166666666,0.19142729306487694,0.3,0.44,0.2363671299908798","0,0,0"
38.016666666666666,191,AV,0,0,0,49,3017.17067826153,0.4,-28.86761111111111,"0.3912480916030534,0.18173015873015871,0.21634253578732107,0.4,0.49,0.20449372413238467","0,0,0"
14.0,11,AV,2,0,0,33,595.9176043698985,0.4,-28.86761111111111,"0.12447826086956523,0.10190650406504063,0.1373228511530398,0.4,0.33,0.04038929950885813","0,0,0"
60.81666666666667,242,AV,0,0,0,61,4617.971391102537,0.5,-28.86761111111111,"0.6456397435897436,0.2606135265700484,0.29449122807017547,0.5,0.61,0.31299063540133953","0,0,0"
13.183333333333334,126,AV,1,0,0,37,1963.0347272178835,0.2,-28.86761111111111,"0.19029511677282376,0.12023205128205133,0.15630952380952384,0.2,0.37,0.13304791964943946","0,0,0"
14.883333333333333,253,AV,2,0,0,35,4967.653125719208,0.2,-28.86761111111111,"0.16094966442953018,0.11391975308641976,0.14980269607843136,0.2,0.35,0.33669089229699434","0,0,0"
32.85,0,AV,0,0,0,45,381.3218977270381,0.1,-28.86761111111111,"0.3265138888888888,0.1602230215827338,0.19515324384787477,0.1,0.45,0.025844721189044764","0,0,0"
25.066666666666666,175,AV,1,0,0,57,2750.2432356670683,0.3,-28.86761111111111,"0.5625869565217392,0.23928057553956833,0.27107342657342653,0.3,0.57,0.18640227600763812","0,0,0"
26.0,262,AV,0,0,0,39,5502.789496653042,0.3,-28.86761111111111,"0.22133090024330893,0.12766169154228857,0.16347539149888146,0.3,0.39,0.372960643358609","0,0,0"
25.966666666666665,97,AV,0,0,0,39,1496.328062426438,0.1,-28.86761111111111,"0.22133090024330893,0.12766169154228857,0.16347539149888146,0.1,0.39,0.10141610490053102","0,0,0"
28.683333333333334,71,AV,2,0,0,59,1083.524948441525,0.9,-28.86761111111111,"0.6054411111111111,0.24884063260340636,0.2815827067669173,0.9,0.59,0.0734376923034486","0,0,0"
23.916666666666668,46,AV,2,0,0,52,877.2934597877683,0.4,-28.86761111111111,"0.45366176470588243,0.20224999999999999,0.23735964912280705,0.4,0.52,0.0594600126673492","0,0,0"
44.96666666666667,56,AV,0,0,0,52,934.0011274976006,0.2,-28.86761111111111,"0.45366176470588243,0.20224999999999999,0.23735964912280705,0.2,0.52,0.06330346847195324","0,0,0"
8.866666666666667,103,AV,1,0,0,24,1567.0706205360798,0.3,-28.86761111111111,"0.06308847736625516,0.08138008130081299,0.1171797752808989,0.3,0.24,0.10621079857388585","0,0,0"
48.71666666666667,130,AV,0,0,0,55,2015.5588757501516,0.3,-28.86761111111111,"0.5159934383202099,0.22503286384976523,0.2615275938189846,0.3,0.55,0.1366078305347046","0,0,0"
28.266666666666666,91,AV,2,0,0,60,1434.2863071033526,0.4,-28.86761111111111,"0.6148690476190476,0.251231182795699,0.284300469483568,0.4,0.6,0.09721112250124621","0,0,0"
25.433333333333334,95,AV,1,0,0,58,1474.807688008607,0.1,-28.86761111111111,"0.5804673423423424,0.24340258215962443,0.2763679487179488,0.1,0.58,0.09995752599376488","0,0,0"
81.58333333333333,269,AV,0,0,0,81,5899.132481879994,0.2,-28.86761111111111,"0.8158743169398908,0.3175449172576833,0.3482505307855627,0.2,0.81,0.3998234435530966","0,0,0"
29.066666666666666,165,AV,1,0,0,62,2538.843693606908,0.9,-28.867611111111117,"0.6635338541666667,0.2691262254901961,0.30297115384615386,0.9,0.62,0.17207432301935321","0,0,0"
22.783333333333335,155,AV,1,0,0,52,2360.1328348572283,0.1,-28.86761111111111,"0.45366176470588243,0.20224999999999999,0.23735964912280705,0.1,0.52,0.15996189951215023","0,0,0"
15.066666666666666,234,AV,1,0,0,38,4416.224882412617,0.1,-28.86761111111111,"0.20566666666666666,0.12440898345153661,0.1595232843137255,0.1,0.38,0.29931693268708687","0,0,0"
17.016666666666666,100,AV,1,0,0,43,1546.5147326922538,0.5,-28.86761111111111,"0.28322813238770683,0.1465132850241546,0.18140425531914894,0.5,0.43,0.10481758933706083","0,0,0"
15.2,142,AV,1,0,0,40,2187.718469250836,0.1,-28.86761111111111,"0.23704133333333335,0.1329395061728395,0.16825104166666668,0.1,0.4,0.14827623122337813","0,0,0"
20.933333333333334,256,AV,2,0,0,45,5354.15698790508,0.1,-28.86761111111111,"0.3265138888888888,0.1602230215827338,0.19515324384787477,0.1,0.45,0.36288682968277053","0,0,0"
74.76666666666667,226,AV,0,0,0,72,3866.930621896856,0.2,-28.86761111111111,"0.7566155913978493,0.3025590717299578,0.3333236714975845,0.2,0.72,0.26208760728407904","0,0,0"
60.916666666666664,117,AV,0,0,0,61,1723.69240549938,0.9,-28.86761111111111,"0.6456397435897436,0.2606135265700484,0.29449122807017547,0.9,0.61,0.11682609863568452","0,0,0"
27.916666666666668,222,AV,2,0,0,57,3773.692032315799,0.4,-28.86761111111111,"0.5625869565217392,0.23928057553956833,0.27107342657342653,0.4,0.57,0.25576820793632077","0,0,0"
26.8,299,AV,2,0,0,55,14754.343640924068,0.3,-28.86761111111111,"0.5159934383202099,0.22503286384976523,0.2615275938189846,0.3,0.55,1.0","0,0,0"
10.05,200,AV,2,0,0,20,3251.3322332141274,0.9,-28.86761111111111,"0.051438888888888895,0.07738235294117649,0.11147154471544712,0.9,0.2,0.22036441012502375","0,0,0"
14.9,287,AV,1,0,0,39,8331.964781214912,0.6,-28.86761111111111,"0.22133090024330893,0.12766169154228857,0.16347539149888146,0.6,0.39,0.5647126692985903","0,0,0"
36.36666666666667,28,AV,0,0,0,46,779.0639592631991,0.1,-28.867611111111117,"0.3434742547425475,0.16656309523809523,0.20030467091295118,0.1,0.46,0.05280234609029386","0,0,0"
78.23333333333333,237,AV,0,0,0,76,4505.18942297478,0.1,-28.867611111111117,"0.8018846153846154,0.3142053990610329,0.34307995495495497,0.1,0.76,0.30534665130604344","0,0,0"
23.9,238,AV,1,0,0,54,4549.115907877681,0.3,-28.86761111111111,"0.5073630490956073,0.22233223684210526,0.25682374100719424,0.3,0.54,0.30832384134390195","0,0,0"
9.816666666666666,66,AV,1,0,0,27,1005.9867386644172,0.7,-28.86761111111111,"0.07383211678832116,0.08494961240310078,0.11949122807017547,0.7,0.27,0.06818241211856524","0,0,0"
12.583333333333334,82,AV,1,0,0,35,1260.3927948639828,0.9,-28.86761111111111,"0.16094966442953018,0.11391975308641976,0.14980269607843136,0.9,0.35,0.08542520260732141","0,0,0"
31.933333333333334,283,AV,2,0,0,63,7511.51421120444,0.3,-28.86761111111111,"0.6818293010752688,0.27453812636165575,0.30851165501165506,0.3,0.63,0.509105277334722","0,0,0"
31.133333333333333,218,AV,1,0,0,72,3623.60917519969,0.6,-28.86761111111111,"0.7566155913978493,0.3025590717299578,0.3333236714975845,0.6,0.72,0.24559609450527498","0,0,0"
