travel_time,id,kind,action,origin,destination,start_time,income,urgency,reward,observation,cost_table
28.966666666666665,122,AV,2,0,0,61,1832.3133019091129,0.1,-0.3896666666666666,"0.2515333333333334,0.31440447154471546,0.2841742919389978,0.1,0.61,0.0962325552547376","0,0,0"
26.316666666666666,247,AV,2,0,0,53,5304.212874057136,0.1,-0.36316666666666664,"0.21413425925925927,0.2656705426356589,0.2516823671497585,0.1,0.53,0.2785756987922106","0,0,0"
16.5,58,AV,1,0,0,40,1020.7360413649084,0.1,-0.265,"0.12114814814814816,0.15274464831804285,0.16918951612903224,0.1,0.4,0.053608756427629224","0,0,0"
27.666666666666668,260,AV,2,0,0,56,5985.732437913218,0.2,-0.4766666666666667,"0.2367761904761905,0.28485140562248995,0.26597065727699526,0.2,0.56,0.31436890567316916","0,0,0"
30.15,160,AV,2,0,0,63,2756.9260540590044,0.2,-0.5015000000000001,"0.2666825396825397,0.33318859649122806,0.29211349693251526,0.2,0.63,0.14479294482773922","0,0,0"
30.666666666666668,264,AV,2,0,0,66,6081.635477498837,0.6,-0.9066666666666667,"0.284820987654321,0.34076862745098035,0.30967567567567567,0.6,0.66,0.31940570508209365","0,0,0"
14.2,186,AV,1,0,0,37,3251.3322332141274,0.3,-0.44199999999999995,"0.106179012345679,0.13189775910364143,0.1515336257309941,0.3,0.37,0.17075901182308162","0,0,0"
12.2,142,AV,1,0,0,33,2361.523720441912,0.2,-0.322,"0.07828095238095237,0.10351302083333333,0.1317079037800687,0.2,0.33,0.12402653065718573","0,0,0"
15.7,141,AV,1,0,0,39,2360.1328348572283,0.2,-0.357,"0.11966071428571427,0.1444888888888889,0.16092519685039366,0.2,0.39,0.12395348175570059","0,0,0"
6.516666666666667,298,AV,0,0,0,31,17693.100214811147,0.4,-0.48212242887666457,"0.0666,0.09444403892944038,0.12607312925170067,0.4,0.31,0.9292364151236616","0,0,0"
33.583333333333336,98,AV,2,0,0,66,1538.317647081207,0.8,-1.1358333333333335,"0.284820987654321,0.34076862745098035,0.30967567567567567,0.8,0.66,0.08079199000402343","0,0,0"
24.783333333333335,147,AV,1,0,0,60,2456.6540037696086,0.3,-0.5478333333333334,"0.24370987654320989,0.3050886075949368,0.2800876623376623,0.3,0.6,0.12902274513491346","0,0,0"
31.45,125,AV,2,0,0,67,2011.9739719035176,0.7,-1.0145,"0.2913466666666666,0.349125,0.31508158508158507,0.7,0.67,0.10566828075775386","0,0,0"
16.833333333333332,99,AV,2,0,0,39,1541.4014724042315,0.7,-0.8683333333333333,"0.11966071428571427,0.1444888888888889,0.16092519685039366,0.7,0.39,0.08095395160223084","0,0,0"
28.7,132,AV,1,0,0,68,2108.868816674547,0.2,-0.487,"0.29858695652173906,0.3570985663082437,0.3186747685185185,0.2,0.68,0.1107571694830674","0,0,0"
7.783333333333333,271,AV,1,0,0,12,7177.938863287724,0.6,-0.6778333333333333,"0.051500000000000004,0.0774,0.11586666666666666,0.6,0.12,0.3769832361947931","0,0,0"
8.483333333333333,103,AV,1,0,0,18,1564.487892525026,0.2,-0.2848333333333333,"0.05084999999999999,0.08104924242424243,0.11572972972972971,0.2,0.18,0.08216644359123385","0,0,0"
11.933333333333334,20,AV,1,0,0,32,597.1498506777683,0.1,-0.21933333333333332,"0.07296666666666667,0.09847619047619047,0.12896219931271477,0.1,0.32,0.03136213437998447","0,0,0"
34.983333333333334,32,AV,2,0,0,80,761.8437659652793,0.9,-1.2498333333333334,"0.32897530864197533,0.3889761904761905,0.34395413870246083,0.9,0.8,0.04001181033142316","0,0,0"
29.416666666666668,4,AV,1,0,0,72,457.16351791608827,0.1,-0.39416666666666667,"0.3074202898550724,0.38291555555555556,0.33128806584362147,0.1,0.72,0.02401009338985435","0,0,0"
24.483333333333334,151,AV,2,0,0,49,2574.4307659940623,0.3,-0.5448333333333333,"0.194632183908046,0.22924035087719297,0.22439583333333332,0.3,0.49,0.13520834601805928","0,0,0"
25.783333333333335,144,AV,2,0,0,53,2417.357356239525,0.6,-0.8578333333333333,"0.21413425925925927,0.2656705426356589,0.2516823671497585,0.6,0.53,0.12695889677403294","0,0,0"
7.95,234,AV,1,0,0,16,4662.282088415262,0.2,-0.2795,"0.051500000000000004,0.07808333333333334,0.1149814814814815,0.2,0.16,0.24486168288967095","0,0,0"
30.366666666666667,14,AV,2,0,0,64,567.550811201735,0.4,-0.7036666666666667,"0.27348809523809525,0.33758783783783786,0.29827848101265825,0.4,0.64,0.0298076015395053","0,0,0"
30.3,22,AV,1,0,0,72,627.4062491148882,0.1,-0.403,"0.3074202898550724,0.38291555555555556,0.33128806584362147,0.1,0.72,0.03295119151959908","0,0,0"
16.983333333333334,57,AV,0,0,0,50,1005.9867386644172,0.1,-0.5680480000577579,"0.19298850574712645,0.23641843971631205,0.2315523114355231,0.1,0.5,0.052834127391418545","0,0,0"
20.633333333333333,124,AV,2,0,0,43,1927.298426803608,0.1,-0.30633333333333335,"0.15421794871794872,0.1853085106382979,0.1914309523809524,0.1,0.43,0.10122114605428258","0,0,0"
33.1,162,AV,1,0,0,85,2780.081336731352,0.6,-0.931,"0.33384408602150545,0.39718125,0.3527326621923937,0.6,0.85,0.14600905345767937","0,0,0"
18.4,42,AV,0,0,0,51,863.3540159882258,0.2,-0.7314820229527852,"0.19855172413793107,0.2448496376811595,0.23987050359712236,0.2,0.51,0.0453430987819722","0,0,0"
16.6,50,AV,1,0,0,40,914.1934345695068,0.2,-0.366,"0.12114814814814816,0.15274464831804285,0.16918951612903224,0.2,0.4,0.048013170080720285","0,0,0"
24.183333333333334,91,AV,2,0,0,52,1474.807688008607,0.1,-0.3418333333333333,"0.2029040404040404,0.25982170542635663,0.24625177304964538,0.1,0.52,0.07745646564838392","0,0,0"
27.183333333333334,137,AV,1,0,0,64,2239.194506681481,0.6,-0.8718333333333332,"0.27348809523809525,0.33758783783783786,0.29827848101265825,0.6,0.64,0.11760183635943447","0,0,0"
17.033333333333335,217,AV,1,0,0,41,4164.701887555128,0.2,-0.37033333333333335,"0.13217283950617284,0.16726666666666667,0.1785238095238095,0.2,0.41,0.21872891720868953","0,0,0"
21.85,279,AV,1,0,0,47,8333.728817076937,0.1,-0.3185,"0.18138505747126438,0.2201631205673759,0.21645742092457426,0.1,0.47,0.4376849843483456","0,0,0"
21.1,277,AV,2,0,0,46,7958.958807233507,0.4,-0.611,"0.17593888888888892,0.21231615120274913,0.21217543859649124,0.4,0.46,0.4180021737490339","0,0,0"
35.31666666666667,207,AV,2,0,0,94,3849.958431883558,0.1,-0.4531666666666667,"0.3338277777777778,0.40195884773662555,0.3611868008948546,0.1,0.94,0.20219868356500897","0,0,0"
27.616666666666667,120,AV,1,0,0,66,1823.811293294481,0.1,-0.37616666666666665,"0.284820987654321,0.34076862745098035,0.30967567567567567,0.1,0.66,0.09578603226495669","0,0,0"
30.233333333333334,200,AV,2,0,0,66,3520.054626539052,0.8,-1.1023333333333334,"0.284820987654321,0.34076862745098035,0.30967567567567567,0.8,0.66,0.18487223281912113","0,0,0"
28.9,203,AV,0,0,0,79,3667.3634505223554,0.6,-0.9708026367027435,"0.3268277777777778,0.38725720164609057,0.3429697986577181,0.6,0.79,0.19260884889275526","0,0,0"
30.233333333333334,291,AV,2,0,0,63,11861.36896338871,0.1,-0.4023333333333333,"0.2666825396825397,0.33318859649122806,0.29211349693251526,0.1,0.63,0.622955606433049","0,0,0"
31.283333333333335,77,AV,2,0,0,61,1265.4739572733297,0.6,-0.9128333333333334,"0.2515333333333334,0.31440447154471546,0.2841742919389978,0.6,0.61,0.0664623197298481","0,0,0"
11.266666666666667,44,AV,1,0,0,32,870.7377108213431,0.4,-0.5126666666666667,"0.07296666666666667,0.09847619047619047,0.12896219931271477,0.4,0.32,0.045730888261135916","0,0,0"
17.883333333333333,71,AV,2,0,0,37,1167.011530479414,0.4,-0.5788333333333333,"0.106179012345679,0.13189775910364143,0.1515336257309941,0.4,0.37,0.061291102058127545","0,0,0"
31.616666666666667,267,AV,2,0,0,70,6254.49597505133,0.2,-0.5161666666666667,"0.29810416666666667,0.3706746987951807,0.3249836601307189,0.2,0.7,0.3284842875301661","0,0,0"
11.583333333333334,129,AV,1,0,0,32,2044.1603053436156,0.2,-0.31583333333333335,"0.07296666666666667,0.09847619047619047,0.12896219931271477,0.2,0.32,0.10735869751562734","0,0,0"
26.316666666666666,135,AV,1,0,0,64,2147.781038516846,0.6,-0.8631666666666666,"0.27348809523809525,0.33758783783783786,0.29827848101265825,0.6,0.64,0.1128008279199854","0,0,0"
31.233333333333334,128,AV,2,0,0,67,2035.9911412414244,0.2,-0.5123333333333333,"0.2913466666666666,0.349125,0.31508158508158507,0.2,0.67,0.10692965542166336","0,0,0"
13.716666666666667,228,AV,0,0,0,40,4549.070920567666,0.1,-0.3031141986437157,"0.12114814814814816,0.15274464831804285,0.16918951612903224,0.1,0.4,0.2389158656792649","0,0,0"
33.7,78,AV,2,0,0,75,1282.6858023855964,0.4,-0.7370000000000001,"0.31749305555555557,0.38837061403508777,0.3380697916666666,0.4,0.75,0.06736628076864885","0,0,0"
23.95,116,AV,2,0,0,51,1703.2333497257905,0.2,-0.4395,"0.19855172413793107,0.2448496376811595,0.23987050359712236,0.2,0.51,0.08945331416217002","0,0,0"
18.75,249,AV,2,0,0,42,5386.149373461946,0.3,-0.4875,"0.1411875,0.17298529411764707,0.1838370646766169,0.3,0.42,0.28287897962204345","0,0,0"
35.75,45,AV,2,0,0,74,873.8892656114449,0.1,-0.4575,"0.313,0.38563852813852817,0.33450733752620543,0.1,0.74,0.045896406991017324","0,0,0"
27.85,112,AV,2,0,0,60,1635.9686818612918,0.2,-0.47850000000000004,"0.24370987654320989,0.3050886075949368,0.2800876623376623,0.2,0.6,0.08592059360601972","0,0,0"
32.016666666666666,47,AV,2,0,0,66,892.1845339920479,0.3,-0.6201666666666666,"0.284820987654321,0.34076862745098035,0.30967567567567567,0.3,0.66,0.046857269100953565","0,0,0"
15.45,208,AV,1,0,0,38,3863.855435177377,0.8,-0.9545,"0.11428395061728396,0.1402079646017699,0.15756805555555553,0.8,0.38,0.2029285500872649","0,0,0"
12.65,262,AV,1,0,0,33,6020.57275324985,0.4,-0.5265,"0.07828095238095237,0.10351302083333333,0.1317079037800687,0.4,0.33,0.3161987087790199","0,0,0"
33.13333333333333,190,AV,2,0,0,69,3323.1633986738134,0.1,-0.43133333333333335,"0.2973958333333333,0.3637417582417582,0.3203241379310344,0.1,0.69,0.17453156348873247","0,0,0"
19.133333333333333,101,AV,1,0,0,43,1552.9853059451273,0.1,-0.29133333333333333,"0.15421794871794872,0.1853085106382979,0.1914309523809524,0.1,0.43,0.08156233112997016","0,0,0"
27.3,89,AV,2,0,0,60,1447.5744631551047,0.2,-0.47300000000000003,"0.24370987654320989,0.3050886075949368,0.2800876623376623,0.2,0.6,0.07602618469547658","0,0,0"
20.783333333333335,179,AV,1,0,0,45,3065.2253709468137,0.3,-0.5078333333333334,"0.16954761904761906,0.20589273927392743,0.20517684478371506,0.3,0.45,0.16098473419939963","0,0,0"
25.833333333333332,243,AV,2,0,0,53,5009.92015912814,0.1,-0.3583333333333333,"0.21413425925925927,0.2656705426356589,0.2516823671497585,0.1,0.53,0.2631195320324301","0,0,0"
12.95,240,AV,1,0,0,34,4967.653125719208,0.2,-0.3295,"0.08470085470085469,0.11106775067750677,0.1374982993197279,0.2,0.34,0.26089967987955814","0,0,0"
27.2,268,AV,2,0,0,53,6563.608435155774,0.6,-0.872,"0.21413425925925927,0.2656705426356589,0.2516823671497585,0.6,0.53,0.34471878294420655","0,0,0"
8.933333333333334,297,AV,1,0,0,26,15387.119225735782,0.2,-0.28933333333333333,"0.05694202898550725,0.08570724637681158,0.11917469879518075,0.2,0.26,0.8081269723682344","0,0,0"
10.833333333333334,59,AV,1,0,0,31,1022.032321197676,0.2,-0.30833333333333335,"0.0666,0.09444403892944038,0.12607312925170067,0.2,0.31,0.053676836662871985","0,0,0"
28.983333333333334,145,AV,1,0,0,68,2421.0391237858234,0.1,-0.38983333333333337,"0.29858695652173906,0.3570985663082437,0.3186747685185185,0.1,0.68,0.12715226212179587","0,0,0"
26.183333333333334,215,AV,2,0,0,50,4090.160813256426,0.4,-0.6618333333333334,"0.19298850574712645,0.23641843971631205,0.2315523114355231,0.4,0.5,0.21481404192850495","0,0,0"
26.35,118,AV,2,0,0,54,1799.695682844959,0.3,-0.5635,"0.22424074074074074,0.27652742616033754,0.2566459770114943,0.3,0.54,0.09451948750284238","0,0,0"
19.483333333333334,193,AV,1,0,0,43,3387.2787239910285,0.1,-0.29483333333333334,"0.15421794871794872,0.1853085106382979,0.1914309523809524,0.1,0.43,0.17789888150134298","0,0,0"
22.616666666666667,28,AV,1,0,0,54,679.8949342204361,0.1,-0.3261666666666667,"0.22424074074074074,0.27652742616033754,0.2566459770114943,0.1,0.54,0.03570788181072196","0,0,0"
30.7,159,AV,2,0,0,61,2744.8905386527767,0.1,-0.40700000000000003,"0.2515333333333334,0.31440447154471546,0.2841742919389978,0.1,0.61,0.14416084310139018","0,0,0"
22.366666666666667,293,AV,1,0,0,48,13351.937436366714,0.2,-0.4236666666666667,"0.18927011494252877,0.22532258064516128,0.2208707729468599,0.2,0.48,0.7012398238686656","0,0,0"
23.533333333333335,105,AV,2,0,0,51,1587.6148581174584,0.1,-0.33533333333333337,"0.19855172413793107,0.2448496376811595,0.23987050359712236,0.1,0.51,0.08338106501647227","0,0,0"
13.133333333333333,24,AV,1,0,0,34,646.5589615252754,0.1,-0.23133333333333334,"0.08470085470085469,0.11106775067750677,0.1374982993197279,0.1,0.34,0.03395708633758153","0,0,0"
27.916666666666668,187,AV,1,0,0,66,3257.969850357721,0.9,-1.1791666666666667,"0.284820987654321,0.34076862745098035,0.30967567567567567,0.9,0.66,0.17110761752160772","0,0,0"
17.6,26,AV,1,0,0,41,670.158540600369,0.2,-0.376,"0.13217283950617284,0.16726666666666667,0.1785238095238095,0.2,0.41,0.03519652928381035","0,0,0"
28.15,154,AV,2,0,0,57,2645.062412614309,0.4,-0.6815,"0.2459193548387097,0.2928983739837398,0.27043537414965985,0.4,0.57,0.13891789930735432","0,0,0"
21.733333333333334,197,AV,2,0,0,45,3438.9188747307694,0.5,-0.7173333333333334,"0.16954761904761906,0.20589273927392743,0.20517684478371506,0.5,0.45,0.18061100701734908","0,0,0"
13.55,199,AV,0,0,0,40,3508.846318545673,0.1,-0.3209981873712675,"0.12114814814814816,0.15274464831804285,0.16918951612903224,0.1,0.4,0.18428357578259733","0,0,0"
27.133333333333333,172,AV,0,0,0,67,2965.4163440895786,0.1,-0.4724995660608001,"0.2913466666666666,0.349125,0.31508158508158507,0.1,0.67,0.15574279348874007","0,0,0"
32.416666666666664,284,AV,2,0,0,70,8987.822610831106,0.1,-0.4241666666666667,"0.29810416666666667,0.3706746987951807,0.3249836601307189,0.1,0.7,0.472037797856628","0,0,0"
10.583333333333334,239,AV,1,0,0,27,4934.883137056144,0.1,-0.20583333333333334,"0.05850641025641025,0.08633201058201058,0.1191842105263158,0.1,0.27,0.2591786097211798","0,0,0"
25.55,166,AV,0,0,0,65,2857.6088215719105,0.1,-0.46048287859951953,"0.27911827956989244,0.3405745614035087,0.3046710239651416,0.1,0.65,0.1500807741404395","0,0,0"
11.716666666666667,97,AV,1,0,0,31,1530.6528609905624,0.1,-0.21716666666666667,"0.0666,0.09444403892944038,0.12607312925170067,0.1,0.31,0.08038943769475668","0,0,0"
35.05,290,AV,2,0,0,81,11515.391842589095,0.1,-0.4505,"0.32987500000000003,0.3948849206349207,0.3466204954954955,0.1,0.81,0.6047849898908156","0,0,0"
30.666666666666668,275,AV,2,0,0,66,7864.29237148983,0.2,-0.5066666666666667,"0.284820987654321,0.34076862745098035,0.30967567567567567,0.2,0.66,0.41303032040988025","0,0,0"
27.283333333333335,2,AV,2,0,0,59,437.8567856598078,0.1,-0.37283333333333335,"0.24607526881720432,0.30221458333333334,0.27958724832214765,0.1,0.59,0.022996109494903022","0,0,0"
24.533333333333335,25,AV,1,0,0,58,649.7132696839626,0.3,-0.5453333333333333,"0.2463869047619048,0.2961531007751938,0.2751118721461187,0.3,0.58,0.034122749673570554","0,0,0"
27.75,108,AV,2,0,0,57,1592.6375082496468,0.9,-1.1775,"0.2459193548387097,0.2928983739837398,0.27043537414965985,0.9,0.57,0.08364485312294262","0,0,0"
33.7,73,AV,2,0,0,70,1239.4416864014672,0.2,-0.537,"0.29810416666666667,0.3706746987951807,0.3249836601307189,0.2,0.7,0.06509511252654251","0,0,0"
27.133333333333333,241,AV,0,0,0,70,4968.170350229253,0.6,-0.9317177362123845,"0.29810416666666667,0.3706746987951807,0.3249836601307189,0.6,0.7,0.260926844358575","0,0,0"
27.616666666666667,222,AV,2,0,0,50,4376.119511966378,0.6,-0.8761666666666666,"0.19298850574712645,0.23641843971631205,0.2315523114355231,0.6,0.5,0.22983250860967044","0,0,0"
22.533333333333335,29,AV,1,0,0,55,742.4887258523852,0.2,-0.42533333333333334,"0.2333125,0.282514403292181,0.261015873015873,0.2,0.55,0.03899528932206243","0,0,0"
27.95,255,AV,2,0,0,58,5825.994272151124,0.4,-0.6795,"0.2463869047619048,0.2961531007751938,0.2751118721461187,0.4,0.58,0.3059795042280261","0,0,0"
34.93333333333333,109,AV,2,0,0,86,1596.1763216794554,0.3,-0.6493333333333333,"0.3339137931034483,0.4004679487179488,0.35476906318082785,0.3,0.86,0.0838307105625876","0,0,0"
23.966666666666665,184,AV,1,0,0,57,3236.647802754315,0.2,-0.43966666666666665,"0.2459193548387097,0.2928983739837398,0.27043537414965985,0.2,0.57,0.16998778985785554","0,0,0"
27.95,272,AV,2,0,0,55,7572.106998522375,0.4,-0.6795,"0.2333125,0.282514403292181,0.261015873015873,0.4,0.55,0.3976848306296006","0,0,0"
34.2,287,AV,2,0,0,77,9280.176126726552,0.9,-1.242,"0.32279444444444444,0.3905641025641027,0.3421622807017543,0.9,0.77,0.48739211845399105","0,0,0"
17.483333333333334,258,AV,1,0,0,42,5911.733280178027,0.1,-0.2748333333333334,"0.1411875,0.17298529411764707,0.1838370646766169,0.1,0.42,0.3104824916913811","0,0,0"
27.883333333333333,119,AV,2,0,0,61,1822.2981036688468,0.3,-0.5788333333333333,"0.2515333333333334,0.31440447154471546,0.2841742919389978,0.3,0.61,0.09570655999124235","0,0,0"
22.15,100,AV,2,0,0,46,1546.5147326922538,0.1,-0.3215,"0.17593888888888892,0.21231615120274913,0.21217543859649124,0.1,0.46,0.08122249852741349","0,0,0"
14.566666666666666,52,AV,1,0,0,36,959.5289757906356,0.1,-0.24566666666666667,"0.10051851851851851,0.12605464480874315,0.14794444444444443,0.1,0.36,0.05039417936063988","0,0,0"
24.866666666666667,80,AV,2,0,0,52,1294.2551843223837,0.2,-0.44866666666666666,"0.2029040404040404,0.25982170542635663,0.24625177304964538,0.2,0.52,0.06797390130239438","0,0,0"
12.866666666666667,140,AV,1,0,0,34,2347.541384251396,0.2,-0.32866666666666666,"0.08470085470085469,0.11106775067750677,0.1374982993197279,0.2,0.34,0.12329218247631395","0,0,0"
19.5,253,AV,2,0,0,44,5670.319740923212,0.5,-0.6950000000000001,"0.16216666666666668,0.19562807017543857,0.19545,0.5,0.44,0.29780352367244284","0,0,0"
15.983333333333333,283,AV,2,0,0,36,8975.220492497892,0.6,-0.7598333333333334,"0.10051851851851851,0.12605464480874315,0.14794444444444443,0.6,0.36,0.47137593831133945","0,0,0"
22.033333333333335,127,AV,0,0,0,59,2030.86588445069,0.2,-0.5680535753724301,"0.24607526881720432,0.30221458333333334,0.27958724832214765,0.2,0.59,0.10666047844368956","0,0,0"
25.166666666666668,149,AV,2,0,0,52,2472.005569054355,0.2,-0.4516666666666667,"0.2029040404040404,0.25982170542635663,0.24625177304964538,0.2,0.52,0.12982900482476664","0,0,0"
27.45,41,AV,1,0,0,64,861.805442805673,0.2,-0.4745,"0.27348809523809525,0.33758783783783786,0.29827848101265825,0.2,0.64,0.04526176817426404","0,0,0"
12.75,130,AV,2,0,0,30,2052.607856914241,0.8,-0.9275,"0.059879999999999996,0.08925000000000001,0.12146391752577315,0.8,0.3,0.10780236043748707","0,0,0"
24.166666666666668,285,AV,1,0,0,57,9030.678864893336,0.1,-0.3416666666666667,"0.2459193548387097,0.2928983739837398,0.27043537414965985,0.1,0.57,0.47428859570476767","0,0,0"
32.233333333333334,178,AV,2,0,0,66,3046.5766145774583,0.3,-0.6223333333333334,"0.284820987654321,0.34076862745098035,0.30967567567567567,0.3,0.66,0.16000530700434717","0,0,0"
16.983333333333334,227,AV,1,0,0,40,4547.885280126284,0.4,-0.5698333333333334,"0.12114814814814816,0.15274464831804285,0.16918951612903224,0.4,0.4,0.2388535961922898","0,0,0"
8.483333333333333,237,AV,1,0,0,21,4843.3187157075145,0.8,-0.8848333333333334,"0.051755555555555575,0.08214062500000001,0.11687254901960786,0.8,0.21,0.2543696732649421","0,0,0"
20.2,280,AV,0,0,0,55,8348.421721831439,0.4,-0.637934935967057,"0.2333125,0.282514403292181,0.261015873015873,0.4,0.55,0.43845665138103423","0,0,0"
31.816666666666666,106,AV,2,0,0,65,1588.8002265047048,0.3,-0.6181666666666666,"0.27911827956989244,0.3405745614035087,0.3046710239651416,0.3,0.65,0.08344332021524425","0,0,0"
18.483333333333334,181,AV,2,0,0,41,3169.820795106812,0.1,-0.2848333333333334,"0.13217283950617284,0.16726666666666667,0.1785238095238095,0.1,0.41,0.16647805508747177","0,0,0"
33.733333333333334,218,AV,2,0,0,76,4196.147454418583,0.3,-0.6373333333333333,"0.32161666666666666,0.39230952380952383,0.3406808278867103,0.3,0.76,0.22038042912401049","0,0,0"
25.233333333333334,121,AV,0,0,0,63,1830.3424648913517,0.5,-0.9162370867316395,"0.2666825396825397,0.33318859649122806,0.29211349693251526,0.5,0.63,0.0961290474747023","0,0,0"
26.533333333333335,192,AV,2,0,0,54,3362.377553451843,0.3,-0.5653333333333334,"0.22424074074074074,0.27652742616033754,0.2566459770114943,0.3,0.54,0.17659107935455778","0,0,0"
35.016666666666666,133,AV,2,0,0,75,2123.4400354784907,0.2,-0.5501666666666667,"0.31749305555555557,0.38837061403508777,0.3380697916666666,0.2,0.75,0.11152244560545237","0,0,0"
27.716666666666665,82,AV,2,0,0,56,1348.5865378412918,0.9,-1.1771666666666667,"0.2367761904761905,0.28485140562248995,0.26597065727699526,0.9,0.56,0.07082736799617727","0,0,0"
30.416666666666668,171,AV,1,0,0,73,2964.6777926145683,0.6,-0.9041666666666667,"0.3115625,0.3828888888888889,0.3331624472573839,0.6,0.73,0.15570400498267326","0,0,0"
21.816666666666666,221,AV,2,0,0,47,4343.557359248321,0.3,-0.5181666666666667,"0.18138505747126438,0.2201631205673759,0.21645742092457426,0.3,0.47,0.22812235393394506","0,0,0"
16.2,92,AV,2,0,0,36,1475.2077210572677,0.5,-0.662,"0.10051851851851851,0.12605464480874315,0.14794444444444443,0.5,0.36,0.07747747526634545","0,0,0"
19.833333333333332,31,AV,1,0,0,43,743.7818724069466,0.1,-0.29833333333333334,"0.15421794871794872,0.1853085106382979,0.1914309523809524,0.1,0.43,0.039063204998456114","0,0,0"
26.066666666666666,161,AV,2,0,0,51,2761.3662775036096,0.8,-1.0606666666666666,"0.19855172413793107,0.2448496376811595,0.23987050359712236,0.8,0.51,0.14502614405602138","0,0,0"
11.7,164,AV,0,0,0,39,2835.850686157305,0.2,-0.42278836236491435,"0.11966071428571427,0.1444888888888889,0.16092519685039366,0.2,0.39,0.14893804327321036","0,0,0"
22.433333333333334,8,AV,1,0,0,49,497.26542980048754,0.1,-0.32433333333333336,"0.194632183908046,0.22924035087719297,0.22439583333333332,0.1,0.49,0.026116233997585142","0,0,0"
15.9,167,AV,1,0,0,39,2891.134206742707,0.3,-0.45899999999999996,"0.11966071428571427,0.1444888888888889,0.16092519685039366,0.3,0.39,0.1518415175010447","0,0,0"
29.05,180,AV,0,0,0,75,3119.7161673652217,0.2,-0.5866625942572099,"0.31749305555555557,0.38837061403508777,0.3380697916666666,0.2,0.75,0.1638465747873305","0,0,0"
22.45,261,AV,2,0,0,48,6007.794801579103,0.2,-0.4245,"0.18927011494252877,0.22532258064516128,0.2208707729468599,0.2,0.48,0.31552761451860256","0,0,0"
24.483333333333334,176,AV,1,0,0,57,3031.4508351358254,0.2,-0.44483333333333336,"0.2459193548387097,0.2928983739837398,0.27043537414965985,0.2,0.57,0.15921090552051181","0,0,0"
13.183333333333334,74,AV,1,0,0,34,1240.6560786390864,0.4,-0.5318333333333334,"0.08470085470085469,0.11106775067750677,0.1374982993197279,0.4,0.34,0.06515889204939258","0,0,0"
24.983333333333334,256,AV,2,0,0,51,5844.130995646287,0.2,-0.44983333333333336,"0.19855172413793107,0.2448496376811595,0.23987050359712236,0.2,0.51,0.30693203960724846","0,0,0"
34.75,170,AV,2,0,0,88,2942.323800284961,0.5,-0.8474999999999999,"0.3355344827586207,0.4023528138528139,0.3566753246753246,0.5,0.88,0.15452997988566525","0,0,0"
12.816666666666666,183,AV,1,0,0,33,3227.056348793521,0.2,-0.32816666666666666,"0.07828095238095237,0.10351302083333333,0.1317079037800687,0.2,0.33,0.1694840495191844","0,0,0"
27.516666666666666,250,AV,2,0,0,54,5480.041794665195,0.6,-0.8751666666666666,"0.22424074074074074,0.27652742616033754,0.2566459770114943,0.6,0.54,0.2878101819453735","0,0,0"
34.18333333333333,62,AV,2,0,0,75,1046.6558973464134,0.4,-0.7418333333333333,"0.31749305555555557,0.38837061403508777,0.3380697916666666,0.4,0.75,0.054970059633983805","0,0,0"
18.283333333333335,281,AV,1,0,0,42,8436.938288223368,0.2,-0.38283333333333336,"0.1411875,0.17298529411764707,0.1838370646766169,0.2,0.42,0.4431055153921156","0,0,0"
28.916666666666668,266,AV,2,0,0,53,6248.181898567973,0.9,-1.1891666666666667,"0.21413425925925927,0.2656705426356589,0.2516823671497585,0.9,0.53,0.3281526740918779","0,0,0"
8.3,69,AV,0,0,0,35,1141.5133047894662,0.1,-0.44580902617716767,"0.08984234234234234,0.11858469945355193,0.14247029702970299,0.1,0.35,0.059951942750574055","0,0,0"
14.616666666666667,70,AV,2,0,0,36,1150.2916000513435,0.7,-0.8461666666666666,"0.10051851851851851,0.12605464480874315,0.14794444444444443,0.7,0.36,0.0604129762337403","0,0,0"
16.8,35,AV,1,0,0,40,777.0630287344238,0.3,-0.46799999999999997,"0.12114814814814816,0.15274464831804285,0.16918951612903224,0.3,0.4,0.04081112153210161","0,0,0"
13.466666666666667,220,AV,1,0,0,35,4304.4895651906745,0.1,-0.23466666666666666,"0.08984234234234234,0.11858469945355193,0.14247029702970299,0.1,0.35,0.22607052489007143","0,0,0"
11.533333333333333,134,AV,0,0,0,38,2131.3254046090938,0.2,-0.45609081661168943,"0.11428395061728396,0.1402079646017699,0.15756805555555553,0.2,0.38,0.11193658287104669","0,0,0"
19.483333333333334,7,AV,1,0,0,43,491.8679742725259,0.6,-0.7948333333333333,"0.15421794871794872,0.1853085106382979,0.1914309523809524,0.6,0.43,0.025832761222056865","0,0,0"
28.15,94,AV,2,0,0,60,1496.328062426438,0.7,-0.9814999999999999,"0.24370987654320989,0.3050886075949368,0.2800876623376623,0.7,0.6,0.07858670937805001","0,0,0"
18.116666666666667,254,AV,1,0,0,42,5721.231751015957,0.1,-0.2811666666666667,"0.1411875,0.17298529411764707,0.1838370646766169,0.1,0.42,0.30047740745600493","0,0,0"
25.266666666666666,19,AV,1,0,0,61,595.9176043698985,0.1,-0.3526666666666667,"0.2515333333333334,0.31440447154471546,0.2841742919389978,0.1,0.61,0.03129741716662037","0,0,0"
9.816666666666666,276,AV,1,0,0,25,7897.119961473183,0.2,-0.2981666666666667,"0.05607142857142858,0.08441414141414143,0.11836222222222222,0.2,0.25,0.4147544157726446","0,0,0"
31.8,67,AV,2,0,0,58,1122.7546975855585,0.3,-0.618,"0.2463869047619048,0.2961531007751938,0.2751118721461187,0.3,0.58,0.05896674622202671","0,0,0"
28.616666666666667,295,AV,2,0,0,61,13460.811009378149,0.3,-0.5861666666666667,"0.2515333333333334,0.31440447154471546,0.2841742919389978,0.3,0.61,0.7069578318750951","0,0,0"
8.233333333333333,152,AV,1,0,0,18,2612.3907844155665,0.9,-0.9823333333333334,"0.05084999999999999,0.08104924242424243,0.11572972972972971,0.9,0.18,0.13720199501160868","0,0,0"
22.433333333333334,9,AV,2,0,0,46,506.5869000089976,0.2,-0.42433333333333334,"0.17593888888888892,0.21231615120274913,0.21217543859649124,0.2,0.46,0.02660579486905904","0,0,0"
13.866666666666667,219,AV,1,0,0,35,4227.85786318916,0.1,-0.23866666666666667,"0.08984234234234234,0.11858469945355193,0.14247029702970299,0.1,0.35,0.22204585045833433","0,0,0"
36.43333333333333,30,AV,2,0,0,82,743.7553910389753,0.9,-1.2643333333333333,"0.32987500000000003,0.39539558232931726,0.34748545861297536,0.9,0.82,0.03906181420480535","0,0,0"
28.816666666666666,292,AV,2,0,0,62,12197.400506638176,0.2,-0.4881666666666667,"0.26169444444444445,0.3264479166666668,0.29057371794871795,0.2,0.62,0.6406038841699384","0,0,0"
29.85,163,AV,2,0,0,61,2797.307504072895,0.6,-0.8985,"0.2515333333333334,0.31440447154471546,0.2841742919389978,0.6,0.61,0.1469137666957458","0,0,0"
14.816666666666666,296,AV,2,0,0,35,14312.770160915026,0.8,-0.9481666666666667,"0.08984234234234234,0.11858469945355193,0.14247029702970299,0.8,0.35,0.7517024757302859","0,0,0"
20.483333333333334,39,AV,1,0,0,44,857.6590975250949,0.2,-0.4048333333333334,"0.16216666666666668,0.19562807017543857,0.19545,0.2,0.44,0.04504400334065031","0,0,0"
31.983333333333334,185,AV,2,0,0,63,3245.380745418587,0.3,-0.6198333333333333,"0.2666825396825397,0.33318859649122806,0.29211349693251526,0.3,0.63,0.1704464414359456","0,0,0"
16.483333333333334,38,AV,1,0,0,40,837.3801312568858,0.1,-0.26483333333333337,"0.12114814814814816,0.15274464831804285,0.16918951612903224,0.1,0.4,0.04397895800158024","0,0,0"
34.55,150,AV,2,0,0,77,2533.2754137277425,0.1,-0.4455,"0.32279444444444444,0.3905641025641027,0.3421622807017543,0.1,0.77,0.13304687903156176","0,0,0"
15.666666666666666,53,AV,0,0,0,41,969.457736312404,0.3,-0.7661180112308263,"0.13217283950617284,0.16726666666666667,0.1785238095238095,0.3,0.41,0.050915634940603534","0,0,0"
8.3,177,AV,0,0,0,33,3032.1279287666234,0.9,-1.0819404164493913,"0.07828095238095237,0.10351302083333333,0.1317079037800687,0.9,0.33,0.15924646627869138","0,0,0"
21.35,43,AV,1,0,0,45,863.5619359671642,0.4,-0.6135,"0.16954761904761906,0.20589273927392743,0.20517684478371506,0.4,0.45,0.04535401867806252","0,0,0"
34.4,11,AV,2,0,0,80,539.5213747330826,0.2,-0.544,"0.32897530864197533,0.3889761904761905,0.34395413870246083,0.2,0.8,0.028335503786943907","0,0,0"
21.366666666666667,76,AV,2,0,0,44,1261.43865123121,0.3,-0.5136666666666667,"0.16216666666666668,0.19562807017543857,0.19545,0.3,0.44,0.06625038664435261","0,0,0"
22.0,54,AV,2,0,0,47,978.4447105201264,0.5,-0.72,"0.18138505747126438,0.2201631205673759,0.21645742092457426,0.5,0.47,0.051387628180578626","0,0,0"
13.6,242,AV,1,0,0,34,5004.1281918097375,0.1,-0.23600000000000002,"0.08470085470085469,0.11106775067750677,0.1374982993197279,0.1,0.34,0.2628153396137967","0,0,0"
17.7,143,AV,1,0,0,42,2398.572127464108,0.2,-0.377,"0.1411875,0.17298529411764707,0.1838370646766169,0.2,0.42,0.12597230208838628","0,0,0"
24.533333333333335,123,AV,2,0,0,50,1848.7234685638712,0.1,-0.3453333333333334,"0.19298850574712645,0.23641843971631205,0.2315523114355231,0.1,0.5,0.09709441237693286","0,0,0"
23.2,148,AV,2,0,0,49,2458.2611968747465,0.1,-0.33199999999999996,"0.194632183908046,0.22924035087719297,0.22439583333333332,0.1,0.49,0.12910715444370038","0,0,0"
32.35,229,AV,2,0,0,63,4549.115907877681,0.9,-1.2235,"0.2666825396825397,0.33318859649122806,0.29211349693251526,0.9,0.63,0.2389182283995444","0,0,0"
35.88333333333333,273,AV,2,0,0,87,7612.519032757181,0.2,-0.5588333333333333,"0.33297619047619054,0.4032799145299146,0.3557824675324675,0.2,0.87,0.39980725877188683","0,0,0"
12.0,158,AV,1,0,0,32,2744.255474143275,0.6,-0.72,"0.07296666666666667,0.09847619047619047,0.12896219931271477,0.6,0.32,0.14412748970028938","0,0,0"
33.81666666666667,90,AV,2,0,0,70,1454.957177165027,0.8,-1.1381666666666668,"0.29810416666666667,0.3706746987951807,0.3249836601307189,0.8,0.7,0.0764139226620948","0,0,0"
9.566666666666666,232,AV,1,0,0,21,4635.813442599864,0.1,-0.19566666666666666,"0.051755555555555575,0.08214062500000001,0.11687254901960786,0.1,0.21,0.24347155740278267","0,0,0"
32.68333333333333,138,AV,1,0,0,98,2239.257430619588,0.8,-1.1268333333333334,"0.3388933333333334,0.4044417670682731,0.36153618421052636,0.8,0.98,0.1176051411061415","0,0,0"
9.033333333333333,111,AV,1,0,0,17,1626.914224999384,0.2,-0.29033333333333333,"0.050583333333333334,0.07959459459459461,0.11412121212121212,0.2,0.17,0.08544505619691108","0,0,0"
23.283333333333335,95,AV,2,0,0,52,1507.5005543882637,0.1,-0.3328333333333333,"0.2029040404040404,0.25982170542635663,0.24625177304964538,0.1,0.52,0.07917348536713947","0,0,0"
22.066666666666666,93,AV,2,0,0,45,1485.5718097438446,0.1,-0.32066666666666666,"0.16954761904761906,0.20589273927392743,0.20517684478371506,0.1,0.45,0.07802179415338123","0,0,0"
15.533333333333333,257,AV,1,0,0,38,5862.8833826120845,0.4,-0.5553333333333333,"0.11428395061728396,0.1402079646017699,0.15756805555555553,0.4,0.38,0.30791690945072125","0,0,0"
15.366666666666667,88,AV,0,0,0,40,1446.9812594843625,0.5,-0.8609948528706167,"0.12114814814814816,0.15274464831804285,0.16918951612903224,0.5,0.4,0.0759950298133052","0,0,0"
23.533333333333335,223,AV,2,0,0,48,4381.240268036911,0.4,-0.6353333333333333,"0.18927011494252877,0.22532258064516128,0.2208707729468599,0.4,0.48,0.23010144921114412","0,0,0"
19.716666666666665,36,AV,1,0,0,43,802.5586880039084,0.6,-0.7971666666666666,"0.15421794871794872,0.1853085106382979,0.1914309523809524,0.6,0.43,0.042150146052007835","0,0,0"
18.483333333333334,174,AV,1,0,0,42,3001.8426729260827,0.2,-0.38483333333333336,"0.1411875,0.17298529411764707,0.1838370646766169,0.2,0.42,0.1576558935567436","0,0,0"
15.566666666666666,173,AV,1,0,0,37,2966.188350320237,0.2,-0.3556666666666667,"0.106179012345679,0.13189775910364143,0.1515336257309941,0.2,0.37,0.15578333902872574","0,0,0"
18.383333333333333,195,AV,0,0,0,53,3398.605365942332,0.3,-0.5721048352282934,"0.21413425925925927,0.2656705426356589,0.2516823671497585,0.3,0.53,0.17849375340250406","0,0,0"
34.233333333333334,278,AV,2,0,0,69,8326.33528790118,0.8,-1.1423333333333334,"0.2973958333333333,0.3637417582417582,0.3203241379310344,0.8,0.69,0.43729667837240127","0,0,0"
20.216666666666665,245,AV,1,0,0,44,5064.807770076448,0.7,-0.9021666666666666,"0.16216666666666668,0.19562807017543857,0.19545,0.7,0.44,0.2660022132026646","0,0,0"
11.683333333333334,16,AV,2,0,0,14,583.3206434887895,0.9,-1.0168333333333333,"0.051500000000000004,0.0773030303030303,0.11383333333333333,0.9,0.14,0.030635828489198207","0,0,0"
9.833333333333334,244,AV,1,0,0,28,5051.78348307234,0.1,-0.19833333333333336,"0.05850641025641025,0.08736691542288556,0.120405,0.1,0.28,0.26531818148305064","0,0,0"
10.116666666666667,214,AV,0,0,0,36,4015.909421979459,0.2,-0.37586954675606093,"0.10051851851851851,0.12605464480874315,0.14794444444444443,0.2,0.36,0.21091438071535054","0,0,0"
21.85,10,AV,1,0,0,46,513.3463032142733,0.1,-0.3185,"0.17593888888888892,0.21231615120274913,0.21217543859649124,0.1,0.46,0.026960796735695607","0,0,0"
7.75,146,AV,1,0,0,9,2421.832203454489,0.1,-0.1775,"0.0,0.0,0.0,0.1,0.09,0.12719391443254247","0,0,0"
10.0,274,AV,0,0,0,37,7658.5640246764915,0.8,-0.9391718341758817,"0.106179012345679,0.13189775910364143,0.1515336257309941,0.8,0.37,0.4022255281936403","0,0,0"
14.533333333333333,236,AV,1,0,0,36,4754.245589533712,0.1,-0.24533333333333335,"0.10051851851851851,0.12605464480874315,0.14794444444444443,0.1,0.36,0.24969157889794616","0,0,0"
33.61666666666667,113,AV,2,0,0,70,1639.6236094811811,0.9,-1.2361666666666666,"0.29810416666666667,0.3706746987951807,0.3249836601307189,0.9,0.7,0.08611254932874826","0,0,0"
9.85,0,AV,1,0,0,30,388.2787303527966,0.1,-0.1985,"0.059879999999999996,0.08925000000000001,0.12146391752577315,0.1,0.3,0.02039228462402346","0,0,0"
25.983333333333334,136,AV,2,0,0,53,2164.09247058771,0.1,-0.35983333333333334,"0.21413425925925927,0.2656705426356589,0.2516823671497585,0.1,0.53,0.11365749953089815","0,0,0"
31.066666666666666,27,AV,2,0,0,64,676.2529471816457,0.7,-1.0106666666666666,"0.27348809523809525,0.33758783783783786,0.29827848101265825,0.7,0.64,0.03551660572350354","0,0,0"
24.833333333333332,191,AV,2,0,0,49,3352.9358316496982,0.8,-1.0483333333333333,"0.194632183908046,0.22924035087719297,0.22439583333333332,0.8,0.49,0.17609520290478356","0,0,0"
14.75,211,AV,1,0,0,37,3942.222625638348,0.2,-0.34750000000000003,"0.106179012345679,0.13189775910364143,0.1515336257309941,0.2,0.37,0.20704437186203256","0,0,0"
26.016666666666666,248,AV,2,0,0,54,5307.329693361759,0.9,-1.1601666666666666,"0.22424074074074074,0.27652742616033754,0.2566459770114943,0.9,0.54,0.2787393932246195","0,0,0"
20.183333333333334,6,AV,1,0,0,43,477.1303205766694,0.2,-0.4018333333333334,"0.15421794871794872,0.1853085106382979,0.1914309523809524,0.2,0.43,0.025058743988140585","0,0,0"
18.016666666666666,210,AV,2,0,0,40,3941.04555698938,0.3,-0.48016666666666663,"0.12114814814814816,0.15274464831804285,0.16918951612903224,0.3,0.4,0.20698255256307185","0,0,0"
16.933333333333334,139,AV,0,0,0,50,2344.9936519099742,0.2,-0.49726544937793454,"0.19298850574712645,0.23641843971631205,0.2315523114355231,0.2,0.5,0.12315837632369546","0,0,0"
30.25,299,AV,2,0,0,62,19040.472291926453,0.8,-1.1025,"0.26169444444444445,0.3264479166666668,0.29057371794871795,0.8,0.62,1.0","0,0,0"
31.666666666666668,3,AV,1,0,0,76,449.0833195935783,0.8,-1.1166666666666667,"0.32161666666666666,0.39230952380952383,0.3406808278867103,0.8,0.76,0.02358572375245118","0,0,0"
29.566666666666666,48,AV,1,0,0,72,898.3728471886773,0.4,-0.6956666666666667,"0.3074202898550724,0.38291555555555556,0.33128806584362147,0.4,0.72,0.047182277488442635","0,0,0"
32.43333333333333,188,AV,2,0,0,66,3274.575105225111,0.1,-0.42433333333333334,"0.284820987654321,0.34076862745098035,0.30967567567567567,0.1,0.66,0.17197972061930406","0,0,0"
29.116666666666667,189,AV,2,0,0,61,3301.717979419838,0.1,-0.39116666666666666,"0.2515333333333334,0.31440447154471546,0.2841742919389978,0.1,0.61,0.1734052563822082","0,0,0"
16.4,60,AV,2,0,0,35,1025.7249596144625,0.7,-0.8639999999999999,"0.08984234234234234,0.11858469945355193,0.14247029702970299,0.7,0.35,0.05387077294555297","0,0,0"
18.7,86,AV,1,0,0,42,1411.5824788559885,0.1,-0.28700000000000003,"0.1411875,0.17298529411764707,0.1838370646766169,0.1,0.42,0.07413589627472256","0,0,0"
14.933333333333334,64,AV,1,0,0,37,1074.3823512953045,0.2,-0.3493333333333334,"0.106179012345679,0.13189775910364143,0.1515336257309941,0.2,0.37,0.05642624483379356","0,0,0"
20.016666666666666,289,AV,1,0,0,43,10838.007207066395,0.1,-0.3001666666666667,"0.15421794871794872,0.1853085106382979,0.1914309523809524,0.1,0.43,0.5692089482287648","0,0,0"
21.916666666666668,175,AV,1,0,0,47,3024.224513765153,0.2,-0.4191666666666667,"0.18138505747126438,0.2201631205673759,0.21645742092457426,0.2,0.47,0.1588313812492711","0,0,0"
23.916666666666668,66,AV,2,0,0,50,1097.8259349569896,0.4,-0.6391666666666667,"0.19298850574712645,0.23641843971631205,0.2315523114355231,0.4,0.5,0.05765749494682913","0,0,0"
31.316666666666666,155,AV,2,0,0,67,2648.588416164911,0.2,-0.5131666666666667,"0.2913466666666666,0.349125,0.31508158508158507,0.2,0.67,0.1391030839759141","0,0,0"
11.116666666666667,83,AV,1,0,0,31,1373.5659577718477,0.1,-0.21116666666666667,"0.0666,0.09444403892944038,0.12607312925170067,0.1,0.31,0.07213927977796368","0,0,0"
21.316666666666666,201,AV,1,0,0,45,3608.770587345788,0.2,-0.4131666666666667,"0.16954761904761906,0.20589273927392743,0.20517684478371506,0.2,0.45,0.18953156896617424","0,0,0"
29.533333333333335,212,AV,2,0,0,64,3958.913906791885,0.5,-0.7953333333333333,"0.27348809523809525,0.33758783783783786,0.29827848101265825,0.5,0.64,0.20792099303495454","0,0,0"
33.483333333333334,259,AV,2,0,0,67,5913.041300376779,0.4,-0.7348333333333333,"0.2913466666666666,0.349125,0.31508158508158507,0.4,0.67,0.31055118852718944","0,0,0"
22.7,126,AV,2,0,0,50,2015.5588757501516,0.3,-0.5269999999999999,"0.19298850574712645,0.23641843971631205,0.2315523114355231,0.3,0.5,0.10585655885252329","0,0,0"
20.55,115,AV,2,0,0,44,1682.490559712908,0.3,-0.5055000000000001,"0.16216666666666668,0.19562807017543857,0.19545,0.3,0.44,0.0883639089365613","0,0,0"
4.933333333333334,21,AV,0,0,0,22,623.7253316558669,0.2,-0.7303142792307198,"0.05365686274509805,0.0830717299578059,0.11756388888888891,0.2,0.22,0.03275787081816973","0,0,0"
8.266666666666667,238,AV,1,0,0,16,4925.450001742355,0.3,-0.38266666666666665,"0.051500000000000004,0.07808333333333334,0.1149814814814815,0.3,0.16,0.25868318423124653","0,0,0"
35.75,165,AV,2,0,0,84,2838.632091159661,0.7,-1.0574999999999999,"0.3310574712643678,0.3981646341463415,0.3513590604026846,0.7,0.84,0.149084121845197","0,0,0"
18.483333333333334,51,AV,1,0,0,42,932.0432837729122,0.1,-0.2848333333333334,"0.1411875,0.17298529411764707,0.1838370646766169,0.1,0.42,0.04895063890658413","0,0,0"
18.05,168,AV,1,0,0,41,2909.8477340427667,0.3,-0.4805,"0.13217283950617284,0.16726666666666667,0.1785238095238095,0.3,0.41,0.15282434644631168","0,0,0"
26.516666666666666,68,AV,2,0,0,51,1141.0395517097602,0.4,-0.6651666666666667,"0.19855172413793107,0.2448496376811595,0.23987050359712236,0.4,0.51,0.05992706137828231","0,0,0"
8.783333333333333,81,AV,1,0,0,23,1297.4303329633815,0.1,-0.18783333333333335,"0.05365686274509805,0.08379166666666665,0.11780729166666667,0.1,0.23,0.06814065917437974","0,0,0"
16.266666666666666,23,AV,1,0,0,39,632.5893922142865,0.1,-0.26266666666666666,"0.11966071428571427,0.1444888888888889,0.16092519685039366,0.1,0.39,0.033223408669464424","0,0,0"
9.3,265,AV,1,0,0,18,6130.868263041086,0.1,-0.193,"0.05084999999999999,0.08104924242424243,0.11572972972972971,0.1,0.18,0.3219913964865619","0,0,0"
23.8,12,AV,1,0,0,55,541.9839687696077,0.1,-0.338,"0.2333125,0.282514403292181,0.261015873015873,0.1,0.55,0.028464838500850628","0,0,0"
14.15,196,AV,1,0,0,35,3427.0421228311798,0.1,-0.24150000000000002,"0.08984234234234234,0.11858469945355193,0.14247029702970299,0.1,0.35,0.1799872435036349","0,0,0"
37.31666666666667,131,AV,2,0,0,82,2088.64210540395,0.6,-0.9731666666666667,"0.32987500000000003,0.39539558232931726,0.34748545861297536,0.6,0.82,0.10969486856109009","0,0,0"
20.666666666666668,286,AV,1,0,0,44,9095.945853089892,0.2,-0.4066666666666667,"0.16216666666666668,0.19562807017543857,0.19545,0.2,0.44,0.47771639871279653","0,0,0"
23.883333333333333,246,AV,1,0,0,56,5200.876525735832,0.4,-0.6388333333333334,"0.2367761904761905,0.28485140562248995,0.26597065727699526,0.4,0.56,0.27314850419656395","0,0,0"
27.566666666666666,13,AV,1,0,0,65,566.7055292848979,0.3,-0.5756666666666667,"0.27911827956989244,0.3405745614035087,0.3046710239651416,0.3,0.65,0.02976320758205103","0,0,0"
26.716666666666665,85,AV,2,0,0,55,1391.0507319816634,0.1,-0.36716666666666664,"0.2333125,0.282514403292181,0.261015873015873,0.1,0.55,0.07305757497262802","0,0,0"
7.966666666666667,34,AV,1,0,0,16,776.0711537761008,0.1,-0.17966666666666667,"0.051500000000000004,0.07808333333333334,0.1149814814814815,0.1,0.16,0.04075902855125977","0,0,0"
10.533333333333333,61,AV,1,0,0,30,1038.299283744561,0.9,-1.0053333333333334,"0.059879999999999996,0.08925000000000001,0.12146391752577315,0.9,0.3,0.054531172747475445","0,0,0"
37.166666666666664,56,AV,2,0,0,94,981.8973671489576,0.2,-0.5716666666666667,"0.3338277777777778,0.40195884773662555,0.3611868008948546,0.2,0.94,0.05156896069039748","0,0,0"
32.21666666666667,110,AV,2,0,0,65,1614.9493849180149,0.4,-0.7221666666666667,"0.27911827956989244,0.3405745614035087,0.3046710239651416,0.4,0.65,0.08481666631781955","0,0,0"
18.75,72,AV,1,0,0,42,1205.4292211271013,0.2,-0.3875,"0.1411875,0.17298529411764707,0.1838370646766169,0.2,0.42,0.06330878786227523","0,0,0"
28.583333333333332,224,AV,2,0,0,60,4416.224882412617,0.1,-0.38583333333333336,"0.24370987654320989,0.3050886075949368,0.2800876623376623,0.1,0.6,0.23193883086005102","0,0,0"
27.183333333333334,84,AV,2,0,0,56,1386.7650627050614,0.2,-0.4718333333333333,"0.2367761904761905,0.28485140562248995,0.26597065727699526,0.2,0.56,0.07283249288375467","0,0,0"
38.65,230,AV,2,0,0,91,4572.8741748457805,0.4,-0.7865,"0.33402688172043016,0.40330555555555564,0.35889955849889627,0.4,0.91,0.24016600558720239","0,0,0"
32.75,270,AV,2,0,0,72,7128.986247371214,0.3,-0.6275,"0.3074202898550724,0.38291555555555556,0.33128806584362147,0.3,0.72,0.3744122592165977","0,0,0"
14.15,204,AV,1,0,0,35,3773.073658575576,0.1,-0.24150000000000002,"0.08984234234234234,0.11858469945355193,0.14247029702970299,0.1,0.35,0.19816071790275053","0,0,0"
23.683333333333334,233,AV,0,0,0,60,4639.089550420253,0.1,-0.4015011947185103,"0.24370987654320989,0.3050886075949368,0.2800876623376623,0.1,0.6,0.24364361762115117","0,0,0"
24.016666666666666,209,AV,1,0,0,56,3898.759045987068,0.1,-0.3401666666666667,"0.2367761904761905,0.28485140562248995,0.26597065727699526,0.1,0.56,0.204761677452729","0,0,0"
20.383333333333333,79,AV,2,0,0,42,1293.252850487379,0.2,-0.4038333333333334,"0.1411875,0.17298529411764707,0.1838370646766169,0.2,0.42,0.0679212590244279","0,0,0"
14.05,202,AV,1,0,0,34,3630.005597296026,0.2,-0.3405,"0.08470085470085469,0.11106775067750677,0.1374982993197279,0.2,0.34,0.1906468254380025","0,0,0"
12.216666666666667,63,AV,1,0,0,33,1068.5648373754009,0.3,-0.4221666666666667,"0.07828095238095237,0.10351302083333333,0.1317079037800687,0.3,0.33,0.05612071071516929","0,0,0"
26.166666666666668,107,AV,2,0,0,54,1592.2311391495805,0.4,-0.6616666666666666,"0.22424074074074074,0.27652742616033754,0.2566459770114943,0.4,0.54,0.08362351073742634","0,0,0"
28.05,198,AV,2,0,0,56,3480.90175047103,0.1,-0.38050000000000006,"0.2367761904761905,0.28485140562248995,0.26597065727699526,0.1,0.56,0.18281593529310736","0,0,0"
6.716666666666667,65,AV,0,0,0,24,1089.3140785512585,0.2,-0.5425693314325415,"0.05486842105263159,0.08391666666666665,0.11741062801932368,0.2,0.24,0.05721045475395848","0,0,0"
11.683333333333334,156,AV,1,0,0,30,2667.9339807116767,0.8,-0.9168333333333334,"0.059879999999999996,0.08925000000000001,0.12146391752577315,0.8,0.3,0.140119107331331","0,0,0"
19.0,282,AV,1,0,0,42,8689.506535985933,0.2,-0.39,"0.1411875,0.17298529411764707,0.1838370646766169,0.2,0.42,0.45637032541837","0,0,0"
22.9,288,AV,2,0,0,49,10213.823531357188,0.2,-0.429,"0.194632183908046,0.22924035087719297,0.22439583333333332,0.2,0.49,0.5364270053158322","0,0,0"
33.916666666666664,235,AV,2,0,0,69,4705.31956239884,0.5,-0.8391666666666666,"0.2973958333333333,0.3637417582417582,0.3203241379310344,0.5,0.69,0.24712199835473575","0,0,0"
24.383333333333333,114,AV,2,0,0,45,1659.6531244520008,0.5,-0.7438333333333333,"0.16954761904761906,0.20589273927392743,0.20517684478371506,0.5,0.45,0.08716449355910817","0,0,0"
16.1,263,AV,1,0,0,38,6031.594525491932,0.1,-0.261,"0.11428395061728396,0.1402079646017699,0.15756805555555553,0.1,0.38,0.3167775690127944","0,0,0"
20.983333333333334,216,AV,2,0,0,44,4113.319853961603,0.6,-0.8098333333333333,"0.16216666666666668,0.19562807017543857,0.19545,0.6,0.44,0.21603034792922307","0,0,0"
9.85,194,AV,1,0,0,26,3393.6426315430986,0.2,-0.2985,"0.05694202898550725,0.08570724637681158,0.11917469879518075,0.2,0.26,0.17823311205269168","0,0,0"
19.683333333333334,205,AV,2,0,0,44,3773.692032315799,0.6,-0.7968333333333333,"0.16216666666666668,0.19562807017543857,0.19545,0.6,0.44,0.19819319470956198","0,0,0"
30.833333333333332,153,AV,2,0,0,62,2619.168197182975,0.5,-0.8083333333333333,"0.26169444444444445,0.3264479166666668,0.29057371794871795,0.5,0.62,0.13755794273514713","0,0,0"
20.716666666666665,231,AV,1,0,0,44,4609.601315671212,0.1,-0.30716666666666664,"0.16216666666666668,0.19562807017543857,0.19545,0.1,0.44,0.2420949042123171","0,0,0"
16.433333333333334,15,AV,1,0,0,39,571.0932451196882,0.1,-0.2643333333333333,"0.11966071428571427,0.1444888888888889,0.16092519685039366,0.1,0.39,0.029993649126121902","0,0,0"
33.28333333333333,117,AV,2,0,0,69,1794.439334206041,0.1,-0.4328333333333333,"0.2973958333333333,0.3637417582417582,0.3203241379310344,0.1,0.69,0.09424342561959032","0,0,0"
24.383333333333333,46,AV,2,0,0,47,881.2906222289953,0.4,-0.6438333333333334,"0.18138505747126438,0.2201631205673759,0.21645742092457426,0.4,0.47,0.04628512406190052","0,0,0"
27.383333333333333,102,AV,2,0,0,52,1564.4426034616197,0.2,-0.47383333333333333,"0.2029040404040404,0.25982170542635663,0.24625177304964538,0.2,0.52,0.08216406502295508","0,0,0"
21.316666666666666,5,AV,1,0,0,44,465.3670128771111,0.7,-0.9131666666666667,"0.16216666666666668,0.19562807017543857,0.19545,0.7,0.44,0.0244409385304185","0,0,0"
29.333333333333332,49,AV,1,0,0,71,904.859336063587,0.1,-0.3933333333333333,"0.3067,0.3781089743589744,0.32999787685774956,0.1,0.71,0.04752294597478371","0,0,0"
33.68333333333333,37,AV,2,0,0,71,832.4581618945489,0.4,-0.7368333333333333,"0.3067,0.3781089743589744,0.32999787685774956,0.4,0.71,0.043720457619506006","0,0,0"
21.433333333333334,182,AV,1,0,0,46,3225.188153267811,0.1,-0.31433333333333335,"0.17593888888888892,0.21231615120274913,0.21217543859649124,0.1,0.46,0.16938593244009792","0,0,0"
22.85,251,AV,2,0,0,46,5557.427333357366,0.1,-0.3285,"0.17593888888888892,0.21231615120274913,0.21217543859649124,0.1,0.46,0.2918744476582037","0,0,0"
13.8,252,AV,2,0,0,33,5611.673516276995,0.1,-0.23800000000000002,"0.07828095238095237,0.10351302083333333,0.1317079037800687,0.1,0.33,0.29472344121718336","0,0,0"
15.283333333333333,96,AV,2,0,0,37,1530.0661682302475,0.7,-0.8528333333333333,"0.106179012345679,0.13189775910364143,0.1515336257309941,0.7,0.37,0.08035862476368438","0,0,0"
27.416666666666668,17,AV,1,0,0,64,586.8516376274475,0.1,-0.37416666666666665,"0.27348809523809525,0.33758783783783786,0.29827848101265825,0.1,0.64,0.03082127526197365","0,0,0"
22.683333333333334,104,AV,2,0,0,48,1579.1767070066765,0.3,-0.5268333333333333,"0.18927011494252877,0.22532258064516128,0.2208707729468599,0.3,0.48,0.08293789580399638","0,0,0"
22.583333333333332,294,AV,1,0,0,52,13430.196447392702,0.1,-0.3258333333333333,"0.2029040404040404,0.25982170542635663,0.24625177304964538,0.1,0.52,0.7053499640913518","0,0,0"
23.083333333333332,1,AV,1,0,0,55,419.7646265090227,0.1,-0.3308333333333333,"0.2333125,0.282514403292181,0.261015873015873,0.1,0.55,0.022045914621929386","0,0,0"
30.933333333333334,169,AV,2,0,0,65,2927.9701715656583,0.4,-0.7093333333333334,"0.27911827956989244,0.3405745614035087,0.3046710239651416,0.4,0.65,0.1537761315304756","0,0,0"
9.466666666666667,87,AV,1,0,0,25,1434.4967426379471,0.2,-0.2946666666666667,"0.05607142857142858,0.08441414141414143,0.11836222222222222,0.2,0.25,0.07533934666348602","0,0,0"
11.216666666666667,213,AV,1,0,0,30,3971.0791127863904,0.1,-0.21216666666666667,"0.059879999999999996,0.08925000000000001,0.12146391752577315,0.1,0.3,0.20855990607282407","0,0,0"
24.066666666666666,55,AV,2,0,0,51,979.573716991658,0.4,-0.6406666666666667,"0.19855172413793107,0.2448496376811595,0.23987050359712236,0.4,0.51,0.051446923268128025","0,0,0"
19.916666666666668,225,AV,2,0,0,44,4459.768546990965,0.4,-0.5991666666666667,"0.16216666666666668,0.19562807017543857,0.19545,0.4,0.44,0.23422573130615026","0,0,0"
25.6,40,AV,1,0,0,62,859.2772315809713,0.1,-0.356,"0.26169444444444445,0.3264479166666668,0.29057371794871795,0.1,0.62,0.045128987264949426","0,0,0"
22.366666666666667,157,AV,2,0,0,50,2675.3892374750885,0.1,-0.32366666666666666,"0.19298850574712645,0.23641843971631205,0.2315523114355231,0.1,0.5,0.14051065522200876","0,0,0"
23.8,33,AV,0,0,0,62,763.1985099142711,0.7,-1.3310825284678538,"0.26169444444444445,0.3264479166666668,0.29057371794871795,0.7,0.62,0.04008296108484046","0,0,0"
10.433333333333334,206,AV,1,0,0,29,3824.993837156676,0.3,-0.4043333333333333,"0.059631944444444446,0.08812254901960787,0.12055999999999999,0.3,0.29,0.20088755039855555","0,0,0"
17.283333333333335,75,AV,1,0,0,40,1249.5878531833848,0.1,-0.27283333333333337,"0.12114814814814816,0.15274464831804285,0.16918951612903224,0.1,0.4,0.06562798621929328","0,0,0"
21.983333333333334,226,AV,0,0,0,57,4504.939201911708,0.1,-0.3864269068654007,"0.2459193548387097,0.2928983739837398,0.27043537414965985,0.1,0.57,0.2365980808061097","0,0,0"
31.216666666666665,18,AV,1,0,0,74,591.6693204447811,0.7,-1.0121666666666667,"0.313,0.38563852813852817,0.33450733752620543,0.7,0.74,0.0310742985454022","0,0,0"
40.36666666666667,269,AV,2,0,0,89,6709.13861087917,0.2,-0.6036666666666667,"0.33450537634408606,0.40205555555555555,0.3564779249448123,0.2,0.89,0.352361984934795","0,0,0"
