travel_time,id,kind,action,origin,destination,start_time,income,urgency,reward,observation,cost_table
29.416666666666668,122,AV,2,0,0,61,1832.3133019091129,0.2,-0.4941666666666667,"0.21891666666666665,0.33537449799196783,0.2835773333333333,0.2,0.61,0.0962325552547376","0,0,0"
26.583333333333332,247,AV,2,0,0,53,5304.212874057136,0.2,-0.4658333333333333,"0.18049999999999997,0.2888085106382978,0.2498452914798206,0.2,0.53,0.2785756987922106","0,0,0"
18.15,58,AV,2,0,0,40,1020.7360413649084,0.2,-0.3815,"0.10545833333333332,0.16407459677419356,0.17114270833333337,0.2,0.4,0.053608756427629224","0,0,0"
28.266666666666666,260,AV,2,0,0,56,5985.732437913218,0.9,-1.1826666666666668,"0.19269999999999998,0.3105787878787879,0.2662233333333333,0.9,0.56,0.31436890567316916","0,0,0"
30.733333333333334,160,AV,2,0,0,63,2756.9260540590044,0.1,-0.4073333333333333,"0.23252083333333332,0.3493622685185184,0.2921349502487562,0.1,0.63,0.14479294482773922","0,0,0"
31.316666666666666,264,AV,2,0,0,66,6081.635477498837,0.3,-0.6131666666666666,"0.23989999999999997,0.3630343137254902,0.31047729988052575,0.3,0.66,0.31940570508209365","0,0,0"
14.783333333333333,186,AV,2,0,0,37,3251.3322332141274,0.1,-0.24783333333333335,"0.09592156862745099,0.14211340852130325,0.15220924574209244,0.1,0.37,0.17075901182308162","0,0,0"
14.05,142,AV,2,0,0,33,2361.523720441912,0.1,-0.24050000000000002,"0.06878282828282826,0.10836352657004829,0.13175975975975976,0.1,0.33,0.12402653065718573","0,0,0"
17.55,141,AV,2,0,0,39,2360.1328348572283,0.1,-0.2755,"0.10514102564102565,0.156272614622057,0.160262077294686,0.1,0.39,0.12395348175570059","0,0,0"
8.283333333333333,298,AV,0,0,0,31,17693.100214811147,0.5,-0.5997890955433312,"0.06269753086419753,0.09778635346756152,0.12387719298245614,0.5,0.31,0.9292364151236616","0,0,0"
34.03333333333333,98,AV,2,0,0,66,1538.317647081207,0.9,-1.2403333333333333,"0.23989999999999997,0.3630343137254902,0.31047729988052575,0.9,0.66,0.08079199000402343","0,0,0"
29.066666666666666,147,AV,2,0,0,60,2456.6540037696086,0.1,-0.3906666666666667,"0.21394444444444446,0.3308562500000001,0.27932490272373545,0.1,0.6,0.12902274513491346","0,0,0"
31.883333333333333,125,AV,2,0,0,67,2011.9739719035176,0.1,-0.4188333333333333,"0.24953703703703706,0.3751652046783627,0.3153501683501683,0.1,0.67,0.10566828075775386","0,0,0"
16.966666666666665,99,AV,2,0,0,39,1541.4014724042315,0.1,-0.26966666666666667,"0.10514102564102565,0.156272614622057,0.160262077294686,0.1,0.39,0.08095395160223084","0,0,0"
32.85,132,AV,2,0,0,68,2108.868816674547,0.4,-0.7285,"0.25327083333333333,0.379344,0.3188600464576074,0.4,0.68,0.1107571694830674","0,0,0"
5.05,271,AV,0,0,0,12,7177.938863287724,0.9,-0.992294727666793,"0.0,0.07737500000000001,0.11536666666666666,0.9,0.12,0.3769832361947931","0,0,0"
11.65,103,AV,2,0,0,18,1564.487892525026,0.2,-0.3165,"0.049944444444444444,0.08114306784660769,0.11655376344086019,0.2,0.18,0.08216644359123385","0,0,0"
13.983333333333333,20,AV,2,0,0,32,597.1498506777683,0.2,-0.3398333333333333,"0.06877450980392157,0.10261347517730497,0.12873397435897438,0.2,0.32,0.03136213437998447","0,0,0"
35.61666666666667,32,AV,2,0,0,80,761.8437659652793,0.4,-0.7561666666666667,"0.279047619047619,0.4082810945273632,0.34429351032448374,0.4,0.8,0.04001181033142316","0,0,0"
33.2,4,AV,2,0,0,72,457.16351791608827,0.3,-0.632,"0.267,0.39549999999999996,0.3307409909909909,0.3,0.72,0.02401009338985435","0,0,0"
24.716666666666665,151,AV,2,0,0,49,2574.4307659940623,0.4,-0.6471666666666667,"0.1620952380952381,0.25634050179211465,0.22443465491923642,0.4,0.49,0.13520834601805928","0,0,0"
25.95,144,AV,2,0,0,53,2417.357356239525,0.1,-0.35950000000000004,"0.18049999999999997,0.2888085106382978,0.2498452914798206,0.1,0.53,0.12695889677403294","0,0,0"
7.866666666666666,234,AV,1,0,0,16,4662.282088415262,0.1,-0.17866666666666667,"0.050666666666666665,0.07792391304347827,0.11658333333333333,0.1,0.16,0.24486168288967095","0,0,0"
30.866666666666667,14,AV,2,0,0,64,567.550811201735,0.3,-0.6086666666666667,"0.2374285714285714,0.35654030501089323,0.29841474358974357,0.3,0.64,0.0298076015395053","0,0,0"
34.8,22,AV,2,0,0,72,627.4062491148882,0.3,-0.6479999999999999,"0.267,0.39549999999999996,0.3307409909909909,0.3,0.72,0.03295119151959908","0,0,0"
25.216666666666665,57,AV,2,0,0,50,1005.9867386644172,0.3,-0.5521666666666667,"0.16623333333333332,0.262903165735568,0.23055649717514126,0.3,0.5,0.052834127391418545","0,0,0"
21.0,124,AV,2,0,0,43,1927.298426803608,0.1,-0.31,"0.13168181818181818,0.2010898491083676,0.19061044176706826,0.1,0.43,0.10122114605428258","0,0,0"
38.083333333333336,162,AV,2,0,0,85,2780.081336731352,0.1,-0.48083333333333333,"0.28403703703703703,0.4202932098765432,0.3527516339869281,0.1,0.85,0.14600905345767937","0,0,0"
23.216666666666665,42,AV,2,0,0,51,863.3540159882258,0.1,-0.33216666666666667,"0.17503703703703702,0.2719098639455782,0.23860542635658916,0.1,0.51,0.0453430987819722","0,0,0"
18.116666666666667,50,AV,2,0,0,40,914.1934345695068,0.1,-0.2811666666666667,"0.10545833333333332,0.16407459677419356,0.17114270833333337,0.1,0.4,0.048013170080720285","0,0,0"
24.383333333333333,91,AV,2,0,0,52,1474.807688008607,0.5,-0.7438333333333333,"0.17859259259259258,0.281658379373849,0.24476159420289856,0.5,0.52,0.07745646564838392","0,0,0"
31.633333333333333,137,AV,2,0,0,64,2239.194506681481,0.4,-0.7163333333333334,"0.2374285714285714,0.35654030501089323,0.29841474358974357,0.4,0.64,0.11760183635943447","0,0,0"
17.85,217,AV,2,0,0,41,4164.701887555128,0.2,-0.37850000000000006,"0.11433333333333336,0.18008588064046582,0.1794108108108108,0.2,0.41,0.21872891720868953","0,0,0"
22.333333333333332,279,AV,2,0,0,47,8333.728817076937,0.7,-0.9233333333333333,"0.1515,0.24174489795918366,0.2175648148148148,0.7,0.47,0.4376849843483456","0,0,0"
21.483333333333334,277,AV,2,0,0,46,7958.958807233507,0.1,-0.31483333333333335,"0.15139583333333334,0.2362401263823065,0.2127421227197347,0.1,0.46,0.4180021737490339","0,0,0"
35.9,207,AV,2,0,0,94,3849.958431883558,0.1,-0.45899999999999996,"0.29064285714285715,0.4324289617486339,0.3602372159090909,0.1,0.94,0.20219868356500897","0,0,0"
30.9,120,AV,2,0,0,66,1823.811293294481,0.2,-0.509,"0.23989999999999997,0.3630343137254902,0.31047729988052575,0.2,0.66,0.09578603226495669","0,0,0"
31.0,200,AV,2,0,0,66,3520.054626539052,0.4,-0.71,"0.23989999999999997,0.3630343137254902,0.31047729988052575,0.4,0.66,0.18487223281912113","0,0,0"
35.983333333333334,203,AV,2,0,0,79,3667.3634505223554,0.6,-0.9598333333333333,"0.2778571428571428,0.4073034825870648,0.34344837758112085,0.6,0.79,0.19260884889275526","0,0,0"
30.983333333333334,291,AV,2,0,0,63,11861.36896338871,0.2,-0.5098333333333334,"0.23252083333333332,0.3493622685185184,0.2921349502487562,0.2,0.63,0.622955606433049","0,0,0"
31.65,77,AV,2,0,0,61,1265.4739572733297,0.1,-0.4165,"0.21891666666666665,0.33537449799196783,0.2835773333333333,0.1,0.61,0.0664623197298481","0,0,0"
12.9,44,AV,2,0,0,32,870.7377108213431,0.6,-0.729,"0.06877450980392157,0.10261347517730497,0.12873397435897438,0.6,0.32,0.045730888261135916","0,0,0"
18.0,71,AV,2,0,0,37,1167.011530479414,0.5,-0.6799999999999999,"0.09592156862745099,0.14211340852130325,0.15220924574209244,0.5,0.37,0.061291102058127545","0,0,0"
32.233333333333334,267,AV,2,0,0,70,6254.49597505133,0.1,-0.42233333333333334,"0.25689999999999996,0.3871212121212121,0.3249352517985612,0.1,0.7,0.3284842875301661","0,0,0"
12.666666666666666,129,AV,2,0,0,32,2044.1603053436156,0.1,-0.22666666666666666,"0.06877450980392157,0.10261347517730497,0.12873397435897438,0.1,0.32,0.10735869751562734","0,0,0"
30.3,135,AV,2,0,0,64,2147.781038516846,0.3,-0.603,"0.2374285714285714,0.35654030501089323,0.29841474358974357,0.3,0.64,0.1128008279199854","0,0,0"
31.7,128,AV,2,0,0,67,2035.9911412414244,0.4,-0.7170000000000001,"0.24953703703703706,0.3751652046783627,0.3153501683501683,0.4,0.67,0.10692965542166336","0,0,0"
19.466666666666665,228,AV,2,0,0,40,4549.070920567666,0.8,-0.9946666666666667,"0.10545833333333332,0.16407459677419356,0.17114270833333337,0.8,0.4,0.2389158656792649","0,0,0"
34.28333333333333,78,AV,2,0,0,75,1282.6858023855964,0.3,-0.6428333333333334,"0.2706944444444444,0.39849625468164795,0.3381363636363637,0.3,0.75,0.06736628076864885","0,0,0"
24.5,116,AV,2,0,0,51,1703.2333497257905,0.2,-0.445,"0.17503703703703702,0.2719098639455782,0.23860542635658916,0.2,0.51,0.08945331416217002","0,0,0"
18.983333333333334,249,AV,2,0,0,42,5386.149373461946,0.2,-0.38983333333333337,"0.12146666666666667,0.1887291666666667,0.1832356020942408,0.2,0.42,0.28287897962204345","0,0,0"
36.333333333333336,45,AV,2,0,0,74,873.8892656114449,0.1,-0.4633333333333334,"0.2681666666666666,0.3992439862542955,0.3342384034519958,0.1,0.74,0.045896406991017324","0,0,0"
28.15,112,AV,2,0,0,60,1635.9686818612918,0.2,-0.4815,"0.21394444444444446,0.3308562500000001,0.27932490272373545,0.2,0.6,0.08592059360601972","0,0,0"
32.46666666666667,47,AV,2,0,0,66,892.1845339920479,0.1,-0.42466666666666664,"0.23989999999999997,0.3630343137254902,0.31047729988052575,0.1,0.66,0.046857269100953565","0,0,0"
17.666666666666668,208,AV,2,0,0,38,3863.855435177377,0.2,-0.3766666666666667,"0.09811111111111112,0.1518320707070707,0.15826666666666667,0.2,0.38,0.2029285500872649","0,0,0"
10.15,262,AV,0,0,0,33,6020.57275324985,0.6,-0.7513291462117226,"0.06878282828282826,0.10836352657004829,0.13175975975975976,0.6,0.33,0.3161987087790199","0,0,0"
33.86666666666667,190,AV,2,0,0,69,3323.1633986738134,0.3,-0.6386666666666667,"0.2552037037037037,0.38228571428571434,0.3209538011695907,0.3,0.69,0.17453156348873247","0,0,0"
19.533333333333335,101,AV,2,0,0,43,1552.9853059451273,0.1,-0.29533333333333334,"0.13168181818181818,0.2010898491083676,0.19061044176706826,0.1,0.43,0.08156233112997016","0,0,0"
27.633333333333333,89,AV,2,0,0,60,1447.5744631551047,0.3,-0.5763333333333334,"0.21394444444444446,0.3308562500000001,0.27932490272373545,0.3,0.6,0.07602618469547658","0,0,0"
20.683333333333334,179,AV,2,0,0,45,3065.2253709468137,0.3,-0.5068333333333334,"0.14380303030303032,0.22646614583333333,0.2061274961597542,0.3,0.45,0.16098473419939963","0,0,0"
25.983333333333334,243,AV,2,0,0,53,5009.92015912814,0.1,-0.35983333333333334,"0.18049999999999997,0.2888085106382978,0.2498452914798206,0.1,0.53,0.2631195320324301","0,0,0"
11.383333333333333,240,AV,1,0,0,34,4967.653125719208,0.1,-0.21383333333333332,"0.07711333333333333,0.11680750307503075,0.13496639784946235,0.1,0.34,0.26089967987955814","0,0,0"
27.666666666666668,268,AV,2,0,0,53,6563.608435155774,0.3,-0.5766666666666667,"0.18049999999999997,0.2888085106382978,0.2498452914798206,0.3,0.53,0.34471878294420655","0,0,0"
6.45,297,AV,0,0,0,26,15387.119225735782,0.5,-0.5839968268978013,"0.05667948717948718,0.08689330808080806,0.11932083333333335,0.5,0.26,0.8081269723682344","0,0,0"
14.083333333333334,59,AV,2,0,0,31,1022.032321197676,0.6,-0.7408333333333333,"0.06269753086419753,0.09778635346756152,0.12387719298245614,0.6,0.31,0.053676836662871985","0,0,0"
33.05,145,AV,2,0,0,68,2421.0391237858234,0.8,-1.1305,"0.25327083333333333,0.379344,0.3188600464576074,0.8,0.68,0.12715226212179587","0,0,0"
26.383333333333333,215,AV,2,0,0,50,4090.160813256426,0.2,-0.4638333333333333,"0.16623333333333332,0.262903165735568,0.23055649717514126,0.2,0.5,0.21481404192850495","0,0,0"
26.866666666666667,118,AV,2,0,0,54,1799.695682844959,0.1,-0.3686666666666667,"0.18852777777777777,0.29872079037800686,0.25476666666666664,0.1,0.54,0.09451948750284238","0,0,0"
20.983333333333334,193,AV,2,0,0,43,3387.2787239910285,0.4,-0.6098333333333333,"0.13168181818181818,0.2010898491083676,0.19061044176706826,0.4,0.43,0.17789888150134298","0,0,0"
26.666666666666668,28,AV,2,0,0,54,679.8949342204361,0.1,-0.3666666666666667,"0.18852777777777777,0.29872079037800686,0.25476666666666664,0.1,0.54,0.03570788181072196","0,0,0"
31.116666666666667,159,AV,2,0,0,61,2744.8905386527767,0.4,-0.7111666666666667,"0.21891666666666665,0.33537449799196783,0.2835773333333333,0.4,0.61,0.14416084310139018","0,0,0"
17.0,293,AV,0,0,0,48,13351.937436366714,0.1,-0.2924686493199773,"0.15788888888888888,0.249804788213628,0.22179685264663807,0.1,0.48,0.7012398238686656","0,0,0"
23.8,105,AV,2,0,0,51,1587.6148581174584,0.7,-0.938,"0.17503703703703702,0.2719098639455782,0.23860542635658916,0.7,0.51,0.08338106501647227","0,0,0"
14.65,24,AV,2,0,0,34,646.5589615252754,0.2,-0.34650000000000003,"0.07711333333333333,0.11680750307503075,0.13496639784946235,0.2,0.34,0.03395708633758153","0,0,0"
32.2,187,AV,2,0,0,66,3257.969850357721,0.1,-0.42200000000000004,"0.23989999999999997,0.3630343137254902,0.31047729988052575,0.1,0.66,0.17110761752160772","0,0,0"
18.55,26,AV,2,0,0,41,670.158540600369,0.8,-0.9855,"0.11433333333333336,0.18008588064046582,0.1794108108108108,0.8,0.41,0.03519652928381035","0,0,0"
28.6,154,AV,2,0,0,57,2645.062412614309,0.8,-1.086,"0.19766666666666666,0.3185916666666667,0.2707756160830091,0.8,0.57,0.13891789930735432","0,0,0"
21.966666666666665,197,AV,2,0,0,45,3438.9188747307694,0.2,-0.41966666666666663,"0.14380303030303032,0.22646614583333333,0.2061274961597542,0.2,0.45,0.18061100701734908","0,0,0"
18.45,199,AV,2,0,0,40,3508.846318545673,0.1,-0.2845,"0.10545833333333332,0.16407459677419356,0.17114270833333337,0.1,0.4,0.18428357578259733","0,0,0"
32.983333333333334,172,AV,2,0,0,67,2965.4163440895786,0.4,-0.7298333333333333,"0.24953703703703706,0.3751652046783627,0.3153501683501683,0.4,0.67,0.15574279348874007","0,0,0"
33.016666666666666,284,AV,2,0,0,70,8987.822610831106,0.4,-0.7301666666666666,"0.25689999999999996,0.3871212121212121,0.3249352517985612,0.4,0.7,0.472037797856628","0,0,0"
14.416666666666666,239,AV,2,0,0,27,4934.883137056144,0.6,-0.7441666666666666,"0.05932608695652173,0.08782993197278911,0.11954268292682928,0.6,0.27,0.2591786097211798","0,0,0"
32.53333333333333,166,AV,2,0,0,65,2857.6088215719105,0.9,-1.2253333333333334,"0.239375,0.36133465608465604,0.3055075757575758,0.9,0.65,0.1500807741404395","0,0,0"
14.4,97,AV,2,0,0,31,1530.6528609905624,0.2,-0.34400000000000003,"0.06269753086419753,0.09778635346756152,0.12387719298245614,0.2,0.31,0.08038943769475668","0,0,0"
35.516666666666666,290,AV,2,0,0,81,11515.391842589095,0.1,-0.4551666666666666,"0.27976923076923077,0.41394871794871796,0.34630751173708924,0.1,0.81,0.6047849898908156","0,0,0"
30.933333333333334,275,AV,2,0,0,66,7864.29237148983,0.1,-0.4093333333333333,"0.23989999999999997,0.3630343137254902,0.31047729988052575,0.1,0.66,0.41303032040988025","0,0,0"
27.766666666666666,2,AV,2,0,0,59,437.8567856598078,0.1,-0.3776666666666667,"0.21108333333333335,0.3304302083333333,0.2790116279069768,0.1,0.59,0.022996109494903022","0,0,0"
28.433333333333334,25,AV,2,0,0,58,649.7132696839626,0.6,-0.8843333333333333,"0.2025,0.32665141612200427,0.27422305764411026,0.6,0.58,0.034122749673570554","0,0,0"
28.116666666666667,108,AV,2,0,0,57,1592.6375082496468,0.9,-1.1811666666666667,"0.19766666666666666,0.3185916666666667,0.2707756160830091,0.9,0.57,0.08364485312294262","0,0,0"
34.28333333333333,73,AV,2,0,0,70,1239.4416864014672,0.1,-0.4428333333333333,"0.25689999999999996,0.3871212121212121,0.3249352517985612,0.1,0.7,0.06509511252654251","0,0,0"
33.61666666666667,241,AV,2,0,0,70,4968.170350229253,0.9,-1.2361666666666666,"0.25689999999999996,0.3871212121212121,0.3249352517985612,0.9,0.7,0.260926844358575","0,0,0"
27.883333333333333,222,AV,2,0,0,50,4376.119511966378,0.4,-0.6788333333333334,"0.16623333333333332,0.262903165735568,0.23055649717514126,0.4,0.5,0.22983250860967044","0,0,0"
25.483333333333334,29,AV,2,0,0,55,742.4887258523852,0.9,-1.1548333333333334,"0.19269999999999998,0.3053368237347295,0.26009895833333335,0.9,0.55,0.03899528932206243","0,0,0"
28.516666666666666,255,AV,2,0,0,58,5825.994272151124,0.2,-0.4851666666666667,"0.2025,0.32665141612200427,0.27422305764411026,0.2,0.58,0.3059795042280261","0,0,0"
35.65,109,AV,2,0,0,86,1596.1763216794554,0.7,-1.0565,"0.28809259259259257,0.4224649122807017,0.3543168549905838,0.7,0.86,0.0838307105625876","0,0,0"
26.933333333333334,184,AV,2,0,0,57,3236.647802754315,0.6,-0.8693333333333333,"0.19766666666666666,0.3185916666666667,0.2707756160830091,0.6,0.57,0.16998778985785554","0,0,0"
28.383333333333333,272,AV,2,0,0,55,7572.106998522375,0.1,-0.38383333333333336,"0.19269999999999998,0.3053368237347295,0.26009895833333335,0.1,0.55,0.3976848306296006","0,0,0"
34.416666666666664,287,AV,2,0,0,77,9280.176126726552,0.1,-0.4441666666666666,"0.27704166666666663,0.4091439393939394,0.3427465483234714,0.1,0.77,0.48739211845399105","0,0,0"
19.05,258,AV,2,0,0,42,5911.733280178027,0.1,-0.2905,"0.12146666666666667,0.1887291666666667,0.1832356020942408,0.1,0.42,0.3104824916913811","0,0,0"
28.433333333333334,119,AV,2,0,0,61,1822.2981036688468,0.9,-1.1843333333333335,"0.21891666666666665,0.33537449799196783,0.2835773333333333,0.9,0.61,0.09570655999124235","0,0,0"
22.433333333333334,100,AV,2,0,0,46,1546.5147326922538,0.6,-0.8243333333333334,"0.15139583333333334,0.2362401263823065,0.2127421227197347,0.6,0.46,0.08122249852741349","0,0,0"
15.733333333333333,52,AV,2,0,0,36,959.5289757906356,0.1,-0.2573333333333333,"0.0894047619047619,0.1344263420724095,0.14759469696969696,0.1,0.36,0.05039417936063988","0,0,0"
25.25,80,AV,2,0,0,52,1294.2551843223837,0.1,-0.35250000000000004,"0.17859259259259258,0.281658379373849,0.24476159420289856,0.1,0.52,0.06797390130239438","0,0,0"
13.883333333333333,140,AV,2,0,0,34,2347.541384251396,0.4,-0.5388333333333334,"0.07711333333333333,0.11680750307503075,0.13496639784946235,0.4,0.34,0.12329218247631395","0,0,0"
19.75,253,AV,2,0,0,44,5670.319740923212,0.6,-0.7975,"0.13679761904761903,0.2107668231611893,0.1965336787564767,0.6,0.44,0.29780352367244284","0,0,0"
12.3,283,AV,1,0,0,36,8975.220492497892,0.1,-0.22300000000000003,"0.0894047619047619,0.1344263420724095,0.14759469696969696,0.1,0.36,0.47137593831133945","0,0,0"
28.916666666666668,127,AV,2,0,0,59,2030.86588445069,0.1,-0.38916666666666666,"0.21108333333333335,0.3304302083333333,0.2790116279069768,0.1,0.59,0.10666047844368956","0,0,0"
25.483333333333334,149,AV,2,0,0,52,2472.005569054355,0.5,-0.7548333333333334,"0.17859259259259258,0.281658379373849,0.24476159420289856,0.5,0.52,0.12982900482476664","0,0,0"
31.883333333333333,41,AV,2,0,0,64,861.805442805673,0.6,-0.9188333333333333,"0.2374285714285714,0.35654030501089323,0.29841474358974357,0.6,0.64,0.04526176817426404","0,0,0"
12.85,130,AV,2,0,0,30,2052.607856914241,0.1,-0.2285,"0.06095061728395062,0.09141450216450213,0.12104509803921568,0.1,0.3,0.10780236043748707","0,0,0"
27.733333333333334,285,AV,2,0,0,57,9030.678864893336,0.7,-0.9773333333333333,"0.19766666666666666,0.3185916666666667,0.2707756160830091,0.7,0.57,0.47428859570476767","0,0,0"
32.7,178,AV,2,0,0,66,3046.5766145774583,0.7,-1.027,"0.23989999999999997,0.3630343137254902,0.31047729988052575,0.7,0.66,0.16000530700434717","0,0,0"
18.033333333333335,227,AV,2,0,0,40,4547.885280126284,0.1,-0.2803333333333333,"0.10545833333333332,0.16407459677419356,0.17114270833333337,0.1,0.4,0.2388535961922898","0,0,0"
11.033333333333333,237,AV,2,0,0,21,4843.3187157075145,0.4,-0.5103333333333333,"0.050124999999999996,0.08279559748427673,0.11639534883720931,0.4,0.21,0.2543696732649421","0,0,0"
26.483333333333334,280,AV,2,0,0,55,8348.421721831439,0.1,-0.36483333333333334,"0.19269999999999998,0.3053368237347295,0.26009895833333335,0.1,0.55,0.43845665138103423","0,0,0"
32.38333333333333,106,AV,2,0,0,65,1588.8002265047048,0.9,-1.2238333333333333,"0.239375,0.36133465608465604,0.3055075757575758,0.9,0.65,0.08344332021524425","0,0,0"
18.783333333333335,181,AV,2,0,0,41,3169.820795106812,0.2,-0.38783333333333336,"0.11433333333333336,0.18008588064046582,0.1794108108108108,0.2,0.41,0.16647805508747177","0,0,0"
34.38333333333333,218,AV,2,0,0,76,4196.147454418583,0.3,-0.6438333333333333,"0.2746410256410256,0.4038791666666667,0.3413114169215087,0.3,0.76,0.22038042912401049","0,0,0"
28.916666666666668,121,AV,2,0,0,63,1830.3424648913517,0.1,-0.38916666666666666,"0.23252083333333332,0.3493622685185184,0.2921349502487562,0.1,0.63,0.0961290474747023","0,0,0"
26.883333333333333,192,AV,2,0,0,54,3362.377553451843,0.2,-0.4688333333333333,"0.18852777777777777,0.29872079037800686,0.25476666666666664,0.2,0.54,0.17659107935455778","0,0,0"
35.7,133,AV,2,0,0,75,2123.4400354784907,0.2,-0.557,"0.2706944444444444,0.39849625468164795,0.3381363636363637,0.2,0.75,0.11152244560545237","0,0,0"
28.016666666666666,82,AV,2,0,0,56,1348.5865378412918,0.4,-0.6801666666666667,"0.19269999999999998,0.3105787878787879,0.2662233333333333,0.4,0.56,0.07082736799617727","0,0,0"
34.7,171,AV,2,0,0,73,2964.6777926145683,0.6,-0.9470000000000001,"0.2679230769230769,0.39604810996563566,0.33294946236559136,0.6,0.73,0.15570400498267326","0,0,0"
22.1,221,AV,2,0,0,47,4343.557359248321,0.4,-0.621,"0.1515,0.24174489795918366,0.2175648148148148,0.4,0.47,0.22812235393394506","0,0,0"
16.433333333333334,92,AV,2,0,0,36,1475.2077210572677,0.2,-0.36433333333333334,"0.0894047619047619,0.1344263420724095,0.14759469696969696,0.2,0.36,0.07747747526634545","0,0,0"
21.166666666666668,31,AV,2,0,0,43,743.7818724069466,0.6,-0.8116666666666666,"0.13168181818181818,0.2010898491083676,0.19061044176706826,0.6,0.43,0.039063204998456114","0,0,0"
26.333333333333332,161,AV,2,0,0,51,2761.3662775036096,0.1,-0.3633333333333333,"0.17503703703703702,0.2719098639455782,0.23860542635658916,0.1,0.51,0.14502614405602138","0,0,0"
17.183333333333334,164,AV,2,0,0,39,2835.850686157305,0.6,-0.7718333333333334,"0.10514102564102565,0.156272614622057,0.160262077294686,0.6,0.39,0.14893804327321036","0,0,0"
24.25,8,AV,2,0,0,49,497.26542980048754,0.5,-0.7424999999999999,"0.1620952380952381,0.25634050179211465,0.22443465491923642,0.5,0.49,0.026116233997585142","0,0,0"
17.0,167,AV,2,0,0,39,2891.134206742707,0.2,-0.37,"0.10514102564102565,0.156272614622057,0.160262077294686,0.2,0.39,0.1518415175010447","0,0,0"
37.38333333333333,180,AV,2,0,0,75,3119.7161673652217,0.1,-0.47383333333333333,"0.2706944444444444,0.39849625468164795,0.3381363636363637,0.1,0.75,0.1638465747873305","0,0,0"
22.683333333333334,261,AV,2,0,0,48,6007.794801579103,0.3,-0.5268333333333333,"0.15788888888888888,0.249804788213628,0.22179685264663807,0.3,0.48,0.31552761451860256","0,0,0"
28.683333333333334,176,AV,2,0,0,57,3031.4508351358254,0.1,-0.38683333333333336,"0.19766666666666666,0.3185916666666667,0.2707756160830091,0.1,0.57,0.15921090552051181","0,0,0"
14.283333333333333,74,AV,2,0,0,34,1240.6560786390864,0.2,-0.3428333333333333,"0.07711333333333333,0.11680750307503075,0.13496639784946235,0.2,0.34,0.06515889204939258","0,0,0"
25.316666666666666,256,AV,2,0,0,51,5844.130995646287,0.7,-0.9531666666666666,"0.17503703703703702,0.2719098639455782,0.23860542635658916,0.7,0.51,0.30693203960724846","0,0,0"
35.13333333333333,170,AV,2,0,0,88,2942.323800284961,0.2,-0.5513333333333333,"0.2901875,0.4266234567901235,0.35634729981378027,0.2,0.88,0.15452997988566525","0,0,0"
15.133333333333333,183,AV,2,0,0,33,3227.056348793521,0.4,-0.5513333333333333,"0.06878282828282826,0.10836352657004829,0.13175975975975976,0.4,0.33,0.1694840495191844","0,0,0"
27.9,250,AV,2,0,0,54,5480.041794665195,0.3,-0.579,"0.18852777777777777,0.29872079037800686,0.25476666666666664,0.3,0.54,0.2878101819453735","0,0,0"
31.2,62,AV,1,0,0,75,1046.6558973464134,0.1,-0.41200000000000003,"0.2706944444444444,0.39849625468164795,0.3381363636363637,0.1,0.75,0.054970059633983805","0,0,0"
15.466666666666667,281,AV,1,0,0,42,8436.938288223368,0.6,-0.7546666666666666,"0.12146666666666667,0.1887291666666667,0.1832356020942408,0.6,0.42,0.4431055153921156","0,0,0"
29.316666666666666,266,AV,2,0,0,53,6248.181898567973,0.2,-0.4931666666666667,"0.18049999999999997,0.2888085106382978,0.2498452914798206,0.2,0.53,0.3281526740918779","0,0,0"
14.783333333333333,69,AV,2,0,0,35,1141.5133047894662,0.2,-0.3478333333333333,"0.0803623188405797,0.1251015037593985,0.14256361323155217,0.2,0.35,0.059951942750574055","0,0,0"
14.933333333333334,70,AV,2,0,0,36,1150.2916000513435,0.2,-0.3493333333333334,"0.0894047619047619,0.1344263420724095,0.14759469696969696,0.2,0.36,0.0604129762337403","0,0,0"
17.916666666666668,35,AV,2,0,0,40,777.0630287344238,0.4,-0.5791666666666667,"0.10545833333333332,0.16407459677419356,0.17114270833333337,0.4,0.4,0.04081112153210161","0,0,0"
14.2,220,AV,2,0,0,35,4304.4895651906745,0.1,-0.242,"0.0803623188405797,0.1251015037593985,0.14256361323155217,0.1,0.35,0.22607052489007143","0,0,0"
15.55,134,AV,2,0,0,38,2131.3254046090938,0.1,-0.2555,"0.09811111111111112,0.1518320707070707,0.15826666666666667,0.1,0.38,0.11193658287104669","0,0,0"
19.783333333333335,7,AV,2,0,0,43,491.8679742725259,0.7,-0.8978333333333333,"0.13168181818181818,0.2010898491083676,0.19061044176706826,0.7,0.43,0.025832761222056865","0,0,0"
28.683333333333334,94,AV,2,0,0,60,1496.328062426438,0.2,-0.48683333333333334,"0.21394444444444446,0.3308562500000001,0.27932490272373545,0.2,0.6,0.07858670937805001","0,0,0"
19.316666666666666,254,AV,2,0,0,42,5721.231751015957,0.6,-0.7931666666666666,"0.12146666666666667,0.1887291666666667,0.1832356020942408,0.6,0.42,0.30047740745600493","0,0,0"
29.333333333333332,19,AV,2,0,0,61,595.9176043698985,0.7,-0.9933333333333333,"0.21891666666666665,0.33537449799196783,0.2835773333333333,0.7,0.61,0.03129741716662037","0,0,0"
8.483333333333333,276,AV,0,0,0,25,7897.119961473183,0.4,-0.522821866046978,"0.053533333333333336,0.08543714689265534,0.11862560386473434,0.4,0.25,0.4147544157726446","0,0,0"
32.266666666666666,67,AV,2,0,0,58,1122.7546975855585,0.1,-0.42266666666666663,"0.2025,0.32665141612200427,0.27422305764411026,0.1,0.58,0.05896674622202671","0,0,0"
28.9,295,AV,2,0,0,61,13460.811009378149,0.5,-0.7889999999999999,"0.21891666666666665,0.33537449799196783,0.2835773333333333,0.5,0.61,0.7069578318750951","0,0,0"
6.616666666666666,152,AV,0,0,0,18,2612.3907844155665,0.1,-0.2810040033276574,"0.049944444444444444,0.08114306784660769,0.11655376344086019,0.1,0.18,0.13720199501160868","0,0,0"
22.766666666666666,9,AV,2,0,0,46,506.5869000089976,0.6,-0.8276666666666667,"0.15139583333333334,0.2362401263823065,0.2127421227197347,0.6,0.46,0.02660579486905904","0,0,0"
14.733333333333333,219,AV,2,0,0,35,4227.85786318916,0.6,-0.7473333333333333,"0.0803623188405797,0.1251015037593985,0.14256361323155217,0.6,0.35,0.22204585045833433","0,0,0"
37.0,30,AV,2,0,0,82,743.7553910389753,0.1,-0.47,"0.28052777777777776,0.41693396226415097,0.34702769953051643,0.1,0.82,0.03906181420480535","0,0,0"
29.166666666666668,292,AV,2,0,0,62,12197.400506638176,0.5,-0.7916666666666667,"0.2285,0.34569144144144137,0.2905625,0.5,0.62,0.6406038841699384","0,0,0"
30.266666666666666,163,AV,2,0,0,61,2797.307504072895,0.8,-1.1026666666666667,"0.21891666666666665,0.33537449799196783,0.2835773333333333,0.8,0.61,0.1469137666957458","0,0,0"
11.683333333333334,296,AV,1,0,0,35,14312.770160915026,0.1,-0.21683333333333332,"0.0803623188405797,0.1251015037593985,0.14256361323155217,0.1,0.35,0.7517024757302859","0,0,0"
21.0,39,AV,2,0,0,44,857.6590975250949,0.8,-1.01,"0.13679761904761903,0.2107668231611893,0.1965336787564767,0.8,0.44,0.04504400334065031","0,0,0"
32.483333333333334,185,AV,2,0,0,63,3245.380745418587,0.1,-0.4248333333333334,"0.23252083333333332,0.3493622685185184,0.2921349502487562,0.1,0.63,0.1704464414359456","0,0,0"
16.516666666666666,38,AV,2,0,0,40,837.3801312568858,0.2,-0.36516666666666664,"0.10545833333333332,0.16407459677419356,0.17114270833333337,0.2,0.4,0.04397895800158024","0,0,0"
35.016666666666666,150,AV,2,0,0,77,2533.2754137277425,0.1,-0.4501666666666667,"0.27704166666666663,0.4091439393939394,0.3427465483234714,0.1,0.77,0.13304687903156176","0,0,0"
21.966666666666665,53,AV,2,0,0,41,969.457736312404,0.9,-1.1196666666666666,"0.11433333333333336,0.18008588064046582,0.1794108108108108,0.9,0.41,0.050915634940603534","0,0,0"
14.483333333333333,177,AV,2,0,0,33,3032.1279287666234,0.4,-0.5448333333333333,"0.06878282828282826,0.10836352657004829,0.13175975975975976,0.4,0.33,0.15924646627869138","0,0,0"
22.183333333333334,43,AV,2,0,0,45,863.5619359671642,0.2,-0.42183333333333334,"0.14380303030303032,0.22646614583333333,0.2061274961597542,0.2,0.45,0.04535401867806252","0,0,0"
34.81666666666667,11,AV,2,0,0,80,539.5213747330826,0.4,-0.7481666666666666,"0.279047619047619,0.4082810945273632,0.34429351032448374,0.4,0.8,0.028335503786943907","0,0,0"
21.6,76,AV,2,0,0,44,1261.43865123121,0.2,-0.41600000000000004,"0.13679761904761903,0.2107668231611893,0.1965336787564767,0.2,0.44,0.06625038664435261","0,0,0"
22.45,54,AV,2,0,0,47,978.4447105201264,0.2,-0.4245,"0.1515,0.24174489795918366,0.2175648148148148,0.2,0.47,0.051387628180578626","0,0,0"
11.716666666666667,242,AV,1,0,0,34,5004.1281918097375,0.1,-0.21716666666666667,"0.07711333333333333,0.11680750307503075,0.13496639784946235,0.1,0.34,0.2628153396137967","0,0,0"
17.733333333333334,143,AV,2,0,0,42,2398.572127464108,0.2,-0.37733333333333335,"0.12146666666666667,0.1887291666666667,0.1832356020942408,0.2,0.42,0.12597230208838628","0,0,0"
24.883333333333333,123,AV,2,0,0,50,1848.7234685638712,0.6,-0.8488333333333333,"0.16623333333333332,0.262903165735568,0.23055649717514126,0.6,0.5,0.09709441237693286","0,0,0"
23.416666666666668,148,AV,2,0,0,49,2458.2611968747465,0.7,-0.9341666666666666,"0.1620952380952381,0.25634050179211465,0.22443465491923642,0.7,0.49,0.12910715444370038","0,0,0"
32.78333333333333,229,AV,2,0,0,63,4549.115907877681,0.2,-0.5278333333333334,"0.23252083333333332,0.3493622685185184,0.2921349502487562,0.2,0.63,0.2389182283995444","0,0,0"
36.45,273,AV,2,0,0,87,7612.519032757181,0.3,-0.6645000000000001,"0.28809259259259257,0.4236440677966102,0.35563494318181815,0.3,0.87,0.39980725877188683","0,0,0"
13.85,158,AV,2,0,0,32,2744.255474143275,0.9,-1.0385,"0.06877450980392157,0.10261347517730497,0.12873397435897438,0.9,0.32,0.14412748970028938","0,0,0"
34.31666666666667,90,AV,2,0,0,70,1454.957177165027,0.3,-0.6431666666666667,"0.25689999999999996,0.3871212121212121,0.3249352517985612,0.3,0.7,0.0764139226620948","0,0,0"
12.933333333333334,232,AV,2,0,0,21,4635.813442599864,0.5,-0.6293333333333333,"0.050124999999999996,0.08279559748427673,0.11639534883720931,0.5,0.21,0.24347155740278267","0,0,0"
36.18333333333333,138,AV,2,0,0,98,2239.257430619588,0.8,-1.1618333333333333,"0.29058333333333336,0.43288095238095237,0.36070716945996284,0.8,0.98,0.1176051411061415","0,0,0"
12.9,111,AV,2,0,0,17,1626.914224999384,0.1,-0.229,"0.049944444444444444,0.07964948453608248,0.11417307692307692,0.1,0.17,0.08544505619691108","0,0,0"
23.616666666666667,95,AV,2,0,0,52,1507.5005543882637,0.4,-0.6361666666666667,"0.17859259259259258,0.281658379373849,0.24476159420289856,0.4,0.52,0.07917348536713947","0,0,0"
22.383333333333333,93,AV,2,0,0,45,1485.5718097438446,0.6,-0.8238333333333333,"0.14380303030303032,0.22646614583333333,0.2061274961597542,0.6,0.45,0.07802179415338123","0,0,0"
17.2,257,AV,2,0,0,38,5862.8833826120845,0.8,-0.972,"0.09811111111111112,0.1518320707070707,0.15826666666666667,0.8,0.38,0.30791690945072125","0,0,0"
19.533333333333335,88,AV,2,0,0,40,1446.9812594843625,0.1,-0.29533333333333334,"0.10545833333333332,0.16407459677419356,0.17114270833333337,0.1,0.4,0.0759950298133052","0,0,0"
23.633333333333333,223,AV,2,0,0,48,4381.240268036911,0.3,-0.5363333333333333,"0.15788888888888888,0.249804788213628,0.22179685264663807,0.3,0.48,0.23010144921114412","0,0,0"
19.483333333333334,36,AV,2,0,0,43,802.5586880039084,0.2,-0.39483333333333337,"0.13168181818181818,0.2010898491083676,0.19061044176706826,0.2,0.43,0.042150146052007835","0,0,0"
19.666666666666668,174,AV,2,0,0,42,3001.8426729260827,0.2,-0.3966666666666667,"0.12146666666666667,0.1887291666666667,0.1832356020942408,0.2,0.42,0.1576558935567436","0,0,0"
18.6,173,AV,2,0,0,37,2966.188350320237,0.1,-0.28600000000000003,"0.09592156862745099,0.14211340852130325,0.15220924574209244,0.1,0.37,0.15578333902872574","0,0,0"
24.433333333333334,195,AV,2,0,0,53,3398.605365942332,0.1,-0.3443333333333334,"0.18049999999999997,0.2888085106382978,0.2498452914798206,0.1,0.53,0.17849375340250406","0,0,0"
34.8,278,AV,2,0,0,69,8326.33528790118,0.1,-0.44799999999999995,"0.2552037037037037,0.38228571428571434,0.3209538011695907,0.1,0.69,0.43729667837240127","0,0,0"
20.416666666666668,245,AV,2,0,0,44,5064.807770076448,0.3,-0.5041666666666667,"0.13679761904761903,0.2107668231611893,0.1965336787564767,0.3,0.44,0.2660022132026646","0,0,0"
11.633333333333333,16,AV,2,0,0,14,583.3206434887895,0.4,-0.5163333333333333,"0.0,0.07746396396396399,0.11536666666666666,0.4,0.14,0.030635828489198207","0,0,0"
8.466666666666667,244,AV,1,0,0,28,5051.78348307234,0.1,-0.18466666666666667,"0.06042361111111112,0.0887720430107527,0.12065697674418603,0.1,0.28,0.26531818148305064","0,0,0"
17.2,214,AV,2,0,0,36,4015.909421979459,0.5,-0.6719999999999999,"0.0894047619047619,0.1344263420724095,0.14759469696969696,0.5,0.36,0.21091438071535054","0,0,0"
23.15,10,AV,2,0,0,46,513.3463032142733,0.4,-0.6315,"0.15139583333333334,0.2362401263823065,0.2127421227197347,0.4,0.46,0.026960796735695607","0,0,0"
11.516666666666667,146,AV,2,0,0,9,2421.832203454489,0.3,-0.4151666666666667,"0.0,0.0,0.0,0.3,0.09,0.12719391443254247","0,0,0"
10.0,274,AV,0,0,0,37,7658.5640246764915,0.4,-0.5391718341758817,"0.09592156862745099,0.14211340852130325,0.15220924574209244,0.4,0.37,0.4022255281936403","0,0,0"
14.616666666666667,236,AV,2,0,0,36,4754.245589533712,0.8,-0.9461666666666667,"0.0894047619047619,0.1344263420724095,0.14759469696969696,0.8,0.36,0.24969157889794616","0,0,0"
34.06666666666667,113,AV,2,0,0,70,1639.6236094811811,0.2,-0.5406666666666666,"0.25689999999999996,0.3871212121212121,0.3249352517985612,0.2,0.7,0.08611254932874826","0,0,0"
10.783333333333333,0,AV,2,0,0,30,388.2787303527966,0.9,-1.0078333333333334,"0.06095061728395062,0.09141450216450213,0.12104509803921568,0.9,0.3,0.02039228462402346","0,0,0"
26.35,136,AV,2,0,0,53,2164.09247058771,0.2,-0.4635,"0.18049999999999997,0.2888085106382978,0.2498452914798206,0.2,0.53,0.11365749953089815","0,0,0"
31.583333333333332,27,AV,2,0,0,64,676.2529471816457,0.1,-0.4158333333333333,"0.2374285714285714,0.35654030501089323,0.29841474358974357,0.1,0.64,0.03551660572350354","0,0,0"
25.066666666666666,191,AV,2,0,0,49,3352.9358316496982,0.1,-0.3506666666666667,"0.1620952380952381,0.25634050179211465,0.22443465491923642,0.1,0.49,0.17609520290478356","0,0,0"
15.8,211,AV,2,0,0,37,3942.222625638348,0.9,-1.058,"0.09592156862745099,0.14211340852130325,0.15220924574209244,0.9,0.37,0.20704437186203256","0,0,0"
26.2,248,AV,2,0,0,54,5307.329693361759,0.2,-0.462,"0.18852777777777777,0.29872079037800686,0.25476666666666664,0.2,0.54,0.2787393932246195","0,0,0"
20.616666666666667,6,AV,2,0,0,43,477.1303205766694,0.8,-1.0061666666666667,"0.13168181818181818,0.2010898491083676,0.19061044176706826,0.8,0.43,0.025058743988140585","0,0,0"
18.533333333333335,210,AV,2,0,0,40,3941.04555698938,0.3,-0.48533333333333334,"0.10545833333333332,0.16407459677419356,0.17114270833333337,0.3,0.4,0.20698255256307185","0,0,0"
24.033333333333335,139,AV,2,0,0,50,2344.9936519099742,0.2,-0.44033333333333335,"0.16623333333333332,0.262903165735568,0.23055649717514126,0.2,0.5,0.12315837632369546","0,0,0"
30.75,299,AV,2,0,0,62,19040.472291926453,0.2,-0.5075000000000001,"0.2285,0.34569144144144137,0.2905625,0.2,0.62,1.0","0,0,0"
36.31666666666667,3,AV,2,0,0,76,449.0833195935783,0.4,-0.7631666666666668,"0.2746410256410256,0.4038791666666667,0.3413114169215087,0.4,0.76,0.02358572375245118","0,0,0"
33.3,48,AV,2,0,0,72,898.3728471886773,0.5,-0.833,"0.267,0.39549999999999996,0.3307409909909909,0.5,0.72,0.047182277488442635","0,0,0"
32.95,188,AV,2,0,0,66,3274.575105225111,0.4,-0.7295,"0.23989999999999997,0.3630343137254902,0.31047729988052575,0.4,0.66,0.17197972061930406","0,0,0"
29.6,189,AV,2,0,0,61,3301.717979419838,0.2,-0.49600000000000005,"0.21891666666666665,0.33537449799196783,0.2835773333333333,0.2,0.61,0.1734052563822082","0,0,0"
16.616666666666667,60,AV,2,0,0,35,1025.7249596144625,0.2,-0.3661666666666667,"0.0803623188405797,0.1251015037593985,0.14256361323155217,0.2,0.35,0.05387077294555297","0,0,0"
19.216666666666665,86,AV,2,0,0,42,1411.5824788559885,0.3,-0.49216666666666664,"0.12146666666666667,0.1887291666666667,0.1832356020942408,0.3,0.42,0.07413589627472256","0,0,0"
16.066666666666666,64,AV,2,0,0,37,1074.3823512953045,0.1,-0.26066666666666666,"0.09592156862745099,0.14211340852130325,0.15220924574209244,0.1,0.37,0.05642624483379356","0,0,0"
13.35,289,AV,0,0,0,43,10838.007207066395,0.4,-0.5611803654277329,"0.13168181818181818,0.2010898491083676,0.19061044176706826,0.4,0.43,0.5692089482287648","0,0,0"
22.066666666666666,175,AV,2,0,0,47,3024.224513765153,0.2,-0.4206666666666667,"0.1515,0.24174489795918366,0.2175648148148148,0.2,0.47,0.1588313812492711","0,0,0"
24.266666666666666,66,AV,2,0,0,50,1097.8259349569896,0.2,-0.44266666666666665,"0.16623333333333332,0.262903165735568,0.23055649717514126,0.2,0.5,0.05765749494682913","0,0,0"
31.95,155,AV,2,0,0,67,2648.588416164911,0.4,-0.7195,"0.24953703703703706,0.3751652046783627,0.3153501683501683,0.4,0.67,0.1391030839759141","0,0,0"
13.833333333333334,83,AV,2,0,0,31,1373.5659577718477,0.7,-0.8383333333333333,"0.06269753086419753,0.09778635346756152,0.12387719298245614,0.7,0.31,0.07213927977796368","0,0,0"
20.9,201,AV,2,0,0,45,3608.770587345788,0.8,-1.0090000000000001,"0.14380303030303032,0.22646614583333333,0.2061274961597542,0.8,0.45,0.18953156896617424","0,0,0"
29.866666666666667,212,AV,2,0,0,64,3958.913906791885,0.1,-0.3986666666666667,"0.2374285714285714,0.35654030501089323,0.29841474358974357,0.1,0.64,0.20792099303495454","0,0,0"
33.88333333333333,259,AV,2,0,0,67,5913.041300376779,0.2,-0.5388333333333333,"0.24953703703703706,0.3751652046783627,0.3153501683501683,0.2,0.67,0.31055118852718944","0,0,0"
19.7,126,AV,1,0,0,50,2015.5588757501516,0.5,-0.697,"0.16623333333333332,0.262903165735568,0.23055649717514126,0.5,0.5,0.10585655885252329","0,0,0"
20.766666666666666,115,AV,2,0,0,44,1682.490559712908,0.2,-0.4076666666666667,"0.13679761904761903,0.2107668231611893,0.1965336787564767,0.2,0.44,0.0883639089365613","0,0,0"
12.15,21,AV,2,0,0,22,623.7253316558669,0.3,-0.4215,"0.050124999999999996,0.08397208121827411,0.11709574468085104,0.3,0.22,0.03275787081816973","0,0,0"
5.066666666666666,238,AV,0,0,0,16,4925.450001742355,0.8,-0.9115748070180816,"0.050666666666666665,0.07792391304347827,0.11658333333333333,0.8,0.16,0.25868318423124653","0,0,0"
36.28333333333333,165,AV,2,0,0,84,2838.632091159661,0.6,-0.9628333333333333,"0.2814090909090909,0.41836928104575166,0.3512290502793296,0.6,0.84,0.149084121845197","0,0,0"
18.8,51,AV,2,0,0,42,932.0432837729122,0.8,-0.988,"0.12146666666666667,0.1887291666666667,0.1832356020942408,0.8,0.42,0.04895063890658413","0,0,0"
20.533333333333335,168,AV,2,0,0,41,2909.8477340427667,0.2,-0.4053333333333333,"0.11433333333333336,0.18008588064046582,0.1794108108108108,0.2,0.41,0.15282434644631168","0,0,0"
26.833333333333332,68,AV,2,0,0,51,1141.0395517097602,0.2,-0.4683333333333333,"0.17503703703703702,0.2719098639455782,0.23860542635658916,0.2,0.51,0.05992706137828231","0,0,0"
11.2,81,AV,2,0,0,23,1297.4303329633815,0.1,-0.212,"0.050124999999999996,0.08450877192982457,0.11787202380952382,0.1,0.23,0.06814065917437974","0,0,0"
18.616666666666667,23,AV,2,0,0,39,632.5893922142865,0.2,-0.38616666666666666,"0.10514102564102565,0.156272614622057,0.160262077294686,0.2,0.39,0.033223408669464424","0,0,0"
12.883333333333333,265,AV,2,0,0,18,6130.868263041086,0.4,-0.5288333333333334,"0.049944444444444444,0.08114306784660769,0.11655376344086019,0.4,0.18,0.3219913964865619","0,0,0"
28.466666666666665,12,AV,2,0,0,55,541.9839687696077,0.3,-0.5846666666666667,"0.19269999999999998,0.3053368237347295,0.26009895833333335,0.3,0.55,0.028464838500850628","0,0,0"
15.016666666666667,196,AV,2,0,0,35,3427.0421228311798,0.4,-0.5501666666666667,"0.0803623188405797,0.1251015037593985,0.14256361323155217,0.4,0.35,0.1799872435036349","0,0,0"
37.916666666666664,131,AV,2,0,0,82,2088.64210540395,0.3,-0.6791666666666667,"0.28052777777777776,0.41693396226415097,0.34702769953051643,0.3,0.82,0.10969486856109009","0,0,0"
21.466666666666665,286,AV,2,0,0,44,9095.945853089892,0.2,-0.41466666666666663,"0.13679761904761903,0.2107668231611893,0.1965336787564767,0.2,0.44,0.47771639871279653","0,0,0"
28.4,246,AV,2,0,0,56,5200.876525735832,0.2,-0.484,"0.19269999999999998,0.3105787878787879,0.2662233333333333,0.2,0.56,0.27314850419656395","0,0,0"
31.283333333333335,13,AV,2,0,0,65,566.7055292848979,0.4,-0.7128333333333334,"0.239375,0.36133465608465604,0.3055075757575758,0.4,0.65,0.02976320758205103","0,0,0"
27.216666666666665,85,AV,2,0,0,55,1391.0507319816634,0.9,-1.1721666666666666,"0.19269999999999998,0.3053368237347295,0.26009895833333335,0.9,0.55,0.07305757497262802","0,0,0"
10.983333333333333,34,AV,2,0,0,16,776.0711537761008,0.2,-0.30983333333333335,"0.050666666666666665,0.07792391304347827,0.11658333333333333,0.2,0.16,0.04075902855125977","0,0,0"
12.65,61,AV,2,0,0,30,1038.299283744561,0.1,-0.2265,"0.06095061728395062,0.09141450216450213,0.12104509803921568,0.1,0.3,0.054531172747475445","0,0,0"
37.78333333333333,56,AV,2,0,0,94,981.8973671489576,0.1,-0.47783333333333333,"0.29064285714285715,0.4324289617486339,0.3602372159090909,0.1,0.94,0.05156896069039748","0,0,0"
32.71666666666667,110,AV,2,0,0,65,1614.9493849180149,0.1,-0.4271666666666667,"0.239375,0.36133465608465604,0.3055075757575758,0.1,0.65,0.08481666631781955","0,0,0"
18.666666666666668,72,AV,2,0,0,42,1205.4292211271013,0.3,-0.4866666666666667,"0.12146666666666667,0.1887291666666667,0.1832356020942408,0.3,0.42,0.06330878786227523","0,0,0"
29.3,224,AV,2,0,0,60,4416.224882412617,0.3,-0.593,"0.21394444444444446,0.3308562500000001,0.27932490272373545,0.3,0.6,0.23193883086005102","0,0,0"
23.8,84,AV,1,0,0,56,1386.7650627050614,0.7,-0.938,"0.19269999999999998,0.3105787878787879,0.2662233333333333,0.7,0.56,0.07283249288375467","0,0,0"
39.266666666666666,230,AV,2,0,0,91,4572.8741748457805,0.1,-0.4926666666666667,"0.2901875,0.4325734463276836,0.35816761095372984,0.1,0.91,0.24016600558720239","0,0,0"
33.25,270,AV,2,0,0,72,7128.986247371214,0.1,-0.4325,"0.267,0.39549999999999996,0.3307409909909909,0.1,0.72,0.3744122592165977","0,0,0"
16.05,204,AV,2,0,0,35,3773.073658575576,0.3,-0.4605,"0.0803623188405797,0.1251015037593985,0.14256361323155217,0.3,0.35,0.19816071790275053","0,0,0"
29.25,233,AV,2,0,0,60,4639.089550420253,0.3,-0.5925,"0.21394444444444446,0.3308562500000001,0.27932490272373545,0.3,0.6,0.24364361762115117","0,0,0"
28.083333333333332,209,AV,2,0,0,56,3898.759045987068,0.1,-0.38083333333333336,"0.19269999999999998,0.3105787878787879,0.2662233333333333,0.1,0.56,0.204761677452729","0,0,0"
16.6,79,AV,1,0,0,42,1293.252850487379,0.1,-0.266,"0.12146666666666667,0.1887291666666667,0.1832356020942408,0.1,0.42,0.0679212590244279","0,0,0"
16.8,202,AV,2,0,0,34,3630.005597296026,0.2,-0.368,"0.07711333333333333,0.11680750307503075,0.13496639784946235,0.2,0.34,0.1906468254380025","0,0,0"
13.583333333333334,63,AV,2,0,0,33,1068.5648373754009,0.4,-0.5358333333333334,"0.06878282828282826,0.10836352657004829,0.13175975975975976,0.4,0.33,0.05612071071516929","0,0,0"
26.433333333333334,107,AV,2,0,0,54,1592.2311391495805,0.4,-0.6643333333333333,"0.18852777777777777,0.29872079037800686,0.25476666666666664,0.4,0.54,0.08362351073742634","0,0,0"
28.5,198,AV,2,0,0,56,3480.90175047103,0.1,-0.385,"0.19269999999999998,0.3105787878787879,0.2662233333333333,0.1,0.56,0.18281593529310736","0,0,0"
12.966666666666667,65,AV,2,0,0,24,1089.3140785512585,0.3,-0.42966666666666664,"0.050124999999999996,0.08482440476190475,0.11743548387096775,0.3,0.24,0.05721045475395848","0,0,0"
16.0,156,AV,2,0,0,30,2667.9339807116767,0.7,-0.86,"0.06095061728395062,0.09141450216450213,0.12104509803921568,0.7,0.3,0.140119107331331","0,0,0"
19.416666666666668,282,AV,2,0,0,42,8689.506535985933,0.1,-0.2941666666666667,"0.12146666666666667,0.1887291666666667,0.1832356020942408,0.1,0.42,0.45637032541837","0,0,0"
23.2,288,AV,2,0,0,49,10213.823531357188,0.3,-0.532,"0.1620952380952381,0.25634050179211465,0.22443465491923642,0.3,0.49,0.5364270053158322","0,0,0"
34.45,235,AV,2,0,0,69,4705.31956239884,0.4,-0.7445,"0.2552037037037037,0.38228571428571434,0.3209538011695907,0.4,0.69,0.24712199835473575","0,0,0"
19.983333333333334,114,AV,1,0,0,45,1659.6531244520008,0.4,-0.5998333333333333,"0.14380303030303032,0.22646614583333333,0.2061274961597542,0.4,0.45,0.08716449355910817","0,0,0"
18.783333333333335,263,AV,2,0,0,38,6031.594525491932,0.7,-0.8878333333333333,"0.09811111111111112,0.1518320707070707,0.15826666666666667,0.7,0.38,0.3167775690127944","0,0,0"
21.2,216,AV,2,0,0,44,4113.319853961603,0.2,-0.41200000000000003,"0.13679761904761903,0.2107668231611893,0.1965336787564767,0.2,0.44,0.21603034792922307","0,0,0"
12.8,194,AV,2,0,0,26,3393.6426315430986,0.1,-0.228,"0.05667948717948718,0.08689330808080806,0.11932083333333335,0.1,0.26,0.17823311205269168","0,0,0"
20.216666666666665,205,AV,2,0,0,44,3773.692032315799,0.8,-1.0021666666666667,"0.13679761904761903,0.2107668231611893,0.1965336787564767,0.8,0.44,0.19819319470956198","0,0,0"
31.283333333333335,153,AV,2,0,0,62,2619.168197182975,0.2,-0.5128333333333334,"0.2285,0.34569144144144137,0.2905625,0.2,0.62,0.13755794273514713","0,0,0"
20.666666666666668,231,AV,2,0,0,44,4609.601315671212,0.1,-0.30666666666666664,"0.13679761904761903,0.2107668231611893,0.1965336787564767,0.1,0.44,0.2420949042123171","0,0,0"
18.666666666666668,15,AV,2,0,0,39,571.0932451196882,0.3,-0.4866666666666667,"0.10514102564102565,0.156272614622057,0.160262077294686,0.3,0.39,0.029993649126121902","0,0,0"
27.133333333333333,117,AV,0,0,0,69,1794.439334206041,0.1,-0.5385164719779933,"0.2552037037037037,0.38228571428571434,0.3209538011695907,0.1,0.69,0.09424342561959032","0,0,0"
24.616666666666667,46,AV,2,0,0,47,881.2906222289953,0.1,-0.3461666666666667,"0.1515,0.24174489795918366,0.2175648148148148,0.1,0.47,0.04628512406190052","0,0,0"
27.766666666666666,102,AV,2,0,0,52,1564.4426034616197,0.1,-0.3776666666666667,"0.17859259259259258,0.281658379373849,0.24476159420289856,0.1,0.52,0.08216406502295508","0,0,0"
22.716666666666665,5,AV,2,0,0,44,465.3670128771111,0.1,-0.32716666666666666,"0.13679761904761903,0.2107668231611893,0.1965336787564767,0.1,0.44,0.0244409385304185","0,0,0"
33.6,49,AV,2,0,0,71,904.859336063587,0.3,-0.636,"0.26315151515151514,0.3944126984126985,0.3296319199057715,0.3,0.71,0.04752294597478371","0,0,0"
34.18333333333333,37,AV,2,0,0,71,832.4581618945489,0.1,-0.4418333333333333,"0.26315151515151514,0.3944126984126985,0.3296319199057715,0.1,0.71,0.043720457619506006","0,0,0"
21.7,182,AV,2,0,0,46,3225.188153267811,0.1,-0.317,"0.15139583333333334,0.2362401263823065,0.2127421227197347,0.1,0.46,0.16938593244009792","0,0,0"
23.15,251,AV,2,0,0,46,5557.427333357366,0.3,-0.5315,"0.15139583333333334,0.2362401263823065,0.2127421227197347,0.3,0.46,0.2918744476582037","0,0,0"
10.433333333333334,252,AV,1,0,0,33,5611.673516276995,0.1,-0.20433333333333334,"0.06878282828282826,0.10836352657004829,0.13175975975975976,0.1,0.33,0.29472344121718336","0,0,0"
15.233333333333333,96,AV,2,0,0,37,1530.0661682302475,0.1,-0.2523333333333333,"0.09592156862745099,0.14211340852130325,0.15220924574209244,0.1,0.37,0.08035862476368438","0,0,0"
30.85,17,AV,2,0,0,64,586.8516376274475,0.3,-0.6085,"0.2374285714285714,0.35654030501089323,0.29841474358974357,0.3,0.64,0.03082127526197365","0,0,0"
22.883333333333333,104,AV,2,0,0,48,1579.1767070066765,0.1,-0.3288333333333333,"0.15788888888888888,0.249804788213628,0.22179685264663807,0.1,0.48,0.08293789580399638","0,0,0"
26.65,294,AV,2,0,0,52,13430.196447392702,0.1,-0.36649999999999994,"0.17859259259259258,0.281658379373849,0.24476159420289856,0.1,0.52,0.7053499640913518","0,0,0"
27.066666666666666,1,AV,2,0,0,55,419.7646265090227,0.1,-0.3706666666666667,"0.19269999999999998,0.3053368237347295,0.26009895833333335,0.1,0.55,0.022045914621929386","0,0,0"
31.383333333333333,169,AV,2,0,0,65,2927.9701715656583,0.3,-0.6138333333333333,"0.239375,0.36133465608465604,0.3055075757575758,0.3,0.65,0.1537761315304756","0,0,0"
11.95,87,AV,2,0,0,25,1434.4967426379471,0.2,-0.3195,"0.053533333333333336,0.08543714689265534,0.11862560386473434,0.2,0.25,0.07533934666348602","0,0,0"
15.183333333333334,213,AV,2,0,0,30,3971.0791127863904,0.4,-0.5518333333333334,"0.06095061728395062,0.09141450216450213,0.12104509803921568,0.4,0.3,0.20855990607282407","0,0,0"
24.533333333333335,55,AV,2,0,0,51,979.573716991658,0.2,-0.44533333333333336,"0.17503703703703702,0.2719098639455782,0.23860542635658916,0.2,0.51,0.051446923268128025","0,0,0"
20.233333333333334,225,AV,2,0,0,44,4459.768546990965,0.6,-0.8023333333333333,"0.13679761904761903,0.2107668231611893,0.1965336787564767,0.6,0.44,0.23422573130615026","0,0,0"
29.45,40,AV,2,0,0,62,859.2772315809713,0.2,-0.4945,"0.2285,0.34569144144144137,0.2905625,0.2,0.62,0.045128987264949426","0,0,0"
22.616666666666667,157,AV,2,0,0,50,2675.3892374750885,0.7,-0.9261666666666666,"0.16623333333333332,0.262903165735568,0.23055649717514126,0.7,0.5,0.14051065522200876","0,0,0"
29.616666666666667,33,AV,2,0,0,62,763.1985099142711,0.2,-0.4961666666666667,"0.2285,0.34569144144144137,0.2905625,0.2,0.62,0.04008296108484046","0,0,0"
12.75,206,AV,2,0,0,29,3824.993837156676,0.7,-0.8274999999999999,"0.06076923076923077,0.08990675241157556,0.12092168674698796,0.7,0.29,0.20088755039855555","0,0,0"
18.05,75,AV,2,0,0,40,1249.5878531833848,0.1,-0.28049999999999997,"0.10545833333333332,0.16407459677419356,0.17114270833333337,0.1,0.4,0.06562798621929328","0,0,0"
28.383333333333333,226,AV,2,0,0,57,4504.939201911708,0.4,-0.6838333333333333,"0.19766666666666666,0.3185916666666667,0.2707756160830091,0.4,0.57,0.2365980808061097","0,0,0"
35.88333333333333,18,AV,2,0,0,74,591.6693204447811,0.3,-0.6588333333333334,"0.2681666666666666,0.3992439862542955,0.3342384034519958,0.3,0.74,0.0310742985454022","0,0,0"
40.95,269,AV,2,0,0,89,6709.13861087917,0.2,-0.6095,"0.2901875,0.42822701149425285,0.3559806967984935,0.2,0.89,0.352361984934795","0,0,0"
