travel_time,id,kind,action,origin,destination,start_time,income,urgency,reward,observation,cost_table
29.133333333333333,122,AV,2,0,0,61,1832.3133019091129,0.1,-0.3913333333333333,"0.5528198653198655,0.2531837606837607,0.2824404761904762,0.1,0.61,0.0962325552547376","0,0,0"
26.216666666666665,247,AV,2,0,0,53,5304.212874057136,0.1,-0.36216666666666664,"0.4460732600732601,0.22044973544973548,0.25003012048192774,0.1,0.53,0.2785756987922106","0,0,0"
17.9,58,AV,2,0,0,40,1020.7360413649084,0.1,-0.279,"0.22103632478632476,0.13630027548209367,0.16721452145214516,0.1,0.4,0.053608756427629224","0,0,0"
39.8,260,AV,0,0,0,56,5985.732437913218,0.5,-0.9481191797514738,"0.4900135658914728,0.23627586206896553,0.265530612244898,0.5,0.56,0.31436890567316916","0,0,0"
30.266666666666666,160,AV,2,0,0,63,2756.9260540590044,0.1,-0.4026666666666666,"0.590394144144144,0.26417175572519086,0.29523684210526313,0.1,0.63,0.14479294482773922","0,0,0"
31.133333333333333,264,AV,2,0,0,66,6081.635477498837,0.2,-0.5113333333333334,"0.6146973684210526,0.2801853333333334,0.310949494949495,0.2,0.66,0.31940570508209365","0,0,0"
14.65,186,AV,2,0,0,37,3251.3322332141274,0.3,-0.4465,"0.1819833333333333,0.1209944903581267,0.15234082397003743,0.3,0.37,0.17075901182308162","0,0,0"
10.1,142,AV,0,0,0,33,2361.523720441912,0.1,-0.3280366236015876,"0.11328703703703706,0.10002248677248676,0.1316329365079365,0.1,0.33,0.12402653065718573","0,0,0"
13.65,141,AV,1,0,0,39,2360.1328348572283,0.2,-0.3365,"0.20311244979919682,0.13001315789473683,0.1597750809061489,0.2,0.39,0.12395348175570059","0,0,0"
12.45,298,AV,2,0,0,31,17693.100214811147,0.2,-0.3245,"0.09045333333333332,0.09244166666666667,0.1252375,0.2,0.31,0.9292364151236616","0,0,0"
29.35,98,AV,1,0,0,66,1538.317647081207,0.8,-1.0935000000000001,"0.6146973684210526,0.2801853333333334,0.310949494949495,0.8,0.66,0.08079199000402343","0,0,0"
43.21666666666667,147,AV,0,0,0,60,2456.6540037696086,0.5,-1.054283985401688,"0.5399838709677419,0.24924931129476582,0.27838565891472866,0.5,0.6,0.12902274513491346","0,0,0"
31.95,125,AV,2,0,0,67,2011.9739719035176,0.6,-0.9195,"0.6373396624472574,0.28599868766404196,0.31696276595744677,0.6,0.67,0.10566828075775386","0,0,0"
16.816666666666666,99,AV,2,0,0,39,1541.4014724042315,0.2,-0.36816666666666664,"0.20311244979919682,0.13001315789473683,0.1597750809061489,0.2,0.39,0.08095395160223084","0,0,0"
51.9,132,AV,0,0,0,68,2108.868816674547,0.3,-0.9612563592519079,"0.6574731800766282,0.2897962962962963,0.31999826388888897,0.3,0.68,0.1107571694830674","0,0,0"
11.283333333333333,271,AV,2,0,0,12,7177.938863287724,0.4,-0.5128333333333334,"0.051500000000000004,0.0773888888888889,0.11560416666666665,0.4,0.12,0.3769832361947931","0,0,0"
11.716666666666667,103,AV,2,0,0,18,1564.487892525026,0.4,-0.5171666666666667,"0.054378205128205126,0.07998148148148149,0.11591472868217054,0.4,0.18,0.08216644359123385","0,0,0"
13.9,20,AV,2,0,0,32,597.1498506777683,0.5,-0.639,"0.10300347222222223,0.0960731707317073,0.12790946502057615,0.5,0.32,0.03136213437998447","0,0,0"
35.266666666666666,32,AV,2,0,0,80,761.8437659652793,0.5,-0.8526666666666667,"0.7229532520325204,0.31227595628415306,0.343109375,0.5,0.8,0.04001181033142316","0,0,0"
33.31666666666667,4,AV,2,0,0,72,457.16351791608827,0.3,-0.6331666666666667,"0.6931203703703703,0.3003194444444444,0.33047875816993477,0.3,0.72,0.02401009338985435","0,0,0"
32.96666666666667,151,AV,0,0,0,49,2574.4307659940623,0.2,-0.6461972814972277,"0.3816175213675214,0.19260192837465567,0.22267821782178213,0.2,0.49,0.13520834601805928","0,0,0"
22.65,144,AV,1,0,0,53,2417.357356239525,0.1,-0.3265,"0.4460732600732601,0.22044973544973548,0.25003012048192774,0.1,0.53,0.12695889677403294","0,0,0"
5.033333333333333,234,AV,0,0,0,16,4662.282088415262,0.3,-0.41467950422364336,"0.050964285714285705,0.07780769230769231,0.11526851851851852,0.3,0.16,0.24486168288967095","0,0,0"
46.6,14,AV,0,0,0,64,567.550811201735,0.4,-1.3945870341102649,"0.5954342723004694,0.2701820512820513,0.30110942760942755,0.4,0.64,0.0298076015395053","0,0,0"
34.233333333333334,22,AV,2,0,0,72,627.4062491148882,0.1,-0.44233333333333336,"0.6931203703703703,0.3003194444444444,0.33047875816993477,0.1,0.72,0.03295119151959908","0,0,0"
34.63333333333333,57,AV,0,0,0,50,1005.9867386644172,0.1,-0.7445480000577579,"0.3934558232931727,0.19695669291338586,0.22969629629629626,0.1,0.5,0.052834127391418545","0,0,0"
27.65,124,AV,0,0,0,43,1927.298426803608,0.1,-0.5321583017076109,"0.2845454545454546,0.15925995024875625,0.19083333333333333,0.1,0.43,0.10122114605428258","0,0,0"
37.75,162,AV,2,0,0,85,2780.081336731352,0.5,-0.8775,"0.7371724137931034,0.31928512396694214,0.35186775362318834,0.5,0.85,0.14600905345767937","0,0,0"
37.9,42,AV,0,0,0,51,863.3540159882258,0.6,-1.3264820229527854,"0.41402014652014657,0.2050785907859079,0.23739147286821705,0.6,0.51,0.0453430987819722","0,0,0"
17.933333333333334,50,AV,2,0,0,40,914.1934345695068,0.1,-0.2793333333333333,"0.22103632478632476,0.13630027548209367,0.16721452145214516,0.1,0.4,0.048013170080720285","0,0,0"
39.63333333333333,91,AV,0,0,0,52,1474.807688008607,0.1,-0.6997496854714768,"0.4348817204301076,0.21346438746438742,0.24577037037037033,0.1,0.52,0.07745646564838392","0,0,0"
31.3,137,AV,2,0,0,64,2239.194506681481,0.3,-0.613,"0.5954342723004694,0.2701820512820513,0.30110942760942755,0.3,0.64,0.11760183635943447","0,0,0"
14.583333333333334,217,AV,1,0,0,41,4164.701887555128,0.1,-0.24583333333333335,"0.24799794238683126,0.14524576271186443,0.17854290429042904,0.1,0.41,0.21872891720868953","0,0,0"
32.7,279,AV,0,0,0,47,8333.728817076937,0.3,-0.6629982915913053,"0.35944444444444446,0.1842492354740061,0.2158863636363636,0.3,0.47,0.4376849843483456","0,0,0"
18.283333333333335,277,AV,1,0,0,46,7958.958807233507,0.1,-0.2828333333333334,"0.34464227642276435,0.18035220125786164,0.21108482142857146,0.1,0.46,0.4180021737490339","0,0,0"
56.733333333333334,207,AV,0,0,0,94,3849.958431883558,0.1,-0.7452562525824192,"0.7511879844961241,0.326504347826087,0.35893265993265994,0.1,0.94,0.20219868356500897","0,0,0"
31.15,120,AV,2,0,0,66,1823.811293294481,0.2,-0.5115000000000001,"0.6146973684210526,0.2801853333333334,0.310949494949495,0.2,0.66,0.09578603226495669","0,0,0"
48.166666666666664,200,AV,0,0,0,66,3520.054626539052,0.3,-0.8668926167806745,"0.6146973684210526,0.2801853333333334,0.310949494949495,0.3,0.66,0.18487223281912113","0,0,0"
55.31666666666667,203,AV,0,0,0,79,3667.3634505223554,0.1,-0.7349693033694101,"0.7190682730923694,0.31165833333333337,0.3420962199312715,0.1,0.79,0.19260884889275526","0,0,0"
30.416666666666668,291,AV,2,0,0,63,11861.36896338871,0.7,-1.0041666666666667,"0.590394144144144,0.26417175572519086,0.29523684210526313,0.7,0.63,0.622955606433049","0,0,0"
27.25,77,AV,1,0,0,61,1265.4739572733297,0.2,-0.47250000000000003,"0.5528198653198655,0.2531837606837607,0.2824404761904762,0.2,0.61,0.0664623197298481","0,0,0"
12.8,44,AV,2,0,0,32,870.7377108213431,0.1,-0.228,"0.10300347222222223,0.0960731707317073,0.12790946502057615,0.1,0.32,0.045730888261135916","0,0,0"
13.583333333333334,71,AV,1,0,0,37,1167.011530479414,0.1,-0.23583333333333334,"0.1819833333333333,0.1209944903581267,0.15234082397003743,0.1,0.37,0.061291102058127545","0,0,0"
29.1,267,AV,1,0,0,70,6254.49597505133,0.1,-0.391,"0.6747936507936508,0.29469396551724136,0.32522166666666663,0.1,0.7,0.3284842875301661","0,0,0"
10.0,129,AV,1,0,0,32,2044.1603053436156,0.4,-0.5,"0.10300347222222223,0.0960731707317073,0.12790946502057615,0.4,0.32,0.10735869751562734","0,0,0"
27.35,135,AV,1,0,0,64,2147.781038516846,0.1,-0.37350000000000005,"0.5954342723004694,0.2701820512820513,0.30110942760942755,0.1,0.64,0.1128008279199854","0,0,0"
50.06666666666667,128,AV,0,0,0,67,2035.9911412414244,0.1,-0.7480150484563233,"0.6373396624472574,0.28599868766404196,0.31696276595744677,0.1,0.67,0.10692965542166336","0,0,0"
20.716666666666665,228,AV,0,0,0,40,4549.070920567666,0.2,-0.4731141986437157,"0.22103632478632476,0.13630027548209367,0.16721452145214516,0.2,0.4,0.2389158656792649","0,0,0"
33.983333333333334,78,AV,2,0,0,75,1282.6858023855964,0.1,-0.4398333333333333,"0.7084819277108433,0.3066106557377049,0.3372771929824562,0.1,0.75,0.06736628076864885","0,0,0"
20.333333333333332,116,AV,1,0,0,51,1703.2333497257905,0.8,-1.0033333333333334,"0.41402014652014657,0.2050785907859079,0.23739147286821705,0.8,0.51,0.08945331416217002","0,0,0"
18.8,249,AV,2,0,0,42,5386.149373461946,0.1,-0.28800000000000003,"0.26320625,0.14987841530054644,0.18314965986394557,0.1,0.42,0.28287897962204345","0,0,0"
36.016666666666666,45,AV,2,0,0,74,873.8892656114449,0.3,-0.6601666666666666,"0.7080843137254901,0.30400847457627117,0.3339226804123711,0.3,0.74,0.045896406991017324","0,0,0"
28.0,112,AV,2,0,0,60,1635.9686818612918,0.4,-0.68,"0.5399838709677419,0.24924931129476582,0.27838565891472866,0.4,0.6,0.08592059360601972","0,0,0"
32.483333333333334,47,AV,2,0,0,66,892.1845339920479,0.1,-0.4248333333333334,"0.6146973684210526,0.2801853333333334,0.310949494949495,0.1,0.66,0.046857269100953565","0,0,0"
17.2,208,AV,2,0,0,38,3863.855435177377,0.1,-0.272,"0.1984642857142857,0.12608547008547005,0.15775252525252523,0.1,0.38,0.2029285500872649","0,0,0"
11.916666666666666,262,AV,0,0,0,33,6020.57275324985,0.1,-0.26899581287838925,"0.11328703703703706,0.10002248677248676,0.1316329365079365,0.1,0.33,0.3161987087790199","0,0,0"
53.61666666666667,190,AV,0,0,0,69,3323.1633986738134,0.1,-0.7264420952296203,"0.6630872093023256,0.2920885885885886,0.32131391585760527,0.1,0.69,0.17453156348873247","0,0,0"
19.233333333333334,101,AV,2,0,0,43,1552.9853059451273,0.1,-0.29233333333333333,"0.2845454545454546,0.15925995024875625,0.19083333333333333,0.1,0.43,0.08156233112997016","0,0,0"
27.666666666666668,89,AV,2,0,0,60,1447.5744631551047,0.1,-0.3766666666666667,"0.5399838709677419,0.24924931129476582,0.27838565891472866,0.1,0.6,0.07602618469547658","0,0,0"
17.166666666666668,179,AV,1,0,0,45,3065.2253709468137,0.1,-0.2716666666666667,"0.3285296296296296,0.17640625000000004,0.20578401360544218,0.1,0.45,0.16098473419939963","0,0,0"
25.633333333333333,243,AV,2,0,0,53,5009.92015912814,0.3,-0.5563333333333333,"0.4460732600732601,0.22044973544973548,0.25003012048192774,0.3,0.53,0.2631195320324301","0,0,0"
15.416666666666666,240,AV,0,0,0,34,4967.653125719208,0.1,-0.3145573566781732,"0.13115567765567765,0.10565163934426228,0.1363065134099617,0.1,0.34,0.26089967987955814","0,0,0"
23.35,268,AV,1,0,0,53,6563.608435155774,0.1,-0.3335,"0.4460732600732601,0.22044973544973548,0.25003012048192774,0.1,0.53,0.34471878294420655","0,0,0"
8.666666666666666,297,AV,1,0,0,26,15387.119225735782,0.1,-0.18666666666666665,"0.0719943181818182,0.0836067415730337,0.11780341880341881,0.1,0.26,0.8081269723682344","0,0,0"
10.133333333333333,59,AV,1,0,0,31,1022.032321197676,0.4,-0.5013333333333334,"0.09045333333333332,0.09244166666666667,0.1252375,0.4,0.31,0.053676836662871985","0,0,0"
32.733333333333334,145,AV,2,0,0,68,2421.0391237858234,0.4,-0.7273333333333334,"0.6574731800766282,0.2897962962962963,0.31999826388888897,0.4,0.68,0.12715226212179587","0,0,0"
36.55,215,AV,0,0,0,50,4090.160813256426,0.4,-0.838846749357063,"0.3934558232931727,0.19695669291338586,0.22969629629629626,0.4,0.5,0.21481404192850495","0,0,0"
26.316666666666666,118,AV,2,0,0,54,1799.695682844959,0.1,-0.36316666666666664,"0.45914509803921566,0.22621957671957674,0.2559344569288389,0.1,0.54,0.09451948750284238","0,0,0"
27.683333333333334,193,AV,0,0,0,43,3387.2787239910285,0.1,-0.46540000423502037,"0.2845454545454546,0.15925995024875625,0.19083333333333333,0.1,0.43,0.17789888150134298","0,0,0"
23.283333333333335,28,AV,1,0,0,54,679.8949342204361,0.1,-0.3328333333333333,"0.45914509803921566,0.22621957671957674,0.2559344569288389,0.1,0.54,0.03570788181072196","0,0,0"
30.733333333333334,159,AV,2,0,0,61,2744.8905386527767,0.2,-0.5073333333333334,"0.5528198653198655,0.2531837606837607,0.2824404761904762,0.2,0.61,0.14416084310139018","0,0,0"
19.85,293,AV,1,0,0,48,13351.937436366714,0.4,-0.5985,"0.36983127572016455,0.18848048048048047,0.22038734567901233,0.4,0.48,0.7012398238686656","0,0,0"
23.616666666666667,105,AV,2,0,0,51,1587.6148581174584,0.8,-1.0361666666666667,"0.41402014652014657,0.2050785907859079,0.23739147286821705,0.8,0.51,0.08338106501647227","0,0,0"
14.55,24,AV,2,0,0,34,646.5589615252754,0.4,-0.5455000000000001,"0.13115567765567765,0.10565163934426228,0.1363065134099617,0.4,0.34,0.03395708633758153","0,0,0"
32.2,187,AV,2,0,0,66,3257.969850357721,0.1,-0.42200000000000004,"0.6146973684210526,0.2801853333333334,0.310949494949495,0.1,0.66,0.17110761752160772","0,0,0"
22.233333333333334,26,AV,0,0,0,41,670.158540600369,0.2,-0.8699885996994707,"0.24799794238683126,0.14524576271186443,0.17854290429042904,0.2,0.41,0.03519652928381035","0,0,0"
41.516666666666666,154,AV,0,0,0,57,2645.062412614309,0.2,-0.7285855404782255,"0.5070129629629629,0.2415565476190476,0.2705578231292517,0.2,0.57,0.13891789930735432","0,0,0"
21.733333333333334,197,AV,2,0,0,45,3438.9188747307694,0.1,-0.31733333333333336,"0.3285296296296296,0.17640625000000004,0.20578401360544218,0.1,0.45,0.18061100701734908","0,0,0"
18.35,199,AV,2,0,0,40,3508.846318545673,0.3,-0.48350000000000004,"0.22103632478632476,0.13630027548209367,0.16721452145214516,0.3,0.4,0.18428357578259733","0,0,0"
32.55,172,AV,2,0,0,67,2965.4163440895786,0.2,-0.5255,"0.6373396624472574,0.28599868766404196,0.31696276595744677,0.2,0.67,0.15574279348874007","0,0,0"
29.35,284,AV,1,0,0,70,8987.822610831106,0.2,-0.49350000000000005,"0.6747936507936508,0.29469396551724136,0.32522166666666663,0.2,0.7,0.472037797856628","0,0,0"
8.616666666666667,239,AV,0,0,0,27,4934.883137056144,0.3,-0.44695837979707365,"0.07407142857142858,0.08405445544554455,0.118234496124031,0.3,0.27,0.2591786097211798","0,0,0"
32.18333333333333,166,AV,2,0,0,65,2857.6088215719105,0.2,-0.5218333333333334,"0.6037328767123287,0.27644656488549624,0.30647048611111105,0.2,0.65,0.1500807741404395","0,0,0"
14.366666666666667,97,AV,2,0,0,31,1530.6528609905624,0.1,-0.24366666666666667,"0.09045333333333332,0.09244166666666667,0.1252375,0.1,0.31,0.08038943769475668","0,0,0"
35.3,290,AV,2,0,0,81,11515.391842589095,0.2,-0.5529999999999999,"0.7294230769230768,0.3143836206896552,0.3452706093189965,0.2,0.81,0.6047849898908156","0,0,0"
27.516666666666666,275,AV,1,0,0,66,7864.29237148983,0.2,-0.4751666666666667,"0.6146973684210526,0.2801853333333334,0.310949494949495,0.2,0.66,0.41303032040988025","0,0,0"
41.4,2,AV,0,0,0,59,437.8567856598078,0.2,-1.2991555344698587,"0.5343406593406593,0.24812396694214878,0.27778219696969697,0.2,0.59,0.022996109494903022","0,0,0"
28.283333333333335,25,AV,2,0,0,58,649.7132696839626,0.7,-0.9828333333333332,"0.5236648745519714,0.24457222222222225,0.2753371647509578,0.7,0.58,0.034122749673570554","0,0,0"
27.85,108,AV,2,0,0,57,1592.6375082496468,0.1,-0.37850000000000006,"0.5070129629629629,0.2415565476190476,0.2705578231292517,0.1,0.57,0.08364485312294262","0,0,0"
34.016666666666666,73,AV,2,0,0,70,1239.4416864014672,0.6,-0.9401666666666666,"0.6747936507936508,0.29469396551724136,0.32522166666666663,0.6,0.7,0.06509511252654251","0,0,0"
33.3,241,AV,2,0,0,70,4968.170350229253,0.1,-0.43299999999999994,"0.6747936507936508,0.29469396551724136,0.32522166666666663,0.1,0.7,0.260926844358575","0,0,0"
22.45,222,AV,1,0,0,50,4376.119511966378,0.2,-0.4245,"0.3934558232931727,0.19695669291338586,0.22969629629629626,0.2,0.5,0.22983250860967044","0,0,0"
25.283333333333335,29,AV,2,0,0,55,742.4887258523852,0.9,-1.1528333333333334,"0.47636775362318834,0.22992463768115942,0.26148566308243726,0.9,0.55,0.03899528932206243","0,0,0"
28.1,255,AV,2,0,0,58,5825.994272151124,0.2,-0.48100000000000004,"0.5236648745519714,0.24457222222222225,0.2753371647509578,0.2,0.58,0.3059795042280261","0,0,0"
35.43333333333333,109,AV,2,0,0,86,1596.1763216794554,0.1,-0.45433333333333326,"0.7414166666666666,0.3203898305084746,0.35318518518518516,0.1,0.86,0.0838307105625876","0,0,0"
26.983333333333334,184,AV,2,0,0,57,3236.647802754315,0.1,-0.36983333333333335,"0.5070129629629629,0.2415565476190476,0.2705578231292517,0.1,0.57,0.16998778985785554","0,0,0"
28.016666666666666,272,AV,2,0,0,55,7572.106998522375,0.2,-0.4801666666666667,"0.47636775362318834,0.22992463768115942,0.26148566308243726,0.2,0.55,0.3976848306296006","0,0,0"
31.0,287,AV,1,0,0,77,9280.176126726552,0.1,-0.41000000000000003,"0.7175142276422765,0.3106516393442623,0.3416788194444444,0.1,0.77,0.48739211845399105","0,0,0"
18.85,258,AV,2,0,0,42,5911.733280178027,0.2,-0.3885,"0.26320625,0.14987841530054644,0.18314965986394557,0.2,0.42,0.3104824916913811","0,0,0"
44.733333333333334,119,AV,0,0,0,61,1822.2981036688468,0.4,-1.0119606242227919,"0.5528198653198655,0.2531837606837607,0.2824404761904762,0.4,0.61,0.09570655999124235","0,0,0"
31.083333333333332,100,AV,0,0,0,46,1546.5147326922538,0.8,-1.3048179062948493,"0.34464227642276435,0.18035220125786164,0.21108482142857146,0.8,0.46,0.08122249852741349","0,0,0"
17.033333333333335,52,AV,0,0,0,36,959.5289757906356,0.1,-0.5829867367939272,"0.16803061224489796,0.11657374631268436,0.14764606741573033,0.1,0.36,0.05039417936063988","0,0,0"
24.9,80,AV,2,0,0,52,1294.2551843223837,0.1,-0.349,"0.4348817204301076,0.21346438746438742,0.24577037037037033,0.1,0.52,0.06797390130239438","0,0,0"
13.666666666666666,140,AV,0,0,0,34,2347.541384251396,0.1,-0.36445994094611733,"0.13115567765567765,0.10565163934426228,0.1363065134099617,0.1,0.34,0.12329218247631395","0,0,0"
19.683333333333334,253,AV,2,0,0,44,5670.319740923212,0.1,-0.29683333333333334,"0.3061999999999999,0.1656373333333333,0.19535740740740742,0.1,0.44,0.29780352367244284","0,0,0"
15.933333333333334,283,AV,2,0,0,36,8975.220492497892,0.8,-0.9593333333333334,"0.16803061224489796,0.11657374631268436,0.14764606741573033,0.8,0.36,0.47137593831133945","0,0,0"
43.166666666666664,127,AV,0,0,0,59,2030.86588445069,0.7,-1.2793869087057632,"0.5343406593406593,0.24812396694214878,0.27778219696969697,0.7,0.59,0.10666047844368956","0,0,0"
25.283333333333335,149,AV,2,0,0,52,2472.005569054355,0.1,-0.35283333333333333,"0.4348817204301076,0.21346438746438742,0.24577037037037033,0.1,0.52,0.12982900482476664","0,0,0"
31.533333333333335,41,AV,2,0,0,64,861.805442805673,0.2,-0.5153333333333334,"0.5954342723004694,0.2701820512820513,0.30110942760942755,0.2,0.64,0.04526176817426404","0,0,0"
12.9,130,AV,2,0,0,30,2052.607856914241,0.7,-0.829,"0.08012244897959184,0.08673043478260871,0.12055363984674329,0.7,0.3,0.10780236043748707","0,0,0"
27.466666666666665,285,AV,2,0,0,57,9030.678864893336,0.7,-0.9746666666666666,"0.5070129629629629,0.2415565476190476,0.2705578231292517,0.7,0.57,0.47428859570476767","0,0,0"
48.416666666666664,178,AV,0,0,0,66,3046.5766145774583,0.6,-1.1826378485711493,"0.6146973684210526,0.2801853333333334,0.310949494949495,0.6,0.66,0.16000530700434717","0,0,0"
14.516666666666667,227,AV,1,0,0,40,4547.885280126284,0.2,-0.3451666666666667,"0.22103632478632476,0.13630027548209367,0.16721452145214516,0.2,0.4,0.2388535961922898","0,0,0"
11.183333333333334,237,AV,2,0,0,21,4843.3187157075145,0.9,-1.0118333333333334,"0.056939393939393936,0.08117592592592592,0.11657692307692308,0.9,0.21,0.2543696732649421","0,0,0"
26.066666666666666,280,AV,2,0,0,55,8348.421721831439,0.1,-0.3606666666666667,"0.47636775362318834,0.22992463768115942,0.26148566308243726,0.1,0.55,0.43845665138103423","0,0,0"
32.15,106,AV,2,0,0,65,1588.8002265047048,0.1,-0.4215,"0.6037328767123287,0.27644656488549624,0.30647048611111105,0.1,0.65,0.08344332021524425","0,0,0"
18.433333333333334,181,AV,2,0,0,41,3169.820795106812,0.3,-0.48433333333333334,"0.24799794238683126,0.14524576271186443,0.17854290429042904,0.3,0.41,0.16647805508747177","0,0,0"
55.166666666666664,218,AV,0,0,0,76,4196.147454418583,0.1,-0.7231608177323298,"0.7159880952380953,0.30926502732240435,0.33965602836879427,0.1,0.76,0.22038042912401049","0,0,0"
26.966666666666665,121,AV,1,0,0,63,1830.3424648913517,0.4,-0.6696666666666666,"0.590394144144144,0.26417175572519086,0.29523684210526313,0.4,0.63,0.0961290474747023","0,0,0"
26.583333333333332,192,AV,2,0,0,54,3362.377553451843,0.1,-0.36583333333333334,"0.45914509803921566,0.22621957671957674,0.2559344569288389,0.1,0.54,0.17659107935455778","0,0,0"
35.3,133,AV,2,0,0,75,2123.4400354784907,0.3,-0.653,"0.7084819277108433,0.3066106557377049,0.3372771929824562,0.3,0.75,0.11152244560545237","0,0,0"
27.65,82,AV,2,0,0,56,1348.5865378412918,0.2,-0.4765,"0.4900135658914728,0.23627586206896553,0.265530612244898,0.2,0.56,0.07082736799617727","0,0,0"
34.4,171,AV,2,0,0,73,2964.6777926145683,0.1,-0.44399999999999995,"0.704625968992248,0.30307456140350875,0.3331216666666667,0.1,0.73,0.15570400498267326","0,0,0"
18.566666666666666,221,AV,1,0,0,47,4343.557359248321,0.9,-1.0856666666666668,"0.35944444444444446,0.1842492354740061,0.2158863636363636,0.9,0.47,0.22812235393394506","0,0,0"
16.15,92,AV,2,0,0,36,1475.2077210572677,0.2,-0.3615,"0.16803061224489796,0.11657374631268436,0.14764606741573033,0.2,0.36,0.07747747526634545","0,0,0"
29.416666666666668,31,AV,0,0,0,43,743.7818724069466,0.1,-0.7975107264367339,"0.2845454545454546,0.15925995024875625,0.19083333333333333,0.1,0.43,0.039063204998456114","0,0,0"
26.083333333333332,161,AV,2,0,0,51,2761.3662775036096,0.2,-0.4608333333333333,"0.41402014652014657,0.2050785907859079,0.23739147286821705,0.2,0.51,0.14502614405602138","0,0,0"
13.7,164,AV,1,0,0,39,2835.850686157305,0.1,-0.237,"0.20311244979919682,0.13001315789473683,0.1597750809061489,0.1,0.39,0.14893804327321036","0,0,0"
20.2,8,AV,1,0,0,49,497.26542980048754,0.1,-0.302,"0.3816175213675214,0.19260192837465567,0.22267821782178213,0.1,0.49,0.026116233997585142","0,0,0"
16.95,167,AV,2,0,0,39,2891.134206742707,0.1,-0.26949999999999996,"0.20311244979919682,0.13001315789473683,0.1597750809061489,0.1,0.39,0.1518415175010447","0,0,0"
36.95,180,AV,2,0,0,75,3119.7161673652217,0.3,-0.6695,"0.7084819277108433,0.3066106557377049,0.3372771929824562,0.3,0.75,0.1638465747873305","0,0,0"
22.35,261,AV,2,0,0,48,6007.794801579103,0.1,-0.3235,"0.36983127572016455,0.18848048048048047,0.22038734567901233,0.1,0.48,0.31552761451860256","0,0,0"
28.4,176,AV,2,0,0,57,3031.4508351358254,0.4,-0.6839999999999999,"0.5070129629629629,0.2415565476190476,0.2705578231292517,0.4,0.57,0.15921090552051181","0,0,0"
10.633333333333333,74,AV,1,0,0,34,1240.6560786390864,0.1,-0.20633333333333334,"0.13115567765567765,0.10565163934426228,0.1363065134099617,0.1,0.34,0.06515889204939258","0,0,0"
22.233333333333334,256,AV,1,0,0,51,5844.130995646287,0.1,-0.32233333333333336,"0.41402014652014657,0.2050785907859079,0.23739147286821705,0.1,0.51,0.30693203960724846","0,0,0"
36.43333333333333,170,AV,2,0,0,88,2942.323800284961,0.4,-0.7643333333333333,"0.7413255813953488,0.3221210826210826,0.3552079037800687,0.4,0.88,0.15452997988566525","0,0,0"
11.95,183,AV,0,0,0,33,3227.056348793521,0.4,-0.612463979421109,"0.11328703703703706,0.10002248677248676,0.1316329365079365,0.4,0.33,0.1694840495191844","0,0,0"
27.55,250,AV,2,0,0,54,5480.041794665195,0.4,-0.6755,"0.45914509803921566,0.22621957671957674,0.2559344569288389,0.4,0.54,0.2878101819453735","0,0,0"
30.933333333333334,62,AV,1,0,0,75,1046.6558973464134,0.8,-1.1093333333333333,"0.7084819277108433,0.3066106557377049,0.3372771929824562,0.8,0.75,0.054970059633983805","0,0,0"
24.15,281,AV,0,0,0,42,8436.938288223368,0.1,-0.3770579227619517,"0.26320625,0.14987841530054644,0.18314965986394557,0.1,0.42,0.4431055153921156","0,0,0"
28.95,266,AV,2,0,0,53,6248.181898567973,0.3,-0.5894999999999999,"0.4460732600732601,0.22044973544973548,0.25003012048192774,0.3,0.53,0.3281526740918779","0,0,0"
11.616666666666667,69,AV,1,0,0,35,1141.5133047894662,0.6,-0.7161666666666666,"0.1453670033670034,0.11076330532212884,0.14240650406504066,0.6,0.35,0.059951942750574055","0,0,0"
12.066666666666666,70,AV,1,0,0,36,1150.2916000513435,0.2,-0.32066666666666666,"0.16803061224489796,0.11657374631268436,0.14764606741573033,0.2,0.36,0.0604129762337403","0,0,0"
17.7,35,AV,2,0,0,40,777.0630287344238,0.4,-0.577,"0.22103632478632476,0.13630027548209367,0.16721452145214516,0.4,0.4,0.04081112153210161","0,0,0"
10.7,220,AV,1,0,0,35,4304.4895651906745,0.2,-0.307,"0.1453670033670034,0.11076330532212884,0.14240650406504066,0.2,0.35,0.22607052489007143","0,0,0"
12.333333333333334,134,AV,1,0,0,38,2131.3254046090938,0.1,-0.22333333333333333,"0.1984642857142857,0.12608547008547005,0.15775252525252523,0.1,0.38,0.11193658287104669","0,0,0"
16.033333333333335,7,AV,1,0,0,43,491.8679742725259,0.6,-0.7603333333333333,"0.2845454545454546,0.15925995024875625,0.19083333333333333,0.6,0.43,0.025832761222056865","0,0,0"
28.416666666666668,94,AV,2,0,0,60,1496.328062426438,0.1,-0.38416666666666666,"0.5399838709677419,0.24924931129476582,0.27838565891472866,0.1,0.6,0.07858670937805001","0,0,0"
25.783333333333335,254,AV,0,0,0,42,5721.231751015957,0.8,-1.1102695940995098,"0.26320625,0.14987841530054644,0.18314965986394557,0.8,0.42,0.30047740745600493","0,0,0"
26.716666666666665,19,AV,1,0,0,61,595.9176043698985,0.9,-1.1671666666666667,"0.5528198653198655,0.2531837606837607,0.2824404761904762,0.9,0.61,0.03129741716662037","0,0,0"
9.233333333333333,276,AV,1,0,0,25,7897.119961473183,0.1,-0.19233333333333333,"0.06703378378378379,0.08292592592592593,0.11694761904761908,0.1,0.25,0.4147544157726446","0,0,0"
26.883333333333333,67,AV,1,0,0,58,1122.7546975855585,0.3,-0.5688333333333333,"0.5236648745519714,0.24457222222222225,0.2753371647509578,0.3,0.58,0.05896674622202671","0,0,0"
26.5,295,AV,1,0,0,61,13460.811009378149,0.7,-0.965,"0.5528198653198655,0.2531837606837607,0.2824404761904762,0.7,0.61,0.7069578318750951","0,0,0"
6.616666666666666,152,AV,0,0,0,18,2612.3907844155665,0.4,-0.5810040033276573,"0.054378205128205126,0.07998148148148149,0.11591472868217054,0.4,0.18,0.13720199501160868","0,0,0"
22.466666666666665,9,AV,2,0,0,46,506.5869000089976,0.1,-0.32466666666666666,"0.34464227642276435,0.18035220125786164,0.21108482142857146,0.1,0.46,0.02660579486905904","0,0,0"
14.833333333333334,219,AV,2,0,0,35,4227.85786318916,0.3,-0.44833333333333336,"0.1453670033670034,0.11076330532212884,0.14240650406504066,0.3,0.35,0.22204585045833433","0,0,0"
32.55,30,AV,1,0,0,82,743.7553910389753,0.2,-0.5255,"0.7318846153846152,0.31507834757834763,0.3462880434782608,0.2,0.82,0.03906181420480535","0,0,0"
28.866666666666667,292,AV,2,0,0,62,12197.400506638176,0.4,-0.6886666666666668,"0.5814683544303797,0.2608796992481204,0.2906931818181819,0.4,0.62,0.6406038841699384","0,0,0"
30.1,163,AV,2,0,0,61,2797.307504072895,0.2,-0.501,"0.5528198653198655,0.2531837606837607,0.2824404761904762,0.2,0.61,0.1469137666957458","0,0,0"
15.35,296,AV,0,0,0,35,14312.770160915026,0.2,-0.37446030304596334,"0.1453670033670034,0.11076330532212884,0.14240650406504066,0.2,0.35,0.7517024757302859","0,0,0"
20.516666666666666,39,AV,2,0,0,44,857.6590975250949,0.1,-0.3051666666666667,"0.3061999999999999,0.1656373333333333,0.19535740740740742,0.1,0.44,0.04504400334065031","0,0,0"
32.166666666666664,185,AV,2,0,0,63,3245.380745418587,0.6,-0.9216666666666666,"0.590394144144144,0.26417175572519086,0.29523684210526313,0.6,0.63,0.1704464414359456","0,0,0"
16.133333333333333,38,AV,2,0,0,40,837.3801312568858,0.3,-0.4613333333333333,"0.22103632478632476,0.13630027548209367,0.16721452145214516,0.3,0.4,0.04397895800158024","0,0,0"
31.2,150,AV,1,0,0,77,2533.2754137277425,0.2,-0.512,"0.7175142276422765,0.3106516393442623,0.3416788194444444,0.2,0.77,0.13304687903156176","0,0,0"
21.75,53,AV,2,0,0,41,969.457736312404,0.6,-0.8175,"0.24799794238683126,0.14524576271186443,0.17854290429042904,0.6,0.41,0.050915634940603534","0,0,0"
14.45,177,AV,2,0,0,33,3032.1279287666234,0.9,-1.0445,"0.11328703703703706,0.10002248677248676,0.1316329365079365,0.9,0.33,0.15924646627869138","0,0,0"
21.883333333333333,43,AV,2,0,0,45,863.5619359671642,0.1,-0.3188333333333333,"0.3285296296296296,0.17640625000000004,0.20578401360544218,0.1,0.45,0.04535401867806252","0,0,0"
31.266666666666666,11,AV,1,0,0,80,539.5213747330826,0.2,-0.5126666666666666,"0.7229532520325204,0.31227595628415306,0.343109375,0.2,0.8,0.028335503786943907","0,0,0"
21.283333333333335,76,AV,2,0,0,44,1261.43865123121,0.1,-0.31283333333333335,"0.3061999999999999,0.1656373333333333,0.19535740740740742,0.1,0.44,0.06625038664435261","0,0,0"
21.916666666666668,54,AV,2,0,0,47,978.4447105201264,0.2,-0.4191666666666667,"0.35944444444444446,0.1842492354740061,0.2158863636363636,0.2,0.47,0.051387628180578626","0,0,0"
11.633333333333333,242,AV,1,0,0,34,5004.1281918097375,0.4,-0.5163333333333333,"0.13115567765567765,0.10565163934426228,0.1363065134099617,0.4,0.34,0.2628153396137967","0,0,0"
22.2,143,AV,0,0,0,42,2398.572127464108,0.1,-0.4470744126328089,"0.26320625,0.14987841530054644,0.18314965986394557,0.1,0.42,0.12597230208838628","0,0,0"
24.633333333333333,123,AV,2,0,0,50,1848.7234685638712,0.1,-0.3463333333333333,"0.3934558232931727,0.19695669291338586,0.22969629629629626,0.1,0.5,0.09709441237693286","0,0,0"
19.916666666666668,148,AV,1,0,0,49,2458.2611968747465,0.2,-0.39916666666666667,"0.3816175213675214,0.19260192837465567,0.22267821782178213,0.2,0.49,0.12910715444370038","0,0,0"
32.516666666666666,229,AV,2,0,0,63,4549.115907877681,0.1,-0.4251666666666667,"0.590394144144144,0.26417175572519086,0.29523684210526313,0.1,0.63,0.2389182283995444","0,0,0"
56.86666666666667,273,AV,0,0,0,87,7612.519032757181,0.9,-1.508075435132017,"0.7411928838951312,0.32098071625344354,0.3545018518518519,0.9,0.87,0.39980725877188683","0,0,0"
10.3,158,AV,1,0,0,32,2744.255474143275,0.7,-0.8029999999999999,"0.10300347222222223,0.0960731707317073,0.12790946502057615,0.7,0.32,0.14412748970028938","0,0,0"
30.516666666666666,90,AV,1,0,0,70,1454.957177165027,0.1,-0.4051666666666667,"0.6747936507936508,0.29469396551724136,0.32522166666666663,0.1,0.7,0.0764139226620948","0,0,0"
9.0,232,AV,1,0,0,21,4635.813442599864,0.6,-0.69,"0.056939393939393936,0.08117592592592592,0.11657692307692308,0.6,0.21,0.24347155740278267","0,0,0"
58.36666666666667,138,AV,0,0,0,98,2239.257430619588,0.5,-1.2176396507004819,"0.7550844155844154,0.3276974789915967,0.35991185897435896,0.5,0.98,0.1176051411061415","0,0,0"
8.783333333333333,111,AV,1,0,0,17,1626.914224999384,0.4,-0.48783333333333334,"0.05168333333333334,0.078890625,0.11420175438596489,0.4,0.17,0.08544505619691108","0,0,0"
23.4,95,AV,2,0,0,52,1507.5005543882637,0.2,-0.434,"0.4348817204301076,0.21346438746438742,0.24577037037037033,0.2,0.52,0.07917348536713947","0,0,0"
22.033333333333335,93,AV,2,0,0,45,1485.5718097438446,0.4,-0.6203333333333334,"0.3285296296296296,0.17640625000000004,0.20578401360544218,0.4,0.45,0.07802179415338123","0,0,0"
13.466666666666667,257,AV,1,0,0,38,5862.8833826120845,0.2,-0.33466666666666667,"0.1984642857142857,0.12608547008547005,0.15775252525252523,0.2,0.38,0.30791690945072125","0,0,0"
19.333333333333332,88,AV,2,0,0,40,1446.9812594843625,0.1,-0.29333333333333333,"0.22103632478632476,0.13630027548209367,0.16721452145214516,0.1,0.4,0.0759950298133052","0,0,0"
19.883333333333333,223,AV,1,0,0,48,4381.240268036911,0.9,-1.0988333333333333,"0.36983127572016455,0.18848048048048047,0.22038734567901233,0.9,0.48,0.23010144921114412","0,0,0"
29.316666666666666,36,AV,0,0,0,43,802.5586880039084,0.2,-0.8669711054998539,"0.2845454545454546,0.15925995024875625,0.19083333333333333,0.2,0.43,0.042150146052007835","0,0,0"
15.616666666666667,174,AV,1,0,0,42,3001.8426729260827,0.9,-1.0561666666666667,"0.26320625,0.14987841530054644,0.18314965986394557,0.9,0.42,0.1576558935567436","0,0,0"
19.066666666666666,173,AV,0,0,0,37,2966.188350320237,0.1,-0.39180656898190946,"0.1819833333333333,0.1209944903581267,0.15234082397003743,0.1,0.37,0.15578333902872574","0,0,0"
24.333333333333332,195,AV,2,0,0,53,3398.605365942332,0.1,-0.3433333333333333,"0.4460732600732601,0.22044973544973548,0.25003012048192774,0.1,0.53,0.17849375340250406","0,0,0"
30.483333333333334,278,AV,1,0,0,69,8326.33528790118,0.1,-0.4048333333333334,"0.6630872093023256,0.2920885885885886,0.32131391585760527,0.1,0.69,0.43729667837240127","0,0,0"
31.033333333333335,245,AV,0,0,0,44,5064.807770076448,0.1,-0.4695655912232457,"0.3061999999999999,0.1656373333333333,0.19535740740740742,0.1,0.44,0.2660022132026646","0,0,0"
11.666666666666666,16,AV,2,0,0,14,583.3206434887895,0.3,-0.41666666666666663,"0.05098333333333332,0.07691666666666666,0.11451388888888887,0.3,0.14,0.030635828489198207","0,0,0"
11.883333333333333,244,AV,2,0,0,28,5051.78348307234,0.6,-0.7188333333333333,"0.07483833333333334,0.08545454545454546,0.11936666666666666,0.6,0.28,0.26531818148305064","0,0,0"
16.95,214,AV,2,0,0,36,4015.909421979459,0.1,-0.26949999999999996,"0.16803061224489796,0.11657374631268436,0.14764606741573033,0.1,0.36,0.21091438071535054","0,0,0"
22.866666666666667,10,AV,2,0,0,46,513.3463032142733,0.1,-0.32866666666666666,"0.34464227642276435,0.18035220125786164,0.21108482142857146,0.1,0.46,0.026960796735695607","0,0,0"
7.766666666666667,146,AV,1,0,0,9,2421.832203454489,0.1,-0.17766666666666667,"0.0,0.0,0.0,0.1,0.09,0.12719391443254247","0,0,0"
15.683333333333334,274,AV,2,0,0,37,7658.5640246764915,0.2,-0.35683333333333334,"0.1819833333333333,0.1209944903581267,0.15234082397003743,0.2,0.37,0.4022255281936403","0,0,0"
12.183333333333334,236,AV,1,0,0,36,4754.245589533712,0.4,-0.5218333333333334,"0.16803061224489796,0.11657374631268436,0.14764606741573033,0.4,0.36,0.24969157889794616","0,0,0"
33.7,113,AV,2,0,0,70,1639.6236094811811,0.2,-0.537,"0.6747936507936508,0.29469396551724136,0.32522166666666663,0.2,0.7,0.08611254932874826","0,0,0"
10.75,0,AV,2,0,0,30,388.2787303527966,0.1,-0.20750000000000002,"0.08012244897959184,0.08673043478260871,0.12055363984674329,0.1,0.3,0.02039228462402346","0,0,0"
22.916666666666668,136,AV,1,0,0,53,2164.09247058771,0.2,-0.4291666666666667,"0.4460732600732601,0.22044973544973548,0.25003012048192774,0.2,0.53,0.11365749953089815","0,0,0"
31.4,27,AV,2,0,0,64,676.2529471816457,0.6,-0.9139999999999999,"0.5954342723004694,0.2701820512820513,0.30110942760942755,0.6,0.64,0.03551660572350354","0,0,0"
24.783333333333335,191,AV,2,0,0,49,3352.9358316496982,0.6,-0.8478333333333333,"0.3816175213675214,0.19260192837465567,0.22267821782178213,0.6,0.49,0.17609520290478356","0,0,0"
17.016666666666666,211,AV,0,0,0,37,3942.222625638348,0.3,-0.5462658697022695,"0.1819833333333333,0.1209944903581267,0.15234082397003743,0.3,0.37,0.20704437186203256","0,0,0"
23.333333333333332,248,AV,1,0,0,54,5307.329693361759,0.4,-0.6333333333333333,"0.45914509803921566,0.22621957671957674,0.2559344569288389,0.4,0.54,0.2787393932246195","0,0,0"
20.2,6,AV,2,0,0,43,477.1303205766694,0.2,-0.402,"0.2845454545454546,0.15925995024875625,0.19083333333333333,0.2,0.43,0.025058743988140585","0,0,0"
18.083333333333332,210,AV,2,0,0,40,3941.04555698938,0.3,-0.48083333333333333,"0.22103632478632476,0.13630027548209367,0.16721452145214516,0.3,0.4,0.20698255256307185","0,0,0"
36.38333333333333,139,AV,0,0,0,50,2344.9936519099742,0.5,-0.9917654493779345,"0.3934558232931727,0.19695669291338586,0.22969629629629626,0.5,0.5,0.12315837632369546","0,0,0"
30.366666666666667,299,AV,2,0,0,62,19040.472291926453,0.3,-0.6036666666666667,"0.5814683544303797,0.2608796992481204,0.2906931818181819,0.3,0.62,1.0","0,0,0"
35.9,3,AV,2,0,0,76,449.0833195935783,0.2,-0.5589999999999999,"0.7159880952380953,0.30926502732240435,0.33965602836879427,0.2,0.76,0.02358572375245118","0,0,0"
53.5,48,AV,0,0,0,72,898.3728471886773,0.3,-1.1689370740542804,"0.6931203703703703,0.3003194444444444,0.33047875816993477,0.3,0.72,0.047182277488442635","0,0,0"
50.13333333333333,188,AV,0,0,0,66,3274.575105225111,0.2,-0.792948272786486,"0.6146973684210526,0.2801853333333334,0.310949494949495,0.2,0.66,0.17197972061930406","0,0,0"
29.216666666666665,189,AV,2,0,0,61,3301.717979419838,0.2,-0.49216666666666664,"0.5528198653198655,0.2531837606837607,0.2824404761904762,0.2,0.61,0.1734052563822082","0,0,0"
16.466666666666665,60,AV,2,0,0,35,1025.7249596144625,0.1,-0.26466666666666666,"0.1453670033670034,0.11076330532212884,0.14240650406504066,0.1,0.35,0.05387077294555297","0,0,0"
19.0,86,AV,2,0,0,42,1411.5824788559885,0.3,-0.49,"0.26320625,0.14987841530054644,0.18314965986394557,0.3,0.42,0.07413589627472256","0,0,0"
16.0,64,AV,2,0,0,37,1074.3823512953045,0.3,-0.45999999999999996,"0.1819833333333333,0.1209944903581267,0.15234082397003743,0.3,0.37,0.05642624483379356","0,0,0"
16.65,289,AV,1,0,0,43,10838.007207066395,0.2,-0.3665,"0.2845454545454546,0.15925995024875625,0.19083333333333333,0.2,0.43,0.5692089482287648","0,0,0"
22.033333333333335,175,AV,2,0,0,47,3024.224513765153,0.4,-0.6203333333333334,"0.35944444444444446,0.1842492354740061,0.2158863636363636,0.4,0.47,0.1588313812492711","0,0,0"
20.25,66,AV,1,0,0,50,1097.8259349569896,0.1,-0.3025,"0.3934558232931727,0.19695669291338586,0.22969629629629626,0.1,0.5,0.05765749494682913","0,0,0"
29.033333333333335,155,AV,1,0,0,67,2648.588416164911,0.2,-0.49033333333333334,"0.6373396624472574,0.28599868766404196,0.31696276595744677,0.2,0.67,0.1391030839759141","0,0,0"
13.683333333333334,83,AV,2,0,0,31,1373.5659577718477,0.1,-0.23683333333333334,"0.09045333333333332,0.09244166666666667,0.1252375,0.1,0.31,0.07213927977796368","0,0,0"
18.1,201,AV,1,0,0,45,3608.770587345788,0.2,-0.381,"0.3285296296296296,0.17640625000000004,0.20578401360544218,0.2,0.45,0.18953156896617424","0,0,0"
27.416666666666668,212,AV,1,0,0,64,3958.913906791885,0.4,-0.6741666666666667,"0.5954342723004694,0.2701820512820513,0.30110942760942755,0.4,0.64,0.20792099303495454","0,0,0"
51.96666666666667,259,AV,0,0,0,67,5913.041300376779,0.4,-0.9704019794710749,"0.6373396624472574,0.28599868766404196,0.31696276595744677,0.4,0.67,0.31055118852718944","0,0,0"
34.46666666666667,126,AV,0,0,0,50,2015.5588757501516,0.1,-0.5935087588572735,"0.3934558232931727,0.19695669291338586,0.22969629629629626,0.1,0.5,0.10585655885252329","0,0,0"
20.45,115,AV,2,0,0,44,1682.490559712908,0.4,-0.6045,"0.3061999999999999,0.1656373333333333,0.19535740740740742,0.4,0.44,0.0883639089365613","0,0,0"
6.716666666666667,21,AV,0,0,0,22,623.7253316558669,0.2,-0.7481476125640532,"0.059764150943396224,0.0817128205128205,0.11682795698924732,0.2,0.22,0.03275787081816973","0,0,0"
11.666666666666666,238,AV,2,0,0,16,4925.450001742355,0.3,-0.41666666666666663,"0.050964285714285705,0.07780769230769231,0.11526851851851852,0.3,0.16,0.25868318423124653","0,0,0"
36.13333333333333,165,AV,2,0,0,84,2838.632091159661,0.2,-0.5613333333333334,"0.7341340996168582,0.3182791666666667,0.35017025089605736,0.2,0.84,0.149084121845197","0,0,0"
18.5,51,AV,2,0,0,42,932.0432837729122,0.1,-0.28500000000000003,"0.26320625,0.14987841530054644,0.18314965986394557,0.1,0.42,0.04895063890658413","0,0,0"
24.233333333333334,168,AV,0,0,0,41,2909.8477340427667,0.2,-0.5454315114580004,"0.24799794238683126,0.14524576271186443,0.17854290429042904,0.2,0.41,0.15282434644631168","0,0,0"
22.583333333333332,68,AV,1,0,0,51,1141.0395517097602,0.4,-0.6258333333333334,"0.41402014652014657,0.2050785907859079,0.23739147286821705,0.4,0.51,0.05992706137828231","0,0,0"
11.183333333333334,81,AV,2,0,0,23,1297.4303329633815,0.2,-0.31183333333333335,"0.06271584699453553,0.08229577464788733,0.1169021164021164,0.2,0.23,0.06814065917437974","0,0,0"
14.4,23,AV,1,0,0,39,632.5893922142865,0.1,-0.24400000000000002,"0.20311244979919682,0.13001315789473683,0.1597750809061489,0.1,0.39,0.033223408669464424","0,0,0"
8.883333333333333,265,AV,1,0,0,18,6130.868263041086,0.6,-0.6888333333333333,"0.054378205128205126,0.07998148148148149,0.11591472868217054,0.6,0.18,0.3219913964865619","0,0,0"
28.066666666666666,12,AV,2,0,0,55,541.9839687696077,0.3,-0.5806666666666667,"0.47636775362318834,0.22992463768115942,0.26148566308243726,0.3,0.55,0.028464838500850628","0,0,0"
14.733333333333333,196,AV,2,0,0,35,3427.0421228311798,0.8,-0.9473333333333334,"0.1453670033670034,0.11076330532212884,0.14240650406504066,0.8,0.35,0.1799872435036349","0,0,0"
34.733333333333334,131,AV,1,0,0,82,2088.64210540395,0.1,-0.44733333333333336,"0.7318846153846152,0.31507834757834763,0.3462880434782608,0.1,0.82,0.10969486856109009","0,0,0"
17.216666666666665,286,AV,1,0,0,44,9095.945853089892,0.1,-0.27216666666666667,"0.3061999999999999,0.1656373333333333,0.19535740740740742,0.1,0.44,0.47771639871279653","0,0,0"
27.866666666666667,246,AV,2,0,0,56,5200.876525735832,0.2,-0.4786666666666667,"0.4900135658914728,0.23627586206896553,0.265530612244898,0.2,0.56,0.27314850419656395","0,0,0"
46.6,13,AV,0,0,0,65,566.7055292848979,0.1,-1.0953754595593193,"0.6037328767123287,0.27644656488549624,0.30647048611111105,0.1,0.65,0.02976320758205103","0,0,0"
26.683333333333334,85,AV,2,0,0,55,1391.0507319816634,0.2,-0.4668333333333333,"0.47636775362318834,0.22992463768115942,0.26148566308243726,0.2,0.55,0.07305757497262802","0,0,0"
5.0,34,AV,0,0,0,16,776.0711537761008,0.2,-0.6365624930656179,"0.050964285714285705,0.07780769230769231,0.11526851851851852,0.2,0.16,0.04075902855125977","0,0,0"
9.283333333333333,61,AV,1,0,0,30,1038.299283744561,0.6,-0.6928333333333333,"0.08012244897959184,0.08673043478260871,0.12055363984674329,0.6,0.3,0.054531172747475445","0,0,0"
37.46666666666667,56,AV,2,0,0,94,981.8973671489576,0.6,-0.9746666666666667,"0.7511879844961241,0.326504347826087,0.35893265993265994,0.6,0.94,0.05156896069039748","0,0,0"
32.45,110,AV,2,0,0,65,1614.9493849180149,0.2,-0.5245,"0.6037328767123287,0.27644656488549624,0.30647048611111105,0.2,0.65,0.08481666631781955","0,0,0"
18.366666666666667,72,AV,2,0,0,42,1205.4292211271013,0.3,-0.4836666666666667,"0.26320625,0.14987841530054644,0.18314965986394557,0.3,0.42,0.06330878786227523","0,0,0"
25.083333333333332,224,AV,1,0,0,60,4416.224882412617,0.2,-0.4508333333333333,"0.5399838709677419,0.24924931129476582,0.27838565891472866,0.2,0.6,0.23193883086005102","0,0,0"
23.683333333333334,84,AV,1,0,0,56,1386.7650627050614,0.4,-0.6368333333333334,"0.4900135658914728,0.23627586206896553,0.265530612244898,0.4,0.56,0.07283249288375467","0,0,0"
38.916666666666664,230,AV,2,0,0,91,4572.8741748457805,0.2,-0.5891666666666666,"0.7488701550387598,0.32521695402298845,0.3564064625850341,0.2,0.91,0.24016600558720239","0,0,0"
33.03333333333333,270,AV,2,0,0,72,7128.986247371214,0.4,-0.7303333333333333,"0.6931203703703703,0.3003194444444444,0.33047875816993477,0.4,0.72,0.3744122592165977","0,0,0"
15.816666666666666,204,AV,2,0,0,35,3773.073658575576,0.1,-0.25816666666666666,"0.1453670033670034,0.11076330532212884,0.14240650406504066,0.1,0.35,0.19816071790275053","0,0,0"
26.45,233,AV,1,0,0,60,4639.089550420253,0.8,-1.0645,"0.5399838709677419,0.24924931129476582,0.27838565891472866,0.8,0.6,0.24364361762115117","0,0,0"
27.816666666666666,209,AV,2,0,0,56,3898.759045987068,0.3,-0.5781666666666667,"0.4900135658914728,0.23627586206896553,0.265530612244898,0.3,0.56,0.204761677452729","0,0,0"
20.383333333333333,79,AV,2,0,0,42,1293.252850487379,0.1,-0.30383333333333334,"0.26320625,0.14987841530054644,0.18314965986394557,0.1,0.42,0.0679212590244279","0,0,0"
12.4,202,AV,1,0,0,34,3630.005597296026,0.9,-1.024,"0.13115567765567765,0.10565163934426228,0.1363065134099617,0.9,0.34,0.1906468254380025","0,0,0"
13.6,63,AV,0,0,0,33,1068.5648373754009,0.8,-1.2167503948350549,"0.11328703703703706,0.10002248677248676,0.1316329365079365,0.8,0.33,0.05612071071516929","0,0,0"
23.516666666666666,107,AV,1,0,0,54,1592.2311391495805,0.3,-0.5351666666666667,"0.45914509803921566,0.22621957671957674,0.2559344569288389,0.3,0.54,0.08362351073742634","0,0,0"
28.1,198,AV,2,0,0,56,3480.90175047103,0.3,-0.581,"0.4900135658914728,0.23627586206896553,0.265530612244898,0.3,0.56,0.18281593529310736","0,0,0"
12.883333333333333,65,AV,2,0,0,24,1089.3140785512585,0.1,-0.22883333333333333,"0.06429797979797981,0.08242763157894738,0.11657598039215689,0.1,0.24,0.05721045475395848","0,0,0"
15.983333333333333,156,AV,2,0,0,30,2667.9339807116767,0.6,-0.7598333333333334,"0.08012244897959184,0.08673043478260871,0.12055363984674329,0.6,0.3,0.140119107331331","0,0,0"
25.783333333333335,282,AV,0,0,0,42,8689.506535985933,0.2,-0.49235773339651384,"0.26320625,0.14987841530054644,0.18314965986394557,0.2,0.42,0.45637032541837","0,0,0"
22.983333333333334,288,AV,2,0,0,49,10213.823531357188,0.1,-0.3298333333333333,"0.3816175213675214,0.19260192837465567,0.22267821782178213,0.1,0.49,0.5364270053158322","0,0,0"
30.2,235,AV,1,0,0,69,4705.31956239884,0.4,-0.702,"0.6630872093023256,0.2920885885885886,0.32131391585760527,0.4,0.69,0.24712199835473575","0,0,0"
24.4,114,AV,2,0,0,45,1659.6531244520008,0.5,-0.744,"0.3285296296296296,0.17640625000000004,0.20578401360544218,0.5,0.45,0.08716449355910817","0,0,0"
14.333333333333334,263,AV,1,0,0,38,6031.594525491932,0.1,-0.24333333333333335,"0.1984642857142857,0.12608547008547005,0.15775252525252523,0.1,0.38,0.3167775690127944","0,0,0"
20.883333333333333,216,AV,2,0,0,44,4113.319853961603,0.3,-0.5088333333333332,"0.3061999999999999,0.1656373333333333,0.19535740740740742,0.3,0.44,0.21603034792922307","0,0,0"
9.3,194,AV,1,0,0,26,3393.6426315430986,0.1,-0.193,"0.0719943181818182,0.0836067415730337,0.11780341880341881,0.1,0.26,0.17823311205269168","0,0,0"
19.65,205,AV,2,0,0,44,3773.692032315799,0.3,-0.49649999999999994,"0.3061999999999999,0.1656373333333333,0.19535740740740742,0.3,0.44,0.19819319470956198","0,0,0"
27.516666666666666,153,AV,1,0,0,62,2619.168197182975,0.5,-0.7751666666666667,"0.5814683544303797,0.2608796992481204,0.2906931818181819,0.5,0.62,0.13755794273514713","0,0,0"
20.4,231,AV,2,0,0,44,4609.601315671212,0.2,-0.404,"0.3061999999999999,0.1656373333333333,0.19535740740740742,0.2,0.44,0.2420949042123171","0,0,0"
14.566666666666666,15,AV,1,0,0,39,571.0932451196882,0.8,-0.9456666666666667,"0.20311244979919682,0.13001315789473683,0.1597750809061489,0.8,0.39,0.029993649126121902","0,0,0"
33.53333333333333,117,AV,2,0,0,69,1794.439334206041,0.2,-0.5353333333333333,"0.6630872093023256,0.2920885885885886,0.32131391585760527,0.2,0.69,0.09424342561959032","0,0,0"
24.333333333333332,46,AV,2,0,0,47,881.2906222289953,0.2,-0.44333333333333336,"0.35944444444444446,0.1842492354740061,0.2158863636363636,0.2,0.47,0.04628512406190052","0,0,0"
23.1,102,AV,1,0,0,52,1564.4426034616197,0.6,-0.831,"0.4348817204301076,0.21346438746438742,0.24577037037037033,0.6,0.52,0.08216406502295508","0,0,0"
18.283333333333335,5,AV,1,0,0,44,465.3670128771111,0.3,-0.48283333333333334,"0.3061999999999999,0.1656373333333333,0.19535740740740742,0.3,0.44,0.0244409385304185","0,0,0"
33.2,49,AV,2,0,0,71,904.859336063587,0.6,-0.9319999999999999,"0.691507490636704,0.2990611620795107,0.3294722222222222,0.6,0.71,0.04752294597478371","0,0,0"
30.566666666666666,37,AV,1,0,0,71,832.4581618945489,0.4,-0.7056666666666667,"0.691507490636704,0.2990611620795107,0.3294722222222222,0.4,0.71,0.043720457619506006","0,0,0"
18.383333333333333,182,AV,1,0,0,46,3225.188153267811,0.2,-0.38383333333333336,"0.34464227642276435,0.18035220125786164,0.21108482142857146,0.2,0.46,0.16938593244009792","0,0,0"
22.9,251,AV,2,0,0,46,5557.427333357366,0.6,-0.829,"0.34464227642276435,0.18035220125786164,0.21108482142857146,0.6,0.46,0.2918744476582037","0,0,0"
10.366666666666667,252,AV,1,0,0,33,5611.673516276995,0.1,-0.20366666666666666,"0.11328703703703706,0.10002248677248676,0.1316329365079365,0.1,0.33,0.29472344121718336","0,0,0"
18.833333333333332,96,AV,0,0,0,37,1530.0661682302475,0.4,-0.784403285227633,"0.1819833333333333,0.1209944903581267,0.15234082397003743,0.4,0.37,0.08035862476368438","0,0,0"
30.583333333333332,17,AV,2,0,0,64,586.8516376274475,0.6,-0.9058333333333333,"0.5954342723004694,0.2701820512820513,0.30110942760942755,0.6,0.64,0.03082127526197365","0,0,0"
22.616666666666667,104,AV,2,0,0,48,1579.1767070066765,0.4,-0.6261666666666668,"0.36983127572016455,0.18848048048048047,0.22038734567901233,0.4,0.48,0.08293789580399638","0,0,0"
22.616666666666667,294,AV,1,0,0,52,13430.196447392702,0.2,-0.4261666666666667,"0.4348817204301076,0.21346438746438742,0.24577037037037033,0.2,0.52,0.7053499640913518","0,0,0"
26.8,1,AV,2,0,0,55,419.7646265090227,0.8,-1.068,"0.47636775362318834,0.22992463768115942,0.26148566308243726,0.8,0.55,0.022045914621929386","0,0,0"
31.25,169,AV,2,0,0,65,2927.9701715656583,0.3,-0.6125,"0.6037328767123287,0.27644656488549624,0.30647048611111105,0.3,0.65,0.1537761315304756","0,0,0"
8.3,87,AV,0,0,0,25,1434.4967426379471,0.3,-0.5921325766612194,"0.06703378378378379,0.08292592592592593,0.11694761904761908,0.3,0.25,0.07533934666348602","0,0,0"
15.166666666666666,213,AV,2,0,0,30,3971.0791127863904,0.6,-0.7516666666666667,"0.08012244897959184,0.08673043478260871,0.12055363984674329,0.6,0.3,0.20855990607282407","0,0,0"
21.933333333333334,55,AV,1,0,0,51,979.573716991658,0.4,-0.6193333333333333,"0.41402014652014657,0.2050785907859079,0.23739147286821705,0.4,0.51,0.051446923268128025","0,0,0"
19.8,225,AV,2,0,0,44,4459.768546990965,0.7,-0.8979999999999999,"0.3061999999999999,0.1656373333333333,0.19535740740740742,0.7,0.44,0.23422573130615026","0,0,0"
26.933333333333334,40,AV,1,0,0,62,859.2772315809713,0.5,-0.7693333333333333,"0.5814683544303797,0.2608796992481204,0.2906931818181819,0.5,0.62,0.045128987264949426","0,0,0"
37.81666666666667,157,AV,0,0,0,50,2675.3892374750885,0.1,-0.5902998829470486,"0.3934558232931727,0.19695669291338586,0.22969629629629626,0.1,0.5,0.14051065522200876","0,0,0"
44.81666666666667,33,AV,0,0,0,62,763.1985099142711,0.4,-1.2412491951345204,"0.5814683544303797,0.2608796992481204,0.2906931818181819,0.4,0.62,0.04008296108484046","0,0,0"
10.05,206,AV,0,0,0,29,3824.993837156676,0.1,-0.2789314989179188,"0.07705115511551154,0.08594883040935673,0.11966666666666664,0.1,0.29,0.20088755039855555","0,0,0"
20.583333333333332,75,AV,0,0,0,40,1249.5878531833848,0.6,-1.0459124916219928,"0.22103632478632476,0.13630027548209367,0.16721452145214516,0.6,0.4,0.06562798621929328","0,0,0"
27.95,226,AV,2,0,0,57,4504.939201911708,0.2,-0.4795,"0.5070129629629629,0.2415565476190476,0.2705578231292517,0.2,0.57,0.2365980808061097","0,0,0"
35.55,18,AV,2,0,0,74,591.6693204447811,0.3,-0.6555,"0.7080843137254901,0.30400847457627117,0.3339226804123711,0.3,0.74,0.0310742985454022","0,0,0"
40.6,269,AV,2,0,0,89,6709.13861087917,0.1,-0.506,"0.7459534883720932,0.3226347826086956,0.35504208754208755,0.1,0.89,0.352361984934795","0,0,0"
