travel_time,id,kind,action,origin,destination,start_time,income,urgency,reward,observation,cost_table
40.61666666666667,242,AV,1,0,0,80,5144.150368411208,1.0,-8.705760033207023,"0.34225925925925926,0.3099509803921569,0.351962962962963,1.0,0.8,0.2473945197189757","0,0,0"
12.066666666666666,205,AV,0,0,0,13,3487.44186130441,0.2,-10.350681653831165,"0.28174,0.29342988505747125,0.34285000000000004,0.2,0.13,0.16771943713451876","0,0,0"
13.233333333333333,137,AV,1,0,0,1,2108.868816674547,0.2,-0.23256136672772085,"0.3302843137254902,0.2976142191142191,0.33463888888888893,0.2,0.01,0.10142055552171977","0,0,0"
31.65,43,AV,1,0,0,60,946.2003450753726,0.3,-0.3743405115204443,"0.34920555555555555,0.24264550264550266,0.3730833333333334,0.3,0.6,0.04550504226418034","0,0,0"
28.0,244,AV,2,0,0,21,5307.329693361759,0.4,-2.4767538569021545,"0.375508547008547,0.35694014084507036,0.3382592592592592,0.4,0.21,0.25524220453241103","0,0,0"
20.116666666666667,102,AV,1,0,0,24,1628.9397076974285,0.1,-0.1365368213326942,"0.42236036036036034,0.31080769230769234,0.372425925925926,0.1,0.24,0.07833961446998668","0,0,0"
16.683333333333334,123,AV,1,0,0,16,1927.298426803608,0.1,-0.13397400869655637,"0.2778974358974359,0.26635632183908053,0.34294444444444444,0.1,0.16,0.0926884003201249","0,0,0"
20.65,157,AV,1,0,0,23,2398.572127464108,0.6,-1.2382628608033455,"0.2996100628930818,0.29888037634408604,0.3718181818181818,0.6,0.23,0.11535308204230756","0,0,0"
41.36666666666667,171,AV,0,0,0,58,2750.2432356670683,0.1,-10.474034979925394,"0.2877758620689656,0.329615776081425,0.3508333333333333,0.1,0.58,0.13226578845290615","0,0,0"
39.11666666666667,289,AV,1,0,0,81,10426.353459350525,0.1,-1.6993508034094222,"0.3227872340425532,0.2837330827067669,0.37168333333333337,0.1,0.81,0.5014283257223231","0,0,0"
37.016666666666666,131,AV,1,0,0,73,2022.4315636845977,0.8,-2.495455834968606,"0.2838049645390071,0.27492092457420925,0.31733333333333336,0.8,0.73,0.09726358086938654","0,0,0"
18.55,295,AV,1,0,0,16,14312.770160915026,0.2,-2.2125157207081143,"0.36818518518518517,0.2998148148148148,0.3654880952380952,0.2,0.16,0.6883354191104801","0,0,0"
43.78333333333333,49,AV,1,0,0,91,975.0940381265832,0.3,-0.5336608412830279,"0.3730299145299145,0.33203082191780825,0.3838333333333334,0.3,0.91,0.04689460920981367","0,0,0"
13.883333333333333,231,AV,1,0,0,1,4577.590037133467,0.3,-0.7944026043608704,"0.40522340425531916,0.31884811827956994,0.38575,0.3,0.01,0.22014727556589106","0,0,0"
6.783333333333333,101,AV,0,0,0,3,1597.8734280578535,0.4,-10.18064846811654,"0.26536842105263164,0.28036206896551724,0.354,0.4,0.03,0.07684556262848466","0,0,0"
5.2,193,AV,0,0,0,0,3236.647802754315,0.6,-10.42076421435806,"0.272545045045045,0.30614285714285716,0.3268055555555555,0.6,0.0,0.1556581498042776","0,0,0"
13.833333333333334,215,AV,0,0,0,16,3882.59008652233,0.1,-10.223788178598163,"0.28003787878787884,0.29912801932367145,0.2912708333333333,0.1,0.16,0.18672306229989","0,0,0"
17.8,66,AV,1,0,0,11,1150.2916000513435,0.1,-0.08531329367047466,"0.35865811965811967,0.29823046875,0.33209523809523817,0.1,0.11,0.05532027984231857","0,0,0"
32.53333333333333,48,AV,1,0,0,60,969.457736312404,0.2,-0.2628307640669184,"0.29670833333333335,0.282078231292517,0.3239761904761905,0.2,0.6,0.04662354594757456","0,0,0"
25.25,59,AV,1,0,0,41,1104.4445206976068,0.3,-0.34859030184518214,"0.3366706349206349,0.25720551378446116,0.3196166666666667,0.3,0.41,0.05311538391880796","0,0,0"
46.45,127,AV,1,0,0,99,1986.5043233563797,0.3,-1.153414072748798,"0.3366837606837607,0.2887342657342657,0.3195,0.3,0.99,0.0955357537785597","0,0,0"
33.36666666666667,67,AV,1,0,0,64,1167.011530479414,1.0,-1.622470197235963,"0.3055294117647059,0.28397163120567376,0.31508333333333327,1.0,0.64,0.0561243813676915","0,0,0"
33.96666666666667,217,AV,1,0,0,65,3919.41152379869,0.3,-1.664116809479527,"0.37847916666666664,0.3056630695443645,0.3722272727272727,0.3,0.65,0.18849389346499082","0,0,0"
24.316666666666666,146,AV,1,0,0,37,2218.7455195521825,0.2,-0.44960412680925477,"0.37646759259259255,0.3418819444444444,0.3877999999999999,0.2,0.37,0.1067047894942801","0,0,0"
37.8,128,AV,0,0,0,55,1993.780724220221,0.2,-10.62804092812937,"0.32731481481481484,0.3324921875,0.3523095238095238,0.2,0.55,0.09588569333476842","0,0,0"
48.5,134,AV,0,0,0,71,2043.1688306873104,0.5,-12.064451839340304,"0.3174621212121212,0.3534853333333334,0.3843,0.5,0.71,0.09826088573860729","0,0,0"
46.21666666666667,82,AV,1,0,0,98,1342.087988935639,0.2,-0.5168902768497955,"0.35643421052631574,0.31658210784313723,0.34520833333333334,0.2,0.98,0.06454422784415724","0,0,0"
21.716666666666665,1,AV,1,0,0,30,449.0833195935783,0.3,-0.12190740946467342,"0.34657692307692306,0.30540425531914894,0.38126666666666664,0.3,0.3,0.021597493115072083","0,0,0"
36.85,125,AV,1,0,0,74,1942.5668635563816,0.1,-0.2982649538418861,"0.36761965811965813,0.31617136150234737,0.339962962962963,0.1,0.74,0.09342269603599423","0,0,0"
42.45,153,AV,1,0,0,91,2318.2944376966047,0.2,-0.8200966573351741,"0.2800315315315315,0.266975,0.28668518518518527,0.2,0.91,0.11149233554738845","0,0,0"
35.25,94,AV,2,0,0,51,1527.6889462703334,0.1,-0.22437931398345518,"0.39942517006802725,0.32208759124087594,0.32,0.1,0.51,0.07347022269476662","0,0,0"
62.06666666666667,6,AV,0,0,0,97,508.6019702527906,0.1,-10.131530120640374,"0.22482407407407404,0.2327349537037037,0.2588166666666667,0.1,0.97,0.024459887668034006","0,0,0"
31.15,72,AV,0,0,0,42,1261.43865123121,1.0,-11.637242249410509,"0.3032479674796748,0.3073226666666667,0.37018181818181817,1.0,0.42,0.060665607909257666","0,0,0"
38.8,232,AV,1,0,0,79,4645.51881630073,0.2,-1.502051083937236,"0.3226538461538461,0.27614,0.3064305555555556,0.2,0.79,0.22341413335457028","0,0,0"
31.216666666666665,245,AV,1,0,0,54,5354.15698790508,0.4,-2.7856488995406155,"0.27416239316239316,0.2629045584045584,0.2744090909090909,0.4,0.54,0.2574942413535784","0,0,0"
16.1,203,AV,1,0,0,10,3456.1529418207683,0.1,-0.23185025984714322,"0.32483006535947717,0.2979335839598997,0.3656666666666667,0.1,0.1,0.1662146780093356","0,0,0"
20.1,252,AV,1,0,0,23,5825.994272151124,0.1,-0.4879270202926568,"0.2873018018018018,0.2839408983451537,0.3428472222222222,0.1,0.23,0.28018602716107777","0,0,0"
35.516666666666666,70,AV,1,0,0,69,1249.5878531833848,0.2,-0.3698432937685823,"0.29689743589743595,0.2654833333333333,0.31548809523809523,0.2,0.69,0.06009567462944302","0,0,0"
51.7,188,AV,0,0,0,78,3101.095365071405,0.4,-12.672110506236528,"0.29147727272727264,0.30642345679012345,0.3583636363636363,0.4,0.78,0.14913910821030935","0,0,0"
45.35,267,AV,1,0,0,91,6995.337061486569,0.2,-2.6436544644867994,"0.3541304347826087,0.33777820512820517,0.3751785714285715,0.2,0.91,0.3364225243542649","0,0,0"
47.233333333333334,266,AV,1,0,0,99,6947.27484286379,0.1,-1.3672622850469431,"0.35322619047619047,0.30467820512820504,0.3746666666666667,0.1,0.99,0.3341110970744898","0,0,0"
26.466666666666665,163,AV,1,0,0,43,2538.843693606908,0.2,-0.5599560813121902,"0.3191363636363636,0.27678271604938276,0.3391777777777778,0.2,0.43,0.12209907783380393","0,0,0"
27.716666666666665,42,AV,1,0,0,46,932.1411738504048,0.5,-0.5382467958726469,"0.347640350877193,0.2772384259259259,0.3515416666666667,0.5,0.46,0.04482890302567631","0,0,0"
26.75,186,AV,1,0,0,42,3048.604611013583,0.1,-0.339792388935889,"0.33363247863247864,0.2863414918414918,0.38002083333333336,0.1,0.42,0.14661470204800806","0,0,0"
12.116666666666667,34,AV,0,0,0,10,832.3173438658397,0.2,-10.084040931804232,"0.2346507936507936,0.2674964788732394,0.3503055555555556,0.2,0.1,0.0400281358033201","0,0,0"
18.083333333333332,265,AV,1,0,0,16,6918.069898529506,0.2,-1.042514699986738,"0.3407094017094018,0.30365555555555557,0.3461875,0.2,0.16,0.33270656130870674","0,0,0"
32.166666666666664,281,AV,1,0,0,56,8139.327108000771,0.2,-2.1817918497835405,"0.29280416666666675,0.29094124700239815,0.3323333333333334,0.2,0.56,0.39143974738464077","0,0,0"
17.416666666666668,151,AV,1,0,0,10,2294.767722006211,0.1,-0.16653001871503412,"0.34483703703703694,0.32239761904761916,0.42286666666666667,0.1,0.1,0.11036087940556741","0,0,0"
46.56666666666667,209,AV,1,0,0,94,3630.005597296026,0.1,-0.7043219193642428,"0.2721021505376344,0.263708904109589,0.3448974358974358,0.1,0.94,0.17457566886747292","0,0,0"
24.266666666666666,30,AV,0,0,0,28,814.1496548969513,0.1,-10.082319576217358,"0.30041666666666667,0.3126726618705036,0.3416428571428572,0.1,0.28,0.039154408100012306","0,0,0"
43.03333333333333,81,AV,1,0,0,90,1338.7213376931895,0.4,-0.9601606927566154,"0.2788080808080809,0.24203383458646616,0.36045238095238097,0.4,0.9,0.06438231751737097","0,0,0"
24.816666666666666,65,AV,1,0,0,40,1148.9174546898266,0.2,-0.23760251250460443,"0.42020987654320996,0.3312403100775195,0.4128333333333334,0.2,0.4,0.05525419389859809","0,0,0"
57.016666666666666,90,AV,0,0,0,82,1467.6871321740252,0.1,-10.348677616608843,"0.2660675675675676,0.27565957446808503,0.3517380952380952,0.1,0.82,0.07058459165416232","0,0,0"
13.866666666666667,277,AV,1,0,0,5,7912.643587116454,0.1,-0.45717496281117287,"0.29762820512820515,0.25557619047619046,0.34864814814814815,0.1,0.05,0.38053799359420826","0,0,0"
42.55,118,AV,1,0,0,83,1830.3424648913517,0.1,-0.3245044661713626,"0.3500731707317073,0.29245498783454993,0.3458030303030302,0.1,0.83,0.08802555574651609","0,0,0"
10.466666666666667,201,AV,0,0,0,7,3393.6426315430986,0.1,-10.148000525875629,"0.24110683760683765,0.2783392857142857,0.3660909090909092,0.1,0.07,0.1632084073754924","0,0,0"
45.43333333333333,89,AV,1,0,0,94,1457.5875839824732,0.2,-0.5518588547133642,"0.2935416666666667,0.28391127098321345,0.3204333333333333,0.2,0.94,0.07009888017699192","0,0,0"
37.733333333333334,162,AV,1,0,0,78,2530.9644311939346,0.8,-3.1833908179017048,"0.38699583333333337,0.32927347417840375,0.3331666666666666,0.8,0.78,0.12172014522087579","0,0,0"
15.283333333333333,185,AV,1,0,0,0,3046.5766145774583,0.6,-1.1640461481531372,"0.3551846846846848,0.31490689655172416,0.3491944444444444,0.6,0.0,0.14651717083908622","0,0,0"
18.116666666666667,228,AV,1,0,0,20,4559.760277629775,0.7,-2.409389996700344,"0.30833796296296295,0.2681759259259259,0.31366666666666665,0.7,0.2,0.21928979970044837","0,0,0"
33.53333333333333,275,AV,1,0,0,62,7658.5640246764915,0.4,-4.280286338235861,"0.366452380952381,0.3115820707070708,0.3721666666666667,0.4,0.62,0.3683186985078447","0,0,0"
21.483333333333334,256,AV,1,0,0,27,6007.794801579103,0.5,-2.6889053816789805,"0.3225555555555556,0.30722262773722625,0.35511111111111116,0.5,0.27,0.2889292503255245","0,0,0"
24.966666666666665,111,AV,1,0,0,40,1783.933402668827,0.2,-0.3711572551663754,"0.3503952380952381,0.3164211195928754,0.38483333333333336,0.2,0.4,0.0857936327199939","0,0,0"
29.35,95,AV,0,0,0,40,1530.6528609905624,0.4,-10.74874435783455,"0.2933518518518518,0.307044600938967,0.3637638888888889,0.4,0.4,0.07361276445699849","0,0,0"
32.583333333333336,258,AV,1,0,0,57,6081.635477498837,0.2,-1.651332966459754,"0.3616904761904762,0.31986073059360737,0.37007407407407406,0.2,0.57,0.29248042539751784","0,0,0"
59.983333333333334,191,AV,0,0,0,96,3159.4556453821087,0.9,-17.10680054233138,"0.3168571428571428,0.32413262910798113,0.31813888888888886,0.9,0.96,0.15194579395705407","0,0,0"
44.4,16,AV,1,0,0,91,626.2908344343901,0.1,-0.11586380437036217,"0.3301594202898551,0.3151240875912408,0.3579285714285714,0.1,0.91,0.03011982720037529","0,0,0"
44.36666666666667,97,AV,1,0,0,95,1541.4014724042315,0.3,-0.8548355665708467,"0.36725416666666666,0.2930265151515151,0.3748541666666666,0.3,0.95,0.07412969094006937","0,0,0"
22.55,161,AV,1,0,0,35,2472.005569054355,0.2,-0.4645310465181309,"0.36765116279069765,0.29429256594724224,0.33397916666666666,0.2,0.35,0.11888467223941558","0,0,0"
11.933333333333334,279,AV,1,0,0,0,8011.326014866212,0.4,-1.5933637296233911,"0.3186896551724139,0.30662280701754385,0.36795,0.4,0.0,0.385283868047601","0,0,0"
11.283333333333333,5,AV,1,0,0,1,497.26542980048754,0.5,-0.11689190832462848,"0.39332843137254897,0.3075206812652068,0.37227777777777776,0.5,0.01,0.023914686268460907","0,0,0"
45.666666666666664,38,AV,1,0,0,98,863.3540159882258,0.1,-0.16427708359775964,"0.3759313725490197,0.31896247240618103,0.3882000000000001,0.1,0.98,0.04152076374836295","0,0,0"
20.083333333333332,87,AV,1,0,0,24,1447.5744631551047,0.4,-0.484535341139417,"0.3715833333333334,0.27509740259740256,0.34429166666666666,0.4,0.24,0.06961732519889745","0,0,0"
44.05,46,AV,1,0,0,94,961.7772661313056,0.4,-0.7061048095514001,"0.39582882882882875,0.3282630385487528,0.36458333333333326,0.4,0.94,0.04625417372950396","0,0,0"
36.31666666666667,147,AV,1,0,0,66,2241.037238818388,0.1,-0.33911250995731024,"0.36443495934959347,0.32196547619047616,0.3419814814814815,0.1,0.66,0.10777685169826198","0,0,0"
17.116666666666667,216,AV,1,0,0,10,3898.759045987068,0.2,-0.5561146583650998,"0.3751240310077519,0.3006022727272727,0.353,0.2,0.1,0.18750066631117593","0,0,0"
26.316666666666666,13,AV,1,0,0,43,591.6693204447811,0.3,-0.19463455353798112,"0.3164837398373983,0.25882697201017807,0.3564791666666666,0.3,0.43,0.028454795618483852","0,0,0"
62.016666666666666,17,AV,0,0,0,95,627.4062491148882,0.4,-10.648494070265695,"0.30179385964912286,0.30863194444444436,0.3381041666666667,0.4,0.95,0.03017347016557005","0,0,0"
39.21666666666667,229,AV,1,0,0,79,4569.840806868062,1.0,-7.467246818444825,"0.3529242424242425,0.2938880597014925,0.3570277777777778,1.0,0.79,0.21977459651057532","0,0,0"
14.5,292,AV,1,0,0,6,11515.391842589095,0.3,-2.0871647714692734,"0.32639015151515144,0.2864005167958656,0.32557692307692304,0.3,0.06,0.5538027915682833","0,0,0"
27.966666666666665,62,AV,1,0,0,46,1122.7546975855585,0.2,-0.2616642197984121,"0.37612345679012343,0.30413868613138684,0.3802395833333334,0.2,0.46,0.05399596420763093","0,0,0"
44.93333333333333,106,AV,0,0,0,63,1691.6338586686718,0.3,-10.950134350618903,"0.3049393939393939,0.31388725490196073,0.35968333333333335,0.3,0.63,0.08135472644337755","0,0,0"
22.116666666666667,159,AV,1,0,0,25,2411.397471856681,0.1,-0.22221697535790388,"0.3435,0.3073842592592592,0.38275,0.1,0.25,0.11596988359144483","0,0,0"
32.85,50,AV,0,0,0,46,1011.0784796502788,0.1,-10.138391366902132,"0.24108095238095242,0.25118928571428567,0.297051282051282,0.1,0.46,0.04862518724321976","0,0,0"
39.8,51,AV,0,0,0,57,1014.5614647146556,0.3,-10.50474432869554,"0.2628205128205129,0.2944833333333333,0.32273333333333326,0.3,0.57,0.04879269234230884","0,0,0"
30.95,276,AV,2,0,0,41,7864.29237148983,0.2,-2.0283320741467517,"0.3478925925925926,0.3229373522458628,0.3089166666666667,0.2,0.41,0.37821266775590623","0,0,0"
27.916666666666668,144,AV,0,0,0,33,2212.8825544422834,0.2,-10.514802538707059,"0.2635897435897436,0.2692251908396946,0.3287407407407407,0.2,0.33,0.1064228254509272","0,0,0"
38.916666666666664,213,AV,1,0,0,78,3822.7735841463273,0.3,-1.8596200664545153,"0.4285405405405406,0.3476244131455399,0.3836515151515152,0.3,0.78,0.18384634334403438","0,0,0"
40.233333333333334,10,AV,1,0,0,81,541.9839687696077,0.4,-0.3634303612805092,"0.28608730158730156,0.24957142857142856,0.33596666666666664,0.4,0.81,0.026065307980208553","0,0,0"
18.933333333333334,19,AV,1,0,0,21,658.4091024775607,0.5,-0.2597058126439267,"0.30603658536585365,0.2682907542579076,0.2940416666666667,0.5,0.21,0.03166447168540803","0,0,0"
30.8,167,AV,1,0,0,56,2629.980017260476,0.1,-0.3375141022150944,"0.3306515151515152,0.30964381720430106,0.3785,0.1,0.56,0.12648204205617194","0,0,0"
26.133333333333333,183,AV,0,0,0,31,3017.17067826153,0.1,-10.328536362744034,"0.2756452991452991,0.3051891252955083,0.3554375,0.1,0.31,0.14510296888720728","0,0,0"
37.93333333333333,224,AV,1,0,0,76,4135.471393234625,0.7,-4.575439599792642,"0.36947863247863244,0.31241731266149875,0.3592361111111111,0.7,0.76,0.198884730396563","0,0,0"
30.6,233,AV,1,0,0,52,4687.914961676448,0.1,-0.5977091576137472,"0.37116666666666676,0.2927257217847769,0.33722916666666664,0.1,0.52,0.22545306559254863","0,0,0"
50.13333333333333,274,AV,0,0,0,76,7572.106998522375,0.2,-13.163458034938238,"0.2151666666666667,0.2434716049382716,0.3136111111111111,0.2,0.76,0.3641607729166582","0,0,0"
53.38333333333333,290,AV,0,0,0,79,10783.100237376317,0.2,-14.796981952821714,"0.25112500000000004,0.2607944444444445,0.31219047619047624,0.2,0.79,0.518585133259083","0,0,0"
41.233333333333334,296,AV,1,0,0,86,14505.369879802229,0.1,-2.492103130738244,"0.28667129629629634,0.2545205314009662,0.37286111111111103,0.1,0.86,0.6975980011774241","0,0,0"
17.233333333333334,236,AV,0,0,0,21,4843.3187157075145,0.6,-12.086663146683987,"0.3033047619047619,0.3051349765258216,0.3487692307692308,0.6,0.21,0.2329268045654853","0,0,0"
29.6,178,AV,0,0,0,40,2927.9701715656583,0.1,-10.361116321159765,"0.25755357142857144,0.28029425287356324,0.3192,0.1,0.4,0.14081310274172557","0,0,0"
44.416666666666664,117,AV,1,0,0,92,1824.367004680513,0.4,-1.3505383520759908,"0.3186583333333333,0.3136306954436451,0.3603030303030303,0.4,0.92,0.08773818154415255","0,0,0"
20.666666666666668,53,AV,1,0,0,25,1020.5842314575186,0.1,-0.08788364215328631,"0.2849390243902439,0.26373631840796025,0.37883333333333336,0.1,0.25,0.04908234162917255","0,0,0"
43.266666666666666,31,AV,0,0,0,63,818.0604611907775,0.2,-10.294956244062675,"0.2618137254901961,0.2962646396396396,0.35741666666666666,0.2,0.63,0.03934248814734457","0,0,0"
19.4,170,AV,1,0,0,23,2744.255474143275,0.4,-0.8873092699729922,"0.3232619047619047,0.2987886473429951,0.3438518518518518,0.4,0.23,0.13197782265092123","0,0,0"
36.8,20,AV,1,0,0,72,670.158540600369,0.1,-0.10275764289205656,"0.3684703703703704,0.30144927536231875,0.3448095238095238,0.1,0.72,0.032229530323508795","0,0,0"
39.8,44,AV,1,0,0,79,950.4213588862824,0.2,-0.31522308403061705,"0.3577222222222223,0.28417901234567894,0.3393666666666666,0.2,0.79,0.04570804093445438","0,0,0"
22.483333333333334,142,AV,1,0,0,34,2187.718469250836,0.1,-0.20494668159856788,"0.37840873015873017,0.29067865707434054,0.3653333333333333,0.1,0.34,0.10521262428567076","0,0,0"
43.61666666666667,165,AV,1,0,0,91,2574.4307659940623,0.2,-0.9357340714731195,"0.32730092592592586,0.29362237762237764,0.3703888888888888,0.2,0.91,0.12381054543309646","0,0,0"
42.85,155,AV,1,0,0,86,2344.9936519099742,0.1,-0.41867907493476,"0.3033007246376812,0.29437531806615774,0.36223076923076925,0.1,0.86,0.11277636474640867","0,0,0"
8.683333333333334,158,AV,0,0,0,7,2401.1770329784995,0.1,-10.086875919040402,"0.25081081081081075,0.26594178082191783,0.28150000000000003,0.1,0.07,0.11547835819142706","0,0,0"
55.18333333333333,63,AV,0,0,0,80,1141.0395517097602,0.3,-10.787079574106462,"0.2460904761904762,0.2727333333333334,0.3409166666666666,0.3,0.8,0.054875326664056465","0,0,0"
23.483333333333334,206,AV,1,0,0,36,3583.4963710051925,0.4,-1.402540662985088,"0.38915306122448984,0.3418858974358974,0.37011111111111106,0.4,0.36,0.17233892871085194","0,0,0"
31.816666666666666,202,AV,1,0,0,56,3414.9419898187493,0.2,-0.9054339248005545,"0.2957714285714286,0.2470385572139303,0.2926515151515151,0.2,0.56,0.1642327445611401","0,0,0"
34.1,55,AV,1,0,0,64,1025.7249596144625,0.1,-0.14573842134522155,"0.36431250000000004,0.2978200483091787,0.3774791666666667,0.1,0.64,0.049329571566540366","0,0,0"
25.766666666666666,280,AV,1,0,0,43,8134.997760071039,0.1,-0.8733823984076268,"0.35389473684210526,0.30202611940298507,0.40795833333333337,0.1,0.43,0.39123153866695837","0,0,0"
35.55,288,AV,2,0,0,51,9667.367812467324,0.1,-1.4319788572217225,"0.3742301587301587,0.3190212765957447,0.3182,0.1,0.51,0.46492688697408946","0,0,0"
46.233333333333334,8,AV,1,0,0,97,522.2875039790788,0.7,-0.7042901911295661,"0.3610555555555555,0.29806447688564475,0.3433030303030303,0.7,0.97,0.025118057783764625","0,0,0"
24.233333333333334,47,AV,1,0,0,35,968.7072844723906,0.6,-0.5868751631761899,"0.3658875,0.2763259803921569,0.3511309523809523,0.6,0.35,0.04658745492005087","0,0,0"
48.45,41,AV,0,0,0,71,932.0432837729122,0.8,-11.505249903293253,"0.26274822695035455,0.28949193548387103,0.3743148148148148,0.8,0.71,0.04482419525724574","0,0,0"
35.95,293,AV,1,0,0,63,11940.25564443948,0.3,-5.365652380219992,"0.3183825757575757,0.29314988009592324,0.35464285714285715,0.3,0.63,0.5742355100304415","0,0,0"
41.2,211,AV,1,0,0,85,3773.073658575576,0.1,-0.647710978055474,"0.28637984496124025,0.24500420168067227,0.29569047619047617,0.1,0.85,0.18145615481219285","0,0,0"
27.966666666666665,143,AV,0,0,0,37,2187.907521251699,0.8,-12.039616011477973,"0.2728531746031746,0.28753286384976523,0.32897222222222217,0.8,0.37,0.10522171624947545","0,0,0"
37.4,109,AV,1,0,0,78,1778.835052690156,0.2,-0.5544035914217653,"0.31217063492063496,0.24543115942028987,0.30878333333333335,0.2,0.78,0.08554844085078303","0,0,0"
24.383333333333333,298,AV,0,0,0,29,17322.90883950548,0.9,-25.83963477012282,"0.2480166666666667,0.27851824817518245,0.31943750000000004,0.9,0.29,0.833100202280572","0,0,0"
28.4,113,AV,1,0,0,46,1797.659883656486,0.2,-0.42544617246536837,"0.33423809523809533,0.2612103448275862,0.3103666666666667,0.2,0.46,0.08645377208765831","0,0,0"
16.433333333333334,57,AV,1,0,0,5,1089.3140785512585,0.2,-0.149175511312714,"0.3314963768115943,0.2883594527363184,0.3612833333333333,0.2,0.05,0.052387724694280345","0,0,0"
41.15,85,AV,1,0,0,83,1386.7650627050614,0.1,-0.2377724263763053,"0.36142982456140343,0.31884606481481487,0.37140476190476185,0.1,0.83,0.06669285539507566","0,0,0"
51.9,54,AV,0,0,0,78,1020.7360413649084,0.5,-11.103670844725807,"0.2545322580645161,0.2645203836930456,0.3527,0.5,0.78,0.04908964253144747","0,0,0"
40.25,133,AV,1,0,0,82,2033.019749384408,0.2,-0.6819087076060203,"0.37340530303030306,0.33439405684754525,0.39872727272727276,0.2,0.82,0.0977727920954007","0,0,0"
29.15,86,AV,1,0,0,48,1404.912317929139,0.1,-0.1706383086151433,"0.3222261904761905,0.2926229314420804,0.4117619047619048,0.1,0.48,0.06756560039062387","0,0,0"
33.65,9,AV,1,0,0,61,539.5213747330826,0.5,-0.37822696374517134,"0.29108547008547014,0.2808096846846847,0.3248888888888889,0.5,0.61,0.025946875931124203","0,0,0"
31.683333333333334,149,AV,1,0,0,54,2283.7291705859197,0.1,-0.301483968978044,"0.3293565891472868,0.3052418032786886,0.3505111111111111,0.1,0.54,0.10983000901270609","0,0,0"
50.05,198,AV,0,0,0,73,3352.9358316496982,0.2,-11.398453653117228,"0.2932539682539682,0.2952541966426858,0.33864814814814814,0.2,0.73,0.16125071981045438","0,0,0"
40.55,299,AV,1,0,0,85,20793.30768626012,0.1,-3.5132026111576997,"0.3360119047619048,0.29708719646799114,0.32922727272727265,0.1,0.85,1.0","0,0,0"
8.783333333333333,150,AV,0,0,0,7,2293.603195459698,0.1,-10.083939505833838,"0.17307526881720428,0.23160919540229885,0.2922333333333333,0.1,0.07,0.11030487453303418","0,0,0"
58.416666666666664,294,AV,0,0,0,92,13351.937436366714,0.2,-16.499797321453517,"0.2728055555555555,0.2793598484848485,0.37300000000000005,0.2,0.92,0.6421266706493964","0,0,0"
18.883333333333333,249,AV,1,0,0,19,5702.891177591027,0.2,-0.897413292251477,"0.3234878048780488,0.30262179487179486,0.33116666666666666,0.2,0.19,0.27426570431405706","0,0,0"
29.916666666666668,23,AV,1,0,0,50,736.5379020629116,0.5,-0.4590574771537939,"0.3971046511627906,0.3330435323383085,0.41042592592592586,0.5,0.5,0.03542187290142414","0,0,0"
35.7,75,AV,1,0,0,69,1275.9312017726234,0.6,-1.1387685975820665,"0.40194298245614035,0.2898944020356234,0.3497878787878787,0.6,0.69,0.06136258939772906","0,0,0"
10.5,237,AV,0,0,0,8,4959.361066312568,0.2,-10.43394409330235,"0.26798648648648643,0.27688356164383565,0.34009523809523806,0.2,0.08,0.23850755931388606","0,0,0"
31.033333333333335,271,AV,1,0,0,54,7128.986247371214,0.2,-1.8436350545285,"0.3774594594594594,0.3036838624338625,0.31276666666666664,0.2,0.54,0.34285003400790975","0,0,0"
23.65,221,AV,1,0,0,31,4034.238052294327,0.2,-0.7950810828063403,"0.3168738738738739,0.2816901234567901,0.3482592592592592,0.2,0.31,0.19401617641430308","0,0,0"
26.733333333333334,148,AV,1,0,0,43,2260.56382504795,0.1,-0.2518016927345078,"0.38913120567375886,0.32203307888040716,0.37423611111111116,0.1,0.43,0.10871593202757703","0,0,0"
19.383333333333333,285,AV,1,0,0,23,8981.750106371177,0.3,-2.1762032028561826,"0.34239130434782616,0.30819753086419754,0.36900000000000005,0.3,0.23,0.4319538883323586","0,0,0"
47.21666666666667,84,AV,1,0,0,97,1373.5659577718477,0.9,-2.432070223979778,"0.3617301587301587,0.3158873239436619,0.37819444444444444,0.9,0.97,0.0660580788057822","0,0,0"
13.85,14,AV,1,0,0,4,601.3137559373858,0.3,-0.10410244399665992,"0.36882916666666665,0.3205416666666667,0.38298333333333334,0.3,0.04,0.028918619635236016","0,0,0"
34.03333333333333,7,AV,1,0,0,61,513.3463032142733,0.5,-0.3639767885984535,"0.47076250000000003,0.34573282442748093,0.3932592592592593,0.5,0.61,0.024688054010448962","0,0,0"
31.85,189,AV,1,0,0,57,3119.7161673652217,0.1,-0.414012333044093,"0.30926344086021507,0.2978470319634703,0.3598205128205128,0.1,0.57,0.1500346272193471","0,0,0"
31.216666666666665,283,AV,1,0,0,52,8480.737499651503,0.1,-1.103084815058838,"0.38182113821138214,0.3043676844783715,0.3728030303030303,0.1,0.52,0.407858991345347","0,0,0"
23.45,250,AV,1,0,0,34,5807.233742044462,0.3,-1.702245390636783,"0.33415833333333333,0.28548966408268733,0.36098148148148146,0.3,0.34,0.27928378830664774","0,0,0"
20.666666666666668,130,AV,1,0,0,28,2011.9739719035176,0.2,-0.3465066284944947,"0.3441976744186047,0.3192410071942446,0.38263888888888886,0.2,0.28,0.09676065021790628","0,0,0"
25.883333333333333,154,AV,1,0,0,41,2335.4036410281064,0.1,-0.2518667954525451,"0.38971705426356584,0.2918544776119403,0.33583333333333326,0.1,0.41,0.1123151581396212","0,0,0"
37.18333333333333,129,AV,1,0,0,76,2010.868248891871,0.1,-0.3115449349498447,"0.33631944444444434,0.290042328042328,0.3314333333333333,0.1,0.76,0.0967074733482937","0,0,0"
18.083333333333332,227,AV,1,0,0,17,4547.885280126284,0.2,-0.685341045685697,"0.34975490196078435,0.33463848039215693,0.38473333333333337,0.2,0.17,0.2187187026108142","0,0,0"
45.4,145,AV,1,0,0,97,2218.0502812558643,0.2,-0.8391623564084686,"0.26586666666666664,0.24959978070175443,0.3372222222222222,0.2,0.97,0.10667135381839783","0,0,0"
19.1,40,AV,1,0,0,12,914.1934345695068,0.2,-0.14550912166897986,"0.34855038759689927,0.2778562801932367,0.35557407407407404,0.2,0.12,0.04396575322999674","0,0,0"
41.13333333333333,255,AV,1,0,0,84,5911.733280178027,0.1,-1.0132053982971785,"0.3947073170731707,0.3145,0.3823,0.1,0.84,0.28430942153971994","0,0,0"
39.68333333333333,297,AV,0,0,0,56,15387.119225735782,0.1,-12.544217421977562,"0.25774305555555554,0.2626372549019608,0.3474722222222222,0.1,0.56,0.7400034404292175","0,0,0"
39.03333333333333,168,AV,2,0,0,82,2675.3892374750885,1.0,-4.3512233292824005,"0.29288571428571425,0.30678265765765766,0.2720952380952381,1.0,0.82,0.1286658802843062","0,0,0"
22.166666666666668,257,AV,2,0,0,0,6020.57275324985,0.1,-0.5560667890154376,"0.332652380952381,0.30972409909909915,0.26761904761904765,0.1,0.0,0.2895437726450875","0,0,0"
31.8,99,AV,1,0,0,57,1564.487892525026,1.0,-2.0729464575956595,"0.39311904761904765,0.32826277372262785,0.39803030303030296,1.0,0.57,0.07523997221273333","0,0,0"
56.7,223,AV,0,0,0,92,4113.319853961603,0.2,-11.943543630996858,"0.25492424242424244,0.2859044289044289,0.2896296296296297,0.2,0.92,0.19781940978440954","0,0,0"
34.78333333333333,212,AV,1,0,0,65,3783.636689084741,0.4,-2.1934582694777376,"0.34017391304347816,0.2876717557251908,0.36066666666666664,0.4,0.65,0.18196415626480184","0,0,0"
40.266666666666666,225,AV,1,0,0,78,4237.057085974603,0.4,-2.843536088809623,"0.3208888888888889,0.28159195402298853,0.33327777777777784,0.4,0.78,0.20377022982131804","0,0,0"
24.266666666666666,69,AV,1,0,0,37,1244.4027248274256,0.3,-0.3774688265309858,"0.33393710691823897,0.3049469696969697,0.3804,0.3,0.37,0.05984630938009477","0,0,0"
44.2,268,AV,1,0,0,91,7006.371100745904,0.3,-3.8710200331621123,"0.36004074074074066,0.3107669270833334,0.4072272727272727,0.3,0.91,0.33695317774649197","0,0,0"
20.733333333333334,108,AV,1,0,0,26,1751.9448432672848,0.4,-0.6053942736179173,"0.3032824074074074,0.28936036036036034,0.31638888888888883,0.4,0.26,0.0842552262343976","0,0,0"
22.633333333333333,22,AV,0,0,0,25,727.2326469992182,0.5,-10.342910393966992,"0.2783108108108107,0.28078864734299513,0.30671666666666664,0.5,0.25,0.034974360884380204","0,0,0"
39.43333333333333,33,AV,1,0,0,76,825.4433072334436,0.3,-0.40687476352381824,"0.2644722222222222,0.24122261904761907,0.30997222222222226,0.3,0.76,0.039697546907310144","0,0,0"
38.96666666666667,181,AV,1,0,0,70,2964.6777926145683,0.1,-0.48134838049533757,"0.3836145833333333,0.30710144927536237,0.36073333333333335,0.1,0.7,0.14257846021167567","0,0,0"
43.71666666666667,160,AV,1,0,0,89,2421.0391237858234,0.7,-3.0869930105438543,"0.33862916666666665,0.27344988344988347,0.29797619047619045,0.7,0.89,0.11643357373995898","0,0,0"
13.666666666666666,287,AV,0,0,0,17,9030.678864893336,0.3,-11.542740972752611,"0.2744545454545454,0.2804036281179139,0.2851296296296296,0.3,0.17,0.4343069895926497","0,0,0"
36.28333333333333,234,AV,1,0,0,70,4689.4303597647895,0.1,-0.7089506870283296,"0.33244949494949494,0.28234684684684686,0.3474259259259259,0.1,0.7,0.22552594471842924","0,0,0"
44.916666666666664,284,AV,0,0,0,65,8493.635575370567,0.1,-11.589607491362756,"0.2927387387387388,0.3207319347319347,0.30351666666666666,0.1,0.65,0.40847929071828354","0,0,0"
37.63333333333333,196,AV,1,0,0,75,3278.222126324269,0.6,-3.08426065051675,"0.3436544715447155,0.3327840375586854,0.3762857142857143,0.6,0.75,0.1576575586620336","0,0,0"
29.833333333333332,77,AV,1,0,0,49,1291.2118623687816,0.3,-0.4815144236750248,"0.40293495934959345,0.31105813953488376,0.37613636363636366,0.3,0.49,0.062097472987522495","0,0,0"
27.35,166,AV,1,0,0,44,2580.565825479665,0.1,-0.2940769805286202,"0.3356111111111111,0.2803156732891832,0.33068518518518514,0.1,0.44,0.12410559514707999","0,0,0"
15.766666666666667,197,AV,1,0,0,1,3301.717979419838,0.4,-0.8676181134808797,"0.3375855855855856,0.2945731414868106,0.41547619047619044,0.4,0.01,0.15878753054770403","0,0,0"
14.466666666666667,107,AV,1,0,0,5,1717.0377309640771,0.1,-0.10349921878311243,"0.357171875,0.3156801470588235,0.37079166666666663,0.1,0.05,0.08257645954513855","0,0,0"
15.916666666666666,140,AV,1,0,0,9,2137.1188228190404,0.1,-0.14173253304112385,"0.3054141414141414,0.27570975056689345,0.35812962962962963,0.1,0.09,0.10277916602134513","0,0,0"
15.483333333333333,71,AV,1,0,0,7,1260.6549751070208,0.2,-0.16265950998255865,"0.33634552845528454,0.3027410256410256,0.38058771929824564,0.2,0.07,0.06062791904628244","0,0,0"
30.133333333333333,60,AV,2,0,0,36,1111.987968807459,0.1,-0.13961626719471432,"0.3885416666666666,0.3079355231143552,0.3017380952380952,0.1,0.36,0.05347816641708441","0,0,0"
34.55,192,AV,1,0,0,65,3227.056348793521,0.2,-0.9291233070901346,"0.3176951219512195,0.3102753086419753,0.31633333333333336,0.2,0.65,0.1551968737963661","0,0,0"
19.15,88,AV,1,0,0,22,1454.957177165027,0.3,-0.3482803742838782,"0.3719929078014184,0.32748484848484843,0.36563636363636365,0.3,0.22,0.06997237760909195","0,0,0"
47.43333333333333,83,AV,1,0,0,99,1348.5865378412918,0.4,-1.0661325796378656,"0.32398449612403096,0.32333687943262407,0.35291666666666666,0.4,0.99,0.06485675863549194","0,0,0"
36.53333333333333,173,AV,2,0,0,50,2758.442965787371,0.7,-2.939274226877876,"0.3131712962962963,0.31814541387024603,0.30946666666666667,0.7,0.5,0.13266013312591463","0,0,0"
34.71666666666667,135,AV,0,0,0,48,2088.64210540395,0.1,-10.302127882330307,"0.2828423423423424,0.30022932330827073,0.3254722222222222,0.1,0.48,0.10044780450125744","0,0,0"
24.166666666666668,78,AV,1,0,0,39,1291.7462447339112,0.1,-0.13007167047667859,"0.3504801587301587,0.30052718676122925,0.3126,0.1,0.39,0.0621231727161656","0,0,0"
20.4,243,AV,1,0,0,20,5158.4050556257225,0.2,-0.8769288594563729,"0.30669512195121945,0.2992793427230047,0.39502380952380955,0.2,0.2,0.24808006178999184","0,0,0"
20.833333333333332,172,AV,0,0,0,24,2753.3979495063454,1.0,-12.390102386724259,"0.2694916666666667,0.29728710462287106,0.3303888888888889,1.0,0.24,0.13241750620204337","0,0,0"
22.216666666666665,139,AV,1,0,0,29,2131.3254046090938,0.5,-0.9864780431749729,"0.3292943262411348,0.2805671641791045,0.36211111111111116,0.5,0.29,0.10250054665508744","0,0,0"
23.466666666666665,120,AV,1,0,0,33,1848.7234685638712,0.2,-0.36152814496360147,"0.2853,0.28101811594202897,0.3681190476190476,0.2,0.33,0.08890954226515282","0,0,0"
41.1,68,AV,1,0,0,83,1200.7903182940884,0.7,-1.4394473940550383,"0.3063468468468469,0.2983457207207207,0.3234666666666666,0.7,0.83,0.057748884228147654","0,0,0"
42.833333333333336,26,AV,1,0,0,90,783.6834518391023,0.2,-0.2797314543370129,"0.35661507936507936,0.29793181818181824,0.3600104166666667,0.2,0.9,0.037689215379472674","0,0,0"
27.666666666666668,45,AV,1,0,0,46,954.0002559944874,0.5,-0.5498751475523782,"0.32775968992248067,0.2987890625,0.3450740740740741,0.5,0.46,0.045880158673594545","0,0,0"
25.1,169,AV,1,0,0,38,2722.266725979925,0.2,-0.569407456850801,"0.3178148148148148,0.30218888888888895,0.3067083333333333,0.2,0.38,0.13092033105337805","0,0,0"
40.21666666666667,273,AV,1,0,0,79,7332.887514065835,0.4,-4.915071547622461,"0.4292435897435897,0.3201888111888111,0.3503125,0.4,0.79,0.3526561345942708","0,0,0"
34.0,184,AV,1,0,0,65,3024.224513765153,0.2,-0.8568636122334601,"0.32210000000000005,0.3014122807017544,0.3302051282051282,0.2,0.65,0.1454422047418416","0,0,0"
18.133333333333333,58,AV,1,0,0,17,1100.389953660579,0.2,-0.16628114855315415,"0.3946452991452993,0.32239160839160846,0.367125,0.2,0.17,0.052920390072797266","0,0,0"
36.81666666666667,286,AV,1,0,0,74,8987.822610831106,0.5,-6.893784773377054,"0.2730740740740741,0.25690839694656487,0.3058974358974359,0.5,0.74,0.4322459296252377","0,0,0"
15.516666666666667,12,AV,0,0,0,19,572.7967315704935,0.7,-10.259230298586452,"0.23014814814814813,0.28623205128205126,0.3252222222222222,0.7,0.19,0.027547167589358008","0,0,0"
38.15,259,AV,0,0,0,54,6130.868263041086,0.2,-11.949105201958478,"0.2513619047619048,0.2563693045563549,0.31016666666666665,0.2,0.54,0.29484814804583803","0,0,0"
24.116666666666667,218,AV,1,0,0,35,3942.222625638348,0.3,-1.1884158623538934,"0.3914780701754386,0.32541958041958047,0.3625185185185185,0.3,0.35,0.18959093402168548","0,0,0"
55.15,291,AV,0,0,0,81,10838.007207066395,0.1,-12.490483739457133,"0.3007894736842105,0.30222139303482587,0.34302777777777776,0.1,0.81,0.5212257410218565","0,0,0"
21.966666666666665,156,AV,1,0,0,32,2360.1328348572283,0.2,-0.4320354272696982,"0.32906737588652485,0.303476368159204,0.3399074074074074,0.2,0.32,0.11350444433700012","0,0,0"
17.75,104,AV,1,0,0,14,1664.0464513081895,0.2,-0.246140204256003,"0.35572522522522526,0.3036519607843137,0.3140166666666667,0.2,0.14,0.08002798190726358","0,0,0"
45.96666666666667,254,AV,1,0,0,98,5899.132481879994,0.5,-5.649238675355911,"0.34353658536585363,0.2934125295508274,0.4125,0.5,0.98,0.2837034189504176","0,0,0"
28.783333333333335,114,AV,1,0,0,47,1799.695682844959,0.1,-0.21583850307453087,"0.30288709677419345,0.2834143192488263,0.3414074074074074,0.1,0.47,0.0865516785496407","0,0,0"
53.53333333333333,132,AV,0,0,0,78,2030.86588445069,0.4,-11.811983672459894,"0.24475462962962966,0.28057986111111116,0.33691666666666664,0.4,0.78,0.09766920756877238","0,0,0"
21.85,164,AV,1,0,0,30,2563.744074524839,0.1,-0.23340753345153228,"0.36379583333333343,0.29348148148148157,0.34922222222222227,0.1,0.3,0.1232965968285517","0,0,0"
32.81666666666667,214,AV,0,0,0,48,3824.993837156676,0.2,-11.04602956463354,"0.25824358974358974,0.2737328431372549,0.3349444444444445,0.2,0.48,0.18395312063237393","0,0,0"
29.45,3,AV,1,0,0,49,473.5024380788758,0.1,-0.05810269500592872,"0.33948226950354615,0.32056282051282053,0.3608125,0.1,0.49,0.022771867046038015","0,0,0"
26.55,115,AV,1,0,0,41,1809.16611953512,0.1,-0.20013900197357268,"0.3605487804878048,0.31687109375,0.3673636363636364,0.1,0.41,0.08700713454697676","0,0,0"
31.933333333333334,138,AV,1,0,0,59,2123.4400354784907,0.1,-0.2825354936094992,"0.3676095238095238,0.2815642857142857,0.3670972222222222,0.1,0.59,0.1021213203554731","0,0,0"
60.45,240,AV,0,0,0,94,5009.92015912814,0.4,-15.047494560321601,"0.2846157407407408,0.29011428571428566,0.29425,0.4,0.94,0.24093906725761643","0,0,0"
34.11666666666667,246,AV,1,0,0,65,5480.041794665195,0.2,-1.5580063268999522,"0.31034285714285714,0.28861473429951695,0.3755333333333333,0.2,0.65,0.26354834340696637","0,0,0"
38.61666666666667,36,AV,1,0,0,78,854.5785374972068,0.1,-0.1375040605125714,"0.2952252252252252,0.28102934272300467,0.31027272727272726,0.1,0.78,0.04109872995636468","0,0,0"
27.816666666666666,2,AV,1,0,0,45,457.16351791608827,0.1,-0.052986521625135515,"0.3312222222222222,0.30780269607843136,0.3245666666666666,0.1,0.45,0.021986089217454062","0,0,0"
22.316666666666666,174,AV,0,0,0,27,2838.632091159661,0.1,-10.263953359032138,"0.28330833333333333,0.28556976744186047,0.30727272727272725,0.1,0.27,0.13651662034681394","0,0,0"
44.85,24,AV,1,0,0,93,741.34301771214,0.6,-0.831230858609737,"0.3618300653594772,0.3010989159891599,0.34458333333333335,0.6,0.93,0.03565296242896494","0,0,0"
24.583333333333332,21,AV,1,0,0,33,699.2977112166509,0.1,-0.07162945305865,"0.3194649122807018,0.2903841145833333,0.37103571428571436,0.1,0.33,0.03363090287355943","0,0,0"
19.266666666666666,25,AV,0,0,0,21,763.1985099142711,0.9,-10.55141092341306,"0.27490816326530615,0.30491666666666667,0.29960000000000003,0.9,0.21,0.03670404542797105","0,0,0"
16.75,238,AV,1,0,0,13,4967.653125719208,0.8,-2.773606328526558,"0.2940787037037037,0.26680555555555563,0.35707291666666663,0.8,0.13,0.2389063443235514","0,0,0"
34.63333333333333,121,AV,1,0,0,68,1885.557658153182,0.2,-0.5441928907836545,"0.2912676767676768,0.27268690476190477,0.3525098039215686,0.2,0.68,0.09068098671954573","0,0,0"
15.583333333333334,182,AV,1,0,0,10,2991.769966736588,0.6,-1.1655437162077957,"0.3113904761904762,0.287124716553288,0.3506666666666667,0.6,0.1,0.143881387794473","0,0,0"
41.75,226,AV,1,0,0,85,4434.023444374438,0.2,-1.5426706566886068,"0.33550925925925923,0.30454022988505736,0.35462962962962963,0.2,0.85,0.2132428140475394","0,0,0"
40.65,35,AV,1,0,0,85,849.0657401736111,0.3,-0.4314315292257161,"0.3247222222222223,0.2919520547945206,0.33836666666666665,0.3,0.85,0.040833606321069346","0,0,0"
24.783333333333335,116,AV,1,0,0,40,1823.811293294481,0.1,-0.18833384674506207,"0.30829333333333336,0.3016501272264631,0.37587037037037035,0.1,0.4,0.08771145605177698","0,0,0"
6.983333333333333,247,AV,0,0,0,6,5502.789496653042,0.6,-10.960695332957343,"0.2745868055555556,0.2788786666666667,0.32851515151515154,0.6,0.06,0.26464233491284295","0,0,0"
15.35,126,AV,1,0,0,7,1950.0200213032829,0.3,-0.3741600915875674,"0.3365714285714286,0.2897139303482587,0.3588148148148148,0.3,0.07,0.09378113625432592","0,0,0"
14.233333333333333,112,AV,1,0,0,1,1794.439334206041,0.2,-0.21284044325166096,"0.37608130081300817,0.2667194835680752,0.33759523809523806,0.2,0.01,0.08629888814619799","0,0,0"
15.783333333333333,105,AV,1,0,0,10,1682.490559712908,0.2,-0.2212942444511283,"0.29996236559139783,0.2979928057553957,0.32625,0.2,0.1,0.08091500328370894","0,0,0"
32.2,37,AV,1,0,0,60,861.805442805673,1.0,-1.156255635764278,"0.3517083333333334,0.33493333333333325,0.39388888888888896,1.0,0.6,0.04144628915269407","0,0,0"
46.583333333333336,262,AV,0,0,0,67,6446.254396158338,0.2,-12.502400144064243,"0.3086846846846847,0.3254909297052154,0.3698666666666666,0.2,0.67,0.3100158230437728","0,0,0"
25.55,253,AV,1,0,0,42,5849.7981009167725,0.2,-1.2455195123201963,"0.34598449612403104,0.28085933806146574,0.39052777777777775,0.2,0.42,0.28133081033481866","0,0,0"
35.13333333333333,52,AV,1,0,0,69,1017.530975349866,0.2,-0.2979104577829886,"0.39150438596491227,0.3331123456790122,0.3907395833333333,0.2,0.69,0.048935503225503364","0,0,0"
36.15,136,AV,0,0,0,54,2105.159940183184,0.2,-10.634179431980185,"0.3005689655172414,0.30293333333333333,0.3571111111111111,0.2,0.54,0.10124218676253416","0,0,0"
40.266666666666666,27,AV,1,0,0,84,793.0252767736928,1.0,-1.3305201865869736,"0.32247435897435905,0.30324074074074076,0.3223571428571428,1.0,0.84,0.03813848612925163","0,0,0"
29.366666666666667,152,AV,1,0,0,51,2302.618320259251,0.2,-0.5635018722634445,"0.4033846153846154,0.3411631944444445,0.38509523809523805,0.2,0.51,0.11073843349034766","0,0,0"
36.7,64,AV,1,0,0,72,1148.2139867956057,0.4,-0.7023242219233122,"0.3641463414634146,0.31370000000000003,0.33775641025641023,0.4,0.72,0.05522036244162957","0,0,0"
25.883333333333333,239,AV,1,0,0,43,4968.170350229253,0.9,-4.822230346191268,"0.3294659863945579,0.3037735368956743,0.38411666666666666,0.9,0.43,0.23893121888982288","0,0,0"
36.2,18,AV,0,0,0,54,632.5893922142865,0.2,-10.190831133317976,"0.2502373737373737,0.2563817567567568,0.323962962962963,0.2,0.54,0.030422739939172414","0,0,0"
41.25,179,AV,1,0,0,87,2946.490055333797,0.3,-1.519283934781489,"0.3030999999999999,0.278615671641791,0.36535185185185187,0.3,0.87,0.14170376833700152","0,0,0"
31.216666666666665,93,AV,1,0,0,57,1507.5005543882637,0.2,-0.39215951921794695,"0.3212070707070707,0.2916916010498688,0.3562833333333333,0.2,0.57,0.07249931454553503","0,0,0"
34.46666666666667,180,AV,0,0,0,51,2953.761118311176,0.5,-12.12096458078733,"0.2760198412698413,0.2888994910941476,0.361311111111111,0.5,0.51,0.14205345118145746","0,0,0"
17.15,122,AV,1,0,0,10,1888.2149669861096,0.2,-0.2698573890317648,"0.3561185185185185,0.2832174479166667,0.36414285714285716,0.2,0.1,0.09080878306984375","0,0,0"
20.916666666666668,29,AV,0,0,0,24,806.3598325453933,1.0,-10.702764992947548,"0.2815350877192982,0.28732407407407407,0.3219444444444444,1.0,0.24,0.03877977687399022","0,0,0"
41.416666666666664,4,AV,0,0,0,61,491.8679742725259,0.1,-10.084881383060225,"0.31326515151515155,0.31548888888888893,0.3289545454545455,0.1,0.61,0.023655109696546463","0,0,0"
14.75,79,AV,1,0,0,1,1294.2551843223837,0.2,-0.15908553307295964,"0.28594551282051284,0.27947526041666665,0.34663333333333335,0.2,0.01,0.062243833633915134","0,0,0"
15.166666666666666,264,AV,1,0,0,8,6778.2755320215965,0.9,-3.855144208837283,"0.3654722222222222,0.2854140211640212,0.38764583333333336,0.9,0.08,0.3259835151913118","0,0,0"
29.666666666666668,119,AV,1,0,0,53,1836.3970218708375,0.3,-0.680997228943769,"0.282781746031746,0.2745389294403893,0.32209999999999994,0.3,0.53,0.08831673390204767","0,0,0"
39.46666666666667,263,AV,1,0,0,82,6563.608435155774,0.4,-4.317395770680243,"0.3455284552845528,0.3069280575539568,0.31794999999999995,0.4,0.82,0.31565966003056356","0,0,0"
23.566666666666666,187,AV,1,0,0,32,3097.4575811220984,0.1,-0.30415312636851716,"0.33893269230769235,0.31339617486338794,0.40462121212121216,0.1,0.32,0.14896415846185204","0,0,0"
24.4,92,AV,1,0,0,40,1496.328062426438,0.1,-0.15212668634668788,"0.3730595238095238,0.2999685039370079,0.3588571428571429,0.1,0.4,0.0719620026310286","0,0,0"
28.616666666666667,210,AV,1,0,0,47,3742.7752140142647,0.1,-0.4462739612821176,"0.33965625000000005,0.2816315192743764,0.3516060606060606,0.1,0.47,0.17999902999980277","0,0,0"
15.216666666666667,190,AV,1,0,0,2,3132.463358685509,0.3,-0.5958206346833063,"0.3301396396396396,0.27329398148148143,0.30848148148148147,0.3,0.02,0.150647670199936","0,0,0"
22.133333333333333,251,AV,1,0,0,28,5825.425317043349,0.4,-2.1489346725093244,"0.3269891304347826,0.29577407407407413,0.3522083333333333,0.4,0.28,0.28015866474638357","0,0,0"
17.716666666666665,235,AV,1,0,0,13,4818.617258984985,1.0,-3.5570764904868324,"0.3557945736434108,0.32262222222222225,0.38596296296296295,1.0,0.13,0.23173885231203734","0,0,0"
26.066666666666666,56,AV,0,0,0,31,1040.734547163155,0.1,-10.11303533553911,"0.31179166666666663,0.3160918635170603,0.335452380952381,0.1,0.31,0.05005141860382586","0,0,0"
20.783333333333335,96,AV,1,0,0,23,1538.317647081207,0.7,-0.9324982459286011,"0.328891304347826,0.31579296874999996,0.32755555555555554,0.7,0.23,0.07398138238957058","0,0,0"
19.2,98,AV,0,0,0,22,1564.4426034616197,0.8,-11.001243266215436,"0.24605729166666662,0.2892756892230577,0.33112745098039215,0.8,0.22,0.07523779415313409","0,0,0"
46.56666666666667,11,AV,0,0,0,66,566.7055292848979,0.2,-10.219913229003057,"0.27899186991869923,0.3160961538461539,0.343,0.2,0.66,0.027254227073231246","0,0,0"
58.516666666666666,270,AV,0,0,0,92,7099.697064525982,0.1,-11.731044193996578,"0.3017982456140351,0.30941102756892225,0.3347222222222222,0.1,0.92,0.3414414470102487","0,0,0"
32.75,194,AV,1,0,0,60,3257.969850357721,0.4,-1.7783085433202561,"0.3000541666666667,0.26149761904761903,0.36952083333333335,0.4,0.6,0.15668357817407447","0,0,0"
34.65,141,AV,1,0,0,67,2139.4702648744856,0.4,-1.2355440779650153,"0.31048373983739835,0.3051102564102564,0.37285714285714283,0.4,0.67,0.10289225250527183","0,0,0"
42.38333333333333,124,AV,1,0,0,90,1929.5758599688188,0.1,-0.34075773693754907,"0.35118390804597704,0.31728138528138533,0.3928809523809524,0.1,0.9,0.09279792753915007","0,0,0"
17.266666666666666,260,AV,1,0,0,16,6197.036257351283,0.4,-1.7833693229488692,"0.3266761904761905,0.27961069651741294,0.3237424242424243,0.4,0.16,0.2980303254708333","0,0,0"
15.716666666666667,91,AV,0,0,0,18,1485.5718097438446,1.0,-10.972843205964198,"0.2704490740740741,0.28623582766439915,0.2798095238095238,1.0,0.18,0.07144470866102204","0,0,0"
29.383333333333333,278,AV,1,0,0,47,7958.958807233507,1.0,-9.7441974841338,"0.31298750000000003,0.2780462287104623,0.35294871794871796,1.0,0.47,0.38276540352897576","0,0,0"
40.833333333333336,15,AV,2,0,0,76,623.7253316558669,0.2,-0.21223986979956586,"0.3974351851851852,0.31256689342403626,0.2987333333333333,0.2,0.76,0.02999644602325653","0,0,0"
22.65,248,AV,1,0,0,32,5702.616109653807,0.2,-1.076368790697156,"0.2721515151515152,0.2373119369369369,0.3055185185185185,0.2,0.32,0.27425247563772664","0,0,0"
15.25,199,AV,1,0,0,4,3368.9508766880413,0.1,-0.21406875362288597,"0.31288725490196084,0.28479550827423167,0.3637051282051281,0.1,0.04,0.16202092170810273","0,0,0"
45.483333333333334,110,AV,1,0,0,97,1782.711710770346,0.1,-0.33784862907585245,"0.32270000000000004,0.28340189125295506,0.3209814814814815,0.1,0.97,0.08573487862868172","0,0,0"
29.166666666666668,176,AV,1,0,0,49,2853.537244729806,0.8,-2.7742723212650895,"0.304609375,0.2637505827505828,0.3190208333333333,0.8,0.49,0.13723344490378397","0,0,0"
20.433333333333334,282,AV,1,0,0,17,8348.421721831439,0.2,-1.421550698745187,"0.3449512195121951,0.29067989417989415,0.3486944444444444,0.2,0.17,0.4014956084811817","0,0,0"
28.783333333333335,207,AV,1,0,0,44,3608.770587345788,0.1,-0.43280186141292887,"0.3406271929824562,0.32032860520094564,0.3585151515151515,0.1,0.44,0.17355442634701188","0,0,0"
43.03333333333333,73,AV,0,0,0,62,1267.69032506861,0.1,-10.22730391800883,"0.2445959595959596,0.2686918465227818,0.3171041666666667,0.1,0.62,0.0609662658868978","0,0,0"
42.4,261,AV,1,0,0,91,6230.691172258436,0.9,-9.906798963890914,"0.37383333333333324,0.32447777777777775,0.3935714285714285,0.9,0.91,0.29964887098629217","0,0,0"
45.36666666666667,195,AV,1,0,0,95,3274.575105225111,0.1,-0.6189856553071356,"0.3057479674796748,0.30319708029197073,0.3423611111111111,0.1,0.95,0.15748216467690215","0,0,0"
40.4,200,AV,1,0,0,83,3386.12741774329,0.2,-1.139996230640241,"0.28218965517241384,0.2755281531531531,0.3381025641025641,0.2,0.83,0.16284698273285247","0,0,0"
36.733333333333334,219,AV,1,0,0,70,3958.913906791885,0.1,-0.6059337674006469,"0.3646249999999999,0.3042549751243781,0.31244999999999995,0.1,0.7,0.1903936577347851","0,0,0"
27.933333333333334,32,AV,1,0,0,47,822.5771428470101,0.6,-0.574433038088162,"0.26595121951219514,0.2653807870370371,0.35163333333333335,0.6,0.47,0.039559706192899544","0,0,0"
22.033333333333335,103,AV,1,0,0,32,1661.9571573900298,0.1,-0.15257690014372358,"0.4538645833333333,0.3284184397163121,0.42426190476190473,0.1,0.32,0.07992750275552475","0,0,0"
38.21666666666667,230,AV,1,0,0,77,4572.8741748457805,0.5,-3.6408335010143666,"0.2864833333333333,0.26287593984962415,0.31515000000000004,0.5,0.77,0.21992047844641197","0,0,0"
17.533333333333335,175,AV,0,0,0,20,2850.5966631146844,0.3,-10.624755768665969,"0.2772991452991453,0.2913920863309352,0.34633333333333327,0.3,0.2,0.13709202528649697","0,0,0"
31.216666666666665,220,AV,0,0,0,41,4021.28082322038,0.1,-10.523045762631373,"0.2217222222222222,0.23158628841607565,0.3027051282051282,0.1,0.41,0.1933930322147629","0,0,0"
36.86666666666667,39,AV,1,0,0,69,913.5589076746268,0.1,-0.1403327988733524,"0.37107407407407406,0.29462558685446016,0.3753333333333333,0.1,0.69,0.04393523731091094","0,0,0"
30.216666666666665,177,AV,1,0,0,49,2891.134206742707,0.4,-1.4560073102290354,"0.36679310344827587,0.3061076115485564,0.3970416666666667,0.4,0.49,0.13904157291209238","0,0,0"
26.966666666666665,204,AV,1,0,0,43,3465.4556083993225,0.6,-2.3362946559958764,"0.4185736434108527,0.33803664302600483,0.3824166666666667,0.6,0.43,0.1666620655399256","0,0,0"
42.6,76,AV,1,0,0,85,1282.6858023855964,0.1,-0.22767672992344337,"0.3470666666666667,0.2803397932816537,0.3562976190476191,0.1,0.85,0.06168743432932387","0,0,0"
25.533333333333335,100,AV,1,0,0,41,1592.2311391495805,0.3,-0.5081871052452411,"0.29905691056910566,0.29811070559610703,0.3267962962962963,0.3,0.41,0.07657421143254188","0,0,0"
34.1,208,AV,1,0,0,61,3628.2404526711953,0.4,-2.062049990601463,"0.31746875,0.28854988662131525,0.3526666666666667,0.4,0.61,0.17449077883210845","0,0,0"
43.63333333333333,269,AV,1,0,0,84,7081.334819999852,0.1,-1.2874260110249731,"0.3646190476190476,0.31058394160583946,0.32896969696969697,0.1,0.84,0.34055836266392014","0,0,0"
21.483333333333334,0,AV,1,0,0,30,437.8567856598078,0.3,-0.11758279098239424,"0.263138888888889,0.2493683574879227,0.35190740740740734,0.3,0.3,0.021057582192617507","0,0,0"
24.166666666666668,74,AV,1,0,0,37,1275.6237969650936,0.7,-0.8991376068885902,"0.36841085271317825,0.31921666666666665,0.35831372549019613,0.7,0.37,0.06134780556380672","0,0,0"
11.416666666666666,241,AV,1,0,0,3,5051.78348307234,0.1,-0.24031053374337172,"0.2765045045045045,0.2653892694063927,0.33914285714285713,0.1,0.03,0.24295237483598997","0,0,0"
34.9,80,AV,1,0,0,68,1317.647826688136,0.2,-0.3832159095951329,"0.310484126984127,0.2823713910761155,0.3511666666666667,0.2,0.68,0.06336884186823323","0,0,0"
45.53333333333333,272,AV,1,0,0,96,7177.938863287724,0.1,-1.3618145121181988,"0.3359848484848485,0.2985410447761194,0.34014285714285714,0.1,0.96,0.345204282627472","0,0,0"
32.583333333333336,222,AV,1,0,0,59,4090.160813256426,0.1,-0.555296138188633,"0.3557333333333334,0.2807337962962963,0.3600972222222222,0.1,0.59,0.19670563601379967","0,0,0"
27.866666666666667,28,AV,1,0,0,45,802.5586880039084,0.2,-0.18637196199201872,"0.3305394736842105,0.28694082125603865,0.34820833333333334,0.2,0.45,0.038596970723144074","0,0,0"
42.166666666666664,61,AV,1,0,0,85,1117.0806745336297,0.4,-0.7850594740472453,"0.3476581196581197,0.32359701492537307,0.3327857142857143,0.4,0.85,0.05372308684066549","0,0,0"
