travel_time,id,kind,action,bid_route_0,bid_route_1,bid_route_2,karma_balance,origin,destination,start_time,income,urgency,reward
15.333333333333334,44,AV,1,2,4,4,2,0,0,33,10751.672106064549,0.5,-7.666666666666667
19.5,137,AV,1,3,4,2,11,0,0,40,4968.170350229253,0.2,-3.9000000000000004
21.016666666666666,50,AV,1,1,7,5,0,0,0,44,586.8516376274475,0.8,-16.813333333333333
40.53333333333333,63,AV,1,2,9,8,4,0,0,89,3863.855435177377,0.4,-16.213333333333335
20.65,84,AV,1,0,7,5,0,0,0,42,9280.176126726552,0.4,-8.26
38.766666666666666,132,AV,2,3,3,0,6,0,0,53,1141.5133047894662,0.2,-7.753333333333334
43.56666666666667,196,AV,0,9,9,1,6,0,0,64,4281.8327360815,0.5,-21.783333333333335
27.633333333333333,139,AV,2,3,3,0,12,0,0,33,2318.2944376966047,0.2,-5.526666666666667
34.93333333333333,118,AV,2,0,1,1,6,0,0,50,3752.1132597063192,0.4,-13.973333333333333
38.083333333333336,106,AV,2,1,3,1,6,0,0,58,3933.772930850901,0.5,-19.041666666666668
19.516666666666666,104,AV,1,1,6,8,2,0,0,41,5670.319740923212,0.4,-7.806666666666667
40.3,263,AV,1,0,9,1,0,0,0,75,388.2787303527966,0.5,-20.15
18.8,287,AV,1,3,7,8,8,0,0,40,2520.718778515204,0.8,-15.040000000000001
35.1,103,AV,1,3,8,3,2,0,0,65,4689.4303597647895,0.3,-10.53
16.45,220,AV,1,1,7,8,17,0,0,34,1723.69240549938,0.2,-3.29
35.11666666666667,148,AV,1,0,5,3,6,0,0,66,1150.2916000513435,0.5,-17.558333333333334
13.833333333333334,252,AV,1,1,4,2,1,0,0,29,1022.032321197676,0.8,-11.066666666666668
33.833333333333336,134,AV,1,1,4,2,6,0,0,65,2645.062412614309,0.2,-6.7666666666666675
33.983333333333334,221,AV,1,0,7,4,3,0,0,65,1005.9867386644172,0.3,-10.195
15.25,46,AV,0,7,6,5,0,0,0,37,1682.490559712908,0.4,-6.1000000000000005
13.7,143,AV,1,2,4,4,1,0,0,17,2260.56382504795,0.2,-2.74
37.833333333333336,151,AV,0,4,0,5,3,0,0,57,1234.5997004771,1.0,-37.833333333333336
25.016666666666666,81,AV,2,2,0,7,0,0,0,31,597.1498506777683,0.9,-22.515
24.233333333333334,100,AV,1,1,8,6,5,0,0,47,2953.464044858564,0.4,-9.693333333333335
28.616666666666667,10,AV,2,2,3,3,10,0,0,16,2622.7149314101284,0.5,-14.308333333333334
30.566666666666666,215,AV,1,3,5,8,3,0,0,56,961.7772661313056,0.1,-3.0566666666666666
30.116666666666667,73,AV,2,2,0,5,1,0,0,37,522.440884226393,0.4,-12.046666666666667
28.45,258,AV,2,3,3,4,2,0,0,39,6709.13861087917,0.3,-8.535
17.1,282,AV,0,4,4,2,10,0,0,38,1635.9686818612918,0.1,-1.7100000000000002
24.083333333333332,67,AV,0,4,0,5,1,0,0,45,4200.245935785981,0.6,-14.45
32.63333333333333,58,AV,2,1,3,5,1,0,0,48,4679.48341028673,0.1,-3.2633333333333336
36.8,224,AV,1,3,5,1,5,0,0,67,1251.6500609663929,0.8,-29.439999999999998
12.1,228,AV,1,2,4,5,8,0,0,17,2472.005569054355,0.7,-8.469999999999999
41.53333333333333,192,AV,0,9,1,6,9,0,0,61,8689.506535985933,0.7,-29.07333333333333
39.7,76,AV,0,4,8,1,9,0,0,57,3793.837230001502,0.2,-7.940000000000001
23.983333333333334,129,AV,1,3,4,4,10,0,0,48,2561.5826276178027,0.1,-2.3983333333333334
28.4,198,AV,2,2,3,5,1,0,0,34,1047.1205397958274,0.3,-8.52
46.13333333333333,141,AV,2,3,2,3,7,0,0,77,541.9839687696077,0.2,-9.226666666666667
35.083333333333336,211,AV,1,2,6,2,2,0,0,65,776.0711537761008,1.0,-35.083333333333336
23.916666666666668,45,AV,1,3,4,4,4,0,0,46,6081.635477498837,0.2,-4.783333333333334
28.816666666666666,61,AV,1,1,5,0,1,0,0,56,381.3218977270381,0.2,-5.763333333333334
40.11666666666667,47,AV,1,1,5,2,6,0,0,81,1594.6992934726818,0.2,-8.023333333333333
16.866666666666667,0,AV,1,1,5,2,6,0,0,36,2750.2432356670683,0.6,-10.12
25.0,219,AV,1,3,4,4,3,0,0,50,3958.913906791885,0.7,-17.5
24.15,279,AV,0,4,0,5,10,0,0,44,1460.8215047913693,0.4,-9.66
6.9,286,AV,0,6,1,4,3,0,0,11,4617.971391102537,0.8,-5.5200000000000005
13.95,113,AV,1,0,7,4,3,0,0,24,2044.1603053436156,1.0,-13.95
35.96666666666667,197,AV,1,3,4,4,4,0,0,66,1997.7276787447236,0.4,-14.386666666666668
17.033333333333335,66,AV,1,3,5,3,2,0,0,35,6020.57275324985,0.8,-13.626666666666669
38.083333333333336,208,AV,1,1,4,2,2,0,0,67,566.7055292848979,0.3,-11.425
25.883333333333333,142,AV,1,3,5,1,4,0,0,51,7912.643587116454,0.3,-7.765
20.283333333333335,171,AV,1,1,5,2,0,0,0,42,10450.70686878338,0.1,-2.0283333333333338
26.05,276,AV,1,2,6,4,1,0,0,52,3654.013033637752,0.2,-5.210000000000001
21.016666666666666,204,AV,1,0,5,5,13,0,0,44,1880.1756700095973,0.1,-2.1016666666666666
33.916666666666664,294,AV,1,1,4,2,8,0,0,62,13079.31179296209,0.4,-13.566666666666666
12.45,2,AV,1,2,9,1,1,0,0,22,4687.914961676448,0.6,-7.469999999999999
37.916666666666664,195,AV,2,2,1,8,13,0,0,54,2969.8754393798326,0.6,-22.749999999999996
27.666666666666668,146,AV,1,1,5,2,9,0,0,54,2476.7926805910606,0.1,-2.766666666666667
35.166666666666664,80,AV,1,1,5,2,4,0,0,65,1174.3503864217532,0.9,-31.65
41.9,223,AV,2,2,1,5,1,0,0,61,4266.216809230351,0.2,-8.38
41.63333333333333,185,AV,0,5,6,5,2,0,0,59,639.9143284368583,0.9,-37.47
32.86666666666667,109,AV,0,4,5,6,7,0,0,54,3628.2404526711953,0.4,-13.146666666666668
18.916666666666668,43,AV,1,3,5,3,0,0,0,37,2117.047321722312,0.7,-13.241666666666667
24.283333333333335,120,AV,1,0,9,1,2,0,0,49,5341.061461458292,0.8,-19.42666666666667
39.25,19,AV,1,1,4,2,5,0,0,76,1148.2139867956057,1.0,-39.25
24.9,95,AV,1,3,5,4,2,0,0,49,3256.7228478661937,1.0,-24.9
32.416666666666664,262,AV,1,1,4,7,9,0,0,62,1830.3424648913517,0.4,-12.966666666666667
20.8,65,AV,0,4,5,5,4,0,0,41,2538.843693606908,0.4,-8.32
27.883333333333333,89,AV,1,3,5,8,4,0,0,54,1111.987968807459,0.7,-19.51833333333333
20.516666666666666,206,AV,1,1,5,2,17,0,0,42,1389.0632502942228,0.6,-12.309999999999999
45.9,51,AV,2,0,0,1,8,0,0,60,3508.846318545673,0.2,-9.18
34.233333333333334,140,AV,1,1,7,5,6,0,0,63,863.3540159882258,0.1,-3.423333333333334
22.366666666666667,275,AV,0,4,2,0,1,0,0,43,1639.6236094811811,0.4,-8.946666666666667
34.31666666666667,285,AV,1,1,5,2,5,0,0,61,2198.5025098873134,0.2,-6.863333333333334
30.583333333333332,35,AV,1,0,5,5,0,0,0,59,4381.240268036911,0.1,-3.0583333333333336
20.75,8,AV,1,3,4,7,3,0,0,43,2294.767722006211,0.2,-4.15
30.05,83,AV,1,1,5,2,2,0,0,55,4412.688598555705,0.2,-6.010000000000001
36.166666666666664,194,AV,0,4,3,4,6,0,0,55,4164.701887555128,0.1,-3.6166666666666667
14.333333333333334,49,AV,1,3,5,3,17,0,0,31,3866.930621896856,0.1,-1.4333333333333336
24.283333333333335,280,AV,2,0,1,4,15,0,0,33,4577.590037133467,0.3,-7.285
29.966666666666665,6,AV,1,1,5,2,6,0,0,57,1805.1606101798543,0.5,-14.983333333333333
31.333333333333332,242,AV,1,3,4,2,3,0,0,61,1986.5043233563797,0.2,-6.266666666666667
19.65,246,AV,1,0,7,5,11,0,0,41,640.5426603936758,1.0,-19.65
26.283333333333335,64,AV,1,1,5,2,1,0,0,53,1083.524948441525,1.0,-26.283333333333335
37.2,222,AV,1,3,5,3,1,0,0,69,3387.2787239910285,0.4,-14.880000000000003
24.25,24,AV,1,0,7,4,6,0,0,48,863.5619359671642,0.2,-4.8500000000000005
6.666666666666667,231,AV,0,7,6,3,4,0,0,24,2043.1688306873104,0.5,-3.3333333333333335
37.833333333333336,154,AV,1,0,5,3,9,0,0,70,7958.958807233507,0.3,-11.35
27.633333333333333,40,AV,0,4,6,7,11,0,0,50,8348.421721831439,0.1,-2.7633333333333336
26.533333333333335,160,AV,2,1,3,2,24,0,0,33,4707.821121085941,1.0,-26.533333333333335
40.1,261,AV,1,1,5,2,1,0,0,79,753.7709081553346,0.9,-36.09
41.8,265,AV,2,2,1,8,5,0,0,71,20239.22920549412,0.2,-8.36
14.833333333333334,254,AV,1,0,7,4,12,0,0,31,591.6693204447811,0.4,-5.933333333333334
28.5,107,AV,1,1,7,8,3,0,0,52,3783.636689084741,0.1,-2.85
31.7,218,AV,1,0,4,3,6,0,0,61,2347.541384251396,0.8,-25.36
24.583333333333332,245,AV,2,2,1,0,6,0,0,30,1475.2077210572677,0.2,-4.916666666666667
26.533333333333335,178,AV,1,0,4,3,7,0,0,52,3773.073658575576,0.2,-5.3066666666666675
20.916666666666668,25,AV,1,3,4,4,1,0,0,43,1275.9312017726234,0.2,-4.183333333333334
31.9,162,AV,1,1,7,8,3,0,0,60,2857.712092786687,0.5,-15.95
36.583333333333336,56,AV,1,1,5,2,5,0,0,66,3398.605365942332,1.0,-36.583333333333336
46.28333333333333,111,AV,2,0,1,1,12,0,0,81,4429.527615460413,0.2,-9.256666666666666
36.86666666666667,36,AV,2,0,0,5,1,0,0,50,2756.9260540590044,0.1,-3.686666666666667
19.283333333333335,251,AV,1,0,7,4,17,0,0,42,2280.385817754286,0.3,-5.785
29.216666666666665,193,AV,1,3,4,3,1,0,0,56,7658.5640246764915,0.3,-8.764999999999999
18.7,59,AV,0,9,2,2,7,0,0,39,3159.4556453821087,0.8,-14.96
21.75,55,AV,1,2,6,5,8,0,0,44,1822.2981036688468,0.5,-10.875
37.483333333333334,187,AV,1,3,6,0,2,0,0,69,1596.1763216794554,0.8,-29.986666666666668
8.416666666666666,212,AV,0,4,7,2,3,0,0,32,1148.9174546898266,0.3,-2.525
19.55,108,AV,1,3,5,3,2,0,0,40,8480.737499651503,0.3,-5.865
40.68333333333333,3,AV,2,2,2,9,10,0,0,60,3032.1279287666234,0.2,-8.136666666666667
32.28333333333333,156,AV,1,0,4,8,9,0,0,61,5849.7981009167725,0.2,-6.456666666666667
23.633333333333333,34,AV,2,2,3,2,7,0,0,25,3046.5766145774583,0.8,-18.906666666666666
15.816666666666666,237,AV,1,0,5,1,1,0,0,32,2158.6935677652164,0.5,-7.908333333333333
26.166666666666668,241,AV,1,1,7,5,5,0,0,46,877.2934597877683,0.4,-10.466666666666669
28.5,270,AV,2,3,2,3,8,0,0,43,1496.328062426438,1.0,-28.5
48.483333333333334,122,AV,2,2,2,9,7,0,0,70,3119.7161673652217,0.8,-38.78666666666667
21.333333333333332,272,AV,1,3,4,4,4,0,0,45,837.3801312568858,0.6,-12.799999999999999
20.85,48,AV,2,2,1,5,6,0,0,30,1921.5023446668008,0.1,-2.0850000000000004
29.016666666666666,1,AV,1,1,5,2,3,0,0,54,8139.327108000771,0.2,-5.803333333333334
48.8,99,AV,2,3,2,9,2,0,0,87,5578.433439706214,0.4,-19.52
30.283333333333335,203,AV,1,1,4,2,7,0,0,58,3065.2253709468137,0.1,-3.0283333333333338
31.716666666666665,243,AV,1,1,5,2,0,0,0,61,3476.696831582168,1.0,-31.716666666666665
13.983333333333333,77,AV,1,3,4,4,2,0,0,25,4967.653125719208,1.0,-13.983333333333333
29.133333333333333,230,AV,0,8,6,1,3,0,0,50,1261.43865123121,0.1,-2.9133333333333336
30.45,291,AV,2,2,3,3,5,0,0,46,3824.993837156676,0.4,-12.18
29.65,159,AV,1,1,4,2,1,0,0,58,3158.0604616132755,0.2,-5.93
38.583333333333336,125,AV,1,1,5,2,3,0,0,73,1294.2551843223837,0.2,-7.716666666666668
38.0,91,AV,1,3,5,8,5,0,0,72,1823.811293294481,1.0,-38.0
23.25,78,AV,1,3,4,2,4,0,0,47,473.5024380788758,0.2,-4.65
35.68333333333333,158,AV,2,2,3,5,13,0,0,44,3882.59008652233,0.3,-10.704999999999998
40.25,11,AV,1,1,5,5,3,0,0,73,7081.334819999852,1.0,-40.25
23.0,115,AV,2,0,1,1,15,0,0,10,861.805442805673,0.1,-2.3000000000000003
12.85,32,AV,1,0,4,3,10,0,0,19,5051.78348307234,0.3,-3.8549999999999995
46.36666666666667,94,AV,2,0,1,1,20,0,0,66,3941.04555698938,0.1,-4.636666666666667
35.93333333333333,7,AV,2,0,1,0,6,0,0,54,1507.5005543882637,0.2,-7.1866666666666665
28.65,186,AV,2,3,2,5,5,0,0,43,2141.869626207308,0.3,-8.594999999999999
21.283333333333335,5,AV,1,2,9,1,0,0,0,42,3048.604611013583,0.7,-14.898333333333333
40.5,234,AV,2,1,2,2,7,0,0,60,985.8695826897422,1.0,-40.5
28.783333333333335,15,AV,1,0,7,4,1,0,0,54,743.7553910389753,0.6,-17.27
13.633333333333333,27,AV,0,4,8,1,5,0,0,35,1122.7546975855585,0.5,-6.816666666666666
26.45,101,AV,1,0,6,1,0,0,0,53,5168.6614957092925,0.2,-5.29
20.466666666666665,157,AV,0,4,0,5,4,0,0,41,2587.8859091729414,0.1,-2.0466666666666664
35.65,163,AV,1,1,5,2,6,0,0,65,5003.647877951615,1.0,-35.65
43.86666666666667,271,AV,2,2,3,5,4,0,0,73,497.26542980048754,0.2,-8.773333333333333
30.633333333333333,37,AV,1,3,4,4,10,0,0,58,1541.4014724042315,0.4,-12.253333333333334
13.6,225,AV,1,1,5,2,6,0,0,20,5386.149373461946,0.3,-4.08
17.65,278,AV,1,3,4,2,22,0,0,38,4196.147454418583,0.6,-10.589999999999998
12.383333333333333,117,AV,1,1,4,2,1,0,0,18,881.2906222289953,0.2,-2.4766666666666666
31.016666666666666,264,AV,1,1,5,2,1,0,0,58,17322.90883950548,0.4,-12.406666666666666
39.06666666666667,116,AV,1,1,5,2,14,0,0,75,3465.4556083993225,1.0,-39.06666666666667
30.166666666666668,53,AV,2,3,0,4,11,0,0,34,13430.196447392702,0.1,-3.016666666666667
16.483333333333334,57,AV,1,0,5,4,2,0,0,33,1899.102970895097,0.3,-4.945
36.55,41,AV,1,1,7,5,5,0,0,67,14754.343640924068,1.0,-36.55
34.81666666666667,128,AV,1,1,8,5,0,0,0,63,3531.3895067900216,0.6,-20.89
26.933333333333334,176,AV,2,3,2,9,3,0,0,40,1104.4445206976068,0.2,-5.386666666666667
31.15,21,AV,0,4,9,6,13,0,0,53,3382.383844415393,1.0,-31.15
10.183333333333334,250,AV,0,5,0,0,3,0,0,32,1150.4391077840953,1.0,-10.183333333333334
44.7,114,AV,0,4,6,5,4,0,0,75,4669.869929992837,0.7,-31.29
38.53333333333333,166,AV,1,3,4,4,3,0,0,72,1052.4070316009115,0.8,-30.826666666666668
25.266666666666666,201,AV,1,2,6,6,8,0,0,52,9030.678864893336,0.9,-22.74
39.71666666666667,69,AV,0,4,5,6,3,0,0,59,742.6585956180782,0.5,-19.858333333333334
38.21666666666667,165,AV,0,5,9,3,7,0,0,56,2446.4664131825853,0.9,-34.395
40.36666666666667,155,AV,1,3,5,3,12,0,0,80,877.6907461205365,0.2,-8.073333333333334
22.7,90,AV,1,0,5,4,1,0,0,47,4227.85786318916,0.1,-2.27
31.316666666666666,30,AV,1,3,4,5,4,0,0,59,5009.92015912814,0.8,-25.053333333333335
46.06666666666667,23,AV,0,6,4,3,0,0,0,89,6031.594525491932,0.4,-18.42666666666667
28.266666666666666,217,AV,1,1,7,8,4,0,0,54,825.4433072334436,0.2,-5.653333333333333
36.2,60,AV,0,7,7,4,1,0,0,55,2314.8193170712048,0.2,-7.240000000000001
41.13333333333333,97,AV,1,1,5,2,0,0,0,86,844.3352662229099,0.7,-28.79333333333333
37.96666666666667,205,AV,2,2,1,8,3,0,0,56,1293.252850487379,0.2,-7.593333333333334
35.0,14,AV,1,2,9,8,0,0,0,63,616.3739675020589,0.7,-24.5
37.983333333333334,174,AV,1,3,5,8,8,0,0,70,1869.7531794209297,0.2,-7.596666666666668
21.733333333333334,164,AV,1,2,5,0,2,0,0,45,2629.980017260476,1.0,-21.733333333333334
30.716666666666665,71,AV,1,0,4,3,2,0,0,58,7099.697064525982,0.1,-3.0716666666666668
41.083333333333336,13,AV,1,0,8,0,3,0,0,92,18628.94525544202,0.4,-16.433333333333334
24.316666666666666,190,AV,2,1,3,0,8,0,0,15,4376.119511966378,0.2,-4.863333333333333
22.333333333333332,20,AV,0,5,5,7,14,0,0,43,3456.1529418207683,0.1,-2.2333333333333334
15.316666666666666,152,AV,0,4,3,3,2,0,0,37,2754.938443140308,0.4,-6.126666666666667
37.233333333333334,4,AV,1,1,4,2,15,0,0,69,979.5720138781878,0.3,-11.17
18.883333333333333,240,AV,0,6,0,1,6,0,0,40,4021.28082322038,0.6,-11.33
34.833333333333336,227,AV,2,1,0,4,3,0,0,48,818.0604611907775,0.6,-20.900000000000002
39.56666666666667,133,AV,1,1,5,2,2,0,0,69,15387.119225735782,0.3,-11.870000000000001
32.733333333333334,247,AV,1,1,5,2,4,0,0,59,2971.291490045772,0.8,-26.186666666666667
9.983333333333333,31,AV,0,5,1,0,12,0,0,32,2239.257430619588,0.3,-2.9949999999999997
24.483333333333334,68,AV,1,3,4,6,9,0,0,50,3024.224513765153,0.3,-7.345
22.6,87,AV,1,0,7,4,1,0,0,45,1097.8259349569896,0.2,-4.5200000000000005
26.866666666666667,74,AV,2,0,0,5,0,0,0,33,779.2240782816187,0.2,-5.373333333333334
24.316666666666666,239,AV,1,3,4,2,1,0,0,49,3151.1733449572957,0.2,-4.863333333333333
40.8,267,AV,2,2,3,3,8,0,0,65,1546.5147326922538,0.4,-16.32
31.116666666666667,210,AV,1,1,5,2,12,0,0,58,14505.369879802229,0.8,-24.893333333333334
31.083333333333332,257,AV,1,1,5,5,3,0,0,57,636.6552097563458,0.5,-15.541666666666666
16.233333333333334,179,AV,1,0,9,1,3,0,0,35,2401.1770329784995,0.3,-4.87
21.533333333333335,202,AV,1,0,9,7,6,0,0,45,912.6272274022258,1.0,-21.533333333333335
5.25,181,AV,0,6,8,0,2,0,0,2,1391.0507319816634,1.0,-5.25
39.2,135,AV,2,3,2,9,1,0,0,55,491.0984231068265,0.3,-11.76
14.8,283,AV,1,2,6,6,7,0,0,29,7332.887514065835,0.2,-2.9600000000000004
15.316666666666666,236,AV,1,1,4,7,8,0,0,31,1824.367004680513,0.9,-13.785
5.35,180,AV,0,4,8,7,6,0,0,5,2318.1098695731453,1.0,-5.35
19.666666666666668,238,AV,1,0,4,3,1,0,0,41,1552.9853059451273,1.0,-19.666666666666668
37.06666666666667,199,AV,1,2,5,8,3,0,0,67,2329.0008356791827,0.5,-18.533333333333335
27.85,102,AV,0,4,0,5,12,0,0,47,627.4062491148882,0.9,-25.065
35.166666666666664,93,AV,1,1,5,2,2,0,0,65,4116.183110063293,0.2,-7.033333333333333
32.733333333333334,191,AV,1,2,4,4,5,0,0,61,5557.427333357366,0.1,-3.2733333333333334
26.816666666666666,126,AV,2,0,1,1,8,0,0,35,5480.041794665195,0.6,-16.09
23.95,184,AV,1,1,5,2,8,0,0,45,892.1845339920479,0.8,-19.16
32.95,28,AV,1,1,9,4,3,0,0,62,1530.0661682302475,0.4,-13.180000000000001
35.81666666666667,213,AV,1,2,6,5,2,0,0,65,4609.601315671212,0.4,-14.326666666666668
29.166666666666668,259,AV,0,6,7,8,2,0,0,51,1490.1599361877834,0.2,-5.833333333333334
46.6,105,AV,2,3,2,9,3,0,0,80,2891.134206742707,1.0,-46.6
33.95,79,AV,1,1,5,2,0,0,0,62,921.9548251796884,0.7,-23.765
31.616666666666667,209,AV,1,0,4,7,4,0,0,59,2909.8477340427667,0.9,-28.455000000000002
24.9,86,AV,2,2,1,9,2,0,0,31,1794.439334206041,1.0,-24.9
28.316666666666666,232,AV,2,3,1,4,5,0,0,36,1405.7852601227096,0.8,-22.653333333333336
8.333333333333334,62,AV,0,8,4,4,3,0,0,25,8028.27043643778,0.8,-6.666666666666668
16.933333333333334,207,AV,1,0,9,1,3,0,0,34,4416.224882412617,1.0,-16.933333333333334
29.116666666666667,175,AV,1,3,5,3,9,0,0,57,2411.397471856681,0.5,-14.558333333333334
34.766666666666666,110,AV,2,2,3,8,5,0,0,49,1059.8377785859489,0.2,-6.953333333333333
27.65,169,AV,1,3,4,2,2,0,0,53,2835.850686157305,0.3,-8.295
44.81666666666667,249,AV,0,4,5,6,4,0,0,67,1444.5182772575097,0.4,-17.92666666666667
39.266666666666666,298,AV,2,2,3,3,5,0,0,59,1993.780724220221,0.1,-3.9266666666666667
25.666666666666668,52,AV,0,8,4,2,7,0,0,45,946.2003450753726,0.9,-23.1
19.816666666666666,18,AV,1,0,8,9,1,0,0,41,1527.6889462703334,0.8,-15.853333333333333
31.166666666666668,88,AV,1,1,5,2,9,0,0,57,1317.647826688136,1.0,-31.166666666666668
38.28333333333333,38,AV,2,3,2,5,1,0,0,51,5307.329693361759,0.3,-11.485
12.033333333333333,214,AV,0,5,6,2,1,0,0,32,539.5213747330826,0.5,-6.016666666666667
23.083333333333332,39,AV,1,1,5,2,4,0,0,44,600.3305173079323,0.2,-4.616666666666666
14.2,150,AV,1,2,8,5,4,0,0,27,2857.8751728516777,0.2,-2.84
27.05,289,AV,2,3,2,0,8,0,0,37,870.7377108213431,0.3,-8.115
32.28333333333333,161,AV,2,2,1,5,8,0,0,48,6918.069898529506,0.1,-3.2283333333333335
40.266666666666666,92,AV,1,1,7,5,2,0,0,74,682.056612603955,0.1,-4.026666666666666
12.716666666666667,292,AV,1,1,5,2,1,0,0,12,2458.2611968747465,0.2,-2.5433333333333334
31.65,172,AV,2,2,1,5,10,0,0,50,6197.036257351283,0.2,-6.33
19.183333333333334,273,AV,1,3,5,8,3,0,0,38,5144.150368411208,0.2,-3.836666666666667
36.833333333333336,260,AV,2,0,1,1,6,0,0,56,4135.471393234625,0.3,-11.05
19.916666666666668,144,AV,1,1,5,0,3,0,0,41,813.126641713825,0.5,-9.958333333333334
39.03333333333333,256,AV,1,1,4,2,2,0,0,73,5984.209260784091,0.3,-11.709999999999999
29.7,145,AV,1,2,7,4,2,0,0,57,5985.732437913218,0.6,-17.82
34.31666666666667,119,AV,1,1,5,2,1,0,0,63,4343.557359248321,0.5,-17.158333333333335
25.133333333333333,229,AV,1,2,6,5,0,0,0,51,4446.537177105173,0.9,-22.62
18.583333333333332,138,AV,1,3,4,4,3,0,0,37,10721.15711953896,0.3,-5.574999999999999
37.43333333333333,288,AV,1,0,7,4,1,0,0,66,5825.994272151124,0.2,-7.486666666666666
32.88333333333333,177,AV,0,7,1,2,12,0,0,53,542.8991684878858,0.1,-3.2883333333333336
26.733333333333334,299,AV,1,1,5,2,4,0,0,53,10426.353459350525,0.2,-5.346666666666668
15.183333333333334,124,AV,1,1,4,2,5,0,0,25,1386.7650627050614,0.4,-6.073333333333334
31.183333333333334,131,AV,0,4,0,5,2,0,0,52,1404.912317929139,0.2,-6.236666666666667
17.983333333333334,54,AV,1,3,5,0,1,0,0,36,1310.9401185904849,0.8,-14.386666666666668
31.7,82,AV,1,1,5,2,14,0,0,59,465.3670128771111,0.7,-22.189999999999998
13.9,22,AV,1,1,9,4,3,0,0,24,1046.6558973464134,0.2,-2.7800000000000002
17.0,16,AV,0,5,5,5,8,0,0,39,7130.271245067938,0.1,-1.7000000000000002
42.93333333333333,26,AV,0,4,5,6,4,0,0,63,1592.6375082496468,0.9,-38.64
28.383333333333333,167,AV,1,3,5,3,2,0,0,55,2222.040577514192,0.1,-2.8383333333333334
39.13333333333333,295,AV,1,1,5,2,3,0,0,74,3487.44186130441,0.2,-7.826666666666667
41.13333333333333,266,AV,1,3,8,4,1,0,0,74,19040.472291926453,0.2,-8.226666666666667
19.133333333333333,33,AV,1,3,4,4,12,0,0,40,8326.33528790118,0.1,-1.9133333333333333
27.233333333333334,226,AV,1,1,5,2,2,0,0,51,1659.6531244520008,0.3,-8.17
41.583333333333336,189,AV,2,2,3,5,8,0,0,59,2052.607856914241,0.5,-20.791666666666668
25.983333333333334,290,AV,0,5,0,3,2,0,0,45,586.3474640105957,0.4,-10.393333333333334
48.53333333333333,182,AV,2,2,3,3,7,0,0,83,2476.7673195544394,0.2,-9.706666666666667
36.81666666666667,284,AV,1,3,4,4,1,0,0,68,4660.29795945294,1.0,-36.81666666666667
31.633333333333333,12,AV,2,3,2,9,0,0,0,49,3031.4508351358254,0.4,-12.653333333333334
15.833333333333334,173,AV,1,0,4,8,6,0,0,25,3942.222625638348,0.2,-3.166666666666667
24.266666666666666,121,AV,2,2,3,3,7,0,0,31,3427.0421228311798,1.0,-24.266666666666666
8.766666666666667,253,AV,1,1,9,7,3,0,0,0,5611.673516276995,1.0,-8.766666666666667
44.88333333333333,149,AV,2,3,3,4,7,0,0,65,2767.495209174315,0.9,-40.395
31.05,42,AV,2,0,1,6,13,0,0,46,2797.307504072895,0.3,-9.315
24.833333333333332,70,AV,1,1,7,5,0,0,0,50,1929.5758599688188,0.2,-4.966666666666667
34.5,170,AV,0,4,0,5,5,0,0,54,4113.319853961603,0.2,-6.9
38.11666666666667,281,AV,1,1,5,2,4,0,0,70,4459.768546990965,0.1,-3.811666666666667
27.833333333333332,153,AV,1,1,4,3,11,0,0,53,676.2529471816457,0.4,-11.133333333333333
17.583333333333332,9,AV,1,1,4,2,3,0,0,35,1454.957177165027,0.3,-5.2749999999999995
12.183333333333334,123,AV,1,3,4,7,3,0,0,20,658.4091024775607,0.3,-3.655
26.65,168,AV,2,2,3,0,14,0,0,21,783.6834518391023,0.3,-7.994999999999999
15.233333333333333,29,AV,1,1,8,6,0,0,0,30,1567.0706205360798,0.5,-7.616666666666666
45.71666666666667,112,AV,2,2,3,5,6,0,0,65,1592.2311391495805,0.1,-4.571666666666667
23.95,216,AV,1,1,4,0,1,0,0,47,2108.868816674547,0.2,-4.79
41.15,85,AV,1,3,4,4,4,0,0,82,3534.445695738256,0.2,-8.23
15.7,188,AV,1,2,7,0,1,0,0,34,2177.5877894542577,0.2,-3.14
13.316666666666666,72,AV,1,3,4,3,10,0,0,23,11861.36896338871,0.3,-3.9949999999999997
31.75,296,AV,2,2,1,5,0,0,0,48,822.5771428470101,0.2,-6.3500000000000005
34.31666666666667,244,AV,2,2,3,5,0,0,0,52,3368.9508766880413,0.2,-6.863333333333334
14.083333333333334,98,AV,0,7,0,3,1,0,0,34,4959.361066312568,0.2,-2.816666666666667
24.95,268,AV,1,1,8,5,0,0,0,50,2574.4307659940623,0.2,-4.99
24.75,96,AV,2,0,1,7,1,0,0,30,1832.3133019091129,0.7,-17.325
31.8,297,AV,2,0,1,0,17,0,0,48,2815.231094880572,0.5,-15.9
32.31666666666667,235,AV,1,1,5,0,1,0,0,61,5427.330032863625,0.2,-6.463333333333335
33.06666666666667,147,AV,2,2,2,9,2,0,0,51,904.859336063587,0.3,-9.92
27.583333333333332,130,AV,1,1,4,2,4,0,0,54,2398.572127464108,0.2,-5.516666666666667
39.05,17,AV,1,1,5,2,12,0,0,73,3919.41152379869,0.1,-3.905
19.116666666666667,293,AV,1,3,5,6,1,0,0,35,5913.041300376779,0.2,-3.8233333333333337
13.533333333333333,255,AV,1,3,5,3,10,0,0,20,933.6906207466446,0.2,-2.706666666666667
46.233333333333334,136,AV,2,1,1,3,11,0,0,65,854.5785374972068,0.4,-18.493333333333336
36.43333333333333,269,AV,1,3,4,2,2,0,0,68,1950.0200213032829,1.0,-36.43333333333333
25.966666666666665,183,AV,2,2,1,8,0,0,0,31,4818.617258984985,0.3,-7.789999999999999
28.416666666666668,75,AV,1,2,4,1,3,0,0,52,7897.119961473183,0.9,-25.575000000000003
35.95,233,AV,2,2,2,9,2,0,0,51,2965.4163440895786,1.0,-35.95
40.53333333333333,274,AV,1,3,4,2,1,0,0,81,6563.608435155774,0.1,-4.053333333333334
25.9,277,AV,2,3,2,9,1,0,0,32,1074.3823512953045,0.6,-15.54
11.9,200,AV,0,7,8,8,3,0,0,34,8987.033628468456,0.8,-9.520000000000001
34.85,248,AV,1,3,5,3,1,0,0,64,610.4868582393152,0.4,-13.940000000000001
34.53333333333333,127,AV,0,6,8,3,5,0,0,54,1945.516475481125,0.3,-10.36
