travel_time,id,kind,action,bid_route_0,bid_route_1,bid_route_2,karma_balance,origin,destination,start_time,income,urgency,reward
13.666666666666666,44,AV,2,1,3,1,13,0,0,33,10751.672106064549,0.3,-0.43666666666666665
27.7,137,AV,0,7,3,6,2,0,0,40,4968.170350229253,0.5,-0.7769999999999999
39.78333333333333,50,AV,0,7,7,0,3,0,0,44,586.8516376274475,0.5,-0.8978333333333333
108.01666666666667,63,AV,0,9,3,0,0,0,0,89,3863.855435177377,0.5,-1.5801666666666667
15.45,84,AV,1,1,6,6,0,0,0,42,9280.176126726552,0.2,-0.35450000000000004
61.1,132,AV,0,5,2,4,3,0,0,53,1141.5133047894662,0.9,-1.5110000000000001
29.666666666666668,196,AV,1,1,6,8,3,0,0,64,4281.8327360815,0.5,-0.7966666666666666
15.65,139,AV,2,3,3,1,6,0,0,33,2318.2944376966047,0.2,-0.35650000000000004
52.21666666666667,118,AV,0,9,6,9,0,0,0,50,3752.1132597063192,0.3,-0.8221666666666667
23.966666666666665,106,AV,1,1,4,1,7,0,0,58,3933.772930850901,0.4,-0.6396666666666666
29.416666666666668,104,AV,0,8,9,0,14,0,0,41,5670.319740923212,0.1,-0.39416666666666667
103.06666666666666,263,AV,0,7,8,8,1,0,0,75,388.2787303527966,0.6,-1.6306666666666665
17.3,287,AV,2,2,0,1,8,0,0,40,2520.718778515204,0.1,-0.273
28.133333333333333,103,AV,1,2,7,3,8,0,0,65,4689.4303597647895,0.4,-0.6813333333333333
11.65,220,AV,1,1,5,8,6,0,0,34,1723.69240549938,0.1,-0.21650000000000003
30.633333333333333,148,AV,2,1,3,6,2,0,0,66,1150.2916000513435,0.1,-0.4063333333333333
12.0,252,AV,2,2,2,0,13,0,0,29,1022.032321197676,0.1,-0.22
87.18333333333334,134,AV,0,4,1,1,2,0,0,65,2645.062412614309,0.3,-1.1718333333333333
88.81666666666666,221,AV,0,8,7,7,7,0,0,65,1005.9867386644172,0.1,-0.9881666666666666
16.683333333333334,46,AV,2,0,3,9,0,0,0,37,1682.490559712908,0.1,-0.26683333333333337
12.716666666666667,143,AV,2,1,0,0,11,0,0,17,2260.56382504795,0.1,-0.22716666666666668
73.16666666666667,151,AV,0,5,1,7,2,0,0,57,1234.5997004771,0.1,-0.8316666666666667
10.166666666666666,81,AV,1,3,5,5,8,0,0,31,597.1498506777683,0.6,-0.7016666666666667
18.583333333333332,100,AV,1,2,7,3,0,0,0,47,2953.464044858564,0.4,-0.5858333333333333
14.466666666666667,10,AV,2,1,3,5,1,0,0,16,2622.7149314101284,1.0,-1.1446666666666667
71.8,215,AV,0,7,3,0,0,0,0,56,961.7772661313056,0.5,-1.218
17.833333333333332,73,AV,2,2,3,4,8,0,0,37,522.440884226393,0.1,-0.2783333333333333
14.05,258,AV,1,1,9,7,14,0,0,39,6709.13861087917,0.1,-0.24050000000000002
25.95,282,AV,0,5,3,5,3,0,0,38,1635.9686818612918,0.3,-0.5595
17.083333333333332,67,AV,1,2,9,7,16,0,0,45,4200.245935785981,0.1,-0.2708333333333333
18.5,58,AV,1,2,4,2,1,0,0,48,4679.48341028673,0.3,-0.485
94.45,224,AV,0,6,6,4,3,0,0,67,1251.6500609663929,0.3,-1.2445
4.983333333333333,228,AV,0,8,6,0,7,0,0,17,2472.005569054355,0.4,-0.44983333333333336
26.716666666666665,192,AV,1,2,7,7,6,0,0,61,8689.506535985933,0.3,-0.5671666666666666
27.85,76,AV,2,2,3,4,1,0,0,57,3793.837230001502,0.6,-0.8785000000000001
46.78333333333333,129,AV,0,5,5,6,1,0,0,48,2561.5826276178027,0.1,-0.5678333333333333
22.483333333333334,198,AV,0,4,3,4,3,0,0,34,1047.1205397958274,0.2,-0.42483333333333334
104.65,141,AV,0,6,6,4,2,0,0,77,541.9839687696077,0.1,-1.1465
31.766666666666666,211,AV,2,2,1,5,2,0,0,65,776.0711537761008,0.2,-0.5176666666666667
43.6,45,AV,0,7,4,3,5,0,0,46,6081.635477498837,0.1,-0.536
69.78333333333333,61,AV,0,7,7,2,3,0,0,56,381.3218977270381,0.2,-0.8978333333333333
34.666666666666664,47,AV,2,1,3,0,13,0,0,81,1594.6992934726818,0.1,-0.44666666666666666
15.8,0,AV,2,1,2,7,3,0,0,36,2750.2432356670683,0.1,-0.258
20.283333333333335,219,AV,1,2,7,9,4,0,0,50,3958.913906791885,0.1,-0.30283333333333334
17.05,279,AV,1,1,4,6,5,0,0,44,1460.8215047913693,0.3,-0.47050000000000003
8.0,286,AV,1,1,6,0,6,0,0,11,4617.971391102537,0.5,-0.58
12.75,113,AV,2,1,0,0,5,0,0,24,2044.1603053436156,0.4,-0.5275000000000001
29.433333333333334,197,AV,1,2,9,1,1,0,0,66,1997.7276787447236,0.9,-1.1943333333333332
15.916666666666666,66,AV,2,1,3,1,9,0,0,35,6020.57275324985,0.1,-0.25916666666666666
96.16666666666667,208,AV,0,9,1,7,9,0,0,67,566.7055292848979,0.2,-1.1616666666666666
23.9,142,AV,2,1,1,5,4,0,0,51,7912.643587116454,0.3,-0.5389999999999999
18.366666666666667,171,AV,2,1,3,6,0,0,0,42,10450.70686878338,0.8,-0.9836666666666667
57.583333333333336,276,AV,0,5,7,6,6,0,0,52,3654.013033637752,0.2,-0.7758333333333334
39.78333333333333,204,AV,0,7,3,9,7,0,0,44,1880.1756700095973,1.0,-1.3978333333333333
27.916666666666668,294,AV,1,3,6,9,4,0,0,62,13079.31179296209,0.2,-0.4791666666666667
8.066666666666666,2,AV,1,1,6,7,10,0,0,22,4687.914961676448,0.1,-0.18066666666666667
64.53333333333333,195,AV,0,9,2,7,5,0,0,54,2969.8754393798326,0.1,-0.7453333333333333
22.9,146,AV,1,0,7,2,0,0,0,54,2476.7926805910606,0.2,-0.429
88.98333333333333,80,AV,0,9,0,3,2,0,0,65,1174.3503864217532,0.2,-1.0898333333333334
80.36666666666666,223,AV,0,8,7,7,1,0,0,61,4266.216809230351,0.4,-1.2036666666666667
78.71666666666667,185,AV,0,7,9,6,2,0,0,59,639.9143284368583,0.2,-0.9871666666666667
64.65,109,AV,0,7,4,0,0,0,0,54,3628.2404526711953,0.2,-0.8465
24.433333333333334,43,AV,0,5,1,6,1,0,0,37,2117.047321722312,0.1,-0.3443333333333334
19.816666666666666,120,AV,1,3,7,7,5,0,0,49,5341.061461458292,0.1,-0.2981666666666667
102.91666666666667,19,AV,0,7,5,8,3,0,0,76,1148.2139867956057,0.1,-1.1291666666666669
50.45,95,AV,0,7,7,4,0,0,0,49,3256.7228478661937,0.1,-0.6045
27.466666666666665,262,AV,1,2,6,7,3,0,0,62,1830.3424648913517,0.1,-0.3746666666666667
31.35,65,AV,0,4,5,2,1,0,0,41,2538.843693606908,0.1,-0.4135
66.2,89,AV,0,4,7,3,6,0,0,54,1111.987968807459,0.2,-0.8620000000000001
34.516666666666666,206,AV,0,6,5,7,7,0,0,42,1389.0632502942228,0.5,-0.8451666666666666
27.55,51,AV,1,0,6,3,8,0,0,60,3508.846318545673,0.9,-1.1755
31.583333333333332,140,AV,2,1,3,0,13,0,0,63,863.3540159882258,0.9,-1.2158333333333333
36.56666666666667,275,AV,0,8,1,4,5,0,0,43,1639.6236094811811,0.3,-0.6656666666666666
27.8,285,AV,1,2,6,7,4,0,0,61,2198.5025098873134,0.8,-1.078
76.7,35,AV,0,8,8,9,3,0,0,59,4381.240268036911,0.2,-0.9670000000000001
15.483333333333333,8,AV,1,2,9,6,4,0,0,43,2294.767722006211,0.1,-0.25483333333333336
28.6,83,AV,2,0,0,2,6,0,0,55,4412.688598555705,0.1,-0.386
25.983333333333334,194,AV,2,2,2,3,6,0,0,55,4164.701887555128,0.1,-0.35983333333333334
13.416666666666666,49,AV,0,6,9,9,3,0,0,31,3866.930621896856,0.2,-0.33416666666666667
18.8,280,AV,0,7,3,3,8,0,0,33,4577.590037133467,0.5,-0.688
73.33333333333333,6,AV,0,7,1,9,13,0,0,57,1805.1606101798543,0.6,-1.3333333333333333
81.76666666666667,242,AV,0,7,4,6,6,0,0,61,1986.5043233563797,0.1,-0.9176666666666666
14.666666666666666,246,AV,1,2,4,6,12,0,0,41,640.5426603936758,0.3,-0.44666666666666666
24.766666666666666,64,AV,2,0,1,8,1,0,0,53,1083.524948441525,0.2,-0.44766666666666666
30.15,222,AV,1,2,6,1,0,0,0,69,3387.2787239910285,0.5,-0.8015
19.566666666666666,24,AV,1,1,8,6,18,0,0,48,863.5619359671642,0.4,-0.5956666666666667
8.516666666666667,231,AV,1,1,6,7,4,0,0,24,2043.1688306873104,0.5,-0.5851666666666666
97.66666666666667,154,AV,0,7,3,2,8,0,0,70,7958.958807233507,0.1,-1.0766666666666667
23.25,40,AV,2,3,2,4,3,0,0,50,8348.421721831439,0.5,-0.7325
18.966666666666665,160,AV,0,6,3,0,0,0,0,33,4707.821121085941,0.1,-0.28966666666666663
104.68333333333334,261,AV,0,4,7,0,10,0,0,79,753.7709081553346,0.2,-1.2468333333333332
30.583333333333332,265,AV,1,2,6,8,10,0,0,71,20239.22920549412,0.3,-0.6058333333333333
9.733333333333333,254,AV,1,2,6,4,6,0,0,31,591.6693204447811,0.2,-0.29733333333333334
22.783333333333335,107,AV,1,0,9,7,1,0,0,52,3783.636689084741,0.6,-0.8278333333333333
26.716666666666665,218,AV,1,2,4,2,11,0,0,61,2347.541384251396,0.2,-0.4671666666666667
13.583333333333334,245,AV,2,2,1,7,0,0,0,30,1475.2077210572677,0.2,-0.3358333333333333
25.116666666666667,178,AV,2,1,3,3,8,0,0,52,3773.073658575576,0.4,-0.6511666666666667
38.03333333333333,25,AV,0,9,2,0,1,0,0,43,1275.9312017726234,0.5,-0.8803333333333333
26.566666666666666,162,AV,1,2,4,8,10,0,0,60,2857.712092786687,0.3,-0.5656666666666667
29.716666666666665,56,AV,1,0,5,2,0,0,0,66,3398.605365942332,0.3,-0.5971666666666666
108.15,111,AV,0,6,0,0,0,0,0,81,4429.527615460413,0.2,-1.2815
52.36666666666667,36,AV,0,7,5,8,2,0,0,50,2756.9260540590044,0.3,-0.8236666666666668
34.43333333333333,251,AV,0,8,8,0,1,0,0,42,2280.385817754286,0.1,-0.44433333333333336
27.433333333333334,193,AV,2,1,3,4,3,0,0,56,7658.5640246764915,0.1,-0.3743333333333333
25.883333333333333,59,AV,0,6,3,8,7,0,0,39,3159.4556453821087,0.6,-0.8588333333333333
41.63333333333333,55,AV,0,4,9,6,13,0,0,44,1822.2981036688468,0.1,-0.5163333333333333
30.266666666666666,187,AV,1,3,6,6,3,0,0,69,1596.1763216794554,0.3,-0.6026666666666667
11.05,212,AV,1,2,7,7,1,0,0,32,1148.9174546898266,0.5,-0.6105
29.433333333333334,108,AV,0,4,5,0,1,0,0,40,8480.737499651503,0.1,-0.3943333333333333
80.26666666666667,3,AV,0,6,2,7,1,0,0,60,3032.1279287666234,0.2,-1.0026666666666666
29.366666666666667,156,AV,2,0,0,0,15,0,0,61,5849.7981009167725,0.3,-0.5936666666666667
6.666666666666667,34,AV,0,4,6,1,8,0,0,25,3046.5766145774583,0.3,-0.36666666666666664
14.666666666666666,237,AV,2,1,3,2,9,0,0,32,2158.6935677652164,0.6,-0.7466666666666666
20.016666666666666,241,AV,1,2,6,4,3,0,0,46,877.2934597877683,0.6,-0.8001666666666667
15.55,270,AV,1,1,4,0,5,0,0,43,1496.328062426438,0.1,-0.2555
98.01666666666667,122,AV,0,5,5,7,3,0,0,70,3119.7161673652217,0.3,-1.2801666666666667
16.833333333333332,272,AV,1,1,5,1,1,0,0,45,837.3801312568858,0.1,-0.2683333333333333
9.366666666666667,48,AV,1,1,7,1,0,0,0,30,1921.5023446668008,0.1,-0.19366666666666668
23.266666666666666,1,AV,1,2,8,2,3,0,0,54,8139.327108000771,0.1,-0.33266666666666667
33.1,99,AV,1,1,7,7,0,0,0,87,5578.433439706214,0.1,-0.43100000000000005
28.0,203,AV,2,2,1,2,8,0,0,58,3065.2253709468137,0.5,-0.78
27.066666666666666,243,AV,1,1,8,2,0,0,0,61,3476.696831582168,0.2,-0.4706666666666667
8.3,77,AV,0,5,5,4,0,0,0,25,4967.653125719208,1.0,-1.083
20.35,230,AV,1,1,5,8,10,0,0,50,1261.43865123121,0.5,-0.7035
43.43333333333333,291,AV,0,6,5,5,2,0,0,46,3824.993837156676,0.6,-1.0343333333333333
27.166666666666668,159,AV,2,3,1,1,6,0,0,58,3158.0604616132755,0.1,-0.3716666666666667
31.066666666666666,125,AV,1,2,4,1,1,0,0,73,1294.2551843223837,0.6,-0.9106666666666666
33.233333333333334,91,AV,2,2,0,1,5,0,0,72,1823.811293294481,0.4,-0.7323333333333334
45.18333333333333,78,AV,0,4,0,3,3,0,0,47,473.5024380788758,0.8,-1.2518333333333334
22.35,158,AV,2,1,1,6,2,0,0,44,3882.59008652233,0.4,-0.6235
32.083333333333336,11,AV,1,2,8,7,1,0,0,73,7081.334819999852,0.3,-0.6208333333333333
7.866666666666666,115,AV,1,1,6,7,11,0,0,10,861.805442805673,0.1,-0.17866666666666667
11.716666666666667,32,AV,2,2,3,4,6,0,0,19,5051.78348307234,0.1,-0.21716666666666667
92.71666666666667,94,AV,0,7,3,8,2,0,0,66,3941.04555698938,0.3,-1.2271666666666667
66.21666666666667,7,AV,0,4,7,4,10,0,0,54,1507.5005543882637,0.1,-0.7621666666666667
15.716666666666667,186,AV,1,1,8,1,2,0,0,43,2141.869626207308,0.3,-0.45716666666666667
36.4,5,AV,0,5,1,8,3,0,0,42,3048.604611013583,0.9,-1.264
29.533333333333335,234,AV,2,1,1,7,4,0,0,60,985.8695826897422,0.1,-0.3953333333333333
26.616666666666667,15,AV,2,1,2,1,6,0,0,54,743.7553910389753,0.2,-0.4661666666666667
22.516666666666666,27,AV,0,4,9,3,7,0,0,35,1122.7546975855585,0.1,-0.32516666666666666
21.083333333333332,101,AV,1,0,8,8,2,0,0,53,5168.6614957092925,0.5,-0.7108333333333333
18.516666666666666,157,AV,2,0,0,1,5,0,0,41,2587.8859091729414,0.6,-0.7851666666666666
32.38333333333333,163,AV,2,1,3,8,2,0,0,65,5003.647877951615,0.6,-0.9238333333333333
31.166666666666668,271,AV,1,2,4,2,2,0,0,73,497.26542980048754,0.3,-0.6116666666666667
76.81666666666666,37,AV,0,8,2,6,1,0,0,58,1541.4014724042315,0.6,-1.3681666666666668
6.683333333333334,225,AV,0,4,1,0,2,0,0,20,5386.149373461946,0.5,-0.5668333333333333
13.766666666666667,278,AV,1,2,8,7,14,0,0,38,4196.147454418583,0.2,-0.33766666666666667
7.9,117,AV,1,3,6,4,1,0,0,18,881.2906222289953,0.2,-0.279
25.25,264,AV,1,1,6,0,6,0,0,58,17322.90883950548,0.8,-1.0525
31.733333333333334,116,AV,1,2,4,1,2,0,0,75,3465.4556083993225,0.4,-0.7173333333333334
17.266666666666666,53,AV,2,3,3,2,7,0,0,34,13430.196447392702,0.4,-0.5726666666666667
20.716666666666665,57,AV,0,6,5,6,4,0,0,33,1899.102970895097,0.2,-0.4071666666666667
29.716666666666665,41,AV,1,1,6,1,2,0,0,67,14754.343640924068,0.4,-0.6971666666666667
85.73333333333333,128,AV,0,7,7,8,5,0,0,63,3531.3895067900216,0.1,-0.9573333333333334
27.683333333333334,176,AV,0,7,2,9,9,0,0,40,1104.4445206976068,0.7,-0.9768333333333332
22.833333333333332,21,AV,1,2,5,0,11,0,0,53,3382.383844415393,0.3,-0.5283333333333333
11.3,250,AV,1,1,4,2,1,0,0,32,1150.4391077840953,0.6,-0.713
32.166666666666664,114,AV,1,1,7,1,6,0,0,75,4669.869929992837,0.8,-1.1216666666666666
30.95,166,AV,1,3,4,4,1,0,0,72,1052.4070316009115,0.1,-0.4095
23.616666666666667,201,AV,2,2,1,0,21,0,0,52,9030.678864893336,0.2,-0.4361666666666667
78.56666666666666,69,AV,0,9,7,1,5,0,0,59,742.6585956180782,0.1,-0.8856666666666666
71.81666666666666,165,AV,0,7,6,1,5,0,0,56,2446.4664131825853,0.3,-1.0181666666666667
106.4,155,AV,0,7,7,2,0,0,0,80,877.6907461205365,0.1,-1.1640000000000001
21.45,90,AV,2,3,3,1,8,0,0,47,4227.85786318916,0.1,-0.3145
28.8,30,AV,2,0,2,2,5,0,0,59,5009.92015912814,0.2,-0.48800000000000004
32.666666666666664,23,AV,1,1,9,3,0,0,0,89,6031.594525491932,0.7,-1.0266666666666666
68.0,217,AV,0,4,0,1,2,0,0,54,825.4433072334436,0.5,-1.1800000000000002
26.516666666666666,60,AV,2,2,2,8,5,0,0,55,2314.8193170712048,0.3,-0.5651666666666666
32.45,97,AV,1,1,6,8,4,0,0,86,844.3352662229099,0.7,-1.0245
26.966666666666665,205,AV,2,0,1,5,1,0,0,56,1293.252850487379,0.2,-0.4696666666666667
32.03333333333333,14,AV,2,0,2,6,2,0,0,63,616.3739675020589,0.2,-0.5203333333333333
30.716666666666665,174,AV,1,1,6,0,1,0,0,70,1869.7531794209297,0.1,-0.4071666666666667
20.116666666666667,164,AV,2,2,3,5,0,0,0,45,2629.980017260476,0.3,-0.5011666666666666
25.516666666666666,71,AV,1,1,5,8,8,0,0,58,7099.697064525982,0.7,-0.9551666666666666
32.983333333333334,13,AV,1,3,9,8,3,0,0,92,18628.94525544202,0.1,-0.4298333333333334
12.366666666666667,190,AV,2,3,3,1,5,0,0,15,4376.119511966378,0.1,-0.22366666666666668
38.166666666666664,20,AV,0,6,9,8,3,0,0,43,3456.1529418207683,0.5,-0.8816666666666666
13.816666666666666,152,AV,1,1,7,7,4,0,0,37,2754.938443140308,0.2,-0.33816666666666667
30.383333333333333,4,AV,1,1,4,5,2,0,0,69,979.5720138781878,0.1,-0.4038333333333334
14.383333333333333,240,AV,1,0,9,6,1,0,0,40,4021.28082322038,0.1,-0.24383333333333335
22.9,227,AV,2,1,1,2,5,0,0,48,818.0604611907775,0.1,-0.32899999999999996
36.016666666666666,133,AV,2,2,1,7,1,0,0,69,15387.119225735782,0.1,-0.4601666666666666
26.583333333333332,247,AV,1,1,5,8,10,0,0,59,2971.291490045772,0.6,-0.8658333333333332
15.366666666666667,31,AV,0,4,1,6,4,0,0,32,2239.257430619588,0.2,-0.3536666666666667
53.8,68,AV,0,4,9,7,7,0,0,50,3024.224513765153,0.2,-0.738
20.9,87,AV,2,0,0,8,5,0,0,45,1097.8259349569896,0.4,-0.609
20.766666666666666,74,AV,0,8,2,1,4,0,0,33,779.2240782816187,0.3,-0.5076666666666667
19.933333333333334,239,AV,1,1,5,3,1,0,0,49,3151.1733449572957,1.0,-1.1993333333333334
90.61666666666666,267,AV,0,4,1,1,7,0,0,65,1546.5147326922538,0.3,-1.2061666666666666
25.3,210,AV,1,2,4,7,4,0,0,58,14505.369879802229,0.5,-0.753
25.366666666666667,257,AV,1,1,7,7,1,0,0,57,636.6552097563458,0.8,-1.0536666666666668
12.366666666666667,179,AV,1,1,6,7,11,0,0,35,2401.1770329784995,0.5,-0.6236666666666667
19.25,202,AV,2,1,0,0,6,0,0,45,912.6272274022258,0.1,-0.2925
5.25,181,AV,0,6,4,2,0,0,0,2,1391.0507319816634,0.2,-0.2525
68.1,135,AV,0,4,0,0,1,0,0,55,491.0984231068265,0.1,-0.7809999999999999
9.783333333333333,283,AV,1,1,5,1,0,0,0,29,7332.887514065835,0.2,-0.29783333333333334
13.566666666666666,236,AV,0,5,2,8,6,0,0,31,1824.367004680513,0.4,-0.5356666666666667
12.216666666666667,180,AV,2,2,3,7,1,0,0,5,2318.1098695731453,0.7,-0.8221666666666666
31.233333333333334,238,AV,0,4,7,5,3,0,0,41,1552.9853059451273,0.2,-0.5123333333333333
32.8,199,AV,2,0,2,0,8,0,0,67,2329.0008356791827,0.6,-0.9279999999999999
20.15,102,AV,1,0,7,8,3,0,0,47,627.4062491148882,0.9,-1.1015
28.1,93,AV,1,1,4,4,1,0,0,65,4116.183110063293,0.1,-0.381
82.0,191,AV,0,7,3,7,3,0,0,61,5557.427333357366,0.1,-0.9199999999999999
16.233333333333334,126,AV,2,2,3,6,6,0,0,35,5480.041794665195,1.0,-1.1623333333333332
18.55,184,AV,1,2,6,7,14,0,0,45,892.1845339920479,0.1,-0.2855
83.68333333333334,28,AV,0,8,3,1,0,0,0,62,1530.0661682302475,0.8,-1.6368333333333334
29.35,213,AV,1,0,7,5,2,0,0,65,4609.601315671212,0.1,-0.39350000000000007
23.183333333333334,259,AV,2,1,3,5,0,0,0,51,1490.1599361877834,0.2,-0.43183333333333335
106.45,105,AV,0,7,7,4,24,0,0,80,2891.134206742707,0.2,-1.2645
85.58333333333333,79,AV,0,8,1,1,3,0,0,62,921.9548251796884,0.2,-1.0558333333333334
29.316666666666666,209,AV,2,0,3,9,1,0,0,59,2909.8477340427667,0.1,-0.39316666666666666
15.366666666666667,86,AV,0,8,7,2,3,0,0,31,1794.439334206041,0.1,-0.2536666666666667
16.9,232,AV,2,0,2,2,6,0,0,36,1405.7852601227096,0.2,-0.369
8.366666666666667,62,AV,0,9,7,7,0,0,0,25,8028.27043643778,0.1,-0.18366666666666667
12.283333333333333,207,AV,1,1,8,7,6,0,0,34,4416.224882412617,0.1,-0.22283333333333333
74.88333333333334,175,AV,0,4,3,0,3,0,0,57,2411.397471856681,0.2,-0.9488333333333334
50.516666666666666,110,AV,0,8,1,9,1,0,0,49,1059.8377785859489,0.1,-0.6051666666666666
61.1,169,AV,0,6,9,5,8,0,0,53,2835.850686157305,0.6,-1.2109999999999999
96.16666666666667,249,AV,0,7,4,8,2,0,0,67,1444.5182772575097,0.3,-1.2616666666666667
80.18333333333334,298,AV,0,7,7,0,3,0,0,59,1993.780724220221,0.2,-1.0018333333333334
17.45,52,AV,1,1,6,8,15,0,0,45,946.2003450753726,0.1,-0.27449999999999997
32.85,18,AV,0,7,6,7,2,0,0,41,1527.6889462703334,0.3,-0.6285000000000001
29.0,88,AV,2,2,3,2,6,0,0,57,1317.647826688136,0.1,-0.39
21.216666666666665,38,AV,1,2,5,4,3,0,0,51,5307.329693361759,0.2,-0.4121666666666667
17.366666666666667,214,AV,0,4,4,0,2,0,0,32,539.5213747330826,0.5,-0.6736666666666666
17.566666666666666,39,AV,1,1,7,7,15,0,0,44,600.3305173079323,0.2,-0.3756666666666667
10.1,150,AV,0,6,5,5,0,0,0,27,2857.8751728516777,0.7,-0.8009999999999999
16.6,289,AV,2,1,3,6,1,0,0,37,870.7377108213431,0.1,-0.266
48.583333333333336,161,AV,0,5,2,4,0,0,0,48,6918.069898529506,0.2,-0.6858333333333333
101.33333333333333,92,AV,0,7,3,7,6,0,0,74,682.056612603955,0.1,-1.1133333333333333
11.983333333333333,292,AV,2,2,1,0,7,0,0,12,2458.2611968747465,0.1,-0.21983333333333333
53.81666666666667,172,AV,0,4,7,6,8,0,0,50,6197.036257351283,0.3,-0.8381666666666667
14.35,273,AV,1,0,7,7,2,0,0,38,5144.150368411208,0.3,-0.4435
26.9,260,AV,2,2,1,2,22,0,0,56,4135.471393234625,0.1,-0.369
32.9,144,AV,0,4,1,1,2,0,0,41,813.126641713825,0.7,-1.029
99.5,256,AV,0,9,6,5,4,0,0,73,5984.209260784091,0.1,-1.095
75.01666666666667,145,AV,0,6,1,2,0,0,0,57,5985.732437913218,0.3,-1.0501666666666667
28.033333333333335,119,AV,1,1,6,0,6,0,0,63,4343.557359248321,0.1,-0.3803333333333333
55.61666666666667,229,AV,0,6,5,2,3,0,0,51,4446.537177105173,0.1,-0.6561666666666667
17.266666666666666,138,AV,2,0,3,0,11,0,0,37,10721.15711953896,0.1,-0.27266666666666667
94.46666666666667,288,AV,0,4,0,1,3,0,0,66,5825.994272151124,0.5,-1.4446666666666665
62.916666666666664,177,AV,0,8,9,3,11,0,0,53,542.8991684878858,0.1,-0.7291666666666666
22.883333333333333,299,AV,1,2,8,7,3,0,0,53,10426.353459350525,0.4,-0.6288333333333334
14.166666666666666,124,AV,2,1,2,2,5,0,0,25,1386.7650627050614,0.2,-0.3416666666666667
59.43333333333333,131,AV,0,5,3,2,1,0,0,52,1404.912317929139,0.1,-0.6943333333333332
13.783333333333333,54,AV,1,2,8,0,5,0,0,36,1310.9401185904849,0.1,-0.23783333333333334
25.683333333333334,82,AV,1,2,6,7,9,0,0,59,465.3670128771111,0.2,-0.45683333333333337
9.433333333333334,22,AV,1,2,5,8,6,0,0,24,1046.6558973464134,0.2,-0.29433333333333334
16.616666666666667,16,AV,2,2,3,1,7,0,0,39,7130.271245067938,0.1,-0.26616666666666666
29.883333333333333,26,AV,2,1,1,4,3,0,0,63,1592.6375082496468,0.3,-0.5988333333333333
69.68333333333334,167,AV,0,6,1,7,2,0,0,55,2222.040577514192,0.7,-1.3968333333333334
101.23333333333333,295,AV,0,4,8,8,4,0,0,74,3487.44186130441,0.3,-1.3123333333333334
36.333333333333336,266,AV,2,0,3,7,2,0,0,74,19040.472291926453,0.5,-0.8633333333333333
17.683333333333334,33,AV,2,2,3,4,2,0,0,40,8326.33528790118,0.1,-0.2768333333333334
57.7,226,AV,0,7,3,3,6,0,0,51,1659.6531244520008,0.1,-0.677
26.55,189,AV,1,2,4,2,1,0,0,59,2052.607856914241,0.5,-0.7655000000000001
41.88333333333333,290,AV,0,6,1,8,2,0,0,45,586.3474640105957,0.1,-0.5188333333333334
32.81666666666667,182,AV,1,1,8,8,13,0,0,83,2476.7673195544394,0.7,-1.0281666666666667
30.016666666666666,284,AV,1,0,6,6,0,0,0,68,4660.29795945294,0.6,-0.9001666666666666
19.983333333333334,12,AV,1,2,7,2,4,0,0,49,3031.4508351358254,0.3,-0.49983333333333335
10.45,173,AV,0,7,1,0,0,0,0,25,3942.222625638348,0.3,-0.40449999999999997
10.233333333333333,121,AV,1,0,6,3,1,0,0,31,3427.0421228311798,0.1,-0.20233333333333334
8.216666666666667,253,AV,2,3,3,8,8,0,0,0,5611.673516276995,0.1,-0.18216666666666667
90.9,149,AV,0,4,1,4,7,0,0,65,2767.495209174315,0.2,-1.109
45.05,42,AV,0,6,3,4,0,0,0,46,2797.307504072895,0.5,-0.9504999999999999
55.56666666666667,70,AV,0,7,8,8,13,0,0,50,1929.5758599688188,0.2,-0.7556666666666667
26.983333333333334,170,AV,2,2,3,0,5,0,0,54,4113.319853961603,0.1,-0.36983333333333335
99.5,281,AV,0,7,5,7,1,0,0,70,4459.768546990965,0.8,-1.795
62.85,153,AV,0,4,7,4,9,0,0,53,676.2529471816457,0.1,-0.7285
16.85,9,AV,2,2,3,7,0,0,0,35,1454.957177165027,0.3,-0.4685
7.95,123,AV,1,3,4,4,1,0,0,20,658.4091024775607,0.4,-0.47950000000000004
9.616666666666667,168,AV,1,2,7,2,1,0,0,21,783.6834518391023,0.1,-0.19616666666666668
11.866666666666667,29,AV,0,7,1,1,1,0,0,30,1567.0706205360798,0.3,-0.41866666666666663
33.3,112,AV,2,1,0,9,8,0,0,65,1592.2311391495805,0.4,-0.733
46.95,216,AV,0,8,0,8,0,0,0,47,2108.868816674547,0.6,-1.0695000000000001
32.45,85,AV,1,0,9,7,0,0,0,82,3534.445695738256,0.5,-0.8245
11.583333333333334,188,AV,1,0,6,8,2,0,0,34,2177.5877894542577,0.1,-0.21583333333333335
8.266666666666667,72,AV,1,2,9,9,1,0,0,23,11861.36896338871,0.3,-0.38266666666666665
48.61666666666667,296,AV,0,6,6,7,1,0,0,48,822.5771428470101,0.4,-0.8861666666666668
59.266666666666666,244,AV,0,4,1,2,7,0,0,52,3368.9508766880413,0.1,-0.6926666666666667
24.633333333333333,98,AV,0,7,2,3,0,0,0,34,4959.361066312568,0.5,-0.7463333333333333
20.466666666666665,268,AV,1,2,5,1,2,0,0,50,2574.4307659940623,0.1,-0.30466666666666664
11.916666666666666,96,AV,0,5,5,2,2,0,0,30,1832.3133019091129,0.1,-0.21916666666666668
21.566666666666666,297,AV,2,3,1,5,1,0,0,48,2815.231094880572,0.2,-0.4156666666666667
83.61666666666666,235,AV,0,8,8,7,15,0,0,61,5427.330032863625,0.1,-0.9361666666666666
23.483333333333334,147,AV,2,0,1,3,5,0,0,51,904.859336063587,0.3,-0.5348333333333333
25.183333333333334,130,AV,2,0,1,6,0,0,0,54,2398.572127464108,0.9,-1.1518333333333333
31.416666666666668,17,AV,1,0,7,6,0,0,0,73,3919.41152379869,0.8,-1.1141666666666667
13.766666666666667,293,AV,1,2,4,4,2,0,0,35,5913.041300376779,0.1,-0.2376666666666667
12.1,255,AV,2,1,0,2,7,0,0,20,933.6906207466446,0.1,-0.221
92.68333333333334,136,AV,0,8,5,1,13,0,0,65,854.5785374972068,0.3,-1.2268333333333334
29.75,269,AV,1,1,6,0,0,0,0,68,1950.0200213032829,0.1,-0.39749999999999996
10.75,183,AV,1,2,9,6,5,0,0,31,4818.617258984985,0.6,-0.7075
22.8,75,AV,1,0,5,1,1,0,0,52,7897.119961473183,0.4,-0.628
24.6,233,AV,2,1,2,6,5,0,0,51,2965.4163440895786,0.1,-0.34600000000000003
32.166666666666664,274,AV,1,2,7,4,0,0,0,81,6563.608435155774,0.8,-1.1216666666666666
17.116666666666667,277,AV,0,4,9,7,12,0,0,32,1074.3823512953045,0.3,-0.4711666666666666
12.333333333333334,200,AV,1,1,7,2,16,0,0,34,8987.033628468456,0.1,-0.22333333333333333
87.23333333333333,248,AV,0,4,7,8,4,0,0,64,610.4868582393152,1.0,-1.8723333333333332
27.016666666666666,127,AV,2,1,2,5,0,0,0,54,1945.516475481125,0.2,-0.4701666666666667
