travel_time,id,kind,action,bid_route_0,bid_route_1,bid_route_2,karma_balance,origin,destination,start_time,income,urgency,reward,observation,cost_table
25.516666666666666,38,AV,2,3,1,6,0,0,0,40,2137.1188228190404,0.3,-0.4639393939393939,"0.23105158730158729,0.18530107526881723,0.2839939393939394,0.3,0.4,0.13038592623919196,6.0","0,0,0"
18.633333333333333,199,AV,0,9,4,5,0,0,0,34,4924.983441788647,1.0,-1.1292929292929292,"0.17539080459770112,0.16610843373493978,0.25653741496598637,1.0,0.34,0.3004739469391075,9.0","0,0,0"
15.0,49,AV,1,0,5,7,7,0,0,27,3942.222625638348,0.2,-0.18181818181818182,"0.10664285714285712,0.14834814814814817,0.2475075757575758,0.2,0.27,0.24051556843569988,12.0","0,0,0"
37.266666666666666,271,AV,1,1,6,0,3,0,0,70,8689.506535985933,0.6,-1.355151515151515,"0.5781531531531532,0.36436549707602345,0.44820085470085474,0.6,0.7,0.5301480414465347,9.0","0,0,0"
31.216666666666665,117,AV,1,2,4,1,5,0,0,57,2352.9451803313505,0.7,-1.3243434343434342,"0.46398749999999994,0.29839565217391306,0.39076190476190475,0.7,0.57,0.14355352330052593,9.0","0,0,0"
22.45,16,AV,0,7,2,4,7,0,0,37,2645.062412614309,0.3,-0.40818181818181815,"0.21308757062146888,0.1797614035087719,0.2725,0.3,0.37,0.16137563758587084,14.0","0,0,0"
20.133333333333333,178,AV,1,2,7,7,1,0,0,41,4281.8327360815,0.4,-0.48808080808080806,"0.24861333333333338,0.19269841269841273,0.2895148809523809,0.4,0.41,0.2612352300368808,8.0","0,0,0"
22.816666666666666,93,AV,1,3,8,4,8,0,0,45,2553.8725848963804,0.2,-0.27656565656565657,"0.3373947368421053,0.2272006472491909,0.3300068027210884,0.2,0.45,0.15581213310327466,16.0","0,0,0"
26.566666666666666,281,AV,1,0,6,2,5,0,0,52,3158.0604616132755,0.2,-0.32202020202020204,"0.4194952380952382,0.2672015151515152,0.3579222222222222,0.2,0.52,0.19267372221431378,11.0","0,0,0"
57.35,203,AV,0,9,0,2,3,0,0,59,4505.18942297478,0.1,-0.34757575757575765,"0.4865591397849463,0.30428991596638655,0.38947916666666665,0.1,0.59,0.27486225357499294,12.0","0,0,0"
28.783333333333335,32,AV,2,2,2,4,4,0,0,42,743.7818724069466,0.1,-0.17444444444444446,"0.26600378787878787,0.20202659574468085,0.29493269230769237,0.1,0.42,0.045378238831745035,8.0","0,0,0"
41.75,275,AV,2,3,1,1,14,0,0,65,1421.705549214182,0.1,-0.25303030303030305,"0.5332952380952382,0.3390155367231638,0.4221396396396397,0.1,0.65,0.08673845969367815,14.0","0,0,0"
11.983333333333333,138,AV,0,4,8,8,4,0,0,29,4999.976398121604,0.5,-0.3631313131313131,"0.12426363636363635,0.151040350877193,0.24275,0.5,0.29,0.3050492779728728,8.0","0,0,0"
38.2,88,AV,1,1,6,0,2,0,0,77,2927.9701715656583,0.2,-0.4630303030303031,"0.6165539215686274,0.3848041666666667,0.4649629629629629,0.2,0.77,0.17863588058090862,8.0","0,0,0"
13.883333333333333,110,AV,1,0,7,7,7,0,0,25,6081.635477498837,0.1,-0.08414141414141414,"0.09251436781609197,0.14316349206349205,0.2602654320987654,0.1,0.25,0.3710414537160996,14.0","0,0,0"
17.75,184,AV,1,1,6,0,1,0,0,37,2218.0502812558643,0.3,-0.3227272727272727,"0.21308757062146888,0.1797614035087719,0.2725,0.3,0.37,0.13532356613899618,7.0","0,0,0"
20.15,83,AV,1,3,4,4,3,0,0,41,3323.1633986738134,0.1,-0.12212121212121213,"0.24861333333333338,0.19269841269841273,0.2895148809523809,0.1,0.41,0.2027466761107439,7.0","0,0,0"
32.88333333333333,75,AV,1,0,6,2,10,0,0,60,1025.7249596144625,0.4,-0.7971717171717172,"0.4939086021505376,0.313140350877193,0.39914074074074074,0.4,0.6,0.06257962706517879,16.0","0,0,0"
33.55,295,AV,1,3,6,8,21,0,0,61,1062.4074567339185,0.1,-0.20333333333333334,"0.4996960784313724,0.320863387978142,0.406186274509804,0.1,0.61,0.06481763148150681,27.0","0,0,0"
71.25,86,AV,0,4,2,6,8,0,0,77,1996.532829496936,0.7,-3.0227272727272725,"0.6165539215686274,0.3848041666666667,0.4649629629629629,0.7,0.77,0.12180875460051814,12.0","0,0,0"
59.266666666666666,206,AV,0,6,0,8,7,0,0,60,7612.519032757181,0.2,-0.7183838383838385,"0.4939086021505376,0.313140350877193,0.39914074074074074,0.2,0.6,0.46444087923489674,13.0","0,0,0"
26.933333333333334,262,AV,2,0,2,3,8,0,0,30,3362.377553451843,0.2,-0.3264646464646465,"0.14770105820105822,0.16139361702127658,0.2611464646464647,0.2,0.3,0.20513913732433053,8.0","0,0,0"
18.55,89,AV,1,2,7,8,8,0,0,38,1167.011530479414,0.2,-0.22484848484848485,"0.2292264150943397,0.18285243055555558,0.2729756097560976,0.2,0.38,0.0711995410403344,15.0","0,0,0"
45.05,218,AV,0,6,7,3,4,0,0,49,2141.869626207308,0.5,-1.365151515151515,"0.3836752136752137,0.24684502923976612,0.3446441441441441,0.5,0.49,0.13067577343605605,10.0","0,0,0"
36.3,12,AV,0,4,1,3,5,0,0,44,8011.326014866212,0.5,-1.0999999999999999,"0.3249851851851852,0.22206507936507935,0.3149708333333333,0.5,0.44,0.48877215047621786,9.0","0,0,0"
35.65,25,AV,2,0,0,9,8,0,0,50,1950.0200213032829,0.1,-0.21606060606060606,"0.38794907407407403,0.2583687315634218,0.3515121951219512,0.1,0.5,0.11897100149406448,17.0","0,0,0"
13.633333333333333,111,AV,1,1,7,3,10,0,0,22,610.4868582393152,0.1,-0.08262626262626263,"0.07566101694915255,0.13345068027210885,0.23276262626262623,0.1,0.22,0.03724589087816358,17.0","0,0,0"
20.733333333333334,241,AV,0,4,2,5,12,0,0,34,2793.3389947689566,0.2,-0.2513131313131313,"0.17539080459770112,0.16610843373493978,0.25653741496598637,0.2,0.34,0.1704220131534742,16.0","0,0,0"
45.31666666666667,134,AV,0,4,9,2,8,0,0,49,5960.007005011629,0.5,-1.3732323232323234,"0.3836752136752137,0.24684502923976612,0.3446441441441441,0.5,0.49,0.36362088314558555,12.0","0,0,0"
34.55,126,AV,1,3,4,4,9,0,0,65,3651.018124108644,0.1,-0.20939393939393938,"0.5332952380952382,0.3390155367231638,0.4221396396396397,0.1,0.65,0.2227491399846658,13.0","0,0,0"
39.38333333333333,205,AV,1,2,7,8,8,0,0,78,7912.643587116454,0.1,-0.23868686868686873,"0.6190752688172044,0.3874931693989071,0.46680180180180175,0.1,0.78,0.48275152138985195,15.0","0,0,0"
23.616666666666667,82,AV,1,2,4,1,10,0,0,46,4034.238052294327,0.1,-0.14313131313131314,"0.34464102564102567,0.2310519713261649,0.331062962962963,0.1,0.46,0.2461294428280505,14.0","0,0,0"
23.566666666666666,263,AV,1,2,4,7,8,0,0,48,1594.6992934726818,0.2,-0.28565656565656566,"0.36848015873015877,0.24390789473684213,0.3401813725490196,0.2,0.48,0.09729283287026043,12.0","0,0,0"
29.316666666666666,17,AV,0,9,4,7,9,0,0,41,508.6019702527906,0.4,-0.7107070707070707,"0.24861333333333338,0.19269841269841273,0.2895148809523809,0.4,0.41,0.03102987923292612,18.0","0,0,0"
18.833333333333332,278,AV,1,0,5,4,0,0,0,40,7897.119961473183,0.1,-0.11414141414141415,"0.23105158730158729,0.18530107526881723,0.2839939393939394,0.1,0.4,0.4818044227603904,5.0","0,0,0"
30.933333333333334,112,AV,2,0,3,3,12,0,0,43,4818.617258984985,0.7,-1.3123232323232323,"0.2928993710691824,0.21186021505376343,0.30842803030303034,0.7,0.43,0.2939845308536281,12.0","0,0,0"
37.516666666666666,135,AV,1,1,5,4,0,0,0,69,5304.212874057136,0.4,-0.9094949494949495,"0.5654035087719299,0.3571652542372882,0.44391176470588234,0.4,0.69,0.32361078905360735,5.0","0,0,0"
12.766666666666667,260,AV,1,3,7,5,10,0,0,16,3132.463358685509,0.2,-0.15474747474747477,"0.05544444444444444,0.12672340425531917,0.23491666666666672,0.2,0.16,0.19111203928932116,17.0","0,0,0"
30.133333333333333,261,AV,2,3,2,4,3,0,0,33,477.1303205766694,0.2,-0.3652525252525253,"0.1602573099415205,0.1654329501915709,0.2604782608695652,0.2,0.33,0.029109789367317424,7.0","0,0,0"
37.6,44,AV,1,0,6,5,4,0,0,81,4434.023444374438,0.5,-1.1393939393939394,"0.6316488095238095,0.3908577235772357,0.4666282051282051,0.5,0.81,0.27052040700219254,10.0","0,0,0"
31.033333333333335,59,AV,1,1,5,5,2,0,0,59,753.5670156580491,0.1,-0.1880808080808081,"0.4865591397849463,0.30428991596638655,0.38947916666666665,0.1,0.59,0.045975231826498236,7.0","0,0,0"
31.183333333333334,270,AV,1,1,8,0,8,0,0,55,8331.964781214912,0.4,-0.755959595959596,"0.46422093023255817,0.2923692528735632,0.38449999999999995,0.4,0.55,0.5083343676501888,16.0","0,0,0"
16.983333333333334,208,AV,0,9,8,1,5,0,0,33,616.3739675020589,0.6,-0.6175757575757576,"0.1602573099415205,0.1654329501915709,0.2604782608695652,0.6,0.33,0.03760506425958635,14.0","0,0,0"
25.466666666666665,247,AV,1,2,5,0,14,0,0,50,8436.938288223368,0.6,-0.926060606060606,"0.38794907407407403,0.2583687315634218,0.3515121951219512,0.6,0.5,0.5147388163854347,19.0","0,0,0"
7.033333333333333,200,AV,0,7,6,0,4,0,0,21,1530.6528609905624,0.6,-0.25575757575757574,"0.06975786163522013,0.13216838487972507,0.2392041666666666,0.6,0.21,0.09338535082839546,11.0","0,0,0"
24.05,24,AV,2,3,3,4,3,0,0,27,3236.647802754315,0.2,-0.2915151515151515,"0.10664285714285712,0.14834814814814817,0.2475075757575758,0.2,0.27,0.19746834718132122,7.0","0,0,0"
21.816666666666666,227,AV,1,3,4,4,3,0,0,43,1141.5133047894662,0.1,-0.1322222222222222,"0.2928993710691824,0.21186021505376343,0.30842803030303034,0.1,0.43,0.06964389062981845,7.0","0,0,0"
20.316666666666666,68,AV,1,1,5,9,6,0,0,40,2476.7673195544394,0.2,-0.2462626262626263,"0.23105158730158729,0.18530107526881723,0.2839939393939394,0.2,0.4,0.15110792979357457,11.0","0,0,0"
23.716666666666665,257,AV,1,3,4,1,7,0,0,46,1528.3774584247917,0.5,-0.7186868686868686,"0.34464102564102567,0.2310519713261649,0.331062962962963,0.5,0.46,0.09324652819114326,11.0","0,0,0"
29.283333333333335,99,AV,1,1,5,0,1,0,0,55,978.4447105201264,0.3,-0.5324242424242424,"0.46422093023255817,0.2923692528735632,0.38449999999999995,0.3,0.55,0.05969505227918116,6.0","0,0,0"
36.333333333333336,296,AV,1,3,4,2,3,0,0,73,1046.6558973464134,1.0,-2.202020202020202,"0.576265625,0.3668954802259887,0.4494041666666667,1.0,0.73,0.0638566265815816,7.0","0,0,0"
30.366666666666667,50,AV,2,3,1,6,2,0,0,43,2520.757475212996,0.1,-0.18404040404040406,"0.2928993710691824,0.21186021505376343,0.30842803030303034,0.1,0.43,0.153791775506646,8.0","0,0,0"
50.63333333333333,210,AV,0,8,3,0,2,0,0,52,646.5589615252754,0.8,-2.454949494949495,"0.4194952380952382,0.2672015151515152,0.3579222222222222,0.8,0.52,0.0394466550790664,10.0","0,0,0"
17.1,95,AV,0,4,9,7,8,0,0,33,2964.6777926145683,0.6,-0.6218181818181818,"0.1602573099415205,0.1654329501915709,0.2604782608695652,0.6,0.33,0.18087541781178007,12.0","0,0,0"
24.15,105,AV,1,1,5,4,5,0,0,46,912.6272274022258,0.5,-0.7318181818181818,"0.34464102564102567,0.2310519713261649,0.331062962962963,0.5,0.46,0.055679518183730216,10.0","0,0,0"
43.46666666666667,273,AV,0,4,7,5,4,0,0,48,2761.3662775036096,0.1,-0.26343434343434347,"0.36848015873015877,0.24390789473684213,0.3401813725490196,0.1,0.48,0.16847135308230085,8.0","0,0,0"
38.95,274,AV,2,1,3,8,2,0,0,60,1404.912317929139,0.2,-0.47212121212121216,"0.4939086021505376,0.313140350877193,0.39914074074074074,0.2,0.6,0.0857139022417153,10.0","0,0,0"
25.416666666666668,60,AV,1,1,7,8,1,0,0,48,3046.5766145774583,0.7,-1.0782828282828283,"0.36848015873015877,0.24390789473684213,0.3401813725490196,0.7,0.48,0.18587207669920885,8.0","0,0,0"
55.53333333333333,4,AV,0,9,4,5,4,0,0,57,623.7253316558669,0.1,-0.33656565656565657,"0.46398749999999994,0.29839565217391306,0.39076190476190475,0.1,0.57,0.038053572042158534,13.0","0,0,0"
19.9,118,AV,1,0,5,0,11,0,0,40,3849.958431883558,0.3,-0.3618181818181818,"0.23105158730158729,0.18530107526881723,0.2839939393939394,0.3,0.4,0.23488651672693153,16.0","0,0,0"
31.083333333333332,179,AV,1,3,5,2,7,0,0,59,2401.1770329784995,0.2,-0.3767676767676768,"0.4865591397849463,0.30428991596638655,0.38947916666666665,0.2,0.59,0.14649615555591702,12.0","0,0,0"
26.616666666666667,214,AV,1,0,6,2,0,0,0,49,1365.417472605012,0.3,-0.48393939393939395,"0.3836752136752137,0.24684502923976612,0.3446441441441441,0.3,0.49,0.08330431605760824,6.0","0,0,0"
26.616666666666667,150,AV,1,0,6,2,11,0,0,52,3667.3634505223554,0.3,-0.48393939393939395,"0.4194952380952382,0.2672015151515152,0.3579222222222222,0.3,0.52,0.2237463706961161,17.0","0,0,0"
17.083333333333332,96,AV,1,1,6,0,0,0,0,37,2417.357356239525,0.3,-0.31060606060606055,"0.21308757062146888,0.1797614035087719,0.2725,0.3,0.37,0.14748331940132994,6.0","0,0,0"
26.033333333333335,287,AV,1,1,6,0,16,0,0,51,3301.717979419838,0.2,-0.3155555555555556,"0.3983947368421053,0.2648348214285715,0.3660708333333333,0.2,0.51,0.20143828800281033,22.0","0,0,0"
23.85,284,AV,1,2,5,7,2,0,0,49,2971.291490045772,0.7,-1.0118181818181817,"0.3836752136752137,0.24684502923976612,0.3446441441441441,0.7,0.49,0.18127892044168803,7.0","0,0,0"
37.43333333333333,197,AV,1,1,6,0,0,0,0,75,1823.811293294481,0.6,-1.361212121212121,"0.5933870967741935,0.37473994252873566,0.44550000000000006,0.6,0.75,0.11127098887652025,6.0","0,0,0"
22.183333333333334,77,AV,1,1,7,4,0,0,0,43,4504.939201911708,0.9,-1.2100000000000002,"0.2928993710691824,0.21186021505376343,0.30842803030303034,0.9,0.43,0.27484698755200676,7.0","0,0,0"
65.73333333333333,64,AV,0,8,3,2,1,0,0,69,4237.057085974603,0.2,-0.7967676767676768,"0.5654035087719299,0.3571652542372882,0.44391176470588234,0.2,0.69,0.2585034611947306,9.0","0,0,0"
72.41666666666667,29,AV,0,9,5,5,6,0,0,96,2472.005569054355,0.1,-0.43888888888888894,"0.6292182539682539,0.3908423423423422,0.4580270270270271,0.1,0.96,0.1508174147118467,15.0","0,0,0"
20.933333333333334,54,AV,2,0,2,9,1,0,0,21,1597.8734280578535,0.1,-0.12686868686868688,"0.06975786163522013,0.13216838487972507,0.2392041666666666,0.1,0.21,0.09748648727706105,10.0","0,0,0"
15.4,195,AV,1,2,5,0,0,0,0,30,617.4453946714843,0.8,-0.7466666666666667,"0.14770105820105822,0.16139361702127658,0.2611464646464647,0.8,0.3,0.03767043218503426,5.0","0,0,0"
27.966666666666665,10,AV,1,0,5,2,7,0,0,54,793.0252767736928,0.7,-1.1864646464646462,"0.4278939393939394,0.280996,0.37031770833333333,0.7,0.54,0.048382586002792785,12.0","0,0,0"
26.933333333333334,249,AV,1,0,6,6,0,0,0,54,2302.618320259251,0.3,-0.4896969696969697,"0.4278939393939394,0.280996,0.37031770833333333,0.3,0.54,0.1404830743413262,6.0","0,0,0"
39.8,15,AV,0,8,0,8,5,0,0,46,2142.030696222753,0.5,-1.206060606060606,"0.34464102564102567,0.2310519713261649,0.331062962962963,0.5,0.46,0.13068560034082563,13.0","0,0,0"
28.933333333333334,264,AV,2,3,0,0,6,0,0,35,6918.069898529506,0.2,-0.35070707070707074,"0.19102380952380954,0.17150000000000007,0.25753252032520313,0.2,0.35,0.42207243784292864,6.0","0,0,0"
41.81666666666667,132,AV,2,3,0,0,8,0,0,52,2780.081336731352,0.4,-1.0137373737373738,"0.4194952380952382,0.2672015151515152,0.3579222222222222,0.4,0.52,0.16961316153299416,8.0","0,0,0"
24.0,28,AV,1,0,5,2,6,0,0,49,2335.4036410281064,0.2,-0.29090909090909095,"0.3836752136752137,0.24684502923976612,0.3446441441441441,0.2,0.49,0.14248331146892657,11.0","0,0,0"
33.38333333333333,79,AV,2,3,0,3,24,0,0,47,2105.159940183184,0.1,-0.20232323232323235,"0.35544666666666663,0.23863522012578614,0.3289264705882353,0.1,0.47,0.1284361102207503,24.0","0,0,0"
36.666666666666664,26,AV,1,2,5,0,2,0,0,71,1017.530975349866,0.3,-0.6666666666666665,"0.5807816091954023,0.36623888888888895,0.4488861788617886,0.3,0.71,0.06207971090865948,7.0","0,0,0"
23.2,190,AV,1,0,4,3,3,0,0,44,783.6834518391023,0.2,-0.2812121212121212,"0.3249851851851852,0.22206507936507935,0.3149708333333333,0.2,0.44,0.04781263992218401,7.0","0,0,0"
34.11666666666667,35,AV,2,0,2,3,13,0,0,29,6130.868263041086,0.2,-0.41353535353535353,"0.12426363636363635,0.151040350877193,0.24275,0.2,0.29,0.37404515303114005,13.0","0,0,0"
30.233333333333334,72,AV,1,0,5,2,4,0,0,58,497.26542980048754,0.2,-0.3664646464646465,"0.48323737373737374,0.30377118644067796,0.38835042735042724,0.2,0.58,0.030338235272169726,9.0","0,0,0"
60.9,143,AV,0,5,3,0,1,0,0,61,9280.176126726552,0.1,-0.36909090909090914,"0.4996960784313724,0.320863387978142,0.406186274509804,0.1,0.61,0.5661848779891332,6.0","0,0,0"
26.7,185,AV,1,0,6,6,0,0,0,52,1040.734547163155,0.1,-0.16181818181818183,"0.4194952380952382,0.2672015151515152,0.3579222222222222,0.1,0.52,0.06349536415668174,6.0","0,0,0"
27.216666666666665,42,AV,1,2,6,8,2,0,0,54,7864.29237148983,0.1,-0.16494949494949496,"0.4278939393939394,0.280996,0.37031770833333333,0.1,0.54,0.4798016067819443,8.0","0,0,0"
39.833333333333336,130,AV,2,0,3,3,7,0,0,63,1778.835052690156,0.3,-0.7242424242424242,"0.5182984496124031,0.3259090909090909,0.4160585585585585,0.3,0.63,0.10852698197932012,7.0","0,0,0"
52.083333333333336,91,AV,0,6,0,0,0,0,0,56,3252.767976975094,0.2,-0.6313131313131314,"0.457811111111111,0.2932342342342342,0.38435784313725485,0.2,0.56,0.19845184132515217,6.0","0,0,0"
44.6,124,AV,2,3,0,3,21,0,0,72,1059.8377785859489,0.1,-0.2703030303030303,"0.5781149425287357,0.36551775956284155,0.4464871794871794,0.1,0.72,0.064660855048731,21.0","0,0,0"
26.733333333333334,222,AV,1,3,6,5,1,0,0,53,1697.366940102563,0.2,-0.3240404040404041,"0.42440000000000005,0.28101377410468326,0.37429914529914543,0.2,0.53,0.10355660073272177,7.0","0,0,0"
36.61666666666667,248,AV,1,2,5,0,0,0,0,67,3898.759045987068,0.1,-0.22191919191919196,"0.5666979166666667,0.34932485875706215,0.4294541666666666,0.1,0.67,0.237863849200441,5.0","0,0,0"
42.416666666666664,45,AV,2,0,0,9,3,0,0,69,3101.095365071405,0.1,-0.25707070707070706,"0.5654035087719299,0.3571652542372882,0.44391176470588234,0.1,0.69,0.18919827349493964,12.0","0,0,0"
14.016666666666667,101,AV,1,0,6,3,0,0,0,23,4717.175795221327,0.1,-0.08494949494949496,"0.08294047619047619,0.13645482866043612,0.236358024691358,0.1,0.23,0.28779557258389693,6.0","0,0,0"
50.46666666666667,146,AV,0,4,0,5,1,0,0,51,1527.6889462703334,0.9,-2.752727272727273,"0.3983947368421053,0.2648348214285715,0.3660708333333333,0.9,0.51,0.09320452196573949,5.0","0,0,0"
23.683333333333334,133,AV,1,0,6,6,3,0,0,48,1141.0395517097602,0.7,-1.0047474747474747,"0.36848015873015877,0.24390789473684213,0.3401813725490196,0.7,0.48,0.06961498688640157,9.0","0,0,0"
26.633333333333333,51,AV,1,3,6,7,6,0,0,53,3097.4575811220984,0.2,-0.32282828282828285,"0.42440000000000005,0.28101377410468326,0.37429914529914543,0.2,0.53,0.1889763317738599,12.0","0,0,0"
17.033333333333335,216,AV,1,0,5,0,9,0,0,34,816.2772675203604,0.2,-0.20646464646464652,"0.17539080459770112,0.16610843373493978,0.25653741496598637,0.2,0.34,0.049801193296892726,14.0","0,0,0"
22.983333333333334,103,AV,1,0,5,6,2,0,0,43,2835.850686157305,0.2,-0.2785858585858586,"0.2928993710691824,0.21186021505376343,0.30842803030303034,0.2,0.43,0.17301565754913437,7.0","0,0,0"
37.95,176,AV,1,1,6,0,8,0,0,73,567.9518330451218,0.6,-1.3800000000000001,"0.576265625,0.3668954802259887,0.4494041666666667,0.6,0.73,0.03465082288365841,14.0","0,0,0"
33.65,61,AV,1,0,5,2,0,0,0,62,11185.875164713363,0.3,-0.6118181818181817,"0.518508547008547,0.324719298245614,0.41526576576576574,0.3,0.62,0.6824518499272147,5.0","0,0,0"
30.266666666666666,268,AV,1,1,5,4,6,0,0,56,11940.25564443948,0.5,-0.9171717171717172,"0.457811111111111,0.2932342342342342,0.38435784313725485,0.5,0.56,0.7284767113133074,11.0","0,0,0"
33.56666666666667,128,AV,1,0,6,6,3,0,0,60,3941.04555698938,0.1,-0.20343434343434344,"0.4939086021505376,0.313140350877193,0.39914074074074074,0.1,0.6,0.24044375530841652,9.0","0,0,0"
62.833333333333336,292,AV,0,4,0,3,4,0,0,63,2991.769966736588,0.4,-1.5232323232323235,"0.5182984496124031,0.3259090909090909,0.4160585585585585,0.4,0.63,0.1825283152450044,8.0","0,0,0"
72.75,115,AV,0,8,8,0,1,0,0,82,10426.353459350525,0.1,-0.4409090909090909,"0.6254270833333334,0.39030191256830593,0.4631111111111112,0.1,0.82,0.636113321626821,9.0","0,0,0"
17.583333333333332,41,AV,1,2,7,5,0,0,0,35,1997.7276787447236,0.1,-0.10656565656565656,"0.19102380952380954,0.17150000000000007,0.25753252032520313,0.1,0.35,0.12188165252468854,7.0","0,0,0"
27.016666666666666,139,AV,2,2,1,9,1,0,0,41,4412.688598555705,0.1,-0.16373737373737374,"0.24861333333333338,0.19269841269841273,0.2895148809523809,0.1,0.41,0.2692187649954198,10.0","0,0,0"
39.38333333333333,282,AV,1,1,6,7,2,0,0,75,933.6906207466446,0.1,-0.23868686868686873,"0.5933870967741935,0.37473994252873566,0.44550000000000006,0.1,0.75,0.05696459883606839,8.0","0,0,0"
45.516666666666666,193,AV,2,3,0,3,16,0,0,74,1467.6871321740252,0.5,-1.3792929292929292,"0.5810595238095237,0.37063797814207644,0.44572916666666657,0.5,0.74,0.0895438026723409,16.0","0,0,0"
35.65,102,AV,1,1,7,8,6,0,0,67,4559.760277629775,0.8,-1.7284848484848485,"0.5666979166666667,0.34932485875706215,0.4294541666666666,0.8,0.67,0.27819162925307067,13.0","0,0,0"
26.6,74,AV,2,3,3,9,1,0,0,6,1751.9448432672848,0.4,-0.644848484848485,"0.05219444444444444,0.11549999999999999,0.21408333333333332,0.4,0.06,0.10688640644139001,10.0","0,0,0"
34.63333333333333,237,AV,0,5,5,1,0,0,0,43,3352.9358316496982,0.1,-0.20989898989898992,"0.2928993710691824,0.21186021505376343,0.30842803030303034,0.1,0.43,0.20456309652148852,5.0","0,0,0"
34.233333333333334,293,AV,2,3,0,0,6,0,0,53,4735.166802079286,1.0,-2.074747474747475,"0.42440000000000005,0.28101377410468326,0.37429914529914543,1.0,0.53,0.28889320649554645,6.0","0,0,0"
22.65,294,AV,0,8,6,3,2,0,0,34,845.7864251007381,0.1,-0.13727272727272727,"0.17539080459770112,0.16610843373493978,0.25653741496598637,0.1,0.34,0.05160155123795496,10.0","0,0,0"
36.516666666666666,175,AV,1,2,6,8,3,0,0,73,1265.4739572733297,0.2,-0.44262626262626265,"0.576265625,0.3668954802259887,0.4494041666666667,0.2,0.73,0.07720674783679542,9.0","0,0,0"
38.85,223,AV,2,3,2,1,8,0,0,57,1386.7650627050614,0.1,-0.23545454545454547,"0.46398749999999994,0.29839565217391306,0.39076190476190475,0.1,0.57,0.08460673559481392,8.0","0,0,0"
20.833333333333332,234,AV,1,2,9,8,1,0,0,42,2398.572127464108,0.1,-0.12626262626262627,"0.26600378787878787,0.20202659574468085,0.29493269230769237,0.1,0.42,0.14633722989645767,10.0","0,0,0"
37.93333333333333,120,AV,1,1,6,0,1,0,0,79,2198.5025098873134,0.1,-0.22989898989898988,"0.6378214285714287,0.3924999999999999,0.47213750000000004,0.1,0.79,0.13413095380102685,7.0","0,0,0"
38.61666666666667,211,AV,1,0,5,4,3,0,0,83,2043.1688306873104,0.6,-1.4042424242424243,"0.6215196078431373,0.39052361111111106,0.46165740740740746,0.6,0.83,0.1246540237293905,8.0","0,0,0"
21.25,81,AV,2,3,0,0,5,0,0,21,2088.64210540395,0.2,-0.25757575757575757,"0.06975786163522013,0.13216838487972507,0.2392041666666666,0.2,0.21,0.12742835474914976,5.0","0,0,0"
46.53333333333333,251,AV,2,3,0,0,9,0,0,77,3773.073658575576,0.5,-1.41010101010101,"0.6165539215686274,0.3848041666666667,0.4649629629629629,0.5,0.77,0.2301957656678827,9.0","0,0,0"
16.916666666666668,73,AV,1,2,7,5,0,0,0,35,2225.3307045190536,0.2,-0.20505050505050507,"0.19102380952380954,0.17150000000000007,0.25753252032520313,0.2,0.35,0.13576774580764567,7.0","0,0,0"
67.55,288,AV,0,7,9,6,3,0,0,73,1564.4426034616197,0.4,-1.6375757575757577,"0.576265625,0.3668954802259887,0.4494041666666667,0.4,0.73,0.09544686786826742,10.0","0,0,0"
24.95,256,AV,1,3,5,2,0,0,0,49,2756.9260540590044,0.2,-0.30242424242424243,"0.3836752136752137,0.24684502923976612,0.3446441441441441,0.2,0.49,0.16820045441239434,5.0","0,0,0"
48.6,170,AV,0,9,2,3,14,0,0,51,1519.7273932229994,0.2,-0.5890909090909091,"0.3983947368421053,0.2648348214285715,0.3660708333333333,0.2,0.51,0.09271878647115908,23.0","0,0,0"
4.85,266,AV,0,7,6,3,4,0,0,16,1097.8259349569896,0.2,-0.05878787878787879,"0.05544444444444444,0.12672340425531917,0.23491666666666672,0.2,0.16,0.06697851792347177,11.0","0,0,0"
14.666666666666666,168,AV,1,1,6,2,0,0,0,27,2421.0391237858234,1.0,-0.8888888888888888,"0.10664285714285712,0.14834814814814817,0.2475075757575758,1.0,0.27,0.14770794456797756,6.0","0,0,0"
41.8,253,AV,0,4,4,3,2,0,0,47,1122.7546975855585,0.5,-1.2666666666666666,"0.35544666666666663,0.23863522012578614,0.3289264705882353,0.5,0.47,0.06849942531084642,6.0","0,0,0"
34.13333333333333,174,AV,1,1,5,4,4,0,0,64,1824.367004680513,0.2,-0.41373737373737374,"0.5318423423423422,0.3346930555555556,0.427621212121212,0.2,0.64,0.11130489290797409,9.0","0,0,0"
47.416666666666664,144,AV,2,2,0,9,0,0,0,93,5913.041300376779,0.1,-0.2873737373737374,"0.6284430894308943,0.39103484848484854,0.4597735042735044,0.1,0.93,0.3607554987622251,9.0","0,0,0"
23.466666666666665,76,AV,2,1,1,3,19,0,0,40,777.0630287344238,0.4,-0.5688888888888889,"0.23105158730158729,0.18530107526881723,0.2839939393939394,0.4,0.4,0.04740872695797165,19.0","0,0,0"
27.583333333333332,172,AV,2,2,1,9,4,0,0,17,779.2240782816187,0.2,-0.3343434343434344,"0.058945945945945946,0.12614247311827956,0.23275,0.2,0.17,0.047540572901141116,13.0","0,0,0"
14.016666666666667,3,AV,1,2,4,1,1,0,0,11,1653.1781197118603,0.4,-0.3397979797979798,"0.05384444444444445,0.12448765432098764,0.23847777777777776,0.4,0.11,0.10086063445581676,5.0","0,0,0"
29.4,215,AV,0,8,0,3,7,0,0,41,3793.837230001502,0.1,-0.1781818181818182,"0.24861333333333338,0.19269841269841273,0.2895148809523809,0.1,0.41,0.2314625541419236,15.0","0,0,0"
15.6,53,AV,1,1,5,0,10,0,0,29,981.8973671489576,0.2,-0.1890909090909091,"0.12426363636363635,0.151040350877193,0.24275,0.2,0.29,0.05990569935585715,15.0","0,0,0"
17.266666666666666,269,AV,1,1,6,0,6,0,0,35,4196.147454418583,0.1,-0.10464646464646464,"0.19102380952380954,0.17150000000000007,0.25753252032520313,0.1,0.35,0.25600755869947317,12.0","0,0,0"
34.233333333333334,37,AV,2,3,0,0,8,0,0,50,871.0408974081768,0.2,-0.414949494949495,"0.38794907407407403,0.2583687315634218,0.3515121951219512,0.2,0.5,0.0531423302196046,8.0","0,0,0"
36.583333333333336,279,AV,1,1,5,4,7,0,0,66,7081.334819999852,0.9,-1.9954545454545454,"0.5398333333333333,0.34084218289085544,0.41640942028985506,0.9,0.66,0.43203325414428906,12.0","0,0,0"
32.7,36,AV,1,0,5,0,0,0,0,59,857.6590975250949,0.3,-0.5945454545454546,"0.4865591397849463,0.30428991596638655,0.38947916666666665,0.3,0.59,0.05232590468730706,5.0","0,0,0"
30.283333333333335,0,AV,1,0,5,2,0,0,0,59,4416.224882412617,0.1,-0.18353535353535355,"0.4865591397849463,0.30428991596638655,0.38947916666666665,0.1,0.59,0.26943451418128866,5.0","0,0,0"
32.03333333333333,151,AV,1,1,5,4,1,0,0,59,822.5771428470101,0.1,-0.19414141414141414,"0.4865591397849463,0.30428991596638655,0.38947916666666665,0.1,0.59,0.05018554959514157,6.0","0,0,0"
48.4,299,AV,2,2,3,4,6,0,0,72,6947.27484286379,0.1,-0.29333333333333333,"0.5781149425287357,0.36551775956284155,0.4464871794871794,0.1,0.72,0.4238542356901661,10.0","0,0,0"
32.9,94,AV,2,2,3,4,9,0,0,42,2382.718205806423,0.1,-0.1993939393939394,"0.26600378787878787,0.20202659574468085,0.29493269230769237,0.1,0.42,0.14536997985973107,13.0","0,0,0"
34.666666666666664,8,AV,1,0,7,6,13,0,0,63,881.2906222289953,0.1,-0.2101010101010101,"0.5182984496124031,0.3259090909090909,0.4160585585585585,0.1,0.63,0.05376766740263329,20.0","0,0,0"
31.216666666666665,207,AV,2,3,0,3,9,0,0,42,4446.537177105173,0.6,-1.135151515151515,"0.26600378787878787,0.20202659574468085,0.29493269230769237,0.6,0.42,0.27128387163288364,9.0","0,0,0"
18.966666666666665,63,AV,0,8,3,2,3,0,0,33,3742.7752140142647,0.2,-0.22989898989898988,"0.1602573099415205,0.1654329501915709,0.2604782608695652,0.2,0.33,0.22834725321478366,11.0","0,0,0"
34.733333333333334,232,AV,1,3,8,3,2,0,0,64,2222.040577514192,0.5,-1.0525252525252526,"0.5318423423423422,0.3346930555555556,0.427621212121212,0.5,0.64,0.13556701468666493,10.0","0,0,0"
30.983333333333334,166,AV,2,2,3,3,5,0,0,24,5386.149373461946,0.1,-0.1877777777777778,"0.08977272727272725,0.139820987654321,0.24832098765432098,0.1,0.24,0.32860974664717757,5.0","0,0,0"
11.25,189,AV,1,2,8,6,0,0,0,2,670.158540600369,0.2,-0.13636363636363635,"0.05263333333333334,0.11679629629629633,0.2174,0.2,0.02,0.04088646878699221,8.0","0,0,0"
29.033333333333335,158,AV,1,1,5,4,0,0,0,56,1929.5758599688188,0.1,-0.17595959595959598,"0.457811111111111,0.2932342342342342,0.38435784313725485,0.1,0.56,0.11772370027556629,5.0","0,0,0"
21.033333333333335,286,AV,1,2,9,1,4,0,0,39,6778.2755320215965,0.5,-0.6373737373737374,"0.2319423076923077,0.1833741134751773,0.2739545454545455,0.5,0.39,0.41354356346985494,13.0","0,0,0"
62.71666666666667,171,AV,0,4,9,7,7,0,0,65,11662.42845360034,0.1,-0.3801010101010101,"0.5332952380952382,0.3390155367231638,0.4221396396396397,0.1,0.65,0.7115264345082908,11.0","0,0,0"
44.2,191,AV,2,1,0,8,5,0,0,78,1546.5147326922538,0.1,-0.26787878787878794,"0.6190752688172044,0.3874931693989071,0.46680180180180175,0.1,0.78,0.09435308589844842,13.0","0,0,0"
29.5,137,AV,1,1,5,4,3,0,0,56,3508.846318545673,0.2,-0.3575757575757576,"0.457811111111111,0.2932342342342342,0.38435784313725485,0.2,0.56,0.2140752177134773,8.0","0,0,0"
35.483333333333334,180,AV,1,3,7,5,3,0,0,65,4630.913868273173,0.3,-0.6451515151515151,"0.5332952380952382,0.3390155367231638,0.4221396396396397,0.3,0.65,0.28253272003483915,10.0","0,0,0"
38.88333333333333,113,AV,1,1,5,4,0,0,0,81,1454.957177165027,0.3,-0.706969696969697,"0.6316488095238095,0.3908577235772357,0.4666282051282051,0.3,0.81,0.08876714628940657,5.0","0,0,0"
28.316666666666666,204,AV,2,2,1,9,12,0,0,36,2942.323800284961,0.1,-0.17161616161616164,"0.21015204678362573,0.17824489795918363,0.26952380952380955,0.1,0.36,0.17951159753004442,21.0","0,0,0"
21.133333333333333,78,AV,1,2,8,7,0,0,0,42,2909.8477340427667,0.3,-0.3842424242424242,"0.26600378787878787,0.20202659574468085,0.29493269230769237,0.3,0.42,0.17753022806552007,8.0","0,0,0"
35.56666666666667,225,AV,2,0,3,3,25,0,0,49,6248.181898567973,0.6,-1.2933333333333334,"0.3836752136752137,0.24684502923976612,0.3446441441441441,0.6,0.49,0.38120247477915753,25.0","0,0,0"
15.433333333333334,164,AV,0,4,3,0,5,0,0,31,1014.5614647146556,0.1,-0.09353535353535354,"0.15563333333333335,0.16418864468864475,0.2674615384615386,0.1,0.31,0.061898540638426994,9.0","0,0,0"
8.316666666666666,209,AV,0,4,8,6,6,0,0,25,5064.807770076448,0.1,-0.05040404040404041,"0.09251436781609197,0.14316349206349205,0.2602654320987654,0.1,0.25,0.3090046492846745,10.0","0,0,0"
20.65,127,AV,0,7,2,8,6,0,0,34,1579.1767070066765,0.2,-0.2503030303030303,"0.17539080459770112,0.16610843373493978,0.25653741496598637,0.2,0.34,0.09634579764115309,13.0","0,0,0"
47.666666666666664,66,AV,2,2,1,9,2,0,0,87,1862.7228332236152,0.2,-0.5777777777777778,"0.6302541666666666,0.3901840579710145,0.4560761904761905,0.2,0.87,0.11364498751472468,11.0","0,0,0"
36.45,57,AV,1,1,5,5,1,0,0,65,4021.28082322038,0.2,-0.4418181818181819,"0.5332952380952382,0.3390155367231638,0.4221396396396397,0.2,0.65,0.2453389204217804,6.0","0,0,0"
16.466666666666665,229,AV,1,0,7,7,5,0,0,34,1446.9812594843625,0.6,-0.5987878787878786,"0.17539080459770112,0.16610843373493978,0.25653741496598637,0.6,0.34,0.08828053440648413,12.0","0,0,0"
55.583333333333336,80,AV,0,9,4,5,0,0,0,57,1526.0895405694364,0.3,-1.0106060606060607,"0.46398749999999994,0.29839565217391306,0.39076190476190475,0.3,0.57,0.0931069419942765,9.0","0,0,0"
20.283333333333335,196,AV,1,3,8,0,4,0,0,41,806.3598325453933,0.4,-0.4917171717171718,"0.24861333333333338,0.19269841269841273,0.2895148809523809,0.4,0.41,0.049196129165071385,12.0","0,0,0"
32.983333333333334,7,AV,1,3,6,7,5,0,0,60,1391.0507319816634,0.1,-0.1998989898989899,"0.4939086021505376,0.313140350877193,0.39914074074074074,0.1,0.6,0.08486820489273883,11.0","0,0,0"
40.46666666666667,224,AV,2,3,0,3,7,0,0,66,5611.673516276995,0.3,-0.7357575757575758,"0.5398333333333333,0.34084218289085544,0.41640942028985506,0.3,0.66,0.3423690069822918,7.0","0,0,0"
16.466666666666665,238,AV,1,0,5,2,1,0,0,31,3630.005597296026,0.1,-0.09979797979797979,"0.15563333333333335,0.16418864468864475,0.2674615384615386,0.1,0.31,0.22146716270673647,6.0","0,0,0"
10.866666666666667,39,AV,1,3,8,3,2,0,0,17,1020.5842314575186,0.1,-0.06585858585858587,"0.058945945945945946,0.12614247311827956,0.23275,0.1,0.17,0.062265990502190276,10.0","0,0,0"
24.15,100,AV,0,5,8,3,14,0,0,37,837.3801312568858,0.1,-0.14636363636363636,"0.21308757062146888,0.1797614035087719,0.2725,0.1,0.37,0.05108868204352069,19.0","0,0,0"
20.7,11,AV,1,0,5,2,1,0,0,41,3169.820795106812,0.3,-0.3763636363636363,"0.24861333333333338,0.19269841269841273,0.2895148809523809,0.3,0.41,0.1933912218493663,6.0","0,0,0"
67.63333333333334,267,AV,0,7,4,8,4,0,0,74,11861.36896338871,1.0,-4.098989898989899,"0.5810595238095237,0.37063797814207644,0.44572916666666657,1.0,0.74,0.7236638235754265,11.0","0,0,0"
13.65,85,AV,0,4,3,3,1,0,0,32,3882.59008652233,0.2,-0.16545454545454547,"0.1560689655172414,0.16456179775280902,0.2622248062015504,0.2,0.32,0.23687737866187128,5.0","0,0,0"
23.45,21,AV,1,1,6,0,0,0,0,44,2857.8751728516777,0.9,-1.279090909090909,"0.3249851851851852,0.22206507936507935,0.3149708333333333,0.9,0.44,0.17435937464475218,6.0","0,0,0"
21.766666666666666,70,AV,2,3,0,0,7,0,0,0,1592.2311391495805,0.5,-0.6595959595959595,"0.0,0.0,0.0,0.5,0.0,0.09714225042061717,7.0","0,0,0"
31.083333333333332,169,AV,0,5,0,1,1,0,0,41,3487.44186130441,0.7,-1.3186868686868687,"0.24861333333333338,0.19269841269841273,0.2895148809523809,0.7,0.41,0.21276932870382087,6.0","0,0,0"
21.316666666666666,5,AV,2,1,1,5,3,0,0,14,1100.389953660579,0.6,-0.7751515151515151,"0.054766666666666686,0.12930701754385965,0.24220370370370367,0.6,0.14,0.06713494907273335,8.0","0,0,0"
38.13333333333333,47,AV,0,5,7,4,2,0,0,45,6995.337061486569,0.1,-0.2311111111111111,"0.3373947368421053,0.2272006472491909,0.3300068027210884,0.1,0.45,0.42678651854937344,7.0","0,0,0"
31.45,201,AV,0,4,0,2,2,0,0,41,5051.78348307234,0.4,-0.7624242424242424,"0.24861333333333338,0.19269841269841273,0.2895148809523809,0.4,0.41,0.30821003566445676,6.0","0,0,0"
44.4,186,AV,2,1,0,4,2,0,0,63,15725.918848752755,0.1,-0.2690909090909091,"0.5182984496124031,0.3259090909090909,0.4160585585585585,0.1,0.63,0.9594405669743218,6.0","0,0,0"
23.4,187,AV,1,1,6,7,1,0,0,44,6197.036257351283,0.4,-0.5672727272727273,"0.3249851851851852,0.22206507936507935,0.3149708333333333,0.4,0.44,0.37808207186476134,7.0","0,0,0"
21.033333333333335,108,AV,1,0,6,2,5,0,0,41,2629.980017260476,0.1,-0.1274747474747475,"0.24861333333333338,0.19269841269841273,0.2895148809523809,0.1,0.41,0.16045545847972215,11.0","0,0,0"
69.51666666666667,129,AV,0,7,1,6,0,0,0,75,4967.653125719208,1.0,-4.2131313131313135,"0.5933870967741935,0.37473994252873566,0.44550000000000006,1.0,0.75,0.3030772304824535,7.0","0,0,0"
71.13333333333334,33,AV,0,4,8,3,8,0,0,80,2574.4307659940623,0.1,-0.4311111111111112,"0.6348924731182796,0.39209861111111105,0.47171367521367524,0.1,0.8,0.1570663906838983,12.0","0,0,0"
45.71666666666667,245,AV,2,3,3,8,1,0,0,74,1234.5997004771,0.1,-0.2770707070707071,"0.5810595238095237,0.37063797814207644,0.44572916666666657,0.1,0.74,0.07532310499656578,9.0","0,0,0"
33.65,192,AV,1,0,4,8,10,0,0,64,3257.969850357721,0.1,-0.20393939393939392,"0.5318423423423422,0.3346930555555556,0.427621212121212,0.1,0.64,0.19876920836713918,14.0","0,0,0"
59.28333333333333,87,AV,0,7,7,3,0,0,0,60,5899.132481879994,0.1,-0.3592929292929293,"0.4939086021505376,0.313140350877193,0.39914074074074074,0.1,0.6,0.3599069197486334,7.0","0,0,0"
37.166666666666664,160,AV,1,0,4,3,5,0,0,72,1047.1205397958274,0.1,-0.22525252525252526,"0.5781149425287357,0.36551775956284155,0.4464871794871794,0.1,0.72,0.06388497448413621,9.0","0,0,0"
40.983333333333334,107,AV,2,1,1,5,2,0,0,60,3065.2253709468137,0.3,-0.7451515151515151,"0.4939086021505376,0.313140350877193,0.39914074074074074,0.3,0.6,0.18700984000299187,7.0","0,0,0"
30.016666666666666,298,AV,1,2,4,1,9,0,0,52,2747.619709803412,0.2,-0.36383838383838385,"0.4194952380952382,0.2672015151515152,0.3579222222222222,0.2,0.52,0.16763267301310575,13.0","0,0,0"
38.81666666666667,34,AV,1,1,6,0,7,0,0,83,2561.5826276178027,1.0,-2.3525252525252527,"0.6215196078431373,0.39052361111111106,0.46165740740740746,1.0,0.83,0.15628252391675798,13.0","0,0,0"
41.93333333333333,173,AV,0,7,2,4,3,0,0,46,1323.5149786113286,0.1,-0.25414141414141417,"0.34464102564102567,0.2310519713261649,0.331062962962963,0.1,0.46,0.0807478388824684,10.0","0,0,0"
14.733333333333333,97,AV,1,3,9,1,6,0,0,26,2872.269398564857,0.1,-0.0892929292929293,"0.10321751412429378,0.14765614035087718,0.25430092592592596,0.1,0.26,0.1752375684223135,15.0","0,0,0"
15.35,290,AV,1,0,5,0,1,0,0,28,3476.696831582168,0.4,-0.37212121212121213,"0.11708630952380952,0.14774629629629626,0.23681060606060608,0.4,0.28,0.2121137728976378,6.0","0,0,0"
60.7,155,AV,0,6,7,6,1,0,0,60,1083.524948441525,0.1,-0.3678787878787879,"0.4939086021505376,0.313140350877193,0.39914074074074074,0.1,0.6,0.0661060126827508,7.0","0,0,0"
28.433333333333334,181,AV,1,3,4,9,13,0,0,54,10783.100237376317,0.5,-0.8616161616161616,"0.4278939393939394,0.280996,0.37031770833333333,0.5,0.54,0.6578784937777936,17.0","0,0,0"
32.983333333333334,165,AV,2,3,0,0,5,0,0,45,2187.718469250836,1.0,-1.998989898989899,"0.3373947368421053,0.2272006472491909,0.3300068027210884,1.0,0.45,0.13347301793336488,5.0","0,0,0"
11.9,276,AV,0,4,4,3,1,0,0,29,2123.4400354784907,0.1,-0.07212121212121213,"0.12426363636363635,0.151040350877193,0.24275,0.1,0.29,0.12955138145947123,5.0","0,0,0"
28.666666666666668,1,AV,1,0,5,2,2,0,0,53,5807.233742044462,0.1,-0.17373737373737375,"0.42440000000000005,0.28101377410468326,0.37429914529914543,0.1,0.53,0.3543001644359528,7.0","0,0,0"
8.366666666666667,69,AV,0,4,4,7,4,0,0,25,14312.770160915026,0.5,-0.25353535353535356,"0.09251436781609197,0.14316349206349205,0.2602654320987654,0.5,0.25,0.8732241626218611,8.0","0,0,0"
47.15,252,AV,2,3,0,0,8,0,0,68,572.7967315704935,0.2,-0.5715151515151515,"0.5712990196078431,0.35397199999999995,0.43988172043010754,0.2,0.68,0.034946410838347895,8.0","0,0,0"
28.483333333333334,182,AV,1,3,5,4,1,0,0,54,1249.5878531833848,0.3,-0.5178787878787879,"0.4278939393939394,0.280996,0.37031770833333333,0.3,0.54,0.07623753434525571,6.0","0,0,0"
23.116666666666667,148,AV,1,2,4,1,2,0,0,43,3580.4564780460023,0.1,-0.14010101010101011,"0.2928993710691824,0.21186021505376343,0.30842803030303034,0.1,0.43,0.2184441638267638,6.0","0,0,0"
32.833333333333336,212,AV,2,3,1,4,14,0,0,47,13430.196447392702,0.2,-0.39797979797979804,"0.35544666666666663,0.23863522012578614,0.3289264705882353,0.2,0.47,0.8193782136351887,18.0","0,0,0"
35.516666666666666,23,AV,2,2,3,3,5,0,0,51,3520.054626539052,0.2,-0.4305050505050505,"0.3983947368421053,0.2648348214285715,0.3660708333333333,0.2,0.51,0.21475903819350242,5.0","0,0,0"
16.6,30,AV,1,0,6,6,3,0,0,33,1783.933402668827,0.3,-0.3018181818181818,"0.1602573099415205,0.1654329501915709,0.2604782608695652,0.3,0.33,0.10883803304356732,9.0","0,0,0"
26.75,109,AV,1,1,5,0,0,0,0,50,1942.5668635563816,0.1,-0.1621212121212121,"0.38794907407407403,0.2583687315634218,0.3515121951219512,0.1,0.5,0.11851628326976159,5.0","0,0,0"
14.65,163,AV,1,2,4,1,2,0,0,26,5354.15698790508,0.7,-0.6215151515151515,"0.10321751412429378,0.14765614035087718,0.25430092592592596,0.7,0.26,0.3266578866107146,6.0","0,0,0"
33.6,289,AV,1,3,8,0,0,0,0,64,742.4887258523852,0.1,-0.20363636363636367,"0.5318423423423422,0.3346930555555556,0.427621212121212,0.1,0.64,0.04529934377477431,8.0","0,0,0"
24.733333333333334,58,AV,1,2,7,8,1,0,0,51,4756.448820673547,0.2,-0.29979797979797984,"0.3983947368421053,0.2648348214285715,0.3660708333333333,0.2,0.51,0.2901916255057689,8.0","0,0,0"
26.466666666666665,291,AV,2,2,0,0,5,0,0,29,743.7553910389753,0.5,-0.802020202020202,"0.12426363636363635,0.151040350877193,0.24275,0.5,0.29,0.04537662319968277,5.0","0,0,0"
18.283333333333335,27,AV,1,0,5,0,1,0,0,37,3623.60917519969,0.2,-0.22161616161616166,"0.21308757062146888,0.1797614035087719,0.2725,0.2,0.37,0.2210769160762064,6.0","0,0,0"
53.93333333333333,156,AV,0,6,5,7,3,0,0,56,3822.7735841463273,0.2,-0.6537373737373737,"0.457811111111111,0.2932342342342342,0.38435784313725485,0.2,0.56,0.23322796526313658,9.0","0,0,0"
30.6,242,AV,1,3,9,6,2,0,0,56,522.2875039790788,1.0,-1.8545454545454547,"0.457811111111111,0.2932342342342342,0.38435784313725485,1.0,0.56,0.03186483561060942,11.0","0,0,0"
38.45,18,AV,0,7,6,7,2,0,0,44,2344.9936519099742,0.1,-0.23303030303030306,"0.3249851851851852,0.22206507936507935,0.3149708333333333,0.1,0.44,0.1430683994098146,9.0","0,0,0"
27.433333333333334,55,AV,1,2,4,7,24,0,0,54,583.3206434887895,0.1,-0.16626262626262628,"0.4278939393939394,0.280996,0.37031770833333333,0.1,0.54,0.03558847621556294,28.0","0,0,0"
30.2,140,AV,1,1,6,0,0,0,0,54,3227.056348793521,0.3,-0.5490909090909091,"0.4278939393939394,0.280996,0.37031770833333333,0.3,0.54,0.1968831711979807,6.0","0,0,0"
33.9,9,AV,1,0,6,6,0,0,0,63,2456.6540037696086,0.6,-1.2327272727272727,"0.5182984496124031,0.3259090909090909,0.4160585585585585,0.6,0.63,0.14988081350956411,6.0","0,0,0"
24.083333333333332,240,AV,0,7,2,3,26,0,0,39,2675.3892374750885,0.2,-0.2919191919191919,"0.2319423076923077,0.1833741134751773,0.2739545454545455,0.2,0.39,0.16322588152511547,33.0","0,0,0"
34.7,62,AV,2,3,0,1,6,0,0,48,4950.077303955518,0.7,-1.472121212121212,"0.36848015873015877,0.24390789473684213,0.3401813725490196,0.7,0.48,0.30200492707301985,6.0","0,0,0"
65.88333333333334,121,AV,0,4,1,3,2,0,0,69,2619.168197182975,0.2,-0.7985858585858587,"0.5654035087719299,0.3571652542372882,0.44391176470588234,0.2,0.69,0.1597958277843746,6.0","0,0,0"
69.58333333333333,280,AV,0,5,5,4,1,0,0,74,5200.876525735832,0.2,-0.8434343434343434,"0.5810595238095237,0.37063797814207644,0.44572916666666657,0.2,0.74,0.3173062236049365,6.0","0,0,0"
27.416666666666668,183,AV,1,0,5,8,3,0,0,54,3017.17067826153,0.4,-0.6646464646464647,"0.4278939393939394,0.280996,0.37031770833333333,0.4,0.54,0.18407801630231177,8.0","0,0,0"
34.78333333333333,119,AV,2,2,1,9,1,0,0,49,2293.603195459698,0.5,-1.0540404040404039,"0.3836752136752137,0.24684502923976612,0.3446441441441441,0.5,0.49,0.1399330602828654,10.0","0,0,0"
32.88333333333333,239,AV,0,9,9,8,4,0,0,42,5912.288420941998,0.1,-0.1992929292929293,"0.26600378787878787,0.20202659574468085,0.29493269230769237,0.1,0.42,0.3607095654798067,13.0","0,0,0"
28.833333333333332,265,AV,2,3,1,4,1,0,0,46,2329.0008356791827,1.0,-1.7474747474747474,"0.34464102564102567,0.2310519713261649,0.331062962962963,1.0,0.46,0.14209267539523954,5.0","0,0,0"
46.86666666666667,162,AV,0,6,8,0,10,0,0,49,2580.565825479665,0.7,-1.9882828282828282,"0.3836752136752137,0.24684502923976612,0.3446441441441441,0.7,0.49,0.15744069154401974,16.0","0,0,0"
44.05,188,AV,2,2,0,9,1,0,0,69,2436.431929205765,0.3,-0.8009090909090908,"0.5654035087719299,0.3571652542372882,0.44391176470588234,0.3,0.69,0.1486470618368299,10.0","0,0,0"
15.383333333333333,71,AV,1,0,5,2,2,0,0,28,5168.6614957092925,0.3,-0.27969696969696967,"0.11708630952380952,0.14774629629629626,0.23681060606060608,0.3,0.28,0.3153407799974102,7.0","0,0,0"
38.733333333333334,136,AV,1,0,5,4,2,0,0,69,1275.9312017726234,0.1,-0.23474747474747476,"0.5654035087719299,0.3571652542372882,0.44391176470588234,0.1,0.69,0.07784474582520468,7.0","0,0,0"
36.65,220,AV,1,1,7,8,5,0,0,70,802.5586880039084,0.1,-0.22212121212121214,"0.5781531531531532,0.36436549707602345,0.44820085470085474,0.1,0.7,0.04896422079080664,12.0","0,0,0"
64.26666666666667,6,AV,0,6,0,3,8,0,0,65,1509.578116022191,0.2,-0.778989898989899,"0.5332952380952382,0.3390155367231638,0.4221396396396397,0.2,0.65,0.09209957761185,14.0","0,0,0"
13.666666666666666,145,AV,0,9,3,8,2,0,0,29,6007.794801579103,0.1,-0.08282828282828283,"0.12426363636363635,0.151040350877193,0.24275,0.1,0.29,0.3665364234757957,11.0","0,0,0"
27.016666666666666,194,AV,1,2,6,8,3,0,0,52,959.5289757906356,0.1,-0.16373737373737374,"0.4194952380952382,0.2672015151515152,0.3579222222222222,0.1,0.52,0.05854100058731211,9.0","0,0,0"
40.0,231,AV,2,2,1,9,0,0,0,64,2133.445027811215,0.3,-0.7272727272727273,"0.5318423423423422,0.3346930555555556,0.427621212121212,0.3,0.64,0.1301617874782613,9.0","0,0,0"
37.983333333333334,13,AV,1,0,8,8,0,0,0,75,902.2448599555772,0.5,-1.151010101010101,"0.5933870967741935,0.37473994252873566,0.44550000000000006,0.5,0.75,0.05504608845505409,8.0","0,0,0"
39.93333333333333,147,AV,1,2,4,1,7,0,0,76,1279.3396024785957,0.2,-0.484040404040404,"0.617171717171717,0.37999043715846986,0.45827619047619045,0.2,0.76,0.07805269284167253,11.0","0,0,0"
33.583333333333336,297,AV,1,2,5,0,5,0,0,63,950.4213588862824,0.1,-0.20353535353535357,"0.5182984496124031,0.3259090909090909,0.4160585585585585,0.1,0.63,0.05798534357225696,10.0","0,0,0"
34.05,230,AV,1,3,5,8,5,0,0,61,3427.0421228311798,0.2,-0.4127272727272727,"0.4996960784313724,0.320863387978142,0.406186274509804,0.2,0.61,0.20908433198705015,10.0","0,0,0"
39.46666666666667,250,AV,1,1,6,0,12,0,0,90,437.5592869272848,0.3,-0.7175757575757576,"0.6257938596491228,0.3888363095238095,0.4568791666666667,0.3,0.9,0.02669555492254686,18.0","0,0,0"
36.2,157,AV,2,3,1,4,2,0,0,47,2497.1975937909187,0.1,-0.21939393939393945,"0.35544666666666663,0.23863522012578614,0.3289264705882353,0.1,0.47,0.1523543837582307,6.0","0,0,0"
44.016666666666666,84,AV,2,3,0,0,8,0,0,68,4656.548587392589,0.7,-1.8673737373737371,"0.5712990196078431,0.35397199999999995,0.43988172043010754,0.7,0.68,0.28409669792908543,8.0","0,0,0"
10.516666666666667,52,AV,0,6,3,6,2,0,0,23,926.7012599248138,0.5,-0.3186868686868687,"0.08294047619047619,0.13645482866043612,0.236358024691358,0.5,0.23,0.05653817692875852,8.0","0,0,0"
18.483333333333334,14,AV,1,2,5,0,0,0,0,40,1626.914224999384,0.3,-0.33606060606060606,"0.23105158730158729,0.18530107526881723,0.2839939393939394,0.3,0.4,0.09925827046829748,5.0","0,0,0"
34.4,233,AV,1,0,4,3,2,0,0,62,4549.115907877681,0.1,-0.2084848484848485,"0.518508547008547,0.324719298245614,0.41526576576576574,0.1,0.62,0.2775422147261196,6.0","0,0,0"
16.516666666666666,46,AV,1,0,5,2,1,0,0,30,1664.0464513081895,0.6,-0.6006060606060605,"0.14770105820105822,0.16139361702127658,0.2611464646464647,0.6,0.3,0.10152371292704225,6.0","0,0,0"
32.93333333333333,202,AV,0,8,5,5,3,0,0,42,4617.1597275219765,0.1,-0.19959595959595958,"0.26600378787878787,0.20202659574468085,0.29493269230769237,0.1,0.42,0.28169357793271527,11.0","0,0,0"
16.533333333333335,213,AV,1,1,8,0,2,0,0,32,5427.330032863625,0.1,-0.10020202020202021,"0.1560689655172414,0.16456179775280902,0.2622248062015504,0.1,0.32,0.33112218459021436,10.0","0,0,0"
17.116666666666667,285,AV,1,0,6,5,9,0,0,37,1822.2981036688468,0.3,-0.3112121212121212,"0.21308757062146888,0.1797614035087719,0.2725,0.3,0.37,0.11117866896018841,15.0","0,0,0"
46.85,159,AV,0,5,1,8,7,0,0,50,904.859336063587,0.2,-0.5678787878787879,"0.38794907407407403,0.2583687315634218,0.3515121951219512,0.2,0.5,0.05520559801780429,12.0","0,0,0"
57.35,255,AV,0,8,0,4,0,0,0,59,3292.2479258152307,0.1,-0.34757575757575765,"0.4865591397849463,0.30428991596638655,0.38947916666666665,0.1,0.59,0.20086051867263208,8.0","0,0,0"
64.33333333333333,221,AV,0,8,0,0,0,0,0,66,3387.2787239910285,0.2,-0.7797979797979798,"0.5398333333333333,0.34084218289085544,0.41640942028985506,0.2,0.66,0.20665836131437007,8.0","0,0,0"
39.833333333333336,254,AV,0,6,2,2,4,0,0,46,6446.254396158338,0.1,-0.24141414141414144,"0.34464102564102567,0.2310519713261649,0.331062962962963,0.1,0.46,0.39328690629745905,10.0","0,0,0"
15.55,259,AV,0,9,7,1,14,0,0,29,2898.378436294527,0.1,-0.09424242424242425,"0.12426363636363635,0.151040350877193,0.24275,0.1,0.29,0.1768304845630766,23.0","0,0,0"
27.716666666666665,56,AV,0,7,7,3,13,0,0,40,954.0002559944874,0.5,-0.8398989898989898,"0.23105158730158729,0.18530107526881723,0.2839939393939394,0.5,0.4,0.058203692598705815,20.0","0,0,0"
43.18333333333333,219,AV,2,3,0,0,7,0,0,74,1718.6657268339234,0.1,-0.26171717171717174,"0.5810595238095237,0.37063797814207644,0.44572916666666657,0.1,0.74,0.1048560427693963,7.0","0,0,0"
35.71666666666667,153,AV,1,1,8,0,0,0,0,66,5502.789496653042,0.2,-0.43292929292929294,"0.5398333333333333,0.34084218289085544,0.41640942028985506,0.2,0.66,0.3357259773108819,8.0","0,0,0"
17.6,167,AV,1,1,7,3,8,0,0,35,5009.92015912814,0.2,-0.21333333333333335,"0.19102380952380954,0.17150000000000007,0.25753252032520313,0.2,0.35,0.3056559482596602,15.0","0,0,0"
21.3,123,AV,1,1,4,7,6,0,0,42,3778.090807703549,0.3,-0.38727272727272727,"0.26600378787878787,0.20202659574468085,0.29493269230769237,0.3,0.42,0.23050186265656958,10.0","0,0,0"
21.55,217,AV,2,3,0,4,3,0,0,18,1885.557658153182,0.1,-0.13060606060606061,"0.06419135802469135,0.12648290598290599,0.23017521367521365,0.1,0.18,0.1150381434624244,7.0","0,0,0"
14.416666666666666,31,AV,1,1,6,3,3,0,0,22,861.805442805673,0.5,-0.43686868686868685,"0.07566101694915255,0.13345068027210885,0.23276262626262623,0.5,0.22,0.052578873808229655,9.0","0,0,0"
21.85,149,AV,1,2,6,8,4,0,0,43,4934.883137056144,0.4,-0.5296969696969697,"0.2928993710691824,0.21186021505376343,0.30842803030303034,0.4,0.43,0.30107792876882894,10.0","0,0,0"
52.2,114,AV,0,5,5,3,7,0,0,53,3783.636689084741,0.1,-0.3163636363636364,"0.42440000000000005,0.28101377410468326,0.37429914529914543,0.1,0.53,0.23084021767594357,12.0","0,0,0"
25.883333333333333,22,AV,0,5,3,0,0,0,0,39,2193.4249838744518,0.1,-0.15686868686868688,"0.2319423076923077,0.1833741134751773,0.2739545454545455,0.1,0.39,0.1338211732099237,5.0","0,0,0"
35.733333333333334,40,AV,1,1,6,0,0,0,0,67,1659.6531244520008,0.3,-0.6496969696969698,"0.5666979166666667,0.34932485875706215,0.4294541666666666,0.3,0.67,0.1012556754247287,6.0","0,0,0"
14.8,198,AV,1,1,8,9,5,0,0,19,3024.224513765153,0.3,-0.2690909090909091,"0.06591666666666668,0.12862456140350878,0.23372649572649568,0.3,0.19,0.1845083718192154,13.0","0,0,0"
42.2,90,AV,2,3,0,0,9,0,0,63,4662.282088415262,0.7,-1.7903030303030303,"0.5182984496124031,0.3259090909090909,0.4160585585585585,0.7,0.63,0.28444649964972557,9.0","0,0,0"
36.266666666666666,236,AV,0,4,2,6,8,0,0,43,2117.047321722312,0.2,-0.4395959595959596,"0.2928993710691824,0.21186021505376343,0.30842803030303034,0.2,0.43,0.1291613610753066,12.0","0,0,0"
15.133333333333333,142,AV,1,0,5,2,1,0,0,27,5004.1281918097375,0.6,-0.5503030303030303,"0.10664285714285712,0.14834814814814817,0.2475075757575758,0.6,0.27,0.30530257950192263,6.0","0,0,0"
54.15,131,AV,0,9,5,4,7,0,0,54,818.0604611907775,0.1,-0.3281818181818182,"0.4278939393939394,0.280996,0.37031770833333333,0.1,0.54,0.049909986198765396,16.0","0,0,0"
43.233333333333334,67,AV,0,6,1,7,2,0,0,47,4707.821121085941,0.1,-0.26202020202020204,"0.35544666666666663,0.23863522012578614,0.3289264705882353,0.1,0.47,0.28722484257170267,8.0","0,0,0"
10.433333333333334,92,AV,0,5,6,6,4,0,0,25,2622.7149314101284,1.0,-0.6323232323232323,"0.09251436781609197,0.14316349206349205,0.2602654320987654,1.0,0.25,0.16001221454883238,9.0","0,0,0"
64.36666666666666,48,AV,0,5,5,4,7,0,0,67,2034.664800296876,0.1,-0.39010101010101006,"0.5666979166666667,0.34932485875706215,0.4294541666666666,0.1,0.67,0.12413519161421571,12.0","0,0,0"
27.466666666666665,106,AV,0,5,3,6,6,0,0,40,1797.659883656486,0.9,-1.498181818181818,"0.23105158730158729,0.18530107526881723,0.2839939393939394,0.9,0.4,0.10967548761954628,11.0","0,0,0"
34.63333333333333,98,AV,0,5,6,0,1,0,0,42,8493.635575370567,0.1,-0.20989898989898992,"0.26600378787878787,0.20202659574468085,0.29493269230769237,0.1,0.42,0.5181979260151864,6.0","0,0,0"
29.033333333333335,226,AV,1,1,8,0,1,0,0,54,3414.9419898187493,0.4,-0.7038383838383839,"0.4278939393939394,0.280996,0.37031770833333333,0.4,0.54,0.20834610113455965,9.0","0,0,0"
26.216666666666665,43,AV,1,1,5,5,1,0,0,51,2612.3907844155665,0.6,-0.9533333333333333,"0.3983947368421053,0.2648348214285715,0.3660708333333333,0.6,0.51,0.15938233685829767,6.0","0,0,0"
21.983333333333334,152,AV,1,3,4,4,3,0,0,43,968.7072844723906,0.1,-0.13323232323232323,"0.2928993710691824,0.21186021505376343,0.30842803030303034,0.1,0.43,0.05910097051785686,7.0","0,0,0"
49.31666666666667,246,AV,2,0,1,9,5,0,0,78,16390.717038727882,0.2,-0.5977777777777779,"0.6190752688172044,0.3874931693989071,0.46680180180180175,0.2,0.78,1.0,14.0","0,0,0"
37.6,141,AV,2,1,0,8,5,0,0,50,741.34301771214,0.5,-1.1393939393939394,"0.38794907407407403,0.2583687315634218,0.3515121951219512,0.5,0.5,0.045229443956631026,13.0","0,0,0"
6.833333333333333,154,AV,0,7,0,6,13,0,0,18,1552.9853059451273,0.3,-0.12424242424242424,"0.06419135802469135,0.12648290598290599,0.23017521367521365,0.3,0.18,0.09474785650168589,20.0","0,0,0"
35.483333333333334,272,AV,1,1,5,0,4,0,0,64,3361.758609282253,0.5,-1.0752525252525253,"0.5318423423423422,0.3346930555555556,0.427621212121212,0.5,0.64,0.2051013754516725,9.0","0,0,0"
28.783333333333335,19,AV,1,1,5,4,1,0,0,54,2283.7291705859197,0.1,-0.17444444444444446,"0.4278939393939394,0.280996,0.37031770833333333,0.1,0.54,0.13933064460755065,6.0","0,0,0"
48.583333333333336,104,AV,0,6,0,9,4,0,0,50,2667.9339807116767,0.7,-2.0611111111111113,"0.38794907407407403,0.2583687315634218,0.3515121951219512,0.7,0.5,0.1627710352395139,10.0","0,0,0"
24.6,2,AV,1,1,6,0,2,0,0,49,8475.089255911002,0.1,-0.1490909090909091,"0.3836752136752137,0.24684502923976612,0.3446441441441441,0.1,0.49,0.5170664124019781,8.0","0,0,0"
35.266666666666666,283,AV,1,3,8,3,3,0,0,66,913.5589076746268,0.2,-0.4274747474747475,"0.5398333333333333,0.34084218289085544,0.41640942028985506,0.2,0.66,0.05573636013092506,11.0","0,0,0"
36.35,228,AV,1,2,7,8,1,0,0,69,4577.590037133467,0.5,-1.1015151515151516,"0.5654035087719299,0.3571652542372882,0.44391176470588234,0.5,0.69,0.27927942544048356,8.0","0,0,0"
22.333333333333332,125,AV,1,3,6,6,0,0,0,41,5721.231751015957,0.3,-0.406060606060606,"0.24861333333333338,0.19269841269841273,0.2895148809523809,0.3,0.41,0.34905317061467583,6.0","0,0,0"
18.316666666666666,243,AV,1,1,7,8,6,0,0,37,2987.078671303881,0.1,-0.111010101010101,"0.21308757062146888,0.1797614035087719,0.2725,0.1,0.37,0.18224209863705357,13.0","0,0,0"
14.883333333333333,277,AV,1,0,5,2,0,0,0,26,776.0711537761008,0.1,-0.0902020202020202,"0.10321751412429378,0.14765614035087718,0.25430092592592596,0.1,0.26,0.04734821252434563,5.0","0,0,0"
23.5,177,AV,2,2,1,3,5,0,0,26,3971.0791127863904,0.2,-0.28484848484848485,"0.10321751412429378,0.14765614035087718,0.25430092592592596,0.2,0.26,0.2422761068599714,5.0","0,0,0"
19.166666666666668,235,AV,1,0,4,0,2,0,0,40,3159.4556453821087,0.3,-0.3484848484848485,"0.23105158730158729,0.18530107526881723,0.2839939393939394,0.3,0.4,0.19275884257637826,6.0","0,0,0"
21.466666666666665,161,AV,1,3,4,1,5,0,0,42,873.8892656114449,0.1,-0.1301010101010101,"0.26600378787878787,0.20202659574468085,0.29493269230769237,0.1,0.42,0.05331610957267,9.0","0,0,0"
41.733333333333334,258,AV,2,3,0,3,7,0,0,61,1411.5824788559885,0.1,-0.25292929292929295,"0.4996960784313724,0.320863387978142,0.406186274509804,0.1,0.61,0.08612084971759994,7.0","0,0,0"
41.86666666666667,65,AV,2,3,0,0,8,0,0,66,5480.041794665195,0.1,-0.25373737373737376,"0.5398333333333333,0.34084218289085544,0.41640942028985506,0.1,0.66,0.3343381367463661,8.0","0,0,0"
25.616666666666667,122,AV,0,4,1,0,2,0,0,39,2052.607856914241,0.1,-0.15525252525252528,"0.2319423076923077,0.1833741134751773,0.2739545454545455,0.1,0.39,0.12522990007480161,6.0","0,0,0"
31.366666666666667,20,AV,2,2,1,9,1,0,0,45,7336.658338656486,0.2,-0.3802020202020202,"0.3373947368421053,0.2272006472491909,0.3300068027210884,0.2,0.45,0.4476105786782528,10.0","0,0,0"
39.71666666666667,116,AV,2,3,0,0,6,0,0,57,1691.6338586686718,0.1,-0.24070707070707076,"0.46398749999999994,0.29839565217391306,0.39076190476190475,0.1,0.57,0.10320682461125344,6.0","0,0,0"
29.016666666666666,244,AV,1,0,6,2,0,0,0,54,3480.90175047103,0.2,-0.3517171717171717,"0.4278939393939394,0.280996,0.37031770833333333,0.2,0.54,0.2123703156028121,6.0","0,0,0"
