travel_time,id,kind,action,origin,destination,start_time,income,urgency,reward,cost_table
25.383333333333333,47,AV,2,0,0,53,803.0093289227823,3,-6.369704208069778,"0,0,0"
10.916666666666666,151,AV,0,0,0,32,431.5545596554155,10,-5.007434662748214,"0,0,0"
22.3,114,AV,2,0,0,51,3945.348275410578,7,-64.15300685329075,"0,0,0"
30.95,210,AV,2,0,0,65,146.50232543619936,9,-4.250856536484722,"0,0,0"
30.816666666666666,126,AV,0,0,0,74,1770.5778625761595,4,-22.83471158266194,"0,0,0"
12.25,160,AV,2,0,0,33,122.3951650093391,5,-0.7809066517522936,"0,0,0"
31.0,193,AV,1,0,0,74,604.6936383004129,2,-3.905313080690167,"0,0,0"
10.583333333333334,249,AV,1,0,0,30,397.9556521399297,1,-0.4387184706750962,"0,0,0"
22.4,291,AV,1,0,0,52,316.7820495087218,8,-5.913264924162806,"0,0,0"
23.733333333333334,279,AV,1,0,0,54,1034.2754485085857,1,-2.556958747701781,"0,0,0"
23.933333333333334,181,AV,2,0,0,53,304.45215475794447,1,-0.7590161358201533,"0,0,0"
23.85,225,AV,0,0,0,53,2108.112350525404,1,-5.3373416208365505,"0,0,0"
7.1,293,AV,0,0,0,7,1308.8239993104885,2,-2.0359688323134306,"0,0,0"
8.95,174,AV,1,0,0,28,63.21977046916082,6,-0.35363559106186826,"0,0,0"
10.466666666666667,187,AV,1,0,0,29,216.68994521979357,4,-0.9450089277640998,"0,0,0"
9.1,243,AV,0,0,0,25,787.1715220388722,4,-3.0846920210640576,"0,0,0"
11.35,141,AV,1,0,0,33,448.5456012777513,3,-1.5909351795320241,"0,0,0"
34.61666666666667,162,AV,2,0,0,85,530.5096238130133,1,-1.9129661261451885,"0,0,0"
9.066666666666666,131,AV,1,0,0,27,463.5609856948989,10,-4.378075976007379,"0,0,0"
12.666666666666666,120,AV,2,0,0,32,968.3977162602168,2,-2.5554939734644613,"0,0,0"
24.233333333333334,62,AV,2,0,0,52,544.0547443550604,4,-5.493441654807346,"0,0,0"
16.966666666666665,100,AV,0,0,0,43,833.028471638836,1,-1.5722621252228037,"0,0,0"
16.416666666666668,172,AV,2,0,0,42,2533.176014567522,4,-17.3276275996459,"0,0,0"
26.6,63,AV,0,0,0,59,363.9754018210222,4,-4.1340607035163295,"0,0,0"
6.966666666666667,298,AV,0,0,0,20,461.2287786839295,4,-1.4388446492352953,"0,0,0"
11.7,97,AV,0,0,0,33,2225.755620366848,1,-2.8126396623220953,"0,0,0"
29.45,103,AV,2,0,0,62,494.8414322817401,7,-10.626204298425074,"0,0,0"
21.05,117,AV,2,0,0,50,1984.2288670579555,4,-17.403340688154152,"0,0,0"
25.333333333333332,271,AV,2,0,0,55,42.445954508197325,2,-0.2240203154599303,"0,0,0"
21.583333333333332,154,AV,2,0,0,49,3839.265238466288,3,-25.895044186530434,"0,0,0"
18.066666666666666,297,AV,2,0,0,43,294.53721614559083,5,-2.7715133880366363,"0,0,0"
13.766666666666667,158,AV,0,0,0,41,768.8548914264984,2,-2.3051185427718326,"0,0,0"
9.0,52,AV,2,0,0,25,218.4509775743674,2,-0.4095955829519389,"0,0,0"
11.516666666666667,106,AV,1,0,0,34,745.476369685405,3,-2.6829383929823694,"0,0,0"
14.45,170,AV,0,0,0,39,30.054552993917728,8,-0.4619069089684259,"0,0,0"
14.05,128,AV,1,0,0,39,572.4202749773186,1,-0.8377609232740966,"0,0,0"
7.65,211,AV,0,0,0,27,130.78465666521578,1,-0.20421902328009384,"0,0,0"
8.483333333333333,95,AV,0,0,0,25,566.5243744371911,3,-1.6018797218152616,"0,0,0"
21.016666666666666,178,AV,2,0,0,48,492.873449571689,3,-3.237049062030728,"0,0,0"
18.133333333333333,7,AV,2,0,0,44,920.8647338694982,2,-3.4788223279514376,"0,0,0"
19.95,69,AV,1,0,0,46,840.8410612726723,3,-5.242118491371816,"0,0,0"
12.183333333333334,163,AV,0,0,0,36,57.28193915625323,7,-0.6088744490669232,"0,0,0"
14.25,24,AV,0,0,0,42,1328.242730468568,4,-7.986441212157122,"0,0,0"
26.633333333333333,29,AV,2,0,0,57,984.5536619423616,4,-10.925810776277041,"0,0,0"
23.4,179,AV,0,0,0,54,125.63623276935256,4,-1.3249532695011874,"0,0,0"
17.95,214,AV,1,0,0,44,202.1671703328395,9,-3.402094413257314,"0,0,0"
27.683333333333334,283,AV,2,0,0,57,466.6387223384215,5,-6.72818505038297,"0,0,0"
30.0,35,AV,1,0,0,68,2508.862052408416,8,-62.721551310210394,"0,0,0"
19.466666666666665,198,AV,0,0,0,49,783.8794127097556,5,-8.047666267751689,"0,0,0"
27.716666666666665,264,AV,2,0,0,57,5784.369429856904,2,-33.40071653420844,"0,0,0"
25.783333333333335,232,AV,2,0,0,55,77.3205034620968,1,-0.20766461606920789,"0,0,0"
15.383333333333333,146,AV,1,0,0,39,414.8251582270943,2,-1.329457017512528,"0,0,0"
25.016666666666666,28,AV,0,0,0,56,128.9705579675829,1,-0.43608473525927416,"0,0,0"
21.283333333333335,269,AV,2,0,0,50,642.8051709354133,7,-9.975755942693855,"0,0,0"
29.816666666666666,3,AV,1,0,0,65,5031.906310169041,1,-15.628611786271554,"0,0,0"
17.7,182,AV,2,0,0,43,2356.6239767387897,2,-8.690050914224287,"0,0,0"
18.033333333333335,83,AV,2,0,0,43,1394.1294719570767,1,-2.618833487252703,"0,0,0"
12.883333333333333,144,AV,0,0,0,36,343.40004820457364,1,-0.5608476341356518,"0,0,0"
28.533333333333335,148,AV,0,0,0,67,974.2582375089823,6,-17.47427190224352,"0,0,0"
11.35,135,AV,1,0,0,33,2285.8845778904138,7,-18.91807601181181,"0,0,0"
16.916666666666668,102,AV,1,0,0,44,184.70224385738888,1,-0.3254735720750863,"0,0,0"
17.316666666666666,55,AV,2,0,0,39,679.8899681104378,5,-6.131993722801605,"0,0,0"
11.75,15,AV,1,0,0,35,154.2701607479601,1,-0.18882024883213866,"0,0,0"
24.066666666666666,77,AV,1,0,0,52,1962.140690822222,1,-4.918977704075154,"0,0,0"
29.783333333333335,278,AV,0,0,0,69,119.90264734729368,8,-3.07591709457797,"0,0,0"
21.3,156,AV,1,0,0,52,879.4569147307811,2,-3.9025900591178417,"0,0,0"
20.933333333333334,36,AV,2,0,0,48,1476.4370889593283,3,-9.658359290275607,"0,0,0"
21.45,268,AV,1,0,0,50,171.15878971364504,2,-0.7648658415328512,"0,0,0"
20.9,19,AV,1,0,0,49,276.83741534969,2,-1.205396246001775,"0,0,0"
15.85,130,AV,0,0,0,43,1436.3967163814054,3,-7.214652485826648,"0,0,0"
24.983333333333334,167,AV,1,0,0,56,1093.203701105051,6,-17.069920291213247,"0,0,0"
30.266666666666666,22,AV,1,0,0,70,184.16464873139336,9,-5.225671907753287,"0,0,0"
32.016666666666666,201,AV,2,0,0,73,2627.59696502592,5,-43.81609175186451,"0,0,0"
13.766666666666667,219,AV,1,0,0,38,127.88883641009588,1,-0.18339614387975553,"0,0,0"
6.95,236,AV,0,0,0,14,88.88131449909257,4,-0.3573854732369556,"0,0,0"
25.116666666666667,16,AV,0,0,0,56,99.21817886091677,2,-0.6191729011923666,"0,0,0"
25.4,50,AV,2,0,0,54,575.1506531095453,3,-4.565258309057015,"0,0,0"
26.533333333333335,51,AV,0,0,0,60,502.2305276133777,1,-1.488109374931419,"0,0,0"
26.533333333333335,280,AV,1,0,0,58,158.6453765370725,3,-1.3154345804532261,"0,0,0"
21.266666666666666,202,AV,1,0,0,51,5817.004719747628,1,-12.88628128888537,"0,0,0"
31.266666666666666,101,AV,0,0,0,71,399.1768206980226,5,-6.600483642617104,"0,0,0"
31.666666666666668,30,AV,1,0,0,85,751.2181641591902,1,-2.4779765831639957,"0,0,0"
25.45,85,AV,0,0,0,58,409.2186221552265,1,-1.1848556181094285,"0,0,0"
14.05,42,AV,1,0,0,38,399.2352950386727,3,-1.7528924672791728,"0,0,0"
20.383333333333333,205,AV,1,0,0,49,1007.7329331621582,1,-2.139682946627291,"0,0,0"
18.883333333333333,272,AV,0,0,0,48,41.97637947099244,2,-0.26513624284942516,"0,0,0"
21.9,149,AV,1,0,0,52,1479.2287287157783,2,-6.748981074765738,"0,0,0"
22.183333333333334,224,AV,2,0,0,51,2272.1000265325147,1,-5.250286693254822,"0,0,0"
25.033333333333335,221,AV,2,0,0,54,354.44326488984905,3,-2.7727801242945485,"0,0,0"
21.316666666666666,287,AV,0,0,0,50,313.48458442864603,1,-0.796088165771247,"0,0,0"
9.916666666666666,230,AV,2,0,0,25,1058.1013598754355,7,-7.6510280622937294,"0,0,0"
17.15,79,AV,0,0,0,44,663.4811418636766,1,-1.2852814148918807,"0,0,0"
14.716666666666667,285,AV,0,0,0,42,158.9425618344063,9,-2.2929106578090743,"0,0,0"
14.466666666666667,195,AV,2,0,0,35,117.59086405300458,1,-0.17720289930209718,"0,0,0"
29.8,137,AV,2,0,0,63,107.2916859288986,2,-0.6661025501419121,"0,0,0"
21.016666666666666,169,AV,2,0,0,49,3870.517680646302,3,-25.420431225494717,"0,0,0"
29.916666666666668,166,AV,0,0,0,65,871.3191239918823,4,-10.96123491364881,"0,0,0"
28.2,108,AV,0,0,0,64,31.53579693808168,6,-0.6558184210336896,"0,0,0"
12.75,228,AV,2,0,0,35,3330.4760607564044,2,-8.846577036384199,"0,0,0"
14.983333333333333,161,AV,2,0,0,37,130.8620224974598,4,-0.8169788765640025,"0,0,0"
24.25,111,AV,2,0,0,53,971.3026994406453,10,-24.5355108973288,"0,0,0"
9.883333333333333,223,AV,1,0,0,31,8339.102086219797,5,-42.92610709312794,"0,0,0"
31.566666666666666,244,AV,0,0,0,85,327.9812238700901,1,-1.1784660382117198,"0,0,0"
18.95,20,AV,1,0,0,46,329.1128778114398,2,-1.2993102155264131,"0,0,0"
7.85,242,AV,1,0,0,20,531.1705685276233,2,-0.8686852006128839,"0,0,0"
19.616666666666667,290,AV,2,0,0,45,820.6009539766088,4,-6.707273075211588,"0,0,0"
14.266666666666667,38,AV,2,0,0,36,1499.775561030469,2,-4.4576662508405605,"0,0,0"
17.366666666666667,76,AV,2,0,0,42,840.3276238214532,3,-4.560528041781012,"0,0,0"
33.05,252,AV,2,0,0,78,787.2966827284853,3,-8.131298551305136,"0,0,0"
26.116666666666667,80,AV,1,0,0,57,240.04515875028883,6,-3.918237122517735,"0,0,0"
24.516666666666666,98,AV,0,0,0,56,141.49505089766882,1,-0.4613528122751229,"0,0,0"
29.95,265,AV,1,0,0,66,2342.96246273936,4,-29.23821906626826,"0,0,0"
15.066666666666666,31,AV,0,0,0,43,1722.8772063303056,1,-2.803960059935063,"0,0,0"
19.266666666666666,61,AV,2,0,0,44,591.9373343809685,3,-3.563956034085414,"0,0,0"
15.45,92,AV,0,0,0,42,108.0200955086696,1,-0.2738448412092651,"0,0,0"
28.75,68,AV,0,0,0,64,1984.527452647332,1,-6.043246277459458,"0,0,0"
14.416666666666666,234,AV,2,0,0,37,589.8964011874154,4,-3.543474909910516,"0,0,0"
25.366666666666667,27,AV,0,0,0,56,310.4321718130521,10,-8.302738984365718,"0,0,0"
28.166666666666668,65,AV,0,0,0,63,1123.745243340676,4,-13.288399036428768,"0,0,0"
24.466666666666665,0,AV,1,0,0,55,169.82949868332335,6,-2.5969760840324856,"0,0,0"
29.9,180,AV,0,0,0,71,478.5239287445675,4,-6.06161061227607,"0,0,0"
15.1,197,AV,0,0,0,43,2497.032767507091,10,-39.376244572246954,"0,0,0"
24.616666666666667,296,AV,1,0,0,54,1951.0074674158752,3,-15.008531402985668,"0,0,0"
16.533333333333335,257,AV,1,0,0,43,50.01254647187068,3,-0.25839815677133193,"0,0,0"
11.05,207,AV,2,0,0,29,4600.328226155114,4,-21.180677874589172,"0,0,0"
31.033333333333335,123,AV,1,0,0,72,1784.5292360016556,1,-5.76873860665813,"0,0,0"
30.583333333333332,11,AV,2,0,0,62,5418.173617588036,5,-86.3051092732122,"0,0,0"
11.683333333333334,99,AV,1,0,0,34,1368.7940705071314,2,-3.331682789671872,"0,0,0"
25.333333333333332,125,AV,0,0,0,55,344.4638177112048,4,-3.736006964729384,"0,0,0"
30.05,124,AV,1,0,0,63,4571.829841275072,2,-28.621559735482485,"0,0,0"
17.8,209,AV,1,0,0,44,2081.2855425767225,9,-34.73145249174906,"0,0,0"
12.316666666666666,33,AV,0,0,0,36,62.02784652287068,7,-0.657066059136823,"0,0,0"
18.116666666666667,105,AV,1,0,0,46,202.2958965901006,1,-0.3817632631830544,"0,0,0"
19.466666666666665,119,AV,2,0,0,46,441.87767076878,2,-1.7920594425622742,"0,0,0"
18.916666666666668,288,AV,2,0,0,45,2014.3195486686295,5,-19.845943469955685,"0,0,0"
14.983333333333333,270,AV,2,0,0,37,590.9041825532863,1,-0.922261909922577,"0,0,0"
20.733333333333334,87,AV,0,0,0,50,162.5748283320654,2,-0.8022329390454492,"0,0,0"
27.75,203,AV,0,0,0,60,1177.4513766715168,3,-10.310711157073309,"0,0,0"
16.583333333333332,53,AV,0,0,0,44,67.80233451553863,1,-0.2171238243801405,"0,0,0"
21.0,258,AV,1,0,0,47,1169.4570636721417,2,-5.11637465356562,"0,0,0"
19.9,107,AV,2,0,0,44,239.0179087759181,4,-1.9818568269336543,"0,0,0"
9.05,70,AV,0,0,0,28,776.9842538847105,1,-0.832469531005899,"0,0,0"
18.866666666666667,133,AV,1,0,0,46,4563.469026318328,5,-44.842421335003024,"0,0,0"
17.716666666666665,66,AV,1,0,0,44,204.67968930853365,7,-2.6441346669180534,"0,0,0"
29.083333333333332,34,AV,2,0,0,60,785.2592791792863,6,-14.273723355915152,"0,0,0"
16.733333333333334,25,AV,0,0,0,44,120.02031408549192,9,-1.9828186772161547,"0,0,0"
17.25,82,AV,1,0,0,43,230.41444288986912,1,-0.41402595206773357,"0,0,0"
9.816666666666666,159,AV,1,0,0,30,365.91587512908507,2,-0.7483487862883024,"0,0,0"
10.983333333333333,284,AV,2,0,0,31,320.06022134041564,2,-0.7323600203587983,"0,0,0"
18.783333333333335,150,AV,0,0,0,47,739.770865126007,1,-1.5474336197864758,"0,0,0"
14.35,231,AV,0,0,0,40,61.15000286461345,1,-0.19140651469866699,"0,0,0"
31.4,59,AV,2,0,0,66,734.9413774948675,1,-2.403870755556129,"0,0,0"
10.583333333333334,246,AV,1,0,0,31,15616.341960789872,1,-17.215932543579115,"0,0,0"
10.733333333333333,165,AV,0,0,0,34,575.6795480601505,4,-2.674566867713451,"0,0,0"
32.21666666666667,217,AV,2,0,0,72,10811.962905776472,2,-72.56779269745111,"0,0,0"
24.583333333333332,143,AV,1,0,0,54,38.6447498905098,7,-0.6927205601033224,"0,0,0"
15.4,263,AV,1,0,0,40,382.0774493090788,1,-0.6129159082666472,"0,0,0"
21.916666666666668,289,AV,2,0,0,48,2784.710072629219,3,-19.072363257851165,"0,0,0"
20.866666666666667,261,AV,2,0,0,45,84.2883779482098,1,-0.18321015484576159,"0,0,0"
15.916666666666666,239,AV,2,0,0,41,838.3186745101701,5,-6.9496035951146915,"0,0,0"
26.866666666666667,41,AV,0,0,0,59,246.2791552282016,2,-1.4784791605134062,"0,0,0"
25.783333333333335,14,AV,0,0,0,57,841.5283253803161,7,-15.921024714485144,"0,0,0"
12.716666666666667,240,AV,1,0,0,35,1718.1908826036183,1,-2.2760063253933347,"0,0,0"
32.06666666666667,185,AV,1,0,0,75,587.645010447796,4,-7.851590278483054,"0,0,0"
32.083333333333336,139,AV,0,0,0,98,1626.375456099421,1,-5.535369362832266,"0,0,0"
13.066666666666666,9,AV,1,0,0,35,550.6946902367042,4,-2.9982266468442784,"0,0,0"
20.066666666666666,49,AV,0,0,0,51,613.3437180047252,1,-1.382058743884877,"0,0,0"
27.8,132,AV,1,0,0,60,328.6895059211862,1,-0.951830027563435,"0,0,0"
21.333333333333332,8,AV,1,0,0,49,767.3976080113814,3,-5.115984053409209,"0,0,0"
28.616666666666667,164,AV,0,0,0,63,152.23574492873516,1,-0.5537999549351359,"0,0,0"
13.3,21,AV,0,0,0,38,126.7061241991229,1,-0.27554077623420153,"0,0,0"
14.1,104,AV,2,0,0,34,1264.489952586864,1,-1.8572196178619564,"0,0,0"
10.45,277,AV,1,0,0,31,143.90331408704745,3,-0.4699342600655143,"0,0,0"
21.216666666666665,168,AV,2,0,0,47,521.1431683421774,4,-4.607050370136054,"0,0,0"
9.916666666666666,204,AV,2,0,0,15,388.2431385130586,2,-0.8020995396363537,"0,0,0"
26.683333333333334,136,AV,2,0,0,55,1378.109706782255,2,-7.660950140827744,"0,0,0"
7.033333333333333,281,AV,0,0,0,20,4342.703629303418,3,-9.644900685239802,"0,0,0"
10.55,84,AV,0,0,0,30,269.8898673920239,1,-0.396597718852693,"0,0,0"
31.95,57,AV,1,0,0,74,156.28310263609694,1,-0.5201297009607602,"0,0,0"
21.083333333333332,191,AV,2,0,0,47,341.5752338740841,1,-0.7501608868936048,"0,0,0"
27.15,140,AV,1,0,0,56,229.3862477303203,1,-0.648732981862312,"0,0,0"
14.033333333333333,213,AV,0,0,0,41,3393.532030022936,3,-14.98205192332975,"0,0,0"
20.766666666666666,260,AV,2,0,0,46,45.71626857969611,2,-0.19778635642465747,"0,0,0"
25.716666666666665,171,AV,0,0,0,57,4238.798478728168,1,-11.454975785898549,"0,0,0"
27.65,26,AV,2,0,0,58,105.23872167264082,6,-1.8186566589053244,"0,0,0"
31.683333333333334,157,AV,2,0,0,66,620.7469369732364,2,-4.097360858285148,"0,0,0"
8.416666666666666,113,AV,1,0,0,25,81.98663065503159,6,-0.4312838383415724,"0,0,0"
31.483333333333334,138,AV,1,0,0,83,4444.7577609881455,4,-58.306579239629215,"0,0,0"
27.316666666666666,110,AV,2,0,0,57,1232.1562192983529,3,-10.51825022619792,"0,0,0"
9.066666666666666,109,AV,1,0,0,21,546.6401053205255,2,-1.0325424211609928,"0,0,0"
13.0,238,AV,2,0,0,32,2429.416152827149,3,-9.869503120860292,"0,0,0"
28.35,39,AV,2,0,0,60,12228.630986459028,1,-36.112675881886815,"0,0,0"
17.616666666666667,56,AV,1,0,0,45,3342.4645675180427,2,-12.267309193981148,"0,0,0"
30.55,118,AV,0,0,0,76,5591.319420847654,1,-17.893209198634985,"0,0,0"
31.716666666666665,155,AV,0,0,0,79,356.59471322411,7,-8.346871831351335,"0,0,0"
17.233333333333334,254,AV,0,0,0,45,1704.9720883013536,5,-15.4033085008993,"0,0,0"
10.716666666666667,194,AV,1,0,0,31,553.5870920623378,9,-5.5618203155638,"0,0,0"
20.666666666666668,93,AV,1,0,0,48,76.40640328900129,1,-0.16448600708048888,"0,0,0"
23.616666666666667,251,AV,0,0,0,55,1201.0672562607265,3,-8.964126573549215,"0,0,0"
10.85,173,AV,2,0,0,29,740.6719232962039,3,-2.5113407399261907,"0,0,0"
20.2,294,AV,2,0,0,46,742.687316527077,5,-7.813689475961956,"0,0,0"
19.45,220,AV,2,0,0,46,243.3250085368373,2,-0.9859732116753094,"0,0,0"
21.533333333333335,6,AV,0,0,0,52,144.4229375488867,9,-3.015538051768151,"0,0,0"
32.38333333333333,190,AV,0,0,0,78,169.7890214745277,2,-1.2454863497396087,"0,0,0"
12.666666666666666,37,AV,0,0,0,35,204.1141987594573,5,-1.4465867279269753,"0,0,0"
24.05,122,AV,1,0,0,53,128.5262902949931,1,-0.3219851334994358,"0,0,0"
28.266666666666666,90,AV,0,0,0,61,150.17494538557966,1,-0.5421817836353179,"0,0,0"
10.983333333333333,134,AV,2,0,0,25,1644.3864154481514,2,-3.762675860348374,"0,0,0"
25.316666666666666,45,AV,2,0,0,53,930.7756720309033,1,-2.4545976489842745,"0,0,0"
8.383333333333333,188,AV,0,0,0,27,131.58589862126638,5,-0.6745460677647308,"0,0,0"
18.1,229,AV,1,0,0,45,4152.796729507043,1,-7.829752167091405,"0,0,0"
11.466666666666667,1,AV,0,0,0,32,903.7762074279464,3,-3.3385314099501415,"0,0,0"
25.2,286,AV,2,0,0,54,425.3170040894976,4,-4.465828542939724,"0,0,0"
31.616666666666667,247,AV,1,0,0,80,33.11520495706996,10,-1.0906170799229464,"0,0,0"
26.916666666666668,216,AV,1,0,0,58,7023.139561346669,10,-196.9161526315082,"0,0,0"
29.016666666666666,196,AV,2,0,0,60,133.4659453520906,8,-3.2272807063609688,"0,0,0"
12.9,17,AV,2,0,0,34,1234.7290522409355,3,-4.977501491846271,"0,0,0"
27.4,78,AV,0,0,0,60,121.1666687229946,3,-1.1374896009406412,"0,0,0"
16.183333333333334,250,AV,0,0,0,43,50.872414683210096,2,-0.27151775922707294,"0,0,0"
28.316666666666666,184,AV,1,0,0,57,787.2200490673971,6,-13.93215482672404,"0,0,0"
23.85,299,AV,0,0,0,55,4247.155666038457,7,-73.96069150470004,"0,0,0"
10.383333333333333,245,AV,2,0,0,28,982.5207652205596,2,-2.1253834608764186,"0,0,0"
23.2,222,AV,2,0,0,52,1339.7830062072046,2,-6.475617863334822,"0,0,0"
28.883333333333333,18,AV,1,0,0,64,2991.533314975396,10,-90.00568116063128,"0,0,0"
27.15,89,AV,1,0,0,57,985.1950096193456,4,-11.145018546318845,"0,0,0"
11.7,129,AV,1,0,0,34,643.7584247618538,1,-0.7845805801785093,"0,0,0"
15.083333333333334,276,AV,2,0,0,37,399.9419958738322,4,-2.513524349068182,"0,0,0"
30.016666666666666,64,AV,2,0,0,61,1051.5706190831222,3,-9.863951484211993,"0,0,0"
7.883333333333334,152,AV,0,0,0,22,25.103227889057084,1,-0.12061428262417362,"0,0,0"
19.116666666666667,241,AV,0,0,0,48,969.3554624124304,2,-3.960592761760617,"0,0,0"
21.716666666666665,266,AV,0,0,0,52,486.7193299844117,1,-1.2010334843223756,"0,0,0"
8.566666666666666,60,AV,0,0,0,21,5573.388120572773,2,-10.046949631855574,"0,0,0"
30.633333333333333,10,AV,2,0,0,64,448.9262267831581,4,-5.730044477968365,"0,0,0"
10.5,127,AV,1,0,0,30,1755.0673304888326,2,-3.839209785444321,"0,0,0"
12.8,81,AV,1,0,0,38,298.9580017115728,3,-1.1958320068462913,"0,0,0"
16.416666666666668,192,AV,0,0,0,43,320.7965168913313,1,-0.6485843214200718,"0,0,0"
8.4,4,AV,1,0,0,17,1116.1541548808557,6,-5.859809313124493,"0,0,0"
30.1,183,AV,1,0,0,68,322.6904118347526,2,-2.023537790880428,"0,0,0"
23.2,116,AV,1,0,0,53,99.48363440118514,1,-0.24041878313619744,"0,0,0"
15.7,32,AV,2,0,0,41,6889.440575807377,1,-11.267105941684981,"0,0,0"
13.316666666666666,72,AV,2,0,0,34,1361.9532728152676,4,-7.556949062356937,"0,0,0"
34.916666666666664,273,AV,2,0,0,84,6424.431240070765,10,-233.6663793046571,"0,0,0"
23.45,44,AV,2,0,0,51,6548.308069009755,1,-15.995606689404037,"0,0,0"
31.216666666666665,176,AV,0,0,0,76,3513.7273179884605,1,-11.52571400450067,"0,0,0"
28.933333333333334,46,AV,0,0,0,64,831.0610558222916,9,-22.642531139179663,"0,0,0"
14.016666666666667,235,AV,1,0,0,39,14168.539128501588,7,-144.80935737758483,"0,0,0"
22.933333333333334,295,AV,1,0,0,52,839.0520067047356,2,-4.008804032033737,"0,0,0"
15.133333333333333,58,AV,2,0,0,35,934.9678973273412,4,-5.895492019258514,"0,0,0"
23.983333333333334,200,AV,0,0,0,55,139.4956714174783,4,-1.493987994234384,"0,0,0"
25.133333333333333,262,AV,1,0,0,53,290.67393591175164,1,-0.7610005127689609,"0,0,0"
10.25,96,AV,1,0,0,27,870.9853842808059,4,-3.7198334120326084,"0,0,0"
20.75,212,AV,1,0,0,50,3495.7009103258133,2,-15.111623726929297,"0,0,0"
27.8,275,AV,2,0,0,56,186.6225394776352,8,-4.3234221645652156,"0,0,0"
9.883333333333333,94,AV,2,0,0,21,1462.3702856022126,2,-3.011061039451778,"0,0,0"
24.45,186,AV,1,0,0,53,1104.8145737821612,2,-5.627649235202883,"0,0,0"
31.483333333333334,215,AV,2,0,0,66,322.451279720292,2,-2.1149669006653875,"0,0,0"
20.466666666666665,218,AV,2,0,0,47,387.6402231137188,1,-0.8264274201104975,"0,0,0"
26.35,88,AV,0,0,0,58,286.0845869045144,2,-1.6704851801945741,"0,0,0"
33.71666666666667,226,AV,2,0,0,91,348.01184625473115,1,-1.222270772523127,"0,0,0"
26.6,256,AV,1,0,0,57,58.07880344506588,4,-0.6437067381828135,"0,0,0"
15.25,67,AV,1,0,0,42,345.48044692546824,1,-0.5488100849597282,"0,0,0"
32.75,189,AV,2,0,0,77,8213.476830708638,2,-56.039867959522475,"0,0,0"
27.766666666666666,75,AV,0,0,0,61,21.71863738525853,5,-0.4140907107972285,"0,0,0"
9.183333333333334,259,AV,1,0,0,27,2370.492766377288,2,-4.53521359122877,"0,0,0"
16.516666666666666,54,AV,2,0,0,42,655.51268473851,9,-10.150204227747865,"0,0,0"
19.233333333333334,23,AV,1,0,0,47,562.3433560323172,2,-2.2532785863239377,"0,0,0"
21.433333333333334,147,AV,2,0,0,47,234.81639136300288,2,-1.0485204142111864,"0,0,0"
31.85,248,AV,1,0,0,98,638.6125852208626,3,-6.356190887276398,"0,0,0"
12.166666666666666,206,AV,1,0,0,35,7909.367438840313,1,-10.024024705474703,"0,0,0"
30.416666666666668,282,AV,1,0,0,65,107.53285984632323,1,-0.340707411839479,"0,0,0"
11.583333333333334,253,AV,0,0,0,33,274.97032832890176,1,-0.43177843435518537,"0,0,0"
18.116666666666667,145,AV,2,0,0,43,326.6611525075772,1,-0.6164595013467646,"0,0,0"
27.05,73,AV,1,0,0,58,389.8623022518242,8,-8.788146063259871,"0,0,0"
33.15,292,AV,2,0,0,74,178.27480847600162,1,-0.6156051980186932,"0,0,0"
27.85,2,AV,0,0,0,62,1242.0870586589915,4,-14.513385243188713,"0,0,0"
21.016666666666666,91,AV,2,0,0,48,180.2658763709112,1,-0.3946445661522899,"0,0,0"
31.9,274,AV,0,0,0,76,512.3637038941168,2,-3.505083782129651,"0,0,0"
14.366666666666667,112,AV,1,0,0,40,1884.8122502233111,3,-8.462021665065075,"0,0,0"
30.466666666666665,233,AV,1,0,0,70,1301.0825687704812,1,-4.129130096722985,"0,0,0"
19.466666666666665,237,AV,1,0,0,47,156.0854553140887,3,-0.9495198531607063,"0,0,0"
17.75,199,AV,0,0,0,47,307.33066099339686,2,-1.2364831734651656,"0,0,0"
22.616666666666667,43,AV,0,0,0,53,1088.2969295046496,1,-2.663921759267031,"0,0,0"
13.833333333333334,208,AV,2,0,0,35,1310.5294239370548,4,-7.553745985192747,"0,0,0"
29.416666666666668,255,AV,2,0,0,62,99.4900475674065,1,-0.3048609964522092,"0,0,0"
17.316666666666666,153,AV,2,0,0,41,386.6869563383244,3,-2.0925403522683284,"0,0,0"
12.583333333333334,71,AV,2,0,0,31,1869.627827656473,1,-2.450640642153884,"0,0,0"
22.966666666666665,121,AV,2,0,0,52,50.6389294692178,3,-0.36343981671136527,"0,0,0"
24.783333333333335,267,AV,0,0,0,55,559.3387450451584,1,-1.5439873504898447,"0,0,0"
6.616666666666666,142,AV,0,0,0,14,116.62531716200566,1,-0.18038238005784069,"0,0,0"
14.6,86,AV,0,0,0,42,109.14368072439174,1,-0.26598934776834576,"0,0,0"
25.433333333333334,175,AV,2,0,0,52,504.0935527256924,1,-1.3354978497559142,"0,0,0"
22.016666666666666,74,AV,0,0,0,52,811.9223311028298,2,-3.8241298589820767,"0,0,0"
29.1,40,AV,2,0,0,62,200.6451523577608,4,-2.4328224723378495,"0,0,0"
23.983333333333334,177,AV,2,0,0,52,402.8749697044063,2,-2.0129759770994466,"0,0,0"
21.85,12,AV,0,0,0,51,111.4275735234741,1,-0.35361380015499055,"0,0,0"
33.61666666666667,227,AV,2,0,0,81,147.02502399415226,4,-2.0593713430292024,"0,0,0"
15.1,115,AV,1,0,0,41,6720.448741009474,2,-21.14141166442564,"0,0,0"
11.333333333333334,5,AV,2,0,0,28,1066.6484358774574,1,-1.2592377367997762,"0,0,0"
27.716666666666665,48,AV,0,0,0,61,93.91214091978802,1,-0.371138698523624,"0,0,0"
32.416666666666664,13,AV,2,0,0,68,811.7618276102137,7,-19.187738338390727,"0,0,0"
