travel_time,id,kind,action,bid_route_0,bid_route_1,bid_route_2,karma_balance,origin,destination,start_time,income,urgency,reward
18.866666666666667,242,AV,1,3,7,1,1,0,0,47,3131.512437779759,0.4,-11.563708086785011
25.133333333333333,296,AV,1,3,6,3,2,0,0,59,6130.868263041086,0.5,-15.371794871794872
112.16666666666667,162,AV,0,6,4,5,0,0,0,66,2043.1688306873104,0.4,-66.770808678501
32.88333333333333,90,AV,1,2,8,3,5,0,0,86,975.0940381265832,0.6,-20.05759368836292
85.56666666666666,234,AV,0,6,5,7,2,0,0,56,892.1845339920479,0.2,-50.831163708086784
75.08333333333333,12,AV,0,9,5,3,8,0,0,53,2580.565825479665,0.1,-44.52800788954635
17.166666666666668,6,AV,0,4,6,3,8,0,0,25,3523.1638559153366,0.1,-10.257790927021697
20.816666666666666,121,AV,2,2,2,6,8,0,0,44,1573.7150367511856,0.2,-12.517554240631164
22.45,67,AV,1,0,5,3,5,0,0,55,2137.1188228190404,0.4,-13.684023668639053
36.483333333333334,141,AV,0,4,1,4,3,0,0,37,2891.134206742707,0.4,-21.98777120315582
10.533333333333333,218,AV,0,5,1,3,8,0,0,22,5702.891177591027,0.1,-6.3327416173570015
17.75,128,AV,1,1,4,2,14,0,0,46,753.5670156580491,0.4,-10.902958579881657
106.75,84,AV,0,5,6,1,7,0,0,63,2255.9253983027734,0.1,-63.26568047337278
29.55,298,AV,1,2,4,0,1,0,0,68,4381.240268036911,0.2,-17.685207100591715
35.266666666666666,139,AV,2,0,3,1,15,0,0,80,904.859336063587,0.9,-21.767850098619327
15.683333333333334,285,AV,1,0,9,2,9,0,0,40,2927.9701715656583,0.3,-9.580078895463512
26.783333333333335,38,AV,2,2,3,7,0,0,0,58,13079.31179296209,0.3,-16.148126232741618
21.25,100,AV,1,2,8,2,3,0,0,52,4889.272753955773,0.8,-13.37396449704142
13.816666666666666,69,AV,1,2,4,2,12,0,0,39,3608.770587345788,1.0,-9.175542406311637
33.03333333333333,226,AV,0,5,8,6,4,0,0,35,3758.845856207275,0.1,-19.646351084812625
22.15,78,AV,1,2,5,3,5,0,0,54,9667.367812467324,0.1,-13.206508875739644
117.4,56,AV,0,6,4,4,1,0,0,67,5427.330032863625,0.2,-69.66745562130178
32.5,17,AV,1,2,8,2,0,0,0,77,2347.541384251396,0.1,-19.33076923076923
33.81666666666667,208,AV,2,2,1,1,17,0,0,68,9280.176126726552,0.1,-20.10986193293886
11.866666666666667,178,AV,1,2,4,7,6,0,0,33,2239.257430619588,0.4,-7.421696252465484
24.25,135,AV,0,5,9,2,5,0,0,31,4925.450001742355,0.3,-14.649112426035504
48.85,11,AV,0,5,6,4,16,0,0,41,2964.6777926145683,0.5,-29.405325443786985
112.15,7,AV,0,4,4,0,3,0,0,66,8139.327108000771,0.1,-66.46094674556213
35.65,260,AV,2,1,2,0,12,0,0,93,5611.673516276995,0.1,-21.19467455621302
9.516666666666667,290,AV,1,2,4,2,5,0,0,23,1963.0347272178835,0.4,-6.031163708086786
61.083333333333336,32,AV,0,4,3,7,4,0,0,48,4617.971391102537,0.2,-36.3439842209073
14.033333333333333,25,AV,1,3,7,6,21,0,0,39,2436.431929205765,0.2,-8.503747534516764
120.85,248,AV,0,7,2,1,3,0,0,70,1830.3424648913517,0.3,-71.80887573964496
20.433333333333334,289,AV,2,3,2,4,2,0,0,43,1434.2863071033526,0.1,-12.190729783037476
97.83333333333333,264,AV,0,5,6,1,1,0,0,61,13430.196447392702,0.4,-58.28954635108481
28.866666666666667,75,AV,2,2,2,3,5,0,0,61,2991.769966736588,0.4,-17.48086785009862
16.433333333333334,281,AV,2,2,0,2,8,0,0,38,1661.9571573900298,0.2,-9.923865877712032
91.01666666666667,203,AV,0,9,3,5,0,0,0,57,20239.22920549412,0.6,-54.4560157790927
54.0,164,AV,0,7,4,1,5,0,0,45,3520.054626539052,0.1,-32.05266272189349
25.95,175,AV,0,8,7,4,1,0,0,32,4754.245589533712,0.6,-15.955029585798817
18.933333333333334,157,AV,0,7,7,1,8,0,0,26,7958.958807233507,0.1,-11.303155818540434
113.75,47,AV,0,4,3,5,2,0,0,66,1848.7234685638712,0.1,-67.4076923076923
23.416666666666668,46,AV,1,1,7,0,1,0,0,55,636.6552097563458,0.2,-14.056015779092702
125.81666666666666,24,AV,0,8,9,5,2,0,0,74,586.8516376274475,0.6,-75.04773175542405
90.88333333333334,154,AV,0,4,1,0,3,0,0,57,861.805442805673,0.2,-53.977120315581864
29.566666666666666,183,AV,2,3,1,7,9,0,0,64,1799.695682844959,0.4,-17.89506903353057
32.96666666666667,27,AV,0,6,0,2,21,0,0,36,3230.862018062417,0.3,-19.8069033530572
30.5,227,AV,1,2,4,0,1,0,0,75,1011.0784796502788,0.5,-18.54733727810651
87.33333333333333,297,AV,0,7,2,1,2,0,0,56,2486.38103050259,0.2,-51.87652859960552
113.71666666666667,194,AV,0,5,6,1,1,0,0,66,1205.4292211271013,0.2,-67.4879684418146
19.383333333333333,76,AV,1,2,4,2,2,0,0,48,1447.5744631551047,0.8,-12.269428007889546
8.716666666666667,21,AV,1,0,9,0,10,0,0,23,5985.732437913218,0.4,-5.5577909270216965
40.05,171,AV,0,4,2,0,10,0,0,38,2034.664800296876,0.5,-24.198224852071004
115.51666666666667,286,AV,0,9,3,8,2,0,0,66,8326.33528790118,0.3,-68.65305719921105
21.633333333333333,13,AV,1,2,4,2,3,0,0,53,5009.92015912814,0.2,-13.000788954635109
9.566666666666666,284,AV,1,0,8,7,6,0,0,23,3531.3895067900216,0.1,-5.760749506903353
131.18333333333334,91,AV,0,4,7,4,10,0,0,84,3458.1247672483346,0.3,-77.9232741617357
19.1,279,AV,0,8,2,0,5,0,0,26,4843.3187157075145,0.1,-11.401775147928994
25.916666666666668,23,AV,1,2,4,0,1,0,0,61,632.5893922142865,0.9,-16.235305719921104
17.016666666666666,222,AV,0,5,0,7,5,0,0,26,1822.2981036688468,0.2,-10.269033530571992
11.183333333333334,223,AV,1,3,5,6,2,0,0,29,1659.6531244520008,0.2,-6.817357001972387
31.083333333333332,1,AV,0,4,0,4,4,0,0,34,1546.5147326922538,0.5,-18.89250493096647
28.716666666666665,87,AV,2,0,2,2,6,0,0,63,600.3305173079323,0.2,-17.192110453648915
64.45,145,AV,0,5,3,2,3,0,0,49,1782.711710770346,0.1,-38.23609467455622
28.133333333333333,249,AV,1,2,4,0,1,0,0,66,3197.7177395395383,0.3,-16.946942800788957
34.65,64,AV,0,4,3,3,12,0,0,36,4934.883137056144,0.4,-20.902958579881656
62.65,282,AV,0,5,9,3,10,0,0,48,3534.445695738256,0.8,-37.87100591715976
29.6,81,AV,1,2,8,4,3,0,0,68,3628.2404526711953,0.1,-17.614792899408286
17.483333333333334,273,AV,1,2,4,2,17,0,0,45,1836.592480640456,0.3,-10.645167652859962
22.116666666666667,159,AV,1,2,8,2,3,0,0,53,2241.037238818388,0.8,-13.886785009861935
15.15,206,AV,2,0,0,2,13,0,0,35,6778.2755320215965,0.9,-9.864497041420119
13.666666666666666,278,AV,1,2,4,2,2,0,0,38,658.4091024775607,0.2,-8.286785009861932
96.21666666666667,96,AV,0,6,3,1,10,0,0,59,736.5379020629116,0.2,-57.132938856015784
34.53333333333333,213,AV,2,0,1,3,5,0,0,77,3236.647802754315,1.0,-21.433925049309664
27.85,245,AV,1,2,6,2,0,0,0,65,10721.15711953896,0.1,-16.579289940828406
22.266666666666666,60,AV,2,1,2,9,0,0,0,50,2818.3733061874163,0.1,-13.275542406311637
99.53333333333333,122,AV,0,5,5,3,0,0,0,62,2250.3510049999354,0.2,-59.09546351084813
32.333333333333336,193,AV,1,0,8,2,6,0,0,81,4818.617258984985,0.2,-19.33214990138067
30.733333333333334,36,AV,1,1,5,4,5,0,0,75,5912.288420941998,0.1,-18.285404339250494
57.53333333333333,270,AV,0,4,0,2,10,0,0,46,8134.997760071039,0.1,-34.143392504930965
75.13333333333334,133,AV,0,5,7,4,3,0,0,53,8480.737499651503,0.1,-44.55759368836293
34.7,176,AV,0,8,1,6,7,0,0,36,2478.182963693478,0.1,-20.632544378698228
10.916666666666666,52,AV,1,2,5,4,1,0,0,28,1129.1321270070612,0.2,-6.65956607495069
131.06666666666666,88,AV,0,4,3,1,3,0,0,84,4446.537177105173,0.1,-77.6542406311637
10.7,83,AV,1,2,5,3,2,0,0,27,2198.5025098873134,0.1,-6.431360946745562
14.2,225,AV,1,2,4,2,7,0,0,39,2158.6935677652164,0.4,-8.802366863905325
27.983333333333334,65,AV,1,3,4,6,7,0,0,65,4034.238052294327,0.1,-16.658185404339253
115.4,101,AV,0,4,4,6,8,0,0,66,2946.490055333797,0.1,-68.38402366863906
43.516666666666666,129,AV,0,6,8,5,2,0,0,40,985.8695826897422,0.2,-25.949506903353058
27.2,148,AV,2,3,3,5,0,0,0,56,3958.913906791885,0.2,-16.294674556213018
76.83333333333333,103,AV,0,5,5,0,1,0,0,53,1111.987968807459,0.2,-45.663510848126236
32.016666666666666,215,AV,2,3,3,3,7,0,0,69,2046.5713793034688,0.3,-19.244773175542406
21.233333333333334,257,AV,1,2,8,2,0,0,0,50,1017.530975349866,0.1,-12.664102564102565
16.566666666666666,263,AV,1,2,4,2,2,0,0,44,5721.231751015957,0.1,-9.90276134122288
50.38333333333333,268,AV,0,5,4,2,0,0,0,42,3849.958431883558,0.1,-29.91262327416174
70.08333333333333,190,AV,0,7,3,0,0,0,0,50,5825.994272151124,0.4,-41.869428007889546
13.733333333333333,40,AV,0,4,2,8,15,0,0,23,497.26542980048754,0.4,-8.526232741617358
52.28333333333333,288,AV,0,4,1,3,3,0,0,43,2294.767722006211,0.2,-31.13688362919132
25.166666666666668,151,AV,1,2,8,2,0,0,0,60,4266.216809230351,0.1,-14.991518737672585
27.233333333333334,185,AV,2,0,1,5,7,0,0,50,3024.224513765153,0.1,-16.21439842209073
40.06666666666667,192,AV,0,7,6,9,3,0,0,38,2761.3662775036096,0.5,-24.208086785009865
28.283333333333335,254,AV,1,2,6,2,1,0,0,66,2421.832203454489,0.1,-16.835700197238662
92.81666666666666,118,AV,0,9,5,5,6,0,0,58,2113.1349678504243,0.2,-55.121104536489156
24.266666666666666,109,AV,1,2,8,2,1,0,0,57,8348.421721831439,0.2,-14.558974358974359
5.133333333333334,29,AV,0,4,3,7,4,0,0,12,12051.378145129962,0.4,-3.437475345167653
87.55,142,AV,0,4,2,2,3,0,0,56,473.5024380788758,0.3,-52.10473372781065
50.516666666666666,106,AV,0,6,7,2,4,0,0,42,2996.640782499388,1.0,-30.891518737672584
7.666666666666667,41,AV,1,3,6,0,0,0,0,22,2382.718205806423,0.1,-4.636489151873767
22.583333333333332,173,AV,1,0,8,7,5,0,0,55,926.7012599248138,0.3,-13.662919132149902
13.766666666666667,247,AV,1,0,4,2,1,0,0,38,5004.1281918097375,0.1,-8.245956607495069
14.033333333333333,174,AV,2,2,2,4,17,0,0,29,913.5589076746268,0.2,-8.503747534516764
13.583333333333334,73,AV,2,1,0,5,3,0,0,28,1485.5718097438446,1.0,-9.037475345167653
32.25,86,AV,1,2,8,2,3,0,0,76,3987.5502105766736,0.2,-19.28284023668639
21.483333333333334,165,AV,1,2,8,2,4,0,0,49,2318.1098695731453,0.2,-12.912031558185404
94.33333333333333,232,AV,0,4,7,2,6,0,0,58,1446.9812594843625,0.2,-56.018540433925054
127.71666666666667,66,AV,0,8,9,7,4,0,0,77,2987.078671303881,0.2,-75.77199211045365
89.26666666666667,93,AV,0,5,7,4,2,0,0,56,1614.9573615816892,0.2,-53.02051282051283
119.1,54,AV,0,6,0,0,2,0,0,67,2496.2043409386315,0.2,-70.67337278106508
26.066666666666666,269,AV,0,7,9,9,9,0,0,32,2352.9451803313505,0.2,-15.624063116370808
8.55,123,AV,0,4,6,4,10,0,0,21,4113.319853961603,1.0,-6.059171597633137
29.45,144,AV,0,8,8,4,0,0,0,33,5590.116807812239,0.9,-18.32603550295858
26.35,184,AV,2,3,0,4,5,0,0,56,11940.25564443948,0.2,-15.791715976331362
41.8,134,AV,0,9,2,7,4,0,0,38,2968.817229463249,0.1,-24.83372781065089
80.55,216,AV,0,6,6,1,1,0,0,54,969.457736312404,0.2,-47.86272189349113
15.733333333333333,8,AV,1,2,4,2,5,0,0,40,1900.764377468582,0.5,-9.809664694280078
12.716666666666667,202,AV,2,1,0,8,1,0,0,20,5307.329693361759,0.3,-7.82465483234714
29.4,179,AV,0,4,3,7,4,0,0,33,743.7553910389753,0.1,-17.496449704142012
31.65,105,AV,1,0,8,0,3,0,0,75,1684.196745492046,0.1,-18.827810650887574
54.06666666666667,120,AV,0,9,6,6,3,0,0,45,1567.0706205360798,1.0,-32.99211045364892
26.983333333333334,5,AV,1,2,4,2,2,0,0,63,6197.036257351283,0.2,-16.16646942800789
13.1,209,AV,1,0,8,5,1,0,0,35,2753.3979495063454,1.0,-8.751479289940828
20.866666666666667,233,AV,0,6,9,4,9,0,0,27,2793.3389947689566,0.1,-12.447140039447731
7.8,280,AV,1,0,5,7,4,0,0,17,2446.4664131825853,0.2,-4.815384615384616
20.066666666666666,246,AV,2,1,3,5,1,0,0,41,1572.8756307612184,0.3,-12.173767258382643
6.866666666666666,274,AV,0,4,4,2,4,0,0,18,1293.252850487379,0.4,-4.463116370808679
24.616666666666667,4,AV,1,1,7,3,1,0,0,58,679.8949342204361,0.1,-14.666074950690335
132.88333333333333,9,AV,0,6,0,9,7,0,0,84,2667.9339807116767,0.2,-78.82919132149901
21.25,211,AV,1,1,5,0,5,0,0,50,2417.357356239525,0.3,-12.87396449704142
11.266666666666667,196,AV,1,0,8,3,10,0,0,29,4281.8327360815,0.4,-7.066666666666667
22.6,35,AV,0,6,1,6,10,0,0,28,912.6272274022258,0.6,-13.972781065088759
124.25,235,AV,0,4,3,2,3,0,0,73,2337.3116255789537,0.8,-74.3207100591716
21.516666666666666,117,AV,1,2,4,2,3,0,0,52,3251.3322332141274,0.9,-13.631755424063117
13.033333333333333,0,AV,2,1,2,1,10,0,0,26,5051.78348307234,0.4,-8.112031558185404
52.333333333333336,89,AV,0,6,5,1,0,0,0,44,3132.463358685509,0.4,-31.36646942800789
28.3,33,AV,2,3,3,4,2,0,0,57,763.1985099142711,0.1,-16.845562130177516
59.28333333333333,72,AV,0,9,2,9,0,0,0,47,7099.697064525982,0.1,-35.17889546351085
16.283333333333335,224,AV,2,1,0,3,19,0,0,32,591.6693204447811,0.5,-10.135108481262328
12.283333333333333,236,AV,1,2,6,3,0,0,0,33,4237.057085974603,0.2,-7.468244575936884
32.1,110,AV,2,2,1,0,11,0,0,67,13351.937436366714,0.1,-19.094082840236688
45.233333333333334,59,AV,0,7,7,8,7,0,0,40,3017.17067826153,0.1,-26.86528599605523
19.35,267,AV,1,3,6,2,0,0,0,49,4021.28082322038,0.1,-11.549704142011835
16.166666666666668,187,AV,1,0,4,7,3,0,0,42,4200.245935785981,0.5,-10.066074950690336
25.016666666666666,16,AV,1,1,6,5,0,0,0,58,5578.433439706214,0.2,-15.002761341222879
36.5,250,AV,0,7,1,6,1,0,0,37,2283.7291705859197,0.3,-21.897633136094676
5.366666666666666,108,AV,0,5,6,3,1,0,0,9,2177.5877894542577,0.1,-3.275542406311637
66.21666666666667,119,AV,0,8,9,3,3,0,0,49,5341.061461458292,0.2,-39.38145956607496
82.15,34,AV,0,6,3,7,7,0,0,55,7177.938863287724,0.1,-48.70946745562131
96.2,191,AV,0,4,9,7,7,0,0,60,2953.464044858564,0.1,-57.02307692307693
55.7,124,AV,0,5,1,3,1,0,0,45,6947.27484286379,0.3,-33.25857988165681
34.016666666666666,230,AV,2,1,0,5,0,0,0,73,2010.868248891871,0.2,-20.328205128205127
132.83333333333334,112,AV,0,4,3,6,3,0,0,85,898.3728471886773,0.1,-78.69960552268245
41.78333333333333,39,AV,0,6,8,6,2,0,0,39,4864.205776554158,0.5,-25.223865877712033
73.4,43,AV,0,5,1,1,1,0,0,52,3667.3634505223554,0.3,-43.731952662721895
25.65,132,AV,1,3,6,6,2,0,0,60,1391.0507319816634,0.1,-15.277514792899408
34.35,240,AV,2,1,0,4,1,0,0,64,2857.6088215719105,0.1,-20.425443786982253
18.1,80,AV,2,1,3,1,5,0,0,38,1723.69240549938,0.3,-11.010059171597636
14.333333333333334,79,AV,1,0,7,7,2,0,0,39,4569.840806868062,0.3,-8.781262327416174
25.016666666666666,137,AV,2,1,0,4,4,0,0,50,2215.952556227922,0.1,-14.90276134122288
106.86666666666666,253,AV,0,4,0,6,6,0,0,63,2538.843693606908,0.4,-63.63471400394477
99.7,126,AV,0,5,4,2,2,0,0,62,3245.380745418587,0.1,-59.094082840236695
34.28333333333333,167,AV,1,1,6,2,6,0,0,89,3778.090807703549,0.1,-20.385996055226826
122.45,150,AV,0,8,3,7,3,0,0,70,4227.85786318916,0.3,-72.75562130177515
118.98333333333333,265,AV,0,8,6,4,5,0,0,69,2218.0502812558643,0.2,-70.6043392504931
29.066666666666666,158,AV,2,1,2,3,5,0,0,62,1338.7213376931895,0.1,-17.299211045364892
110.16666666666667,48,AV,0,7,7,0,0,0,0,65,2815.231094880572,0.1,-65.28737672583826
16.6,28,AV,1,2,4,2,3,0,0,42,742.4887258523852,0.8,-10.622485207100594
82.21666666666667,14,AV,0,4,6,3,3,0,0,55,548.7192496267361,0.4,-49.04891518737673
120.6,131,AV,0,7,8,6,1,0,0,69,8981.750106371177,0.1,-71.46094674556213
38.06666666666667,299,AV,0,8,2,0,8,0,0,37,699.2977112166509,0.2,-22.72465483234714
89.36666666666666,2,AV,0,6,2,4,6,0,0,56,863.3540159882258,0.5,-53.379684418145956
76.85,283,AV,0,4,0,1,2,0,0,53,1597.8734280578535,0.2,-45.67337278106509
22.866666666666667,19,AV,2,3,2,4,7,0,0,47,1797.659883656486,0.1,-13.630571992110454
27.866666666666667,95,AV,0,5,2,0,1,0,0,32,1122.7546975855585,0.4,-16.889151873767258
35.05,293,AV,2,3,3,7,3,0,0,69,871.0408974081768,0.2,-20.9396449704142
17.466666666666665,107,AV,2,1,2,5,2,0,0,39,2222.040577514192,0.1,-10.435305719921104
71.41666666666667,287,AV,0,4,0,2,1,0,0,50,4950.268578812107,0.4,-42.65838264299803
126.1,186,AV,0,6,6,6,0,0,0,75,1975.501985353583,0.1,-74.71538461538461
61.11666666666667,70,AV,0,5,2,3,0,0,0,47,844.3352662229099,1.0,-37.163708086785014
13.116666666666667,181,AV,2,3,2,1,11,0,0,30,17693.100214811147,0.1,-7.861341222879685
32.81666666666667,45,AV,1,2,7,6,6,0,0,80,1832.3133019091129,0.2,-19.618145956607496
19.3,42,AV,1,2,8,2,0,0,0,46,1474.807688008607,0.2,-11.620118343195266
20.483333333333334,182,AV,2,3,3,7,2,0,0,44,13460.811009378149,0.3,-12.420315581854044
94.43333333333334,138,AV,0,7,7,7,1,0,0,58,1996.532829496936,0.1,-55.97771203155819
55.7,58,AV,0,4,3,4,4,0,0,45,4135.471393234625,0.5,-33.45857988165681
15.316666666666666,166,AV,2,0,2,4,9,0,0,29,2850.5966631146844,0.1,-9.163116370808678
57.56666666666667,207,AV,0,8,2,0,1,0,0,45,10708.821866752483,0.1,-34.16311637080868
101.41666666666667,205,AV,0,6,9,1,13,0,0,62,567.9518330451218,0.7,-60.709861932938864
78.71666666666667,149,AV,0,4,1,5,2,0,0,53,1167.011530479414,1.0,-47.57790927021696
6.833333333333333,199,AV,0,7,9,2,14,0,0,15,3558.5090095449787,0.3,-4.343392504930966
32.78333333333333,204,AV,1,2,5,5,5,0,0,84,4747.153558918807,0.3,-19.698422090729782
13.916666666666666,20,AV,0,7,2,5,19,0,0,24,3398.605365942332,0.1,-8.334714003944773
20.85,57,AV,0,4,4,3,17,0,0,26,588.8906571209208,1.0,-13.337278106508878
66.2,200,AV,0,7,5,0,5,0,0,49,1526.0895405694364,0.3,-39.47159763313609
25.15,272,AV,2,0,0,6,1,0,0,50,4416.224882412617,0.1,-14.981656804733728
124.38333333333334,161,AV,0,8,8,3,6,0,0,71,3583.4963710051925,0.2,-73.79960552268246
23.733333333333334,241,AV,1,2,4,2,2,0,0,56,8331.964781214912,0.1,-14.143392504930967
92.6,99,AV,0,6,4,6,0,0,0,57,1942.5668635563816,0.9,-55.69289940828402
129.36666666666667,85,AV,0,9,1,1,1,0,0,79,1386.7650627050614,0.6,-77.1483234714004
62.86666666666667,217,AV,0,6,1,8,2,0,0,48,1117.0806745336297,0.4,-37.59921104536489
83.85,198,AV,0,9,0,4,1,0,0,55,1068.5648373754009,0.5,-50.11538461538461
10.883333333333333,221,AV,2,1,3,2,7,0,0,0,1150.2916000513435,0.3,-6.739842209072978
13.3,256,AV,2,0,1,1,7,0,0,24,424.9057127261393,0.1,-7.969822485207101
17.583333333333332,220,AV,1,0,4,2,1,0,0,43,835.7777612710734,0.2,-10.604339250493096
27.55,49,AV,0,8,1,7,0,0,0,32,793.0252767736928,0.1,-16.401775147928998
36.3,113,AV,2,1,1,0,14,0,0,75,4968.170350229253,1.0,-22.4792899408284
10.066666666666666,71,AV,0,4,6,2,2,0,0,22,2472.005569054355,0.7,-6.656607495069034
35.36666666666667,231,AV,2,2,2,4,5,0,0,85,3414.9419898187493,0.9,-21.827021696252466
22.15,212,AV,1,0,4,4,24,0,0,52,2052.607856914241,1.0,-14.106508875739644
68.2,261,AV,0,5,0,6,13,0,0,49,4639.089550420253,0.1,-40.45502958579882
17.633333333333333,116,AV,2,0,1,3,5,0,0,35,10450.70686878338,0.1,-10.533925049309664
129.36666666666667,102,AV,0,8,2,4,2,0,0,82,954.0002559944874,0.3,-76.8483234714004
19.0,170,AV,1,3,8,0,1,0,0,44,7658.5640246764915,0.2,-11.442603550295857
15.633333333333333,68,AV,0,9,8,3,9,0,0,24,806.3598325453933,0.2,-9.450493096646943
38.5,259,AV,0,5,0,7,2,0,0,37,1836.3970218708375,0.3,-23.0810650887574
22.6,97,AV,0,4,4,8,4,0,0,30,783.6834518391023,0.3,-13.67278106508876
20.85,168,AV,2,0,0,1,15,0,0,42,870.7377108213431,1.0,-13.337278106508878
83.96666666666667,271,AV,0,9,4,7,1,0,0,55,3773.073658575576,0.4,-50.08441814595661
101.61666666666666,53,AV,0,4,4,5,8,0,0,62,5568.958209200236,0.2,-60.32820512820513
19.583333333333332,258,AV,2,1,3,6,4,0,0,43,2619.168197182975,0.9,-12.487771203155818
23.083333333333332,262,AV,1,2,8,2,11,0,0,54,19040.472291926453,1.0,-14.658777120315582
115.51666666666667,244,AV,0,5,7,1,2,0,0,66,1251.6500609663929,0.3,-68.65305719921105
122.46666666666667,136,AV,0,5,0,5,1,0,0,70,9667.56212442905,0.2,-72.66548323471402
22.85,210,AV,1,0,4,3,3,0,0,55,2744.255474143275,0.6,-14.120710059171598
21.266666666666666,295,AV,2,0,2,5,1,0,0,46,3366.895459871004,0.1,-12.683826429980275
32.583333333333336,228,AV,2,2,1,3,6,0,0,67,4689.4303597647895,0.1,-19.380078895463516
32.0,277,AV,1,0,6,5,0,0,0,75,8029.700924090037,0.8,-19.734911242603552
30.65,55,AV,2,3,0,1,6,0,0,66,14505.369879802229,0.1,-18.236094674556213
15.916666666666666,147,AV,1,3,5,1,1,0,0,40,859.2772315809713,0.3,-9.718145956607495
17.366666666666667,92,AV,1,2,4,2,2,0,0,44,1581.438059619256,0.2,-10.476134122287968
48.53333333333333,3,AV,0,7,7,7,0,0,0,41,2276.662146114732,0.9,-29.617948717948718
27.383333333333333,177,AV,1,2,4,0,1,0,0,63,934.0011274976006,0.3,-16.503155818540435
37.88333333333333,239,AV,2,2,0,3,7,0,0,69,623.7253316558669,0.3,-22.716173570019723
103.45,127,AV,0,4,2,8,5,0,0,62,5960.007005011629,0.3,-61.51301775147929
26.616666666666667,37,AV,1,3,6,4,0,0,0,62,1581.4824060924602,0.2,-15.949506903353058
68.16666666666667,115,AV,0,5,2,5,0,0,0,49,2898.378436294527,0.6,-40.93530571992111
71.71666666666667,125,AV,0,4,1,5,1,0,0,51,5502.789496653042,0.4,-42.83589743589744
127.78333333333333,152,AV,0,4,7,0,7,0,0,75,2476.7926805910606,0.4,-76.01143984220909
16.633333333333333,153,AV,2,0,1,6,2,0,0,36,15725.918848752755,0.5,-10.342209072978303
21.55,276,AV,1,2,8,2,9,0,0,52,4434.023444374438,0.3,-13.05147928994083
45.266666666666666,292,AV,0,6,2,7,17,0,0,40,1083.524948441525,0.2,-26.985009861932937
23.833333333333332,252,AV,2,1,0,4,5,0,0,51,586.3474640105957,0.1,-14.202564102564102
12.933333333333334,31,AV,1,0,7,4,7,0,0,37,857.6590975250949,0.3,-7.952859960552268
110.43333333333334,195,AV,0,6,3,4,9,0,0,65,1097.8259349569896,0.2,-65.54516765285997
17.533333333333335,201,AV,1,2,8,2,0,0,0,45,4061.843573313689,0.1,-10.474753451676529
78.61666666666666,22,AV,0,6,0,0,1,0,0,53,617.4453946714843,0.9,-47.41873767258382
27.833333333333332,18,AV,2,0,2,3,9,0,0,60,650.412147456106,0.2,-16.669428007889547
15.566666666666666,214,AV,0,9,9,2,1,0,0,24,7130.271245067938,1.0,-10.211045364891518
103.3,10,AV,0,5,4,4,1,0,0,62,1824.367004680513,0.2,-61.32426035502959
97.85,143,AV,0,4,2,3,7,0,0,60,1929.5758599688188,0.1,-57.999408284023666
24.216666666666665,130,AV,0,7,7,6,4,0,0,30,508.6019702527906,0.1,-14.42938856015779
28.066666666666666,238,AV,1,0,8,2,5,0,0,65,3759.463069718096,0.2,-16.80749506903353
43.583333333333336,188,AV,0,9,8,9,3,0,0,39,9884.322174397852,0.1,-25.888954635108483
108.31666666666666,255,AV,0,4,8,7,5,0,0,63,1301.8927857652438,0.6,-64.69270216962524
13.316666666666666,82,AV,1,1,5,6,5,0,0,37,3101.095365071405,0.4,-8.279684418145957
22.366666666666667,98,AV,1,2,4,2,2,0,0,53,457.16351791608827,0.1,-13.334714003944773
47.03333333333333,146,AV,0,4,4,3,5,0,0,40,7864.29237148983,0.2,-28.030374753451675
104.93333333333334,30,AV,0,5,4,0,4,0,0,62,2105.6010448069283,0.4,-62.49072978303748
10.3,140,AV,1,2,6,5,1,0,0,24,417.8295094645922,0.6,-6.694674556213018
10.65,291,AV,1,1,6,3,0,0,0,26,5862.871835726062,1.0,-7.3017751479289945
34.71666666666667,104,AV,2,0,0,4,1,0,0,67,583.3206434887895,0.4,-20.942406311637082
23.2,180,AV,1,0,4,4,1,0,0,55,1653.1781197118603,0.5,-14.227810650887575
47.11666666666667,243,AV,0,6,3,0,5,0,0,40,2722.266725979925,0.3,-28.179684418145957
16.05,44,AV,1,1,9,4,8,0,0,38,10213.823531357188,0.6,-10.097041420118343
85.6,275,AV,0,5,5,8,8,0,0,55,1921.5023446668008,0.2,-50.8508875739645
23.816666666666666,219,AV,1,1,6,3,1,0,0,55,1342.087988935639,0.3,-14.392702169625247
12.083333333333334,160,AV,0,4,6,6,16,0,0,22,4164.701887555128,0.3,-7.449901380670612
10.966666666666667,94,AV,1,2,4,2,7,0,0,28,3323.1633986738134,0.2,-6.689151873767258
32.25,15,AV,1,0,5,6,2,0,0,73,2044.1603053436156,0.1,-19.182840236686392
32.43333333333333,62,AV,2,3,3,4,7,0,0,68,3158.0604616132755,0.4,-19.591321499013805
28.883333333333333,111,AV,2,0,0,3,8,0,0,57,1405.7852601227096,0.3,-17.390729783037475
10.25,155,AV,1,0,6,1,0,0,0,26,1265.4739572733297,0.3,-6.36508875739645
105.05,63,AV,0,5,5,5,2,0,0,62,1240.6560786390864,0.3,-62.459763313609464
8.516666666666667,189,AV,0,4,4,2,4,0,0,20,807.7368269013535,0.3,-5.339447731755425
24.2,51,AV,1,2,8,2,8,0,0,57,1664.0464513081895,0.3,-14.619526627218935
80.66666666666667,197,AV,0,4,0,5,2,0,0,54,4660.29795945294,0.2,-47.93175542406313
11.516666666666667,77,AV,1,0,4,3,7,0,0,29,1244.4027248274256,0.1,-6.914595660749507
26.95,74,AV,1,1,6,6,1,0,0,63,3362.377553451843,0.2,-16.146745562130178
18.75,266,AV,1,1,7,2,1,0,0,45,1588.8002265047048,0.2,-11.294674556213018
108.38333333333334,114,AV,0,4,9,0,16,0,0,64,2142.030696222753,0.6,-64.73214990138067
31.166666666666668,172,AV,0,6,8,5,5,0,0,34,4967.653125719208,0.6,-19.041814595660753
73.36666666666666,61,AV,0,4,3,1,3,0,0,51,627.4062491148882,0.2,-43.612228796844185
12.166666666666666,251,AV,0,7,0,9,5,0,0,22,8975.220492497892,0.2,-7.399211045364892
59.28333333333333,169,AV,0,7,0,5,0,0,0,46,3866.930621896856,0.3,-35.378895463510844
23.766666666666666,26,AV,2,2,1,6,0,0,0,51,3151.1733449572957,0.1,-14.163116370808678
29.683333333333334,294,AV,1,2,6,2,1,0,0,68,1645.9523587482854,0.1,-17.664102564102567
70.1,237,AV,0,7,9,8,7,0,0,49,1541.4014724042315,0.4,-41.8792899408284
117.1,50,AV,0,7,7,6,13,0,0,66,8028.27043643778,0.4,-69.68994082840237
64.73333333333333,229,AV,0,9,4,4,13,0,0,48,437.8567856598078,0.2,-38.50374753451677
9.466666666666667,156,AV,1,2,4,2,1,0,0,22,4504.939201911708,0.1,-5.701577909270217
18.766666666666666,163,AV,1,1,4,4,5,0,0,46,3368.9508766880413,0.1,-11.204536489151874
