travel_time,id,kind,action,bid_route_0,bid_route_1,bid_route_2,karma_balance,origin,destination,start_time,income,urgency,reward
48.516666666666666,242,AV,0,8,6,5,2,0,0,47,3131.512437779759,0.5,-29.20808678500986
25.133333333333333,296,AV,1,3,4,3,4,0,0,59,6130.868263041086,0.2,-15.071794871794872
87.45,162,AV,0,6,4,1,6,0,0,66,2043.1688306873104,0.2,-51.94556213017752
33.53333333333333,90,AV,1,0,8,6,0,0,0,86,975.0940381265832,0.8,-20.642209072978304
64.38333333333334,234,AV,0,4,8,0,5,0,0,56,892.1845339920479,0.1,-38.1966469428008
21.916666666666668,12,AV,1,2,6,2,2,0,0,53,2580.565825479665,0.3,-13.268441814595663
9.483333333333333,6,AV,1,3,4,0,6,0,0,25,3523.1638559153366,0.1,-5.711439842209073
20.516666666666666,121,AV,2,3,1,0,6,0,0,44,1573.7150367511856,0.1,-12.240039447731755
22.883333333333333,67,AV,1,3,4,3,6,0,0,55,2137.1188228190404,0.2,-13.74043392504931
16.8,141,AV,2,0,3,3,12,0,0,37,2891.134206742707,0.3,-10.240828402366866
13.983333333333333,218,AV,2,1,3,5,8,0,0,22,5702.891177591027,0.3,-8.574161735700198
18.033333333333335,128,AV,1,3,4,3,7,0,0,46,753.5670156580491,0.6,-11.27061143984221
30.5,84,AV,2,0,2,2,6,0,0,63,2255.9253983027734,0.3,-18.34733727810651
30.233333333333334,298,AV,1,3,4,3,10,0,0,68,4381.240268036911,0.1,-17.989546351084815
99.4,139,AV,0,6,6,8,2,0,0,80,904.859336063587,0.6,-59.416568047337286
15.766666666666667,285,AV,1,0,4,5,3,0,0,40,2927.9701715656583,1.0,-10.329388560157792
24.233333333333334,38,AV,1,1,7,2,0,0,0,58,13079.31179296209,0.8,-15.139250493096648
22.8,100,AV,2,0,2,3,5,0,0,52,4889.272753955773,0.3,-13.791124260355032
14.883333333333333,69,AV,1,3,4,3,2,0,0,39,3608.770587345788,0.1,-8.906706114398421
13.083333333333334,226,AV,1,1,9,0,8,0,0,35,3758.845856207275,0.1,-7.841617357001972
22.566666666666666,78,AV,1,3,4,3,6,0,0,54,9667.367812467324,0.3,-13.653057199211046
89.08333333333333,56,AV,0,5,2,3,8,0,0,67,5427.330032863625,1.0,-53.7120315581854
32.8,17,AV,1,0,5,5,3,0,0,77,2347.541384251396,0.1,-19.50828402366864
90.83333333333333,208,AV,0,4,2,5,1,0,0,68,9280.176126726552,0.3,-54.04753451676528
12.4,178,AV,1,3,4,0,7,0,0,33,2239.257430619588,0.3,-7.637278106508876
14.833333333333334,135,AV,2,0,2,8,0,0,0,31,4925.450001742355,0.2,-8.977120315581853
40.016666666666666,11,AV,0,6,1,7,4,0,0,41,2964.6777926145683,0.6,-24.278500986193297
29.683333333333334,7,AV,1,3,4,3,6,0,0,66,8139.327108000771,0.9,-18.464102564102564
33.43333333333333,260,AV,1,3,4,3,5,0,0,93,5611.673516276995,0.3,-20.08303747534517
13.133333333333333,290,AV,2,3,3,5,2,0,0,23,1963.0347272178835,0.2,-7.97120315581854
48.666666666666664,32,AV,0,6,7,3,1,0,0,48,4617.971391102537,0.2,-28.996844181459565
34.583333333333336,25,AV,0,7,0,3,2,0,0,39,2436.431929205765,0.4,-20.863510848126232
31.016666666666666,248,AV,1,3,4,3,9,0,0,70,1830.3424648913517,0.4,-18.753057199211042
20.316666666666666,289,AV,2,3,3,4,7,0,0,43,1434.2863071033526,0.6,-12.621696252465483
76.71666666666667,264,AV,0,7,0,4,4,0,0,61,13430.196447392702,0.6,-45.99447731755424
28.8,75,AV,2,3,1,5,1,0,0,61,2991.769966736588,1.0,-18.041420118343197
31.233333333333334,281,AV,0,9,7,9,1,0,0,38,1661.9571573900298,0.1,-18.581262327416177
69.85,203,AV,0,9,6,0,11,0,0,57,20239.22920549412,0.1,-41.43136094674556
17.583333333333332,164,AV,1,3,4,3,4,0,0,45,3520.054626539052,0.5,-10.904339250493097
11.516666666666667,175,AV,1,3,4,0,5,0,0,32,4754.245589533712,1.0,-7.814595660749507
9.683333333333334,157,AV,1,2,5,2,1,0,0,26,7958.958807233507,0.8,-6.529783037475346
28.683333333333334,47,AV,1,1,8,9,1,0,0,66,1848.7234685638712,0.1,-17.072386587771206
27.433333333333334,46,AV,2,0,0,2,6,0,0,55,636.6552097563458,0.5,-16.732741617357004
33.233333333333334,24,AV,2,1,3,0,7,0,0,74,586.8516376274475,0.1,-19.7646942800789
23.583333333333332,154,AV,1,3,4,3,4,0,0,57,861.805442805673,0.7,-14.654635108481262
83.7,183,AV,0,9,1,8,1,0,0,64,1799.695682844959,0.1,-49.626627218934914
13.016666666666667,27,AV,1,3,4,0,7,0,0,36,3230.862018062417,0.3,-8.00216962524655
94.28333333333333,227,AV,0,5,3,4,8,0,0,75,1011.0784796502788,0.2,-55.988954635108485
26.7,297,AV,2,1,2,6,1,0,0,56,2486.38103050259,0.1,-15.898816568047337
28.183333333333334,194,AV,1,3,4,3,4,0,0,66,1205.4292211271013,0.2,-16.87652859960552
19.1,76,AV,1,3,4,3,4,0,0,48,1447.5744631551047,0.1,-11.401775147928994
13.833333333333334,21,AV,0,4,7,7,8,0,0,23,5985.732437913218,0.3,-8.485404339250495
14.616666666666667,171,AV,1,3,4,0,4,0,0,38,2034.664800296876,0.2,-8.848915187376726
29.333333333333332,286,AV,1,3,4,9,12,0,0,66,8326.33528790118,0.9,-18.257001972386586
57.36666666666667,13,AV,0,4,7,7,6,0,0,53,5009.92015912814,0.4,-34.34477317554241
15.533333333333333,284,AV,0,6,2,7,9,0,0,23,3531.3895067900216,0.1,-9.291321499013806
101.13333333333334,91,AV,0,5,2,9,4,0,0,84,3458.1247672483346,0.2,-60.04220907297831
10.116666666666667,279,AV,1,3,4,0,18,0,0,26,4843.3187157075145,0.6,-6.586193293885602
78.55,23,AV,0,7,2,0,5,0,0,61,632.5893922142865,0.5,-46.9792899408284
9.7,222,AV,1,3,4,0,12,0,0,26,1822.2981036688468,0.2,-5.939644970414201
14.733333333333333,223,AV,2,3,2,2,5,0,0,29,1659.6531244520008,0.7,-9.417948717948716
12.55,1,AV,1,1,7,3,3,0,0,34,1546.5147326922538,0.1,-7.52603550295858
26.233333333333334,87,AV,1,3,4,3,9,0,0,63,600.3305173079323,0.3,-15.822682445759371
50.31666666666667,145,AV,0,8,0,8,22,0,0,49,1782.711710770346,0.8,-30.573175542406315
28.716666666666665,249,AV,1,3,4,3,11,0,0,66,3197.7177395395383,0.5,-17.492110453648916
13.4,64,AV,1,0,8,4,1,0,0,36,4934.883137056144,0.1,-8.028994082840237
21.016666666666666,282,AV,2,1,3,6,0,0,0,48,3534.445695738256,0.1,-12.535897435897436
32.78333333333333,81,AV,2,0,3,1,6,0,0,68,3628.2404526711953,0.1,-19.498422090729782
17.3,273,AV,1,3,4,3,4,0,0,45,1836.592480640456,1.0,-11.236686390532546
59.166666666666664,159,AV,0,6,0,5,0,0,0,53,2241.037238818388,0.3,-35.30986193293885
29.316666666666666,206,AV,0,8,6,7,2,0,0,35,6778.2755320215965,0.1,-17.447140039447735
14.7,278,AV,1,3,4,0,8,0,0,38,658.4091024775607,0.4,-9.098224852071006
25.283333333333335,96,AV,1,1,4,1,5,0,0,59,736.5379020629116,0.3,-15.260552268244577
32.38333333333333,213,AV,1,3,4,3,2,0,0,77,3236.647802754315,0.1,-19.26173570019724
27.816666666666666,245,AV,1,2,8,6,0,0,0,65,10721.15711953896,0.5,-16.95956607495069
54.1,60,AV,0,5,6,3,3,0,0,50,2818.3733061874163,0.3,-32.311834319526625
25.5,122,AV,1,3,4,3,2,0,0,62,2250.3510049999354,0.1,-15.188757396449704
32.65,193,AV,1,3,4,3,2,0,0,81,4818.617258984985,0.6,-19.919526627218936
31.316666666666666,36,AV,1,2,8,3,0,0,0,75,5912.288420941998,0.2,-18.730571992110452
18.4,270,AV,1,3,4,0,9,0,0,46,8134.997760071039,0.1,-10.98757396449704
22.233333333333334,133,AV,1,3,4,3,9,0,0,53,8480.737499651503,0.1,-13.255818540433925
13.716666666666667,176,AV,1,3,9,3,8,0,0,36,2478.182963693478,0.3,-8.416370808678503
22.6,52,AV,0,4,2,1,2,0,0,28,1129.1321270070612,0.2,-13.572781065088758
101.03333333333333,88,AV,0,5,5,0,5,0,0,84,4446.537177105173,0.3,-60.083037475345165
20.766666666666666,83,AV,0,5,7,5,3,0,0,27,2198.5025098873134,0.1,-12.387968441814595
15.283333333333333,225,AV,1,1,6,1,0,0,0,39,2158.6935677652164,0.2,-9.243392504930966
28.1,65,AV,1,3,4,0,18,0,0,65,4034.238052294327,0.1,-16.727218934911246
28.766666666666666,101,AV,1,3,4,3,3,0,0,66,2946.490055333797,0.1,-17.121696252465483
16.05,129,AV,1,3,4,3,2,0,0,40,985.8695826897422,0.6,-10.097041420118343
23.5,148,AV,1,3,4,3,2,0,0,56,3958.913906791885,0.1,-14.005325443786983
22.416666666666668,103,AV,1,3,4,3,8,0,0,53,1111.987968807459,0.1,-13.364299802761343
30.45,215,AV,1,3,4,3,4,0,0,69,2046.5713793034688,0.6,-18.617751479289943
55.9,257,AV,0,4,6,0,7,0,0,50,1017.530975349866,0.1,-33.17692307692308
17.083333333333332,263,AV,1,1,4,4,9,0,0,44,5721.231751015957,0.3,-10.408481262327417
16.4,268,AV,1,3,4,3,3,0,0,42,3849.958431883558,0.2,-9.904142011834319
20.7,190,AV,1,2,8,4,2,0,0,50,5825.994272151124,0.3,-12.548520710059172
8.833333333333334,40,AV,1,0,8,7,13,0,0,23,497.26542980048754,0.1,-5.3268244575936885
16.7,288,AV,1,1,9,1,5,0,0,43,2294.767722006211,0.1,-9.981656804733728
74.86666666666666,151,AV,0,9,0,7,4,0,0,60,4266.216809230351,0.4,-44.69980276134122
27.066666666666666,185,AV,2,3,2,5,0,0,0,50,3024.224513765153,0.2,-16.21577909270217
32.916666666666664,192,AV,0,6,0,9,11,0,0,38,2761.3662775036096,0.1,-19.577317554240633
29.366666666666667,254,AV,1,3,4,3,7,0,0,66,2421.832203454489,0.2,-17.5767258382643
24.933333333333334,118,AV,1,3,4,3,8,0,0,58,2113.1349678504243,0.3,-15.053451676528601
24.35,109,AV,1,3,4,3,2,0,0,57,8348.421721831439,0.5,-14.90828402366864
5.183333333333334,29,AV,0,4,4,0,11,0,0,12,12051.378145129962,0.1,-3.1670611439842213
23.783333333333335,142,AV,1,3,8,7,1,0,0,56,473.5024380788758,1.0,-15.072978303747536
19.1,106,AV,2,0,3,3,8,0,0,42,2996.640782499388,0.2,-11.501775147928994
10.233333333333333,41,AV,0,8,3,6,2,0,0,22,2382.718205806423,0.2,-6.255226824457593
23.033333333333335,173,AV,1,3,4,3,2,0,0,55,926.7012599248138,0.8,-14.429191321499015
14.816666666666666,247,AV,1,3,4,0,8,0,0,38,5004.1281918097375,0.1,-8.867258382642998
10.8,174,AV,1,0,8,4,4,0,0,29,913.5589076746268,1.0,-7.390532544378699
10.5,73,AV,1,0,7,7,4,0,0,28,1485.5718097438446,0.1,-6.31301775147929
97.68333333333334,86,AV,0,9,8,5,2,0,0,76,3987.5502105766736,0.5,-58.30078895463511
54.45,165,AV,0,4,3,0,1,0,0,49,2318.1098695731453,0.9,-33.118934911242604
24.466666666666665,232,AV,1,0,9,4,4,0,0,58,1446.9812594843625,0.5,-14.977317554240631
97.66666666666667,66,AV,0,5,9,7,5,0,0,77,2987.078671303881,0.2,-57.99092702169626
66.38333333333334,93,AV,0,6,5,5,0,0,0,56,1614.9573615816892,0.2,-39.48007889546352
30.133333333333333,54,AV,1,0,4,0,7,0,0,67,2496.2043409386315,0.1,-17.930374753451677
26.033333333333335,269,AV,0,4,8,2,4,0,0,32,2352.9451803313505,0.5,-15.904339250493098
8.366666666666667,123,AV,1,0,6,0,0,0,0,21,4113.319853961603,0.2,-5.150690335305721
12.5,144,AV,1,1,5,2,2,0,0,33,5590.116807812239,0.2,-7.596449704142012
67.85,184,AV,0,8,0,8,6,0,0,56,11940.25564443948,0.1,-40.24792899408284
33.266666666666666,134,AV,0,6,6,7,1,0,0,38,2968.817229463249,0.5,-20.184418145956606
61.11666666666667,216,AV,0,5,8,4,6,0,0,54,969.457736312404,0.5,-36.663708086785014
36.28333333333333,8,AV,0,7,3,1,0,0,0,40,1900.764377468582,0.1,-21.56942800788955
10.366666666666667,202,AV,0,4,4,0,3,0,0,20,5307.329693361759,0.5,-6.6341222879684425
27.533333333333335,179,AV,0,8,6,0,3,0,0,33,743.7553910389753,0.3,-16.59191321499014
32.4,105,AV,1,3,5,0,0,0,0,75,1684.196745492046,0.2,-19.371597633136094
43.5,120,AV,0,6,3,3,2,0,0,45,1567.0706205360798,0.2,-25.9396449704142
82.05,5,AV,0,8,3,3,9,0,0,63,6197.036257351283,0.3,-48.850295857988165
13.466666666666667,209,AV,1,0,6,4,2,0,0,35,2753.3979495063454,0.4,-8.368441814595661
20.85,233,AV,0,9,2,6,0,0,0,27,2793.3389947689566,0.2,-12.537278106508877
11.583333333333334,280,AV,2,0,0,1,6,0,0,17,2446.4664131825853,0.6,-7.454043392504931
20.0,246,AV,2,3,2,6,3,0,0,41,1572.8756307612184,0.2,-12.034319526627218
8.583333333333334,274,AV,0,4,4,0,3,0,0,18,1293.252850487379,0.3,-5.378895463510848
24.983333333333334,4,AV,1,3,4,3,2,0,0,58,679.8949342204361,0.1,-14.883037475345168
33.38333333333333,9,AV,1,3,4,3,6,0,0,84,2667.9339807116767,0.1,-19.8534516765286
19.9,211,AV,1,2,4,0,2,0,0,50,2417.357356239525,1.0,-12.775147928994082
10.983333333333333,196,AV,1,0,6,6,1,0,0,29,4281.8327360815,0.8,-7.299013806706114
10.783333333333333,35,AV,1,3,4,0,9,0,0,28,912.6272274022258,0.3,-6.680670611439842
30.95,235,AV,1,0,9,5,1,0,0,73,2337.3116255789537,0.5,-18.81360946745562
21.816666666666666,117,AV,1,1,4,4,1,0,0,52,3251.3322332141274,0.1,-13.009270216962525
17.416666666666668,0,AV,0,9,8,2,1,0,0,26,5051.78348307234,0.3,-10.605719921104539
43.43333333333333,89,AV,0,8,9,1,2,0,0,44,3132.463358685509,0.2,-25.900197238658777
71.56666666666666,33,AV,0,6,4,0,2,0,0,57,763.1985099142711,0.2,-42.54714003944773
18.866666666666667,72,AV,1,1,4,4,4,0,0,47,7099.697064525982,0.1,-11.26370808678501
12.216666666666667,224,AV,1,3,4,3,11,0,0,32,591.6693204447811,0.1,-7.3287968441814595
12.883333333333333,236,AV,1,3,4,0,11,0,0,33,4237.057085974603,0.1,-7.7232741617356995
29.633333333333333,110,AV,1,3,4,3,3,0,0,67,13351.937436366714,0.4,-17.934516765285995
36.43333333333333,59,AV,0,4,0,5,9,0,0,40,3017.17067826153,0.1,-21.65818540433925
19.25,267,AV,1,2,5,7,4,0,0,49,4021.28082322038,0.1,-11.490532544378699
41.7,187,AV,0,6,4,1,7,0,0,42,4200.245935785981,0.2,-24.874556213017755
73.3,16,AV,0,5,4,7,10,0,0,58,5578.433439706214,0.4,-43.77278106508876
13.9,250,AV,1,3,4,0,7,0,0,37,2283.7291705859197,0.2,-8.424852071005917
7.083333333333333,108,AV,0,4,4,0,6,0,0,9,2177.5877894542577,0.1,-4.291321499013806
52.083333333333336,119,AV,0,5,0,6,1,0,0,49,5341.061461458292,0.1,-30.918540433925052
26.3,34,AV,2,3,0,7,9,0,0,55,7177.938863287724,0.1,-15.662130177514793
74.95,191,AV,0,4,3,1,4,0,0,60,2953.464044858564,0.5,-44.849112426035504
45.1,124,AV,0,7,0,9,2,0,0,45,6947.27484286379,0.2,-26.88639053254438
31.166666666666668,230,AV,1,3,4,3,15,0,0,73,2010.868248891871,0.9,-19.34181459566075
33.05,112,AV,1,3,4,3,2,0,0,85,898.3728471886773,0.3,-19.85621301775148
34.7,39,AV,0,8,5,2,1,0,0,39,4864.205776554158,0.2,-20.732544378698226
21.466666666666665,43,AV,1,0,9,7,12,0,0,52,3667.3634505223554,0.7,-13.402169625246547
76.83333333333333,132,AV,0,6,3,6,6,0,0,60,1391.0507319816634,0.5,-45.963510848126234
85.98333333333333,240,AV,0,4,1,2,3,0,0,64,2857.6088215719105,0.4,-51.27771203155819
15.25,80,AV,1,3,4,0,7,0,0,38,1723.69240549938,0.2,-9.223668639053255
15.45,79,AV,1,2,5,5,2,0,0,39,4569.840806868062,0.1,-9.242011834319527
20.833333333333332,137,AV,1,3,4,3,3,0,0,50,2215.952556227922,0.7,-13.02741617357002
82.15,253,AV,0,6,8,3,2,0,0,63,2538.843693606908,0.1,-48.70946745562131
78.53333333333333,126,AV,0,9,9,8,0,0,0,62,3245.380745418587,0.1,-46.56942800788955
38.983333333333334,167,AV,2,2,3,3,5,0,0,89,3778.090807703549,0.2,-23.267061143984222
30.75,150,AV,1,3,4,3,7,0,0,70,4227.85786318916,0.4,-18.59526627218935
92.36666666666666,265,AV,0,8,9,4,6,0,0,69,2218.0502812558643,0.1,-54.75483234714004
25.683333333333334,158,AV,1,3,4,3,1,0,0,62,1338.7213376931895,0.4,-15.59723865877712
27.783333333333335,48,AV,1,1,9,9,2,0,0,65,2815.231094880572,0.9,-17.339842209072977
41.833333333333336,28,AV,0,4,3,8,9,0,0,42,742.4887258523852,0.6,-25.353451676528604
62.733333333333334,14,AV,0,6,3,4,2,0,0,55,548.7192496267361,0.3,-37.42031558185404
32.28333333333333,131,AV,2,2,2,6,2,0,0,69,8981.750106371177,0.3,-19.402564102564103
29.3,299,AV,0,7,7,3,1,0,0,37,699.2977112166509,0.3,-17.637278106508877
68.16666666666667,2,AV,0,5,2,4,2,0,0,56,863.3540159882258,0.1,-40.43530571992111
59.18333333333333,283,AV,0,4,2,3,1,0,0,53,1597.8734280578535,0.2,-35.21972386587771
22.633333333333333,19,AV,2,3,3,5,2,0,0,47,1797.659883656486,0.9,-14.29250493096647
12.35,95,AV,1,2,5,0,3,0,0,32,1122.7546975855585,0.5,-7.8076923076923075
92.7,293,AV,0,6,1,8,4,0,0,69,871.0408974081768,0.2,-55.05207100591716
15.516666666666667,107,AV,1,1,6,0,9,0,0,39,2222.040577514192,0.1,-9.28145956607495
19.35,287,AV,1,3,4,3,1,0,0,50,4950.268578812107,0.8,-12.249704142011836
96.05,186,AV,0,7,9,7,6,0,0,75,1975.501985353583,0.2,-57.03431952662722
22.683333333333334,70,AV,2,2,0,8,4,0,0,47,844.3352662229099,0.3,-13.722090729783039
22.666666666666668,181,AV,0,5,7,3,2,0,0,30,17693.100214811147,0.8,-14.212228796844183
33.266666666666666,45,AV,1,2,5,9,11,0,0,80,1832.3133019091129,0.4,-20.084418145956604
47.05,42,AV,0,7,5,6,7,0,0,46,1474.807688008607,0.1,-27.940236686390534
17.283333333333335,182,AV,1,3,4,0,10,0,0,44,13460.811009378149,0.8,-11.02682445759369
73.28333333333333,138,AV,0,4,9,7,6,0,0,58,1996.532829496936,0.1,-43.462919132149906
17.6,58,AV,1,3,4,3,3,0,0,45,4135.471393234625,0.1,-10.514201183431954
11.316666666666666,166,AV,1,3,4,0,6,0,0,29,2850.5966631146844,0.6,-7.296252465483234
18.383333333333333,207,AV,1,3,4,3,6,0,0,45,10708.821866752483,0.2,-11.077712031558185
25.933333333333334,205,AV,1,3,4,3,14,0,0,62,567.9518330451218,0.1,-15.445167652859961
22.983333333333334,149,AV,1,3,4,3,7,0,0,53,1167.011530479414,0.3,-13.899605522682448
6.933333333333334,199,AV,0,4,4,0,4,0,0,15,3558.5090095449787,0.2,-4.302564102564103
102.86666666666666,204,AV,0,8,1,0,4,0,0,84,4747.153558918807,0.7,-61.56785009861933
13.766666666666667,20,AV,2,1,0,2,12,0,0,24,3398.605365942332,0.1,-8.245956607495069
19.066666666666666,57,AV,0,5,5,2,6,0,0,26,588.8906571209208,0.1,-11.382051282051282
52.06666666666667,200,AV,0,5,4,6,5,0,0,49,1526.0895405694364,0.1,-30.9086785009862
21.483333333333334,272,AV,1,3,4,3,7,0,0,50,4416.224882412617,0.2,-12.912031558185404
35.03333333333333,161,AV,2,0,3,3,8,0,0,71,3583.4963710051925,0.4,-21.12978303747534
69.7,241,AV,0,9,5,6,0,0,0,56,8331.964781214912,0.7,-41.942603550295864
23.85,99,AV,1,3,9,0,5,0,0,57,1942.5668635563816,0.3,-14.41242603550296
99.33333333333333,85,AV,0,8,8,4,3,0,0,79,1386.7650627050614,0.6,-59.377120315581855
19.266666666666666,217,AV,1,3,4,0,9,0,0,48,1117.0806745336297,0.4,-11.800394477317555
23.3,198,AV,1,3,4,3,3,0,0,55,1068.5648373754009,0.4,-14.186982248520712
5.233333333333333,221,AV,0,4,4,0,5,0,0,0,1150.2916000513435,0.2,-3.2966469428007894
9.533333333333333,256,AV,1,3,6,6,2,0,0,24,424.9057127261393,0.6,-6.241025641025641
21.75,220,AV,2,2,0,6,0,0,0,43,835.7777612710734,1.0,-13.8698224852071
25.95,49,AV,0,9,8,7,4,0,0,32,793.0252767736928,0.6,-15.955029585798817
32.6,113,AV,1,3,4,3,7,0,0,75,4968.170350229253,0.1,-19.38994082840237
7.616666666666666,71,AV,1,0,6,7,2,0,0,22,2472.005569054355,0.2,-4.706903353057199
102.81666666666666,231,AV,0,4,7,7,9,0,0,85,3414.9419898187493,0.2,-61.03826429980276
22.3,212,AV,1,3,4,3,3,0,0,52,2052.607856914241,0.2,-13.39526627218935
24.0,261,AV,2,0,3,4,1,0,0,49,4639.089550420253,0.8,-15.001183431952663
13.85,116,AV,1,3,4,0,2,0,0,35,10450.70686878338,0.1,-8.295266272189348
32.81666666666667,102,AV,1,3,4,3,19,0,0,82,954.0002559944874,0.9,-20.318145956607495
18.466666666666665,170,AV,1,0,7,4,0,0,0,44,7658.5640246764915,1.0,-11.927021696252465
15.666666666666666,68,AV,0,4,3,2,4,0,0,24,806.3598325453933,0.1,-9.370216962524655
14.65,259,AV,1,3,4,0,7,0,0,37,1836.3970218708375,0.3,-8.968639053254439
24.25,97,AV,0,6,7,1,1,0,0,30,783.6834518391023,0.1,-14.449112426035503
17.166666666666668,168,AV,1,3,4,3,4,0,0,42,870.7377108213431,0.3,-10.457790927021698
26.666666666666668,271,AV,2,0,0,2,19,0,0,55,3773.073658575576,0.4,-16.179092702169626
27.133333333333333,53,AV,1,3,4,3,11,0,0,62,5568.958209200236,0.1,-16.155226824457596
16.75,258,AV,1,3,4,0,11,0,0,43,2619.168197182975,0.8,-10.711242603550296
26.883333333333333,262,AV,2,1,3,2,6,0,0,54,19040.472291926453,0.2,-16.107297830374755
87.3,244,AV,0,6,7,6,7,0,0,66,1251.6500609663929,0.6,-52.25680473372781
33.18333333333333,136,AV,2,3,0,3,11,0,0,70,9667.56212442905,0.1,-19.735108481262326
62.61666666666667,210,AV,0,9,7,4,0,0,0,55,2744.255474143275,0.1,-37.15128205128205
18.55,295,AV,1,3,4,3,4,0,0,46,3366.895459871004,0.3,-11.276331360946747
89.05,228,AV,0,4,3,0,20,0,0,67,4689.4303597647895,0.3,-52.99230769230769
34.516666666666666,277,AV,2,0,2,7,8,0,0,75,8029.700924090037,0.3,-20.72406311637081
28.883333333333333,55,AV,1,2,5,4,1,0,0,66,14505.369879802229,0.2,-17.290729783037474
38.083333333333336,147,AV,0,5,4,4,0,0,0,40,859.2772315809713,0.2,-22.734516765286
43.416666666666664,92,AV,0,4,2,2,2,0,0,44,1581.438059619256,0.2,-25.89033530571992
39.7,3,AV,0,8,9,6,1,0,0,41,2276.662146114732,0.1,-23.591124260355034
83.81666666666666,177,AV,0,7,4,3,0,0,0,63,934.0011274976006,0.9,-50.495660749506904
32.8,239,AV,1,2,7,0,0,0,0,69,623.7253316558669,0.2,-19.608284023668638
31.933333333333334,127,AV,2,3,0,1,5,0,0,62,5960.007005011629,0.1,-18.99546351084813
80.31666666666666,37,AV,0,7,2,8,6,0,0,62,1581.4824060924602,0.3,-47.824654832347136
23.116666666666667,115,AV,2,3,2,6,1,0,0,49,2898.378436294527,0.2,-13.878500986193293
20.9,125,AV,1,3,4,3,8,0,0,51,5502.789496653042,0.7,-13.066863905325443
96.06666666666666,152,AV,0,7,3,8,3,0,0,75,2476.7926805910606,0.4,-57.24418145956607
14.116666666666667,153,AV,1,3,4,0,14,0,0,36,15725.918848752755,0.7,-9.053057199211045
21.516666666666666,276,AV,1,3,4,0,12,0,0,52,4434.023444374438,0.3,-13.031755424063117
38.2,292,AV,0,9,2,8,2,0,0,40,1083.524948441525,0.1,-22.70355029585799
20.9,252,AV,1,3,4,3,3,0,0,51,586.3474640105957,0.2,-12.566863905325443
14.1,31,AV,1,1,6,3,0,0,0,37,857.6590975250949,1.0,-9.34319526627219
28.683333333333334,195,AV,1,3,4,3,3,0,0,65,1097.8259349569896,0.1,-17.072386587771206
19.583333333333332,201,AV,2,2,0,5,13,0,0,45,4061.843573313689,0.6,-12.187771203155817
22.466666666666665,22,AV,1,3,4,3,10,0,0,53,617.4453946714843,0.1,-13.393885601577908
25.15,18,AV,1,0,5,6,1,0,0,60,650.412147456106,0.4,-15.281656804733728
9.083333333333334,214,AV,1,3,4,0,7,0,0,24,7130.271245067938,0.2,-5.574753451676529
26.066666666666666,10,AV,1,1,7,1,1,0,0,62,1824.367004680513,0.3,-15.72406311637081
25.433333333333334,143,AV,1,3,4,3,4,0,0,60,1929.5758599688188,0.2,-15.24930966469428
24.2,130,AV,0,4,0,2,7,0,0,30,508.6019702527906,0.2,-14.519526627218934
28.166666666666668,238,AV,1,1,4,1,2,0,0,65,3759.463069718096,0.2,-16.866666666666667
19.033333333333335,188,AV,2,3,3,1,6,0,0,39,9884.322174397852,0.5,-11.762327416173571
26.916666666666668,255,AV,1,3,4,3,6,0,0,63,1301.8927857652438,0.3,-16.227021696252468
31.2,82,AV,0,9,7,1,3,0,0,37,3101.095365071405,0.3,-18.761538461538464
24.816666666666666,98,AV,2,0,0,1,13,0,0,53,457.16351791608827,1.0,-15.684418145956608
16.333333333333332,146,AV,1,2,7,9,5,0,0,40,7864.29237148983,0.1,-9.764694280078894
26.266666666666666,30,AV,1,0,5,2,1,0,0,62,2105.6010448069283,0.9,-16.44240631163708
17.433333333333334,140,AV,0,5,8,3,3,0,0,24,417.8295094645922,0.1,-10.415581854043392
10.566666666666666,291,AV,1,1,6,2,6,0,0,26,5862.871835726062,0.4,-6.652465483234715
30.65,104,AV,1,3,4,3,2,0,0,67,583.3206434887895,0.1,-18.236094674556213
25.416666666666668,180,AV,2,0,2,2,5,0,0,55,1653.1781197118603,0.4,-15.439447731755426
16.5,243,AV,1,3,4,3,2,0,0,40,2722.266725979925,0.3,-10.063313609467457
16.466666666666665,44,AV,1,3,6,2,2,0,0,38,10213.823531357188,0.2,-9.943589743589742
64.41666666666667,275,AV,0,5,6,4,1,0,0,55,1921.5023446668008,0.3,-38.4163708086785
66.38333333333334,219,AV,0,5,3,2,4,0,0,55,1342.087988935639,0.1,-39.38007889546352
12.05,160,AV,0,6,8,5,7,0,0,22,4164.701887555128,1.0,-8.1301775147929
14.266666666666667,94,AV,2,3,3,3,5,0,0,28,3323.1633986738134,0.6,-9.04181459566075
94.45,15,AV,0,6,1,2,3,0,0,73,2044.1603053436156,0.2,-56.08757396449705
90.75,62,AV,0,4,2,5,10,0,0,68,3158.0604616132755,0.1,-53.79822485207101
71.66666666666667,111,AV,0,4,5,4,3,0,0,57,1405.7852601227096,0.6,-43.00631163708087
19.083333333333332,155,AV,0,4,3,2,6,0,0,26,1265.4739572733297,0.7,-11.991913214990136
80.33333333333333,63,AV,0,8,8,1,8,0,0,62,1240.6560786390864,0.1,-47.634516765285994
8.6,189,AV,0,4,4,0,8,0,0,20,807.7368269013535,0.3,-5.388757396449704
27.316666666666666,51,AV,2,2,3,1,6,0,0,57,1664.0464513081895,0.4,-16.56370808678501
61.233333333333334,197,AV,0,5,2,8,7,0,0,54,4660.29795945294,0.1,-36.33274161735701
11.483333333333333,77,AV,1,2,4,5,1,0,0,29,1244.4027248274256,0.4,-7.194871794871795
27.166666666666668,74,AV,1,3,4,3,1,0,0,63,3362.377553451843,0.4,-16.474950690335305
45.21666666666667,266,AV,0,7,4,4,5,0,0,45,1588.8002265047048,0.6,-27.355424063116374
85.35,114,AV,0,5,7,7,11,0,0,64,2142.030696222753,0.9,-51.402958579881656
27.666666666666668,172,AV,0,7,4,1,4,0,0,34,4967.653125719208,0.7,-17.07080867850099
57.45,61,AV,0,9,9,5,0,0,0,51,627.4062491148882,0.1,-34.09408284023669
12.15,251,AV,0,4,4,4,2,0,0,22,8975.220492497892,0.9,-8.089349112426035
18.816666666666666,169,AV,1,2,9,0,3,0,0,46,3866.930621896856,0.1,-11.234122287968441
20.966666666666665,26,AV,1,3,4,3,1,0,0,51,3151.1733449572957,0.3,-12.706311637080868
30.416666666666668,294,AV,1,1,4,8,9,0,0,68,1645.9523587482854,0.1,-18.09802761341223
55.95,237,AV,0,6,4,4,4,0,0,49,1541.4014724042315,0.1,-33.20650887573965
29.733333333333334,50,AV,1,0,6,5,7,0,0,66,8028.27043643778,0.1,-17.693688362919136
50.6,229,AV,0,5,1,6,10,0,0,48,437.8567856598078,0.1,-30.040828402366866
13.933333333333334,156,AV,0,5,2,3,13,0,0,22,4504.939201911708,1.0,-9.24457593688363
46.68333333333333,163,AV,0,4,8,2,4,0,0,46,3368.9508766880413,0.3,-27.9232741617357
