travel_time,id,kind,action,bid_route_0,bid_route_1,bid_route_2,karma_balance,origin,destination,start_time,income,urgency,reward
44.0,147,AV,2,3,5,8,9,0,0,71,1141.0395517097602,0.2,-8.8
44.43333333333333,101,AV,2,0,6,1,8,0,0,65,2139.4702648744856,0.1,-4.443333333333333
22.25,2,AV,0,7,7,1,8,0,0,36,2767.495209174315,0.2,-4.45
71.38333333333334,222,AV,0,7,6,6,9,0,0,57,3849.958431883558,0.2,-14.276666666666669
29.983333333333334,22,AV,2,4,2,6,6,0,0,37,2486.38103050259,0.4,-11.993333333333334
41.45,89,AV,2,4,6,3,13,0,0,59,3803.247088152212,0.4,-16.580000000000002
16.6,84,AV,1,2,8,1,0,0,0,33,2421.0391237858234,0.5,-8.3
11.283333333333333,254,AV,1,3,7,7,0,0,0,16,4843.3187157075145,1.0,-11.283333333333333
42.166666666666664,190,AV,2,3,0,5,6,0,0,55,541.9839687696077,0.1,-4.216666666666667
24.0,208,AV,1,3,7,1,0,0,0,46,4754.245589533712,0.2,-4.800000000000001
46.4,63,AV,2,2,0,6,6,0,0,61,2756.9260540590044,0.5,-23.2
32.583333333333336,207,AV,1,5,9,0,0,0,0,58,1011.0784796502788,0.1,-3.2583333333333337
28.416666666666668,133,AV,2,0,4,4,17,0,0,33,2969.8754393798326,0.8,-22.733333333333334
39.35,109,AV,2,4,4,4,6,0,0,50,595.9176043698985,0.3,-11.805
18.666666666666668,41,AV,1,2,8,6,0,0,0,37,1848.7234685638712,1.0,-18.666666666666668
31.9,266,AV,2,3,6,1,6,0,0,37,1527.6889462703334,0.2,-6.38
32.43333333333333,29,AV,1,2,9,1,6,0,0,60,4416.224882412617,0.4,-12.973333333333333
36.05,298,AV,2,3,2,6,7,0,0,47,1234.5997004771,0.2,-7.21
41.983333333333334,141,AV,2,4,2,8,0,0,0,53,2496.2043409386315,0.4,-16.793333333333333
33.21666666666667,268,AV,0,7,7,5,9,0,0,39,6007.794801579103,0.1,-3.321666666666667
64.48333333333333,46,AV,0,7,7,5,0,0,0,53,566.7055292848979,0.1,-6.448333333333334
52.3,49,AV,0,9,7,2,0,0,0,47,1074.3823512953045,0.3,-15.689999999999998
43.38333333333333,137,AV,2,4,1,5,5,0,0,62,2818.3733061874163,0.1,-4.338333333333334
49.28333333333333,98,AV,2,6,6,5,6,0,0,78,9095.945853089892,0.1,-4.928333333333334
38.166666666666664,95,AV,0,7,7,5,2,0,0,42,4924.983441788647,0.1,-3.8166666666666664
45.13333333333333,251,AV,2,2,0,1,5,0,0,72,825.4433072334436,0.2,-9.026666666666667
46.36666666666667,228,AV,2,3,6,3,6,0,0,76,1279.3396024785957,0.9,-41.730000000000004
24.816666666666666,110,AV,2,4,1,2,9,0,0,30,11185.875164713363,0.2,-4.963333333333334
13.666666666666666,239,AV,1,5,7,3,10,0,0,22,3458.1247672483346,0.2,-2.7333333333333334
22.75,131,AV,2,6,4,8,3,0,0,19,4376.119511966378,0.3,-6.825
37.35,247,AV,2,4,3,5,6,0,0,49,4687.914961676448,0.2,-7.470000000000001
35.3,235,AV,1,2,7,1,0,0,0,69,6709.13861087917,0.2,-7.06
85.03333333333333,111,AV,0,9,2,3,5,0,0,84,449.0833195935783,0.1,-8.503333333333334
17.216666666666665,135,AV,0,7,7,5,2,0,0,29,2105.159940183184,0.2,-3.4433333333333334
34.333333333333336,206,AV,2,3,0,1,6,0,0,46,4950.268578812107,0.2,-6.866666666666667
29.8,280,AV,2,5,2,1,5,0,0,39,1684.196745492046,0.1,-2.9800000000000004
31.75,73,AV,1,2,9,6,0,0,0,59,1022.032321197676,0.8,-25.400000000000002
29.516666666666666,117,AV,0,7,3,6,0,0,0,38,4266.216809230351,0.1,-2.9516666666666667
34.2,28,AV,1,3,7,5,0,0,0,66,20239.22920549412,0.1,-3.4200000000000004
40.333333333333336,112,AV,2,2,1,6,6,0,0,57,2780.081336731352,0.6,-24.2
40.15,114,AV,0,7,7,5,0,0,0,42,913.5589076746268,0.2,-8.03
36.016666666666666,45,AV,1,2,9,1,5,0,0,69,7511.51421120444,0.3,-10.805
32.4,234,AV,1,6,9,2,4,0,0,59,6947.27484286379,0.1,-3.24
27.8,1,AV,0,9,9,5,0,0,0,37,7612.519032757181,0.4,-11.120000000000001
19.75,143,AV,1,2,7,1,0,0,0,38,1083.524948441525,0.6,-11.85
69.68333333333334,240,AV,0,7,7,1,8,0,0,56,3759.463069718096,0.2,-13.936666666666667
30.933333333333334,274,AV,2,3,4,6,13,0,0,29,4645.51881630073,0.1,-3.0933333333333337
30.133333333333333,209,AV,2,2,1,3,9,0,0,42,10426.353459350525,0.1,-3.0133333333333336
40.583333333333336,216,AV,2,0,1,4,6,0,0,48,1530.6528609905624,0.1,-4.058333333333334
12.783333333333333,277,AV,1,2,9,1,7,0,0,23,2850.5966631146844,0.8,-10.226666666666667
20.3,174,AV,2,0,1,4,7,0,0,1,2996.640782499388,0.1,-2.0300000000000002
32.166666666666664,270,AV,2,4,6,6,6,0,0,44,1782.711710770346,0.3,-9.649999999999999
53.983333333333334,288,AV,0,7,7,1,7,0,0,48,2744.255474143275,0.2,-10.796666666666667
41.81666666666667,97,AV,2,6,5,6,9,0,0,56,3724.6301341612702,0.2,-8.363333333333335
29.916666666666668,93,AV,1,2,9,0,6,0,0,52,5304.212874057136,0.9,-26.925
33.21666666666667,269,AV,2,2,5,3,5,0,0,45,4061.843573313689,1.0,-33.21666666666667
45.45,156,AV,2,3,5,4,5,0,0,73,437.8567856598078,0.1,-4.545000000000001
42.06666666666667,281,AV,2,3,1,0,8,0,0,56,943.1907669438916,0.1,-4.206666666666667
22.933333333333334,292,AV,1,2,8,1,8,0,0,45,2222.040577514192,0.5,-11.466666666666667
38.85,182,AV,2,6,3,6,9,0,0,53,1805.1606101798543,0.3,-11.655
48.63333333333333,295,AV,2,1,4,9,1,0,0,91,5502.789496653042,0.3,-14.59
32.583333333333336,195,AV,1,2,9,6,8,0,0,61,2891.134206742707,0.9,-29.325000000000003
34.45,53,AV,2,5,6,5,6,0,0,43,4660.29795945294,0.6,-20.67
67.86666666666666,255,AV,0,7,4,6,7,0,0,54,7177.938863287724,0.1,-6.786666666666666
32.983333333333334,257,AV,0,7,8,1,9,0,0,40,601.3137559373858,0.3,-9.895
26.8,152,AV,2,2,4,0,5,0,0,39,743.7553910389753,0.4,-10.72
39.86666666666667,74,AV,0,9,6,7,5,0,0,42,3919.41152379869,0.8,-31.893333333333334
12.416666666666666,122,AV,1,6,9,3,14,0,0,20,2239.194506681481,0.1,-1.2416666666666667
16.516666666666666,129,AV,1,2,8,1,8,0,0,30,13351.937436366714,0.7,-11.561666666666666
28.783333333333335,154,AV,2,5,4,2,5,0,0,38,898.3728471886773,0.2,-5.756666666666668
30.166666666666668,168,AV,2,3,5,5,15,0,0,30,682.056612603955,0.1,-3.016666666666667
30.883333333333333,32,AV,1,2,9,1,1,0,0,52,1474.807688008607,0.4,-12.353333333333333
19.283333333333335,140,AV,1,2,8,1,1,0,0,34,11049.706566164488,0.4,-7.713333333333335
36.88333333333333,199,AV,2,0,4,1,5,0,0,50,600.3305173079323,0.2,-7.376666666666667
13.8,173,AV,1,1,8,6,0,0,0,25,2991.769966736588,0.4,-5.5200000000000005
18.1,244,AV,1,2,9,3,0,0,0,33,3097.4575811220984,0.6,-10.860000000000001
31.35,26,AV,2,5,3,0,13,0,0,42,4429.527615460413,0.2,-6.2700000000000005
30.633333333333333,78,AV,1,4,7,1,4,0,0,55,3558.5090095449787,0.2,-6.126666666666667
8.45,17,AV,0,9,5,9,0,0,0,19,424.9057127261393,0.1,-0.845
36.3,35,AV,1,4,7,4,6,0,0,75,1649.648602545546,0.1,-3.63
36.75,249,AV,2,6,5,1,8,0,0,48,832.3173438658397,0.2,-7.3500000000000005
73.28333333333333,19,AV,0,9,6,8,6,0,0,57,1587.6148581174584,0.6,-43.97
19.5,90,AV,1,4,7,0,9,0,0,40,2619.168197182975,0.3,-5.85
54.06666666666667,82,AV,0,7,7,1,10,0,0,47,3393.6426315430986,0.2,-10.813333333333334
36.1,96,AV,2,6,2,3,8,0,0,48,572.7967315704935,0.3,-10.83
43.483333333333334,256,AV,0,8,9,8,6,0,0,43,4818.617258984985,0.1,-4.348333333333334
13.7,246,AV,1,2,9,5,1,0,0,23,5480.041794665195,0.1,-1.37
78.4,123,AV,0,7,7,1,7,0,0,61,1040.734547163155,0.1,-7.840000000000001
28.216666666666665,273,AV,1,1,7,1,3,0,0,49,5862.8833826120845,1.0,-28.216666666666665
31.316666666666666,102,AV,1,2,9,1,0,0,0,51,3583.4963710051925,0.5,-15.658333333333333
76.76666666666667,191,AV,0,7,4,1,9,0,0,59,6563.608435155774,0.1,-7.676666666666667
52.18333333333333,136,AV,0,7,3,3,2,0,0,47,1592.6375082496468,0.2,-10.436666666666667
14.55,47,AV,1,3,8,0,7,0,0,27,1310.9401185904849,0.1,-1.455
24.65,128,AV,2,5,1,2,5,0,0,28,2747.619709803412,0.3,-7.395
46.166666666666664,287,AV,2,5,5,2,6,0,0,67,9667.367812467324,0.1,-4.616666666666666
38.083333333333336,210,AV,0,8,4,2,0,0,0,42,491.0984231068265,0.1,-3.8083333333333336
5.0,232,AV,0,7,0,6,0,0,0,14,3368.9508766880413,0.5,-2.5
44.583333333333336,299,AV,2,3,1,7,0,0,0,61,3465.4556083993225,0.5,-22.291666666666668
30.716666666666665,43,AV,1,4,9,0,1,0,0,58,4925.450001742355,0.4,-12.286666666666667
80.18333333333334,263,AV,0,9,2,7,14,0,0,62,636.6552097563458,0.1,-8.018333333333334
45.03333333333333,23,AV,2,5,0,1,7,0,0,60,3323.1633986738134,0.1,-4.503333333333333
38.733333333333334,5,AV,2,2,5,1,6,0,0,52,632.5893922142865,0.4,-15.493333333333334
48.15,291,AV,2,5,2,1,5,0,0,66,807.7368269013535,0.4,-19.26
57.6,172,AV,0,7,1,4,0,0,0,49,985.0802174553831,0.1,-5.760000000000001
8.45,243,AV,0,7,7,1,0,0,0,21,1148.9174546898266,0.3,-2.5349999999999997
34.71666666666667,44,AV,0,7,7,5,2,0,0,41,6081.635477498837,0.1,-3.471666666666667
25.366666666666667,160,AV,1,2,8,1,1,0,0,48,4549.070920567666,0.4,-10.146666666666668
35.3,233,AV,1,2,7,1,0,0,0,68,5354.15698790508,0.3,-10.589999999999998
30.0,237,AV,1,4,7,2,1,0,0,53,5913.041300376779,0.4,-12.0
31.35,8,AV,1,3,7,1,0,0,0,57,3778.090807703549,0.2,-6.2700000000000005
24.833333333333332,62,AV,1,0,7,7,0,0,0,48,2318.1098695731453,0.1,-2.4833333333333334
25.866666666666667,229,AV,1,1,8,2,6,0,0,47,1447.5744631551047,0.1,-2.586666666666667
5.05,55,AV,0,7,7,5,1,0,0,13,3783.636689084741,0.2,-1.01
24.316666666666666,165,AV,0,7,8,1,8,0,0,36,4864.205776554158,0.3,-7.295
82.28333333333333,92,AV,0,7,4,2,0,0,0,63,3866.930621896856,0.2,-16.456666666666667
13.3,189,AV,1,2,8,1,1,0,0,13,13079.31179296209,0.4,-5.32
37.833333333333336,186,AV,2,2,0,1,5,0,0,49,2212.8825544422834,0.4,-15.133333333333335
34.96666666666667,24,AV,2,6,0,5,7,0,0,47,2011.9739719035176,0.3,-10.49
16.1,68,AV,1,1,7,3,3,0,0,34,12051.378145129962,0.1,-1.6100000000000003
37.2,33,AV,2,1,5,3,22,0,0,47,1528.3774584247917,0.8,-29.760000000000005
31.05,148,AV,2,3,0,1,7,0,0,40,3017.17067826153,0.2,-6.210000000000001
35.666666666666664,278,AV,2,6,4,1,6,0,0,51,1460.106853854364,0.3,-10.7
31.25,283,AV,0,7,7,0,1,0,0,39,2078.9202215407213,0.5,-15.625
14.05,115,AV,0,8,9,6,1,0,0,25,4747.153558918807,0.1,-1.4050000000000002
6.9,65,AV,0,7,7,2,1,0,0,15,4549.115907877681,0.1,-0.6900000000000001
26.25,276,AV,2,0,6,2,9,0,0,38,7658.5640246764915,0.1,-2.625
20.533333333333335,20,AV,0,8,6,2,0,0,0,33,3245.380745418587,0.6,-12.32
42.13333333333333,192,AV,2,5,0,3,8,0,0,60,2758.442965787371,0.2,-8.426666666666668
60.833333333333336,221,AV,0,7,7,5,1,0,0,51,1682.490559712908,0.1,-6.083333333333334
29.783333333333335,14,AV,2,6,5,2,8,0,0,33,388.2787303527966,0.1,-2.9783333333333335
31.133333333333333,296,AV,2,5,4,1,5,0,0,39,1530.0661682302475,0.1,-3.1133333333333333
24.683333333333334,21,AV,2,5,3,6,8,0,0,31,1900.764377468582,0.2,-4.936666666666667
45.11666666666667,12,AV,0,7,0,2,0,0,0,44,1664.0464513081895,0.3,-13.535
38.916666666666664,196,AV,2,5,0,3,6,0,0,55,1942.5668635563816,0.2,-7.783333333333333
48.9,231,AV,0,8,7,1,6,0,0,45,508.6019702527906,0.1,-4.890000000000001
12.066666666666666,183,AV,0,7,7,5,0,0,0,25,827.3783452591958,0.2,-2.4133333333333336
75.13333333333334,250,AV,0,7,7,1,8,0,0,58,3197.7177395395383,0.2,-15.026666666666669
38.46666666666667,242,AV,2,1,3,3,7,0,0,56,1323.5149786113286,0.1,-3.846666666666667
46.86666666666667,145,AV,0,7,7,1,9,0,0,45,1200.7903182940884,0.2,-9.373333333333333
41.63333333333333,285,AV,0,7,8,5,2,0,0,42,2533.2754137277425,0.1,-4.163333333333333
21.383333333333333,267,AV,1,2,7,1,0,0,0,42,2675.3892374750885,0.3,-6.415
27.316666666666666,166,AV,2,5,2,9,8,0,0,32,1386.7650627050614,0.1,-2.731666666666667
41.71666666666667,134,AV,0,7,7,5,0,0,0,42,4635.813442599864,0.1,-4.171666666666667
55.7,286,AV,0,7,1,8,9,0,0,48,15387.119225735782,0.2,-11.14
28.833333333333332,64,AV,2,2,4,1,5,0,0,25,437.5592869272848,0.4,-11.533333333333333
40.833333333333336,214,AV,2,4,1,3,6,0,0,55,4609.601315671212,0.9,-36.75
31.433333333333334,159,AV,2,6,5,7,0,0,0,45,6130.868263041086,0.2,-6.286666666666667
23.266666666666666,170,AV,2,6,2,6,7,0,0,1,857.6590975250949,0.7,-16.286666666666665
37.95,36,AV,2,2,1,7,1,0,0,53,8981.750106371177,0.1,-3.7950000000000004
34.05,124,AV,2,3,0,1,5,0,0,48,5341.061461458292,0.2,-6.81
13.766666666666667,144,AV,1,2,8,1,1,0,0,23,816.2772675203604,0.6,-8.26
36.55,175,AV,0,7,7,5,10,0,0,41,658.4091024775607,0.1,-3.655
22.216666666666665,289,AV,0,7,0,0,6,0,0,34,1564.4426034616197,0.2,-4.443333333333333
46.516666666666666,54,AV,2,6,6,4,7,0,0,59,902.2448599555772,0.2,-9.303333333333333
29.466666666666665,121,AV,0,7,7,2,4,0,0,37,497.26542980048754,0.1,-2.9466666666666668
17.333333333333332,188,AV,0,7,7,2,2,0,0,29,4889.272753955773,0.1,-1.7333333333333334
10.216666666666667,161,AV,1,4,9,9,2,0,0,7,3987.5502105766736,0.2,-2.0433333333333334
39.333333333333336,230,AV,2,2,1,4,5,0,0,55,6446.254396158338,0.4,-15.733333333333334
21.483333333333334,217,AV,1,2,7,1,0,0,0,39,979.573716991658,0.5,-10.741666666666667
30.566666666666666,204,AV,1,2,8,1,0,0,0,57,4504.939201911708,0.4,-12.226666666666667
24.3,80,AV,1,5,9,0,1,0,0,46,2198.5025098873134,0.1,-2.43
42.016666666666666,142,AV,2,3,0,5,6,0,0,56,742.4887258523852,0.1,-4.201666666666667
28.233333333333334,59,AV,2,3,0,2,6,0,0,38,5064.807770076448,0.1,-2.8233333333333337
40.016666666666666,76,AV,2,4,1,5,14,0,0,48,2853.537244729806,0.8,-32.013333333333335
34.45,86,AV,1,5,7,7,0,0,0,68,1573.7150367511856,1.0,-34.45
28.816666666666666,0,AV,2,4,4,1,24,0,0,31,1261.43865123121,0.3,-8.645
33.03333333333333,245,AV,2,1,3,4,15,0,0,36,1950.0200213032829,0.4,-13.213333333333333
22.3,198,AV,1,2,8,1,2,0,0,44,4547.885280126284,0.4,-8.92
61.0,238,AV,0,9,3,6,7,0,0,51,5825.994272151124,0.3,-18.3
21.333333333333332,150,AV,2,4,6,4,9,0,0,7,5960.007005011629,0.2,-4.266666666666667
29.5,83,AV,2,1,2,3,7,0,0,39,1348.5865378412918,0.5,-14.75
64.56666666666666,178,AV,0,7,7,5,0,0,0,52,1129.1321270070612,0.1,-6.456666666666667
57.81666666666667,104,AV,0,7,7,5,1,0,0,48,1572.8756307612184,0.1,-5.781666666666667
42.18333333333333,197,AV,2,2,2,5,16,0,0,70,1014.5614647146556,0.4,-16.87333333333333
26.016666666666666,181,AV,2,5,0,7,0,0,0,37,779.2240782816187,0.1,-2.6016666666666666
73.36666666666666,194,AV,0,7,7,5,0,0,0,57,3942.222625638348,0.1,-7.336666666666666
68.26666666666667,37,AV,0,9,3,5,2,0,0,54,10783.100237376317,0.4,-27.30666666666667
19.333333333333332,11,AV,1,2,8,1,0,0,0,36,4281.8327360815,0.7,-13.533333333333331
29.866666666666667,13,AV,1,2,7,7,0,0,0,49,3386.12741774329,0.4,-11.946666666666667
50.516666666666666,226,AV,0,7,7,5,7,0,0,46,3476.696831582168,0.1,-5.051666666666667
55.833333333333336,176,AV,0,7,7,5,9,0,0,48,4135.471393234625,0.1,-5.583333333333334
45.266666666666666,52,AV,0,7,7,5,16,0,0,44,2520.757475212996,0.1,-4.526666666666666
8.466666666666667,171,AV,0,7,8,5,7,0,0,20,6230.691172258436,0.2,-1.6933333333333334
40.68333333333333,163,AV,2,5,1,2,8,0,0,56,567.9518330451218,0.1,-4.068333333333333
25.85,169,AV,2,5,3,5,8,0,0,34,978.4447105201264,0.2,-5.170000000000001
24.383333333333333,50,AV,2,3,4,5,6,0,0,27,1454.957177165027,0.2,-4.876666666666667
69.55,16,AV,0,7,7,5,6,0,0,55,4021.28082322038,0.1,-6.955
34.833333333333336,187,AV,0,7,7,1,10,0,0,39,8987.033628468456,0.2,-6.966666666666668
59.5,91,AV,0,7,8,1,14,0,0,50,676.2529471816457,0.3,-17.849999999999998
44.55,113,AV,2,1,2,3,8,0,0,66,2761.3662775036096,0.4,-17.82
30.416666666666668,153,AV,2,2,2,3,8,0,0,40,4343.557359248321,0.1,-3.041666666666667
37.1,264,AV,2,6,0,7,8,0,0,48,640.5426603936758,0.4,-14.840000000000002
37.233333333333334,118,AV,1,2,7,6,0,0,0,77,1639.6236094811811,1.0,-37.233333333333334
33.06666666666667,100,AV,2,0,2,7,3,0,0,46,506.5869000089976,0.4,-13.226666666666668
36.35,79,AV,0,7,7,5,1,0,0,41,6427.339783247283,0.1,-3.6350000000000002
41.13333333333333,27,AV,2,3,4,1,14,0,0,66,2946.490055333797,1.0,-41.13333333333333
42.85,69,AV,2,3,0,1,6,0,0,60,2276.662146114732,0.2,-8.57
31.2,241,AV,0,8,6,6,6,0,0,38,3523.1638559153366,0.6,-18.72
44.61666666666667,126,AV,2,1,5,0,12,0,0,67,11940.25564443948,1.0,-44.61666666666667
6.8,25,AV,0,7,7,5,2,0,0,18,1804.2001824470888,0.2,-1.36
75.01666666666667,252,AV,0,8,9,2,9,0,0,57,4756.448820673547,0.2,-15.003333333333334
25.333333333333332,31,AV,2,6,5,0,7,0,0,19,5307.329693361759,0.1,-2.533333333333333
82.23333333333333,290,AV,0,8,8,2,0,0,0,64,1446.9812594843625,0.9,-74.01
80.2,218,AV,0,7,7,5,4,0,0,61,16390.717038727882,0.1,-8.020000000000001
18.733333333333334,88,AV,0,8,7,8,6,0,0,32,2250.3510049999354,0.1,-1.8733333333333335
36.766666666666666,177,AV,2,2,4,6,7,0,0,50,2033.019749384408,0.1,-3.6766666666666667
47.31666666666667,215,AV,2,1,0,7,0,0,0,65,932.0432837729122,0.7,-33.12166666666667
25.783333333333335,279,AV,0,8,9,0,15,0,0,36,583.3206434887895,0.3,-7.735
10.216666666666667,87,AV,0,7,7,2,4,0,0,24,3132.463358685509,0.1,-1.0216666666666667
62.733333333333334,227,AV,0,7,7,5,8,0,0,51,1100.389953660579,0.1,-6.273333333333333
40.06666666666667,261,AV,2,1,5,6,15,0,0,52,5882.279762541917,0.1,-4.006666666666667
20.983333333333334,106,AV,1,2,8,1,1,0,0,40,3031.4508351358254,0.3,-6.295
18.916666666666668,225,AV,0,7,8,2,9,0,0,32,8326.33528790118,0.1,-1.8916666666666668
31.283333333333335,297,AV,2,5,1,3,12,0,0,42,5654.280440205098,0.2,-6.256666666666668
32.516666666666666,119,AV,2,0,0,4,5,0,0,47,3032.1279287666234,0.2,-6.503333333333334
25.5,15,AV,2,1,3,9,0,0,0,31,1150.4391077840953,0.3,-7.6499999999999995
39.7,213,AV,2,4,4,0,14,0,0,53,616.3739675020589,0.4,-15.880000000000003
24.616666666666667,185,AV,2,4,1,1,8,0,0,21,2909.5116230827134,0.1,-2.461666666666667
37.7,146,AV,2,1,2,2,9,0,0,48,4434.023444374438,0.1,-3.7700000000000005
17.866666666666667,205,AV,1,2,8,1,5,0,0,33,938.3100494872764,0.4,-7.146666666666667
37.2,282,AV,1,6,8,7,0,0,0,74,13748.957190518822,0.2,-7.440000000000001
23.466666666666665,30,AV,1,2,9,1,5,0,0,46,776.0711537761008,0.2,-4.693333333333333
38.85,162,AV,2,2,5,4,8,0,0,48,1503.4428459110418,0.4,-15.540000000000001
83.65,149,AV,0,7,7,1,17,0,0,74,4237.057085974603,0.2,-16.73
76.73333333333333,224,AV,0,8,1,3,0,0,0,60,2108.868816674547,0.1,-7.673333333333334
83.68333333333334,248,AV,0,9,9,9,7,0,0,70,2648.588416164911,0.1,-8.368333333333334
59.13333333333333,125,AV,0,9,4,4,2,0,0,49,627.4062491148882,0.2,-11.826666666666668
15.8,272,AV,1,6,8,7,1,0,0,32,650.412147456106,1.0,-15.8
53.583333333333336,258,AV,2,4,3,3,5,0,0,60,1020.5842314575186,0.4,-21.433333333333337
41.8,3,AV,2,5,5,3,5,0,0,54,546.8646928603165,0.2,-8.36
47.5,180,AV,2,5,2,1,6,0,0,92,2255.9253983027734,0.1,-4.75
35.38333333333333,108,AV,2,1,0,6,7,0,0,44,3064.640983136323,0.1,-3.5383333333333336
10.25,260,AV,0,9,7,1,8,0,0,22,2392.7441380289174,0.8,-8.200000000000001
26.066666666666666,75,AV,2,0,5,0,8,0,0,26,7336.658338656486,0.4,-10.426666666666668
34.18333333333333,105,AV,1,2,9,6,1,0,0,66,779.0639592631991,1.0,-34.18333333333333
66.51666666666667,203,AV,0,7,2,0,1,0,0,52,4689.4303597647895,0.3,-19.955
30.8,253,AV,2,2,2,6,15,0,0,42,1628.9397076974285,0.2,-6.16
32.71666666666667,70,AV,1,2,9,6,0,0,0,63,8029.700924090037,0.9,-29.445000000000004
17.75,184,AV,1,3,9,2,9,0,0,36,4113.319853961603,0.1,-1.7750000000000001
27.733333333333334,61,AV,2,5,4,1,15,0,0,32,905.8209551718018,0.4,-11.093333333333334
62.916666666666664,34,AV,0,7,7,5,0,0,0,51,11515.391842589095,0.1,-6.291666666666667
41.21666666666667,81,AV,2,1,3,5,8,0,0,58,2398.572127464108,0.1,-4.121666666666667
46.86666666666667,39,AV,0,7,7,5,0,0,0,45,2105.6010448069283,0.1,-4.6866666666666665
27.566666666666666,18,AV,1,2,8,6,0,0,0,47,2158.6935677652164,1.0,-27.566666666666666
29.333333333333332,40,AV,2,4,1,7,1,0,0,38,2347.541384251396,0.2,-5.866666666666667
30.15,294,AV,1,2,7,1,6,0,0,54,1836.592480640456,0.2,-6.03
36.05,72,AV,2,1,5,5,6,0,0,44,3824.993837156676,0.2,-7.21
48.78333333333333,138,AV,0,7,5,3,1,0,0,45,761.8437659652793,0.4,-19.513333333333335
33.016666666666666,71,AV,2,6,5,0,16,0,0,40,3158.0604616132755,0.2,-6.6033333333333335
37.85,58,AV,2,6,6,3,6,0,0,54,2472.005569054355,1.0,-37.85
15.85,200,AV,1,2,7,5,1,0,0,21,1635.9686818612918,0.1,-1.585
23.583333333333332,262,AV,1,3,7,5,2,0,0,43,4200.245935785981,0.9,-21.224999999999998
20.633333333333333,60,AV,0,9,8,8,1,0,0,33,4164.701887555128,0.1,-2.0633333333333335
31.583333333333332,4,AV,2,2,0,1,6,0,0,45,2815.231094880572,0.3,-9.475
49.36666666666667,201,AV,2,4,3,6,7,0,0,81,1047.1205397958274,0.4,-19.74666666666667
37.81666666666667,219,AV,2,3,4,7,8,0,0,53,1592.2311391495805,0.4,-15.126666666666669
37.083333333333336,116,AV,1,2,7,6,0,0,0,70,2131.3254046090938,0.5,-18.541666666666668
11.9,275,AV,0,7,7,5,6,0,0,24,1517.942512651984,0.2,-2.3800000000000003
31.083333333333332,66,AV,2,2,0,6,8,0,0,45,1986.5043233563797,0.2,-6.216666666666667
71.71666666666667,139,AV,0,7,2,4,5,0,0,56,8987.822610831106,0.1,-7.171666666666667
46.833333333333336,265,AV,2,3,4,4,8,0,0,63,4959.361066312568,0.1,-4.683333333333334
37.03333333333333,85,AV,1,2,7,1,2,0,0,78,2326.172138461347,0.2,-7.406666666666666
66.36666666666666,293,AV,0,8,6,8,2,0,0,53,1089.3140785512585,0.2,-13.273333333333333
40.46666666666667,51,AV,2,2,0,1,5,0,0,58,2857.8751728516777,0.3,-12.14
29.1,77,AV,2,5,0,4,8,0,0,34,1025.7249596144625,0.3,-8.73
34.45,157,AV,2,1,4,4,5,0,0,44,2538.843693606908,0.1,-3.4450000000000003
32.766666666666666,6,AV,1,2,9,6,0,0,0,64,4159.866430607663,1.0,-32.766666666666666
46.71666666666667,167,AV,2,2,0,1,5,0,0,81,13460.811009378149,0.4,-18.686666666666667
45.93333333333333,271,AV,2,1,4,8,2,0,0,68,2909.8477340427667,0.1,-4.593333333333333
27.7,56,AV,2,6,1,4,14,0,0,28,2218.0502812558643,0.2,-5.54
22.483333333333334,130,AV,2,5,1,6,7,0,0,21,5557.427333357366,0.2,-4.496666666666667
34.583333333333336,9,AV,2,1,6,7,3,0,0,42,1297.4303329633815,0.2,-6.916666666666668
35.016666666666666,193,AV,2,4,0,0,5,0,0,45,1594.6992934726818,0.4,-14.006666666666668
15.4,236,AV,0,7,8,2,8,0,0,26,3352.9358316496982,0.1,-1.54
50.68333333333333,155,AV,0,7,7,5,3,0,0,46,1526.0895405694364,0.1,-5.068333333333333
27.0,202,AV,2,4,2,8,7,0,0,34,8493.635575370567,0.4,-10.8
43.0,48,AV,2,2,5,3,5,0,0,60,954.0002559944874,0.1,-4.3
45.2,7,AV,2,5,2,2,6,0,0,64,17322.90883950548,0.2,-9.040000000000001
34.56666666666667,212,AV,2,4,1,3,8,0,0,44,3608.770587345788,0.2,-6.913333333333334
47.483333333333334,120,AV,2,4,0,1,13,0,0,77,7332.887514065835,0.4,-18.993333333333336
48.25,220,AV,2,0,5,2,15,0,0,64,1659.6531244520008,0.1,-4.825
24.316666666666666,94,AV,1,3,7,1,1,0,0,47,1927.298426803608,0.2,-4.863333333333333
32.28333333333333,259,AV,1,2,8,1,6,0,0,57,2382.718205806423,0.3,-9.684999999999999
22.35,57,AV,1,1,9,9,14,0,0,42,4223.122456076251,0.2,-4.470000000000001
45.3,99,AV,2,2,0,1,6,0,0,67,777.0630287344238,0.2,-9.06
22.55,132,AV,2,2,0,0,5,0,0,28,743.7818724069466,1.0,-22.55
25.933333333333334,179,AV,0,7,7,5,1,0,0,36,4116.183110063293,0.2,-5.186666666666667
22.75,284,AV,2,1,2,2,5,0,0,16,591.6693204447811,0.4,-9.1
43.06666666666667,223,AV,2,0,4,4,6,0,0,54,3654.013033637752,0.1,-4.3066666666666675
13.7,103,AV,0,7,0,2,0,0,0,25,2797.307504072895,0.3,-4.109999999999999
27.683333333333334,211,AV,0,7,7,2,0,0,0,36,1945.516475481125,0.1,-2.7683333333333335
45.46666666666667,107,AV,2,2,0,1,6,0,0,65,5849.7981009167725,0.3,-13.64
18.8,10,AV,1,4,9,9,9,0,0,37,1104.4445206976068,0.1,-1.8800000000000001
24.15,127,AV,0,9,6,9,0,0,0,35,2030.86588445069,0.3,-7.244999999999999
34.21666666666667,42,AV,1,2,7,1,1,0,0,62,1059.8377785859489,0.2,-6.843333333333334
43.5,67,AV,0,7,8,3,7,0,0,43,1507.5005543882637,0.4,-17.400000000000002
15.566666666666666,164,AV,0,8,0,4,9,0,0,27,767.6170681366935,0.2,-3.1133333333333333
42.266666666666666,158,AV,2,2,3,3,5,0,0,66,4227.85786318916,0.5,-21.133333333333333
78.41666666666667,38,AV,0,7,0,2,1,0,0,60,10751.672106064549,0.3,-23.525000000000002
31.116666666666667,151,AV,2,3,2,3,5,0,0,42,626.2908344343901,0.2,-6.223333333333334
