travel_time,id,kind,action,origin,destination,start_time,income,urgency,reward,observation,cost_table
30.783333333333335,147,AV,1,0,0,53,2496.2043409386315,0.5,-9.702208370609538,"0.25905050505050503,0.3151115196078431,0.38416666666666666,0.5,0.53,0.12333495093088893","0,0,0"
38.35,101,AV,1,0,0,83,1628.9397076974285,0.2,-3.1550423126361813,"0.22747023809523806,0.27658459595959595,0.3535057471264368,0.2,0.83,0.0804842759157665","0,0,0"
20.766666666666666,2,AV,0,0,0,30,437.5592869272848,0.3,-1.688382413524491,"0.20197619047619045,0.276452736318408,0.3460952380952381,0.3,0.3,0.021619365168734063","0,0,0"
24.133333333333333,222,AV,1,0,0,30,4416.224882412617,0.1,-2.691369372783447,"0.24783870967741933,0.26823529411764707,0.35496376811594194,0.1,0.3,0.21820123867235977","0,0,0"
40.38333333333333,22,AV,1,0,0,92,632.5893922142865,0.3,-1.935308203706081,"0.18593750000000003,0.2521469816272966,0.3359193548387097,0.3,0.92,0.031255606910295004","0,0,0"
24.25,89,AV,1,0,0,38,1526.0895405694364,1.0,-9.345371555254756,"0.18999999999999997,0.24593571428571423,0.32176190476190475,1.0,0.38,0.07540255239340664","0,0,0"
36.31666666666667,84,AV,0,0,0,64,1460.106853854364,0.9,-13.051412252078256,"0.22535714285714284,0.282,0.3563611111111111,0.9,0.64,0.07214241407266661","0,0,0"
29.116666666666667,254,AV,1,0,0,52,5654.280440205098,0.1,-4.157419162053159,"0.2352037037037037,0.300125313283208,0.356448275862069,0.1,0.52,0.2793723210896882","0,0,0"
41.45,190,AV,0,0,0,73,3476.696831582168,0.1,-4.639118274471739,"0.22298850574712645,0.26199487179487174,0.31925806451612904,0.1,0.73,0.1717801007282623","0,0,0"
33.983333333333334,208,AV,1,0,0,63,4061.843573313689,0.2,-6.971463843423075,"0.23775833333333332,0.27174011299435025,0.3306578947368422,0.2,0.63,0.20069161389857007","0,0,0"
35.833333333333336,63,AV,1,0,0,73,1074.3823512953045,0.4,-3.8887576688298062,"0.19554,0.279373076923077,0.36802,0.4,0.73,0.05308415357061393","0,0,0"
12.966666666666667,207,AV,1,0,0,4,4021.28082322038,0.1,-1.3167325254484241,"0.21519135802469136,0.29497738095238085,0.3724583333333333,0.1,0.04,0.19868744913115402","0,0,0"
39.13333333333333,133,AV,1,0,0,79,2222.040577514192,0.5,-10.979274570714065,"0.25571739130434784,0.29928710462287106,0.35031666666666667,0.5,0.79,0.1097887945708426","0,0,0"
39.016666666666666,109,AV,1,0,0,80,1782.711710770346,0.1,-1.7564512268153956,"0.2359367816091954,0.2726390804597701,0.3378541666666667,0.1,0.8,0.08808199623958074","0,0,0"
13.483333333333333,41,AV,1,0,0,3,827.3783452591958,0.8,-2.2537006104871695,"0.2754531250000001,0.263362962962963,0.35888636363636367,0.8,0.03,0.040879933561629736","0,0,0"
22.883333333333333,266,AV,1,0,0,31,6446.254396158338,0.7,-26.075316078063036,"0.17249404761904763,0.27203086419753086,0.34305555555555556,0.7,0.31,0.31850295931272143","0,0,0"
34.03333333333333,29,AV,1,0,0,68,742.4887258523852,1.0,-6.381153106862669,"0.2015877192982456,0.27076449275362324,0.3283981481481482,1.0,0.68,0.0366856226743472","0,0,0"
26.283333333333335,298,AV,1,0,0,48,17322.90883950548,0.5,-57.4878519358168,"0.2027654320987654,0.26542074592074594,0.34430000000000005,0.5,0.48,0.8559075379611304","0,0,0"
45.666666666666664,141,AV,2,0,0,99,2382.718205806423,0.3,-8.243242277663636,"0.23467307692307687,0.30160353535353535,0.387061403508772,0.3,0.99,0.1177277149052501","0,0,0"
36.03333333333333,268,AV,1,0,0,72,6709.13861087917,0.5,-30.524321710270975,"0.2544393939393939,0.28911458333333334,0.3665486111111111,0.5,0.72,0.3314918044931234","0,0,0"
29.383333333333333,46,AV,1,0,0,56,905.8209551718018,0.2,-1.3442443972793658,"0.1948260869565218,0.2870859375,0.33793103448275863,0.2,0.56,0.044755704180963","0,0,0"
27.0,49,AV,2,0,0,21,938.3100494872764,0.2,-1.2795137038462863,"0.2343333333333333,0.28378552971576226,0.3502156862745098,0.2,0.21,0.04636095772029518","0,0,0"
38.88333333333333,137,AV,1,0,0,86,2276.662146114732,0.4,-8.941839708561735,"0.2166851851851852,0.2849457364341085,0.350892156862745,0.4,0.86,0.1124875914492194","0,0,0"
20.483333333333334,98,AV,1,0,0,23,1592.2311391495805,0.2,-1.6471818771168643,"0.2781666666666666,0.28206592039800993,0.35842948717948725,0.2,0.23,0.07867054238989274","0,0,0"
41.13333333333333,95,AV,1,0,0,94,1572.8756307612184,0.3,-4.9013346675741,"0.22868229166666665,0.27096899224806203,0.32943333333333336,0.3,0.94,0.07771420614843609","0,0,0"
31.283333333333335,251,AV,1,0,0,53,5480.041794665195,0.6,-25.974844567137808,"0.2021666666666667,0.2485486111111111,0.34042424242424246,0.6,0.53,0.27076336450488875","0,0,0"
36.3,228,AV,1,0,0,72,4549.115907877681,0.1,-4.17002291555454,"0.24215350877192982,0.26010286458333337,0.32895833333333335,0.1,0.72,0.22476725085176577","0,0,0"
30.533333333333335,110,AV,2,0,0,29,1804.2001824470888,0.4,-5.564469249567453,"0.23090740740740742,0.2735934343434343,0.3409569892473118,0.4,0.29,0.08914372005616313","0,0,0"
31.7,239,AV,1,0,0,60,4843.3187157075145,0.3,-11.631303279388499,"0.18633928571428565,0.2589405684754522,0.31757738095238097,0.3,0.6,0.23930351628177382","0,0,0"
32.516666666666666,131,AV,1,0,0,61,2212.8825544422834,0.4,-7.26823882780622,"0.24711666666666665,0.2553430656934307,0.3515833333333333,0.4,0.61,0.10933630584318776","0,0,0"
18.366666666666667,247,AV,1,0,0,17,5304.212874057136,0.2,-4.920237868022697,"0.24991269841269836,0.29500516795865633,0.3608749999999999,0.2,0.17,0.2620758340252039","0,0,0"
39.75,235,AV,1,0,0,87,4747.153558918807,0.1,-4.76513520118744,"0.24985833333333332,0.3007910958904109,0.37743750000000004,0.1,0.87,0.23455209241022626","0,0,0"
25.4,111,AV,1,0,0,41,1805.1606101798543,0.3,-3.4735666286794165,"0.2503409090909091,0.3162005012531328,0.36112,0.3,0.41,0.08919117382641367","0,0,0"
16.05,135,AV,1,0,0,10,2250.3510049999354,0.3,-2.7362222447158304,"0.22048958333333335,0.2806296296296296,0.3346075268817204,0.3,0.1,0.11118758437643748","0,0,0"
42.06666666666667,206,AV,1,0,0,92,3987.5502105766736,0.2,-8.471865935602294,"0.25165942028985505,0.2989897435897436,0.3634135802469135,0.2,0.92,0.19702085341739287","0,0,0"
16.166666666666668,280,AV,1,0,0,11,8987.033628468456,0.5,-18.344744569895628,"0.2097051282051282,0.27608,0.3405724637681159,0.5,0.11,0.4440403108844108","0,0,0"
26.616666666666667,73,AV,1,0,0,48,1234.5997004771,0.7,-5.808750021731271,"0.18253703703703705,0.24835101010101013,0.3125705128205128,0.7,0.48,0.06100033197617807","0,0,0"
22.366666666666667,117,AV,1,0,0,35,1945.516475481125,0.2,-2.197713055636086,"0.18586507936507934,0.25423809523809526,0.3074420289855072,0.2,0.35,0.09612601624932422","0,0,0"
33.5,28,AV,2,0,0,43,682.056612603955,0.1,-0.5769923364200125,"0.22291666666666665,0.2632095959595959,0.36223148148148154,0.1,0.43,0.033699732617228556","0,0,0"
37.233333333333334,112,AV,1,0,0,72,1836.592480640456,0.5,-8.634148993583288,"0.24705208333333334,0.27638936781609197,0.3335104166666667,0.5,0.72,0.09074419099626069","0,0,0"
29.3,114,AV,1,0,0,55,1900.764377468582,0.5,-7.031868214624931,"0.21635135135135136,0.27414453125000005,0.3276984126984128,0.5,0.55,0.09391486000625965","0,0,0"
12.483333333333333,45,AV,1,0,0,0,902.2448599555772,1.0,-2.8441978118970006,"0.19256770833333334,0.28801593137254905,0.3612424242424242,1.0,0.0,0.04457901290582028","0,0,0"
27.4,234,AV,1,0,0,44,4689.4303597647895,0.2,-6.489413730179557,"0.25733333333333336,0.2814632768361582,0.3303928571428571,0.2,0.44,0.2317000470794511","0,0,0"
31.166666666666668,1,AV,1,0,0,59,424.9057127261393,0.1,-0.33441653316409115,"0.19487179487179485,0.23172222222222227,0.3342460317460318,0.1,0.59,0.02099416476842877","0,0,0"
20.85,143,AV,0,0,0,33,2398.572127464108,0.3,-4.7886537013353525,"0.24708333333333335,0.2979818594104308,0.3586296296296297,0.3,0.33,0.11851104126104732","0,0,0"
41.71666666666667,240,AV,1,0,0,94,4864.205776554158,0.1,-5.124203307540007,"0.24473148148148144,0.2927557251908397,0.3606825396825396,0.1,0.94,0.24033552499290464","0,0,0"
27.883333333333333,274,AV,1,0,0,47,7612.519032757181,0.1,-5.3601617600179985,"0.2122758620689655,0.27031785714285717,0.3325897435897436,0.1,0.47,0.3761269243737155","0,0,0"
39.0,209,AV,1,0,0,89,4113.319853961603,0.2,-8.101993651742553,"0.283,0.3127266666666667,0.356536231884058,0.2,0.89,0.20323500525627752","0,0,0"
40.56666666666667,216,AV,1,0,0,93,4227.85786318916,0.2,-8.662126295456579,"0.18915079365079368,0.23021654501216546,0.32954597701149424,0.2,0.93,0.2088942133251532","0,0,0"
29.35,277,AV,1,0,0,55,8326.33528790118,0.1,-6.171160118684335,"0.2322866666666666,0.2641765432098766,0.3441388888888888,0.1,0.55,0.41139586905023645","0,0,0"
44.233333333333334,174,AV,1,0,0,99,3017.17067826153,0.1,-3.3701898064419615,"0.22043859649122804,0.2910099502487562,0.35678703703703696,0.1,0.99,0.14907537474018487","0,0,0"
44.13333333333333,270,AV,1,0,0,100,7177.938863287724,0.1,-7.999655770196083,"0.25184567901234567,0.2867307692307693,0.35318333333333335,0.1,1.0,0.35465475440829575","0,0,0"
52.88333333333333,288,AV,2,0,0,84,11185.875164713363,0.4,-59.75215807682744,"0.2520416666666667,0.28950520833333326,0.3599861111111111,0.4,0.84,0.5526828641120808","0,0,0"
20.5,97,AV,1,0,0,19,1587.6148581174584,0.2,-1.643742656131712,"0.21395698924731185,0.27626520681265204,0.3305833333333333,0.2,0.19,0.07844245657766878","0,0,0"
39.333333333333336,93,AV,0,0,0,73,1530.6528609905624,1.0,-16.203454343172254,"0.2304,0.27264999999999995,0.34582183908045977,1.0,0.73,0.07562802147500029","0,0,0"
41.766666666666666,269,AV,2,0,0,81,6947.27484286379,0.4,-29.30954672763747,"0.2977430555555556,0.3268380614657211,0.37730666666666673,0.4,0.81,0.3432578766872154","0,0,0"
45.63333333333333,156,AV,2,0,0,98,2756.9260540590044,0.3,-9.530888303047416,"0.20791666666666667,0.2888128019323672,0.37111309523809516,0.3,0.98,0.1362169490778143","0,0,0"
23.983333333333334,281,AV,1,0,0,38,8987.822610831106,0.1,-5.443382465061433,"0.20899999999999996,0.29796393034825874,0.3375208333333333,0.1,0.38,0.4440792937110115","0,0,0"
41.3,292,AV,2,0,0,88,13079.31179296209,0.1,-13.640797400235716,"0.2666904761904762,0.30576948051948055,0.37473333333333336,0.1,0.88,0.6462356673845856","0,0,0"
25.466666666666665,182,AV,1,0,0,42,3245.380745418587,0.1,-2.0870967083331653,"0.2676436781609195,0.30386318407960194,0.328235294117647,0.1,0.42,0.16035100509349434","0,0,0"
18.933333333333334,295,AV,0,0,0,27,13748.957190518822,0.3,-20.720726475289624,"0.2121728395061728,0.2708086854460094,0.31990476190476186,0.3,0.27,0.6793221743240372","0,0,0"
28.966666666666665,195,AV,1,0,0,51,3654.013033637752,0.1,-2.6728428671979856,"0.22182142857142856,0.30916431924882626,0.3592333333333333,0.1,0.51,0.18054111629141673","0,0,0"
16.916666666666668,53,AV,1,0,0,11,979.573716991658,0.6,-2.5107760675417494,"0.23702380952380953,0.2981641975308642,0.36189130434782607,0.6,0.11,0.048399754113449336","0,0,0"
22.366666666666667,255,AV,1,0,0,30,5825.994272151124,0.2,-6.581215751874419,"0.21686206896551724,0.29233799533799526,0.33786111111111117,0.2,0.3,0.28785652916908544","0,0,0"
10.233333333333333,257,AV,1,0,0,0,5862.8833826120845,0.1,-1.5150717158770288,"0.21221604938271607,0.2396513994910941,0.31941304347826077,0.1,0.0,0.28967918308966784","0,0,0"
39.63333333333333,152,AV,1,0,0,89,2648.588416164911,0.2,-5.30163573538734,"0.2235308641975309,0.2954047619047619,0.34965,0.2,0.89,0.13086409513292768","0,0,0"
41.9,74,AV,1,0,0,95,1261.43865123121,0.3,-4.00411208231725,"0.20890229885057468,0.2740377604166666,0.3414242424242424,0.3,0.95,0.06232641759345169","0,0,0"
31.116666666666667,122,AV,1,0,0,59,2033.019749384408,0.7,-11.182464269656913,"0.22666666666666666,0.2559702380952381,0.34304347826086956,0.7,0.59,0.10044946518183244","0,0,0"
18.083333333333332,129,AV,1,0,0,16,2158.6935677652164,0.2,-1.9715341086071205,"0.2342166666666666,0.2837330827067669,0.3424761904761905,0.2,0.16,0.10665888240344744","0,0,0"
23.75,154,AV,1,0,0,37,2744.255474143275,0.3,-4.937580872038089,"0.16603333333333337,0.24008010335917312,0.3247795698924731,0.3,0.37,0.13559090844222083","0,0,0"
32.7,168,AV,2,0,0,50,2909.5116230827134,0.1,-2.4025512645152713,"0.2529057971014493,0.28341836734693887,0.3447416666666666,0.1,0.5,0.14375604888613547","0,0,0"
43.36666666666667,32,AV,2,0,0,92,761.8437659652793,0.5,-4.171543516501803,"0.25965151515151513,0.28637984496124025,0.36538333333333334,0.5,0.92,0.03764193577878302","0,0,0"
35.016666666666666,140,AV,1,0,0,70,2347.541384251396,0.2,-4.151670411037191,"0.22304166666666667,0.31468846153846153,0.3491111111111112,0.2,0.7,0.11598966346080683","0,0,0"
34.46666666666667,199,AV,1,0,0,64,3783.636689084741,0.5,-16.465826332128042,"0.2602283950617284,0.322198717948718,0.36570202020202025,0.5,0.64,0.18694569099783895","0,0,0"
37.6,173,AV,1,0,0,78,2996.640782499388,0.1,-2.845295288433763,"0.16605555555555557,0.23965563725490197,0.3281666666666666,0.1,0.78,0.14806101319737625","0,0,0"
39.35,244,AV,0,0,0,71,4950.268578812107,0.9,-45.27115194914919,"0.2668928571428572,0.3071853233830846,0.37739880952380944,0.9,0.71,0.24458780166728444","0,0,0"
41.25,26,AV,2,0,0,87,658.4091024775607,0.1,-0.6858428150807925,"0.20668333333333336,0.2541993006993007,0.34885294117647064,0.1,0.87,0.032531332877974904","0,0,0"
15.9,78,AV,1,0,0,9,1323.5149786113286,0.7,-3.7198792201879,"0.26848,0.32358010335917314,0.37512962962962976,0.7,0.09,0.06539354662044386","0,0,0"
38.15,17,AV,2,0,0,69,600.3305173079323,0.4,-2.3133948722522844,"0.2391078431372549,0.28126296296296294,0.3189166666666667,0.4,0.69,0.029661728280885674","0,0,0"
23.716666666666665,35,AV,1,0,0,37,777.0630287344238,0.2,-0.9307749914891288,"0.24489062500000003,0.2837890625,0.3515925925925927,0.2,0.37,0.03839390427593374","0,0,0"
17.683333333333334,249,AV,1,0,0,16,5341.061461458292,0.3,-7.155134104302079,"0.24853431372549015,0.30727525252525256,0.3928819444444445,0.3,0.16,0.26389648574207625","0,0,0"
37.71666666666667,19,AV,1,0,0,79,616.3739675020589,0.3,-1.7611796571428777,"0.2495769230769231,0.2500097323600973,0.35328395061728396,0.3,0.79,0.030454419051430016","0,0,0"
42.733333333333334,90,AV,0,0,0,76,1527.6889462703334,0.2,-4.297133382354492,"0.21577536231884054,0.2714402985074627,0.3485656565656565,0.2,0.76,0.07548157742369105","0,0,0"
30.583333333333332,82,AV,1,0,0,56,1447.5744631551047,0.3,-3.353913055416183,"0.22906862745098042,0.27356159420289855,0.3274,0.3,0.56,0.07152320122755207","0,0,0"
44.28333333333333,96,AV,2,0,0,96,1573.7150367511856,0.3,-5.279496026070581,"0.26951626016260155,0.3021681286549709,0.3687428571428572,0.3,0.96,0.07775568035585004","0,0,0"
13.433333333333334,256,AV,1,0,0,3,5849.7981009167725,0.1,-1.9844012076342252,"0.2181728395061728,0.2535416666666668,0.343378787878788,0.1,0.03,0.28903265245540044","0,0,0"
17.116666666666667,246,AV,1,0,0,9,5064.807770076448,0.2,-4.3784154712697925,"0.2597708333333333,0.323227493917275,0.369183908045977,0.2,0.09,0.25024706813941117","0,0,0"
24.566666666666666,123,AV,1,0,0,41,2078.9202215407213,0.1,-1.2897005078076698,"0.20545402298850576,0.2718933823529412,0.33120000000000005,0.1,0.41,0.10271736143866485","0,0,0"
41.233333333333334,273,AV,1,0,0,92,7511.51421120444,0.3,-23.463997674898714,"0.25364,0.3020089743589744,0.3689242424242423,0.3,0.92,0.3711363775239707","0,0,0"
41.25,102,AV,1,0,0,94,1635.9686818612918,0.3,-5.1124021308165375,"0.21993333333333331,0.27274626865671636,0.3445384615384615,0.3,0.94,0.08083157047389894","0,0,0"
39.15,191,AV,1,0,0,91,3523.1638559153366,0.1,-3.4831279030072078,"0.21962254901960787,0.27423039215686273,0.32504999999999995,0.1,0.91,0.1740759897594787","0,0,0"
27.983333333333334,136,AV,2,0,0,12,2255.9253983027734,0.2,-3.188298605850469,"0.208768115942029,0.2607886178861789,0.324125,0.2,0.12,0.11146300955425625","0,0,0"
15.6,47,AV,0,0,0,18,913.5589076746268,0.3,-2.0796605272518316,"0.26857246376811594,0.287205596107056,0.3322166666666667,0.3,0.18,0.04513802864718944","0,0,0"
14.666666666666666,128,AV,1,0,0,8,2139.4702648744856,0.4,-3.1695855775918305,"0.21246296296296296,0.30181642512077295,0.3644133333333334,0.4,0.08,0.10570907830292801","0,0,0"
29.0,287,AV,2,0,0,25,11049.706566164488,0.6,-48.55174097254093,"0.2739691358024691,0.339974043715847,0.35898924731182796,0.6,0.25,0.5459549103364543","0,0,0"
13.666666666666666,210,AV,1,0,0,5,4116.183110063293,0.1,-1.4205682450555135,"0.2140625,0.24505158730158727,0.31381250000000005,0.1,0.05,0.2033764758662804","0,0,0"
27.166666666666668,232,AV,1,0,0,51,4660.29795945294,0.2,-6.394179860192166,"0.2062898550724638,0.288195652173913,0.34960869565217384,0.2,0.51,0.23026064442157015","0,0,0"
23.8,299,AV,1,0,0,31,20239.22920549412,0.2,-24.327962378321217,"0.19708620689655174,0.30375529100529103,0.33727419354838717,0.2,0.31,1.0","0,0,0"
34.18333333333333,43,AV,1,0,0,61,857.6590975250949,0.1,-0.7403446165925798,"0.16592753623188405,0.2992094907407407,0.34137500000000004,0.1,0.61,0.04237607513690668","0,0,0"
44.13333333333333,263,AV,1,0,0,98,6130.868263041086,0.1,-6.832718501907743,"0.24066666666666667,0.2810144927536232,0.328216049382716,0.1,0.98,0.3029200470429381","0,0,0"
37.016666666666666,23,AV,2,0,0,66,636.6552097563458,0.4,-2.38049027082297,"0.29376388888888894,0.3250266203703703,0.3873106060606061,0.4,0.66,0.03145649487400044","0,0,0"
28.85,5,AV,1,0,0,51,491.0984231068265,0.4,-1.431130253195146,"0.23198387096774195,0.2784285714285714,0.32655833333333334,0.4,0.51,0.024264680147676444","0,0,0"
39.75,291,AV,2,0,0,63,12051.378145129962,0.1,-12.097027304770608,"0.23184567901234568,0.2997533875338753,0.3606333333333334,0.1,0.63,0.5954464976293913","0,0,0"
15.55,172,AV,0,0,0,16,2991.769966736588,0.4,-5.699194240682217,"0.23479166666666665,0.3136807511737089,0.3719761904761905,0.4,0.16,0.14782035107959768","0,0,0"
17.133333333333333,243,AV,1,0,0,16,4925.450001742355,0.3,-6.393134598221138,"0.2346666666666667,0.30496836982968367,0.33318333333333333,0.3,0.16,0.24336154068581314","0,0,0"
18.6,44,AV,1,0,0,15,898.3728471886773,0.2,-0.8439260079651212,"0.24210144927536226,0.27842758620689656,0.3485075757575757,0.2,0.15,0.044387700641524724","0,0,0"
8.683333333333334,160,AV,0,0,0,9,2780.081336731352,0.4,-3.438421509153257,"0.2204047619047619,0.25971923076923076,0.3370987654320987,0.4,0.09,0.1373610283526348","0,0,0"
28.466666666666665,233,AV,1,0,0,51,4687.914961676448,0.5,-16.84966067875289,"0.21379545454545454,0.2509336043360434,0.30451388888888886,0.5,0.51,0.23162517278098077","0,0,0"
33.233333333333334,237,AV,1,0,0,65,4756.448820673547,0.2,-7.983467128302232,"0.2478589743589744,0.3027769607843137,0.3548809523809524,0.2,0.65,0.23501136196344702","0,0,0"
31.8,8,AV,1,0,0,59,508.6019702527906,0.1,-0.4084227942939076,"0.2693257575757576,0.2991879432624114,0.3619197530864197,0.1,0.59,0.025129512843044734","0,0,0"
44.266666666666666,62,AV,1,0,0,99,1059.8377785859489,0.1,-1.184734486500118,"0.23629761904761903,0.30647530864197536,0.35418518518518516,0.1,0.99,0.052365520832099985","0,0,0"
37.06666666666667,229,AV,1,0,0,75,4609.601315671212,0.2,-8.629421991626918,"0.24494623655913977,0.2627322404371585,0.32800000000000007,0.2,0.75,0.2277557741388637","0,0,0"
33.95,55,AV,1,0,0,62,1011.0784796502788,0.1,-0.8668210703062367,"0.21950490196078434,0.28032603406326034,0.3587982456140351,0.1,0.62,0.04995637281363524","0,0,0"
10.733333333333333,165,AV,0,0,0,10,2853.537244729806,0.5,-4.867167478127094,"0.20984126984126983,0.2770701754385964,0.34892028985507245,0.5,0.1,0.14099041103577145","0,0,0"
25.883333333333333,92,AV,0,0,0,42,1530.0661682302475,0.2,-3.0001622552706855,"0.27974000000000004,0.32550641025641025,0.3847115384615385,0.2,0.42,0.07559903357460358","0,0,0"
46.15,189,AV,0,0,0,95,3465.4556083993225,0.1,-5.0386559678694125,"0.2571597222222222,0.32575124378109455,0.34875520833333334,0.1,0.95,0.17122468317412964","0,0,0"
21.216666666666665,186,AV,1,0,0,25,3386.12741774329,0.1,-1.8142004220484882,"0.22634027777777777,0.2832987179487179,0.3409675925925926,0.1,0.25,0.16730515689916173","0,0,0"
13.85,24,AV,0,0,0,16,640.5426603936758,0.7,-2.5681972455850217,"0.23983333333333334,0.2877353603603603,0.31327499999999997,0.7,0.16,0.03164856990797825","0,0,0"
31.033333333333335,68,AV,0,0,0,53,1129.1321270070612,0.1,-1.8848670119895403,"0.25266,0.2970833333333333,0.35300724637681163,0.1,0.53,0.05578928503366858","0,0,0"
37.083333333333336,33,AV,1,0,0,78,767.6170681366935,0.4,-2.875333293946369,"0.20442857142857146,0.2469586374695864,0.3131590909090909,0.4,0.78,0.03792718884414417","0,0,0"
16.35,148,AV,1,0,0,11,2520.757475212996,0.3,-3.1223018727070064,"0.21135416666666665,0.2926653846153846,0.3395000000000001,0.3,0.11,0.12454809665027725","0,0,0"
24.383333333333333,278,AV,1,0,0,36,8493.635575370567,0.1,-5.229877460760581,"0.21053623188405793,0.2875238095238095,0.3607990196078431,0.1,0.36,0.41966200832712014","0,0,0"
35.68333333333333,283,AV,1,0,0,72,9667.367812467324,0.1,-8.71120980071235,"0.23410919540229883,0.29021338383838385,0.37539655172413794,0.1,0.72,0.4776549400331427","0,0,0"
28.166666666666668,115,AV,1,0,0,53,1927.298426803608,0.4,-5.483391146966495,"0.1812391304347826,0.2447126436781609,0.33566666666666656,0.4,0.53,0.09522588075045987","0,0,0"
20.266666666666666,65,AV,1,0,0,20,1089.3140785512585,0.1,-0.5574940738713511,"0.22324999999999995,0.313850806451613,0.3637873563218392,0.1,0.2,0.05382191522667051","0,0,0"
25.9,276,AV,1,0,0,47,8029.700924090037,0.2,-10.503497673430909,"0.2999202898550724,0.34754379562043797,0.35964743589743586,0.2,0.47,0.39673946287985623","0,0,0"
14.583333333333334,20,AV,1,0,0,8,626.2908344343901,0.2,-0.4612832324327369,"0.22405999999999998,0.29538713910761155,0.3231777777777778,0.2,0.08,0.030944401492541913","0,0,0"
36.0,192,AV,0,0,0,63,3558.5090095449787,0.1,-4.235008190495435,"0.22154,0.2940206812652068,0.37829166666666675,0.1,0.63,0.17582235832276605","0,0,0"
32.983333333333334,221,AV,0,0,0,56,4376.119511966378,0.4,-15.579697835322326,"0.2115185185185185,0.3077513440860215,0.33334188034188034,0.4,0.56,0.2162196725742125","0,0,0"
17.333333333333332,14,AV,0,0,0,26,583.3206434887895,0.1,-1.2553255341870122,"0.2199166666666667,0.271531328320802,0.3262222222222222,0.1,0.26,0.028821287489073047","0,0,0"
25.883333333333333,296,AV,0,0,0,40,15387.119225735782,0.3,-31.17196484541372,"0.2620533333333334,0.3178968824940048,0.3661376811594203,0.3,0.4,0.7602621161856702","0,0,0"
31.016666666666666,21,AV,0,0,0,52,627.4062491148882,0.2,-1.9828308329989959,"0.20743999999999996,0.26202873563218393,0.33395,0.2,0.52,0.0309995130123124","0,0,0"
38.5,12,AV,2,0,0,57,567.9518330451218,0.3,-1.6565261797149389,"0.21777536231884057,0.27367948717948715,0.3621969696969697,0.3,0.57,0.028061929991431995","0,0,0"
19.716666666666665,196,AV,1,0,0,23,3724.6301341612702,0.1,-1.854477040704033,"0.2537738095238095,0.2703100490196078,0.3481474358974359,0.1,0.23,0.1840302363466582","0,0,0"
34.96666666666667,231,AV,1,0,0,72,4645.51881630073,0.1,-4.101977473316049,"0.20911309523809524,0.27692838541666664,0.3237948717948719,0.1,0.72,0.2295304217929239","0,0,0"
43.5,183,AV,1,0,0,97,3323.1633986738134,0.2,-7.300889284965196,"0.2646159420289855,0.29901234567901236,0.3640984848484849,0.2,0.97,0.16419416791681526","0,0,0"
22.0,250,AV,1,0,0,34,5354.15698790508,0.4,-11.898126639789067,"0.22129999999999994,0.2713932853717026,0.3258968253968254,0.4,0.34,0.26454352255923097","0,0,0"
18.716666666666665,242,AV,1,0,0,20,4924.983441788647,0.4,-9.3110377190718,"0.1775144927536232,0.2432511574074074,0.2872753623188406,0.4,0.2,0.24333848842680805","0,0,0"
32.38333333333333,145,AV,1,0,0,62,2472.005569054355,0.1,-2.02150960466019,"0.19183333333333333,0.28600349650349655,0.3767301587301587,0.1,0.62,0.12213931390150505","0,0,0"
29.133333333333333,285,AV,0,0,0,52,10751.672106064549,0.8,-64.2792014861981,"0.2589310344827586,0.3150502450980392,0.37723333333333336,0.8,0.52,0.5312293268137855","0,0,0"
23.416666666666668,267,AV,1,0,0,35,6563.608435155774,0.5,-19.406291774818737,"0.22649509803921572,0.2860853994490358,0.35544230769230767,0.5,0.35,0.3243013045859485","0,0,0"
41.266666666666666,166,AV,1,0,0,94,2857.8751728516777,0.4,-11.912624457880058,"0.17132098765432102,0.24223308270676686,0.3199236111111112,0.4,0.94,0.14120474371009553","0,0,0"
15.516666666666667,134,AV,1,0,0,10,2239.194506681481,0.7,-6.141763720556907,"0.26414166666666666,0.3091518518518518,0.3791474358974359,0.7,0.1,0.11063635299281217","0,0,0"
18.5,286,AV,1,0,0,19,10783.100237376317,0.1,-5.037559454329845,"0.23008333333333333,0.26418717948717946,0.32131818181818184,0.1,0.19,0.5327821592360418","0,0,0"
38.05,64,AV,1,0,0,79,1083.524948441525,0.1,-1.041114249702021,"0.2989753086419753,0.29946282973621097,0.3656319444444444,0.1,0.79,0.053535880118764236","0,0,0"
38.45,214,AV,1,0,0,81,4200.245935785981,1.0,-40.78269096741691,"0.17922619047619048,0.23769012345679016,0.3193141025641026,1.0,0.81,0.2075299357075212","0,0,0"
17.983333333333334,159,AV,1,0,0,16,2767.495209174315,0.6,-7.540725582573448,"0.21277777777777782,0.27129166666666665,0.35111111111111115,0.6,0.16,0.1367391604233156","0,0,0"
21.7,170,AV,1,0,0,30,2946.490055333797,0.4,-6.4584681010851925,"0.24399333333333334,0.2781891252955083,0.3388958333333334,0.4,0.3,0.1455831161067115","0,0,0"
37.96666666666667,36,AV,2,0,0,51,779.0639592631991,0.1,-0.7469308498323096,"0.2251439393939394,0.29251048951048947,0.34298,0.1,0.51,0.0384927682449347","0,0,0"
12.533333333333333,124,AV,0,0,0,13,2105.159940183184,0.4,-3.665118308110698,"0.2921884057971015,0.3042042606516291,0.3675555555555556,0.4,0.13,0.10401383959877876","0,0,0"
18.4,144,AV,1,0,0,17,2421.0391237858234,0.1,-1.1249272696378574,"0.24637878787878786,0.2914223057644111,0.36157471264367813,0.1,0.17,0.1196211129981477","0,0,0"
24.35,175,AV,1,0,0,38,3031.4508351358254,0.1,-1.8640360564534684,"0.25910919540229893,0.3267051282051282,0.37762666666666667,0.1,0.38,0.14978094295769478","0,0,0"
16.666666666666668,289,AV,1,0,0,15,11515.391842589095,0.2,-9.693090776590148,"0.22263333333333332,0.25820023980815354,0.33021794871794874,0.2,0.15,0.5689639524149042","0,0,0"
25.4,54,AV,1,0,0,43,985.0802174553831,0.2,-1.2636887638064005,"0.20861309523809524,0.22839215686274505,0.2906111111111111,0.2,0.43,0.04867182477423469","0,0,0"
41.78333333333333,121,AV,2,0,0,70,2030.86588445069,0.5,-10.714185126931563,"0.25767857142857137,0.3066382978723405,0.37844166666666673,0.5,0.7,0.10034304487739054","0,0,0"
20.8,188,AV,1,0,0,21,3458.1247672483346,0.1,-1.816388766635489,"0.2010757575757576,0.26535579196217496,0.3455576923076923,0.1,0.21,0.17086247367116114","0,0,0"
33.38333333333333,161,AV,1,0,0,62,2797.307504072895,0.2,-4.71633580021718,"0.21248717948717946,0.2654221411192214,0.3549135802469136,0.2,0.62,0.13821215599028547","0,0,0"
44.46666666666667,230,AV,2,0,0,91,4635.813442599864,0.3,-15.61660386976823,"0.20509848484848484,0.27910798122065733,0.32537179487179485,0.3,0.91,0.22905088902009327","0,0,0"
28.983333333333334,217,AV,1,0,0,55,4237.057085974603,0.3,-9.303336202663933,"0.24228000000000005,0.27562254901960787,0.3578908045977011,0.3,0.55,0.20934873768929974","0,0,0"
25.866666666666667,204,AV,1,0,0,46,3919.41152379869,0.4,-10.240617314706341,"0.18655555555555556,0.2620192307692308,0.33029545454545456,0.4,0.46,0.1936541892976206","0,0,0"
31.45,80,AV,1,0,0,56,1386.7650627050614,0.4,-4.405430426472139,"0.2043611111111111,0.2789283950617284,0.3287083333333334,0.4,0.56,0.0685186697885022","0,0,0"
34.61666666666667,142,AV,0,0,0,57,2392.7441380289174,1.0,-21.916370263830224,"0.2470215053763441,0.30402493438320205,0.370578125,1.0,0.57,0.1182230861528751","0,0,0"
14.016666666666667,59,AV,0,0,0,15,1025.7249596144625,0.2,-1.7261234773028309,"0.22190555555555552,0.30355338541666665,0.37673484848484856,0.2,0.15,0.050680040687321244","0,0,0"
47.75,76,AV,0,0,0,99,1297.4303329633815,0.2,-4.128903959545529,"0.23559615384615384,0.30605429292929287,0.36113218390804597,0.2,0.99,0.06410473046133508","0,0,0"
37.81666666666667,86,AV,0,0,0,66,1503.4428459110418,0.1,-2.4357372968738025,"0.21021527777777782,0.28713357843137255,0.36206944444444444,0.1,0.66,0.07428360194186243","0,0,0"
36.983333333333334,0,AV,2,0,0,69,388.2787303527966,0.1,-0.36262226542628606,"0.2683,0.2988812949640288,0.3398012820512822,0.1,0.69,0.01918446233354553","0,0,0"
28.35,245,AV,1,0,0,50,4959.361066312568,0.1,-3.5504516724737707,"0.18491176470588236,0.2634192307692308,0.35003623188405797,0.1,0.5,0.24503705234813514","0,0,0"
15.0,198,AV,1,0,0,8,3778.090807703549,0.2,-2.8621900058360223,"0.24311363636363637,0.3098,0.3692142857142858,0.2,0.08,0.18667167456544997","0,0,0"
17.4,238,AV,1,0,0,14,4818.617258984985,0.1,-2.117271219857039,"0.28744444444444445,0.3009853603603604,0.34745833333333337,0.1,0.14,0.2380830420990997","0,0,0"
44.4,150,AV,2,0,0,92,2538.843693606908,0.7,-19.926076261945123,"0.20795833333333336,0.29662731481481475,0.3741136363636363,0.7,0.92,0.12544171854715278","0,0,0"
6.966666666666667,83,AV,0,0,0,7,1454.957177165027,0.2,-1.5119293771506577,"0.24664880952380952,0.2854137115839244,0.3368888888888889,0.2,0.07,0.07188797371641335","0,0,0"
25.65,178,AV,1,0,0,40,3097.4575811220984,0.2,-4.0126155028172645,"0.2836111111111111,0.3203279569892474,0.37629885057471263,0.2,0.4,0.15304227002287546","0,0,0"
30.883333333333333,104,AV,1,0,0,58,1649.648602545546,0.2,-2.573063013903112,"0.21165104166666665,0.2642181571815718,0.3365617283950617,0.2,0.58,0.08150748162374356","0,0,0"
26.6,197,AV,1,0,0,45,3759.463069718096,0.3,-7.575887701098588,"0.2164166666666667,0.2856748251748252,0.3526875,0.3,0.45,0.18575129672910448","0,0,0"
21.166666666666668,181,AV,1,0,0,29,3197.7177395395383,0.1,-1.7092178153262687,"0.27446875000000004,0.3057159420289855,0.3682931034482758,0.1,0.29,0.15799602381455757","0,0,0"
32.43333333333333,194,AV,2,0,0,36,3608.770587345788,0.4,-11.822672664940914,"0.30483333333333335,0.30144880952380954,0.3733985507246376,0.4,0.36,0.17830573243205106","0,0,0"
36.5,37,AV,1,0,0,73,779.2240782816187,0.3,-2.1546726407029606,"0.23609166666666667,0.29796948356807507,0.34570238095238087,0.3,0.73,0.038500679564916006","0,0,0"
16.0,11,AV,1,0,0,11,566.7055292848979,0.1,-0.22897193102420121,"0.2232839506172839,0.2938518518518519,0.36308602150537633,0.1,0.11,0.02800035137361163","0,0,0"
37.083333333333336,13,AV,1,0,0,75,572.7967315704935,0.5,-2.681971228418241,"0.2244266666666666,0.25322144522144524,0.3324242424242424,0.5,0.75,0.02830131156452355","0,0,0"
42.85,226,AV,0,0,0,91,4547.885280126284,0.2,-10.842266881485418,"0.15967424242424244,0.24836997635933813,0.32704938271604944,0.2,0.91,0.2247064467698068","0,0,0"
10.333333333333334,176,AV,0,0,0,9,3032.1279287666234,0.3,-3.3736354997920537,"0.22598581560283684,0.26563466666666663,0.3601296296296297,0.3,0.09,0.14981439747436257","0,0,0"
42.266666666666666,52,AV,1,0,0,94,978.4447105201264,0.1,-1.0443332432150847,"0.2270916666666667,0.27742063492063485,0.36384057971014494,0.1,0.94,0.04834397103692658","0,0,0"
43.333333333333336,171,AV,1,0,0,97,2969.8754393798326,0.3,-9.749591088873187,"0.26344871794871794,0.271650127226463,0.32884343434343427,0.3,0.97,0.1467385644594426","0,0,0"
21.666666666666668,163,AV,1,0,0,30,2818.3733061874163,0.3,-4.626117800560153,"0.2252283950617284,0.2993435114503816,0.37224479166666663,0.3,0.3,0.13925299612805134","0,0,0"
43.333333333333336,169,AV,1,0,0,95,2909.8477340427667,0.2,-6.368353626692924,"0.20762121212121212,0.2715887096774193,0.32562643678160924,0.2,0.95,0.1437726557913017","0,0,0"
37.56666666666667,50,AV,1,0,0,76,943.1907669438916,0.1,-0.8947609380014865,"0.18554166666666666,0.25327364864864865,0.30546969696969695,0.1,0.76,0.046602109070826375","0,0,0"
41.1,16,AV,1,0,0,91,595.9176043698985,0.3,-1.855470722697184,"0.28083908045977013,0.31042537313432833,0.37922222222222224,0.3,0.91,0.029443690682060725","0,0,0"
13.833333333333334,187,AV,1,0,0,7,3393.6426315430986,0.1,-1.1854896398067223,"0.20916666666666664,0.26404036458333335,0.32625,0.1,0.07,0.16767647606964517","0,0,0"
40.38333333333333,91,AV,1,0,0,93,1528.3774584247917,0.1,-1.5586105142101307,"0.26972727272727276,0.27602283105022823,0.3611439393939394,0.1,0.93,0.07551559611815158","0,0,0"
13.533333333333333,113,AV,1,0,0,4,1848.7234685638712,0.7,-4.422619610823671,"0.21811999999999998,0.27461270983213426,0.36798333333333333,0.7,0.04,0.09134357093312716","0,0,0"
13.466666666666667,153,AV,1,0,0,6,2675.3892374750885,0.1,-0.9098125016329427,"0.20465972222222223,0.2738826291079813,0.33276388888888897,0.1,0.06,0.13218829681264888","0,0,0"
27.5,264,AV,0,0,0,42,6230.691172258436,0.1,-5.326868869623914,"0.22919444444444445,0.2732178571428572,0.34836666666666666,0.1,0.42,0.3078521967905309","0,0,0"
33.96666666666667,118,AV,1,0,0,62,1950.0200213032829,0.2,-3.3452363665118607,"0.23976785714285712,0.30235658914728686,0.3611726190476191,0.2,0.62,0.09634853192798135","0,0,0"
28.65,100,AV,1,0,0,53,1594.6992934726818,0.2,-2.3074815534339566,"0.19391904761904763,0.2737479338842975,0.3564583333333334,0.2,0.53,0.07879249141759738","0,0,0"
16.916666666666668,79,AV,1,0,0,13,1348.5865378412918,0.3,-1.7283021918041808,"0.15214444444444447,0.25090379403794033,0.3274166666666667,0.3,0.13,0.0666323071965214","0,0,0"
42.333333333333336,27,AV,2,0,0,90,676.2529471816457,0.2,-1.4458606783176604,"0.22363580246913578,0.29615947242206236,0.37364583333333334,0.2,0.9,0.033412979334117666","0,0,0"
18.75,69,AV,1,0,0,21,1141.0395517097602,0.1,-0.5402649392565153,"0.21642,0.2956892230576441,0.3653405797101449,0.1,0.21,0.056377618936200136","0,0,0"
31.5,241,AV,1,0,0,61,4889.272753955773,0.1,-3.8891942361011833,"0.2217575757575757,0.2670063613231552,0.323768115942029,0.1,0.61,0.24157405918544247","0,0,0"
22.416666666666668,126,AV,0,0,0,36,2108.868816674547,1.0,-12.937830633111387,"0.23088666666666668,0.2656234567901235,0.339474358974359,1.0,0.36,0.10419709146344741","0,0,0"
27.033333333333335,25,AV,1,0,0,45,650.412147456106,0.2,-0.8880206255671753,"0.27407051282051287,0.30247837150127227,0.3802323232323232,0.2,0.45,0.03213621135727569","0,0,0"
8.716666666666667,252,AV,0,0,0,7,5502.789496653042,0.5,-7.056310830701896,"0.19790404040404042,0.2408790322580645,0.32699462365591403,0.5,0.07,0.27188730562719554","0,0,0"
21.75,31,AV,1,0,0,25,743.7818724069466,0.1,-0.4085165587083608,"0.2105260416666667,0.26624735449735454,0.35363020833333336,0.1,0.25,0.03674951574761752","0,0,0"
19.566666666666666,290,AV,1,0,0,18,11940.25564443948,0.1,-5.89977278054375,"0.2582933333333333,0.30906392694063933,0.3700263157894737,0.1,0.18,0.5899560464090298","0,0,0"
24.083333333333332,218,AV,0,0,0,38,4266.216809230351,0.7,-19.161945717746207,"0.25288095238095243,0.31344961240310076,0.35834057971014494,0.7,0.38,0.2107894903464134","0,0,0"
35.35,88,AV,1,0,0,71,1517.942512651984,1.0,-13.550320157133243,"0.2579916666666667,0.3052980535279805,0.37274712643678165,1.0,0.71,0.07500001592155126","0,0,0"
20.416666666666668,177,AV,1,0,0,28,3064.640983136323,0.7,-11.060309945452008,"0.25003448275862067,0.26379508196721313,0.3400689655172413,0.7,0.28,0.1514208348559242","0,0,0"
40.56666666666667,215,AV,1,0,0,90,4223.122456076251,0.3,-12.978636436981812,"0.25466111111111106,0.2892873134328358,0.33567948717948726,0.3,0.9,0.20866024161284988","0,0,0"
35.6,279,AV,1,0,0,70,8981.750106371177,0.1,-8.074502620879139,"0.24452272727272725,0.2746122685185185,0.3485416666666667,0.1,0.7,0.4437792573608979","0,0,0"
24.75,87,AV,1,0,0,37,1507.5005543882637,1.0,-9.421878464926648,"0.22840666666666667,0.30603928571428574,0.3919533333333333,1.0,0.37,0.07448408924481369","0,0,0"
25.683333333333334,227,AV,1,0,0,45,4549.070920567666,0.1,-2.9503864850988104,"0.2438133333333333,0.30490808823529414,0.3647183908045977,0.1,0.45,0.22476502807393375","0,0,0"
32.65,261,AV,0,0,0,55,6007.794801579103,0.4,-20.81358588601593,"0.2439942528735632,0.3044153439153439,0.3633714285714285,0.4,0.55,0.29683911084658465","0,0,0"
22.2,106,AV,1,0,0,27,1664.0464513081895,0.1,-0.9328745257333789,"0.2692986111111111,0.2950591397849463,0.3647380952380952,0.1,0.27,0.08221886487932402","0,0,0"
31.3,225,AV,2,0,0,22,4504.939201911708,0.4,-14.242888587862268,"0.20896236559139786,0.2730360696517413,0.31990277777777776,0.4,0.22,0.2225845241521748","0,0,0"
40.18333333333333,297,AV,1,0,0,94,16390.717038727882,0.1,-16.63216278635224,"0.23747619047619048,0.26502189781021895,0.3476166666666667,0.1,0.94,0.8098488767684134","0,0,0"
35.05,119,AV,1,0,0,71,1986.5043233563797,0.1,-1.758256983172755,"0.23432716049382718,0.25872261904761906,0.3340869565217392,0.1,0.71,0.09815118467145603","0,0,0"
15.95,15,AV,1,0,0,7,591.6693204447811,0.1,-0.23831125406803688,"0.2299533333333333,0.2823263888888889,0.3600079365079366,0.1,0.07,0.02923378723751827","0,0,0"
27.616666666666667,213,AV,1,0,0,49,4164.701887555128,0.4,-11.617695332792675,"0.26055072463768114,0.27571188630490956,0.349859649122807,0.4,0.49,0.20577373996162773","0,0,0"
14.533333333333333,185,AV,1,0,0,7,3368.9508766880413,0.1,-1.2364163150134564,"0.2801388888888889,0.29585512820512816,0.3594898989898991,0.1,0.07,0.16645648124650464","0,0,0"
17.633333333333333,146,AV,0,0,0,22,2486.38103050259,1.0,-12.071511491042676,"0.18919892473118277,0.27055193236714975,0.33149999999999996,1.0,0.22,0.12284959102235175","0,0,0"
27.516666666666666,205,AV,0,0,0,49,3942.222625638348,0.2,-6.478627571488984,"0.20001515151515153,0.24553260869565222,0.31516000000000005,0.2,0.49,0.19478126294296802","0,0,0"
18.733333333333334,282,AV,1,0,0,17,9095.945853089892,0.2,-8.60592856807495,"0.2165888888888889,0.28715856481481483,0.34808,0.2,0.17,0.44942155458275634","0,0,0"
23.45,30,AV,1,0,0,36,743.7553910389753,0.1,-0.44043090706727195,"0.22724637681159426,0.2605973236009733,0.3281923076923078,0.1,0.36,0.036748207329806624","0,0,0"
27.466666666666665,162,AV,1,0,0,49,2815.231094880572,0.3,-5.8579556115696745,"0.23841975308641977,0.28150911458333333,0.32919333333333334,0.3,0.49,0.1390977426213619","0,0,0"
7.066666666666666,149,AV,0,0,0,6,2533.2754137277425,0.5,-3.2603299146055615,"0.23929365079365078,0.320532183908046,0.3940694444444444,0.5,0.06,0.12516659542746134","0,0,0"
46.0,224,AV,2,0,0,98,4434.023444374438,0.1,-5.150633293970308,"0.2689871794871795,0.3071536643026005,0.3857536231884058,0.1,0.98,0.21908064775365965","0,0,0"
38.4,248,AV,1,0,0,89,5307.329693361759,0.5,-25.732507604178224,"0.2044722222222222,0.280462441314554,0.3377916666666667,0.5,0.89,0.2622298329385507","0,0,0"
19.583333333333332,125,AV,1,0,0,21,2105.6010448069283,0.2,-2.082559955932778,"0.23644444444444443,0.2812529550827423,0.3601590909090908,0.2,0.21,0.104035634135481","0,0,0"
43.016666666666666,272,AV,1,0,0,99,7336.658338656486,0.4,-31.87864507082894,"0.23916666666666667,0.24570194647201946,0.33780833333333327,0.4,0.99,0.3624969243722426","0,0,0"
34.38333333333333,258,AV,0,0,0,57,5882.279762541917,0.4,-21.429533922767636,"0.2370555555555556,0.27844166666666664,0.3212083333333334,0.4,0.57,0.29063753875296394","0,0,0"
15.083333333333334,3,AV,1,0,0,10,437.8567856598078,0.8,-1.3342100707815694,"0.26429629629629625,0.30858628841607566,0.3782580645161289,0.8,0.1,0.021634064282494894","0,0,0"
44.4,180,AV,0,0,0,94,3158.0604616132755,0.8,-29.326845352652413,"0.21822023809523813,0.24541604010025062,0.3422179487179487,0.8,0.94,0.1560365975180513","0,0,0"
12.45,108,AV,1,0,0,3,1684.196745492046,0.3,-1.5885037485890887,"0.21004166666666663,0.23956766917293235,0.31091397849462366,0.3,0.03,0.08321447068917306","0,0,0"
34.21666666666667,260,AV,1,0,0,70,5960.007005011629,0.1,-5.149787197512153,"0.23331333333333334,0.29074796747967485,0.3560052083333333,0.1,0.7,0.29447796378499097","0,0,0"
13.35,75,AV,1,0,0,4,1279.3396024785957,0.1,-0.43129251750225384,"0.22542753623188408,0.2734606481481482,0.3475217391304348,0.1,0.04,0.06321088562657848","0,0,0"
25.366666666666667,105,AV,1,0,0,42,1659.6531244520008,0.4,-4.252511877804622,"0.2405869565217391,0.27759741784037556,0.33584027777777775,0.4,0.42,0.08200179500914358","0,0,0"
34.13333333333333,203,AV,1,0,0,67,3866.930621896856,0.1,-3.3331119165171548,"0.21183928571428567,0.268062656641604,0.312264367816092,0.1,0.67,0.19106116061214143","0,0,0"
30.533333333333335,253,AV,1,0,0,56,5557.427333357366,0.2,-8.570039456827185,"0.23388020833333337,0.2872361111111111,0.3604871794871795,0.2,0.56,0.27458690629625127","0,0,0"
41.75,70,AV,1,0,0,95,1148.9174546898266,0.8,-9.69036439056571,"0.2325588235294118,0.32540350877192986,0.38373015873015887,0.8,0.95,0.05676685821503235","0,0,0"
22.383333333333333,184,AV,0,0,0,35,3352.9358316496982,0.1,-2.895198999118495,"0.20077976190476193,0.2673408521303258,0.3354565217391305,0.1,0.35,0.16566519394619603","0,0,0"
41.28333333333333,61,AV,2,0,0,80,1047.1205397958274,0.1,-1.091631976883108,"0.22782098765432096,0.2865169082125604,0.3606060606060606,0.1,0.8,0.051737174828356464","0,0,0"
39.11666666666667,34,AV,1,0,0,90,776.0711537761008,0.3,-2.2997967145359954,"0.23216666666666672,0.27221628498727735,0.32872413793103455,0.3,0.9,0.03834489672983343","0,0,0"
37.583333333333336,81,AV,1,0,0,77,1446.9812594843625,0.3,-4.119877197142977,"0.22095312499999997,0.2757677595628415,0.32673563218390805,0.3,0.77,0.07149389162960644","0,0,0"
28.483333333333334,39,AV,2,0,0,38,816.2772675203604,0.1,-0.5871287248284075,"0.23020833333333332,0.3082777777777778,0.3624861111111111,0.1,0.38,0.04033144045321521","0,0,0"
26.533333333333335,18,AV,1,0,0,44,601.3137559373858,0.1,-0.4029004627324573,"0.16168333333333337,0.2659712643678161,0.2937121212121212,0.1,0.44,0.029710309114645228","0,0,0"
39.06666666666667,40,AV,1,0,0,90,825.4433072334436,0.3,-2.4429786769636266,"0.26443333333333335,0.2592107142857143,0.3282833333333333,0.3,0.9,0.040784325275063815","0,0,0"
25.916666666666668,294,AV,1,0,0,42,13460.811009378149,0.4,-35.2383183831364,"0.259125,0.30534741784037567,0.35020833333333334,0.4,0.42,0.6650851607394264","0,0,0"
18.983333333333334,72,AV,0,0,0,28,1200.7903182940884,0.1,-1.5756313857478816,"0.21543750000000003,0.2460037593984962,0.3137685185185185,0.1,0.28,0.05932984433854443","0,0,0"
18.433333333333334,138,AV,1,0,0,18,2318.1098695731453,0.1,-1.0790528264932235,"0.21410919540229884,0.28171825396825395,0.3277380952380953,0.1,0.18,0.11453548186231685","0,0,0"
32.65,71,AV,2,0,0,47,1150.4391077840953,0.1,-0.9485312340694625,"0.2064814814814815,0.27183834586466166,0.3637361111111111,0.1,0.47,0.056842041567067104","0,0,0"
22.066666666666666,58,AV,1,0,0,33,1022.032321197676,0.1,-0.5695163271320383,"0.20531333333333332,0.2855458937198067,0.37058641975308637,0.1,0.33,0.05049759112961852","0,0,0"
30.95,200,AV,1,0,0,56,3803.247088152212,0.4,-11.889949230132421,"0.29474242424242425,0.30732957393483706,0.3767066666666667,0.4,0.56,0.18791462113190488","0,0,0"
32.0,262,AV,1,0,0,59,6081.635477498837,0.2,-9.828905822220344,"0.2490055555555556,0.2874185185185185,0.36127333333333334,0.2,0.59,0.3004875045265025","0,0,0"
34.0,60,AV,1,0,0,67,1040.734547163155,0.2,-1.787119929472084,"0.22086231884057972,0.2902004830917874,0.3637068965517242,0.2,0.67,0.05142164934229008","0,0,0"
46.15,4,AV,0,0,0,98,449.0833195935783,0.1,-1.5233635151324152,"0.24048529411764705,0.2918695090439276,0.36319841269841263,0.1,0.98,0.022188756055575014","0,0,0"
33.96666666666667,201,AV,1,0,0,66,3824.993837156676,0.7,-22.966061481850648,"0.22826666666666667,0.2551369509043928,0.30891935483870975,0.7,0.66,0.18898910617200515","0,0,0"
21.666666666666668,219,AV,1,0,0,27,4281.8327360815,0.2,-4.685507202782786,"0.2289833333333333,0.25397244094488186,0.3413768115942029,0.2,0.27,0.21156105761770602","0,0,0"
24.1,116,AV,0,0,0,39,1942.5668635563816,0.3,-4.546656167553697,"0.3000444444444445,0.32281395348837205,0.39192473118279575,0.3,0.39,0.09598027888478354","0,0,0"
16.933333333333334,275,AV,1,0,0,15,7658.5640246764915,0.1,-3.2748741789020688,"0.21358641975308643,0.2798574879227053,0.3419333333333334,0.1,0.15,0.37840196120697644","0,0,0"
42.483333333333334,66,AV,1,0,0,95,1100.389953660579,0.5,-5.902554696718889,"0.1775384615384616,0.2594877450980392,0.3187738095238095,0.5,0.95,0.05436916309845774","0,0,0"
38.13333333333333,139,AV,1,0,0,77,2326.172138461347,0.2,-4.4800352296292605,"0.2125123456790124,0.27548561151079143,0.3478333333333334,0.2,0.77,0.11493383047561351","0,0,0"
5.083333333333333,265,AV,0,0,0,3,6427.339783247283,0.8,-7.600466780775829,"0.24284482758620685,0.2944420803782506,0.3408916666666666,0.8,0.03,0.3175684072742515","0,0,0"
38.0,85,AV,0,0,0,68,1474.807688008607,1.0,-15.152194985941179,"0.2320079365079365,0.2632293233082707,0.34015740740740746,1.0,0.68,0.07286876753232566","0,0,0"
34.2,293,AV,1,0,0,68,13351.937436366714,0.2,-23.06243739008796,"0.23967171717171717,0.3030061274509805,0.33665873015873016,0.2,0.68,0.6597058267783346","0,0,0"
28.983333333333334,51,AV,1,0,0,53,954.0002559944874,0.2,-1.3964700716956344,"0.23529761904761906,0.2639319248826292,0.32030000000000003,0.2,0.53,0.04713619507483592","0,0,0"
31.55,77,AV,1,0,0,60,1310.9401185904849,0.1,-1.0444485035739848,"0.18657870370370364,0.25316035353535354,0.32677272727272727,0.1,0.6,0.06477223540877823","0,0,0"
17.55,157,AV,0,0,0,17,2758.442965787371,0.4,-5.889967075713977,"0.26915151515151514,0.2920446194225722,0.39031410256410254,0.4,0.17,0.13629189816371895","0,0,0"
35.4,6,AV,1,0,0,71,497.26542980048754,0.4,-1.7781006277714404,"0.24413020833333335,0.26448695652173915,0.3498095238095239,0.4,0.71,0.024569385758302514","0,0,0"
42.31666666666667,167,AV,1,0,0,96,2891.134206742707,0.4,-12.357895203568576,"0.23883333333333334,0.30701808785529716,0.35334567901234576,0.4,0.96,0.14284803919103217","0,0,0"
41.166666666666664,271,AV,1,0,0,95,7332.887514065835,0.2,-15.24598666645001,"0.30075438596491233,0.28389642857142855,0.3524677419354839,0.2,0.95,0.3623106117141683","0,0,0"
27.916666666666668,56,AV,1,0,0,49,1014.5614647146556,0.6,-4.29139003383093,"0.27235256410256403,0.3173346456692913,0.37216666666666676,0.6,0.49,0.05012846360963409","0,0,0"
12.0,130,AV,0,0,0,12,2198.5025098873134,0.4,-3.664851527136138,"0.2849791666666667,0.3288873873873874,0.34623076923076923,0.4,0.12,0.10862580227563756","0,0,0"
43.983333333333334,9,AV,2,0,0,90,541.9839687696077,0.2,-1.2039526040260902,"0.23248666666666665,0.3009839999999999,0.3375958333333333,0.2,0.9,0.02677888388271631","0,0,0"
31.833333333333332,193,AV,1,0,0,61,3583.4963710051925,0.2,-5.761345175605992,"0.3006666666666667,0.3304340527577937,0.3893560606060607,0.2,0.61,0.17705695877155342","0,0,0"
13.6,236,AV,1,0,0,6,4754.245589533712,1.0,-16.327712125671333,"0.19720098039215686,0.25615061728395067,0.3452539682539683,1.0,0.06,0.234902502524312","0,0,0"
11.583333333333334,155,AV,1,0,0,3,2747.619709803412,0.7,-5.625913252606734,"0.19764492753623186,0.274188725490196,0.32983333333333337,0.7,0.03,0.13575713194935043","0,0,0"
23.0,202,AV,1,0,0,35,3849.958431883558,0.4,-8.944347872052711,"0.2511956521739131,0.2609651741293532,0.3242352941176471,0.4,0.35,0.19022258173935064","0,0,0"
33.1,48,AV,1,0,0,60,932.0432837729122,0.1,-0.7790563811334192,"0.24050666666666665,0.3305511904761904,0.37951333333333337,0.1,0.6,0.04605132311658888","0,0,0"
20.85,7,AV,1,0,0,24,506.5869000089976,0.8,-2.1338054273106266,"0.23866666666666667,0.275647201946472,0.32335507246376816,0.8,0.24,0.025029950244917432","0,0,0"
29.466666666666665,212,AV,2,0,0,24,4159.866430607663,0.2,-6.190777650938004,"0.250179012345679,0.2578737745098039,0.33001666666666674,0.2,0.24,0.20553482488742356","0,0,0"
27.733333333333334,120,AV,1,0,0,49,2011.9739719035176,0.8,-11.272473701169877,"0.22423333333333337,0.2758718905472637,0.33203086419753086,0.8,0.49,0.09940961444111464","0,0,0"
21.2,220,AV,1,0,0,25,4343.557359248321,0.7,-16.27737151799118,"0.23124731182795696,0.30063659147869676,0.3598397435897436,0.7,0.25,0.21461080929254078","0,0,0"
21.716666666666665,94,AV,2,0,0,6,1564.4426034616197,0.2,-1.7158827544701096,"0.25482692307692306,0.28135238095238096,0.3515208333333333,0.2,0.06,0.07729753873417955","0,0,0"
41.13333333333333,259,AV,2,0,0,71,5913.041300376779,0.3,-18.42599233501249,"0.2690444444444444,0.27059436274509807,0.3207816091954024,0.3,0.71,0.2921574354606168","0,0,0"
14.566666666666666,57,AV,1,0,0,6,1020.5842314575186,0.3,-1.1262507806740798,"0.26035555555555556,0.29543065693430653,0.36937179487179495,0.3,0.06,0.050426042469071494","0,0,0"
20.966666666666665,99,AV,2,0,0,3,1592.6375082496468,0.4,-3.3729595713435283,"0.22130645161290322,0.2708134328358209,0.3299733333333333,0.4,0.03,0.0786906206792357","0,0,0"
34.9,132,AV,1,0,0,68,2218.0502812558643,0.1,-1.9547968387835777,"0.23310897435897437,0.301462962962963,0.3725,0.1,0.68,0.10959163803796217","0,0,0"
41.15,179,AV,1,0,0,90,3132.463358685509,0.2,-6.510144808581247,"0.25951851851851854,0.28413740458015274,0.3260512820512821,0.2,0.9,0.15477187035537765","0,0,0"
44.38333333333333,284,AV,0,0,0,94,10426.353459350525,0.8,-94.48612546212271,"0.2500402298850574,0.2685725806451613,0.3294102564102564,0.8,0.94,0.5151556590169055","0,0,0"
31.216666666666665,223,AV,2,0,0,40,4429.527615460413,0.1,-3.4917951278440036,"0.18740952380952383,0.2510921409214092,0.3260416666666666,0.1,0.4,0.2188585133596875","0,0,0"
39.85,103,AV,2,0,0,78,1639.6236094811811,0.4,-6.599899074527785,"0.2202045454545454,0.3098689567430025,0.3502058823529412,0.4,0.78,0.08101215677897904","0,0,0"
19.65,211,AV,1,0,0,23,4135.471393234625,0.1,-2.0520710322489997,"0.23932539682539683,0.24322388059701494,0.329577380952381,0.1,0.23,0.20432949057724065","0,0,0"
19.533333333333335,107,AV,1,0,0,18,1682.490559712908,0.2,-1.6598307541948891,"0.22838095238095235,0.304140350877193,0.3395705128205128,0.2,0.18,0.08313016976240285","0,0,0"
34.63333333333333,10,AV,2,0,0,52,546.8646928603165,0.2,-0.956552888690015,"0.2686481481481482,0.31884803921568633,0.3627530864197531,0.2,0.52,0.027020035561031403","0,0,0"
20.25,127,AV,2,0,0,0,2131.3254046090938,0.2,-2.1797646183502097,"0.2289702380952381,0.29170465686274516,0.37882608695652176,0.2,0.0,0.10530664893258515","0,0,0"
29.15,42,AV,0,0,0,48,832.3173438658397,0.2,-2.2253560895802638,"0.22189393939393942,0.26873474178403756,0.3276794871794872,0.2,0.48,0.04112396452528438","0,0,0"
42.78333333333333,67,AV,1,0,0,97,1104.4445206976068,0.2,-2.3864554584433977,"0.2119464285714286,0.2669812030075189,0.33405333333333337,0.2,0.97,0.05456949518600221","0,0,0"
24.433333333333334,164,AV,1,0,0,40,2850.5966631146844,0.1,-1.7588277391103229,"0.25117424242424247,0.2600123456790124,0.35234848484848486,0.1,0.4,0.14084511984976505","0,0,0"
41.03333333333333,158,AV,0,0,0,74,2761.3662775036096,0.6,-18.167888321247187,"0.2525641025641026,0.3169031007751938,0.36669999999999997,0.6,0.74,0.13643633606135613","0,0,0"
37.55,38,AV,1,0,0,76,807.7368269013535,0.4,-3.063688671731901,"0.2891811594202899,0.27945620437956203,0.379572463768116,0.4,0.76,0.039909465854662395","0,0,0"
18.45,151,AV,1,0,0,19,2619.168197182975,0.1,-1.2202942736875224,"0.26983333333333337,0.29722556390977445,0.3625925925925926,0.1,0.19,0.1294104716434546","0,0,0"
