travel_time,id,kind,action,bid_route_0,bid_route_1,bid_route_2,karma_balance,origin,destination,start_time,income,urgency,reward
40.416666666666664,147,AV,1,2,5,3,4,0,0,71,1141.0395517097602,0.6,-24.249999999999996
38.416666666666664,101,AV,1,2,4,1,2,0,0,65,2139.4702648744856,0.2,-7.683333333333334
13.533333333333333,2,AV,0,3,4,6,18,0,0,36,2767.495209174315,0.2,-2.706666666666667
33.95,222,AV,1,1,6,4,2,0,0,57,3849.958431883558,0.2,-6.790000000000001
19.55,22,AV,1,2,4,6,8,0,0,37,2486.38103050259,0.6,-11.73
35.75,89,AV,1,2,5,3,0,0,0,59,3803.247088152212,0.4,-14.3
11.85,84,AV,0,6,6,9,5,0,0,33,2421.0391237858234,0.2,-2.37
12.1,254,AV,1,2,4,4,3,0,0,16,4843.3187157075145,0.3,-3.63
33.916666666666664,190,AV,1,0,8,0,1,0,0,55,541.9839687696077,0.1,-3.3916666666666666
26.016666666666666,208,AV,1,2,6,3,11,0,0,46,4754.245589533712,0.1,-2.6016666666666666
38.06666666666667,63,AV,1,2,4,4,7,0,0,61,2756.9260540590044,0.3,-11.42
35.31666666666667,207,AV,1,0,5,5,0,0,0,58,1011.0784796502788,0.2,-7.063333333333334
18.066666666666666,133,AV,1,1,9,4,9,0,0,33,2969.8754393798326,0.1,-1.8066666666666666
30.2,109,AV,1,0,5,5,5,0,0,50,595.9176043698985,0.1,-3.02
28.733333333333334,41,AV,2,2,2,6,2,0,0,37,1848.7234685638712,0.2,-5.746666666666667
17.233333333333334,266,AV,0,4,5,6,4,0,0,37,1527.6889462703334,0.6,-10.34
35.86666666666667,29,AV,1,2,4,4,2,0,0,60,4416.224882412617,0.3,-10.76
26.983333333333334,298,AV,1,0,9,3,9,0,0,47,1234.5997004771,0.3,-8.095
32.083333333333336,141,AV,1,1,9,1,2,0,0,53,2496.2043409386315,0.4,-12.833333333333336
34.65,268,AV,2,2,0,5,0,0,0,39,6007.794801579103,0.3,-10.395
36.11666666666667,46,AV,0,4,5,5,1,0,0,53,566.7055292848979,0.9,-32.505
27.5,49,AV,1,2,5,3,7,0,0,47,1074.3823512953045,1.0,-27.5
43.016666666666666,137,AV,2,2,1,0,10,0,0,62,2818.3733061874163,0.4,-17.206666666666667
49.21666666666667,98,AV,2,2,2,2,7,0,0,78,9095.945853089892,0.2,-9.843333333333334
22.133333333333333,95,AV,1,1,4,9,18,0,0,42,4924.983441788647,0.7,-15.493333333333332
40.983333333333334,251,AV,1,1,7,4,2,0,0,72,825.4433072334436,0.6,-24.59
41.916666666666664,228,AV,1,2,4,4,2,0,0,76,1279.3396024785957,0.1,-4.191666666666666
16.183333333333334,110,AV,1,2,5,3,5,0,0,30,11185.875164713363,0.5,-8.091666666666667
24.15,239,AV,2,1,1,0,5,0,0,22,3458.1247672483346,0.1,-2.415
13.116666666666667,131,AV,1,2,5,7,5,0,0,19,4376.119511966378,0.9,-11.805000000000001
37.3,247,AV,2,2,2,2,11,0,0,49,4687.914961676448,0.7,-26.109999999999996
40.61666666666667,235,AV,1,2,4,2,4,0,0,69,6709.13861087917,0.1,-4.0616666666666665
40.95,111,AV,0,7,3,4,0,0,0,84,449.0833195935783,0.2,-8.190000000000001
16.283333333333335,135,AV,1,0,4,1,1,0,0,29,2105.159940183184,0.1,-1.6283333333333336
34.21666666666667,206,AV,2,1,2,0,6,0,0,46,4950.268578812107,0.1,-3.421666666666667
20.583333333333332,280,AV,1,2,5,4,2,0,0,39,1684.196745492046,0.1,-2.058333333333333
35.21666666666667,73,AV,1,2,5,6,1,0,0,59,1022.032321197676,0.5,-17.608333333333334
20.016666666666666,117,AV,1,2,6,3,1,0,0,38,4266.216809230351,0.1,-2.0016666666666665
38.75,28,AV,1,2,4,1,19,0,0,66,20239.22920549412,0.1,-3.875
39.916666666666664,112,AV,2,2,1,0,5,0,0,57,2780.081336731352,0.1,-3.9916666666666667
23.25,114,AV,1,0,5,4,1,0,0,42,913.5589076746268,0.2,-4.65
41.15,45,AV,1,2,5,3,1,0,0,69,7511.51421120444,0.6,-24.689999999999998
35.65,234,AV,1,1,6,3,10,0,0,59,6947.27484286379,0.3,-10.694999999999999
19.75,1,AV,1,2,4,4,2,0,0,37,7612.519032757181,0.1,-1.975
17.216666666666665,143,AV,0,9,7,1,3,0,0,38,1083.524948441525,0.1,-1.7216666666666667
38.06666666666667,240,AV,0,8,4,9,3,0,0,56,3759.463069718096,0.4,-15.226666666666668
30.9,274,AV,2,2,3,2,8,0,0,29,4645.51881630073,0.1,-3.09
21.683333333333334,209,AV,1,2,4,4,2,0,0,42,10426.353459350525,0.1,-2.1683333333333334
29.65,216,AV,1,2,5,3,1,0,0,48,1530.6528609905624,1.0,-29.65
22.283333333333335,277,AV,2,0,3,8,0,0,0,23,2850.5966631146844,0.4,-8.913333333333334
10.916666666666666,174,AV,1,0,4,3,4,0,0,1,2996.640782499388,0.3,-3.275
25.866666666666667,270,AV,0,8,6,3,5,0,0,44,1782.711710770346,0.4,-10.346666666666668
27.716666666666665,288,AV,1,2,5,3,9,0,0,48,2744.255474143275,0.2,-5.543333333333333
33.916666666666664,97,AV,1,0,5,5,20,0,0,56,3724.6301341612702,0.1,-3.3916666666666666
40.43333333333333,93,AV,2,2,2,5,4,0,0,52,5304.212874057136,0.4,-16.173333333333332
24.266666666666666,269,AV,1,0,5,5,8,0,0,45,4061.843573313689,0.1,-2.4266666666666667
44.85,156,AV,2,2,1,0,12,0,0,73,437.8567856598078,0.1,-4.485
34.483333333333334,281,AV,1,1,6,8,5,0,0,56,943.1907669438916,0.4,-13.793333333333335
24.616666666666667,292,AV,1,0,9,5,3,0,0,45,2222.040577514192,0.6,-14.77
30.65,182,AV,1,2,4,4,2,0,0,53,1805.1606101798543,0.4,-12.26
42.7,295,AV,0,5,0,2,2,0,0,91,5502.789496653042,0.2,-8.540000000000001
41.86666666666667,195,AV,2,1,0,2,11,0,0,61,2891.134206742707,0.6,-25.12
23.8,53,AV,1,2,3,4,3,0,0,43,4660.29795945294,0.1,-2.3800000000000003
31.516666666666666,255,AV,1,0,5,5,2,0,0,54,7177.938863287724,0.2,-6.303333333333334
20.6,257,AV,1,2,5,3,10,0,0,40,601.3137559373858,0.1,-2.06
18.6,152,AV,0,6,6,2,6,0,0,39,743.7553910389753,0.7,-13.02
22.183333333333334,74,AV,1,2,4,4,16,0,0,42,3919.41152379869,0.4,-8.873333333333333
21.5,122,AV,2,1,2,9,8,0,0,20,2239.194506681481,0.3,-6.45
8.533333333333333,129,AV,0,9,7,2,5,0,0,30,13351.937436366714,0.3,-2.56
19.816666666666666,154,AV,1,2,7,3,4,0,0,38,898.3728471886773,0.1,-1.9816666666666667
18.016666666666666,168,AV,1,0,4,2,1,0,0,30,682.056612603955,0.4,-7.206666666666667
31.416666666666668,32,AV,1,2,5,9,9,0,0,52,1474.807688008607,0.7,-21.991666666666667
19.55,140,AV,1,0,3,2,3,0,0,34,11049.706566164488,0.5,-9.775
34.45,199,AV,0,4,0,1,6,0,0,50,600.3305173079323,0.1,-3.4450000000000003
14.566666666666666,173,AV,1,2,6,1,3,0,0,25,2991.769966736588,0.3,-4.37
12.05,244,AV,0,9,4,4,0,0,0,33,3097.4575811220984,0.4,-4.82
22.383333333333333,26,AV,1,1,7,1,3,0,0,42,4429.527615460413,0.5,-11.191666666666666
32.983333333333334,78,AV,1,2,6,4,0,0,0,55,3558.5090095449787,0.2,-6.596666666666668
13.216666666666667,17,AV,1,0,6,0,2,0,0,19,424.9057127261393,0.4,-5.286666666666667
41.86666666666667,35,AV,1,2,3,8,8,0,0,75,1649.648602545546,0.1,-4.1866666666666665
28.116666666666667,249,AV,1,2,5,4,5,0,0,48,832.3173438658397,0.9,-25.305
41.78333333333333,19,AV,2,0,1,8,10,0,0,57,1587.6148581174584,0.4,-16.713333333333335
20.416666666666668,90,AV,0,9,6,8,4,0,0,40,2619.168197182975,0.1,-2.041666666666667
31.116666666666667,82,AV,0,9,5,1,0,0,0,47,3393.6426315430986,0.4,-12.446666666666667
32.766666666666666,96,AV,0,7,0,4,0,0,0,48,572.7967315704935,0.7,-22.936666666666664
25.816666666666666,256,AV,0,7,2,4,9,0,0,43,4818.617258984985,0.1,-2.581666666666667
24.033333333333335,246,AV,2,1,1,5,1,0,0,23,5480.041794665195,0.7,-16.823333333333334
36.333333333333336,123,AV,1,1,9,1,5,0,0,61,1040.734547163155,0.1,-3.6333333333333337
39.93333333333333,273,AV,2,0,0,8,6,0,0,49,5862.8833826120845,0.2,-7.986666666666666
31.766666666666666,102,AV,1,0,6,0,0,0,0,51,3583.4963710051925,0.1,-3.1766666666666667
36.28333333333333,191,AV,1,2,6,3,2,0,0,59,6563.608435155774,0.4,-14.513333333333334
26.05,136,AV,1,0,5,5,8,0,0,47,1592.6375082496468,1.0,-26.05
15.266666666666667,47,AV,1,2,4,2,4,0,0,27,1310.9401185904849,0.1,-1.5266666666666668
8.316666666666666,128,AV,0,3,2,0,5,0,0,28,2747.619709803412,0.4,-3.3266666666666667
40.03333333333333,287,AV,1,0,4,6,5,0,0,67,9667.367812467324,0.1,-4.003333333333333
22.233333333333334,210,AV,0,9,2,3,0,0,0,42,491.0984231068265,0.8,-17.78666666666667
11.783333333333333,232,AV,1,0,5,5,0,0,0,14,3368.9508766880413,0.3,-3.5349999999999997
38.06666666666667,299,AV,1,1,6,3,7,0,0,61,3465.4556083993225,0.1,-3.806666666666667
39.35,43,AV,2,2,2,6,9,0,0,58,4925.450001742355,0.1,-3.9350000000000005
42.36666666666667,263,AV,2,1,0,4,9,0,0,62,636.6552097563458,0.7,-29.656666666666666
45.016666666666666,23,AV,2,3,2,2,9,0,0,60,3323.1633986738134,0.3,-13.504999999999999
34.56666666666667,5,AV,0,3,6,8,5,0,0,52,632.5893922142865,0.1,-3.456666666666667
47.95,291,AV,2,2,2,6,0,0,0,66,807.7368269013535,0.7,-33.565
35.56666666666667,172,AV,2,0,3,8,1,0,0,49,985.0802174553831,0.1,-3.556666666666667
13.066666666666666,243,AV,1,0,3,8,7,0,0,21,1148.9174546898266,0.2,-2.6133333333333333
29.55,44,AV,2,1,0,7,4,0,0,41,6081.635477498837,0.3,-8.865
31.15,160,AV,0,4,1,5,1,0,0,48,4549.070920567666,0.1,-3.115
41.233333333333334,233,AV,0,5,2,1,0,0,0,68,5354.15698790508,0.2,-8.246666666666668
31.116666666666667,237,AV,1,2,5,3,9,0,0,53,5913.041300376779,0.4,-12.446666666666667
34.95,8,AV,1,0,5,5,5,0,0,57,3778.090807703549,0.1,-3.4950000000000006
27.816666666666666,62,AV,1,1,6,8,2,0,0,48,2318.1098695731453,0.4,-11.126666666666667
27.7,229,AV,1,2,5,3,1,0,0,47,1447.5744631551047,0.9,-24.93
12.55,55,AV,1,2,4,1,4,0,0,13,3783.636689084741,0.7,-8.785
19.016666666666666,165,AV,1,0,3,8,6,0,0,36,4864.205776554158,0.1,-1.9016666666666666
39.56666666666667,92,AV,1,0,3,8,8,0,0,63,3866.930621896856,0.3,-11.870000000000001
5.25,189,AV,0,4,5,8,9,0,0,13,13079.31179296209,0.7,-3.675
29.6,186,AV,1,1,6,3,1,0,0,49,2212.8825544422834,0.2,-5.920000000000001
27.416666666666668,24,AV,1,2,3,2,2,0,0,47,2011.9739719035176,0.1,-2.741666666666667
25.4,68,AV,2,2,0,2,5,0,0,34,12051.378145129962,0.1,-2.54
37.21666666666667,33,AV,2,1,2,2,5,0,0,47,1528.3774584247917,1.0,-37.21666666666667
21.366666666666667,148,AV,1,2,4,2,4,0,0,40,3017.17067826153,0.1,-2.1366666666666667
28.933333333333334,278,AV,1,0,5,7,5,0,0,51,1460.106853854364,0.2,-5.786666666666667
20.95,283,AV,1,1,6,4,5,0,0,39,2078.9202215407213,0.4,-8.38
29.333333333333332,115,AV,2,1,1,5,6,0,0,25,4747.153558918807,0.8,-23.46666666666667
13.316666666666666,65,AV,1,2,5,3,1,0,0,15,4549.115907877681,0.1,-1.3316666666666668
18.883333333333333,276,AV,1,0,6,1,4,0,0,38,7658.5640246764915,0.3,-5.665
17.133333333333333,20,AV,1,2,5,3,3,0,0,33,3245.380745418587,0.1,-1.7133333333333334
36.35,192,AV,1,1,6,4,1,0,0,60,2758.442965787371,0.2,-7.2700000000000005
35.93333333333333,221,AV,2,2,2,2,6,0,0,51,1682.490559712908,0.4,-14.373333333333333
13.75,14,AV,0,9,5,0,0,0,0,33,388.2787303527966,0.2,-2.75
18.883333333333333,296,AV,0,7,1,0,4,0,0,39,1530.0661682302475,0.2,-3.776666666666667
16.25,21,AV,1,0,5,5,2,0,0,31,1900.764377468582,0.4,-6.5
23.533333333333335,12,AV,1,2,4,6,4,0,0,44,1664.0464513081895,0.4,-9.413333333333334
32.516666666666666,196,AV,1,2,4,4,11,0,0,55,1942.5668635563816,0.3,-9.754999999999999
27.766666666666666,231,AV,0,4,3,2,6,0,0,45,508.6019702527906,0.2,-5.553333333333334
15.366666666666667,183,AV,1,2,4,1,1,0,0,25,827.3783452591958,0.8,-12.293333333333335
35.6,250,AV,1,2,4,4,6,0,0,58,3197.7177395395383,0.1,-3.5600000000000005
33.166666666666664,242,AV,1,2,5,3,5,0,0,56,1323.5149786113286,0.1,-3.3166666666666664
24.966666666666665,145,AV,1,2,5,3,8,0,0,45,1200.7903182940884,0.3,-7.489999999999999
22.566666666666666,285,AV,1,2,6,4,6,0,0,42,2533.2754137277425,0.1,-2.256666666666667
23.033333333333335,267,AV,1,2,4,1,4,0,0,42,2675.3892374750885,0.3,-6.91
16.983333333333334,166,AV,1,1,7,4,0,0,0,32,1386.7650627050614,0.3,-5.095
22.833333333333332,134,AV,1,2,6,3,9,0,0,42,4635.813442599864,0.3,-6.85
32.78333333333333,286,AV,0,9,2,6,3,0,0,48,15387.119225735782,0.2,-6.556666666666667
16.783333333333335,64,AV,1,2,4,4,1,0,0,25,437.5592869272848,0.4,-6.713333333333335
37.96666666666667,214,AV,0,8,4,0,5,0,0,55,4609.601315671212,0.1,-3.796666666666667
24.516666666666666,159,AV,1,1,6,3,8,0,0,45,6130.868263041086,0.1,-2.4516666666666667
12.516666666666667,170,AV,1,0,5,5,5,0,0,1,857.6590975250949,0.1,-1.251666666666667
30.7,36,AV,1,2,5,3,3,0,0,53,8981.750106371177,0.6,-18.419999999999998
27.766666666666666,124,AV,1,1,5,5,1,0,0,48,5341.061461458292,0.4,-11.106666666666667
14.533333333333333,144,AV,1,1,5,5,0,0,0,23,816.2772675203604,0.4,-5.8133333333333335
22.166666666666668,175,AV,1,1,9,4,1,0,0,41,658.4091024775607,0.2,-4.433333333333334
24.35,289,AV,2,1,0,6,2,0,0,34,1564.4426034616197,0.1,-2.4350000000000005
37.85,54,AV,1,2,5,3,1,0,0,59,902.2448599555772,0.1,-3.785
29.95,121,AV,2,2,1,4,5,0,0,37,497.26542980048754,0.1,-2.995
27.533333333333335,188,AV,2,3,1,7,0,0,0,29,4889.272753955773,0.3,-8.26
10.583333333333334,161,AV,1,0,5,7,3,0,0,7,3987.5502105766736,0.1,-1.0583333333333333
33.083333333333336,230,AV,1,2,4,1,8,0,0,55,6446.254396158338,0.4,-13.233333333333334
21.95,217,AV,1,1,6,4,3,0,0,39,979.573716991658,0.2,-4.39
39.96666666666667,204,AV,2,2,1,0,5,0,0,57,4504.939201911708,0.1,-3.996666666666667
25.8,80,AV,1,1,6,3,4,0,0,46,2198.5025098873134,0.1,-2.58
34.2,142,AV,1,2,4,4,16,0,0,56,742.4887258523852,1.0,-34.2
19.85,59,AV,1,0,8,0,4,0,0,38,5064.807770076448,0.1,-1.9850000000000003
39.916666666666664,76,AV,2,1,2,9,11,0,0,48,2853.537244729806,0.2,-7.983333333333333
40.11666666666667,86,AV,1,2,4,4,24,0,0,68,1573.7150367511856,0.1,-4.011666666666667
17.233333333333334,0,AV,1,2,4,4,3,0,0,31,1261.43865123121,0.3,-5.17
32.983333333333334,245,AV,2,2,1,8,3,0,0,36,1950.0200213032829,0.3,-9.895
23.733333333333334,198,AV,1,2,5,3,1,0,0,44,4547.885280126284,1.0,-23.733333333333334
29.933333333333334,238,AV,1,2,4,2,1,0,0,51,5825.994272151124,0.3,-8.98
11.55,150,AV,1,0,3,8,10,0,0,7,5960.007005011629,0.1,-1.155
20.566666666666666,83,AV,1,1,5,4,2,0,0,39,1348.5865378412918,0.9,-18.51
40.06666666666667,178,AV,2,2,2,2,9,0,0,52,1129.1321270070612,0.6,-24.040000000000003
41.583333333333336,104,AV,2,1,0,4,1,0,0,48,1572.8756307612184,0.4,-16.633333333333336
40.1,197,AV,1,0,9,8,11,0,0,70,1014.5614647146556,0.4,-16.040000000000003
18.45,181,AV,1,1,5,7,2,0,0,37,779.2240782816187,0.1,-1.845
35.38333333333333,194,AV,1,0,6,0,0,0,0,57,3942.222625638348,0.5,-17.691666666666666
33.266666666666666,37,AV,1,2,4,2,16,0,0,54,10783.100237376317,0.1,-3.3266666666666667
19.5,11,AV,1,2,4,4,3,0,0,36,4281.8327360815,0.1,-1.9500000000000002
30.2,13,AV,1,2,5,3,1,0,0,49,3386.12741774329,0.2,-6.04
26.75,226,AV,1,0,5,5,8,0,0,46,3476.696831582168,0.2,-5.3500000000000005
29.083333333333332,176,AV,1,2,6,4,5,0,0,48,4135.471393234625,0.4,-11.633333333333333
24.0,52,AV,1,3,7,2,0,0,0,44,2520.757475212996,0.4,-9.600000000000001
6.65,171,AV,0,4,4,3,1,0,0,20,6230.691172258436,0.7,-4.655
39.733333333333334,163,AV,0,5,6,8,10,0,0,56,567.9518330451218,0.4,-15.893333333333334
17.583333333333332,169,AV,1,0,5,5,0,0,0,34,978.4447105201264,0.6,-10.549999999999999
15.583333333333334,50,AV,1,2,5,6,5,0,0,27,1454.957177165027,0.4,-6.233333333333334
32.55,16,AV,1,0,5,5,7,0,0,55,4021.28082322038,0.4,-13.02
32.983333333333334,187,AV,2,0,1,5,5,0,0,39,8987.033628468456,0.6,-19.79
31.016666666666666,91,AV,1,2,6,4,1,0,0,50,676.2529471816457,0.4,-12.406666666666666
43.766666666666666,113,AV,2,2,0,5,0,0,0,66,2761.3662775036096,0.8,-35.013333333333335
20.583333333333332,153,AV,0,5,6,6,1,0,0,40,4343.557359248321,0.4,-8.233333333333333
36.916666666666664,264,AV,2,1,1,5,2,0,0,48,640.5426603936758,0.2,-7.383333333333333
42.36666666666667,118,AV,1,1,6,4,8,0,0,77,1639.6236094811811,0.4,-16.94666666666667
25.85,100,AV,1,2,5,3,3,0,0,46,506.5869000089976,0.4,-10.340000000000002
21.483333333333334,79,AV,1,2,4,2,2,0,0,41,6427.339783247283,0.1,-2.1483333333333334
38.7,27,AV,1,1,4,1,3,0,0,66,2946.490055333797,0.1,-3.8700000000000006
42.85,69,AV,2,0,3,8,9,0,0,60,2276.662146114732,0.6,-25.71
20.366666666666667,241,AV,1,0,3,8,10,0,0,38,3523.1638559153366,0.3,-6.11
40.1,126,AV,1,2,4,4,13,0,0,67,11940.25564443948,0.1,-4.010000000000001
12.483333333333333,25,AV,1,2,4,4,1,0,0,18,1804.2001824470888,0.4,-4.993333333333333
34.61666666666667,252,AV,1,2,4,4,5,0,0,57,4756.448820673547,0.2,-6.923333333333334
14.166666666666666,31,AV,1,0,5,5,4,0,0,19,5307.329693361759,0.1,-1.4166666666666667
39.7,290,AV,1,2,4,4,14,0,0,64,1446.9812594843625,0.8,-31.760000000000005
37.5,218,AV,1,2,5,3,0,0,0,61,16390.717038727882,0.3,-11.25
16.2,88,AV,1,2,3,1,4,0,0,32,2250.3510049999354,0.4,-6.48
34.53333333333333,177,AV,2,1,0,6,4,0,0,50,2033.019749384408,0.1,-3.453333333333333
39.916666666666664,215,AV,1,0,5,5,0,0,0,65,932.0432837729122,0.3,-11.975
26.85,279,AV,2,2,0,5,4,0,0,36,583.3206434887895,0.1,-2.6850000000000005
13.883333333333333,87,AV,1,2,5,3,3,0,0,24,3132.463358685509,0.1,-1.3883333333333334
37.88333333333333,227,AV,2,0,2,7,3,0,0,51,1100.389953660579,0.2,-7.576666666666667
31.083333333333332,261,AV,1,0,8,2,1,0,0,52,5882.279762541917,0.1,-3.1083333333333334
21.75,106,AV,1,1,5,7,3,0,0,40,3031.4508351358254,0.2,-4.3500000000000005
10.016666666666667,225,AV,0,8,9,1,26,0,0,32,8326.33528790118,0.1,-1.0016666666666667
31.183333333333334,297,AV,2,1,2,1,6,0,0,42,5654.280440205098,0.2,-6.236666666666667
27.5,119,AV,1,0,3,8,9,0,0,47,3032.1279287666234,0.3,-8.25
10.016666666666667,15,AV,0,9,7,5,1,0,0,31,1150.4391077840953,0.3,-3.0050000000000003
32.05,213,AV,1,2,5,3,24,0,0,53,616.3739675020589,0.4,-12.82
14.316666666666666,185,AV,1,0,6,1,4,0,0,21,2909.5116230827134,0.2,-2.8633333333333333
37.166666666666664,146,AV,2,2,2,2,6,0,0,48,4434.023444374438,0.1,-3.716666666666667
28.75,205,AV,2,2,3,1,9,0,0,33,938.3100494872764,0.4,-11.5
41.95,282,AV,1,1,9,1,13,0,0,74,13748.957190518822,0.1,-4.195
25.816666666666666,30,AV,1,1,5,0,11,0,0,46,776.0711537761008,0.4,-10.326666666666668
29.566666666666666,162,AV,1,1,5,6,2,0,0,48,1503.4428459110418,0.4,-11.826666666666668
42.55,149,AV,1,2,4,4,4,0,0,74,4237.057085974603,0.2,-8.51
36.03333333333333,224,AV,1,2,4,4,10,0,0,60,2108.868816674547,0.3,-10.809999999999999
41.55,248,AV,1,2,4,4,5,0,0,70,2648.588416164911,0.1,-4.155
28.7,125,AV,1,1,4,0,2,0,0,49,627.4062491148882,0.2,-5.74
16.866666666666667,272,AV,1,1,4,4,6,0,0,32,650.412147456106,0.2,-3.3733333333333335
53.5,258,AV,2,2,0,5,8,0,0,60,1020.5842314575186,0.5,-26.75
32.96666666666667,3,AV,1,0,5,5,1,0,0,54,546.8646928603165,0.2,-6.593333333333334
42.733333333333334,180,AV,1,0,3,8,5,0,0,92,2255.9253983027734,0.7,-29.91333333333333
24.6,108,AV,1,2,5,3,8,0,0,44,3064.640983136323,0.2,-4.920000000000001
24.216666666666665,260,AV,2,0,3,8,6,0,0,22,2392.7441380289174,0.2,-4.843333333333334
15.75,75,AV,1,0,5,4,0,0,0,26,7336.658338656486,0.1,-1.5750000000000002
39.71666666666667,105,AV,1,2,5,3,0,0,0,66,779.0639592631991,0.4,-15.886666666666668
32.516666666666666,203,AV,1,1,6,8,8,0,0,52,4689.4303597647895,0.2,-6.503333333333334
30.733333333333334,253,AV,2,2,2,2,17,0,0,42,1628.9397076974285,0.6,-18.44
37.85,70,AV,1,0,3,8,5,0,0,63,8029.700924090037,0.4,-15.14
15.15,184,AV,0,7,5,3,10,0,0,36,4113.319853961603,0.7,-10.605
17.633333333333333,61,AV,1,1,5,7,13,0,0,32,905.8209551718018,0.1,-1.7633333333333334
30.666666666666668,34,AV,1,2,4,4,2,0,0,51,11515.391842589095,0.2,-6.133333333333334
35.18333333333333,81,AV,1,2,4,2,9,0,0,58,2398.572127464108,0.1,-3.518333333333333
24.966666666666665,39,AV,1,2,5,3,1,0,0,45,2105.6010448069283,0.1,-2.4966666666666666
29.8,18,AV,1,0,5,5,1,0,0,47,2158.6935677652164,0.2,-5.960000000000001
20.383333333333333,40,AV,1,2,5,3,0,0,0,38,2347.541384251396,0.2,-4.076666666666667
31.916666666666668,294,AV,1,2,5,3,1,0,0,54,1836.592480640456,0.1,-3.191666666666667
25.266666666666666,72,AV,1,2,6,4,2,0,0,44,3824.993837156676,0.2,-5.053333333333334
25.283333333333335,138,AV,1,2,7,2,5,0,0,45,761.8437659652793,0.2,-5.0566666666666675
22.416666666666668,71,AV,0,7,0,9,4,0,0,40,3158.0604616132755,0.7,-15.691666666666666
31.966666666666665,58,AV,1,2,4,4,3,0,0,54,2472.005569054355,0.4,-12.786666666666667
15.683333333333334,200,AV,1,2,5,3,10,0,0,21,1635.9686818612918,1.0,-15.683333333333334
27.683333333333334,262,AV,0,4,4,3,2,0,0,43,4200.245935785981,0.2,-5.536666666666667
17.55,60,AV,1,0,7,6,6,0,0,33,4164.701887555128,0.3,-5.265
25.233333333333334,4,AV,1,2,4,2,3,0,0,45,2815.231094880572,0.2,-5.046666666666667
48.95,201,AV,2,1,0,1,7,0,0,81,1047.1205397958274,0.1,-4.8950000000000005
31.316666666666666,219,AV,1,1,6,4,0,0,0,53,1592.2311391495805,0.3,-9.395
42.4,116,AV,1,2,6,3,1,0,0,70,2131.3254046090938,0.3,-12.719999999999999
6.633333333333334,275,AV,0,3,1,2,2,0,0,24,1517.942512651984,0.1,-0.6633333333333334
29.083333333333332,66,AV,0,6,5,2,1,0,0,45,1986.5043233563797,0.4,-11.633333333333333
35.083333333333336,139,AV,1,0,5,5,2,0,0,56,8987.822610831106,0.8,-28.06666666666667
39.0,265,AV,1,0,8,2,11,0,0,63,4959.361066312568,0.6,-23.4
42.4,85,AV,1,3,6,0,1,0,0,78,2326.172138461347,0.4,-16.96
36.233333333333334,293,AV,0,8,0,6,19,0,0,53,1089.3140785512585,0.5,-18.116666666666667
35.3,51,AV,1,1,6,8,2,0,0,58,2857.8751728516777,0.1,-3.53
18.483333333333334,77,AV,1,2,7,2,4,0,0,34,1025.7249596144625,0.8,-14.786666666666669
24.65,157,AV,1,2,4,4,1,0,0,44,2538.843693606908,0.5,-12.325
37.333333333333336,6,AV,1,2,6,4,1,0,0,64,4159.866430607663,0.3,-11.200000000000001
42.666666666666664,167,AV,1,0,6,0,3,0,0,81,13460.811009378149,0.4,-17.066666666666666
40.5,271,AV,1,2,5,3,6,0,0,68,2909.8477340427667,0.4,-16.2
27.766666666666666,56,AV,2,2,0,5,5,0,0,28,2218.0502812558643,0.2,-5.553333333333334
13.5,130,AV,1,1,7,3,1,0,0,21,5557.427333357366,1.0,-13.5
23.733333333333334,9,AV,1,2,4,1,9,0,0,42,1297.4303329633815,0.3,-7.12
29.333333333333332,193,AV,0,6,1,9,8,0,0,45,1594.6992934726818,0.1,-2.9333333333333336
14.9,236,AV,1,2,4,7,6,0,0,26,3352.9358316496982,0.1,-1.4900000000000002
27.75,155,AV,1,0,9,3,9,0,0,46,1526.0895405694364,0.5,-13.875
17.9,202,AV,1,1,5,5,4,0,0,34,8493.635575370567,0.1,-1.79
36.666666666666664,48,AV,1,1,9,1,13,0,0,60,954.0002559944874,1.0,-36.666666666666664
39.05,7,AV,1,0,3,8,7,0,0,64,17322.90883950548,0.1,-3.905
25.2,212,AV,1,0,9,4,2,0,0,44,3608.770587345788,0.1,-2.52
42.71666666666667,120,AV,1,2,4,4,1,0,0,77,7332.887514065835,0.3,-12.815
39.81666666666667,220,AV,0,7,1,0,6,0,0,64,1659.6531244520008,0.2,-7.963333333333335
27.45,94,AV,1,1,5,7,2,0,0,47,1927.298426803608,0.1,-2.745
43.35,259,AV,2,0,0,8,0,0,0,57,2382.718205806423,0.2,-8.67
24.116666666666667,57,AV,0,9,1,1,0,0,0,42,4223.122456076251,0.1,-2.411666666666667
40.05,99,AV,1,0,3,8,14,0,0,67,777.0630287344238,0.2,-8.01
22.65,132,AV,2,0,1,4,3,0,0,28,743.7818724069466,0.1,-2.265
18.716666666666665,179,AV,1,2,5,9,8,0,0,36,4116.183110063293,0.1,-1.8716666666666666
13.016666666666667,284,AV,1,1,6,4,0,0,0,16,591.6693204447811,0.1,-1.3016666666666667
33.75,223,AV,1,0,3,8,5,0,0,54,3654.013033637752,0.4,-13.5
24.216666666666665,103,AV,2,0,0,8,7,0,0,25,2797.307504072895,0.1,-2.421666666666667
15.383333333333333,211,AV,0,7,1,0,4,0,0,36,1945.516475481125,0.1,-1.5383333333333333
39.63333333333333,107,AV,1,2,5,3,0,0,0,65,5849.7981009167725,0.7,-27.743333333333332
19.533333333333335,10,AV,1,2,6,4,0,0,0,37,1104.4445206976068,0.1,-1.9533333333333336
27.516666666666666,127,AV,2,2,3,1,14,0,0,35,2030.86588445069,0.3,-8.254999999999999
37.93333333333333,42,AV,1,2,4,7,6,0,0,62,1059.8377785859489,0.4,-15.173333333333332
23.533333333333335,67,AV,1,1,6,4,0,0,0,43,1507.5005543882637,0.2,-4.706666666666667
16.216666666666665,164,AV,1,1,5,4,4,0,0,27,767.6170681366935,0.6,-9.729999999999999
38.65,158,AV,1,2,4,1,1,0,0,66,4227.85786318916,0.1,-3.865
36.81666666666667,38,AV,1,0,5,5,0,0,0,60,10751.672106064549,0.4,-14.726666666666668
24.05,151,AV,0,7,9,5,9,0,0,42,626.2908344343901,0.4,-9.620000000000001
