travel_time,id,kind,action,origin,destination,start_time,income,urgency,reward,observation,cost_table
43.733333333333334,38,AV,2,0,0,93,912.6272274022258,,-43.733333333333334,"0,0,0,0","0,0,0"
26.65,199,AV,1,0,0,48,3480.90175047103,,-26.65,"0,0,0,0","0,0,0"
25.533333333333335,49,AV,1,0,0,49,1017.530975349866,,-25.533333333333335,"0,0,0,0","0,0,0"
26.116666666666667,271,AV,1,0,0,49,6248.181898567973,,-26.116666666666667,"0,0,0,0","0,0,0"
34.25,117,AV,2,0,0,44,2105.159940183184,,-34.25,"0,0,0,0","0,0,0"
25.433333333333334,16,AV,2,0,0,11,743.7553910389753,,-25.433333333333334,"0,0,0,0","0,0,0"
30.9,178,AV,2,0,0,44,3065.2253709468137,,-30.9,"0,0,0,0","0,0,0"
28.433333333333334,93,AV,2,0,0,22,1653.1781197118603,,-28.433333333333334,"0,0,0,0","0,0,0"
28.816666666666666,281,AV,2,0,0,35,7897.119961473183,,-28.816666666666666,"0,0,0,0","0,0,0"
14.583333333333334,203,AV,1,0,0,8,3580.4564780460023,,-14.583333333333334,"0,0,0,0","0,0,0"
31.083333333333332,32,AV,1,0,0,70,861.805442805673,,-31.083333333333332,"0,0,0,0","0,0,0"
34.05,275,AV,2,0,0,61,6947.27484286379,,-34.05,"0,0,0,0","0,0,0"
26.616666666666667,138,AV,1,0,0,50,2398.572127464108,,-26.616666666666667,"0,0,0,0","0,0,0"
15.35,88,AV,1,0,0,18,1579.1767070066765,,-15.35,"0,0,0,0","0,0,0"
33.36666666666667,110,AV,1,0,0,76,1950.0200213032829,,-33.36666666666667,"0,0,0,0","0,0,0"
28.25,184,AV,1,0,0,55,3169.820795106812,,-28.25,"0,0,0,0","0,0,0"
28.183333333333334,83,AV,1,0,0,57,1528.3774584247917,,-28.183333333333334,"0,0,0,0","0,0,0"
19.016666666666666,75,AV,1,0,0,30,1421.705549214182,,-19.016666666666666,"0,0,0,0","0,0,0"
17.033333333333335,295,AV,1,0,0,17,11940.25564443948,,-17.033333333333335,"0,0,0,0","0,0,0"
37.93333333333333,86,AV,2,0,0,67,1552.9853059451273,,-37.93333333333333,"0,0,0,0","0,0,0"
37.06666666666667,206,AV,1,0,0,94,3651.018124108644,,-37.06666666666667,"0,0,0,0","0,0,0"
17.916666666666668,262,AV,1,0,0,22,5807.233742044462,,-17.916666666666668,"0,0,0,0","0,0,0"
19.95,89,AV,1,0,0,28,1592.2311391495805,,-19.95,"0,0,0,0","0,0,0"
40.15,218,AV,2,0,0,84,3942.222625638348,,-40.15,"0,0,0,0","0,0,0"
23.783333333333335,12,AV,2,0,0,2,646.5589615252754,,-23.783333333333335,"0,0,0,0","0,0,0"
40.81666666666667,25,AV,2,0,0,73,806.3598325453933,,-40.81666666666667,"0,0,0,0","0,0,0"
19.05,111,AV,1,0,0,24,1996.532829496936,,-19.05,"0,0,0,0","0,0,0"
35.0,241,AV,2,0,0,55,4756.448820673547,,-35.0,"0,0,0,0","0,0,0"
40.416666666666664,134,AV,2,0,0,80,2335.4036410281064,,-40.416666666666664,"0,0,0,0","0,0,0"
33.71666666666667,126,AV,1,0,0,77,2198.5025098873134,,-33.71666666666667,"0,0,0,0","0,0,0"
34.75,205,AV,1,0,0,85,3630.005597296026,,-34.75,"0,0,0,0","0,0,0"
39.78333333333333,82,AV,2,0,0,87,1527.6889462703334,,-39.78333333333333,"0,0,0,0","0,0,0"
31.516666666666666,263,AV,2,0,0,47,5899.132481879994,,-31.516666666666666,"0,0,0,0","0,0,0"
24.833333333333332,17,AV,1,0,0,48,743.7818724069466,,-24.833333333333332,"0,0,0,0","0,0,0"
26.666666666666668,278,AV,2,0,0,1,7336.658338656486,,-26.666666666666668,"0,0,0,0","0,0,0"
29.766666666666666,112,AV,2,0,0,37,1997.7276787447236,,-29.766666666666666,"0,0,0,0","0,0,0"
41.7,135,AV,2,0,0,79,2344.9936519099742,,-41.7,"0,0,0,0","0,0,0"
24.966666666666665,260,AV,1,0,0,49,5611.673516276995,,-24.966666666666665,"0,0,0,0","0,0,0"
38.8,261,AV,1,0,0,95,5721.231751015957,,-38.8,"0,0,0,0","0,0,0"
36.13333333333333,44,AV,2,0,0,65,959.5289757906356,,-36.13333333333333,"0,0,0,0","0,0,0"
22.666666666666668,59,AV,1,0,0,41,1100.389953660579,,-22.666666666666668,"0,0,0,0","0,0,0"
25.233333333333334,270,AV,2,0,0,14,6197.036257351283,,-25.233333333333334,"0,0,0,0","0,0,0"
27.333333333333332,208,AV,1,0,0,55,3742.7752140142647,,-27.333333333333332,"0,0,0,0","0,0,0"
27.25,247,AV,1,0,0,51,4999.976398121604,,-27.25,"0,0,0,0","0,0,0"
38.233333333333334,200,AV,1,0,0,98,3487.44186130441,,-38.233333333333334,"0,0,0,0","0,0,0"
36.03333333333333,24,AV,2,0,0,74,802.5586880039084,,-36.03333333333333,"0,0,0,0","0,0,0"
17.383333333333333,227,AV,1,0,0,20,4434.023444374438,,-17.383333333333333,"0,0,0,0","0,0,0"
24.866666666666667,68,AV,2,0,0,27,1279.3396024785957,,-24.866666666666667,"0,0,0,0","0,0,0"
26.783333333333335,257,AV,1,0,0,49,5427.330032863625,,-26.783333333333335,"0,0,0,0","0,0,0"
33.55,99,AV,2,0,0,54,1751.9448432672848,,-33.55,"0,0,0,0","0,0,0"
34.28333333333333,296,AV,1,0,0,83,13430.196447392702,,-34.28333333333333,"0,0,0,0","0,0,0"
11.533333333333333,50,AV,1,0,0,2,1020.5842314575186,,-11.533333333333333,"0,0,0,0","0,0,0"
31.966666666666665,210,AV,1,0,0,73,3778.090807703549,,-31.966666666666665,"0,0,0,0","0,0,0"
33.28333333333333,95,AV,1,0,0,74,1664.0464513081895,,-33.28333333333333,"0,0,0,0","0,0,0"
24.866666666666667,105,AV,1,0,0,48,1824.367004680513,,-24.866666666666667,"0,0,0,0","0,0,0"
11.9,273,AV,1,0,0,2,6778.2755320215965,,-11.9,"0,0,0,0","0,0,0"
26.15,274,AV,1,0,0,50,6918.069898529506,,-26.15,"0,0,0,0","0,0,0"
48.46666666666667,60,AV,2,0,0,88,1122.7546975855585,,-48.46666666666667,"0,0,0,0","0,0,0"
34.416666666666664,4,AV,1,0,0,83,522.2875039790788,,-34.416666666666664,"0,0,0,0","0,0,0"
33.96666666666667,118,AV,1,0,0,76,2117.047321722312,,-33.96666666666667,"0,0,0,0","0,0,0"
30.066666666666666,179,AV,1,0,0,59,3097.4575811220984,,-30.066666666666666,"0,0,0,0","0,0,0"
28.05,214,AV,2,0,0,3,3849.958431883558,,-28.05,"0,0,0,0","0,0,0"
30.45,150,AV,1,0,0,60,2574.4307659940623,,-30.45,"0,0,0,0","0,0,0"
18.266666666666666,96,AV,1,0,0,27,1691.6338586686718,,-18.266666666666666,"0,0,0,0","0,0,0"
32.38333333333333,287,AV,1,0,0,72,8493.635575370567,,-32.38333333333333,"0,0,0,0","0,0,0"
36.766666666666666,284,AV,1,0,0,98,8331.964781214912,,-36.766666666666666,"0,0,0,0","0,0,0"
14.616666666666667,197,AV,1,0,0,7,3427.0421228311798,,-14.616666666666667,"0,0,0,0","0,0,0"
26.866666666666667,77,AV,2,0,0,5,1454.957177165027,,-26.866666666666667,"0,0,0,0","0,0,0"
15.216666666666667,64,AV,1,0,0,15,1234.5997004771,,-15.216666666666667,"0,0,0,0","0,0,0"
20.416666666666668,29,AV,1,0,0,34,837.3801312568858,,-20.416666666666668,"0,0,0,0","0,0,0"
35.38333333333333,54,AV,1,0,0,88,1047.1205397958274,,-35.38333333333333,"0,0,0,0","0,0,0"
35.53333333333333,195,AV,2,0,0,57,3387.2787239910285,,-35.53333333333333,"0,0,0,0","0,0,0"
18.483333333333334,10,AV,1,0,0,25,617.4453946714843,,-18.483333333333334,"0,0,0,0","0,0,0"
33.71666666666667,249,AV,2,0,0,52,5009.92015912814,,-33.71666666666667,"0,0,0,0","0,0,0"
17.816666666666666,15,AV,1,0,0,23,742.4887258523852,,-17.816666666666666,"0,0,0,0","0,0,0"
28.05,264,AV,2,0,0,16,5912.288420941998,,-28.05,"0,0,0,0","0,0,0"
31.9,132,AV,2,0,0,57,2302.618320259251,,-31.9,"0,0,0,0","0,0,0"
25.166666666666668,28,AV,1,0,0,47,822.5771428470101,,-25.166666666666668,"0,0,0,0","0,0,0"
36.083333333333336,79,AV,1,0,0,90,1509.578116022191,,-36.083333333333336,"0,0,0,0","0,0,0"
24.083333333333332,26,AV,2,0,0,16,816.2772675203604,,-24.083333333333332,"0,0,0,0","0,0,0"
42.03333333333333,190,AV,2,0,0,80,3301.717979419838,,-42.03333333333333,"0,0,0,0","0,0,0"
26.15,35,AV,1,0,0,49,881.2906222289953,,-26.15,"0,0,0,0","0,0,0"
40.96666666666667,72,AV,2,0,0,92,1391.0507319816634,,-40.96666666666667,"0,0,0,0","0,0,0"
21.25,143,AV,1,0,0,35,2456.6540037696086,,-21.25,"0,0,0,0","0,0,0"
36.63333333333333,185,AV,2,0,0,67,3227.056348793521,,-36.63333333333333,"0,0,0,0","0,0,0"
38.583333333333336,42,AV,2,0,0,75,950.4213588862824,,-38.583333333333336,"0,0,0,0","0,0,0"
29.416666666666668,130,AV,1,0,0,65,2283.7291705859197,,-29.416666666666668,"0,0,0,0","0,0,0"
35.63333333333333,91,AV,2,0,0,53,1597.8734280578535,,-35.63333333333333,"0,0,0,0","0,0,0"
19.65,124,AV,1,0,0,29,2187.718469250836,,-19.65,"0,0,0,0","0,0,0"
12.266666666666667,222,AV,1,0,0,3,4196.147454418583,,-12.266666666666667,"0,0,0,0","0,0,0"
27.05,248,AV,2,0,0,16,5004.1281918097375,,-27.05,"0,0,0,0","0,0,0"
26.166666666666668,45,AV,2,0,0,1,968.7072844723906,,-26.166666666666668,"0,0,0,0","0,0,0"
35.81666666666667,101,AV,1,0,0,89,1783.933402668827,,-35.81666666666667,"0,0,0,0","0,0,0"
30.616666666666667,146,AV,2,0,0,40,2497.1975937909187,,-30.616666666666667,"0,0,0,0","0,0,0"
20.216666666666665,133,AV,1,0,0,32,2329.0008356791827,,-20.216666666666665,"0,0,0,0","0,0,0"
48.0,51,AV,2,0,0,93,1025.7249596144625,,-48.0,"0,0,0,0","0,0,0"
17.416666666666668,216,AV,1,0,0,18,3898.759045987068,,-17.416666666666668,"0,0,0,0","0,0,0"
16.566666666666666,103,AV,1,0,0,15,1822.2981036688468,,-16.566666666666666,"0,0,0,0","0,0,0"
45.53333333333333,176,AV,2,0,0,94,3024.224513765153,,-45.53333333333333,"0,0,0,0","0,0,0"
30.316666666666666,61,AV,1,0,0,69,1141.0395517097602,,-30.316666666666666,"0,0,0,0","0,0,0"
30.6,268,AV,1,0,0,70,6081.635477498837,,-30.6,"0,0,0,0","0,0,0"
46.05,128,AV,2,0,0,96,2222.040577514192,,-46.05,"0,0,0,0","0,0,0"
41.61666666666667,292,AV,2,0,0,76,11185.875164713363,,-41.61666666666667,"0,0,0,0","0,0,0"
23.833333333333332,115,AV,1,0,0,42,2052.607856914241,,-23.833333333333332,"0,0,0,0","0,0,0"
36.03333333333333,41,AV,1,0,0,92,933.6906207466446,,-36.03333333333333,"0,0,0,0","0,0,0"
27.316666666666666,139,AV,2,0,0,26,2401.1770329784995,,-27.316666666666666,"0,0,0,0","0,0,0"
18.15,282,AV,1,0,0,22,7912.643587116454,,-18.15,"0,0,0,0","0,0,0"
30.633333333333333,193,AV,1,0,0,65,3361.758609282253,,-30.633333333333333,"0,0,0,0","0,0,0"
37.6,102,AV,1,0,0,90,1797.659883656486,,-37.6,"0,0,0,0","0,0,0"
31.9,74,AV,1,0,0,69,1411.5824788559885,,-31.9,"0,0,0,0","0,0,0"
22.4,237,AV,1,0,0,36,4662.282088415262,,-22.4,"0,0,0,0","0,0,0"
19.8,293,AV,1,0,0,27,11662.42845360034,,-19.8,"0,0,0,0","0,0,0"
40.05,294,AV,2,0,0,91,11861.36896338871,,-40.05,"0,0,0,0","0,0,0"
30.85,175,AV,2,0,0,41,3017.17067826153,,-30.85,"0,0,0,0","0,0,0"
38.9,223,AV,2,0,0,73,4237.057085974603,,-38.9,"0,0,0,0","0,0,0"
30.083333333333332,234,AV,1,0,0,62,4617.1597275219765,,-30.083333333333332,"0,0,0,0","0,0,0"
45.166666666666664,120,AV,2,0,0,84,2133.445027811215,,-45.166666666666664,"0,0,0,0","0,0,0"
28.216666666666665,211,AV,1,0,0,58,3783.636689084741,,-28.216666666666665,"0,0,0,0","0,0,0"
40.95,81,AV,2,0,0,80,1526.0895405694364,,-40.95,"0,0,0,0","0,0,0"
38.55,251,AV,2,0,0,67,5064.807770076448,,-38.55,"0,0,0,0","0,0,0"
31.116666666666667,73,AV,2,0,0,41,1404.912317929139,,-31.116666666666667,"0,0,0,0","0,0,0"
37.63333333333333,288,AV,1,0,0,98,8689.506535985933,,-37.63333333333333,"0,0,0,0","0,0,0"
28.533333333333335,256,AV,2,0,0,33,5386.149373461946,,-28.533333333333335,"0,0,0,0","0,0,0"
47.03333333333333,170,AV,2,0,0,86,2942.323800284961,,-47.03333333333333,"0,0,0,0","0,0,0"
44.86666666666667,266,AV,2,0,0,98,5960.007005011629,,-44.86666666666667,"0,0,0,0","0,0,0"
43.583333333333336,168,AV,2,0,0,93,2909.8477340427667,,-43.583333333333336,"0,0,0,0","0,0,0"
30.033333333333335,253,AV,1,0,0,64,5200.876525735832,,-30.033333333333335,"0,0,0,0","0,0,0"
36.333333333333336,174,AV,1,0,0,93,2991.769966736588,,-36.333333333333336,"0,0,0,0","0,0,0"
30.833333333333332,144,AV,2,0,0,30,2472.005569054355,,-30.833333333333332,"0,0,0,0","0,0,0"
34.18333333333333,76,AV,1,0,0,83,1446.9812594843625,,-34.18333333333333,"0,0,0,0","0,0,0"
34.35,172,AV,1,0,0,84,2971.291490045772,,-34.35,"0,0,0,0","0,0,0"
30.266666666666666,3,AV,2,0,0,18,508.6019702527906,,-30.266666666666666,"0,0,0,0","0,0,0"
22.5,215,AV,1,0,0,39,3882.59008652233,,-22.5,"0,0,0,0","0,0,0"
45.38333333333333,53,AV,2,0,0,92,1046.6558973464134,,-45.38333333333333,"0,0,0,0","0,0,0"
34.8,269,AV,1,0,0,79,6130.868263041086,,-34.8,"0,0,0,0","0,0,0"
24.666666666666668,37,AV,2,0,0,17,904.859336063587,,-24.666666666666668,"0,0,0,0","0,0,0"
27.033333333333335,279,AV,1,0,0,55,7612.519032757181,,-27.033333333333335,"0,0,0,0","0,0,0"
37.833333333333336,36,AV,2,0,0,68,902.2448599555772,,-37.833333333333336,"0,0,0,0","0,0,0"
14.933333333333334,0,AV,1,0,0,9,437.5592869272848,,-14.933333333333334,"0,0,0,0","0,0,0"
22.116666666666667,151,AV,2,0,0,4,2580.565825479665,,-22.116666666666667,"0,0,0,0","0,0,0"
22.25,299,AV,1,0,0,39,16390.717038727882,,-22.25,"0,0,0,0","0,0,0"
35.9,94,AV,1,0,0,83,1659.6531244520008,,-35.9,"0,0,0,0","0,0,0"
35.65,8,AV,1,0,0,86,610.4868582393152,,-35.65,"0,0,0,0","0,0,0"
22.566666666666666,207,AV,1,0,0,44,3667.3634505223554,,-22.566666666666666,"0,0,0,0","0,0,0"
42.3,63,AV,2,0,0,88,1167.011530479414,,-42.3,"0,0,0,0","0,0,0"
47.45,232,AV,2,0,0,95,4559.760277629775,,-47.45,"0,0,0,0","0,0,0"
19.85,166,AV,1,0,0,32,2872.269398564857,,-19.85,"0,0,0,0","0,0,0"
39.61666666666667,189,AV,2,0,0,82,3292.2479258152307,,-39.61666666666667,"0,0,0,0","0,0,0"
24.583333333333332,158,AV,2,0,0,2,2675.3892374750885,,-24.583333333333332,"0,0,0,0","0,0,0"
31.916666666666668,286,AV,1,0,0,72,8475.089255911002,,-31.916666666666668,"0,0,0,0","0,0,0"
21.216666666666665,171,AV,1,0,0,37,2964.6777926145683,,-21.216666666666665,"0,0,0,0","0,0,0"
27.833333333333332,191,AV,1,0,0,61,3323.1633986738134,,-27.833333333333332,"0,0,0,0","0,0,0"
36.483333333333334,137,AV,2,0,0,61,2382.718205806423,,-36.483333333333334,"0,0,0,0","0,0,0"
31.283333333333335,180,AV,1,0,0,69,3101.095365071405,,-31.283333333333335,"0,0,0,0","0,0,0"
28.283333333333335,113,AV,1,0,0,62,2034.664800296876,,-28.283333333333335,"0,0,0,0","0,0,0"
28.266666666666666,204,AV,1,0,0,51,3623.60917519969,,-28.266666666666666,"0,0,0,0","0,0,0"
39.36666666666667,78,AV,1,0,0,100,1467.6871321740252,,-39.36666666666667,"0,0,0,0","0,0,0"
22.8,225,AV,1,0,0,43,4412.688598555705,,-22.8,"0,0,0,0","0,0,0"
22.6,164,AV,1,0,0,37,2835.850686157305,,-22.6,"0,0,0,0","0,0,0"
22.333333333333332,209,AV,1,0,0,41,3773.073658575576,,-22.333333333333332,"0,0,0,0","0,0,0"
34.5,127,AV,1,0,0,83,2218.0502812558643,,-34.5,"0,0,0,0","0,0,0"
27.15,66,AV,2,0,0,25,1265.4739572733297,,-27.15,"0,0,0,0","0,0,0"
30.066666666666666,57,AV,2,0,0,30,1083.524948441525,,-30.066666666666666,"0,0,0,0","0,0,0"
37.3,229,AV,1,0,0,95,4504.939201911708,,-37.3,"0,0,0,0","0,0,0"
20.083333333333332,80,AV,1,0,0,31,1519.7273932229994,,-20.083333333333332,"0,0,0,0","0,0,0"
33.2,196,AV,1,0,0,77,3414.9419898187493,,-33.2,"0,0,0,0","0,0,0"
41.43333333333333,7,AV,2,0,0,80,583.3206434887895,,-41.43333333333333,"0,0,0,0","0,0,0"
21.733333333333334,224,AV,1,0,0,39,4281.8327360815,,-21.733333333333334,"0,0,0,0","0,0,0"
25.033333333333335,238,AV,2,0,0,7,4707.821121085941,,-25.033333333333335,"0,0,0,0","0,0,0"
15.5,39,AV,1,0,0,12,913.5589076746268,,-15.5,"0,0,0,0","0,0,0"
11.8,100,AV,1,0,0,0,1778.835052690156,,-11.8,"0,0,0,0","0,0,0"
23.933333333333334,11,AV,1,0,0,44,623.7253316558669,,-23.933333333333334,"0,0,0,0","0,0,0"
38.43333333333333,267,AV,2,0,0,62,6007.794801579103,,-38.43333333333333,"0,0,0,0","0,0,0"
23.2,85,AV,1,0,0,48,1546.5147326922538,,-23.2,"0,0,0,0","0,0,0"
28.55,21,AV,2,0,0,28,779.2240782816187,,-28.55,"0,0,0,0","0,0,0"
28.4,70,AV,2,0,0,26,1365.417472605012,,-28.4,"0,0,0,0","0,0,0"
40.516666666666666,169,AV,2,0,0,71,2927.9701715656583,,-40.516666666666666,"0,0,0,0","0,0,0"
24.5,5,AV,2,0,0,9,567.9518330451218,,-24.5,"0,0,0,0","0,0,0"
38.733333333333334,47,AV,1,0,0,97,981.8973671489576,,-38.733333333333334,"0,0,0,0","0,0,0"
39.233333333333334,201,AV,2,0,0,80,3508.846318545673,,-39.233333333333334,"0,0,0,0","0,0,0"
31.583333333333332,186,AV,1,0,0,66,3236.647802754315,,-31.583333333333332,"0,0,0,0","0,0,0"
32.983333333333334,187,AV,1,0,0,75,3252.767976975094,,-32.983333333333334,"0,0,0,0","0,0,0"
31.5,108,AV,2,0,0,40,1929.5758599688188,,-31.5,"0,0,0,0","0,0,0"
14.266666666666667,129,AV,1,0,0,4,2225.3307045190536,,-14.266666666666667,"0,0,0,0","0,0,0"
11.266666666666667,33,AV,1,0,0,0,871.0408974081768,,-11.266666666666667,"0,0,0,0","0,0,0"
37.1,245,AV,1,0,0,97,4950.077303955518,,-37.1,"0,0,0,0","0,0,0"
35.75,192,AV,2,0,0,54,3352.9358316496982,,-35.75,"0,0,0,0","0,0,0"
33.5,87,AV,2,0,0,46,1564.4426034616197,,-33.5,"0,0,0,0","0,0,0"
26.916666666666668,160,AV,1,0,0,55,2756.9260540590044,,-26.916666666666668,"0,0,0,0","0,0,0"
39.11666666666667,107,AV,1,0,0,97,1885.557658153182,,-39.11666666666667,"0,0,0,0","0,0,0"
15.016666666666667,298,AV,1,0,0,7,15725.918848752755,,-15.016666666666667,"0,0,0,0","0,0,0"
44.583333333333336,34,AV,2,0,0,89,873.8892656114449,,-44.583333333333336,"0,0,0,0","0,0,0"
43.03333333333333,173,AV,2,0,0,78,2987.078671303881,,-43.03333333333333,"0,0,0,0","0,0,0"
24.4,97,AV,2,0,0,11,1697.366940102563,,-24.4,"0,0,0,0","0,0,0"
49.8,290,AV,2,0,0,94,10426.353459350525,,-49.8,"0,0,0,0","0,0,0"
19.216666666666665,155,AV,1,0,0,25,2629.980017260476,,-19.216666666666665,"0,0,0,0","0,0,0"
22.766666666666666,181,AV,2,0,0,11,3132.463358685509,,-22.766666666666666,"0,0,0,0","0,0,0"
22.433333333333334,165,AV,2,0,0,5,2857.8751728516777,,-22.433333333333334,"0,0,0,0","0,0,0"
30.016666666666666,276,AV,1,0,0,68,6995.337061486569,,-30.016666666666666,"0,0,0,0","0,0,0"
24.466666666666665,1,AV,2,0,0,4,477.1303205766694,,-24.466666666666665,"0,0,0,0","0,0,0"
35.86666666666667,69,AV,1,0,0,89,1323.5149786113286,,-35.86666666666667,"0,0,0,0","0,0,0"
39.483333333333334,252,AV,2,0,0,68,5168.6614957092925,,-39.483333333333334,"0,0,0,0","0,0,0"
18.983333333333334,182,AV,1,0,0,27,3158.0604616132755,,-18.983333333333334,"0,0,0,0","0,0,0"
41.65,148,AV,2,0,0,82,2553.8725848963804,,-41.65,"0,0,0,0","0,0,0"
45.833333333333336,212,AV,2,0,0,91,3793.837230001502,,-45.833333333333336,"0,0,0,0","0,0,0"
16.3,23,AV,1,0,0,19,793.0252767736928,,-16.3,"0,0,0,0","0,0,0"
39.3,30,AV,1,0,0,98,845.7864251007381,,-39.3,"0,0,0,0","0,0,0"
36.68333333333333,109,AV,1,0,0,88,1942.5668635563816,,-36.68333333333333,"0,0,0,0","0,0,0"
26.75,163,AV,1,0,0,54,2793.3389947689566,,-26.75,"0,0,0,0","0,0,0"
24.85,289,AV,1,0,0,49,9280.176126726552,,-24.85,"0,0,0,0","0,0,0"
42.93333333333333,58,AV,2,0,0,74,1097.8259349569896,,-42.93333333333333,"0,0,0,0","0,0,0"
30.133333333333333,291,AV,1,0,0,67,10783.100237376317,,-30.133333333333333,"0,0,0,0","0,0,0"
31.566666666666666,27,AV,2,0,0,48,818.0604611907775,,-31.566666666666666,"0,0,0,0","0,0,0"
33.46666666666667,156,AV,1,0,0,81,2645.062412614309,,-33.46666666666667,"0,0,0,0","0,0,0"
31.066666666666666,242,AV,2,0,0,36,4818.617258984985,,-31.066666666666666,"0,0,0,0","0,0,0"
43.233333333333334,18,AV,2,0,0,84,753.5670156580491,,-43.233333333333334,"0,0,0,0","0,0,0"
32.05,55,AV,2,0,0,45,1059.8377785859489,,-32.05,"0,0,0,0","0,0,0"
27.3,140,AV,1,0,0,57,2417.357356239525,,-27.3,"0,0,0,0","0,0,0"
24.533333333333335,9,AV,2,0,0,24,616.3739675020589,,-24.533333333333335,"0,0,0,0","0,0,0"
20.866666666666667,240,AV,1,0,0,33,4735.166802079286,,-20.866666666666667,"0,0,0,0","0,0,0"
19.583333333333332,62,AV,1,0,0,13,1141.5133047894662,,-19.583333333333332,"0,0,0,0","0,0,0"
25.033333333333335,121,AV,0,0,0,81,2137.1188228190404,,-25.033333333333335,"0,0,0,0","0,0,0"
44.3,280,AV,2,0,0,79,7864.29237148983,,-44.3,"0,0,0,0","0,0,0"
24.0,183,AV,1,0,0,45,3159.4556453821087,,-24.0,"0,0,0,0","0,0,0"
29.333333333333332,119,AV,1,0,0,58,2123.4400354784907,,-29.333333333333332,"0,0,0,0","0,0,0"
33.45,239,AV,2,0,0,51,4717.175795221327,,-33.45,"0,0,0,0","0,0,0"
15.016666666666667,265,AV,1,0,0,2,5913.041300376779,,-15.016666666666667,"0,0,0,0","0,0,0"
37.016666666666666,162,AV,1,0,0,93,2780.081336731352,,-37.016666666666666,"0,0,0,0","0,0,0"
26.633333333333333,188,AV,1,0,0,54,3257.969850357721,,-26.633333333333333,"0,0,0,0","0,0,0"
23.033333333333335,71,AV,1,0,0,41,1386.7650627050614,,-23.033333333333335,"0,0,0,0","0,0,0"
43.68333333333333,136,AV,2,0,0,84,2352.9451803313505,,-43.68333333333333,"0,0,0,0","0,0,0"
13.85,220,AV,1,0,0,5,4021.28082322038,,-13.85,"0,0,0,0","0,0,0"
34.93333333333333,6,AV,1,0,0,84,572.7967315704935,,-34.93333333333333,"0,0,0,0","0,0,0"
29.133333333333333,145,AV,1,0,0,61,2476.7673195544394,,-29.133333333333333,"0,0,0,0","0,0,0"
24.716666666666665,194,AV,1,0,0,47,3362.377553451843,,-24.716666666666665,"0,0,0,0","0,0,0"
31.583333333333332,231,AV,1,0,0,70,4549.115907877681,,-31.583333333333332,"0,0,0,0","0,0,0"
43.516666666666666,13,AV,2,0,0,88,670.158540600369,,-43.516666666666666,"0,0,0,0","0,0,0"
36.583333333333336,147,AV,2,0,0,60,2520.757475212996,,-36.583333333333336,"0,0,0,0","0,0,0"
17.266666666666666,297,AV,1,0,0,4,14312.770160915026,,-17.266666666666666,"0,0,0,0","0,0,0"
29.816666666666666,230,AV,1,0,0,64,4505.18942297478,,-29.816666666666666,"0,0,0,0","0,0,0"
38.416666666666664,250,AV,1,0,0,98,5051.78348307234,,-38.416666666666664,"0,0,0,0","0,0,0"
31.25,157,AV,2,0,0,38,2667.9339807116767,,-31.25,"0,0,0,0","0,0,0"
22.75,84,AV,2,0,0,22,1530.6528609905624,,-22.75,"0,0,0,0","0,0,0"
21.833333333333332,52,AV,2,0,0,2,1040.734547163155,,-21.833333333333332,"0,0,0,0","0,0,0"
36.416666666666664,14,AV,1,0,0,97,741.34301771214,,-36.416666666666664,"0,0,0,0","0,0,0"
43.15,233,AV,2,0,0,98,4577.590037133467,,-43.15,"0,0,0,0","0,0,0"
30.383333333333333,46,AV,2,0,0,43,978.4447105201264,,-30.383333333333333,"0,0,0,0","0,0,0"
44.666666666666664,202,AV,2,0,0,81,3520.054626539052,,-44.666666666666664,"0,0,0,0","0,0,0"
33.13333333333333,213,AV,1,0,0,73,3822.7735841463273,,-33.13333333333333,"0,0,0,0","0,0,0"
48.25,285,AV,2,0,0,87,8436.938288223368,,-48.25,"0,0,0,0","0,0,0"
23.95,159,AV,1,0,0,43,2747.619709803412,,-23.95,"0,0,0,0","0,0,0"
33.36666666666667,255,AV,1,0,0,79,5354.15698790508,,-33.36666666666667,"0,0,0,0","0,0,0"
29.65,221,AV,2,0,0,36,4034.238052294327,,-29.65,"0,0,0,0","0,0,0"
12.166666666666666,254,AV,1,0,0,2,5304.212874057136,,-12.166666666666666,"0,0,0,0","0,0,0"
34.53333333333333,259,AV,2,0,0,48,5502.789496653042,,-34.53333333333333,"0,0,0,0","0,0,0"
39.05,56,AV,1,0,0,100,1062.4074567339185,,-39.05,"0,0,0,0","0,0,0"
30.883333333333333,219,AV,2,0,0,23,3971.0791127863904,,-30.883333333333333,"0,0,0,0","0,0,0"
21.45,153,AV,1,0,0,36,2619.168197182975,,-21.45,"0,0,0,0","0,0,0"
35.333333333333336,167,AV,2,0,0,53,2898.378436294527,,-35.333333333333336,"0,0,0,0","0,0,0"
32.13333333333333,123,AV,1,0,0,71,2142.030696222753,,-32.13333333333333,"0,0,0,0","0,0,0"
28.266666666666666,217,AV,1,0,0,58,3941.04555698938,,-28.266666666666666,"0,0,0,0","0,0,0"
14.966666666666667,31,AV,1,0,0,2,857.6590975250949,,-14.966666666666667,"0,0,0,0","0,0,0"
30.083333333333332,149,AV,2,0,0,44,2561.5826276178027,,-30.083333333333332,"0,0,0,0","0,0,0"
37.3,114,AV,2,0,0,66,2043.1688306873104,,-37.3,"0,0,0,0","0,0,0"
38.483333333333334,22,AV,2,0,0,55,783.6834518391023,,-38.483333333333334,"0,0,0,0","0,0,0"
30.9,40,AV,1,0,0,70,926.7012599248138,,-30.9,"0,0,0,0","0,0,0"
28.533333333333335,198,AV,2,0,0,29,3476.696831582168,,-28.533333333333335,"0,0,0,0","0,0,0"
36.416666666666664,90,AV,2,0,0,60,1594.6992934726818,,-36.416666666666664,"0,0,0,0","0,0,0"
43.016666666666666,236,AV,2,0,0,67,4656.548587392589,,-43.016666666666666,"0,0,0,0","0,0,0"
34.85,142,AV,2,0,0,37,2436.431929205765,,-34.85,"0,0,0,0","0,0,0"
36.6,131,AV,2,0,0,56,2293.603195459698,,-36.6,"0,0,0,0","0,0,0"
37.38333333333333,67,AV,2,0,0,58,1275.9312017726234,,-37.38333333333333,"0,0,0,0","0,0,0"
23.433333333333334,92,AV,1,0,0,46,1626.914224999384,,-23.433333333333334,"0,0,0,0","0,0,0"
18.683333333333334,48,AV,1,0,0,26,1014.5614647146556,,-18.683333333333334,"0,0,0,0","0,0,0"
27.816666666666666,106,AV,2,0,0,33,1862.7228332236152,,-27.816666666666666,"0,0,0,0","0,0,0"
32.63333333333333,98,AV,1,0,0,74,1718.6657268339234,,-32.63333333333333,"0,0,0,0","0,0,0"
29.516666666666666,226,AV,2,0,0,29,4416.224882412617,,-29.516666666666666,"0,0,0,0","0,0,0"
37.9,43,AV,2,0,0,72,954.0002559944874,,-37.9,"0,0,0,0","0,0,0"
34.81666666666667,152,AV,1,0,0,84,2612.3907844155665,,-34.81666666666667,"0,0,0,0","0,0,0"
17.866666666666667,246,AV,1,0,0,17,4967.653125719208,,-17.866666666666667,"0,0,0,0","0,0,0"
16.066666666666666,141,AV,1,0,0,15,2421.0391237858234,,-16.066666666666666,"0,0,0,0","0,0,0"
39.61666666666667,154,AV,2,0,0,79,2622.7149314101284,,-39.61666666666667,"0,0,0,0","0,0,0"
31.766666666666666,272,AV,1,0,0,70,6446.254396158338,,-31.766666666666666,"0,0,0,0","0,0,0"
35.38333333333333,19,AV,1,0,0,85,776.0711537761008,,-35.38333333333333,"0,0,0,0","0,0,0"
16.35,104,AV,1,0,0,12,1823.811293294481,,-16.35,"0,0,0,0","0,0,0"
18.716666666666665,2,AV,1,0,0,22,497.26542980048754,,-18.716666666666665,"0,0,0,0","0,0,0"
35.36666666666667,283,AV,1,0,0,88,8011.326014866212,,-35.36666666666667,"0,0,0,0","0,0,0"
19.416666666666668,228,AV,1,0,0,27,4446.537177105173,,-19.416666666666668,"0,0,0,0","0,0,0"
25.25,125,AV,1,0,0,45,2193.4249838744518,,-25.25,"0,0,0,0","0,0,0"
29.066666666666666,243,AV,1,0,0,63,4924.983441788647,,-29.066666666666666,"0,0,0,0","0,0,0"
18.983333333333334,277,AV,1,0,0,29,7081.334819999852,,-18.983333333333334,"0,0,0,0","0,0,0"
24.616666666666667,177,AV,1,0,0,46,3046.5766145774583,,-24.616666666666667,"0,0,0,0","0,0,0"
34.53333333333333,235,AV,2,0,0,29,4630.913868273173,,-34.53333333333333,"0,0,0,0","0,0,0"
19.666666666666668,161,AV,1,0,0,29,2761.3662775036096,,-19.666666666666668,"0,0,0,0","0,0,0"
38.05,258,AV,1,0,0,100,5480.041794665195,,-38.05,"0,0,0,0","0,0,0"
21.166666666666668,65,AV,1,0,0,32,1249.5878531833848,,-21.166666666666668,"0,0,0,0","0,0,0"
24.233333333333334,122,AV,2,0,0,4,2141.869626207308,,-24.233333333333334,"0,0,0,0","0,0,0"
34.06666666666667,20,AV,2,0,0,44,777.0630287344238,,-34.06666666666667,"0,0,0,0","0,0,0"
28.866666666666667,116,AV,2,0,0,4,2088.64210540395,,-28.866666666666667,"0,0,0,0","0,0,0"
12.166666666666666,244,AV,1,0,0,3,4934.883137056144,,-12.166666666666666,"0,0,0,0","0,0,0"
