travel_time,id,kind,action,origin,destination,start_time,income,urgency,reward,observation,cost_table
17.183333333333334,44,AV,1,0,0,42,881.2906222289953,0.5,-0.08591666666666667,"0.21043111111111112,0.1578735119047619,0.17964609053497937,0.5,0.42,0.04354368505248021","0,0,0"
11.8,137,AV,0,0,0,28,2294.767722006211,0.6,-0.0740683046428085,"0.0812644927536232,0.09397014925373134,0.12367049808429119,0.6,0.28,0.11338216978061968","0,0,0"
34.28333333333333,50,AV,1,0,0,69,946.2003450753726,0.5,-0.17141666666666666,"0.5370248756218905,0.3061150793650793,0.32629611650485435,0.5,0.69,0.04675080930545112","0,0,0"
17.1,63,AV,0,0,0,33,1104.4445206976068,0.6,-0.1093907439979536,"0.11871511627906978,0.11036792452830188,0.14072967479674797,0.6,0.33,0.05456949518600221","0,0,0"
23.033333333333335,84,AV,2,0,0,45,1405.7852601227096,0.4,-0.09213333333333334,"0.245,0.17493195718654433,0.1965066666666667,0.4,0.45,0.0694584386514629","0,0,0"
3.033333333333333,132,AV,0,0,0,2,2198.5025098873134,0.1,-0.006444746313882726,"0.0,0.0,0.0,0.1,0.02,0.10862580227563756","0,0,0"
20.033333333333335,196,AV,1,0,0,47,3534.445695738256,0.1,-0.020033333333333337,"0.2713352059925094,0.18867918622848198,0.2120405982905983,0.1,0.47,0.1746334141410286","0,0,0"
26.483333333333334,139,AV,2,0,0,54,2318.1098695731453,0.5,-0.13241666666666668,"0.3723574297188756,0.2329532019704434,0.25615070921985816,0.5,0.54,0.11453548186231685","0,0,0"
10.7,118,AV,1,0,0,29,1929.5758599688188,0.4,-0.042800000000000005,"0.0957686274509804,0.09940162601626015,0.12658148148148152,0.4,0.29,0.09533840643718873","0,0,0"
12.933333333333334,106,AV,1,0,0,37,1723.69240549938,0.1,-0.012933333333333333,"0.1495126582278481,0.12558944954128434,0.15796586345381528,0.1,0.37,0.08516591160652838","0,0,0"
32.81666666666667,104,AV,1,0,0,63,1659.6531244520008,0.9,-0.29535000000000006,"0.4915071428571429,0.28364330218068534,0.30251562499999995,0.9,0.63,0.08200179500914358","0,0,0"
26.916666666666668,263,AV,1,0,0,55,6031.594525491932,0.1,-0.02691666666666667,"0.38859601449275366,0.23847969543147207,0.2612051282051282,0.1,0.55,0.2980150313162421","0,0,0"
53.483333333333334,287,AV,0,0,0,73,10450.70686878338,0.1,-0.054200988138330575,"0.5587272727272727,0.3202132352941177,0.3389734848484848,0.1,0.73,0.5163589365323479","0,0,0"
26.433333333333334,103,AV,1,0,0,55,1639.6236094811811,0.1,-0.026433333333333333,"0.38859601449275366,0.23847969543147207,0.2612051282051282,0.1,0.55,0.08101215677897904","0,0,0"
28.7,220,AV,1,0,0,58,4266.216809230351,0.1,-0.0287,"0.4295496031746031,0.25640256410256407,0.2786287128712872,0.1,0.58,0.2107894903464134","0,0,0"
13.4,148,AV,1,0,0,37,2472.005569054355,0.1,-0.013400000000000002,"0.1495126582278481,0.12558944954128434,0.15796586345381528,0.1,0.37,0.12213931390150505","0,0,0"
31.666666666666668,252,AV,1,0,0,63,5480.041794665195,0.6,-0.18999999999999997,"0.4915071428571429,0.28364330218068534,0.30251562499999995,0.6,0.63,0.27076336450488875","0,0,0"
18.833333333333332,134,AV,0,0,0,35,2239.257430619588,0.4,-0.07868265793417871,"0.13055421686746985,0.11601877934272302,0.1471626984126984,0.4,0.35,0.11063946200143439","0,0,0"
14.1,221,AV,1,0,0,38,4281.8327360815,0.6,-0.0846,"0.15464166666666665,0.12956434108527135,0.16140980392156862,0.6,0.38,0.21156105761770602","0,0,0"
20.433333333333334,46,AV,1,0,0,47,904.859336063587,0.3,-0.0613,"0.2713352059925094,0.18867918622848198,0.2120405982905983,0.3,0.47,0.044708191546047354","0,0,0"
39.666666666666664,143,AV,0,0,0,58,2398.572127464108,0.1,-0.04279352698248689,"0.4295496031746031,0.25640256410256407,0.2786287128712872,0.1,0.58,0.11851104126104732","0,0,0"
17.783333333333335,151,AV,1,0,0,42,2520.718778515204,0.1,-0.017783333333333335,"0.21043111111111112,0.1578735119047619,0.17964609053497937,0.1,0.42,0.12454618468528102","0,0,0"
15.116666666666667,81,AV,1,0,0,39,1389.0632502942228,0.4,-0.06046666666666667,"0.1645297619047619,0.13763663663663664,0.16738513513513514,0.4,0.39,0.06863222093048628","0,0,0"
51.583333333333336,100,AV,0,0,0,71,1594.6992934726818,0.1,-0.0562864143660387,"0.5508396624472572,0.3143341543513958,0.33344387755102045,0.1,0.71,0.07879249141759738","0,0,0"
24.416666666666668,10,AV,1,0,0,53,566.7055292848979,0.1,-0.02441666666666667,"0.3576375,0.22501984126984123,0.2487685185185185,0.1,0.53,0.02800035137361163","0,0,0"
35.733333333333334,215,AV,1,0,0,74,4135.471393234625,0.3,-0.1072,"0.5659528985507247,0.32232430213464697,0.3413705882352941,0.3,0.74,0.20432949057724065","0,0,0"
36.416666666666664,73,AV,1,0,0,77,1251.6500609663929,0.2,-0.07283333333333333,"0.5758630952380952,0.3278796747967479,0.3453223443223443,0.2,0.77,0.06184277317372448","0,0,0"
35.766666666666666,258,AV,1,0,0,76,5849.7981009167725,0.2,-0.07153333333333332,"0.5734698795180723,0.32681463414634154,0.34504166666666664,0.2,0.76,0.28903265245540044","0,0,0"
26.916666666666668,282,AV,1,0,0,56,8689.506535985933,0.2,-0.05383333333333334,"0.4060754385964912,0.2458834196891192,0.2683333333333334,0.2,0.56,0.42933979588645044","0,0,0"
11.6,67,AV,1,0,0,32,1148.2139867956057,0.1,-0.0116,"0.11003639846743293,0.10650943396226417,0.1350781893004115,0.1,0.32,0.05673210057248192","0,0,0"
29.316666666666666,58,AV,0,0,0,46,1052.4070316009115,0.1,-0.03644318689581325,"0.26315412186379933,0.18428527131782946,0.20870833333333333,0.1,0.46,0.05199837508215116","0,0,0"
22.416666666666668,224,AV,0,0,0,39,4381.240268036911,0.5,-0.11379517736405584,"0.1645297619047619,0.13763663663663664,0.16738513513513514,0.5,0.39,0.21647268399171962","0,0,0"
33.1,228,AV,1,0,0,66,4446.537177105173,0.4,-0.13240000000000002,"0.5093619791666666,0.2951920634920635,0.3129937106918239,0.4,0.66,0.21969893872727725","0,0,0"
15.4,192,AV,1,0,0,39,3476.696831582168,0.3,-0.0462,"0.1645297619047619,0.13763663663663664,0.16738513513513514,0.3,0.39,0.1717801007282623","0,0,0"
19.466666666666665,76,AV,1,0,0,45,1293.252850487379,0.1,-0.019466666666666667,"0.245,0.17493195718654433,0.1965066666666667,0.1,0.45,0.06389832524532672","0,0,0"
35.18333333333333,129,AV,2,0,0,82,2141.869626207308,0.1,-0.03518333333333333,"0.5875892857142858,0.3318367875647668,0.3474789644012945,0.1,0.82,0.10582762833803366","0,0,0"
34.666666666666664,198,AV,1,0,0,71,3654.013033637752,0.1,-0.034666666666666665,"0.5508396624472572,0.3143341543513958,0.33344387755102045,0.1,0.71,0.18054111629141673","0,0,0"
10.966666666666667,141,AV,1,0,0,30,2329.0008356791827,0.1,-0.010966666666666666,"0.10206944444444442,0.1032303459119497,0.12998214285714288,0.1,0.3,0.1150735935658535","0,0,0"
22.65,211,AV,1,0,0,50,3958.913906791885,0.1,-0.02265,"0.3149716312056738,0.2046450320512821,0.22431837606837604,0.1,0.5,0.19560596239095915","0,0,0"
12.766666666666667,45,AV,1,0,0,36,892.1845339920479,0.5,-0.06383333333333334,"0.13887698412698415,0.1194775641025641,0.15169507575757574,0.5,0.36,0.044081942297973305","0,0,0"
26.1,61,AV,2,0,0,54,1083.524948441525,0.9,-0.23490000000000003,"0.3723574297188756,0.2329532019704434,0.25615070921985816,0.9,0.54,0.053535880118764236","0,0,0"
15.166666666666666,47,AV,1,0,0,39,912.6272274022258,0.4,-0.060666666666666674,"0.1645297619047619,0.13763663663663664,0.16738513513513514,0.4,0.39,0.04509199526010037","0,0,0"
13.683333333333334,0,AV,2,0,0,28,381.3218977270381,0.2,-0.027366666666666668,"0.0812644927536232,0.09397014925373134,0.12367049808429119,0.2,0.28,0.018840732216399075","0,0,0"
14.466666666666667,219,AV,1,0,0,38,4227.85786318916,0.3,-0.0434,"0.15464166666666665,0.12956434108527135,0.16140980392156862,0.3,0.38,0.2088942133251532","0,0,0"
20.65,279,AV,0,0,0,37,8326.33528790118,0.2,-0.042200756424125525,"0.1495126582278481,0.12558944954128434,0.15796586345381528,0.2,0.37,0.41139586905023645","0,0,0"
16.683333333333334,286,AV,2,0,0,38,10426.353459350525,0.4,-0.06673333333333334,"0.15464166666666665,0.12956434108527135,0.16140980392156862,0.4,0.38,0.5151556590169055","0,0,0"
11.533333333333333,113,AV,2,0,0,24,1832.3133019091129,0.4,-0.04613333333333333,"0.06319767441860466,0.08480674846625766,0.12002027027027028,0.4,0.24,0.09053276107035316","0,0,0"
31.583333333333332,197,AV,2,0,0,64,3628.2404526711953,0.6,-0.18949999999999997,"0.5024844444444445,0.2884321608040201,0.30756918238993713,0.6,0.64,0.1792677189349818","0,0,0"
33.5,66,AV,1,0,0,68,1141.5133047894662,0.6,-0.201,"0.5242727272727273,0.3035357142857143,0.32479807692307694,0.6,0.68,0.0564010266003407","0,0,0"
17.233333333333334,208,AV,1,0,0,42,3933.772930850901,0.1,-0.017233333333333333,"0.21043111111111112,0.1578735119047619,0.17964609053497937,0.1,0.42,0.19436377200486682","0,0,0"
26.45,142,AV,2,0,0,52,2347.541384251396,0.5,-0.13225,"0.3374618473895583,0.21509216589861746,0.2358833333333333,0.5,0.52,0.11598966346080683","0,0,0"
21.183333333333334,171,AV,1,0,0,47,2965.4163440895786,0.1,-0.021183333333333335,"0.2713352059925094,0.18867918622848198,0.2120405982905983,0.1,0.47,0.14651824503694982","0,0,0"
36.583333333333336,276,AV,1,0,0,78,7958.958807233507,0.1,-0.036583333333333336,"0.5783507751937986,0.32805775577557755,0.34613586956521736,0.1,0.78,0.3932441658930853","0,0,0"
22.166666666666668,204,AV,1,0,0,49,3863.855435177377,0.1,-0.022166666666666668,"0.3084020618556701,0.2000971563981043,0.2226574074074074,0.1,0.49,0.19090921872303807","0,0,0"
56.55,294,AV,0,0,0,96,14754.343640924068,0.1,-0.05705832488266013,"0.6000569620253164,0.3369395424836601,0.3526305841924399,0.1,0.96,0.7289973096860264","0,0,0"
35.38333333333333,2,AV,1,0,0,71,465.3670128771111,0.3,-0.10615,"0.5508396624472572,0.3143341543513958,0.33344387755102045,0.3,0.71,0.02299331699602389","0,0,0"
22.65,195,AV,1,0,0,50,3531.3895067900216,0.4,-0.0906,"0.3149716312056738,0.2046450320512821,0.22431837606837604,0.4,0.5,0.17448241091273348","0,0,0"
27.866666666666667,146,AV,1,0,0,56,2446.4664131825853,0.8,-0.22293333333333334,"0.4060754385964912,0.2458834196891192,0.2683333333333334,0.8,0.56,0.12087744984470407","0,0,0"
18.75,80,AV,0,0,0,36,1386.7650627050614,0.6,-0.1179082700824394,"0.13887698412698415,0.1194775641025641,0.15169507575757574,0.6,0.36,0.0685186697885022","0,0,0"
29.15,223,AV,1,0,0,58,4376.119511966378,0.4,-0.1166,"0.4295496031746031,0.25640256410256407,0.2786287128712872,0.4,0.58,0.2162196725742125","0,0,0"
31.816666666666666,185,AV,2,0,0,60,3368.9508766880413,0.1,-0.03181666666666667,"0.45735238095238095,0.2697380952380952,0.29178508771929823,0.1,0.6,0.16645648124650464","0,0,0"
6.933333333333334,109,AV,0,0,0,16,1822.2981036688468,0.4,-0.0318490156055698,"0.04769540229885058,0.07625146198830408,0.11736904761904764,0.4,0.16,0.09003792017801585","0,0,0"
18.25,43,AV,1,0,0,43,877.6907461205365,0.6,-0.1095,"0.22918776371308017,0.1673073593073593,0.18942380952380947,0.6,0.43,0.043365818787322166","0,0,0"
27.85,120,AV,2,0,0,56,1950.0200213032829,0.9,-0.25065000000000004,"0.4060754385964912,0.2458834196891192,0.2683333333333334,0.9,0.56,0.09634853192798135","0,0,0"
36.1,19,AV,1,0,0,70,636.6552097563458,0.6,-0.2166,"0.5439355555555556,0.30896172248803827,0.328046875,0.6,0.7,0.03145649487400044","0,0,0"
28.4,95,AV,1,0,0,58,1546.5147326922538,0.8,-0.22719999999999999,"0.4295496031746031,0.25640256410256407,0.2786287128712872,0.8,0.58,0.07641174063449208","0,0,0"
10.183333333333334,262,AV,0,0,0,25,6020.57275324985,0.3,-0.031795728655293065,"0.06502456140350878,0.08549907407407406,0.12031976744186046,0.3,0.25,0.2974704566128196","0,0,0"
13.633333333333333,65,AV,2,0,0,28,1122.7546975855585,0.5,-0.06816666666666667,"0.0812644927536232,0.09397014925373134,0.12367049808429119,0.5,0.28,0.0554741826472708","0,0,0"
38.0,89,AV,0,0,0,57,1490.1599361877834,0.2,-0.08103301680434852,"0.41661355311355314,0.25284982638888887,0.27491065292096223,0.2,0.57,0.0736273067051025","0,0,0"
41.43333333333333,206,AV,0,0,0,59,3882.59008652233,0.2,-0.08479836685465066,"0.45164814814814813,0.2656530612244898,0.2880074404761905,0.2,0.59,0.1918348790411626","0,0,0"
14.466666666666667,51,AV,1,0,0,36,961.7772661313056,0.3,-0.0434,"0.13887698412698415,0.1194775641025641,0.15169507575757574,0.3,0.36,0.04752044933955402","0,0,0"
28.283333333333335,140,AV,1,0,0,56,2318.2944376966047,0.3,-0.08485,"0.4060754385964912,0.2458834196891192,0.2683333333333334,0.3,0.56,0.11454460118803748","0,0,0"
8.866666666666667,275,AV,1,0,0,23,7912.643587116454,0.5,-0.044333333333333336,"0.060573333333333326,0.082735368956743,0.12002222222222222,0.5,0.23,0.3909557773558143","0,0,0"
28.066666666666666,285,AV,2,0,0,58,9280.176126726552,0.2,-0.05613333333333334,"0.4295496031746031,0.25640256410256407,0.2786287128712872,0.2,0.58,0.4585241874827607","0,0,0"
12.366666666666667,35,AV,2,0,0,25,837.3801312568858,0.3,-0.0371,"0.06502456140350878,0.08549907407407406,0.12031976744186046,0.3,0.25,0.04137411176852384","0,0,0"
17.333333333333332,8,AV,1,0,0,42,541.9839687696077,0.5,-0.08666666666666666,"0.21043111111111112,0.1578735119047619,0.17964609053497937,0.5,0.42,0.02677888388271631","0,0,0"
33.61666666666667,83,AV,2,0,0,67,1404.912317929139,0.1,-0.03361666666666667,"0.5164358974358975,0.2987524509803921,0.31731381381381374,0.1,0.67,0.06941530745389073","0,0,0"
8.2,194,AV,1,0,0,22,3508.846318545673,0.1,-0.008199999999999999,"0.059311594202898534,0.0825962059620596,0.12112121212121212,0.1,0.22,0.17336857460921315","0,0,0"
20.066666666666666,49,AV,1,0,0,45,933.6906207466446,0.1,-0.020066666666666667,"0.245,0.17493195718654433,0.1965066666666667,0.1,0.45,0.04613271638295326","0,0,0"
37.083333333333336,280,AV,1,0,0,82,8348.421721831439,0.2,-0.07416666666666667,"0.5875892857142858,0.3318367875647668,0.3474789644012945,0.2,0.82,0.41248713758156286","0,0,0"
25.016666666666666,6,AV,1,0,0,53,522.440884226393,0.2,-0.05003333333333333,"0.3576375,0.22501984126984123,0.2487685185185185,0.2,0.53,0.02581327969172718","0,0,0"
36.86666666666667,242,AV,1,0,0,79,4968.170350229253,0.2,-0.07373333333333335,"0.5816647286821706,0.3304828178694158,0.34703,0.2,0.79,0.24547231022417584","0,0,0"
23.95,246,AV,1,0,0,52,5144.150368411208,0.1,-0.02395,"0.3374618473895583,0.21509216589861746,0.2358833333333333,0.1,0.52,0.25416730628332335","0,0,0"
24.366666666666667,64,AV,1,0,0,51,1111.987968807459,0.1,-0.02436666666666667,"0.3326265822784811,0.21260454545454546,0.2304465020576132,0.1,0.51,0.05494220938540485","0,0,0"
11.583333333333334,222,AV,1,0,0,33,4343.557359248321,0.1,-0.011583333333333334,"0.11871511627906978,0.11036792452830188,0.14072967479674797,0.1,0.33,0.21461080929254078","0,0,0"
10.0,24,AV,1,0,0,29,682.056612603955,0.4,-0.04000000000000001,"0.0957686274509804,0.09940162601626015,0.12658148148148152,0.4,0.29,0.033699732617228556","0,0,0"
27.5,231,AV,0,0,0,42,4609.601315671212,0.3,-0.08412703875810308,"0.21043111111111112,0.1578735119047619,0.17964609053497937,0.3,0.42,0.2277557741388637","0,0,0"
34.266666666666666,154,AV,1,0,0,67,2574.4307659940623,0.1,-0.03426666666666667,"0.5164358974358975,0.2987524509803921,0.31731381381381374,0.1,0.67,0.12720004007342384","0,0,0"
41.416666666666664,40,AV,0,0,0,58,863.5619359671642,0.1,-0.05010162565759326,"0.4295496031746031,0.25640256410256407,0.2786287128712872,0.1,0.58,0.0426677284593794","0,0,0"
18.216666666666665,160,AV,1,0,0,43,2754.938443140308,0.5,-0.09108333333333332,"0.22918776371308017,0.1673073593073593,0.18942380952380947,0.5,0.43,0.13611874321737782","0,0,0"
32.43333333333333,261,AV,1,0,0,66,5985.732437913218,0.3,-0.09729999999999998,"0.5093619791666666,0.2951920634920635,0.3129937106918239,0.3,0.66,0.2957490316028605","0,0,0"
29.45,265,AV,1,0,0,58,6197.036257351283,0.6,-0.1767,"0.4295496031746031,0.25640256410256407,0.2786287128712872,0.6,0.58,0.30618934122595154","0,0,0"
32.03333333333333,254,AV,1,0,0,63,5578.433439706214,0.6,-0.19219999999999998,"0.4915071428571429,0.28364330218068534,0.30251562499999995,0.6,0.63,0.2756247969261546","0,0,0"
20.766666666666666,107,AV,1,0,0,48,1794.439334206041,0.9,-0.1869,"0.28568794326241137,0.1927694704049844,0.2172384259259259,0.9,0.48,0.08866144634198442","0,0,0"
33.516666666666666,218,AV,1,0,0,67,4200.245935785981,0.2,-0.06703333333333333,"0.5164358974358975,0.2987524509803921,0.31731381381381374,0.2,0.67,0.2075299357075212","0,0,0"
13.9,245,AV,0,0,0,27,5051.78348307234,0.2,-0.029284624197598974,"0.07817881944444444,0.09222393162393158,0.12360486891385769,0.2,0.27,0.24960355119161295","0,0,0"
34.38333333333333,178,AV,1,0,0,70,3048.604611013583,0.4,-0.13753333333333334,"0.5439355555555556,0.30896172248803827,0.328046875,0.4,0.7,0.15062849380578247","0,0,0"
13.7,25,AV,0,0,0,29,742.6585956180782,0.9,-0.13339885301840224,"0.0957686274509804,0.09940162601626015,0.12658148148148152,0.9,0.29,0.03669401576896401","0,0,0"
29.233333333333334,162,AV,2,0,0,61,2767.495209174315,0.1,-0.029233333333333333,"0.47085777777777765,0.27338943089430895,0.29222333333333333,0.1,0.61,0.1367391604233156","0,0,0"
35.516666666666666,56,AV,1,0,0,70,1046.6558973464134,0.1,-0.03551666666666666,"0.5439355555555556,0.30896172248803827,0.328046875,0.1,0.7,0.05171421731131388","0,0,0"
36.75,111,AV,1,0,0,78,1824.367004680513,0.2,-0.0735,"0.5783507751937986,0.32805775577557755,0.34613586956521736,0.2,0.78,0.09014014250035135","0,0,0"
17.766666666666666,36,AV,2,0,0,40,844.3352662229099,0.9,-0.15990000000000001,"0.18542261904761903,0.147641627543036,0.17277510040160643,0.9,0.4,0.04171775800600685","0,0,0"
8.65,251,AV,0,0,0,17,5427.330032863625,0.4,-0.035981894956559846,"0.05348837209302326,0.07986711711711711,0.12198571428571432,0.4,0.17,0.26815892926348833","0,0,0"
14.7,193,AV,1,0,0,38,3487.44186130441,0.2,-0.0294,"0.15464166666666665,0.12956434108527135,0.16140980392156862,0.2,0.38,0.17231100186155868","0,0,0"
53.61666666666667,59,AV,0,0,0,75,1059.8377785859489,0.3,-0.16792655468746037,"0.5674318181818182,0.3242796747967481,0.3428678160919541,0.3,0.75,0.052365520832099985","0,0,0"
23.0,55,AV,1,0,0,50,1022.032321197676,0.1,-0.023000000000000003,"0.3149716312056738,0.2046450320512821,0.22431837606837604,0.1,0.5,0.05049759112961852","0,0,0"
11.533333333333333,187,AV,1,0,0,31,3387.2787239910285,0.1,-0.011533333333333333,"0.1091722222222222,0.10574720893141948,0.13370576131687242,0.1,0.31,0.16736204178524355","0,0,0"
29.166666666666668,212,AV,2,0,0,55,4021.28082322038,0.3,-0.08750000000000001,"0.38859601449275366,0.23847969543147207,0.2612051282051282,0.3,0.55,0.19868744913115402","0,0,0"
29.083333333333332,108,AV,1,0,0,58,1805.1606101798543,0.3,-0.08725,"0.4295496031746031,0.25640256410256407,0.2786287128712872,0.3,0.58,0.08919117382641367","0,0,0"
24.516666666666666,3,AV,1,0,0,52,473.5024380788758,0.2,-0.04903333333333333,"0.3374618473895583,0.21509216589861746,0.2358833333333333,0.2,0.52,0.02339528018934334","0,0,0"
16.2,156,AV,1,0,0,41,2622.7149314101284,0.3,-0.0486,"0.19217499999999998,0.15137899543378994,0.17717489711934156,0.3,0.41,0.1295857122215983","0,0,0"
8.266666666666667,34,AV,1,0,0,12,825.4433072334436,0.3,-0.024800000000000003,"0.038318181818181814,0.06561666666666666,0.1089285714285714,0.3,0.12,0.040784325275063815","0,0,0"
46.6,237,AV,0,0,0,64,4689.4303597647895,0.7,-0.3277993413750953,"0.5024844444444445,0.2884321608040201,0.30756918238993713,0.7,0.64,0.2317000470794511","0,0,0"
29.3,241,AV,1,0,0,58,4967.653125719208,0.9,-0.2637,"0.4295496031746031,0.25640256410256407,0.2786287128712872,0.9,0.58,0.24544675468029653","0,0,0"
35.016666666666666,270,AV,1,0,0,72,7099.697064525982,0.6,-0.2101,"0.5526058823529412,0.3165617886178861,0.3360722222222222,0.6,0.72,0.3507889056663633","0,0,0"
16.333333333333332,122,AV,1,0,0,41,1993.780724220221,0.1,-0.016333333333333335,"0.19217499999999998,0.15137899543378994,0.17717489711934156,0.1,0.41,0.09851070433448084","0,0,0"
24.066666666666666,272,AV,0,0,0,39,7332.887514065835,0.1,-0.02508945611838178,"0.1645297619047619,0.13763663663663664,0.16738513513513514,0.1,0.39,0.3623106117141683","0,0,0"
12.383333333333333,48,AV,2,0,0,26,921.9548251796884,0.6,-0.07429999999999999,"0.07389518900343642,0.09001909722222223,0.12192673992673995,0.6,0.26,0.04555286250374671","0,0,0"
6.866666666666666,1,AV,0,0,0,15,388.2787303527966,0.3,-0.03991602071837769,"0.0464,0.07459420289855073,0.11688888888888892,0.3,0.15,0.01918446233354553","0,0,0"
10.233333333333333,99,AV,0,0,0,21,1592.6375082496468,0.3,-0.035409169513559116,"0.05769576719576719,0.08211061946902655,0.12115705128205129,0.3,0.21,0.0786906206792357","0,0,0"
33.31666666666667,203,AV,2,0,0,68,3824.993837156676,0.1,-0.033316666666666675,"0.5242727272727273,0.3035357142857143,0.32479807692307694,0.1,0.68,0.18898910617200515","0,0,0"
14.783333333333333,243,AV,1,0,0,38,5003.647877951615,0.9,-0.13305,"0.15464166666666665,0.12956434108527135,0.16140980392156862,0.9,0.38,0.2472252192585145","0,0,0"
5.15,77,AV,0,0,0,13,1294.2551843223837,0.5,-0.03154483867698524,"0.042614583333333324,0.07015432098765433,0.11592857142857145,0.5,0.13,0.06394784955402583","0,0,0"
35.03333333333333,230,AV,2,0,0,95,4577.590037133467,0.1,-0.03503333333333333,"0.5984767932489451,0.33610180623973723,0.3520391156462585,0.1,0.95,0.2261741289975035","0,0,0"
28.033333333333335,291,AV,1,0,0,56,13079.31179296209,0.3,-0.0841,"0.4060754385964912,0.2458834196891192,0.2683333333333334,0.3,0.56,0.6462356673845856","0,0,0"
18.533333333333335,159,AV,1,0,0,44,2750.2432356670683,0.2,-0.03706666666666667,"0.23772777777777776,0.1716111111111111,0.19375735294117646,0.2,0.44,0.13588675772892034","0,0,0"
24.85,125,AV,1,0,0,52,2044.1603053436156,0.1,-0.024850000000000004,"0.3374618473895583,0.21509216589861746,0.2358833333333333,0.1,0.52,0.10099990886948945","0,0,0"
9.816666666666666,91,AV,1,0,0,28,1507.5005543882637,0.2,-0.019633333333333336,"0.0812644927536232,0.09397014925373134,0.12367049808429119,0.2,0.28,0.07448408924481369","0,0,0"
36.18333333333333,78,AV,0,0,0,52,1310.9401185904849,0.1,-0.04190441844900128,"0.3374618473895583,0.21509216589861746,0.2358833333333333,0.1,0.52,0.06477223540877823","0,0,0"
10.116666666666667,158,AV,1,0,0,26,2645.062412614309,0.1,-0.010116666666666668,"0.07389518900343642,0.09001909722222223,0.12192673992673995,0.1,0.26,0.13068987883670405","0,0,0"
33.75,11,AV,1,0,0,69,586.3474640105957,0.9,-0.30375,"0.5370248756218905,0.3061150793650793,0.32629611650485435,0.9,0.69,0.02897083965289678","0,0,0"
23.483333333333334,115,AV,1,0,0,50,1880.1756700095973,0.3,-0.07045,"0.3149716312056738,0.2046450320512821,0.22431837606837604,0.3,0.5,0.09289759263654204","0,0,0"
28.183333333333334,32,AV,2,0,0,60,818.0604611907775,0.2,-0.05636666666666667,"0.45735238095238095,0.2697380952380952,0.29178508771929823,0.2,0.6,0.040419546262597174","0,0,0"
16.083333333333332,94,AV,1,0,0,40,1541.4014724042315,0.8,-0.12866666666666668,"0.18542261904761903,0.147641627543036,0.17277510040160643,0.8,0.4,0.07615909957607497","0,0,0"
22.666666666666668,7,AV,2,0,0,45,539.5213747330826,0.5,-0.11333333333333334,"0.245,0.17493195718654433,0.1965066666666667,0.5,0.45,0.026657209583190285","0,0,0"
12.366666666666667,186,AV,1,0,0,33,3382.383844415393,0.4,-0.04946666666666667,"0.11871511627906978,0.11036792452830188,0.14072967479674797,0.4,0.33,0.16712019069862674","0,0,0"
8.2,5,AV,1,0,0,19,497.26542980048754,0.3,-0.024599999999999997,"0.05632121212121212,0.08111956521739132,0.12207364341085271,0.3,0.19,0.024569385758302514","0,0,0"
31.0,234,AV,1,0,0,61,4669.869929992837,0.1,-0.031,"0.47085777777777765,0.27338943089430895,0.29222333333333333,0.1,0.61,0.23073358587812023","0,0,0"
14.5,15,AV,1,0,0,37,600.3305173079323,0.1,-0.014499999999999999,"0.1495126582278481,0.12558944954128434,0.15796586345381528,0.1,0.37,0.029661728280885674","0,0,0"
34.666666666666664,27,AV,1,0,0,70,753.7709081553346,0.3,-0.10399999999999998,"0.5439355555555556,0.30896172248803827,0.328046875,0.3,0.7,0.03724306397749163","0,0,0"
36.016666666666666,101,AV,1,0,0,75,1596.1763216794554,0.3,-0.10805,"0.5674318181818182,0.3242796747967481,0.3428678160919541,0.3,0.75,0.07886546989873305","0,0,0"
26.766666666666666,157,AV,2,0,0,54,2629.980017260476,0.8,-0.21413333333333334,"0.3723574297188756,0.2329532019704434,0.25615070921985816,0.8,0.54,0.1299446728211638","0,0,0"
22.8,163,AV,1,0,0,50,2797.307504072895,0.2,-0.0456,"0.3149716312056738,0.2046450320512821,0.22431837606837604,0.2,0.5,0.13821215599028547","0,0,0"
17.666666666666668,271,AV,1,0,0,42,7130.271245067938,0.3,-0.053,"0.21043111111111112,0.1578735119047619,0.17964609053497937,0.3,0.42,0.3522995452382328","0,0,0"
11.166666666666666,37,AV,2,0,0,17,854.5785374972068,0.5,-0.05583333333333333,"0.05348837209302326,0.07986711711711711,0.12198571428571432,0.5,0.17,0.04222386775802824","0,0,0"
32.0,225,AV,1,0,0,63,4412.688598555705,0.3,-0.096,"0.4915071428571429,0.28364330218068534,0.30251562499999995,0.3,0.63,0.21802651443652019","0,0,0"
27.166666666666668,278,AV,1,0,0,55,8139.327108000771,0.2,-0.05433333333333334,"0.38859601449275366,0.23847969543147207,0.2612051282051282,0.2,0.55,0.40215598259005225","0,0,0"
37.13333333333333,117,AV,1,0,0,99,1921.5023446668008,0.7,-0.25993333333333335,"0.5945779220779221,0.3374285714285714,0.35233666666666663,0.7,0.99,0.09493950214987396","0,0,0"
14.616666666666667,264,AV,1,0,0,39,6081.635477498837,0.5,-0.07308333333333333,"0.1645297619047619,0.13763663663663664,0.16738513513513514,0.5,0.39,0.3004875045265025","0,0,0"
23.883333333333333,116,AV,1,0,0,50,1899.102970895097,0.4,-0.09553333333333335,"0.3149716312056738,0.2046450320512821,0.22431837606837604,0.4,0.5,0.0938327715750938","0,0,0"
29.966666666666665,53,AV,1,0,0,59,985.8695826897422,0.1,-0.029966666666666666,"0.45164814814814813,0.2656530612244898,0.2880074404761905,0.1,0.59,0.04871082651814225","0,0,0"
13.983333333333333,57,AV,2,0,0,23,1047.1205397958274,0.2,-0.027966666666666667,"0.060573333333333326,0.082735368956743,0.12002222222222222,0.2,0.23,0.051737174828356464","0,0,0"
15.45,41,AV,0,0,0,32,870.7377108213431,0.1,-0.024063385990742786,"0.11003639846743293,0.10650943396226417,0.1350781893004115,0.1,0.32,0.04302227629226974","0,0,0"
12.816666666666666,128,AV,1,0,0,36,2117.047321722312,0.2,-0.02563333333333333,"0.13887698412698415,0.1194775641025641,0.15169507575757574,0.2,0.36,0.10460118318871651","0,0,0"
25.733333333333334,176,AV,1,0,0,54,3032.1279287666234,0.3,-0.0772,"0.3723574297188756,0.2329532019704434,0.25615070921985816,0.3,0.54,0.14981439747436257","0,0,0"
15.766666666666667,21,AV,1,0,0,39,640.5426603936758,0.3,-0.0473,"0.1645297619047619,0.13763663663663664,0.16738513513513514,0.3,0.39,0.03164856990797825","0,0,0"
29.85,250,AV,0,0,0,45,5386.149373461946,0.5,-0.15064246045365046,"0.245,0.17493195718654433,0.1965066666666667,0.5,0.45,0.2661242342173697","0,0,0"
27.483333333333334,114,AV,0,0,0,45,1869.7531794209297,0.2,-0.05897789129382455,"0.245,0.17493195718654433,0.1965066666666667,0.2,0.45,0.09238262783808823","0,0,0"
30.0,166,AV,1,0,0,60,2857.712092786687,0.4,-0.12,"0.45735238095238095,0.2697380952380952,0.29178508771929823,0.4,0.6,0.1411966860877753","0,0,0"
30.566666666666666,201,AV,1,0,0,61,3783.636689084741,0.9,-0.2751,"0.47085777777777765,0.27338943089430895,0.29222333333333333,0.9,0.61,0.18694569099783895","0,0,0"
24.266666666666666,69,AV,1,0,0,52,1150.2916000513435,0.4,-0.09706666666666668,"0.3374618473895583,0.21509216589861746,0.2358833333333333,0.4,0.52,0.05683475335805212","0,0,0"
43.166666666666664,165,AV,0,0,0,59,2835.850686157305,0.1,-0.04581137572578953,"0.45164814814814813,0.2656530612244898,0.2880074404761905,0.1,0.59,0.14011653592951495","0,0,0"
28.833333333333332,155,AV,2,0,0,56,2587.8859091729414,0.2,-0.05766666666666667,"0.4060754385964912,0.2458834196891192,0.2683333333333334,0.2,0.56,0.12786484519234737","0,0,0"
48.45,90,AV,0,0,0,64,1496.328062426438,0.8,-0.39261226982794006,"0.5024844444444445,0.2884321608040201,0.30756918238993713,0.8,0.64,0.07393206763132296","0,0,0"
17.383333333333333,30,AV,2,0,0,39,783.6834518391023,0.4,-0.06953333333333334,"0.1645297619047619,0.13763663663663664,0.16738513513513514,0.4,0.39,0.038721012736313315","0,0,0"
21.183333333333334,23,AV,1,0,0,46,676.2529471816457,0.8,-0.16946666666666668,"0.26315412186379933,0.18428527131782946,0.20870833333333333,0.8,0.46,0.033412979334117666","0,0,0"
17.083333333333332,217,AV,2,0,0,38,4196.147454418583,0.1,-0.017083333333333332,"0.15464166666666665,0.12956434108527135,0.16140980392156862,0.1,0.38,0.207327433856992","0,0,0"
26.8,60,AV,2,0,0,54,1074.3823512953045,0.8,-0.21440000000000003,"0.3723574297188756,0.2329532019704434,0.25615070921985816,0.8,0.54,0.05308415357061393","0,0,0"
30.3,97,AV,1,0,0,60,1567.0706205360798,0.6,-0.1818,"0.45735238095238095,0.2697380952380952,0.29178508771929823,0.6,0.6,0.07742738641996724","0,0,0"
25.533333333333335,205,AV,1,0,0,53,3866.930621896856,0.2,-0.05106666666666668,"0.3576375,0.22501984126984123,0.2487685185185185,0.2,0.53,0.19106116061214143","0,0,0"
26.716666666666665,14,AV,1,0,0,55,597.1498506777683,0.2,-0.05343333333333333,"0.38859601449275366,0.23847969543147207,0.2612051282051282,0.2,0.55,0.029504574735270385","0,0,0"
12.983333333333333,174,AV,1,0,0,36,3024.224513765153,0.1,-0.012983333333333333,"0.13887698412698415,0.1194775641025641,0.15169507575757574,0.1,0.36,0.14942389767216036","0,0,0"
21.216666666666665,164,AV,1,0,0,48,2815.231094880572,0.8,-0.16973333333333332,"0.28568794326241137,0.1927694704049844,0.2172384259259259,0.8,0.48,0.1390977426213619","0,0,0"
10.366666666666667,71,AV,1,0,0,28,1174.3503864217532,0.5,-0.051833333333333335,"0.0812644927536232,0.09397014925373134,0.12367049808429119,0.5,0.28,0.05802347384370573","0,0,0"
21.433333333333334,13,AV,1,0,0,48,591.6693204447811,0.2,-0.04286666666666667,"0.28568794326241137,0.1927694704049844,0.2172384259259259,0.2,0.48,0.02923378723751827","0,0,0"
25.233333333333334,190,AV,1,0,0,53,3456.1529418207683,0.1,-0.025233333333333337,"0.3576375,0.22501984126984123,0.2487685185185185,0.1,0.53,0.17076504775599677","0,0,0"
9.05,20,AV,1,0,0,24,639.9143284368583,0.1,-0.00905,"0.06319767441860466,0.08480674846625766,0.12002027027027028,0.1,0.24,0.03161752465667753","0,0,0"
8.516666666666667,152,AV,1,0,0,23,2538.843693606908,0.7,-0.059616666666666665,"0.060573333333333326,0.082735368956743,0.12002222222222222,0.7,0.23,0.12544171854715278","0,0,0"
36.35,4,AV,0,0,0,52,491.0984231068265,0.4,-0.16067188776651511,"0.3374618473895583,0.21509216589861746,0.2358833333333333,0.4,0.52,0.024264680147676444","0,0,0"
33.083333333333336,240,AV,1,0,0,66,4959.361066312568,0.1,-0.03308333333333334,"0.5093619791666666,0.2951920634920635,0.3129937106918239,0.1,0.66,0.24503705234813514","0,0,0"
17.95,227,AV,1,0,0,42,4429.527615460413,0.5,-0.08975,"0.21043111111111112,0.1578735119047619,0.17964609053497937,0.5,0.42,0.2188585133596875","0,0,0"
18.0,133,AV,1,0,0,42,2222.040577514192,0.3,-0.054,"0.21043111111111112,0.1578735119047619,0.17964609053497937,0.3,0.42,0.1097887945708426","0,0,0"
29.666666666666668,247,AV,2,0,0,61,5168.6614957092925,0.3,-0.08900000000000001,"0.47085777777777765,0.27338943089430895,0.29222333333333333,0.3,0.61,0.255378376480178","0,0,0"
15.883333333333333,31,AV,1,0,0,39,813.126641713825,0.1,-0.015883333333333333,"0.1645297619047619,0.13763663663663664,0.16738513513513514,0.1,0.39,0.040175771194542055","0,0,0"
15.4,68,AV,0,0,0,32,1148.9174546898266,0.3,-0.05272788411333238,"0.11003639846743293,0.10650943396226417,0.1350781893004115,0.3,0.32,0.05676685821503235","0,0,0"
19.783333333333335,87,AV,2,0,0,44,1460.8215047913693,0.2,-0.039566666666666674,"0.23772777777777776,0.1716111111111111,0.19375735294117646,0.2,0.44,0.07217772425813608","0,0,0"
30.25,74,AV,1,0,0,59,1261.43865123121,0.1,-0.03025,"0.45164814814814813,0.2656530612244898,0.2880074404761905,0.1,0.59,0.06232641759345169","0,0,0"
28.116666666666667,239,AV,1,0,0,57,4818.617258984985,0.6,-0.1687,"0.41661355311355314,0.25284982638888887,0.27491065292096223,0.6,0.57,0.2380830420990997","0,0,0"
35.46666666666667,267,AV,2,0,0,73,6709.13861087917,0.3,-0.10640000000000001,"0.5587272727272727,0.3202132352941177,0.3389734848484848,0.3,0.73,0.3314918044931234","0,0,0"
52.083333333333336,210,AV,0,0,0,72,3942.222625638348,0.3,-0.15815248007589008,"0.5526058823529412,0.3165617886178861,0.3360722222222222,0.3,0.72,0.19478126294296802","0,0,0"
26.666666666666668,257,AV,1,0,0,54,5825.994272151124,0.2,-0.05333333333333334,"0.3723574297188756,0.2329532019704434,0.25615070921985816,0.2,0.54,0.28785652916908544","0,0,0"
45.0,179,AV,0,0,0,61,3065.2253709468137,0.5,-0.2274468021409086,"0.47085777777777765,0.27338943089430895,0.29222333333333333,0.5,0.61,0.15144970887106365","0,0,0"
23.816666666666666,202,AV,1,0,0,51,3793.837230001502,0.2,-0.04763333333333333,"0.3326265822784811,0.21260454545454546,0.2304465020576132,0.2,0.51,0.18744968948578491","0,0,0"
12.433333333333334,181,AV,1,0,0,34,3151.1733449572957,0.5,-0.06216666666666667,"0.1263965517241379,0.1129920634920635,0.1424578313253012,0.5,0.34,0.1556963119969945","0,0,0"
48.35,135,AV,0,0,0,65,2260.56382504795,0.1,-0.051667756356576625,"0.5059025641025642,0.2925268292682926,0.3122575757575758,0.1,0.65,0.11169218956393358","0,0,0"
15.35,283,AV,1,0,0,39,8987.033628468456,0.2,-0.0307,"0.1645297619047619,0.13763663663663664,0.16738513513513514,0.2,0.39,0.4440403108844108","0,0,0"
23.25,236,AV,1,0,0,50,4687.914961676448,0.8,-0.18600000000000003,"0.3149716312056738,0.2046450320512821,0.22431837606837604,0.8,0.5,0.23162517278098077","0,0,0"
19.383333333333333,180,AV,1,0,0,43,3119.7161673652217,0.3,-0.05814999999999999,"0.22918776371308017,0.1673073593073593,0.18942380952380947,0.3,0.43,0.15414204442718335","0,0,0"
13.466666666666667,238,AV,1,0,0,37,4707.821121085941,0.2,-0.026933333333333333,"0.1495126582278481,0.12558944954128434,0.15796586345381528,0.2,0.37,0.2326087161366778","0,0,0"
22.533333333333335,199,AV,2,0,0,49,3752.1132597063192,0.3,-0.06760000000000001,"0.3084020618556701,0.2000971563981043,0.2226574074074074,0.3,0.49,0.1853881499937643","0,0,0"
31.5,102,AV,1,0,0,62,1635.9686818612918,0.2,-0.063,"0.4830388127853881,0.28034061488673145,0.2984785478547855,0.2,0.62,0.08083157047389894","0,0,0"
20.516666666666666,93,AV,1,0,0,47,1530.0661682302475,0.1,-0.02051666666666667,"0.2713352059925094,0.18867918622848198,0.2120405982905983,0.1,0.47,0.07559903357460358","0,0,0"
19.1,191,AV,1,0,0,43,3465.4556083993225,0.3,-0.0573,"0.22918776371308017,0.1673073593073593,0.18942380952380947,0.3,0.43,0.17122468317412964","0,0,0"
16.433333333333334,126,AV,1,0,0,41,2052.607856914241,0.1,-0.016433333333333335,"0.19217499999999998,0.15137899543378994,0.17717489711934156,0.1,0.41,0.10141729391339874","0,0,0"
25.9,184,AV,1,0,0,53,3256.7228478661937,0.1,-0.025900000000000003,"0.3576375,0.22501984126984123,0.2487685185185185,0.1,0.53,0.16091140699084167","0,0,0"
24.45,28,AV,2,0,0,50,776.0711537761008,0.9,-0.22005,"0.3149716312056738,0.2046450320512821,0.22431837606837604,0.9,0.5,0.03834489672983343","0,0,0"
20.633333333333333,213,AV,0,0,0,38,4113.319853961603,0.7,-0.14625667804424286,"0.15464166666666665,0.12956434108527135,0.16140980392156862,0.7,0.38,0.20323500525627752","0,0,0"
50.21666666666667,259,AV,0,0,0,67,5913.041300376779,0.5,-0.25235171615344354,"0.5164358974358975,0.2987524509803921,0.31731381381381374,0.5,0.67,0.2921574354606168","0,0,0"
30.316666666666666,105,AV,1,0,0,60,1682.490559712908,0.7,-0.21221666666666664,"0.45735238095238095,0.2697380952380952,0.29178508771929823,0.7,0.6,0.08313016976240285","0,0,0"
19.416666666666668,79,AV,1,0,0,44,1317.647826688136,0.6,-0.1165,"0.23772777777777776,0.1716111111111111,0.19375735294117646,0.6,0.44,0.06510365653304864","0,0,0"
33.7,209,AV,1,0,0,67,3941.04555698938,0.1,-0.0337,"0.5164358974358975,0.2987524509803921,0.31731381381381374,0.1,0.67,0.19472310516250035","0,0,0"
25.8,86,AV,0,0,0,41,1454.957177165027,0.4,-0.10835479088849455,"0.19217499999999998,0.15137899543378994,0.17717489711934156,0.4,0.41,0.07188797371641335","0,0,0"
25.583333333333332,232,AV,1,0,0,53,4617.971391102537,0.8,-0.20466666666666666,"0.3576375,0.22501984126984123,0.2487685185185185,0.8,0.53,0.2281693311644965","0,0,0"
27.966666666666665,62,AV,1,0,0,55,1097.8259349569896,0.4,-0.11186666666666667,"0.38859601449275366,0.23847969543147207,0.2612051282051282,0.4,0.55,0.05424247750793666","0,0,0"
12.366666666666667,207,AV,1,0,0,32,3919.41152379869,0.5,-0.06183333333333334,"0.11003639846743293,0.10650943396226417,0.1350781893004115,0.5,0.32,0.1936541892976206","0,0,0"
24.35,175,AV,0,0,0,40,3031.4508351358254,0.1,-0.026824062885358973,"0.18542261904761903,0.147641627543036,0.17277510040160643,0.1,0.4,0.14978094295769478","0,0,0"
31.183333333333334,110,AV,1,0,0,61,1823.811293294481,0.1,-0.031183333333333337,"0.47085777777777765,0.27338943089430895,0.29222333333333333,0.1,0.61,0.09011268535856054","0,0,0"
19.016666666666666,169,AV,1,0,0,44,2909.8477340427667,0.3,-0.05704999999999999,"0.23772777777777776,0.1716111111111111,0.19375735294117646,0.3,0.44,0.1437726557913017","0,0,0"
31.733333333333334,249,AV,1,0,0,61,5341.061461458292,0.1,-0.031733333333333336,"0.47085777777777765,0.27338943089430895,0.29222333333333333,0.1,0.61,0.26389648574207625","0,0,0"
21.483333333333334,298,AV,1,0,0,48,19040.472291926453,0.5,-0.10741666666666667,"0.28568794326241137,0.1927694704049844,0.2172384259259259,0.5,0.48,0.9407706241479663","0,0,0"
38.13333333333333,52,AV,0,0,0,53,979.5720138781878,0.1,-0.04578973826706253,"0.3576375,0.22501984126984123,0.2487685185185185,0.1,0.53,0.04839966996432227","0,0,0"
17.183333333333334,18,AV,0,0,0,34,627.4062491148882,0.1,-0.029137310538024243,"0.1263965517241379,0.1129920634920635,0.1424578313253012,0.1,0.34,0.0309995130123124","0,0,0"
16.916666666666668,88,AV,1,0,0,41,1475.2077210572677,0.6,-0.1015,"0.19217499999999998,0.15137899543378994,0.17717489711934156,0.6,0.41,0.07288853276372843","0,0,0"
29.5,38,AV,1,0,0,58,861.805442805673,0.6,-0.177,"0.4295496031746031,0.25640256410256407,0.2786287128712872,0.6,0.58,0.04258094189534294","0,0,0"
21.233333333333334,214,AV,2,0,0,42,4116.183110063293,0.1,-0.021233333333333337,"0.21043111111111112,0.1578735119047619,0.17964609053497937,0.1,0.42,0.2033764758662804","0,0,0"
31.966666666666665,39,AV,1,0,0,62,863.3540159882258,0.2,-0.06393333333333333,"0.4830388127853881,0.28034061488673145,0.2984785478547855,0.2,0.62,0.04265745534191888","0,0,0"
46.43333333333333,150,AV,0,0,0,63,2476.7926805910606,0.1,-0.0494614430571598,"0.4915071428571429,0.28364330218068534,0.30251562499999995,0.1,0.63,0.12237584027749006","0,0,0"
9.2,289,AV,1,0,0,25,10751.672106064549,0.2,-0.0184,"0.06502456140350878,0.08549907407407406,0.12031976744186046,0.2,0.25,0.5312293268137855","0,0,0"
32.68333333333333,161,AV,1,0,0,65,2756.9260540590044,0.3,-0.09804999999999998,"0.5059025641025642,0.2925268292682926,0.3122575757575758,0.3,0.65,0.1362169490778143","0,0,0"
34.05,92,AV,1,0,0,69,1527.6889462703334,0.4,-0.1362,"0.5370248756218905,0.3061150793650793,0.32629611650485435,0.4,0.69,0.07548157742369105","0,0,0"
11.783333333333333,292,AV,1,0,0,33,13430.196447392702,0.3,-0.03535,"0.11871511627906978,0.11036792452830188,0.14072967479674797,0.3,0.33,0.6635725259609666","0,0,0"
12.666666666666666,172,AV,1,0,0,35,2969.8754393798326,0.8,-0.10133333333333333,"0.13055421686746985,0.11601877934272302,0.1471626984126984,0.8,0.35,0.1467385644594426","0,0,0"
21.75,273,AV,1,0,0,48,7658.5640246764915,0.2,-0.043500000000000004,"0.28568794326241137,0.1927694704049844,0.2172384259259259,0.2,0.48,0.37840196120697644","0,0,0"
15.95,260,AV,1,0,0,39,5984.209260784091,0.8,-0.12760000000000002,"0.1645297619047619,0.13763663663663664,0.16738513513513514,0.8,0.39,0.2956737729497932","0,0,0"
37.31666666666667,144,AV,1,0,0,89,2401.1770329784995,0.9,-0.33585000000000004,"0.5981025641025641,0.3356849087893864,0.35220792079207924,0.9,0.89,0.11863974702785017","0,0,0"
15.65,256,AV,2,0,0,34,5670.319740923212,0.3,-0.04695,"0.1263965517241379,0.1129920634920635,0.1424578313253012,0.3,0.34,0.28016480683878775","0,0,0"
32.78333333333333,145,AV,2,0,0,68,2411.397471856681,0.5,-0.16391666666666665,"0.5242727272727273,0.3035357142857143,0.32479807692307694,0.5,0.68,0.11914472865409743","0,0,0"
34.43333333333333,119,AV,0,0,0,49,1945.516475481125,0.1,-0.038288350802740914,"0.3084020618556701,0.2000971563981043,0.2226574074074074,0.1,0.49,0.09612601624932422","0,0,0"
25.833333333333332,229,AV,0,0,0,41,4459.768546990965,0.6,-0.15668170162217504,"0.19217499999999998,0.15137899543378994,0.17717489711934156,0.6,0.41,0.22035268743240086","0,0,0"
19.55,138,AV,1,0,0,45,2314.8193170712048,0.1,-0.01955,"0.245,0.17493195718654433,0.1965066666666667,0.1,0.45,0.11437289896607457","0,0,0"
55.28333333333333,288,AV,0,0,0,82,10721.15711953896,0.8,-0.4429662180225862,"0.5875892857142858,0.3318367875647668,0.3474789644012945,0.8,0.82,0.529721611958849","0,0,0"
31.016666666666666,177,AV,1,0,0,62,3046.5766145774583,0.1,-0.031016666666666665,"0.4830388127853881,0.28034061488673145,0.2984785478547855,0.1,0.62,0.15052829253746666","0,0,0"
27.266666666666666,299,AV,1,0,0,55,20239.22920549412,0.1,-0.027266666666666668,"0.38859601449275366,0.23847969543147207,0.2612051282051282,0.1,0.55,1.0","0,0,0"
34.93333333333333,124,AV,1,0,0,70,2043.1688306873104,0.1,-0.03493333333333333,"0.5439355555555556,0.30896172248803827,0.328046875,0.1,0.7,0.10095092110191003","0,0,0"
24.5,131,AV,2,0,0,50,2177.5877894542577,0.3,-0.0735,"0.3149716312056738,0.2046450320512821,0.22431837606837604,0.3,0.5,0.1075924269321053","0,0,0"
35.43333333333333,54,AV,1,0,0,72,1005.9867386644172,0.2,-0.07086666666666666,"0.5526058823529412,0.3165617886178861,0.3360722222222222,0.2,0.72,0.04970479500233799","0,0,0"
10.566666666666666,82,AV,1,0,0,28,1391.0507319816634,0.3,-0.0317,"0.0812644927536232,0.09397014925373134,0.12367049808429119,0.3,0.28,0.06873042040573611","0,0,0"
44.86666666666667,22,AV,0,0,0,60,658.4091024775607,0.1,-0.05625776070193725,"0.45735238095238095,0.2697380952380952,0.29178508771929823,0.1,0.6,0.032531332877974904","0,0,0"
22.283333333333335,16,AV,1,0,0,49,610.4868582393152,0.7,-0.15598333333333333,"0.3084020618556701,0.2000971563981043,0.2226574074074074,0.7,0.49,0.03016354289191967","0,0,0"
16.916666666666668,26,AV,1,0,0,41,743.7553910389753,0.1,-0.01691666666666667,"0.19217499999999998,0.15137899543378994,0.17717489711934156,0.1,0.41,0.036748207329806624","0,0,0"
31.216666666666665,167,AV,0,0,0,45,2857.8751728516777,0.6,-0.18992432735734788,"0.245,0.17493195718654433,0.1965066666666667,0.6,0.45,0.14120474371009553","0,0,0"
21.683333333333334,295,AV,1,0,0,48,15387.119225735782,0.1,-0.021683333333333332,"0.28568794326241137,0.1927694704049844,0.2172384259259259,0.1,0.48,0.7602621161856702","0,0,0"
16.366666666666667,266,AV,1,0,0,41,6563.608435155774,0.3,-0.049100000000000005,"0.19217499999999998,0.15137899543378994,0.17717489711934156,0.3,0.41,0.3243013045859485","0,0,0"
27.366666666666667,33,AV,1,0,0,55,822.5771428470101,0.2,-0.054733333333333335,"0.38859601449275366,0.23847969543147207,0.2612051282051282,0.2,0.55,0.04064271096963091","0,0,0"
31.066666666666666,226,AV,0,0,0,47,4416.224882412617,0.1,-0.032764949747736284,"0.2713352059925094,0.18867918622848198,0.2120405982905983,0.1,0.47,0.21820123867235977","0,0,0"
22.233333333333334,189,AV,1,0,0,48,3427.0421228311798,0.5,-0.11116666666666668,"0.28568794326241137,0.1927694704049844,0.2172384259259259,0.5,0.48,0.1693267114095866","0,0,0"
55.21666666666667,290,AV,0,0,0,78,11861.36896338871,0.7,-0.3871489714219735,"0.5783507751937986,0.32805775577557755,0.34613586956521736,0.7,0.78,0.5860583346804944","0,0,0"
34.2,182,AV,2,0,0,78,3158.0604616132755,0.3,-0.10260000000000001,"0.5783507751937986,0.32805775577557755,0.34613586956521736,0.3,0.78,0.1560365975180513","0,0,0"
50.1,284,AV,0,0,0,68,9030.678864893336,0.3,-0.15113050234785294,"0.5242727272727273,0.3035357142857143,0.32479807692307694,0.3,0.68,0.44619677820743675","0,0,0"
12.333333333333334,12,AV,2,0,0,25,586.8516376274475,0.2,-0.02466666666666667,"0.06502456140350878,0.08549907407407406,0.12031976744186046,0.2,0.25,0.028995750365243225","0,0,0"
32.766666666666666,173,AV,0,0,0,48,2971.291490045772,0.5,-0.1663574882421082,"0.28568794326241137,0.1927694704049844,0.2172384259259259,0.5,0.48,0.14680853010149164","0,0,0"
18.5,121,AV,2,0,0,40,1986.5043233563797,0.4,-0.074,"0.18542261904761903,0.147641627543036,0.17277510040160643,0.4,0.4,0.09815118467145603","0,0,0"
22.316666666666666,253,AV,0,0,0,38,5557.427333357366,0.5,-0.11293287864452124,"0.15464166666666665,0.12956434108527135,0.16140980392156862,0.5,0.38,0.27458690629625127","0,0,0"
8.283333333333333,149,AV,1,0,0,14,2476.7673195544394,0.1,-0.008283333333333334,"0.04548412698412698,0.07293421052631578,0.11634313725490199,0.1,0.14,0.12237458721412664","0,0,0"
24.9,42,AV,1,0,0,52,877.2934597877683,0.2,-0.049800000000000004,"0.3374618473895583,0.21509216589861746,0.2358833333333333,0.2,0.52,0.04334618926839462","0,0,0"
53.6,70,AV,0,0,0,75,1150.4391077840953,0.1,-0.06011924986664096,"0.5674318181818182,0.3242796747967481,0.3428678160919541,0.1,0.75,0.056842041567067104","0,0,0"
27.533333333333335,170,AV,2,0,0,56,2953.464044858564,0.4,-0.11013333333333336,"0.4060754385964912,0.2458834196891192,0.2683333333333334,0.4,0.56,0.1459276939290168","0,0,0"
32.333333333333336,281,AV,1,0,0,64,8480.737499651503,0.1,-0.03233333333333334,"0.5024844444444445,0.2884321608040201,0.30756918238993713,0.1,0.64,0.4190247273522319","0,0,0"
18.466666666666665,153,AV,1,0,0,43,2561.5826276178027,0.3,-0.05539999999999999,"0.22918776371308017,0.1673073593073593,0.18942380952380947,0.3,0.43,0.12656522645251916","0,0,0"
25.95,9,AV,1,0,0,54,542.8991684878858,0.4,-0.1038,"0.3723574297188756,0.2329532019704434,0.25615070921985816,0.4,0.54,0.02682410298216846","0,0,0"
8.6,123,AV,1,0,0,19,1997.7276787447236,0.2,-0.0172,"0.05632121212121212,0.08111956521739132,0.12207364341085271,0.2,0.19,0.09870571939579707","0,0,0"
28.483333333333334,168,AV,1,0,0,57,2891.134206742707,0.2,-0.056966666666666665,"0.41661355311355314,0.25284982638888887,0.27491065292096223,0.2,0.57,0.14284803919103217","0,0,0"
27.283333333333335,29,AV,2,0,0,56,779.2240782816187,0.2,-0.05456666666666668,"0.4060754385964912,0.2458834196891192,0.2683333333333334,0.2,0.56,0.038500679564916006","0,0,0"
32.916666666666664,112,AV,0,0,0,48,1830.3424648913517,0.1,-0.037014260501624326,"0.28568794326241137,0.1927694704049844,0.2172384259259259,0.1,0.48,0.09043538399152518","0,0,0"
21.75,216,AV,2,0,0,46,4164.701887555128,0.2,-0.043500000000000004,"0.26315412186379933,0.18428527131782946,0.20870833333333333,0.2,0.46,0.20577373996162773","0,0,0"
48.516666666666666,85,AV,0,0,0,66,1444.5182772575097,0.2,-0.10222537563427198,"0.5093619791666666,0.2951920634920635,0.3129937106918239,0.2,0.66,0.07137219814998598","0,0,0"
20.266666666666666,188,AV,1,0,0,46,3398.605365942332,0.1,-0.02026666666666667,"0.26315412186379933,0.18428527131782946,0.20870833333333333,0.1,0.46,0.16792167979498696","0,0,0"
26.15,72,AV,1,0,0,54,1234.5997004771,0.9,-0.23535,"0.3723574297188756,0.2329532019704434,0.25615070921985816,0.9,0.54,0.06100033197617807","0,0,0"
17.266666666666666,296,AV,2,0,0,35,17322.90883950548,0.3,-0.0518,"0.13055421686746985,0.11601877934272302,0.1471626984126984,0.3,0.35,0.8559075379611304","0,0,0"
13.4,244,AV,1,0,0,36,5009.92015912814,0.3,-0.0402,"0.13887698412698415,0.1194775641025641,0.15169507575757574,0.3,0.36,0.24753512637567007","0,0,0"
43.266666666666666,98,AV,0,0,0,59,1592.2311391495805,0.1,-0.0479770380540808,"0.45164814814814813,0.2656530612244898,0.2880074404761905,0.1,0.59,0.07867054238989274","0,0,0"
29.716666666666665,268,AV,1,0,0,58,6918.069898529506,0.1,-0.029716666666666666,"0.4295496031746031,0.25640256410256407,0.2786287128712872,0.1,0.58,0.34181488970200175","0,0,0"
10.766666666666667,96,AV,1,0,0,29,1552.9853059451273,0.2,-0.021533333333333335,"0.0957686274509804,0.09940162601626015,0.12658148148148152,0.2,0.29,0.07673144516410514","0,0,0"
32.666666666666664,297,AV,2,0,0,65,18628.94525544202,0.8,-0.26133333333333336,"0.5059025641025642,0.2925268292682926,0.3122575757575758,0.8,0.65,0.9204374863438488","0,0,0"
11.85,235,AV,0,0,0,27,4679.48341028673,0.3,-0.037152741016991966,"0.07817881944444444,0.09222393162393158,0.12360486891385769,0.3,0.27,0.23120857828995","0,0,0"
34.45,147,AV,2,0,0,72,2458.2611968747465,0.3,-0.10335000000000001,"0.5526058823529412,0.3165617886178861,0.3360722222222222,0.3,0.72,0.1214602182679679","0,0,0"
8.966666666666667,130,AV,0,0,0,16,2158.6935677652164,0.5,-0.04830765692978726,"0.04769540229885058,0.07625146198830408,0.11736904761904764,0.5,0.16,0.10665888240344744","0,0,0"
33.416666666666664,17,AV,1,0,0,65,616.3739675020589,0.1,-0.03341666666666667,"0.5059025641025642,0.2925268292682926,0.3122575757575758,0.1,0.65,0.030454419051430016","0,0,0"
30.2,293,AV,1,0,0,58,14505.369879802229,0.6,-0.1812,"0.4295496031746031,0.25640256410256407,0.2786287128712872,0.6,0.58,0.7166957660553899","0,0,0"
11.066666666666666,255,AV,1,0,0,30,5611.673516276995,0.6,-0.0664,"0.10206944444444442,0.1032303459119497,0.12998214285714288,0.6,0.3,0.27726715574492605","0,0,0"
11.35,136,AV,1,0,0,30,2280.385817754286,0.4,-0.045399999999999996,"0.10206944444444442,0.1032303459119497,0.12998214285714288,0.4,0.3,0.1126715743273096","0,0,0"
37.13333333333333,269,AV,1,0,0,83,7081.334819999852,0.9,-0.3342,"0.595025,0.33466666666666667,0.3513569023569023,0.9,0.83,0.34988164559535495","0,0,0"
36.56666666666667,183,AV,1,0,0,74,3159.4556453821087,0.1,-0.03656666666666667,"0.5659528985507247,0.32232430213464697,0.3413705882352941,0.1,0.74,0.15610553214765938","0,0,0"
34.45,75,AV,0,0,0,51,1275.9312017726234,0.1,-0.04032805987468636,"0.3326265822784811,0.21260454545454546,0.2304465020576132,0.1,0.51,0.06304247996886464","0,0,0"
5.233333333333333,233,AV,0,0,0,3,4660.29795945294,0.1,-0.0068426724926003955,"0.030333333333333337,0.057136363636363645,0.0825,0.1,0.03,0.23026064442157015","0,0,0"
39.666666666666664,274,AV,0,0,0,57,7897.119961473183,0.2,-0.08028304665117446,"0.41661355311355314,0.25284982638888887,0.27491065292096223,0.2,0.57,0.390188770594556","0,0,0"
22.183333333333334,277,AV,1,0,0,49,8028.27043643778,0.5,-0.11091666666666666,"0.3084020618556701,0.2000971563981043,0.2226574074074074,0.5,0.49,0.39666878392080435","0,0,0"
20.033333333333335,200,AV,1,0,0,45,3773.073658575576,0.4,-0.08013333333333335,"0.245,0.17493195718654433,0.1965066666666667,0.4,0.45,0.1864237822629797","0,0,0"
25.383333333333333,248,AV,1,0,0,52,5307.329693361759,0.5,-0.12691666666666668,"0.3374618473895583,0.21509216589861746,0.2358833333333333,0.5,0.52,0.2622298329385507","0,0,0"
25.366666666666667,127,AV,2,0,0,53,2108.868816674547,0.4,-0.10146666666666666,"0.3576375,0.22501984126984123,0.2487685185185185,0.4,0.53,0.10419709146344741","0,0,0"
