travel_time,id,kind,action,origin,destination,start_time,income,urgency,reward,observation,cost_table
12.85,101,AV,2,0,0,23,1503.4428459110418,0.4,-0.5285,"0.06254807692307693,0.08106,0.11789558232931725,0.4,0.23,0.0723041696201366","0,0,0"
54.016666666666666,255,AV,0,0,0,51,5590.116807812239,0.8,-1.3830995799225396,"0.4101343042071197,0.19887142857142856,0.23645108695652176,0.8,0.51,0.26884211459565416","0,0,0"
90.6,99,AV,0,0,0,78,1485.5718097438446,0.5,-1.567553954124495,"0.7984983333333333,0.31520627062706263,0.3501666666666667,0.5,0.78,0.07144470866102204","0,0,0"
22.966666666666665,52,AV,1,0,0,55,946.1123250925148,0.2,-0.42966666666666664,"0.49624431818181824,0.22613541666666667,0.2582758620689655,0.2,0.55,0.04550080917225548","0,0,0"
10.166666666666666,299,AV,2,0,0,14,20793.30768626012,0.1,-0.20166666666666666,"0.051500000000000004,0.07484523809523809,0.1131111111111111,0.1,0.14,1.0","0,0,0"
47.0,278,AV,0,0,0,48,8029.700924090037,0.2,-0.6998890335105723,"0.36490891472868214,0.18313913043478258,0.21595454545454543,0.2,0.48,0.386167561469594","0,0,0"
20.183333333333334,199,AV,2,0,0,41,3257.3450634265246,0.6,-0.8018333333333333,"0.24169175627240147,0.1442419871794872,0.17870711974110035,0.6,0.41,0.15665353067318508","0,0,0"
35.95,157,AV,2,0,0,80,2411.397471856681,0.6,-0.9595,"0.8008166666666667,0.3163640776699029,0.3503058419243987,0.6,0.8,0.11596988359144483","0,0,0"
10.216666666666667,23,AV,0,0,0,28,646.5589615252754,0.5,-0.9733625115650564,"0.07244977168949772,0.08659935897435897,0.12290921409214095,0.5,0.28,0.031094570006892704","0,0,0"
6.616666666666666,40,AV,0,0,0,17,857.6590975250949,0.1,-0.44599812964835284,"0.05321666666666667,0.07402777777777776,0.10924999999999999,0.1,0.17,0.041246881470994735","0,0,0"
25.933333333333334,162,AV,1,0,0,59,2476.7673195544394,0.3,-0.5593333333333333,"0.560021739130435,0.24521495327102805,0.2771006600660066,0.3,0.59,0.11911367623300487","0,0,0"
9.8,239,AV,1,0,0,27,4577.590037133467,0.3,-0.398,"0.07046527777777778,0.08567307692307692,0.1225551075268817,0.3,0.27,0.22014727556589106","0,0,0"
69.9,106,AV,0,0,0,59,1567.0706205360798,0.2,-1.0521520002065372,"0.560021739130435,0.24521495327102805,0.2771006600660066,0.2,0.59,0.07536418179256658","0,0,0"
24.216666666666665,251,AV,1,0,0,55,5003.647877951615,0.1,-0.3421666666666666,"0.49624431818181824,0.22613541666666667,0.2582758620689655,0.1,0.55,0.24063741822365012","0,0,0"
9.816666666666666,4,AV,1,0,0,28,465.3670128771111,0.1,-0.19816666666666666,"0.07244977168949772,0.08659935897435897,0.12290921409214095,0.1,0.28,0.0223806149506756","0,0,0"
19.7,26,AV,1,0,0,50,676.2529471816457,0.1,-0.297,"0.3958982456140351,0.19264564564564565,0.2283457446808511,0.1,0.5,0.03252262494189429","0,0,0"
22.55,229,AV,2,0,0,45,4223.122456076251,0.2,-0.4255,"0.3052155797101449,0.16373758865248228,0.1955950292397661,0.2,0.45,0.20310008007368746","0,0,0"
27.816666666666666,282,AV,0,0,0,41,8475.089255911002,0.3,-0.6064849524985958,"0.24169175627240147,0.1442419871794872,0.17870711974110035,0.3,0.41,0.40758735376725097","0,0,0"
80.0,39,AV,0,0,0,64,849.0657401736111,0.5,-1.5826636250226356,"0.6443469696969697,0.27262596899224806,0.30702083333333335,0.5,0.64,0.040833606321069346","0,0,0"
88.93333333333334,258,AV,0,0,0,73,5721.231751015957,0.1,-1.0312823419462744,"0.75822030651341,0.3048708708708709,0.3361617647058824,0.1,0.73,0.2751477464451918","0,0,0"
32.46666666666667,167,AV,2,0,0,65,2561.5826276178027,0.9,-1.2246666666666668,"0.6664927536231885,0.27788768115942025,0.31091756272401433,0.9,0.65,0.12319264766665551","0,0,0"
5.15,116,AV,0,0,0,12,1716.9764066453156,0.9,-1.0912806044807102,"0.051500000000000004,0.06791666666666665,0.1,0.9,0.12,0.08257351031167907","0,0,0"
13.783333333333333,68,AV,1,0,0,38,1100.389953660579,0.2,-0.3378333333333333,"0.19496969696969693,0.13165849673202615,0.16542929292929295,0.2,0.38,0.052920390072797266","0,0,0"
15.033333333333333,179,AV,2,0,0,36,2818.3733061874163,0.2,-0.35033333333333333,"0.15391228070175436,0.11879595015576322,0.15482653061224488,0.2,0.36,0.13554232682517134","0,0,0"
19.066666666666666,6,AV,0,0,0,37,491.0984231068265,0.8,-1.47936707519515,"0.1740545171339564,0.125075,0.15762365591397848,0.8,0.37,0.023618100136676975","0,0,0"
8.283333333333333,169,AV,1,0,0,17,2645.062412614309,0.1,-0.18283333333333335,"0.05321666666666667,0.07402777777777776,0.10924999999999999,0.1,0.17,0.1272073905952983","0,0,0"
27.0,264,AV,2,0,0,56,5912.288420941998,0.1,-0.37,"0.5164425287356322,0.23401428571428567,0.2657361111111111,0.1,0.56,0.28433611958951305","0,0,0"
13.8,12,AV,1,0,0,40,571.0932451196882,0.6,-0.738,"0.22035051546391748,0.13946969696969697,0.17244551282051282,0.6,0.4,0.027465242843352784","0,0,0"
29.4,93,AV,1,0,0,69,1434.4967426379471,0.3,-0.594,"0.7217912621359223,0.29075308641975306,0.3243089887640449,0.3,0.69,0.06898838627708276","0,0,0"
17.116666666666667,297,AV,0,0,0,36,17693.100214811147,0.2,-0.384731276434665,"0.15391228070175436,0.11879595015576322,0.15482653061224488,0.2,0.36,0.8509035927219247","0,0,0"
37.983333333333334,187,AV,2,0,0,85,2909.8477340427667,0.3,-0.6798333333333333,"0.8078066666666666,0.32110833333333333,0.35289000000000004,0.3,0.85,0.13994155128890565","0,0,0"
23.0,22,AV,1,0,0,54,640.5426603936758,0.1,-0.33,"0.46560416666666654,0.21438364779874217,0.24996226415094333,0.1,0.54,0.03080523166677017","0,0,0"
13.083333333333334,166,AV,2,0,0,30,2553.8725848963804,0.3,-0.4308333333333333,"0.08690043290043288,0.09373333333333334,0.13167283950617284,0.3,0.3,0.122821853234247","0,0,0"
22.483333333333334,245,AV,1,0,0,54,4689.4303597647895,0.2,-0.42483333333333334,"0.46560416666666654,0.21438364779874217,0.24996226415094333,0.2,0.54,0.22552594471842924","0,0,0"
15.6,0,AV,0,0,0,35,417.8295094645922,0.6,-1.330396959916825,"0.132391156462585,0.11206166666666667,0.1468660130718954,0.6,0.35,0.02009442248289757","0,0,0"
59.15,242,AV,0,0,0,54,4635.813442599864,0.7,-1.34327084948988,"0.46560416666666654,0.21438364779874217,0.24996226415094333,0.7,0.54,0.222947378673338","0,0,0"
48.75,79,AV,0,0,0,49,1260.3927948639828,0.1,-0.7779168295613749,"0.3796444444444444,0.18782916666666666,0.22093148148148153,0.1,0.49,0.06061531017005197","0,0,0"
30.6,244,AV,2,0,0,64,4687.914961676448,0.1,-0.406,"0.6443469696969697,0.27262596899224806,0.30702083333333335,0.1,0.64,0.22545306559254863","0,0,0"
68.03333333333333,32,AV,0,0,0,57,806.3598325453933,0.2,-1.1779672063431095,"0.5319929078014184,0.23797517730496456,0.2686056547619047,0.2,0.57,0.03877977687399022","0,0,0"
22.55,215,AV,2,0,0,48,3742.7752140142647,0.3,-0.5255,"0.36490891472868214,0.18313913043478258,0.21595454545454543,0.3,0.48,0.17999902999980277","0,0,0"
18.45,91,AV,1,0,0,47,1405.7852601227096,0.3,-0.4845,"0.3405243902439024,0.17662212643678163,0.2092875816993464,0.3,0.47,0.06760758227281125","0,0,0"
33.25,102,AV,2,0,0,69,1509.578116022191,0.1,-0.4325,"0.7217912621359223,0.29075308641975306,0.3243089887640449,0.1,0.69,0.07259922946360745","0,0,0"
29.116666666666667,214,AV,1,0,0,65,3628.2404526711953,0.2,-0.4911666666666667,"0.6664927536231885,0.27788768115942025,0.31091756272401433,0.2,0.65,0.17449077883210845","0,0,0"
85.88333333333334,226,AV,0,0,0,71,4116.183110063293,0.7,-1.617139777333175,"0.7468623188405797,0.29935377358490567,0.3313055555555555,0.7,0.71,0.1979571106324368","0,0,0"
15.216666666666667,147,AV,2,0,0,31,2276.662146114732,0.6,-0.7521666666666667,"0.09875,0.0979142857142857,0.13518468468468467,0.6,0.31,0.1094901388690128","0,0,0"
20.633333333333333,89,AV,1,0,0,51,1348.5865378412918,0.8,-1.0063333333333333,"0.4101343042071197,0.19887142857142856,0.23645108695652176,0.8,0.51,0.06485675863549194","0,0,0"
15.016666666666667,262,AV,1,0,0,40,5899.132481879994,0.7,-0.8501666666666666,"0.22035051546391748,0.13946969696969697,0.17244551282051282,0.7,0.4,0.2837034189504176","0,0,0"
92.38333333333334,217,AV,0,0,0,90,3759.463069718096,0.2,-1.1876722368015344,"0.8211508620689655,0.3245666666666666,0.356663120567376,0.2,0.9,0.18080158897481655","0,0,0"
18.85,153,AV,2,0,0,40,2337.3116255789537,0.3,-0.4885,"0.22035051546391748,0.13946969696969697,0.17244551282051282,0.3,0.4,0.11240691768935884","0,0,0"
25.633333333333333,143,AV,1,0,0,59,2212.8825544422834,0.2,-0.4563333333333333,"0.560021739130435,0.24521495327102805,0.2771006600660066,0.2,0.59,0.1064228254509272","0,0,0"
57.31666666666667,63,AV,0,0,0,53,1046.6558973464134,0.1,-0.9024683890459816,"0.4488209219858156,0.20968646864686466,0.24533492063492066,0.1,0.53,0.05033619052528265","0,0,0"
82.11666666666666,8,AV,0,0,0,66,541.9839687696077,0.1,-1.3639841923304594,"0.6795258620689657,0.2807517006802721,0.31252325581395346,0.1,0.66,0.026065307980208553","0,0,0"
18.45,33,AV,2,0,0,39,807.7368269013535,0.2,-0.3845,"0.21048129251700678,0.13641339869281044,0.16838,0.2,0.39,0.0388459998326814","0,0,0"
20.766666666666666,100,AV,1,0,0,51,1490.1599361877834,0.6,-0.8076666666666666,"0.4101343042071197,0.19887142857142856,0.23645108695652176,0.6,0.51,0.07166536265764283","0,0,0"
17.15,56,AV,0,0,0,36,968.7072844723906,0.2,-0.6192528597616738,"0.15391228070175436,0.11879595015576322,0.15482653061224488,0.2,0.36,0.04658745492005087","0,0,0"
8.45,19,AV,1,0,0,18,626.2908344343901,0.1,-0.1845,"0.05620689655172414,0.07585772357723576,0.11078333333333333,0.1,0.18,0.03011982720037529","0,0,0"
8.383333333333333,81,AV,0,0,0,26,1261.43865123121,0.4,-0.6740922886663979,"0.0670681818181818,0.08461538461538459,0.1219231884057971,0.4,0.26,0.060665607909257666","0,0,0"
43.45,73,AV,0,0,0,47,1135.438045570021,0.1,-0.7458721668358519,"0.3405243902439024,0.17662212643678163,0.2092875816993464,0.1,0.47,0.0546059368091927","0,0,0"
50.416666666666664,95,AV,0,0,0,50,1457.5875839824732,0.2,-0.8688222953488645,"0.3958982456140351,0.19264564564564565,0.2283457446808511,0.2,0.5,0.07009888017699192","0,0,0"
36.31666666666667,121,AV,0,0,0,43,1836.3970218708375,0.2,-0.693857359987166,"0.281360544217687,0.15578136200716847,0.19199541284403668,0.2,0.43,0.08831673390204767","0,0,0"
82.06666666666666,256,AV,0,0,0,66,5611.673516276995,0.2,-1.063434657232024,"0.6795258620689657,0.2807517006802721,0.31252325581395346,0.2,0.66,0.26987882836866295","0,0,0"
70.0,287,AV,0,0,0,57,10751.672106064549,0.1,-0.8223221093084326,"0.5319929078014184,0.23797517730496456,0.2686056547619047,0.1,0.57,0.5170736791034491","0,0,0"
83.76666666666667,193,AV,0,0,0,67,3064.640983136323,0.8,-1.7159792655389778,"0.69729203539823,0.28420297029702973,0.317296511627907,0.8,0.67,0.14738592961625765","0,0,0"
26.183333333333334,270,AV,1,0,0,60,6709.13861087917,0.7,-0.9618333333333333,"0.5823560606060605,0.25205604719764013,0.28408080808080816,0.7,0.6,0.32265855495960655","0,0,0"
23.783333333333335,133,AV,2,0,0,51,2044.1603053436156,0.2,-0.43783333333333335,"0.4101343042071197,0.19887142857142856,0.23645108695652176,0.2,0.51,0.09830856813100321","0,0,0"
60.9,275,AV,0,0,0,54,7336.658338656486,0.1,-0.74171244058558,"0.46560416666666654,0.21438364779874217,0.24996226415094333,0.1,0.54,0.35283748258601644","0,0,0"
76.7,172,AV,0,0,0,62,2744.255474143275,0.5,-1.3544554145054317,"0.6177280701754387,0.2633095238095238,0.299923676012461,0.5,0.62,0.13197782265092123","0,0,0"
29.116666666666667,206,AV,1,0,0,66,3438.9188747307694,0.4,-0.6911666666666667,"0.6795258620689657,0.2807517006802721,0.31252325581395346,0.4,0.66,0.16538585041970746","0,0,0"
31.066666666666666,97,AV,2,0,0,62,1474.5167950508735,0.2,-0.5106666666666666,"0.6177280701754387,0.2633095238095238,0.299923676012461,0.2,0.62,0.07091304650992157","0,0,0"
34.55,3,AV,0,0,0,43,457.16351791608827,0.3,-1.1704762734655736,"0.281360544217687,0.15578136200716847,0.19199541284403668,0.3,0.43,0.021986089217454062","0,0,0"
28.7,7,AV,1,0,0,65,508.6019702527906,0.4,-0.687,"0.6664927536231885,0.27788768115942025,0.31091756272401433,0.4,0.65,0.024459887668034006","0,0,0"
29.333333333333332,246,AV,1,0,0,67,4818.617258984985,0.1,-0.3933333333333333,"0.69729203539823,0.28420297029702973,0.317296511627907,0.1,0.67,0.23173885231203734","0,0,0"
10.583333333333334,66,AV,1,0,0,30,1089.3140785512585,0.1,-0.20583333333333334,"0.08690043290043288,0.09373333333333334,0.13167283950617284,0.1,0.3,0.052387724694280345","0,0,0"
27.25,254,AV,2,0,0,55,5557.427333357366,0.1,-0.37250000000000005,"0.49624431818181824,0.22613541666666667,0.2582758620689655,0.1,0.55,0.26726999942532587","0,0,0"
24.366666666666667,90,AV,1,0,0,56,1365.417472605012,0.4,-0.6436666666666667,"0.5164425287356322,0.23401428571428567,0.2657361111111111,0.4,0.56,0.06566619862539994","0,0,0"
48.78333333333333,27,AV,0,0,0,49,720.4688823460104,0.2,-1.0209497327793517,"0.3796444444444444,0.18782916666666666,0.22093148148148153,0.2,0.49,0.034649075232127916","0,0,0"
25.766666666666666,189,AV,0,0,0,40,2965.4163440895786,0.2,-0.5385996528486401,"0.22035051546391748,0.13946969696969697,0.17244551282051282,0.2,0.4,0.14261397892212588","0,0,0"
15.283333333333333,250,AV,2,0,0,21,4967.653125719208,0.9,-1.0528333333333333,"0.06064912280701755,0.0785611111111111,0.11275124378109452,0.9,0.21,0.2389063443235514","0,0,0"
27.833333333333332,252,AV,1,0,0,64,5144.150368411208,0.1,-0.3783333333333333,"0.6443469696969697,0.27262596899224806,0.30702083333333335,0.1,0.64,0.2473945197189757","0,0,0"
8.516666666666667,85,AV,1,0,0,24,1282.6858023855964,0.3,-0.38516666666666666,"0.06436842105263157,0.08296666666666667,0.12102721088435375,0.3,0.24,0.06168743432932387","0,0,0"
31.283333333333335,51,AV,1,0,0,75,943.1907669438916,0.3,-0.6128333333333333,"0.774157894736842,0.30952121212121214,0.3409666666666667,0.3,0.75,0.04536030443906415","0,0,0"
33.11666666666667,42,AV,2,0,0,71,870.7377108213431,0.4,-0.7311666666666667,"0.7468623188405797,0.29935377358490567,0.3313055555555555,0.4,0.71,0.04187586332869553","0,0,0"
12.85,149,AV,2,0,0,32,2294.767722006211,0.6,-0.7284999999999999,"0.10955615942028984,0.10356507936507935,0.14032038834951455,0.6,0.32,0.11036087940556741","0,0,0"
18.166666666666668,141,AV,1,0,0,45,2139.4702648744856,0.4,-0.5816666666666667,"0.3052155797101449,0.16373758865248228,0.1955950292397661,0.4,0.45,0.10289225250527183","0,0,0"
29.883333333333333,160,AV,1,0,0,70,2436.431929205765,0.3,-0.5988333333333333,"0.7273736842105264,0.293330303030303,0.3250157894736843,0.3,0.7,0.11717385064309511","0,0,0"
73.26666666666667,291,AV,0,0,0,61,11515.391842589095,0.9,-1.653508336952898,"0.6018178694158075,0.2556857142857143,0.2901615646258503,0.9,0.61,0.5538027915682833","0,0,0"
21.35,113,AV,2,0,0,46,1635.9686818612918,0.6,-0.8135,"0.3288024691358025,0.17232909604519772,0.20352970297029704,0.6,0.46,0.07867765468320913","0,0,0"
6.616666666666666,120,AV,0,0,0,20,1809.16611953512,0.2,-0.398824468185562,"0.05870202020202021,0.07839285714285714,0.11289890710382514,0.2,0.2,0.08700713454697676","0,0,0"
24.1,203,AV,0,0,0,39,3382.383844415393,0.6,-0.911955873443004,"0.21048129251700678,0.13641339869281044,0.16838,0.6,0.39,0.16266694531964326","0,0,0"
22.016666666666666,98,AV,1,0,0,52,1474.807688008607,0.1,-0.32016666666666665,"0.4359390681003585,0.20625382262996939,0.2426615646258503,0.1,0.52,0.07092703624941481","0,0,0"
45.03333333333333,28,AV,0,0,0,47,736.5379020629116,0.5,-1.2761821448171724,"0.3405243902439024,0.17662212643678163,0.2092875816993464,0.5,0.47,0.03542187290142414","0,0,0"
52.016666666666666,257,AV,0,0,0,50,5702.891177591027,0.2,-0.7622505838459137,"0.3958982456140351,0.19264564564564565,0.2283457446808511,0.2,0.5,0.27426570431405706","0,0,0"
31.016666666666666,159,AV,0,0,0,42,2421.0391237858234,0.5,-0.9092976545313765,"0.25575655430711614,0.14947376543209878,0.18520550161812296,0.5,0.42,0.11643357373995898","0,0,0"
8.083333333333334,112,AV,1,0,0,13,1628.9397076974285,0.7,-0.7808333333333333,"0.051555555555555556,0.0734848484848485,0.10991025641025638,0.7,0.13,0.07833961446998668","0,0,0"
30.233333333333334,237,AV,2,0,0,61,4559.760277629775,0.3,-0.6023333333333334,"0.6018178694158075,0.2556857142857143,0.2901615646258503,0.3,0.61,0.21928979970044837","0,0,0"
14.966666666666667,86,AV,2,0,0,31,1293.252850487379,0.5,-0.6496666666666666,"0.09875,0.0979142857142857,0.13518468468468467,0.5,0.31,0.06219562899759039","0,0,0"
14.966666666666667,170,AV,2,0,0,23,2667.9339807116767,0.3,-0.44966666666666666,"0.06254807692307693,0.08106,0.11789558232931725,0.3,0.23,0.12830733911924","0,0,0"
15.283333333333333,49,AV,1,0,0,42,932.0432837729122,0.9,-1.0528333333333333,"0.25575655430711614,0.14947376543209878,0.18520550161812296,0.9,0.42,0.04482419525724574","0,0,0"
73.43333333333334,186,AV,0,0,0,61,2909.5116230827134,0.2,-1.016821403872716,"0.6018178694158075,0.2556857142857143,0.2901615646258503,0.2,0.61,0.13992538690731113","0,0,0"
11.766666666666667,103,AV,1,0,0,33,1527.6889462703334,0.3,-0.41766666666666663,"0.11454814814814814,0.10523099415204679,0.14322048611111113,0.3,0.33,0.07347022269476662","0,0,0"
20.2,44,AV,2,0,0,37,877.2934597877683,0.1,-0.302,"0.1740545171339564,0.125075,0.15762365591397848,0.1,0.37,0.04219114500803879","0,0,0"
67.91666666666667,30,AV,0,0,0,57,777.0630287344238,0.5,-1.4880219218071407,"0.5319929078014184,0.23797517730496456,0.2686056547619047,0.5,0.57,0.037370823365822384","0,0,0"
31.3,82,AV,0,0,0,42,1265.4739572733297,0.3,-0.8026522631861339,"0.25575655430711614,0.14947376543209878,0.18520550161812296,0.3,0.42,0.060859675447862215","0,0,0"
37.666666666666664,50,AV,2,0,0,85,938.3100494872764,0.4,-0.7766666666666666,"0.8078066666666666,0.32110833333333333,0.35289000000000004,0.4,0.85,0.04512557903941836","0,0,0"
29.6,138,AV,0,0,0,41,2105.159940183184,0.7,-1.1100055895131256,"0.24169175627240147,0.1442419871794872,0.17870711974110035,0.7,0.41,0.10124218676253416","0,0,0"
29.3,92,AV,0,0,0,41,1434.2863071033526,0.1,-0.5603306081299052,"0.24169175627240147,0.1442419871794872,0.17870711974110035,0.1,0.41,0.06897826592789302","0,0,0"
25.75,71,AV,2,0,0,54,1117.0806745336297,0.4,-0.6575,"0.46560416666666654,0.21438364779874217,0.24996226415094333,0.4,0.54,0.05372308684066549","0,0,0"
60.9,273,AV,0,0,0,54,7099.697064525982,0.8,-1.442804259226661,"0.46560416666666654,0.21438364779874217,0.24996226415094333,0.8,0.54,0.3414414470102487","0,0,0"
12.733333333333333,41,AV,1,0,0,36,861.805442805673,0.3,-0.42733333333333334,"0.15391228070175436,0.11879595015576322,0.15482653061224488,0.3,0.36,0.04144628915269407","0,0,0"
31.016666666666666,267,AV,1,0,0,72,6427.339783247283,0.3,-0.6101666666666666,"0.7490796296296297,0.30159413580246913,0.3337581699346406,0.3,0.72,0.3091061739780037","0,0,0"
26.95,148,AV,2,0,0,56,2280.385817754286,0.3,-0.5695,"0.5164425287356322,0.23401428571428567,0.2657361111111111,0.3,0.56,0.10966921916233309","0,0,0"
17.216666666666665,174,AV,2,0,0,39,2753.3979495063454,0.4,-0.5721666666666667,"0.21048129251700678,0.13641339869281044,0.16838,0.4,0.39,0.13241750620204337","0,0,0"
87.21666666666667,115,AV,0,0,0,72,1703.2333497257905,0.2,-1.2130751335180456,"0.7490796296296297,0.30159413580246913,0.3337581699346406,0.2,0.72,0.08191257376772525","0,0,0"
29.633333333333333,80,AV,1,0,0,70,1260.6549751070208,0.3,-0.5963333333333334,"0.7273736842105264,0.293330303030303,0.3250157894736843,0.3,0.7,0.06062791904628244","0,0,0"
12.633333333333333,241,AV,1,0,0,35,4630.913868273173,0.5,-0.6263333333333333,"0.132391156462585,0.11206166666666667,0.1468660130718954,0.5,0.35,0.22271174640161776","0,0,0"
59.233333333333334,216,AV,0,0,0,53,3758.845856207275,0.4,-1.0561827193366646,"0.4488209219858156,0.20968646864686466,0.24533492063492066,0.4,0.53,0.18077190569786353","0,0,0"
38.18333333333333,140,AV,0,0,0,45,2137.1188228190404,0.5,-0.9941340615087652,"0.3052155797101449,0.16373758865248228,0.1955950292397661,0.5,0.45,0.10277916602134513","0,0,0"
27.766666666666666,57,AV,2,0,0,58,969.457736312404,0.5,-0.7776666666666667,"0.5510456140350878,0.2433583333333334,0.2764460317460318,0.5,0.58,0.04662354594757456","0,0,0"
18.616666666666667,36,AV,1,0,0,47,818.0604611907775,0.1,-0.2861666666666667,"0.3405243902439024,0.17662212643678163,0.2092875816993464,0.1,0.47,0.03934248814734457","0,0,0"
29.366666666666667,290,AV,1,0,0,68,11185.875164713363,0.1,-0.3936666666666667,"0.7131305031446541,0.2889757281553398,0.3221538461538461,0.1,0.68,0.5379555448075637","0,0,0"
26.433333333333334,150,AV,2,0,0,53,2302.618320259251,0.3,-0.5643333333333334,"0.4488209219858156,0.20968646864686466,0.24533492063492066,0.3,0.53,0.11073843349034766","0,0,0"
27.066666666666666,185,AV,1,0,0,61,2891.134206742707,0.3,-0.5706666666666667,"0.6018178694158075,0.2556857142857143,0.2901615646258503,0.3,0.61,0.13904157291209238","0,0,0"
23.2,207,AV,2,0,0,48,3465.4556083993225,0.4,-0.632,"0.36490891472868214,0.18313913043478258,0.21595454545454543,0.4,0.48,0.1666620655399256","0,0,0"
83.8,298,AV,0,0,0,67,19040.472291926453,0.2,-1.050604729353366,"0.69729203539823,0.28420297029702973,0.317296511627907,0.2,0.67,0.91570194503052","0,0,0"
38.0,191,AV,0,0,0,44,2969.8754393798326,0.9,-1.3608114700090308,"0.30062681159420285,0.16169791666666666,0.19510565476190472,0.9,0.44,0.1428284275013291","0,0,0"
26.116666666666667,178,AV,2,0,0,51,2815.231094880572,0.1,-0.36116666666666664,"0.4101343042071197,0.19887142857142856,0.23645108695652176,0.1,0.51,0.13539121035278245","0,0,0"
6.783333333333333,183,AV,1,0,0,0,2857.712092786687,0.5,-0.5678333333333333,"0.0,0.0,0.0,0.5,0.0,0.13743422335230565","0,0,0"
14.766666666666667,35,AV,1,0,0,41,816.2772675203604,0.2,-0.3476666666666667,"0.24169175627240147,0.1442419871794872,0.17870711974110035,0.2,0.41,0.03925673009012141","0,0,0"
39.68333333333333,171,AV,0,0,0,45,2675.3892374750885,0.4,-0.8865399063576388,"0.3052155797101449,0.16373758865248228,0.1955950292397661,0.4,0.45,0.1286658802843062","0,0,0"
71.5,260,AV,0,0,0,59,5849.7981009167725,0.6,-1.3560270569786652,"0.560021739130435,0.24521495327102805,0.2771006600660066,0.6,0.59,0.28133081033481866","0,0,0"
19.45,195,AV,2,0,0,43,3119.7161673652217,0.2,-0.3945,"0.281360544217687,0.15578136200716847,0.19199541284403668,0.2,0.43,0.1500346272193471","0,0,0"
62.78333333333333,231,AV,0,0,0,55,4304.4895651906745,0.1,-0.783589073094168,"0.49624431818181824,0.22613541666666667,0.2582758620689655,0.1,0.55,0.207013219355909","0,0,0"
11.333333333333334,83,AV,1,0,0,33,1267.69032506861,0.1,-0.21333333333333335,"0.11454814814814814,0.10523099415204679,0.14322048611111113,0.1,0.33,0.0609662658868978","0,0,0"
23.533333333333335,127,AV,2,0,0,49,1921.5023446668008,0.3,-0.5353333333333333,"0.3796444444444444,0.18782916666666666,0.22093148148148153,0.3,0.49,0.09240965283924012","0,0,0"
85.31666666666666,139,AV,0,0,0,69,2113.1349678504243,0.1,-1.0667419960476094,"0.7217912621359223,0.29075308641975306,0.3243089887640449,0.1,0.69,0.10162572495605159","0,0,0"
31.916666666666668,182,AV,2,0,0,62,2853.537244729806,0.2,-0.5191666666666667,"0.6177280701754387,0.2633095238095238,0.299923676012461,0.2,0.62,0.13723344490378397","0,0,0"
27.533333333333335,225,AV,1,0,0,62,4113.319853961603,0.2,-0.4753333333333334,"0.6177280701754387,0.2633095238095238,0.299923676012461,0.2,0.62,0.19781940978440954","0,0,0"
31.75,263,AV,1,0,0,77,5911.733280178027,0.6,-0.9175,"0.7905462046204622,0.31275728155339805,0.34838541666666667,0.6,0.77,0.28430942153971994","0,0,0"
18.516666666666666,31,AV,2,0,0,42,802.5586880039084,0.9,-1.0851666666666666,"0.25575655430711614,0.14947376543209878,0.18520550161812296,0.9,0.42,0.038596970723144074","0,0,0"
24.2,259,AV,1,0,0,54,5807.233742044462,0.1,-0.34199999999999997,"0.46560416666666654,0.21438364779874217,0.24996226415094333,0.1,0.54,0.27928378830664774","0,0,0"
20.633333333333333,70,AV,0,0,0,37,1111.987968807459,0.9,-1.3221630066142285,"0.1740545171339564,0.125075,0.15762365591397848,0.9,0.37,0.05347816641708441","0,0,0"
57.36666666666667,29,AV,0,0,0,52,763.1985099142711,0.3,-1.1881326894409496,"0.4359390681003585,0.20625382262996939,0.2426615646258503,0.3,0.52,0.03670404542797105","0,0,0"
26.0,177,AV,0,0,0,40,2797.307504072895,0.9,-1.2457967883940393,"0.22035051546391748,0.13946969696969697,0.17244551282051282,0.9,0.4,0.13452922191505445","0,0,0"
10.266666666666667,9,AV,0,0,0,28,546.8646928603165,0.8,-1.3415320809699856,"0.07244977168949772,0.08659935897435897,0.12290921409214095,0.8,0.28,0.026300033698903796","0,0,0"
29.1,168,AV,2,0,0,59,2574.4307659940623,0.4,-0.6910000000000001,"0.560021739130435,0.24521495327102805,0.2771006600660066,0.4,0.59,0.12381054543309646","0,0,0"
25.05,188,AV,1,0,0,57,2946.490055333797,0.1,-0.35050000000000003,"0.5319929078014184,0.23797517730496456,0.2686056547619047,0.1,0.57,0.14170376833700152","0,0,0"
13.05,212,AV,2,0,0,29,3539.477986656502,0.3,-0.4305,"0.08195454545454545,0.09170206489675518,0.13016363636363637,0.3,0.29,0.17022197911279557","0,0,0"
16.5,292,AV,2,0,0,37,11861.36896338871,0.2,-0.365,"0.1740545171339564,0.125075,0.15762365591397848,0.2,0.37,0.57044166047841","0,0,0"
27.616666666666667,213,AV,1,0,0,63,3608.770587345788,0.4,-0.6761666666666667,"0.6339128440366972,0.26834738955823295,0.3034907407407408,0.4,0.63,0.17355442634701188","0,0,0"
32.46666666666667,269,AV,1,0,0,83,6563.608435155774,0.1,-0.42466666666666664,"0.8022051282051282,0.31919,0.35231770833333337,0.1,0.83,0.31565966003056356","0,0,0"
9.883333333333333,202,AV,1,0,0,22,3361.758609282253,0.9,-0.9988333333333334,"0.062078231292517,0.080018779342723,0.11516666666666665,0.9,0.22,0.16167502833152653","0,0,0"
80.58333333333333,78,AV,0,0,0,64,1251.6500609663929,0.3,-1.2975802180933573,"0.6443469696969697,0.27262596899224806,0.30702083333333335,0.3,0.64,0.0601948511440276","0,0,0"
45.166666666666664,59,AV,0,0,0,47,985.0802174553831,0.3,-0.995301647602491,"0.3405243902439024,0.17662212643678163,0.2092875816993464,0.3,0.47,0.047374868506673815","0,0,0"
27.883333333333333,119,AV,1,0,0,63,1804.2001824470888,0.1,-0.37883333333333336,"0.6339128440366972,0.26834738955823295,0.3034907407407408,0.1,0.63,0.08676831073101827","0,0,0"
50.53333333333333,211,AV,0,0,0,49,3523.1638559153366,0.2,-0.7734539231824384,"0.3796444444444444,0.18782916666666666,0.22093148148148153,0.2,0.49,0.16943739346690792","0,0,0"
33.016666666666666,272,AV,0,0,0,42,7081.334819999852,0.4,-0.7640585819764988,"0.25575655430711614,0.14947376543209878,0.18520550161812296,0.4,0.42,0.34055836266392014","0,0,0"
20.816666666666666,58,AV,2,0,0,44,978.4447105201264,0.3,-0.5081666666666667,"0.30062681159420285,0.16169791666666666,0.19510565476190472,0.3,0.44,0.04705575107546101","0,0,0"
19.366666666666667,118,AV,2,0,0,43,1794.439334206041,0.4,-0.5936666666666667,"0.281360544217687,0.15578136200716847,0.19199541284403668,0.4,0.43,0.08629888814619799","0,0,0"
34.53333333333333,67,AV,2,0,0,74,1097.8259349569896,0.2,-0.5453333333333333,"0.7694670138888889,0.3091515151515152,0.33967198581560276,0.2,0.74,0.05279708026839882","0,0,0"
32.06666666666667,221,AV,1,0,0,82,3941.04555698938,0.1,-0.42066666666666674,"0.8036105610561056,0.3188566666666667,0.35239898989899,0.1,0.82,0.18953432596938674","0,0,0"
5.0,227,AV,0,0,0,16,4159.866430607663,0.2,-0.3076941601379594,"0.05175925925925926,0.07419565217391305,0.1103578431372549,0.2,0.16,0.20005794620912742","0,0,0"
25.266666666666666,277,AV,1,0,0,57,7958.958807233507,0.4,-0.6526666666666667,"0.5319929078014184,0.23797517730496456,0.2686056547619047,0.4,0.57,0.38276540352897576","0,0,0"
27.033333333333335,289,AV,1,0,0,60,10838.007207066395,0.3,-0.5703333333333334,"0.5823560606060605,0.25205604719764013,0.28408080808080816,0.3,0.6,0.5212257410218565","0,0,0"
14.25,123,AV,2,0,0,31,1869.7531794209297,0.2,-0.3425,"0.09875,0.0979142857142857,0.13518468468468467,0.2,0.31,0.0899209114602018","0,0,0"
29.783333333333335,228,AV,1,0,0,67,4164.701887555128,0.3,-0.5978333333333333,"0.69729203539823,0.28420297029702973,0.317296511627907,0.3,0.67,0.2002904949224166","0,0,0"
25.466666666666665,43,AV,1,0,0,58,873.8892656114449,0.3,-0.5546666666666666,"0.5510456140350878,0.2433583333333334,0.2764460317460318,0.3,0.58,0.04202742915158692","0,0,0"
11.333333333333334,154,AV,2,0,0,26,2344.9936519099742,0.4,-0.5133333333333334,"0.0670681818181818,0.08461538461538459,0.1219231884057971,0.4,0.26,0.11277636474640867","0,0,0"
27.7,261,AV,1,0,0,61,5882.279762541917,0.4,-0.677,"0.6018178694158075,0.2556857142857143,0.2901615646258503,0.4,0.61,0.2828929312881198","0,0,0"
31.85,249,AV,2,0,0,64,4951.479839002994,0.2,-0.5185,"0.6443469696969697,0.27262596899224806,0.30702083333333335,0.2,0.64,0.23812853220437127","0,0,0"
32.53333333333333,2,AV,1,0,0,76,437.8567856598078,0.2,-0.5253333333333333,"0.7854828178694159,0.31144548286604357,0.34402777777777777,0.2,0.76,0.021057582192617507","0,0,0"
78.28333333333333,210,AV,0,0,0,62,3520.054626539052,0.8,-1.6510140934245396,"0.6177280701754387,0.2633095238095238,0.299923676012461,0.8,0.62,0.16928786317460437","0,0,0"
33.0,117,AV,0,0,0,42,1718.6657268339234,0.1,-0.5696432105748226,"0.25575655430711614,0.14947376543209878,0.18520550161812296,0.1,0.42,0.08265475376818426","0,0,0"
31.566666666666666,164,AV,2,0,0,68,2497.1975937909187,0.8,-1.1156666666666668,"0.7131305031446541,0.2889757281553398,0.3221538461538461,0.8,0.68,0.12009621708435674","0,0,0"
17.55,145,AV,1,0,0,44,2222.040577514192,0.3,-0.47550000000000003,"0.30062681159420285,0.16169791666666666,0.19510565476190472,0.3,0.44,0.10686325672862912","0,0,0"
16.3,253,AV,2,0,0,35,5480.041794665195,0.6,-0.763,"0.132391156462585,0.11206166666666667,0.1468660130718954,0.6,0.35,0.26354834340696637","0,0,0"
8.466666666666667,84,AV,0,0,0,24,1275.6237969650936,0.6,-0.8728099112274824,"0.06436842105263157,0.08296666666666667,0.12102721088435375,0.6,0.24,0.06134780556380672","0,0,0"
41.766666666666666,296,AV,0,0,0,46,14754.343640924068,0.1,-0.5339330629117909,"0.3288024691358025,0.17232909604519772,0.20352970297029704,0.1,0.46,0.7095717460418045","0,0,0"
23.0,55,AV,2,0,0,51,961.7772661313056,0.1,-0.33,"0.4101343042071197,0.19887142857142856,0.23645108695652176,0.1,0.51,0.04625417372950396","0,0,0"
20.25,124,AV,2,0,0,43,1888.2149669861096,0.6,-0.8025,"0.281360544217687,0.15578136200716847,0.19199541284403668,0.6,0.43,0.09080878306984375","0,0,0"
26.916666666666668,218,AV,2,0,0,52,3778.090807703549,0.5,-0.7691666666666667,"0.4359390681003585,0.20625382262996939,0.2426615646258503,0.5,0.52,0.18169744153788722","0,0,0"
11.6,94,AV,1,0,0,35,1444.5182772575097,0.1,-0.216,"0.132391156462585,0.11206166666666667,0.1468660130718954,0.1,0.35,0.06947034589460839","0,0,0"
12.033333333333333,232,AV,0,0,0,34,4343.557359248321,0.6,-0.7755875823624133,"0.12847666666666668,0.11002166666666667,0.14615999999999998,0.6,0.34,0.2088920832022542","0,0,0"
20.6,111,AV,0,0,0,38,1614.9573615816892,0.4,-0.7546107346914374,"0.19496969696969693,0.13165849673202615,0.16542929292929295,0.4,0.38,0.07766716993510497","0,0,0"
15.433333333333334,285,AV,2,0,0,30,9280.176126726552,0.2,-0.35433333333333333,"0.08690043290043288,0.09373333333333334,0.13167283950617284,0.2,0.3,0.4463059108608652","0,0,0"
19.066666666666666,284,AV,1,0,0,47,8987.033628468456,0.1,-0.29066666666666663,"0.3405243902439024,0.17662212643678163,0.2092875816993464,0.1,0.47,0.432207985572538","0,0,0"
18.766666666666666,247,AV,1,0,0,47,4925.450001742355,0.8,-0.9876666666666667,"0.3405243902439024,0.17662212643678163,0.2092875816993464,0.8,0.47,0.23687669494724078","0,0,0"
28.45,77,AV,1,0,0,64,1249.5878531833848,0.1,-0.38449999999999995,"0.6443469696969697,0.27262596899224806,0.30702083333333335,0.1,0.64,0.06009567462944302","0,0,0"
31.066666666666666,280,AV,1,0,0,75,8331.964781214912,0.2,-0.5106666666666666,"0.774157894736842,0.30952121212121214,0.3409666666666667,0.2,0.75,0.4007041547661289","0,0,0"
31.416666666666668,60,AV,1,0,0,77,985.8695826897422,0.5,-0.8141666666666667,"0.7905462046204622,0.31275728155339805,0.34838541666666667,0.5,0.77,0.04741283097259167","0,0,0"
88.9,14,AV,0,0,0,73,586.3474640105957,0.1,-1.3983136147607915,"0.75822030651341,0.3048708708708709,0.3361617647058824,0.1,0.73,0.028198854788170358","0,0,0"
26.15,114,AV,1,0,0,60,1691.6338586686718,0.2,-0.4615,"0.5823560606060605,0.25205604719764013,0.28408080808080816,0.2,0.6,0.08135472644337755","0,0,0"
35.88333333333333,24,AV,2,0,0,100,650.412147456106,0.1,-0.4588333333333333,"0.8254619883040936,0.32623157894736843,0.3587014652014652,0.1,1.0,0.0312798789528752","0,0,0"
87.2,271,AV,0,0,0,72,6783.106781750961,0.2,-1.1073820170789126,"0.7490796296296297,0.30159413580246913,0.3337581699346406,0.2,0.72,0.32621586156939947","0,0,0"
18.316666666666666,48,AV,1,0,0,45,931.9887487728153,0.5,-0.6831666666666667,"0.3052155797101449,0.16373758865248228,0.1955950292397661,0.5,0.45,0.04482157253839216","0,0,0"
25.233333333333334,87,AV,1,0,0,55,1297.4303329633815,0.1,-0.3523333333333334,"0.49624431818181824,0.22613541666666667,0.2582758620689655,0.1,0.55,0.06239653414164128","0,0,0"
17.183333333333334,276,AV,2,0,0,31,7912.643587116454,0.4,-0.5718333333333334,"0.09875,0.0979142857142857,0.13518468468468467,0.4,0.31,0.38053799359420826","0,0,0"
15.45,230,AV,0,0,0,35,4227.85786318916,0.1,-0.3112663359947875,"0.132391156462585,0.11206166666666667,0.1468660130718954,0.1,0.35,0.20332781715065273","0,0,0"
13.0,107,AV,1,0,0,37,1572.8756307612184,0.4,-0.53,"0.1740545171339564,0.125075,0.15762365591397848,0.4,0.37,0.07564335864661634","0,0,0"
18.4,125,AV,1,0,0,46,1899.102970895097,0.1,-0.28400000000000003,"0.3288024691358025,0.17232909604519772,0.20352970297029704,0.1,0.46,0.09133241327208338","0,0,0"
75.03333333333333,209,AV,0,0,0,61,3487.44186130441,0.5,-1.3191516848771876,"0.6018178694158075,0.2556857142857143,0.2901615646258503,0.5,0.61,0.16771943713451876","0,0,0"
12.55,137,AV,1,0,0,35,2088.64210540395,0.6,-0.7255,"0.132391156462585,0.11206166666666667,0.1468660130718954,0.6,0.35,0.10044780450125744","0,0,0"
13.733333333333333,11,AV,2,0,0,29,567.550811201735,0.2,-0.3373333333333334,"0.08195454545454545,0.09170206489675518,0.13016363636363637,0.2,0.29,0.027294878706419726","0,0,0"
52.483333333333334,184,AV,0,0,0,50,2857.8751728516777,0.4,-1.008811808768466,"0.3958982456140351,0.19264564564564565,0.2283457446808511,0.4,0.5,0.13744206626346972","0,0,0"
25.966666666666665,34,AV,2,0,0,52,813.126641713825,0.1,-0.3596666666666667,"0.4359390681003585,0.20625382262996939,0.2426615646258503,0.1,0.52,0.03910520894427614","0,0,0"
14.183333333333334,69,AV,2,0,0,31,1104.4445206976068,0.3,-0.4418333333333333,"0.09875,0.0979142857142857,0.13518468468468467,0.3,0.31,0.05311538391880796","0,0,0"
18.783333333333335,223,AV,2,0,0,36,3971.0791127863904,0.5,-0.6878333333333333,"0.15391228070175436,0.11879595015576322,0.15482653061224488,0.5,0.36,0.19097871164626756","0,0,0"
19.433333333333334,155,AV,2,0,0,41,2382.718205806423,0.4,-0.5943333333333334,"0.24169175627240147,0.1442419871794872,0.17870711974110035,0.4,0.41,0.11459062895418437","0,0,0"
15.45,192,AV,2,0,0,33,3031.4508351358254,0.4,-0.5545,"0.11454814814814814,0.10523099415204679,0.14322048611111113,0.4,0.33,0.14578973585520302","0,0,0"
64.41666666666667,175,AV,0,0,0,55,2756.9260540590044,0.3,-1.0312201440882498,"0.49624431818181824,0.22613541666666667,0.2582758620689655,0.3,0.55,0.1325871812054576","0,0,0"
66.1,144,AV,0,0,0,56,2218.7455195521825,0.2,-0.9691692325167782,"0.5164425287356322,0.23401428571428567,0.2657361111111111,0.2,0.56,0.1067047894942801","0,0,0"
19.316666666666666,176,AV,2,0,0,42,2793.3389947689566,0.1,-0.2931666666666667,"0.25575655430711614,0.14947376543209878,0.18520550161812296,0.1,0.42,0.1343383667916745","0,0,0"
30.433333333333334,38,AV,1,0,0,72,837.3801312568858,0.1,-0.4043333333333333,"0.7490796296296297,0.30159413580246913,0.3337581699346406,0.1,0.72,0.04027161738246258","0,0,0"
13.466666666666667,10,AV,2,0,0,31,548.7192496267361,0.4,-0.5346666666666666,"0.09875,0.0979142857142857,0.13518468468468467,0.4,0.31,0.02638922377844295","0,0,0"
20.7,128,AV,2,0,0,45,1922.439846447592,0.2,-0.40700000000000003,"0.3052155797101449,0.16373758865248228,0.1955950292397661,0.2,0.45,0.09245473954670083","0,0,0"
8.316666666666666,75,AV,1,0,0,21,1167.011530479414,0.3,-0.38316666666666666,"0.06064912280701755,0.0785611111111111,0.11275124378109452,0.3,0.21,0.0561243813676915","0,0,0"
62.733333333333334,122,AV,0,0,0,54,1848.7234685638712,0.1,-0.8571526405910257,"0.46560416666666654,0.21438364779874217,0.24996226415094333,0.1,0.54,0.08890954226515282","0,0,0"
74.98333333333333,21,AV,0,0,0,61,636.6552097563458,0.3,-1.4268034677516952,"0.6018178694158075,0.2556857142857143,0.2901615646258503,0.3,0.61,0.030618274848933116","0,0,0"
21.016666666666666,5,AV,1,0,0,52,473.5024380788758,0.6,-0.8101666666666667,"0.4359390681003585,0.20625382262996939,0.2426615646258503,0.6,0.52,0.022771867046038015","0,0,0"
34.68333333333333,15,AV,0,0,0,42,595.9176043698985,0.1,-0.8495735750044403,"0.25575655430711614,0.14947376543209878,0.18520550161812296,0.1,0.42,0.028659105773905864","0,0,0"
25.716666666666665,61,AV,2,0,0,53,1020.5842314575186,0.4,-0.6571666666666667,"0.4488209219858156,0.20968646864686466,0.24533492063492066,0.4,0.53,0.04908234162917255","0,0,0"
12.766666666666667,204,AV,1,0,0,35,3387.2787239910285,0.1,-0.22766666666666668,"0.132391156462585,0.11206166666666667,0.1468660130718954,0.1,0.35,0.16290235180953377","0,0,0"
7.566666666666666,132,AV,1,0,0,14,1993.780724220221,0.1,-0.17566666666666667,"0.051500000000000004,0.07484523809523809,0.1131111111111111,0.1,0.14,0.09588569333476842","0,0,0"
47.016666666666666,105,AV,0,0,0,47,1552.9853059451273,0.4,-1.0247077296640006,"0.3405243902439024,0.17662212643678163,0.2092875816993464,0.4,0.47,0.074686785256937","0,0,0"
36.31666666666667,129,AV,0,0,0,43,1929.5758599688188,0.2,-0.6875463321564073,"0.281360544217687,0.15578136200716847,0.19199541284403668,0.2,0.43,0.09279792753915007","0,0,0"
16.95,235,AV,1,0,0,43,4549.070920567666,0.1,-0.26949999999999996,"0.281360544217687,0.15578136200716847,0.19199541284403668,0.1,0.43,0.21877572290115335","0,0,0"
18.066666666666666,109,AV,1,0,0,45,1597.8734280578535,0.1,-0.2806666666666667,"0.3052155797101449,0.16373758865248228,0.1955950292397661,0.1,0.45,0.07684556262848466","0,0,0"
27.616666666666667,190,AV,0,0,0,40,2968.817229463249,0.9,-1.257006941244092,"0.22035051546391748,0.13946969696969697,0.17244551282051282,0.9,0.4,0.14277753565032827","0,0,0"
29.566666666666666,62,AV,2,0,0,60,1020.7360413649084,0.1,-0.3956666666666667,"0.5823560606060605,0.25205604719764013,0.28408080808080816,0.1,0.6,0.04908964253144747","0,0,0"
22.866666666666667,293,AV,2,0,0,46,12051.378145129962,0.2,-0.4286666666666667,"0.3288024691358025,0.17232909604519772,0.20352970297029704,0.2,0.46,0.5795796574055083","0,0,0"
13.083333333333334,236,AV,1,0,0,36,4549.115907877681,0.2,-0.3308333333333333,"0.15391228070175436,0.11879595015576322,0.15482653061224488,0.2,0.36,0.21877788644870882","0,0,0"
22.433333333333334,288,AV,0,0,0,38,10783.100237376317,0.2,-0.44659038322777034,"0.19496969696969693,0.13165849673202615,0.16542929292929295,0.2,0.38,0.518585133259083","0,0,0"
21.9,47,AV,2,0,0,48,923.9636394510808,0.2,-0.419,"0.36490891472868214,0.18313913043478258,0.21595454545454543,0.2,0.48,0.04443562579808411","0,0,0"
9.883333333333333,74,AV,1,0,0,30,1150.2916000513435,0.2,-0.29883333333333334,"0.08690043290043288,0.09373333333333334,0.13167283950617284,0.2,0.3,0.05532027984231857","0,0,0"
40.083333333333336,240,AV,0,0,0,45,4609.601315671212,0.3,-0.7528985735926319,"0.3052155797101449,0.16373758865248228,0.1955950292397661,0.3,0.45,0.2216867746691962","0,0,0"
20.966666666666665,233,AV,1,0,0,49,4459.768546990965,0.5,-0.7096666666666667,"0.3796444444444444,0.18782916666666666,0.22093148148148153,0.5,0.49,0.21448095773323778","0,0,0"
76.73333333333333,25,AV,0,0,0,61,658.4091024775607,0.2,-1.3318483424619918,"0.6018178694158075,0.2556857142857143,0.2901615646258503,0.2,0.61,0.03166447168540803","0,0,0"
28.6,274,AV,2,0,0,57,7130.271245067938,0.1,-0.386,"0.5319929078014184,0.23797517730496456,0.2686056547619047,0.1,0.57,0.34291183262677855","0,0,0"
16.233333333333334,283,AV,2,0,0,37,8795.495569618428,0.1,-0.2623333333333333,"0.1740545171339564,0.125075,0.15762365591397848,0.1,0.37,0.42299646128116253","0,0,0"
33.68333333333333,108,AV,2,0,0,70,1596.1763216794554,0.1,-0.4368333333333333,"0.7273736842105264,0.293330303030303,0.3250157894736843,0.1,0.7,0.07676394471545202","0,0,0"
30.366666666666667,18,AV,1,0,0,70,617.4453946714843,0.2,-0.5036666666666667,"0.7273736842105264,0.293330303030303,0.3250157894736843,0.2,0.7,0.02969442880314238","0,0,0"
24.25,286,AV,2,0,0,51,9667.56212442905,0.6,-0.8425,"0.4101343042071197,0.19887142857142856,0.23645108695652176,0.6,0.51,0.4649362319020181","0,0,0"
25.183333333333334,200,AV,2,0,0,50,3269.866339895674,0.1,-0.35183333333333333,"0.3958982456140351,0.19264564564564565,0.2283457446808511,0.1,0.5,0.15725570886715387","0,0,0"
12.216666666666667,194,AV,2,0,0,19,3097.4575811220984,0.4,-0.5221666666666667,"0.057188888888888886,0.0773469387755102,0.11203273809523809,0.4,0.19,0.14896415846185204","0,0,0"
66.11666666666666,130,AV,0,0,0,56,1942.5668635563816,0.4,-1.1847145375289423,"0.5164425287356322,0.23401428571428567,0.2657361111111111,0.4,0.56,0.09342269603599423","0,0,0"
41.766666666666666,104,AV,0,0,0,45,1530.0661682302475,0.1,-0.6745226281821063,"0.3052155797101449,0.16373758865248228,0.1955950292397661,0.1,0.45,0.07358454899608351","0,0,0"
24.05,76,AV,1,0,0,55,1240.6560786390864,0.1,-0.3405,"0.49624431818181824,0.22613541666666667,0.2582758620689655,0.1,0.55,0.05966612418566248","0,0,0"
24.666666666666668,46,AV,2,0,0,49,892.1845339920479,0.1,-0.3466666666666667,"0.3796444444444444,0.18782916666666666,0.22093148148148153,0.1,0.49,0.042907292454561666","0,0,0"
33.11666666666667,180,AV,1,0,0,80,2835.850686157305,0.2,-0.5311666666666667,"0.8008166666666667,0.3163640776699029,0.3503058419243987,0.2,0.8,0.13638285591431848","0,0,0"
24.333333333333332,220,AV,0,0,0,39,3849.958431883558,0.2,-0.505671668732602,"0.21048129251700678,0.13641339869281044,0.16838,0.2,0.39,0.18515372782308936","0,0,0"
54.6,20,AV,0,0,0,50,632.5893922142865,0.5,-1.4253930201072693,"0.3958982456140351,0.19264564564564565,0.2283457446808511,0.5,0.5,0.030422739939172414","0,0,0"
28.75,181,AV,1,0,0,64,2850.5966631146844,0.6,-0.8875,"0.6443469696969697,0.27262596899224806,0.30702083333333335,0.6,0.64,0.13709202528649697","0,0,0"
28.783333333333335,16,AV,2,0,0,58,614.9217871931492,0.3,-0.5878333333333333,"0.5510456140350878,0.2433583333333334,0.2764460317460318,0.3,0.58,0.029573062471416202","0,0,0"
78.5,142,AV,0,0,0,63,2141.869626207308,0.3,-1.1970516380004779,"0.6339128440366972,0.26834738955823295,0.3034907407407408,0.3,0.63,0.10300764354209123","0,0,0"
25.35,295,AV,1,0,0,57,13430.196447392702,0.2,-0.4535,"0.5319929078014184,0.23797517730496456,0.2686056547619047,0.2,0.57,0.6458903340456582","0,0,0"
26.083333333333332,265,AV,1,0,0,59,6081.635477498837,0.1,-0.36083333333333334,"0.560021739130435,0.24521495327102805,0.2771006600660066,0.1,0.59,0.29248042539751784","0,0,0"
30.566666666666666,197,AV,2,0,0,61,3206.59631480788,0.1,-0.4056666666666666,"0.6018178694158075,0.2556857142857143,0.2901615646258503,0.1,0.61,0.15421290172735466","0,0,0"
35.016666666666666,88,AV,2,0,0,83,1310.9401185904849,0.6,-0.9501666666666666,"0.8022051282051282,0.31919,0.35231770833333337,0.6,0.83,0.06304625211008313","0,0,0"
18.666666666666668,163,AV,0,0,0,36,2476.7926805910606,0.1,-0.3835661778291135,"0.15391228070175436,0.11879595015576322,0.15482653061224488,0.1,0.36,0.1191148959060364","0,0,0"
35.516666666666666,222,AV,2,0,0,85,3958.913906791885,0.3,-0.6551666666666667,"0.8078066666666666,0.32110833333333333,0.35289000000000004,0.3,0.85,0.1903936577347851","0,0,0"
19.833333333333332,126,AV,1,0,0,48,1900.764377468582,0.4,-0.5983333333333334,"0.36490891472868214,0.18313913043478258,0.21595454545454543,0.4,0.48,0.09141231429593938","0,0,0"
35.88333333333333,281,AV,2,0,0,70,8348.421721831439,0.3,-0.6588333333333334,"0.7273736842105264,0.293330303030303,0.3250157894736843,0.3,0.7,0.4014956084811817","0,0,0"
36.38333333333333,146,AV,2,0,0,75,2255.9253983027734,0.5,-0.8638333333333333,"0.774157894736842,0.30952121212121214,0.3409666666666667,0.5,0.75,0.1084928589689197","0,0,0"
55.766666666666666,224,AV,0,0,0,51,3987.5502105766736,0.1,-0.7178539965624553,"0.4101343042071197,0.19887142857142856,0.23645108695652176,0.1,0.51,0.1917708462137355","0,0,0"
17.166666666666668,266,AV,2,0,0,38,6130.868263041086,0.6,-0.7716666666666667,"0.19496969696969693,0.13165849673202615,0.16542929292929295,0.6,0.38,0.29484814804583803","0,0,0"
13.833333333333334,205,AV,2,0,0,32,3389.778327720714,0.8,-0.9383333333333334,"0.10955615942028984,0.10356507936507935,0.14032038834951455,0.8,0.32,0.16302256374345986","0,0,0"
22.933333333333334,161,AV,1,0,0,54,2446.4664131825853,0.3,-0.5293333333333333,"0.46560416666666654,0.21438364779874217,0.24996226415094333,0.3,0.54,0.11765643302624577","0,0,0"
17.966666666666665,152,AV,2,0,0,37,2326.172138461347,0.5,-0.6796666666666666,"0.1740545171339564,0.125075,0.15762365591397848,0.5,0.37,0.11187119305691051","0,0,0"
64.56666666666666,208,AV,0,0,0,55,3480.90175047103,0.1,-0.8146143179376407,"0.49624431818181824,0.22613541666666667,0.2582758620689655,0.1,0.55,0.1674049075304721","0,0,0"
30.966666666666665,72,AV,1,0,0,73,1122.7546975855585,0.5,-0.8096666666666666,"0.75822030651341,0.3048708708708709,0.3361617647058824,0.5,0.73,0.05399596420763093","0,0,0"
25.016666666666666,110,AV,1,0,0,56,1614.9493849180149,0.8,-1.0501666666666667,"0.5164425287356322,0.23401428571428567,0.2657361111111111,0.8,0.56,0.07766678631823196","0,0,0"
92.35,294,AV,0,0,0,78,12197.400506638176,0.2,-1.1431763236453034,"0.7984983333333333,0.31520627062706263,0.3501666666666667,0.2,0.78,0.5866022227285186","0,0,0"
9.783333333333333,198,AV,1,0,0,25,3245.380745418587,0.5,-0.5978333333333333,"0.06622486772486773,0.08360069444444443,0.12159759759759763,0.5,0.25,0.156078137946426","0,0,0"
20.666666666666668,165,AV,2,0,0,42,2530.9644311939346,0.1,-0.30666666666666664,"0.25575655430711614,0.14947376543209878,0.18520550161812296,0.1,0.42,0.12172014522087579","0,0,0"
13.8,13,AV,0,0,0,33,583.3206434887895,0.5,-1.0494375218483287,"0.11454814814814814,0.10523099415204679,0.14322048611111113,0.5,0.33,0.028053287735180215","0,0,0"
33.68333333333333,37,AV,2,0,0,73,832.4581618945489,0.9,-1.2368333333333332,"0.75822030651341,0.3048708708708709,0.3361617647058824,0.9,0.73,0.040034908079806066","0,0,0"
43.266666666666666,173,AV,0,0,0,46,2747.619709803412,0.6,-1.1200149991683181,"0.3288024691358025,0.17232909604519772,0.20352970297029704,0.6,0.46,0.13213961680656489","0,0,0"
10.15,65,AV,1,0,0,30,1083.524948441525,0.7,-0.8015,"0.08690043290043288,0.09373333333333334,0.13167283950617284,0.7,0.3,0.05210931155303881","0,0,0"
12.466666666666667,158,AV,0,0,0,28,2417.357356239525,0.3,-0.5239486364509551,"0.07244977168949772,0.08659935897435897,0.12290921409214095,0.3,0.28,0.11625650871491097","0,0,0"
55.71666666666667,238,AV,0,0,0,51,4569.840806868062,0.3,-0.9096849074857565,"0.4101343042071197,0.19887142857142856,0.23645108695652176,0.3,0.51,0.21977459651057532","0,0,0"
13.683333333333334,135,AV,1,0,0,38,2052.607856914241,0.3,-0.4368333333333333,"0.19496969696969693,0.13165849673202615,0.16542929292929295,0.3,0.38,0.09871483113148809","0,0,0"
35.333333333333336,156,AV,2,0,0,84,2401.1770329784995,0.4,-0.7533333333333334,"0.8032437106918239,0.32074914089347073,0.35257216494845367,0.4,0.84,0.11547835819142706","0,0,0"
30.433333333333334,219,AV,1,0,0,70,3824.993837156676,0.3,-0.6043333333333334,"0.7273736842105264,0.293330303030303,0.3250157894736843,0.3,0.7,0.18395312063237393","0,0,0"
28.3,96,AV,1,0,0,63,1460.8215047913693,0.1,-0.383,"0.6339128440366972,0.26834738955823295,0.3034907407407408,0.1,0.63,0.07025440717912602","0,0,0"
82.05,234,AV,0,0,0,66,4547.885280126284,0.1,-0.9732717796771988,"0.6795258620689657,0.2807517006802721,0.31252325581395346,0.1,0.66,0.2187187026108142","0,0,0"
26.95,17,AV,2,0,0,53,615.3970356119416,0.3,-0.5695,"0.4488209219858156,0.20968646864686466,0.24533492063492066,0.3,0.53,0.029595918306859183","0,0,0"
71.5,248,AV,0,0,0,60,4950.268578812107,0.2,-0.9634822179198996,"0.5823560606060605,0.25205604719764013,0.28408080808080816,0.2,0.6,0.238070279798878","0,0,0"
22.316666666666666,136,AV,0,0,0,38,2078.9202215407213,0.3,-0.6386112121154247,"0.19496969696969693,0.13165849673202615,0.16542929292929295,0.3,0.38,0.09998025580674873","0,0,0"
26.75,134,AV,1,0,0,59,2046.5713793034688,0.5,-0.7675000000000001,"0.560021739130435,0.24521495327102805,0.2771006600660066,0.5,0.59,0.09842452245612708","0,0,0"
25.183333333333334,201,AV,2,0,0,53,3274.575105225111,0.9,-1.1518333333333333,"0.4488209219858156,0.20968646864686466,0.24533492063492066,0.9,0.53,0.15748216467690215","0,0,0"
36.9,268,AV,2,0,0,76,6434.117121135291,0.4,-0.769,"0.7854828178694159,0.31144548286604357,0.34402777777777777,0.4,0.76,0.3094321123996473","0,0,0"
31.433333333333334,1,AV,1,0,0,75,424.9057127261393,0.9,-1.2143333333333333,"0.774157894736842,0.30952121212121214,0.3409666666666667,0.9,0.75,0.020434734056617176","0,0,0"
13.6,151,AV,0,0,0,34,2318.2944376966047,0.1,-0.33952438245008154,"0.12847666666666668,0.11002166666666667,0.14615999999999998,0.1,0.34,0.11149233554738845","0,0,0"
26.516666666666666,131,AV,1,0,0,60,1945.516475481125,0.6,-0.8651666666666666,"0.5823560606060605,0.25205604719764013,0.28408080808080816,0.6,0.6,0.09356454994251304","0,0,0"
32.8,279,AV,1,0,0,87,8134.997760071039,0.3,-0.6279999999999999,"0.8211561561561561,0.3236086956521739,0.35587972508591065,0.3,0.87,0.39123153866695837","0,0,0"
33.18333333333333,54,AV,1,0,0,91,954.0002559944874,0.1,-0.4318333333333333,"0.8228932748538011,0.3256505376344086,0.35850537634408597,0.1,0.91,0.045880158673594545","0,0,0"
90.73333333333333,45,AV,0,0,0,73,877.6907461205365,0.3,-1.4807781669046332,"0.75822030651341,0.3048708708708709,0.3361617647058824,0.3,0.73,0.04221025145992046","0,0,0"
21.0,243,AV,1,0,0,51,4645.51881630073,0.5,-0.71,"0.4101343042071197,0.19887142857142856,0.23645108695652176,0.5,0.51,0.22341413335457028","0,0,0"
24.316666666666666,53,AV,1,0,0,55,946.2003450753726,0.1,-0.3431666666666667,"0.49624431818181824,0.22613541666666667,0.2582758620689655,0.1,0.55,0.04550504226418034","0,0,0"
14.85,64,AV,2,0,0,33,1052.4070316009115,0.6,-0.7484999999999999,"0.11454814814814814,0.10523099415204679,0.14322048611111113,0.6,0.33,0.05061277635478482","0,0,0"
18.95,196,AV,2,0,0,43,3197.7177395395383,0.3,-0.4895,"0.281360544217687,0.15578136200716847,0.19199541284403668,0.3,0.43,0.15378590976425258","0,0,0"
