travel_time,id,kind,action,origin,destination,start_time,income,urgency,reward,observation,cost_table
6.783333333333333,101,AV,0,0,0,23,1503.4428459110418,0.4,-0.6274669373993178,"0.06442820512820514,0.08174593495934956,0.11698148148148148,0.4,0.23,0.0723041696201366","0,0,0"
25.033333333333335,255,AV,2,0,0,51,5590.116807812239,0.3,-0.5503333333333333,"0.38403286384976526,0.19914219114219112,0.23713759689922476,0.3,0.51,0.26884211459565416","0,0,0"
32.7,99,AV,1,0,0,78,1485.5718097438446,0.5,-0.827,"0.7018354700854702,0.31657742782152226,0.34675614035087726,0.5,0.78,0.07144470866102204","0,0,0"
53.71666666666667,52,AV,0,0,0,55,946.1123250925148,0.9,-1.6908363353040898,"0.45239147286821707,0.22750144927536234,0.25842424242424245,0.9,0.55,0.04550080917225548","0,0,0"
7.016666666666667,299,AV,1,0,0,14,20793.30768626012,0.3,-0.37016666666666664,"0.053462962962962976,0.07575757575757575,0.11433333333333334,0.3,0.14,1.0","0,0,0"
23.0,278,AV,2,0,0,48,8029.700924090037,0.4,-0.63,"0.3507404761904762,0.18418421052631576,0.21818384879725083,0.4,0.48,0.386167561469594","0,0,0"
27.783333333333335,199,AV,0,0,0,41,3257.3450634265246,0.7,-1.0515129697632346,"0.22150000000000003,0.1462610062893082,0.178046783625731,0.7,0.41,0.15665353067318508","0,0,0"
35.983333333333334,157,AV,2,0,0,80,2411.397471856681,0.2,-0.5598333333333334,"0.7002887323943662,0.3176000000000001,0.3484242424242424,0.2,0.8,0.11596988359144483","0,0,0"
13.85,23,AV,2,0,0,28,646.5589615252754,0.3,-0.4385,"0.0726123595505618,0.08807999999999999,0.12145348837209304,0.3,0.28,0.031094570006892704","0,0,0"
10.583333333333334,40,AV,2,0,0,17,857.6590975250949,0.9,-1.0058333333333334,"0.05361333333333333,0.07465238095238094,0.10938333333333335,0.9,0.17,0.041246881470994735","0,0,0"
29.35,162,AV,2,0,0,59,2476.7673195544394,0.5,-0.7935000000000001,"0.5152228464419475,0.24460030864197527,0.2771715210355987,0.5,0.59,0.11911367623300487","0,0,0"
12.466666666666667,239,AV,2,0,0,27,4577.590037133467,0.3,-0.42466666666666664,"0.07149625468164794,0.08719376693766936,0.12095265151515151,0.3,0.27,0.22014727556589106","0,0,0"
29.616666666666667,106,AV,2,0,0,59,1567.0706205360798,0.1,-0.39616666666666667,"0.5152228464419475,0.24460030864197527,0.2771715210355987,0.1,0.59,0.07536418179256658","0,0,0"
24.316666666666666,251,AV,1,0,0,55,5003.647877951615,0.1,-0.3431666666666667,"0.45239147286821707,0.22750144927536234,0.25842424242424245,0.1,0.55,0.24063741822365012","0,0,0"
9.016666666666667,4,AV,1,0,0,28,465.3670128771111,0.1,-0.19016666666666668,"0.0726123595505618,0.08807999999999999,0.12145348837209304,0.1,0.28,0.0223806149506756","0,0,0"
19.7,26,AV,1,0,0,50,676.2529471816457,0.1,-0.297,"0.37392444444444445,0.1935107142857143,0.22850784313725486,0.1,0.5,0.03252262494189429","0,0,0"
18.116666666666667,229,AV,1,0,0,45,4223.122456076251,0.9,-1.0811666666666666,"0.29557168458781363,0.1643556547619048,0.1965140350877193,0.9,0.45,0.20310008007368746","0,0,0"
20.05,282,AV,2,0,0,41,8475.089255911002,0.5,-0.7005,"0.22150000000000003,0.1462610062893082,0.178046783625731,0.5,0.41,0.40758735376725097","0,0,0"
30.683333333333334,39,AV,2,0,0,64,849.0657401736111,0.2,-0.5068333333333334,"0.6021124999999999,0.27342486338797817,0.30813435374149656,0.2,0.64,0.040833606321069346","0,0,0"
34.833333333333336,258,AV,2,0,0,73,5721.231751015957,0.5,-0.8483333333333334,"0.6705301204819278,0.30387254901960786,0.33336394557823135,0.5,0.73,0.2751477464451918","0,0,0"
28.466666666666665,167,AV,1,0,0,65,2561.5826276178027,0.3,-0.5846666666666667,"0.6207742616033756,0.2781804407713499,0.31092833333333325,0.3,0.65,0.12319264766665551","0,0,0"
11.833333333333334,116,AV,2,0,0,12,1716.9764066453156,0.4,-0.5183333333333333,"0.051500000000000004,0.06789583333333332,0.09994444444444445,0.4,0.12,0.08257351031167907","0,0,0"
18.883333333333333,68,AV,0,0,0,38,1100.389953660579,0.5,-0.9069378327443024,"0.19237222222222222,0.13241959064327483,0.16545659722222222,0.5,0.38,0.052920390072797266","0,0,0"
13.4,179,AV,0,0,0,36,2818.3733061874163,0.6,-0.819155504231149,"0.1624799196787149,0.1214784946236559,0.15375448028673833,0.6,0.36,0.13554232682517134","0,0,0"
13.783333333333333,6,AV,1,0,0,37,491.0984231068265,0.2,-0.3378333333333333,"0.17856439393939397,0.12749122807017543,0.1590918367346939,0.2,0.37,0.023618100136676975","0,0,0"
8.35,169,AV,1,0,0,17,2645.062412614309,0.1,-0.1835,"0.05361333333333333,0.07465238095238094,0.10938333333333335,0.1,0.17,0.1272073905952983","0,0,0"
24.166666666666668,264,AV,1,0,0,56,5912.288420941998,0.2,-0.44166666666666665,"0.4827547892720307,0.23437005649717513,0.26608947368421054,0.2,0.56,0.28433611958951305","0,0,0"
23.933333333333334,12,AV,0,0,0,40,571.0932451196882,0.8,-1.459579942886037,"0.2093214285714286,0.1406712121212121,0.17216823899371067,0.8,0.4,0.027465242843352784","0,0,0"
31.933333333333334,93,AV,2,0,0,69,1434.4967426379471,0.2,-0.5193333333333334,"0.643010162601626,0.2907959770114943,0.32301797385620923,0.2,0.69,0.06898838627708276","0,0,0"
16.2,297,AV,2,0,0,36,17693.100214811147,0.4,-0.562,"0.1624799196787149,0.1214784946236559,0.15375448028673833,0.4,0.36,0.8509035927219247","0,0,0"
37.916666666666664,187,AV,2,0,0,85,2909.8477340427667,0.3,-0.6791666666666667,"0.711955223880597,0.32252910052910055,0.35178816199376944,0.3,0.85,0.13994155128890565","0,0,0"
27.05,22,AV,2,0,0,54,640.5426603936758,0.1,-0.37050000000000005,"0.4270178571428571,0.2166120689655172,0.25005666666666665,0.1,0.54,0.03080523166677017","0,0,0"
13.266666666666667,166,AV,2,0,0,30,2553.8725848963804,0.6,-0.7326666666666667,"0.08852208835341364,0.09525505050505054,0.13147254901960784,0.6,0.3,0.122821853234247","0,0,0"
48.65,245,AV,0,0,0,54,4689.4303597647895,0.1,-0.6376789240030505,"0.4270178571428571,0.2166120689655172,0.25005666666666665,0.1,0.54,0.22552594471842924","0,0,0"
17.616666666666667,0,AV,2,0,0,35,417.8295094645922,0.1,-0.27616666666666667,"0.14223449612403102,0.11493939393939394,0.14537634408602151,0.1,0.35,0.02009442248289757","0,0,0"
50.2,242,AV,0,0,0,54,4635.813442599864,0.1,-0.65377084948988,"0.4270178571428571,0.2166120689655172,0.25005666666666665,0.1,0.54,0.222947378673338","0,0,0"
23.8,79,AV,2,0,0,49,1260.3927948639828,0.4,-0.638,"0.3632904040404041,0.18881294964028772,0.22225263157894737,0.4,0.49,0.06061531017005197","0,0,0"
64.23333333333333,244,AV,0,0,0,64,4687.914961676448,0.9,-1.5935288012464657,"0.6021124999999999,0.27342486338797817,0.30813435374149656,0.9,0.64,0.22545306559254863","0,0,0"
24.966666666666665,32,AV,1,0,0,57,806.3598325453933,0.5,-0.7496666666666667,"0.49903571428571425,0.23807923497267758,0.2696099290780142,0.5,0.57,0.03877977687399022","0,0,0"
39.85,215,AV,0,0,0,48,3742.7752140142647,0.4,-0.8626235410294896,"0.3507404761904762,0.18418421052631576,0.21818384879725083,0.4,0.48,0.17999902999980277","0,0,0"
18.383333333333333,91,AV,1,0,0,47,1405.7852601227096,0.6,-0.7838333333333333,"0.3237933333333334,0.17657377049180326,0.2124336569579288,0.6,0.47,0.06760758227281125","0,0,0"
69.56666666666666,102,AV,0,0,0,69,1509.578116022191,0.1,-0.954651483320217,"0.643010162601626,0.2907959770114943,0.32301797385620923,0.1,0.69,0.07259922946360745","0,0,0"
28.916666666666668,214,AV,1,0,0,65,3628.2404526711953,0.8,-1.0891666666666668,"0.6207742616033756,0.2781804407713499,0.31092833333333325,0.8,0.65,0.17449077883210845","0,0,0"
32.45,226,AV,1,0,0,71,4116.183110063293,0.1,-0.4245,"0.657768888888889,0.29762570621468926,0.3303785046728972,0.1,0.71,0.1979571106324368","0,0,0"
12.1,147,AV,1,0,0,31,2276.662146114732,0.2,-0.321,"0.10178861788617885,0.09969135802469134,0.13511847389558232,0.2,0.31,0.1094901388690128","0,0,0"
20.65,89,AV,1,0,0,51,1348.5865378412918,0.5,-0.7065,"0.38403286384976526,0.19914219114219112,0.23713759689922476,0.5,0.51,0.06485675863549194","0,0,0"
19.266666666666666,262,AV,2,0,0,40,5899.132481879994,0.4,-0.5926666666666667,"0.2093214285714286,0.1406712121212121,0.17216823899371067,0.4,0.4,0.2837034189504176","0,0,0"
79.96666666666667,217,AV,0,0,0,90,3759.463069718096,0.4,-1.2635055701348676,"0.7288402777777777,0.325609756097561,0.35591904761904763,0.4,0.9,0.18080158897481655","0,0,0"
25.933333333333334,153,AV,0,0,0,40,2337.3116255789537,0.8,-1.162015405066302,"0.2093214285714286,0.1406712121212121,0.17216823899371067,0.8,0.4,0.11240691768935884","0,0,0"
25.366666666666667,143,AV,1,0,0,59,2212.8825544422834,0.3,-0.5536666666666666,"0.5152228464419475,0.24460030864197527,0.2771715210355987,0.3,0.59,0.1064228254509272","0,0,0"
24.35,63,AV,2,0,0,53,1046.6558973464134,0.6,-0.8435,"0.4130863453815261,0.21102981029810297,0.24506205673758866,0.6,0.53,0.05033619052528265","0,0,0"
29.616666666666667,8,AV,1,0,0,66,541.9839687696077,0.1,-0.39616666666666667,"0.6257422222222223,0.2810997267759563,0.3134676375404531,0.1,0.66,0.026065307980208553","0,0,0"
20.7,33,AV,0,0,0,39,807.7368269013535,0.1,-0.6041264798222583,"0.2042443181818182,0.13705140186915885,0.16864126984126987,0.1,0.39,0.0388459998326814","0,0,0"
41.43333333333333,100,AV,0,0,0,51,1490.1599361877834,0.3,-0.8753898710724852,"0.38403286384976526,0.19914219114219112,0.23713759689922476,0.3,0.51,0.07166536265764283","0,0,0"
16.25,56,AV,2,0,0,36,968.7072844723906,0.9,-1.0625,"0.1624799196787149,0.1214784946236559,0.15375448028673833,0.9,0.36,0.04658745492005087","0,0,0"
8.533333333333333,19,AV,1,0,0,18,626.2908344343901,0.5,-0.5853333333333334,"0.05716666666666668,0.07634397163120568,0.10965277777777778,0.5,0.18,0.03011982720037529","0,0,0"
8.283333333333333,81,AV,0,0,0,26,1261.43865123121,0.8,-1.0730922886663978,"0.06924901960784313,0.08537994350282486,0.12039634146341463,0.8,0.26,0.060665607909257666","0,0,0"
18.666666666666668,73,AV,1,0,0,47,1135.438045570021,0.1,-0.2866666666666667,"0.3237933333333334,0.17657377049180326,0.2124336569579288,0.1,0.47,0.0546059368091927","0,0,0"
23.616666666666667,95,AV,2,0,0,50,1457.5875839824732,0.1,-0.33616666666666667,"0.37392444444444445,0.1935107142857143,0.22850784313725486,0.1,0.5,0.07009888017699192","0,0,0"
19.416666666666668,121,AV,2,0,0,43,1836.3970218708375,0.1,-0.2941666666666667,"0.2675561594202899,0.15688095238095237,0.19160032362459542,0.1,0.43,0.08831673390204767","0,0,0"
28.966666666666665,256,AV,1,0,0,66,5611.673516276995,0.3,-0.5896666666666666,"0.6257422222222223,0.2810997267759563,0.3134676375404531,0.3,0.66,0.26987882836866295","0,0,0"
30.2,287,AV,2,0,0,57,10751.672106064549,0.9,-1.202,"0.49903571428571425,0.23807923497267758,0.2696099290780142,0.9,0.57,0.5170736791034491","0,0,0"
67.93333333333334,193,AV,0,0,0,67,3064.640983136323,0.9,-1.6576459322056445,"0.6344826839826839,0.2840130434782609,0.31815586419753084,0.9,0.67,0.14738592961625765","0,0,0"
29.45,270,AV,2,0,0,60,6709.13861087917,0.4,-0.6945,"0.5357003745318353,0.25116212121212117,0.2855973597359736,0.4,0.6,0.32265855495960655","0,0,0"
43.166666666666664,133,AV,0,0,0,51,2044.1603053436156,0.9,-1.449074288452795,"0.38403286384976526,0.19914219114219112,0.23713759689922476,0.9,0.51,0.09830856813100321","0,0,0"
50.35,275,AV,0,0,0,54,7336.658338656486,0.1,-0.63621244058558,"0.4270178571428571,0.2166120689655172,0.25005666666666665,0.1,0.54,0.35283748258601644","0,0,0"
26.85,172,AV,1,0,0,62,2744.255474143275,0.2,-0.4685,"0.5814477911646586,0.26498753894081,0.3002363636363637,0.2,0.62,0.13197782265092123","0,0,0"
29.016666666666666,206,AV,1,0,0,66,3438.9188747307694,0.9,-1.1901666666666668,"0.6257422222222223,0.2810997267759563,0.3134676375404531,0.9,0.66,0.16538585041970746","0,0,0"
30.983333333333334,97,AV,2,0,0,62,1474.5167950508735,0.1,-0.4098333333333334,"0.5814477911646586,0.26498753894081,0.3002363636363637,0.1,0.62,0.07091304650992157","0,0,0"
15.116666666666667,3,AV,1,0,0,43,457.16351791608827,0.6,-0.7511666666666666,"0.2675561594202899,0.15688095238095237,0.19160032362459542,0.6,0.43,0.021986089217454062","0,0,0"
67.7,7,AV,0,0,0,65,508.6019702527906,0.6,-1.7488817740338534,"0.6207742616033756,0.2781804407713499,0.31092833333333325,0.6,0.65,0.024459887668034006","0,0,0"
29.566666666666666,246,AV,1,0,0,67,4818.617258984985,0.1,-0.3956666666666667,"0.6344826839826839,0.2840130434782609,0.31815586419753084,0.1,0.67,0.23173885231203734","0,0,0"
8.5,66,AV,0,0,0,30,1089.3140785512585,0.2,-0.5053221318126999,"0.08852208835341364,0.09525505050505054,0.13147254901960784,0.2,0.3,0.052387724694280345","0,0,0"
27.233333333333334,254,AV,2,0,0,55,5557.427333357366,0.9,-1.1723333333333334,"0.45239147286821707,0.22750144927536234,0.25842424242424245,0.9,0.55,0.26726999942532587","0,0,0"
24.466666666666665,90,AV,1,0,0,56,1365.417472605012,0.7,-0.9446666666666665,"0.4827547892720307,0.23437005649717513,0.26608947368421054,0.7,0.56,0.06566619862539994","0,0,0"
23.6,27,AV,2,0,0,49,720.4688823460104,0.3,-0.536,"0.3632904040404041,0.18881294964028772,0.22225263157894737,0.3,0.49,0.034649075232127916","0,0,0"
24.033333333333335,189,AV,0,0,0,40,2965.4163440895786,0.1,-0.4212663195153068,"0.2093214285714286,0.1406712121212121,0.17216823899371067,0.1,0.4,0.14261397892212588","0,0,0"
15.383333333333333,250,AV,2,0,0,21,4967.653125719208,0.2,-0.35383333333333333,"0.06088999999999999,0.07839646464646466,0.11200680272108843,0.2,0.21,0.2389063443235514","0,0,0"
30.4,252,AV,2,0,0,64,5144.150368411208,0.1,-0.404,"0.6021124999999999,0.27342486338797817,0.30813435374149656,0.1,0.64,0.2473945197189757","0,0,0"
8.633333333333333,85,AV,1,0,0,24,1282.6858023855964,0.4,-0.48633333333333334,"0.06639436619718311,0.08402525252525252,0.11906190476190476,0.4,0.24,0.06168743432932387","0,0,0"
32.15,51,AV,1,0,0,75,943.1907669438916,0.2,-0.5215000000000001,"0.6859349593495935,0.3089689265536723,0.3381783333333334,0.2,0.75,0.04536030443906415","0,0,0"
29.816666666666666,42,AV,1,0,0,71,870.7377108213431,0.4,-0.6981666666666667,"0.657768888888889,0.29762570621468926,0.3303785046728972,0.4,0.71,0.04187586332869553","0,0,0"
12.816666666666666,149,AV,2,0,0,32,2294.767722006211,0.3,-0.42816666666666664,"0.11691983122362867,0.10617777777777779,0.13872093023255816,0.3,0.32,0.11036087940556741","0,0,0"
36.56666666666667,141,AV,0,0,0,45,2139.4702648744856,0.1,-0.577843967721178,"0.29557168458781363,0.1643556547619048,0.1965140350877193,0.1,0.45,0.10289225250527183","0,0,0"
71.13333333333334,160,AV,0,0,0,70,2436.431929205765,0.9,-1.709838034869664,"0.6496995884773662,0.29259375,0.3236806853582555,0.9,0.7,0.11717385064309511","0,0,0"
26.9,291,AV,1,0,0,61,11515.391842589095,0.2,-0.469,"0.5523824561403508,0.2570858585858586,0.2905770440251572,0.2,0.61,0.5538027915682833","0,0,0"
18.016666666666666,113,AV,1,0,0,46,1635.9686818612918,0.4,-0.5801666666666667,"0.3107710843373494,0.17252362204724409,0.206712962962963,0.4,0.46,0.07867765468320913","0,0,0"
11.25,120,AV,2,0,0,20,1809.16611953512,0.4,-0.5125000000000001,"0.060036231884057975,0.07810169491525425,0.11215185185185186,0.4,0.2,0.08700713454697676","0,0,0"
17.9,203,AV,2,0,0,39,3382.383844415393,0.4,-0.579,"0.2042443181818182,0.13705140186915885,0.16864126984126987,0.4,0.39,0.16266694531964326","0,0,0"
26.116666666666667,98,AV,2,0,0,52,1474.807688008607,0.3,-0.5611666666666666,"0.40158958333333333,0.20786067708333333,0.24312681159420285,0.3,0.52,0.07092703624941481","0,0,0"
21.483333333333334,28,AV,2,0,0,47,736.5379020629116,0.1,-0.31483333333333335,"0.3237933333333334,0.17657377049180326,0.2124336569579288,0.1,0.47,0.03542187290142414","0,0,0"
41.4,257,AV,0,0,0,50,5702.891177591027,0.2,-0.6560839171792472,"0.37392444444444445,0.1935107142857143,0.22850784313725486,0.2,0.5,0.27426570431405706","0,0,0"
31.016666666666666,159,AV,0,0,0,42,2421.0391237858234,0.6,-1.0092976545313763,"0.2420645833333333,0.15026023391812865,0.18380188679245285,0.6,0.42,0.11643357373995898","0,0,0"
5.116666666666666,112,AV,0,0,0,13,1628.9397076974285,0.9,-1.098501769903391,"0.05155555555555555,0.07247435897435897,0.11331818181818182,0.9,0.13,0.07833961446998668","0,0,0"
59.15,237,AV,0,0,0,61,4559.760277629775,0.3,-0.9441343459715288,"0.5523824561403508,0.2570858585858586,0.2905770440251572,0.3,0.61,0.21928979970044837","0,0,0"
14.783333333333333,86,AV,2,0,0,31,1293.252850487379,0.8,-0.9478333333333334,"0.10178861788617885,0.09969135802469134,0.13511847389558232,0.8,0.31,0.06219562899759039","0,0,0"
10.4,170,AV,1,0,0,23,2667.9339807116767,0.2,-0.30400000000000005,"0.06442820512820514,0.08174593495934956,0.11698148148148148,0.2,0.23,0.12830733911924","0,0,0"
15.216666666666667,49,AV,1,0,0,42,932.0432837729122,0.3,-0.45216666666666666,"0.2420645833333333,0.15026023391812865,0.18380188679245285,0.3,0.42,0.04482419525724574","0,0,0"
31.7,186,AV,2,0,0,61,2909.5116230827134,0.4,-0.7170000000000001,"0.5523824561403508,0.2570858585858586,0.2905770440251572,0.4,0.61,0.13992538690731113","0,0,0"
15.95,103,AV,2,0,0,33,1527.6889462703334,0.4,-0.5595,"0.1231687242798354,0.10814249363867683,0.14003598484848484,0.4,0.33,0.07347022269476662","0,0,0"
15.266666666666667,44,AV,1,0,0,37,877.2934597877683,0.1,-0.2526666666666667,"0.17856439393939397,0.12749122807017543,0.1590918367346939,0.1,0.37,0.04219114500803879","0,0,0"
27.133333333333333,30,AV,2,0,0,57,777.0630287344238,0.4,-0.6713333333333333,"0.49903571428571425,0.23807923497267758,0.2696099290780142,0.4,0.57,0.037370823365822384","0,0,0"
31.283333333333335,82,AV,0,0,0,42,1265.4739572733297,0.3,-0.8024855965194673,"0.2420645833333333,0.15026023391812865,0.18380188679245285,0.3,0.42,0.060859675447862215","0,0,0"
37.63333333333333,50,AV,2,0,0,85,938.3100494872764,0.2,-0.5763333333333334,"0.711955223880597,0.32252910052910055,0.35178816199376944,0.2,0.85,0.04512557903941836","0,0,0"
27.833333333333332,138,AV,0,0,0,41,2105.159940183184,0.2,-0.5923389228464588,"0.22150000000000003,0.1462610062893082,0.178046783625731,0.2,0.41,0.10124218676253416","0,0,0"
29.383333333333333,92,AV,0,0,0,41,1434.2863071033526,0.3,-0.7611639414632385,"0.22150000000000003,0.1462610062893082,0.178046783625731,0.3,0.41,0.06897826592789302","0,0,0"
51.983333333333334,71,AV,0,0,0,54,1117.0806745336297,0.2,-0.9346790517056414,"0.4270178571428571,0.2166120689655172,0.25005666666666665,0.2,0.54,0.05372308684066549","0,0,0"
25.666666666666668,273,AV,2,0,0,54,7099.697064525982,0.9,-1.1566666666666667,"0.4270178571428571,0.2166120689655172,0.25005666666666665,0.9,0.54,0.3414414470102487","0,0,0"
15.35,41,AV,2,0,0,36,861.805442805673,0.1,-0.2535,"0.1624799196787149,0.1214784946236559,0.15375448028673833,0.1,0.36,0.04144628915269407","0,0,0"
31.433333333333334,267,AV,1,0,0,72,6427.339783247283,0.2,-0.5143333333333333,"0.6656875000000002,0.3008826086956522,0.33122698412698415,0.2,0.72,0.3091061739780037","0,0,0"
24.283333333333335,148,AV,1,0,0,56,2280.385817754286,0.2,-0.44283333333333336,"0.4827547892720307,0.23437005649717513,0.26608947368421054,0.2,0.56,0.10966921916233309","0,0,0"
22.233333333333334,174,AV,0,0,0,39,2753.3979495063454,0.1,-0.40949835793249434,"0.2042443181818182,0.13705140186915885,0.16864126984126987,0.1,0.39,0.13241750620204337","0,0,0"
34.9,115,AV,2,0,0,72,1703.2333497257905,0.7,-1.049,"0.6656875000000002,0.3008826086956522,0.33122698412698415,0.7,0.72,0.08191257376772525","0,0,0"
71.11666666666666,80,AV,0,0,0,70,1260.6549751070208,0.1,-1.0015438949639062,"0.6496995884773662,0.29259375,0.3236806853582555,0.1,0.7,0.06062791904628244","0,0,0"
13.05,241,AV,1,0,0,35,4630.913868273173,0.4,-0.5305,"0.14223449612403102,0.11493939393939394,0.14537634408602151,0.4,0.35,0.22271174640161776","0,0,0"
46.93333333333333,216,AV,0,0,0,53,3758.845856207275,0.9,-1.4331827193366644,"0.4130863453815261,0.21102981029810297,0.24506205673758866,0.9,0.53,0.18077190569786353","0,0,0"
21.466666666666665,140,AV,2,0,0,45,2137.1188228190404,0.1,-0.31466666666666665,"0.29557168458781363,0.1643556547619048,0.1965140350877193,0.1,0.45,0.10277916602134513","0,0,0"
24.916666666666668,57,AV,1,0,0,58,969.457736312404,0.5,-0.7491666666666666,"0.510879518072289,0.24358708708708712,0.27699999999999997,0.5,0.58,0.04662354594757456","0,0,0"
21.783333333333335,36,AV,2,0,0,47,818.0604611907775,0.9,-1.1178333333333335,"0.3237933333333334,0.17657377049180326,0.2124336569579288,0.9,0.47,0.03934248814734457","0,0,0"
69.48333333333333,290,AV,0,0,0,68,11185.875164713363,0.3,-1.0162889634441625,"0.6466749999999999,0.28887020648967554,0.3209190031152648,0.3,0.68,0.5379555448075637","0,0,0"
26.416666666666668,150,AV,2,0,0,53,2302.618320259251,0.1,-0.36416666666666664,"0.4130863453815261,0.21102981029810297,0.24506205673758866,0.1,0.53,0.11073843349034766","0,0,0"
30.666666666666668,185,AV,2,0,0,61,2891.134206742707,0.4,-0.7066666666666668,"0.5523824561403508,0.2570858585858586,0.2905770440251572,0.4,0.61,0.13904157291209238","0,0,0"
23.183333333333334,207,AV,2,0,0,48,3465.4556083993225,0.1,-0.3318333333333333,"0.3507404761904762,0.18418421052631576,0.21818384879725083,0.1,0.48,0.1666620655399256","0,0,0"
33.25,298,AV,2,0,0,67,19040.472291926453,0.8,-1.1325,"0.6344826839826839,0.2840130434782609,0.31815586419753084,0.8,0.67,0.91570194503052","0,0,0"
17.05,191,AV,1,0,0,44,2969.8754393798326,0.2,-0.37050000000000005,"0.286203125,0.1626713395638629,0.1960807560137457,0.2,0.44,0.1428284275013291","0,0,0"
43.56666666666667,178,AV,0,0,0,51,2815.231094880572,0.6,-1.1209172169452688,"0.38403286384976526,0.19914219114219112,0.23713759689922476,0.6,0.51,0.13539121035278245","0,0,0"
10.016666666666667,183,AV,2,0,0,0,2857.712092786687,0.8,-0.9001666666666668,"0.0,0.0,0.0,0.8,0.0,0.13743422335230565","0,0,0"
29.316666666666666,35,AV,0,0,0,41,816.2772675203604,0.2,-0.7871844098399612,"0.22150000000000003,0.1462610062893082,0.178046783625731,0.2,0.41,0.03925673009012141","0,0,0"
17.3,171,AV,1,0,0,45,2675.3892374750885,0.6,-0.773,"0.29557168458781363,0.1643556547619048,0.1965140350877193,0.6,0.45,0.1286658802843062","0,0,0"
57.36666666666667,260,AV,0,0,0,59,5849.7981009167725,0.1,-0.7146937236453319,"0.5152228464419475,0.24460030864197527,0.2771715210355987,0.1,0.59,0.28133081033481866","0,0,0"
16.483333333333334,195,AV,1,0,0,43,3119.7161673652217,0.1,-0.26483333333333337,"0.2675561594202899,0.15688095238095237,0.19160032362459542,0.1,0.43,0.1500346272193471","0,0,0"
27.483333333333334,231,AV,2,0,0,55,4304.4895651906745,0.4,-0.6748333333333334,"0.45239147286821707,0.22750144927536234,0.25842424242424245,0.4,0.55,0.207013219355909","0,0,0"
15.35,83,AV,2,0,0,33,1267.69032506861,0.4,-0.5535,"0.1231687242798354,0.10814249363867683,0.14003598484848484,0.4,0.33,0.0609662658868978","0,0,0"
19.733333333333334,127,AV,1,0,0,49,1921.5023446668008,0.1,-0.29733333333333334,"0.3632904040404041,0.18881294964028772,0.22225263157894737,0.1,0.49,0.09240965283924012","0,0,0"
32.56666666666667,139,AV,2,0,0,69,2113.1349678504243,0.3,-0.6256666666666667,"0.643010162601626,0.2907959770114943,0.32301797385620923,0.3,0.69,0.10162572495605159","0,0,0"
31.833333333333332,182,AV,2,0,0,62,2853.537244729806,0.1,-0.41833333333333333,"0.5814477911646586,0.26498753894081,0.3002363636363637,0.1,0.62,0.13723344490378397","0,0,0"
64.26666666666667,225,AV,0,0,0,62,4113.319853961603,0.4,-1.1010136974157712,"0.5814477911646586,0.26498753894081,0.3002363636363637,0.4,0.62,0.19781940978440954","0,0,0"
35.55,263,AV,2,0,0,77,5911.733280178027,0.9,-1.2555,"0.6985421686746988,0.3147575757575758,0.3430138888888889,0.9,0.77,0.28430942153971994","0,0,0"
18.516666666666666,31,AV,2,0,0,42,802.5586880039084,0.9,-1.0851666666666666,"0.2420645833333333,0.15026023391812865,0.18380188679245285,0.9,0.42,0.038596970723144074","0,0,0"
24.15,259,AV,1,0,0,54,5807.233742044462,0.6,-0.8414999999999999,"0.4270178571428571,0.2166120689655172,0.25005666666666665,0.6,0.54,0.27928378830664774","0,0,0"
15.333333333333334,70,AV,0,0,0,37,1111.987968807459,0.2,-0.5691630066142284,"0.17856439393939397,0.12749122807017543,0.1590918367346939,0.2,0.37,0.05347816641708441","0,0,0"
24.733333333333334,29,AV,2,0,0,52,763.1985099142711,0.2,-0.44733333333333336,"0.40158958333333333,0.20786067708333333,0.24312681159420285,0.2,0.52,0.03670404542797105","0,0,0"
26.016666666666666,177,AV,0,0,0,40,2797.307504072895,0.6,-0.9459634550607058,"0.2093214285714286,0.1406712121212121,0.17216823899371067,0.6,0.4,0.13452922191505445","0,0,0"
10.033333333333333,9,AV,1,0,0,28,546.8646928603165,0.4,-0.5003333333333333,"0.0726123595505618,0.08807999999999999,0.12145348837209304,0.4,0.28,0.026300033698903796","0,0,0"
28.95,168,AV,2,0,0,59,2574.4307659940623,0.1,-0.38949999999999996,"0.5152228464419475,0.24460030864197527,0.2771715210355987,0.1,0.59,0.12381054543309646","0,0,0"
55.5,188,AV,0,0,0,57,2946.490055333797,0.1,-0.7364528457564441,"0.49903571428571425,0.23807923497267758,0.2696099290780142,0.1,0.57,0.14170376833700152","0,0,0"
13.066666666666666,212,AV,2,0,0,29,3539.477986656502,0.8,-0.9306666666666668,"0.0836360153256705,0.09320707070707072,0.12964814814814818,0.8,0.29,0.17022197911279557","0,0,0"
15.35,292,AV,0,0,0,37,11861.36896338871,0.3,-0.47373375216981983,"0.17856439393939397,0.12749122807017543,0.1590918367346939,0.3,0.37,0.57044166047841","0,0,0"
30.2,213,AV,2,0,0,63,3608.770587345788,0.4,-0.702,"0.5907916666666667,0.26999856321839083,0.30337019230769235,0.4,0.63,0.17355442634701188","0,0,0"
35.53333333333333,269,AV,2,0,0,83,6563.608435155774,0.1,-0.45533333333333337,"0.7105797101449275,0.3204686716791979,0.3510187074829932,0.1,0.83,0.31565966003056356","0,0,0"
14.4,202,AV,2,0,0,22,3361.758609282253,0.6,-0.744,"0.06291530054644809,0.0796418918918919,0.11564999999999999,0.6,0.22,0.16167502833152653","0,0,0"
34.28333333333333,78,AV,2,0,0,64,1251.6500609663929,0.5,-0.8428333333333333,"0.6021124999999999,0.27342486338797817,0.30813435374149656,0.5,0.64,0.0601948511440276","0,0,0"
39.81666666666667,59,AV,0,0,0,47,985.0802174553831,0.5,-1.141801647602491,"0.3237933333333334,0.17657377049180326,0.2124336569579288,0.5,0.47,0.047374868506673815","0,0,0"
31.25,119,AV,2,0,0,63,1804.2001824470888,0.4,-0.7125,"0.5907916666666667,0.26999856321839083,0.30337019230769235,0.4,0.63,0.08676831073101827","0,0,0"
24.316666666666666,211,AV,2,0,0,49,3523.1638559153366,0.7,-0.9431666666666666,"0.3632904040404041,0.18881294964028772,0.22225263157894737,0.7,0.49,0.16943739346690792","0,0,0"
16.433333333333334,272,AV,1,0,0,42,7081.334819999852,0.9,-1.0643333333333334,"0.2420645833333333,0.15026023391812865,0.18380188679245285,0.9,0.42,0.34055836266392014","0,0,0"
17.4,58,AV,1,0,0,44,978.4447105201264,0.6,-0.774,"0.286203125,0.1626713395638629,0.1960807560137457,0.6,0.44,0.04705575107546101","0,0,0"
16.6,118,AV,1,0,0,43,1794.439334206041,0.4,-0.5660000000000001,"0.2675561594202899,0.15688095238095237,0.19160032362459542,0.4,0.43,0.08629888814619799","0,0,0"
34.516666666666666,67,AV,2,0,0,74,1097.8259349569896,0.1,-0.4451666666666667,"0.683034188034188,0.3083319209039547,0.33709294871794865,0.1,0.74,0.05279708026839882","0,0,0"
76.23333333333333,221,AV,0,0,0,82,3941.04555698938,0.6,-1.4232308785480452,"0.7068980099502489,0.31990100250626563,0.3512266666666667,0.6,0.82,0.18953432596938674","0,0,0"
4.983333333333333,227,AV,0,0,0,16,4159.866430607663,0.1,-0.20752749347129273,"0.052368421052631585,0.07472916666666667,0.11084722222222224,0.1,0.16,0.20005794620912742","0,0,0"
55.61666666666667,277,AV,0,0,0,57,7958.958807233507,0.8,-1.3863213647638446,"0.49903571428571425,0.23807923497267758,0.2696099290780142,0.8,0.57,0.38276540352897576","0,0,0"
59.233333333333334,289,AV,0,0,0,60,10838.007207066395,0.6,-1.2144776256755196,"0.5357003745318353,0.25116212121212117,0.2855973597359736,0.6,0.6,0.5212257410218565","0,0,0"
10.15,123,AV,0,0,0,31,1869.7531794209297,0.3,-0.5298591880690525,"0.10178861788617885,0.09969135802469134,0.13511847389558232,0.3,0.31,0.0899209114602018","0,0,0"
29.866666666666667,228,AV,1,0,0,67,4164.701887555128,0.4,-0.6986666666666668,"0.6344826839826839,0.2840130434782609,0.31815586419753084,0.4,0.67,0.2002904949224166","0,0,0"
25.066666666666666,43,AV,1,0,0,58,873.8892656114449,0.3,-0.5506666666666666,"0.510879518072289,0.24358708708708712,0.27699999999999997,0.3,0.58,0.04202742915158692","0,0,0"
11.483333333333333,154,AV,2,0,0,26,2344.9936519099742,0.4,-0.5148333333333334,"0.06924901960784313,0.08537994350282486,0.12039634146341463,0.4,0.26,0.11277636474640867","0,0,0"
61.016666666666666,261,AV,0,0,0,61,5882.279762541917,0.2,-0.8509671742399902,"0.5523824561403508,0.2570858585858586,0.2905770440251572,0.2,0.61,0.2828929312881198","0,0,0"
66.05,249,AV,0,0,0,64,4951.479839002994,0.2,-0.908970357913913,"0.6021124999999999,0.27342486338797817,0.30813435374149656,0.2,0.64,0.23812853220437127","0,0,0"
32.86666666666667,2,AV,1,0,0,76,437.8567856598078,0.2,-0.5286666666666666,"0.6946502057613168,0.3119041666666666,0.3405151515151515,0.2,0.76,0.021057582192617507","0,0,0"
30.166666666666668,210,AV,2,0,0,62,3520.054626539052,0.4,-0.7016666666666667,"0.5814477911646586,0.26498753894081,0.3002363636363637,0.4,0.62,0.16928786317460437","0,0,0"
32.8,117,AV,0,0,0,42,1718.6657268339234,0.2,-0.6676432105748225,"0.2420645833333333,0.15026023391812865,0.18380188679245285,0.2,0.42,0.08265475376818426","0,0,0"
29.6,164,AV,1,0,0,68,2497.1975937909187,0.3,-0.5960000000000001,"0.6466749999999999,0.28887020648967554,0.3209190031152648,0.3,0.68,0.12009621708435674","0,0,0"
34.766666666666666,145,AV,0,0,0,44,2222.040577514192,0.1,-0.5556754953211323,"0.286203125,0.1626713395638629,0.1960807560137457,0.1,0.44,0.10686325672862912","0,0,0"
16.25,253,AV,2,0,0,35,5480.041794665195,0.3,-0.4625,"0.14223449612403102,0.11493939393939394,0.14537634408602151,0.3,0.35,0.26354834340696637","0,0,0"
9.2,84,AV,1,0,0,24,1275.6237969650936,0.2,-0.29200000000000004,"0.06639436619718311,0.08402525252525252,0.11906190476190476,0.2,0.24,0.06134780556380672","0,0,0"
22.05,296,AV,2,0,0,46,14754.343640924068,0.2,-0.4205,"0.3107710843373494,0.17252362204724409,0.206712962962963,0.2,0.46,0.7095717460418045","0,0,0"
23.016666666666666,55,AV,2,0,0,51,961.7772661313056,0.5,-0.7301666666666666,"0.38403286384976526,0.19914219114219112,0.23713759689922476,0.5,0.51,0.04625417372950396","0,0,0"
20.2,124,AV,2,0,0,43,1888.2149669861096,0.1,-0.302,"0.2675561594202899,0.15688095238095237,0.19160032362459542,0.1,0.43,0.09080878306984375","0,0,0"
45.31666666666667,218,AV,0,0,0,52,3778.090807703549,0.1,-0.6166908147656586,"0.40158958333333333,0.20786067708333333,0.24312681159420285,0.1,0.52,0.18169744153788722","0,0,0"
15.2,94,AV,2,0,0,35,1444.5182772575097,0.3,-0.45199999999999996,"0.14223449612403102,0.11493939393939394,0.14537634408602151,0.3,0.35,0.06947034589460839","0,0,0"
14.633333333333333,232,AV,2,0,0,34,4343.557359248321,0.9,-1.0463333333333333,"0.13557630522088351,0.113289972899729,0.14431560283687944,0.9,0.34,0.2088920832022542","0,0,0"
17.0,111,AV,2,0,0,38,1614.9573615816892,0.3,-0.47,"0.19237222222222222,0.13241959064327483,0.16545659722222222,0.3,0.38,0.07766716993510497","0,0,0"
11.083333333333334,285,AV,1,0,0,30,9280.176126726552,0.2,-0.31083333333333335,"0.08852208835341364,0.09525505050505054,0.13147254901960784,0.2,0.3,0.4463059108608652","0,0,0"
19.0,284,AV,1,0,0,47,8987.033628468456,0.1,-0.29000000000000004,"0.3237933333333334,0.17657377049180326,0.2124336569579288,0.1,0.47,0.432207985572538","0,0,0"
18.716666666666665,247,AV,1,0,0,47,4925.450001742355,0.2,-0.38716666666666666,"0.3237933333333334,0.17657377049180326,0.2124336569579288,0.2,0.47,0.23687669494724078","0,0,0"
32.5,77,AV,2,0,0,64,1249.5878531833848,0.4,-0.7250000000000001,"0.6021124999999999,0.27342486338797817,0.30813435374149656,0.4,0.64,0.06009567462944302","0,0,0"
31.916666666666668,280,AV,1,0,0,75,8331.964781214912,0.2,-0.5191666666666667,"0.6859349593495935,0.3089689265536723,0.3381783333333334,0.2,0.75,0.4007041547661289","0,0,0"
32.31666666666667,60,AV,1,0,0,77,985.8695826897422,0.2,-0.5231666666666668,"0.6985421686746988,0.3147575757575758,0.3430138888888889,0.2,0.77,0.04741283097259167","0,0,0"
74.75,14,AV,0,0,0,73,586.3474640105957,0.1,-1.2568136147607916,"0.6705301204819278,0.30387254901960786,0.33336394557823135,0.1,0.73,0.028198854788170358","0,0,0"
28.45,114,AV,2,0,0,60,1691.6338586686718,0.9,-1.1844999999999999,"0.5357003745318353,0.25116212121212117,0.2855973597359736,0.9,0.6,0.08135472644337755","0,0,0"
35.95,24,AV,2,0,0,100,650.412147456106,0.9,-1.2595,"0.7319726027397262,0.32698611111111114,0.357733644859813,0.9,1.0,0.0312798789528752","0,0,0"
74.75,271,AV,0,0,0,72,6783.106781750961,0.1,-0.8828820170789126,"0.6656875000000002,0.3008826086956522,0.33122698412698415,0.1,0.72,0.32621586156939947","0,0,0"
38.2,48,AV,0,0,0,45,931.9887487728153,0.3,-0.9395138383548267,"0.29557168458781363,0.1643556547619048,0.1965140350877193,0.3,0.45,0.04482157253839216","0,0,0"
29.766666666666666,87,AV,2,0,0,55,1297.4303329633815,0.2,-0.49766666666666665,"0.45239147286821707,0.22750144927536234,0.25842424242424245,0.2,0.55,0.06239653414164128","0,0,0"
12.216666666666667,276,AV,0,0,0,31,7912.643587116454,0.9,-1.0524978698047398,"0.10178861788617885,0.09969135802469134,0.13511847389558232,0.9,0.31,0.38053799359420826","0,0,0"
12.566666666666666,230,AV,1,0,0,35,4227.85786318916,0.4,-0.5256666666666667,"0.14223449612403102,0.11493939393939394,0.14537634408602151,0.4,0.35,0.20332781715065273","0,0,0"
15.933333333333334,107,AV,2,0,0,37,1572.8756307612184,0.3,-0.4593333333333333,"0.17856439393939397,0.12749122807017543,0.1590918367346939,0.3,0.37,0.07564335864661634","0,0,0"
18.35,125,AV,1,0,0,46,1899.102970895097,0.1,-0.28350000000000003,"0.3107710843373494,0.17252362204724409,0.206712962962963,0.1,0.46,0.09133241327208338","0,0,0"
30.95,209,AV,2,0,0,61,3487.44186130441,0.1,-0.4095,"0.5523824561403508,0.2570858585858586,0.2905770440251572,0.1,0.61,0.16771943713451876","0,0,0"
12.083333333333334,137,AV,0,0,0,35,2088.64210540395,0.1,-0.3357405256086625,"0.14223449612403102,0.11493939393939394,0.14537634408602151,0.1,0.35,0.10044780450125744","0,0,0"
10.35,11,AV,1,0,0,29,567.550811201735,0.1,-0.20350000000000001,"0.0836360153256705,0.09320707070707072,0.12964814814814818,0.1,0.29,0.027294878706419726","0,0,0"
21.616666666666667,184,AV,1,0,0,50,2857.8751728516777,0.1,-0.3161666666666667,"0.37392444444444445,0.1935107142857143,0.22850784313725486,0.1,0.5,0.13744206626346972","0,0,0"
46.916666666666664,34,AV,0,0,0,52,813.126641713825,0.2,-0.9643236418386429,"0.40158958333333333,0.20786067708333333,0.24312681159420285,0.2,0.52,0.03910520894427614","0,0,0"
12.05,69,AV,1,0,0,31,1104.4445206976068,0.1,-0.22050000000000003,"0.10178861788617885,0.09969135802469134,0.13511847389558232,0.1,0.31,0.05311538391880796","0,0,0"
18.816666666666666,223,AV,2,0,0,36,3971.0791127863904,0.3,-0.48816666666666664,"0.1624799196787149,0.1214784946236559,0.15375448028673833,0.3,0.36,0.19097871164626756","0,0,0"
19.4,155,AV,2,0,0,41,2382.718205806423,0.6,-0.7939999999999999,"0.22150000000000003,0.1462610062893082,0.178046783625731,0.6,0.41,0.11459062895418437","0,0,0"
12.266666666666667,192,AV,1,0,0,33,3031.4508351358254,0.1,-0.22266666666666668,"0.1231687242798354,0.10814249363867683,0.14003598484848484,0.1,0.33,0.14578973585520302","0,0,0"
23.9,175,AV,1,0,0,55,2756.9260540590044,0.9,-1.139,"0.45239147286821707,0.22750144927536234,0.25842424242424245,0.9,0.55,0.1325871812054576","0,0,0"
53.8,144,AV,0,0,0,56,2218.7455195521825,0.2,-0.8461692325167782,"0.4827547892720307,0.23437005649717513,0.26608947368421054,0.2,0.56,0.1067047894942801","0,0,0"
32.85,176,AV,0,0,0,42,2793.3389947689566,0.5,-0.9144186802781347,"0.2420645833333333,0.15026023391812865,0.18380188679245285,0.5,0.42,0.1343383667916745","0,0,0"
30.033333333333335,38,AV,1,0,0,72,837.3801312568858,0.2,-0.5003333333333333,"0.6656875000000002,0.3008826086956522,0.33122698412698415,0.2,0.72,0.04027161738246258","0,0,0"
10.183333333333334,10,AV,0,0,0,31,548.7192496267361,0.1,-0.6392154739512522,"0.10178861788617885,0.09969135802469134,0.13511847389558232,0.1,0.31,0.02638922377844295","0,0,0"
36.43333333333333,128,AV,0,0,0,45,1922.439846447592,0.1,-0.5891746907591521,"0.29557168458781363,0.1643556547619048,0.1965140350877193,0.1,0.45,0.09245473954670083","0,0,0"
6.483333333333333,75,AV,0,0,0,21,1167.011530479414,0.7,-0.970486828377557,"0.06088999999999999,0.07839646464646466,0.11200680272108843,0.7,0.21,0.0561243813676915","0,0,0"
52.2,122,AV,0,0,0,54,1848.7234685638712,0.5,-1.1518193072576923,"0.4270178571428571,0.2166120689655172,0.25005666666666665,0.5,0.54,0.08890954226515282","0,0,0"
60.9,21,AV,0,0,0,61,636.6552097563458,0.5,-1.4859701344183618,"0.5523824561403508,0.2570858585858586,0.2905770440251572,0.5,0.61,0.030618274848933116","0,0,0"
24.45,5,AV,2,0,0,52,473.5024380788758,0.8,-1.0445,"0.40158958333333333,0.20786067708333333,0.24312681159420285,0.8,0.52,0.022771867046038015","0,0,0"
16.516666666666666,15,AV,1,0,0,42,595.9176043698985,0.6,-0.7651666666666667,"0.2420645833333333,0.15026023391812865,0.18380188679245285,0.6,0.42,0.028659105773905864","0,0,0"
48.583333333333336,61,AV,0,0,0,53,1020.5842314575186,0.3,-1.0209927573205635,"0.4130863453815261,0.21102981029810297,0.24506205673758866,0.3,0.53,0.04908234162917255","0,0,0"
16.3,204,AV,2,0,0,35,3387.2787239910285,0.3,-0.46299999999999997,"0.14223449612403102,0.11493939393939394,0.14537634408602151,0.3,0.35,0.16290235180953377","0,0,0"
7.583333333333333,132,AV,1,0,0,14,1993.780724220221,0.7,-0.7758333333333333,"0.053462962962962976,0.07575757575757575,0.11433333333333334,0.7,0.14,0.09588569333476842","0,0,0"
19.4,105,AV,1,0,0,47,1552.9853059451273,0.9,-1.094,"0.3237933333333334,0.17657377049180326,0.2124336569579288,0.9,0.47,0.074686785256937","0,0,0"
16.733333333333334,129,AV,1,0,0,43,1929.5758599688188,0.1,-0.2673333333333333,"0.2675561594202899,0.15688095238095237,0.19160032362459542,0.1,0.43,0.09279792753915007","0,0,0"
20.866666666666667,235,AV,2,0,0,43,4549.070920567666,0.3,-0.5086666666666666,"0.2675561594202899,0.15688095238095237,0.19160032362459542,0.3,0.43,0.21877572290115335","0,0,0"
21.266666666666666,109,AV,2,0,0,45,1597.8734280578535,0.2,-0.4126666666666667,"0.29557168458781363,0.1643556547619048,0.1965140350877193,0.2,0.45,0.07684556262848466","0,0,0"
18.8,190,AV,2,0,0,40,2968.817229463249,0.4,-0.5880000000000001,"0.2093214285714286,0.1406712121212121,0.17216823899371067,0.4,0.4,0.14277753565032827","0,0,0"
25.7,62,AV,1,0,0,60,1020.7360413649084,0.1,-0.357,"0.5357003745318353,0.25116212121212117,0.2855973597359736,0.1,0.6,0.04908964253144747","0,0,0"
38.28333333333333,293,AV,0,0,0,46,12051.378145129962,0.1,-0.5027480681553408,"0.3107710843373494,0.17252362204724409,0.206712962962963,0.1,0.46,0.5795796574055083","0,0,0"
16.766666666666666,236,AV,2,0,0,36,4549.115907877681,0.1,-0.26766666666666666,"0.1624799196787149,0.1214784946236559,0.15375448028673833,0.1,0.36,0.21877788644870882","0,0,0"
18.1,288,AV,2,0,0,38,10783.100237376317,0.1,-0.281,"0.19237222222222222,0.13241959064327483,0.16545659722222222,0.1,0.38,0.518585133259083","0,0,0"
22.083333333333332,47,AV,2,0,0,48,923.9636394510808,0.3,-0.5208333333333333,"0.3507404761904762,0.18418421052631576,0.21818384879725083,0.3,0.48,0.04443562579808411","0,0,0"
10.25,74,AV,1,0,0,30,1150.2916000513435,0.3,-0.40249999999999997,"0.08852208835341364,0.09525505050505054,0.13147254901960784,0.3,0.3,0.05532027984231857","0,0,0"
22.633333333333333,240,AV,2,0,0,45,4609.601315671212,0.2,-0.42633333333333334,"0.29557168458781363,0.1643556547619048,0.1965140350877193,0.2,0.45,0.2216867746691962","0,0,0"
20.95,233,AV,1,0,0,49,4459.768546990965,0.6,-0.8095,"0.3632904040404041,0.18881294964028772,0.22225263157894737,0.6,0.49,0.21448095773323778","0,0,0"
62.583333333333336,25,AV,0,0,0,61,658.4091024775607,0.5,-1.490348342461992,"0.5523824561403508,0.2570858585858586,0.2905770440251572,0.5,0.61,0.03166447168540803","0,0,0"
28.6,274,AV,2,0,0,57,7130.271245067938,0.3,-0.5860000000000001,"0.49903571428571425,0.23807923497267758,0.2696099290780142,0.3,0.57,0.34291183262677855","0,0,0"
16.95,283,AV,0,0,0,37,8795.495569618428,0.3,-0.4967866944335704,"0.17856439393939397,0.12749122807017543,0.1590918367346939,0.3,0.37,0.42299646128116253","0,0,0"
73.03333333333333,108,AV,0,0,0,70,1596.1763216794554,0.3,-1.180692661898913,"0.6496995884773662,0.29259375,0.3236806853582555,0.3,0.7,0.07676394471545202","0,0,0"
34.3,18,AV,2,0,0,70,617.4453946714843,0.5,-0.843,"0.6496995884773662,0.29259375,0.3236806853582555,0.5,0.7,0.02969442880314238","0,0,0"
44.96666666666667,286,AV,0,0,0,51,9667.56212442905,0.1,-0.5744919532188515,"0.38403286384976526,0.19914219114219112,0.23713759689922476,0.1,0.51,0.4649362319020181","0,0,0"
21.1,200,AV,1,0,0,50,3269.866339895674,0.3,-0.511,"0.37392444444444445,0.1935107142857143,0.22850784313725486,0.3,0.5,0.15725570886715387","0,0,0"
8.666666666666666,194,AV,1,0,0,19,3097.4575811220984,0.8,-0.8866666666666667,"0.059108527131782954,0.07698692810457518,0.11115853658536587,0.8,0.19,0.14896415846185204","0,0,0"
26.633333333333333,130,AV,2,0,0,56,1942.5668635563816,0.1,-0.3663333333333333,"0.4827547892720307,0.23437005649717513,0.26608947368421054,0.1,0.56,0.09342269603599423","0,0,0"
22.35,104,AV,2,0,0,45,1530.0661682302475,0.7,-0.9235,"0.29557168458781363,0.1643556547619048,0.1965140350877193,0.7,0.45,0.07358454899608351","0,0,0"
26.416666666666668,76,AV,2,0,0,55,1240.6560786390864,0.6,-0.8641666666666666,"0.45239147286821707,0.22750144927536234,0.25842424242424245,0.6,0.55,0.05966612418566248","0,0,0"
24.6,46,AV,2,0,0,49,892.1845339920479,0.6,-0.846,"0.3632904040404041,0.18881294964028772,0.22225263157894737,0.6,0.49,0.042907292454561666","0,0,0"
78.36666666666666,180,AV,0,0,0,80,2835.850686157305,0.1,-0.968297356558598,"0.7002887323943662,0.3176000000000001,0.3484242424242424,0.1,0.8,0.13638285591431848","0,0,0"
22.55,220,AV,0,0,0,39,3849.958431883558,0.2,-0.48783833539926874,"0.2042443181818182,0.13705140186915885,0.16864126984126987,0.2,0.39,0.18515372782308936","0,0,0"
23.416666666666668,20,AV,1,0,0,50,632.5893922142865,0.2,-0.4341666666666667,"0.37392444444444445,0.1935107142857143,0.22850784313725486,0.2,0.5,0.030422739939172414","0,0,0"
66.2,181,AV,0,0,0,64,2850.5966631146844,0.6,-1.3461929000708805,"0.6021124999999999,0.27342486338797817,0.30813435374149656,0.6,0.64,0.13709202528649697","0,0,0"
25.283333333333335,16,AV,1,0,0,58,614.9217871931492,0.8,-1.0528333333333335,"0.510879518072289,0.24358708708708712,0.27699999999999997,0.8,0.58,0.029573062471416202","0,0,0"
27.566666666666666,142,AV,1,0,0,63,2141.869626207308,0.2,-0.4756666666666667,"0.5907916666666667,0.26999856321839083,0.30337019230769235,0.2,0.63,0.10300764354209123","0,0,0"
28.0,295,AV,2,0,0,57,13430.196447392702,0.9,-1.1800000000000002,"0.49903571428571425,0.23807923497267758,0.2696099290780142,0.9,0.57,0.6458903340456582","0,0,0"
57.416666666666664,265,AV,0,0,0,59,6081.635477498837,0.1,-0.7136297355875127,"0.5152228464419475,0.24460030864197527,0.2771715210355987,0.1,0.59,0.29248042539751784","0,0,0"
62.6,197,AV,0,0,0,61,3206.59631480788,0.4,-1.1008457169029022,"0.5523824561403508,0.2570858585858586,0.2905770440251572,0.4,0.61,0.15421290172735466","0,0,0"
35.266666666666666,88,AV,2,0,0,83,1310.9401185904849,0.8,-1.1526666666666667,"0.7105797101449275,0.3204686716791979,0.3510187074829932,0.8,0.83,0.06304625211008313","0,0,0"
13.416666666666666,163,AV,0,0,0,36,2476.7926805910606,0.1,-0.33106617782911346,"0.1624799196787149,0.1214784946236559,0.15375448028673833,0.1,0.36,0.1191148959060364","0,0,0"
35.46666666666667,222,AV,2,0,0,85,3958.913906791885,0.9,-1.2546666666666666,"0.711955223880597,0.32252910052910055,0.35178816199376944,0.9,0.85,0.1903936577347851","0,0,0"
23.9,126,AV,2,0,0,48,1900.764377468582,0.2,-0.439,"0.3507404761904762,0.18418421052631576,0.21818384879725083,0.2,0.48,0.09141231429593938","0,0,0"
31.5,281,AV,1,0,0,70,8348.421721831439,0.9,-1.215,"0.6496995884773662,0.29259375,0.3236806853582555,0.9,0.7,0.4014956084811817","0,0,0"
36.31666666666667,146,AV,2,0,0,75,2255.9253983027734,0.4,-0.7631666666666668,"0.6859349593495935,0.3089689265536723,0.3381783333333334,0.4,0.75,0.1084928589689197","0,0,0"
25.416666666666668,224,AV,2,0,0,51,3987.5502105766736,0.6,-0.8541666666666666,"0.38403286384976526,0.19914219114219112,0.23713759689922476,0.6,0.51,0.1917708462137355","0,0,0"
18.933333333333334,266,AV,0,0,0,38,6130.868263041086,0.2,-0.4284795014946686,"0.19237222222222222,0.13241959064327483,0.16545659722222222,0.2,0.38,0.29484814804583803","0,0,0"
13.983333333333333,205,AV,2,0,0,32,3389.778327720714,0.6,-0.7398333333333333,"0.11691983122362867,0.10617777777777779,0.13872093023255816,0.6,0.32,0.16302256374345986","0,0,0"
22.866666666666667,161,AV,1,0,0,54,2446.4664131825853,0.4,-0.6286666666666667,"0.4270178571428571,0.2166120689655172,0.25005666666666665,0.4,0.54,0.11765643302624577","0,0,0"
17.216666666666665,152,AV,0,0,0,37,2326.172138461347,0.1,-0.3753404585076904,"0.17856439393939397,0.12749122807017543,0.1590918367346939,0.1,0.37,0.11187119305691051","0,0,0"
27.866666666666667,208,AV,2,0,0,55,3480.90175047103,0.1,-0.3786666666666667,"0.45239147286821707,0.22750144927536234,0.25842424242424245,0.1,0.55,0.1674049075304721","0,0,0"
34.18333333333333,72,AV,2,0,0,73,1122.7546975855585,0.2,-0.5418333333333334,"0.6705301204819278,0.30387254901960786,0.33336394557823135,0.2,0.73,0.05399596420763093","0,0,0"
28.166666666666668,110,AV,2,0,0,56,1614.9493849180149,0.2,-0.4816666666666667,"0.4827547892720307,0.23437005649717513,0.26608947368421054,0.2,0.56,0.07766678631823196","0,0,0"
32.93333333333333,294,AV,1,0,0,78,12197.400506638176,0.3,-0.6293333333333333,"0.7018354700854702,0.31657742782152226,0.34675614035087726,0.3,0.78,0.5866022227285186","0,0,0"
13.3,198,AV,2,0,0,25,3245.380745418587,0.2,-0.333,"0.06776666666666667,0.08470535714285714,0.11982478632478631,0.2,0.25,0.156078137946426","0,0,0"
34.75,165,AV,0,0,0,42,2530.9644311939346,0.6,-1.0423255127737154,"0.2420645833333333,0.15026023391812865,0.18380188679245285,0.6,0.42,0.12172014522087579","0,0,0"
12.8,13,AV,1,0,0,33,583.3206434887895,0.3,-0.428,"0.1231687242798354,0.10814249363867683,0.14003598484848484,0.3,0.33,0.028053287735180215","0,0,0"
33.55,37,AV,2,0,0,73,832.4581618945489,0.2,-0.5355,"0.6705301204819278,0.30387254901960786,0.33336394557823135,0.2,0.73,0.040034908079806066","0,0,0"
18.066666666666666,173,AV,1,0,0,46,2747.619709803412,0.3,-0.4806666666666667,"0.3107710843373494,0.17252362204724409,0.206712962962963,0.3,0.46,0.13213961680656489","0,0,0"
13.633333333333333,65,AV,2,0,0,30,1083.524948441525,0.3,-0.43633333333333335,"0.08852208835341364,0.09525505050505054,0.13147254901960784,0.3,0.3,0.05210931155303881","0,0,0"
12.483333333333333,158,AV,1,0,0,28,2417.357356239525,0.1,-0.22483333333333333,"0.0726123595505618,0.08807999999999999,0.12145348837209304,0.1,0.28,0.11625650871491097","0,0,0"
21.366666666666667,238,AV,1,0,0,51,4569.840806868062,0.5,-0.7136666666666667,"0.38403286384976526,0.19914219114219112,0.23713759689922476,0.5,0.51,0.21977459651057532","0,0,0"
13.516666666666667,135,AV,1,0,0,38,2052.607856914241,0.3,-0.4351666666666667,"0.19237222222222222,0.13241959064327483,0.16545659722222222,0.3,0.38,0.09871483113148809","0,0,0"
32.85,156,AV,1,0,0,84,2401.1770329784995,0.4,-0.7285,"0.7080833333333332,0.3217124681933842,0.35124595469255665,0.4,0.84,0.11547835819142706","0,0,0"
73.08333333333333,219,AV,0,0,0,70,3824.993837156676,0.4,-1.1935785324676684,"0.6496995884773662,0.29259375,0.3236806853582555,0.4,0.7,0.18395312063237393","0,0,0"
32.0,96,AV,2,0,0,63,1460.8215047913693,0.1,-0.42000000000000004,"0.5907916666666667,0.26999856321839083,0.30337019230769235,0.1,0.63,0.07025440717912602","0,0,0"
32.31666666666667,234,AV,2,0,0,66,4547.885280126284,0.2,-0.5231666666666668,"0.6257422222222223,0.2810997267759563,0.3134676375404531,0.2,0.66,0.2187187026108142","0,0,0"
27.0,17,AV,2,0,0,53,615.3970356119416,0.4,-0.67,"0.4130863453815261,0.21102981029810297,0.24506205673758866,0.4,0.53,0.029595918306859183","0,0,0"
26.65,248,AV,1,0,0,60,4950.268578812107,0.9,-1.1665,"0.5357003745318353,0.25116212121212117,0.2855973597359736,0.9,0.6,0.238070279798878","0,0,0"
20.35,136,AV,0,0,0,38,2078.9202215407213,0.4,-0.7189445454487581,"0.19237222222222222,0.13241959064327483,0.16545659722222222,0.4,0.38,0.09998025580674873","0,0,0"
26.75,134,AV,1,0,0,59,2046.5713793034688,0.1,-0.36750000000000005,"0.5152228464419475,0.24460030864197527,0.2771715210355987,0.1,0.59,0.09842452245612708","0,0,0"
25.066666666666666,201,AV,2,0,0,53,3274.575105225111,0.6,-0.8506666666666667,"0.4130863453815261,0.21102981029810297,0.24506205673758866,0.6,0.53,0.15748216467690215","0,0,0"
36.81666666666667,268,AV,2,0,0,76,6434.117121135291,0.2,-0.5681666666666667,"0.6946502057613168,0.3119041666666666,0.3405151515151515,0.2,0.76,0.3094321123996473","0,0,0"
76.45,1,AV,0,0,0,75,424.9057127261393,0.4,-1.7293311915135043,"0.6859349593495935,0.3089689265536723,0.3381783333333334,0.4,0.75,0.020434734056617176","0,0,0"
12.166666666666666,151,AV,1,0,0,34,2318.2944376966047,0.4,-0.5216666666666667,"0.13557630522088351,0.113289972899729,0.14431560283687944,0.4,0.34,0.11149233554738845","0,0,0"
28.733333333333334,131,AV,2,0,0,60,1945.516475481125,0.3,-0.5873333333333333,"0.5357003745318353,0.25116212121212117,0.2855973597359736,0.3,0.6,0.09356454994251304","0,0,0"
78.11666666666666,279,AV,0,0,0,87,8134.997760071039,0.4,-1.2106688259884542,"0.72594,0.3252027777777778,0.35539206349206354,0.4,0.87,0.39123153866695837","0,0,0"
37.06666666666667,54,AV,2,0,0,91,954.0002559944874,0.1,-0.4706666666666667,"0.7322569444444443,0.3266466666666667,0.3570194174757282,0.1,0.91,0.045880158673594545","0,0,0"
32.46666666666667,45,AV,1,0,0,73,877.6907461205365,0.6,-0.9246666666666666,"0.6705301204819278,0.30387254901960786,0.33336394557823135,0.6,0.73,0.04221025145992046","0,0,0"
24.333333333333332,243,AV,2,0,0,51,4645.51881630073,0.3,-0.5433333333333333,"0.38403286384976526,0.19914219114219112,0.23713759689922476,0.3,0.51,0.22341413335457028","0,0,0"
24.733333333333334,53,AV,1,0,0,55,946.2003450753726,0.2,-0.44733333333333336,"0.45239147286821707,0.22750144927536234,0.25842424242424245,0.2,0.55,0.04550504226418034","0,0,0"
14.9,64,AV,2,0,0,33,1052.4070316009115,0.5,-0.649,"0.1231687242798354,0.10814249363867683,0.14003598484848484,0.5,0.33,0.05061277635478482","0,0,0"
16.833333333333332,196,AV,1,0,0,43,3197.7177395395383,0.9,-1.0683333333333334,"0.2675561594202899,0.15688095238095237,0.19160032362459542,0.9,0.43,0.15378590976425258","0,0,0"
