travel_time,id,kind,action,origin,destination,start_time,income,urgency,reward,observation,cost_table
23.666666666666668,47,AV,1,0,0,53,803.0093289227823,2,-3.959282107883163,"53,0,0,0,1","0,0,0"
10.916666666666666,151,AV,0,0,0,32,431.5545596554155,1,-0.5907434662748214,"32,0,0,0,2","0,0,0"
20.85,114,AV,1,0,0,51,3945.348275410578,10,-85.6880328565735,"51,0,0,0,9","0,0,0"
30.9,210,AV,2,0,0,65,146.50232543619936,1,-0.4715543599977667,"65,0,0,0,7","0,0,0"
32.65,126,AV,2,0,0,74,1770.5778625761595,4,-24.087236338796504,"74,0,0,0,1","0,0,0"
12.05,160,AV,2,0,0,33,122.3951650093391,6,-0.921788586476585,"33,0,0,0,5","0,0,0"
30.5,193,AV,0,0,0,74,604.6936383004129,3,-5.863486240050809,"74,0,0,0,2","0,0,0"
9.6,249,AV,0,0,0,30,397.9556521399297,10,-4.079556521399297,"30,0,0,0,3","0,0,0"
21.583333333333332,291,AV,0,0,0,52,316.7820495087218,5,-3.661048212793357,"52,0,0,0,3","0,0,0"
23.4,279,AV,0,0,0,54,1034.2754485085857,1,-2.621046405739677,"54,0,0,0,5","0,0,0"
22.05,181,AV,0,0,0,53,304.45215475794447,1,-0.7992885429596537,"53,0,0,0,3","0,0,0"
26.0,225,AV,2,0,0,53,2108.112350525404,1,-5.709470949339637,"53,0,0,0,1","0,0,0"
9.133333333333333,293,AV,2,0,0,7,1308.8239993104885,10,-12.452006104551172,"7,0,0,0,3","0,0,0"
8.7,174,AV,1,0,0,28,63.21977046916082,4,-0.22917166795070795,"28,0,0,0,3","0,0,0"
9.566666666666666,187,AV,0,0,0,29,216.68994521979357,3,-0.7478126487300077,"29,0,0,0,2","0,0,0"
11.533333333333333,243,AV,2,0,0,25,787.1715220388722,2,-1.8913982404545124,"25,0,0,0,2","0,0,0"
11.25,141,AV,1,0,0,33,448.5456012777513,10,-5.256393764973648,"33,0,0,0,2","0,0,0"
34.68333333333333,162,AV,2,0,0,85,530.5096238130133,1,-1.916650220755001,"85,0,0,0,2","0,0,0"
8.2,131,AV,0,0,0,27,463.5609856948989,9,-3.663625077529535,"27,0,0,0,10","0,0,0"
12.683333333333334,120,AV,2,0,0,32,968.3977162602168,1,-1.2794282327674047,"32,0,0,0,1","0,0,0"
22.066666666666666,62,AV,0,0,0,52,544.0547443550604,5,-6.352851402136283,"52,0,0,0,2","0,0,0"
19.316666666666666,100,AV,2,0,0,43,833.028471638836,1,-1.6761805531760605,"43,0,0,0,10","0,0,0"
15.1,172,AV,1,0,0,42,2533.176014567522,2,-7.968949545826996,"42,0,0,0,6","0,0,0"
27.35,63,AV,1,0,0,59,363.9754018210222,2,-2.0739015082926997,"59,0,0,0,3","0,0,0"
6.816666666666666,298,AV,0,0,0,20,461.2287786839295,1,-0.42750446264188746,"20,0,0,0,3","0,0,0"
12.466666666666667,97,AV,1,0,0,33,2225.755620366848,4,-11.56156391690557,"33,0,0,0,3","0,0,0"
28.1,103,AV,1,0,0,62,494.8414322817401,1,-1.4484421090746769,"62,0,0,0,1","0,0,0"
19.516666666666666,117,AV,0,0,0,50,1984.2288670579555,4,-16.235638911978235,"50,0,0,0,3","0,0,0"
25.583333333333332,271,AV,2,0,0,55,42.445954508197325,9,-1.018039690157545,"55,0,0,0,2","0,0,0"
19.666666666666668,154,AV,0,0,0,49,3839.265238466288,1,-7.965161426024687,"49,0,0,0,1","0,0,0"
16.583333333333332,297,AV,1,0,0,43,294.53721614559083,1,-0.5087925869181646,"43,0,0,0,2","0,0,0"
15.616666666666667,158,AV,2,0,0,41,768.8548914264984,7,-8.755068112615284,"41,0,0,0,5","0,0,0"
9.016666666666667,52,AV,2,0,0,25,218.4509775743674,1,-0.2051770466453694,"25,0,0,0,1","0,0,0"
10.583333333333334,106,AV,0,0,0,34,745.476369685405,6,-5.031015570314919,"34,0,0,0,4","0,0,0"
15.3,170,AV,1,0,0,39,30.054552993917728,9,-0.4310949945065074,"39,0,0,0,1","0,0,0"
13.216666666666667,128,AV,0,0,0,39,572.4202749773186,2,-1.676143326586853,"39,0,0,0,1","0,0,0"
8.25,211,AV,1,0,0,27,130.78465666521578,5,-0.5619653216083491,"27,0,0,0,1","0,0,0"
10.7,95,AV,2,0,0,25,566.5243744371911,1,-0.6314386256747858,"25,0,0,0,6","0,0,0"
20.833333333333332,178,AV,2,0,0,48,492.873449571689,8,-8.55683072173071,"48,0,0,0,4","0,0,0"
16.25,7,AV,0,0,0,44,920.8647338694982,4,-6.335021635574726,"44,0,0,0,2","0,0,0"
20.033333333333335,69,AV,1,0,0,46,840.8410612726723,10,-17.54671798003042,"46,0,0,0,6","0,0,0"
12.75,163,AV,1,0,0,36,57.28193915625323,1,-0.07607757544189882,"36,0,0,0,2","0,0,0"
14.216666666666667,24,AV,0,0,0,42,1328.242730468568,2,-4.033996698228085,"42,0,0,0,1","0,0,0"
24.983333333333334,29,AV,0,0,0,57,984.5536619423616,3,-7.7866976002687505,"57,0,0,0,2","0,0,0"
23.55,179,AV,0,0,0,54,125.63623276935256,1,-0.40820138351231805,"54,0,0,0,1","0,0,0"
19.05,214,AV,2,0,0,44,202.1671703328395,2,-0.8023509572584567,"44,0,0,0,2","0,0,0"
25.433333333333334,283,AV,0,0,0,57,466.6387223384215,9,-11.226417035756736,"57,0,0,0,3","0,0,0"
29.8,35,AV,1,0,0,68,2508.862052408416,6,-46.72755572610675,"68,0,0,0,2","0,0,0"
21.616666666666667,198,AV,2,0,0,49,783.8794127097556,8,-14.120716642841016,"49,0,0,0,8","0,0,0"
25.566666666666666,264,AV,0,0,0,57,5784.369429856904,6,-92.5294031812551,"57,0,0,0,3","0,0,0"
26.016666666666666,232,AV,2,0,0,55,77.3205034620968,7,-1.4668075370318259,"55,0,0,0,10","0,0,0"
16.366666666666667,146,AV,2,0,0,39,414.8251582270943,6,-4.243315681031319,"39,0,0,0,1","0,0,0"
24.7,28,AV,0,0,0,56,128.9705579675829,1,-0.43183049810409346,"56,0,0,0,4","0,0,0"
21.5,269,AV,2,0,0,50,642.8051709354133,3,-4.318847242222309,"50,0,0,0,1","0,0,0"
31.466666666666665,3,AV,2,0,0,65,5031.906310169041,9,-148.44123614998668,"65,0,0,0,1","0,0,0"
16.333333333333332,182,AV,1,0,0,43,2356.6239767387897,2,-8.019067698625047,"43,0,0,0,1","0,0,0"
15.766666666666667,83,AV,0,0,0,43,1394.1294719570767,1,-2.389664028596171,"43,0,0,0,2","0,0,0"
13.533333333333333,144,AV,1,0,0,36,343.40004820457364,1,-0.4840986790661698,"36,0,0,0,4","0,0,0"
27.966666666666665,148,AV,0,0,0,67,974.2582375089823,1,-2.938203684965403,"67,0,0,0,4","0,0,0"
11.283333333333333,135,AV,1,0,0,33,2285.8845778904138,2,-5.373416177888229,"33,0,0,0,9","0,0,0"
18.0,102,AV,2,0,0,44,184.70224385738888,3,-1.0389501216978125,"44,0,0,0,5","0,0,0"
16.1,55,AV,1,0,0,39,679.8899681104378,2,-2.280464268037094,"39,0,0,0,3","0,0,0"
12.683333333333334,15,AV,2,0,0,35,154.2701607479601,1,-0.20381873668263478,"35,0,0,0,1","0,0,0"
24.183333333333334,77,AV,1,0,0,52,1962.140690822222,6,-29.656938983156714,"52,0,0,0,3","0,0,0"
31.5,278,AV,2,0,0,69,119.90264734729368,5,-1.967152808041537,"69,0,0,0,1","0,0,0"
20.55,156,AV,0,0,0,52,879.4569147307811,2,-3.8651749161911573,"52,0,0,0,3","0,0,0"
19.516666666666666,36,AV,1,0,0,48,1476.4370889593283,1,-3.0015760957836344,"48,0,0,0,2","0,0,0"
22.7,268,AV,2,0,0,50,171.15878971364504,1,-0.40471922151038975,"50,0,0,0,8","0,0,0"
22.166666666666668,19,AV,2,0,0,49,276.83741534969,6,-3.83535169182383,"49,0,0,0,4","0,0,0"
17.866666666666667,130,AV,2,0,0,43,1436.3967163814054,2,-5.346587777641899,"43,0,0,0,1","0,0,0"
24.733333333333334,167,AV,0,0,0,56,1093.203701105051,5,-14.182589344096316,"56,0,0,0,1","0,0,0"
29.333333333333332,22,AV,0,0,0,70,184.16464873139336,2,-1.225450631136293,"70,0,0,0,3","0,0,0"
30.233333333333334,201,AV,0,0,0,73,2627.59696502592,9,-74.57595147745342,"73,0,0,0,1","0,0,0"
14.8,219,AV,2,0,0,38,127.88883641009588,1,-0.19716195613223114,"38,0,0,0,1","0,0,0"
7.216666666666667,236,AV,1,0,0,14,88.88131449909257,9,-0.6013376434079231,"14,0,0,0,1","0,0,0"
25.0,16,AV,0,0,0,56,99.21817886091677,1,-0.35838067411697083,"56,0,0,0,1","0,0,0"
24.2,50,AV,1,0,0,54,575.1506531095453,5,-7.249294690234893,"54,0,0,0,4","0,0,0"
26.733333333333334,51,AV,1,0,0,60,502.2305276133777,2,-2.797145021846729,"60,0,0,0,9","0,0,0"
27.35,280,AV,2,0,0,58,158.6453765370725,7,-3.1638184727106804,"58,0,0,0,2","0,0,0"
21.0,202,AV,1,0,0,51,5817.004719747628,9,-114.52228042003141,"51,0,0,0,2","0,0,0"
32.21666666666667,101,AV,1,0,0,71,399.1768206980226,1,-1.339598601404996,"71,0,0,0,7","0,0,0"
32.016666666666666,30,AV,1,0,0,85,751.2181641591902,4,-10.021458981595865,"85,0,0,0,2","0,0,0"
27.566666666666666,85,AV,2,0,0,58,409.2186221552265,1,-1.1750826407026818,"58,0,0,0,2","0,0,0"
13.116666666666667,42,AV,0,0,0,38,399.2352950386727,1,-0.6454829465198532,"38,0,0,0,1","0,0,0"
19.883333333333333,205,AV,0,0,0,49,1007.7329331621582,10,-20.971968563584287,"49,0,0,0,1","0,0,0"
19.733333333333334,272,AV,1,0,0,48,41.97637947099244,1,-0.08628478002370668,"48,0,0,0,1","0,0,0"
22.816666666666666,149,AV,2,0,0,52,1479.2287287157783,2,-7.031472672263543,"52,0,0,0,3","0,0,0"
22.383333333333333,224,AV,2,0,0,51,2272.1000265325147,5,-26.488110552371246,"51,0,0,0,3","0,0,0"
23.65,221,AV,1,0,0,54,354.44326488984905,1,-0.8731857515255136,"54,0,0,0,4","0,0,0"
22.433333333333334,287,AV,1,0,0,50,313.48458442864603,7,-5.127867629317193,"50,0,0,0,1","0,0,0"
10.216666666666667,230,AV,2,0,0,25,1058.1013598754355,3,-3.378209029185635,"25,0,0,0,5","0,0,0"
19.35,79,AV,2,0,0,44,663.4811418636766,5,-6.686645882844867,"44,0,0,0,6","0,0,0"
14.833333333333334,285,AV,0,0,0,42,158.9425618344063,1,-0.3455883333899681,"42,0,0,0,5","0,0,0"
14.55,195,AV,2,0,0,35,117.59086405300458,1,-0.17822365333033507,"35,0,0,0,3","0,0,0"
28.2,137,AV,1,0,0,63,107.2916859288986,4,-1.2606773096645585,"63,0,0,0,3","0,0,0"
20.016666666666666,169,AV,1,0,0,49,3870.517680646302,1,-8.070298150097583,"49,0,0,0,1","0,0,0"
30.633333333333333,166,AV,1,0,0,65,871.3191239918823,10,-27.803551213490962,"65,0,0,0,1","0,0,0"
28.133333333333333,108,AV,0,0,0,64,31.53579693808168,2,-0.2848348098315343,"64,0,0,0,3","0,0,0"
12.8,228,AV,2,0,0,35,3330.4760607564044,1,-4.440634747675206,"35,0,0,0,5","0,0,0"
13.266666666666667,161,AV,1,0,0,37,130.8620224974598,1,-0.18084404497912848,"37,0,0,0,5","0,0,0"
23.25,111,AV,1,0,0,53,971.3026994406453,10,-23.523737252078124,"53,0,0,0,1","0,0,0"
10.9,223,AV,2,0,0,31,8339.102086219797,3,-28.405066481186182,"31,0,0,0,1","0,0,0"
32.18333333333333,244,AV,1,0,0,85,327.9812238700901,3,-3.2986028296517906,"85,0,0,0,2","0,0,0"
19.133333333333333,20,AV,1,0,0,46,329.1128778114398,8,-5.247521996215734,"46,0,0,0,10","0,0,0"
7.85,242,AV,1,0,0,20,531.1705685276233,2,-0.8686852006128839,"20,0,0,0,2","0,0,0"
18.516666666666666,290,AV,1,0,0,45,820.6009539766088,1,-1.582791076159744,"45,0,0,0,3","0,0,0"
12.183333333333334,38,AV,0,0,0,36,1499.775561030469,10,-19.13360998460543,"36,0,0,0,7","0,0,0"
15.033333333333333,76,AV,0,0,0,42,840.3276238214532,2,-2.731859432940801,"42,0,0,0,1","0,0,0"
32.983333333333334,252,AV,2,0,0,78,787.2966827284853,4,-10.81986204944217,"78,0,0,0,1","0,0,0"
27.416666666666668,80,AV,2,0,0,57,240.04515875028883,5,-3.427728178335288,"57,0,0,0,2","0,0,0"
24.7,98,AV,1,0,0,56,141.49505089766882,1,-0.3640549747054604,"56,0,0,0,2","0,0,0"
29.1,265,AV,0,0,0,66,2342.96246273936,3,-21.406314895536056,"66,0,0,0,5","0,0,0"
17.416666666666668,31,AV,2,0,0,43,1722.8772063303056,10,-31.257060427346698,"43,0,0,0,1","0,0,0"
19.366666666666667,61,AV,2,0,0,44,591.9373343809685,2,-2.3883027171898803,"44,0,0,0,6","0,0,0"
17.5,92,AV,2,0,0,42,108.0200955086696,2,-0.3938232648753579,"42,0,0,0,4","0,0,0"
30.533333333333335,68,AV,2,0,0,64,1984.527452647332,2,-12.623799629339976,"64,0,0,0,5","0,0,0"
14.2,234,AV,2,0,0,37,589.8964011874154,5,-4.36277546711526,"37,0,0,0,1","0,0,0"
25.766666666666666,27,AV,1,0,0,56,310.4321718130521,7,-5.8324600058348075,"56,0,0,0,2","0,0,0"
28.1,65,AV,0,0,0,63,1123.745243340676,1,-3.3892959726951046,"63,0,0,0,3","0,0,0"
25.366666666666667,0,AV,2,0,0,55,169.82949868332335,1,-0.44875086284030924,"55,0,0,0,2","0,0,0"
31.966666666666665,180,AV,2,0,0,71,478.5239287445675,2,-3.18683644212528,"71,0,0,0,1","0,0,0"
17.033333333333335,197,AV,2,0,0,43,2497.032767507091,1,-4.430499111792096,"43,0,0,0,3","0,0,0"
24.766666666666666,296,AV,1,0,0,54,1951.0074674158752,2,-10.06665658534719,"54,0,0,0,9","0,0,0"
17.95,257,AV,2,0,0,43,50.01254647187068,9,-0.8416173835969487,"43,0,0,0,6","0,0,0"
9.116666666666667,207,AV,0,0,0,29,4600.328226155114,3,-13.206143435973166,"29,0,0,0,3","0,0,0"
31.05,123,AV,1,0,0,72,1784.5292360016556,1,-5.771836747692854,"72,0,0,0,7","0,0,0"
29.4,11,AV,1,0,0,62,5418.173617588036,5,-82.9657835193168,"62,0,0,0,1","0,0,0"
11.066666666666666,99,AV,0,0,0,34,1368.7940705071314,6,-9.56749232100766,"34,0,0,0,3","0,0,0"
26.466666666666665,125,AV,1,0,0,55,344.4638177112048,10,-9.496676085510297,"55,0,0,0,4","0,0,0"
31.366666666666667,124,AV,2,0,0,63,4571.829841275072,3,-44.813457089998366,"63,0,0,0,8","0,0,0"
16.833333333333332,209,AV,0,0,0,44,2081.2855425767225,2,-7.398952770841978,"44,0,0,0,3","0,0,0"
12.233333333333333,33,AV,0,0,0,36,62.02784652287068,3,-0.3371272882697244,"36,0,0,0,4","0,0,0"
18.266666666666666,105,AV,1,0,0,46,202.2958965901006,8,-3.0793930925381976,"46,0,0,0,6","0,0,0"
17.766666666666666,119,AV,0,0,0,46,441.87767076878,1,-0.9177805504158323,"46,0,0,0,1","0,0,0"
17.483333333333334,288,AV,1,0,0,45,2014.3195486686295,1,-3.668439594710751,"45,0,0,0,2","0,0,0"
12.633333333333333,270,AV,0,0,0,37,590.9041825532863,9,-7.098521412115484,"37,0,0,0,2","0,0,0"
22.933333333333334,87,AV,2,0,0,50,162.5748283320654,10,-3.883732010154896,"50,0,0,0,1","0,0,0"
29.866666666666667,203,AV,2,0,0,60,1177.4513766715168,2,-7.32636412151166,"60,0,0,0,6","0,0,0"
17.15,53,AV,1,0,0,44,67.80233451553863,1,-0.1211260455147383,"44,0,0,0,3","0,0,0"
20.1,258,AV,0,0,0,47,1169.4570636721417,5,-12.342753635317733,"47,0,0,0,4","0,0,0"
18.583333333333332,107,AV,1,0,0,44,239.0179087759181,3,-1.3880467098184825,"44,0,0,0,1","0,0,0"
9.05,70,AV,0,0,0,28,776.9842538847105,5,-3.762347655029495,"28,0,0,0,4","0,0,0"
19.966666666666665,133,AV,2,0,0,46,4563.469026318328,4,-37.965527038398314,"46,0,0,0,1","0,0,0"
17.416666666666668,66,AV,1,0,0,44,204.67968930853365,7,-2.599360984881812,"44,0,0,0,6","0,0,0"
27.916666666666668,34,AV,1,0,0,60,785.2592791792863,7,-15.984661542321408,"60,0,0,0,2","0,0,0"
16.516666666666666,25,AV,0,0,0,44,120.02031408549192,4,-0.9259731337411284,"44,0,0,0,2","0,0,0"
17.25,82,AV,1,0,0,43,230.41444288986912,10,-4.140259520677335,"43,0,0,0,1","0,0,0"
10.95,159,AV,2,0,0,30,365.91587512908507,1,-0.4173727950691126,"30,0,0,0,7","0,0,0"
9.583333333333334,284,AV,1,0,0,31,320.06022134041564,8,-2.556036489871375,"31,0,0,0,1","0,0,0"
20.833333333333332,150,AV,2,0,0,47,739.770865126007,4,-6.4216220931077,"47,0,0,0,2","0,0,0"
16.183333333333334,231,AV,2,0,0,40,61.15000286461345,2,-0.20616893326923494,"40,0,0,0,2","0,0,0"
29.8,59,AV,1,0,0,66,734.9413774948675,2,-4.5627610519473025,"66,0,0,0,1","0,0,0"
9.55,246,AV,0,0,0,31,15616.341960789872,1,-15.63500684641076,"31,0,0,0,1","0,0,0"
12.816666666666666,165,AV,2,0,0,34,575.6795480601505,4,-3.074288697626776,"34,0,0,0,1","0,0,0"
30.2,217,AV,0,0,0,72,10811.962905776472,2,-68.1252666155103,"72,0,0,0,4","0,0,0"
24.3,143,AV,1,0,0,54,38.6447498905098,6,-0.5869171389621177,"54,0,0,0,10","0,0,0"
14.333333333333334,263,AV,0,0,0,40,382.0774493090788,5,-2.9523142917170815,"40,0,0,0,2","0,0,0"
20.75,289,AV,1,0,0,48,2784.710072629219,6,-36.11420875441019,"48,0,0,0,1","0,0,0"
19.75,261,AV,1,0,0,45,84.2883779482098,5,-0.8670288877485123,"45,0,0,0,2","0,0,0"
16.133333333333333,239,AV,2,0,0,41,838.3186745101701,5,-7.0442055288701795,"41,0,0,0,4","0,0,0"
27.55,41,AV,1,0,0,59,246.2791552282016,3,-2.120309602042798,"59,0,0,0,2","0,0,0"
25.85,14,AV,0,0,0,57,841.5283253803161,2,-4.6319806689752445,"57,0,0,0,3","0,0,0"
13.8,240,AV,2,0,0,35,1718.1908826036183,1,-2.4698993937427014,"35,0,0,0,4","0,0,0"
31.416666666666668,185,AV,0,0,0,75,587.645010447796,1,-2.023109105371694,"75,0,0,0,1","0,0,0"
32.18333333333333,139,AV,0,0,0,98,1626.375456099421,1,-5.552310773833301,"98,0,0,0,4","0,0,0"
12.9,9,AV,1,0,0,35,550.6946902367042,2,-1.4799919800111425,"35,0,0,0,2","0,0,0"
22.0,49,AV,2,0,0,51,613.3437180047252,2,-2.811158707521657,"51,0,0,0,1","0,0,0"
26.966666666666665,132,AV,0,0,0,60,328.6895059211862,2,-1.946595904793331,"60,0,0,0,9","0,0,0"
22.666666666666668,8,AV,2,0,0,49,767.3976080113814,2,-3.6238220378315242,"49,0,0,0,9","0,0,0"
28.5,164,AV,0,0,0,63,152.23574492873516,1,-0.5519498677571825,"63,0,0,0,6","0,0,0"
15.066666666666666,21,AV,2,0,0,38,126.7061241991229,2,-0.39771644540280243,"38,0,0,0,2","0,0,0"
11.633333333333333,104,AV,0,0,0,34,1264.489952586864,1,-1.632315949488943,"34,0,0,0,1","0,0,0"
9.683333333333334,277,AV,0,0,0,31,143.90331408704745,4,-0.6806098991984345,"31,0,0,0,4","0,0,0"
19.816666666666666,168,AV,1,0,0,47,521.1431683421774,2,-2.151525094301559,"47,0,0,0,4","0,0,0"
7.816666666666666,204,AV,0,0,0,15,388.2431385130586,1,-0.4161215832684453,"15,0,0,0,2","0,0,0"
25.6,136,AV,1,0,0,55,1378.109706782255,1,-3.674959218086013,"55,0,0,0,10","0,0,0"
8.716666666666667,281,AV,2,0,0,20,4342.703629303418,1,-3.943114580079319,"20,0,0,0,10","0,0,0"
10.65,84,AV,0,0,0,30,269.8898673920239,1,-0.3994090716380265,"30,0,0,0,3","0,0,0"
31.183333333333334,57,AV,0,0,0,74,156.28310263609694,1,-0.6076487587363496,"74,0,0,0,1","0,0,0"
19.6,191,AV,1,0,0,47,341.5752338740841,2,-1.394765538319177,"47,0,0,0,6","0,0,0"
28.566666666666666,140,AV,2,0,0,56,229.3862477303203,4,-2.7303335320122843,"56,0,0,0,10","0,0,0"
15.816666666666666,213,AV,2,0,0,41,3393.532030022936,4,-22.364318725637265,"41,0,0,0,3","0,0,0"
18.683333333333334,260,AV,0,0,0,46,45.71626857969611,1,-0.18897211298235997,"46,0,0,0,7","0,0,0"
27.516666666666666,171,AV,2,0,0,57,4238.798478728168,1,-12.14975050066008,"57,0,0,0,2","0,0,0"
26.283333333333335,26,AV,1,0,0,58,105.23872167264082,8,-2.3050203344132583,"58,0,0,0,2","0,0,0"
29.283333333333335,157,AV,0,0,0,66,620.7469369732364,2,-3.886987389798529,"66,0,0,0,7","0,0,0"
9.683333333333334,113,AV,2,0,0,25,81.98663065503159,4,-0.3307932806289816,"25,0,0,0,2","0,0,0"
31.483333333333334,138,AV,1,0,0,83,4444.7577609881455,1,-14.576644809907304,"83,0,0,0,2","0,0,0"
25.7,110,AV,0,0,0,57,1232.1562192983529,2,-6.697169757493264,"57,0,0,0,5","0,0,0"
9.15,109,AV,1,0,0,21,546.6401053205255,4,-2.0840654015345037,"21,0,0,0,1","0,0,0"
12.95,238,AV,2,0,0,32,2429.416152827149,5,-16.385905822453946,"32,0,0,0,1","0,0,0"
27.35,39,AV,1,0,0,60,12228.630986459028,10,-348.3886015413067,"60,0,0,0,4","0,0,0"
18.833333333333332,56,AV,2,0,0,45,3342.4645675180427,2,-13.114531115608987,"45,0,0,0,1","0,0,0"
30.416666666666668,118,AV,0,0,0,76,5591.319420847654,1,-17.815551984456544,"76,0,0,0,4","0,0,0"
32.1,155,AV,0,0,0,79,356.59471322411,1,-1.292363572343118,"79,0,0,0,3","0,0,0"
19.166666666666668,254,AV,2,0,0,45,1704.9720883013536,1,-3.404024134629439,"45,0,0,0,1","0,0,0"
10.066666666666666,194,AV,0,0,0,31,553.5870920623378,5,-3.002487878521285,"31,0,0,0,6","0,0,0"
19.9,93,AV,0,0,0,48,76.40640328900129,2,-0.4167682136356512,"48,0,0,0,1","0,0,0"
25.6,251,AV,2,0,0,55,1201.0672562607265,6,-19.217076100171624,"55,0,0,0,2","0,0,0"
10.85,173,AV,2,0,0,29,740.6719232962039,10,-8.371135799753969,"29,0,0,0,3","0,0,0"
19.033333333333335,294,AV,1,0,0,46,742.687316527077,3,-4.417442268093344,"46,0,0,0,1","0,0,0"
17.766666666666666,220,AV,0,0,0,46,243.3250085368373,2,-1.0006404829870437,"46,0,0,0,4","0,0,0"
23.716666666666665,6,AV,2,0,0,52,144.4229375488867,8,-2.854358890723135,"52,0,0,0,7","0,0,0"
33.38333333333333,190,AV,1,0,0,78,169.7890214745277,5,-2.9521476563670053,"78,0,0,0,5","0,0,0"
14.85,37,AV,2,0,0,35,204.1141987594573,10,-3.157391512060355,"35,0,0,0,5","0,0,0"
23.183333333333334,122,AV,0,0,0,53,128.5262902949931,5,-1.6519103281279113,"53,0,0,0,10","0,0,0"
30.083333333333332,90,AV,2,0,0,61,150.17494538557966,2,-0.941200612572817,"61,0,0,0,1","0,0,0"
9.816666666666666,134,AV,1,0,0,25,1644.3864154481514,1,-1.6814993032968075,"25,0,0,0,2","0,0,0"
24.95,45,AV,2,0,0,53,930.7756720309033,2,-4.838094378577299,"53,0,0,0,4","0,0,0"
8.116666666666667,188,AV,0,0,0,27,131.58589862126638,2,-0.3225080994047108,"27,0,0,0,1","0,0,0"
18.383333333333333,229,AV,1,0,0,45,4152.796729507043,1,-7.9523173483442156,"45,0,0,0,2","0,0,0"
13.55,1,AV,2,0,0,32,903.7762074279464,1,-1.2756424594425702,"32,0,0,0,4","0,0,0"
24.083333333333332,286,AV,1,0,0,54,425.3170040894976,1,-1.0669844981064653,"54,0,0,0,2","0,0,0"
30.966666666666665,247,AV,0,0,0,80,33.11520495706996,7,-0.8477367285966179,"80,0,0,0,5","0,0,0"
26.633333333333333,216,AV,1,0,0,58,7023.139561346669,1,-19.48433510248607,"58,0,0,0,1","0,0,0"
28.55,196,AV,2,0,0,60,133.4659453520906,5,-1.9846108019803057,"60,0,0,0,1","0,0,0"
11.666666666666666,17,AV,1,0,0,34,1234.7290522409355,7,-10.50377145135518,"34,0,0,0,2","0,0,0"
27.133333333333333,78,AV,0,0,0,60,121.1666687229946,2,-0.7849282523647055,"60,0,0,0,4","0,0,0"
15.85,250,AV,0,0,0,43,50.872414683210096,1,-0.183992476325925,"43,0,0,0,1","0,0,0"
28.2,184,AV,1,0,0,57,787.2200490673971,2,-4.624917788270958,"57,0,0,0,4","0,0,0"
25.916666666666668,299,AV,2,0,0,55,4247.155666038457,9,-103.19261032327813,"55,0,0,0,6","0,0,0"
10.566666666666666,245,AV,2,0,0,28,982.5207652205596,9,-9.733096330466168,"28,0,0,0,1","0,0,0"
23.6,222,AV,2,0,0,52,1339.7830062072046,7,-23.055432565148983,"52,0,0,0,1","0,0,0"
30.1,18,AV,2,0,0,64,2991.533314975396,9,-84.41733073196197,"64,0,0,0,1","0,0,0"
28.166666666666668,89,AV,2,0,0,57,985.1950096193456,5,-14.452947623756023,"57,0,0,0,10","0,0,0"
12.966666666666667,129,AV,2,0,0,34,643.7584247618538,1,-0.8695209278901429,"34,0,0,0,7","0,0,0"
12.75,276,AV,0,0,0,37,399.9419958738322,1,-0.6311729632699333,"37,0,0,0,1","0,0,0"
29.883333333333333,64,AV,2,0,0,61,1051.5706190831222,3,-9.820136041750198,"61,0,0,0,2","0,0,0"
7.9,152,AV,0,0,0,22,25.103227889057084,1,-0.12065786461703656,"22,0,0,0,3","0,0,0"
21.666666666666668,241,AV,2,0,0,48,969.3554624124304,8,-17.50225140466888,"48,0,0,0,2","0,0,0"
21.916666666666668,266,AV,0,0,0,52,486.7193299844117,10,-11.211734703637177,"52,0,0,0,3","0,0,0"
8.583333333333334,60,AV,0,0,0,21,5573.388120572773,3,-15.049452510911346,"21,0,0,0,2","0,0,0"
28.55,10,AV,0,0,0,64,448.9262267831581,3,-4.105263679580989,"64,0,0,0,8","0,0,0"
9.55,127,AV,0,0,0,30,1755.0673304888326,8,-14.067410838473627,"30,0,0,0,2","0,0,0"
13.133333333333333,81,AV,1,0,0,38,298.9580017115728,2,-0.817982310238609,"38,0,0,0,10","0,0,0"
16.283333333333335,192,AV,0,0,0,43,320.7965168913313,1,-0.6441288142410255,"43,0,0,0,3","0,0,0"
8.416666666666666,4,AV,1,0,0,17,1116.1541548808557,10,-9.785726531507503,"17,0,0,0,1","0,0,0"
30.066666666666666,183,AV,1,0,0,68,322.6904118347526,3,-3.0319453278640296,"68,0,0,0,2","0,0,0"
23.45,116,AV,1,0,0,53,99.48363440118514,1,-0.24300950278206163,"53,0,0,0,7","0,0,0"
16.166666666666668,32,AV,2,0,0,41,6889.440575807377,1,-11.602009303008954,"41,0,0,0,3","0,0,0"
12.916666666666666,72,AV,2,0,0,34,1361.9532728152676,1,-1.8324892125552645,"34,0,0,0,5","0,0,0"
32.65,273,AV,0,0,0,84,6424.431240070765,3,-65.64927499634702,"84,0,0,0,6","0,0,0"
22.316666666666666,44,AV,1,0,0,51,6548.308069009755,2,-30.44508508473633,"51,0,0,0,6","0,0,0"
31.916666666666668,176,AV,1,0,0,76,3513.7273179884605,9,-105.13730959293598,"76,0,0,0,1","0,0,0"
29.566666666666666,46,AV,1,0,0,64,831.0610558222916,3,-7.678657880358048,"64,0,0,0,1","0,0,0"
13.8,235,AV,1,0,0,39,14168.539128501588,9,-183.30547497498932,"39,0,0,0,1","0,0,0"
23.033333333333335,295,AV,1,0,0,52,839.0520067047356,1,-2.0131421410867096,"52,0,0,0,2","0,0,0"
13.583333333333334,58,AV,1,0,0,35,934.9678973273412,2,-2.6458292927839695,"35,0,0,0,4","0,0,0"
24.633333333333333,200,AV,1,0,0,55,139.4956714174783,8,-2.8635361438199016,"55,0,0,0,6","0,0,0"
24.416666666666668,262,AV,0,0,0,53,290.67393591175164,1,-0.8393008960255489,"53,0,0,0,10","0,0,0"
9.233333333333333,96,AV,0,0,0,27,870.9853842808059,2,-1.775437162817939,"27,0,0,0,3","0,0,0"
22.083333333333332,212,AV,2,0,0,50,3495.7009103258133,2,-16.082651757575356,"50,0,0,0,3","0,0,0"
27.55,275,AV,2,0,0,56,186.6225394776352,1,-0.5355678086050886,"56,0,0,0,3","0,0,0"
8.45,94,AV,1,0,0,21,1462.3702856022126,1,-1.287190511806114,"21,0,0,0,1","0,0,0"
23.583333333333332,186,AV,0,0,0,53,1104.8145737821612,1,-2.8140844130238856,"53,0,0,0,1","0,0,0"
29.483333333333334,215,AV,0,0,0,66,322.451279720292,1,-1.0903061003909664,"66,0,0,0,8","0,0,0"
18.35,218,AV,0,0,0,47,387.6402231137188,2,-1.5819162696118207,"47,0,0,0,2","0,0,0"
28.05,88,AV,2,0,0,58,286.0845869045144,3,-2.5077102070848842,"58,0,0,0,1","0,0,0"
33.93333333333333,226,AV,2,0,0,91,348.01184625473115,2,-2.4602504131063627,"91,0,0,0,2","0,0,0"
25.983333333333334,256,AV,0,0,0,57,58.07880344506588,3,-0.5715877842232172,"57,0,0,0,4","0,0,0"
15.216666666666667,67,AV,1,0,0,42,345.48044692546824,1,-0.5476105000745703,"42,0,0,0,2","0,0,0"
32.68333333333333,189,AV,2,0,0,77,8213.476830708638,2,-55.9257918924293,"77,0,0,0,6","0,0,0"
27.283333333333335,75,AV,0,0,0,61,21.71863738525853,5,-0.4086233454832311,"61,0,0,0,1","0,0,0"
10.466666666666667,259,AV,2,0,0,27,2370.492766377288,1,-2.5844955855641265,"27,0,0,0,1","0,0,0"
15.416666666666666,54,AV,1,0,0,42,655.51268473851,2,-2.1053792825802837,"42,0,0,0,2","0,0,0"
18.7,23,AV,0,0,0,47,562.3433560323172,4,-4.48159198241847,"47,0,0,0,1","0,0,0"
19.633333333333333,147,AV,0,0,0,47,234.81639136300288,6,-2.981392802350181,"47,0,0,0,4","0,0,0"
33.43333333333333,248,AV,2,0,0,98,638.6125852208626,10,-22.240570242240455,"98,0,0,0,3","0,0,0"
13.4,206,AV,2,0,0,35,7909.367438840313,10,-110.40158716714603,"35,0,0,0,2","0,0,0"
31.516666666666666,282,AV,2,0,0,65,107.53285984632323,1,-0.3530288853635369,"65,0,0,0,2","0,0,0"
11.166666666666666,253,AV,0,0,0,33,274.97032832890176,4,-1.3793758331969734,"33,0,0,0,4","0,0,0"
18.083333333333332,145,AV,2,0,0,43,326.6611525075772,1,-0.6153252612338911,"43,0,0,0,1","0,0,0"
28.2,73,AV,2,0,0,58,389.8623022518242,3,-3.4356615385942004,"58,0,0,0,1","0,0,0"
31.3,292,AV,0,0,0,74,178.27480847600162,9,-5.331251411217674,"74,0,0,0,3","0,0,0"
27.45,2,AV,0,0,0,62,1242.0870586589915,7,-24.961148783471376,"62,0,0,0,2","0,0,0"
19.866666666666667,91,AV,1,0,0,48,180.2658763709112,3,-1.1191506491360736,"48,0,0,0,2","0,0,0"
32.95,274,AV,1,0,0,76,512.3637038941168,2,-3.5171633423564894,"76,0,0,0,3","0,0,0"
13.616666666666667,112,AV,0,0,0,40,1884.8122502233111,2,-5.446845862612657,"40,0,0,0,5","0,0,0"
30.266666666666666,233,AV,1,0,0,70,1301.0825687704812,1,-4.1020242098736,"70,0,0,0,10","0,0,0"
19.016666666666666,237,AV,0,0,0,47,156.0854553140887,2,-0.718380224004775,"47,0,0,0,2","0,0,0"
18.216666666666665,199,AV,0,0,0,47,307.33066099339686,3,-1.849543814925952,"47,0,0,0,6","0,0,0"
24.466666666666665,43,AV,2,0,0,53,1088.2969295046496,2,-5.54729129344731,"53,0,0,0,8","0,0,0"
12.683333333333334,208,AV,1,0,0,35,1310.5294239370548,1,-1.7314459923890604,"35,0,0,0,2","0,0,0"
27.466666666666665,255,AV,0,0,0,62,99.4900475674065,3,-0.9539562416202392,"62,0,0,0,2","0,0,0"
14.966666666666667,153,AV,0,0,0,41,386.6869563383244,1,-0.7028557062357905,"41,0,0,0,1","0,0,0"
12.55,71,AV,2,0,0,31,1869.627827656473,1,-2.4441488788634103,"31,0,0,0,9","0,0,0"
21.383333333333333,121,AV,0,0,0,52,50.6389294692178,2,-0.3255893976007168,"52,0,0,0,4","0,0,0"
26.416666666666668,267,AV,2,0,0,55,559.3387450451584,1,-1.5391526230843335,"55,0,0,0,10","0,0,0"
6.866666666666666,142,AV,1,0,0,14,116.62531716200566,3,-0.25025849307680376,"14,0,0,0,4","0,0,0"
14.783333333333333,86,AV,0,0,0,42,109.14368072439174,3,-0.6042210666798722,"42,0,0,0,6","0,0,0"
25.2,175,AV,2,0,0,52,504.0935527256924,3,-3.969736727714828,"52,0,0,0,10","0,0,0"
23.983333333333334,74,AV,2,0,0,52,811.9223311028298,1,-2.0283962403766878,"52,0,0,0,1","0,0,0"
27.516666666666666,40,AV,0,0,0,62,200.6451523577608,2,-1.2502262032731355,"62,0,0,0,2","0,0,0"
22.816666666666666,177,AV,1,0,0,52,402.8749697044063,1,-0.9575274887592573,"52,0,0,0,4","0,0,0"
24.483333333333334,12,AV,2,0,0,51,111.4275735234741,2,-0.5683580052291092,"51,0,0,0,1","0,0,0"
31.566666666666666,227,AV,0,0,0,81,147.02502399415226,1,-0.5834468670918826,"81,0,0,0,2","0,0,0"
16.083333333333332,115,AV,2,0,0,41,6720.448741009474,9,-101.33176617303349,"41,0,0,0,3","0,0,0"
11.283333333333333,5,AV,2,0,0,28,1066.6484358774574,5,-6.268411380981238,"28,0,0,0,3","0,0,0"
27.333333333333332,48,AV,0,0,0,61,93.91214091978802,1,-0.36738873456328536,"61,0,0,0,1","0,0,0"
32.36666666666667,13,AV,2,0,0,68,811.7618276102137,1,-2.7368775507274914,"68,0,0,0,3","0,0,0"
