travel_time,id,kind,action,origin,destination,start_time,income,urgency,reward,observation,cost_table
11.983333333333333,122,AV,1,0,0,33,1832.3133019091129,0.3,-11.983333333333333,"0.15276582278481013,0.11178135313531355,0.1436077441077441,0.3,0.33,0.0962325552547376","0,0,0"
29.533333333333335,247,AV,2,0,0,61,5304.212874057136,0.5,-29.533333333333335,"0.505291111111111,0.27064084507042246,0.293518115942029,0.5,0.61,0.2785756987922106","0,0,0"
21.55,58,AV,1,0,0,52,1020.7360413649084,0.6,-21.55,"0.3959924242424242,0.21907823129251697,0.24519270833333334,0.6,0.52,0.053608756427629224","0,0,0"
27.966666666666665,260,AV,2,0,0,56,5985.732437913218,0.5,-27.966666666666665,"0.4381204819277109,0.24237928348909663,0.2643433734939759,0.5,0.56,0.31436890567316916","0,0,0"
23.683333333333334,160,AV,2,0,0,52,2756.9260540590044,0.7,-23.683333333333334,"0.3959924242424242,0.21907823129251697,0.24519270833333334,0.7,0.52,0.14479294482773922","0,0,0"
18.75,264,AV,1,0,0,45,6081.635477498837,0.6,-18.75,"0.3064421768707483,0.17445274914089345,0.20041098484848482,0.6,0.45,0.31940570508209365","0,0,0"
37.05,186,AV,2,0,0,78,3251.3322332141274,0.2,-37.05,"0.6146601731601733,0.31631691297208536,0.33637666666666677,0.2,0.78,0.17075901182308162","0,0,0"
5.116666666666666,142,AV,0,0,0,8,2361.523720441912,0.3,-5.116666666666666,"0.05279487179487179,0.076,0.11412499999999999,0.3,0.08,0.12402653065718573","0,0,0"
35.63333333333333,141,AV,2,0,0,77,2360.1328348572283,0.9,-35.63333333333333,"0.6111600877192982,0.3138673300165838,0.33246278317152106,0.9,0.77,0.12395348175570059","0,0,0"
17.033333333333335,298,AV,2,0,0,35,17693.100214811147,0.6,-17.033333333333335,"0.17471590909090906,0.12111139028475712,0.14994982078853047,0.6,0.35,0.9292364151236616","0,0,0"
10.233333333333333,98,AV,1,0,0,28,1538.317647081207,0.3,-10.233333333333333,"0.11124338624338623,0.09182815734989648,0.1269695340501792,0.3,0.28,0.08079199000402343","0,0,0"
20.133333333333333,147,AV,1,0,0,47,2456.6540037696086,0.1,-20.133333333333333,"0.3291630036630038,0.1861011326860842,0.21186345381526106,0.1,0.47,0.12902274513491346","0,0,0"
28.933333333333334,125,AV,2,0,0,58,2011.9739719035176,0.6,-28.933333333333334,"0.47879037800687285,0.2585908333333333,0.28081526104417676,0.6,0.58,0.10566828075775386","0,0,0"
27.483333333333334,99,AV,2,0,0,52,1541.4014724042315,0.1,-27.483333333333334,"0.3959924242424242,0.21907823129251697,0.24519270833333334,0.1,0.52,0.08095395160223084","0,0,0"
12.7,132,AV,2,0,0,29,2108.868816674547,0.1,-12.7,"0.12267117117117117,0.09717809523809524,0.13149645390070924,0.1,0.29,0.1107571694830674","0,0,0"
17.4,271,AV,1,0,0,43,7177.938863287724,0.2,-17.4,"0.26029475308641975,0.1603688663282572,0.18848444444444445,0.2,0.43,0.3769832361947931","0,0,0"
24.333333333333332,103,AV,1,0,0,56,1564.487892525026,0.5,-24.333333333333332,"0.4381204819277109,0.24237928348909663,0.2643433734939759,0.5,0.56,0.08216644359123385","0,0,0"
24.183333333333334,20,AV,2,0,0,50,597.1498506777683,0.4,-24.183333333333334,"0.37369547325102886,0.20541131498470946,0.2380041152263374,0.4,0.5,0.03136213437998447","0,0,0"
13.566666666666666,32,AV,0,0,0,25,761.8437659652793,0.3,-13.566666666666666,"0.0795472972972973,0.08378052805280528,0.1168693693693694,0.3,0.25,0.04001181033142316","0,0,0"
14.916666666666666,4,AV,1,0,0,37,457.16351791608827,0.2,-14.916666666666666,"0.19319850187265916,0.12936168384879723,0.1593161512027491,0.2,0.37,0.02401009338985435","0,0,0"
17.883333333333333,151,AV,1,0,0,44,2574.4307659940623,0.2,-17.883333333333333,"0.2827621359223301,0.1656044905008635,0.1924900793650794,0.2,0.44,0.13520834601805928","0,0,0"
11.833333333333334,144,AV,0,0,0,23,2417.357356239525,0.3,-11.833333333333334,"0.07100877192982456,0.08193150684931508,0.11610833333333334,0.3,0.23,0.12695889677403294","0,0,0"
48.6,234,AV,0,0,0,55,4662.282088415262,0.2,-48.6,"0.42891056910569103,0.23883253588516748,0.26286891385767797,0.2,0.55,0.24486168288967095","0,0,0"
30.566666666666666,14,AV,2,0,0,60,567.550811201735,0.1,-30.566666666666666,"0.49992916666666665,0.2678642857142857,0.2899407407407407,0.1,0.6,0.0298076015395053","0,0,0"
31.166666666666668,22,AV,2,0,0,64,627.4062491148882,0.3,-31.166666666666668,"0.5316145833333333,0.28419916666666667,0.30542833333333336,0.3,0.64,0.03295119151959908","0,0,0"
15.6,57,AV,2,0,0,36,1005.9867386644172,0.7,-15.6,"0.18280072463768116,0.12488628472222223,0.15425868055555556,0.7,0.36,0.052834127391418545","0,0,0"
28.95,124,AV,1,0,0,68,1927.298426803608,0.2,-28.95,"0.5515172413793104,0.29550850340136053,0.31418556701030936,0.2,0.68,0.10122114605428258","0,0,0"
7.883333333333334,162,AV,1,0,0,8,2780.081336731352,0.2,-7.883333333333334,"0.05279487179487179,0.076,0.11412499999999999,0.2,0.08,0.14600905345767937","0,0,0"
16.166666666666668,42,AV,1,0,0,41,863.3540159882258,0.4,-16.166666666666668,"0.24191493055555555,0.15237745098039213,0.1844958333333333,0.4,0.41,0.0453430987819722","0,0,0"
36.416666666666664,50,AV,2,0,0,86,914.1934345695068,0.4,-36.416666666666664,"0.6329844444444446,0.32607224958949105,0.34919934640522876,0.4,0.86,0.048013170080720285","0,0,0"
26.333333333333332,91,AV,2,0,0,54,1474.807688008607,0.1,-26.333333333333332,"0.42100602409638554,0.2350636070853462,0.25874444444444444,0.1,0.54,0.07745646564838392","0,0,0"
34.25,137,AV,2,0,0,76,2239.194506681481,0.3,-34.25,"0.5953139534883719,0.31026683937823824,0.32875082508250825,0.3,0.76,0.11760183635943447","0,0,0"
36.516666666666666,217,AV,2,0,0,87,4164.701887555128,0.3,-36.516666666666666,"0.6361495726495728,0.3287379767827529,0.3517805280528053,0.3,0.87,0.21872891720868953","0,0,0"
12.716666666666667,279,AV,2,0,0,25,8333.728817076937,0.2,-12.716666666666667,"0.0795472972972973,0.08378052805280528,0.1168693693693694,0.2,0.25,0.4376849843483456","0,0,0"
31.016666666666666,277,AV,2,0,0,59,7958.958807233507,0.7,-31.016666666666666,"0.48500701754385966,0.2617688442211056,0.2836511627906977,0.7,0.59,0.4180021737490339","0,0,0"
51.983333333333334,207,AV,0,0,0,58,3849.958431883558,0.6,-51.983333333333334,"0.47879037800687285,0.2585908333333333,0.28081526104417676,0.6,0.58,0.20219868356500897","0,0,0"
26.016666666666666,120,AV,0,0,0,38,1823.811293294481,0.6,-26.016666666666666,"0.20278544061302686,0.13509803921568625,0.1643317610062893,0.6,0.38,0.09578603226495669","0,0,0"
30.75,200,AV,1,0,0,79,3520.054626539052,0.9,-30.75,"0.6159038461538462,0.31875980392156866,0.3397244897959183,0.9,0.79,0.18487223281912113","0,0,0"
32.88333333333333,203,AV,0,0,0,42,3667.3634505223554,0.1,-32.88333333333333,"0.2520931372549019,0.1557553366174056,0.18583111111111109,0.1,0.42,0.19260884889275526","0,0,0"
19.016666666666666,291,AV,0,0,0,29,11861.36896338871,0.2,-19.016666666666666,"0.12267117117117117,0.09717809523809524,0.13149645390070924,0.2,0.29,0.622955606433049","0,0,0"
22.133333333333333,77,AV,2,0,0,47,1265.4739572733297,0.2,-22.133333333333333,"0.3291630036630038,0.1861011326860842,0.21186345381526106,0.2,0.47,0.0664623197298481","0,0,0"
32.71666666666667,44,AV,2,0,0,71,870.7377108213431,0.1,-32.71666666666667,"0.5761079545454545,0.3030552631578947,0.32219771241830053,0.1,0.71,0.045730888261135916","0,0,0"
65.51666666666667,71,AV,0,0,0,87,1167.011530479414,0.4,-65.51666666666667,"0.6361495726495728,0.3287379767827529,0.3517805280528053,0.4,0.87,0.061291102058127545","0,0,0"
19.133333333333333,267,AV,1,0,0,46,6254.49597505133,0.1,-19.133333333333333,"0.31926268115942025,0.18038690476190478,0.20667934782608696,0.1,0.46,0.3284842875301661","0,0,0"
5.083333333333333,129,AV,0,0,0,15,2044.1603053436156,0.4,-5.083333333333333,"0.054447368421052626,0.07664814814814815,0.11410000000000002,0.4,0.15,0.10735869751562734","0,0,0"
24.9,135,AV,2,0,0,53,2147.781038516846,0.6,-24.9,"0.409632911392405,0.22661658456486047,0.24943027210884355,0.6,0.53,0.1128008279199854","0,0,0"
28.4,128,AV,2,0,0,59,2035.9911412414244,0.1,-28.4,"0.48500701754385966,0.2617688442211056,0.2836511627906977,0.1,0.59,0.10692965542166336","0,0,0"
31.116666666666667,228,AV,0,0,0,41,4549.070920567666,0.1,-31.116666666666667,"0.24191493055555555,0.15237745098039213,0.1844958333333333,0.1,0.41,0.2389158656792649","0,0,0"
11.7,78,AV,1,0,0,33,1282.6858023855964,0.5,-11.7,"0.15276582278481013,0.11178135313531355,0.1436077441077441,0.5,0.33,0.06736628076864885","0,0,0"
27.183333333333334,116,AV,1,0,0,61,1703.2333497257905,0.1,-27.183333333333334,"0.505291111111111,0.27064084507042246,0.293518115942029,0.1,0.61,0.08945331416217002","0,0,0"
15.85,249,AV,2,0,0,36,5386.149373461946,0.2,-15.85,"0.18280072463768116,0.12488628472222223,0.15425868055555556,0.2,0.36,0.28287897962204345","0,0,0"
63.95,45,AV,0,0,0,80,873.8892656114449,0.2,-63.95,"0.6200225225225225,0.31967069243156204,0.34135185185185185,0.2,0.8,0.045896406991017324","0,0,0"
36.71666666666667,112,AV,2,0,0,85,1635.9686818612918,0.2,-36.71666666666667,"0.6280502283105023,0.32358415841584154,0.3452809523809524,0.2,0.85,0.08592059360601972","0,0,0"
12.1,47,AV,1,0,0,33,892.1845339920479,0.1,-12.1,"0.15276582278481013,0.11178135313531355,0.1436077441077441,0.1,0.33,0.046857269100953565","0,0,0"
19.333333333333332,208,AV,2,0,0,43,3863.855435177377,0.2,-19.333333333333332,"0.26029475308641975,0.1603688663282572,0.18848444444444445,0.2,0.43,0.2029285500872649","0,0,0"
43.46666666666667,262,AV,0,0,0,52,6020.57275324985,0.4,-43.46666666666667,"0.3959924242424242,0.21907823129251697,0.24519270833333334,0.4,0.52,0.3161987087790199","0,0,0"
11.266666666666667,190,AV,1,0,0,30,3323.1633986738134,0.9,-11.266666666666667,"0.12791840277777777,0.10057858376511225,0.13359157509157507,0.9,0.3,0.17453156348873247","0,0,0"
33.31666666666667,101,AV,2,0,0,76,1552.9853059451273,0.5,-33.31666666666667,"0.5953139534883719,0.31026683937823824,0.32875082508250825,0.5,0.76,0.08156233112997016","0,0,0"
12.55,89,AV,1,0,0,35,1447.5744631551047,0.2,-12.55,"0.17471590909090906,0.12111139028475712,0.14994982078853047,0.2,0.35,0.07602618469547658","0,0,0"
31.233333333333334,179,AV,1,0,0,80,3065.2253709468137,0.2,-31.233333333333334,"0.6200225225225225,0.31967069243156204,0.34135185185185185,0.2,0.8,0.16098473419939963","0,0,0"
24.116666666666667,243,AV,2,0,0,50,5009.92015912814,0.4,-24.116666666666667,"0.37369547325102886,0.20541131498470946,0.2380041152263374,0.4,0.5,0.2631195320324301","0,0,0"
30.883333333333333,240,AV,2,0,0,65,4967.653125719208,0.1,-30.883333333333333,"0.5422318007662835,0.28931416666666676,0.30885663082437276,0.1,0.65,0.26089967987955814","0,0,0"
26.266666666666666,268,AV,2,0,0,53,6563.608435155774,0.1,-26.266666666666666,"0.409632911392405,0.22661658456486047,0.24943027210884355,0.1,0.53,0.34471878294420655","0,0,0"
31.85,297,AV,2,0,0,68,15387.119225735782,0.1,-31.85,"0.5515172413793104,0.29550850340136053,0.31418556701030936,0.1,0.68,0.8081269723682344","0,0,0"
12.966666666666667,59,AV,1,0,0,36,1022.032321197676,0.3,-12.966666666666667,"0.18280072463768116,0.12488628472222223,0.15425868055555556,0.3,0.36,0.053676836662871985","0,0,0"
22.733333333333334,145,AV,1,0,0,54,2421.0391237858234,0.3,-22.733333333333334,"0.42100602409638554,0.2350636070853462,0.25874444444444444,0.3,0.54,0.12715226212179587","0,0,0"
68.01666666666667,215,AV,0,0,0,87,4090.160813256426,0.2,-68.01666666666667,"0.6361495726495728,0.3287379767827529,0.3517805280528053,0.2,0.87,0.21481404192850495","0,0,0"
38.416666666666664,118,AV,0,0,0,46,1799.695682844959,0.1,-38.416666666666664,"0.31926268115942025,0.18038690476190478,0.20667934782608696,0.1,0.46,0.09451948750284238","0,0,0"
16.516666666666666,193,AV,1,0,0,42,3387.2787239910285,0.4,-16.516666666666666,"0.2520931372549019,0.1557553366174056,0.18583111111111109,0.4,0.42,0.17789888150134298","0,0,0"
17.516666666666666,28,AV,1,0,0,43,679.8949342204361,0.6,-17.516666666666666,"0.26029475308641975,0.1603688663282572,0.18848444444444445,0.6,0.43,0.03570788181072196","0,0,0"
28.016666666666666,159,AV,1,0,0,67,2744.8905386527767,0.1,-28.016666666666666,"0.5442208835341367,0.291178391959799,0.30943027210884355,0.1,0.67,0.14416084310139018","0,0,0"
52.03333333333333,293,AV,0,0,0,61,13351.937436366714,0.1,-52.03333333333333,"0.505291111111111,0.27064084507042246,0.293518115942029,0.1,0.61,0.7012398238686656","0,0,0"
14.233333333333333,105,AV,1,0,0,37,1587.6148581174584,0.1,-14.233333333333333,"0.19319850187265916,0.12936168384879723,0.1593161512027491,0.1,0.37,0.08338106501647227","0,0,0"
34.85,24,AV,2,0,0,82,646.5589615252754,0.4,-34.85,"0.6234572072072071,0.3224575163398692,0.3439477124183006,0.4,0.82,0.03395708633758153","0,0,0"
19.533333333333335,187,AV,2,0,0,44,3257.969850357721,0.4,-19.533333333333335,"0.2827621359223301,0.1656044905008635,0.1924900793650794,0.4,0.44,0.17110761752160772","0,0,0"
22.433333333333334,26,AV,1,0,0,52,670.158540600369,0.8,-22.433333333333334,"0.3959924242424242,0.21907823129251697,0.24519270833333334,0.8,0.52,0.03519652928381035","0,0,0"
7.916666666666667,154,AV,1,0,0,20,2645.062412614309,0.4,-7.916666666666667,"0.062301801801801816,0.0789655172413793,0.11473333333333333,0.4,0.2,0.13891789930735432","0,0,0"
24.016666666666666,197,AV,1,0,0,54,3438.9188747307694,0.4,-24.016666666666666,"0.42100602409638554,0.2350636070853462,0.25874444444444444,0.4,0.54,0.18061100701734908","0,0,0"
15.616666666666667,199,AV,1,0,0,40,3508.846318545673,0.1,-15.616666666666667,"0.22885795454545452,0.14572053872053872,0.17540780141843976,0.1,0.4,0.18428357578259733","0,0,0"
11.85,172,AV,1,0,0,32,2965.4163440895786,0.2,-11.85,"0.13844238683127572,0.10541993464052288,0.1378438596491228,0.2,0.32,0.15574279348874007","0,0,0"
27.816666666666666,284,AV,2,0,0,55,8987.822610831106,0.8,-27.816666666666666,"0.42891056910569103,0.23883253588516748,0.26286891385767797,0.8,0.55,0.472037797856628","0,0,0"
14.966666666666667,239,AV,1,0,0,38,4934.883137056144,0.2,-14.966666666666667,"0.20278544061302686,0.13509803921568625,0.1643317610062893,0.2,0.38,0.2591786097211798","0,0,0"
60.71666666666667,166,AV,0,0,0,67,2857.6088215719105,0.9,-60.71666666666667,"0.5442208835341367,0.291178391959799,0.30943027210884355,0.9,0.67,0.1500807741404395","0,0,0"
62.166666666666664,97,AV,0,0,0,76,1530.6528609905624,0.2,-62.166666666666664,"0.5953139534883719,0.31026683937823824,0.32875082508250825,0.2,0.76,0.08038943769475668","0,0,0"
8.366666666666667,290,AV,0,0,0,20,11515.391842589095,0.1,-8.366666666666667,"0.062301801801801816,0.0789655172413793,0.11473333333333333,0.1,0.2,0.6047849898908156","0,0,0"
33.45,275,AV,1,0,0,86,7864.29237148983,0.2,-33.45,"0.6329844444444446,0.32607224958949105,0.34919934640522876,0.2,0.86,0.41303032040988025","0,0,0"
39.733333333333334,2,AV,0,0,0,47,437.8567856598078,0.2,-39.733333333333334,"0.3291630036630038,0.1861011326860842,0.21186345381526106,0.2,0.47,0.022996109494903022","0,0,0"
36.266666666666666,25,AV,0,0,0,46,649.7132696839626,0.1,-36.266666666666666,"0.31926268115942025,0.18038690476190478,0.20667934782608696,0.1,0.46,0.034122749673570554","0,0,0"
18.033333333333335,108,AV,1,0,0,44,1592.6375082496468,0.3,-18.033333333333335,"0.2827621359223301,0.1656044905008635,0.1924900793650794,0.3,0.44,0.08364485312294262","0,0,0"
20.166666666666668,73,AV,1,0,0,47,1239.4416864014672,0.6,-20.166666666666668,"0.3291630036630038,0.1861011326860842,0.21186345381526106,0.6,0.47,0.06509511252654251","0,0,0"
9.916666666666666,241,AV,1,0,0,26,4968.170350229253,0.1,-9.916666666666666,"0.10149160671462829,0.0876979865771812,0.11964673913043479,0.1,0.26,0.260926844358575","0,0,0"
10.116666666666667,222,AV,1,0,0,25,4376.119511966378,0.2,-10.116666666666667,"0.0795472972972973,0.08378052805280528,0.1168693693693694,0.2,0.25,0.22983250860967044","0,0,0"
32.68333333333333,29,AV,2,0,0,67,742.4887258523852,0.3,-32.68333333333333,"0.5442208835341367,0.291178391959799,0.30943027210884355,0.3,0.67,0.03899528932206243","0,0,0"
26.516666666666666,255,AV,2,0,0,53,5825.994272151124,0.7,-26.516666666666666,"0.409632911392405,0.22661658456486047,0.24943027210884355,0.7,0.53,0.3059795042280261","0,0,0"
23.533333333333335,109,AV,2,0,0,49,1596.1763216794554,0.1,-23.533333333333335,"0.35546458333333325,0.1985052083333333,0.22514692982456136,0.1,0.49,0.0838307105625876","0,0,0"
30.183333333333334,184,AV,1,0,0,70,3236.647802754315,0.5,-30.183333333333334,"0.565940074906367,0.3006961805555555,0.31903198653198644,0.5,0.7,0.16998778985785554","0,0,0"
15.083333333333334,272,AV,1,0,0,39,7572.106998522375,0.1,-15.083333333333334,"0.21439024390243902,0.14062794612794607,0.17065166666666662,0.1,0.39,0.3976848306296006","0,0,0"
27.633333333333333,287,AV,0,0,0,39,9280.176126726552,0.2,-27.633333333333333,"0.21439024390243902,0.14062794612794607,0.17065166666666662,0.2,0.39,0.48739211845399105","0,0,0"
55.483333333333334,258,AV,0,0,0,63,5911.733280178027,0.3,-55.483333333333334,"0.5283599999999999,0.2808510466988728,0.30279081632653054,0.3,0.63,0.3104824916913811","0,0,0"
13.416666666666666,119,AV,2,0,0,31,1822.2981036688468,0.1,-13.416666666666666,"0.13168039215686275,0.103606365159129,0.1367361111111111,0.1,0.31,0.09570655999124235","0,0,0"
32.516666666666666,100,AV,2,0,0,64,1546.5147326922538,0.1,-32.516666666666666,"0.5316145833333333,0.28419916666666667,0.30542833333333336,0.1,0.64,0.08122249852741349","0,0,0"
28.316666666666666,52,AV,1,0,0,67,959.5289757906356,0.8,-28.316666666666666,"0.5442208835341367,0.291178391959799,0.30943027210884355,0.8,0.67,0.05039417936063988","0,0,0"
20.8,80,AV,1,0,0,49,1294.2551843223837,0.1,-20.8,"0.35546458333333325,0.1985052083333333,0.22514692982456136,0.1,0.49,0.06797390130239438","0,0,0"
34.46666666666667,140,AV,2,0,0,78,2347.541384251396,0.6,-34.46666666666667,"0.6146601731601733,0.31631691297208536,0.33637666666666677,0.6,0.78,0.12329218247631395","0,0,0"
28.016666666666666,253,AV,1,0,0,62,5670.319740923212,0.4,-28.016666666666666,"0.5186857142857142,0.27698992248062015,0.29858070175438595,0.4,0.62,0.29780352367244284","0,0,0"
21.05,283,AV,2,0,0,43,8975.220492497892,0.5,-21.05,"0.26029475308641975,0.1603688663282572,0.18848444444444445,0.5,0.43,0.47137593831133945","0,0,0"
14.766666666666667,127,AV,2,0,0,33,2030.86588445069,0.1,-14.766666666666667,"0.15276582278481013,0.11178135313531355,0.1436077441077441,0.1,0.33,0.10666047844368956","0,0,0"
66.08333333333333,149,AV,0,0,0,87,2472.005569054355,0.1,-66.08333333333333,"0.6361495726495728,0.3287379767827529,0.3517805280528053,0.1,0.87,0.12982900482476664","0,0,0"
32.28333333333333,41,AV,2,0,0,63,861.805442805673,0.6,-32.28333333333333,"0.5283599999999999,0.2808510466988728,0.30279081632653054,0.6,0.63,0.04526176817426404","0,0,0"
6.633333333333334,130,AV,0,0,0,18,2052.607856914241,0.4,-6.633333333333334,"0.0580028735632184,0.07772222222222223,0.11482291666666666,0.4,0.18,0.10780236043748707","0,0,0"
30.083333333333332,285,AV,1,0,0,72,9030.678864893336,0.3,-30.083333333333332,"0.5896277777777779,0.3085245614035088,0.3268,0.3,0.72,0.47428859570476767","0,0,0"
15.45,178,AV,0,0,0,25,3046.5766145774583,0.9,-15.45,"0.0795472972972973,0.08378052805280528,0.1168693693693694,0.9,0.25,0.16000530700434717","0,0,0"
24.516666666666666,227,AV,1,0,0,56,4547.885280126284,0.3,-24.516666666666666,"0.4381204819277109,0.24237928348909663,0.2643433734939759,0.3,0.56,0.2388535961922898","0,0,0"
28.016666666666666,237,AV,2,0,0,56,4843.3187157075145,0.2,-28.016666666666666,"0.4381204819277109,0.24237928348909663,0.2643433734939759,0.2,0.56,0.2543696732649421","0,0,0"
27.2,280,AV,2,0,0,56,8348.421721831439,0.4,-27.2,"0.4381204819277109,0.24237928348909663,0.2643433734939759,0.4,0.56,0.43845665138103423","0,0,0"
16.466666666666665,106,AV,2,0,0,33,1588.8002265047048,0.4,-16.466666666666665,"0.15276582278481013,0.11178135313531355,0.1436077441077441,0.4,0.33,0.08344332021524425","0,0,0"
26.45,181,AV,2,0,0,54,3169.820795106812,0.1,-26.45,"0.42100602409638554,0.2350636070853462,0.25874444444444444,0.1,0.54,0.16647805508747177","0,0,0"
29.716666666666665,218,AV,1,0,0,68,4196.147454418583,0.1,-29.716666666666665,"0.5515172413793104,0.29550850340136053,0.31418556701030936,0.1,0.68,0.22038042912401049","0,0,0"
16.616666666666667,121,AV,1,0,0,42,1830.3424648913517,0.1,-16.616666666666667,"0.2520931372549019,0.1557553366174056,0.18583111111111109,0.1,0.42,0.0961290474747023","0,0,0"
24.1,192,AV,2,0,0,48,3362.377553451843,0.7,-24.1,"0.34110833333333335,0.1927437106918239,0.21878030303030305,0.7,0.48,0.17659107935455778","0,0,0"
12.85,133,AV,2,0,0,25,2123.4400354784907,0.1,-12.85,"0.0795472972972973,0.08378052805280528,0.1168693693693694,0.1,0.25,0.11152244560545237","0,0,0"
19.333333333333332,82,AV,1,0,0,45,1348.5865378412918,0.9,-19.333333333333332,"0.3064421768707483,0.17445274914089345,0.20041098484848482,0.9,0.45,0.07082736799617727","0,0,0"
46.85,171,AV,0,0,0,53,2964.6777926145683,0.2,-46.85,"0.409632911392405,0.22661658456486047,0.24943027210884355,0.2,0.53,0.15570400498267326","0,0,0"
32.15,221,AV,2,0,0,57,4343.557359248321,0.2,-32.15,"0.4652717391304348,0.25170100502512566,0.273619850187266,0.2,0.57,0.22812235393394506","0,0,0"
23.7,92,AV,2,0,0,50,1475.2077210572677,0.9,-23.7,"0.37369547325102886,0.20541131498470946,0.2380041152263374,0.9,0.5,0.07747747526634545","0,0,0"
29.1,31,AV,1,0,0,68,743.7818724069466,0.5,-29.1,"0.5515172413793104,0.29550850340136053,0.31418556701030936,0.5,0.68,0.039063204998456114","0,0,0"
45.083333333333336,161,AV,0,0,0,52,2761.3662775036096,0.2,-45.083333333333336,"0.3959924242424242,0.21907823129251697,0.24519270833333334,0.2,0.52,0.14502614405602138","0,0,0"
22.35,164,AV,2,0,0,46,2835.850686157305,0.2,-22.35,"0.31926268115942025,0.18038690476190478,0.20667934782608696,0.2,0.46,0.14893804327321036","0,0,0"
10.833333333333334,8,AV,1,0,0,27,497.26542980048754,0.2,-10.833333333333334,"0.1064082687338501,0.09007006369426752,0.12261347517730496,0.2,0.27,0.026116233997585142","0,0,0"
15.033333333333333,167,AV,1,0,0,39,2891.134206742707,0.7,-15.033333333333333,"0.21439024390243902,0.14062794612794607,0.17065166666666662,0.7,0.39,0.1518415175010447","0,0,0"
14.783333333333333,180,AV,2,0,0,35,3119.7161673652217,0.1,-14.783333333333333,"0.17471590909090906,0.12111139028475712,0.14994982078853047,0.1,0.35,0.1638465747873305","0,0,0"
15.833333333333334,261,AV,1,0,0,40,6007.794801579103,0.4,-15.833333333333334,"0.22885795454545452,0.14572053872053872,0.17540780141843976,0.4,0.4,0.31552761451860256","0,0,0"
41.8,176,AV,0,0,0,51,3031.4508351358254,0.4,-41.8,"0.38552610441767066,0.21363571428571426,0.24302681992337166,0.4,0.51,0.15921090552051181","0,0,0"
50.2,74,AV,0,0,0,56,1240.6560786390864,0.6,-50.2,"0.4381204819277109,0.24237928348909663,0.2643433734939759,0.6,0.56,0.06515889204939258","0,0,0"
28.016666666666666,256,AV,1,0,0,64,5844.130995646287,0.1,-28.016666666666666,"0.5316145833333333,0.28419916666666667,0.30542833333333336,0.1,0.64,0.30693203960724846","0,0,0"
16.833333333333332,170,AV,2,0,0,37,2942.323800284961,0.1,-16.833333333333332,"0.19319850187265916,0.12936168384879723,0.1593161512027491,0.1,0.37,0.15452997988566525","0,0,0"
34.06666666666667,183,AV,2,0,0,71,3227.056348793521,0.1,-34.06666666666667,"0.5761079545454545,0.3030552631578947,0.32219771241830053,0.1,0.71,0.1694840495191844","0,0,0"
23.033333333333335,250,AV,2,0,0,50,5480.041794665195,0.1,-23.033333333333335,"0.37369547325102886,0.20541131498470946,0.2380041152263374,0.1,0.5,0.2878101819453735","0,0,0"
18.35,62,AV,1,0,0,44,1046.6558973464134,0.6,-18.35,"0.2827621359223301,0.1656044905008635,0.1924900793650794,0.6,0.44,0.054970059633983805","0,0,0"
18.8,281,AV,1,0,0,45,8436.938288223368,0.3,-18.8,"0.3064421768707483,0.17445274914089345,0.20041098484848482,0.3,0.45,0.4431055153921156","0,0,0"
19.966666666666665,266,AV,1,0,0,46,6248.181898567973,0.1,-19.966666666666665,"0.31926268115942025,0.18038690476190478,0.20667934782608696,0.1,0.46,0.3281526740918779","0,0,0"
8.733333333333333,69,AV,1,0,0,21,1141.5133047894662,0.2,-8.733333333333333,"0.0648181818181818,0.07860714285714285,0.11388211382113822,0.2,0.21,0.059951942750574055","0,0,0"
28.15,70,AV,2,0,0,54,1150.2916000513435,0.4,-28.15,"0.42100602409638554,0.2350636070853462,0.25874444444444444,0.4,0.54,0.0604129762337403","0,0,0"
26.833333333333332,35,AV,1,0,0,61,777.0630287344238,0.3,-26.833333333333332,"0.505291111111111,0.27064084507042246,0.293518115942029,0.3,0.61,0.04081112153210161","0,0,0"
57.31666666666667,220,AV,0,0,0,63,4304.4895651906745,0.2,-57.31666666666667,"0.5283599999999999,0.2808510466988728,0.30279081632653054,0.2,0.63,0.22607052489007143","0,0,0"
58.766666666666666,134,AV,0,0,0,66,2131.3254046090938,0.3,-58.766666666666666,"0.5436867469879519,0.28958333333333336,0.3088754385964912,0.3,0.66,0.11193658287104669","0,0,0"
14.283333333333333,7,AV,1,0,0,37,491.8679742725259,0.1,-14.283333333333333,"0.19319850187265916,0.12936168384879723,0.1593161512027491,0.1,0.37,0.025832761222056865","0,0,0"
27.666666666666668,94,AV,0,0,0,38,1496.328062426438,0.1,-27.666666666666668,"0.20278544061302686,0.13509803921568625,0.1643317610062893,0.1,0.38,0.07858670937805001","0,0,0"
26.8,254,AV,2,0,0,53,5721.231751015957,0.1,-26.8,"0.409632911392405,0.22661658456486047,0.24943027210884355,0.1,0.53,0.30047740745600493","0,0,0"
28.5,19,AV,2,0,0,56,595.9176043698985,0.2,-28.5,"0.4381204819277109,0.24237928348909663,0.2643433734939759,0.2,0.56,0.03129741716662037","0,0,0"
33.96666666666667,276,AV,2,0,0,72,7897.119961473183,0.3,-33.96666666666667,"0.5896277777777779,0.3085245614035088,0.3268,0.3,0.72,0.4147544157726446","0,0,0"
25.666666666666668,67,AV,0,0,0,36,1122.7546975855585,0.2,-25.666666666666668,"0.18280072463768116,0.12488628472222223,0.15425868055555556,0.2,0.36,0.05896674622202671","0,0,0"
53.68333333333333,295,AV,0,0,0,62,13460.811009378149,0.4,-53.68333333333333,"0.5186857142857142,0.27698992248062015,0.29858070175438595,0.4,0.62,0.7069578318750951","0,0,0"
27.833333333333332,152,AV,2,0,0,57,2612.3907844155665,0.1,-27.833333333333332,"0.4652717391304348,0.25170100502512566,0.273619850187266,0.1,0.57,0.13720199501160868","0,0,0"
64.26666666666667,9,AV,0,0,0,85,506.5869000089976,0.2,-64.26666666666667,"0.6280502283105023,0.32358415841584154,0.3452809523809524,0.2,0.85,0.02660579486905904","0,0,0"
29.466666666666665,219,AV,0,0,0,40,4227.85786318916,0.1,-29.466666666666665,"0.22885795454545452,0.14572053872053872,0.17540780141843976,0.1,0.4,0.22204585045833433","0,0,0"
13.983333333333333,30,AV,1,0,0,36,743.7553910389753,0.1,-13.983333333333333,"0.18280072463768116,0.12488628472222223,0.15425868055555556,0.1,0.36,0.03906181420480535","0,0,0"
25.583333333333332,292,AV,1,0,0,58,12197.400506638176,0.1,-25.583333333333332,"0.47879037800687285,0.2585908333333333,0.28081526104417676,0.1,0.58,0.6406038841699384","0,0,0"
36.166666666666664,163,AV,0,0,0,45,2797.307504072895,0.1,-36.166666666666664,"0.3064421768707483,0.17445274914089345,0.20041098484848482,0.1,0.45,0.1469137666957458","0,0,0"
11.533333333333333,296,AV,1,0,0,32,14312.770160915026,0.8,-11.533333333333333,"0.13844238683127572,0.10541993464052288,0.1378438596491228,0.8,0.32,0.7517024757302859","0,0,0"
12.083333333333334,39,AV,0,0,0,23,857.6590975250949,0.1,-12.083333333333334,"0.07100877192982456,0.08193150684931508,0.11610833333333334,0.1,0.23,0.04504400334065031","0,0,0"
7.866666666666666,185,AV,1,0,0,16,3245.380745418587,0.3,-7.866666666666666,"0.056620915032679735,0.07705128205128203,0.11433333333333336,0.3,0.16,0.1704464414359456","0,0,0"
14.766666666666667,38,AV,2,0,0,33,837.3801312568858,0.4,-14.766666666666667,"0.15276582278481013,0.11178135313531355,0.1436077441077441,0.4,0.33,0.04397895800158024","0,0,0"
6.95,150,AV,0,0,0,18,2533.2754137277425,0.3,-6.95,"0.0580028735632184,0.07772222222222223,0.11482291666666666,0.3,0.18,0.13304687903156176","0,0,0"
21.833333333333332,53,AV,2,0,0,40,969.457736312404,0.6,-21.833333333333332,"0.22885795454545452,0.14572053872053872,0.17540780141843976,0.6,0.4,0.050915634940603534","0,0,0"
15.05,177,AV,2,0,0,30,3032.1279287666234,0.2,-15.05,"0.12791840277777777,0.10057858376511225,0.13359157509157507,0.2,0.3,0.15924646627869138","0,0,0"
24.216666666666665,43,AV,0,0,0,33,863.5619359671642,0.3,-24.216666666666665,"0.15276582278481013,0.11178135313531355,0.1436077441077441,0.3,0.33,0.04535401867806252","0,0,0"
57.233333333333334,11,AV,0,0,0,64,539.5213747330826,0.1,-57.233333333333334,"0.5316145833333333,0.28419916666666667,0.30542833333333336,0.1,0.64,0.028335503786943907","0,0,0"
27.016666666666666,76,AV,1,0,0,58,1261.43865123121,0.7,-27.016666666666666,"0.47879037800687285,0.2585908333333333,0.28081526104417676,0.7,0.58,0.06625038664435261","0,0,0"
28.766666666666666,54,AV,2,0,0,57,978.4447105201264,0.2,-28.766666666666666,"0.4652717391304348,0.25170100502512566,0.273619850187266,0.2,0.57,0.051387628180578626","0,0,0"
63.983333333333334,242,AV,0,0,0,77,5004.1281918097375,0.3,-63.983333333333334,"0.6111600877192982,0.3138673300165838,0.33246278317152106,0.3,0.77,0.2628153396137967","0,0,0"
29.433333333333334,143,AV,2,0,0,59,2398.572127464108,0.2,-29.433333333333334,"0.48500701754385966,0.2617688442211056,0.2836511627906977,0.2,0.59,0.12597230208838628","0,0,0"
19.483333333333334,123,AV,1,0,0,45,1848.7234685638712,0.1,-19.483333333333334,"0.3064421768707483,0.17445274914089345,0.20041098484848482,0.1,0.45,0.09709441237693286","0,0,0"
13.016666666666667,148,AV,1,0,0,36,2458.2611968747465,0.4,-13.016666666666667,"0.18280072463768116,0.12488628472222223,0.15425868055555556,0.4,0.36,0.12910715444370038","0,0,0"
16.766666666666666,229,AV,1,0,0,40,4549.115907877681,0.2,-16.766666666666666,"0.22885795454545452,0.14572053872053872,0.17540780141843976,0.2,0.4,0.2389182283995444","0,0,0"
46.833333333333336,273,AV,0,0,0,54,7612.519032757181,0.2,-46.833333333333336,"0.42100602409638554,0.2350636070853462,0.25874444444444444,0.2,0.54,0.39980725877188683","0,0,0"
33.35,158,AV,2,0,0,71,2744.255474143275,0.1,-33.35,"0.5761079545454545,0.3030552631578947,0.32219771241830053,0.1,0.71,0.14412748970028938","0,0,0"
29.516666666666666,90,AV,0,0,0,39,1454.957177165027,0.6,-29.516666666666666,"0.21439024390243902,0.14062794612794607,0.17065166666666662,0.6,0.39,0.0764139226620948","0,0,0"
22.633333333333333,232,AV,2,0,0,48,4635.813442599864,0.6,-22.633333333333333,"0.34110833333333335,0.1927437106918239,0.21878030303030305,0.6,0.48,0.24347155740278267","0,0,0"
23.3,138,AV,2,0,0,49,2239.257430619588,0.1,-23.3,"0.35546458333333325,0.1985052083333333,0.22514692982456136,0.1,0.49,0.1176051411061415","0,0,0"
35.43333333333333,111,AV,2,0,0,77,1626.914224999384,0.1,-35.43333333333333,"0.6111600877192982,0.3138673300165838,0.33246278317152106,0.1,0.77,0.08544505619691108","0,0,0"
28.233333333333334,95,AV,2,0,0,56,1507.5005543882637,0.4,-28.233333333333334,"0.4381204819277109,0.24237928348909663,0.2643433734939759,0.4,0.56,0.07917348536713947","0,0,0"
11.0,93,AV,1,0,0,28,1485.5718097438446,0.2,-11.0,"0.11124338624338623,0.09182815734989648,0.1269695340501792,0.2,0.28,0.07802179415338123","0,0,0"
9.233333333333333,257,AV,1,0,0,25,5862.8833826120845,0.1,-9.233333333333333,"0.0795472972972973,0.08378052805280528,0.1168693693693694,0.1,0.25,0.30791690945072125","0,0,0"
11.25,88,AV,1,0,0,32,1446.9812594843625,0.9,-11.25,"0.13844238683127572,0.10541993464052288,0.1378438596491228,0.9,0.32,0.0759950298133052","0,0,0"
33.88333333333333,223,AV,2,0,0,64,4381.240268036911,0.3,-33.88333333333333,"0.5316145833333333,0.28419916666666667,0.30542833333333336,0.3,0.64,0.23010144921114412","0,0,0"
59.016666666666666,36,AV,0,0,0,66,802.5586880039084,0.3,-59.016666666666666,"0.5436867469879519,0.28958333333333336,0.3088754385964912,0.3,0.66,0.042150146052007835","0,0,0"
23.4,174,AV,2,0,0,50,3001.8426729260827,0.2,-23.4,"0.37369547325102886,0.20541131498470946,0.2380041152263374,0.2,0.5,0.1576558935567436","0,0,0"
22.983333333333334,173,AV,2,0,0,46,2966.188350320237,0.1,-22.983333333333334,"0.31926268115942025,0.18038690476190478,0.20667934782608696,0.1,0.46,0.15578333902872574","0,0,0"
34.5,195,AV,0,0,0,44,3398.605365942332,0.3,-34.5,"0.2827621359223301,0.1656044905008635,0.1924900793650794,0.3,0.44,0.17849375340250406","0,0,0"
28.0,278,AV,1,0,0,61,8326.33528790118,0.1,-28.0,"0.505291111111111,0.27064084507042246,0.293518115942029,0.1,0.61,0.43729667837240127","0,0,0"
12.333333333333334,245,AV,1,0,0,33,5064.807770076448,0.3,-12.333333333333334,"0.15276582278481013,0.11178135313531355,0.1436077441077441,0.3,0.33,0.2660022132026646","0,0,0"
60.71666666666667,16,AV,0,0,0,70,583.3206434887895,0.6,-60.71666666666667,"0.565940074906367,0.3006961805555555,0.31903198653198644,0.6,0.7,0.030635828489198207","0,0,0"
32.05,244,AV,2,0,0,66,5051.78348307234,0.1,-32.05,"0.5436867469879519,0.28958333333333336,0.3088754385964912,0.1,0.66,0.26531818148305064","0,0,0"
31.9,214,AV,1,0,0,86,4015.909421979459,0.1,-31.9,"0.6329844444444446,0.32607224958949105,0.34919934640522876,0.1,0.86,0.21091438071535054","0,0,0"
15.016666666666667,10,AV,1,0,0,38,513.3463032142733,0.5,-15.016666666666667,"0.20278544061302686,0.13509803921568625,0.1643317610062893,0.5,0.38,0.026960796735695607","0,0,0"
18.383333333333333,146,AV,1,0,0,44,2421.832203454489,0.8,-18.383333333333333,"0.2827621359223301,0.1656044905008635,0.1924900793650794,0.8,0.44,0.12719391443254247","0,0,0"
34.38333333333333,274,AV,2,0,0,76,7658.5640246764915,0.1,-34.38333333333333,"0.5953139534883719,0.31026683937823824,0.32875082508250825,0.1,0.76,0.4022255281936403","0,0,0"
34.1,236,AV,2,0,0,71,4754.245589533712,0.1,-34.1,"0.5761079545454545,0.3030552631578947,0.32219771241830053,0.1,0.71,0.24969157889794616","0,0,0"
32.85,113,AV,2,0,0,68,1639.6236094811811,0.4,-32.85,"0.5515172413793104,0.29550850340136053,0.31418556701030936,0.4,0.68,0.08611254932874826","0,0,0"
24.416666666666668,0,AV,0,0,0,35,388.2787303527966,0.1,-24.416666666666668,"0.17471590909090906,0.12111139028475712,0.14994982078853047,0.1,0.35,0.02039228462402346","0,0,0"
17.616666666666667,136,AV,0,0,0,26,2164.09247058771,0.5,-17.616666666666667,"0.10149160671462829,0.0876979865771812,0.11964673913043479,0.5,0.26,0.11365749953089815","0,0,0"
31.116666666666667,27,AV,2,0,0,60,676.2529471816457,0.1,-31.116666666666667,"0.49992916666666665,0.2678642857142857,0.2899407407407407,0.1,0.6,0.03551660572350354","0,0,0"
22.033333333333335,191,AV,1,0,0,52,3352.9358316496982,0.1,-22.033333333333335,"0.3959924242424242,0.21907823129251697,0.24519270833333334,0.1,0.52,0.17609520290478356","0,0,0"
35.333333333333336,211,AV,2,0,0,83,3942.222625638348,0.4,-35.333333333333336,"0.6257853881278539,0.32327392739273925,0.3446634920634921,0.4,0.83,0.20704437186203256","0,0,0"
18.966666666666665,248,AV,0,0,0,28,5307.329693361759,0.6,-18.966666666666665,"0.11124338624338623,0.09182815734989648,0.1269695340501792,0.6,0.28,0.2787393932246195","0,0,0"
31.15,6,AV,0,0,0,41,477.1303205766694,0.4,-31.15,"0.24191493055555555,0.15237745098039213,0.1844958333333333,0.4,0.41,0.025058743988140585","0,0,0"
22.15,210,AV,2,0,0,47,3941.04555698938,0.7,-22.15,"0.3291630036630038,0.1861011326860842,0.21186345381526106,0.7,0.47,0.20698255256307185","0,0,0"
12.983333333333333,139,AV,1,0,0,34,2344.9936519099742,0.2,-12.983333333333333,"0.16888431372549018,0.11968174204355106,0.1491388888888889,0.2,0.34,0.12315837632369546","0,0,0"
32.95,299,AV,2,0,0,75,19040.472291926453,0.2,-32.95,"0.594743295019157,0.30973123909249556,0.3286029411764706,0.2,0.75,1.0","0,0,0"
36.11666666666667,3,AV,2,0,0,76,449.0833195935783,0.1,-36.11666666666667,"0.5953139534883719,0.31026683937823824,0.32875082508250825,0.1,0.76,0.02358572375245118","0,0,0"
18.75,48,AV,1,0,0,44,898.3728471886773,0.6,-18.75,"0.2827621359223301,0.1656044905008635,0.1924900793650794,0.6,0.44,0.047182277488442635","0,0,0"
14.066666666666666,188,AV,1,0,0,35,3274.575105225111,0.6,-14.066666666666666,"0.17471590909090906,0.12111139028475712,0.14994982078853047,0.6,0.35,0.17197972061930406","0,0,0"
20.616666666666667,189,AV,0,0,0,32,3301.717979419838,0.1,-20.616666666666667,"0.13844238683127572,0.10541993464052288,0.1378438596491228,0.1,0.32,0.1734052563822082","0,0,0"
62.233333333333334,60,AV,0,0,0,70,1025.7249596144625,0.4,-62.233333333333334,"0.565940074906367,0.3006961805555555,0.31903198653198644,0.4,0.7,0.05387077294555297","0,0,0"
32.7,86,AV,2,0,0,61,1411.5824788559885,0.4,-32.7,"0.505291111111111,0.27064084507042246,0.293518115942029,0.4,0.61,0.07413589627472256","0,0,0"
28.983333333333334,64,AV,2,0,0,57,1074.3823512953045,0.2,-28.983333333333334,"0.4652717391304348,0.25170100502512566,0.273619850187266,0.2,0.57,0.05642624483379356","0,0,0"
24.183333333333334,289,AV,2,0,0,50,10838.007207066395,0.1,-24.183333333333334,"0.37369547325102886,0.20541131498470946,0.2380041152263374,0.1,0.5,0.5692089482287648","0,0,0"
20.95,175,AV,1,0,0,49,3024.224513765153,0.6,-20.95,"0.35546458333333325,0.1985052083333333,0.22514692982456136,0.6,0.49,0.1588313812492711","0,0,0"
27.8,66,AV,2,0,0,53,1097.8259349569896,0.1,-27.8,"0.409632911392405,0.22661658456486047,0.24943027210884355,0.1,0.53,0.05765749494682913","0,0,0"
15.566666666666666,155,AV,1,0,0,39,2648.588416164911,0.5,-15.566666666666666,"0.21439024390243902,0.14062794612794607,0.17065166666666662,0.5,0.39,0.1391030839759141","0,0,0"
23.666666666666668,83,AV,2,0,0,48,1373.5659577718477,0.2,-23.666666666666668,"0.34110833333333335,0.1927437106918239,0.21878030303030305,0.2,0.48,0.07213927977796368","0,0,0"
8.366666666666667,201,AV,0,0,0,22,3608.770587345788,0.8,-8.366666666666667,"0.06618794326241134,0.07969444444444444,0.11576388888888887,0.8,0.22,0.18953156896617424","0,0,0"
36.0,212,AV,2,0,0,79,3958.913906791885,0.2,-36.0,"0.6159038461538462,0.31875980392156866,0.3397244897959183,0.2,0.79,0.20792099303495454","0,0,0"
24.666666666666668,259,AV,2,0,0,50,5913.041300376779,0.3,-24.666666666666668,"0.37369547325102886,0.20541131498470946,0.2380041152263374,0.3,0.5,0.31055118852718944","0,0,0"
25.616666666666667,126,AV,1,0,0,59,2015.5588757501516,0.9,-25.616666666666667,"0.48500701754385966,0.2617688442211056,0.2836511627906977,0.9,0.59,0.10585655885252329","0,0,0"
16.133333333333333,115,AV,1,0,0,41,1682.490559712908,0.4,-16.133333333333333,"0.24191493055555555,0.15237745098039213,0.1844958333333333,0.4,0.41,0.0883639089365613","0,0,0"
26.933333333333334,21,AV,2,0,0,54,623.7253316558669,0.1,-26.933333333333334,"0.42100602409638554,0.2350636070853462,0.25874444444444444,0.1,0.54,0.03275787081816973","0,0,0"
23.016666666666666,238,AV,1,0,0,52,4925.450001742355,0.5,-23.016666666666666,"0.3959924242424242,0.21907823129251697,0.24519270833333334,0.5,0.52,0.25868318423124653","0,0,0"
31.683333333333334,165,AV,1,0,0,81,2838.632091159661,0.9,-31.683333333333334,"0.6253403755868545,0.321623786407767,0.34343203883495144,0.9,0.81,0.149084121845197","0,0,0"
30.3,51,AV,2,0,0,59,932.0432837729122,0.7,-30.3,"0.48500701754385966,0.2617688442211056,0.2836511627906977,0.7,0.59,0.04895063890658413","0,0,0"
45.516666666666666,168,AV,0,0,0,52,2909.8477340427667,0.3,-45.516666666666666,"0.3959924242424242,0.21907823129251697,0.24519270833333334,0.3,0.52,0.15282434644631168","0,0,0"
11.383333333333333,68,AV,2,0,0,1,1141.0395517097602,0.1,-11.383333333333333,"0.0,0.0,0.0,0.1,0.01,0.05992706137828231","0,0,0"
67.78333333333333,81,AV,0,0,0,88,1297.4303329633815,0.5,-67.78333333333333,"0.6445081300813007,0.33347008547008544,0.3610517799352751,0.5,0.88,0.06814065917437974","0,0,0"
34.61666666666667,23,AV,0,0,0,44,632.5893922142865,0.6,-34.61666666666667,"0.2827621359223301,0.1656044905008635,0.1924900793650794,0.6,0.44,0.033223408669464424","0,0,0"
11.2,265,AV,1,0,0,31,6130.868263041086,0.1,-11.2,"0.13168039215686275,0.103606365159129,0.1367361111111111,0.1,0.31,0.3219913964865619","0,0,0"
15.7,12,AV,1,0,0,38,541.9839687696077,0.2,-15.7,"0.20278544061302686,0.13509803921568625,0.1643317610062893,0.2,0.38,0.028464838500850628","0,0,0"
33.833333333333336,196,AV,2,0,0,71,3427.0421228311798,0.5,-33.833333333333336,"0.5761079545454545,0.3030552631578947,0.32219771241830053,0.5,0.71,0.1799872435036349","0,0,0"
15.566666666666666,131,AV,0,0,0,24,2088.64210540395,0.6,-15.566666666666666,"0.07582307692307691,0.0827337164750958,0.11658823529411766,0.6,0.24,0.10969486856109009","0,0,0"
39.78333333333333,286,AV,0,0,0,48,9095.945853089892,0.1,-39.78333333333333,"0.34110833333333335,0.1927437106918239,0.21878030303030305,0.1,0.48,0.47771639871279653","0,0,0"
13.633333333333333,246,AV,0,0,0,24,5200.876525735832,0.6,-13.633333333333333,"0.07582307692307691,0.0827337164750958,0.11658823529411766,0.6,0.24,0.27314850419656395","0,0,0"
17.233333333333334,13,AV,1,0,0,42,566.7055292848979,0.1,-17.233333333333334,"0.2520931372549019,0.1557553366174056,0.18583111111111109,0.1,0.42,0.02976320758205103","0,0,0"
17.516666666666666,85,AV,1,0,0,43,1391.0507319816634,0.8,-17.516666666666666,"0.26029475308641975,0.1603688663282572,0.18848444444444445,0.8,0.43,0.07305757497262802","0,0,0"
21.683333333333334,34,AV,1,0,0,49,776.0711537761008,0.3,-21.683333333333334,"0.35546458333333325,0.1985052083333333,0.22514692982456136,0.3,0.49,0.04075902855125977","0,0,0"
33.4,61,AV,2,0,0,68,1038.299283744561,0.3,-33.4,"0.5515172413793104,0.29550850340136053,0.31418556701030936,0.3,0.68,0.054531172747475445","0,0,0"
27.816666666666666,56,AV,2,0,0,49,981.8973671489576,0.2,-27.816666666666666,"0.35546458333333325,0.1985052083333333,0.22514692982456136,0.2,0.49,0.05156896069039748","0,0,0"
20.666666666666668,110,AV,0,0,0,29,1614.9493849180149,0.4,-20.666666666666668,"0.12267117117117117,0.09717809523809524,0.13149645390070924,0.4,0.29,0.08481666631781955","0,0,0"
24.166666666666668,72,AV,1,0,0,55,1205.4292211271013,0.3,-24.166666666666668,"0.42891056910569103,0.23883253588516748,0.26286891385767797,0.3,0.55,0.06330878786227523","0,0,0"
34.583333333333336,224,AV,2,0,0,68,4416.224882412617,0.9,-34.583333333333336,"0.5515172413793104,0.29550850340136053,0.31418556701030936,0.9,0.68,0.23193883086005102","0,0,0"
10.3,84,AV,0,0,0,22,1386.7650627050614,0.4,-10.3,"0.06618794326241134,0.07969444444444444,0.11576388888888887,0.4,0.22,0.07283249288375467","0,0,0"
36.13333333333333,230,AV,2,0,0,87,4572.8741748457805,0.1,-36.13333333333333,"0.6361495726495728,0.3287379767827529,0.3517805280528053,0.1,0.87,0.24016600558720239","0,0,0"
31.833333333333332,270,AV,2,0,0,67,7128.986247371214,0.1,-31.833333333333332,"0.5442208835341367,0.291178391959799,0.30943027210884355,0.1,0.67,0.3744122592165977","0,0,0"
24.816666666666666,204,AV,2,0,0,49,3773.073658575576,0.1,-24.816666666666666,"0.35546458333333325,0.1985052083333333,0.22514692982456136,0.1,0.49,0.19816071790275053","0,0,0"
26.816666666666666,233,AV,1,0,0,59,4639.089550420253,0.1,-26.816666666666666,"0.48500701754385966,0.2617688442211056,0.2836511627906977,0.1,0.59,0.24364361762115117","0,0,0"
12.683333333333334,209,AV,1,0,0,33,3898.759045987068,0.1,-12.683333333333334,"0.15276582278481013,0.11178135313531355,0.1436077441077441,0.1,0.33,0.204761677452729","0,0,0"
11.066666666666666,79,AV,1,0,0,28,1293.252850487379,0.1,-11.066666666666666,"0.11124338624338623,0.09182815734989648,0.1269695340501792,0.1,0.28,0.0679212590244279","0,0,0"
26.283333333333335,202,AV,2,0,0,50,3630.005597296026,0.5,-26.283333333333335,"0.37369547325102886,0.20541131498470946,0.2380041152263374,0.5,0.5,0.1906468254380025","0,0,0"
55.56666666666667,63,AV,0,0,0,62,1068.5648373754009,0.4,-55.56666666666667,"0.5186857142857142,0.27698992248062015,0.29858070175438595,0.4,0.62,0.05612071071516929","0,0,0"
25.183333333333334,107,AV,2,0,0,50,1592.2311391495805,0.1,-25.183333333333334,"0.37369547325102886,0.20541131498470946,0.2380041152263374,0.1,0.5,0.08362351073742634","0,0,0"
41.43333333333333,198,AV,0,0,0,51,3480.90175047103,0.4,-41.43333333333333,"0.38552610441767066,0.21363571428571426,0.24302681992337166,0.4,0.51,0.18281593529310736","0,0,0"
24.45,65,AV,2,0,0,51,1089.3140785512585,0.2,-24.45,"0.38552610441767066,0.21363571428571426,0.24302681992337166,0.2,0.51,0.05721045475395848","0,0,0"
19.666666666666668,156,AV,1,0,0,45,2667.9339807116767,0.1,-19.666666666666668,"0.3064421768707483,0.17445274914089345,0.20041098484848482,0.1,0.45,0.140119107331331","0,0,0"
22.516666666666666,282,AV,0,0,0,32,8689.506535985933,0.1,-22.516666666666666,"0.13844238683127572,0.10541993464052288,0.1378438596491228,0.1,0.32,0.45637032541837","0,0,0"
19.816666666666666,288,AV,1,0,0,45,10213.823531357188,0.4,-19.816666666666666,"0.3064421768707483,0.17445274914089345,0.20041098484848482,0.4,0.45,0.5364270053158322","0,0,0"
22.666666666666668,235,AV,0,0,0,32,4705.31956239884,0.4,-22.666666666666668,"0.13844238683127572,0.10541993464052288,0.1378438596491228,0.4,0.32,0.24712199835473575","0,0,0"
14.383333333333333,114,AV,2,0,0,30,1659.6531244520008,0.1,-14.383333333333333,"0.12791840277777777,0.10057858376511225,0.13359157509157507,0.1,0.3,0.08716449355910817","0,0,0"
28.4,263,AV,2,0,0,56,6031.594525491932,0.2,-28.4,"0.4381204819277109,0.24237928348909663,0.2643433734939759,0.2,0.56,0.3167775690127944","0,0,0"
35.86666666666667,216,AV,2,0,0,80,4113.319853961603,0.1,-35.86666666666667,"0.6200225225225225,0.31967069243156204,0.34135185185185185,0.1,0.8,0.21603034792922307","0,0,0"
17.05,194,AV,0,0,0,27,3393.6426315430986,0.1,-17.05,"0.1064082687338501,0.09007006369426752,0.12261347517730496,0.1,0.27,0.17823311205269168","0,0,0"
28.366666666666667,205,AV,2,0,0,56,3773.692032315799,0.7,-28.366666666666667,"0.4381204819277109,0.24237928348909663,0.2643433734939759,0.7,0.56,0.19819319470956198","0,0,0"
24.65,153,AV,2,0,0,48,2619.168197182975,0.2,-24.65,"0.34110833333333335,0.1927437106918239,0.21878030303030305,0.2,0.48,0.13755794273514713","0,0,0"
31.333333333333332,231,AV,2,0,0,62,4609.601315671212,0.1,-31.333333333333332,"0.5186857142857142,0.27698992248062015,0.29858070175438595,0.1,0.62,0.2420949042123171","0,0,0"
32.9,15,AV,0,0,0,41,571.0932451196882,0.1,-32.9,"0.24191493055555555,0.15237745098039213,0.1844958333333333,0.1,0.41,0.029993649126121902","0,0,0"
29.083333333333332,117,AV,2,0,0,59,1794.439334206041,0.4,-29.083333333333332,"0.48500701754385966,0.2617688442211056,0.2836511627906977,0.4,0.59,0.09424342561959032","0,0,0"
8.383333333333333,46,AV,1,0,0,25,881.2906222289953,0.2,-8.383333333333333,"0.0795472972972973,0.08378052805280528,0.1168693693693694,0.2,0.25,0.04628512406190052","0,0,0"
24.0,102,AV,2,0,0,48,1564.4426034616197,0.3,-24.0,"0.34110833333333335,0.1927437106918239,0.21878030303030305,0.3,0.48,0.08216406502295508","0,0,0"
24.616666666666667,5,AV,1,0,0,57,465.3670128771111,0.7,-24.616666666666667,"0.4652717391304348,0.25170100502512566,0.273619850187266,0.7,0.57,0.0244409385304185","0,0,0"
18.483333333333334,49,AV,2,0,0,38,904.859336063587,0.5,-18.483333333333334,"0.20278544061302686,0.13509803921568625,0.1643317610062893,0.5,0.38,0.04752294597478371","0,0,0"
16.9,37,AV,1,0,0,42,832.4581618945489,0.6,-16.9,"0.2520931372549019,0.1557553366174056,0.18583111111111109,0.6,0.42,0.043720457619506006","0,0,0"
38.18333333333333,182,AV,0,0,0,46,3225.188153267811,0.1,-38.18333333333333,"0.31926268115942025,0.18038690476190478,0.20667934782608696,0.1,0.46,0.16938593244009792","0,0,0"
18.366666666666667,251,AV,1,0,0,44,5557.427333357366,0.1,-18.366666666666667,"0.2827621359223301,0.1656044905008635,0.1924900793650794,0.1,0.44,0.2918744476582037","0,0,0"
29.866666666666667,252,AV,2,0,0,60,5611.673516276995,0.9,-29.866666666666667,"0.49992916666666665,0.2678642857142857,0.2899407407407407,0.9,0.6,0.29472344121718336","0,0,0"
50.166666666666664,96,AV,0,0,0,57,1530.0661682302475,0.1,-50.166666666666664,"0.4652717391304348,0.25170100502512566,0.273619850187266,0.1,0.57,0.08035862476368438","0,0,0"
67.5,17,AV,0,0,0,100,586.8516376274475,0.1,-67.5,"0.6473713080168776,0.33445058626465657,0.36185457516339875,0.1,1.0,0.03082127526197365","0,0,0"
29.95,104,AV,2,0,0,62,1579.1767070066765,0.1,-29.95,"0.5186857142857142,0.27698992248062015,0.29858070175438595,0.1,0.62,0.08293789580399638","0,0,0"
20.633333333333333,294,AV,1,0,0,47,13430.196447392702,0.4,-20.633333333333333,"0.3291630036630038,0.1861011326860842,0.21186345381526106,0.4,0.47,0.7053499640913518","0,0,0"
12.316666666666666,1,AV,1,0,0,34,419.7646265090227,0.9,-12.316666666666666,"0.16888431372549018,0.11968174204355106,0.1491388888888889,0.9,0.34,0.022045914621929386","0,0,0"
53.71666666666667,169,AV,0,0,0,61,2927.9701715656583,0.8,-53.71666666666667,"0.505291111111111,0.27064084507042246,0.293518115942029,0.8,0.61,0.1537761315304756","0,0,0"
17.833333333333332,87,AV,2,0,0,39,1434.4967426379471,0.1,-17.833333333333332,"0.21439024390243902,0.14062794612794607,0.17065166666666662,0.1,0.39,0.07533934666348602","0,0,0"
19.333333333333332,213,AV,2,0,0,43,3971.0791127863904,0.9,-19.333333333333332,"0.26029475308641975,0.1603688663282572,0.18848444444444445,0.9,0.43,0.20855990607282407","0,0,0"
43.3,55,AV,0,0,0,51,979.573716991658,0.2,-43.3,"0.38552610441767066,0.21363571428571426,0.24302681992337166,0.2,0.51,0.051446923268128025","0,0,0"
10.583333333333334,225,AV,1,0,0,28,4459.768546990965,0.1,-10.583333333333334,"0.11124338624338623,0.09182815734989648,0.1269695340501792,0.1,0.28,0.23422573130615026","0,0,0"
17.716666666666665,40,AV,1,0,0,43,859.2772315809713,0.4,-17.716666666666665,"0.26029475308641975,0.1603688663282572,0.18848444444444445,0.4,0.43,0.045128987264949426","0,0,0"
10.316666666666666,157,AV,0,0,0,22,2675.3892374750885,0.4,-10.316666666666666,"0.06618794326241134,0.07969444444444444,0.11576388888888887,0.4,0.22,0.14051065522200876","0,0,0"
23.05,33,AV,1,0,0,53,763.1985099142711,0.1,-23.05,"0.409632911392405,0.22661658456486047,0.24943027210884355,0.1,0.53,0.04008296108484046","0,0,0"
16.033333333333335,206,AV,1,0,0,40,3824.993837156676,0.3,-16.033333333333335,"0.22885795454545452,0.14572053872053872,0.17540780141843976,0.3,0.4,0.20088755039855555","0,0,0"
28.666666666666668,75,AV,2,0,0,57,1249.5878531833848,0.3,-28.666666666666668,"0.4652717391304348,0.25170100502512566,0.273619850187266,0.3,0.57,0.06562798621929328","0,0,0"
14.066666666666666,226,AV,1,0,0,36,4504.939201911708,0.1,-14.066666666666666,"0.18280072463768116,0.12488628472222223,0.15425868055555556,0.1,0.36,0.2365980808061097","0,0,0"
14.416666666666666,18,AV,1,0,0,37,591.6693204447811,0.4,-14.416666666666666,"0.19319850187265916,0.12936168384879723,0.1593161512027491,0.4,0.37,0.0310742985454022","0,0,0"
48.6,269,AV,0,0,0,55,6709.13861087917,0.5,-48.6,"0.42891056910569103,0.23883253588516748,0.26286891385767797,0.5,0.55,0.352361984934795","0,0,0"
