travel_time,id,kind,action,origin,destination,start_time,income,urgency,reward,observation,cost_table
14.783333333333333,122,AV,2,0,0,33,1832.3133019091129,0.5,-14.783333333333333,"0.13915367965367964,0.11504519774011297,0.1442313432835821,0.5,0.33,0.0962325552547376","0,0,0"
29.066666666666666,247,AV,2,0,0,61,5304.212874057136,0.1,-29.066666666666666,"0.40359465020576124,0.28244336569579287,0.2920858843537415,0.1,0.61,0.2785756987922106","0,0,0"
25.083333333333332,58,AV,2,0,0,52,1020.7360413649084,0.4,-25.083333333333332,"0.3120681818181818,0.2317815789473684,0.24352150537634412,0.4,0.52,0.053608756427629224","0,0,0"
26.9,260,AV,1,0,0,56,5985.732437913218,0.4,-26.9,"0.352302380952381,0.25533037475345166,0.2665271867612293,0.4,0.56,0.31436890567316916","0,0,0"
23.75,160,AV,1,0,0,52,2756.9260540590044,0.4,-23.75,"0.3120681818181818,0.2317815789473684,0.24352150537634412,0.4,0.52,0.14479294482773922","0,0,0"
19.783333333333335,264,AV,1,0,0,45,6081.635477498837,0.2,-19.783333333333335,"0.24128654970760238,0.18496279761904763,0.20014141414141418,0.2,0.45,0.31940570508209365","0,0,0"
36.0,186,AV,1,0,0,78,3251.3322332141274,0.1,-36.0,"0.4894345991561181,0.3279217391304348,0.33625268817204296,0.1,0.78,0.17075901182308162","0,0,0"
5.183333333333334,142,AV,0,0,0,8,2361.523720441912,0.1,-5.183333333333334,"0.05282222222222221,0.07608333333333332,0.11399999999999999,0.1,0.08,0.12402653065718573","0,0,0"
35.03333333333333,141,AV,1,0,0,77,2360.1328348572283,0.1,-35.03333333333333,"0.48643518518518536,0.32644683908045985,0.3326189236111112,0.1,0.77,0.12395348175570059","0,0,0"
13.633333333333333,298,AV,1,0,0,35,17693.100214811147,0.2,-13.633333333333333,"0.15495539906103284,0.12573305670816046,0.149531862745098,0.2,0.35,0.9292364151236616","0,0,0"
10.3,98,AV,1,0,0,28,1538.317647081207,0.2,-10.3,"0.10287500000000001,0.09320645645645646,0.12317792792792791,0.2,0.28,0.08079199000402343","0,0,0"
21.383333333333333,147,AV,1,0,0,47,2456.6540037696086,0.1,-21.383333333333333,"0.2629784946236559,0.1971106128550075,0.2122543859649123,0.1,0.47,0.12902274513491346","0,0,0"
28.633333333333333,125,AV,1,0,0,58,2011.9739719035176,0.1,-28.633333333333333,"0.38743640350877195,0.2725391414141414,0.2810339147286822,0.1,0.58,0.10566828075775386","0,0,0"
24.983333333333334,99,AV,1,0,0,52,1541.4014724042315,0.6,-24.983333333333334,"0.3120681818181818,0.2317815789473684,0.24352150537634412,0.6,0.52,0.08095395160223084","0,0,0"
10.316666666666666,132,AV,1,0,0,29,2108.868816674547,0.5,-10.316666666666666,"0.1147887323943662,0.09848541666666667,0.12677777777777777,0.5,0.29,0.1107571694830674","0,0,0"
18.216666666666665,271,AV,1,0,0,43,7177.938863287724,0.4,-18.216666666666665,"0.23076612903225815,0.16937920489296637,0.18879833333333337,0.4,0.43,0.3769832361947931","0,0,0"
39.78333333333333,103,AV,0,0,0,56,1564.487892525026,0.1,-39.78333333333333,"0.352302380952381,0.25533037475345166,0.2665271867612293,0.1,0.56,0.08216644359123385","0,0,0"
22.716666666666665,20,AV,1,0,0,50,597.1498506777683,0.6,-22.716666666666665,"0.29430952380952385,0.21778794992175274,0.23569969969969967,0.6,0.5,0.03136213437998447","0,0,0"
10.666666666666666,32,AV,2,0,0,25,761.8437659652793,0.1,-10.666666666666666,"0.07526960784313726,0.08436314363143631,0.11810937500000002,0.1,0.25,0.04001181033142316","0,0,0"
15.283333333333333,4,AV,1,0,0,37,457.16351791608827,0.4,-15.283333333333333,"0.17204871794871793,0.13620544217687075,0.1575166666666667,0.4,0.37,0.02401009338985435","0,0,0"
19.1,151,AV,1,0,0,44,2574.4307659940623,0.1,-19.1,"0.23633072916666664,0.1761303317535545,0.1919031746031746,0.1,0.44,0.13520834601805928","0,0,0"
11.2,144,AV,2,0,0,23,2417.357356239525,0.3,-11.2,"0.0722669376693767,0.08189912280701753,0.11709722222222224,0.3,0.23,0.12695889677403294","0,0,0"
38.03333333333333,234,AV,0,0,0,55,4662.282088415262,0.1,-38.03333333333333,"0.34724657534246567,0.25204945054945055,0.26318800000000003,0.1,0.55,0.24486168288967095","0,0,0"
30.3,14,AV,1,0,0,60,567.550811201735,0.1,-30.3,"0.3989718875502008,0.2793522012578616,0.28916492146596856,0.1,0.6,0.0298076015395053","0,0,0"
30.783333333333335,22,AV,2,0,0,64,627.4062491148882,0.7,-30.783333333333335,"0.43015296803652975,0.2948363636363636,0.30548054145516074,0.7,0.64,0.03295119151959908","0,0,0"
13.533333333333333,57,AV,1,0,0,36,1005.9867386644172,0.7,-13.533333333333333,"0.16106038647343,0.13069008264462809,0.15447584541062803,0.7,0.36,0.052834127391418545","0,0,0"
48.35,124,AV,0,0,0,68,1927.298426803608,0.1,-48.35,"0.4580109289617487,0.30304027777777776,0.31471440536013406,0.1,0.68,0.10122114605428258","0,0,0"
6.933333333333334,162,AV,0,0,0,8,2780.081336731352,0.2,-6.933333333333334,"0.05282222222222221,0.07608333333333332,0.11399999999999999,0.2,0.08,0.14600905345767937","0,0,0"
16.716666666666665,42,AV,1,0,0,41,863.3540159882258,0.3,-16.716666666666665,"0.21689523809523806,0.161084388185654,0.1856255707762557,0.3,0.41,0.0453430987819722","0,0,0"
35.63333333333333,50,AV,2,0,0,86,914.1934345695068,0.2,-35.63333333333333,"0.5134658634538151,0.3375878787878787,0.34851336898395724,0.2,0.86,0.048013170080720285","0,0,0"
25.416666666666668,91,AV,1,0,0,54,1474.807688008607,0.9,-25.416666666666668,"0.3365355555555555,0.24725906735751288,0.2594270833333333,0.9,0.54,0.07745646564838392","0,0,0"
34.733333333333334,137,AV,1,0,0,76,2239.194506681481,0.4,-34.733333333333334,"0.47910846560846565,0.3229138888888889,0.3288705583756346,0.4,0.76,0.11760183635943447","0,0,0"
36.55,217,AV,1,0,0,87,4164.701887555128,0.4,-36.55,"0.5178859649122808,0.3406483180428135,0.35179316239316244,0.4,0.87,0.21872891720868953","0,0,0"
12.7,279,AV,2,0,0,25,8333.728817076937,0.2,-12.7,"0.07526960784313726,0.08436314363143631,0.11810937500000002,0.2,0.25,0.4376849843483456","0,0,0"
29.816666666666666,277,AV,1,0,0,59,7958.958807233507,0.5,-29.816666666666666,"0.3923177777777777,0.2748374316939891,0.2844007285974499,0.5,0.59,0.4180021737490339","0,0,0"
28.633333333333333,207,AV,2,0,0,58,3849.958431883558,0.3,-28.633333333333333,"0.38743640350877195,0.2725391414141414,0.2810339147286822,0.3,0.58,0.20219868356500897","0,0,0"
15.333333333333334,120,AV,1,0,0,38,1823.811293294481,0.1,-15.333333333333334,"0.1824577464788732,0.14203433476394847,0.1635811403508772,0.1,0.38,0.09578603226495669","0,0,0"
35.083333333333336,200,AV,1,0,0,79,3520.054626539052,0.6,-35.083333333333336,"0.49511666666666665,0.32888934426229505,0.3393426966292135,0.6,0.79,0.18487223281912113","0,0,0"
19.0,203,AV,2,0,0,42,3667.3634505223554,0.2,-19.0,"0.22569487179487183,0.16467596566523604,0.18675813008130077,0.2,0.42,0.19260884889275526","0,0,0"
10.783333333333333,291,AV,1,0,0,29,11861.36896338871,0.4,-10.783333333333333,"0.1147887323943662,0.09848541666666667,0.12677777777777777,0.4,0.29,0.622955606433049","0,0,0"
21.383333333333333,77,AV,1,0,0,47,1265.4739572733297,0.2,-21.383333333333333,"0.2629784946236559,0.1971106128550075,0.2122543859649123,0.2,0.47,0.0664623197298481","0,0,0"
33.4,44,AV,1,0,0,71,870.7377108213431,0.2,-33.4,"0.46411212121212125,0.3118128415300546,0.3220952380952381,0.2,0.71,0.045730888261135916","0,0,0"
36.5,71,AV,1,0,0,87,1167.011530479414,0.8,-36.5,"0.5178859649122808,0.3406483180428135,0.35179316239316244,0.8,0.87,0.061291102058127545","0,0,0"
20.2,267,AV,1,0,0,46,6254.49597505133,0.1,-20.2,"0.25201111111111113,0.1913665191740413,0.20632092198581561,0.1,0.46,0.3284842875301661","0,0,0"
6.866666666666666,129,AV,0,0,0,15,2044.1603053436156,0.2,-6.866666666666666,"0.05493162393162393,0.075625,0.11438333333333332,0.2,0.15,0.10735869751562734","0,0,0"
24.333333333333332,135,AV,2,0,0,53,2147.781038516846,0.3,-24.333333333333332,"0.32678431372549027,0.2402657894736842,0.24830874316939888,0.3,0.53,0.1128008279199854","0,0,0"
28.85,128,AV,1,0,0,59,2035.9911412414244,0.4,-28.85,"0.3923177777777777,0.2748374316939891,0.2844007285974499,0.4,0.59,0.10692965542166336","0,0,0"
16.866666666666667,228,AV,1,0,0,41,4549.070920567666,0.1,-16.866666666666667,"0.21689523809523806,0.161084388185654,0.1856255707762557,0.1,0.41,0.2389158656792649","0,0,0"
11.916666666666666,78,AV,1,0,0,33,1282.6858023855964,0.1,-11.916666666666666,"0.13915367965367964,0.11504519774011297,0.1442313432835821,0.1,0.33,0.06736628076864885","0,0,0"
44.9,116,AV,0,0,0,61,1703.2333497257905,0.8,-44.9,"0.40359465020576124,0.28244336569579287,0.2920858843537415,0.8,0.61,0.08945331416217002","0,0,0"
13.683333333333334,249,AV,1,0,0,36,5386.149373461946,0.2,-13.683333333333334,"0.16106038647343,0.13069008264462809,0.15447584541062803,0.2,0.36,0.28287897962204345","0,0,0"
35.18333333333333,45,AV,1,0,0,80,873.8892656114449,0.3,-35.18333333333333,"0.49813414634146336,0.32978531073446327,0.3407027777777778,0.3,0.8,0.045896406991017324","0,0,0"
36.53333333333333,112,AV,1,0,0,85,1635.9686818612918,0.3,-36.53333333333333,"0.510719512195122,0.334054131054131,0.34473756906077346,0.3,0.85,0.08592059360601972","0,0,0"
13.5,47,AV,0,0,0,33,892.1845339920479,0.5,-13.5,"0.13915367965367964,0.11504519774011297,0.1442313432835821,0.5,0.33,0.046857269100953565","0,0,0"
19.433333333333334,208,AV,2,0,0,43,3863.855435177377,0.2,-19.433333333333334,"0.23076612903225815,0.16937920489296637,0.18879833333333337,0.2,0.43,0.2029285500872649","0,0,0"
24.183333333333334,262,AV,1,0,0,52,6020.57275324985,0.6,-24.183333333333334,"0.3120681818181818,0.2317815789473684,0.24352150537634412,0.6,0.52,0.3161987087790199","0,0,0"
11.25,190,AV,1,0,0,30,3323.1633986738134,0.3,-11.25,"0.12096666666666665,0.10225871687587171,0.12935101010101013,0.3,0.3,0.17453156348873247","0,0,0"
34.1,101,AV,1,0,0,76,1552.9853059451273,0.3,-34.1,"0.47910846560846565,0.3229138888888889,0.3288705583756346,0.3,0.76,0.08156233112997016","0,0,0"
12.95,89,AV,1,0,0,35,1447.5744631551047,0.2,-12.95,"0.15495539906103284,0.12573305670816046,0.149531862745098,0.2,0.35,0.07602618469547658","0,0,0"
55.233333333333334,179,AV,0,0,0,80,3065.2253709468137,0.1,-55.233333333333334,"0.49813414634146336,0.32978531073446327,0.3407027777777778,0.1,0.8,0.16098473419939963","0,0,0"
30.933333333333334,243,AV,0,0,0,50,5009.92015912814,0.3,-30.933333333333334,"0.29430952380952385,0.21778794992175274,0.23569969969969967,0.3,0.5,0.2631195320324301","0,0,0"
31.55,240,AV,1,0,0,65,4967.653125719208,0.1,-31.55,"0.44315258215962444,0.29793977591036414,0.3106622807017544,0.1,0.65,0.26089967987955814","0,0,0"
24.983333333333334,268,AV,1,0,0,53,6563.608435155774,0.3,-24.983333333333334,"0.32678431372549027,0.2402657894736842,0.24830874316939888,0.3,0.53,0.34471878294420655","0,0,0"
49.93333333333333,297,AV,0,0,0,68,15387.119225735782,0.1,-49.93333333333333,"0.4580109289617487,0.30304027777777776,0.31471440536013406,0.1,0.68,0.8081269723682344","0,0,0"
15.2,59,AV,0,0,0,36,1022.032321197676,0.3,-15.2,"0.16106038647343,0.13069008264462809,0.15447584541062803,0.3,0.36,0.053676836662871985","0,0,0"
25.616666666666667,145,AV,1,0,0,54,2421.0391237858234,0.9,-25.616666666666667,"0.3365355555555555,0.24725906735751288,0.2594270833333333,0.9,0.54,0.12715226212179587","0,0,0"
38.05,215,AV,1,0,0,87,4090.160813256426,0.4,-38.05,"0.5178859649122808,0.3406483180428135,0.35179316239316244,0.4,0.87,0.21481404192850495","0,0,0"
21.35,118,AV,1,0,0,46,1799.695682844959,0.4,-21.35,"0.25201111111111113,0.1913665191740413,0.20632092198581561,0.4,0.46,0.09451948750284238","0,0,0"
22.116666666666667,193,AV,0,0,0,42,3387.2787239910285,0.2,-22.116666666666667,"0.22569487179487183,0.16467596566523604,0.18675813008130077,0.2,0.42,0.17789888150134298","0,0,0"
18.35,28,AV,1,0,0,43,679.8949342204361,0.6,-18.35,"0.23076612903225815,0.16937920489296637,0.18879833333333337,0.6,0.43,0.03570788181072196","0,0,0"
31.75,159,AV,1,0,0,67,2744.8905386527767,0.2,-31.75,"0.4494772727272727,0.29925409836065575,0.31136197916666675,0.2,0.67,0.14416084310139018","0,0,0"
44.95,293,AV,0,0,0,61,13351.937436366714,0.2,-44.95,"0.40359465020576124,0.28244336569579287,0.2920858843537415,0.2,0.61,0.7012398238686656","0,0,0"
17.133333333333333,105,AV,0,0,0,37,1587.6148581174584,0.3,-17.133333333333333,"0.17204871794871793,0.13620544217687075,0.1575166666666667,0.3,0.37,0.08338106501647227","0,0,0"
35.95,24,AV,1,0,0,82,646.5589615252754,0.3,-35.95,"0.5068881856540084,0.332031339031339,0.34308605072463777,0.3,0.82,0.03395708633758153","0,0,0"
18.8,187,AV,1,0,0,44,3257.969850357721,0.1,-18.8,"0.23633072916666664,0.1761303317535545,0.1919031746031746,0.1,0.44,0.17110761752160772","0,0,0"
36.45,26,AV,0,0,0,52,670.158540600369,0.2,-36.45,"0.3120681818181818,0.2317815789473684,0.24352150537634412,0.2,0.52,0.03519652928381035","0,0,0"
11.45,154,AV,2,0,0,20,2645.062412614309,0.2,-11.45,"0.06351851851851852,0.07921153846153846,0.11450000000000005,0.2,0.2,0.13891789930735432","0,0,0"
26.116666666666667,197,AV,1,0,0,54,3438.9188747307694,0.4,-26.116666666666667,"0.3365355555555555,0.24725906735751288,0.2594270833333333,0.4,0.54,0.18061100701734908","0,0,0"
17.566666666666666,199,AV,2,0,0,40,3508.846318545673,0.2,-17.566666666666666,"0.20496948356807515,0.15406584362139916,0.1753409090909091,0.2,0.4,0.18428357578259733","0,0,0"
11.716666666666667,172,AV,1,0,0,32,2965.4163440895786,0.2,-11.716666666666667,"0.12956493506493508,0.10767721518987346,0.1358888888888889,0.2,0.32,0.15574279348874007","0,0,0"
39.733333333333334,284,AV,0,0,0,55,8987.822610831106,0.4,-39.733333333333334,"0.34724657534246567,0.25204945054945055,0.26318800000000003,0.4,0.55,0.472037797856628","0,0,0"
18.9,239,AV,0,0,0,38,4934.883137056144,0.6,-18.9,"0.1824577464788732,0.14203433476394847,0.1635811403508772,0.6,0.38,0.2591786097211798","0,0,0"
32.5,166,AV,1,0,0,67,2857.6088215719105,0.1,-32.5,"0.4494772727272727,0.29925409836065575,0.31136197916666675,0.1,0.67,0.1500807741404395","0,0,0"
53.31666666666667,97,AV,0,0,0,76,1530.6528609905624,0.2,-53.31666666666667,"0.47910846560846565,0.3229138888888889,0.3288705583756346,0.2,0.76,0.08038943769475668","0,0,0"
7.5,290,AV,1,0,0,20,11515.391842589095,0.2,-7.5,"0.06351851851851852,0.07921153846153846,0.11450000000000005,0.2,0.2,0.6047849898908156","0,0,0"
37.4,275,AV,2,0,0,86,7864.29237148983,0.4,-37.4,"0.5134658634538151,0.3375878787878787,0.34851336898395724,0.4,0.86,0.41303032040988025","0,0,0"
25.633333333333333,2,AV,0,0,0,47,437.8567856598078,0.1,-25.633333333333333,"0.2629784946236559,0.1971106128550075,0.2122543859649123,0.1,0.47,0.022996109494903022","0,0,0"
20.416666666666668,25,AV,1,0,0,46,649.7132696839626,0.1,-20.416666666666668,"0.25201111111111113,0.1913665191740413,0.20632092198581561,0.1,0.46,0.034122749673570554","0,0,0"
22.25,108,AV,0,0,0,44,1592.6375082496468,0.1,-22.25,"0.23633072916666664,0.1761303317535545,0.1919031746031746,0.1,0.44,0.08364485312294262","0,0,0"
25.733333333333334,73,AV,0,0,0,47,1239.4416864014672,0.4,-25.733333333333334,"0.2629784946236559,0.1971106128550075,0.2122543859649123,0.4,0.47,0.06509511252654251","0,0,0"
9.816666666666666,241,AV,1,0,0,26,4968.170350229253,0.4,-9.816666666666666,"0.09238333333333333,0.08887478411053543,0.11895670995670996,0.4,0.26,0.260926844358575","0,0,0"
8.716666666666667,222,AV,0,0,0,25,4376.119511966378,0.4,-8.716666666666667,"0.07526960784313726,0.08436314363143631,0.11810937500000002,0.4,0.25,0.22983250860967044","0,0,0"
32.833333333333336,29,AV,1,0,0,67,742.4887258523852,0.2,-32.833333333333336,"0.4494772727272727,0.29925409836065575,0.31136197916666675,0.2,0.67,0.03899528932206243","0,0,0"
36.36666666666667,255,AV,0,0,0,53,5825.994272151124,0.5,-36.36666666666667,"0.32678431372549027,0.2402657894736842,0.24830874316939888,0.5,0.53,0.3059795042280261","0,0,0"
22.283333333333335,109,AV,1,0,0,49,1596.1763216794554,0.1,-22.283333333333335,"0.2800601092896175,0.20996183800623056,0.22576190476190475,0.1,0.49,0.0838307105625876","0,0,0"
50.2,184,AV,0,0,0,70,3236.647802754315,0.7,-50.2,"0.4627884615384616,0.308926997245179,0.31954267310789053,0.7,0.7,0.16998778985785554","0,0,0"
16.266666666666666,272,AV,1,0,0,39,7572.106998522375,0.1,-16.266666666666666,"0.1936542288557214,0.14853030303030304,0.16868779342723003,0.1,0.39,0.3976848306296006","0,0,0"
15.733333333333333,287,AV,1,0,0,39,9280.176126726552,0.2,-15.733333333333333,"0.1936542288557214,0.14853030303030304,0.16868779342723003,0.2,0.39,0.48739211845399105","0,0,0"
31.2,258,AV,1,0,0,63,5911.733280178027,0.1,-31.2,"0.4215355555555555,0.29100146198830407,0.3022923211169284,0.1,0.63,0.3104824916913811","0,0,0"
10.8,119,AV,1,0,0,31,1822.2981036688468,0.4,-10.8,"0.12744594594594594,0.10530543933054393,0.13459950248756222,0.4,0.31,0.09570655999124235","0,0,0"
32.2,100,AV,2,0,0,64,1546.5147326922538,0.3,-32.2,"0.43015296803652975,0.2948363636363636,0.30548054145516074,0.3,0.64,0.08122249852741349","0,0,0"
32.516666666666666,52,AV,1,0,0,67,959.5289757906356,0.1,-32.516666666666666,"0.4494772727272727,0.29925409836065575,0.31136197916666675,0.1,0.67,0.05039417936063988","0,0,0"
27.666666666666668,80,AV,0,0,0,49,1294.2551843223837,0.2,-27.666666666666668,"0.2800601092896175,0.20996183800623056,0.22576190476190475,0.2,0.49,0.06797390130239438","0,0,0"
34.983333333333334,140,AV,1,0,0,78,2347.541384251396,0.9,-34.983333333333334,"0.4894345991561181,0.3279217391304348,0.33625268817204296,0.9,0.78,0.12329218247631395","0,0,0"
31.066666666666666,253,AV,1,0,0,62,5670.319740923212,0.4,-31.066666666666666,"0.41546794871794873,0.28665555555555555,0.29725972927241967,0.4,0.62,0.29780352367244284","0,0,0"
18.716666666666665,283,AV,1,0,0,43,8975.220492497892,0.2,-18.716666666666665,"0.23076612903225815,0.16937920489296637,0.18879833333333337,0.2,0.43,0.47137593831133945","0,0,0"
12.333333333333334,127,AV,1,0,0,33,2030.86588445069,0.5,-12.333333333333334,"0.13915367965367964,0.11504519774011297,0.1442313432835821,0.5,0.33,0.10666047844368956","0,0,0"
57.233333333333334,149,AV,0,0,0,87,2472.005569054355,0.1,-57.233333333333334,"0.5178859649122808,0.3406483180428135,0.35179316239316244,0.1,0.87,0.12982900482476664","0,0,0"
31.733333333333334,41,AV,1,0,0,63,861.805442805673,0.1,-31.733333333333334,"0.4215355555555555,0.29100146198830407,0.3022923211169284,0.1,0.63,0.04526176817426404","0,0,0"
8.5,130,AV,0,0,0,18,2052.607856914241,0.6,-8.5,"0.058592896174863386,0.07694444444444444,0.11506140350877195,0.6,0.18,0.10780236043748707","0,0,0"
33.88333333333333,285,AV,1,0,0,72,9030.678864893336,0.1,-33.88333333333333,"0.474110119047619,0.31952380952380954,0.3268243902439024,0.1,0.72,0.47428859570476767","0,0,0"
9.3,178,AV,1,0,0,25,3046.5766145774583,0.1,-9.3,"0.07526960784313726,0.08436314363143631,0.11810937500000002,0.1,0.25,0.16000530700434717","0,0,0"
26.783333333333335,227,AV,1,0,0,56,4547.885280126284,0.2,-26.783333333333335,"0.352302380952381,0.25533037475345166,0.2665271867612293,0.2,0.56,0.2388535961922898","0,0,0"
27.033333333333335,237,AV,1,0,0,56,4843.3187157075145,0.8,-27.033333333333335,"0.352302380952381,0.25533037475345166,0.2665271867612293,0.8,0.56,0.2543696732649421","0,0,0"
27.083333333333332,280,AV,1,0,0,56,8348.421721831439,0.1,-27.083333333333332,"0.352302380952381,0.25533037475345166,0.2665271867612293,0.1,0.56,0.43845665138103423","0,0,0"
12.7,106,AV,1,0,0,33,1588.8002265047048,0.3,-12.7,"0.13915367965367964,0.11504519774011297,0.1442313432835821,0.3,0.33,0.08344332021524425","0,0,0"
25.9,181,AV,2,0,0,54,3169.820795106812,0.4,-25.9,"0.3365355555555555,0.24725906735751288,0.2594270833333333,0.4,0.54,0.16647805508747177","0,0,0"
33.4,218,AV,1,0,0,68,4196.147454418583,0.2,-33.4,"0.4580109289617487,0.30304027777777776,0.31471440536013406,0.2,0.68,0.22038042912401049","0,0,0"
17.45,121,AV,1,0,0,42,1830.3424648913517,0.2,-17.45,"0.22569487179487183,0.16467596566523604,0.18675813008130077,0.2,0.42,0.0961290474747023","0,0,0"
27.616666666666667,192,AV,0,0,0,48,3362.377553451843,0.1,-27.616666666666667,"0.2729646464646464,0.2043417431192661,0.21849479166666666,0.1,0.48,0.17659107935455778","0,0,0"
9.716666666666667,133,AV,1,0,0,25,2123.4400354784907,0.1,-9.716666666666667,"0.07526960784313726,0.08436314363143631,0.11810937500000002,0.1,0.25,0.11152244560545237","0,0,0"
20.383333333333333,82,AV,1,0,0,45,1348.5865378412918,0.1,-20.383333333333333,"0.24128654970760238,0.18496279761904763,0.20014141414141418,0.1,0.45,0.07082736799617727","0,0,0"
24.866666666666667,171,AV,1,0,0,53,2964.6777926145683,0.6,-24.866666666666667,"0.32678431372549027,0.2402657894736842,0.24830874316939888,0.6,0.53,0.15570400498267326","0,0,0"
29.033333333333335,221,AV,1,0,0,57,4343.557359248321,0.7,-29.033333333333335,"0.37723076923076926,0.26630573951434877,0.2751636178861789,0.7,0.57,0.22812235393394506","0,0,0"
29.05,92,AV,0,0,0,50,1475.2077210572677,0.1,-29.05,"0.29430952380952385,0.21778794992175274,0.23569969969969967,0.1,0.5,0.07747747526634545","0,0,0"
32.916666666666664,31,AV,1,0,0,68,743.7818724069466,0.2,-32.916666666666664,"0.4580109289617487,0.30304027777777776,0.31471440536013406,0.2,0.68,0.039063204998456114","0,0,0"
24.216666666666665,161,AV,1,0,0,52,2761.3662775036096,0.1,-24.216666666666665,"0.3120681818181818,0.2317815789473684,0.24352150537634412,0.1,0.52,0.14502614405602138","0,0,0"
20.65,164,AV,1,0,0,46,2835.850686157305,0.4,-20.65,"0.25201111111111113,0.1913665191740413,0.20632092198581561,0.4,0.46,0.14893804327321036","0,0,0"
10.366666666666667,8,AV,0,0,0,27,497.26542980048754,0.4,-10.366666666666667,"0.09732653061224489,0.0910904761904762,0.11997453703703705,0.4,0.27,0.026116233997585142","0,0,0"
15.416666666666666,167,AV,1,0,0,39,2891.134206742707,0.6,-15.416666666666666,"0.1936542288557214,0.14853030303030304,0.16868779342723003,0.6,0.39,0.1518415175010447","0,0,0"
13.133333333333333,180,AV,1,0,0,35,3119.7161673652217,0.5,-13.133333333333333,"0.15495539906103284,0.12573305670816046,0.149531862745098,0.5,0.35,0.1638465747873305","0,0,0"
16.366666666666667,261,AV,1,0,0,40,6007.794801579103,0.4,-16.366666666666667,"0.20496948356807515,0.15406584362139916,0.1753409090909091,0.4,0.4,0.31552761451860256","0,0,0"
34.68333333333333,176,AV,0,0,0,51,3031.4508351358254,0.1,-34.68333333333333,"0.3063025641025641,0.22697368421052627,0.2401506666666666,0.1,0.51,0.15921090552051181","0,0,0"
41.38333333333333,74,AV,0,0,0,56,1240.6560786390864,0.8,-41.38333333333333,"0.352302380952381,0.25533037475345166,0.2665271867612293,0.8,0.56,0.06515889204939258","0,0,0"
30.95,256,AV,2,0,0,64,5844.130995646287,0.4,-30.95,"0.43015296803652975,0.2948363636363636,0.30548054145516074,0.4,0.64,0.30693203960724846","0,0,0"
14.516666666666667,170,AV,1,0,0,37,2942.323800284961,0.1,-14.516666666666667,"0.17204871794871793,0.13620544217687075,0.1575166666666667,0.1,0.37,0.15452997988566525","0,0,0"
33.9,183,AV,1,0,0,71,3227.056348793521,0.8,-33.9,"0.46411212121212125,0.3118128415300546,0.3220952380952381,0.8,0.71,0.1694840495191844","0,0,0"
22.666666666666668,250,AV,1,0,0,50,5480.041794665195,0.2,-22.666666666666668,"0.29430952380952385,0.21778794992175274,0.23569969969969967,0.2,0.5,0.2878101819453735","0,0,0"
19.5,62,AV,1,0,0,44,1046.6558973464134,0.6,-19.5,"0.23633072916666664,0.1761303317535545,0.1919031746031746,0.6,0.44,0.054970059633983805","0,0,0"
19.866666666666667,281,AV,1,0,0,45,8436.938288223368,0.5,-19.866666666666667,"0.24128654970760238,0.18496279761904763,0.20014141414141418,0.5,0.45,0.4431055153921156","0,0,0"
24.05,266,AV,0,0,0,46,6248.181898567973,0.6,-24.05,"0.25201111111111113,0.1913665191740413,0.20632092198581561,0.6,0.46,0.3281526740918779","0,0,0"
8.85,69,AV,1,0,0,21,1141.5133047894662,0.3,-8.85,"0.06643298969072166,0.07863247863247862,0.11422380952380955,0.3,0.21,0.059951942750574055","0,0,0"
26.25,70,AV,1,0,0,54,1150.2916000513435,0.1,-26.25,"0.3365355555555555,0.24725906735751288,0.2594270833333333,0.1,0.54,0.0604129762337403","0,0,0"
30.15,35,AV,1,0,0,61,777.0630287344238,0.3,-30.15,"0.40359465020576124,0.28244336569579287,0.2920858843537415,0.3,0.61,0.04081112153210161","0,0,0"
31.533333333333335,220,AV,1,0,0,63,4304.4895651906745,0.2,-31.533333333333335,"0.4215355555555555,0.29100146198830407,0.3022923211169284,0.2,0.63,0.22607052489007143","0,0,0"
31.65,134,AV,1,0,0,66,2131.3254046090938,0.1,-31.65,"0.44569323671497585,0.29828851540616247,0.310595486111111,0.1,0.66,0.11193658287104669","0,0,0"
14.666666666666666,7,AV,1,0,0,37,491.8679742725259,0.2,-14.666666666666666,"0.17204871794871793,0.13620544217687075,0.1575166666666667,0.2,0.37,0.025832761222056865","0,0,0"
15.4,94,AV,1,0,0,38,1496.328062426438,0.2,-15.4,"0.1824577464788732,0.14203433476394847,0.1635811403508772,0.2,0.38,0.07858670937805001","0,0,0"
25.366666666666667,254,AV,1,0,0,53,5721.231751015957,0.1,-25.366666666666667,"0.32678431372549027,0.2402657894736842,0.24830874316939888,0.1,0.53,0.30047740745600493","0,0,0"
41.55,19,AV,0,0,0,56,595.9176043698985,0.9,-41.55,"0.352302380952381,0.25533037475345166,0.2665271867612293,0.9,0.56,0.03129741716662037","0,0,0"
34.46666666666667,276,AV,1,0,0,72,7897.119961473183,0.1,-34.46666666666667,"0.474110119047619,0.31952380952380954,0.3268243902439024,0.1,0.72,0.4147544157726446","0,0,0"
16.9,67,AV,0,0,0,36,1122.7546975855585,0.8,-16.9,"0.16106038647343,0.13069008264462809,0.15447584541062803,0.8,0.36,0.05896674622202671","0,0,0"
30.383333333333333,295,AV,1,0,0,62,13460.811009378149,0.7,-30.383333333333333,"0.41546794871794873,0.28665555555555555,0.29725972927241967,0.7,0.62,0.7069578318750951","0,0,0"
27.533333333333335,152,AV,1,0,0,57,2612.3907844155665,0.6,-27.533333333333335,"0.37723076923076926,0.26630573951434877,0.2751636178861789,0.6,0.57,0.13720199501160868","0,0,0"
37.31666666666667,9,AV,1,0,0,85,506.5869000089976,0.5,-37.31666666666667,"0.510719512195122,0.334054131054131,0.34473756906077346,0.5,0.85,0.02660579486905904","0,0,0"
16.566666666666666,219,AV,1,0,0,40,4227.85786318916,0.3,-16.566666666666666,"0.20496948356807515,0.15406584362139916,0.1753409090909091,0.3,0.4,0.22204585045833433","0,0,0"
14.366666666666667,30,AV,1,0,0,36,743.7553910389753,0.3,-14.366666666666667,"0.16106038647343,0.13069008264462809,0.15447584541062803,0.3,0.36,0.03906181420480535","0,0,0"
28.833333333333332,292,AV,1,0,0,58,12197.400506638176,0.8,-28.833333333333332,"0.38743640350877195,0.2725391414141414,0.2810339147286822,0.8,0.58,0.6406038841699384","0,0,0"
20.266666666666666,163,AV,2,0,0,45,2797.307504072895,0.5,-20.266666666666666,"0.24128654970760238,0.18496279761904763,0.20014141414141418,0.5,0.45,0.1469137666957458","0,0,0"
11.9,296,AV,1,0,0,32,14312.770160915026,0.1,-11.9,"0.12956493506493508,0.10767721518987346,0.1358888888888889,0.1,0.32,0.7517024757302859","0,0,0"
9.25,39,AV,1,0,0,23,857.6590975250949,0.2,-9.25,"0.0722669376693767,0.08189912280701753,0.11709722222222224,0.2,0.23,0.04504400334065031","0,0,0"
8.55,185,AV,0,0,0,16,3245.380745418587,0.1,-8.55,"0.056929487179487176,0.07662820512820512,0.11445454545454543,0.1,0.16,0.1704464414359456","0,0,0"
14.583333333333334,38,AV,2,0,0,33,837.3801312568858,0.6,-14.583333333333334,"0.13915367965367964,0.11504519774011297,0.1442313432835821,0.6,0.33,0.04397895800158024","0,0,0"
8.783333333333333,150,AV,1,0,0,18,2533.2754137277425,0.4,-8.783333333333333,"0.058592896174863386,0.07694444444444444,0.11506140350877195,0.4,0.18,0.13304687903156176","0,0,0"
17.866666666666667,53,AV,1,0,0,40,969.457736312404,0.1,-17.866666666666667,"0.20496948356807515,0.15406584362139916,0.1753409090909091,0.1,0.4,0.050915634940603534","0,0,0"
11.416666666666666,177,AV,1,0,0,30,3032.1279287666234,0.2,-11.416666666666666,"0.12096666666666665,0.10225871687587171,0.12935101010101013,0.2,0.3,0.15924646627869138","0,0,0"
12.75,43,AV,1,0,0,33,863.5619359671642,0.4,-12.75,"0.13915367965367964,0.11504519774011297,0.1442313432835821,0.4,0.33,0.04535401867806252","0,0,0"
46.583333333333336,11,AV,0,0,0,64,539.5213747330826,0.4,-46.583333333333336,"0.43015296803652975,0.2948363636363636,0.30548054145516074,0.4,0.64,0.028335503786943907","0,0,0"
29.416666666666668,76,AV,1,0,0,58,1261.43865123121,0.8,-29.416666666666668,"0.38743640350877195,0.2725391414141414,0.2810339147286822,0.8,0.58,0.06625038664435261","0,0,0"
27.983333333333334,54,AV,1,0,0,57,978.4447105201264,0.2,-27.983333333333334,"0.37723076923076926,0.26630573951434877,0.2751636178861789,0.2,0.57,0.051387628180578626","0,0,0"
53.43333333333333,242,AV,0,0,0,77,5004.1281918097375,0.6,-53.43333333333333,"0.48643518518518536,0.32644683908045985,0.3326189236111112,0.6,0.77,0.2628153396137967","0,0,0"
29.216666666666665,143,AV,1,0,0,59,2398.572127464108,0.8,-29.216666666666665,"0.3923177777777777,0.2748374316939891,0.2844007285974499,0.8,0.59,0.12597230208838628","0,0,0"
21.783333333333335,123,AV,2,0,0,45,1848.7234685638712,0.7,-21.783333333333335,"0.24128654970760238,0.18496279761904763,0.20014141414141418,0.7,0.45,0.09709441237693286","0,0,0"
13.933333333333334,148,AV,1,0,0,36,2458.2611968747465,0.4,-13.933333333333334,"0.16106038647343,0.13069008264462809,0.15447584541062803,0.4,0.36,0.12910715444370038","0,0,0"
17.266666666666666,229,AV,1,0,0,40,4549.115907877681,0.1,-17.266666666666666,"0.20496948356807515,0.15406584362139916,0.1753409090909091,0.1,0.4,0.2389182283995444","0,0,0"
37.95,273,AV,0,0,0,54,7612.519032757181,0.6,-37.95,"0.3365355555555555,0.24725906735751288,0.2594270833333333,0.6,0.54,0.39980725877188683","0,0,0"
33.65,158,AV,1,0,0,71,2744.255474143275,0.6,-33.65,"0.46411212121212125,0.3118128415300546,0.3220952380952381,0.6,0.71,0.14412748970028938","0,0,0"
20.683333333333334,90,AV,0,0,0,39,1454.957177165027,0.6,-20.683333333333334,"0.1936542288557214,0.14853030303030304,0.16868779342723003,0.6,0.39,0.0764139226620948","0,0,0"
21.65,232,AV,1,0,0,48,4635.813442599864,0.2,-21.65,"0.2729646464646464,0.2043417431192661,0.21849479166666666,0.2,0.48,0.24347155740278267","0,0,0"
22.566666666666666,138,AV,1,0,0,49,2239.257430619588,0.1,-22.566666666666666,"0.2800601092896175,0.20996183800623056,0.22576190476190475,0.1,0.49,0.1176051411061415","0,0,0"
34.9,111,AV,2,0,0,77,1626.914224999384,0.3,-34.9,"0.48643518518518536,0.32644683908045985,0.3326189236111112,0.3,0.77,0.08544505619691108","0,0,0"
27.5,95,AV,1,0,0,56,1507.5005543882637,0.7,-27.5,"0.352302380952381,0.25533037475345166,0.2665271867612293,0.7,0.56,0.07917348536713947","0,0,0"
10.783333333333333,93,AV,1,0,0,28,1485.5718097438446,0.2,-10.783333333333333,"0.10287500000000001,0.09320645645645646,0.12317792792792791,0.2,0.28,0.07802179415338123","0,0,0"
12.85,257,AV,2,0,0,25,5862.8833826120845,0.1,-12.85,"0.07526960784313726,0.08436314363143631,0.11810937500000002,0.1,0.25,0.30791690945072125","0,0,0"
11.3,88,AV,1,0,0,32,1446.9812594843625,0.3,-11.3,"0.12956493506493508,0.10767721518987346,0.1358888888888889,0.3,0.32,0.0759950298133052","0,0,0"
33.55,223,AV,2,0,0,64,4381.240268036911,0.4,-33.55,"0.43015296803652975,0.2948363636363636,0.30548054145516074,0.4,0.64,0.23010144921114412","0,0,0"
32.18333333333333,36,AV,1,0,0,66,802.5586880039084,0.3,-32.18333333333333,"0.44569323671497585,0.29828851540616247,0.310595486111111,0.3,0.66,0.042150146052007835","0,0,0"
23.05,174,AV,1,0,0,50,3001.8426729260827,0.1,-23.05,"0.29430952380952385,0.21778794992175274,0.23569969969969967,0.1,0.5,0.1576558935567436","0,0,0"
21.233333333333334,173,AV,1,0,0,46,2966.188350320237,0.3,-21.233333333333334,"0.25201111111111113,0.1913665191740413,0.20632092198581561,0.3,0.46,0.15578333902872574","0,0,0"
23.933333333333334,195,AV,0,0,0,44,3398.605365942332,0.2,-23.933333333333334,"0.23633072916666664,0.1761303317535545,0.1919031746031746,0.2,0.44,0.17849375340250406","0,0,0"
30.933333333333334,278,AV,1,0,0,61,8326.33528790118,0.4,-30.933333333333334,"0.40359465020576124,0.28244336569579287,0.2920858843537415,0.4,0.61,0.43729667837240127","0,0,0"
12.833333333333334,245,AV,1,0,0,33,5064.807770076448,0.4,-12.833333333333334,"0.13915367965367964,0.11504519774011297,0.1442313432835821,0.4,0.33,0.2660022132026646","0,0,0"
51.85,16,AV,0,0,0,70,583.3206434887895,0.4,-51.85,"0.4627884615384616,0.308926997245179,0.31954267310789053,0.4,0.7,0.030635828489198207","0,0,0"
48.3,244,AV,0,0,0,66,5051.78348307234,0.4,-48.3,"0.44569323671497585,0.29828851540616247,0.310595486111111,0.4,0.66,0.26531818148305064","0,0,0"
56.766666666666666,214,AV,0,0,0,86,4015.909421979459,0.3,-56.766666666666666,"0.5134658634538151,0.3375878787878787,0.34851336898395724,0.3,0.86,0.21091438071535054","0,0,0"
15.55,10,AV,1,0,0,38,513.3463032142733,0.2,-15.55,"0.1824577464788732,0.14203433476394847,0.1635811403508772,0.2,0.38,0.026960796735695607","0,0,0"
19.216666666666665,146,AV,1,0,0,44,2421.832203454489,0.3,-19.216666666666665,"0.23633072916666664,0.1761303317535545,0.1919031746031746,0.3,0.44,0.12719391443254247","0,0,0"
34.55,274,AV,1,0,0,76,7658.5640246764915,0.1,-34.55,"0.47910846560846565,0.3229138888888889,0.3288705583756346,0.1,0.76,0.4022255281936403","0,0,0"
33.68333333333333,236,AV,2,0,0,71,4754.245589533712,0.1,-33.68333333333333,"0.46411212121212125,0.3118128415300546,0.3220952380952381,0.1,0.71,0.24969157889794616","0,0,0"
33.083333333333336,113,AV,1,0,0,68,1639.6236094811811,0.2,-33.083333333333336,"0.4580109289617487,0.30304027777777776,0.31471440536013406,0.2,0.68,0.08611254932874826","0,0,0"
14.233333333333333,0,AV,1,0,0,35,388.2787303527966,0.1,-14.233333333333333,"0.15495539906103284,0.12573305670816046,0.149531862745098,0.1,0.35,0.02039228462402346","0,0,0"
15.95,136,AV,2,0,0,26,2164.09247058771,0.5,-15.95,"0.09238333333333333,0.08887478411053543,0.11895670995670996,0.5,0.26,0.11365749953089815","0,0,0"
30.216666666666665,27,AV,1,0,0,60,676.2529471816457,0.2,-30.216666666666665,"0.3989718875502008,0.2793522012578616,0.28916492146596856,0.2,0.6,0.03551660572350354","0,0,0"
24.366666666666667,191,AV,1,0,0,52,3352.9358316496982,0.4,-24.366666666666667,"0.3120681818181818,0.2317815789473684,0.24352150537634412,0.4,0.52,0.17609520290478356","0,0,0"
36.18333333333333,211,AV,1,0,0,83,3942.222625638348,0.1,-36.18333333333333,"0.5079588477366255,0.3337198275862069,0.34414207650273226,0.1,0.83,0.20704437186203256","0,0,0"
10.366666666666667,248,AV,1,0,0,28,5307.329693361759,0.2,-10.366666666666667,"0.10287500000000001,0.09320645645645646,0.12317792792792791,0.2,0.28,0.2787393932246195","0,0,0"
17.216666666666665,6,AV,1,0,0,41,477.1303205766694,0.1,-17.216666666666665,"0.21689523809523806,0.161084388185654,0.1856255707762557,0.1,0.41,0.025058743988140585","0,0,0"
21.483333333333334,210,AV,1,0,0,47,3941.04555698938,0.5,-21.483333333333334,"0.2629784946236559,0.1971106128550075,0.2122543859649123,0.5,0.47,0.20698255256307185","0,0,0"
13.05,139,AV,1,0,0,34,2344.9936519099742,0.4,-13.05,"0.1526333333333333,0.12425550964187329,0.14893137254901959,0.4,0.34,0.12315837632369546","0,0,0"
51.7,299,AV,0,0,0,75,19040.472291926453,0.3,-51.7,"0.47758611111111116,0.32222881355932204,0.32863696369636963,0.3,0.75,1.0","0,0,0"
35.78333333333333,3,AV,1,0,0,76,449.0833195935783,0.1,-35.78333333333333,"0.47910846560846565,0.3229138888888889,0.3288705583756346,0.1,0.76,0.02358572375245118","0,0,0"
21.116666666666667,48,AV,2,0,0,44,898.3728471886773,0.6,-21.116666666666667,"0.23633072916666664,0.1761303317535545,0.1919031746031746,0.6,0.44,0.047182277488442635","0,0,0"
15.633333333333333,188,AV,0,0,0,35,3274.575105225111,0.1,-15.633333333333333,"0.15495539906103284,0.12573305670816046,0.149531862745098,0.1,0.35,0.17197972061930406","0,0,0"
11.666666666666666,189,AV,1,0,0,32,3301.717979419838,0.9,-11.666666666666666,"0.12956493506493508,0.10767721518987346,0.1358888888888889,0.9,0.32,0.1734052563822082","0,0,0"
33.21666666666667,60,AV,1,0,0,70,1025.7249596144625,0.5,-33.21666666666667,"0.4627884615384616,0.308926997245179,0.31954267310789053,0.5,0.7,0.05387077294555297","0,0,0"
32.333333333333336,86,AV,2,0,0,61,1411.5824788559885,0.1,-32.333333333333336,"0.40359465020576124,0.28244336569579287,0.2920858843537415,0.1,0.61,0.07413589627472256","0,0,0"
28.466666666666665,64,AV,1,0,0,57,1074.3823512953045,0.4,-28.466666666666665,"0.37723076923076926,0.26630573951434877,0.2751636178861789,0.4,0.57,0.05642624483379356","0,0,0"
23.333333333333332,289,AV,1,0,0,50,10838.007207066395,0.1,-23.333333333333332,"0.29430952380952385,0.21778794992175274,0.23569969969969967,0.1,0.5,0.5692089482287648","0,0,0"
24.85,175,AV,2,0,0,49,3024.224513765153,0.1,-24.85,"0.2800601092896175,0.20996183800623056,0.22576190476190475,0.1,0.49,0.1588313812492711","0,0,0"
27.416666666666668,66,AV,2,0,0,53,1097.8259349569896,0.4,-27.416666666666668,"0.32678431372549027,0.2402657894736842,0.24830874316939888,0.4,0.53,0.05765749494682913","0,0,0"
16.1,155,AV,1,0,0,39,2648.588416164911,0.4,-16.1,"0.1936542288557214,0.14853030303030304,0.16868779342723003,0.4,0.39,0.1391030839759141","0,0,0"
23.383333333333333,83,AV,2,0,0,48,1373.5659577718477,0.1,-23.383333333333333,"0.2729646464646464,0.2043417431192661,0.21849479166666666,0.1,0.48,0.07213927977796368","0,0,0"
7.65,201,AV,1,0,0,22,3608.770587345788,0.3,-7.65,"0.06791747572815536,0.08018794326241135,0.1158375,0.3,0.22,0.18953156896617424","0,0,0"
55.31666666666667,212,AV,0,0,0,79,3958.913906791885,0.1,-55.31666666666667,"0.49511666666666665,0.32888934426229505,0.3393426966292135,0.1,0.79,0.20792099303495454","0,0,0"
32.63333333333333,259,AV,0,0,0,50,5913.041300376779,0.9,-32.63333333333333,"0.29430952380952385,0.21778794992175274,0.23569969969969967,0.9,0.5,0.31055118852718944","0,0,0"
43.06666666666667,126,AV,0,0,0,59,2015.5588757501516,0.1,-43.06666666666667,"0.3923177777777777,0.2748374316939891,0.2844007285974499,0.1,0.59,0.10585655885252329","0,0,0"
17.466666666666665,115,AV,2,0,0,41,1682.490559712908,0.1,-17.466666666666665,"0.21689523809523806,0.161084388185654,0.1856255707762557,0.1,0.41,0.0883639089365613","0,0,0"
26.216666666666665,21,AV,1,0,0,54,623.7253316558669,0.9,-26.216666666666665,"0.3365355555555555,0.24725906735751288,0.2594270833333333,0.9,0.54,0.03275787081816973","0,0,0"
24.716666666666665,238,AV,1,0,0,52,4925.450001742355,0.4,-24.716666666666665,"0.3120681818181818,0.2317815789473684,0.24352150537634412,0.4,0.52,0.25868318423124653","0,0,0"
35.8,165,AV,1,0,0,81,2838.632091159661,0.4,-35.8,"0.5031962025316455,0.33115217391304347,0.3427016129032258,0.4,0.81,0.149084121845197","0,0,0"
29.483333333333334,51,AV,1,0,0,59,932.0432837729122,0.1,-29.483333333333334,"0.3923177777777777,0.2748374316939891,0.2844007285974499,0.1,0.59,0.04895063890658413","0,0,0"
25.6,168,AV,1,0,0,52,2909.8477340427667,0.2,-25.6,"0.3120681818181818,0.2317815789473684,0.24352150537634412,0.2,0.52,0.15282434644631168","0,0,0"
5.283333333333333,68,AV,0,0,0,1,1141.0395517097602,0.2,-5.283333333333333,"0.0,0.0,0.0,0.2,0.01,0.05992706137828231","0,0,0"
37.333333333333336,81,AV,1,0,0,88,1297.4303329633815,0.4,-37.333333333333336,"0.5385639269406394,0.3480847457627118,0.3586040564373898,0.4,0.88,0.06814065917437974","0,0,0"
19.733333333333334,23,AV,1,0,0,44,632.5893922142865,0.1,-19.733333333333334,"0.23633072916666664,0.1761303317535545,0.1919031746031746,0.1,0.44,0.033223408669464424","0,0,0"
13.833333333333334,265,AV,2,0,0,31,6130.868263041086,0.1,-13.833333333333334,"0.12744594594594594,0.10530543933054393,0.13459950248756222,0.1,0.31,0.3219913964865619","0,0,0"
16.233333333333334,12,AV,1,0,0,38,541.9839687696077,0.1,-16.233333333333334,"0.1824577464788732,0.14203433476394847,0.1635811403508772,0.1,0.38,0.028464838500850628","0,0,0"
34.11666666666667,196,AV,1,0,0,71,3427.0421228311798,0.1,-34.11666666666667,"0.46411212121212125,0.3118128415300546,0.3220952380952381,0.1,0.71,0.1799872435036349","0,0,0"
9.383333333333333,131,AV,1,0,0,24,2088.64210540395,0.2,-9.383333333333333,"0.07344401041666668,0.08302805280528051,0.1172261904761905,0.2,0.24,0.10969486856109009","0,0,0"
21.95,286,AV,1,0,0,48,9095.945853089892,0.2,-21.95,"0.2729646464646464,0.2043417431192661,0.21849479166666666,0.2,0.48,0.47771639871279653","0,0,0"
11.783333333333333,246,AV,2,0,0,24,5200.876525735832,0.5,-11.783333333333333,"0.07344401041666668,0.08302805280528051,0.1172261904761905,0.5,0.24,0.27314850419656395","0,0,0"
18.066666666666666,13,AV,1,0,0,42,566.7055292848979,0.2,-18.066666666666666,"0.22569487179487183,0.16467596566523604,0.18675813008130077,0.2,0.42,0.02976320758205103","0,0,0"
19.766666666666666,85,AV,2,0,0,43,1391.0507319816634,0.1,-19.766666666666666,"0.23076612903225815,0.16937920489296637,0.18879833333333337,0.1,0.43,0.07305757497262802","0,0,0"
23.466666666666665,34,AV,1,0,0,49,776.0711537761008,0.1,-23.466666666666665,"0.2800601092896175,0.20996183800623056,0.22576190476190475,0.1,0.49,0.04075902855125977","0,0,0"
32.983333333333334,61,AV,2,0,0,68,1038.299283744561,0.1,-32.983333333333334,"0.4580109289617487,0.30304027777777776,0.31471440536013406,0.1,0.68,0.054531172747475445","0,0,0"
31.516666666666666,56,AV,0,0,0,49,981.8973671489576,0.1,-31.516666666666666,"0.2800601092896175,0.20996183800623056,0.22576190476190475,0.1,0.49,0.05156896069039748","0,0,0"
14.016666666666667,110,AV,2,0,0,29,1614.9493849180149,0.1,-14.016666666666667,"0.1147887323943662,0.09848541666666667,0.12677777777777777,0.1,0.29,0.08481666631781955","0,0,0"
26.466666666666665,72,AV,1,0,0,55,1205.4292211271013,0.2,-26.466666666666665,"0.34724657534246567,0.25204945054945055,0.26318800000000003,0.2,0.55,0.06330878786227523","0,0,0"
34.15,224,AV,2,0,0,68,4416.224882412617,0.1,-34.15,"0.4580109289617487,0.30304027777777776,0.31471440536013406,0.1,0.68,0.23193883086005102","0,0,0"
9.116666666666667,84,AV,1,0,0,22,1386.7650627050614,0.2,-9.116666666666667,"0.06791747572815536,0.08018794326241135,0.1158375,0.2,0.22,0.07283249288375467","0,0,0"
36.71666666666667,230,AV,1,0,0,87,4572.8741748457805,0.2,-36.71666666666667,"0.5178859649122808,0.3406483180428135,0.35179316239316244,0.2,0.87,0.24016600558720239","0,0,0"
31.283333333333335,270,AV,2,0,0,67,7128.986247371214,0.1,-31.283333333333335,"0.4494772727272727,0.29925409836065575,0.31136197916666675,0.1,0.67,0.3744122592165977","0,0,0"
29.316666666666666,204,AV,0,0,0,49,3773.073658575576,0.9,-29.316666666666666,"0.2800601092896175,0.20996183800623056,0.22576190476190475,0.9,0.49,0.19816071790275053","0,0,0"
29.85,233,AV,1,0,0,59,4639.089550420253,0.1,-29.85,"0.3923177777777777,0.2748374316939891,0.2844007285974499,0.1,0.59,0.24364361762115117","0,0,0"
13.716666666666667,209,AV,0,0,0,33,3898.759045987068,0.7,-13.716666666666667,"0.13915367965367964,0.11504519774011297,0.1442313432835821,0.7,0.33,0.204761677452729","0,0,0"
13.966666666666667,79,AV,2,0,0,28,1293.252850487379,0.1,-13.966666666666667,"0.10287500000000001,0.09320645645645646,0.12317792792792791,0.1,0.28,0.0679212590244279","0,0,0"
23.766666666666666,202,AV,1,0,0,50,3630.005597296026,0.2,-23.766666666666666,"0.29430952380952385,0.21778794992175274,0.23569969969969967,0.2,0.5,0.1906468254380025","0,0,0"
32.5,63,AV,1,0,0,62,1068.5648373754009,0.3,-32.5,"0.41546794871794873,0.28665555555555555,0.29725972927241967,0.3,0.62,0.05612071071516929","0,0,0"
32.81666666666667,107,AV,0,0,0,50,1592.2311391495805,0.9,-32.81666666666667,"0.29430952380952385,0.21778794992175274,0.23569969969969967,0.9,0.5,0.08362351073742634","0,0,0"
24.05,198,AV,2,0,0,51,3480.90175047103,0.6,-24.05,"0.3063025641025641,0.22697368421052627,0.2401506666666666,0.6,0.51,0.18281593529310736","0,0,0"
34.55,65,AV,0,0,0,51,1089.3140785512585,0.3,-34.55,"0.3063025641025641,0.22697368421052627,0.2401506666666666,0.3,0.51,0.05721045475395848","0,0,0"
22.05,156,AV,2,0,0,45,2667.9339807116767,0.2,-22.05,"0.24128654970760238,0.18496279761904763,0.20014141414141418,0.2,0.45,0.140119107331331","0,0,0"
12.35,282,AV,1,0,0,32,8689.506535985933,0.3,-12.35,"0.12956493506493508,0.10767721518987346,0.1358888888888889,0.3,0.32,0.45637032541837","0,0,0"
22.1,288,AV,2,0,0,45,10213.823531357188,0.4,-22.1,"0.24128654970760238,0.18496279761904763,0.20014141414141418,0.4,0.45,0.5364270053158322","0,0,0"
12.083333333333334,235,AV,0,0,0,32,4705.31956239884,0.4,-12.083333333333334,"0.12956493506493508,0.10767721518987346,0.1358888888888889,0.4,0.32,0.24712199835473575","0,0,0"
11.866666666666667,114,AV,0,0,0,30,1659.6531244520008,0.2,-11.866666666666667,"0.12096666666666665,0.10225871687587171,0.12935101010101013,0.2,0.3,0.08716449355910817","0,0,0"
27.816666666666666,263,AV,1,0,0,56,6031.594525491932,0.4,-27.816666666666666,"0.352302380952381,0.25533037475345166,0.2665271867612293,0.4,0.56,0.3167775690127944","0,0,0"
36.03333333333333,216,AV,1,0,0,80,4113.319853961603,0.5,-36.03333333333333,"0.49813414634146336,0.32978531073446327,0.3407027777777778,0.5,0.8,0.21603034792922307","0,0,0"
9.883333333333333,194,AV,1,0,0,27,3393.6426315430986,0.1,-9.883333333333333,"0.09732653061224489,0.0910904761904762,0.11997453703703705,0.1,0.27,0.17823311205269168","0,0,0"
27.316666666666666,205,AV,1,0,0,56,3773.692032315799,0.2,-27.316666666666666,"0.352302380952381,0.25533037475345166,0.2665271867612293,0.2,0.56,0.19819319470956198","0,0,0"
22.666666666666668,153,AV,1,0,0,48,2619.168197182975,0.5,-22.666666666666668,"0.2729646464646464,0.2043417431192661,0.21849479166666666,0.5,0.48,0.13755794273514713","0,0,0"
31.166666666666668,231,AV,1,0,0,62,4609.601315671212,0.4,-31.166666666666668,"0.41546794871794873,0.28665555555555555,0.29725972927241967,0.4,0.62,0.2420949042123171","0,0,0"
19.55,15,AV,2,0,0,41,571.0932451196882,0.4,-19.55,"0.21689523809523806,0.161084388185654,0.1856255707762557,0.4,0.41,0.029993649126121902","0,0,0"
29.65,117,AV,1,0,0,59,1794.439334206041,0.2,-29.65,"0.3923177777777777,0.2748374316939891,0.2844007285974499,0.2,0.59,0.09424342561959032","0,0,0"
9.35,46,AV,1,0,0,25,881.2906222289953,0.8,-9.35,"0.07526960784313726,0.08436314363143631,0.11810937500000002,0.8,0.25,0.04628512406190052","0,0,0"
22.266666666666666,102,AV,1,0,0,48,1564.4426034616197,0.4,-22.266666666666666,"0.2729646464646464,0.2043417431192661,0.21849479166666666,0.4,0.48,0.08216406502295508","0,0,0"
28.05,5,AV,1,0,0,57,465.3670128771111,0.1,-28.05,"0.37723076923076926,0.26630573951434877,0.2751636178861789,0.1,0.57,0.0244409385304185","0,0,0"
18.9,49,AV,0,0,0,38,904.859336063587,0.4,-18.9,"0.1824577464788732,0.14203433476394847,0.1635811403508772,0.4,0.38,0.04752294597478371","0,0,0"
17.733333333333334,37,AV,1,0,0,42,832.4581618945489,0.9,-17.733333333333334,"0.22569487179487183,0.16467596566523604,0.18675813008130077,0.9,0.42,0.043720457619506006","0,0,0"
20.666666666666668,182,AV,1,0,0,46,3225.188153267811,0.2,-20.666666666666668,"0.25201111111111113,0.1913665191740413,0.20632092198581561,0.2,0.46,0.16938593244009792","0,0,0"
19.416666666666668,251,AV,1,0,0,44,5557.427333357366,0.1,-19.416666666666668,"0.23633072916666664,0.1761303317535545,0.1919031746031746,0.1,0.44,0.2918744476582037","0,0,0"
43.083333333333336,252,AV,0,0,0,60,5611.673516276995,0.3,-43.083333333333336,"0.3989718875502008,0.2793522012578616,0.28916492146596856,0.3,0.6,0.29472344121718336","0,0,0"
27.05,96,AV,2,0,0,57,1530.0661682302475,0.3,-27.05,"0.37723076923076926,0.26630573951434877,0.2751636178861789,0.3,0.57,0.08035862476368438","0,0,0"
35.45,17,AV,2,0,0,100,586.8516376274475,0.2,-35.45,"0.5382882882882883,0.35007886904761903,0.35996649484536086,0.2,1.0,0.03082127526197365","0,0,0"
30.616666666666667,104,AV,1,0,0,62,1579.1767070066765,0.4,-30.616666666666667,"0.41546794871794873,0.28665555555555555,0.29725972927241967,0.4,0.62,0.08293789580399638","0,0,0"
22.1,294,AV,1,0,0,47,13430.196447392702,0.4,-22.1,"0.2629784946236559,0.1971106128550075,0.2122543859649123,0.4,0.47,0.7053499640913518","0,0,0"
14.583333333333334,1,AV,2,0,0,34,419.7646265090227,0.2,-14.583333333333334,"0.1526333333333333,0.12425550964187329,0.14893137254901959,0.2,0.34,0.022045914621929386","0,0,0"
46.63333333333333,169,AV,0,0,0,61,2927.9701715656583,0.1,-46.63333333333333,"0.40359465020576124,0.28244336569579287,0.2920858843537415,0.1,0.61,0.1537761315304756","0,0,0"
20.6,87,AV,0,0,0,39,1434.4967426379471,0.1,-20.6,"0.1936542288557214,0.14853030303030304,0.16868779342723003,0.1,0.39,0.07533934666348602","0,0,0"
18.316666666666666,213,AV,1,0,0,43,3971.0791127863904,0.1,-18.316666666666666,"0.23076612903225815,0.16937920489296637,0.18879833333333337,0.1,0.43,0.20855990607282407","0,0,0"
23.716666666666665,55,AV,1,0,0,51,979.573716991658,0.3,-23.716666666666665,"0.3063025641025641,0.22697368421052627,0.2401506666666666,0.3,0.51,0.051446923268128025","0,0,0"
10.233333333333333,225,AV,0,0,0,28,4459.768546990965,0.4,-10.233333333333333,"0.10287500000000001,0.09320645645645646,0.12317792792792791,0.4,0.28,0.23422573130615026","0,0,0"
18.766666666666666,40,AV,1,0,0,43,859.2772315809713,0.2,-18.766666666666666,"0.23076612903225815,0.16937920489296637,0.18879833333333337,0.2,0.43,0.045128987264949426","0,0,0"
8.883333333333333,157,AV,1,0,0,22,2675.3892374750885,0.2,-8.883333333333333,"0.06791747572815536,0.08018794326241135,0.1158375,0.2,0.22,0.14051065522200876","0,0,0"
25.583333333333332,33,AV,1,0,0,53,763.1985099142711,0.1,-25.583333333333332,"0.32678431372549027,0.2402657894736842,0.24830874316939888,0.1,0.53,0.04008296108484046","0,0,0"
18.85,206,AV,2,0,0,40,3824.993837156676,0.1,-18.85,"0.20496948356807515,0.15406584362139916,0.1753409090909091,0.1,0.4,0.20088755039855555","0,0,0"
28.233333333333334,75,AV,1,0,0,57,1249.5878531833848,0.4,-28.233333333333334,"0.37723076923076926,0.26630573951434877,0.2751636178861789,0.4,0.57,0.06562798621929328","0,0,0"
14.466666666666667,226,AV,1,0,0,36,4504.939201911708,0.1,-14.466666666666667,"0.16106038647343,0.13069008264462809,0.15447584541062803,0.1,0.36,0.2365980808061097","0,0,0"
14.8,18,AV,1,0,0,37,591.6693204447811,0.1,-14.8,"0.17204871794871793,0.13620544217687075,0.1575166666666667,0.1,0.37,0.0310742985454022","0,0,0"
26.533333333333335,269,AV,1,0,0,55,6709.13861087917,0.4,-26.533333333333335,"0.34724657534246567,0.25204945054945055,0.26318800000000003,0.4,0.55,0.352361984934795","0,0,0"
