travel_time,id,kind,action,bid_route_0,bid_route_1,bid_route_2,karma_balance,origin,destination,start_time,income,urgency,reward
27.966666666666665,242,AV,1,0,5,3,2,0,0,54,1348.5865378412918,0.3,-8.389999999999999
36.86666666666667,205,AV,2,1,2,0,5,0,0,52,5807.233742044462,1.0,-36.86666666666667
41.016666666666666,137,AV,2,3,3,4,6,0,0,57,5480.041794665195,0.1,-4.101666666666667
24.966666666666665,43,AV,1,3,7,1,3,0,0,46,1275.6237969650936,0.3,-7.489999999999999
33.166666666666664,244,AV,1,2,5,7,7,0,0,59,2043.1688306873104,0.5,-16.583333333333332
17.983333333333334,102,AV,1,1,6,3,1,0,0,32,3608.770587345788,0.4,-7.193333333333334
51.916666666666664,123,AV,0,7,1,1,9,0,0,70,3017.17067826153,0.4,-20.766666666666666
27.933333333333334,157,AV,2,3,3,6,0,0,0,34,4559.760277629775,0.3,-8.379999999999999
26.616666666666667,171,AV,1,3,6,0,2,0,0,49,5825.994272151124,0.2,-5.323333333333334
41.483333333333334,289,AV,0,4,0,8,4,0,0,57,3882.59008652233,1.0,-41.483333333333334
43.68333333333333,131,AV,2,0,3,2,5,0,0,66,497.26542980048754,0.1,-4.368333333333333
28.683333333333334,295,AV,2,2,2,5,19,0,0,37,566.7055292848979,0.3,-8.605
57.11666666666667,49,AV,0,6,6,3,0,0,0,77,1691.6338586686718,0.1,-5.711666666666667
24.1,231,AV,1,0,5,6,1,0,0,46,783.6834518391023,0.4,-9.64
30.933333333333334,101,AV,2,3,3,3,10,0,0,38,2360.1328348572283,0.1,-3.0933333333333337
29.15,193,AV,1,2,5,4,3,0,0,55,6020.57275324985,0.1,-2.915
25.116666666666667,215,AV,2,1,0,4,7,0,0,32,10426.353459350525,0.5,-12.558333333333334
30.283333333333335,66,AV,1,0,5,0,1,0,0,56,2946.490055333797,0.8,-24.22666666666667
32.13333333333333,48,AV,1,3,9,1,1,0,0,58,3301.717979419838,0.7,-22.493333333333332
19.033333333333335,59,AV,0,7,3,2,5,0,0,36,7177.938863287724,0.1,-1.9033333333333335
29.216666666666665,127,AV,1,2,9,7,6,0,0,54,8134.997760071039,0.1,-2.921666666666667
20.266666666666666,67,AV,1,3,8,3,0,0,0,41,1148.9174546898266,0.6,-12.159999999999998
22.033333333333335,217,AV,2,2,2,7,0,0,0,0,6778.2755320215965,0.4,-8.813333333333334
30.233333333333334,146,AV,1,2,6,4,4,0,0,56,1122.7546975855585,0.8,-24.186666666666667
6.583333333333333,128,AV,0,6,8,4,7,0,0,15,9030.678864893336,0.1,-0.6583333333333333
28.233333333333334,134,AV,2,0,2,2,9,0,0,40,3257.969850357721,0.3,-8.47
33.63333333333333,82,AV,2,2,3,4,3,0,0,46,14505.369879802229,0.6,-20.18
41.71666666666667,1,AV,2,1,2,1,6,0,0,55,2538.843693606908,0.8,-33.373333333333335
46.63333333333333,125,AV,0,8,6,8,4,0,0,62,3742.7752140142647,0.2,-9.326666666666666
20.283333333333335,153,AV,1,2,6,5,4,0,0,41,1797.659883656486,0.5,-10.141666666666667
10.183333333333334,94,AV,0,4,3,5,2,0,0,23,2318.2944376966047,0.3,-3.055
32.583333333333336,6,AV,1,0,5,1,2,0,0,59,3942.222625638348,0.7,-22.808333333333334
32.78333333333333,72,AV,1,1,8,4,2,0,0,58,5307.329693361759,1.0,-32.78333333333333
10.266666666666667,232,AV,0,7,6,6,1,0,0,24,825.4433072334436,0.1,-1.0266666666666668
45.733333333333334,245,AV,2,1,2,4,4,0,0,64,1751.9448432672848,0.5,-22.866666666666667
8.316666666666666,203,AV,0,5,0,3,8,0,0,21,1100.389953660579,1.0,-8.316666666666666
35.05,252,AV,1,1,5,5,13,0,0,68,1148.2139867956057,0.4,-14.02
29.65,70,AV,1,1,6,7,6,0,0,55,1778.835052690156,0.4,-11.86
27.516666666666666,188,AV,0,5,0,0,0,0,0,44,7658.5640246764915,0.8,-22.013333333333335
36.56666666666667,267,AV,1,0,6,5,12,0,0,77,1799.695682844959,0.1,-3.656666666666667
43.15,266,AV,0,6,0,5,0,0,0,61,20793.30768626012,0.3,-12.944999999999999
21.366666666666667,163,AV,2,1,1,4,2,0,0,26,2131.3254046090938,0.3,-6.41
23.2,42,AV,2,2,1,5,0,0,0,27,2241.037238818388,0.1,-2.32
18.0,186,AV,1,3,5,3,9,0,0,34,1564.487892525026,0.6,-10.799999999999999
20.7,34,AV,1,0,7,4,0,0,0,41,849.0657401736111,0.1,-2.07
38.86666666666667,265,AV,2,0,1,0,9,0,0,55,3159.4556453821087,0.7,-27.206666666666667
34.68333333333333,281,AV,2,1,0,6,7,0,0,42,2838.632091159661,0.1,-3.4683333333333333
32.833333333333336,151,AV,0,9,2,0,2,0,0,50,3236.647802754315,0.5,-16.416666666666668
33.96666666666667,209,AV,2,0,3,4,4,0,0,50,1249.5878531833848,0.4,-13.586666666666668
60.45,30,AV,0,5,4,2,1,0,0,82,2750.2432356670683,1.0,-60.45
6.65,81,AV,0,5,4,9,9,0,0,20,1267.69032506861,0.9,-5.985
23.0,65,AV,1,1,6,1,2,0,0,41,2137.1188228190404,0.1,-2.3000000000000003
25.0,90,AV,1,0,4,6,4,0,0,47,1682.490559712908,0.6,-15.0
31.016666666666666,277,AV,2,2,1,2,7,0,0,37,2472.005569054355,1.0,-31.016666666666666
18.066666666666666,118,AV,1,0,5,6,7,0,0,34,2344.9936519099742,0.1,-1.8066666666666666
25.8,201,AV,0,5,6,0,3,0,0,43,4135.471393234625,0.2,-5.16
17.866666666666667,89,AV,1,0,4,6,2,0,0,32,1823.811293294481,0.6,-10.72
33.516666666666666,162,AV,1,0,4,3,2,0,0,64,7099.697064525982,0.4,-13.406666666666666
25.2,185,AV,1,2,6,7,2,0,0,48,658.4091024775607,0.1,-2.52
25.933333333333334,228,AV,1,1,7,0,0,0,0,48,3919.41152379869,0.6,-15.559999999999999
16.5,275,AV,1,1,6,7,2,0,0,31,1011.0784796502788,0.3,-4.95
29.766666666666666,256,AV,1,0,7,4,12,0,0,55,1117.0806745336297,0.8,-23.813333333333333
31.366666666666667,111,AV,1,2,6,7,3,0,0,56,632.5893922142865,0.4,-12.546666666666667
23.0,95,AV,1,2,4,6,10,0,0,45,4572.8741748457805,0.9,-20.7
33.733333333333334,258,AV,2,3,3,6,0,0,0,45,457.16351791608827,0.6,-20.24
39.25,191,AV,2,0,2,0,15,0,0,53,2675.3892374750885,0.4,-15.700000000000001
17.066666666666666,16,AV,0,5,2,6,17,0,0,34,7332.887514065835,0.4,-6.826666666666667
25.95,97,AV,1,0,5,8,11,0,0,49,5911.733280178027,0.6,-15.569999999999999
24.933333333333334,161,AV,1,2,6,3,0,0,0,48,1244.4027248274256,0.8,-19.94666666666667
32.766666666666666,279,AV,2,2,3,4,4,0,0,44,3393.6426315430986,0.9,-29.49
25.883333333333333,5,AV,1,0,7,4,3,0,0,46,15387.119225735782,0.1,-2.5883333333333334
25.116666666666667,38,AV,1,3,6,5,4,0,0,45,2011.9739719035176,0.1,-2.5116666666666667
35.166666666666664,87,AV,2,0,0,6,1,0,0,45,1447.5744631551047,0.9,-31.65
15.483333333333333,46,AV,1,1,5,5,0,0,0,26,601.3137559373858,0.2,-3.0966666666666667
38.083333333333336,147,AV,2,2,3,0,27,0,0,56,1836.3970218708375,1.0,-38.083333333333336
44.46666666666667,216,AV,2,1,3,1,6,0,0,64,5702.891177591027,0.4,-17.78666666666667
31.05,13,AV,2,1,2,4,1,0,0,38,2108.868816674547,0.9,-27.945
38.03333333333333,17,AV,2,3,3,3,13,0,0,50,950.4213588862824,0.4,-15.213333333333333
18.816666666666666,229,AV,1,1,9,9,2,0,0,35,1628.9397076974285,0.9,-16.935
48.28333333333333,292,AV,0,8,9,9,14,0,0,63,1564.4426034616197,0.1,-4.828333333333333
34.55,62,AV,1,0,5,5,2,0,0,69,1104.4445206976068,0.3,-10.364999999999998
22.083333333333332,106,AV,2,0,1,4,1,0,0,4,14312.770160915026,1.0,-22.083333333333332
36.416666666666664,159,AV,2,2,3,4,1,0,0,51,961.7772661313056,0.2,-7.283333333333333
33.03333333333333,50,AV,2,0,2,3,16,0,0,38,491.8679742725259,0.4,-13.213333333333333
28.85,51,AV,1,0,4,0,4,0,0,54,3101.095365071405,0.1,-2.8850000000000002
35.35,276,AV,1,0,5,1,14,0,0,68,2964.6777926145683,0.1,-3.535
48.06666666666667,144,AV,2,3,2,5,6,0,0,64,2401.1770329784995,0.5,-24.033333333333335
31.25,213,AV,0,4,4,2,2,0,0,49,2218.7455195521825,0.6,-18.75
34.666666666666664,10,AV,2,2,2,5,0,0,0,46,969.457736312404,0.6,-20.799999999999997
31.116666666666667,19,AV,1,1,5,4,13,0,0,57,6197.036257351283,0.1,-3.111666666666667
24.016666666666666,167,AV,0,7,0,3,5,0,0,41,3628.2404526711953,0.6,-14.409999999999998
27.5,183,AV,2,1,0,5,0,0,0,35,2580.565825479665,0.1,-2.75
30.9,224,AV,0,5,2,0,3,0,0,48,7912.643587116454,0.8,-24.72
41.516666666666666,233,AV,0,9,7,0,4,0,0,58,1261.43865123121,0.6,-24.91
20.4,274,AV,1,3,4,3,2,0,0,38,623.7253316558669,0.5,-10.2
31.666666666666668,290,AV,1,3,7,1,1,0,0,59,2927.9701715656583,0.1,-3.166666666666667
45.583333333333336,296,AV,2,2,2,5,9,0,0,70,2953.761118311176,0.3,-13.675
12.0,236,AV,0,9,1,2,1,0,0,28,1017.530975349866,0.4,-4.800000000000001
38.11666666666667,178,AV,1,1,9,3,2,0,0,86,1141.0395517097602,0.2,-7.623333333333334
37.233333333333334,117,AV,1,2,6,4,1,0,0,78,2123.4400354784907,0.6,-22.34
19.583333333333332,53,AV,2,1,1,6,1,0,0,14,854.5785374972068,0.1,-1.9583333333333333
43.06666666666667,31,AV,2,1,2,5,0,0,0,59,437.8567856598078,0.4,-17.22666666666667
20.5,170,AV,0,6,1,6,0,0,0,38,2033.019749384408,0.3,-6.1499999999999995
15.1,20,AV,1,2,5,1,0,0,0,27,863.3540159882258,0.3,-4.529999999999999
44.93333333333333,44,AV,2,2,1,0,8,0,0,63,1200.7903182940884,0.3,-13.479999999999999
20.916666666666668,142,AV,2,1,3,1,31,0,0,3,10838.007207066395,0.3,-6.275
14.666666666666666,165,AV,1,2,5,1,7,0,0,25,1020.7360413649084,0.2,-2.9333333333333336
32.86666666666667,155,AV,0,7,9,8,8,0,0,50,3024.224513765153,1.0,-32.86666666666667
37.483333333333334,158,AV,2,2,3,3,14,0,0,52,3368.9508766880413,0.2,-7.496666666666667
27.266666666666666,63,AV,1,1,6,3,0,0,0,50,1386.7650627050614,0.2,-5.453333333333333
30.683333333333334,206,AV,1,0,5,6,11,0,0,56,2850.5966631146844,0.2,-6.136666666666667
8.466666666666667,202,AV,0,5,0,7,16,0,0,22,1664.0464513081895,0.4,-3.3866666666666667
35.71666666666667,55,AV,2,1,3,1,6,0,0,48,3630.005597296026,0.1,-3.571666666666667
12.616666666666667,280,AV,1,2,9,1,10,0,0,13,4237.057085974603,0.2,-2.5233333333333334
30.716666666666665,288,AV,1,1,4,5,2,0,0,57,1338.7213376931895,0.3,-9.215
33.9,8,AV,1,0,4,0,2,0,0,66,2187.718469250836,0.6,-20.34
15.6,47,AV,1,2,6,3,3,0,0,7,1794.439334206041,0.1,-1.56
38.5,41,AV,2,0,0,2,5,0,0,49,1457.5875839824732,0.6,-23.099999999999998
27.583333333333332,293,AV,1,0,8,4,26,0,0,53,2722.266725979925,0.1,-2.7583333333333333
15.2,211,AV,1,1,5,3,11,0,0,1,2891.134206742707,0.4,-6.08
37.18333333333333,143,AV,2,1,0,4,3,0,0,53,1496.328062426438,0.9,-33.464999999999996
36.03333333333333,109,AV,1,1,6,3,1,0,0,73,1404.912317929139,1.0,-36.03333333333333
20.716666666666665,298,AV,1,1,8,1,3,0,0,41,8139.327108000771,0.1,-2.0716666666666668
26.716666666666665,113,AV,1,1,5,5,2,0,0,50,7958.958807233507,0.2,-5.343333333333334
15.266666666666667,57,AV,1,2,4,6,7,0,0,24,822.5771428470101,0.1,-1.5266666666666668
23.033333333333335,85,AV,2,1,0,4,1,0,0,33,1942.5668635563816,0.2,-4.606666666666667
14.766666666666667,54,AV,1,1,7,9,2,0,0,5,7572.106998522375,0.3,-4.43
26.55,133,AV,1,2,7,5,0,0,0,48,5849.7981009167725,0.6,-15.93
48.38333333333333,86,AV,0,8,5,6,1,0,0,65,1783.933402668827,0.9,-43.545
13.35,9,AV,0,5,3,3,8,0,0,31,2294.767722006211,1.0,-13.35
32.28333333333333,149,AV,2,2,2,6,0,0,0,41,1597.8734280578535,0.1,-3.2283333333333335
28.466666666666665,198,AV,2,0,2,4,12,0,0,34,2629.980017260476,0.3,-8.54
26.433333333333334,299,AV,1,1,5,2,22,0,0,49,1167.011530479414,0.4,-10.573333333333334
23.433333333333334,150,AV,1,2,7,3,0,0,0,44,1342.087988935639,0.1,-2.3433333333333333
15.0,294,AV,1,2,4,6,11,0,0,13,2421.0391237858234,1.0,-15.0
43.4,249,AV,0,4,2,9,7,0,0,59,8480.737499651503,0.6,-26.04
42.03333333333333,23,AV,2,0,3,2,8,0,0,68,7864.29237148983,0.1,-4.203333333333333
16.883333333333333,75,AV,1,2,4,2,5,0,0,28,3487.44186130441,0.5,-8.441666666666666
27.466666666666665,237,AV,0,8,7,1,1,0,0,43,3783.636689084741,0.3,-8.239999999999998
34.6,271,AV,1,0,5,6,1,0,0,67,4645.51881630073,0.1,-3.4600000000000004
31.6,221,AV,2,1,3,6,5,0,0,31,3386.12741774329,0.4,-12.64
18.983333333333334,148,AV,0,7,1,1,5,0,0,37,3046.5766145774583,0.2,-3.796666666666667
17.816666666666666,285,AV,1,0,4,6,14,0,0,28,5144.150368411208,0.2,-3.5633333333333335
35.083333333333336,84,AV,1,3,9,2,8,0,0,73,5009.92015912814,0.1,-3.5083333333333337
46.583333333333336,14,AV,2,2,0,1,5,0,0,79,1782.711710770346,0.2,-9.316666666666668
15.433333333333334,7,AV,1,3,7,1,9,0,0,28,5051.78348307234,0.1,-1.5433333333333334
21.616666666666667,189,AV,1,2,5,7,8,0,0,44,1929.5758599688188,0.4,-8.646666666666667
53.516666666666666,283,AV,0,9,8,9,9,0,0,72,1592.2311391495805,0.3,-16.055
24.066666666666666,250,AV,0,7,0,4,3,0,0,41,1927.298426803608,0.3,-7.22
14.883333333333333,130,AV,1,3,8,5,4,0,0,26,2853.537244729806,0.8,-11.906666666666666
45.016666666666666,154,AV,2,1,2,0,7,0,0,56,522.2875039790788,0.7,-31.511666666666663
29.1,129,AV,1,3,7,0,4,0,0,53,1717.0377309640771,0.1,-2.91
22.5,227,AV,0,5,3,7,3,0,0,40,736.5379020629116,0.6,-13.5
33.5,145,AV,1,2,4,2,1,0,0,68,7081.334819999852,0.1,-3.35
19.683333333333334,40,AV,1,1,5,4,2,0,0,35,2010.868248891871,1.0,-19.683333333333334
52.0,255,AV,0,5,2,6,2,0,0,68,954.0002559944874,1.0,-52.0
34.3,297,AV,2,2,1,5,11,0,0,39,2293.603195459698,0.1,-3.4299999999999997
26.1,168,AV,2,1,2,4,4,0,0,37,1275.9312017726234,0.1,-2.6100000000000003
33.68333333333333,257,AV,1,3,6,0,2,0,0,61,1950.0200213032829,0.7,-23.57833333333333
39.95,99,AV,2,0,2,2,9,0,0,59,4967.653125719208,0.7,-27.965
30.233333333333334,223,AV,2,1,2,0,7,0,0,42,2530.9644311939346,1.0,-30.233333333333334
11.883333333333333,212,AV,0,6,7,6,4,0,0,30,932.0432837729122,0.2,-2.3766666666666665
25.933333333333334,225,AV,2,1,0,5,0,0,0,28,2758.442965787371,1.0,-25.933333333333334
19.216666666666665,69,AV,1,3,7,0,1,0,0,36,1291.2118623687816,0.2,-3.8433333333333333
4.916666666666667,268,AV,0,6,1,5,1,0,0,12,6446.254396158338,0.1,-0.4916666666666667
32.983333333333334,108,AV,1,3,6,0,1,0,0,63,449.0833195935783,0.8,-26.38666666666667
15.983333333333333,22,AV,1,3,7,0,0,0,0,20,861.805442805673,0.2,-3.1966666666666668
18.516666666666666,33,AV,1,1,4,5,3,0,0,35,6918.069898529506,0.1,-1.8516666666666666
32.6,181,AV,1,3,8,5,41,0,0,60,2283.7291705859197,0.2,-6.5200000000000005
46.18333333333333,160,AV,2,2,3,4,3,0,0,72,802.5586880039084,0.5,-23.091666666666665
46.666666666666664,287,AV,0,7,9,3,7,0,0,61,2218.0502812558643,0.2,-9.333333333333334
23.95,234,AV,2,3,1,5,1,0,0,25,1888.2149669861096,1.0,-23.95
22.5,284,AV,1,3,6,0,0,0,0,44,2302.618320259251,0.4,-9.0
46.96666666666667,196,AV,2,0,2,0,5,0,0,76,1294.2551843223837,0.1,-4.696666666666667
20.833333333333332,77,AV,0,8,6,8,0,0,0,38,7006.371100745904,0.6,-12.499999999999998
24.466666666666665,166,AV,1,2,5,2,1,0,0,46,814.1496548969513,1.0,-24.466666666666665
55.083333333333336,197,AV,0,6,6,4,9,0,0,76,4689.4303597647895,0.1,-5.508333333333334
32.6,107,AV,1,0,4,0,1,0,0,63,1485.5718097438446,0.1,-3.2600000000000002
15.683333333333334,140,AV,1,1,6,5,3,0,0,30,2411.397471856681,0.6,-9.41
21.916666666666668,71,AV,1,2,8,3,3,0,0,44,572.7967315704935,0.1,-2.191666666666667
17.483333333333334,60,AV,1,2,7,6,8,0,0,33,3119.7161673652217,0.4,-6.993333333333334
37.25,192,AV,1,1,6,1,1,0,0,74,818.0604611907775,0.6,-22.349999999999998
41.6,88,AV,2,1,3,0,6,0,0,56,763.1985099142711,0.1,-4.16
18.616666666666667,83,AV,1,1,6,7,11,0,0,32,2335.4036410281064,0.2,-3.7233333333333336
44.81666666666667,173,AV,2,2,1,4,3,0,0,66,914.1934345695068,0.2,-8.963333333333335
34.65,135,AV,2,2,0,5,1,0,0,49,1282.6858023855964,1.0,-34.65
35.18333333333333,78,AV,2,0,3,4,1,0,0,47,13351.937436366714,0.8,-28.146666666666665
36.96666666666667,243,AV,2,1,2,0,7,0,0,51,3132.463358685509,0.5,-18.483333333333334
27.0,172,AV,1,3,8,5,1,0,0,51,670.158540600369,1.0,-27.0
57.2,139,AV,0,4,3,1,2,0,0,74,513.3463032142733,0.3,-17.16
14.733333333333333,120,AV,1,3,9,2,2,0,0,10,932.1411738504048,0.3,-4.42
29.183333333333334,68,AV,1,0,7,4,1,0,0,52,508.6019702527906,0.4,-11.673333333333334
19.683333333333334,26,AV,1,0,4,4,6,0,0,38,968.7072844723906,1.0,-19.683333333333334
42.2,45,AV,2,3,3,6,0,0,0,69,806.3598325453933,0.1,-4.220000000000001
21.033333333333335,169,AV,1,0,5,1,4,0,0,42,946.2003450753726,0.1,-2.1033333333333335
29.366666666666667,273,AV,2,1,3,6,1,0,0,37,3958.913906791885,0.1,-2.936666666666667
29.066666666666666,184,AV,2,0,2,2,11,0,0,37,3278.222126324269,0.2,-5.8133333333333335
23.066666666666666,58,AV,1,3,8,5,2,0,0,44,1040.734547163155,0.3,-6.92
22.533333333333335,286,AV,0,6,8,2,2,0,0,38,4090.160813256426,0.2,-4.506666666666667
34.4,12,AV,1,0,7,4,2,0,0,61,8981.750106371177,0.3,-10.319999999999999
53.68333333333333,259,AV,0,6,1,0,0,0,0,70,4843.3187157075145,0.4,-21.473333333333333
50.03333333333333,218,AV,0,7,1,1,1,0,0,68,1467.6871321740252,1.0,-50.03333333333333
18.216666666666665,291,AV,1,1,6,7,3,0,0,34,2991.769966736588,0.9,-16.395
23.833333333333332,156,AV,1,0,7,4,2,0,0,45,541.9839687696077,0.1,-2.3833333333333333
36.166666666666664,104,AV,0,8,0,4,0,0,0,54,4959.361066312568,0.2,-7.233333333333333
27.316666666666666,254,AV,1,2,6,3,0,0,0,49,1527.6889462703334,1.0,-27.316666666666666
34.583333333333336,114,AV,0,4,9,1,7,0,0,51,8348.421721831439,0.1,-3.458333333333334
28.183333333333334,132,AV,2,1,3,5,6,0,0,37,2753.3979495063454,0.6,-16.91
58.8,164,AV,0,6,0,5,12,0,0,77,3227.056348793521,0.2,-11.76
31.933333333333334,214,AV,1,3,8,5,0,0,0,57,5354.15698790508,0.1,-3.1933333333333334
24.933333333333334,3,AV,1,1,4,0,4,0,0,46,627.4062491148882,0.5,-12.466666666666667
36.61666666666667,115,AV,2,1,3,6,2,0,0,48,4034.238052294327,0.3,-10.985
16.533333333333335,138,AV,1,2,7,5,0,0,0,27,11515.391842589095,1.0,-16.533333333333335
36.56666666666667,240,AV,1,0,7,4,5,0,0,75,1830.3424648913517,0.3,-10.97
49.55,246,AV,2,1,3,1,8,0,0,77,1014.5614647146556,0.6,-29.729999999999997
35.68333333333333,36,AV,1,3,5,7,6,0,0,69,832.3173438658397,0.2,-7.136666666666667
17.883333333333333,2,AV,1,1,8,1,1,0,0,30,1661.9571573900298,0.7,-12.518333333333333
50.083333333333336,174,AV,0,9,3,4,3,0,0,68,1848.7234685638712,0.1,-5.008333333333334
29.45,24,AV,1,3,5,7,13,0,0,54,2574.4307659940623,0.7,-20.615
42.733333333333334,21,AV,2,0,0,5,0,0,0,58,1986.5043233563797,0.2,-8.546666666666667
35.05,25,AV,1,2,4,2,3,0,0,72,727.2326469992182,0.7,-24.534999999999997
29.533333333333335,238,AV,2,3,3,3,9,0,0,35,4818.617258984985,0.3,-8.86
43.35,121,AV,2,3,2,9,5,0,0,56,3465.4556083993225,0.4,-17.34
23.95,182,AV,1,1,6,6,3,0,0,45,2563.744074524839,0.4,-9.58
45.166666666666664,226,AV,0,4,2,1,1,0,0,60,6947.27484286379,1.0,-45.166666666666664
22.266666666666666,35,AV,1,1,6,7,5,0,0,44,1809.16611953512,1.0,-22.266666666666666
39.916666666666664,116,AV,0,7,3,5,1,0,0,56,6230.691172258436,0.1,-3.9916666666666667
33.03333333333333,247,AV,2,0,0,7,0,0,0,48,1507.5005543882637,0.6,-19.819999999999997
32.13333333333333,126,AV,1,1,6,6,1,0,0,58,2030.86588445069,0.8,-25.706666666666667
46.5,112,AV,2,2,0,4,2,0,0,78,8493.635575370567,1.0,-46.5
38.03333333333333,105,AV,1,1,7,0,2,0,0,96,3352.9358316496982,0.3,-11.409999999999998
26.966666666666665,37,AV,2,1,3,6,3,0,0,40,3898.759045987068,1.0,-26.966666666666665
43.266666666666666,262,AV,2,1,1,8,3,0,0,63,6081.635477498837,0.9,-38.94
38.21666666666667,253,AV,1,3,6,0,5,0,0,73,1373.5659577718477,1.0,-38.21666666666667
34.56666666666667,52,AV,0,4,8,8,6,0,0,50,1025.7249596144625,0.3,-10.370000000000001
27.283333333333335,136,AV,1,2,7,5,0,0,0,51,8987.822610831106,0.8,-21.826666666666668
14.55,27,AV,1,1,4,5,2,0,0,15,4113.319853961603,0.4,-5.82
16.916666666666668,152,AV,1,1,6,7,1,0,0,30,1885.557658153182,0.5,-8.458333333333334
25.916666666666668,64,AV,1,1,6,0,0,0,0,46,3583.4963710051925,0.2,-5.183333333333334
33.166666666666664,239,AV,1,0,7,4,3,0,0,67,7128.986247371214,0.1,-3.3166666666666664
25.283333333333335,18,AV,2,2,0,1,14,0,0,36,1111.987968807459,0.6,-15.17
39.733333333333334,179,AV,0,5,5,3,8,0,0,56,10783.100237376317,0.1,-3.9733333333333336
31.283333333333335,93,AV,1,2,8,3,0,0,0,57,4021.28082322038,0.1,-3.128333333333334
13.1,180,AV,1,0,5,1,3,0,0,5,1993.780724220221,1.0,-13.1
25.75,122,AV,0,9,8,8,4,0,0,42,2212.8825544422834,0.4,-10.3
32.81666666666667,29,AV,2,3,3,4,7,0,0,45,793.0252767736928,0.5,-16.408333333333335
29.3,4,AV,0,5,7,8,3,0,0,44,3773.073658575576,1.0,-29.3
13.483333333333333,79,AV,1,1,4,0,8,0,0,20,5899.132481879994,0.2,-2.6966666666666668
38.016666666666666,264,AV,0,4,2,9,6,0,0,54,6007.794801579103,0.3,-11.405
35.1,119,AV,1,0,4,2,5,0,0,68,3822.7735841463273,0.1,-3.5100000000000002
16.683333333333334,263,AV,1,3,7,6,0,0,0,31,4547.885280126284,0.4,-6.673333333333334
36.666666666666664,187,AV,2,3,1,2,6,0,0,51,6130.868263041086,0.2,-7.333333333333333
29.066666666666666,92,AV,2,0,1,5,2,0,0,35,2187.907521251699,0.2,-5.8133333333333335
34.56666666666667,210,AV,2,2,2,5,7,0,0,45,473.5024380788758,0.1,-3.456666666666667
29.883333333333333,190,AV,1,3,4,3,7,0,0,55,626.2908344343901,1.0,-29.883333333333333
31.916666666666668,251,AV,2,2,1,0,21,0,0,45,1020.5842314575186,0.8,-25.533333333333335
30.283333333333335,235,AV,1,0,4,4,8,0,0,53,1291.7462447339112,0.6,-18.17
32.6,56,AV,1,2,6,7,6,0,0,58,3824.993837156676,0.1,-3.2600000000000002
23.333333333333332,96,AV,1,3,9,1,3,0,0,44,6563.608435155774,0.3,-6.999999999999999
16.45,98,AV,1,1,7,0,1,0,0,29,5702.616109653807,0.3,-4.935
33.7,11,AV,1,1,6,3,8,0,0,64,4968.170350229253,0.3,-10.110000000000001
36.13333333333333,270,AV,0,6,0,5,3,0,0,54,8011.326014866212,0.6,-21.68
13.516666666666667,194,AV,0,4,1,4,1,0,0,31,539.5213747330826,0.1,-1.3516666666666668
29.566666666666666,141,AV,2,1,3,1,8,0,0,45,3048.604611013583,0.1,-2.956666666666667
34.516666666666666,124,AV,1,2,6,4,0,0,0,62,5825.425317043349,0.1,-3.4516666666666667
20.683333333333334,260,AV,1,3,6,4,0,0,0,38,591.6693204447811,1.0,-20.683333333333334
23.566666666666666,91,AV,1,2,5,4,4,0,0,45,9667.367812467324,0.3,-7.069999999999999
28.883333333333333,278,AV,1,3,5,3,2,0,0,53,1530.6528609905624,0.2,-5.776666666666667
30.933333333333334,15,AV,1,2,9,1,8,0,0,56,5158.4050556257225,0.2,-6.186666666666667
13.416666666666666,248,AV,1,1,6,0,4,0,0,17,1150.2916000513435,0.6,-8.049999999999999
45.016666666666666,199,AV,0,8,3,6,12,0,0,59,1089.3140785512585,0.7,-31.511666666666663
40.13333333333333,110,AV,2,2,0,4,9,0,0,52,4687.914961676448,0.1,-4.013333333333334
37.88333333333333,176,AV,0,4,2,1,2,0,0,55,2398.572127464108,0.6,-22.73
23.2,282,AV,1,1,8,5,13,0,0,44,3414.9419898187493,1.0,-23.2
19.216666666666665,207,AV,1,0,7,4,0,0,0,33,1541.4014724042315,0.7,-13.451666666666664
14.666666666666666,73,AV,1,2,6,6,0,0,0,23,913.5589076746268,0.6,-8.799999999999999
26.533333333333335,261,AV,1,1,7,5,1,0,0,49,3274.575105225111,0.1,-2.6533333333333338
35.05,195,AV,2,1,3,1,8,0,0,48,699.2977112166509,0.2,-7.01
21.133333333333333,200,AV,1,1,6,7,3,0,0,40,11940.25564443948,0.6,-12.68
17.133333333333333,219,AV,0,7,8,0,14,0,0,35,2260.56382504795,0.4,-6.8533333333333335
37.38333333333333,32,AV,1,0,7,4,0,0,0,71,2022.4315636845977,0.3,-11.215
20.833333333333332,103,AV,1,1,6,1,0,0,0,41,4569.840806868062,0.3,-6.249999999999999
19.983333333333334,230,AV,1,3,5,7,7,0,0,36,6995.337061486569,0.1,-1.9983333333333335
37.233333333333334,175,AV,1,2,9,7,1,0,0,76,3097.4575811220984,0.7,-26.063333333333333
29.4,220,AV,0,7,3,1,6,0,0,47,4577.590037133467,0.3,-8.819999999999999
58.833333333333336,39,AV,0,8,4,1,3,0,0,77,741.34301771214,0.3,-17.65
19.733333333333334,177,AV,1,0,5,6,3,0,0,34,2139.4702648744856,0.4,-7.893333333333334
22.8,204,AV,1,3,5,6,1,0,0,43,2105.159940183184,0.1,-2.2800000000000002
55.11666666666667,76,AV,0,8,1,0,0,0,0,75,1538.317647081207,1.0,-55.11666666666667
15.45,100,AV,0,5,1,0,0,0,0,33,4434.023444374438,1.0,-15.45
32.46666666666667,208,AV,2,2,3,4,5,0,0,44,17322.90883950548,1.0,-32.46666666666667
44.416666666666664,269,AV,2,1,2,4,19,0,0,64,975.0940381265832,1.0,-44.416666666666664
35.68333333333333,0,AV,1,3,9,1,2,0,0,72,5502.789496653042,0.1,-3.5683333333333334
18.95,74,AV,1,3,9,1,3,0,0,36,1317.647826688136,1.0,-18.95
30.45,241,AV,2,3,3,0,5,0,0,39,1454.957177165027,0.1,-3.045
15.6,80,AV,0,4,5,6,2,0,0,32,3456.1529418207683,0.1,-1.56
33.21666666666667,272,AV,1,0,4,0,1,0,0,59,2744.255474143275,0.7,-23.251666666666665
15.966666666666667,222,AV,1,3,5,6,2,0,0,27,2088.64210540395,1.0,-15.966666666666667
23.35,28,AV,2,2,3,2,11,0,0,27,1824.367004680513,0.5,-11.675
15.6,61,AV,1,3,8,5,3,0,0,28,1260.6549751070208,0.7,-10.92
