travel_time,id,kind,action,origin,destination,start_time,income,urgency,reward,observation,cost_table
52.1,291,AV,1,0,0,99,11861.36896338871,0.1,-15.60548795435737,"0.0,0.3311559139784946,0.32031666666666664,0.1,0.99,0.5860583346804944","0,0,0"
22.233333333333334,66,AV,2,0,0,3,1135.438045570021,0.3,-1.9124676171596058,"0.0,0.29889075630252104,0.3373125,0.3,0.03,0.05610085414032447","0,0,0"
24.816666666666666,262,AV,2,0,0,17,5912.288420941998,0.3,-11.115400831796256,"0.0,0.30741475826972015,0.3348518518518519,0.3,0.17,0.2921202364434439","0,0,0"
44.7,39,AV,2,0,0,89,881.2906222289953,0.2,-1.989580344123035,"0.0,0.3126584699453552,0.3188796296296296,0.2,0.89,0.04354368505248021","0,0,0"
17.4,264,AV,1,0,0,13,6130.868263041086,0.4,-10.775465432011606,"0.0,0.277425925925926,0.2809393939393939,0.4,0.13,0.3029200470429381","0,0,0"
30.7,62,AV,1,0,0,46,1104.4445206976068,0.1,-0.8562234036721346,"0.0,0.32878571428571424,0.33588541666666666,0.1,0.46,0.05456949518600221","0,0,0"
41.766666666666666,281,AV,2,0,0,75,8475.089255911002,0.4,-35.755174537563924,"0.15166666666666667,0.274301282051282,0.3204444444444444,0.4,0.75,0.41874565329841523","0,0,0"
37.35,162,AV,1,0,0,67,2538.843693606908,0.2,-4.789182422031213,"0.18516666666666665,0.37617528735632183,0.3784855072463768,0.2,0.67,0.12544171854715278","0,0,0"
34.61666666666667,19,AV,1,0,0,59,617.4453946714843,0.3,-1.6192349554705465,"0.0,0.2752177419354839,0.32234722222222223,0.3,0.59,0.03050735719243069","0,0,0"
45.53333333333333,205,AV,2,0,0,95,3458.1247672483346,0.3,-11.928783919346527,"0.0,0.3425819672131148,0.3548796296296296,0.3,0.95,0.17086247367116114","0,0,0"
29.466666666666665,175,AV,1,0,0,45,2815.231094880572,0.4,-8.379341036614228,"0.08816666666666667,0.2923097222222223,0.321859649122807,0.4,0.45,0.1390977426213619","0,0,0"
41.28333333333333,101,AV,1,0,0,81,1592.6375082496468,0.2,-3.320676016779777,"0.0,0.30850925925925926,0.3013452380952381,0.2,0.81,0.0786906206792357","0,0,0"
23.216666666666665,49,AV,1,0,0,28,959.5289757906356,1.0,-5.62552131008567,"0.0,0.35192717086834735,0.33561904761904765,1.0,0.28,0.04740936357053375","0,0,0"
39.983333333333334,24,AV,1,0,0,71,640.5426603936758,0.1,-0.6467431996146583,"0.18683333333333332,0.3328373333333333,0.38316666666666666,0.1,0.71,0.03164856990797825","0,0,0"
49.3,45,AV,1,0,0,98,912.6272274022258,0.5,-5.680874029157795,"0.0,0.3264635416666667,0.32562499999999994,0.5,0.98,0.04509199526010037","0,0,0"
34.516666666666666,108,AV,1,0,0,57,1649.648602545546,0.3,-4.313664464484629,"0.0,0.34342460317460316,0.3853214285714286,0.3,0.57,0.08150748162374356","0,0,0"
13.466666666666667,289,AV,1,0,0,3,11515.391842589095,0.3,-11.74802602122726,"0.0,0.30941015625,0.32598484848484843,0.3,0.03,0.5689639524149042","0,0,0"
38.733333333333334,278,AV,1,0,0,72,8139.327108000771,0.3,-23.883581059335597,"0.0,0.31309734513274334,0.2988,0.3,0.72,0.40215598259005225","0,0,0"
27.75,96,AV,2,0,0,16,1530.0661682302475,0.4,-4.288821835190846,"0.0,0.3723569553805774,0.34274358974358976,0.4,0.16,0.07559903357460358","0,0,0"
41.733333333333334,297,AV,1,0,0,78,17322.90883950548,1.0,-182.56129517727996,"0.0,0.3360406162464986,0.3802549019607844,1.0,0.78,0.8559075379611304","0,0,0"
15.35,271,AV,1,0,0,5,7334.728577480919,0.3,-8.529400277600915,"0.0,0.3057330623306233,0.34039215686274515,0.3,0.05,0.3624015768095477","0,0,0"
34.516666666666666,127,AV,2,0,0,45,1888.2149669861096,0.3,-4.9374914098841325,"0.0,0.30106317204301075,0.3146111111111111,0.3,0.45,0.09329480623074009","0,0,0"
26.033333333333335,54,AV,2,0,0,25,1022.032321197676,0.1,-0.6718916185651389,"0.0,0.3437222222222222,0.33364285714285713,0.1,0.25,0.05049759112961852","0,0,0"
21.133333333333333,91,AV,2,0,0,5,1496.328062426438,0.1,-0.7985454474565336,"0.0,0.31438157894736846,0.3240083333333334,0.1,0.05,0.07393206763132296","0,0,0"
13.183333333333334,158,AV,1,0,0,0,2496.2043409386315,0.2,-1.662035045187254,"0.0,0.2741818181818182,0.2991666666666667,0.2,0.0,0.12333495093088893","0,0,0"
46.43333333333333,157,AV,1,0,0,90,2486.38103050259,0.1,-2.91542826219706,"0.08816666666666667,0.31167060367454075,0.28470833333333334,0.1,0.9,0.12284959102235175","0,0,0"
18.65,105,AV,1,0,0,15,1626.914224999384,1.0,-7.66210866066629,"0.0,0.35275000000000006,0.34621428571428575,1.0,0.15,0.0803841988487261","0,0,0"
20.616666666666667,152,AV,1,0,0,20,2398.572127464108,0.1,-1.248751566360733,"0.0,0.30942222222222227,0.3258421052631579,0.1,0.2,0.11851104126104732","0,0,0"
27.616666666666667,250,AV,2,0,0,27,5158.4050556257225,0.1,-3.5974230543652452,"0.0,0.3540564738292011,0.337921052631579,0.1,0.27,0.2548716160705086","0,0,0"
29.866666666666667,191,AV,1,0,0,46,3048.604611013583,0.1,-2.2992842857476186,"0.0,0.31748985507246374,0.3569444444444445,0.1,0.46,0.15062849380578247","0,0,0"
49.483333333333334,27,AV,1,0,0,96,727.2326469992182,0.3,-2.726204203207928,"0.0,0.2809223300970874,0.30735714285714283,0.3,0.96,0.03593183513143892","0,0,0"
21.0,231,AV,1,0,0,23,4549.115907877681,0.3,-7.237229853441764,"0.18683333333333332,0.29247018970189703,0.3238020833333334,0.3,0.23,0.22476725085176577","0,0,0"
47.483333333333334,202,AV,1,0,0,94,3387.2787239910285,0.3,-12.18479429880106,"0.0,0.3300798898071626,0.3154555555555556,0.3,0.94,0.16736204178524355","0,0,0"
19.016666666666666,218,AV,1,0,0,18,3793.837230001502,0.1,-1.8218721714779942,"0.0,0.3393279132791328,0.3361960784313725,0.1,0.18,0.18744968948578491","0,0,0"
34.86666666666667,130,AV,2,0,0,57,1927.298426803608,0.2,-3.393862212856185,"0.0,0.2672567204301075,0.30982291666666667,0.2,0.57,0.09522588075045987","0,0,0"
25.65,171,AV,1,0,0,34,2767.495209174315,0.5,-8.96291062062136,"0.0,0.32333595800524934,0.3555694444444445,0.5,0.34,0.1367391604233156","0,0,0"
35.21666666666667,208,AV,1,0,0,62,3558.5090095449787,0.2,-6.329233617145236,"0.0,0.298935261707989,0.3265087719298246,0.2,0.62,0.17582235832276605","0,0,0"
45.55,232,AV,1,0,0,86,4559.760277629775,0.6,-31.46925464333882,"0.15166666666666667,0.27803070175438604,0.33534444444444444,0.6,0.86,0.2252931784769742","0,0,0"
28.233333333333334,156,AV,2,0,0,24,2478.182963693478,0.5,-8.834263342796197,"0.0,0.36176092896174866,0.40057575757575753,0.5,0.24,0.12244453277008954","0,0,0"
23.383333333333333,143,AV,1,0,0,22,2218.0502812558643,0.4,-5.238930209767639,"0.0,0.29891120218579237,0.3057941176470588,0.4,0.22,0.10959163803796217","0,0,0"
32.85,183,AV,1,0,0,53,2953.464044858564,1.0,-24.500326735758545,"0.18516666666666665,0.33529802259887004,0.3339848484848485,1.0,0.53,0.1459276939290168","0,0,0"
31.0,132,AV,1,0,0,50,1945.516475481125,0.3,-4.569015965145066,"0.0,0.292858630952381,0.3296282051282051,0.3,0.5,0.09612601624932422","0,0,0"
49.916666666666664,26,AV,1,0,0,97,676.2529471816457,0.6,-5.114589840426841,"0.0,0.37033604336043363,0.34484313725490195,0.6,0.97,0.033412979334117666","0,0,0"
29.333333333333332,176,AV,2,0,0,14,2818.3733061874163,0.4,-8.35073572203679,"0.0,0.31029838709677415,0.35075,0.4,0.14,0.13925299612805134","0,0,0"
26.116666666666667,172,AV,2,0,0,12,2793.3389947689566,0.3,-5.526719955559287,"0.15166666666666667,0.36376984126984124,0.3560000000000001,0.3,0.12,0.13801607592895285","0,0,0"
49.81666666666667,203,AV,1,0,0,100,3389.778327720714,0.3,-12.792989168632847,"0.0,0.3348033854166667,0.3361805555555555,0.3,1.0,0.1674855446965603","0,0,0"
39.266666666666666,20,AV,1,0,0,66,623.7253316558669,0.2,-1.2369502368528806,"0.0,0.3142893333333333,0.34620000000000006,0.2,0.66,0.03081764257536799","0,0,0"
35.96666666666667,190,AV,2,0,0,44,3046.5766145774583,0.2,-5.534101291463094,"0.0,0.31774492753623185,0.3406333333333334,0.2,0.44,0.15052829253746666","0,0,0"
43.21666666666667,46,AV,1,0,0,83,934.0011274976006,0.9,-9.173730771216963,"0.0,0.28850132275132273,0.3015714285714286,0.9,0.83,0.04614805820984811","0,0,0"
28.7,193,AV,1,0,0,43,3101.095365071405,0.7,-15.73257724350619,"0.0,0.30674041297935106,0.3008921568627451,0.7,0.43,0.15322200927639995","0,0,0"
36.93333333333333,283,AV,1,0,0,63,8795.495569618428,0.3,-24.609618917013172,"0.0,0.3034603174603175,0.3148452380952381,0.3,0.63,0.43457660765217343","0,0,0"
41.61666666666667,284,AV,1,0,0,76,8981.750106371177,1.0,-94.39154046973412,"0.0,0.27340289855072464,0.3130490196078431,1.0,0.76,0.4437792573608979","0,0,0"
22.316666666666666,181,AV,1,0,0,25,2909.8477340427667,0.2,-3.279702117746856,"0.0,0.3471222222222222,0.3753095238095237,0.2,0.25,0.1437726557913017","0,0,0"
23.133333333333333,209,AV,1,0,0,26,3628.2404526711953,0.2,-4.239055343693281,"0.135,0.3156766381766382,0.32673529411764707,0.2,0.26,0.1792677189349818","0,0,0"
13.55,274,AV,1,0,0,0,7572.106998522375,1.0,-25.909608542923785,"0.08483333333333333,0.3215598290598291,0.34153571428571433,1.0,0.0,0.37413020632558763","0,0,0"
45.95,38,AV,1,0,0,89,877.2934597877683,0.2,-2.035941135214543,"0.0,0.3347069444444444,0.2969166666666666,0.2,0.89,0.04334618926839462","0,0,0"
46.233333333333334,121,AV,1,0,0,85,1824.367004680513,0.1,-2.129963834589118,"0.0,0.2845747126436781,0.3188095238095238,0.1,0.85,0.09014014250035135","0,0,0"
33.5,106,AV,1,0,0,57,1635.9686818612918,1.0,-13.839634051099312,"0.15166666666666667,0.2681536231884058,0.3052543859649123,1.0,0.57,0.08083157047389894","0,0,0"
19.85,163,AV,1,0,0,15,2553.8725848963804,0.1,-1.2801608790452816,"0.0,0.28223307291666666,0.33100000000000007,0.1,0.15,0.1261842809805775","0,0,0"
18.466666666666665,201,AV,1,0,0,12,3386.12741774329,0.1,-1.5790526847052042,"0.0,0.3366154855643045,0.35234615384615386,0.1,0.12,0.16730515689916173","0,0,0"
41.68333333333333,239,AV,2,0,0,62,4662.282088415262,0.1,-4.907562080440475,"0.0,0.345994708994709,0.35826190476190467,0.1,0.62,0.23035867824203715","0,0,0"
16.933333333333334,89,AV,1,0,0,8,1467.6871321740252,0.6,-3.7655811269919433,"0.15166666666666667,0.2908783068783069,0.3103076923076923,0.6,0.08,0.07251694801576773","0,0,0"
49.333333333333336,166,AV,1,0,0,98,2629.980017260476,0.2,-6.552812164218022,"0.0,0.3483756410256411,0.36175,0.2,0.98,0.1299446728211638","0,0,0"
35.68333333333333,160,AV,2,0,0,70,2530.9644311939346,0.1,-2.2806375619470596,"0.0,0.353157960199005,0.34011111111111114,0.1,0.7,0.12505241210010515","0,0,0"
29.166666666666668,28,AV,2,0,0,31,753.7709081553346,0.2,-1.1103527687473365,"0.0,0.3387850877192982,0.3292,0.2,0.31,0.03724306397749163","0,0,0"
25.75,196,AV,1,0,0,36,3257.3450634265246,0.5,-10.590484265559724,"0.0,0.34750656167979005,0.3375769230769231,0.5,0.36,0.1609421500371313","0,0,0"
44.53333333333333,147,AV,2,0,0,92,2283.7291705859197,0.3,-7.704702454299972,"0.0,0.29787288135593226,0.33204545454545453,0.3,0.92,0.1128367660348439","0,0,0"
44.7,40,AV,1,0,0,86,892.1845339920479,0.4,-4.028348350448944,"0.0,0.3831906779661018,0.3618333333333333,0.4,0.86,0.044081942297973305","0,0,0"
17.5,220,AV,1,0,0,8,3898.759045987068,0.1,-1.7229364470902446,"0.0,0.38630025445292626,0.35127777777777774,0.1,0.08,0.19263377109878843","0,0,0"
47.68333333333333,259,AV,1,0,0,94,5721.231751015957,0.1,-6.889075774266268,"0.0,0.3468015873015873,0.36996428571428575,0.1,0.94,0.2826803181547486","0,0,0"
37.61666666666667,174,AV,1,0,0,64,2813.5576138103806,0.1,-2.672642901670888,"0.15166666666666667,0.2978509485094851,0.3369111111111111,0.1,0.64,0.1390150576014335","0,0,0"
18.866666666666667,140,AV,1,0,0,15,2142.030696222753,0.1,-1.0205297761465306,"0.0,0.35737795275590556,0.3579230769230769,0.1,0.15,0.10583558664582342","0,0,0"
24.2,69,AV,2,0,0,3,1150.4391077840953,0.6,-4.2182767285416825,"0.0,0.33020833333333327,0.3434027777777778,0.6,0.03,0.056842041567067104","0,0,0"
43.9,92,AV,1,0,0,82,1509.578116022191,0.2,-3.3469939037057665,"0.0,0.3519695767195767,0.3397380952380953,0.2,0.82,0.07458673947980204","0,0,0"
19.9,8,AV,1,0,0,19,542.8991684878858,0.1,-0.27282054174012443,"0.18683333333333332,0.3566765536723164,0.38050000000000006,0.1,0.19,0.02682410298216846","0,0,0"
20.966666666666665,53,AV,1,0,0,22,1017.530975349866,0.5,-2.6937162605011182,"0.0,0.368525641025641,0.38555882352941173,0.5,0.22,0.050275184149485695","0,0,0"
24.333333333333332,169,AV,1,0,0,28,2754.938443140308,0.4,-6.7713975201765155,"0.0,0.33235,0.34620000000000006,0.4,0.28,0.13611874321737782","0,0,0"
39.65,256,AV,1,0,0,71,5502.789496653042,0.2,-11.01947492637844,"0.0,0.3433715596330275,0.329375,0.2,0.71,0.27188730562719554","0,0,0"
43.35,4,AV,1,0,0,83,506.5869000089976,0.5,-2.7727957216401578,"0.0,0.33512800000000004,0.34964444444444437,0.5,0.83,0.025029950244917432","0,0,0"
47.6,36,AV,1,0,0,92,859.2772315809713,0.4,-4.131474365985277,"0.0,0.29946341463414633,0.3044848484848485,0.4,0.92,0.042456025516412095","0,0,0"
30.416666666666668,206,AV,1,0,0,45,3523.1638559153366,0.1,-2.7061338539753743,"0.0,0.3177877604166667,0.33037500000000003,0.1,0.45,0.1740759897594787","0,0,0"
37.85,184,AV,1,0,0,68,2965.4163440895786,0.4,-11.337475618564703,"0.0,0.28975134408602155,0.28925,0.4,0.68,0.14651824503694982","0,0,0"
23.833333333333332,215,AV,1,0,0,28,3758.845856207275,1.0,-22.62268339384008,"0.0,0.2728407079646018,0.28718888888888894,1.0,0.28,0.18572080082906037","0,0,0"
29.85,261,AV,1,0,0,44,5899.132481879994,0.1,-4.446694560204995,"0.0,0.32050516795865636,0.37942424242424244,0.1,0.44,0.29147021469961026","0,0,0"
43.86666666666667,199,AV,1,0,0,81,3366.895459871004,0.1,-3.729658607062493,"0.0,0.35148706896551724,0.36423809523809525,0.1,0.81,0.16635492516469105","0,0,0"
40.88333333333333,214,AV,1,0,0,75,3752.1132597063192,0.7,-27.1159666592665,"0.0,0.30518627450980396,0.3491979166666666,0.7,0.75,0.1853881499937643","0,0,0"
27.783333333333335,79,AV,1,0,0,40,1317.647826688136,0.1,-0.9244608278994626,"0.0,0.30217333333333335,0.3246,0.1,0.4,0.06510365653304864","0,0,0"
44.266666666666666,86,AV,1,0,0,85,1411.5824788559885,0.1,-1.5779305824248762,"0.0,0.3621653846153846,0.3751166666666667,0.1,0.85,0.06974487341013964","0,0,0"
33.483333333333334,31,AV,1,0,0,55,793.0252767736928,0.1,-0.670533577878093,"0.0,0.28534347826086964,0.3315888888888889,0.1,0.55,0.0391825829295129","0,0,0"
28.5,275,AV,1,0,0,42,7612.519032757181,0.2,-10.957413759271699,"0.0,0.3150221238938053,0.3372777777777778,0.2,0.42,0.3761269243737155","0,0,0"
30.466666666666665,6,AV,1,0,0,45,522.440884226393,0.1,-0.401945259413235,"0.0,0.3157313218390804,0.3346458333333333,0.1,0.45,0.02581327969172718","0,0,0"
17.533333333333335,136,AV,1,0,0,9,2113.1349678504243,0.7,-6.54929541382598,"0.0,0.3034097859327217,0.33954761904761904,0.7,0.09,0.10440787771091574","0,0,0"
49.86666666666667,110,AV,1,0,0,97,1664.0464513081895,0.2,-4.190931803294699,"0.0,0.31166944444444444,0.3154222222222222,0.2,0.97,0.08221886487932402","0,0,0"
37.28333333333333,95,AV,1,0,0,66,1528.3774584247917,0.4,-5.755859216323668,"0.0,0.38423385012919903,0.38693939393939397,0.4,0.66,0.07551559611815158","0,0,0"
40.7,149,AV,1,0,0,74,2329.0008356791827,0.4,-9.574781213347752,"0.0,0.26531436314363144,0.2996078431372549,0.4,0.74,0.1150735935658535","0,0,0"
16.666666666666668,41,AV,1,0,0,8,898.3728471886773,0.2,-0.7562061003271695,"0.0,0.32673983739837403,0.3488823529411765,0.2,0.08,0.044387700641524724","0,0,0"
26.433333333333334,61,AV,1,0,0,38,1100.389953660579,0.1,-0.7345195566101341,"0.3025,0.28605840455840453,0.33601190476190473,0.1,0.38,0.05436916309845774","0,0,0"
45.61666666666667,286,AV,2,0,0,78,9280.176126726552,0.2,-21.380338433375904,"0.0,0.2956266666666667,0.3158111111111111,0.2,0.78,0.4585241874827607","0,0,0"
16.066666666666666,227,AV,1,0,0,7,4237.057085974603,1.0,-17.190753496967666,"0.0,0.28081364829396316,0.3309722222222222,1.0,0.07,0.20934873768929974","0,0,0"
31.95,100,AV,1,0,0,50,1587.6148581174584,0.1,-1.2809165332538583,"0.0,0.29786197916666673,0.3005277777777778,0.1,0.5,0.07844245657766878","0,0,0"
28.466666666666665,165,AV,1,0,0,42,2612.3907844155665,0.1,-1.877930749066409,"0.0,0.3158058103975535,0.32359523809523816,0.1,0.42,0.12907560648141725","0,0,0"
35.65,113,AV,2,0,0,50,1703.2333497257905,0.5,-7.666700620924802,"0.0,0.3360495867768595,0.31831944444444443,0.5,0.5,0.08415505019644881","0,0,0"
30.233333333333334,224,AV,1,0,0,49,3958.913906791885,0.3,-9.067512407727877,"0.0,0.3204930555555556,0.32325833333333337,0.3,0.49,0.19560596239095915","0,0,0"
42.35,229,AV,1,0,0,81,4412.688598555705,0.1,-4.719125306788741,"0.0,0.2583725490196079,0.29761764705882354,0.1,0.81,0.21802651443652019","0,0,0"
25.333333333333332,21,AV,1,0,0,30,627.4062491148882,0.7,-2.809597007820879,"0.0,0.37739466666666666,0.36252222222222225,0.7,0.3,0.0309995130123124","0,0,0"
32.333333333333336,125,AV,1,0,0,54,1848.7234685638712,0.6,-9.056877598519975,"0.18516666666666665,0.29980530973451325,0.3371875,0.6,0.54,0.09134357093312716","0,0,0"
40.483333333333334,292,AV,2,0,0,71,12726.503958899895,0.4,-52.041545650114216,"0.0,0.31061199999999994,0.3560555555555556,0.4,0.71,0.6288037864329918","0,0,0"
42.583333333333336,60,AV,1,0,0,82,1089.3140785512585,0.6,-7.0282764411577405,"0.0,0.3644407713498623,0.3471111111111111,0.6,0.82,0.05382191522667051","0,0,0"
32.0,98,AV,1,0,0,51,1552.9853059451273,0.2,-2.5098752419315193,"0.0,0.3639674479166668,0.3734166666666666,0.2,0.51,0.07673144516410514","0,0,0"
47.68333333333333,253,AV,2,0,0,98,5427.330032863625,0.1,-6.5351814915921,"0.0,0.33203929539295396,0.3505392156862745,0.1,0.98,0.26815892926348833","0,0,0"
40.05,13,AV,2,0,0,73,597.1498506777683,1.0,-6.039356444354702,"0.0,0.3150833333333333,0.3234375,1.0,0.73,0.029504574735270385","0,0,0"
28.583333333333332,146,AV,1,0,0,44,2280.385817754286,0.6,-9.875913326890405,"0.0,0.3934607046070461,0.393813725490196,0.6,0.44,0.1126715743273096","0,0,0"
26.516666666666666,118,AV,1,0,0,35,1797.659883656486,0.5,-6.018680292292655,"0.0,0.33550666666666673,0.35578888888888893,0.5,0.35,0.08882057045771759","0,0,0"
16.683333333333334,161,AV,1,0,0,8,2533.2754137277425,0.5,-5.336297746509827,"0.18516666666666665,0.34568732782369155,0.3638888888888889,0.5,0.08,0.12516659542746134","0,0,0"
50.6,15,AV,1,0,0,99,601.3137559373858,0.1,-0.768345354808882,"0.0,0.35449867724867723,0.36797619047619046,0.1,0.99,0.029710309114645228","0,0,0"
19.7,43,AV,1,0,0,15,904.859336063587,0.4,-1.8005786788336022,"0.08483333333333333,0.327376,0.3260595238095238,0.4,0.15,0.044708191546047354","0,0,0"
29.516666666666666,242,AV,2,0,0,37,4717.175795221327,0.1,-3.516043069586267,"0.0,0.309848,0.3387222222222222,0.1,0.37,0.23307092119599135","0,0,0"
33.31666666666667,228,AV,1,0,0,54,4245.708624069837,0.3,-10.716125681206572,"0.0,0.29457161458333336,0.3274999999999999,0.3,0.54,0.20977620150263931","0,0,0"
51.166666666666664,216,AV,1,0,0,99,3773.073658575576,0.2,-9.750282939248331,"0.08483333333333333,0.2871169354838709,0.32592222222222217,0.2,0.99,0.1864237822629797","0,0,0"
48.56666666666667,296,AV,1,0,0,96,15725.918848752755,1.0,-192.8675400895014,"0.16841666666666666,0.2701584022038567,0.2843333333333333,1.0,0.96,0.7770018654902042","0,0,0"
23.066666666666666,37,AV,2,0,0,11,863.3540159882258,0.2,-1.0057928940468892,"0.0,0.3282093023255813,0.3353333333333333,0.2,0.11,0.04265745534191888","0,0,0"
48.95,135,AV,1,0,0,97,2088.64210540395,0.1,-2.581793713624328,"0.15166666666666667,0.315327868852459,0.32010784313725493,0.1,0.97,0.10319770996204586","0,0,0"
13.7,273,AV,1,0,0,3,7511.51421120444,0.3,-7.796041264659152,"0.18683333333333332,0.3611587301587301,0.3443846153846154,0.3,0.03,0.3711363775239707","0,0,0"
29.7,276,AV,1,0,0,45,7958.958807233507,0.1,-5.969219105425131,"0.0,0.2638576051779935,0.3061354166666666,0.1,0.45,0.3932441658930853","0,0,0"
51.55,124,AV,1,0,0,100,1838.9541098615327,0.1,-2.3938910192768184,"0.0,0.3959549180327868,0.39187037037037037,0.1,1.0,0.09086087672559844","0,0,0"
34.46666666666667,234,AV,1,0,0,57,4577.590037133467,0.4,-15.936794944094293,"0.0,0.2965347222222222,0.3047833333333333,0.4,0.57,0.2261741289975035","0,0,0"
34.43333333333333,76,AV,1,0,0,57,1279.3396024785957,0.4,-4.449689593806025,"0.0,0.30155284552845535,0.3063921568627451,0.4,0.57,0.06321088562657848","0,0,0"
40.15,279,AV,1,0,0,72,8331.964781214912,0.2,-16.895373028574685,"0.15166666666666667,0.3593224932249322,0.31250000000000006,0.2,0.72,0.4116740166642871","0,0,0"
40.916666666666664,295,AV,1,0,0,76,14754.343640924068,0.5,-76.22456573751806,"0.0,0.3166968390804598,0.3011372549019608,0.5,0.76,0.7289973096860264","0,0,0"
34.88333333333333,59,AV,1,0,0,61,1083.524948441525,0.4,-3.8178749445927815,"0.15166666666666667,0.2655888888888889,0.2872604166666667,0.4,0.61,0.053535880118764236","0,0,0"
16.716666666666665,290,AV,1,0,0,13,11662.42845360034,0.2,-9.846309544580086,"0.0,0.27764566929133855,0.29325641025641025,0.2,0.13,0.5762288837775733","0,0,0"
50.5,83,AV,1,0,0,99,1365.417472605012,0.4,-6.965008319853851,"0.0,0.3341922043010754,0.3046060606060606,0.4,0.99,0.06746390678921493","0,0,0"
31.55,268,AV,1,0,0,49,7081.334819999852,0.1,-5.641821049772609,"0.08483333333333333,0.2839092140921409,0.27980208333333334,0.1,0.49,0.34988164559535495","0,0,0"
20.533333333333335,270,AV,1,0,0,20,7130.271245067938,0.2,-7.39435536525564,"0.0,0.31576422764227646,0.32605128205128203,0.2,0.2,0.3522995452382328","0,0,0"
18.183333333333334,88,AV,1,0,0,17,1447.5744631551047,0.5,-3.323450629844738,"0.0,0.3550782608695652,0.3821666666666666,0.5,0.17,0.07152320122755207","0,0,0"
27.183333333333334,221,AV,1,0,0,36,3919.41152379869,0.4,-10.76188585069977,"0.0,0.33196448087431696,0.36588235294117644,0.4,0.36,0.1936541892976206","0,0,0"
26.85,16,AV,1,0,0,36,610.4868582393152,0.6,-2.4835715369281237,"0.0,0.31758,0.3131777777777778,0.6,0.36,0.03016354289191967","0,0,0"
14.2,226,AV,1,0,0,3,4135.471393234625,0.2,-2.96584312040059,"0.08816666666666667,0.35267777777777787,0.3233684210526316,0.2,0.03,0.20432949057724065","0,0,0"
24.683333333333334,189,AV,1,0,0,29,3032.1279287666234,1.0,-18.899753630064684,"0.0,0.28041199999999994,0.31368888888888885,1.0,0.29,0.14981439747436257","0,0,0"
27.8,51,AV,1,0,0,41,985.8695826897422,0.5,-3.460501818027125,"0.0,0.35656666666666675,0.3625222222222223,0.5,0.41,0.04871082651814225","0,0,0"
30.433333333333334,280,AV,1,0,0,49,8436.938288223368,0.2,-12.967886628195178,"0.0,0.3093068181818182,0.30035416666666664,0.2,0.49,0.4168606522788469","0,0,0"
32.15,198,AV,1,0,0,53,3269.866339895674,0.1,-2.6547020916072204,"0.0,0.3751198347107438,0.38285087719298244,0.1,0.53,0.161560813739292","0,0,0"
23.383333333333333,299,AV,1,0,0,28,20239.22920549412,0.4,-47.804105345636785,"0.0,0.2814817708333333,0.3282083333333333,0.4,0.28,1.0","0,0,0"
26.883333333333333,200,AV,2,0,0,6,3368.9508766880413,0.4,-9.148346404205068,"0.0,0.3538091168091168,0.35278125000000005,0.4,0.06,0.16645648124650464","0,0,0"
46.06666666666667,77,AV,1,0,0,89,1282.6858023855964,0.3,-4.476443886103269,"0.0,0.3334779614325069,0.3353214285714286,0.3,0.89,0.06337621800524892","0,0,0"
42.2,144,AV,1,0,0,76,2255.9253983027734,0.1,-2.4040417123327535,"0.08816666666666667,0.33965466666666655,0.34975641025641024,0.1,0.76,0.11146300955425625","0,0,0"
38.7,245,AV,1,0,0,71,4925.450001742355,0.4,-19.254031824992847,"0.3025,0.3977507507507507,0.38970370370370366,0.4,0.71,0.24336154068581314","0,0,0"
18.75,58,AV,1,0,0,16,1074.3823512953045,0.8,-4.069630118542821,"0.18516666666666665,0.34606638418079094,0.3823636363636364,0.8,0.16,0.05308415357061393","0,0,0"
29.583333333333332,107,AV,1,0,0,44,1639.6236094811811,0.2,-2.449774332347724,"0.0,0.3058252688172043,0.3689111111111111,0.2,0.44,0.08101215677897904","0,0,0"
47.166666666666664,244,AV,1,0,0,92,4889.272753955773,0.1,-5.823502480511295,"0.0,0.3173468834688347,0.3338725490196078,0.1,0.92,0.24157405918544247","0,0,0"
21.016666666666666,194,AV,1,0,0,24,3132.463358685509,0.3,-4.987419564775791,"0.0,0.36206420765027325,0.37392592592592594,0.3,0.24,0.15477187035537765","0,0,0"
13.766666666666667,139,AV,1,0,0,2,2139.4702648744856,0.1,-0.7437720701962648,"0.0,0.30917607526881724,0.33246875,0.1,0.02,0.10570907830292801","0,0,0"
14.783333333333333,267,AV,1,0,0,2,6918.069898529506,0.1,-2.582629629627808,"0.0,0.26116533333333336,0.3043666666666667,0.1,0.02,0.34181488970200175","0,0,0"
34.016666666666666,230,AV,1,0,0,55,4549.070920567666,0.4,-15.630730216967352,"0.0,0.38769512195121947,0.39322549019607833,0.4,0.55,0.22476502807393375","0,0,0"
27.233333333333334,117,AV,1,0,0,38,1794.439334206041,1.0,-12.340546599716628,"0.0,0.3349213333333333,0.3359555555555555,1.0,0.38,0.08866144634198442","0,0,0"
37.56666666666667,148,AV,2,0,0,60,2294.767722006211,0.2,-4.3538774792946136,"0.0,0.303890756302521,0.32091228070175437,0.2,0.6,0.11338216978061968","0,0,0"
47.416666666666664,277,AV,1,0,0,91,8028.27043643778,0.1,-9.612975333192544,"0.0,0.35223472222222213,0.36122499999999996,0.1,0.91,0.39666878392080435","0,0,0"
23.0,272,AV,1,0,0,27,7336.658338656486,0.1,-4.261190449219677,"0.0,0.2774367816091954,0.3623205128205128,0.1,0.27,0.3624969243722426","0,0,0"
46.11666666666667,112,AV,1,0,0,92,1691.6338586686718,0.3,-5.910038998656837,"0.0,0.38420370370370377,0.3565111111111112,0.3,0.92,0.08358193098625824","0,0,0"
37.45,213,AV,1,0,0,61,3729.3449139509553,0.4,-14.107471416915486,"0.0,0.30773280423280425,0.3192499999999999,0.4,0.61,0.1842631888836256","0,0,0"
43.81666666666667,78,AV,2,0,0,86,1294.2551843223837,0.4,-5.7282775750564765,"0.0,0.3316263888888889,0.3481153846153846,0.4,0.86,0.06394784955402583","0,0,0"
13.266666666666667,254,AV,1,0,0,2,5458.612723313221,0.3,-5.486181474441065,"0.0,0.32238383838383833,0.2851875,0.3,0.02,0.2697045755987304","0,0,0"
39.6,57,AV,1,0,0,71,1062.4074567339185,0.2,-2.124814913467837,"0.0,0.33066228070175435,0.30281111111111114,0.2,0.71,0.052492486050087245","0,0,0"
34.71666666666667,237,AV,2,0,0,51,4645.51881630073,0.6,-24.43589821806672,"0.0,0.38295801526717554,0.3097962962962963,0.6,0.51,0.2295304217929239","0,0,0"
42.25,211,AV,2,0,0,72,3651.018124108644,0.3,-11.686023919968955,"0.0,0.3083266666666667,0.3244444444444444,0.3,0.72,0.18039314081771168","0,0,0"
13.033333333333333,116,AV,1,0,0,1,1783.933402668827,0.4,-2.3485453213586247,"0.0,0.4057351421188631,0.3650606060606061,0.4,0.01,0.08814235881001646","0,0,0"
25.216666666666665,269,AV,1,0,0,34,7099.697064525982,0.5,-22.604885645260545,"0.0,0.34680423280423284,0.3359047619047619,0.5,0.34,0.3507889056663633","0,0,0"
34.05,263,AV,1,0,0,55,5984.209260784091,0.7,-36.0185928613103,"0.08483333333333333,0.28091527777777775,0.303625,0.7,0.55,0.2956737729497932","0,0,0"
15.816666666666666,10,AV,1,0,0,6,567.9518330451218,0.4,-0.9073843258582839,"0.0,0.2703637566137566,0.30270238095238095,0.4,0.06,0.028061929991431995","0,0,0"
35.2,129,AV,1,0,0,62,1922.439846447592,0.9,-15.379518771580736,"0.0,0.3283860398860399,0.30295555555555553,0.9,0.62,0.09498582317184927","0,0,0"
41.0,235,AV,1,0,0,73,4617.1597275219765,0.2,-9.56078529436369,"0.0,0.2824077134986226,0.33025000000000004,0.2,0.73,0.22812922768168498","0,0,0"
25.216666666666665,52,AV,1,0,0,32,1014.5614647146556,0.7,-4.522399188885908,"0.0,0.39086693548387097,0.3669895833333333,0.7,0.32,0.05012846360963409","0,0,0"
21.016666666666666,126,AV,1,0,0,20,1862.7228332236152,0.1,-0.9885915373295365,"0.0,0.32095121951219513,0.34444117647058825,0.1,0.2,0.09203526548916015","0,0,0"
27.2,18,AV,1,0,0,41,616.3739675020589,0.1,-0.4233679776781819,"0.0,0.3098494623655914,0.33421875,0.1,0.41,0.030454419051430016","0,0,0"
34.88333333333333,179,AV,1,0,0,60,2872.269398564857,0.1,-2.5301598700320898,"0.0,0.2633974358974359,0.2979487179487179,0.1,0.6,0.1419159479544386","0,0,0"
14.733333333333333,192,AV,1,0,0,6,3064.640983136323,0.4,-4.560846176923417,"0.0,0.29150000000000004,0.31069607843137254,0.4,0.06,0.1514208348559242","0,0,0"
21.1,68,AV,1,0,0,24,1141.5133047894662,0.1,-0.6082305740166096,"0.18600000000000003,0.2978202898550724,0.34641025641025636,0.1,0.24,0.0564010266003407","0,0,0"
41.833333333333336,85,AV,1,0,0,81,1405.7852601227096,0.5,-7.4253388108333365,"0.0,0.3720095628415301,0.3831851851851852,0.5,0.81,0.0694584386514629","0,0,0"
39.88333333333333,145,AV,1,0,0,71,2276.662146114732,0.7,-16.050659768336647,"0.0,0.3071284153005464,0.3479444444444445,0.7,0.71,0.1124875914492194","0,0,0"
44.733333333333334,120,AV,1,0,0,85,1823.811293294481,0.1,-2.060231275758581,"0.0,0.31279871794871794,0.35466666666666663,0.1,0.85,0.09011268535856054","0,0,0"
15.066666666666666,255,AV,1,0,0,4,5480.041794665195,0.7,-14.594993466599897,"0.0,0.3502217847769029,0.3087179487179488,0.7,0.04,0.27076336450488875","0,0,0"
31.933333333333334,111,AV,1,0,0,53,1682.490559712908,0.1,-1.3567558553913854,"0.0,0.3094888888888888,0.2967333333333333,0.1,0.53,0.08313016976240285","0,0,0"
42.9,35,AV,1,0,0,82,857.6590975250949,0.1,-0.9291306889855195,"0.0,0.24079586563307495,0.31363636363636366,0.1,0.82,0.04237607513690668","0,0,0"
18.633333333333333,265,AV,1,0,0,15,6248.181898567973,0.2,-5.880023032490736,"0.0,0.31223538011695906,0.34568181818181815,0.2,0.15,0.3087163960212402","0,0,0"
21.15,186,AV,1,0,0,21,2969.8754393798326,0.3,-4.758550419915413,"0.0,0.39718434343434333,0.37400000000000005,0.3,0.21,0.1467385644594426","0,0,0"
31.583333333333332,123,AV,1,0,0,50,1832.3133019091129,0.1,-1.461377822861014,"0.0,0.2957837465564738,0.3306315789473684,0.1,0.5,0.09053276107035316","0,0,0"
37.03333333333333,266,AV,1,0,0,65,6434.117121135291,0.1,-6.017091011432077,"0.0,0.3740826771653543,0.3902564102564102,0.1,0.65,0.3179032687365728","0,0,0"
40.016666666666666,164,AV,1,0,0,72,2580.565825479665,0.2,-5.215436487354103,"0.0,0.35146892655367235,0.31633333333333336,0.2,0.72,0.12750316720456661","0,0,0"
19.65,287,AV,1,0,0,21,9884.322174397852,0.7,-34.33304331031375,"0.0,0.32590343915343917,0.3201166666666667,0.7,0.21,0.48837443728907737","0,0,0"
32.833333333333336,63,AV,1,0,0,53,1111.987968807459,0.3,-2.7659296698872406,"0.0,0.29025256410256417,0.3014333333333334,0.3,0.53,0.05494220938540485","0,0,0"
25.6,298,AV,1,0,0,25,17693.100214811147,0.5,-57.18981887615725,"0.0,0.2794191419141914,0.31785416666666666,0.5,0.25,0.874198322236906","0,0,0"
26.383333333333333,97,AV,1,0,0,31,1538.317647081207,0.3,-3.0746929739009476,"0.18516666666666665,0.34232471264367814,0.3518636363636363,0.3,0.31,0.07600673086224138","0,0,0"
40.71666666666667,138,AV,2,0,0,94,2131.3254046090938,0.4,-8.76570364218858,"0.0,0.33596223958333327,0.3856388888888889,0.4,0.94,0.10530664893258515","0,0,0"
44.03333333333333,11,AV,1,0,0,83,571.0932451196882,0.2,-1.270057536705569,"0.0,0.3906386554621848,0.34154761904761904,0.2,0.83,0.028217144008856807","0,0,0"
19.65,84,AV,1,0,0,19,1386.7650627050614,0.4,-2.752518533550955,"0.0,0.33868346253229975,0.340439393939394,0.4,0.19,0.0685186697885022","0,0,0"
31.983333333333334,241,AV,1,0,0,49,4689.4303597647895,0.2,-7.574930017162148,"0.0,0.31284469696969697,0.2781190476190476,0.2,0.49,0.2317000470794511","0,0,0"
22.9,170,AV,1,0,0,27,2756.9260540590044,0.1,-1.5942829959078584,"0.0,0.34518682795698924,0.3420520833333333,0.1,0.27,0.1362169490778143","0,0,0"
46.68333333333333,240,AV,1,0,0,89,4669.869929992837,0.3,-16.515537467057996,"0.0,0.3150067204301076,0.3687291666666666,0.3,0.89,0.23073358587812023","0,0,0"
34.05,73,AV,1,0,0,56,1240.6560786390864,0.7,-7.467433746051166,"0.0,0.2989879032258065,0.3181979166666667,0.7,0.56,0.06129957154209703","0,0,0"
27.316666666666666,159,AV,1,0,0,40,2497.1975937909187,0.1,-1.7226038957168839,"0.08483333333333333,0.3362704918032786,0.3766388888888889,0.1,0.4,0.12338402655734695","0,0,0"
23.35,56,AV,1,0,0,27,1059.8377785859489,0.4,-2.4997183969678693,"0.18683333333333332,0.3772156862745097,0.3542878787878788,0.4,0.27,0.052365520832099985","0,0,0"
42.36666666666667,293,AV,1,0,0,79,14297.77376075636,0.3,-45.89007689374074,"0.0,0.34113307493540057,0.36207575757575755,0.3,0.79,0.7064386501870882","0,0,0"
20.0,104,AV,1,0,0,18,1614.9573615816892,0.4,-3.262540124407453,"0.08483333333333333,0.3368333333333334,0.32926470588235296,0.4,0.18,0.0797934222289105","0,0,0"
35.4,7,AV,1,0,0,62,539.5213747330826,0.5,-2.4114970537312024,"0.0,0.36073850574712646,0.3607222222222222,0.5,0.62,0.026657209583190285","0,0,0"
28.766666666666666,50,AV,2,0,0,37,985.0802174553831,0.1,-0.7155927842289527,"0.0,0.2711616161616161,0.32110416666666663,0.1,0.37,0.04867182477423469","0,0,0"
51.083333333333336,243,AV,1,0,0,99,4754.245589533712,0.5,-30.66448386346975,"0.0,0.31567759562841524,0.36093518518518514,0.5,0.99,0.234902502524312","0,0,0"
18.05,288,AV,1,0,0,12,10450.70686878338,0.2,-9.52703328189596,"0.0,0.36130241935483864,0.34691666666666665,0.2,0.12,0.5163589365323479","0,0,0"
32.416666666666664,48,AV,1,0,0,51,954.0002559944874,0.3,-2.3428415377642398,"0.13583333333333333,0.33314136904761904,0.3399375,0.3,0.51,0.04713619507483592","0,0,0"
37.28333333333333,9,AV,1,0,0,68,566.7055292848979,0.3,-1.6006569053160562,"0.0,0.32134375000000004,0.30204166666666665,0.3,0.68,0.02800035137361163","0,0,0"
17.9,81,AV,1,0,0,14,1342.087988935639,0.1,-0.6066508838875742,"0.0,0.3106345029239766,0.29440196078431374,0.1,0.14,0.06631122041798494","0,0,0"
49.86666666666667,142,AV,1,0,0,95,2215.952556227922,0.2,-5.580917549018469,"0.15166666666666667,0.3105898550724637,0.3306111111111111,0.2,0.95,0.10948799154991444","0,0,0"
36.95,197,AV,1,0,0,64,3257.969850357721,0.5,-15.19974570337346,"0.0,0.2939123563218391,0.31695238095238093,0.5,0.64,0.1609730201322744","0,0,0"
36.18333333333333,257,AV,1,0,0,63,5578.433439706214,0.3,-15.291387623235087,"0.0,0.36402666666666667,0.3425,0.3,0.63,0.2756247969261546","0,0,0"
12.166666666666666,222,AV,1,0,0,0,3933.772930850901,0.5,-6.043043433335769,"0.0,0.3106922043010753,0.32684374999999993,0.5,0.0,0.19436377200486682","0,0,0"
37.0,204,AV,1,0,0,64,3414.9419898187493,0.2,-6.381457253701703,"0.0,0.3559836065573771,0.33984259259259253,0.2,0.64,0.16872885598290138","0,0,0"
40.88333333333333,25,AV,1,0,0,75,670.158540600369,0.5,-3.4593832072657933,"0.08483333333333333,0.27483060109289614,0.29350000000000004,0.5,0.75,0.033111860822172434","0,0,0"
34.55,219,AV,1,0,0,58,3824.993837156676,0.1,-3.337210532165736,"0.0,0.3501346666666666,0.3406777777777778,0.1,0.58,0.18898910617200515","0,0,0"
26.383333333333333,30,AV,1,0,0,33,783.6834518391023,1.0,-5.2212580145677565,"0.0,0.3438569553805775,0.3539102564102564,1.0,0.33,0.038721012736313315","0,0,0"
36.43333333333333,153,AV,1,0,0,62,2403.836358207942,0.8,-17.692883094419393,"0.0,0.29404743589743587,0.278,0.8,0.62,0.11877114161815011","0,0,0"
42.38333333333333,102,AV,1,0,0,82,1594.6992934726818,0.7,-11.947492476055222,"0.0,0.3240754985754986,0.3001875,0.7,0.82,0.07879249141759738","0,0,0"
45.233333333333334,2,AV,1,0,0,86,437.5592869272848,0.5,-2.4990233685198886,"0.0,0.3844420903954803,0.3856527777777778,0.5,0.86,0.021619365168734063","0,0,0"
26.55,185,AV,1,0,0,39,2966.188350320237,0.1,-1.9886944621465228,"0.0,0.3068346253229974,0.32954545454545453,0.1,0.39,0.14655638908990856","0,0,0"
47.46666666666667,150,AV,1,0,0,92,2344.9936519099742,0.3,-8.432502425050009,"0.18516666666666665,0.3547916666666666,0.3497619047619047,0.3,0.92,0.1158637825630931","0,0,0"
23.766666666666666,223,AV,1,0,0,29,3942.222625638348,0.4,-9.463988996902835,"0.0,0.39134941520467836,0.3652083333333333,0.4,0.29,0.19478126294296802","0,0,0"
38.38333333333333,155,AV,2,0,0,70,2476.7926805910606,0.3,-7.202087807324762,"0.0,0.3247416666666667,0.30929999999999996,0.3,0.7,0.12237584027749006","0,0,0"
21.633333333333333,178,AV,1,0,0,24,2857.712092786687,0.5,-7.805787660852526,"0.0,0.3826029810298103,0.3703039215686275,0.5,0.24,0.1411966860877753","0,0,0"
40.916666666666664,119,AV,1,0,0,78,1799.695682844959,0.7,-13.016738345829387,"0.0,0.3237116402116403,0.3196666666666667,0.7,0.78,0.08892115725219493","0,0,0"
44.03333333333333,14,AV,1,0,0,85,600.3305173079323,0.3,-2.0026177105145924,"0.0,0.3313239247311828,0.2954583333333333,0.3,0.85,0.029661728280885674","0,0,0"
21.383333333333333,207,AV,1,0,0,22,3531.3895067900216,0.5,-9.53445441332407,"0.0,0.34747733333333336,0.3455777777777778,0.5,0.22,0.17448241091273348","0,0,0"
46.233333333333334,251,AV,1,0,0,90,5168.6614957092925,0.2,-12.068911606984493,"0.0,0.33227604166666663,0.3065555555555555,0.2,0.9,0.255378376480178","0,0,0"
39.46666666666667,71,AV,2,0,0,61,1200.7903182940884,0.4,-4.786989012997309,"0.0,0.3820454545454545,0.3605526315789473,0.4,0.61,0.05932984433854443","0,0,0"
25.55,75,AV,1,0,0,31,1275.9312017726234,0.6,-4.939400334134929,"0.0,0.31980555555555557,0.33369047619047615,0.6,0.31,0.06304247996886464","0,0,0"
42.68333333333333,260,AV,1,0,0,81,5807.233742044462,0.1,-6.259396301925871,"0.0,0.3381809895833333,0.3621111111111111,0.1,0.81,0.28692959020732056","0,0,0"
25.2,115,AV,1,0,0,30,1723.69240549938,0.9,-9.872056504223723,"0.0,0.2880297619047619,0.34729333333333334,0.9,0.3,0.08516591160652838","0,0,0"
30.783333333333335,294,AV,1,0,0,47,14505.369879802229,0.2,-22.55169879460835,"0.0,0.34057909604519776,0.37402777777777774,0.2,0.47,0.7166957660553899","0,0,0"
45.85,167,AV,1,0,0,84,2744.255474143275,0.5,-15.886883016347115,"0.3025,0.34547696476964773,0.3537166666666666,0.5,0.84,0.13559090844222083","0,0,0"
30.683333333333334,187,AV,1,0,0,47,2971.291490045772,0.2,-4.604501374725815,"0.18683333333333332,0.3135268817204301,0.29898888888888886,0.2,0.47,0.14680853010149164","0,0,0"
48.53333333333333,168,AV,1,0,0,95,2747.619709803412,0.4,-13.469812449406627,"0.0,0.3005635593220339,0.3070740740740741,0.4,0.95,0.13575713194935043","0,0,0"
46.0,29,AV,1,0,0,88,761.8437659652793,0.1,-0.8849700311717892,"0.0,0.35632898550724634,0.34123333333333333,0.1,0.88,0.03764193577878302","0,0,0"
49.916666666666664,180,AV,1,0,0,99,2898.378436294527,0.2,-7.306938902947903,"0.0,0.3441453333333333,0.33725555555555553,0.2,0.99,0.14320596930182183","0,0,0"
43.05,177,AV,1,0,0,79,2853.537244729806,0.1,-3.1021408683236906,"0.0,0.3345866141732284,0.3523974358974359,0.1,0.79,0.14099041103577145","0,0,0"
14.65,282,AV,1,0,0,4,8493.635575370567,0.3,-9.426648574180211,"0.08816666666666667,0.32362809917355373,0.32693518518518516,0.3,0.04,0.41966200832712014","0,0,0"
13.25,103,AV,1,0,0,1,1614.9493849180149,0.4,-2.1614221565821916,"0.0,0.3274368279569893,0.3618958333333333,0.4,0.01,0.0797930281099649","0,0,0"
32.083333333333336,0,AV,2,0,0,28,417.8295094645922,0.5,-1.6925963925070286,"0.0,0.32562890625,0.3551944444444445,0.5,0.28,0.020644536667985786","0,0,0"
15.3,32,AV,1,0,0,6,806.3598325453933,0.3,-0.9346443513594331,"0.0,0.28771128608923885,0.3089102564102564,0.3,0.06,0.039841429945686846","0,0,0"
37.6,122,AV,1,0,0,65,1830.3424648913517,0.7,-12.165306483823326,"0.0,0.33202525252525256,0.3599583333333333,0.7,0.65,0.09043538399152518","0,0,0"
49.88333333333333,236,AV,1,0,0,98,4630.913868273173,0.1,-5.833470205278453,"0.0,0.2807578125,0.3079444444444444,0.1,0.98,0.2288088059705391","0,0,0"
49.81666666666667,212,AV,1,0,0,97,3724.6301341612702,0.5,-23.427860839663378,"0.0,0.3626081081081081,0.384925925925926,0.5,0.97,0.1840302363466582","0,0,0"
14.866666666666667,94,AV,1,0,0,5,1519.7273932229994,0.5,-2.852686941824317,"0.0,0.3187002801120449,0.35659090909090907,0.5,0.05,0.07508820507899855","0,0,0"
18.45,72,AV,1,0,0,14,1205.4292211271013,0.3,-1.6848612977117439,"0.08816666666666667,0.29210618279569894,0.29873333333333335,0.3,0.14,0.059559047871243866","0,0,0"
43.416666666666664,141,AV,2,0,0,90,2187.907521251699,0.1,-2.3987790794868165,"0.08483333333333333,0.2879758064516129,0.3170888888888889,0.1,0.9,0.10810231452182832","0,0,0"
38.68333333333333,23,AV,1,0,0,72,639.9143284368583,0.4,-2.500405987040317,"0.0,0.28643783068783063,0.3123928571428571,0.4,0.72,0.03161752465667753","0,0,0"
35.6,64,AV,1,0,0,62,1122.7546975855585,0.2,-2.018690264345752,"0.0,0.3476833333333334,0.3571333333333333,0.2,0.62,0.0554741826472708","0,0,0"
37.65,188,AV,1,0,0,68,3031.4508351358254,0.9,-25.93957362337814,"0.0,0.3550221354166667,0.34394444444444444,0.9,0.68,0.14978094295769478","0,0,0"
39.333333333333336,173,AV,1,0,0,70,2797.307504072895,1.0,-27.784704165033805,"0.0,0.31758779761904765,0.3539358974358975,1.0,0.7,0.13821215599028547","0,0,0"
47.266666666666666,195,AV,1,0,0,96,3251.3322332141274,0.2,-7.761597822723288,"0.0,0.28316284987277357,0.2998958333333333,0.2,0.96,0.16064506213169047","0,0,0"
24.216666666666665,67,AV,1,0,0,30,1141.0395517097602,0.4,-2.791128735074548,"0.0,0.3307398373983739,0.3294019607843137,0.4,0.3,0.056377618936200136","0,0,0"
28.45,12,AV,1,0,0,42,595.9176043698985,0.2,-0.8562553456729097,"0.18516666666666665,0.3243291316526611,0.3276166666666666,0.2,0.42,0.029443690682060725","0,0,0"
39.86666666666667,44,AV,2,0,0,75,905.8209551718018,0.2,-1.8238415191674662,"0.0,0.3389287634408602,0.30596875000000007,0.2,0.75,0.044755704180963","0,0,0"
22.483333333333334,65,AV,1,0,0,26,1129.1321270070612,0.1,-0.6410771209311977,"0.0,0.30946527777777777,0.3481666666666668,0.1,0.26,0.05578928503366858","0,0,0"
47.7,249,AV,1,0,0,90,5144.150368411208,0.4,-24.785451775072186,"0.0,0.347828125,0.36237500000000006,0.4,0.9,0.25416730628332335","0,0,0"
13.7,252,AV,1,0,0,1,5386.149373461946,0.4,-7.453560244083703,"0.0,0.3460978835978837,0.35184523809523804,0.4,0.01,0.2661242342173697","0,0,0"
36.35,70,AV,1,0,0,62,1167.011530479414,0.3,-3.213702207039901,"0.3025,0.3247035519125683,0.33559259259259255,0.3,0.62,0.05766086833794136","0,0,0"
21.133333333333333,3,AV,1,0,0,19,477.1303205766694,0.2,-0.5092603084942904,"0.0,0.2991753623188406,0.33471666666666666,0.2,0.19,0.02357453022208712","0,0,0"
34.583333333333336,109,AV,1,0,0,60,1661.9571573900298,0.1,-1.4514146050439023,"0.18683333333333332,0.33829761904761907,0.3669871794871795,0.1,0.6,0.08211563496394797","0,0,0"
12.05,154,AV,1,0,0,1,2436.431929205765,0.9,-6.672501078847606,"0.0,0.2771818181818182,0.3296515151515152,0.9,0.01,0.12038165606348158","0,0,0"
41.03333333333333,5,AV,1,0,0,74,508.6019702527906,0.1,-0.5270109641255767,"0.0,0.35972983870967745,0.32977083333333335,0.1,0.74,0.025129512843044734","0,0,0"
41.05,210,AV,1,0,0,75,3630.005597296026,0.7,-26.340457282399317,"0.0,0.3159426229508197,0.33545833333333336,0.7,0.75,0.17935493295913799","0,0,0"
27.583333333333332,17,AV,1,0,0,39,615.3970356119416,0.5,-2.1432703997006803,"0.0,0.3286519174041298,0.3602254901960784,0.5,0.39,0.030406149827330708","0,0,0"
36.88333333333333,90,AV,2,0,0,71,1474.5167950508735,0.1,-1.3733609711479726,"0.0,0.32027553763440864,0.323625,0.1,0.71,0.07285439480326665","0,0,0"
15.816666666666666,217,AV,1,0,0,7,3783.636689084741,0.2,-3.02245052015271,"0.0,0.28258799999999995,0.28559999999999997,0.2,0.07,0.18694569099783895","0,0,0"
32.8,34,AV,2,0,0,43,850.3216016091212,1.0,-7.043067811307872,"0.0,0.31901421188630485,0.3246969696969697,1.0,0.43,0.04201353682867991","0,0,0"
16.133333333333333,238,AV,1,0,0,7,4660.29795945294,0.3,-5.69591972822026,"0.08816666666666667,0.36321594202898555,0.3221666666666666,0.3,0.07,0.23026064442157015","0,0,0"
26.2,225,AV,2,0,0,26,4104.202624979457,0.2,-5.430813574467768,"0.0,0.33766287878787876,0.3715208333333333,0.2,0.26,0.20278453212365097","0,0,0"
29.75,22,AV,1,0,0,42,632.5893922142865,0.5,-2.376203840703917,"0.0,0.35143732193732197,0.36144117647058827,0.5,0.42,0.031255606910295004","0,0,0"
18.266666666666666,82,AV,1,0,0,14,1348.5865378412918,0.6,-3.7324516299849892,"0.0,0.31893129770992373,0.3150555555555556,0.6,0.14,0.0666323071965214","0,0,0"
37.36666666666667,285,AV,1,0,0,66,9095.945853089892,0.2,-17.165918015679747,"0.0,0.3332634408602151,0.34119791666666666,0.2,0.66,0.44942155458275634","0,0,0"
14.983333333333333,248,AV,1,0,0,3,4967.653125719208,0.3,-5.638788080835313,"0.0,0.30874380165289256,0.3368888888888889,0.3,0.03,0.24544675468029653","0,0,0"
35.11666666666667,134,AV,2,0,0,51,2022.4315636845977,0.1,-1.7934609868196325,"0.0,0.33899867724867727,0.34486904761904763,0.1,0.51,0.09992631355425287","0,0,0"
45.75,80,AV,1,0,0,86,1323.5149786113286,0.4,-6.116243461764473,"0.0,0.36510937500000007,0.38862500000000005,0.4,0.86,0.06539354662044386","0,0,0"
28.116666666666667,258,AV,1,0,0,40,5611.673516276995,0.1,-3.984382669174786,"0.0,0.3663669250645994,0.36157575757575755,0.1,0.4,0.27726715574492605","0,0,0"
41.61666666666667,133,AV,1,0,0,78,2011.9739719035176,1.0,-21.14435609361567,"0.0,0.3565676691729323,0.3646190476190476,1.0,0.78,0.09940961444111464","0,0,0"
45.5,42,AV,1,0,0,83,902.2448599555772,0.2,-2.073340461009029,"0.0,0.34300645994832046,0.3842878787878788,0.2,0.83,0.04457901290582028","0,0,0"
31.0,74,AV,1,0,0,49,1269.7848662283686,0.4,-3.9760940255635786,"0.18516666666666665,0.327412,0.335452380952381,0.4,0.49,0.06273879569898216","0,0,0"
25.316666666666666,128,AV,1,0,0,34,1921.5023446668008,0.7,-8.599046477627143,"0.0,0.27427034120734906,0.3428205128205128,0.7,0.34,0.09493950214987396","0,0,0"
48.31666666666667,233,AV,1,0,0,95,4569.840806868062,0.1,-5.5757443178074535,"0.0,0.33519708994708997,0.35944047619047625,0.1,0.95,0.22579124730834796","0,0,0"
41.06666666666667,33,AV,2,0,0,67,827.3783452591958,0.1,-0.8580219876762031,"0.0,0.3393169642857143,0.35363541666666665,0.1,0.67,0.040879933561629736","0,0,0"
49.03333333333333,93,AV,1,0,0,94,1517.942512651984,0.6,-11.277239576318527,"0.0,0.29408201058201056,0.29751190476190476,0.6,0.94,0.07500001592155126","0,0,0"
24.683333333333334,151,AV,1,0,0,30,2382.718205806423,0.1,-1.4851875685182292,"0.0,0.2996205357142857,0.32238888888888895,0.1,0.3,0.1177277149052501","0,0,0"
22.416666666666668,1,AV,1,0,0,27,424.9057127261393,0.2,-0.4810590771183985,"0.0,0.2950734908136483,0.31985897435897437,0.2,0.27,0.02099416476842877","0,0,0"
32.63333333333333,55,AV,1,0,0,55,1038.299283744561,0.3,-2.5669065625907206,"0.135,0.2643083333333333,0.31549999999999995,0.3,0.55,0.051301325421163044","0,0,0"
21.933333333333334,247,AV,1,0,0,25,4950.268578812107,1.0,-27.418154249649554,"0.0,0.4104525745257453,0.3897549019607843,1.0,0.25,0.24458780166728444","0,0,0"
16.383333333333333,87,AV,1,0,0,10,1444.5182772575097,0.3,-1.792880639575924,"0.0,0.354627688172043,0.37493750000000003,0.3,0.1,0.07137219814998598","0,0,0"
24.833333333333332,99,AV,1,0,0,30,1581.438059619256,1.0,-9.917267293066883,"0.0,0.33884358974358975,0.3422333333333334,1.0,0.3,0.07813726716380881","0,0,0"
16.05,114,AV,1,0,0,7,1716.9764066453156,1.0,-6.958957405721545,"0.0,0.3055,0.35849999999999993,1.0,0.07,0.08483408084430542","0,0,0"
38.266666666666666,182,AV,1,0,0,71,2942.323800284961,0.3,-8.529766976583675,"0.0,0.334164,0.3139777777777778,0.3,0.71,0.14537726562660996","0,0,0"
40.71666666666667,47,AV,2,0,0,91,943.1907669438916,0.3,-2.9093624288433424,"0.0,0.3321058201058202,0.358,0.3,0.91,0.046602109070826375","0,0,0"
17.383333333333333,246,AV,1,0,0,12,4934.883137056144,0.2,-4.332561542045083,"0.08483333333333333,0.2784724409448819,0.30868055555555557,0.2,0.12,0.2438276224331965","0,0,0"
14.716666666666667,131,AV,1,0,0,3,1929.5758599688188,0.2,-1.4341881181418072,"0.0,0.33928070175438607,0.3268333333333333,0.2,0.03,0.09533840643718873","0,0,0"
51.61666666666667,137,AV,1,0,0,100,2123.4400354784907,0.2,-5.535600833229703,"0.0,0.3480801033591731,0.345530303030303,0.2,1.0,0.10491704075874904","0,0,0"
