travel_time,id,kind,action,origin,destination,start_time,income,urgency,reward,observation,cost_table
19.85,217,AV,1,0,0,21,3882.59008652233,0.3,-5.93859191041426,"0.21997777777777777,0.26449468085106376,0.32381410256410265,0.3,0.21,0.1918348790411626","0,0,0"
32.96666666666667,183,AV,1,0,0,71,3158.0604616132755,0.2,-5.358117502585067,"0.27604545454545454,0.28719072164948445,0.32372222222222224,0.2,0.71,0.1560365975180513","0,0,0"
38.15,225,AV,2,0,0,45,4113.319853961603,0.2,-7.925411738819958,"0.2773039215686275,0.28735204081632654,0.31479999999999997,0.2,0.45,0.20323500525627752","0,0,0"
37.1,107,AV,2,0,0,61,1581.4824060924602,0.2,-2.9632826902035494,"0.2536111111111111,0.29164141414141415,0.36227380952380955,0.2,0.61,0.07813945827853724","0,0,0"
22.45,283,AV,1,0,0,32,8981.750106371177,0.1,-5.191926512324064,"0.24665555555555557,0.26991584158415843,0.35945238095238097,0.1,0.32,0.4437792573608979","0,0,0"
21.6,73,AV,1,0,0,28,1141.0395517097602,0.1,-0.7223852100235056,"0.25599305555555557,0.2943369565217391,0.35522916666666665,0.1,0.28,0.056377618936200136","0,0,0"
24.716666666666665,221,AV,1,0,0,40,3987.5502105766736,0.1,-2.5888623578641443,"0.2342301587301587,0.27501498127340823,0.34639166666666665,0.1,0.4,0.19702085341739287","0,0,0"
23.066666666666666,299,AV,1,0,0,34,20239.22920549412,0.2,-23.678361296636247,"0.20380128205128206,0.2563037037037037,0.3434236111111111,0.2,0.34,1.0","0,0,0"
46.46666666666667,211,AV,2,0,0,64,3742.7752140142647,0.2,-8.783549913023375,"0.25790277777777776,0.27080824372759854,0.3369275362318841,0.2,0.64,0.18492676652914503","0,0,0"
32.6,194,AV,1,0,0,69,3301.717979419838,0.2,-5.5361619257114505,"0.2541282051282051,0.27970500000000004,0.3339382716049382,0.2,0.69,0.16313457127722814","0,0,0"
41.71666666666667,99,AV,1,0,0,94,1490.1599361877834,0.5,-7.949053704288767,"0.24787999999999996,0.28451340996168584,0.34444444444444444,0.5,0.94,0.0736273067051025","0,0,0"
36.916666666666664,125,AV,2,0,0,70,1848.7234685638712,0.1,-1.723452223429703,"0.2539791666666667,0.2747851851851852,0.3487708333333333,0.1,0.7,0.09134357093312716","0,0,0"
17.066666666666666,156,AV,0,0,0,34,2497.1975937909187,0.4,-4.304933225659766,"0.22840277777777782,0.2985435606060605,0.36279629629629634,0.4,0.34,0.12338402655734695","0,0,0"
13.816666666666666,8,AV,1,0,0,6,491.8679742725259,0.6,-1.1296933097775856,"0.24307407407407408,0.2842623456790123,0.35792857142857143,0.6,0.06,0.024302702898339818","0,0,0"
36.53333333333333,79,AV,2,0,0,38,1234.5997004771,0.6,-6.833945816782331,"0.25034166666666663,0.30953298611111113,0.3661666666666666,0.6,0.38,0.06100033197617807","0,0,0"
32.016666666666666,278,AV,1,0,0,65,8475.089255911002,0.2,-13.80424786246215,"0.3739166666666667,0.3027526315789474,0.3842083333333333,0.2,0.65,0.41874565329841523","0,0,0"
29.966666666666665,290,AV,2,0,0,19,11185.875164713363,0.2,-16.929464264439922,"0.2552156862745098,0.29452430555555553,0.3485166666666666,0.2,0.19,0.5526828641120808","0,0,0"
15.55,188,AV,0,0,0,33,3236.647802754315,0.3,-3.81286919188103,"0.18499275362318837,0.24099158249158253,0.2901666666666667,0.3,0.33,0.1599195191621081","0,0,0"
21.416666666666668,102,AV,1,0,0,24,1517.942512651984,0.1,-0.9209411316320705,"0.22861904761904764,0.2945424836601307,0.34621296296296294,0.1,0.24,0.07500001592155126","0,0,0"
34.266666666666666,248,AV,2,0,0,49,4925.450001742355,0.1,-4.262089732147426,"0.2830490196078431,0.314421052631579,0.3701071428571429,0.1,0.49,0.24336154068581314","0,0,0"
17.016666666666666,223,AV,0,0,0,36,4021.28082322038,0.2,-3.4559997647373804,"0.20652083333333335,0.262328125,0.3460250000000001,0.2,0.36,0.19868744913115402","0,0,0"
16.716666666666665,263,AV,1,0,0,12,5960.007005011629,0.3,-7.647837154074069,"0.2130606060606061,0.2733659793814433,0.3357063492063492,0.3,0.12,0.29447796378499097","0,0,0"
6.883333333333334,103,AV,0,0,0,6,1526.0895405694364,0.2,-0.5305344951642906,"0.25551515151515153,0.28000757575757573,0.3150555555555556,0.2,0.06,0.07540255239340664","0,0,0"
32.6,19,AV,1,0,0,67,586.8516376274475,0.3,-1.5493457111102116,"0.198219696969697,0.26294074074074075,0.31812499999999994,0.3,0.67,0.028995750365243225","0,0,0"
44.86666666666667,277,AV,1,0,0,97,8139.327108000771,0.3,-27.76549062466929,"0.21849999999999997,0.2642428571428571,0.34089814814814806,0.3,0.97,0.40215598259005225","0,0,0"
41.6,10,AV,1,0,0,96,522.440884226393,0.3,-1.7464803624104508,"0.20915277777777783,0.28322159090909094,0.34721014492753627,0.3,0.96,0.02581327969172718","0,0,0"
27.0,288,AV,1,0,0,45,10071.894878668398,0.4,-27.56880421455018,"0.2991666666666666,0.29689259259259254,0.37079166666666663,0.4,0.45,0.497642216331751","0,0,0"
18.466666666666665,184,AV,1,0,0,19,3159.4556453821087,0.2,-3.0466976894641213,"0.23067391304347826,0.2800567765567765,0.3623141025641025,0.2,0.19,0.15610553214765938","0,0,0"
39.31666666666667,158,AV,1,0,0,91,2520.757475212996,1.0,-25.12721752536809,"0.22336666666666666,0.2667163120567376,0.3263174603174603,1.0,0.91,0.12454809665027725","0,0,0"
28.35,247,AV,2,0,0,29,4818.617258984985,0.3,-10.34907570395639,"0.22152688172043006,0.2343100775193799,0.32702173913043475,0.3,0.29,0.2380830420990997","0,0,0"
13.8,66,AV,1,0,0,4,1005.9867386644172,0.1,-0.45057113620123634,"0.2368869047619048,0.26165432098765434,0.3419086021505376,0.1,0.04,0.04970479500233799","0,0,0"
45.96666666666667,224,AV,2,0,0,97,4104.202624979457,0.1,-4.76405338370932,"0.2251923076923077,0.2608719298245614,0.3101228070175439,0.1,0.97,0.20278453212365097","0,0,0"
26.616666666666667,97,AV,1,0,0,45,1467.6871321740252,0.2,-2.0729767256581804,"0.2321159420289855,0.2950362318840579,0.3309469696969697,0.2,0.45,0.07251694801576773","0,0,0"
32.233333333333334,293,AV,1,0,0,63,11940.25564443948,0.3,-29.257139414578226,"0.2531527777777778,0.28594886363636357,0.3429266666666667,0.3,0.63,0.5899560464090298","0,0,0"
30.383333333333333,13,AV,1,0,0,55,542.8991684878858,0.5,-2.182712929615774,"0.2190681818181818,0.27557744107744114,0.35713157894736847,0.5,0.55,0.02682410298216846","0,0,0"
38.483333333333334,5,AV,2,0,0,22,457.16351791608827,0.3,-1.3328163672578885,"0.24655555555555556,0.26558075601374564,0.3452651515151516,0.3,0.22,0.02258799054422424","0,0,0"
38.233333333333334,68,AV,2,0,0,43,1040.734547163155,0.1,-1.0048169407374905,"0.2818070175438596,0.27251666666666663,0.3382592592592593,0.1,0.43,0.05142164934229008","0,0,0"
20.366666666666667,177,AV,0,0,0,63,3046.5766145774583,0.7,-10.968188704164804,"0.31619166666666665,0.3128384879725086,0.37332608695652175,0.7,0.63,0.15052829253746666","0,0,0"
21.783333333333335,168,AV,1,0,0,30,2857.8751728516777,0.8,-12.676575255613278,"0.22130128205128202,0.27272048611111105,0.2988425925925926,0.8,0.3,0.14120474371009553","0,0,0"
35.983333333333334,2,AV,1,0,0,73,424.9057127261393,0.7,-2.802693618026155,"0.23575925925925922,0.3026092592592592,0.3235493827160494,0.7,0.73,0.02099416476842877","0,0,0"
23.466666666666665,40,AV,0,0,0,72,807.7368269013535,0.3,-1.4359765811579617,"0.22413333333333335,0.26179081632653056,0.3442878787878788,0.3,0.72,0.039909465854662395","0,0,0"
11.666666666666666,244,AV,1,0,0,0,4705.31956239884,0.9,-12.576226112421168,"0.235109375,0.2900921985815603,0.3549285714285714,0.9,0.0,0.23248511663287746","0,0,0"
21.733333333333334,60,AV,1,0,0,30,938.3100494872764,0.3,-1.6448943239032936,"0.30119791666666673,0.2991303630363037,0.3556666666666667,0.3,0.3,0.04636095772029518","0,0,0"
14.716666666666667,275,AV,1,0,0,11,7612.519032757181,0.6,-17.074379560415633,"0.27007246376811594,0.2947820512820513,0.34809615384615383,0.6,0.11,0.3761269243737155","0,0,0"
26.85,271,AV,1,0,0,41,7336.658338656486,0.4,-19.997906706356233,"0.24889333333333333,0.24999473684210524,0.31915,0.4,0.41,0.3624969243722426","0,0,0"
20.916666666666668,18,AV,1,0,0,25,572.7967315704935,0.2,-0.7051009243442504,"0.24266666666666667,0.27047967479674795,0.32312820512820517,0.2,0.25,0.02830131156452355","0,0,0"
13.75,205,AV,0,0,0,32,3534.445695738256,0.2,-2.4544761775960113,"0.2654285714285714,0.2954166666666667,0.3319736842105263,0.2,0.32,0.1746334141410286","0,0,0"
23.816666666666666,9,AV,1,0,0,38,508.6019702527906,0.2,-0.7117779591677086,"0.2741929824561404,0.2664105263157895,0.35679365079365083,0.2,0.38,0.025129512843044734","0,0,0"
40.03333333333333,37,AV,1,0,0,87,777.0630287344238,0.1,-0.8855662436953224,"0.2716025641025641,0.27637540453074433,0.39993939393939393,0.1,0.87,0.03839390427593374","0,0,0"
20.966666666666665,249,AV,1,0,0,26,4951.479839002994,0.1,-2.7216168507852556,"0.28090000000000004,0.2917843137254902,0.34254629629629635,0.1,0.26,0.2446476488175187","0,0,0"
35.666666666666664,215,AV,1,0,0,75,3783.636689084741,0.3,-10.323462771011798,"0.28532638888888884,0.3061343537414966,0.35698148148148134,0.3,0.75,0.18694569099783895","0,0,0"
40.63333333333333,281,AV,2,0,0,84,8795.495569618428,1.0,-90.25007659398034,"0.18405555555555558,0.2128095238095238,0.3145833333333334,1.0,0.84,0.43457660765217343","0,0,0"
31.05,75,AV,1,0,0,64,1150.2916000513435,0.1,-1.0019331864038945,"0.23968627450980393,0.2785765306122449,0.3455877192982456,0.1,0.64,0.05683475335805212","0,0,0"
8.533333333333333,291,AV,0,0,0,11,11515.391842589095,0.1,-2.481431238807078,"0.17136419753086418,0.22878571428571426,0.2891206896551724,0.1,0.11,0.5689639524149042","0,0,0"
40.45,210,AV,1,0,0,91,3724.6301341612702,0.4,-15.318312012810443,"0.2075833333333333,0.30271428571428577,0.34789473684210526,0.4,0.91,0.1840302363466582","0,0,0"
27.033333333333335,170,AV,0,0,0,76,2909.8477340427667,0.1,-1.986436458172293,"0.27651666666666663,0.3059462365591397,0.37267361111111114,0.1,0.76,0.1437726557913017","0,0,0"
32.31666666666667,117,AV,1,0,0,65,1723.69240549938,0.2,-2.9133329749691064,"0.2791376811594202,0.3178722222222222,0.3282254901960785,0.2,0.65,0.08516591160652838","0,0,0"
23.866666666666667,7,AV,2,0,0,16,473.5024380788758,0.1,-0.2853768902899622,"0.2891140350877193,0.28212714776632297,0.37819444444444433,0.1,0.16,0.02339528018934334","0,0,0"
25.883333333333333,266,AV,1,0,0,44,6563.608435155774,0.6,-25.840615908578073,"0.26345833333333335,0.3131989247311828,0.36329999999999996,0.6,0.44,0.3243013045859485","0,0,0"
27.116666666666667,171,AV,1,0,0,43,2927.9701715656583,0.1,-2.104969473542646,"0.19912222222222223,0.27788834951456315,0.30692424242424243,0.1,0.43,0.1446680672389853","0,0,0"
24.8,25,AV,1,0,0,43,627.4062491148882,0.2,-0.885842170608547,"0.23173684210526313,0.2527333333333333,0.3049166666666666,0.2,0.43,0.0309995130123124","0,0,0"
13.966666666666667,47,AV,1,0,0,9,857.6590975250949,0.1,-0.4024908769890697,"0.26542361111111107,0.2605159574468085,0.3055530303030303,0.1,0.09,0.04237607513690668","0,0,0"
41.016666666666666,26,AV,2,0,0,81,640.5426603936758,0.3,-1.990373089935399,"0.23713461538461536,0.2535222222222222,0.34985416666666663,0.3,0.81,0.03164856990797825","0,0,0"
28.8,203,AV,0,0,0,76,3508.846318545673,0.9,-22.966994085026226,"0.26855,0.28356930693069304,0.3476315789473684,0.9,0.76,0.17336857460921315","0,0,0"
31.283333333333335,282,AV,1,0,0,63,8975.220492497892,0.1,-7.190273091085247,"0.1967916666666667,0.26581910569105693,0.3049313725490196,0.1,0.63,0.44345663569349214","0,0,0"
21.866666666666667,198,AV,0,0,0,64,3393.6426315430986,0.3,-5.621791834071395,"0.25808333333333333,0.26463131313131316,0.35015999999999997,0.3,0.64,0.16767647606964517","0,0,0"
42.13333333333333,265,AV,1,0,0,97,6230.691172258436,0.7,-46.50501304052411,"0.22971505376344084,0.2879341085271318,0.36384782608695654,0.7,0.97,0.3078521967905309","0,0,0"
31.566666666666666,145,AV,1,0,0,65,2326.172138461347,0.4,-7.517121263040052,"0.33333333333333337,0.295,0.33498387096774196,0.4,0.65,0.11493383047561351","0,0,0"
21.55,112,AV,2,0,0,1,1661.9571573900298,0.7,-6.330965585663788,"0.24613690476190478,0.2589644194756554,0.3386521739130435,0.7,0.01,0.08211563496394797","0,0,0"
44.916666666666664,113,AV,2,0,0,90,1664.0464513081895,0.6,-11.324760571402955,"0.2844545454545454,0.2855825242718447,0.3479,0.6,0.9,0.08221886487932402","0,0,0"
44.333333333333336,45,AV,2,0,0,53,844.3352662229099,0.1,-0.9452574950138638,"0.2513,0.27399645390070926,0.3389682539682539,0.1,0.53,0.04171775800600685","0,0,0"
46.78333333333333,132,AV,2,0,0,92,2052.607856914241,0.1,-2.424945393248432,"0.30773015873015874,0.2891170212765957,0.34922222222222216,0.1,0.92,0.10141729391339874","0,0,0"
29.166666666666668,174,AV,1,0,0,51,2987.078671303881,0.2,-4.500157975405549,"0.2535483870967742,0.2687867383512545,0.318474358974359,0.2,0.51,0.14758855888113623","0,0,0"
46.21666666666667,41,AV,2,0,0,94,816.2772675203604,0.3,-2.8580010894368173,"0.32088888888888883,0.28152717391304344,0.3402333333333333,0.3,0.94,0.04033144045321521","0,0,0"
18.783333333333335,164,AV,1,0,0,19,2722.266725979925,0.6,-7.84746111156408,"0.2263045977011494,0.27152037037037036,0.3613809523809523,0.6,0.19,0.13450446646658565","0,0,0"
18.883333333333333,219,AV,0,0,0,51,3941.04555698938,0.3,-5.637884616248696,"0.2588333333333333,0.29223737373737374,0.32769166666666666,0.3,0.51,0.19472310516250035","0,0,0"
20.316666666666666,135,AV,0,0,0,61,2131.3254046090938,0.9,-9.841233591736687,"0.21892753623188407,0.25390625,0.30065972222222226,0.9,0.61,0.10530664893258515","0,0,0"
18.85,212,AV,1,0,0,21,3752.1132597063192,0.3,-5.458131435262433,"0.285030303030303,0.2854750957854406,0.3092651515151515,0.3,0.21,0.1853881499937643","0,0,0"
28.1,286,AV,1,0,0,46,9280.176126726552,0.3,-19.85552645159213,"0.26083333333333336,0.2814670138888889,0.37182575757575753,0.3,0.46,0.4585241874827607","0,0,0"
21.433333333333334,195,AV,1,0,0,29,3366.895459871004,0.3,-5.56695399165923,"0.24532608695652175,0.24655220883534135,0.31470000000000004,0.3,0.29,0.16635492516469105","0,0,0"
24.733333333333334,33,AV,1,0,0,41,742.6585956180782,0.7,-3.34694338858611,"0.2414444444444445,0.26206666666666667,0.35465873015873023,0.7,0.41,0.03669401576896401","0,0,0"
18.533333333333335,154,AV,1,0,0,19,2458.2611968747465,0.3,-3.551498044096866,"0.2573492063492064,0.32360175438596495,0.3818819444444444,0.3,0.19,0.1214602182679679","0,0,0"
13.716666666666667,131,AV,1,0,0,4,2022.4315636845977,0.2,-1.5010615967276297,"0.22522549019607843,0.2608628472222222,0.33607843137254895,0.2,0.04,0.09992631355425287","0,0,0"
35.666666666666664,65,AV,1,0,0,77,985.8695826897422,0.1,-0.9879465096616363,"0.23679824561403504,0.2582706270627063,0.3516309523809524,0.1,0.77,0.04871082651814225","0,0,0"
29.083333333333332,228,AV,2,0,0,15,4237.057085974603,0.2,-6.223623413321281,"0.2219236111111111,0.26762371134020624,0.33096491228070185,0.2,0.15,0.20934873768929974","0,0,0"
32.483333333333334,128,AV,2,0,0,35,1927.298426803608,0.1,-1.5809362937038016,"0.23214285714285715,0.2702079510703364,0.3134117647058824,0.1,0.35,0.09522588075045987","0,0,0"
11.616666666666667,173,AV,1,0,0,3,2965.4163440895786,0.5,-4.449526918835093,"0.24569230769230768,0.28214062500000003,0.3410370370370371,0.5,0.03,0.14651824503694982","0,0,0"
25.266666666666666,178,AV,0,0,0,75,3064.640983136323,0.1,-1.9553854084320983,"0.23386666666666667,0.26390476190476186,0.3617941176470589,0.1,0.75,0.1514208348559242","0,0,0"
34.25,147,AV,2,0,0,53,2337.3116255789537,0.3,-6.064615392127209,"0.26513333333333333,0.2801372549019608,0.3222608695652174,0.3,0.53,0.11548422135287985","0,0,0"
18.5,31,AV,1,0,0,20,736.5379020629116,0.1,-0.4440896764687845,"0.22729545454545458,0.25270790378006874,0.324484126984127,0.1,0.2,0.03639159844402433","0,0,0"
43.0,220,AV,2,0,0,76,3942.222625638348,0.1,-4.280696285415377,"0.27976,0.30729255319148935,0.3506904761904761,0.1,0.76,0.19478126294296802","0,0,0"
26.8,78,AV,1,0,0,47,1174.3503864217532,0.4,-3.279049530919494,"0.2462666666666666,0.2680833333333333,0.33371428571428574,0.4,0.47,0.05802347384370573","0,0,0"
13.516666666666667,63,AV,1,0,0,5,950.4213588862824,0.1,-0.4244072904279357,"0.2699583333333333,0.31805141843971635,0.34567307692307686,0.1,0.05,0.04695936536102284","0,0,0"
43.18333333333333,85,AV,2,0,0,85,1265.4739572733297,0.6,-8.27990662448282,"0.24229761904761904,0.29931034482758617,0.3791533333333333,0.6,0.85,0.06252579801457091","0,0,0"
27.016666666666666,185,AV,1,0,0,47,3169.820795106812,0.1,-2.26257555087043,"0.2883412698412699,0.2798894736842106,0.3527569444444445,0.1,0.47,0.15661766379158035","0,0,0"
34.06666666666667,23,AV,1,0,0,70,601.3137559373858,0.2,-1.1345836002828427,"0.2704035087719298,0.2936117216117216,0.3314375,0.2,0.7,0.029710309114645228","0,0,0"
47.36666666666667,22,AV,2,0,0,90,597.1498506777683,0.4,-2.857070497687235,"0.2963218390804598,0.28744444444444445,0.3624166666666667,0.4,0.9,0.029504574735270385","0,0,0"
27.283333333333335,57,AV,2,0,0,18,923.9636394510808,0.2,-1.273172119344629,"0.2573859649122807,0.28328136200716847,0.33280952380952383,0.2,0.18,0.0456521160005571","0,0,0"
41.233333333333334,101,AV,1,0,0,94,1509.578116022191,0.1,-1.671841859864857,"0.2990701754385965,0.30025999999999997,0.3316904761904762,0.1,0.94,0.07458673947980204","0,0,0"
33.983333333333334,160,AV,0,0,0,84,2563.744074524839,0.1,-2.2001153905539343,"0.19223611111111108,0.24966869918699186,0.3162631578947369,0.1,0.84,0.12667202137465233","0,0,0"
17.133333333333333,16,AV,1,0,0,18,566.7055292848979,0.2,-0.5903815522768309,"0.24902777777777774,0.26174839743589745,0.3367037037037036,0.2,0.18,0.02800035137361163","0,0,0"
29.583333333333332,179,AV,2,0,0,21,3097.4575811220984,0.5,-11.56983839749942,"0.24428787878787875,0.2595704467353952,0.30184126984126985,0.5,0.21,0.15304227002287546","0,0,0"
30.933333333333334,110,AV,1,0,0,60,1596.1763216794554,1.0,-12.568448034667801,"0.2298111111111111,0.28474385964912285,0.34861666666666663,1.0,0.6,0.07886546989873305","0,0,0"
30.616666666666667,133,AV,1,0,0,59,2105.6010448069283,0.3,-4.983824645593847,"0.22908333333333336,0.2703566308243727,0.3422254901960784,0.3,0.59,0.104035634135481","0,0,0"
31.416666666666668,20,AV,1,0,0,68,588.8906571209208,0.3,-1.5015895059001714,"0.3406388888888889,0.30565372168284793,0.3422631578947367,0.3,0.68,0.029096496271758268","0,0,0"
40.06666666666667,46,AV,1,0,0,91,849.0657401736111,0.3,-2.677214696183537,"0.2559506172839506,0.27963620071684586,0.38839999999999997,0.3,0.91,0.04195148597571712","0,0,0"
26.383333333333333,86,AV,1,0,0,42,1297.4303329633815,0.6,-5.28644499262887,"0.21436805555555555,0.28645390070921983,0.3229772727272728,0.6,0.42,0.06410473046133508","0,0,0"
46.36666666666667,17,AV,2,0,0,81,571.0932451196882,0.1,-0.6686790437386247,"0.2464027777777778,0.29811904761904773,0.3700227272727272,0.1,0.81,0.028217144008856807","0,0,0"
23.633333333333333,196,AV,1,0,0,37,3382.383844415393,0.2,-4.137222467492447,"0.32464166666666666,0.31383986928104574,0.3732407407407407,0.2,0.37,0.16712019069862674","0,0,0"
40.983333333333334,59,AV,1,0,0,96,932.1411738504048,0.1,-1.0647033444857514,"0.30416666666666664,0.25816326530612244,0.3614298245614034,0.1,0.96,0.046056159767061025","0,0,0"
28.983333333333334,252,AV,1,0,0,50,5307.329693361759,0.6,-23.40668266857601,"0.21599999999999997,0.2647623762376238,0.3522166666666666,0.6,0.5,0.2622298329385507","0,0,0"
12.95,214,AV,1,0,0,3,3778.090807703549,0.1,-1.3355120191858831,"0.3104444444444444,0.28157543859649126,0.3591916666666667,0.1,0.03,0.18667167456544997","0,0,0"
20.766666666666666,14,AV,1,0,0,26,546.8646928603165,0.2,-0.6735634741615778,"0.27329411764705885,0.3060242718446602,0.3677916666666667,0.2,0.26,0.027020035561031403","0,0,0"
23.5,124,AV,0,0,0,70,1832.3133019091129,0.2,-2.1747152825688967,"0.25132456140350873,0.2770799319727891,0.3552456140350877,0.2,0.7,0.09053276107035316","0,0,0"
16.016666666666666,39,AV,1,0,0,14,793.0252767736928,0.8,-2.6659841447121844,"0.2140666666666667,0.23688421052631578,0.3127878787878788,0.8,0.14,0.0391825829295129","0,0,0"
37.31666666666667,208,AV,1,0,0,82,3628.2404526711953,0.1,-3.5190363524961312,"0.19640972222222225,0.2302539682539683,0.33013636363636367,0.1,0.82,0.1792677189349818","0,0,0"
19.966666666666665,150,AV,1,0,0,22,2382.718205806423,0.6,-7.308324269081046,"0.27295652173913043,0.29927543859649125,0.3568484848484848,0.6,0.22,0.1177277149052501","0,0,0"
32.11666666666667,207,AV,0,0,0,82,3580.4564780460023,0.1,-2.9038466469674438,"0.22954166666666664,0.2795555555555556,0.3665333333333332,0.1,0.82,0.17690676071171996","0,0,0"
39.333333333333336,62,AV,2,0,0,69,948.3478854920526,0.8,-7.5356936355597455,"0.3245701754385965,0.29563636363636364,0.3496818181818182,0.8,0.69,0.04685691712185437","0,0,0"
31.083333333333332,137,AV,2,0,0,31,2187.718469250836,0.1,-1.7172116772528656,"0.21375,0.2800595238095238,0.33989393939393936,0.1,0.31,0.10809297365222585","0,0,0"
34.05,267,AV,0,0,0,90,6778.2755320215965,0.4,-23.31315978437731,"0.27852499999999997,0.27973400673400667,0.3519,0.4,0.9,0.3349077903708691","0,0,0"
17.283333333333335,256,AV,1,0,0,16,5502.789496653042,0.1,-2.501680432672225,"0.27568840579710147,0.31219814814814817,0.34367901234567905,0.1,0.16,0.27188730562719554","0,0,0"
8.75,143,AV,0,0,0,11,2318.1098695731453,0.1,-0.5122086201708339,"0.22994736842105265,0.2718900709219859,0.3226960784313725,0.1,0.11,0.11453548186231685","0,0,0"
37.0,116,AV,1,0,0,80,1718.6657268339234,0.2,-3.3116480753967252,"0.2512500000000001,0.28383687943262415,0.34960119047619054,0.2,0.8,0.0849175484591763","0,0,0"
33.083333333333336,149,AV,1,0,0,71,2360.1328348572283,0.1,-2.071743971881986,"0.1687063492063492,0.23437411347517728,0.3058466666666667,0.1,0.71,0.11661179439662402","0,0,0"
36.65,264,AV,1,0,0,80,6130.868263041086,0.2,-11.448299082851303,"0.2989047619047619,0.3499494382022472,0.3361842105263158,0.2,0.8,0.3029200470429381","0,0,0"
24.75,268,AV,1,0,0,40,7081.334819999852,0.1,-4.525834262499908,"0.13801754385964912,0.21273180076628354,0.2971666666666667,0.1,0.4,0.34988164559535495","0,0,0"
35.016666666666666,136,AV,2,0,0,55,2158.6935677652164,0.6,-11.453068651198786,"0.21427777777777782,0.24809693877551017,0.3788333333333334,0.6,0.55,0.10665888240344744","0,0,0"
16.183333333333334,29,AV,1,0,0,13,682.056612603955,0.3,-0.9362082965131823,"0.25496969696969696,0.26364166666666666,0.31733333333333336,0.3,0.13,0.033699732617228556","0,0,0"
14.75,197,AV,1,0,0,6,3389.778327720714,0.3,-3.8878204798394345,"0.23631372549019605,0.271021978021978,0.32927083333333335,0.3,0.06,0.1674855446965603","0,0,0"
36.983333333333334,172,AV,1,0,0,78,2964.6777926145683,0.1,-2.8687794704594816,"0.2584722222222222,0.2583613861386139,0.33849999999999997,0.1,0.78,0.14648175394988758","0,0,0"
35.46666666666667,239,AV,2,0,0,52,4635.813442599864,0.1,-4.151940659028836,"0.2137058823529412,0.25628838951310856,0.33357638888888885,0.1,0.52,0.22905088902009327","0,0,0"
16.216666666666665,42,AV,1,0,0,14,818.0604611907775,0.2,-0.7700107986015373,"0.2625925925925926,0.26901618122977344,0.34580701754385956,0.2,0.14,0.040419546262597174","0,0,0"
32.05,38,AV,1,0,0,66,779.2240782816187,0.1,-0.7306598916395424,"0.33256060606060606,0.30436984126984123,0.37305128205128213,0.1,0.66,0.038500679564916006","0,0,0"
36.166666666666664,255,AV,2,0,0,69,5434.023139443809,0.1,-4.96289150361661,"0.2790625,0.27515488215488215,0.3512866666666666,0.1,0.69,0.26848962894143685","0,0,0"
38.233333333333334,134,AV,1,0,0,80,2113.1349678504243,0.4,-8.260827636782615,"0.2209652777777778,0.2705949820788531,0.342195652173913,0.4,0.8,0.10440787771091574","0,0,0"
38.15,32,AV,1,0,0,84,742.4887258523852,0.2,-1.5306032773367926,"0.25436507936507935,0.2518017543859649,0.32297916666666665,0.2,0.84,0.0366856226743472","0,0,0"
21.85,153,AV,2,0,0,1,2411.397471856681,0.2,-2.66106236161962,"0.2800466666666666,0.2641153846153846,0.3262291666666666,0.2,0.01,0.11914472865409743","0,0,0"
38.766666666666666,100,AV,1,0,0,87,1503.4428459110418,0.2,-3.0436094777685883,"0.2555714285714286,0.26142166666666666,0.35938596491228075,0.2,0.87,0.07428360194186243","0,0,0"
29.0,144,AV,1,0,0,52,2318.2944376966047,0.1,-1.7977408760909483,"0.23421014492753617,0.2680592592592593,0.33926190476190476,0.1,0.52,0.11454460118803748","0,0,0"
35.766666666666666,298,AV,1,0,0,74,17322.90883950548,0.1,-15.746027933324394,"0.3426309523809523,0.311752688172043,0.37584210526315787,0.1,0.74,0.8559075379611304","0,0,0"
16.45,146,AV,1,0,0,18,2329.0008356791827,0.2,-2.034952714491038,"0.23989999999999997,0.2921527777777778,0.3457631578947369,0.2,0.18,0.1150735935658535","0,0,0"
24.9,169,AV,1,0,0,42,2891.134206742707,0.2,-3.7358202902976467,"0.28438095238095235,0.2766739926739927,0.33049074074074075,0.2,0.42,0.14284803919103217","0,0,0"
38.333333333333336,27,AV,1,0,0,87,646.5589615252754,0.6,-3.85526669572761,"0.29721875000000003,0.31428865979381443,0.3684876543209877,0.6,0.87,0.03194582930805295","0,0,0"
33.88333333333333,142,AV,1,0,0,73,2280.385817754286,0.1,-2.0511887068579395,"0.20748958333333334,0.223510162601626,0.2635,0.1,0.73,0.1126715743273096","0,0,0"
20.933333333333334,82,AV,1,0,0,27,1260.3927948639828,0.2,-1.4325364901928979,"0.2826904761904762,0.27860243055555556,0.3483260869565218,0.2,0.27,0.06227474288012104","0,0,0"
16.266666666666666,104,AV,1,0,0,14,1541.4014724042315,0.2,-1.3663365631873148,"0.25002941176470594,0.2905816666666666,0.3400490196078432,0.2,0.14,0.07615909957607497","0,0,0"
23.8,34,AV,1,0,0,38,753.7709081553346,0.2,-1.0060478592978266,"0.3033636363636364,0.28521947194719477,0.3586904761904762,0.2,0.38,0.03724306397749163","0,0,0"
38.46666666666667,120,AV,1,0,0,87,1794.439334206041,0.3,-5.329249978974169,"0.26245138888888886,0.2904432989690722,0.33474561403508774,0.3,0.87,0.08866144634198442","0,0,0"
35.7,55,AV,1,0,0,80,881.2906222289953,1.0,-8.04496848827655,"0.2540877192982456,0.2947692307692308,0.3252156862745098,1.0,0.8,0.04354368505248021","0,0,0"
34.083333333333336,250,AV,1,0,0,72,4967.653125719208,0.1,-4.375610539602601,"0.2491416666666667,0.28516838487972507,0.3558405797101449,0.1,0.72,0.24544675468029653","0,0,0"
17.516666666666666,241,AV,1,0,0,19,4662.282088415262,0.4,-8.349256691791984,"0.19574074074074077,0.2681612903225806,0.3238472222222222,0.4,0.19,0.23035867824203715","0,0,0"
43.8,4,AV,2,0,0,88,437.8567856598078,0.2,-0.9685922834292718,"0.25545000000000007,0.2697861952861953,0.3141428571428571,0.2,0.88,0.021634064282494894","0,0,0"
22.333333333333332,159,AV,1,0,0,31,2530.9644311939346,0.2,-2.9547915301345724,"0.24838888888888885,0.2796397849462366,0.35258695652173905,0.2,0.31,0.12505241210010515","0,0,0"
21.666666666666668,213,AV,1,0,0,28,3773.692032315799,0.2,-4.229460978123349,"0.23592,0.2524320987654321,0.3222500000000001,0.2,0.28,0.18645433548879403","0,0,0"
24.633333333333333,96,AV,1,0,0,41,1454.957177165027,0.4,-3.720246982912306,"0.26214814814814813,0.27807026143790853,0.33475,0.4,0.41,0.07188797371641335","0,0,0"
13.5,139,AV,1,0,0,5,2198.5025098873134,0.1,-0.8494894920070388,"0.25321839080459774,0.23801984126984124,0.30866666666666664,0.1,0.05,0.10862580227563756","0,0,0"
16.266666666666666,123,AV,1,0,0,16,1824.367004680513,0.1,-0.8494032813839144,"0.2623333333333333,0.2916684027777778,0.3247777777777777,0.1,0.16,0.09014014250035135","0,0,0"
21.266666666666666,152,AV,2,0,0,4,2398.572127464108,0.5,-6.4406103422647325,"0.19542105263157897,0.24510283687943268,0.31259876543209875,0.5,0.04,0.11851104126104732","0,0,0"
42.46666666666667,227,AV,1,0,0,99,4227.85786318916,0.3,-13.701744741674215,"0.288625,0.3040721649484536,0.379963768115942,0.3,0.99,0.2088942133251532","0,0,0"
24.95,240,AV,1,0,0,41,4660.29795945294,0.3,-8.908669249117487,"0.1729466666666667,0.23288368055555556,0.294140350877193,0.3,0.41,0.23026064442157015","0,0,0"
43.0,129,AV,1,0,0,97,1945.516475481125,0.1,-2.212555768830515,"0.2928055555555556,0.2924748062015505,0.3420964912280702,0.1,0.97,0.09612601624932422","0,0,0"
21.433333333333334,6,AV,2,0,0,4,465.3670128771111,0.5,-1.2593896855218114,"0.30619298245614035,0.317205,0.3881666666666666,0.5,0.04,0.02299331699602389","0,0,0"
15.216666666666667,35,AV,1,0,0,8,767.6170681366935,0.2,-0.6899279319939404,"0.32503703703703707,0.3192911877394636,0.3712391304347825,0.2,0.08,0.03792718884414417","0,0,0"
30.066666666666666,72,AV,1,0,0,52,1104.4445206976068,0.5,-4.292798643389062,"0.245,0.276878947368421,0.33284126984126977,0.5,0.52,0.05456949518600221","0,0,0"
30.516666666666666,216,AV,0,0,0,81,3803.247088152212,0.2,-5.8617385676824085,"0.23564912280701752,0.25270297029702976,0.32465000000000005,0.2,0.81,0.18791462113190488","0,0,0"
18.466666666666665,81,AV,1,0,0,19,1244.4027248274256,0.4,-2.421209123078767,"0.1754083333333333,0.23639846743295018,0.31160606060606066,0.4,0.19,0.06148468956958209","0,0,0"
13.833333333333334,28,AV,0,0,0,29,649.7132696839626,0.2,-0.45392425407212883,"0.22717708333333334,0.2659330065359477,0.33284210526315794,0.2,0.29,0.03210168050804979","0,0,0"
31.183333333333334,11,AV,1,0,0,62,539.5213747330826,0.2,-0.9497007509474726,"0.21324999999999997,0.2571468253968254,0.3168555555555556,0.2,0.62,0.026657209583190285","0,0,0"
22.5,285,AV,1,0,0,32,9095.945853089892,0.9,-46.61335947602786,"0.2155493827160494,0.2682260536398467,0.34625362318840586,0.9,0.32,0.44942155458275634","0,0,0"
5.1,191,AV,0,0,0,3,3257.3450634265246,0.7,-2.936545928392094,"0.22859523809523807,0.2790411764705882,0.33549382716049386,0.7,0.03,0.1609421500371313","0,0,0"
36.95,24,AV,1,0,0,80,615.3970356119416,0.1,-0.6742151632793244,"0.20175438596491227,0.2500235690235689,0.291469696969697,0.1,0.8,0.030406149827330708","0,0,0"
30.95,237,AV,1,0,0,62,4577.590037133467,0.1,-3.677687162860627,"0.2233086419753086,0.23361363636363638,0.2929866666666666,0.1,0.62,0.2261741289975035","0,0,0"
20.766666666666666,126,AV,2,0,0,3,1888.2149669861096,0.2,-1.9804005461824012,"0.24525,0.3064268707482993,0.3667424242424243,0.2,0.03,0.09329480623074009","0,0,0"
13.85,246,AV,1,0,0,7,4754.245589533712,0.3,-5.088356167806204,"0.29056818181818184,0.2729908424908425,0.35124074074074074,0.3,0.07,0.234902502524312","0,0,0"
30.583333333333332,279,AV,1,0,0,55,8639.921150992108,0.4,-26.790665508536225,"0.23118939393939397,0.25752850877192984,0.3504298245614035,0.4,0.55,0.42688983178503276","0,0,0"
36.916666666666664,3,AV,1,0,0,80,437.5592869272848,0.1,-0.5079098571312861,"0.16118421052631576,0.2293676470588235,0.29234210526315785,0.1,0.8,0.021619365168734063","0,0,0"
32.8,176,AV,2,0,0,48,3032.1279287666234,0.1,-2.5114594965541728,"0.2876984126984128,0.2690709219858156,0.3451969696969697,0.1,0.48,0.14981439747436257","0,0,0"
23.983333333333334,180,AV,2,0,0,6,3101.095365071405,0.6,-11.268879369539778,"0.2689425287356322,0.28057843137254906,0.3361089743589743,0.6,0.06,0.15322200927639995","0,0,0"
18.516666666666666,206,AV,1,0,0,13,3539.477986656502,0.6,-10.03020212923074,"0.1609236111111111,0.2394548611111111,0.31387499999999996,0.6,0.13,0.1748820545841577","0,0,0"
30.5,92,AV,0,0,0,79,1411.5824788559885,0.1,-1.0872036768966578,"0.2081754385964912,0.25668817204301075,0.3155793650793651,0.1,0.79,0.06974487341013964","0,0,0"
21.416666666666668,259,AV,1,0,0,23,5862.871835726062,0.2,-6.441574334097634,"0.24651666666666672,0.2469420289855072,0.30368,0.2,0.23,0.28967861256961963","0,0,0"
21.9,94,AV,0,0,0,69,1434.2863071033526,0.3,-2.3796113731487436,"0.2678157894736842,0.25904687499999995,0.3294133333333334,0.3,0.69,0.07086664677496723","0,0,0"
38.2,258,AV,1,0,0,84,5844.130995646287,0.5,-28.287601519405076,"0.2334393939393939,0.28339700374531834,0.353798245614035,0.5,0.84,0.28875264647231946","0,0,0"
15.7,192,AV,1,0,0,7,3257.969850357721,0.3,-3.9750095947436526,"0.24141111111111113,0.27022006472491905,0.36752631578947365,0.3,0.07,0.1609730201322744","0,0,0"
32.03333333333333,71,AV,1,0,0,64,1083.524948441525,0.1,-0.9764877739497523,"0.24658333333333332,0.2696317829457364,0.3347954545454545,0.1,0.64,0.053535880118764236","0,0,0"
23.816666666666666,235,AV,1,0,0,40,4569.840806868062,0.1,-2.84844381860878,"0.22853333333333337,0.2665298245614035,0.3251833333333333,0.1,0.4,0.22579124730834796","0,0,0"
15.016666666666667,297,AV,1,0,0,7,14754.343640924068,0.1,-5.6949762712426715,"0.32131818181818184,0.3091516853932584,0.3769166666666667,0.1,0.07,0.7289973096860264","0,0,0"
32.21666666666667,50,AV,2,0,0,30,863.5619359671642,0.6,-4.215316217738708,"0.21587301587301586,0.25794791666666667,0.3437898550724638,0.6,0.3,0.0426677284593794","0,0,0"
21.266666666666666,182,AV,2,0,0,12,3151.1733449572957,0.1,-1.6922967963659552,"0.2646587301587302,0.27911616161616165,0.370825,0.1,0.12,0.1556963119969945","0,0,0"
16.016666666666666,189,AV,1,0,0,12,3245.380745418587,0.1,-1.4126308486310029,"0.2224057971014493,0.24297854785478548,0.3328974358974359,0.1,0.12,0.16035100509349434","0,0,0"
28.166666666666668,84,AV,1,0,0,49,1261.43865123121,0.1,-0.9972354042848255,"0.20496666666666666,0.23334705882352938,0.32032692307692306,0.1,0.49,0.06232641759345169","0,0,0"
28.316666666666666,165,AV,1,0,0,50,2744.255474143275,0.1,-2.062327462360869,"0.25226315789473686,0.2754875886524823,0.35616666666666674,0.1,0.5,0.13559090844222083","0,0,0"
21.266666666666666,254,AV,2,0,0,1,5354.15698790508,0.3,-8.626141813847072,"0.2526739130434783,0.2732103174603175,0.33463043478260873,0.3,0.01,0.26454352255923097","0,0,0"
23.516666666666666,251,AV,1,0,0,37,5200.876525735832,0.1,-3.188567667429823,"0.279975,0.3261344086021506,0.3537013888888889,0.1,0.37,0.25697008877808486","0,0,0"
40.7,201,AV,1,0,0,93,3456.1529418207683,0.2,-7.2043143804093575,"0.22744444444444445,0.2809480286738351,0.32087499999999997,0.2,0.93,0.17076504775599677","0,0,0"
33.31666666666667,51,AV,2,0,0,44,870.7377108213431,0.1,-0.7325777289275526,"0.2136086956521739,0.2959494382022472,0.34152976190476186,0.1,0.44,0.04302227629226974","0,0,0"
28.183333333333334,0,AV,2,0,0,18,388.2787303527966,0.1,-0.2763381031256646,"0.2684655172413793,0.26884722222222224,0.331,0.1,0.18,0.01918446233354553","0,0,0"
29.666666666666668,111,AV,1,0,0,58,1628.9397076974285,0.1,-1.320333619402956,"0.2748508771929824,0.26916666666666667,0.3380333333333334,0.1,0.58,0.0804842759157665","0,0,0"
40.78333333333333,292,AV,1,0,0,92,11662.42845360034,0.1,-12.110926946952874,"0.2362619047619047,0.28299250936329584,0.3346833333333333,0.1,0.92,0.5762288837775733","0,0,0"
15.616666666666667,269,AV,1,0,0,12,7332.887514065835,0.3,-8.775398485706676,"0.1886736111111111,0.2540223577235772,0.3106533333333334,0.3,0.12,0.3623106117141683","0,0,0"
50.083333333333336,53,AV,2,0,0,92,873.8892656114449,0.4,-4.420938119802007,"0.24825438596491226,0.25702105263157893,0.34494927536231884,0.4,0.92,0.04317799145108845","0,0,0"
42.15,274,AV,1,0,0,99,7592.14370769901,0.2,-16.262063498965322,"0.32632407407407404,0.3266546391752578,0.39961111111111114,0.2,0.99,0.37512020001424035","0,0,0"
10.3,187,AV,0,0,0,16,3206.59631480788,0.2,-1.6680778809354124,"0.3101428571428571,0.29963333333333336,0.36532638888888885,0.2,0.16,0.15843470530673276","0,0,0"
37.43333333333333,89,AV,1,0,0,81,1348.5865378412918,0.9,-11.573202136331595,"0.32479861111111114,0.3046060606060606,0.36833333333333335,0.9,0.81,0.0666323071965214","0,0,0"
27.366666666666667,70,AV,1,0,0,46,1074.3823512953045,0.9,-6.78233265464731,"0.2518796296296297,0.28352614379084956,0.32755833333333334,0.9,0.46,0.05308415357061393","0,0,0"
34.71666666666667,295,AV,1,0,0,73,13460.811009378149,0.2,-23.701741862402937,"0.20429411764705882,0.23508585858585856,0.33165972222222223,0.2,0.73,0.6650851607394264","0,0,0"
35.71666666666667,202,AV,1,0,0,77,3487.44186130441,0.1,-3.2454494565552823,"0.2850066666666667,0.3129480286738351,0.36154545454545456,0.1,0.77,0.17231100186155868","0,0,0"
40.06666666666667,186,AV,1,0,0,92,3197.7177395395383,0.3,-9.806203845774053,"0.3008712121212121,0.3170210526315789,0.3715652173913043,0.3,0.92,0.15799602381455757","0,0,0"
36.3,257,AV,2,0,0,68,5702.891177591027,0.1,-5.2276502461251075,"0.30992105263157904,0.28767708333333336,0.35072463768115936,0.1,0.68,0.28177412883109826","0,0,0"
33.35,273,AV,2,0,0,36,7572.106998522375,0.2,-12.754028707107134,"0.25897368421052624,0.2786352201257862,0.2996888888888889,0.2,0.36,0.37413020632558763","0,0,0"
20.7,130,AV,1,0,0,24,1986.5043233563797,0.3,-3.2151999616270497,"0.2298333333333333,0.2823611111111112,0.3243666666666667,0.3,0.24,0.09815118467145603","0,0,0"
12.0,122,AV,1,0,0,2,1822.2981036688468,0.1,-0.6522115465663173,"0.2521818181818182,0.2798724279835392,0.33116666666666666,0.1,0.02,0.09003792017801585","0,0,0"
38.166666666666664,243,AV,1,0,0,86,4687.914961676448,0.6,-27.209407227876433,"0.22907638888888893,0.27783876811594205,0.33856250000000004,0.6,0.86,0.23162517278098077","0,0,0"
23.5,114,AV,1,0,0,33,1691.6338586686718,0.4,-4.1154945130013925,"0.2839133333333333,0.31621647509578543,0.36771428571428566,0.4,0.33,0.08358193098625824","0,0,0"
15.766666666666667,108,AV,1,0,0,7,1592.2311391495805,0.2,-1.3678877589524439,"0.28163218390804595,0.33538316151202757,0.38609523809523805,0.2,0.07,0.07867054238989274","0,0,0"
28.133333333333333,260,AV,1,0,0,50,5882.279762541917,0.2,-8.457986733308715,"0.2680289855072464,0.26932417582417584,0.32983974358974355,0.2,0.5,0.29063753875296394","0,0,0"
41.333333333333336,162,AV,1,0,0,99,2580.565825479665,0.1,-2.793519885180795,"0.24411538461538462,0.30845754716981133,0.3954722222222221,0.1,0.99,0.12750316720456661","0,0,0"
38.11666666666667,233,AV,1,0,0,83,4459.768546990965,0.1,-4.392714927175225,"0.23839285714285716,0.33133484848484845,0.35222916666666665,0.1,0.83,0.22035268743240086","0,0,0"
38.88333333333333,155,AV,1,0,0,90,2476.7926805910606,0.3,-7.395905711892607,"0.2503444444444444,0.26581518151815187,0.34342500000000004,0.3,0.9,0.12237584027749006","0,0,0"
30.016666666666666,121,AV,1,0,0,51,1797.659883656486,0.3,-4.187860417254205,"0.2707301587301587,0.29906224899598394,0.3473229166666667,0.3,0.51,0.08882057045771759","0,0,0"
33.78333333333333,93,AV,2,0,0,65,1421.705549214182,0.6,-7.277265525901885,"0.2730909090909091,0.2823135313531353,0.3559313725490197,0.6,0.65,0.07024504415554754","0,0,0"
33.45,76,AV,1,0,0,71,1150.4391077840953,0.2,-2.043544856332222,"0.2151190476190476,0.26751833333333336,0.32511403508771936,0.2,0.71,0.056842041567067104","0,0,0"
18.55,161,AV,1,0,0,20,2574.4307659940623,0.1,-1.3059517855856024,"0.2261091954022989,0.26856491228070173,0.35227083333333326,0.1,0.2,0.12720004007342384","0,0,0"
34.833333333333336,175,AV,1,0,0,73,3017.17067826153,0.2,-5.407985452497137,"0.28203968253968253,0.30814102564102563,0.3647569444444445,0.2,0.73,0.14907537474018487","0,0,0"
35.666666666666664,98,AV,0,0,0,96,1475.2077210572677,0.1,-1.3286803548243065,"0.1908421052631579,0.26272159090909086,0.3204666666666667,0.1,0.96,0.07288853276372843","0,0,0"
11.1,280,AV,1,0,0,1,8689.506535985933,0.1,-2.535695013874845,"0.2071296296296296,0.27800185185185183,0.3595476190476191,0.1,0.01,0.42933979588645044","0,0,0"
35.5,261,AV,0,0,0,95,5899.132481879994,0.1,-5.288363714816661,"0.2240833333333333,0.2535277777777778,0.3632121212121212,0.1,0.95,0.29147021469961026","0,0,0"
24.466666666666665,166,AV,2,0,0,15,2818.3733061874163,0.1,-1.741318187492899,"0.3027444444444444,0.3022323232323232,0.3516583333333334,0.1,0.15,0.13925299612805134","0,0,0"
39.4,67,AV,1,0,0,92,1022.032321197676,0.6,-6.201223250786125,"0.2669266666666667,0.3038602693602694,0.3473854166666667,0.6,0.92,0.05049759112961852","0,0,0"
22.933333333333334,294,AV,1,0,0,25,12051.378145129962,0.1,-7.07924929616954,"0.26829411764705885,0.2949131205673759,0.3631984126984127,0.1,0.25,0.5954464976293913","0,0,0"
29.05,163,AV,2,0,0,32,2675.3892374750885,0.2,-3.9252554216490574,"0.24772727272727266,0.27676063829787234,0.34944444444444434,0.2,0.32,0.13218829681264888","0,0,0"
30.45,48,AV,2,0,0,45,859.2772315809713,0.8,-5.285856909422339,"0.21854347826086953,0.29692831541218634,0.3340694444444444,0.8,0.45,0.042456025516412095","0,0,0"
26.033333333333335,238,AV,1,0,0,42,4617.971391102537,1.0,-30.458885997062985,"0.30888000000000004,0.29098333333333337,0.3464888888888889,1.0,0.42,0.2281693311644965","0,0,0"
26.133333333333333,49,AV,1,0,0,44,863.3540159882258,0.4,-2.3790220489386167,"0.2721739130434782,0.2707895622895623,0.34225,0.4,0.44,0.04265745534191888","0,0,0"
30.916666666666668,272,AV,1,0,0,62,7362.36439851089,0.1,-5.847973888568056,"0.2574772727272727,0.33233003300330033,0.37082352941176466,0.1,0.62,0.36376703498729634","0,0,0"
19.616666666666667,245,AV,1,0,0,25,4707.821121085941,0.7,-16.424805646728565,"0.2833222222222222,0.27680097087378636,0.3861851851851852,0.7,0.25,0.2326087161366778","0,0,0"
32.03333333333333,289,AV,0,0,0,86,10783.100237376317,0.1,-8.722693037136903,"0.28491666666666665,0.2818350515463918,0.36390350877192984,0.1,0.86,0.5327821592360418","0,0,0"
31.816666666666666,95,AV,2,0,0,47,1434.4967426379471,0.4,-4.610192393427342,"0.23711764705882354,0.25540522875816996,0.3383015873015874,0.4,0.47,0.07087704418350775","0,0,0"
10.35,61,AV,0,0,0,16,943.1907669438916,0.1,-0.24651576863306257,"0.31237499999999996,0.30415986394557826,0.35519166666666663,0.1,0.16,0.046602109070826375","0,0,0"
39.81666666666667,234,AV,2,0,0,84,4549.070920567666,0.5,-22.869803091826924,"0.24136904761904762,0.2447670454545455,0.32822222222222225,0.5,0.84,0.22476502807393375","0,0,0"
26.95,36,AV,0,0,0,75,776.0711537761008,0.1,-0.5281595352087353,"0.2623589743589744,0.28685283687943264,0.3317666666666666,0.1,0.75,0.03834489672983343","0,0,0"
20.25,222,AV,2,0,0,5,4015.909421979459,0.6,-12.321540271982428,"0.2183695652173913,0.2519425925925926,0.3047345679012345,0.6,0.05,0.19842205358736212","0,0,0"
24.766666666666666,88,AV,1,0,0,42,1338.7213376931895,0.3,-2.61179281289404,"0.2887469135802469,0.27764652014652014,0.34436842105263155,0.3,0.42,0.06614487755935793","0,0,0"
35.93333333333333,200,AV,1,0,0,78,3438.9188747307694,0.1,-3.220500460403846,"0.23466666666666666,0.25201388888888887,0.32062037037037044,0.1,0.78,0.16991352979970423","0,0,0"
16.333333333333332,232,AV,1,0,0,15,4446.537177105173,0.1,-1.9340094417352987,"0.2502456140350877,0.2431178451178451,0.33544696969696963,0.1,0.15,0.21969893872727725","0,0,0"
15.583333333333334,157,AV,1,0,0,11,2520.718778515204,0.3,-3.0758485579693384,"0.24385833333333332,0.26373299319727894,0.30459090909090913,0.3,0.11,0.12454618468528102","0,0,0"
19.033333333333335,262,AV,1,0,0,20,5913.041300376779,0.2,-5.784085155749397,"0.24586781609195402,0.2752116104868914,0.37451515151515147,0.2,0.2,0.2921574354606168","0,0,0"
27.05,80,AV,1,0,0,40,1239.4416864014672,0.3,-2.639916486148461,"0.2858823529411765,0.25861111111111107,0.33232608695652177,0.3,0.4,0.0612395696405775","0,0,0"
18.583333333333332,90,AV,1,0,0,21,1373.5659577718477,0.5,-3.322908339468877,"0.29699358974358975,0.2806141304347826,0.34681060606060604,0.5,0.21,0.06786651526229966","0,0,0"
39.55,105,AV,2,0,0,78,1552.9853059451273,0.2,-3.102048931824737,"0.3187222222222222,0.2806584158415842,0.35969444444444443,0.2,0.78,0.07673144516410514","0,0,0"
38.4,141,AV,1,0,0,90,2239.257430619588,0.1,-2.271401144843237,"0.25505797101449273,0.2628696369636964,0.36335416666666664,0.1,0.9,0.11063946200143439","0,0,0"
23.566666666666666,44,AV,1,0,0,35,837.3801312568858,0.7,-3.5883790148066734,"0.22439166666666668,0.2868866666666666,0.3468583333333333,0.7,0.35,0.04137411176852384","0,0,0"
29.033333333333335,209,AV,1,0,0,55,3654.013033637752,0.2,-5.457988808583304,"0.20457142857142854,0.25126373626373627,0.2915079365079365,0.2,0.55,0.18054111629141673","0,0,0"
30.2,119,AV,1,0,0,60,1782.711710770346,0.3,-4.178628307974579,"0.29214999999999997,0.31731250000000005,0.37255303030303033,0.3,0.6,0.08808199623958074","0,0,0"
29.75,193,AV,1,0,0,55,3292.2479258152307,0.1,-2.5733428230556346,"0.27499999999999997,0.30146703296703303,0.3831825396825397,0.1,0.55,0.16266666543415204","0,0,0"
37.983333333333334,151,AV,2,0,0,74,2397.5381966938494,0.2,-4.599317803253605,"0.2547142857142857,0.29713601532567047,0.3259649122807018,0.2,0.74,0.11845995577949263","0,0,0"
31.433333333333334,74,AV,1,0,0,64,1148.2139867956057,0.2,-1.922838029542519,"0.25271264367816093,0.27920652173913046,0.37201754385964914,0.2,0.64,0.05673210057248192","0,0,0"
24.283333333333335,287,AV,2,0,0,12,9884.322174397852,0.7,-42.42853613496788,"0.2494,0.2760259938837921,0.3179375,0.7,0.12,0.48837443728907737","0,0,0"
32.5,106,AV,1,0,0,69,1564.4426034616197,0.1,-1.3839491063763294,"0.27303921568627454,0.26164115646258507,0.28154545454545454,0.1,0.69,0.07729753873417955","0,0,0"
38.7,69,AV,1,0,0,87,1062.4074567339185,0.4,-4.253047330868955,"0.327724358974359,0.31727647058823527,0.3769047619047619,0.4,0.87,0.052492486050087245","0,0,0"
45.016666666666666,270,AV,2,0,0,96,7334.728577480919,0.4,-33.35202338009421,"0.2714500000000001,0.28692556634304206,0.34909803921568633,0.4,0.96,0.3624015768095477","0,0,0"
27.666666666666668,83,AV,1,0,0,48,1260.6549751070208,0.9,-8.026845676809298,"0.21782638888888886,0.24239965986394554,0.32437037037037036,0.9,0.48,0.0622876969427672","0,0,0"
34.666666666666664,230,AV,1,0,0,71,4381.240268036911,0.2,-7.770858381748127,"0.23483333333333334,0.2914202127659575,0.35006944444444443,0.2,0.71,0.21647268399171962","0,0,0"
39.516666666666666,138,AV,2,0,0,65,2193.4249838744518,0.6,-13.132855143349303,"0.2698157894736842,0.28591493055555556,0.3452466666666667,0.6,0.65,0.10837492681188801","0,0,0"
19.616666666666667,12,AV,1,0,0,25,541.9839687696077,0.1,-0.3684827993442038,"0.21065833333333336,0.27539772727272727,0.34004166666666663,0.1,0.25,0.02677888388271631","0,0,0"
23.366666666666667,181,AV,1,0,0,35,3119.7161673652217,0.3,-5.6225278619268195,"0.21924999999999997,0.2598186813186813,0.35851666666666676,0.3,0.35,0.15414204442718335","0,0,0"
40.333333333333336,148,AV,1,0,0,93,2347.541384251396,0.1,-2.4910143728486442,"0.2988611111111111,0.2823421052631579,0.352452380952381,0.1,0.93,0.11598966346080683","0,0,0"
29.35,52,AV,2,0,0,27,871.0408974081768,0.2,-1.2911641585318177,"0.21873529411764708,0.27153666666666676,0.3382173913043478,0.2,0.27,0.0430372564372029","0,0,0"
39.06666666666667,190,AV,1,0,0,90,3251.3322332141274,0.7,-22.552802728357495,"0.20011904761904767,0.24974137931034485,0.32528,0.7,0.9,0.16064506213169047","0,0,0"
35.78333333333333,226,AV,1,0,0,81,4196.147454418583,0.1,-3.891720784779755,"0.32850833333333335,0.28823780487804884,0.36417999999999995,0.1,0.81,0.207327433856992","0,0,0"
44.05,15,AV,1,0,0,93,548.7192496267361,0.1,-0.7103808824762051,"0.217719298245614,0.25288178294573643,0.3636666666666667,0.1,0.93,0.02711166734935643","0,0,0"
15.4,167,AV,1,0,0,12,2857.6088215719105,0.3,-3.433876958500562,"0.1880217391304348,0.24969360269360272,0.31344444444444447,0.3,0.12,0.14119158356071124","0,0,0"
33.166666666666664,87,AV,1,0,0,72,1301.8927857652438,0.2,-2.280780003091612,"0.2700350877192982,0.2609322344322344,0.3154555555555556,0.2,0.72,0.06432521577510636","0,0,0"
22.733333333333334,127,AV,1,0,0,33,1921.5023446668008,1.0,-11.130846793457561,"0.28803703703703704,0.30907083333333324,0.36347101449275354,1.0,0.33,0.09493950214987396","0,0,0"
11.9,43,AV,0,0,0,25,832.3173438658397,0.1,-0.25011556545463365,"0.2287727272727273,0.2905909090909091,0.3441754385964913,0.1,0.25,0.04112396452528438","0,0,0"
35.63333333333333,199,AV,1,0,0,75,3414.9419898187493,0.3,-9.318618654333946,"0.26876666666666665,0.2819449838187702,0.33528030303030304,0.3,0.75,0.16872885598290138","0,0,0"
21.4,276,AV,1,0,0,27,7864.29237148983,0.1,-4.349895372471776,"0.22234,0.31570035460992907,0.3364126984126984,0.1,0.27,0.38856679232403757","0,0,0"
27.4,296,AV,1,0,0,50,14297.77376075636,0.1,-9.992904066785965,"0.20481111111111108,0.2716756272401434,0.3273257575757576,0.1,0.5,0.7064386501870882","0,0,0"
29.266666666666666,64,AV,1,0,0,55,954.0002559944874,0.2,-1.5101215905103704,"0.21807333333333337,0.2983602150537634,0.33278787878787874,0.2,0.55,0.04713619507483592","0,0,0"
29.033333333333335,253,AV,1,0,0,57,5341.061461458292,0.1,-4.015879236473209,"0.283725,0.298121052631579,0.38480000000000003,0.1,0.57,0.26389648574207625","0,0,0"
14.733333333333333,56,AV,1,0,0,4,904.859336063587,0.7,-2.4565949375258733,"0.2529416666666667,0.2826523297491039,0.3631666666666667,0.7,0.04,0.044708191546047354","0,0,0"
36.166666666666664,30,AV,1,0,0,80,720.4688823460104,0.4,-2.732015950657984,"0.2465652173913043,0.24856340579710148,0.34137333333333336,0.4,0.8,0.035597644309025005","0,0,0"
26.716666666666665,109,AV,2,0,0,35,1594.6992934726818,0.3,-3.2276552619150363,"0.26091666666666663,0.26466666666666666,0.3584242424242424,0.3,0.35,0.07879249141759738","0,0,0"
39.9,58,AV,1,0,0,92,926.7012599248138,0.4,-3.8348868960606133,"0.2742866666666666,0.3406907216494846,0.3608518518518518,0.4,0.92,0.04578737908028891","0,0,0"
33.93333333333333,242,AV,1,0,0,73,4669.869929992837,0.2,-8.103245098876611,"0.22836666666666666,0.2814518072289156,0.3369166666666667,0.2,0.73,0.23073358587812023","0,0,0"
28.766666666666666,118,AV,0,0,0,78,1751.9448432672848,0.1,-1.2726670031478677,"0.19599242424242422,0.24184791666666666,0.30550000000000005,0.1,0.78,0.08656183619837181","0,0,0"
43.46666666666667,21,AV,1,0,0,100,591.6693204447811,0.6,-3.9966504740403765,"0.27790000000000004,0.3007293906810036,0.33385802469135806,0.6,1.0,0.02923378723751827","0,0,0"
29.65,54,AV,2,0,0,5,877.2934597877683,0.1,-0.6568624010784678,"0.20311904761904764,0.2859670138888889,0.32434615384615384,0.1,0.05,0.04334618926839462","0,0,0"
43.18333333333333,77,AV,1,0,0,99,1167.011530479414,0.1,-1.3726123213266674,"0.27197619047619054,0.3280017730496454,0.36187121212121215,0.1,0.99,0.05766086833794136","0,0,0"
34.31666666666667,115,AV,1,0,0,71,1697.366940102563,0.2,-3.0418169441676586,"0.16421929824561407,0.25661403508771924,0.3400320512820512,0.2,0.71,0.08386519678534977","0,0,0"
25.25,231,AV,0,0,0,75,4416.224882412617,0.1,-2.815900966689864,"0.23391666666666666,0.27793707482993196,0.3211449275362318,0.1,0.75,0.21820123867235977","0,0,0"
42.983333333333334,204,AV,1,0,0,97,3531.3895067900216,0.4,-15.432413363655668,"0.24868666666666672,0.2562969348659004,0.3213392857142857,0.4,0.97,0.17448241091273348","0,0,0"
35.4,236,AV,2,0,0,59,4572.8741748457805,0.7,-28.615106578959203,"0.25535,0.2473079710144927,0.29814393939393935,0.7,0.59,0.22594112297539634","0,0,0"
18.433333333333334,284,AV,1,0,0,18,8987.822610831106,0.2,-8.467451016480812,"0.2299236111111111,0.2662234432234432,0.3331,0.2,0.18,0.4440792937110115","0,0,0"
23.916666666666668,229,AV,1,0,0,39,4245.708624069837,0.3,-7.792666509520475,"0.2084666666666667,0.2409646464646465,0.33104487179487185,0.3,0.39,0.20977620150263931","0,0,0"
20.033333333333335,140,AV,1,0,0,23,2222.040577514192,0.1,-1.224113120442786,"0.22576515151515153,0.2764044943820224,0.32369230769230767,0.1,0.23,0.1097887945708426","0,0,0"
22.533333333333335,218,AV,1,0,0,32,3933.772930850901,0.2,-4.576819025682171,"0.2174666666666666,0.2881171617161716,0.3200486111111111,0.2,0.32,0.19436377200486682","0,0,0"
36.0,91,AV,1,0,0,75,1386.7650627050614,0.1,-1.3606955115500559,"0.2717628205128204,0.2916684782608695,0.36264393939393935,0.1,0.75,0.0685186697885022","0,0,0"
15.3,1,AV,0,0,0,34,417.8295094645922,0.3,-0.4843023859703228,"0.2619855072463768,0.29160931899641584,0.35788888888888887,0.3,0.34,0.020644536667985786","0,0,0"
