travel_time,id,kind,action,origin,destination,start_time,income,urgency,reward,observation,cost_table
41.516666666666666,242,AV,1,0,0,80,4968.170350229253,0.2,-10.417266281499217,"0.2468888888888889,0.2911035353535354,0.3,0.2,0.8,0.24547231022417584","0,0,0"
11.883333333333333,296,AV,0,0,0,20,15725.918848752755,0.1,-5.719099385168652,"0.2500666666666667,0.3024023354564756,0.3451458333333333,0.1,0.2,0.7770018654902042","0,0,0"
32.31666666666667,162,AV,0,0,0,71,2818.3733061874163,0.1,-3.3000108757143947,"0.19169298245614036,0.31498390804597703,0.34731249999999997,0.1,0.71,0.13925299612805134","0,0,0"
39.333333333333336,90,AV,1,0,0,74,1614.9573615816892,0.1,-1.6040822278336646,"0.20816666666666667,0.3358786848072562,0.35618055555555556,0.1,0.74,0.0797934222289105","0,0,0"
18.05,234,AV,1,0,0,17,4818.617258984985,0.7,-15.374552794766487,"0.2525114942528735,0.34372072072072074,0.3547179487179487,0.7,0.17,0.2380830420990997","0,0,0"
27.0,12,AV,1,0,0,44,588.8906571209208,0.3,-1.2045490713837015,"0.22452380952380951,0.2971225165562914,0.31872222222222224,0.3,0.44,0.029096496271758268","0,0,0"
28.2,6,AV,2,0,0,25,508.6019702527906,1.0,-3.6218625154365385,"0.1898039215686275,0.2588289760348583,0.3022888888888889,1.0,0.25,0.025129512843044734","0,0,0"
18.866666666666667,121,AV,1,0,0,19,2105.6010448069283,0.1,-1.003173561751449,"0.24581720430107523,0.3039405594405595,0.3355,0.1,0.19,0.104035634135481","0,0,0"
28.066666666666666,67,AV,1,0,0,46,1265.4739572733297,1.0,-8.969099932863163,"0.24762318840579708,0.34486255411255407,0.33766666666666667,1.0,0.46,0.06252579801457091","0,0,0"
37.36666666666667,141,AV,1,0,0,68,2352.9451803313505,0.2,-4.440490820120276,"0.2823260869565217,0.34929035639413003,0.34600000000000003,0.2,0.68,0.11625665960107918","0,0,0"
20.966666666666665,218,AV,0,0,0,38,4227.85786318916,0.7,-16.669409235371944,"0.2352043010752688,0.3189308390022676,0.33395833333333336,0.7,0.38,0.2088942133251532","0,0,0"
15.9,128,AV,1,0,0,7,2215.952556227922,0.9,-8.007646737278172,"0.23327272727272727,0.3247412280701754,0.3419761904761905,0.9,0.07,0.10948799154991444","0,0,0"
13.883333333333333,84,AV,0,0,0,20,1572.8756307612184,0.2,-2.102866498673481,"0.19426,0.30692640692640694,0.35461111111111115,0.2,0.2,0.07771420614843609","0,0,0"
46.63333333333333,298,AV,1,0,0,99,19040.472291926453,0.1,-22.422239677108674,"0.24276086956521734,0.34432981220657277,0.36021568627450984,0.1,0.99,0.9407706241479663","0,0,0"
29.933333333333334,139,AV,1,0,0,52,2337.3116255789537,0.5,-8.833778786910354,"0.2379444444444444,0.2777286324786325,0.3153166666666667,0.5,0.52,0.11548422135287985","0,0,0"
42.45,285,AV,1,0,0,81,10213.823531357188,0.1,-10.948909315810923,"0.3098015873015873,0.34974242424242424,0.37742222222222227,0.1,0.81,0.5046547686007999","0,0,0"
28.95,38,AV,0,0,0,62,863.3540159882258,0.4,-3.524656440692842,"0.23751724137931032,0.28937878787878785,0.3613333333333334,0.4,0.62,0.04265745534191888","0,0,0"
30.566666666666666,100,AV,1,0,0,52,1799.695682844959,0.1,-1.389159041387902,"0.23175694444444445,0.3198055555555556,0.36895833333333333,0.1,0.52,0.08892115725219493","0,0,0"
31.3,69,AV,1,0,0,56,1301.8927857652438,0.1,-1.0290213180417205,"0.20956790123456792,0.3081274509803921,0.3372222222222222,0.1,0.56,0.06432521577510636","0,0,0"
25.783333333333335,226,AV,1,0,0,41,4504.939201911708,1.0,-29.331401285174298,"0.24534210526315792,0.32233014861995746,0.31983333333333336,1.0,0.41,0.2225845241521748","0,0,0"
45.35,78,AV,1,0,0,97,1474.807688008607,0.3,-5.066858231150783,"0.22356000000000006,0.328417735042735,0.34992592592592603,0.3,0.97,0.07286876753232566","0,0,0"
15.483333333333333,56,AV,0,0,0,27,1097.8259349569896,0.1,-1.429242547800944,"0.22846464646464645,0.305470588235294,0.3457424242424242,0.1,0.27,0.05424247750793666","0,0,0"
32.28333333333333,17,AV,2,0,0,43,627.4062491148882,0.4,-2.045935866221445,"0.19580246913580246,0.3103584474885845,0.3008939393939394,0.4,0.43,0.0309995130123124","0,0,0"
42.733333333333334,208,AV,1,0,0,88,3866.930621896856,0.5,-20.864499399291958,"0.2149404761904762,0.27214699074074067,0.30379999999999996,0.5,0.88,0.19106116061214143","0,0,0"
35.55,178,AV,1,0,0,65,3131.512437779759,0.3,-8.433732360838667,"0.24312903225806448,0.31246572104018916,0.33575000000000005,0.3,0.65,0.15472488630790748","0,0,0"
36.88333333333333,135,AV,1,0,0,67,2276.662146114732,0.2,-4.240953980935944,"0.17989333333333338,0.2478046357615894,0.28985897435897434,0.2,0.67,0.1124875914492194","0,0,0"
33.583333333333336,11,AV,1,0,0,62,586.8516376274475,0.3,-1.4930631942162964,"0.21801041666666665,0.32282413087934564,0.35048484848484857,0.3,0.62,0.028995750365243225","0,0,0"
8.6,7,AV,0,0,0,7,548.7192496267361,0.1,-1.1191663016866145,"0.23718749999999997,0.2995920745920746,0.32882142857142854,0.1,0.07,0.02711166734935643","0,0,0"
33.65,260,AV,1,0,0,59,5985.732437913218,0.2,-10.172722047261605,"0.2586507936507937,0.2943255033557047,0.33943333333333336,0.2,0.59,0.2957490316028605","0,0,0"
25.7,290,AV,1,0,0,42,12051.378145129962,1.0,-78.21222685096971,"0.22110416666666668,0.2944387096774194,0.31137878787878787,1.0,0.42,0.5954464976293913","0,0,0"
34.983333333333334,32,AV,2,0,0,53,807.7368269013535,0.5,-3.5678442753912907,"0.23978260869565218,0.3175487012987012,0.31831818181818183,0.5,0.53,0.039909465854662395","0,0,0"
42.1,25,AV,2,0,0,73,742.4887258523852,0.2,-1.5787260282012838,"0.2416153846153846,0.27262152777777776,0.34866666666666674,0.2,0.73,0.0366856226743472","0,0,0"
32.516666666666666,248,AV,0,0,0,71,5427.330032863625,0.2,-9.913064725687653,"0.1676904761904762,0.262771645021645,0.3386777777777778,0.2,0.71,0.26815892926348833","0,0,0"
20.466666666666665,289,AV,1,0,0,23,11940.25564443948,0.8,-49.36913781606627,"0.16603472222222218,0.270483436853002,0.3070666666666667,0.8,0.23,0.5899560464090298","0,0,0"
23.866666666666667,264,AV,0,0,0,52,6947.27484286379,0.1,-5.187078103948211,"0.21661309523809524,0.2828070175438596,0.30659848484848484,0.1,0.52,0.3432578766872154","0,0,0"
44.833333333333336,75,AV,1,0,0,95,1434.2863071033526,0.1,-1.6238342449949572,"0.24013978494623658,0.2927695749440715,0.3478,0.1,0.95,0.07086664677496723","0,0,0"
43.71666666666667,281,AV,1,0,0,94,9280.176126726552,0.3,-30.734724722732,"0.2140266666666667,0.2935865384615385,0.31012962962962964,0.3,0.94,0.4585241874827607","0,0,0"
27.133333333333333,203,AV,1,0,0,41,3758.845856207275,0.3,-7.726516482203843,"0.25100000000000006,0.2920419426048565,0.35179629629629633,0.3,0.41,0.18572080082906037","0,0,0"
26.383333333333333,164,AV,1,0,0,42,2857.6088215719105,0.3,-5.711609551197392,"0.21941666666666668,0.3019422222222223,0.342825,0.3,0.42,0.14119158356071124","0,0,0"
22.733333333333334,175,AV,1,0,0,31,3017.17067826153,0.1,-1.732079463446434,"0.2113035714285714,0.25497019867549664,0.3084545454545455,0.1,0.31,0.14907537474018487","0,0,0"
43.11666666666667,157,AV,1,0,0,91,2744.255474143275,0.1,-2.9879582961315876,"0.23365942028985504,0.2963505376344086,0.29784722222222215,0.1,0.91,0.13559090844222083","0,0,0"
39.766666666666666,47,AV,1,0,0,72,934.0011274976006,0.6,-5.627592652043623,"0.26849999999999996,0.3431335540838852,0.3415098039215686,0.6,0.72,0.04614805820984811","0,0,0"
17.066666666666666,46,AV,1,0,0,18,926.7012599248138,0.1,-0.3993864015837581,"0.25498850574712645,0.3365430839002267,0.34512499999999996,0.1,0.18,0.04578737908028891","0,0,0"
18.616666666666667,24,AV,0,0,0,35,736.5379020629116,0.6,-3.0775576681926067,"0.20223456790123456,0.3037886710239651,0.2937666666666667,0.6,0.35,0.03639159844402433","0,0,0"
14.866666666666667,154,AV,1,0,0,6,2619.168197182975,0.4,-3.9331616698437943,"0.22296969696969696,0.2680367965367966,0.3282037037037037,0.4,0.06,0.1294104716434546","0,0,0"
29.05,183,AV,0,0,0,65,3230.862018062417,0.2,-5.740229374985517,"0.23902380952380953,0.3301012658227848,0.36257575757575755,0.2,0.65,0.15963364934793914","0,0,0"
47.06666666666667,27,AV,2,0,0,82,753.5670156580491,0.4,-3.5826149027244623,"0.17618518518518517,0.28585888888888894,0.3248589743589744,0.4,0.82,0.03723298985385701","0,0,0"
43.166666666666664,227,AV,1,0,0,94,4569.840806868062,1.0,-49.814342128738545,"0.1977654320987654,0.28084326710816776,0.35051388888888896,1.0,0.94,0.22579124730834796","0,0,0"
25.316666666666666,297,AV,1,0,0,39,17693.100214811147,0.4,-45.24548691295983,"0.19379333333333335,0.29647202797202804,0.333,0.4,0.39,0.874198322236906","0,0,0"
27.1,194,AV,1,0,0,41,3520.054626539052,0.3,-7.226778816606691,"0.24027619047619048,0.3070959232613909,0.34611458333333334,0.3,0.41,0.17392236585687273","0,0,0"
43.516666666666666,76,AV,1,0,0,90,1446.9812594843625,0.3,-4.770287965295037,"0.22979166666666664,0.2967404761904762,0.3174,0.3,0.9,0.07149389162960644","0,0,0"
25.783333333333335,21,AV,0,0,0,51,658.4091024775607,0.2,-1.8573727959030193,"0.26130434782608697,0.3055011185682326,0.3560740740740741,0.2,0.51,0.032531332877974904","0,0,0"
23.95,171,AV,2,0,0,13,2968.817229463249,0.1,-1.7955346627688082,"0.2089202898550724,0.28952192982456143,0.3384555555555555,0.1,0.13,0.1466862793696381","0,0,0"
37.31666666666667,286,AV,1,0,0,68,10450.70686878338,0.1,-9.848119814480636,"0.2341954022988506,0.30659909909909916,0.3459696969696969,0.1,0.68,0.5163589365323479","0,0,0"
23.85,13,AV,0,0,0,51,591.6693204447811,0.7,-3.4944240668751565,"0.18999479166666666,0.2972956621004566,0.33049999999999996,0.7,0.51,0.02923378723751827","0,0,0"
18.783333333333335,284,AV,1,0,0,20,9884.322174397852,0.1,-4.6883969236306315,"0.15300925925925923,0.26486805555555554,0.3172666666666667,0.1,0.2,0.48837443728907737","0,0,0"
46.483333333333334,91,AV,1,0,0,100,1645.9523587482854,0.1,-1.932054347032394,"0.21273214285714281,0.2814288888888889,0.3317361111111111,0.1,1.0,0.0813248539278105","0,0,0"
22.666666666666668,279,AV,1,0,0,32,8975.220492497892,0.1,-5.137331595032464,"0.24422666666666668,0.3459026763990268,0.33303125,0.1,0.32,0.44345663569349214","0,0,0"
19.616666666666667,23,AV,1,0,0,24,699.2977112166509,0.1,-0.34641136620454466,"0.196037037037037,0.28264364035087713,0.2861969696969696,0.1,0.24,0.034551597993999705","0,0,0"
33.55,222,AV,1,0,0,61,4381.240268036911,0.4,-14.847536463902868,"0.15064444444444447,0.2751038812785388,0.3039393939393939,0.4,0.61,0.21647268399171962","0,0,0"
17.066666666666666,223,AV,1,0,0,14,4416.224882412617,0.1,-1.9032888382114985,"0.22499047619047627,0.29675563063063065,0.32730952380952383,0.1,0.14,0.21820123867235977","0,0,0"
30.25,1,AV,1,0,0,50,424.9057127261393,0.2,-0.649161505553824,"0.22405333333333333,0.3266306306306306,0.3504803921568627,0.2,0.5,0.02099416476842877","0,0,0"
23.233333333333334,87,AV,1,0,0,34,1581.4824060924602,0.3,-2.7835687804203153,"0.2232888888888889,0.26617002237136467,0.33851515151515144,0.3,0.34,0.07813945827853724","0,0,0"
8.966666666666667,145,AV,0,0,0,6,2436.431929205765,0.3,-2.655050982213007,"0.25078333333333336,0.31176712328767114,0.34772619047619047,0.3,0.06,0.12038165606348158","0,0,0"
39.36666666666667,249,AV,1,0,0,72,5502.789496653042,0.1,-5.470365652817545,"0.2553333333333333,0.31012671232876715,0.32279487179487176,0.1,0.72,0.27188730562719554","0,0,0"
24.483333333333334,64,AV,1,0,0,37,1240.6560786390864,0.1,-0.7670554627612871,"0.22412500000000002,0.34051117886178855,0.3531666666666667,0.1,0.37,0.06129957154209703","0,0,0"
42.15,282,AV,1,0,0,88,9667.367812467324,0.2,-20.579775418964537,"0.2583466666666666,0.34007511737089197,0.3778333333333334,0.2,0.88,0.4776549400331427","0,0,0"
37.81666666666667,81,AV,1,0,0,68,1541.4014724042315,1.0,-14.719865071065662,"0.205231884057971,0.3266263616557733,0.3456071428571429,1.0,0.68,0.07615909957607497","0,0,0"
17.733333333333334,273,AV,1,0,0,15,8134.997760071039,0.3,-10.928835374640892,"0.2062608695652174,0.27000851581508517,0.3134666666666666,0.3,0.15,0.40194207385440944","0,0,0"
12.616666666666667,159,AV,1,0,0,0,2761.3662775036096,0.3,-2.6393362021088795,"0.22750666666666666,0.3324235668789809,0.36166666666666664,0.3,0.0,0.13643633606135613","0,0,0"
45.78333333333333,206,AV,1,0,0,98,3778.090807703549,0.2,-8.73603994003506,"0.2523583333333334,0.33336,0.3667962962962963,0.2,0.98,0.18667167456544997","0,0,0"
24.083333333333332,278,AV,1,0,0,34,8480.737499651503,0.2,-10.315375157404397,"0.22940000000000002,0.3094714285714286,0.36223333333333335,0.2,0.34,0.4190247273522319","0,0,0"
21.25,96,AV,1,0,0,28,1684.196745492046,0.1,-0.9037671929723732,"0.25883870967741934,0.31744217687074827,0.3461666666666667,0.1,0.28,0.08321447068917306","0,0,0"
41.5,213,AV,0,0,0,90,4061.843573313689,0.1,-5.25673000738682,"0.21705172413793103,0.322210752688172,0.3021666666666667,0.1,0.9,0.20069161389857007","0,0,0"
11.8,245,AV,1,0,0,4,5051.78348307234,0.1,-1.505329421723576,"0.22798148148148145,0.34531807511737084,0.3620666666666667,0.1,0.04,0.24960355119161295","0,0,0"
38.78333333333333,60,AV,1,0,0,72,1129.1321270070612,0.1,-1.1058461530073365,"0.1994114583333333,0.29639743589743595,0.31594444444444447,0.1,0.72,0.05578928503366858","0,0,0"
13.45,122,AV,1,0,0,2,2113.1349678504243,0.1,-0.7177188211512173,"0.21406944444444448,0.2876858108108109,0.29768181818181816,0.1,0.02,0.10440787771091574","0,0,0"
42.0,193,AV,1,0,0,75,3458.1247672483346,0.3,-11.003124259426517,"0.23263690476190477,0.30240715883668906,0.3704090909090908,0.3,0.75,0.17086247367116114","0,0,0"
47.36666666666667,36,AV,1,0,0,100,859.2772315809713,0.1,-1.0278055101654548,"0.22459615384615383,0.313952380952381,0.35661538461538456,0.1,1.0,0.042456025516412095","0,0,0"
24.416666666666668,270,AV,1,0,0,37,7958.958807233507,0.1,-4.907354651766451,"0.20173333333333335,0.2712316176470587,0.31715476190476194,0.1,0.37,0.3932441658930853","0,0,0"
32.4,133,AV,1,0,0,56,2250.3510049999354,0.4,-7.364785107272517,"0.19247023809523814,0.3064760191846523,0.32509375000000007,0.4,0.56,0.11118758437643748","0,0,0"
19.383333333333333,176,AV,1,0,0,23,3024.224513765153,0.6,-8.881750276537556,"0.24952173913043482,0.3197043010752689,0.33169444444444446,0.6,0.23,0.14942389767216036","0,0,0"
35.61666666666667,52,AV,0,0,0,81,1011.0784796502788,0.7,-7.365624148606281,"0.17951190476190473,0.27264399092970526,0.33217777777777774,0.7,0.81,0.04995637281363524","0,0,0"
24.05,88,AV,1,0,0,36,1588.8002265047048,0.1,-0.9649152890767209,"0.2380637254901961,0.28718075117370895,0.29182142857142856,0.1,0.36,0.07850102443987396","0,0,0"
19.9,83,AV,1,0,0,23,1567.0706205360798,0.1,-0.7874925593097977,"0.2301206896551725,0.2917214765100671,0.33645833333333336,0.1,0.23,0.07742738641996724","0,0,0"
18.916666666666668,225,AV,1,0,0,23,4446.537177105173,0.1,-2.1240823636424127,"0.22194642857142857,0.3161901565995525,0.3011794871794872,0.1,0.23,0.21969893872727725","0,0,0"
22.3,65,AV,0,0,0,47,1244.4027248274256,0.6,-5.204572842977513,"0.18275,0.29606592039800994,0.30138888888888893,0.6,0.47,0.06148468956958209","0,0,0"
25.183333333333334,101,AV,1,0,0,38,1822.2981036688468,0.1,-1.158877287307924,"0.22314583333333332,0.2946870967741935,0.3058,0.1,0.38,0.09003792017801585","0,0,0"
20.2,129,AV,1,0,0,24,2218.0502812558643,0.3,-3.394289066770338,"0.24632,0.3161184486373166,0.3408333333333334,0.3,0.24,0.10959163803796217","0,0,0"
21.416666666666668,148,AV,1,0,0,28,2476.7926805910606,0.2,-2.679022385992856,"0.2003333333333333,0.26912765957446816,0.32471874999999994,0.2,0.28,0.12237584027749006","0,0,0"
17.166666666666668,103,AV,1,0,0,15,1830.3424648913517,0.1,-0.7934565399150221,"0.249,0.3205465367965368,0.3328333333333333,0.1,0.15,0.09043538399152518","0,0,0"
31.85,215,AV,1,0,0,57,4135.471393234625,0.3,-9.978391202615365,"0.1947179487179487,0.296599552572707,0.30103703703703705,0.3,0.57,0.20432949057724065","0,0,0"
40.8,257,AV,0,0,0,93,5862.871835726062,0.2,-13.081069237253704,"0.23045454545454547,0.3205376712328767,0.36033333333333334,0.2,0.93,0.28967861256961963","0,0,0"
34.06666666666667,263,AV,1,0,0,58,6778.2755320215965,0.1,-5.831142755661678,"0.2240072463768116,0.2922256235827664,0.3333888888888889,0.1,0.58,0.3349077903708691","0,0,0"
13.716666666666667,268,AV,0,0,0,25,7658.5640246764915,0.2,-6.305554033929927,"0.1932166666666667,0.26624309978768573,0.3181363636363636,0.2,0.25,0.37840196120697644","0,0,0"
13.666666666666666,190,AV,1,0,0,5,3368.9508766880413,1.0,-11.62685066870452,"0.24914880952380952,0.3615481220657276,0.37885714285714284,1.0,0.05,0.16645648124650464","0,0,0"
27.916666666666668,40,AV,1,0,0,43,871.0408974081768,0.4,-2.4562180187856844,"0.25011666666666665,0.2975497685185185,0.32656944444444447,0.4,0.43,0.0430372564372029","0,0,0"
18.133333333333333,288,AV,1,0,0,19,10721.15711953896,0.8,-39.274811266189865,"0.24755833333333335,0.2657666666666666,0.30933333333333335,0.8,0.19,0.529721611958849","0,0,0"
30.666666666666668,151,AV,0,0,0,66,2496.2043409386315,1.0,-20.330875367538223,"0.2381086956521739,0.2699988814317673,0.3644814814814814,1.0,0.66,0.12333495093088893","0,0,0"
10.416666666666666,185,AV,0,0,0,13,3245.380745418587,0.1,-1.853688116955647,"0.2686746031746031,0.30045772946859894,0.3397166666666667,0.1,0.13,0.16035100509349434","0,0,0"
18.55,192,AV,1,0,0,21,3414.9419898187493,0.3,-4.7990283266013485,"0.20064814814814813,0.29881235431235426,0.3420438596491228,0.3,0.21,0.16872885598290138","0,0,0"
27.733333333333334,254,AV,1,0,0,44,5702.891177591027,0.6,-23.963663938160277,"0.24280555555555555,0.3425284552845529,0.3471875,0.6,0.44,0.28177412883109826","0,0,0"
32.11666666666667,118,AV,1,0,0,58,2044.1603053436156,0.5,-8.289345345953592,"0.23068589743589743,0.29506152125279644,0.3299666666666667,0.5,0.58,0.10099990886948945","0,0,0"
34.85,109,AV,1,0,0,63,1921.5023446668008,0.1,-1.691019108879748,"0.2451742424242424,0.2996430260047281,0.33072807017543865,0.1,0.63,0.09493950214987396","0,0,0"
14.416666666666666,29,AV,1,0,0,5,783.6834518391023,1.0,-2.853056337713903,"0.21595512820512816,0.279537037037037,0.3472575757575757,1.0,0.05,0.038721012736313315","0,0,0"
43.96666666666667,142,AV,1,0,0,94,2382.718205806423,0.1,-2.6454590180628554,"0.2900416666666667,0.3496966666666667,0.4012083333333333,0.1,0.94,0.1177277149052501","0,0,0"
45.65,106,AV,1,0,0,98,1836.592480640456,0.1,-2.117182998516081,"0.2398402777777778,0.3065399543378995,0.33255555555555555,0.1,0.98,0.09074419099626069","0,0,0"
16.8,41,AV,1,0,0,12,892.1845339920479,0.2,-0.7570050591447681,"0.21358695652173915,0.2942758215962441,0.3170333333333333,0.2,0.12,0.044081942297973305","0,0,0"
15.1,173,AV,1,0,0,6,2991.769966736588,0.9,-10.267210567664199,"0.24446296296296297,0.33111954022988505,0.3752129629629629,0.9,0.06,0.14782035107959768","0,0,0"
20.533333333333335,247,AV,0,0,0,38,5341.061461458292,0.1,-3.769439276311707,"0.25595061728395063,0.3061912751677852,0.3543333333333333,0.1,0.38,0.26389648574207625","0,0,0"
15.066666666666666,174,AV,1,0,0,5,2996.640782499388,0.7,-7.98095238706066,"0.22650595238095242,0.2850815850815851,0.36352777777777784,0.7,0.05,0.14806101319737625","0,0,0"
37.35,73,AV,1,0,0,66,1391.0507319816634,0.4,-5.248055034294457,"0.24501010101010098,0.3225352112676056,0.3708148148148148,0.4,0.66,0.06873042040573611","0,0,0"
37.583333333333336,86,AV,2,0,0,66,1581.438059619256,0.4,-6.003607448554584,"0.2721515151515151,0.32881149425287354,0.3356666666666666,0.4,0.66,0.07813726716380881","0,0,0"
40.18333333333333,165,AV,1,0,0,76,2891.134206742707,0.4,-11.734889852620649,"0.2650133333333333,0.3513836689038031,0.36461458333333324,0.4,0.76,0.14284803919103217","0,0,0"
31.516666666666666,232,AV,1,0,0,55,4747.153558918807,0.1,-3.778142836664758,"0.2068111111111111,0.26959246575342466,0.31508333333333327,0.1,0.55,0.23455209241022626","0,0,0"
23.433333333333334,66,AV,1,0,0,27,1251.6500609663929,0.2,-1.4813299543087106,"0.22867857142857143,0.3034183673469387,0.3520222222222222,0.2,0.27,0.06184277317372448","0,0,0"
21.2,93,AV,1,0,0,25,1659.6531244520008,0.5,-4.442505838179598,"0.26704901960784316,0.3271953290870488,0.38691666666666663,0.5,0.25,0.08200179500914358","0,0,0"
25.366666666666667,54,AV,1,0,0,39,1068.5648373754009,0.2,-1.3689862647183166,"0.24852469135802469,0.30465444444444445,0.3264615384615384,0.2,0.39,0.052796716047137274","0,0,0"
41.45,269,AV,1,0,0,77,7864.29237148983,0.2,-16.463379737285525,"0.18413333333333334,0.3146422222222222,0.292462962962963,0.2,0.77,0.38856679232403757","0,0,0"
16.75,123,AV,1,0,0,9,2137.1188228190404,0.6,-5.423748527608928,"0.22848809523809524,0.3065686936936937,0.30765476190476193,0.6,0.09,0.1055928959112188","0,0,0"
30.766666666666666,144,AV,1,0,0,54,2421.832203454489,0.1,-1.8816086900576543,"0.22724137931034483,0.3052886710239652,0.3015,0.1,0.54,0.119660298268526","0,0,0"
41.15,184,AV,1,0,0,79,3236.647802754315,0.4,-13.453339099327279,"0.20710784313725494,0.2645645833333334,0.32038333333333335,0.4,0.79,0.1599195191621081","0,0,0"
15.3,134,AV,1,0,0,7,2255.9253983027734,0.1,-0.8716075402533444,"0.15386666666666668,0.2672013888888889,0.3157058823529411,0.1,0.07,0.11146300955425625","0,0,0"
25.283333333333335,216,AV,1,0,0,39,4164.701887555128,1.0,-26.59028940833809,"0.2076538461538462,0.31015862068965516,0.38085185185185183,1.0,0.39,0.20577373996162773","0,0,0"
33.55,8,AV,1,0,0,58,567.9518330451218,0.2,-0.9623628282153454,"0.2474444444444445,0.293907867494824,0.33753333333333335,0.2,0.58,0.028061929991431995","0,0,0"
28.15,202,AV,1,0,0,46,3667.3634505223554,0.3,-7.820930388803356,"0.24570138888888887,0.31297849462365585,0.36098484848484846,0.3,0.46,0.1812007469892587","0,0,0"
15.533333333333333,179,AV,1,0,0,6,3132.463358685509,1.0,-12.287272097200733,"0.1977361111111111,0.2838662280701754,0.30946428571428564,1.0,0.06,0.15477187035537765","0,0,0"
45.46666666666667,105,AV,1,0,0,95,1836.3970218708375,0.4,-8.433823359703105,"0.23414166666666664,0.2808547008547009,0.3128333333333333,0.4,0.95,0.09073453357464478","0,0,0"
25.8,120,AV,0,0,0,54,2052.607856914241,0.3,-5.011915356696017,"0.20288888888888892,0.2612716894977169,0.32050000000000006,0.3,0.54,0.10141729391339874","0,0,0"
32.416666666666664,5,AV,1,0,0,59,497.26542980048754,1.0,-4.070628202701802,"0.19950757575757572,0.2944786036036036,0.3169861111111111,1.0,0.59,0.024569385758302514","0,0,0"
30.716666666666665,209,AV,0,0,0,66,3958.913906791885,0.3,-10.212472639163439,"0.24828947368421056,0.3319032258064516,0.36754166666666666,0.3,0.66,0.19560596239095915","0,0,0"
26.166666666666668,233,AV,2,0,0,24,4754.245589533712,1.0,-31.414838281009793,"0.2099086021505377,0.29040350877192983,0.35063541666666664,1.0,0.24,0.234902502524312","0,0,0"
25.1,280,AV,1,0,0,37,8981.750106371177,0.3,-17.078933914387616,"0.2165495495495496,0.27794406392694065,0.32904761904761903,0.3,0.37,0.4437792573608979","0,0,0"
26.116666666666667,246,AV,1,0,0,39,5307.329693361759,0.4,-14.000985908245585,"0.25817187500000005,0.30317800453514737,0.3792272727272728,0.4,0.39,0.2622298329385507","0,0,0"
27.933333333333334,274,AV,1,0,0,47,8139.327108000771,0.1,-5.741377202444989,"0.24027956989247307,0.30513209876543207,0.3073928571428572,0.1,0.47,0.40215598259005225","0,0,0"
21.45,4,AV,1,0,0,29,473.5024380788758,0.5,-1.282402436463622,"0.24421999999999996,0.30939892473118275,0.30446666666666666,0.5,0.29,0.02339528018934334","0,0,0"
23.566666666666666,9,AV,1,0,0,34,583.3206434887895,0.1,-0.3471445243658032,"0.24955,0.27934920634920635,0.3405897435897436,0.1,0.34,0.028821287489073047","0,0,0"
12.933333333333334,211,AV,1,0,0,2,4021.28082322038,0.4,-5.253390435722247,"0.22482738095238095,0.29686896551724146,0.38823809523809527,0.4,0.02,0.19868744913115402","0,0,0"
15.166666666666666,196,AV,1,0,0,2,3531.3895067900216,0.1,-1.3525102909002187,"0.16123958333333335,0.26267241379310335,0.3312564102564102,0.1,0.02,0.17448241091273348","0,0,0"
35.15,35,AV,1,0,0,63,857.6590975250949,0.6,-4.567684436061679,"0.20339855072463767,0.2932272727272728,0.31489393939393945,0.6,0.63,0.04237607513690668","0,0,0"
47.35,235,AV,1,0,0,98,4843.3187157075145,0.6,-34.74714260435618,"0.2257954545454546,0.29370520833333336,0.32081249999999994,0.6,0.98,0.23930351628177382","0,0,0"
12.583333333333334,117,AV,1,0,0,0,2043.1688306873104,0.1,-0.6492392538589729,"0.21919444444444441,0.31835363247863246,0.31024999999999997,0.1,0.0,0.10095092110191003","0,0,0"
34.86666666666667,0,AV,1,0,0,62,417.8295094645922,0.2,-0.7357738499999384,"0.2179135802469136,0.2989752688172042,0.32483333333333336,0.2,0.62,0.020644536667985786","0,0,0"
21.216666666666665,89,AV,1,0,0,25,1597.8734280578535,0.2,-1.7121993888195686,"0.19791228070175435,0.26452020202020204,0.2878,0.2,0.25,0.07894932222142612","0,0,0"
7.15,33,AV,0,0,0,1,835.7777612710734,0.6,-1.9054259080436629,"0.21211494252873564,0.28661921296296294,0.3519117647058823,0.6,0.01,0.04129494027589717","0,0,0"
28.483333333333334,72,AV,1,0,0,45,1386.7650627050614,0.3,-2.9924008739431187,"0.21576923076923077,0.2748854875283447,0.3165,0.3,0.45,0.0685186697885022","0,0,0"
18.816666666666666,224,AV,1,0,0,20,4434.023444374438,0.1,-2.1069076046711874,"0.18041176470588238,0.3004647201946471,0.37527777777777777,0.1,0.2,0.21908064775365965","0,0,0"
36.71666666666667,236,AV,1,0,0,66,4864.205776554158,0.1,-4.510035911510442,"0.2323095238095238,0.29693928571428574,0.3240111111111111,0.1,0.66,0.24033552499290464","0,0,0"
20.616666666666667,110,AV,1,0,0,25,1929.5758599688188,0.4,-4.018325486164022,"0.1973333333333334,0.2961737089201878,0.32602380952380955,0.4,0.25,0.09533840643718873","0,0,0"
33.95,59,AV,0,0,0,75,1122.7546975855585,0.9,-9.663073177961298,"0.2623695652173913,0.3085358796296296,0.33794871794871795,0.9,0.75,0.0554741826472708","0,0,0"
37.7,267,AV,1,0,0,70,7177.938863287724,0.2,-13.667085613431679,"0.1859621212121212,0.2732468354430379,0.29788888888888887,0.2,0.7,0.35465475440829575","0,0,0"
45.666666666666664,187,AV,1,0,0,98,3323.1633986738134,0.3,-11.496802667129103,"0.25072,0.31304320987654316,0.3502166666666666,0.3,0.98,0.16419416791681526","0,0,0"
27.5,16,AV,0,0,0,59,623.7253316558669,0.1,-1.4331425914276854,"0.3108916666666666,0.3590921052631579,0.35796666666666677,0.1,0.59,0.03081764257536799","0,0,0"
31.683333333333334,250,AV,1,0,0,55,5568.958209200236,0.2,-8.911270669772431,"0.22926086956521743,0.30678145695364245,0.3132361111111111,0.2,0.55,0.275156635297578","0,0,0"
29.783333333333335,108,AV,2,0,0,40,1900.764377468582,0.8,-11.436585665105579,"0.25725000000000003,0.31215206812652063,0.31466666666666665,0.8,0.4,0.09391486000625965","0,0,0"
22.066666666666666,119,AV,1,0,0,30,2046.5713793034688,0.1,-1.140429505975502,"0.1837,0.2878896247240618,0.35544047619047625,0.1,0.3,0.10111903761374018","0,0,0"
25.033333333333335,34,AV,1,0,0,39,844.3352662229099,1.0,-5.337506607183546,"0.2331346153846154,0.29906354916067146,0.33571111111111107,1.0,0.39,0.04171775800600685","0,0,0"
45.81666666666667,191,AV,1,0,0,99,3398.605365942332,0.1,-3.932140635932437,"0.2542777777777778,0.3144456264775414,0.2989166666666667,0.1,0.99,0.16792167979498696","0,0,0"
16.883333333333333,124,AV,1,0,0,14,2142.030696222753,0.3,-2.7397438071636975,"0.20431060606060605,0.2746876456876457,0.29434444444444446,0.3,0.14,0.10583558664582342","0,0,0"
27.45,230,AV,2,0,0,25,4660.29795945294,0.2,-6.460867625605212,"0.27715873015873016,0.34675950782997766,0.3584833333333334,0.2,0.25,0.23026064442157015","0,0,0"
21.983333333333334,112,AV,1,0,0,30,1963.0347272178835,0.2,-2.1794973107747375,"0.20687681159420293,0.2756978494623656,0.2991388888888889,0.2,0.3,0.09699157548376398","0,0,0"
43.15,39,AV,1,0,0,92,870.7377108213431,0.2,-1.8975925364616644,"0.2526055555555556,0.31658049886621314,0.3536153846153846,0.2,0.92,0.04302227629226974","0,0,0"
25.233333333333334,43,AV,1,0,0,37,904.859336063587,0.1,-0.5765812436028075,"0.24738271604938272,0.3099522222222222,0.3376153846153846,0.1,0.37,0.044708191546047354","0,0,0"
37.81666666666667,132,AV,1,0,0,72,2241.037238818388,0.1,-2.1401151072722735,"0.21918421052631584,0.3055647558386412,0.3224444444444444,0.1,0.72,0.11072740053806189","0,0,0"
42.61666666666667,240,AV,1,0,0,82,4950.268578812107,0.5,-26.63686186031683,"0.28497727272727275,0.3369608501118568,0.3700641025641026,0.5,0.82,0.24458780166728444","0,0,0"
34.86666666666667,80,AV,1,0,0,64,1526.0895405694364,0.3,-4.031034493524319,"0.24837301587301597,0.31549786324786316,0.34114102564102566,0.3,0.64,0.07540255239340664","0,0,0"
42.63333333333333,79,AV,1,0,0,84,1485.5718097438446,0.1,-1.599365609985166,"0.25373333333333326,0.32152027027027025,0.324138888888889,0.1,0.84,0.07340061198282061","0,0,0"
30.4,137,AV,1,0,0,49,2294.767722006211,0.1,-1.7616398673987075,"0.2360925925925926,0.28298550724637683,0.3139888888888888,0.1,0.49,0.11338216978061968","0,0,0"
32.68333333333333,253,AV,1,0,0,58,5611.673516276995,0.1,-4.631520103290904,"0.2638823529411765,0.34892348008385743,0.37579761904761894,0.1,0.58,0.27726715574492605","0,0,0"
24.45,126,AV,2,0,0,21,2177.5877894542577,0.2,-2.6889909824321516,"0.1848939393939394,0.28217233560090704,0.35114999999999996,0.2,0.21,0.1075924269321053","0,0,0"
30.216666666666665,167,AV,1,0,0,48,2927.9701715656583,0.2,-4.468358519401127,"0.218425,0.3091318944844125,0.3501363636363636,0.2,0.48,0.1446680672389853","0,0,0"
23.116666666666667,150,AV,1,0,0,35,2486.38103050259,0.2,-2.902870782245027,"0.24892261904761906,0.31901798561151085,0.37568750000000006,0.2,0.35,0.12284959102235175","0,0,0"
30.75,265,AV,1,0,0,52,7099.697064525982,0.4,-22.05208936708828,"0.22966025641025642,0.31791958041958046,0.31965873015873014,0.4,0.52,0.3507889056663633","0,0,0"
28.966666666666665,158,AV,2,0,0,37,2753.3979495063454,0.1,-2.014059611212975,"0.22220138888888885,0.2945611814345991,0.341,0.1,0.37,0.13604262897318792","0,0,0"
22.333333333333332,48,AV,0,0,0,43,954.0002559944874,1.0,-6.380304474042984,"0.2137133333333333,0.29457907542579076,0.32926388888888886,1.0,0.43,0.04713619507483592","0,0,0"
16.433333333333334,28,AV,1,0,0,9,763.1985099142711,0.3,-0.9501435994639789,"0.19535135135135134,0.29393764988009585,0.33071428571428574,0.3,0.09,0.03770887231748401","0,0,0"
37.56666666666667,14,AV,2,0,0,64,600.3305173079323,0.3,-1.7085163964798982,"0.22257051282051285,0.32443525179856114,0.31199999999999994,0.3,0.64,0.029661728280885674","0,0,0"
42.15,131,AV,1,0,0,85,2239.257430619588,0.3,-7.150356113683002,"0.20417307692307687,0.2939397163120568,0.3545370370370371,0.3,0.85,0.11063946200143439","0,0,0"
44.88333333333333,299,AV,1,0,0,97,20239.22920549412,0.2,-45.87899347676402,"0.17910714285714288,0.28283908045977013,0.31501111111111113,0.2,0.97,1.0","0,0,0"
13.65,2,AV,1,0,0,4,437.8567856598078,0.1,-0.15092790717819135,"0.24752976190476195,0.29670187793427233,0.31916666666666665,0.1,0.04,0.021634064282494894","0,0,0"
14.016666666666667,283,AV,1,0,0,4,9667.56212442905,0.2,-6.843787665525953,"0.23744202898550726,0.31284868421052625,0.3088666666666666,0.2,0.04,0.4776645407921317","0,0,0"
18.133333333333333,19,AV,1,0,0,19,636.6552097563458,0.1,-0.29153235194229976,"0.20510666666666666,0.29339120370370364,0.35084126984126984,0.1,0.19,0.03145649487400044","0,0,0"
31.15,95,AV,1,0,0,54,1664.0464513081895,0.1,-1.308965832279043,"0.250047619047619,0.2920548245614036,0.2844166666666667,0.1,0.54,0.08221886487932402","0,0,0"
18.1,293,AV,1,0,0,16,13430.196447392702,0.4,-24.55419754523313,"0.22800000000000004,0.30834313725490187,0.35011111111111115,0.4,0.16,0.6635725259609666","0,0,0"
41.03333333333333,107,AV,1,0,0,76,1848.7234685638712,0.6,-11.493831261626895,"0.22223809523809523,0.3170074309978769,0.31224999999999997,0.6,0.76,0.09134357093312716","0,0,0"
19.216666666666665,287,AV,1,0,0,24,10708.821866752483,0.1,-5.196663136517514,"0.21625,0.30996121593291404,0.3099545454545455,0.1,0.24,0.5291121395001287","0,0,0"
44.333333333333336,186,AV,1,0,0,92,3251.3322332141274,0.1,-3.639959486679116,"0.26401449275362315,0.3237125279642058,0.35059259259259257,0.1,0.92,0.16064506213169047","0,0,0"
26.25,70,AV,1,0,0,40,1338.7213376931895,0.1,-0.8874099776375309,"0.2426866666666667,0.3190166666666666,0.35140625,0.1,0.4,0.06614487755935793","0,0,0"
13.683333333333334,181,AV,1,0,0,1,3158.0604616132755,0.4,-4.364928685159089,"0.23083928571428575,0.2784011494252874,0.3217058823529412,0.4,0.01,0.1560365975180513","0,0,0"
31.316666666666666,45,AV,1,0,0,55,913.5589076746268,0.2,-1.4449302925257774,"0.1446739130434783,0.25705555555555554,0.30365686274509807,0.2,0.55,0.04513802864718944","0,0,0"
45.31666666666667,42,AV,1,0,0,96,898.3728471886773,0.1,-1.028062193394787,"0.22822463768115941,0.3001580645161291,0.31215277777777783,0.1,0.96,0.044387700641524724","0,0,0"
15.933333333333334,182,AV,1,0,0,6,3197.7177395395383,0.2,-2.5732476085856897,"0.2036136363636364,0.30960532407407404,0.3526666666666666,0.2,0.06,0.15799602381455757","0,0,0"
37.45,138,AV,0,0,0,88,2318.1098695731453,0.3,-7.576758682993508,"0.22008333333333335,0.3491698924731183,0.36636363636363634,0.3,0.88,0.11453548186231685","0,0,0"
36.11666666666667,58,AV,1,0,0,64,1117.0806745336297,0.4,-4.0752757941319455,"0.27401149425287363,0.3231178571428572,0.351462962962963,0.4,0.64,0.055193834863552414","0,0,0"
47.61666666666667,166,AV,1,0,0,99,2898.378436294527,0.1,-3.4851292897699766,"0.18508928571428573,0.26908940397350994,0.3056060606060606,0.1,0.99,0.14320596930182183","0,0,0"
33.95,207,AV,1,0,0,63,3849.958431883558,0.1,-3.3006588071324954,"0.1679,0.2730451612903226,0.3304642857142857,0.1,0.63,0.19022258173935064","0,0,0"
27.85,205,AV,1,0,0,45,3773.073658575576,0.2,-5.30707582784494,"0.2208131313131313,0.2831388888888889,0.31297435897435893,0.2,0.45,0.1864237822629797","0,0,0"
40.81666666666667,149,AV,1,0,0,80,2478.182963693478,0.5,-12.77161211718293,"0.2364753086419753,0.29422675736961457,0.34875,0.5,0.8,0.12244453277008954","0,0,0"
10.433333333333334,199,AV,0,0,0,13,3583.4963710051925,0.8,-8.553093361108587,"0.24641666666666664,0.31944658119658115,0.3151875,0.8,0.13,0.17705695877155342","0,0,0"
31.866666666666667,204,AV,2,0,0,36,3759.463069718096,0.5,-15.126459152569444,"0.19627419354838707,0.2649313063063063,0.289,0.5,0.36,0.18575129672910448","0,0,0"
46.56666666666667,20,AV,1,0,0,100,650.412147456106,0.3,-2.294509520192374,"0.21411904761904765,0.3100614035087719,0.3717916666666667,0.3,1.0,0.03213621135727569","0,0,0"
29.266666666666666,57,AV,2,0,0,35,1111.987968807459,0.7,-5.752759306641955,"0.2297068965517241,0.31358272506082724,0.3149666666666667,0.7,0.35,0.05494220938540485","0,0,0"
42.43333333333333,200,AV,1,0,0,90,3608.770587345788,0.1,-3.8669738701104275,"0.20446551724137937,0.297454861111111,0.3285666666666666,0.1,0.9,0.17830573243205106","0,0,0"
17.05,272,AV,1,0,0,12,8029.700924090037,0.1,-3.4572323423165443,"0.14910256410256412,0.25098504273504274,0.2788055555555556,0.1,0.12,0.39673946287985623","0,0,0"
15.183333333333334,161,AV,1,0,0,5,2815.231094880572,0.3,-3.2382266760558096,"0.2275641025641026,0.2784190476190476,0.32049999999999995,0.3,0.05,0.1390977426213619","0,0,0"
39.983333333333334,241,AV,2,0,0,79,4967.653125719208,0.5,-25.078703385101807,"0.20893650793650792,0.3030244444444445,0.34167543859649124,0.5,0.79,0.24544675468029653","0,0,0"
15.933333333333334,99,AV,1,0,0,9,1797.659883656486,0.2,-1.4466017245585867,"0.21884920634920632,0.30577204301075267,0.33220238095238097,0.2,0.09,0.08882057045771759","0,0,0"
33.5,85,AV,1,0,0,57,1573.7150367511856,0.1,-1.3312993366455736,"0.2320833333333333,0.3320595238095238,0.33791666666666664,0.1,0.57,0.07775568035585004","0,0,0"
36.016666666666666,217,AV,1,0,0,64,4200.245935785981,0.1,-3.8201731764450777,"0.21673717948717947,0.2946814058956916,0.3032222222222223,0.1,0.64,0.2075299357075212","0,0,0"
35.61666666666667,198,AV,0,0,0,80,3558.5090095449787,0.4,-13.80224537609027,"0.19563978494623663,0.26203125,0.31556666666666666,0.4,0.8,0.17582235832276605","0,0,0"
45.11666666666667,221,AV,1,0,0,95,4281.8327360815,0.1,-4.878333845358848,"0.23611458333333332,0.2966964285714286,0.3425555555555556,0.1,0.95,0.21156105761770602","0,0,0"
38.6,256,AV,1,0,0,73,5825.994272151124,0.2,-11.357746409345122,"0.24301449275362322,0.304327664399093,0.32552777777777775,0.2,0.73,0.28785652916908544","0,0,0"
34.016666666666666,220,AV,2,0,0,57,4266.216809230351,0.1,-3.6647089678615936,"0.2080873015873016,0.31458712121212123,0.34647619047619044,0.1,0.57,0.2107894903464134","0,0,0"
37.666666666666664,49,AV,1,0,0,70,969.457736312404,0.1,-0.9221273081085999,"0.22365942028985505,0.30650833333333327,0.33621428571428574,0.1,0.7,0.04789993366196159","0,0,0"
37.61666666666667,113,AV,0,0,0,83,1975.501985353583,0.3,-6.629681794119996,"0.21741666666666665,0.3030740740740741,0.33220238095238086,0.3,0.83,0.09760757019428958","0,0,0"
21.866666666666667,71,AV,1,0,0,30,1342.087988935639,0.5,-3.705428117600081,"0.19516000000000003,0.28790333333333334,0.32404761904761903,0.5,0.3,0.06631122041798494","0,0,0"
44.35,231,AV,2,0,0,95,4689.4303597647895,0.8,-42.01540130415523,"0.22940833333333333,0.28326086956521734,0.30990740740740735,0.8,0.95,0.2317000470794511","0,0,0"
37.266666666666666,212,AV,2,0,0,67,4034.238052294327,0.1,-3.7965304229503856,"0.26159374999999996,0.3159637188208617,0.31607575757575757,0.1,0.67,0.1993276528139321","0,0,0"
7.05,261,AV,0,0,0,0,6130.868263041086,0.1,-2.091480334708072,"0.22914102564102568,0.31177577937649875,0.32182499999999997,0.1,0.0,0.3029200470429381","0,0,0"
22.55,116,AV,1,0,0,29,2034.664800296876,0.2,-2.3172571336714425,"0.2056190476190476,0.27659374999999997,0.36791666666666667,0.2,0.29,0.10053074549620436","0,0,0"
34.1,102,AV,1,0,0,59,1824.367004680513,0.1,-1.5709826984748865,"0.251537037037037,0.31211222222222224,0.3542179487179487,0.1,0.59,0.09014014250035135","0,0,0"
30.816666666666666,170,AV,1,0,0,54,2964.6777926145683,0.3,-6.921324796141839,"0.23535897435897432,0.29544742729306495,0.32715555555555553,0.3,0.54,0.14648175394988758","0,0,0"
27.566666666666666,68,AV,0,0,0,58,1293.252850487379,0.1,-1.9002694506338909,"0.23722463768115942,0.30480811403508773,0.2921111111111111,0.1,0.58,0.06389832524532672","0,0,0"
34.81666666666667,259,AV,1,0,0,61,5960.007005011629,0.2,-10.480180667903449,"0.21747222222222223,0.2981589912280701,0.335875,0.2,0.61,0.29447796378499097","0,0,0"
11.833333333333334,97,AV,0,0,0,20,1723.69240549938,0.1,-1.5150764343032659,"0.2781333333333334,0.35401555555555553,0.3815222222222222,0.1,0.2,0.08516591160652838","0,0,0"
45.13333333333333,168,AV,1,0,0,96,2946.490055333797,0.5,-16.79102497862778,"0.23796666666666663,0.29369551282051287,0.3073095238095238,0.5,0.96,0.1455831161067115","0,0,0"
27.733333333333334,271,AV,1,0,0,42,8028.27043643778,1.0,-56.224924268655165,"0.2553103448275862,0.3273149425287356,0.3089358974358974,1.0,0.42,0.39666878392080435","0,0,0"
41.05,53,AV,1,0,0,81,1017.530975349866,0.3,-3.164367161978182,"0.24062,0.31593240093240105,0.3294230769230769,0.3,0.81,0.050275184149485695","0,0,0"
31.916666666666668,258,AV,1,0,0,58,5912.288420941998,0.1,-4.765165120414111,"0.19832051282051283,0.2833289183222958,0.3261153846153846,0.1,0.58,0.2921202364434439","0,0,0"
30.9,262,AV,1,0,0,45,6197.036257351283,0.3,-14.506698511526865,"0.22791666666666668,0.32618641975308643,0.3247083333333334,0.3,0.45,0.30618934122595154","0,0,0"
29.416666666666668,244,AV,1,0,0,49,5009.92015912814,0.1,-3.721594731002175,"0.2569347826086957,0.32838562091503265,0.33009523809523805,0.1,0.49,0.24753512637567007","0,0,0"
41.46666666666667,136,AV,1,0,0,80,2283.7291705859197,1.0,-23.913797038795327,"0.23091071428571433,0.31904337899543384,0.3534999999999999,1.0,0.8,0.1128367660348439","0,0,0"
32.016666666666666,210,AV,2,0,0,48,3987.5502105766736,0.1,-3.2239410582987333,"0.26545238095238094,0.3443823529411764,0.3714074074074074,0.1,0.48,0.19702085341739287","0,0,0"
45.86666666666667,295,AV,1,0,0,96,14505.369879802229,0.1,-16.800832453373626,"0.20085714285714285,0.2835234899328859,0.31962500000000005,0.1,0.96,0.7166957660553899","0,0,0"
20.416666666666668,228,AV,1,0,0,24,4617.971391102537,0.1,-2.380898549705644,"0.27008333333333334,0.3383150537634409,0.3732083333333333,0.1,0.24,0.2281693311644965","0,0,0"
31.3,277,AV,2,0,0,24,8348.421721831439,0.4,-26.3945050397297,"0.24953703703703706,0.30794827586206897,0.36705128205128207,0.4,0.24,0.41248713758156286","0,0,0"
17.166666666666668,55,AV,0,0,0,29,1083.524948441525,0.5,-3.34854944632738,"0.18321111111111107,0.27782244008714596,0.3106666666666667,0.5,0.29,0.053535880118764236","0,0,0"
34.21666666666667,147,AV,0,0,0,76,2472.005569054355,0.5,-11.679771534656126,"0.2072440476190476,0.3015833333333334,0.3153854166666667,0.5,0.76,0.12213931390150505","0,0,0"
36.75,92,AV,2,0,0,64,1653.1781197118603,0.1,-1.5341993913992642,"0.24671604938271602,0.28669111111111106,0.34528205128205125,0.1,0.64,0.08168187152419273","0,0,0"
26.25,3,AV,1,0,0,41,457.16351791608827,0.2,-0.6060879972372382,"0.16516666666666666,0.27987274774774773,0.2963611111111111,0.2,0.41,0.02258799054422424","0,0,0"
24.783333333333335,177,AV,1,0,0,38,3101.095365071405,0.1,-1.940794952803527,"0.26404761904761903,0.33646777777777787,0.3373055555555555,0.1,0.38,0.15322200927639995","0,0,0"
36.53333333333333,239,AV,1,0,0,64,4934.883137056144,0.1,-4.552720469876712,"0.28979861111111116,0.30998986486486485,0.36928888888888883,0.1,0.64,0.2438276224331965","0,0,0"
25.183333333333334,127,AV,2,0,0,11,2198.5025098873134,0.6,-8.388730536463965,"0.20428985507246378,0.24318661971830985,0.2946111111111111,0.6,0.11,0.10862580227563756","0,0,0"
39.3,37,AV,1,0,0,73,861.805442805673,1.0,-8.55276613693509,"0.31686666666666663,0.3435967365967365,0.34841176470588237,1.0,0.73,0.04258094189534294","0,0,0"
46.55,115,AV,1,0,0,99,2010.868248891871,1.0,-23.63785782472641,"0.25280952380952376,0.3136968680089485,0.3445769230769231,1.0,0.99,0.09935498177697413","0,0,0"
31.983333333333334,125,AV,1,0,0,49,2158.6935677652164,0.4,-6.973961206298738,"0.20044623655913976,0.3017575757575758,0.34241666666666665,0.4,0.49,0.10665888240344744","0,0,0"
30.283333333333335,152,AV,1,0,0,52,2538.843693606908,0.1,-1.941531561988111,"0.23976086956521742,0.3007320675105485,0.3419074074074074,0.1,0.52,0.12544171854715278","0,0,0"
36.9,153,AV,1,0,0,66,2580.565825479665,0.2,-4.809236311121194,"0.1425,0.23513584474885843,0.28644444444444445,0.2,0.66,0.12750316720456661","0,0,0"
29.55,276,AV,1,0,0,48,8331.964781214912,0.6,-37.304478679530405,"0.2293277777777778,0.3183860294117647,0.3788518518518518,0.6,0.48,0.4116740166642871","0,0,0"
24.466666666666665,292,AV,1,0,0,37,13351.937436366714,0.1,-8.249429358832634,"0.22370987654320992,0.29939251207729467,0.29959722222222224,0.1,0.37,0.6597058267783346","0,0,0"
18.866666666666667,252,AV,0,0,0,37,5590.116807812239,0.4,-11.653219236436794,"0.2542222222222222,0.30129223744292244,0.37975641025641027,0.4,0.37,0.27620206041714035","0,0,0"
5.516666666666667,31,AV,0,0,0,0,806.3598325453933,0.7,-1.786336587545318,"0.2164583333333334,0.2967615740740741,0.3532807017543859,0.7,0.0,0.039841429945686846","0,0,0"
20.55,195,AV,1,0,0,24,3523.1638559153366,0.1,-1.8283085161378834,"0.21860919540229887,0.3202095588235293,0.35157999999999995,0.1,0.24,0.1740759897594787","0,0,0"
39.53333333333333,201,AV,1,0,0,76,3628.2404526711953,0.1,-3.6221323037609743,"0.19007222222222223,0.2832586206896552,0.3199358974358974,0.1,0.76,0.1792677189349818","0,0,0"
45.31666666666667,22,AV,1,0,0,93,679.8949342204361,0.3,-2.3341342501835425,"0.19358024691358022,0.29770707070707064,0.3271,0.3,0.93,0.033592926258074716","0,0,0"
14.166666666666666,18,AV,1,0,0,5,632.5893922142865,0.3,-0.6789153830582619,"0.22295454545454546,0.32524416135881107,0.34557575757575765,0.3,0.05,0.031255606910295004","0,0,0"
35.85,214,AV,1,0,0,63,4113.319853961603,0.2,-7.447601856794115,"0.23428735632183906,0.30548423423423426,0.3186527777777778,0.2,0.63,0.20323500525627752","0,0,0"
47.416666666666664,10,AV,1,0,0,100,586.3474640105957,0.3,-2.106260776654223,"0.23826923076923076,0.3054496402877698,0.34976666666666667,0.3,1.0,0.02897083965289678","0,0,0"
17.133333333333333,143,AV,0,0,0,28,2417.357356239525,0.4,-5.183574683862343,"0.25650757575757577,0.3436875,0.37767708333333333,0.4,0.28,0.1194392005592442","0,0,0"
40.166666666666664,130,AV,1,0,0,77,2222.040577514192,0.1,-2.253837454465153,"0.22563095238095232,0.2994042553191489,0.35477777777777775,0.1,0.77,0.1097887945708426","0,0,0"
21.5,238,AV,1,0,0,26,4925.450001742355,0.2,-5.348342173609124,"0.24261904761904762,0.3328049886621315,0.38946153846153847,0.2,0.26,0.24336154068581314","0,0,0"
24.516666666666666,188,AV,1,0,0,38,3362.377553451843,0.1,-2.081673981956086,"0.24710144927536226,0.28891051454138705,0.3124375,0.1,0.38,0.1661316999433504","0,0,0"
36.166666666666664,255,AV,1,0,0,67,5721.231751015957,0.1,-5.225199031862216,"0.22979365079365077,0.2889348290598291,0.3305128205128205,0.1,0.67,0.2826803181547486","0,0,0"
38.1,82,AV,1,0,0,72,1546.5147326922538,0.3,-4.46380388754355,"0.22666666666666666,0.31324452554744525,0.3152820512820513,0.3,0.72,0.07641174063449208","0,0,0"
33.516666666666666,98,AV,1,0,0,61,1782.711710770346,0.5,-7.54426189048646,"0.203325,0.29780083857442347,0.33190909090909093,0.5,0.61,0.08808199623958074","0,0,0"
12.316666666666666,146,AV,1,0,0,4,2446.4664131825853,0.6,-4.565501715509925,"0.2133154761904762,0.2715776081424936,0.3422435897435897,0.6,0.04,0.12087744984470407","0,0,0"
37.266666666666666,30,AV,1,0,0,68,793.0252767736928,0.5,-3.7314909908795815,"0.17670666666666668,0.25555480984340045,0.3241904761904762,0.5,0.68,0.0391825829295129","0,0,0"
23.35,140,AV,1,0,0,34,2347.541384251396,0.4,-5.536877911340414,"0.21113020833333335,0.31693493150684926,0.3364027777777778,0.4,0.34,0.11598966346080683","0,0,0"
20.5,291,AV,1,0,0,24,13079.31179296209,0.2,-13.541711704834489,"0.24806321839080459,0.3254654761904762,0.3636969696969697,0.2,0.24,0.6462356673845856","0,0,0"
15.266666666666667,104,AV,1,0,0,8,1832.3133019091129,0.2,-1.4127937580376664,"0.18283950617283953,0.24002053140096613,0.3183809523809524,0.2,0.08,0.09053276107035316","0,0,0"
36.5,180,AV,1,0,0,65,3151.1733449572957,0.2,-5.808981166209156,"0.2481011904761905,0.341261111111111,0.3743749999999999,0.2,0.65,0.1556963119969945","0,0,0"
22.516666666666666,243,AV,1,0,0,30,5004.1281918097375,0.6,-17.072164613977158,"0.22021296296296292,0.3247954545454545,0.33083333333333337,0.6,0.3,0.2472489510841313","0,0,0"
18.433333333333334,44,AV,1,0,0,20,912.6272274022258,0.1,-0.42481721948942,"0.27130000000000004,0.3133252314814814,0.32878070175438595,0.1,0.2,0.04509199526010037","0,0,0"
39.53333333333333,275,AV,1,0,0,70,8326.33528790118,0.3,-24.936953665279795,"0.2189032258064516,0.3059605855855856,0.33412121212121204,0.3,0.7,0.41139586905023645","0,0,0"
30.333333333333332,219,AV,1,0,0,52,4237.057085974603,0.1,-3.2455571954855964,"0.2203402777777778,0.2831207264957265,0.32928333333333326,0.1,0.52,0.20934873768929974","0,0,0"
19.65,160,AV,1,0,0,24,2793.3389947689566,0.2,-2.772177335717677,"0.20592857142857146,0.28918082788671023,0.2955000000000001,0.2,0.24,0.13801607592895285","0,0,0"
36.166666666666664,94,AV,2,0,0,64,1661.9571573900298,0.2,-3.035729824525559,"0.2171919191919192,0.29187306843267113,0.3439166666666666,0.2,0.64,0.08211563496394797","0,0,0"
39.21666666666667,15,AV,0,0,0,92,617.4453946714843,0.2,-2.222936880186871,"0.2416111111111111,0.31582150537634407,0.33631818181818185,0.2,0.92,0.03050735719243069","0,0,0"
38.63333333333333,62,AV,1,0,0,70,1167.011530479414,0.1,-1.1385238752741083,"0.23743209876543214,0.3011566666666666,0.3742333333333333,0.1,0.7,0.05766086833794136","0,0,0"
45.733333333333334,111,AV,1,0,0,99,1942.5668635563816,0.5,-11.217179026933316,"0.23027011494252875,0.28987755102040824,0.3205833333333333,0.5,0.99,0.09598027888478354","0,0,0"
5.233333333333333,155,AV,0,0,0,0,2667.9339807116767,0.5,-2.7629025040897863,"0.23015942028985503,0.2778287037037037,0.3127777777777778,0.5,0.0,0.13181994005915215","0,0,0"
40.483333333333334,63,AV,1,0,0,80,1205.4292211271013,0.4,-4.929272017033214,"0.2507592592592593,0.3413044444444444,0.3578076923076923,0.4,0.8,0.059559047871243866","0,0,0"
29.266666666666666,189,AV,1,0,0,47,3366.895459871004,0.2,-4.976656925533234,"0.2426781609195402,0.3109602649006623,0.30715000000000003,0.2,0.47,0.16635492516469105","0,0,0"
42.15,51,AV,1,0,0,82,985.8695826897422,0.2,-2.098707217695588,"0.2604236111111111,0.3262406181015453,0.3497272727272728,0.2,0.82,0.04871082651814225","0,0,0"
34.266666666666666,197,AV,1,0,0,64,3534.445695738256,0.2,-6.116852146833211,"0.258537037037037,0.31653782505910166,0.3374722222222223,0.2,0.64,0.1746334141410286","0,0,0"
35.38333333333333,77,AV,1,0,0,64,1447.5744631551047,0.1,-1.293434589763589,"0.21869753086419752,0.29108388520971296,0.33526388888888886,0.1,0.64,0.07152320122755207","0,0,0"
27.166666666666668,74,AV,1,0,0,42,1405.7852601227096,0.2,-1.928813109427624,"0.179,0.2752891156462585,0.32261538461538464,0.2,0.42,0.0694584386514629","0,0,0"
42.166666666666664,266,AV,1,0,0,81,7130.271245067938,0.2,-15.18483691079283,"0.20705833333333334,0.29281132075471694,0.34950000000000003,0.2,0.81,0.3522995452382328","0,0,0"
49.18333333333333,114,AV,1,0,0,100,1996.532829496936,0.2,-4.959400993135908,"0.252551282051282,0.32516887417218543,0.33007692307692305,0.2,1.0,0.09864668309378893","0,0,0"
41.63333333333333,172,AV,1,0,0,82,2987.078671303881,0.1,-3.140455606446589,"0.22052222222222226,0.306267816091954,0.3453333333333334,0.1,0.82,0.14758855888113623","0,0,0"
16.483333333333334,61,AV,1,0,0,12,1150.2916000513435,0.2,-0.9576080744535177,"0.19990277777777776,0.27247916666666666,0.27649999999999997,0.2,0.12,0.05683475335805212","0,0,0"
39.3,251,AV,0,0,0,90,5578.433439706214,0.5,-28.6808629015725,"0.23798924731182794,0.27956666666666663,0.3340833333333333,0.5,0.9,0.2756247969261546","0,0,0"
19.1,169,AV,1,0,0,21,2953.464044858564,0.2,-2.849048649333262,"0.15869871794871793,0.2646952736318408,0.30298333333333327,0.2,0.21,0.1459276939290168","0,0,0"
39.166666666666664,26,AV,1,0,0,72,743.7553910389753,0.4,-2.9424666143797844,"0.2558840579710145,0.30642735042735036,0.32131818181818184,0.4,0.72,0.036748207329806624","0,0,0"
30.816666666666666,294,AV,1,0,0,54,13460.811009378149,0.2,-20.95036999691936,"0.16514444444444443,0.29601940639269403,0.35022619047619047,0.2,0.54,0.6650851607394264","0,0,0"
25.05,237,AV,1,0,0,40,4889.272753955773,0.3,-9.27850624898425,"0.29,0.3510316455696202,0.36172916666666666,0.3,0.4,0.24157405918544247","0,0,0"
15.6,50,AV,0,0,0,28,975.0940381265832,0.3,-2.1523838632405075,"0.19517261904761907,0.28997668997669,0.3182222222222222,0.3,0.28,0.048178417677185316","0,0,0"
16.883333333333333,229,AV,1,0,0,16,4639.089550420253,0.4,-7.911443963932182,"0.18594871794871792,0.3052697841726619,0.32974444444444445,0.4,0.16,0.22921275821911885","0,0,0"
36.7,156,AV,1,0,0,65,2722.266725979925,0.1,-2.5229088091783654,"0.2011574074074074,0.293195652173913,0.2820606060606061,0.1,0.65,0.13450446646658565","0,0,0"
41.03333333333333,163,AV,1,0,0,79,2850.5966631146844,0.6,-17.722648950980687,"0.23254166666666662,0.3058514739229025,0.365125,0.6,0.79,0.14084511984976505","0,0,0"
