travel_time,id,kind,action,origin,destination,start_time,income,urgency,reward,observation,cost_table
12.65,242,AV,1,0,0,2,4968.170350229253,0.3,-4.761163252303034,"0.19539583333333332,0.305104938271605,0.3381944444444445,0.3,0.02,0.24547231022417584","0,0,0"
40.583333333333336,296,AV,1,0,0,71,15725.918848752755,0.2,-32.232838717771855,"0.2676555555555556,0.3862250000000001,0.4359666666666666,0.2,0.71,0.7770018654902042","0,0,0"
38.45,162,AV,1,0,0,66,2818.3733061874163,0.4,-10.94610642655618,"0.17716666666666664,0.27867672413793104,0.3446111111111111,0.4,0.66,0.13925299612805134","0,0,0"
49.233333333333334,90,AV,1,0,0,96,1614.9573615816892,0.5,-10.039107841145432,"0.19442982456140354,0.2923095238095238,0.34909259259259257,0.5,0.96,0.0797934222289105","0,0,0"
29.366666666666667,234,AV,1,0,0,45,4818.617258984985,0.4,-14.293608771601928,"0.19676190476190478,0.2731088154269972,0.2740666666666667,0.4,0.45,0.2380830420990997","0,0,0"
36.78333333333333,12,AV,1,0,0,63,588.8906571209208,0.6,-3.2820244451158387,"0.1908921568627451,0.3202563025210084,0.3515416666666667,0.6,0.63,0.029096496271758268","0,0,0"
43.61666666666667,6,AV,1,0,0,81,508.6019702527906,0.1,-0.5601899647102495,"0.19353571428571428,0.3295262345679013,0.347574074074074,0.1,0.81,0.025129512843044734","0,0,0"
29.55,121,AV,1,0,0,47,2105.6010448069283,0.4,-6.284900088287347,"0.16773611111111109,0.2730510510510511,0.3243,0.4,0.47,0.104035634135481","0,0,0"
45.233333333333334,67,AV,1,0,0,85,1265.4739572733297,0.7,-10.118465589342895,"0.20608888888888888,0.2899411764705882,0.3822777777777778,0.7,0.85,0.06252579801457091","0,0,0"
21.366666666666667,141,AV,1,0,0,26,2352.9451803313505,0.1,-1.269560488714138,"0.16945833333333332,0.254965564738292,0.31133333333333335,0.1,0.26,0.11625665960107918","0,0,0"
44.8,218,AV,1,0,0,84,4227.85786318916,0.6,-28.69818670770823,"0.17553703703703705,0.3350710594315246,0.33475,0.6,0.84,0.2088942133251532","0,0,0"
24.316666666666666,128,AV,1,0,0,37,2215.952556227922,0.2,-2.721443417118298,"0.1729642857142857,0.32414601769911505,0.3506410256410256,0.2,0.37,0.10948799154991444","0,0,0"
22.15,84,AV,1,0,0,28,1572.8756307612184,0.5,-4.398888285525377,"0.17689814814814814,0.2881521739130435,0.3275,0.5,0.28,0.07771420614843609","0,0,0"
31.216666666666665,298,AV,1,0,0,49,19040.472291926453,0.4,-60.03839158716877,"0.21115686274509804,0.32300683060109286,0.46149999999999997,0.4,0.49,0.9407706241479663","0,0,0"
21.65,139,AV,1,0,0,27,2337.3116255789537,0.1,-1.2778484013581903,"0.20829761904761906,0.32246078431372555,0.3257142857142858,0.1,0.27,0.11548422135287985","0,0,0"
13.8,285,AV,1,0,0,2,10213.823531357188,0.1,-3.55936274577599,"0.12556862745098038,0.28526402640264026,0.2738333333333333,0.1,0.02,0.5046547686007999","0,0,0"
35.46666666666667,38,AV,1,0,0,58,863.3540159882258,1.0,-7.732396237470305,"0.19322549019607846,0.3241106442577031,0.34125,1.0,0.58,0.04265745534191888","0,0,0"
49.5,100,AV,1,0,0,97,1799.695682844959,0.1,-2.2496196035561993,"0.24873958333333332,0.34532595870206484,0.31116666666666665,0.1,0.97,0.08892115725219493","0,0,0"
15.7,69,AV,1,0,0,8,1301.8927857652438,0.1,-0.5161544630432912,"0.21455833333333335,0.3323692528735632,0.30425,0.1,0.08,0.06432521577510636","0,0,0"
45.3,226,AV,1,0,0,85,4504.939201911708,0.4,-20.613509681474785,"0.17956410256410255,0.30962809917355366,0.3271944444444444,0.4,0.85,0.2225845241521748","0,0,0"
41.21666666666667,78,AV,1,0,0,72,1474.807688008607,0.4,-6.140066350917989,"0.19985555555555556,0.2914393939393939,0.3225416666666667,0.4,0.72,0.07286876753232566","0,0,0"
47.86666666666667,56,AV,1,0,0,92,1097.8259349569896,0.1,-1.3270017193587857,"0.22932352941176468,0.35653687315634214,0.4289,0.1,0.92,0.05424247750793666","0,0,0"
39.85,17,AV,1,0,0,71,627.4062491148882,0.3,-1.8941014414566888,"0.21694047619047618,0.3366176470588236,0.34721428571428575,0.3,0.71,0.0309995130123124","0,0,0"
42.38333333333333,208,AV,1,0,0,78,3866.930621896856,0.2,-8.277444925491332,"0.1666466666666666,0.2937757009345794,0.3191111111111111,0.2,0.78,0.19106116061214143","0,0,0"
50.766666666666666,178,AV,1,0,0,98,3131.512437779759,0.8,-32.116454159855714,"0.12325,0.28998967551622423,0.315375,0.8,0.98,0.15472488630790748","0,0,0"
18.833333333333332,135,AV,1,0,0,16,2276.662146114732,0.1,-1.08275598699901,"0.1771979166666667,0.28657902298850574,0.30633333333333335,0.1,0.16,0.1124875914492194","0,0,0"
31.183333333333334,11,AV,1,0,0,47,586.8516376274475,0.4,-1.8484838619544688,"0.20402380952380955,0.30899275362318845,0.35920833333333335,0.4,0.47,0.028995750365243225","0,0,0"
47.2,7,AV,1,0,0,91,548.7192496267361,0.2,-1.3080580092112093,"0.24756666666666668,0.38426033057851233,0.3621666666666667,0.2,0.91,0.02711166734935643","0,0,0"
15.05,260,AV,1,0,0,5,5985.732437913218,0.2,-4.549761272252219,"0.21324444444444446,0.28657281553398056,0.28538095238095235,0.2,0.05,0.2957490316028605","0,0,0"
50.733333333333334,290,AV,1,0,0,97,12051.378145129962,0.1,-15.439560216235526,"0.21651282051282053,0.30227046783625733,0.38663888888888887,0.1,0.97,0.5954464976293913","0,0,0"
20.516666666666666,32,AV,0,0,0,32,807.7368269013535,0.3,-2.2554596387822805,"0.16677380952380955,0.337826388888889,0.28806666666666664,0.3,0.32,0.039909465854662395","0,0,0"
27.733333333333334,25,AV,1,0,0,43,742.4887258523852,0.3,-1.559976312901981,"0.16699999999999998,0.2805117994100295,0.2923888888888889,0.3,0.43,0.0366856226743472","0,0,0"
18.766666666666666,248,AV,1,0,0,18,5427.330032863625,0.2,-5.144085536199025,"0.14430303030303032,0.27297660818713454,0.378875,0.2,0.18,0.26815892926348833","0,0,0"
17.7,289,AV,1,0,0,14,11940.25564443948,0.2,-10.673864894271658,"0.24242156862745098,0.34998919753086427,0.3447222222222222,0.2,0.14,0.5899560464090298","0,0,0"
15.183333333333334,264,AV,1,0,0,7,6947.27484286379,0.4,-10.654827242169887,"0.16203030303030302,0.2644278350515464,0.3058666666666667,0.4,0.07,0.3432578766872154","0,0,0"
10.65,75,AV,0,0,0,7,1434.2863071033526,0.1,-1.3857360901679472,"0.1515277777777778,0.2689576502732241,0.33046296296296296,0.1,0.07,0.07086664677496723","0,0,0"
24.516666666666666,281,AV,1,0,0,33,9280.176126726552,0.3,-17.236286720220654,"0.17876190476190476,0.3405602240896359,0.3175833333333334,0.3,0.33,0.4585241874827607","0,0,0"
14.133333333333333,203,AV,1,0,0,5,3758.845856207275,0.6,-8.049245671878205,"0.1872222222222222,0.3046136363636363,0.3235,0.6,0.05,0.18572080082906037","0,0,0"
51.38333333333333,164,AV,1,0,0,100,2857.6088215719105,0.5,-18.539579118068602,"0.1915277777777778,0.29402485380116966,0.29110416666666666,0.5,1.0,0.14119158356071124","0,0,0"
32.65,175,AV,0,0,0,87,3017.17067826153,0.5,-13.438209929954414,"0.25093859649122807,0.35787106918239,0.3085333333333333,0.5,0.87,0.14907537474018487","0,0,0"
30.783333333333335,157,AV,1,0,0,47,2744.255474143275,0.2,-4.266531869311978,"0.20014999999999997,0.31462462462462465,0.31925000000000003,0.2,0.47,0.13559090844222083","0,0,0"
49.05,47,AV,1,0,0,96,934.0011274976006,0.2,-2.3137755203917836,"0.20883333333333332,0.3243181818181818,0.3578888888888889,0.2,0.96,0.04614805820984811","0,0,0"
48.766666666666666,46,AV,1,0,0,94,926.7012599248138,0.1,-1.141215440462965,"0.19746296296296298,0.32974576271186434,0.3423333333333333,0.1,0.94,0.04578737908028891","0,0,0"
43.56666666666667,24,AV,1,0,0,82,736.5379020629116,0.1,-0.8103156885490115,"0.21847916666666664,0.3160409090909091,0.35770512820512823,0.1,0.82,0.03639159844402433","0,0,0"
33.95,154,AV,1,0,0,59,2619.168197182975,0.1,-2.2454737448071214,"0.21161666666666662,0.3229361111111111,0.34119999999999995,0.1,0.59,0.1294104716434546","0,0,0"
48.11666666666667,183,AV,1,0,0,89,3230.862018062417,0.2,-7.851429836823399,"0.19075,0.33186637931034485,0.3044166666666667,0.2,0.89,0.15963364934793914","0,0,0"
5.416666666666667,27,AV,0,0,0,2,753.5670156580491,0.4,-1.4123051853347912,"0.18049999999999997,0.3049093567251462,0.33018749999999997,0.4,0.02,0.03723298985385701","0,0,0"
44.03333333333333,227,AV,1,0,0,79,4569.840806868062,0.5,-25.407237819329584,"0.19937878787878788,0.30853125,0.35264102564102573,0.5,0.79,0.22579124730834796","0,0,0"
24.516666666666666,297,AV,1,0,0,36,17693.100214811147,0.3,-32.861806080791915,"0.15303333333333333,0.2737802359882006,0.29388888888888887,0.3,0.36,0.874198322236906","0,0,0"
29.366666666666667,194,AV,2,0,0,24,3520.054626539052,0.1,-2.6104108804553077,"0.2150952380952381,0.3489434782608695,0.35660606060606065,0.1,0.24,0.17392236585687273","0,0,0"
43.233333333333334,76,AV,1,0,0,80,1446.9812594843625,0.8,-12.637944064317967,"0.21270370370370373,0.3234464285714285,0.3430185185185185,0.8,0.8,0.07149389162960644","0,0,0"
16.833333333333332,21,AV,1,0,0,10,658.4091024775607,0.1,-0.279879290194586,"0.18781746031746033,0.284390350877193,0.33906666666666674,0.1,0.1,0.032531332877974904","0,0,0"
39.15,171,AV,1,0,0,67,2968.817229463249,0.1,-2.9350806700375305,"0.19180555555555556,0.3499605263157894,0.3135833333333333,0.1,0.67,0.1466862793696381","0,0,0"
28.383333333333333,286,AV,1,0,0,45,10450.70686878338,0.1,-7.490552945091791,"0.23157407407407404,0.3118541666666667,0.36334848484848487,0.1,0.45,0.5163589365323479","0,0,0"
11.966666666666667,13,AV,1,0,0,4,591.6693204447811,1.0,-1.7879569531959296,"0.21843589743589745,0.3257016806722689,0.3307083333333333,1.0,0.04,0.02923378723751827","0,0,0"
50.766666666666666,284,AV,1,0,0,96,9884.322174397852,0.1,-12.67156790539388,"0.25622549019607843,0.3662549857549858,0.36077777777777775,0.1,0.96,0.48837443728907737","0,0,0"
15.533333333333333,91,AV,1,0,0,8,1645.9523587482854,0.8,-5.165076088731993,"0.25071568627450985,0.36589971751412426,0.4028666666666666,0.8,0.08,0.0813248539278105","0,0,0"
38.416666666666664,279,AV,1,0,0,66,8975.220492497892,0.5,-43.5351078181979,"0.19282291666666665,0.3029624624624624,0.3411666666666667,0.5,0.66,0.44345663569349214","0,0,0"
36.3,23,AV,1,0,0,60,699.2977112166509,0.2,-1.2820458038971931,"0.2037142857142857,0.3336299435028248,0.34043333333333337,0.2,0.6,0.034551597993999705","0,0,0"
32.53333333333333,222,AV,1,0,0,53,4381.240268036911,0.1,-3.5994027791279675,"0.18849999999999997,0.333968115942029,0.3127592592592593,0.1,0.53,0.21647268399171962","0,0,0"
18.883333333333333,223,AV,0,0,0,30,4416.224882412617,0.5,-11.529425066863416,"0.14778070175438596,0.26720870870870866,0.31271666666666664,0.5,0.3,0.21820123867235977","0,0,0"
5.466666666666667,1,AV,0,0,0,0,424.9057127261393,0.2,-1.1173140351634459,"0.22813492063492066,0.3278787878787879,0.33559259259259266,0.2,0.0,0.02099416476842877","0,0,0"
12.616666666666667,87,AV,1,0,0,4,1581.4824060924602,0.1,-0.5038645544663268,"0.20334375,0.28543361581920906,0.3232777777777778,0.1,0.04,0.07813945827853724","0,0,0"
33.25,145,AV,1,0,0,55,2436.431929205765,0.1,-2.0457414557093863,"0.19134374999999998,0.3331991150442478,0.3268888888888889,0.1,0.55,0.12038165606348158","0,0,0"
49.0,249,AV,1,0,0,95,5502.789496653042,0.1,-6.809007205454523,"0.22979824561403508,0.3482087087087087,0.3329833333333333,0.1,0.95,0.27188730562719554","0,0,0"
45.38333333333333,64,AV,1,0,0,87,1240.6560786390864,0.2,-2.843692341863832,"0.23619791666666667,0.3454036697247706,0.3637083333333333,0.2,0.87,0.06129957154209703","0,0,0"
48.78333333333333,282,AV,1,0,0,91,9667.367812467324,0.4,-47.637012772881924,"0.20527777777777778,0.3098834808259587,0.32295833333333335,0.4,0.91,0.4776549400331427","0,0,0"
40.36666666666667,81,AV,1,0,0,75,1541.4014724042315,0.4,-6.284973680409173,"0.2329,0.3214097222222222,0.34912499999999996,0.4,0.75,0.07615909957607497","0,0,0"
50.78333333333333,273,AV,1,0,0,99,8134.997760071039,0.9,-93.8914324808199,"0.2753555555555555,0.35388461538461535,0.39343750000000005,0.9,0.99,0.40194207385440944","0,0,0"
23.766666666666666,159,AV,0,0,0,54,2761.3662775036096,0.1,-2.6572846429798602,"0.20345833333333335,0.2971470588235293,0.34013333333333334,0.1,0.54,0.13643633606135613","0,0,0"
50.733333333333334,206,AV,1,0,0,100,3778.090807703549,0.1,-4.840281320980473,"0.1890555555555555,0.3216139601139601,0.3292,0.1,1.0,0.18667167456544997","0,0,0"
32.983333333333334,278,AV,1,0,0,50,8480.737499651503,0.5,-35.318559578725434,"0.24029166666666665,0.30208409785932727,0.3392878787878788,0.5,0.5,0.4190247273522319","0,0,0"
32.43333333333333,96,AV,1,0,0,50,1684.196745492046,0.6,-8.27638097658465,"0.24458333333333335,0.303975,0.3271904761904762,0.6,0.5,0.08321447068917306","0,0,0"
20.316666666666666,213,AV,1,0,0,21,4061.843573313689,0.5,-10.419586102418743,"0.17992708333333332,0.2711542056074766,0.32207142857142856,0.5,0.21,0.20069161389857007","0,0,0"
23.683333333333334,245,AV,1,0,0,31,5051.78348307234,0.2,-6.0425794018904,"0.22414102564102564,0.32305797101449274,0.3650833333333333,0.2,0.31,0.24960355119161295","0,0,0"
44.93333333333333,60,AV,1,0,0,84,1129.1321270070612,0.2,-2.562407587888078,"0.21083333333333332,0.32889823008849567,0.35702380952380947,0.2,0.84,0.05578928503366858","0,0,0"
44.21666666666667,122,AV,1,0,0,76,2113.1349678504243,0.1,-2.359489507452515,"0.20900000000000002,0.3138805309734513,0.3462121212121212,0.1,0.76,0.10440787771091574","0,0,0"
16.45,193,AV,1,0,0,9,3458.1247672483346,0.1,-1.43651900053624,"0.221025641025641,0.3289761904761905,0.3164222222222222,0.1,0.09,0.17086247367116114","0,0,0"
39.6,36,AV,1,0,0,69,859.2772315809713,0.1,-0.8592772315809712,"0.2503888888888889,0.3507199453551913,0.36327777777777776,0.1,0.69,0.042456025516412095","0,0,0"
12.616666666666667,270,AV,1,0,0,1,7958.958807233507,0.3,-7.60723714277243,"0.22899999999999998,0.3158394495412844,0.33191666666666664,0.3,0.01,0.3932441658930853","0,0,0"
36.63333333333333,133,AV,1,0,0,64,2250.3510049999354,0.3,-6.245292309330628,"0.15297222222222223,0.27069969969969965,0.300595238095238,0.3,0.64,0.11118758437643748","0,0,0"
24.85,176,AV,1,0,0,38,3024.224513765153,0.2,-3.795554503387074,"0.16451515151515153,0.2684811594202899,0.31827777777777777,0.2,0.38,0.14942389767216036","0,0,0"
25.583333333333332,52,AV,1,0,0,39,1011.0784796502788,0.3,-1.9596028614434065,"0.20666666666666667,0.3159666666666667,0.3104074074074074,0.3,0.39,0.04995637281363524","0,0,0"
38.45,88,AV,1,0,0,67,1588.8002265047048,0.2,-3.0853216519750455,"0.1468809523809524,0.3149909090909091,0.31908333333333333,0.2,0.67,0.07850102443987396","0,0,0"
26.25,83,AV,1,0,0,42,1567.0706205360798,0.2,-2.0775557469228327,"0.23478703703703704,0.36878787878787883,0.3928888888888889,0.2,0.42,0.07742738641996724","0,0,0"
35.15,225,AV,1,0,0,61,4446.537177105173,0.8,-31.574905409140776,"0.17525490196078436,0.3091867816091954,0.33792857142857136,0.8,0.61,0.21969893872727725","0,0,0"
45.18333333333333,65,AV,1,0,0,83,1244.4027248274256,0.2,-2.839710258423527,"0.16867460317460317,0.28248765432098766,0.29541666666666666,0.2,0.83,0.06148468956958209","0,0,0"
30.766666666666666,101,AV,2,0,0,28,1822.2981036688468,0.5,-7.07904524278765,"0.16687037037037036,0.31996086956521735,0.38461904761904764,0.5,0.28,0.09003792017801585","0,0,0"
35.31666666666667,129,AV,1,0,0,61,2218.0502812558643,0.2,-3.956269819849476,"0.1865729166666667,0.30291025641025643,0.34069047619047615,0.2,0.61,0.10959163803796217","0,0,0"
32.93333333333333,148,AV,1,0,0,53,2476.7926805910606,0.3,-6.179472647535271,"0.19587254901960788,0.320046783625731,0.36696296296296294,0.3,0.53,0.12237584027749006","0,0,0"
24.016666666666666,103,AV,1,0,0,25,1830.3424648913517,0.5,-5.550344048628867,"0.1930416666666667,0.3553085399449036,0.3796666666666666,0.5,0.25,0.09043538399152518","0,0,0"
15.8,215,AV,0,0,0,22,4135.471393234625,0.2,-4.3000226269246,"0.23393750000000005,0.30409130434782605,0.32703703703703707,0.2,0.22,0.20432949057724065","0,0,0"
31.833333333333332,257,AV,1,0,0,50,5862.871835726062,0.1,-4.712998824173729,"0.236,0.3641898907103826,0.4355555555555555,0.1,0.5,0.28967861256961963","0,0,0"
37.916666666666664,263,AV,1,0,0,67,6778.2755320215965,0.3,-19.47042529715799,"0.23397916666666668,0.3066994047619047,0.3005,0.3,0.67,0.3349077903708691","0,0,0"
23.75,268,AV,0,0,0,56,7658.5640246764915,0.3,-14.779613301974749,"0.1527222222222222,0.2801379310344828,0.3019722222222222,0.3,0.56,0.37840196120697644","0,0,0"
38.13333333333333,190,AV,1,0,0,65,3368.9508766880413,0.1,-3.2441749182921877,"0.21668939393939396,0.33193146417445485,0.3586666666666667,0.1,0.65,0.16645648124650464","0,0,0"
14.4,40,AV,1,0,0,7,871.0408974081768,1.0,-3.167421445120643,"0.21366666666666664,0.3232844036697247,0.36920000000000003,1.0,0.07,0.0430372564372029","0,0,0"
28.383333333333333,288,AV,1,0,0,45,10721.15711953896,0.3,-23.053195169917736,"0.21942708333333333,0.3172897897897898,0.26938888888888884,0.3,0.45,0.529721611958849","0,0,0"
38.55,151,AV,1,0,0,68,2496.2043409386315,0.2,-4.860034209251729,"0.2831153846153846,0.3865081967213114,0.38589999999999997,0.2,0.68,0.12333495093088893","0,0,0"
22.166666666666668,185,AV,0,0,0,43,3245.380745418587,0.4,-8.266593251526466,"0.21164666666666665,0.3150267857142857,0.3254444444444444,0.4,0.43,0.16035100509349434","0,0,0"
17.316666666666666,192,AV,0,0,0,23,3414.9419898187493,0.1,-2.493318487972088,"0.24583333333333332,0.36969827586206905,0.32166666666666666,0.1,0.23,0.16872885598290138","0,0,0"
12.233333333333333,254,AV,0,0,0,12,5702.891177591027,0.1,-2.7617517358383057,"0.19336111111111112,0.3478048433048433,0.3485416666666667,0.1,0.12,0.28177412883109826","0,0,0"
49.78333333333333,118,AV,1,0,0,97,2044.1603053436156,0.3,-7.709478323309821,"0.12702777777777777,0.2622792792792793,0.27855555555555556,0.3,0.97,0.10099990886948945","0,0,0"
13.25,109,AV,1,0,0,2,1921.5023446668008,0.2,-1.2858538417593492,"0.14881666666666665,0.2944955357142857,0.30237499999999995,0.2,0.02,0.09493950214987396","0,0,0"
40.95,29,AV,1,0,0,72,783.6834518391023,0.2,-1.6207998663035978,"0.17901666666666669,0.2873712121212121,0.3148809523809523,0.2,0.72,0.038721012736313315","0,0,0"
25.533333333333335,142,AV,0,0,0,57,2382.718205806423,0.6,-10.217990634584446,"0.1705462962962963,0.31832838283828385,0.3506666666666666,0.6,0.57,0.1177277149052501","0,0,0"
42.4,106,AV,1,0,0,80,1836.592480640456,0.4,-7.8658102201167015,"0.18835555555555555,0.2964795321637427,0.32146969696969696,0.4,0.8,0.09074419099626069","0,0,0"
42.7,41,AV,1,0,0,82,892.1845339920479,0.2,-1.9240545253262853,"0.18973333333333336,0.297062893081761,0.35891666666666666,0.2,0.82,0.044081942297973305","0,0,0"
47.25,173,AV,1,0,0,87,2991.769966736588,0.1,-3.5697255284925196,"0.23966666666666664,0.3294906542056074,0.3074583333333334,0.1,0.87,0.14782035107959768","0,0,0"
49.46666666666667,247,AV,1,0,0,96,5341.061461458292,0.1,-6.671830983841841,"0.16601190476190475,0.28756666666666664,0.30833333333333335,0.1,0.96,0.26389648574207625","0,0,0"
20.616666666666667,174,AV,1,0,0,21,2996.640782499388,0.2,-3.1202396026529824,"0.19171875,0.31185875706214694,0.3232777777777778,0.2,0.21,0.14806101319737625","0,0,0"
19.75,73,AV,1,0,0,21,1391.0507319816634,0.4,-2.7750759552159447,"0.23082142857142857,0.32774517906336087,0.31846666666666673,0.4,0.21,0.06873042040573611","0,0,0"
35.93333333333333,86,AV,2,0,0,49,1581.438059619256,0.3,-4.3050258289635295,"0.2541833333333333,0.3574228395061729,0.36031944444444447,0.3,0.49,0.07813726716380881","0,0,0"
21.066666666666666,165,AV,1,0,0,24,2891.134206742707,0.1,-1.5380444601526861,"0.16292982456140354,0.25205357142857143,0.31977777777777777,0.1,0.24,0.14284803919103217","0,0,0"
43.766666666666666,232,AV,1,0,0,80,4747.153558918807,0.1,-5.246643621936358,"0.22722222222222221,0.3235695652173913,0.4048333333333333,0.1,0.8,0.23455209241022626","0,0,0"
15.033333333333333,66,AV,1,0,0,9,1251.6500609663929,0.5,-2.3758172453528754,"0.23839999999999997,0.3144311926605504,0.3425555555555555,0.5,0.09,0.06184277317372448","0,0,0"
16.683333333333334,93,AV,1,0,0,12,1659.6531244520008,0.1,-0.699205714468204,"0.2033888888888889,0.29010942760942754,0.3229358974358975,0.1,0.12,0.08200179500914358","0,0,0"
36.583333333333336,54,AV,1,0,0,64,1068.5648373754009,1.0,-9.871632230803892,"0.15638888888888888,0.2886454545454545,0.3090833333333333,1.0,0.64,0.052796716047137274","0,0,0"
26.966666666666665,269,AV,1,0,0,40,7864.29237148983,0.4,-21.421591005169265,"0.2002333333333333,0.3644152046783626,0.4328611111111112,0.4,0.4,0.38856679232403757","0,0,0"
14.133333333333333,123,AV,1,0,0,6,2137.1188228190404,0.3,-2.288228234533518,"0.20515789473684212,0.31873123123123126,0.3769833333333334,0.3,0.06,0.1055928959112188","0,0,0"
10.333333333333334,144,AV,0,0,0,8,2421.832203454489,0.2,-2.2639191634190095,"0.16069791666666666,0.2808025210084033,0.35163333333333335,0.2,0.08,0.119660298268526","0,0,0"
27.883333333333333,184,AV,1,0,0,44,3236.647802754315,0.1,-2.2790032718888757,"0.18054166666666668,0.30929583333333327,0.27699999999999997,0.1,0.44,0.1599195191621081","0,0,0"
12.6,134,AV,1,0,0,1,2255.9253983027734,0.8,-5.742355559316151,"0.13233333333333333,0.26013302752293577,0.3449333333333333,0.8,0.01,0.11146300955425625","0,0,0"
36.63333333333333,216,AV,1,0,0,62,4164.701887555128,0.3,-11.558099430361327,"0.16853703703703704,0.29206047197640117,0.33120000000000005,0.3,0.62,0.20577373996162773","0,0,0"
36.916666666666664,8,AV,1,0,0,65,567.9518330451218,0.3,-1.588400644185536,"0.1745,0.29348012232415904,0.33952777777777776,0.3,0.65,0.028061929991431995","0,0,0"
34.483333333333334,202,AV,1,0,0,59,3667.3634505223554,0.1,-3.193507987849644,"0.191625,0.2823333333333333,0.31738095238095243,0.1,0.59,0.1812007469892587","0,0,0"
18.633333333333333,179,AV,1,0,0,17,3132.463358685509,0.6,-8.843671805581815,"0.17182142857142857,0.28059180790960453,0.301875,0.6,0.17,0.15477187035537765","0,0,0"
15.383333333333333,105,AV,0,0,0,22,1836.3970218708375,0.3,-3.140144509074221,"0.18818627450980394,0.2887874999999999,0.2957777777777777,0.3,0.22,0.09073453357464478","0,0,0"
20.55,120,AV,1,0,0,23,2052.607856914241,0.1,-1.0651790772623149,"0.21741666666666665,0.2923277777777778,0.33716666666666667,0.1,0.23,0.10141729391339874","0,0,0"
44.21666666666667,5,AV,1,0,0,84,497.26542980048754,0.2,-1.1104757451689338,"0.2189927536231884,0.3348932748538012,0.41883333333333334,0.2,0.84,0.024569385758302514","0,0,0"
43.25,209,AV,1,0,0,78,3958.913906791885,0.3,-12.971441399147652,"0.2132348484848485,0.3464204892966361,0.32422222222222224,0.3,0.78,0.19560596239095915","0,0,0"
52.55,233,AV,1,0,0,100,4754.245589533712,0.5,-31.544899713383398,"0.22475925925925921,0.3202336309523809,0.3359791666666666,0.5,1.0,0.234902502524312","0,0,0"
31.8,280,AV,1,0,0,45,8981.750106371177,0.4,-28.85047003864681,"0.20534722222222224,0.338919696969697,0.3325416666666666,0.4,0.45,0.4437792573608979","0,0,0"
34.53333333333333,246,AV,1,0,0,56,5307.329693361759,0.1,-4.628277409362611,"0.2082857142857143,0.2884643874643874,0.24445833333333333,0.1,0.56,0.2622298329385507","0,0,0"
39.2,274,AV,1,0,0,70,8139.327108000771,0.6,-48.34267009600458,"0.16914393939393935,0.2735977564102564,0.2936309523809524,0.6,0.7,0.40215598259005225","0,0,0"
23.716666666666665,4,AV,1,0,0,32,473.5024380788758,0.3,-0.8507499613462628,"0.1841388888888889,0.28784016393442624,0.3155277777777778,0.3,0.32,0.02339528018934334","0,0,0"
35.13333333333333,9,AV,1,0,0,57,583.3206434887895,0.2,-1.0350504347427343,"0.17952777777777779,0.288991935483871,0.301,0.2,0.57,0.028821287489073047","0,0,0"
41.483333333333334,211,AV,1,0,0,78,4021.28082322038,1.0,-42.12528606479598,"0.2398076923076923,0.3019754098360656,0.3906,1.0,0.78,0.19868744913115402","0,0,0"
28.65,196,AV,1,0,0,45,3531.3895067900216,0.1,-2.554906802260963,"0.19682407407407407,0.292912037037037,0.3645952380952381,0.1,0.45,0.17448241091273348","0,0,0"
39.666666666666664,35,AV,1,0,0,70,857.6590975250949,0.2,-1.7182059361192978,"0.19384848484848483,0.27268518518518525,0.33641666666666664,0.2,0.7,0.04237607513690668","0,0,0"
20.816666666666666,235,AV,1,0,0,22,4843.3187157075145,0.4,-10.184015279324386,"0.18916666666666665,0.3205381355932203,0.3370909090909091,0.4,0.22,0.23930351628177382","0,0,0"
28.016666666666666,117,AV,1,0,0,43,2043.1688306873104,0.9,-13.009722743883973,"0.24273148148148146,0.29731120943952805,0.35525000000000007,0.9,0.43,0.10095092110191003","0,0,0"
23.766666666666666,0,AV,1,0,0,32,417.8295094645922,0.5,-1.2538402367350767,"0.22678125000000002,0.358219298245614,0.3591,0.5,0.32,0.020644536667985786","0,0,0"
23.5,89,AV,1,0,0,31,1597.8734280578535,0.1,-0.948232968670696,"0.21014912280701753,0.3172492625368732,0.3031041666666666,0.1,0.31,0.07894932222142612","0,0,0"
22.2,33,AV,0,0,0,41,835.7777612710734,0.4,-2.874168313153316,"0.18347777777777774,0.32390740740740737,0.3386458333333333,0.4,0.41,0.04129494027589717","0,0,0"
17.05,72,AV,1,0,0,13,1386.7650627050614,0.5,-2.985397009990063,"0.1415294117647059,0.2506231231231231,0.2827666666666666,0.5,0.13,0.0685186697885022","0,0,0"
21.65,224,AV,1,0,0,25,4434.023444374438,0.3,-7.272470270508076,"0.2138229166666667,0.3315402298850575,0.3368541666666666,0.3,0.25,0.21908064775365965","0,0,0"
35.13333333333333,236,AV,1,0,0,59,4864.205776554158,0.4,-17.262198277737653,"0.185962962962963,0.31505607476635517,0.3281666666666667,0.4,0.59,0.24033552499290464","0,0,0"
17.383333333333333,110,AV,1,0,0,12,1929.5758599688188,0.3,-2.5410954822569165,"0.18535416666666663,0.25846405228758174,0.2853333333333333,0.3,0.12,0.09533840643718873","0,0,0"
30.75,59,AV,1,0,0,48,1122.7546975855585,0.2,-1.7436720682199962,"0.2077888888888889,0.28987891737891736,0.34175,0.2,0.48,0.0554741826472708","0,0,0"
41.86666666666667,267,AV,2,0,0,47,7177.938863287724,0.5,-37.94398658370952,"0.1622361111111111,0.3641733870967742,0.30833333333333335,0.5,0.47,0.35465475440829575","0,0,0"
45.46666666666667,187,AV,1,0,0,86,3323.1633986738134,0.3,-11.446451706543135,"0.20639583333333333,0.31011739130434784,0.328537037037037,0.3,0.86,0.16419416791681526","0,0,0"
25.233333333333334,16,AV,1,0,0,38,623.7253316558669,0.1,-0.39744114146758525,"0.1749285714285714,0.298336231884058,0.39666666666666667,0.1,0.38,0.03081764257536799","0,0,0"
42.1,250,AV,1,0,0,75,5568.958209200236,0.2,-11.841067707440907,"0.19054487179487178,0.2766064814814815,0.33616666666666667,0.2,0.75,0.275156635297578","0,0,0"
37.516666666666666,108,AV,1,0,0,63,1900.764377468582,0.6,-10.804597509297418,"0.2065333333333333,0.2761955922865014,0.3412083333333334,0.6,0.63,0.09391486000625965","0,0,0"
25.716666666666665,119,AV,1,0,0,39,2046.5713793034688,0.2,-2.658131008640785,"0.1775,0.27924242424242424,0.29541666666666666,0.2,0.39,0.10111903761374018","0,0,0"
31.183333333333334,34,AV,1,0,0,49,844.3352662229099,0.1,-0.6648784861544884,"0.26411666666666667,0.35089565217391305,0.36766666666666664,0.1,0.49,0.04171775800600685","0,0,0"
49.95,191,AV,1,0,0,99,3398.605365942332,0.3,-12.86063166884996,"0.17211111111111113,0.2703541666666666,0.33693749999999995,0.3,0.99,0.16792167979498696","0,0,0"
30.4,124,AV,0,0,0,76,2142.030696222753,0.3,-5.933161603422096,"0.19770370370370371,0.3366637931034483,0.4086388888888889,0.3,0.76,0.10583558664582342","0,0,0"
28.583333333333332,230,AV,0,0,0,74,4660.29795945294,0.3,-11.0914280308861,"0.24082222222222227,0.37121082621082624,0.34639583333333335,0.3,0.74,0.23026064442157015","0,0,0"
40.18333333333333,112,AV,1,0,0,72,1963.0347272178835,0.1,-1.9919514845632644,"0.22354999999999997,0.3790848214285715,0.3374166666666667,0.1,0.72,0.09699157548376398","0,0,0"
18.7,39,AV,1,0,0,15,870.7377108213431,0.4,-1.6447267871069815,"0.24777192982456142,0.3462094395280236,0.3687708333333334,0.4,0.15,0.04302227629226974","0,0,0"
42.3,43,AV,1,0,0,77,904.859336063587,0.8,-7.7324343263615605,"0.14755555555555552,0.2629093567251462,0.35314285714285715,0.8,0.77,0.044708191546047354","0,0,0"
30.583333333333332,132,AV,0,0,0,87,2241.037238818388,0.3,-6.192302188423915,"0.2339,0.31925909090909094,0.33663333333333334,0.3,0.87,0.11072740053806189","0,0,0"
16.116666666666667,240,AV,1,0,0,9,4950.268578812107,0.4,-8.058770565170553,"0.1621904761904762,0.271044540229885,0.3190166666666666,0.4,0.09,0.24458780166728444","0,0,0"
13.883333333333333,80,AV,0,0,0,17,1526.0895405694364,1.0,-6.350305502080558,"0.2276904761904762,0.292125,0.33049999999999996,1.0,0.17,0.07540255239340664","0,0,0"
25.55,79,AV,1,0,0,38,1485.5718097438446,0.4,-3.8339757312076,"0.2466666666666667,0.35963993710691816,0.38333333333333336,0.4,0.38,0.07340061198282061","0,0,0"
27.716666666666665,137,AV,1,0,0,41,2294.767722006211,0.3,-4.818432729414557,"0.1902063492063492,0.24930654761904766,0.29773809523809525,0.3,0.41,0.11338216978061968","0,0,0"
31.666666666666668,253,AV,1,0,0,48,5611.673516276995,0.3,-13.462348081977641,"0.24121568627450976,0.3401810344827586,0.33973809523809523,0.3,0.48,0.27726715574492605","0,0,0"
35.416666666666664,126,AV,1,0,0,63,2177.5877894542577,0.3,-5.8426440057958295,"0.19037500000000004,0.2909646892655367,0.27491666666666664,0.3,0.63,0.1075924269321053","0,0,0"
36.31666666666667,167,AV,1,0,0,61,2927.9701715656583,0.1,-2.685204967946789,"0.15388541666666666,0.2973523391812865,0.345537037037037,0.1,0.61,0.1446680672389853","0,0,0"
40.96666666666667,150,AV,1,0,0,76,2486.38103050259,0.7,-18.005333337890388,"0.19875,0.30823066666666665,0.37416666666666665,0.7,0.76,0.12284959102235175","0,0,0"
27.916666666666668,265,AV,1,0,0,38,7099.697064525982,0.1,-5.0050473834516085,"0.21079166666666665,0.329816091954023,0.3580833333333333,0.1,0.38,0.3507889056663633","0,0,0"
14.583333333333334,158,AV,1,0,0,8,2753.3979495063454,0.3,-3.04194849219451,"0.21840476190476188,0.3159763888888889,0.3388055555555556,0.3,0.08,0.13604262897318792","0,0,0"
45.833333333333336,48,AV,1,0,0,86,954.0002559944874,0.2,-2.208333925913166,"0.23088095238095238,0.3398050595238095,0.3345714285714286,0.2,0.86,0.04713619507483592","0,0,0"
32.983333333333334,28,AV,1,0,0,54,763.1985099142711,0.1,-0.635677546767821,"0.21737499999999998,0.34954096045197747,0.37261666666666665,0.1,0.54,0.03770887231748401","0,0,0"
17.25,14,AV,0,0,0,25,600.3305173079323,0.8,-3.092060893648855,"0.2422333333333334,0.36712931034482765,0.36035185185185187,0.8,0.25,0.029661728280885674","0,0,0"
43.35,131,AV,1,0,0,83,2239.257430619588,0.3,-7.353924971012056,"0.17007407407407407,0.2918478260869566,0.3201190476190476,0.3,0.83,0.11063946200143439","0,0,0"
22.4,299,AV,1,0,0,32,20239.22920549412,0.7,-80.13917018741104,"0.19461111111111112,0.2907731092436975,0.34540740740740744,0.7,0.32,1.0","0,0,0"
47.516666666666666,2,AV,2,0,0,98,437.8567856598078,0.3,-1.5761738584799394,"0.13580555555555554,0.26335238095238095,0.28363333333333335,0.3,0.98,0.021634064282494894","0,0,0"
19.983333333333334,283,AV,1,0,0,19,9667.56212442905,0.1,-4.878538294272068,"0.21370370370370367,0.2970156695156695,0.3458809523809524,0.1,0.19,0.4776645407921317","0,0,0"
12.2,19,AV,0,0,0,10,636.6552097563458,0.4,-1.7845650059623654,"0.16441025641025642,0.25923076923076926,0.29478333333333334,0.4,0.1,0.03145649487400044","0,0,0"
28.95,95,AV,0,0,0,74,1664.0464513081895,0.2,-3.4330376144127315,"0.16229166666666667,0.30500000000000005,0.3067666666666667,0.2,0.74,0.08221886487932402","0,0,0"
31.866666666666667,293,AV,1,0,0,48,13430.196447392702,0.2,-21.61492896247041,"0.22139743589743588,0.3279852507374631,0.3410333333333333,0.2,0.48,0.6635725259609666","0,0,0"
46.21666666666667,107,AV,1,0,0,85,1848.7234685638712,0.3,-6.472866386777291,"0.23633333333333328,0.3423736111111111,0.4190333333333333,0.3,0.85,0.09134357093312716","0,0,0"
38.15,287,AV,1,0,0,64,10708.821866752483,0.1,-10.316705914560789,"0.23330701754385966,0.36298318042813454,0.30481481481481487,0.1,0.64,0.5291121395001287","0,0,0"
27.6,186,AV,1,0,0,42,3251.3322332141274,0.4,-9.064320165324235,"0.16530769230769235,0.29598830409356724,0.3158611111111111,0.4,0.42,0.16064506213169047","0,0,0"
16.666666666666668,70,AV,1,0,0,10,1338.7213376931895,0.1,-0.5634349064365277,"0.22857777777777777,0.3368954545454546,0.34902777777777777,0.1,0.1,0.06614487755935793","0,0,0"
27.9,181,AV,1,0,0,44,3158.0604616132755,0.1,-2.2249971434093534,"0.17849122807017548,0.25599532710280376,0.3145476190476191,0.1,0.44,0.1560365975180513","0,0,0"
32.766666666666666,45,AV,1,0,0,54,913.5589076746268,0.3,-2.2677485006165607,"0.2316785714285714,0.33838705234159777,0.3068,0.3,0.54,0.04513802864718944","0,0,0"
17.75,42,AV,1,0,0,17,898.3728471886773,0.1,-0.4026797484242177,"0.17197435897435898,0.30127064220183486,0.3328125,0.1,0.17,0.044387700641524724","0,0,0"
11.533333333333333,182,AV,1,0,0,0,3197.7177395395383,0.1,-0.9313218332328957,"0.2214,0.33333613445378146,0.3102916666666667,0.1,0.0,0.15799602381455757","0,0,0"
29.166666666666668,138,AV,2,0,0,29,2318.1098695731453,0.4,-6.829448268944453,"0.2136825396825397,0.33009413580246916,0.35618181818181827,0.4,0.29,0.11453548186231685","0,0,0"
46.56666666666667,58,AV,1,0,0,91,1117.0806745336297,0.1,-1.3136041265349165,"0.21391666666666664,0.30368803418803414,0.40119047619047615,0.1,0.91,0.055193834863552414","0,0,0"
27.1,166,AV,1,0,0,40,2898.378436294527,0.3,-5.950458759362249,"0.1613205128205128,0.29435972222222223,0.30157142857142855,0.3,0.4,0.14320596930182183","0,0,0"
28.733333333333334,207,AV,1,0,0,44,3849.958431883558,0.2,-5.586976714282201,"0.21906060606060604,0.32366374269005854,0.31262499999999993,0.2,0.44,0.19022258173935064","0,0,0"
45.333333333333336,205,AV,1,0,0,85,3773.073658575576,0.5,-21.59671791103865,"0.22365476190476186,0.35987535014005606,0.35783333333333334,0.5,0.85,0.1864237822629797","0,0,0"
29.166666666666668,149,AV,1,0,0,47,2478.182963693478,1.0,-18.252610212388834,"0.2089351851851852,0.33860233918128657,0.34577083333333336,1.0,0.47,0.12244453277008954","0,0,0"
26.0,199,AV,1,0,0,41,3583.4963710051925,0.1,-2.3528006476296723,"0.20234375,0.2692363945578231,0.3267857142857143,0.1,0.41,0.17705695877155342","0,0,0"
7.116666666666666,204,AV,0,0,0,5,3759.463069718096,0.1,-1.6756274119400787,"0.18817647058823528,0.3006481481481481,0.31325000000000003,0.1,0.05,0.18575129672910448","0,0,0"
39.666666666666664,20,AV,1,0,0,68,650.412147456106,0.3,-1.954521352203955,"0.1792888888888889,0.32495798319327734,0.37074999999999997,0.3,0.68,0.03213621135727569","0,0,0"
38.18333333333333,57,AV,1,0,0,66,1111.987968807459,0.9,-9.649865289916244,"0.1652745098039216,0.3028793103448276,0.328952380952381,0.9,0.66,0.05494220938540485","0,0,0"
25.6,200,AV,0,0,0,63,3608.770587345788,0.1,-3.3329426019205095,"0.19151282051282054,0.29376129943502827,0.3311296296296296,0.1,0.63,0.17830573243205106","0,0,0"
39.31666666666667,272,AV,1,0,0,67,8029.700924090037,0.1,-7.972249360239226,"0.17996153846153848,0.28158533333333335,0.0,0.1,0.67,0.39673946287985623","0,0,0"
31.466666666666665,161,AV,1,0,0,48,2815.231094880572,1.0,-22.37018647783889,"0.20765789473684207,0.3038578431372549,0.31787037037037036,1.0,0.48,0.1390977426213619","0,0,0"
19.366666666666667,241,AV,1,0,0,21,4967.653125719208,0.2,-4.858933444516599,"0.17566666666666667,0.3055819444444444,0.3169814814814815,0.2,0.21,0.24544675468029653","0,0,0"
25.766666666666666,99,AV,1,0,0,36,1797.659883656486,0.2,-2.3393789395058313,"0.11110606060606061,0.2558487654320988,0.3454393939393939,0.2,0.36,0.08882057045771759","0,0,0"
30.5,85,AV,1,0,0,47,1573.7150367511856,0.1,-1.2120785005280597,"0.16661111111111113,0.2917094395280236,0.34252083333333333,0.1,0.47,0.07775568035585004","0,0,0"
36.35,217,AV,1,0,0,61,4200.245935785981,0.3,-11.566586345895484,"0.19640476190476192,0.32394501718213065,0.3324166666666667,0.3,0.61,0.2075299357075212","0,0,0"
37.78333333333333,198,AV,2,0,0,67,3558.5090095449787,0.3,-10.185782733129376,"0.22171929824561404,0.3127433333333334,0.32413333333333333,0.3,0.67,0.17582235832276605","0,0,0"
49.166666666666664,221,AV,1,0,0,94,4281.8327360815,0.1,-5.316248557003545,"0.21756250000000002,0.3218502824858757,0.3637500000000001,0.1,0.94,0.21156105761770602","0,0,0"
35.21666666666667,256,AV,1,0,0,55,5825.994272151124,0.2,-10.362227186073508,"0.2096944444444445,0.2972268518518519,0.3282380952380952,0.2,0.55,0.28785652916908544","0,0,0"
25.616666666666667,220,AV,1,0,0,39,4266.216809230351,0.2,-5.519507774231523,"0.21398611111111113,0.3101611570247934,0.3282142857142857,0.2,0.39,0.2107894903464134","0,0,0"
32.88333333333333,49,AV,1,0,0,54,969.457736312404,0.9,-7.2452277035771715,"0.17751515151515146,0.3005013661202186,0.3432857142857143,0.9,0.54,0.04789993366196159","0,0,0"
19.7,113,AV,1,0,0,21,1975.501985353583,0.3,-2.9482870538989077,"0.17157777777777775,0.3181363636363636,0.3355416666666667,0.3,0.21,0.09760757019428958","0,0,0"
24.4,71,AV,1,0,0,36,1342.087988935639,0.2,-1.6538862085873531,"0.21584374999999997,0.27720303030303034,0.2853611111111111,0.2,0.36,0.06631122041798494","0,0,0"
32.71666666666667,231,AV,1,0,0,51,4689.4303597647895,0.2,-7.748612623079363,"0.20787499999999998,0.29525141242937847,0.34825,0.2,0.51,0.2317000470794511","0,0,0"
20.583333333333332,212,AV,0,0,0,39,4034.238052294327,0.1,-3.096920873141201,"0.24233333333333335,0.34272753623188407,0.35718518518518516,0.1,0.39,0.1993276528139321","0,0,0"
35.7,261,AV,1,0,0,63,6130.868263041086,0.5,-27.6353531553746,"0.2380222222222222,0.352340395480226,0.38042857142857145,0.5,0.63,0.3029200470429381","0,0,0"
22.583333333333332,116,AV,1,0,0,28,2034.664800296876,0.3,-3.481023742932155,"0.1927777777777778,0.28486695906432746,0.3726111111111111,0.3,0.28,0.10053074549620436","0,0,0"
44.05,102,AV,1,0,0,83,1824.367004680513,0.3,-6.088133830013378,"0.22855882352941176,0.34724568965517233,0.35769047619047617,0.3,0.83,0.09014014250035135","0,0,0"
13.766666666666667,170,AV,1,0,0,4,2964.6777926145683,0.3,-3.0919493140146885,"0.18106666666666665,0.29359626436781605,0.3406428571428571,0.3,0.04,0.14648175394988758","0,0,0"
37.88333333333333,68,AV,1,0,0,66,1293.252850487379,0.3,-3.7115703650982477,"0.23252500000000004,0.3598652173913044,0.3103,0.3,0.66,0.06389832524532672","0,0,0"
31.8,259,AV,1,0,0,50,5960.007005011629,0.3,-14.358198693891651,"0.18217777777777777,0.30303591954022985,0.34138888888888885,0.3,0.5,0.29447796378499097","0,0,0"
14.483333333333333,97,AV,1,0,0,8,1723.69240549938,0.5,-3.152122685982662,"0.18264102564102566,0.32932492997198876,0.3580277777777778,0.5,0.08,0.08516591160652838","0,0,0"
16.866666666666667,168,AV,1,0,0,11,2946.490055333797,0.1,-1.25498650504958,"0.16149999999999998,0.2760027777777777,0.33235714285714285,0.1,0.11,0.1455831161067115","0,0,0"
35.53333333333333,271,AV,2,0,0,48,8028.27043643778,0.6,-43.222910531528655,"0.1806458333333333,0.2978347701149425,0.31085416666666665,0.6,0.48,0.39666878392080435","0,0,0"
16.033333333333335,53,AV,1,0,0,9,1017.530975349866,0.2,-0.8239602679179893,"0.18467777777777777,0.286725,0.30193333333333333,0.2,0.09,0.050275184149485695","0,0,0"
31.3,258,AV,1,0,0,47,5912.288420941998,0.1,-4.673096655946579,"0.2664035087719298,0.40873478260869567,0.3937777777777778,0.1,0.47,0.2921202364434439","0,0,0"
41.68333333333333,262,AV,1,0,0,71,6197.036257351283,0.3,-19.569176363176208,"0.23181372549019608,0.30146699669967,0.30439583333333337,0.3,0.71,0.30618934122595154","0,0,0"
18.966666666666665,244,AV,1,0,0,21,5009.92015912814,0.4,-9.598129867151217,"0.17704166666666665,0.312552,0.3270666666666666,0.4,0.21,0.24753512637567007","0,0,0"
20.533333333333335,136,AV,1,0,0,21,2283.7291705859197,0.1,-1.1841558662297365,"0.25348611111111113,0.3282909604519774,0.34515,0.1,0.21,0.1128367660348439","0,0,0"
28.15,210,AV,2,0,0,28,3987.5502105766736,0.4,-11.338337214922563,"0.21110714285714288,0.3256927536231885,0.3506515151515152,0.4,0.28,0.19702085341739287","0,0,0"
23.15,295,AV,1,0,0,30,14505.369879802229,0.2,-16.959561248354625,"0.142,0.24592735042735048,0.3265625,0.2,0.3,0.7166957660553899","0,0,0"
21.166666666666668,228,AV,1,0,0,24,4617.971391102537,0.1,-2.4683601290825856,"0.18763888888888888,0.3073048433048433,0.3354666666666667,0.1,0.24,0.2281693311644965","0,0,0"
28.966666666666665,277,AV,1,0,0,46,8348.421721831439,0.1,-6.106715889117442,"0.15496666666666667,0.32820175438596494,0.3563974358974359,0.1,0.46,0.41248713758156286","0,0,0"
47.11666666666667,55,AV,1,0,0,85,1083.524948441525,0.1,-1.2891940358771852,"0.21388888888888893,0.3164047619047619,0.3121666666666666,0.1,0.85,0.053535880118764236","0,0,0"
37.88333333333333,147,AV,1,0,0,64,2472.005569054355,0.1,-2.3648437114732945,"0.16153333333333333,0.28557692307692306,0.3504871794871795,0.1,0.64,0.12213931390150505","0,0,0"
21.883333333333333,92,AV,1,0,0,27,1653.1781197118603,0.1,-0.9135618144704009,"0.1851666666666667,0.31816805555555555,0.3668333333333333,0.1,0.27,0.08168187152419273","0,0,0"
24.4,3,AV,1,0,0,33,457.16351791608827,0.3,-0.8450598361479207,"0.22624561403508772,0.3371521739130435,0.30238888888888893,0.3,0.33,0.02258799054422424","0,0,0"
43.68333333333333,177,AV,1,0,0,83,3101.095365071405,0.1,-3.42086319522397,"0.18399206349206348,0.2921681818181819,0.3340185185185185,0.1,0.83,0.15322200927639995","0,0,0"
38.65,239,AV,2,0,0,65,4934.883137056144,0.3,-14.449487367213631,"0.20227777777777778,0.3501666666666667,0.35685,0.3,0.65,0.2438276224331965","0,0,0"
15.083333333333334,127,AV,1,0,0,4,2198.5025098873134,0.1,-0.8373925805757656,"0.203,0.34626610644257705,0.3669814814814814,0.1,0.04,0.10862580227563756","0,0,0"
7.033333333333333,37,AV,0,0,0,4,861.805442805673,0.3,-1.4591943142222146,"0.2208039215686275,0.34234210526315784,0.36388888888888893,0.3,0.04,0.04258094189534294","0,0,0"
28.483333333333334,115,AV,2,0,0,15,2010.868248891871,0.5,-7.2318473008337705,"0.1806979166666667,0.2668017241379311,0.2649583333333333,0.5,0.15,0.09935498177697413","0,0,0"
40.983333333333334,125,AV,1,0,0,76,2158.6935677652164,1.0,-22.34102476066779,"0.21491228070175436,0.30724519230769237,0.3536666666666666,1.0,0.76,0.10665888240344744","0,0,0"
41.5,152,AV,1,0,0,74,2538.843693606908,0.5,-13.303284505642257,"0.16355263157894737,0.2963510324483776,0.3291041666666667,0.5,0.74,0.12544171854715278","0,0,0"
8.666666666666666,153,AV,0,0,0,7,2580.565825479665,0.1,-1.5647702985056506,"0.23482051282051283,0.35458333333333336,0.4216666666666667,0.1,0.07,0.12750316720456661","0,0,0"
24.483333333333334,276,AV,1,0,0,32,8331.964781214912,0.1,-5.151370481315113,"0.19478125000000002,0.327023598820059,0.3446515151515152,0.1,0.32,0.4116740166642871","0,0,0"
21.2,292,AV,1,0,0,24,13351.937436366714,1.0,-71.4800691037814,"0.23846491228070177,0.32837068965517247,0.2804,1.0,0.24,0.6597058267783346","0,0,0"
40.45,252,AV,1,0,0,71,5590.116807812239,0.3,-17.13032006636402,"0.20693518518518517,0.3089967948717948,0.38075000000000003,0.3,0.71,0.27620206041714035","0,0,0"
17.75,31,AV,1,0,0,14,806.3598325453933,0.1,-0.36143654110304874,"0.22768518518518518,0.3154268292682927,0.37662499999999993,0.1,0.14,0.039841429945686846","0,0,0"
15.733333333333333,195,AV,1,0,0,9,3523.1638559153366,0.1,-1.3997755387138375,"0.22114285714285717,0.3505535714285714,0.34080952380952384,0.1,0.09,0.1740759897594787","0,0,0"
47.083333333333336,201,AV,1,0,0,90,3628.2404526711953,0.1,-4.313880167843489,"0.2120833333333333,0.35544444444444445,0.34871428571428564,0.1,0.9,0.1792677189349818","0,0,0"
34.733333333333334,22,AV,1,0,0,54,679.8949342204361,0.3,-1.7890164683275114,"0.2064777777777778,0.3352762762762763,0.34558333333333335,0.3,0.54,0.033592926258074716","0,0,0"
46.05,18,AV,1,0,0,88,632.5893922142865,0.3,-2.2068743569293856,"0.20911403508771925,0.34260964912280706,0.3481666666666667,0.3,0.88,0.031255606910295004","0,0,0"
31.9,214,AV,1,0,0,49,4113.319853961603,0.4,-13.254030640542947,"0.20312962962962966,0.31544632768361586,0.3661666666666667,0.4,0.49,0.20323500525627752","0,0,0"
48.833333333333336,10,AV,1,0,0,95,586.3474640105957,0.3,-2.1691894817563706,"0.18164444444444441,0.29958477011494256,0.3142,0.3,0.95,0.02897083965289678","0,0,0"
26.35,143,AV,1,0,0,41,2417.357356239525,0.2,-3.217038703884419,"0.2707727272727272,0.3587014492753623,0.33116666666666666,0.2,0.41,0.1194392005592442","0,0,0"
19.05,130,AV,0,0,0,31,2222.040577514192,0.2,-3.137872373820473,"0.1720694444444444,0.315830383480826,0.30114583333333333,0.2,0.31,0.1097887945708426","0,0,0"
17.45,238,AV,1,0,0,16,4925.450001742355,0.4,-8.681727528323648,"0.25413636363636366,0.3322675438596492,0.3773888888888889,0.4,0.16,0.24336154068581314","0,0,0"
31.15,188,AV,1,0,0,48,3362.377553451843,0.1,-2.644900525000629,"0.21099999999999997,0.34747720797720805,0.3290952380952381,0.1,0.48,0.1661316999433504","0,0,0"
16.683333333333334,255,AV,1,0,0,10,5721.231751015957,0.4,-9.641334987823187,"0.2173846153846154,0.26680581039755347,0.37364583333333334,0.4,0.1,0.2826803181547486","0,0,0"
36.78333333333333,82,AV,1,0,0,63,1546.5147326922538,0.1,-1.4365143160992442,"0.241475,0.3563537735849056,0.3920416666666667,0.1,0.63,0.07641174063449208","0,0,0"
25.316666666666666,98,AV,1,0,0,39,1782.711710770346,0.3,-3.4191150109345396,"0.1753666666666667,0.3205434173669468,0.28272222222222226,0.3,0.39,0.08808199623958074","0,0,0"
18.25,146,AV,1,0,0,14,2446.4664131825853,0.4,-4.509900206119411,"0.21535185185185185,0.31525067750677505,0.33264583333333336,0.4,0.14,0.12087744984470407","0,0,0"
48.733333333333334,30,AV,1,0,0,92,793.0252767736928,0.3,-2.927785238997825,"0.23921739130434783,0.34788738738738745,0.33572222222222226,0.3,0.92,0.0391825829295129","0,0,0"
49.55,140,AV,1,0,0,96,2347.541384251396,0.1,-2.937390797718603,"0.1707179487179487,0.24252049180327867,0.29603333333333337,0.1,0.96,0.11598966346080683","0,0,0"
27.416666666666668,291,AV,0,0,0,64,13079.31179296209,0.9,-82.49798446751,"0.1836794871794872,0.2928735632183908,0.39583333333333326,0.9,0.64,0.6462356673845856","0,0,0"
16.866666666666667,104,AV,1,0,0,11,1832.3133019091129,0.3,-2.3412892191060886,"0.1607777777777778,0.3044624624624625,0.371875,0.3,0.11,0.09053276107035316","0,0,0"
49.61666666666667,180,AV,1,0,0,96,3151.1733449572957,0.1,-3.948250441051292,"0.1263015873015873,0.2884181818181818,0.31483333333333335,0.1,0.96,0.1556963119969945","0,0,0"
21.933333333333334,243,AV,1,0,0,28,5004.1281918097375,0.1,-2.771646759436707,"0.1857916666666667,0.2930695538057743,0.3593333333333333,0.1,0.28,0.2472489510841313","0,0,0"
8.816666666666666,44,AV,0,0,0,7,912.6272274022258,0.1,-1.2031901529022633,"0.17297058823529413,0.23874851190476193,0.27423333333333333,0.1,0.07,0.04509199526010037","0,0,0"
17.716666666666665,275,AV,1,0,0,12,8326.33528790118,0.2,-7.45024782073986,"0.17630555555555558,0.29666376811594203,0.3690714285714286,0.2,0.12,0.41139586905023645","0,0,0"
28.233333333333334,219,AV,1,0,0,43,4237.057085974603,0.1,-3.020864774259671,"0.1707280701754386,0.34448529411764706,0.3807916666666666,0.1,0.43,0.20934873768929974","0,0,0"
34.46666666666667,160,AV,1,0,0,55,2793.3389947689566,0.1,-2.431239495447055,"0.2026388888888889,0.30169972451790633,0.3128809523809524,0.1,0.55,0.13801607592895285","0,0,0"
20.5,94,AV,1,0,0,20,1661.9571573900298,0.4,-3.441426437019759,"0.18926470588235297,0.27589775910364145,0.27949999999999997,0.4,0.2,0.08211563496394797","0,0,0"
13.95,15,AV,0,0,0,19,617.4453946714843,0.1,-1.2175091731229093,"0.16597619047619053,0.2942201834862386,0.3672083333333333,0.1,0.19,0.03050735719243069","0,0,0"
33.93333333333333,62,AV,1,0,0,54,1167.011530479414,0.5,-5.000074655000183,"0.2111111111111111,0.2792320872274143,0.31837499999999996,0.5,0.54,0.05766086833794136","0,0,0"
46.333333333333336,111,AV,1,0,0,88,1942.5668635563816,0.2,-4.545737273305338,"0.17770238095238095,0.3005286885245901,0.3922083333333333,0.2,0.88,0.09598027888478354","0,0,0"
18.633333333333333,155,AV,1,0,0,19,2667.9339807116767,0.7,-8.787563692360933,"0.18035714285714285,0.33792718446601944,0.3243787878787879,0.7,0.19,0.13181994005915215","0,0,0"
48.7,63,AV,1,0,0,96,1205.4292211271013,0.4,-5.9297376837262465,"0.2715256410256411,0.3606388888888889,0.342,0.4,0.96,0.059559047871243866","0,0,0"
45.333333333333336,189,AV,1,0,0,86,3366.895459871004,0.1,-3.8543584389095664,"0.1893888888888889,0.30835493827160504,0.38075,0.1,0.86,0.16635492516469105","0,0,0"
46.45,51,AV,1,0,0,89,985.8695826897422,0.2,-2.312810207875683,"0.20725,0.3105126984126984,0.34736111111111106,0.2,0.89,0.04871082651814225","0,0,0"
47.9,197,AV,1,0,0,95,3534.445695738256,0.6,-25.651507397857948,"0.2321410256410256,0.32869345238095243,0.3576363636363636,0.6,0.95,0.1746334141410286","0,0,0"
26.683333333333334,77,AV,2,0,0,9,1447.5744631551047,1.0,-9.754068667976949,"0.23057692307692304,0.3044306930693069,0.3412708333333333,1.0,0.09,0.07152320122755207","0,0,0"
21.716666666666665,74,AV,1,0,0,26,1405.7852601227096,0.6,-4.625601499848209,"0.17003030303030303,0.31303594771241827,0.29690277777777774,0.6,0.26,0.0694584386514629","0,0,0"
18.716666666666665,266,AV,1,0,0,17,7130.271245067938,0.1,-3.3700734883044166,"0.21315384615384617,0.34546831955922863,0.34238888888888885,0.1,0.17,0.3522995452382328","0,0,0"
30.533333333333335,114,AV,1,0,0,48,1996.532829496936,0.5,-7.69707100934004,"0.1789666666666667,0.29962134502923976,0.3016363636363637,0.5,0.48,0.09864668309378893","0,0,0"
25.25,172,AV,1,0,0,36,2987.078671303881,0.5,-9.52319904677058,"0.20065476190476195,0.28151129943502823,0.3575,0.5,0.36,0.14758855888113623","0,0,0"
37.55,61,AV,1,0,0,65,1150.2916000513435,0.4,-4.3629747052452466,"0.19811111111111113,0.3170338983050848,0.345,0.4,0.65,0.05683475335805212","0,0,0"
44.05,251,AV,1,0,0,81,5578.433439706214,0.1,-6.205302854016634,"0.18207777777777778,0.3227005649717514,0.3481666666666667,0.1,0.81,0.2756247969261546","0,0,0"
25.25,169,AV,1,0,0,40,2953.464044858564,0.1,-1.883206240724211,"0.1948666666666667,0.3056396011396011,0.32585416666666667,0.1,0.4,0.1459276939290168","0,0,0"
27.3,26,AV,0,0,0,63,743.7553910389753,0.3,-2.538221376921517,"0.22594444444444445,0.3313805309734514,0.35452380952380946,0.3,0.63,0.036748207329806624","0,0,0"
22.616666666666667,294,AV,1,0,0,29,13460.811009378149,0.9,-69.19060810502329,"0.17338666666666666,0.2944182692307693,0.3164375,0.9,0.29,0.6650851607394264","0,0,0"
28.7,237,AV,1,0,0,46,4889.272753955773,0.1,-3.543488081781078,"0.12658333333333333,0.2800882352941177,0.3240555555555556,0.1,0.46,0.24157405918544247","0,0,0"
13.8,50,AV,1,0,0,5,975.0940381265832,0.3,-1.0194164944050643,"0.17209999999999998,0.24297953216374268,0.27830952380952384,0.3,0.05,0.048178417677185316","0,0,0"
15.833333333333334,229,AV,1,0,0,10,4639.089550420253,0.2,-3.709709657322593,"0.17033333333333334,0.3137523364485982,0.35009999999999997,0.2,0.1,0.22921275821911885","0,0,0"
42.36666666666667,156,AV,1,0,0,78,2722.266725979925,0.3,-8.737376284647688,"0.20454166666666665,0.3376594827586207,0.3383541666666667,0.3,0.78,0.13450446646658565","0,0,0"
35.28333333333333,163,AV,1,0,0,55,2850.5966631146844,1.0,-25.39862430898058,"0.22991111111111107,0.3089016393442623,0.3001111111111111,1.0,0.55,0.14084511984976505","0,0,0"
