travel_time,id,kind,action,origin,destination,start_time,income,urgency,reward,observation,cost_table
24.416666666666668,242,AV,1,0,0,43,4968.170350229253,0.2,-6.126573706301225,"0.3972008547008547,0.2862189054726368,0.33489215686274515,0.2,0.43,0.24547231022417584","0,0,0"
29.066666666666666,296,AV,1,0,0,57,15725.918848752755,0.1,-11.54293033342795,"0.2824458333333334,0.2724883040935673,0.35015873015873006,0.1,0.57,0.7770018654902042","0,0,0"
15.116666666666667,162,AV,1,0,0,5,2818.3733061874163,0.6,-6.4552136078585525,"0.2951557971014492,0.2592986111111111,0.3329791666666667,0.6,0.05,0.13925299612805134","0,0,0"
31.016666666666666,90,AV,0,0,0,44,1614.9573615816892,0.2,-3.5298279881342793,"0.2527587719298246,0.2561767241379311,0.3259761904761905,0.2,0.44,0.0797934222289105","0,0,0"
15.133333333333333,234,AV,1,0,0,2,4818.617258984985,0.1,-1.8414581107568884,"0.2811022727272727,0.244719298245614,0.3209015151515151,0.1,0.02,0.2380830420990997","0,0,0"
17.133333333333333,12,AV,1,0,0,17,588.8906571209208,0.2,-0.5095787841080022,"0.3165833333333333,0.2514035812672176,0.30599166666666666,0.2,0.17,0.029096496271758268","0,0,0"
42.21666666666667,6,AV,1,0,0,98,508.6019702527906,0.1,-0.5422090869740398,"0.3210072463768116,0.271,0.3288333333333333,0.1,0.98,0.025129512843044734","0,0,0"
25.1,121,AV,1,0,0,42,2105.6010448069283,0.5,-6.673053816244179,"0.2719956140350877,0.24261942257217847,0.3075,0.5,0.42,0.104035634135481","0,0,0"
39.78333333333333,67,AV,0,0,0,61,1265.4739572733297,1.0,-13.71332633001447,"0.3712208333333332,0.3033780487804878,0.3348395061728395,1.0,0.61,0.06252579801457091","0,0,0"
38.25,141,AV,2,0,0,69,2352.9451803313505,0.1,-2.272731140092782,"0.30431205673758865,0.2666818181818182,0.3663409090909091,0.1,0.69,0.11625665960107918","0,0,0"
33.05,218,AV,1,0,0,71,4227.85786318916,0.5,-17.6427654518184,"0.3344380952380952,0.28713671875,0.34609259259259256,0.5,0.71,0.2088942133251532","0,0,0"
26.8,128,AV,1,0,0,47,2215.952556227922,0.2,-2.9993701266115305,"0.306468085106383,0.2839426229508197,0.34031746031746024,0.2,0.47,0.10948799154991444","0,0,0"
17.9,84,AV,1,0,0,18,1572.8756307612184,0.4,-2.8438862414773545,"0.3199571428571429,0.2626801075268817,0.33591269841269833,0.4,0.18,0.07771420614843609","0,0,0"
65.51666666666667,298,AV,0,0,0,99,19040.472291926453,0.4,-127.00689659859074,"0.31163157894736837,0.27682152230971124,0.3674133333333333,0.4,0.99,0.9407706241479663","0,0,0"
37.2,139,AV,2,0,0,50,2337.3116255789537,0.2,-4.391312751087732,"0.35531521739130434,0.27509243697478986,0.3252745098039216,0.2,0.5,0.11548422135287985","0,0,0"
41.083333333333336,285,AV,1,0,0,94,10213.823531357188,0.1,-10.596412039055332,"0.2897407407407408,0.26484974747474743,0.3425,0.1,0.94,0.5046547686007999","0,0,0"
36.65,38,AV,1,0,0,84,863.3540159882258,0.2,-1.5980770043418422,"0.3201708333333333,0.27713624338624343,0.3351180555555556,0.2,0.84,0.04265745534191888","0,0,0"
15.383333333333333,100,AV,1,0,0,13,1799.695682844959,0.2,-1.3982484135234827,"0.36996124031007743,0.29070341207349076,0.35358333333333336,0.2,0.13,0.08892115725219493","0,0,0"
28.45,69,AV,1,0,0,55,1301.8927857652438,0.5,-4.676622443815806,"0.2958875,0.26259975669099755,0.3336363636363637,0.5,0.55,0.06432521577510636","0,0,0"
19.333333333333332,226,AV,1,0,0,25,4504.939201911708,0.1,-2.1993810918424166,"0.25192682926829263,0.2619026666666667,0.33442361111111113,0.1,0.25,0.2225845241521748","0,0,0"
15.066666666666666,78,AV,1,0,0,8,1474.807688008607,0.2,-1.1222442339728795,"0.3354504504504505,0.27570867208672084,0.3707611111111111,0.2,0.08,0.07286876753232566","0,0,0"
13.433333333333334,56,AV,1,0,0,1,1097.8259349569896,0.1,-0.37241064965291826,"0.26401709401709406,0.24509051724137929,0.31559195402298856,0.1,0.01,0.05424247750793666","0,0,0"
36.583333333333336,17,AV,1,0,0,80,627.4062491148882,0.1,-0.5796114127976345,"0.3084929078014184,0.2583713450292398,0.35763218390804596,0.1,0.8,0.0309995130123124","0,0,0"
15.516666666666667,208,AV,1,0,0,5,3866.930621896856,0.1,-1.5151988253307966,"0.34064864864864863,0.2904957264957264,0.3429935897435897,0.1,0.05,0.19106116061214143","0,0,0"
32.68333333333333,178,AV,1,0,0,67,3131.512437779759,1.0,-25.845521424604822,"0.3220285714285714,0.27059012345679007,0.31065833333333337,1.0,0.67,0.15472488630790748","0,0,0"
39.11666666666667,135,AV,1,0,0,92,2276.662146114732,0.3,-6.746623809256661,"0.3693373983739837,0.2768166666666667,0.3420862068965518,0.3,0.92,0.1124875914492194","0,0,0"
16.4,11,AV,1,0,0,14,586.8516376274475,0.3,-0.7291187012947075,"0.32313596491228075,0.28831084656084655,0.3087619047619048,0.3,0.14,0.028995750365243225","0,0,0"
34.53333333333333,7,AV,0,0,0,54,548.7192496267361,0.6,-3.8710764778449422,"0.27298780487804875,0.2506556473829202,0.31484523809523807,0.6,0.54,0.02711166734935643","0,0,0"
33.78333333333333,260,AV,1,0,0,71,5985.732437913218,0.1,-5.106515004903238,"0.3668410852713178,0.3036310541310542,0.33860833333333334,0.1,0.71,0.2957490316028605","0,0,0"
14.1,290,AV,1,0,0,3,12051.378145129962,0.3,-12.87306301866155,"0.319452380952381,0.2852821522309712,0.3480416666666667,0.3,0.03,0.5954464976293913","0,0,0"
37.88333333333333,32,AV,2,0,0,62,807.7368269013535,0.8,-6.181770395780392,"0.3262307692307693,0.2862430025445293,0.3481833333333333,0.8,0.62,0.039909465854662395","0,0,0"
15.483333333333333,25,AV,1,0,0,11,742.4887258523852,0.1,-0.29030809188420276,"0.27173118279569897,0.26978099173553716,0.3217738095238094,0.1,0.11,0.0366856226743472","0,0,0"
13.816666666666666,248,AV,1,0,0,0,5427.330032863625,0.1,-1.8936265139915593,"0.34390697674418597,0.31035128205128204,0.3851078431372549,0.1,0.0,0.26815892926348833","0,0,0"
36.18333333333333,289,AV,1,0,0,81,11940.25564443948,0.2,-21.82011363979639,"0.3520681818181818,0.2720491071428571,0.3434141414141414,0.2,0.81,0.5899560464090298","0,0,0"
53.46666666666667,264,AV,0,0,0,77,6947.27484286379,0.2,-19.759981225510977,"0.2563181818181818,0.25722133333333336,0.321531746031746,0.2,0.77,0.3432578766872154","0,0,0"
29.716666666666665,75,AV,1,0,0,50,1434.2863071033526,0.3,-3.228955158542017,"0.3487579365079365,0.2883511904761905,0.3285320512820513,0.3,0.5,0.07086664677496723","0,0,0"
29.116666666666667,281,AV,2,0,0,25,9280.176126726552,0.1,-6.823429163885222,"0.3116752136752136,0.2745721784776903,0.3322361111111112,0.1,0.25,0.4585241874827607","0,0,0"
28.7,203,AV,1,0,0,58,3758.845856207275,0.2,-5.448428084502465,"0.2784273504273504,0.2508576923076923,0.33077777777777784,0.2,0.58,0.18572080082906037","0,0,0"
65.66666666666667,164,AV,0,0,0,97,2857.6088215719105,0.1,-5.7386274229769905,"0.3357777777777777,0.2683888888888889,0.31461274509803927,0.1,0.97,0.14119158356071124","0,0,0"
29.383333333333333,175,AV,1,0,0,59,3017.17067826153,0.4,-8.955003208375553,"0.2514775641025641,0.28537704918032786,0.3336818181818182,0.4,0.59,0.14907537474018487","0,0,0"
18.333333333333332,157,AV,1,0,0,20,2744.255474143275,0.6,-7.622931872620206,"0.2907896825396825,0.26927046783625735,0.30316666666666675,0.6,0.2,0.13559090844222083","0,0,0"
35.53333333333333,47,AV,2,0,0,64,934.0011274976006,0.1,-0.8380851867949851,"0.3756287878787879,0.28017846607669616,0.3176319444444445,0.1,0.64,0.04614805820984811","0,0,0"
42.13333333333333,46,AV,1,0,0,100,926.7012599248138,0.3,-2.9579555367297083,"0.33636324786324784,0.2994133333333333,0.3631578947368421,0.3,1.0,0.04578737908028891","0,0,0"
19.766666666666666,24,AV,1,0,0,25,736.5379020629116,0.6,-2.2058938177944776,"0.3282205882352941,0.2968866666666667,0.34455172413793106,0.6,0.25,0.03639159844402433","0,0,0"
16.366666666666667,154,AV,1,0,0,18,2619.168197182975,0.7,-7.577509338146368,"0.32172340425531915,0.28187179487179487,0.36771527777777785,0.7,0.18,0.1294104716434546","0,0,0"
18.216666666666665,183,AV,1,0,0,23,3230.862018062417,0.3,-4.458752759775532,"0.33002380952380955,0.27096581196581204,0.3348492063492063,0.3,0.23,0.15963364934793914","0,0,0"
28.616666666666667,27,AV,1,0,0,51,753.5670156580491,0.1,-0.5445600024767973,"0.34565740740740736,0.26157466666666673,0.33282098765432094,0.1,0.51,0.03723298985385701","0,0,0"
58.7,227,AV,0,0,0,89,4569.840806868062,0.3,-21.321943588117815,"0.3039957264957265,0.2450930555555556,0.293060606060606,0.3,0.89,0.22579124730834796","0,0,0"
20.183333333333334,297,AV,1,0,0,29,17693.100214811147,0.1,-9.017821700394066,"0.25378921568627455,0.27514082687338504,0.328037037037037,0.1,0.29,0.874198322236906","0,0,0"
32.05,194,AV,1,0,0,64,3520.054626539052,0.2,-5.697866201039223,"0.34470325203252034,0.2768239247311828,0.34425362318840574,0.2,0.64,0.17392236585687273","0,0,0"
27.316666666666666,76,AV,1,0,0,49,1446.9812594843625,1.0,-9.981491095517129,"0.30817204301075274,0.23458064516129032,0.29007407407407404,1.0,0.49,0.07149389162960644","0,0,0"
53.483333333333334,21,AV,0,0,0,77,658.4091024775607,0.1,-1.889240239836066,"0.2615873015873016,0.26124806201550393,0.33515789473684215,0.1,0.77,0.032531332877974904","0,0,0"
31.4,171,AV,1,0,0,66,2968.817229463249,0.1,-2.3540621465945963,"0.2945726495726496,0.26187114845938375,0.34473484848484853,0.1,0.66,0.1466862793696381","0,0,0"
49.96666666666667,286,AV,0,0,0,73,10450.70686878338,0.2,-27.373080128461766,"0.3448410852713178,0.28892796610169497,0.3473583333333333,0.2,0.73,0.5163589365323479","0,0,0"
25.433333333333334,13,AV,2,0,0,14,591.6693204447811,0.1,-0.3800031073227003,"0.3825714285714285,0.2751049868766404,0.3396904761904762,0.1,0.14,0.02923378723751827","0,0,0"
43.4,284,AV,2,0,0,86,9884.322174397852,0.1,-10.832817736587545,"0.2980049019607842,0.28349858757062146,0.34063461538461537,0.1,0.86,0.48837443728907737","0,0,0"
20.15,91,AV,1,0,0,28,1645.9523587482854,1.0,-8.375237381004533,"0.3713777777777778,0.29660201149425286,0.3284022988505747,1.0,0.28,0.0813248539278105","0,0,0"
22.85,279,AV,1,0,0,36,8975.220492497892,0.2,-10.357767083513984,"0.354234126984127,0.2943139534883721,0.36373684210526314,0.2,0.36,0.44345663569349214","0,0,0"
30.8,23,AV,1,0,0,60,699.2977112166509,0.4,-2.175592879340692,"0.35614705882352937,0.300108870967742,0.3591287878787879,0.4,0.6,0.034551597993999705","0,0,0"
24.65,222,AV,1,0,0,41,4381.240268036911,0.2,-5.454422858944943,"0.3090753968253968,0.2754945355191256,0.3281410256410257,0.2,0.41,0.21647268399171962","0,0,0"
48.3,223,AV,0,0,0,69,4416.224882412617,0.1,-6.3864561065790255,"0.39059999999999995,0.3088475452196382,0.359640350877193,0.1,0.69,0.21820123867235977","0,0,0"
36.25,1,AV,0,0,0,56,424.9057127261393,0.4,-2.5558416248810656,"0.29280416666666675,0.26126322751322756,0.33043137254901966,0.4,0.56,0.02099416476842877","0,0,0"
38.833333333333336,87,AV,1,0,0,91,1581.4824060924602,0.2,-3.101728961443967,"0.2867072072072072,0.2731886304909561,0.3251736111111111,0.2,0.91,0.07813945827853724","0,0,0"
37.46666666666667,145,AV,1,0,0,81,2436.431929205765,0.3,-6.9155290111799985,"0.3448243243243244,0.278876,0.3371666666666666,0.3,0.81,0.12038165606348158","0,0,0"
17.916666666666668,249,AV,1,0,0,22,5502.789496653042,0.1,-2.4896880087971467,"0.2944305555555556,0.2669229797979798,0.3525530303030303,0.1,0.22,0.27188730562719554","0,0,0"
28.633333333333333,64,AV,1,0,0,56,1240.6560786390864,0.3,-2.6912211402802404,"0.38603535353535356,0.287824358974359,0.3556666666666667,0.3,0.56,0.06129957154209703","0,0,0"
22.25,282,AV,1,0,0,26,9667.367812467324,0.2,-10.863582516535253,"0.322880503144654,0.2879245014245015,0.36437719298245613,0.2,0.26,0.4776549400331427","0,0,0"
16.516666666666666,81,AV,1,0,0,11,1541.4014724042315,0.1,-0.6428993514951992,"0.30197222222222225,0.26628625954198476,0.33948666666666666,0.1,0.11,0.07615909957607497","0,0,0"
19.433333333333334,273,AV,1,0,0,25,8134.997760071039,0.2,-7.984349653403057,"0.35349621212121213,0.2980638020833333,0.3789166666666667,0.2,0.25,0.40194207385440944","0,0,0"
32.35,159,AV,2,0,0,48,2761.3662775036096,0.1,-2.255813108011156,"0.3280666666666667,0.2581111111111112,0.35388888888888886,0.1,0.48,0.13643633606135613","0,0,0"
13.883333333333333,206,AV,0,0,0,17,3778.090807703549,0.3,-4.973673791435677,"0.3333888888888889,0.2796653116531165,0.35516666666666674,0.3,0.17,0.18667167456544997","0,0,0"
26.633333333333333,278,AV,1,0,0,53,8480.737499651503,0.3,-17.111387025811997,"0.22987916666666666,0.2512314049586777,0.3357971014492753,0.3,0.53,0.4190247273522319","0,0,0"
40.03333333333333,96,AV,1,0,0,88,1684.196745492046,0.3,-5.107879523575623,"0.3008695652173914,0.2680416666666666,0.34267261904761903,0.3,0.88,0.08321447068917306","0,0,0"
51.81666666666667,213,AV,0,0,0,74,4061.843573313689,0.5,-27.574645769007283,"0.26789705882352943,0.2517252252252252,0.32339655172413795,0.5,0.74,0.20069161389857007","0,0,0"
46.55,245,AV,0,0,0,69,5051.78348307234,0.4,-24.75358799363812,"0.2658565891472868,0.2799470404984424,0.34472435897435894,0.4,0.69,0.24960355119161295","0,0,0"
44.016666666666666,60,AV,1,0,0,99,1129.1321270070612,0.2,-2.510132952378492,"0.3152735042735043,0.2895847457627118,0.32937037037037037,0.2,0.99,0.05578928503366858","0,0,0"
12.6,122,AV,1,0,0,0,2113.1349678504243,0.1,-0.6723611261342259,"0.23605050505050507,0.25087179487179484,0.337469696969697,0.1,0.0,0.10440787771091574","0,0,0"
26.066666666666666,193,AV,2,0,0,8,3458.1247672483346,0.7,-15.934154020132475,"0.3585213675213675,0.2858162729658793,0.35203472222222215,0.7,0.08,0.17086247367116114","0,0,0"
36.15,36,AV,1,0,0,77,859.2772315809713,0.5,-3.922079788087388,"0.3313913043478261,0.284952802359882,0.3675833333333333,0.5,0.77,0.042456025516412095","0,0,0"
63.65,270,AV,0,0,0,97,7958.958807233507,0.1,-13.792619395970018,"0.28978750000000003,0.26267479674796745,0.33567901234567893,0.1,0.97,0.3932441658930853","0,0,0"
25.983333333333334,133,AV,1,0,0,49,2250.3510049999354,0.3,-4.429668203023862,"0.3155128205128204,0.26799004975124374,0.36394117647058827,0.3,0.49,0.11118758437643748","0,0,0"
30.033333333333335,176,AV,1,0,0,61,3024.224513765153,0.4,-9.174499282499674,"0.24538095238095234,0.256652,0.3165866666666667,0.4,0.61,0.14942389767216036","0,0,0"
27.566666666666666,52,AV,0,0,0,40,1011.0784796502788,0.3,-3.1115199562393445,"0.30199290780141835,0.258691091954023,0.30482500000000007,0.3,0.4,0.04995637281363524","0,0,0"
12.933333333333334,88,AV,1,0,0,2,1588.8002265047048,0.6,-3.113406504463765,"0.29375641025641025,0.2427479674796748,0.28938405797101446,0.6,0.02,0.07850102443987396","0,0,0"
37.93333333333333,83,AV,1,0,0,84,1567.0706205360798,0.2,-3.0022329396802334,"0.39339189189189183,0.2980112781954887,0.3359583333333333,0.2,0.84,0.07742738641996724","0,0,0"
62.18333333333333,225,AV,0,0,0,93,4446.537177105173,0.8,-56.85868756828081,"0.28047222222222223,0.2786751824817518,0.35740196078431374,0.8,0.93,0.21969893872727725","0,0,0"
17.283333333333335,65,AV,0,0,0,22,1244.4027248274256,0.1,-1.5431168458106232,"0.33697222222222223,0.30089147286821705,0.36327333333333334,0.1,0.22,0.06148468956958209","0,0,0"
26.0,101,AV,0,0,0,39,1822.2981036688468,0.2,-3.392916701787375,"0.24767499999999998,0.2435865633074936,0.3076916666666667,0.2,0.39,0.09003792017801585","0,0,0"
56.8,129,AV,0,0,0,85,2218.0502812558643,0.2,-7.3628917159259135,"0.34657812500000007,0.2930931758530184,0.3378636363636363,0.2,0.85,0.10959163803796217","0,0,0"
29.1,148,AV,1,0,0,58,2476.7926805910606,0.1,-1.8200673486161585,"0.27542982456140347,0.2566048850574713,0.3441034482758621,0.1,0.58,0.12237584027749006","0,0,0"
62.083333333333336,103,AV,0,0,0,95,1830.3424648913517,0.4,-12.478157713333815,"0.36183720930232555,0.27859656084656087,0.3038589743589744,0.4,0.95,0.09043538399152518","0,0,0"
25.05,215,AV,1,0,0,43,4135.471393234625,0.1,-2.6159989495082674,"0.3732623456790123,0.3190282485875706,0.35863888888888895,0.1,0.43,0.20432949057724065","0,0,0"
15.683333333333334,257,AV,0,0,0,22,5862.871835726062,0.5,-12.609769354836331,"0.3342283950617283,0.2700043478260869,0.32536507936507936,0.5,0.22,0.28967861256961963","0,0,0"
38.53333333333333,263,AV,1,0,0,90,6778.2755320215965,0.3,-19.78708715913375,"0.30281034482758623,0.3085183908045977,0.349375,0.3,0.9,0.3349077903708691","0,0,0"
19.166666666666668,268,AV,1,0,0,24,7658.5640246764915,0.2,-7.413593121530275,"0.26338333333333336,0.2545498442367601,0.30953535353535355,0.2,0.24,0.37840196120697644","0,0,0"
55.45,190,AV,0,0,0,78,3368.9508766880413,0.4,-19.86952789013656,"0.3497723577235772,0.2785182291666667,0.33936507936507937,0.4,0.78,0.16645648124650464","0,0,0"
24.233333333333334,40,AV,0,0,0,33,871.0408974081768,0.2,-2.0660719400938463,"0.3941307189542483,0.29995114942528744,0.35447826086956524,0.2,0.33,0.0430372564372029","0,0,0"
40.43333333333333,288,AV,1,0,0,94,10721.15711953896,0.2,-21.89354139057367,"0.3218859649122808,0.2844248120300752,0.34251754385964905,0.2,0.94,0.529721611958849","0,0,0"
40.1,151,AV,2,0,0,68,2496.2043409386315,0.3,-7.583166217548417,"0.27346296296296296,0.24065840220385673,0.3077777777777778,0.3,0.68,0.12333495093088893","0,0,0"
39.766666666666666,185,AV,1,0,0,93,3245.380745418587,0.1,-3.2590397552898773,"0.2735050505050505,0.2812038461538461,0.3503636363636364,0.1,0.93,0.16035100509349434","0,0,0"
13.9,192,AV,1,0,0,1,3414.9419898187493,0.3,-3.5960373983697433,"0.29504545454545456,0.26360109289617484,0.33605,0.3,0.01,0.16872885598290138","0,0,0"
12.6,254,AV,1,0,0,0,5702.891177591027,0.5,-9.072781418894817,"0.38803333333333323,0.2728206214689266,0.33952469135802466,0.5,0.0,0.28177412883109826","0,0,0"
20.266666666666666,118,AV,1,0,0,27,2044.1603053436156,0.1,-1.0461695838795608,"0.3308079710144928,0.28603389830508474,0.3307564102564103,0.1,0.27,0.10099990886948945","0,0,0"
25.816666666666666,109,AV,1,0,0,47,1921.5023446668008,0.1,-1.2526966043303345,"0.27117730496453896,0.24481363636363643,0.3157741935483871,0.1,0.47,0.09493950214987396","0,0,0"
27.85,29,AV,1,0,0,52,783.6834518391023,0.5,-2.7557555724392677,"0.28084883720930237,0.2294373088685015,0.3265588235294118,0.5,0.52,0.038721012736313315","0,0,0"
12.166666666666666,142,AV,0,0,0,16,2382.718205806423,0.1,-1.7320640952183033,"0.2791782945736434,0.27982513661202185,0.35327777777777775,0.1,0.16,0.1177277149052501","0,0,0"
34.0,106,AV,1,0,0,75,1836.592480640456,0.5,-7.884361659315089,"0.388548780487805,0.2919848484848484,0.3729313725490196,0.5,0.75,0.09074419099626069","0,0,0"
20.666666666666668,41,AV,1,0,0,32,892.1845339920479,0.1,-0.4656181911406311,"0.3517149122807017,0.2776047197640118,0.33461764705882346,0.1,0.32,0.044081942297973305","0,0,0"
37.733333333333334,173,AV,1,0,0,87,2991.769966736588,0.2,-5.701487546036731,"0.3751485507246376,0.29937295081967213,0.35311363636363635,0.2,0.87,0.14782035107959768","0,0,0"
30.0,247,AV,1,0,0,62,5341.061461458292,0.1,-4.046258682922948,"0.28218253968253965,0.2604838709677419,0.32727777777777783,0.1,0.62,0.26389648574207625","0,0,0"
33.05,174,AV,0,0,0,50,2996.640782499388,0.1,-3.5009842894344643,"0.32789361702127656,0.30894444444444447,0.35799404761904763,0.1,0.5,0.14806101319737625","0,0,0"
36.31666666666667,73,AV,2,0,0,50,1391.0507319816634,0.2,-2.5514305934242802,"0.2958851851851852,0.2677462121212121,0.295030303030303,0.2,0.5,0.06873042040573611","0,0,0"
28.9,86,AV,1,0,0,48,1581.438059619256,0.3,-3.46239090325731,"0.3070000000000001,0.2652663817663817,0.36590384615384614,0.3,0.48,0.07813726716380881","0,0,0"
25.733333333333334,165,AV,1,0,0,48,2891.134206742707,0.3,-5.636251534356995,"0.2926623931623931,0.2954262295081967,0.36018421052631583,0.3,0.48,0.14284803919103217","0,0,0"
41.583333333333336,232,AV,1,0,0,95,4747.153558918807,0.4,-19.939643315660646,"0.30669918699187,0.26851219512195124,0.352875,0.4,0.95,0.23455209241022626","0,0,0"
32.28333333333333,66,AV,1,0,0,63,1251.6500609663929,0.1,-1.0203898013854809,"0.31547142857142857,0.26751084010840104,0.34213461538461537,0.1,0.63,0.06184277317372448","0,0,0"
21.783333333333335,93,AV,1,0,0,32,1659.6531244520008,0.1,-0.9129489198900528,"0.24598484848484842,0.23762231182795707,0.3060632183908046,0.1,0.32,0.08200179500914358","0,0,0"
41.36666666666667,54,AV,1,0,0,96,1068.5648373754009,0.1,-1.1162365009956838,"0.33925000000000005,0.27798587570621464,0.31475000000000003,0.1,0.96,0.052796716047137274","0,0,0"
30.833333333333332,269,AV,1,0,0,61,7864.29237148983,0.2,-12.24658323843113,"0.30828787878787883,0.28696805555555555,0.34119166666666667,0.2,0.61,0.38856679232403757","0,0,0"
15.033333333333333,123,AV,1,0,0,3,2137.1188228190404,0.1,-0.8113136271813025,"0.30684420289855074,0.2597777777777777,0.3084166666666667,0.1,0.03,0.1055928959112188","0,0,0"
39.36666666666667,144,AV,1,0,0,91,2421.832203454489,0.2,-4.815124296767259,"0.3199888888888889,0.25830172413793107,0.3340694444444444,0.2,0.91,0.119660298268526","0,0,0"
32.666666666666664,184,AV,1,0,0,65,3236.647802754315,0.4,-10.679847968684271,"0.3223518518518519,0.2768740157480315,0.3682539682539682,0.4,0.65,0.1599195191621081","0,0,0"
20.366666666666667,134,AV,1,0,0,24,2255.9253983027734,0.8,-9.281955679212084,"0.3044186991869919,0.30324299065420557,0.38225000000000003,0.8,0.24,0.11146300955425625","0,0,0"
40.5,216,AV,1,0,0,95,4164.701887555128,1.0,-42.59354203181381,"0.3404407407407408,0.29507364341085274,0.34895833333333326,1.0,0.95,0.20577373996162773","0,0,0"
32.05,8,AV,1,0,0,66,567.9518330451218,0.3,-1.379004261295163,"0.29070542635658914,0.28424193548387094,0.33666666666666667,0.3,0.66,0.028061929991431995","0,0,0"
32.266666666666666,202,AV,1,0,0,65,3667.3634505223554,0.1,-2.9882220707959934,"0.29588297872340424,0.26958262108262104,0.3397941176470588,0.1,0.65,0.1812007469892587","0,0,0"
34.666666666666664,179,AV,1,0,0,75,3132.463358685509,0.7,-19.195566709789983,"0.3265757575757576,0.2843034188034188,0.33248850574712646,0.7,0.75,0.15477187035537765","0,0,0"
31.766666666666666,105,AV,2,0,0,51,1836.3970218708375,0.3,-4.419410004653808,"0.3227530864197531,0.30526005747126433,0.3602820512820513,0.3,0.51,0.09073453357464478","0,0,0"
23.366666666666667,120,AV,2,0,0,8,2052.607856914241,0.4,-4.844707433322839,"0.291264705882353,0.2584305555555556,0.32154166666666667,0.4,0.08,0.10141729391339874","0,0,0"
36.266666666666666,5,AV,0,0,0,58,497.26542980048754,0.7,-4.187856492727704,"0.32197500000000007,0.27802864583333337,0.32349999999999995,0.7,0.58,0.024569385758302514","0,0,0"
39.61666666666667,209,AV,2,0,0,64,3958.913906791885,0.1,-3.960580116348616,"0.38490370370370364,0.28513227513227507,0.3465526315789473,0.1,0.64,0.19560596239095915","0,0,0"
22.266666666666666,233,AV,2,0,0,7,4754.245589533712,0.2,-5.346525343111986,"0.30798913043478254,0.24037916666666667,0.32609722222222226,0.2,0.07,0.234902502524312","0,0,0"
37.9,280,AV,0,0,0,60,8981.750106371177,0.5,-43.9808496251853,"0.3288547008547008,0.2925410447761194,0.3534509803921568,0.5,0.6,0.4437792573608979","0,0,0"
18.766666666666666,246,AV,1,0,0,25,5307.329693361759,0.1,-2.5151739203389485,"0.3731851851851852,0.2822121212121212,0.3533985507246376,0.1,0.25,0.2622298329385507","0,0,0"
48.25,274,AV,0,0,0,73,8139.327108000771,0.1,-10.917235680834272,"0.31164492753623185,0.2821694444444444,0.3506041666666666,0.1,0.73,0.40215598259005225","0,0,0"
42.55,4,AV,1,0,0,98,473.5024380788758,0.2,-1.0175519565785942,"0.3909777777777777,0.3117431077694235,0.36972839506172844,0.2,0.98,0.02339528018934334","0,0,0"
27.033333333333335,9,AV,1,0,0,52,583.3206434887895,0.1,-0.3982096312032057,"0.27144047619047623,0.25575880758807584,0.33592000000000005,0.1,0.52,0.028821287489073047","0,0,0"
34.65,211,AV,0,0,0,50,4021.28082322038,0.7,-25.630345042224825,"0.3310555555555556,0.29305742296918763,0.3399057971014493,0.7,0.5,0.19868744913115402","0,0,0"
20.2,196,AV,1,0,0,25,3531.3895067900216,0.3,-5.404096063421093,"0.3988843537414965,0.29383012820512816,0.348246913580247,0.3,0.25,0.17448241091273348","0,0,0"
33.016666666666666,35,AV,0,0,0,49,857.6590975250949,1.0,-8.150768822378843,"0.30261594202898556,0.26143307086614165,0.31629411764705884,1.0,0.49,0.04237607513690668","0,0,0"
60.483333333333334,235,AV,0,0,0,90,4843.3187157075145,0.1,-8.39747627075024,"0.36253603603603607,0.2599470284237726,0.3740486111111111,0.1,0.9,0.23930351628177382","0,0,0"
24.166666666666668,117,AV,1,0,0,40,2043.1688306873104,0.7,-8.728183346580893,"0.3021185185185185,0.28026754385964914,0.3403933333333333,0.7,0.4,0.10095092110191003","0,0,0"
39.9,0,AV,0,0,0,59,417.8295094645922,0.2,-1.8419897690725873,"0.3086965811965812,0.2453439153439154,0.3129907407407407,0.2,0.59,0.020644536667985786","0,0,0"
32.93333333333333,89,AV,1,0,0,68,1597.8734280578535,0.2,-2.657742334884106,"0.27398717948717943,0.24410029498525074,0.30574999999999997,0.2,0.68,0.07894932222142612","0,0,0"
41.5,33,AV,0,0,0,63,835.7777612710734,0.6,-6.255269256477203,"0.2746589147286822,0.24803611111111112,0.32009259259259254,0.6,0.63,0.04129494027589717","0,0,0"
14.65,72,AV,1,0,0,3,1386.7650627050614,0.1,-0.5130330345613422,"0.3022314814814815,0.2681475409836065,0.3371987179487179,0.1,0.03,0.0685186697885022","0,0,0"
51.86666666666667,224,AV,0,0,0,74,4434.023444374438,0.3,-18.42257696829956,"0.2852264957264958,0.25735907859078594,0.324922619047619,0.3,0.74,0.21908064775365965","0,0,0"
25.05,236,AV,1,0,0,46,4864.205776554158,0.2,-6.153957308216246,"0.3541421568627451,0.29768346253229966,0.36365686274509806,0.2,0.46,0.24033552499290464","0,0,0"
36.583333333333336,110,AV,1,0,0,77,1929.5758599688188,0.3,-5.347751278575198,"0.32854255319148934,0.26310555555555554,0.33392753623188404,0.3,0.77,0.09533840643718873","0,0,0"
8.683333333333334,59,AV,0,0,0,14,1122.7546975855585,0.4,-1.9847730596667947,"0.3134166666666666,0.2880420168067227,0.34634375,0.4,0.14,0.0554741826472708","0,0,0"
10.283333333333333,267,AV,0,0,0,17,7177.938863287724,0.3,-6.591904392232987,"0.28651587301587306,0.25213978494623657,0.3154444444444444,0.3,0.17,0.35465475440829575","0,0,0"
32.733333333333334,187,AV,1,0,0,67,3323.1633986738134,0.1,-2.7469246275233044,"0.34482407407407406,0.27896610169491526,0.34872435897435894,0.1,0.67,0.16419416791681526","0,0,0"
34.15,16,AV,1,0,0,75,623.7253316558669,1.0,-5.3788434535474385,"0.3120037878787879,0.2746571815718158,0.3548333333333333,1.0,0.75,0.03081764257536799","0,0,0"
44.68333333333333,250,AV,0,0,0,66,5568.958209200236,0.2,-13.567657372782685,"0.3646893939393939,0.30101179941002953,0.32590277777777776,0.2,0.66,0.275156635297578","0,0,0"
41.43333333333333,108,AV,1,0,0,97,1900.764377468582,0.4,-7.955050913109251,"0.31569696969696964,0.27686693548387104,0.33185606060606054,0.4,0.97,0.09391486000625965","0,0,0"
55.2,119,AV,0,0,0,83,2046.5713793034688,0.2,-6.705592936239975,"0.3178921568627451,0.2717168021680217,0.3412440476190476,0.2,0.83,0.10111903761374018","0,0,0"
50.13333333333333,34,AV,0,0,0,73,844.3352662229099,0.3,-4.206768283836507,"0.330017094017094,0.2684916666666667,0.33237634408602157,0.3,0.73,0.04171775800600685","0,0,0"
60.63333333333333,191,AV,0,0,0,92,3398.605365942332,0.3,-16.61127060769975,"0.28738888888888886,0.2746735537190082,0.31963131313131316,0.3,0.92,0.16792167979498696","0,0,0"
22.5,124,AV,0,0,0,28,2142.030696222753,0.1,-2.2170628955811096,"0.3115,0.26166035353535344,0.3287500000000001,0.1,0.28,0.10583558664582342","0,0,0"
38.53333333333333,230,AV,1,0,0,86,4660.29795945294,0.1,-4.534768048087204,"0.29998387096774193,0.263140931372549,0.3440869565217392,0.1,0.86,0.23026064442157015","0,0,0"
42.85,112,AV,1,0,0,99,1963.0347272178835,0.1,-2.124142375285008,"0.3463875968992248,0.2904414414414414,0.34723717948717947,0.1,0.99,0.09699157548376398","0,0,0"
36.1,39,AV,1,0,0,76,870.7377108213431,1.0,-7.937785697133961,"0.34631746031746036,0.2656430446194226,0.3386825396825397,1.0,0.76,0.04302227629226974","0,0,0"
35.9,43,AV,1,0,0,80,904.859336063587,0.2,-1.6406287961960997,"0.3267380952380952,0.2807592592592592,0.35934444444444447,0.2,0.8,0.044708191546047354","0,0,0"
43.13333333333333,132,AV,0,0,0,64,2241.037238818388,0.8,-20.52796085542757,"0.2799492753623188,0.2699816384180791,0.33938636363636354,0.8,0.64,0.11072740053806189","0,0,0"
39.81666666666667,240,AV,1,0,0,93,4950.268578812107,0.2,-9.954706763284618,"0.2930975609756097,0.2663227272727273,0.3463933333333334,0.2,0.93,0.24458780166728444","0,0,0"
23.4,80,AV,1,0,0,41,1526.0895405694364,0.3,-2.705340549191273,"0.29973076923076925,0.25400964187327824,0.327595238095238,0.3,0.41,0.07540255239340664","0,0,0"
42.18333333333333,79,AV,1,0,0,94,1485.5718097438446,0.2,-3.1649682242943356,"0.33504629629629634,0.25510156250000005,0.3228020833333333,0.2,0.94,0.07340061198282061","0,0,0"
26.033333333333335,137,AV,0,0,0,34,2294.767722006211,0.1,-2.508597298726306,"0.3841949685534592,0.3142350427350427,0.3679166666666667,0.1,0.34,0.11338216978061968","0,0,0"
22.883333333333333,253,AV,1,0,0,37,5611.673516276995,0.2,-6.485545233879052,"0.34105555555555556,0.2922258064516129,0.3321319444444445,0.2,0.37,0.27726715574492605","0,0,0"
33.266666666666666,126,AV,1,0,0,74,2177.5877894542577,0.2,-3.658640764099915,"0.2964010416666667,0.26593950617283946,0.3376086956521739,0.2,0.74,0.1075924269321053","0,0,0"
22.466666666666665,167,AV,0,0,0,28,2927.9701715656583,0.1,-2.661154794305769,"0.2824605263157895,0.24509217171717168,0.31759166666666666,0.1,0.28,0.1446680672389853","0,0,0"
39.4,150,AV,1,0,0,89,2486.38103050259,0.5,-12.369117752752782,"0.3580583333333333,0.2798481182795699,0.32544230769230764,0.5,0.89,0.12284959102235175","0,0,0"
25.75,265,AV,1,0,0,44,7099.697064525982,0.4,-18.466383778943843,"0.3400813953488371,0.2902575757575758,0.315537037037037,0.4,0.44,0.3507889056663633","0,0,0"
35.31666666666667,158,AV,1,0,0,73,2753.3979495063454,0.3,-7.366730119954478,"0.2827708333333333,0.24537231182795702,0.3083141025641025,0.3,0.73,0.13604262897318792","0,0,0"
33.46666666666667,48,AV,1,0,0,68,954.0002559944874,0.8,-6.4499411247034715,"0.2915487804878049,0.2768921568627451,0.32719166666666666,0.8,0.68,0.04713619507483592","0,0,0"
13.9,28,AV,0,0,0,19,763.1985099142711,0.1,-1.2678903860557669,"0.272457264957265,0.24782414698162736,0.3402045454545455,0.1,0.19,0.03770887231748401","0,0,0"
41.2,14,AV,0,0,0,63,600.3305173079323,0.2,-2.2491725915700407,"0.30676250000000005,0.24828048780487808,0.3444666666666667,0.2,0.63,0.029661728280885674","0,0,0"
18.866666666666667,131,AV,0,0,0,24,2239.257430619588,0.1,-2.06685160415041,"0.27525,0.2490259938837921,0.31481666666666674,0.1,0.24,0.11063946200143439","0,0,0"
32.61666666666667,299,AV,1,0,0,68,20239.22920549412,0.3,-50.01031762014141,"0.3255119047619048,0.27829629629629626,0.3541746031746031,0.3,0.68,1.0","0,0,0"
7.033333333333333,2,AV,0,0,0,4,437.8567856598078,0.3,-1.2333024792278269,"0.38431111111111116,0.3054705128205128,0.3622444444444444,0.3,0.04,0.021634064282494894","0,0,0"
4.983333333333333,283,AV,0,0,0,2,9667.56212442905,0.3,-4.649748832328644,"0.3045087719298245,0.2658203125,0.3138541666666667,0.3,0.02,0.4776645407921317","0,0,0"
26.033333333333335,19,AV,2,0,0,14,636.6552097563458,0.1,-0.4185418508583385,"0.29070270270270265,0.25513157894736843,0.3269942528735632,0.1,0.14,0.03145649487400044","0,0,0"
16.133333333333333,95,AV,1,0,0,11,1664.0464513081895,0.4,-2.711779402131864,"0.33229824561403504,0.28131720430107526,0.3555178571428572,0.4,0.11,0.08221886487932402","0,0,0"
20.733333333333334,293,AV,0,0,0,26,13430.196447392702,0.1,-8.031634840301567,"0.2854864864864864,0.262502849002849,0.32897916666666666,0.1,0.26,0.6635725259609666","0,0,0"
13.1,107,AV,1,0,0,1,1848.7234685638712,0.4,-2.4462906503218904,"0.34176495726495726,0.2796483050847457,0.349427536231884,0.4,0.01,0.09134357093312716","0,0,0"
24.133333333333333,287,AV,1,0,0,36,10708.821866752483,0.1,-6.526251710041076,"0.3319895833333334,0.2963292682926829,0.37779444444444443,0.1,0.36,0.5291121395001287","0,0,0"
34.18333333333333,186,AV,2,0,0,54,3251.3322332141274,0.2,-5.613200682089373,"0.35637606837606833,0.2677717948717948,0.3239761904761905,0.2,0.54,0.16064506213169047","0,0,0"
41.43333333333333,70,AV,1,0,0,99,1338.7213376931895,0.3,-4.202097532203623,"0.35376666666666673,0.3128884514435696,0.33468452380952385,0.3,0.99,0.06614487755935793","0,0,0"
35.21666666666667,181,AV,1,0,0,82,3158.0604616132755,0.1,-2.8084940047932876,"0.3236973684210527,0.29597933884297517,0.3464841269841269,0.1,0.82,0.1560365975180513","0,0,0"
19.95,45,AV,1,0,0,26,913.5589076746268,0.1,-0.4602399042451718,"0.3183640350877193,0.25778317152103564,0.3177011494252874,0.1,0.26,0.04513802864718944","0,0,0"
31.116666666666667,42,AV,0,0,0,45,898.3728471886773,0.1,-1.7059183946554128,"0.290545045045045,0.26193589743589746,0.33538461538461534,0.1,0.45,0.044387700641524724","0,0,0"
43.15,182,AV,0,0,0,65,3197.7177395395383,0.5,-18.421909149132713,"0.2353125,0.22982485875706213,0.32650000000000007,0.5,0.65,0.15799602381455757","0,0,0"
10.433333333333334,138,AV,0,0,0,14,2318.1098695731453,0.2,-2.2214956046740646,"0.3688790849673203,0.29239233038348084,0.34515909090909097,0.2,0.14,0.11453548186231685","0,0,0"
11.516666666666667,58,AV,1,0,0,0,1117.0806745336297,0.3,-0.9746246794226492,"0.31444949494949503,0.2851654676258993,0.35011111111111115,0.3,0.0,0.055193834863552414","0,0,0"
29.133333333333333,166,AV,2,0,0,29,2898.378436294527,0.1,-2.1323087149170177,"0.26155284552845526,0.2487105263157895,0.3232666666666667,0.1,0.29,0.14320596930182183","0,0,0"
25.2,207,AV,2,0,0,9,3849.958431883558,0.1,-2.4499735475622644,"0.4131702898550724,0.3062212389380531,0.381373015873016,0.1,0.09,0.19022258173935064","0,0,0"
15.666666666666666,205,AV,1,0,0,16,3773.073658575576,0.1,-1.492714326204142,"0.3146749999999999,0.2750751366120219,0.3291944444444445,0.1,0.16,0.1864237822629797","0,0,0"
33.96666666666667,149,AV,1,0,0,69,2478.182963693478,0.4,-8.502587340079645,"0.37705284552845536,0.28782786885245903,0.38562345679012344,0.4,0.69,0.12244453277008954","0,0,0"
22.55,199,AV,1,0,0,37,3583.4963710051925,0.1,-2.040602100155735,"0.3253064516129032,0.24972010178117057,0.323672619047619,0.1,0.37,0.17705695877155342","0,0,0"
44.9,204,AV,2,0,0,84,3759.463069718096,0.6,-25.57574118641553,"0.26103846153846155,0.2561487603305785,0.31928571428571423,0.6,0.84,0.18575129672910448","0,0,0"
27.566666666666666,20,AV,0,0,0,41,650.412147456106,0.2,-1.9055401446905718,"0.3239848484848485,0.27048258706467665,0.3279351851851851,0.2,0.41,0.03213621135727569","0,0,0"
26.683333333333334,57,AV,1,0,0,53,1111.987968807459,0.2,-1.4985629108255405,"0.30788235294117644,0.2473139534883721,0.32189333333333336,0.2,0.53,0.05494220938540485","0,0,0"
29.116666666666667,200,AV,1,0,0,58,3608.770587345788,0.1,-2.653418441116621,"0.3120291666666667,0.2773677685950413,0.3577333333333334,0.1,0.58,0.17830573243205106","0,0,0"
12.616666666666667,272,AV,1,0,0,1,8029.700924090037,0.3,-7.674853029717371,"0.355909420289855,0.3017819444444444,0.3355902777777778,0.3,0.01,0.39673946287985623","0,0,0"
16.333333333333332,161,AV,1,0,0,14,2815.231094880572,0.2,-2.322328680962088,"0.3481788617886179,0.28466269841269837,0.3061666666666667,0.2,0.14,0.1390977426213619","0,0,0"
38.65,241,AV,2,0,0,69,4967.653125719208,0.2,-9.696959258032697,"0.3858333333333333,0.2979790026246719,0.3521363636363635,0.2,0.69,0.24544675468029653","0,0,0"
31.816666666666666,99,AV,1,0,0,63,1797.659883656486,0.2,-2.8886639039564246,"0.32743402777777775,0.25744117647058823,0.3328518518518519,0.2,0.63,0.08882057045771759","0,0,0"
27.866666666666667,85,AV,2,0,0,27,1573.7150367511856,0.1,-1.1074290999360195,"0.2922357723577236,0.24597177419354835,0.3121333333333334,0.1,0.27,0.07775568035585004","0,0,0"
17.5,217,AV,1,0,0,18,4200.245935785981,0.2,-3.7123385796088213,"0.25050490196078434,0.2537055137844612,0.3011594202898551,0.2,0.18,0.2075299357075212","0,0,0"
12.166666666666666,198,AV,0,0,0,15,3558.5090095449787,0.3,-4.279938859807871,"0.29847368421052634,0.29151622418879053,0.3526527777777779,0.3,0.15,0.17582235832276605","0,0,0"
16.1,221,AV,1,0,0,8,4281.8327360815,0.3,-5.22253841294789,"0.3926176470588235,0.2833884514435696,0.3555402298850574,0.3,0.08,0.21156105761770602","0,0,0"
14.1,256,AV,1,0,0,1,5825.994272151124,0.3,-6.223221154343246,"0.35250378787878794,0.2805115942028985,0.3578012820512821,0.3,0.01,0.28785652916908544","0,0,0"
30.533333333333335,220,AV,1,0,0,59,4266.216809230351,0.7,-23.02607927675506,"0.24578333333333327,0.22494354838709676,0.3231742424242425,0.7,0.59,0.2107894903464134","0,0,0"
24.2,49,AV,0,0,0,28,969.457736312404,0.3,-2.777339183239407,"0.29459649122807013,0.2618903133903133,0.3144933333333333,0.3,0.28,0.04789993366196159","0,0,0"
42.4,113,AV,1,0,0,88,1975.501985353583,0.2,-4.230367887827875,"0.2858371212121212,0.28282072829131655,0.34572222222222215,0.2,0.88,0.09760757019428958","0,0,0"
8.9,71,AV,0,0,0,7,1342.087988935639,0.1,-1.3016308864022017,"0.3143791666666666,0.2804553571428572,0.33005208333333336,0.1,0.07,0.06631122041798494","0,0,0"
37.8,231,AV,1,0,0,87,4689.4303597647895,0.1,-4.476274434320935,"0.2935787037037036,0.280901282051282,0.35774305555555563,0.1,0.87,0.2317000470794511","0,0,0"
22.35,212,AV,1,0,0,32,4034.238052294327,0.1,-2.2768995067873288,"0.2905227272727273,0.2673073770491803,0.3523541666666666,0.1,0.32,0.1993276528139321","0,0,0"
17.333333333333332,261,AV,0,0,0,23,6130.868263041086,0.1,-3.6835450309607447,"0.3275579710144928,0.27406811594202896,0.33663793103448275,0.1,0.23,0.3029200470429381","0,0,0"
17.7,116,AV,1,0,0,17,2034.664800296876,0.3,-2.728300527670811,"0.33690333333333333,0.25886507936507935,0.3345595238095238,0.3,0.17,0.10053074549620436","0,0,0"
22.033333333333335,102,AV,1,0,0,31,1824.367004680513,0.2,-2.0301457745687195,"0.28591463414634144,0.23384733893557427,0.3074791666666667,0.2,0.31,0.09014014250035135","0,0,0"
28.866666666666667,170,AV,1,0,0,54,2964.6777926145683,0.5,-10.805601718872962,"0.3531766666666667,0.26738666666666666,0.3103910256410256,0.5,0.54,0.14648175394988758","0,0,0"
32.75,68,AV,1,0,0,67,1293.252850487379,0.1,-1.0695462336732742,"0.29390990990990995,0.29163802083333334,0.3411594202898551,0.1,0.67,0.06389832524532672","0,0,0"
25.433333333333334,259,AV,1,0,0,44,5960.007005011629,0.3,-11.483548850565336,"0.30885585585585584,0.26201084010840103,0.3235128205128205,0.3,0.44,0.29447796378499097","0,0,0"
38.45,97,AV,1,0,0,85,1723.69240549938,0.1,-1.6736356816023021,"0.2956129032258064,0.2887973621103118,0.3315000000000001,0.1,0.85,0.08516591160652838","0,0,0"
15.05,168,AV,1,0,0,6,2946.490055333797,0.1,-1.1198150336559003,"0.2842,0.23760206718346247,0.3082884615384615,0.1,0.06,0.1455831161067115","0,0,0"
34.21666666666667,271,AV,2,0,0,44,8028.27043643778,0.7,-48.55819631399299,"0.32660370370370373,0.27019583333333336,0.3444866666666666,0.7,0.44,0.39666878392080435","0,0,0"
25.5,53,AV,1,0,0,47,1017.530975349866,0.2,-1.3104565591627062,"0.31488461538461543,0.2791249999999999,0.34000877192982465,0.2,0.47,0.050275184149485695","0,0,0"
23.1,258,AV,1,0,0,39,5912.288420941998,0.5,-17.24417456108083,"0.3571833333333334,0.29959895833333333,0.3508712121212121,0.5,0.39,0.2921202364434439","0,0,0"
15.066666666666666,262,AV,1,0,0,3,6197.036257351283,0.3,-7.073384818996918,"0.33010416666666664,0.27444540229885056,0.35770512820512823,0.3,0.03,0.30618934122595154","0,0,0"
30.6,244,AV,1,0,0,63,5009.92015912814,0.4,-15.485207764577888,"0.3381952380952381,0.2725204918032787,0.32428431372549027,0.4,0.63,0.24753512637567007","0,0,0"
41.05,136,AV,1,0,0,96,2283.7291705859197,0.3,-7.10205170095091,"0.3160095238095238,0.2584226666666667,0.32998888888888894,0.3,0.96,0.1128367660348439","0,0,0"
22.8,210,AV,1,0,0,34,3987.5502105766736,0.6,-13.775173454719418,"0.3061944444444445,0.2844260869565218,0.36620238095238095,0.6,0.34,0.19702085341739287","0,0,0"
18.933333333333334,295,AV,0,0,0,24,14505.369879802229,0.2,-14.870454699878227,"0.265546511627907,0.2618823529411765,0.33575438596491225,0.2,0.24,0.7166957660553899","0,0,0"
39.31666666666667,228,AV,1,0,0,76,4617.971391102537,0.3,-13.754791050013745,"0.25326388888888884,0.2575905172413793,0.3415208333333333,0.3,0.76,0.2281693311644965","0,0,0"
30.65,277,AV,1,0,0,63,8348.421721831439,0.1,-6.461594085205395,"0.39238333333333336,0.28810335917312657,0.37450000000000006,0.1,0.63,0.41248713758156286","0,0,0"
21.45,55,AV,1,0,0,30,1083.524948441525,0.7,-4.108365429507449,"0.30767647058823533,0.2845236111111111,0.3376379310344827,0.7,0.3,0.053535880118764236","0,0,0"
32.45,147,AV,1,0,0,68,2472.005569054355,0.1,-2.025671230197319,"0.38317021276595753,0.3043031496062992,0.37388541666666664,0.1,0.68,0.12213931390150505","0,0,0"
40.45,92,AV,1,0,0,95,1653.1781197118603,0.8,-13.509304028756516,"0.35118650793650785,0.29052421652421645,0.3251031746031746,0.8,0.95,0.08168187152419273","0,0,0"
23.016666666666666,3,AV,2,0,0,4,457.16351791608827,0.3,-0.7971500230329771,"0.36662500000000003,0.289406162464986,0.34145,0.3,0.04,0.02258799054422424","0,0,0"
18.8,177,AV,1,0,0,24,3101.095365071405,0.2,-2.9444743870374963,"0.34528409090909085,0.2894930555555555,0.35231410256410256,0.2,0.24,0.15322200927639995","0,0,0"
29.95,239,AV,2,0,0,44,4934.883137056144,0.4,-14.929267672205203,"0.34263749999999993,0.2913897058823529,0.34917857142857145,0.4,0.44,0.2438276224331965","0,0,0"
29.2,127,AV,0,0,0,42,2198.5025098873134,0.1,-2.6211180123411504,"0.34143421052631595,0.2986640826873385,0.34973076923076923,0.1,0.42,0.10862580227563756","0,0,0"
34.71666666666667,37,AV,1,0,0,76,861.805442805673,0.4,-3.022122453475113,"0.40890079365079357,0.2945858085808581,0.3537387387387387,0.4,0.76,0.04258094189534294","0,0,0"
37.35,115,AV,1,0,0,79,2010.868248891871,0.2,-3.7932287422278477,"0.3671589147286822,0.2694552845528455,0.3424027777777778,0.2,0.79,0.09935498177697413","0,0,0"
15.416666666666666,125,AV,0,0,0,20,2158.6935677652164,0.2,-2.680800968167361,"0.3719914529914531,0.26682608695652177,0.3620576923076923,0.2,0.2,0.10665888240344744","0,0,0"
31.6,152,AV,1,0,0,63,2538.843693606908,0.4,-8.103783910906898,"0.32282222222222223,0.26513254593175856,0.32893518518518516,0.4,0.63,0.12544171854715278","0,0,0"
28.966666666666665,153,AV,1,0,0,55,2580.565825479665,0.1,-1.8876361130823478,"0.3587764227642276,0.28865,0.3287982456140351,0.1,0.55,0.12750316720456661","0,0,0"
35.03333333333333,276,AV,1,0,0,71,8331.964781214912,0.1,-7.371123724795347,"0.24610101010101004,0.24895739348370927,0.32314285714285723,0.1,0.71,0.4116740166642871","0,0,0"
17.45,292,AV,1,0,0,20,13351.937436366714,0.1,-5.883618895570686,"0.2829949494949495,0.25770338983050844,0.33289166666666664,0.1,0.2,0.6597058267783346","0,0,0"
36.1,252,AV,1,0,0,83,5590.116807812239,0.1,-5.096040827323784,"0.35403240740740743,0.2880945273631841,0.3306166666666666,0.1,0.83,0.27620206041714035","0,0,0"
24.333333333333332,31,AV,1,0,0,42,806.3598325453933,0.1,-0.4954904694933814,"0.23445555555555553,0.2549099756690998,0.3189492753623189,0.1,0.42,0.039841429945686846","0,0,0"
44.93333333333333,195,AV,0,0,0,68,3523.1638559153366,0.3,-12.992992115590589,"0.3074270833333333,0.24939583333333332,0.3008421052631579,0.3,0.68,0.1740759897594787","0,0,0"
21.283333333333335,201,AV,1,0,0,28,3628.2404526711953,0.8,-15.600212316704098,"0.3225079365079365,0.2643268229166667,0.3330166666666667,0.8,0.28,0.1792677189349818","0,0,0"
58.88333333333333,22,AV,0,0,0,85,679.8949342204361,0.3,-4.0329151547989905,"0.31844444444444453,0.29329201101928365,0.34550980392156866,0.3,0.85,0.033592926258074716","0,0,0"
36.86666666666667,18,AV,2,0,0,63,632.5893922142865,0.1,-0.5889258146372062,"0.32628787878787885,0.2637536231884058,0.31825396825396823,0.1,0.63,0.031255606910295004","0,0,0"
24.633333333333333,214,AV,1,0,0,42,4113.319853961603,0.2,-5.117413084305767,"0.3636507936507936,0.30266106442577034,0.3562011494252873,0.2,0.42,0.20323500525627752","0,0,0"
31.466666666666665,10,AV,1,0,0,63,586.3474640105957,0.1,-0.46591919699158446,"0.35761382113821144,0.29064646464646465,0.31592156862745097,0.1,0.63,0.02897083965289678","0,0,0"
38.45,143,AV,1,0,0,87,2417.357356239525,0.2,-4.694312643808573,"0.38714285714285707,0.29229396325459317,0.3254920634920635,0.2,0.87,0.1194392005592442","0,0,0"
16.4,130,AV,1,0,0,19,2222.040577514192,1.0,-9.202390270513321,"0.2716266666666667,0.27333591731266155,0.331625,1.0,0.19,0.1097887945708426","0,0,0"
25.5,238,AV,1,0,0,39,4925.450001742355,0.1,-3.1716912890007594,"0.34641269841269845,0.2816950904392765,0.332140350877193,0.1,0.39,0.24336154068581314","0,0,0"
38.06666666666667,188,AV,0,0,0,58,3362.377553451843,0.1,-4.232184483200341,"0.407063063063063,0.3009160493827161,0.39286111111111116,0.1,0.58,0.1661316999433504","0,0,0"
22.866666666666667,255,AV,1,0,0,41,5721.231751015957,0.4,-13.214696906387026,"0.2893686868686869,0.27202380952380956,0.3450555555555555,0.4,0.41,0.2826803181547486","0,0,0"
42.25,82,AV,1,0,0,98,1546.5147326922538,0.1,-1.6500062488951444,"0.2988156028368794,0.25685028248587566,0.341425,0.1,0.98,0.07641174063449208","0,0,0"
22.183333333333334,98,AV,1,0,0,33,1782.711710770346,0.1,-0.9986486898296846,"0.3284634146341463,0.28924137931034477,0.3622083333333333,0.1,0.33,0.08808199623958074","0,0,0"
28.816666666666666,146,AV,1,0,0,54,2446.4664131825853,0.6,-10.681667748466388,"0.3036449275362319,0.2554732824427481,0.29950000000000004,0.6,0.54,0.12087744984470407","0,0,0"
21.683333333333334,30,AV,1,0,0,33,793.0252767736928,0.1,-0.43422806611219456,"0.3162113821138212,0.26755599999999996,0.3331388888888889,0.1,0.33,0.0391825829295129","0,0,0"
34.63333333333333,140,AV,1,0,0,73,2347.541384251396,0.2,-4.106221377503704,"0.26400362318840576,0.2790299145299145,0.3212121212121212,0.2,0.73,0.11598966346080683","0,0,0"
17.533333333333335,291,AV,1,0,0,20,13079.31179296209,0.1,-5.791008420116213,"0.3052560975609756,0.25748533333333334,0.32369696969696965,0.1,0.2,0.6462356673845856","0,0,0"
19.25,104,AV,1,0,0,22,1832.3133019091129,0.2,-1.7814157101894155,"0.34867346938775506,0.29592156862745095,0.36650000000000005,0.2,0.22,0.09053276107035316","0,0,0"
29.966666666666665,180,AV,1,0,0,62,3151.1733449572957,0.3,-7.15380009372881,"0.33774806201550384,0.3010805555555556,0.3363466666666667,0.3,0.62,0.1556963119969945","0,0,0"
38.5,243,AV,1,0,0,85,5004.1281918097375,0.3,-14.595373892778403,"0.30870085470085473,0.27269028871391077,0.34102499999999997,0.3,0.85,0.2472489510841313","0,0,0"
46.4,44,AV,0,0,0,69,912.6272274022258,0.3,-4.20802298117146,"0.3462864583333333,0.2957813333333333,0.33660317460317457,0.3,0.69,0.04509199526010037","0,0,0"
22.866666666666667,275,AV,1,0,0,35,8326.33528790118,0.6,-28.84780811868793,"0.3141111111111111,0.27614344262295076,0.3508850574712644,0.6,0.35,0.41139586905023645","0,0,0"
6.983333333333333,219,AV,0,0,0,7,4237.057085974603,0.1,-1.7471914642354203,"0.3474145299145299,0.26117557251908396,0.3513666666666666,0.1,0.07,0.20934873768929974","0,0,0"
16.516666666666666,160,AV,1,0,0,17,2793.3389947689566,0.2,-2.3301337910909394,"0.39231300813008135,0.30932421874999994,0.3672301587301587,0.2,0.17,0.13801607592895285","0,0,0"
34.46666666666667,94,AV,1,0,0,66,1661.9571573900298,0.1,-1.4465182666172482,"0.25266304347826085,0.255198275862069,0.33110119047619047,0.1,0.66,0.08211563496394797","0,0,0"
27.916666666666668,15,AV,1,0,0,52,617.4453946714843,0.5,-2.1763910691808426,"0.33018217054263566,0.2793650137741047,0.3339930555555555,0.5,0.52,0.03050735719243069","0,0,0"
37.28333333333333,62,AV,1,0,0,86,1167.011530479414,0.9,-9.888654521524428,"0.2920049019607843,0.24772839506172845,0.3286428571428571,0.9,0.86,0.05766086833794136","0,0,0"
35.916666666666664,111,AV,1,0,0,75,1942.5668635563816,0.1,-1.7618819827289571,"0.371125,0.29189173789173783,0.3307986111111111,0.1,0.75,0.09598027888478354","0,0,0"
36.483333333333334,155,AV,1,0,0,83,2667.9339807116767,0.1,-2.4579576951927025,"0.29255208333333327,0.27079781420765026,0.31347500000000006,0.1,0.83,0.13181994005915215","0,0,0"
28.616666666666667,63,AV,1,0,0,53,1205.4292211271013,0.2,-1.7421902126895903,"0.2844027777777778,0.2505246913580247,0.32539682539682546,0.2,0.53,0.059559047871243866","0,0,0"
15.816666666666666,189,AV,1,0,0,6,3366.895459871004,0.9,-12.102968906884781,"0.2321666666666666,0.24816397849462368,0.3137055555555555,0.9,0.06,0.16635492516469105","0,0,0"
29.55,51,AV,2,0,0,40,985.8695826897422,0.4,-2.942671330149685,"0.33684761904761906,0.28563305322128846,0.33115833333333344,0.4,0.4,0.04871082651814225","0,0,0"
20.883333333333333,197,AV,1,0,0,30,3534.445695738256,0.3,-5.59174300095964,"0.26523809523809516,0.23473076923076916,0.32508333333333334,0.3,0.3,0.1746334141410286","0,0,0"
18.7,77,AV,1,0,0,23,1447.5744631551047,0.3,-2.0507304894697316,"0.31694761904761903,0.2787653846153846,0.3423623188405797,0.3,0.23,0.07152320122755207","0,0,0"
56.9,74,AV,0,0,0,85,1405.7852601227096,0.1,-3.0199288207318733,"0.35086363636363643,0.29065641025641026,0.359611111111111,0.1,0.85,0.0694584386514629","0,0,0"
20.766666666666666,266,AV,0,0,0,26,7130.271245067938,1.0,-38.391910653849536,"0.2886416666666667,0.23862860892388452,0.3091956521739131,1.0,0.26,0.3522995452382328","0,0,0"
25.483333333333334,114,AV,1,0,0,48,1996.532829496936,0.2,-2.569611697222909,"0.3160037878787879,0.2786991150442478,0.3474782608695651,0.2,0.48,0.09864668309378893","0,0,0"
23.85,172,AV,1,0,0,38,2987.078671303881,0.2,-3.5980720358887663,"0.39977659574468083,0.2760798898071625,0.3374313725490196,0.2,0.38,0.14758855888113623","0,0,0"
29.283333333333335,61,AV,0,0,0,43,1150.2916000513435,0.2,-2.701230927011962,"0.3492794117647059,0.26452439024390245,0.3555579710144927,0.2,0.43,0.05683475335805212","0,0,0"
40.46666666666667,251,AV,1,0,0,94,5578.433439706214,1.0,-57.005203668378314,"0.30407575757575755,0.2842739898989899,0.3438866666666667,1.0,0.94,0.2756247969261546","0,0,0"
24.983333333333334,169,AV,2,0,0,7,2953.464044858564,0.2,-3.7266351879149737,"0.3383861788617887,0.29777466666666663,0.35653472222222216,0.2,0.07,0.1459276939290168","0,0,0"
23.583333333333332,26,AV,1,0,0,37,743.7553910389753,0.4,-1.7717405358925085,"0.32423015873015876,0.2847693333333334,0.33509420289855074,0.4,0.37,0.036748207329806624","0,0,0"
20.766666666666666,294,AV,1,0,0,30,13460.811009378149,0.1,-7.058994325625073,"0.37534999999999996,0.31251897018970193,0.3652745098039216,0.1,0.3,0.6650851607394264","0,0,0"
17.316666666666666,237,AV,1,0,0,18,4889.272753955773,0.1,-2.1380279424916027,"0.33957070707070713,0.29665840220385675,0.3765512820512821,0.1,0.18,0.24157405918544247","0,0,0"
63.63333333333333,50,AV,0,0,0,98,975.0940381265832,0.6,-10.401285448402259,"0.3457444444444445,0.2862521367521368,0.34146376811594203,0.6,0.98,0.048178417677185316","0,0,0"
6.983333333333333,229,AV,0,0,0,4,4639.089550420253,0.2,-2.6361772067559643,"0.2858194444444444,0.24363025210084033,0.33415217391304336,0.2,0.04,0.22921275821911885","0,0,0"
35.56666666666667,156,AV,1,0,0,75,2722.266725979925,0.3,-7.3349964561125764,"0.3273703703703704,0.2828145161290323,0.357015873015873,0.3,0.75,0.13450446646658565","0,0,0"
26.616666666666667,163,AV,1,0,0,49,2850.5966631146844,1.0,-19.159944743241375,"0.31969117647058826,0.25535937500000006,0.3060166666666667,1.0,0.49,0.14084511984976505","0,0,0"
