travel_time,id,kind,action,origin,destination,start_time,income,urgency,reward,observation,cost_table
28.416666666666668,134,AV,1,0,0,48,2046.5713793034688,0.2,-2.937208924000349,"0.29654666666666674,0.30133838383838385,0.36734375,0.2,0.48,0.09842452245612708","0,0,0"
34.016666666666666,92,AV,0,0,0,69,1475.2077210572677,0.3,-4.801640099340762,"0.30469999999999997,0.27767948717948715,0.35725490196078424,0.3,0.69,0.07094627479744654","0,0,0"
16.9,213,AV,1,0,0,13,3863.855435177377,0.7,-11.542780252057668,"0.29279999999999995,0.29715166666666665,0.3467111111111111,0.7,0.13,0.18582206801713178","0,0,0"
5.316666666666666,4,AV,0,0,0,0,473.5024380788758,1.0,-1.6357208659392313,"0.2741091954022988,0.30778368794326244,0.3585196078431372,1.0,0.0,0.022771867046038015","0,0,0"
6.983333333333333,209,AV,0,0,0,6,3724.6301341612702,0.2,-2.3136532207184954,"0.23999444444444445,0.2737271062271063,0.31373076923076926,0.2,0.06,0.17912638962306346","0,0,0"
32.06666666666667,13,AV,1,0,0,58,566.7055292848979,0.1,-0.45889791176100325,"0.27526190476190476,0.33713499999999996,0.3920701754385965,0.1,0.58,0.027254227073231246","0,0,0"
36.2,267,AV,1,0,0,64,6434.117121135291,1.0,-58.816929238661004,"0.24116666666666667,0.3229754901960784,0.3434814814814815,1.0,0.64,0.3094321123996473","0,0,0"
47.483333333333334,143,AV,1,0,0,99,2198.5025098873134,0.3,-7.908502084177975,"0.2985416666666667,0.2810456140350877,0.3390555555555555,0.3,0.99,0.10573125464497639","0,0,0"
33.5,216,AV,1,0,0,59,3942.222625638348,0.4,-13.339844238271176,"0.23502380952380952,0.26792857142857146,0.3130714285714286,0.4,0.59,0.18959093402168548","0,0,0"
17.0,71,AV,1,0,0,15,1200.7903182940884,0.3,-1.5464723796211743,"0.21780158730158725,0.29054692556634304,0.34931249999999997,0.3,0.15,0.057748884228147654","0,0,0"
37.15,70,AV,1,0,0,69,1167.011530479414,0.1,-1.0948100595280361,"0.2878533333333333,0.2589600694444445,0.3157843137254902,0.1,0.69,0.0561243813676915","0,0,0"
27.133333333333333,154,AV,1,0,0,43,2456.6540037696086,0.4,-6.7330517140352235,"0.1812156862745098,0.3048917525773196,0.3665705128205128,0.4,0.43,0.11814637867321734","0,0,0"
22.233333333333334,286,AV,1,0,0,34,10450.70686878338,0.1,-5.867526499561039,"0.2426,0.28124074074074074,0.32855555555555555,0.1,0.34,0.5025995395474784","0,0,0"
30.35,261,AV,2,0,0,2,5984.209260784091,0.4,-18.345530410585575,"0.2825714285714286,0.2990511551155115,0.3617962962962963,0.4,0.02,0.28779496514344177","0,0,0"
39.333333333333336,144,AV,1,0,0,69,2212.8825544422834,0.1,-2.1979809884191037,"0.25969298245614036,0.30560394265232976,0.36291666666666655,0.1,0.69,0.1064228254509272","0,0,0"
24.1,239,AV,0,0,0,52,4704.305573257116,0.1,-3.862973846350922,"0.24150757575757573,0.28989824561403504,0.374231884057971,0.1,0.52,0.2262413293853024","0,0,0"
24.983333333333334,94,AV,1,0,0,39,1496.328062426438,0.3,-2.832065360577311,"0.3206287878787879,0.3190711974110032,0.3786777777777777,0.3,0.39,0.0719620026310286","0,0,0"
22.016666666666666,18,AV,0,0,0,48,610.4868582393152,0.1,-1.339416304601909,"0.2639,0.3146336996336997,0.3465,0.1,0.48,0.029359776109248604","0,0,0"
15.3,40,AV,1,0,0,7,827.8499544782503,0.6,-1.9191067126541257,"0.23105208333333338,0.2786949404761905,0.3435,0.6,0.07,0.03981328834109833","0,0,0"
13.3,296,AV,1,0,0,4,17322.90883950548,0.3,-17.454142997380522,"0.21881410256410255,0.2781151202749141,0.3123823529411765,0.3,0.04,0.833100202280572","0,0,0"
43.46666666666667,93,AV,1,0,0,84,1490.1599361877834,0.1,-1.6356637683407995,"0.2802698412698413,0.2932387820512821,0.3373555555555556,0.1,0.84,0.07166536265764283","0,0,0"
24.166666666666668,244,AV,1,0,0,39,4889.272753955773,0.3,-8.951320067217008,"0.22288095238095235,0.24779390681003588,0.29027192982456146,0.3,0.39,0.2351368443985718","0,0,0"
22.716666666666665,2,AV,1,0,0,36,437.8567856598078,0.3,-0.7535338369372702,"0.28175641025641024,0.291625468164794,0.358078947368421,0.3,0.36,0.021057582192617507","0,0,0"
36.03333333333333,225,AV,0,0,0,76,4381.240268036911,0.8,-32.89306888719126,"0.2874230769230769,0.27418137254901953,0.32425000000000004,0.8,0.76,0.2107043445969861","0,0,0"
39.46666666666667,107,AV,0,0,0,82,1659.6531244520008,0.2,-4.308130133587827,"0.22924074074074074,0.2589685534591195,0.29728571428571426,0.2,0.82,0.07981669628967558","0,0,0"
38.15,89,AV,1,0,0,69,1467.6871321740252,0.3,-4.241838188821141,"0.24246,0.2786013071895424,0.34842307692307695,0.3,0.69,0.07058459165416232","0,0,0"
22.233333333333334,74,AV,0,0,0,50,1249.5878531833848,0.3,-3.1047350961447417,"0.2434130434782609,0.3137051282051282,0.3741538461538462,0.3,0.5,0.06009567462944302","0,0,0"
40.71666666666667,86,AV,1,0,0,78,1454.957177165027,0.2,-2.99197002004559,"0.18268840579710147,0.27477380952380953,0.29133333333333333,0.2,0.78,0.06997237760909195","0,0,0"
36.61666666666667,204,AV,1,0,0,65,3531.3895067900216,0.2,-6.530692547489629,"0.2765617283950617,0.3132125850340136,0.39008888888888893,0.2,0.65,0.16983298473111647","0,0,0"
38.15,191,AV,1,0,0,72,3245.380745418587,0.1,-3.126547359538361,"0.19629861111111116,0.2883677536231884,0.3425347222222222,0.1,0.72,0.156078137946426","0,0,0"
11.933333333333334,59,AV,0,0,0,17,1014.5614647146556,0.3,-1.9172045564844613,"0.32052083333333337,0.2954724919093851,0.3531449275362318,0.3,0.17,0.04879269234230884","0,0,0"
16.3,167,AV,1,0,0,8,2753.3979495063454,0.3,-3.4000292861328356,"0.21947058823529417,0.2567131410256411,0.3206140350877193,0.3,0.08,0.13241750620204337","0,0,0"
29.883333333333333,128,AV,2,0,0,39,2010.868248891871,0.6,-9.104764571371527,"0.2380493827160494,0.2763781362007168,0.32607407407407407,0.6,0.39,0.0967074733482937","0,0,0"
35.95,121,AV,1,0,0,63,1888.2149669861096,0.1,-1.7141749510896631,"0.21897619047619052,0.2810537634408602,0.3480208333333333,0.1,0.63,0.09080878306984375","0,0,0"
39.416666666666664,158,AV,1,0,0,78,2533.2754137277425,0.7,-17.650831007686353,"0.29162037037037036,0.33069047619047615,0.35627777777777775,0.7,0.78,0.12183128590944142","0,0,0"
31.283333333333335,256,AV,1,0,0,50,5807.233742044462,0.1,-4.587616891337314,"0.24954838709677424,0.2800035460992908,0.3409666666666667,0.1,0.5,0.27928378830664774","0,0,0"
33.88333333333333,108,AV,1,0,0,59,1664.0464513081895,0.4,-5.695297029477356,"0.3269333333333333,0.29741823899371067,0.3596071428571428,0.4,0.59,0.08002798190726358","0,0,0"
11.133333333333333,165,AV,1,0,0,1,2648.588416164911,1.0,-7.446368106052865,"0.2736904761904762,0.27894012944983826,0.3664270833333333,1.0,0.01,0.1273769645564883","0,0,0"
45.11666666666667,179,AV,1,0,0,90,2964.6777926145683,0.1,-3.3776863571580966,"0.24247727272727274,0.25610416666666663,0.32556944444444447,0.1,0.9,0.14257846021167567","0,0,0"
39.483333333333334,230,AV,1,0,0,73,4559.760277629775,0.1,-4.546326640448206,"0.2357741935483871,0.28134946236559144,0.3462083333333334,0.1,0.73,0.21928979970044837","0,0,0"
18.7,153,AV,1,0,0,24,2436.431929205765,0.3,-3.4516118997081664,"0.2659712643678161,0.2309642857142857,0.34991176470588237,0.3,0.24,0.11717385064309511","0,0,0"
38.18333333333333,193,AV,1,0,0,73,3257.3450634265246,0.1,-3.140815463093505,"0.22431666666666664,0.30421651090342683,0.3835,0.1,0.73,0.15665353067318508","0,0,0"
35.96666666666667,9,AV,0,0,0,74,513.3463032142733,0.3,-2.398739043354043,"0.25815942028985506,0.2810898692810458,0.3482555555555556,0.3,0.74,0.024688054010448962","0,0,0"
17.266666666666666,102,AV,1,0,0,6,1581.438059619256,0.2,-1.3790991833043342,"0.3085729166666667,0.2673206521739131,0.32318888888888886,0.2,0.06,0.07605514637116847","0,0,0"
39.43333333333333,41,AV,1,0,0,75,845.7864251007381,0.5,-4.21113358962194,"0.2743333333333333,0.3057696078431372,0.3311842105263158,0.5,0.75,0.040675896199988425","0,0,0"
25.583333333333332,116,AV,1,0,0,41,1832.3133019091129,0.6,-7.102527571794161,"0.29977999999999994,0.3032057823129251,0.37014705882352944,0.6,0.41,0.08812033802202023","0,0,0"
17.1,258,AV,1,0,0,14,5825.994272151124,1.0,-25.157702538834403,"0.24218452380952385,0.289958762886598,0.3453888888888889,1.0,0.14,0.28018602716107777","0,0,0"
20.383333333333333,269,AV,0,0,0,47,6918.069898529506,0.6,-22.365655267428245,"0.21322619047619046,0.265516975308642,0.33628571428571424,0.6,0.47,0.33270656130870674","0,0,0"
11.883333333333333,82,AV,0,0,0,16,1342.087988935639,1.0,-5.027393670501307,"0.25676190476190475,0.28874999999999995,0.3468627450980392,1.0,0.16,0.06454422784415724","0,0,0"
24.133333333333333,81,AV,1,0,0,36,1317.647826688136,0.1,-0.8030109650860358,"0.19370114942528738,0.22365488215488216,0.31575,0.1,0.36,0.06336884186823323","0,0,0"
34.583333333333336,237,AV,0,0,0,71,4660.29795945294,0.2,-9.139830190121929,"0.24655833333333332,0.29034983498349837,0.3581140350877192,0.2,0.71,0.2241248977685445","0,0,0"
43.733333333333334,263,AV,1,0,0,86,6020.57275324985,0.2,-13.297965407851523,"0.2657847222222222,0.34334629629629626,0.39637500000000003,0.2,0.86,0.2895437726450875","0,0,0"
36.666666666666664,284,AV,1,0,0,60,8987.822610831106,0.1,-8.322057972991765,"0.253219696969697,0.2930669934640523,0.34203125,0.1,0.6,0.4322459296252377","0,0,0"
40.11666666666667,295,AV,1,0,0,80,14754.343640924068,1.0,-149.46845599202118,"0.20829166666666665,0.26073166666666664,0.30880303030303036,1.0,0.8,0.7095717460418045","0,0,0"
18.15,136,AV,1,0,0,20,2133.445027811215,0.3,-2.93348691324042,"0.18604444444444443,0.23577272727272724,0.3493137254901961,0.3,0.2,0.10260248441477932","0,0,0"
24.216666666666665,220,AV,1,0,0,39,4021.28082322038,0.2,-4.918283700453881,"0.34674358974358976,0.34031292517006806,0.38792708333333337,0.2,0.39,0.1933930322147629","0,0,0"
27.066666666666666,257,AV,1,0,0,45,5825.425317043349,0.6,-23.89012806787474,"0.22412878787878784,0.25568910256410254,0.33840476190476193,0.6,0.45,0.28015866474638357","0,0,0"
35.8,106,AV,1,0,0,64,1614.9493849180149,0.4,-5.839917977784336,"0.250875,0.2555432692307692,0.3217604166666667,0.4,0.64,0.07766678631823196","0,0,0"
33.583333333333336,149,AV,1,0,0,62,2344.9936519099742,0.3,-5.966113899745705,"0.23401666666666668,0.30341485507246374,0.36502777777777773,0.3,0.62,0.11277636474640867","0,0,0"
22.433333333333334,118,AV,2,0,0,11,1836.592480640456,0.6,-6.242559290257712,"0.24647916666666675,0.27754559748427676,0.32453333333333334,0.6,0.11,0.0883261339827163","0,0,0"
28.0,129,AV,2,0,0,46,2011.9739719035176,0.3,-4.2678235767650365,"0.23752777777777784,0.2805888888888889,0.352702380952381,0.3,0.46,0.09676065021790628","0,0,0"
8.7,90,AV,0,0,0,10,1474.5167950508735,0.1,-1.3239468716399645,"0.28832692307692315,0.2837535460992908,0.35320833333333335,0.1,0.1,0.07091304650992157","0,0,0"
20.483333333333334,122,AV,1,0,0,30,1900.764377468582,0.1,-0.9831815740357273,"0.18617283950617286,0.2589097222222222,0.34074509803921565,0.1,0.3,0.09141231429593938","0,0,0"
21.2,140,AV,1,0,0,34,2164.09247058771,1.0,-11.585545549610973,"0.2806190476190476,0.28591013071895427,0.3747843137254902,1.0,0.34,0.10407639338774885","0,0,0"
28.966666666666665,96,AV,1,0,0,51,1517.942512651984,0.1,-1.1103468379583958,"0.2169035087719298,0.22702951388888887,0.3274999999999999,0.1,0.51,0.07300149334369807","0,0,0"
30.066666666666666,46,AV,1,0,0,51,892.1845339920479,0.1,-0.6773993684013698,"0.27225595238095246,0.29109027777777785,0.36778125,0.1,0.51,0.042907292454561666","0,0,0"
24.566666666666666,61,AV,1,0,0,37,1068.5648373754009,0.1,-0.662905963927332,"0.2500476190476191,0.26981464174454833,0.3134027777777778,0.1,0.37,0.05138984395837567","0,0,0"
28.0,285,AV,1,0,0,47,9667.56212442905,0.3,-20.506949960910106,"0.27822988505747126,0.2795659722222222,0.3357333333333334,0.3,0.47,0.4649362319020181","0,0,0"
34.36666666666667,160,AV,2,0,0,48,2553.8725848963804,0.2,-4.43273170880163,"0.3098222222222222,0.323493265993266,0.39669696969696966,0.2,0.48,0.122821853234247","0,0,0"
14.683333333333334,114,AV,1,0,0,8,1823.811293294481,0.1,-0.6762532615288039,"0.2813214285714286,0.3107378277153558,0.3560520833333333,0.1,0.08,0.08771145605177698","0,0,0"
33.55,67,AV,1,0,0,59,1141.5133047894662,0.2,-1.934230877559929,"0.2978402777777778,0.32003738317757013,0.35379629629629633,0.2,0.59,0.05489811058505904","0,0,0"
36.78333333333333,66,AV,1,0,0,67,1135.438045570021,1.0,-10.546766694330959,"0.2499444444444444,0.2942543859649122,0.34484313725490195,1.0,0.67,0.0546059368091927","0,0,0"
29.866666666666667,229,AV,1,0,0,54,4547.885280126284,0.1,-3.430054891408376,"0.2830583333333333,0.308710355987055,0.3467058823529412,0.1,0.54,0.2187187026108142","0,0,0"
29.783333333333335,62,AV,1,0,0,51,1074.3823512953045,0.2,-1.6160953381857823,"0.24294230769230768,0.27303623188405796,0.34510526315789475,0.2,0.51,0.0516696221450731","0,0,0"
31.333333333333332,127,AV,1,0,0,55,1997.7276787447236,0.1,-1.5806936178619866,"0.30201449275362313,0.2965885416666667,0.37992222222222227,0.1,0.55,0.09607551183714699","0,0,0"
19.25,205,AV,1,0,0,23,3539.477986656502,0.1,-1.7205795768469108,"0.28630666666666665,0.2834306930693069,0.3308472222222222,0.1,0.23,0.17022197911279557","0,0,0"
19.216666666666665,73,AV,1,0,0,17,1239.4416864014672,0.1,-0.6014630742512169,"0.235574074074074,0.25880240549828176,0.3373333333333333,0.1,0.17,0.05960772115253554","0,0,0"
37.65,19,AV,1,0,0,69,615.3970356119416,1.0,-5.850933937068081,"0.3712533333333333,0.3635033333333333,0.3973555555555556,1.0,0.69,0.029595918306859183","0,0,0"
28.3,192,AV,1,0,0,49,3256.7228478661937,0.1,-2.3274054695609414,"0.24684444444444442,0.309980303030303,0.3685,0.1,0.49,0.15662360683568316","0,0,0"
13.433333333333334,277,AV,1,0,0,6,8028.27043643778,0.5,-13.616973846314922,"0.21280392156862746,0.3030528846153846,0.345037037037037,0.5,0.06,0.3860987658900816","0,0,0"
47.1,56,AV,2,0,0,97,975.0940381265832,0.3,-3.479312817860763,"0.20154,0.25915942028985506,0.34538888888888886,0.3,0.97,0.04689460920981367","0,0,0"
14.466666666666667,188,AV,1,0,0,4,3169.820795106812,0.1,-1.157998505956529,"0.2032916666666667,0.2644346405228758,0.31136111111111103,0.1,0.04,0.15244427884849596","0,0,0"
19.866666666666667,111,AV,1,0,0,9,1797.659883656486,0.4,-3.6074252210749687,"0.2311388888888889,0.2822630718954249,0.36167777777777776,0.4,0.09,0.08645377208765831","0,0,0"
41.25,20,AV,1,0,0,79,623.7253316558669,0.1,-0.649713887141528,"0.30565686274509807,0.33137179487179486,0.3589210526315789,0.1,0.79,0.02999644602325653","0,0,0"
47.65,54,AV,1,0,0,99,946.2003450753726,0.2,-2.277093254688965,"0.26407407407407407,0.30645312500000005,0.3393529411764705,0.2,0.99,0.04550504226418034","0,0,0"
30.916666666666668,178,AV,0,0,0,66,2953.761118311176,0.2,-5.612143833726626,"0.26546354166666664,0.30728673835125453,0.39022222222222225,0.2,0.66,0.14205345118145746","0,0,0"
21.05,156,AV,1,0,0,32,2476.7673195544394,0.1,-1.316564446379317,"0.3073560606060606,0.2904113475177305,0.36903571428571424,0.1,0.32,0.11911367623300487","0,0,0"
23.55,120,AV,1,0,0,38,1880.1756700095973,0.2,-2.2362695469053544,"0.26132142857142854,0.27016117216117214,0.3775714285714285,0.2,0.38,0.0904221540112152","0,0,0"
13.3,8,AV,1,0,0,2,508.6019702527906,0.1,-0.17081833849399283,"0.2763269230769231,0.3176443089430894,0.37776515151515155,0.1,0.02,0.024459887668034006","0,0,0"
18.85,251,AV,0,0,0,43,5370.167679594476,0.2,-6.112508119209894,"0.19606521739130436,0.26861999999999997,0.3230555555555556,0.2,0.43,0.2582642338882426","0,0,0"
16.916666666666668,176,AV,1,0,0,12,2949.689674384749,0.4,-5.0402946456237725,"0.27936111111111106,0.3030399305555555,0.3726916666666667,0.4,0.12,0.1418576456853883","0,0,0"
15.033333333333333,243,AV,1,0,0,5,4864.205776554158,0.2,-3.69319327479112,"0.289563492063492,0.34121134020618554,0.3989545454545454,0.2,0.05,0.23393131337965753","0,0,0"
26.4,202,AV,1,0,0,44,3476.696831582168,0.2,-4.635595775442891,"0.29389682539682543,0.32072282608695646,0.35471969696969696,0.2,0.44,0.16720268290357254","0,0,0"
39.516666666666666,214,AV,1,0,0,73,3933.772930850901,0.1,-3.9254947891614,"0.27990833333333337,0.2882630718954249,0.38962037037037034,0.1,0.73,0.1891845679487672","0,0,0"
45.68333333333333,168,AV,1,0,0,94,2756.9260540590044,0.1,-3.180443734922446,"0.2673253968253968,0.2834364261168385,0.3387083333333334,0.1,0.94,0.1325871812054576","0,0,0"
20.816666666666666,27,AV,1,0,0,31,742.6585956180782,0.2,-0.7807917389957741,"0.28112745098039216,0.3175157894736842,0.4016666666666666,0.2,0.31,0.03571623172338353","0,0,0"
45.1,103,AV,1,0,0,93,1587.6148581174584,0.2,-3.6162338434897667,"0.3219236111111112,0.3394202127659574,0.3326309523809524,0.2,0.93,0.07635220341429991","0,0,0"
32.43333333333333,49,AV,1,0,0,58,926.7012599248138,0.3,-2.276970519966777,"0.2839202898550725,0.30912631578947375,0.3568333333333333,0.3,0.58,0.04456728452766382","0,0,0"
41.93333333333333,283,AV,1,0,0,84,8975.220492497892,0.1,-9.50406345081006,"0.22470833333333334,0.2872244897959184,0.3240648148148148,0.1,0.84,0.43163986355227996","0,0,0"
30.85,141,AV,1,0,0,54,2187.718469250836,0.6,-10.225926481270951,"0.2319285714285714,0.2749383333333333,0.36880701754385975,0.6,0.54,0.10521262428567076","0,0,0"
31.516666666666666,50,AV,1,0,0,57,931.9887487728153,0.2,-1.4834938753614426,"0.24401754385964913,0.29614743589743586,0.35575490196078435,0.2,0.57,0.04482157253839216","0,0,0"
13.333333333333334,124,AV,1,0,0,5,1927.298426803608,0.3,-1.946766087680412,"0.24555833333333332,0.30771226415094344,0.348297619047619,0.3,0.05,0.0926884003201249","0,0,0"
18.8,79,AV,1,0,0,21,1293.252850487379,1.0,-6.139685249788567,"0.24035714285714285,0.2874249084249084,0.339608695652174,1.0,0.21,0.06219562899759039","0,0,0"
30.7,98,AV,0,0,0,66,1530.6528609905624,0.6,-8.119854974607616,"0.28630952380952385,0.28390526315789466,0.34563888888888883,0.6,0.66,0.07361276445699849","0,0,0"
27.2,33,AV,1,0,0,46,793.0252767736928,0.4,-2.1788169220448936,"0.2831594202898551,0.3251531986531986,0.4015000000000001,0.4,0.46,0.03813848612925163","0,0,0"
41.5,207,AV,1,0,0,80,3564.273841812899,0.7,-26.147008864814318,"0.2443066666666667,0.2719826388888889,0.335938596491228,0.7,0.8,0.17141447121316408","0,0,0"
14.0,299,AV,0,0,0,20,20793.30768626012,0.1,-8.351169384031355,"0.30610784313725486,0.316719387755102,0.32975,0.1,0.2,1.0","0,0,0"
36.93333333333333,189,AV,1,0,0,66,3225.188153267811,0.1,-3.008003765842369,"0.301,0.30650766283524905,0.3757246376811594,0.1,0.66,0.15510702779620594","0,0,0"
46.96666666666667,288,AV,1,0,0,97,11861.36896338871,0.1,-14.067903088732907,"0.2956736111111111,0.29721739130434777,0.3476018518518519,0.1,0.97,0.57044166047841","0,0,0"
41.61666666666667,72,AV,1,0,0,83,1205.4292211271013,0.4,-5.067267281404667,"0.22438235294117648,0.26782828282828286,0.34144117647058825,0.4,0.83,0.05797198018301001","0,0,0"
43.483333333333334,95,AV,1,0,0,86,1509.578116022191,0.1,-1.6576133437297544,"0.3014444444444445,0.29612,0.37613636363636366,0.1,0.86,0.07259922946360745","0,0,0"
36.233333333333334,146,AV,2,0,0,57,2225.3307045190536,0.1,-2.03614013115506,"0.22903508771929823,0.2916649659863945,0.3538717948717949,0.1,0.57,0.10702148682143131","0,0,0"
34.81666666666667,197,AV,1,0,0,64,3278.222126324269,0.2,-5.764483183410269,"0.2308888888888889,0.30124213836477987,0.34700925925925924,0.2,0.64,0.1576575586620336","0,0,0"
44.93333333333333,150,AV,1,0,0,89,2352.9451803313505,0.2,-5.339680308226701,"0.2341984126984127,0.2926492248062016,0.3401770833333333,0.2,0.89,0.11315877280487406","0,0,0"
27.216666666666665,53,AV,0,0,0,63,943.1907669438916,1.0,-7.482451693684237,"0.13910185185185187,0.21413586956521738,0.2798148148148148,1.0,0.63,0.04536030443906415","0,0,0"
19.333333333333332,76,AV,1,0,0,25,1261.43865123121,0.1,-0.6158538869647323,"0.267,0.27905016181229775,0.3268166666666666,0.1,0.25,0.060665607909257666","0,0,0"
16.916666666666668,206,AV,1,0,0,14,3558.5090095449787,0.3,-4.560462935212314,"0.2866960784313725,0.2801039755351682,0.35930952380952386,0.3,0.14,0.17113722661336772","0,0,0"
18.733333333333334,266,AV,0,0,0,36,6427.339783247283,0.1,-4.040542894095095,"0.2251145833333333,0.2731443298969073,0.3391666666666667,0.1,0.36,0.3091061739780037","0,0,0"
24.3,148,AV,1,0,0,38,2318.1098695731453,0.4,-5.689906043497721,"0.2593425925925926,0.2650062893081761,0.2945208333333334,0.4,0.38,0.1114834592239942","0,0,0"
46.35,274,AV,1,0,0,97,7572.106998522375,0.3,-26.588421165266066,"0.2225144927536232,0.2745695792880259,0.34186904761904763,0.3,0.97,0.3641607729166582","0,0,0"
24.083333333333332,145,AV,0,0,0,50,2215.952556227922,0.2,-3.6953294981055107,"0.1741666666666667,0.2649690721649484,0.3232435897435898,0.2,0.5,0.10657046919438351","0,0,0"
18.316666666666666,282,AV,1,0,0,22,8689.506535985933,0.5,-20.096312464327735,"0.2204047619047619,0.2681496598639457,0.34049999999999997,0.5,0.22,0.4178991946398128","0,0,0"
21.683333333333334,195,AV,1,0,0,34,3269.866339895674,0.4,-7.161777959939851,"0.21903703703703703,0.2920290519877675,0.3437179487179487,0.4,0.34,0.15725570886715387","0,0,0"
32.7,218,AV,1,0,0,58,3971.0791127863904,0.1,-3.279148661316035,"0.20887301587301585,0.28674489795918373,0.3267857142857143,0.1,0.58,0.19097871164626756","0,0,0"
25.516666666666666,171,AV,1,0,0,41,2813.5576138103806,1.0,-18.129447418954936,"0.31916666666666665,0.29349019607843135,0.3477692307692308,1.0,0.41,0.13531072863744203","0,0,0"
44.516666666666666,45,AV,1,0,0,90,877.2934597877683,0.2,-1.9724333595060008,"0.28985333333333335,0.28465217391304354,0.35578985507246375,0.2,0.9,0.04219114500803879","0,0,0"
46.6,254,AV,1,0,0,98,5578.433439706214,0.6,-39.38712095307721,"0.26053508771929823,0.3039182692307692,0.34613333333333335,0.6,0.98,0.2682802334230043","0,0,0"
17.633333333333333,271,AV,1,0,0,20,7177.938863287724,0.1,-3.1962370864303082,"0.21948076923076923,0.2833232323232323,0.3257888888888889,0.1,0.2,0.345204282627472","0,0,0"
15.683333333333334,289,AV,0,0,0,22,11940.25564443948,0.8,-38.83091098120387,"0.27807499999999996,0.2821137071651091,0.36218181818181816,0.8,0.22,0.5742355100304415","0,0,0"
26.45,42,AV,1,0,0,45,850.3216016091212,0.1,-0.5679547061252842,"0.19871052631578945,0.27385396825396824,0.32390625,0.1,0.45,0.04089400370730819","0,0,0"
37.6,232,AV,0,0,0,80,4577.590037133467,0.6,-27.07839172669975,"0.2782727272727273,0.27602640264026407,0.34080208333333334,0.6,0.8,0.22014727556589106","0,0,0"
13.216666666666667,172,AV,1,0,0,0,2815.231094880572,1.0,-9.395952265321101,"0.30778985507246376,0.29739743589743584,0.39067948717948725,1.0,0.0,0.13539121035278245","0,0,0"
38.6,276,AV,1,0,0,67,7897.119961473183,0.2,-15.395395480447721,"0.26654320987654323,0.2869810606060606,0.36621111111111104,0.2,0.67,0.37979142523300763","0,0,0"
26.083333333333332,298,AV,1,0,0,40,18628.94525544202,0.1,-12.270327998639209,"0.19145555555555555,0.2468645833333333,0.32100925925925927,0.1,0.4,0.8959106235777834","0,0,0"
33.55,132,AV,1,0,0,61,2035.9911412414244,0.1,-1.724936939107318,"0.356984126984127,0.30082333333333333,0.3970175438596491,0.1,0.61,0.09791569345106042","0,0,0"
47.4,22,AV,1,0,0,99,639.9143284368583,0.9,-6.8936225381607015,"0.31925,0.32502,0.3687261904761905,0.9,0.99,0.030775013677102628","0,0,0"
19.25,280,AV,1,0,0,26,8436.938288223368,0.2,-8.202578891328274,"0.2474444444444444,0.2966023102310231,0.3144444444444444,0.2,0.26,0.4057525822983113","0,0,0"
37.38333333333333,117,AV,1,0,0,69,1836.3970218708375,0.2,-3.4672041414615222,"0.21530555555555556,0.27840264026402634,0.3427619047619047,0.2,0.69,0.08831673390204767","0,0,0"
45.03333333333333,84,AV,1,0,0,92,1446.9812594843625,0.7,-11.518604184295972,"0.26726851851851857,0.2940736842105263,0.33418627450980387,0.7,0.92,0.06958879661269593","0,0,0"
5.3,131,AV,0,0,0,1,2034.664800296876,0.2,-1.5446324970491638,"0.29258888888888884,0.29945079365079363,0.344,0.2,0.01,0.09785190653632031","0,0,0"
27.8,91,AV,2,0,0,15,1474.807688008607,0.1,-1.0353447910767495,"0.2650777777777778,0.30322037037037036,0.3651833333333333,0.1,0.15,0.07092703624941481","0,0,0"
28.966666666666665,55,AV,1,0,0,49,950.4213588862824,1.0,-6.952156236297807,"0.27103205128205127,0.2911879432624113,0.3293666666666667,1.0,0.49,0.04570804093445438","0,0,0"
40.8,228,AV,2,0,0,84,4434.023444374438,0.2,-9.136775582347328,"0.23016666666666666,0.287501572327044,0.3514824561403509,0.2,0.84,0.2132428140475394","0,0,0"
47.46666666666667,194,AV,1,0,0,97,3257.969850357721,0.2,-7.810351964493931,"0.2540925925925926,0.2866181229773463,0.3422894736842105,0.2,0.97,0.15668357817407447","0,0,0"
13.95,43,AV,1,0,0,8,857.6590975250949,0.4,-1.2085196374217246,"0.19527450980392153,0.2497984126984127,0.3615925925925926,0.4,0.08,0.041246881470994735","0,0,0"
42.1,29,AV,1,0,0,82,767.6170681366935,0.1,-0.8160777416301718,"0.25145652173913047,0.28779710144927534,0.36125555555555566,0.1,0.82,0.036916544482430876","0,0,0"
36.25,294,AV,1,0,0,60,13460.811009378149,0.1,-12.322080785099947,"0.27673684210526317,0.29706249999999995,0.3575384615384615,0.1,0.6,0.6473626617025839","0,0,0"
25.4,105,AV,1,0,0,40,1592.2311391495805,0.1,-1.0212795690504883,"0.20389393939393938,0.2602666666666666,0.32625925925925925,0.1,0.4,0.07657421143254188","0,0,0"
40.0,100,AV,1,0,0,79,1567.0706205360798,0.3,-4.748698850109332,"0.29038636363636366,0.2946009615384615,0.36470238095238094,0.3,0.79,0.07536418179256658","0,0,0"
40.46666666666667,133,AV,1,0,0,78,2043.1688306873104,0.8,-16.70307717477707,"0.2966770833333333,0.2993846153846154,0.34602499999999997,0.8,0.78,0.09826088573860729","0,0,0"
26.95,11,AV,1,0,0,46,522.440884226393,0.1,-0.35555004620962855,"0.30774999999999997,0.32273195876288663,0.3666428571428571,0.1,0.46,0.02512543420745","0,0,0"
31.183333333333334,68,AV,1,0,0,54,1148.2139867956057,0.4,-3.6166807563881793,"0.2956521739130435,0.2940151515151515,0.3616842105263158,0.4,0.54,0.05522036244162957","0,0,0"
16.983333333333334,34,AV,1,0,0,13,801.7987355487146,0.1,-0.343869070506793,"0.2996231884057971,0.3193043478260869,0.3678333333333334,0.1,0.13,0.03856042278826712","0,0,0"
31.516666666666666,139,AV,2,0,0,42,2147.781038516846,0.4,-6.837464551911374,"0.2105873015873016,0.2749079861111111,0.34983333333333333,0.4,0.42,0.10329193752738362","0,0,0"
24.483333333333334,264,AV,1,0,0,41,6130.868263041086,0.1,-3.790507356232052,"0.24323809523809523,0.28874305555555557,0.34273913043478266,0.1,0.41,0.29484814804583803","0,0,0"
32.38333333333333,217,AV,0,0,0,68,3958.913906791885,0.4,-13.949780674910155,"0.22731250000000003,0.2520528846153846,0.35331944444444446,0.4,0.68,0.1903936577347851","0,0,0"
27.416666666666668,52,AV,1,0,0,43,934.0011274976006,0.2,-1.2932928070147753,"0.17711764705882352,0.2612380952380952,0.328037037037037,0.2,0.43,0.04491835265414619","0,0,0"
27.233333333333334,198,AV,0,0,0,62,3382.383844415393,0.1,-3.326100674147623,"0.288263888888889,0.29002604166666673,0.34654166666666664,0.1,0.62,0.16266694531964326","0,0,0"
41.016666666666666,290,AV,1,0,0,80,12197.400506638176,0.6,-75.80253193645594,"0.2772901234567902,0.27846499999999996,0.35434615384615387,0.6,0.8,0.5866022227285186","0,0,0"
30.983333333333334,75,AV,1,0,0,52,1260.6549751070208,0.1,-0.986345790708734,"0.2561984126984127,0.28069636963696376,0.34724074074074074,0.1,0.52,0.06062791904628244","0,0,0"
10.25,272,AV,1,0,0,0,7334.728577480919,1.0,-18.985092908883693,"0.1995087719298246,0.2723876811594203,0.36376315789473673,1.0,0.0,0.352744675746206","0,0,0"
46.05,28,AV,1,0,0,96,763.1985099142711,0.4,-3.5500294324800183,"0.1987651515151515,0.25822030651340994,0.34364285714285714,0.4,0.96,0.03670404542797105","0,0,0"
20.166666666666668,249,AV,1,0,0,28,5158.4050556257225,0.6,-15.761793225523041,"0.21902777777777774,0.27645748299319733,0.33475641025641023,0.6,0.28,0.24808006178999184","0,0,0"
31.15,137,AV,1,0,0,55,2141.869626207308,0.1,-1.6848292640494353,"0.2865520833333334,0.27586775362318844,0.3382738095238096,0.1,0.55,0.10300764354209123","0,0,0"
8.75,234,AV,0,0,0,8,4617.1597275219765,0.1,-2.020205747874174,"0.2340666666666667,0.31982389937106925,0.36739473684210533,0.1,0.08,0.2220502768096353","0,0,0"
43.416666666666664,16,AV,2,0,0,88,591.6693204447811,0.2,-1.2973893769012246,"0.29285333333333335,0.30649158249158254,0.366,0.2,0.88,0.028454795618483852","0,0,0"
12.483333333333333,47,AV,1,0,0,2,905.8209551718018,0.4,-1.1421883761341407,"0.20848666666666663,0.26009548611111116,0.34104166666666663,0.4,0.02,0.04356310063022602","0,0,0"
30.9,196,AV,1,0,0,51,3274.575105225111,0.1,-2.5551608775620185,"0.2871025641025641,0.3213988095238095,0.36046666666666666,0.1,0.51,0.15748216467690215","0,0,0"
25.566666666666666,203,AV,2,0,0,16,3480.90175047103,0.2,-4.494699735035825,"0.2620459770114943,0.2736615646258503,0.30032051282051275,0.2,0.16,0.1674049075304721","0,0,0"
20.716666666666665,246,AV,1,0,0,33,4951.479839002994,0.1,-2.5903575083673074,"0.27868750000000003,0.294440350877193,0.353140350877193,0.1,0.33,0.23812853220437127","0,0,0"
42.483333333333334,253,AV,0,0,0,98,5568.958209200236,0.6,-36.846652715281316,"0.32796428571428576,0.3295322580645161,0.3877982456140351,0.6,0.98,0.2678245468795767","0,0,0"
40.983333333333334,169,AV,0,0,0,92,2780.081336731352,0.3,-9.631590917957569,"0.30425490196078425,0.29382232704402517,0.3532843137254902,0.3,0.92,0.13370077424326215","0,0,0"
41.45,138,AV,1,0,0,80,2142.030696222753,0.2,-4.484200624163289,"0.233474358974359,0.2672751937984496,0.3540729166666667,0.2,0.8,0.10301538978515534","0,0,0"
28.416666666666668,26,AV,1,0,0,48,670.158540600369,0.1,-0.480900804597487,"0.25112068965517237,0.29281999999999997,0.36040909090909085,0.1,0.48,0.032229530323508795","0,0,0"
24.566666666666666,24,AV,1,0,0,30,650.412147456106,0.1,-0.4034964248107325,"0.24765740740740746,0.26673508771929827,0.3468529411764706,0.1,0.3,0.0312798789528752","0,0,0"
27.433333333333334,39,AV,1,0,0,47,827.3783452591958,0.1,-0.5731754024817494,"0.2757986111111111,0.2789625850340136,0.3576203703703704,0.1,0.47,0.03979060752349248","0,0,0"
14.566666666666666,7,AV,1,0,0,7,506.5869000089976,0.1,-0.1863455179326027,"0.22886805555555553,0.2837450980392157,0.3388928571428571,0.1,0.07,0.02436297811068039","0,0,0"
42.25,262,AV,1,0,0,84,6007.794801579103,0.2,-12.819663149834195,"0.28200694444444446,0.31216666666666665,0.33866666666666667,0.2,0.84,0.2889292503255245","0,0,0"
28.983333333333334,31,AV,0,0,0,64,777.0630287344238,0.1,-1.5687342621924087,"0.16821666666666665,0.29926969696969696,0.35247619047619044,0.1,0.64,0.037370823365822384","0,0,0"
18.75,130,AV,1,0,0,26,2030.86588445069,0.2,-1.9231684511843656,"0.27468055555555554,0.2667981481481482,0.3447638888888889,0.2,0.26,0.09766920756877238","0,0,0"
20.216666666666665,25,AV,1,0,0,30,658.4091024775607,0.6,-2.0167935386497,"0.2601029411764706,0.2993882783882783,0.34327777777777774,0.6,0.3,0.03166447168540803","0,0,0"
15.983333333333333,32,AV,1,0,0,11,779.2240782816187,0.6,-1.8870603309900817,"0.22066666666666662,0.25725,0.3117777777777778,0.6,0.11,0.03747475341773148","0,0,0"
45.11666666666667,135,AV,1,0,0,92,2078.9202215407213,0.2,-4.737068215244725,"0.21064583333333334,0.26459313725490197,0.3519479166666666,0.2,0.92,0.09998025580674873","0,0,0"
46.03333333333333,226,AV,1,0,0,94,4412.688598555705,0.1,-5.129564776603896,"0.20477564102564103,0.2524863945578231,0.3236354166666667,0.1,0.94,0.21221677018089516","0,0,0"
21.75,184,AV,1,0,0,36,3001.8426729260827,0.1,-1.6487393468722802,"0.2712738095238095,0.27062149532710283,0.32632456140350874,0.1,0.36,0.14436580837543475","0,0,0"
29.716666666666665,63,AV,1,0,0,52,1076.386102050743,0.1,-0.8077426009917822,"0.2293774509803921,0.2818168498168498,0.31658888888888886,0.1,0.52,0.051765987321103386","0,0,0"
40.81666666666667,183,AV,1,0,0,81,2991.769966736588,0.2,-6.167377650284431,"0.24367777777777777,0.2800927672955974,0.32021052631578945,0.2,0.81,0.143881387794473","0,0,0"
12.683333333333334,210,AV,1,0,0,0,3759.463069718096,0.3,-3.6123123687569083,"0.3115277777777778,0.3546875,0.39110416666666664,0.3,0.0,0.18080158897481655","0,0,0"
37.71666666666667,211,AV,0,0,0,76,3793.837230001502,0.1,-4.613406418978704,"0.20439855072463764,0.23551630434782608,0.3189444444444445,0.1,0.76,0.1824547247241673","0,0,0"
41.583333333333336,259,AV,1,0,0,82,5899.132481879994,0.6,-37.1675139956833,"0.2715987654320988,0.3201086956521739,0.3526428571428572,0.6,0.82,0.2837034189504176","0,0,0"
30.383333333333333,119,AV,1,0,0,49,1869.7531794209297,1.0,-14.345791439748968,"0.24645000000000003,0.3061163194444444,0.35903124999999997,1.0,0.49,0.0899209114602018","0,0,0"
40.71666666666667,0,AV,1,0,0,74,419.7646265090227,0.5,-2.1580071181850644,"0.25903787878787876,0.26711274509803923,0.3470333333333333,0.5,0.74,0.02018748689927752","0,0,0"
13.983333333333333,80,AV,1,0,0,6,1301.8927857652438,0.1,-0.4597171916064981,"0.2636474358974359,0.26751980198019804,0.30985897435897436,0.1,0.06,0.06261114419162438","0,0,0"
47.7,250,AV,1,0,0,100,5168.6614957092925,0.4,-24.903550842962957,"0.27055952380952386,0.3435885416666667,0.37628124999999996,0.4,1.0,0.24857331857425743","0,0,0"
43.666666666666664,51,AV,1,0,0,87,932.0432837729122,0.7,-7.194307165149498,"0.26567361111111115,0.29422280701754383,0.36154761904761906,0.7,0.87,0.04482419525724574","0,0,0"
16.55,291,AV,1,0,0,14,12726.503958899895,1.0,-53.18778801004881,"0.20953472222222222,0.27404666666666666,0.3470185185185185,1.0,0.14,0.6120480758003385","0,0,0"
21.583333333333332,273,AV,1,0,0,30,7336.658338656486,0.5,-19.993629100505363,"0.2861728395061729,0.3249848484848485,0.3640595238095238,0.5,0.3,0.35283748258601644","0,0,0"
14.616666666666667,10,AV,1,0,0,7,513.7357984527049,0.1,-0.18962386163426864,"0.26516666666666666,0.26433333333333336,0.32503333333333323,0.1,0.07,0.024706785769931794","0,0,0"
42.43333333333333,36,AV,0,0,0,96,813.126641713825,0.3,-3.6139146840952003,"0.18695614035087718,0.23413859649122806,0.3016111111111111,0.3,0.96,0.03910520894427614","0,0,0"
29.033333333333335,227,AV,0,0,0,64,4429.527615460413,0.4,-13.990298158471447,"0.22465432098765434,0.282491134751773,0.33599999999999997,0.4,0.64,0.21302659886033296","0,0,0"
40.266666666666666,238,AV,1,0,0,73,4662.282088415262,0.2,-9.481543371726659,"0.18452000000000002,0.2752483333333333,0.31008888888888886,0.2,0.73,0.2242203192855181","0,0,0"
33.81666666666667,152,AV,1,0,0,61,2417.357356239525,0.1,-2.064317371973904,"0.2851304347826087,0.29575320512820513,0.3238333333333333,0.1,0.61,0.11625650871491097","0,0,0"
18.15,64,AV,1,0,0,22,1100.389953660579,0.4,-2.0173815817110614,"0.24696666666666667,0.2688055555555555,0.31303921568627446,0.4,0.22,0.052920390072797266","0,0,0"
47.56666666666667,151,AV,2,0,0,88,2382.718205806423,0.4,-11.44827905618103,"0.2501666666666667,0.2712195512820512,0.29291666666666666,0.4,0.88,0.11459062895418437","0,0,0"
30.833333333333332,222,AV,1,0,0,53,4061.843573313689,0.3,-9.487892185139298,"0.28558333333333336,0.3223501683501684,0.39221568627450976,0.3,0.53,0.19534379207968386","0,0,0"
31.7,241,AV,1,0,0,58,4756.448820673547,0.1,-3.8075613034179656,"0.3065238095238096,0.34047069597069596,0.36912666666666666,0.1,0.58,0.22874902312038267","0,0,0"
32.38333333333333,85,AV,0,0,0,68,1447.5744631551047,0.2,-3.367539715412768,"0.2884010416666667,0.29362765957446807,0.30985714285714283,0.2,0.68,0.06961732519889745","0,0,0"
31.883333333333333,190,AV,1,0,0,58,3236.647802754315,0.2,-5.211874786758421,"0.294427536231884,0.30639333333333335,0.3848235294117647,0.2,0.58,0.1556581498042776","0,0,0"
30.233333333333334,97,AV,2,0,0,24,1530.0661682302475,0.3,-3.504469733800087,"0.23156349206349205,0.2962353951890034,0.37111111111111117,0.3,0.24,0.07358454899608351","0,0,0"
32.516666666666666,164,AV,1,0,0,56,2645.062412614309,0.1,-2.1719346662502175,"0.2620092592592593,0.23398913043478264,0.33463541666666674,0.1,0.56,0.1272073905952983","0,0,0"
12.766666666666667,83,AV,1,0,0,0,1348.5865378412918,0.3,-1.3043147575586234,"0.3194912280701755,0.2854381443298969,0.3721060606060606,0.3,0.0,0.06485675863549194","0,0,0"
28.433333333333334,233,AV,1,0,0,50,4609.601315671212,0.1,-3.309755826824532,"0.2655,0.29386531986531983,0.3465138888888888,0.1,0.5,0.2216867746691962","0,0,0"
47.983333333333334,242,AV,1,0,0,100,4818.617258984985,0.3,-17.51616046542648,"0.2566136363636364,0.24044660194174752,0.35223611111111114,0.3,1.0,0.23173885231203734","0,0,0"
42.55,147,AV,1,0,0,85,2260.56382504795,0.4,-9.715857652100027,"0.19315151515151516,0.28529340277777776,0.37619047619047613,0.4,0.85,0.10871593202757703","0,0,0"
45.4,268,AV,2,0,0,95,6446.254396158338,0.2,-14.780805534625683,"0.2955416666666667,0.32874833333333336,0.38795833333333335,0.2,0.95,0.3100158230437728","0,0,0"
24.45,157,AV,1,0,0,40,2520.757475212996,0.5,-7.781883872343149,"0.25159615384615386,0.2790992509363295,0.3575,0.5,0.4,0.12122926824569963","0,0,0"
38.36666666666667,187,AV,1,0,0,70,3119.7161673652217,0.2,-6.045106580197594,"0.23244444444444448,0.2908929824561403,0.31164444444444445,0.2,0.7,0.1500346272193471","0,0,0"
13.766666666666667,77,AV,0,0,0,21,1275.9312017726234,0.3,-2.330706026091145,"0.21171014492753623,0.2796254480286738,0.3388703703703704,0.3,0.21,0.06136258939772906","0,0,0"
15.516666666666667,38,AV,0,0,0,21,822.5771428470101,0.6,-2.9338871716933497,"0.2705333333333333,0.2689752475247525,0.3101228070175438,0.6,0.21,0.039559706192899544","0,0,0"
13.083333333333334,215,AV,1,0,0,1,3941.04555698938,0.6,-7.8124261672643005,"0.2213866666666667,0.2737055555555556,0.32702777777777775,0.6,0.01,0.18953432596938674","0,0,0"
37.083333333333336,30,AV,1,0,0,63,776.0711537761008,0.5,-3.6337506674070372,"0.31345,0.29168847352024924,0.31957692307692304,0.5,0.63,0.03732312172194307","0,0,0"
29.733333333333334,37,AV,2,0,0,42,816.2772675203604,0.1,-0.6128950527173077,"0.235531746031746,0.28699065420560754,0.35787499999999994,0.1,0.42,0.03925673009012141","0,0,0"
25.933333333333334,270,AV,0,0,0,60,7099.697064525982,0.3,-14.948394737881852,"0.26939743589743587,0.2779,0.32392857142857145,0.3,0.6,0.3414414470102487","0,0,0"
36.666666666666664,248,AV,1,0,0,67,5144.150368411208,0.2,-9.52620438594668,"0.3086851851851852,0.268286231884058,0.3459444444444444,0.2,0.67,0.2473945197189757","0,0,0"
24.483333333333334,101,AV,2,0,0,2,1573.7150367511856,1.0,-9.72974490314601,"0.2773030303030303,0.3016238095238095,0.3678846153846154,1.0,0.02,0.07568372769239937","0,0,0"
38.11666666666667,113,AV,1,0,0,71,1805.1606101798543,0.6,-10.425258372427592,"0.262969696969697,0.2758262411347518,0.3364358974358974,0.6,0.71,0.08681450000245393","0,0,0"
39.55,186,AV,2,0,0,78,3064.640983136323,0.5,-15.303857434727473,"0.2720151515151515,0.2889200680272109,0.37451666666666666,0.5,0.78,0.14738592961625765","0,0,0"
40.416666666666664,236,AV,1,0,0,71,4645.51881630073,0.1,-4.741322865963498,"0.32357017543859645,0.34221904761904764,0.3764479166666666,0.1,0.71,0.22341413335457028","0,0,0"
46.166666666666664,58,AV,1,0,0,93,1011.0784796502788,0.3,-3.5362214502920106,"0.25489444444444453,0.26379746835443035,0.3271269841269842,0.3,0.93,0.04862518724321976","0,0,0"
34.31666666666667,278,AV,1,0,0,62,8326.33528790118,0.1,-7.21545637954063,"0.30650000000000005,0.3038993399339934,0.3461851851851852,0.1,0.62,0.40043341894099355","0,0,0"
26.883333333333333,260,AV,1,0,0,46,5911.733280178027,0.1,-4.013310513858231,"0.24516666666666662,0.26153333333333334,0.33650980392156865,0.1,0.46,0.28430942153971994","0,0,0"
44.78333333333333,87,AV,1,0,0,91,1457.5875839824732,0.1,-1.6483745110104824,"0.2754782608695653,0.29516666666666663,0.35838095238095236,0.1,0.91,0.07009888017699192","0,0,0"
20.166666666666668,287,AV,1,0,0,25,10708.821866752483,0.2,-10.907133382803456,"0.22257246376811593,0.22475816993464057,0.31112222222222224,0.2,0.25,0.5150129083997876","0,0,0"
41.13333333333333,170,AV,1,0,0,78,2793.3389947689566,0.2,-5.802997170950998,"0.20363492063492064,0.2825436893203883,0.33125000000000004,0.2,0.78,0.1343383667916745","0,0,0"
19.116666666666667,21,AV,1,0,0,13,626.2908344343901,0.1,-0.3023382100573424,"0.2260128205128205,0.28007142857142847,0.3309166666666667,0.1,0.13,0.03011982720037529","0,0,0"
40.18333333333333,12,AV,1,0,0,79,539.5213747330826,0.4,-2.18987547892502,"0.25256249999999997,0.30034259259259266,0.35408730158730156,0.4,0.79,0.025946875931124203","0,0,0"
19.2,125,AV,1,0,0,26,1950.0200213032829,0.1,-0.9454642527531069,"0.24042063492063495,0.29701923076923076,0.33172222222222225,0.1,0.26,0.09378113625432592","0,0,0"
35.75,281,AV,1,0,0,63,8475.089255911002,0.1,-7.651122244919654,"0.28066666666666673,0.31027614379084967,0.34987037037037033,0.1,0.63,0.40758735376725097","0,0,0"
26.266666666666666,208,AV,1,0,0,42,3608.770587345788,0.1,-2.3936963155121895,"0.26912745098039215,0.2890816666666666,0.3223589743589744,0.1,0.42,0.17355442634701188","0,0,0"
10.366666666666667,5,AV,0,0,0,14,491.0984231068265,0.3,-1.3856858827934926,"0.24748550724637677,0.27180645161290323,0.34052083333333344,0.3,0.14,0.023618100136676975","0,0,0"
20.45,126,AV,0,0,0,46,1996.532829496936,0.1,-2.031037786949806,"0.24963636363636366,0.27347435897435896,0.32873456790123456,0.1,0.46,0.0960180486732379","0,0,0"
43.21666666666667,293,AV,1,0,0,85,13351.937436366714,0.1,-14.571369432869904,"0.2354130434782609,0.30349339933993397,0.3529166666666667,0.1,0.85,0.6421266706493964","0,0,0"
17.116666666666667,23,AV,0,0,0,23,640.5426603936758,0.3,-1.83060266694988,"0.3081538461538461,0.30254119850187267,0.3616083333333333,0.3,0.23,0.03080523166677017","0,0,0"
31.7,252,AV,1,0,0,55,5480.041794665195,0.3,-13.160403400824748,"0.31032539682539695,0.32721651090342674,0.4110138888888889,0.3,0.55,0.26354834340696637","0,0,0"
22.166666666666668,6,AV,1,0,0,33,497.26542980048754,0.1,-0.27835144008192275,"0.23655072463768115,0.2793956228956229,0.3616923076923077,0.1,0.33,0.023914686268460907","0,0,0"
23.083333333333332,180,AV,1,0,0,37,2968.817229463249,0.5,-8.65280274159638,"0.23542424242424245,0.2580707547169811,0.287,0.5,0.37,0.14277753565032827","0,0,0"
43.833333333333336,159,AV,1,0,0,88,2538.843693606908,0.3,-8.430756204780515,"0.2617105263157895,0.2845825396825397,0.3556354166666667,0.3,0.88,0.12209907783380393","0,0,0"
10.3,297,AV,0,0,0,14,17693.100214811147,0.2,-10.203986475381559,"0.32410606060606056,0.33591666666666675,0.38981818181818184,0.2,0.14,0.8509035927219247","0,0,0"
28.416666666666668,181,AV,1,0,0,51,2969.8754393798326,0.5,-10.655803081108196,"0.29875555555555555,0.31585598705501616,0.3737631578947368,0.5,0.51,0.1428284275013291","0,0,0"
46.266666666666666,57,AV,1,0,0,96,978.4447105201264,0.1,-1.1431660422575214,"0.20264666666666664,0.26491580756013744,0.31722916666666673,0.1,0.96,0.04705575107546101","0,0,0"
26.833333333333332,182,AV,1,0,0,44,2987.078671303881,0.2,-4.048145337373105,"0.2669824561403509,0.2586006600660066,0.3493703703703704,0.2,0.44,0.14365577215392691","0,0,0"
36.583333333333336,161,AV,1,0,0,64,2561.5826276178027,1.0,-23.664452304802513,"0.28663043478260863,0.31110891089108905,0.33845833333333336,1.0,0.64,0.12319264766665551","0,0,0"
28.933333333333334,110,AV,1,0,0,51,1718.6657268339234,1.0,-12.557254637136746,"0.24587356321839085,0.2942015503875969,0.3527333333333333,1.0,0.51,0.08265475376818426","0,0,0"
19.966666666666665,123,AV,1,0,0,30,1922.439846447592,0.1,-0.969311000018609,"0.22596969696969693,0.2635574074074074,0.31973333333333337,0.1,0.3,0.09245473954670083","0,0,0"
36.583333333333336,17,AV,1,0,0,62,601.3137559373858,0.3,-1.6665198160133359,"0.15958730158730158,0.24966666666666668,0.3033461538461538,0.3,0.62,0.028918619635236016","0,0,0"
20.016666666666666,265,AV,1,0,0,30,6248.181898567973,0.1,-3.158277129705444,"0.21971014492753624,0.27384444444444445,0.3176960784313726,0.1,0.3,0.3004900419328989","0,0,0"
37.43333333333333,201,AV,1,0,0,68,3458.1247672483346,0.7,-22.882423228399958,"0.2123974358974359,0.2826947368421052,0.3370701754385965,0.7,0.68,0.16630950781983606","0,0,0"
40.96666666666667,175,AV,0,0,0,93,2942.323800284961,0.3,-10.131605935732873,"0.24365740740740743,0.23628937728937732,0.3078859649122807,0.3,0.93,0.1415034031468308","0,0,0"
23.833333333333332,3,AV,1,0,0,36,457.16351791608827,0.1,-0.275144709856905,"0.15097777777777777,0.2863917525773196,0.3420625,0.1,0.36,0.021986089217454062","0,0,0"
24.583333333333332,247,AV,1,0,0,39,5064.807770076448,0.5,-15.7209416263947,"0.2803194444444444,0.314420634920635,0.3706969696969697,0.5,0.39,0.24357874401210303","0,0,0"
17.066666666666666,224,AV,1,0,0,20,4223.122456076251,0.4,-7.280264974784648,"0.2046666666666667,0.22667730496453903,0.3018205128205128,0.4,0.2,0.20310008007368746","0,0,0"
14.933333333333334,219,AV,1,0,0,8,3987.5502105766736,0.2,-3.007445276663889,"0.25335714285714284,0.2872938144329897,0.3353020833333333,0.2,0.08,0.1917708462137355","0,0,0"
26.083333333333332,174,AV,1,0,0,42,2909.5116230827134,0.1,-1.916408118739245,"0.27241269841269844,0.2954108910891089,0.33182407407407405,0.1,0.42,0.13992538690731113","0,0,0"
44.53333333333333,88,AV,1,0,0,88,1460.106853854364,0.2,-3.284011374999041,"0.17710416666666665,0.23224444444444448,0.28298484848484845,0.2,0.88,0.07022003790282866","0,0,0"
33.96666666666667,60,AV,1,0,0,62,1017.530975349866,0.1,-0.8727811985534626,"0.22047435897435896,0.2809333333333333,0.32540277777777776,0.1,0.62,0.048935503225503364","0,0,0"
15.966666666666667,163,AV,1,0,0,8,2580.565825479665,0.2,-2.0809613306477437,"0.2738550724637681,0.2952829861111111,0.33496031746031746,0.2,0.08,0.12410559514707999","0,0,0"
23.4,255,AV,1,0,0,38,5654.280440205098,0.5,-16.705828573333243,"0.27957246376811595,0.2941468646864686,0.37465625,0.5,0.38,0.2719278974523786","0,0,0"
16.216666666666665,142,AV,1,0,0,12,2193.4249838744518,1.0,-8.982333793391588,"0.2593222222222222,0.3011880733944954,0.3314895833333333,1.0,0.12,0.10548706425018813","0,0,0"
11.133333333333333,14,AV,1,0,0,0,571.0932451196882,0.2,-0.32111977082487514,"0.20384722222222224,0.2651329966329966,0.3327549019607843,0.2,0.0,0.027465242843352784","0,0,0"
24.016666666666666,240,AV,1,0,0,38,4705.31956239884,0.3,-8.561067537142335,"0.2647820512820513,0.32163295880149817,0.39389583333333333,0.3,0.38,0.2262900945532605","0,0,0"
36.86666666666667,200,AV,1,0,0,65,3456.1529418207683,0.7,-22.523178514794942,"0.30941304347826093,0.31025568181818175,0.38677083333333334,0.7,0.65,0.1662146780093356","0,0,0"
41.46666666666667,48,AV,1,0,0,82,923.9636394510808,1.0,-9.675174810413674,"0.25635833333333335,0.2876537216828479,0.3537352941176471,1.0,0.82,0.04443562579808411","0,0,0"
23.35,212,AV,1,0,0,34,3822.7735841463273,0.4,-9.016339716143106,"0.17654385964912284,0.2519185185185185,0.30906410256410255,0.4,0.34,0.18384634334403438","0,0,0"
19.566666666666666,162,AV,1,0,0,29,2574.4307659940623,0.1,-1.272046178146898,"0.25290666666666667,0.29143103448275864,0.3483840579710145,0.1,0.29,0.12381054543309646","0,0,0"
29.066666666666666,275,AV,1,0,0,49,7658.5640246764915,0.3,-16.864312700802778,"0.22547311827956984,0.2808589743589744,0.35075925925925927,0.3,0.49,0.3683186985078447","0,0,0"
45.65,69,AV,1,0,0,93,1150.2916000513435,0.2,-2.6520611890072643,"0.31933333333333336,0.30938194444444445,0.3702564102564102,0.2,0.93,0.05532027984231857","0,0,0"
33.53333333333333,185,AV,1,0,0,59,3048.604611013583,0.1,-2.581562490471098,"0.3334916666666667,0.2943907407407408,0.3377916666666666,0.1,0.59,0.14661470204800806","0,0,0"
33.25,166,AV,2,0,0,19,2675.3892374750885,0.1,-2.246381114799159,"0.17782638888888885,0.23925945017182135,0.3166862745098039,0.1,0.19,0.1286658802843062","0,0,0"
43.05,223,AV,1,0,0,85,4090.160813256426,0.6,-26.679003486468048,"0.2396159420289855,0.29327719298245614,0.3417843137254903,0.6,0.85,0.19670563601379967","0,0,0"
36.61666666666667,15,AV,1,0,0,68,572.7967315704935,0.8,-4.237152926802608,"0.22787681159420292,0.25896557971014494,0.29931333333333326,0.8,0.68,0.027547167589358008","0,0,0"
25.616666666666667,78,AV,0,0,0,56,1291.2118623687816,1.0,-9.35266259453206,"0.26542982456140346,0.3035015873015873,0.3728125,1.0,0.56,0.062097472987522495","0,0,0"
39.38333333333333,109,AV,0,0,0,84,1684.196745492046,0.1,-2.6749818643087986,"0.27877272727272734,0.26046934865900384,0.3470333333333333,0.1,0.84,0.08099705784688291","0,0,0"
30.45,231,AV,1,0,0,52,4572.8741748457805,0.1,-3.5162630965670214,"0.2645,0.29010166666666665,0.3298796296296296,0.1,0.52,0.21992047844641197","0,0,0"
33.93333333333333,279,AV,1,0,0,62,8331.964781214912,0.6,-42.83808155190293,"0.2516574074074074,0.28125806451612895,0.3644375,0.6,0.62,0.4007041547661289","0,0,0"
14.433333333333334,221,AV,1,0,0,6,4034.238052294327,1.0,-14.703914786560972,"0.24544999999999995,0.3118208722741433,0.3690769230769231,1.0,0.06,0.19401617641430308","0,0,0"
33.95,155,AV,1,0,0,61,2472.005569054355,0.1,-2.119307804782711,"0.3052592592592593,0.2971565656565657,0.3586014492753623,0.1,0.61,0.11888467223941558","0,0,0"
16.833333333333332,44,AV,1,0,0,10,859.2772315809713,0.1,-0.3652651531552108,"0.2551025641025641,0.27188194444444447,0.3356770833333333,0.1,0.1,0.041324701415771756","0,0,0"
17.033333333333335,115,AV,0,0,0,35,1830.3424648913517,0.1,-1.7872937706729637,"0.23349242424242425,0.27474579124579124,0.31378947368421056,0.1,0.35,0.08802555574651609","0,0,0"
41.78333333333333,235,AV,1,0,0,83,4635.813442599864,0.1,-4.891407533921658,"0.3361190476190476,0.30897480620155043,0.37720833333333337,0.1,0.83,0.222947378673338","0,0,0"
21.733333333333334,1,AV,1,0,0,31,437.5592869272848,0.3,-0.7204258966580548,"0.21937777777777778,0.2515815217391304,0.3535925925925926,0.3,0.31,0.0210432747655832","0,0,0"
26.033333333333335,199,AV,2,0,0,30,3414.9419898187493,0.8,-17.9600652797875,"0.20369230769230773,0.2807530864197531,0.32771296296296293,0.8,0.3,0.1642327445611401","0,0,0"
33.483333333333334,177,AV,1,0,0,58,2953.464044858564,0.2,-4.99453641929365,"0.2896458333333333,0.2855110062893082,0.3603888888888889,0.2,0.58,0.14203916420715332","0,0,0"
25.216666666666665,112,AV,1,0,0,41,1799.695682844959,0.5,-5.730091683805604,"0.20377272727272724,0.31731535947712425,0.35978125,0.5,0.41,0.0865516785496407","0,0,0"
32.516666666666666,245,AV,1,0,0,58,4950.077303955518,0.4,-16.25858723908622,"0.21468279569892476,0.2732666666666667,0.3272857142857143,0.4,0.58,0.23806108093261413","0,0,0"
26.9,292,AV,1,0,0,46,13079.31179296209,0.1,-8.884684020976772,"0.3268392857142857,0.29078421052631576,0.36097916666666663,0.1,0.46,0.6290154500817918","0,0,0"
45.983333333333334,65,AV,1,0,0,95,1111.987968807459,0.5,-6.456175938425463,"0.2683333333333333,0.30045408163265314,0.34447500000000003,0.5,0.95,0.05347816641708441","0,0,0"
45.766666666666666,104,AV,1,0,0,95,1588.8002265047048,0.1,-1.8362144031910435,"0.30556060606060603,0.31310897435897433,0.3659583333333334,0.1,0.95,0.07640921062090368","0,0,0"
44.0,173,AV,1,0,0,88,2857.8751728516777,0.3,-9.52625057617226,"0.21128030303030304,0.26790924092409246,0.35582352941176465,0.3,0.88,0.13744206626346972","0,0,0"
42.03333333333333,35,AV,2,0,0,72,806.3598325453933,0.2,-1.7118177589894625,"0.24424358974358973,0.2786376146788991,0.3179074074074074,0.2,0.72,0.03877977687399022","0,0,0"
40.38333333333333,99,AV,1,0,0,77,1552.9853059451273,0.2,-3.167410266250037,"0.28376666666666667,0.27753666666666665,0.34701515151515144,0.2,0.77,0.074686785256937","0,0,0"
