travel_time,id,kind,action,origin,destination,start_time,income,urgency,reward,observation,cost_table
36.03333333333333,291,AV,1,0,0,77,11861.36896338871,0.2,-22.188007982597977,"0.16436842105263158,0.2540967741935483,0.33570833333333333,0.2,0.77,0.5860583346804944","0,0,0"
39.06666666666667,66,AV,1,0,0,89,1135.438045570021,0.5,-6.202643713400945,"0.187325,0.24835882352941174,0.3215190476190476,0.5,0.89,0.05610085414032447","0,0,0"
30.816666666666666,262,AV,1,0,0,65,5912.288420941998,0.6,-28.20752327899433,"0.27361111111111114,0.2519737827715356,0.3665916666666667,0.6,0.65,0.2921202364434439","0,0,0"
39.05,39,AV,1,0,0,92,881.2906222289953,0.5,-4.947166333490185,"0.20226388888888888,0.2696150793650794,0.32081818181818184,0.5,0.92,0.04354368505248021","0,0,0"
35.38333333333333,264,AV,1,0,0,76,6130.868263041086,0.3,-17.036046942874023,"0.20446666666666669,0.2655764705882353,0.32876111111111106,0.3,0.76,0.3029200470429381","0,0,0"
28.05,62,AV,1,0,0,57,1104.4445206976068,0.7,-6.0781180417923,"0.263525,0.27556076388888895,0.328875,0.7,0.57,0.05456949518600221","0,0,0"
25.55,281,AV,1,0,0,51,8475.089255911002,0.3,-17.006348087918642,"0.22914285714285712,0.2687766666666666,0.34003508771929825,0.3,0.51,0.41874565329841523","0,0,0"
35.166666666666664,162,AV,2,0,0,49,2538.843693606908,0.2,-5.599939712113278,"0.23430769230769233,0.2756098484848485,0.33694871794871795,0.2,0.49,0.12544171854715278","0,0,0"
24.066666666666666,19,AV,2,0,0,7,617.4453946714843,0.2,-1.8412115609306596,"0.24840625000000002,0.26962244897959187,0.33447435897435895,0.2,0.07,0.03050735719243069","0,0,0"
37.11666666666667,205,AV,0,0,0,93,3458.1247672483346,0.7,-23.5106343060582,"0.2516145833333333,0.27560884353741494,0.3573525641025641,0.7,0.93,0.17086247367116114","0,0,0"
42.85,175,AV,1,0,0,96,2815.231094880572,0.6,-18.87958856842917,"0.2773333333333333,0.3062877192982456,0.3809652777777777,0.6,0.96,0.1390977426213619","0,0,0"
31.016666666666666,101,AV,1,0,0,67,1592.6375082496468,0.4,-5.591641910930291,"0.15904347826086954,0.24120138888888892,0.326095238095238,0.4,0.67,0.0786906206792357","0,0,0"
16.95,49,AV,1,0,0,17,959.5289757906356,0.5,-2.6554513513701106,"0.16707407407407404,0.24050581395348836,0.32697435897435895,0.5,0.17,0.04740936357053375","0,0,0"
33.8,24,AV,1,0,0,71,640.5426603936758,0.2,-1.6953655721871836,"0.23537254901960783,0.27954964539007093,0.34478735632183904,0.2,0.71,0.03164856990797825","0,0,0"
24.483333333333334,45,AV,2,0,0,3,912.6272274022258,0.5,-3.9119458561571334,"0.20528125,0.24895918367346936,0.33244202898550734,0.5,0.03,0.04509199526010037","0,0,0"
28.216666666666665,108,AV,1,0,0,57,1649.648602545546,0.4,-5.303690195874763,"0.19300000000000003,0.23366830065359478,0.31322,0.4,0.57,0.08150748162374356","0,0,0"
39.03333333333333,289,AV,1,0,0,87,11515.391842589095,0.2,-23.303132558774127,"0.31302941176470594,0.31055166666666667,0.3872753623188406,0.2,0.87,0.5689639524149042","0,0,0"
35.78333333333333,278,AV,0,0,0,83,8139.327108000771,0.3,-22.886349333835426,"0.2248623188405797,0.2761,0.33701515151515155,0.3,0.83,0.40215598259005225","0,0,0"
24.366666666666667,96,AV,1,0,0,45,1530.0661682302475,0.1,-1.5433940685659184,"0.2432222222222222,0.28585542168674705,0.36446969696969694,0.1,0.45,0.07559903357460358","0,0,0"
18.9,297,AV,1,0,0,28,17322.90883950548,0.1,-8.869665906127613,"0.22399019607843138,0.248819298245614,0.3444047619047619,0.1,0.28,0.8559075379611304","0,0,0"
30.783333333333335,271,AV,1,0,0,61,7334.728577480919,0.4,-23.40872150647687,"0.2606140350877193,0.27889409722222225,0.36981333333333327,0.4,0.61,0.3624015768095477","0,0,0"
37.5,127,AV,2,0,0,59,1888.2149669861096,0.4,-8.24304338040193,"0.21357575757575759,0.2736,0.3388703703703704,0.4,0.59,0.09329480623074009","0,0,0"
31.933333333333334,54,AV,2,0,0,32,1022.032321197676,0.3,-3.5632062925943773,"0.2253809523809524,0.2735761904761905,0.3491507936507936,0.3,0.32,0.05049759112961852","0,0,0"
29.016666666666666,91,AV,1,0,0,58,1496.328062426438,0.1,-1.69833953099513,"0.21121929824561403,0.2544003623188406,0.33140804597701146,0.1,0.58,0.07393206763132296","0,0,0"
35.38333333333333,158,AV,1,0,0,75,2496.2043409386315,0.6,-13.984342787809883,"0.1881862745098039,0.24412152777777776,0.3125701754385965,0.6,0.75,0.12333495093088893","0,0,0"
23.816666666666666,157,AV,1,0,0,44,2486.38103050259,0.5,-8.07884681477315,"0.2733833333333333,0.2843855218855219,0.3811111111111111,0.5,0.44,0.12284959102235175","0,0,0"
25.666666666666668,105,AV,0,0,0,52,1626.914224999384,0.4,-5.039710328516922,"0.2756153846153846,0.27622108843537413,0.3277413793103448,0.4,0.52,0.0803841988487261","0,0,0"
22.316666666666666,152,AV,1,0,0,37,2398.572127464108,0.3,-4.65707567549803,"0.3112416666666667,0.3265634057971015,0.3971031746031746,0.3,0.37,0.11851104126104732","0,0,0"
42.416666666666664,250,AV,2,0,0,73,5158.4050556257225,0.1,-6.616025772528394,"0.2331578947368421,0.268136524822695,0.31767901234567897,0.1,0.73,0.2548716160705086","0,0,0"
13.633333333333333,191,AV,1,0,0,10,3048.604611013583,0.5,-5.849722402359241,"0.25004347826086953,0.29926041666666664,0.3711507936507936,0.5,0.1,0.15062849380578247","0,0,0"
22.066666666666666,27,AV,1,0,0,39,727.2326469992182,0.2,-1.412398829214617,"0.19402272727272726,0.26212499999999994,0.3227115384615385,0.2,0.39,0.03593183513143892","0,0,0"
42.46666666666667,231,AV,2,0,0,83,4549.115907877681,0.4,-20.60443000928002,"0.2421470588235294,0.24704480286738348,0.33206111111111114,0.4,0.83,0.22476725085176577","0,0,0"
21.883333333333333,202,AV,1,0,0,38,3387.2787239910285,0.4,-8.089282587273098,"0.2291369047619048,0.2557837301587302,0.3519642857142858,0.4,0.38,0.16736204178524355","0,0,0"
32.03333333333333,218,AV,1,0,0,68,3793.837230001502,0.4,-12.87759604091395,"0.31536666666666663,0.2849756097560976,0.3403448275862069,0.4,0.68,0.18744968948578491","0,0,0"
35.733333333333334,130,AV,0,0,0,84,1927.298426803608,0.1,-2.5608955983278356,"0.2184012345679012,0.2847407407407408,0.37378260869565216,0.1,0.84,0.09522588075045987","0,0,0"
28.6,171,AV,1,0,0,58,2767.495209174315,0.1,-2.6006604999592273,"0.2678888888888889,0.28176702508960577,0.35292528735632184,0.1,0.58,0.1367391604233156","0,0,0"
40.6,208,AV,1,0,0,92,3558.5090095449787,0.3,-11.547025004509555,"0.2542037037037037,0.3125544554455445,0.3626031746031746,0.3,0.92,0.17582235832276605","0,0,0"
41.583333333333336,232,AV,2,0,0,75,4559.760277629775,0.1,-5.878846069716452,"0.24951449275362314,0.2878793103448276,0.35083333333333333,0.1,0.75,0.2252931784769742","0,0,0"
18.65,156,AV,1,0,0,25,2478.182963693478,0.2,-2.936162054590069,"0.289515873015873,0.273561403508772,0.3459513888888889,0.2,0.25,0.12244453277008954","0,0,0"
37.416666666666664,143,AV,0,0,0,92,2218.0502812558643,0.1,-2.917543348476185,"0.26476666666666665,0.2479184782608696,0.33787681159420296,0.1,0.92,0.10959163803796217","0,0,0"
14.283333333333333,183,AV,1,0,0,9,2953.464044858564,0.1,-1.6671996024426723,"0.21841666666666665,0.25582974910394257,0.3247894736842105,0.1,0.09,0.1459276939290168","0,0,0"
31.466666666666665,132,AV,1,0,0,64,1945.516475481125,0.4,-6.785643094189166,"0.23473076923076924,0.2759716666666666,0.35772222222222216,0.4,0.64,0.09612601624932422","0,0,0"
13.1,26,AV,1,0,0,3,676.2529471816457,0.2,-1.0493338391959375,"0.24301388888888883,0.3001209150326798,0.3319404761904762,0.2,0.03,0.033412979334117666","0,0,0"
35.88333333333333,176,AV,1,0,0,80,2818.3733061874163,1.0,-26.140456587194898,"0.18591666666666665,0.25308152173913046,0.3325773809523809,1.0,0.8,0.13925299612805134","0,0,0"
27.016666666666666,172,AV,1,0,0,56,2793.3389947689566,0.1,-2.5076389223402686,"0.16941025641025642,0.25538405797101443,0.35940740740740745,0.1,0.56,0.13801607592895285","0,0,0"
23.25,203,AV,1,0,0,41,3389.778327720714,0.1,-2.5921247205936013,"0.2179927536231884,0.2694912280701755,0.3677833333333333,0.1,0.41,0.1674855446965603","0,0,0"
41.4,20,AV,2,0,0,79,623.7253316558669,0.7,-5.655249341663389,"0.26538333333333336,0.30328313253012046,0.3751851851851851,0.7,0.79,0.03081764257536799","0,0,0"
13.75,190,AV,1,0,0,9,3046.5766145774583,0.1,-1.6597530622838397,"0.19445833333333332,0.26814176245210725,0.3211052631578948,0.1,0.09,0.15052829253746666","0,0,0"
20.083333333333332,46,AV,1,0,0,30,934.0011274976006,0.3,-2.022963655245718,"0.27657692307692305,0.28394444444444444,0.3476666666666667,0.3,0.3,0.04614805820984811","0,0,0"
26.1,193,AV,1,0,0,50,3101.095365071405,0.5,-10.821432776712586,"0.2303174603174603,0.26873400673400677,0.3176083333333333,0.5,0.5,0.15322200927639995","0,0,0"
29.25,283,AV,1,0,0,59,8795.495569618428,0.5,-33.08527827961351,"0.26781666666666676,0.2831990291262136,0.3431078431372549,0.5,0.59,0.43457660765217343","0,0,0"
36.266666666666666,284,AV,1,0,0,76,8981.750106371177,0.2,-17.053335030255624,"0.190875,0.24717216117216115,0.32731818181818184,0.2,0.76,0.4437792573608979","0,0,0"
13.6,181,AV,1,0,0,1,2909.8477340427667,0.3,-3.5999388981046687,"0.2282395833333333,0.28122456140350877,0.35206521739130436,0.3,0.01,0.1437726557913017","0,0,0"
46.06666666666667,209,AV,2,0,0,99,3628.2404526711953,0.1,-5.31144485696262,"0.24238194444444447,0.2810181518151815,0.33717777777777774,0.1,0.99,0.1792677189349818","0,0,0"
21.083333333333332,274,AV,1,0,0,34,7572.106998522375,0.1,-4.633359815694783,"0.1704126984126984,0.2270915750915751,0.30601190476190476,0.1,0.34,0.37413020632558763","0,0,0"
35.166666666666664,38,AV,1,0,0,75,877.2934597877683,0.3,-2.9391477985759984,"0.29594736842105257,0.29436941580756015,0.3739814814814815,0.3,0.75,0.04334618926839462","0,0,0"
20.45,121,AV,0,0,0,44,1824.367004680513,0.2,-2.706042400692752,"0.17927272727272733,0.25679166666666664,0.33320833333333333,0.2,0.44,0.09014014250035135","0,0,0"
18.183333333333334,106,AV,1,0,0,20,1635.9686818612918,0.1,-1.3531100172014603,"0.2739509803921569,0.26540659340659334,0.3252166666666667,0.1,0.2,0.08083157047389894","0,0,0"
16.366666666666667,163,AV,1,0,0,15,2553.8725848963804,0.4,-4.82397267779166,"0.22550666666666663,0.25382716049382714,0.34130000000000005,0.4,0.15,0.1261842809805775","0,0,0"
27.066666666666666,201,AV,1,0,0,57,3386.12741774329,0.1,-2.916337750578747,"0.2094652777777778,0.25087,0.3312708333333333,0.1,0.57,0.16730515689916173","0,0,0"
37.43333333333333,239,AV,1,0,0,86,4662.282088415262,0.3,-13.823486650127116,"0.19107291666666668,0.2556379310344828,0.3162777777777778,0.3,0.86,0.23035867824203715","0,0,0"
21.283333333333335,89,AV,1,0,0,37,1467.6871321740252,0.1,-1.390734022199592,"0.1716481481481482,0.2600600775193798,0.35223809523809524,0.1,0.37,0.07251694801576773","0,0,0"
31.4,166,AV,1,0,0,65,2629.980017260476,0.1,-2.687302155504519,"0.24150724637681154,0.27579347826086964,0.34365333333333326,0.1,0.65,0.1299446728211638","0,0,0"
24.333333333333332,160,AV,1,0,0,44,2530.9644311939346,0.1,-2.1571362114912223,"0.2061025641025641,0.2574065040650407,0.34335714285714297,0.1,0.44,0.12505241210010515","0,0,0"
33.266666666666666,28,AV,1,0,0,72,753.7709081553346,0.2,-1.8683506036683908,"0.20551754385964913,0.256415770609319,0.3160773809523809,0.2,0.72,0.03724306397749163","0,0,0"
38.7,196,AV,1,0,0,83,3257.3450634265246,0.1,-3.785228453803195,"0.1963768115942029,0.2529625468164794,0.3395059523809524,0.1,0.83,0.1609421500371313","0,0,0"
23.766666666666666,147,AV,2,0,0,20,2283.7291705859197,0.1,-2.461335928541886,"0.2457066666666667,0.2814329710144927,0.3299927536231884,0.1,0.2,0.1128367660348439","0,0,0"
40.18333333333333,40,AV,2,0,0,82,892.1845339920479,0.4,-4.7120218917421335,"0.21946666666666664,0.2520117647058823,0.32874479166666676,0.4,0.82,0.044081942297973305","0,0,0"
13.083333333333334,220,AV,1,0,0,1,3898.759045987068,0.3,-4.466214277045262,"0.2618518518518519,0.2989263565891473,0.3613717948717949,0.3,0.01,0.19263377109878843","0,0,0"
36.96666666666667,259,AV,2,0,0,64,5721.231751015957,0.8,-43.816949730213445,"0.24212745098039215,0.2971808510638298,0.3412298850574713,0.8,0.64,0.2826803181547486","0,0,0"
39.083333333333336,174,AV,0,0,0,92,2813.5576138103806,0.1,-3.5986332992194203,"0.2452638888888889,0.2755442176870748,0.32948076923076924,0.1,0.92,0.1390150576014335","0,0,0"
21.133333333333333,140,AV,1,0,0,36,2142.030696222753,0.1,-1.7450515537754425,"0.20607692307692307,0.25145930232558145,0.3204226190476191,0.1,0.36,0.10583558664582342","0,0,0"
25.683333333333334,69,AV,2,0,0,18,1150.4391077840953,0.7,-6.313688141678044,"0.22082638888888892,0.2648368421052632,0.337531746031746,0.7,0.18,0.056842041567067104","0,0,0"
14.633333333333333,92,AV,1,0,0,5,1509.578116022191,0.4,-2.8332432291371776,"0.2863571428571428,0.28521326164874555,0.3206228070175438,0.4,0.05,0.07458673947980204","0,0,0"
22.266666666666666,8,AV,2,0,0,4,542.8991684878858,0.1,-1.3959804958164206,"0.1967666666666667,0.256640243902439,0.34155,0.1,0.04,0.02682410298216846","0,0,0"
15.816666666666666,53,AV,1,0,0,17,1017.530975349866,0.1,-1.0083267948514405,"0.242,0.28335185185185185,0.3456587301587302,0.1,0.17,0.050275184149485695","0,0,0"
34.666666666666664,169,AV,1,0,0,72,2754.938443140308,1.0,-24.71922019624512,"0.18432222222222222,0.2337142857142857,0.31436458333333334,1.0,0.72,0.13611874321737782","0,0,0"
26.233333333333334,256,AV,1,0,0,53,5502.789496653042,0.1,-4.2472804026481015,"0.26467499999999994,0.2914421052631579,0.35803999999999997,0.1,0.53,0.27188730562719554","0,0,0"
40.96666666666667,4,AV,0,0,0,94,506.5869000089976,0.7,-4.490275385570208,"0.26079545454545455,0.2861371308016878,0.4080902777777778,0.7,0.94,0.025029950244917432","0,0,0"
19.15,36,AV,1,0,0,21,859.2772315809713,0.8,-3.9261885023789085,"0.14812037037037037,0.23627647058823528,0.2968823529411765,0.8,0.21,0.042456025516412095","0,0,0"
15.683333333333334,206,AV,1,0,0,13,3523.1638559153366,0.3,-4.787895258505469,"0.2518472222222222,0.298395390070922,0.3714924242424242,0.3,0.13,0.1740759897594787","0,0,0"
24.883333333333333,184,AV,1,0,0,46,2965.4163440895786,0.3,-6.192023305613309,"0.27420588235294113,0.29439236111111117,0.36096296296296293,0.3,0.46,0.14651824503694982","0,0,0"
43.9,215,AV,1,0,0,98,3758.845856207275,0.3,-13.102924042386316,"0.27858823529411764,0.3078802083333334,0.32961805555555557,0.3,0.98,0.18572080082906037","0,0,0"
41.45,261,AV,1,0,0,94,5899.132481879994,0.2,-12.951360494036654,"0.201287037037037,0.243072695035461,0.3397727272727273,0.2,0.94,0.29147021469961026","0,0,0"
15.3,199,AV,1,0,0,16,3366.895459871004,0.2,-3.2036059062639577,"0.25740579710144934,0.2849294117647059,0.35311458333333334,0.2,0.16,0.16635492516469105","0,0,0"
34.43333333333333,214,AV,1,0,0,73,3752.1132597063192,0.1,-3.8644838230274647,"0.23017500000000002,0.27786956521739126,0.3403035714285714,0.1,0.73,0.1853881499937643","0,0,0"
12.75,79,AV,1,0,0,5,1317.647826688136,0.1,-1.0261566314715589,"0.20119540229885058,0.2603888888888889,0.3098240740740741,0.1,0.05,0.06510365653304864","0,0,0"
28.95,86,AV,1,0,0,59,1411.5824788559885,0.1,-1.6338663024969917,"0.21462345679012348,0.2344112554112554,0.3362463768115942,0.1,0.59,0.06974487341013964","0,0,0"
45.766666666666666,31,AV,2,0,0,88,793.0252767736928,0.3,-3.8402687706320204,"0.19434848484848483,0.2626881720430107,0.35218000000000005,0.3,0.88,0.0391825829295129","0,0,0"
27.1,275,AV,2,0,0,32,7612.519032757181,0.3,-16.719446216645423,"0.2287948717948718,0.276468085106383,0.3150694444444444,0.3,0.32,0.3761269243737155","0,0,0"
23.5,6,AV,1,0,0,40,522.440884226393,0.4,-1.8420514124565894,"0.17753703703703708,0.24192635658914732,0.32609259259259255,0.4,0.4,0.02581327969172718","0,0,0"
23.666666666666668,136,AV,1,0,0,43,2113.1349678504243,1.0,-13.230919239240752,"0.24444252873563221,0.2610344827586207,0.3459513888888889,1.0,0.43,0.10440787771091574","0,0,0"
31.683333333333334,110,AV,2,0,0,43,1664.0464513081895,0.1,-2.4220911922966617,"0.2260980392156863,0.2626953405017921,0.36221666666666663,0.1,0.43,0.08221886487932402","0,0,0"
10.2,95,AV,0,0,0,23,1528.3774584247917,0.1,-1.2154575417154767,"0.29605555555555557,0.3037719298245614,0.4021944444444444,0.1,0.23,0.07551559611815158","0,0,0"
32.46666666666667,149,AV,2,0,0,38,2329.0008356791827,0.3,-6.819115005332131,"0.2715277777777778,0.2734227642276423,0.34712745098039216,0.3,0.38,0.1150735935658535","0,0,0"
20.233333333333334,41,AV,1,0,0,35,898.3728471886773,0.2,-1.5199481657971838,"0.2464333333333333,0.28651136363636365,0.35136206896551725,0.2,0.35,0.044387700641524724","0,0,0"
27.716666666666665,61,AV,1,0,0,56,1100.389953660579,0.3,-2.9124549864362916,"0.21080701754385966,0.2621993127147766,0.3300069444444444,0.3,0.56,0.05436916309845774","0,0,0"
22.25,286,AV,2,0,0,6,9280.176126726552,0.3,-16.733435082701952,"0.27013768115942033,0.28924742268041237,0.3516416666666667,0.3,0.06,0.4585241874827607","0,0,0"
42.733333333333334,227,AV,1,0,0,98,4237.057085974603,1.0,-46.32503840629159,"0.26922619047619045,0.2845682539682539,0.33504761904761915,1.0,0.98,0.20934873768929974","0,0,0"
39.4,100,AV,1,0,0,91,1587.6148581174584,0.2,-3.7611071625165584,"0.16928333333333334,0.27063562091503274,0.3438518518518518,0.2,0.91,0.07844245657766878","0,0,0"
30.766666666666666,165,AV,1,0,0,65,2612.3907844155665,0.4,-8.720556027392485,"0.2891140350877192,0.29770196078431366,0.3503253968253969,0.4,0.65,0.12907560648141725","0,0,0"
38.71666666666667,113,AV,1,0,0,85,1703.2333497257905,0.2,-3.9323946598426023,"0.23227160493827156,0.26283882783882784,0.34393181818181817,0.2,0.85,0.08415505019644881","0,0,0"
33.833333333333336,224,AV,2,0,0,58,3958.913906791885,0.1,-4.473119360163101,"0.3133253968253968,0.3200988372093023,0.35928282828282826,0.1,0.58,0.19560596239095915","0,0,0"
12.483333333333333,229,AV,0,0,0,28,4412.688598555705,0.1,-2.2128214961608683,"0.20330555555555554,0.2548295880149813,0.32709374999999996,0.1,0.28,0.21802651443652019","0,0,0"
23.383333333333333,21,AV,1,0,0,43,627.4062491148882,1.0,-4.306673924260051,"0.2991964285714286,0.3116467391304348,0.3876666666666667,1.0,0.43,0.0309995130123124","0,0,0"
34.13333333333333,125,AV,0,0,0,79,1848.7234685638712,0.9,-15.163396922192454,"0.25285714285714284,0.2964794007490636,0.35348888888888885,0.9,0.79,0.09134357093312716","0,0,0"
49.03333333333333,292,AV,2,0,0,100,12726.503958899895,0.3,-48.36517689823673,"0.22595454545454546,0.2689601449275363,0.3785833333333333,0.3,1.0,0.6288037864329918","0,0,0"
27.733333333333334,60,AV,2,0,0,25,1089.3140785512585,0.5,-4.905147097014508,"0.24407291666666667,0.27540893470790373,0.33240740740740743,0.5,0.25,0.05382191522667051","0,0,0"
40.28333333333333,98,AV,1,0,0,95,1552.9853059451273,0.9,-14.819965037535502,"0.22545,0.2616947368421053,0.34387499999999993,0.9,0.95,0.07673144516410514","0,0,0"
18.166666666666668,253,AV,1,0,0,18,5427.330032863625,0.7,-18.030587424120142,"0.211875,0.28442248062015496,0.3311388888888889,0.7,0.18,0.26815892926348833","0,0,0"
42.083333333333336,13,AV,2,0,0,83,597.1498506777683,0.7,-5.532895614347456,"0.2747569444444445,0.2912590579710145,0.3734444444444444,0.7,0.83,0.029504574735270385","0,0,0"
38.71666666666667,146,AV,1,0,0,82,2280.385817754286,0.3,-7.290469837074756,"0.20326388888888888,0.2639731182795699,0.3242028985507246,0.3,0.82,0.1126715743273096","0,0,0"
31.233333333333334,118,AV,1,0,0,67,1797.659883656486,0.2,-3.4376165037476896,"0.21090909090909093,0.27726373626373624,0.3443030303030303,0.2,0.67,0.08882057045771759","0,0,0"
14.416666666666666,161,AV,1,0,0,10,2533.2754137277425,0.4,-4.2909429715732275,"0.2979015151515152,0.2824965277777778,0.33411363636363633,0.4,0.1,0.12516659542746134","0,0,0"
34.0,15,AV,1,0,0,72,601.3137559373858,0.1,-1.1181934474209878,"0.2020686274509804,0.2602911877394636,0.31786111111111115,0.1,0.72,0.029710309114645228","0,0,0"
35.38333333333333,43,AV,1,0,0,78,904.859336063587,0.1,-1.4104225334271865,"0.22305555555555556,0.27210852713178296,0.35461594202898555,0.1,0.78,0.044708191546047354","0,0,0"
34.85,242,AV,2,0,0,55,4717.175795221327,0.7,-30.150184546975826,"0.22260666666666665,0.28427536231884054,0.35059420289855076,0.7,0.55,0.23307092119599135","0,0,0"
42.43333333333333,228,AV,2,0,0,100,4245.708624069837,0.3,-14.739166178285108,"0.2540454545454545,0.28875999999999996,0.34388541666666667,0.3,1.0,0.20977620150263931","0,0,0"
25.7,216,AV,1,0,0,53,3773.073658575576,0.5,-12.845347422802059,"0.26961111111111113,0.29903294573643413,0.35702083333333334,0.5,0.53,0.1864237822629797","0,0,0"
32.13333333333333,296,AV,0,0,0,80,15725.918848752755,0.1,-13.58254699282631,"0.25147727272727266,0.27760037878787885,0.3358833333333333,0.1,0.8,0.7770018654902042","0,0,0"
21.95,37,AV,1,0,0,37,863.3540159882258,0.1,-1.0804649865389282,"0.2326025641025641,0.2762875457875458,0.3480434782608695,0.1,0.37,0.04265745534191888","0,0,0"
38.516666666666666,135,AV,1,0,0,83,2088.64210540395,0.7,-14.822437250875293,"0.2452708333333333,0.2588864468864469,0.3336919191919192,0.7,0.83,0.10319770996204586","0,0,0"
38.833333333333336,273,AV,1,0,0,92,7511.51421120444,0.6,-44.79844959663219,"0.21287931034482757,0.2573352713178294,0.3408533333333334,0.6,0.92,0.3711363775239707","0,0,0"
22.333333333333332,276,AV,0,0,0,48,7958.958807233507,0.1,-5.310422944550883,"0.2295119047619048,0.27501568627450984,0.3345802469135803,0.1,0.48,0.3932441658930853","0,0,0"
5.2,124,AV,0,0,0,3,1838.9541098615327,0.1,-1.06326338250707,"0.2677971014492754,0.272796875,0.3521587301587302,0.1,0.03,0.09086087672559844","0,0,0"
29.366666666666667,234,AV,0,0,0,61,4577.590037133467,0.4,-14.400427060722508,"0.2458933333333333,0.2889146825396826,0.3602962962962962,0.4,0.61,0.2261741289975035","0,0,0"
42.61666666666667,76,AV,0,0,0,100,1279.3396024785957,0.1,-2.1985822719266706,"0.22130952380952384,0.27570512820512816,0.3265600000000001,0.1,1.0,0.06321088562657848","0,0,0"
22.25,279,AV,1,0,0,40,8331.964781214912,0.1,-5.28338407065737,"0.23889583333333334,0.2622722772277228,0.33370289855072466,0.1,0.4,0.4116740166642871","0,0,0"
19.116666666666667,295,AV,1,0,0,29,14754.343640924068,0.3,-21.96963132886352,"0.20139999999999997,0.28118106995884773,0.3422794117647059,0.3,0.29,0.7289973096860264","0,0,0"
18.833333333333332,59,AV,0,0,0,42,1083.524948441525,0.2,-1.852410142271821,"0.26596296296296296,0.2858079365079365,0.34936538461538463,0.2,0.42,0.053535880118764236","0,0,0"
23.833333333333332,290,AV,1,0,0,44,11662.42845360034,0.5,-35.697184769445464,"0.24050000000000005,0.28825,0.35586666666666666,0.5,0.44,0.5762288837775733","0,0,0"
24.233333333333334,83,AV,1,0,0,50,1365.417472605012,0.1,-1.437485090121081,"0.2226742424242424,0.25427256944444443,0.33256060606060606,0.1,0.5,0.06746390678921493","0,0,0"
36.7,268,AV,1,0,0,81,7081.334819999852,0.6,-39.978427277271905,"0.3024019607843137,0.265212962962963,0.368735632183908,0.6,0.81,0.34988164559535495","0,0,0"
40.96666666666667,270,AV,1,0,0,98,7130.271245067938,0.1,-7.978263589788297,"0.29203703703703704,0.3004122807017544,0.36836842105263157,0.1,0.98,0.3522995452382328","0,0,0"
35.166666666666664,88,AV,1,0,0,72,1447.5744631551047,0.4,-5.743971396460052,"0.27606250000000004,0.2972793650793651,0.38311403508771924,0.4,0.72,0.07152320122755207","0,0,0"
42.266666666666666,221,AV,1,0,0,95,3919.41152379869,0.5,-21.518638758723647,"0.2740151515151515,0.2827140151515151,0.32778333333333337,0.5,0.95,0.1936541892976206","0,0,0"
32.61666666666667,16,AV,1,0,0,69,610.4868582393152,0.7,-4.121720134671877,"0.23286507936507939,0.2762016666666667,0.3745263157894737,0.7,0.69,0.03016354289191967","0,0,0"
16.066666666666666,226,AV,1,0,0,18,4135.471393234625,0.1,-2.279773565672634,"0.23908333333333331,0.2723489583333333,0.3538076923076923,0.1,0.18,0.20432949057724065","0,0,0"
30.666666666666668,189,AV,0,0,0,74,3032.1279287666234,0.1,-3.1698970974286986,"0.2564679487179487,0.28718089430894306,0.35563541666666665,0.1,0.74,0.14981439747436257","0,0,0"
14.033333333333333,51,AV,1,0,0,11,985.8695826897422,1.0,-4.095610040070551,"0.25178787878787884,0.26618947368421053,0.3267101449275362,1.0,0.11,0.04871082651814225","0,0,0"
37.28333333333333,280,AV,1,0,0,77,8436.938288223368,0.1,-8.54527715476249,"0.2928421052631579,0.2905259259259259,0.3451269841269841,0.1,0.77,0.4168606522788469","0,0,0"
26.983333333333334,198,AV,1,0,0,56,3269.866339895674,0.1,-2.8299920762841313,"0.2635555555555555,0.2828975903614458,0.36696969696969695,0.1,0.56,0.161560813739292","0,0,0"
40.55,299,AV,1,0,0,93,20239.22920549412,0.2,-42.05144649953468,"0.21233333333333335,0.2490652173913043,0.347159420289855,0.2,0.93,1.0","0,0,0"
24.533333333333335,200,AV,2,0,0,14,3368.9508766880413,0.3,-7.352198417682825,"0.21703508771929822,0.2671975945017182,0.34622916666666675,0.3,0.14,0.16645648124650464","0,0,0"
34.86666666666667,77,AV,1,0,0,75,1282.6858023855964,0.1,-1.7312820991374864,"0.20049382716049383,0.2394,0.34024074074074073,0.1,0.75,0.06337621800524892","0,0,0"
25.6,144,AV,1,0,0,51,2255.9253983027734,0.4,-6.435418020257677,"0.20524166666666666,0.2687368421052632,0.32740151515151517,0.4,0.51,0.11146300955425625","0,0,0"
28.833333333333332,245,AV,1,0,0,57,4925.450001742355,0.1,-4.188205417497591,"0.21469642857142854,0.29737739463601526,0.3422466666666667,0.1,0.57,0.24336154068581314","0,0,0"
32.13333333333333,58,AV,0,0,0,77,1074.3823512953045,0.4,-4.309005390466915,"0.1964206349206349,0.23425886524822695,0.32594117647058823,0.4,0.77,0.05308415357061393","0,0,0"
24.933333333333334,107,AV,2,0,0,10,1639.6236094811811,0.4,-5.220136383878531,"0.28577777777777774,0.32129891304347824,0.3719266666666667,0.4,0.1,0.08101215677897904","0,0,0"
33.333333333333336,244,AV,2,0,0,49,4889.272753955773,0.2,-9.321812872383457,"0.24331060606060603,0.2600518518518518,0.32172839506172835,0.2,0.49,0.24157405918544247","0,0,0"
27.216666666666665,194,AV,2,0,0,21,3132.463358685509,0.2,-5.396532701358112,"0.2587066666666667,0.2784147727272727,0.32303086419753085,0.2,0.21,0.15477187035537765","0,0,0"
6.95,139,AV,0,0,0,8,2139.4702648744856,0.4,-2.3237359075634014,"0.21345238095238095,0.23828571428571427,0.35306666666666664,0.4,0.08,0.10570907830292801","0,0,0"
32.8,267,AV,1,0,0,67,6918.069898529506,0.2,-12.062150963624635,"0.2168796296296296,0.2811779026217229,0.33331111111111106,0.2,0.67,0.34181488970200175","0,0,0"
15.0,230,AV,1,0,0,13,4549.070920567666,0.6,-10.940711506744695,"0.24595138888888887,0.26906224899598397,0.36420454545454556,0.6,0.13,0.22476502807393375","0,0,0"
18.8,117,AV,1,0,0,22,1794.439334206041,0.5,-4.861441672509289,"0.2496439393939394,0.2677836879432624,0.3384652777777778,0.5,0.22,0.08866144634198442","0,0,0"
17.683333333333334,148,AV,1,0,0,24,2294.767722006211,0.4,-4.700817247960589,"0.23043859649122808,0.3167878787878788,0.3909494949494949,0.4,0.24,0.11338216978061968","0,0,0"
18.65,277,AV,1,0,0,27,8028.27043643778,0.1,-4.382904960999105,"0.29105000000000003,0.2817826086956522,0.3643859649122807,0.1,0.27,0.39666878392080435","0,0,0"
27.233333333333334,272,AV,0,0,0,63,7336.658338656486,0.7,-36.14026018186569,"0.1914722222222222,0.24717741935483872,0.30639130434782613,0.7,0.63,0.3624969243722426","0,0,0"
16.933333333333334,112,AV,1,0,0,21,1691.6338586686718,0.4,-3.4953483041201525,"0.2075,0.2857952898550724,0.3526266666666667,0.4,0.21,0.08358193098625824","0,0,0"
14.466666666666667,213,AV,1,0,0,3,3729.3449139509553,0.3,-4.689125305087663,"0.1987543859649123,0.3027268041237114,0.3647569444444445,0.3,0.03,0.1842631888836256","0,0,0"
32.983333333333334,78,AV,2,0,0,55,1294.2551843223837,0.1,-2.1687152267398977,"0.24736000000000005,0.2700447154471545,0.36482828282828295,0.1,0.55,0.06394784955402583","0,0,0"
37.483333333333334,254,AV,1,0,0,83,5458.612723313221,0.1,-5.768757400543533,"0.23857638888888888,0.2756362007168458,0.34448550724637683,0.1,0.83,0.2697045755987304","0,0,0"
17.583333333333332,57,AV,1,0,0,19,1062.4074567339185,0.3,-2.0171158120887425,"0.2695729166666667,0.31477777777777777,0.3758214285714285,0.3,0.19,0.052492486050087245","0,0,0"
19.666666666666668,237,AV,1,0,0,29,4645.51881630073,0.5,-12.137503613272015,"0.22724561403508772,0.23712804878048782,0.3504623655913979,0.5,0.29,0.2295304217929239","0,0,0"
36.61666666666667,211,AV,1,0,0,77,3651.018124108644,0.2,-7.353838891537619,"0.20218518518518513,0.2684254901960784,0.3553555555555556,0.2,0.77,0.18039314081771168","0,0,0"
16.75,116,AV,1,0,0,17,1783.933402668827,0.1,-1.356481750270274,"0.20470289855072463,0.24687596899224812,0.32169871794871796,0.1,0.17,0.08814235881001646","0,0,0"
12.166666666666666,269,AV,1,0,0,1,7099.697064525982,0.3,-7.145826658363594,"0.15848039215686277,0.27358503401360534,0.3610999999999999,0.3,0.01,0.3507889056663633","0,0,0"
25.416666666666668,263,AV,1,0,0,50,5984.209260784091,1.0,-39.01066447639621,"0.3117619047619048,0.2961521739130435,0.35138888888888886,1.0,0.5,0.2956737729497932","0,0,0"
29.55,10,AV,1,0,0,61,567.9518330451218,0.4,-2.2971641283316515,"0.18305555555555553,0.25921885521885524,0.347132183908046,0.4,0.61,0.028061929991431995","0,0,0"
17.333333333333332,129,AV,1,0,0,20,1922.439846447592,0.1,-1.443385946660562,"0.2748529411764706,0.2982626262626263,0.36420833333333336,0.1,0.2,0.09498582317184927","0,0,0"
13.666666666666666,235,AV,0,0,0,32,4617.1597275219765,0.4,-7.195641422909127,"0.2653229166666667,0.2637728937728937,0.34742753623188405,0.4,0.32,0.22812922768168498","0,0,0"
38.983333333333334,52,AV,1,0,0,86,1014.5614647146556,0.2,-2.599438594652845,"0.17894117647058824,0.21429775280898877,0.29834057971014494,0.2,0.86,0.05012846360963409","0,0,0"
20.516666666666666,126,AV,1,0,0,29,1862.7228332236152,0.2,-2.532058579274638,"0.18493518518518517,0.23288888888888887,0.3002954545454546,0.2,0.29,0.09203526548916015","0,0,0"
17.083333333333332,18,AV,1,0,0,19,616.3739675020589,0.1,-0.8678160293138091,"0.19873333333333335,0.2606813186813187,0.34710897435897436,0.1,0.19,0.030454419051430016","0,0,0"
24.45,179,AV,1,0,0,45,2872.269398564857,1.0,-18.336001534472413,"0.243675,0.28432051282051274,0.3610229885057471,1.0,0.45,0.1419159479544386","0,0,0"
27.216666666666665,192,AV,0,0,0,60,3064.640983136323,0.2,-5.034376079748835,"0.2377246376811594,0.2876258503401361,0.35709649122807013,0.2,0.6,0.1514208348559242","0,0,0"
40.03333333333333,68,AV,1,0,0,92,1141.5133047894662,0.2,-2.909923183993517,"0.3017916666666667,0.3019065934065934,0.36567333333333335,0.2,0.92,0.0564010266003407","0,0,0"
42.18333333333333,85,AV,1,0,0,97,1405.7852601227096,0.4,-6.591884487559895,"0.15254166666666666,0.2510897435897435,0.31936363636363635,0.4,0.97,0.0694584386514629","0,0,0"
42.45,145,AV,1,0,0,97,2276.662146114732,1.0,-25.007042268729894,"0.20405555555555555,0.25026356589147286,0.32132222222222223,1.0,0.97,0.1124875914492194","0,0,0"
32.9,120,AV,1,0,0,72,1823.811293294481,0.4,-6.662862601352367,"0.26074166666666665,0.3073333333333333,0.35816666666666663,0.4,0.72,0.09011268535856054","0,0,0"
37.28333333333333,255,AV,2,0,0,69,5480.041794665195,0.1,-6.250164084017694,"0.26458771929824565,0.27239316239316236,0.3385606060606061,0.1,0.69,0.27076336450488875","0,0,0"
30.666666666666668,111,AV,1,0,0,64,1682.490559712908,0.1,-1.9048527772860901,"0.24896666666666664,0.2834874551971326,0.33632666666666666,0.1,0.64,0.08313016976240285","0,0,0"
14.983333333333333,35,AV,1,0,0,13,857.6590975250949,0.1,-0.9264238626410186,"0.24407142857142855,0.25806340579710146,0.3548782051282051,0.1,0.13,0.04237607513690668","0,0,0"
33.61666666666667,265,AV,1,0,0,69,6248.181898567973,0.2,-11.21014871539697,"0.25890384615384615,0.29596581196581195,0.3794423076923078,0.2,0.69,0.3087163960212402","0,0,0"
25.133333333333333,186,AV,1,0,0,50,2969.8754393798326,1.0,-19.451123398488164,"0.30285416666666665,0.27733991228070176,0.36071969696969697,1.0,0.5,0.1467385644594426","0,0,0"
28.166666666666668,123,AV,2,0,0,26,1832.3133019091129,0.1,-2.3940007782771047,"0.28590476190476194,0.3034539007092199,0.36662000000000006,0.1,0.26,0.09053276107035316","0,0,0"
31.15,266,AV,1,0,0,65,6434.117121135291,0.4,-20.846636012865083,"0.29115384615384615,0.28010590277777775,0.3310161290322581,0.4,0.65,0.3179032687365728","0,0,0"
19.05,164,AV,1,0,0,22,2580.565825479665,0.2,-3.084731079969072,"0.23258333333333336,0.2593316151202749,0.3413809523809524,0.2,0.22,0.12750316720456661","0,0,0"
30.7,287,AV,1,0,0,64,9884.322174397852,0.1,-8.264759686111466,"0.2628560606060606,0.26579118773946364,0.34226984126984134,0.1,0.64,0.48837443728907737","0,0,0"
31.4,63,AV,1,0,0,68,1111.987968807459,0.1,-1.4836417938523792,"0.2717105263157895,0.2773333333333333,0.36091919191919186,0.1,0.68,0.05494220938540485","0,0,0"
17.033333333333335,298,AV,0,0,0,41,17693.100214811147,0.1,-8.432200561488635,"0.2416428571428572,0.2542074468085106,0.3188066666666667,0.1,0.41,0.874198322236906","0,0,0"
38.516666666666666,97,AV,2,0,0,65,1538.317647081207,0.7,-11.564352249912744,"0.22265277777777778,0.28618604651162793,0.3455833333333333,0.7,0.65,0.07600673086224138","0,0,0"
40.75,138,AV,2,0,0,82,2131.3254046090938,0.1,-3.2839339155005196,"0.27273684210526317,0.31136178861788616,0.35365384615384615,0.1,0.82,0.10530664893258515","0,0,0"
38.06666666666667,11,AV,1,0,0,77,571.0932451196882,0.2,-1.6998743740179862,"0.23310606060606062,0.2800833333333333,0.36361538461538456,0.2,0.77,0.028217144008856807","0,0,0"
34.06666666666667,84,AV,0,0,0,81,1386.7650627050614,0.4,-5.5937505333487305,"0.2254166666666667,0.26577160493827157,0.35059677419354834,0.4,0.81,0.0685186697885022","0,0,0"
42.766666666666666,241,AV,1,0,0,99,4689.4303597647895,1.0,-51.246182912678655,"0.2809814814814815,0.32255438596491226,0.37656790123456785,1.0,0.99,0.2317000470794511","0,0,0"
16.75,170,AV,1,0,0,17,2756.9260540590044,0.2,-2.934162010782239,"0.1784111111111111,0.24364724919093855,0.3111212121212121,0.2,0.17,0.1362169490778143","0,0,0"
38.85,240,AV,1,0,0,89,4669.869929992837,1.0,-46.41616819742972,"0.19431481481481483,0.22336274509803924,0.3073243243243244,1.0,0.89,0.23073358587812023","0,0,0"
26.683333333333334,73,AV,1,0,0,56,1240.6560786390864,0.5,-4.781817962317293,"0.21910000000000004,0.24613775510204086,0.3487121212121212,0.5,0.56,0.06129957154209703","0,0,0"
28.783333333333335,159,AV,1,0,0,58,2497.1975937909187,0.4,-7.862284741947672,"0.1930740740740741,0.26180034722222223,0.33920512820512827,0.4,0.58,0.12338402655734695","0,0,0"
30.783333333333335,56,AV,2,0,0,29,1059.8377785859489,0.1,-1.9145861725623938,"0.23285964912280707,0.2693514492753623,0.3440747126436782,0.1,0.29,0.052365520832099985","0,0,0"
15.316666666666666,293,AV,1,0,0,14,14297.77376075636,0.1,-6.132071403659552,"0.2614351851851852,0.2988247422680412,0.3786,0.1,0.14,0.7064386501870882","0,0,0"
35.15,104,AV,1,0,0,75,1614.9573615816892,0.3,-4.902349661484573,"0.22351754385964917,0.2655020576131687,0.3528630952380952,0.3,0.75,0.0797934222289105","0,0,0"
10.183333333333334,7,AV,0,0,0,27,539.5213747330826,0.1,-0.9605251155395258,"0.24075396825396825,0.2801206896551724,0.3427037037037037,0.1,0.27,0.026657209583190285","0,0,0"
42.7,50,AV,0,0,0,98,985.0802174553831,0.1,-1.883979642963254,"0.26905833333333334,0.2828838951310862,0.3705806451612903,0.1,0.98,0.04867182477423469","0,0,0"
29.25,243,AV,0,0,0,65,4754.245589533712,0.1,-4.3334432340874,"0.29053333333333337,0.2852255892255892,0.3499270833333334,0.1,0.65,0.234902502524312","0,0,0"
13.516666666666667,288,AV,0,0,0,30,10450.70686878338,0.4,-15.090342254584717,"0.26250833333333334,0.3063900709219858,0.4007115384615384,0.4,0.3,0.5163589365323479","0,0,0"
27.883333333333333,48,AV,2,0,0,20,954.0002559944874,0.1,-1.762448988736859,"0.22550833333333334,0.28077777777777774,0.3386728395061728,0.1,0.2,0.04713619507483592","0,0,0"
34.733333333333334,9,AV,2,0,0,61,566.7055292848979,0.4,-3.078953561060147,"0.2604555555555556,0.2583758865248227,0.34281720430107526,0.4,0.61,0.02800035137361163","0,0,0"
19.566666666666666,81,AV,1,0,0,28,1342.087988935639,0.2,-1.9281860972141756,"0.2467685185185185,0.25625438596491235,0.31230864197530855,0.2,0.28,0.06631122041798494","0,0,0"
14.666666666666666,142,AV,1,0,0,11,2215.952556227922,0.1,-1.4226371289733044,"0.1467982456140351,0.2629836956521739,0.361316091954023,0.1,0.11,0.10948799154991444","0,0,0"
42.9,197,AV,1,0,0,98,3257.969850357721,0.3,-11.190315973662592,"0.3344019607843137,0.3260797101449276,0.3868118279569892,0.3,0.98,0.1609730201322744","0,0,0"
20.066666666666666,257,AV,1,0,0,32,5578.433439706214,0.7,-20.38938745740908,"0.18205555555555553,0.24845189003436427,0.3065144927536232,0.7,0.32,0.2756247969261546","0,0,0"
27.066666666666666,222,AV,2,0,0,22,3933.772930850901,0.1,-3.7794543807499426,"0.1565,0.23369318181818183,0.31866666666666665,0.1,0.22,0.19436377200486682","0,0,0"
5.233333333333333,204,AV,0,0,0,2,3414.9419898187493,0.6,-3.529592097381533,"0.20761111111111108,0.27225185185185186,0.33344666666666667,0.6,0.02,0.16872885598290138","0,0,0"
39.05,25,AV,1,0,0,89,670.158540600369,0.1,-1.2627647430920306,"0.3268796296296296,0.3169909420289855,0.35706481481481483,0.1,0.89,0.033111860822172434","0,0,0"
42.833333333333336,219,AV,1,0,0,99,3824.993837156676,0.2,-8.876521840044324,"0.2676231884057971,0.2868176470588235,0.3431439393939394,0.2,0.99,0.18898910617200515","0,0,0"
41.21666666666667,30,AV,1,0,0,94,783.6834518391023,0.1,-1.417591222793813,"0.22674561403508775,0.2821177536231884,0.32556896551724146,0.1,0.94,0.038721012736313315","0,0,0"
25.75,153,AV,0,0,0,53,2403.836358207942,0.3,-5.511086546655644,"0.21902631578947368,0.2895471014492753,0.36056896551724144,0.3,0.53,0.11877114161815011","0,0,0"
22.616666666666667,102,AV,1,0,0,38,1594.6992934726818,0.4,-4.245023288690959,"0.26110897435897434,0.2980311355311355,0.3696014492753623,0.4,0.38,0.07879249141759738","0,0,0"
27.0,2,AV,1,0,0,52,437.5592869272848,0.5,-2.0935933472521073,"0.21179487179487178,0.2781330128205128,0.3348840579710145,0.5,0.52,0.021619365168734063","0,0,0"
33.15,185,AV,1,0,0,68,2966.188350320237,0.7,-17.983328270399266,"0.2602083333333333,0.2983569023569024,0.35569047619047617,0.7,0.68,0.14655638908990856","0,0,0"
40.61666666666667,150,AV,1,0,0,91,2344.9936519099742,0.2,-5.41230918702408,"0.26247368421052625,0.2884725274725275,0.37051785714285707,0.2,0.91,0.1158637825630931","0,0,0"
41.516666666666666,223,AV,1,0,0,96,3942.222625638348,0.3,-13.001000526243843,"0.2940333333333333,0.3023706140350877,0.34580392156862744,0.3,0.96,0.19478126294296802","0,0,0"
16.366666666666667,155,AV,1,0,0,16,2476.7926805910606,0.1,-1.625571540951356,"0.2542368421052632,0.288161403508772,0.3464743589743591,0.1,0.16,0.12237584027749006","0,0,0"
29.333333333333332,178,AV,1,0,0,62,2857.712092786687,0.4,-9.069209049738332,"0.3083421052631579,0.311688775510204,0.382268115942029,0.4,0.62,0.1411966860877753","0,0,0"
22.383333333333333,119,AV,0,0,0,45,1799.695682844959,0.5,-5.908045717535312,"0.23280701754385966,0.24630902777777777,0.34608000000000005,0.5,0.45,0.08892115725219493","0,0,0"
35.11666666666667,14,AV,1,0,0,74,600.3305173079323,0.1,-1.134277764700258,"0.22648717948717945,0.27290602836879424,0.3252166666666666,0.1,0.74,0.029661728280885674","0,0,0"
13.483333333333333,207,AV,1,0,0,8,3531.3895067900216,0.2,-3.006706982721488,"0.2318333333333333,0.27415942028985507,0.358172619047619,0.2,0.08,0.17448241091273348","0,0,0"
25.683333333333334,251,AV,1,0,0,48,5168.6614957092925,0.9,-30.772017614878862,"0.31794696969696973,0.31057168458781365,0.39195833333333335,0.9,0.48,0.255378376480178","0,0,0"
40.86666666666667,71,AV,0,0,0,97,1200.7903182940884,0.4,-5.778582304877281,"0.15773148148148144,0.26466117216117213,0.31978571428571434,0.4,0.97,0.05932984433854443","0,0,0"
15.233333333333333,75,AV,0,0,0,38,1275.9312017726234,0.3,-2.294260719621436,"0.22467499999999999,0.24204629629629631,0.3129537037037037,0.3,0.38,0.06304247996886464","0,0,0"
15.833333333333334,260,AV,1,0,0,14,5807.233742044462,0.2,-5.245745656079326,"0.23563768115942024,0.28452329749103955,0.31019444444444444,0.2,0.14,0.28692959020732056","0,0,0"
34.333333333333336,115,AV,1,0,0,72,1723.69240549938,0.1,-2.0963610792460954,"0.22947916666666668,0.26396401515151513,0.3332866666666666,0.1,0.72,0.08516591160652838","0,0,0"
21.633333333333333,294,AV,2,0,0,2,14505.369879802229,0.2,-16.93917364348762,"0.2378,0.2745589225589225,0.35039583333333335,0.2,0.02,0.7166957660553899","0,0,0"
30.75,167,AV,2,0,0,49,2744.255474143275,0.2,-5.3526258706012975,"0.24198245614035085,0.2952717391304347,0.3784090909090909,0.2,0.49,0.13559090844222083","0,0,0"
26.55,187,AV,2,0,0,19,2971.291490045772,0.4,-9.05917750148639,"0.21039166666666667,0.256012077294686,0.33170098039215695,0.4,0.19,0.14680853010149164","0,0,0"
36.31666666666667,168,AV,1,0,0,80,2747.619709803412,0.3,-8.161337378764692,"0.2050185185185185,0.2639035087719299,0.3211515151515151,0.3,0.8,0.13575713194935043","0,0,0"
22.816666666666666,29,AV,2,0,0,17,761.8437659652793,0.4,-2.8465458044553325,"0.2903988095238096,0.29515,0.3683863636363637,0.4,0.17,0.03764193577878302","0,0,0"
12.8,180,AV,1,0,0,2,2898.378436294527,0.2,-2.475613151139896,"0.22226666666666667,0.3008153594771242,0.36927777777777776,0.2,0.02,0.14320596930182183","0,0,0"
39.05,177,AV,1,0,0,83,2853.537244729806,0.1,-3.415818742997448,"0.2379305555555556,0.2811896551724138,0.3451923076923077,0.1,0.83,0.14099041103577145","0,0,0"
26.616666666666667,282,AV,1,0,0,54,8493.635575370567,0.2,-12.019705217463631,"0.16139743589743588,0.19817962962962965,0.2884166666666667,0.2,0.54,0.41966200832712014","0,0,0"
38.36666666666667,103,AV,2,0,0,68,1614.9493849180149,0.4,-7.349322519059378,"0.21155555555555555,0.29769415807560135,0.36249333333333333,0.4,0.68,0.0797930281099649","0,0,0"
11.816666666666666,0,AV,0,0,0,29,417.8295094645922,0.5,-1.4451875949545367,"0.20916666666666667,0.2455980392156863,0.34358730158730155,0.5,0.29,0.020644536667985786","0,0,0"
23.983333333333334,32,AV,0,0,0,51,806.3598325453933,0.4,-2.7752387671259617,"0.23898076923076925,0.25787547892720303,0.3514,0.4,0.51,0.039841429945686846","0,0,0"
23.666666666666668,122,AV,1,0,0,43,1830.3424648913517,0.1,-1.69580550046537,"0.24803571428571428,0.27306367041198504,0.37201666666666666,0.1,0.43,0.09043538399152518","0,0,0"
27.033333333333335,236,AV,1,0,0,55,4630.913868273173,0.8,-25.892628755754505,"0.24198412698412697,0.27900171821305847,0.3365833333333333,0.8,0.55,0.2288088059705391","0,0,0"
44.833333333333336,212,AV,2,0,0,98,3724.6301341612702,1.0,-43.25929586611876,"0.2004583333333333,0.2357429078014185,0.3368333333333333,1.0,0.98,0.1840302363466582","0,0,0"
25.816666666666666,94,AV,2,0,0,22,1519.7273932229994,0.4,-5.05377411505459,"0.2560144927536232,0.25397843137254905,0.33526666666666655,0.4,0.22,0.07508820507899855","0,0,0"
19.066666666666666,72,AV,1,0,0,28,1205.4292211271013,0.3,-2.343089501628035,"0.2608555555555556,0.29699637681159424,0.3557929292929293,0.3,0.28,0.059559047871243866","0,0,0"
36.233333333333334,141,AV,1,0,0,77,2187.907521251699,1.0,-20.620899444853514,"0.24491666666666664,0.3236286919831224,0.38724137931034486,1.0,0.77,0.10810231452182832","0,0,0"
23.766666666666666,23,AV,0,0,0,51,639.9143284368583,0.1,-1.2058408867470372,"0.21356349206349207,0.25920962199312714,0.34584374999999995,0.1,0.51,0.03161752465667753","0,0,0"
21.1,64,AV,1,0,0,36,1122.7546975855585,0.1,-1.2001494175519012,"0.2315714285714286,0.2573125,0.3219492753623189,0.1,0.36,0.0554741826472708","0,0,0"
20.316666666666666,188,AV,0,0,0,44,3031.4508351358254,0.4,-7.042893260388167,"0.22255555555555556,0.286363475177305,0.3535208333333333,0.4,0.44,0.14978094295769478","0,0,0"
27.1,173,AV,2,0,0,17,2797.307504072895,0.3,-6.833671032755715,"0.20977192982456142,0.2485408163265306,0.32671014492753625,0.3,0.17,0.13821215599028547","0,0,0"
31.566666666666666,195,AV,1,0,0,68,3251.3322332141274,0.1,-3.1936745869812952,"0.22405882352941175,0.2778061224489796,0.36369333333333337,0.1,0.68,0.16064506213169047","0,0,0"
25.633333333333333,67,AV,2,0,0,26,1141.0395517097602,1.0,-8.476735974013515,"0.19298148148148148,0.2393723404255319,0.29683333333333334,1.0,0.26,0.056377618936200136","0,0,0"
18.583333333333332,12,AV,1,0,0,20,595.9176043698985,0.1,-0.8815638458890727,"0.2558188405797101,0.2651460674157304,0.3425714285714286,0.1,0.2,0.029443690682060725","0,0,0"
21.016666666666666,44,AV,1,0,0,36,905.8209551718018,0.7,-3.9670998065073624,"0.20990000000000003,0.2540757575757575,0.31829365079365085,0.7,0.36,0.044755704180963","0,0,0"
21.85,65,AV,1,0,0,36,1129.1321270070612,0.1,-1.2249325704824314,"0.2578154761904762,0.2892527472527473,0.3627063492063492,0.1,0.36,0.05578928503366858","0,0,0"
33.65,249,AV,1,0,0,71,5144.150368411208,0.2,-9.34437153055743,"0.16275925925925924,0.2510841924398626,0.31984,0.2,0.71,0.25416730628332335","0,0,0"
28.366666666666667,252,AV,2,0,0,39,5386.149373461946,0.4,-16.52375475736066,"0.2334298245614035,0.2765738636363636,0.33561805555555557,0.4,0.39,0.2661242342173697","0,0,0"
40.766666666666666,70,AV,1,0,0,89,1167.011530479414,0.1,-1.8033071433134036,"0.32038888888888883,0.32991187739463596,0.3778596491228069,0.1,0.89,0.05766086833794136","0,0,0"
21.366666666666667,3,AV,1,0,0,38,477.1303205766694,0.2,-1.116797016379874,"0.24802631578947365,0.2480049504950495,0.3167416666666667,0.2,0.38,0.02357453022208712","0,0,0"
49.25,109,AV,2,0,0,96,1661.9571573900298,0.7,-15.559394010762949,"0.21212318840579708,0.24030253623188405,0.3248466666666666,0.7,0.96,0.08211563496394797","0,0,0"
6.983333333333333,154,AV,0,0,0,13,2436.431929205765,0.1,-1.251441537414653,"0.29087037037037033,0.3069017543859649,0.36668518518518517,0.1,0.13,0.12038165606348158","0,0,0"
31.066666666666666,5,AV,1,0,0,68,508.6019702527906,0.4,-2.197930917156905,"0.18626190476190477,0.23888172043010755,0.3285175438596491,0.4,0.68,0.025129512843044734","0,0,0"
30.716666666666665,210,AV,0,0,0,65,3630.005597296026,0.2,-6.453182132236175,"0.2943529411764706,0.2850807560137457,0.3719871794871796,0.2,0.65,0.17935493295913799","0,0,0"
41.083333333333336,17,AV,1,0,0,95,615.3970356119416,0.4,-3.1557080555950106,"0.28172499999999995,0.2985982456140351,0.3520733333333334,0.4,0.95,0.030406149827330708","0,0,0"
15.816666666666666,90,AV,1,0,0,15,1474.5167950508735,0.4,-2.9576655399718503,"0.2709298245614035,0.27962896825396827,0.3547962962962963,0.4,0.15,0.07285439480326665","0,0,0"
35.333333333333336,217,AV,1,0,0,75,3783.636689084741,0.2,-7.353858219982872,"0.25765873015873014,0.30979304029304033,0.38160714285714276,0.2,0.75,0.18694569099783895","0,0,0"
26.216666666666665,34,AV,1,0,0,51,850.3216016091212,0.1,-1.1648583536578903,"0.18647916666666667,0.2649822695035461,0.34145,0.1,0.51,0.04201353682867991","0,0,0"
36.88333333333333,238,AV,2,0,0,57,4660.29795945294,0.1,-5.4313029264433315,"0.26394736842105265,0.278738683127572,0.36792380952380954,0.1,0.57,0.23026064442157015","0,0,0"
16.883333333333333,225,AV,1,0,0,18,4104.202624979457,0.4,-7.60116860495655,"0.21012745098039218,0.23628619528619527,0.33957936507936515,0.4,0.18,0.20278453212365097","0,0,0"
27.716666666666665,22,AV,1,0,0,57,632.5893922142865,0.3,-1.9301919388539877,"0.24342105263157893,0.250084126984127,0.34665625,0.3,0.57,0.031255606910295004","0,0,0"
39.083333333333336,82,AV,0,0,0,93,1348.5865378412918,0.2,-3.4837672462271296,"0.2676785714285714,0.28113194444444445,0.35943333333333344,0.2,0.93,0.0666323071965214","0,0,0"
17.033333333333335,285,AV,0,0,0,39,9095.945853089892,0.1,-4.7342663200411925,"0.22042105263157896,0.28426666666666667,0.35085,0.1,0.39,0.44942155458275634","0,0,0"
37.266666666666666,248,AV,1,0,0,81,4967.653125719208,0.1,-5.2768602517121845,"0.22514166666666668,0.25447560975609756,0.32840322580645165,0.1,0.81,0.24544675468029653","0,0,0"
19.983333333333334,134,AV,1,0,0,28,2022.4315636845977,0.9,-9.787123978400881,"0.22315873015873017,0.27335263157894735,0.3592166666666667,0.9,0.28,0.09992631355425287","0,0,0"
32.88333333333333,80,AV,1,0,0,70,1323.5149786113286,0.2,-2.7999737687543362,"0.2160833333333333,0.2995990566037736,0.3593,0.2,0.7,0.06539354662044386","0,0,0"
33.43333333333333,258,AV,1,0,0,71,5611.673516276995,0.3,-14.81531935602481,"0.21143650793650792,0.25912403100775194,0.3321739130434782,0.3,0.71,0.27726715574492605","0,0,0"
18.583333333333332,133,AV,0,0,0,42,2011.9739719035176,0.1,-1.765955847320043,"0.28361111111111115,0.3069131205673759,0.3636666666666666,0.1,0.42,0.09940961444111464","0,0,0"
17.75,42,AV,1,0,0,21,902.2448599555772,1.0,-4.646067057023105,"0.2812380952380952,0.3096703703703704,0.37361494252873556,1.0,0.21,0.04457901290582028","0,0,0"
29.266666666666666,74,AV,1,0,0,58,1269.7848662283686,0.1,-1.5403576574314037,"0.20346969696969697,0.2635996376811594,0.3355384615384615,0.1,0.58,0.06273879569898216","0,0,0"
33.11666666666667,128,AV,2,0,0,25,1921.5023446668008,0.3,-5.911452796935521,"0.23606944444444453,0.2778925925925926,0.35951923076923076,0.3,0.25,0.09493950214987396","0,0,0"
23.133333333333333,233,AV,1,0,0,40,4569.840806868062,0.1,-3.2715010980188843,"0.1851875,0.24810688405797102,0.34989814814814824,0.1,0.4,0.22579124730834796","0,0,0"
41.45,33,AV,2,0,0,70,827.3783452591958,1.0,-9.751025174897391,"0.26610317460317456,0.260484496124031,0.36312280701754385,1.0,0.7,0.040879933561629736","0,0,0"
38.9,93,AV,1,0,0,86,1517.942512651984,0.7,-11.039685328564019,"0.2063518518518519,0.2590748299319727,0.37624305555555554,0.7,0.86,0.07500001592155126","0,0,0"
32.86666666666667,151,AV,1,0,0,67,2382.718205806423,0.2,-4.557065729234231,"0.24134848484848487,0.27527647058823534,0.3533484848484848,0.2,0.67,0.1177277149052501","0,0,0"
8.516666666666667,1,AV,0,0,0,19,424.9057127261393,0.5,-1.2787012670771407,"0.27104385964912275,0.29525757575757583,0.35969191919191923,0.5,0.19,0.02099416476842877","0,0,0"
19.65,55,AV,1,0,0,30,1038.299283744561,0.1,-1.1171306500399147,"0.2815175438596491,0.28371557971014494,0.35530459770114936,0.1,0.3,0.051301325421163044","0,0,0"
29.333333333333332,247,AV,1,0,0,60,4950.268578812107,0.4,-15.269376415739577,"0.2696,0.24614432989690727,0.34035714285714286,0.4,0.6,0.24458780166728444","0,0,0"
25.35,87,AV,1,0,0,49,1444.5182772575097,0.3,-3.3760456515513537,"0.20734259259259258,0.2742820512820513,0.3713870967741936,0.3,0.49,0.07137219814998598","0,0,0"
41.583333333333336,99,AV,1,0,0,97,1581.438059619256,0.4,-7.244486281128021,"0.2255777777777778,0.28581541218637996,0.3712708333333333,0.4,0.97,0.07813726716380881","0,0,0"
27.733333333333334,114,AV,1,0,0,57,1716.9764066453156,0.7,-9.019145098301614,"0.2775789473684211,0.2738367346938776,0.31978260869565217,0.7,0.57,0.08483408084430542","0,0,0"
29.5,182,AV,1,0,0,64,2942.323800284961,0.2,-4.985679218000321,"0.1622833333333333,0.24140451388888892,0.32863157894736844,0.2,0.64,0.14537726562660996","0,0,0"
8.55,47,AV,0,0,0,14,943.1907669438916,0.4,-1.6363584041788155,"0.20799019607843136,0.2741270627062706,0.2825595238095238,0.4,0.14,0.046602109070826375","0,0,0"
29.05,246,AV,1,0,0,59,4934.883137056144,0.4,-15.082555892472827,"0.24800595238095238,0.2677459349593496,0.35825641025641025,0.4,0.59,0.2438276224331965","0,0,0"
22.3,131,AV,1,0,0,41,1929.5758599688188,0.1,-1.6885185478107236,"0.2776349206349206,0.3013699633699634,0.3829166666666666,0.1,0.41,0.09533840643718873","0,0,0"
15.266666666666667,137,AV,0,0,0,32,2123.4400354784907,0.3,-3.277682378810982,"0.19950757575757577,0.27254,0.3085648148148148,0.3,0.32,0.10491704075874904","0,0,0"
