travel_time,id,kind,action,origin,destination,start_time,income,urgency,reward,observation,cost_table
24.85,122,AV,1,0,0,56,1832.3133019091129,0.1,-26.476499999999998,"0.44552752293577974,0.23696724470134878,0.2671700680272109,0.1,0.56,0.0962325552547376","0,0,0"
12.816666666666666,247,AV,2,0,0,27,5304.212874057136,0.8,-26.476499999999998,"0.06480263157894738,0.08355168776371309,0.11853549382716051,0.8,0.27,0.2785756987922106","0,0,0"
24.333333333333332,58,AV,1,0,0,54,1020.7360413649084,0.3,-26.476499999999998,"0.39735737179487174,0.2188253493013972,0.24723547400611615,0.3,0.54,0.053608756427629224","0,0,0"
8.266666666666667,260,AV,1,0,0,15,5985.732437913218,0.5,-26.476499999999998,"0.056413580246913585,0.08004232804232805,0.11685658914728682,0.5,0.15,0.31436890567316916","0,0,0"
73.38333333333334,160,AV,0,0,0,87,2756.9260540590044,0.1,-26.4765,"0.6874237588652481,0.3263237347294939,0.35518596491228066,0.1,0.87,0.14479294482773922","0,0,0"
67.53333333333333,264,AV,0,0,0,71,6081.635477498837,0.4,-26.4765,"0.6451155303030304,0.2978755980861244,0.3241827309236948,0.4,0.71,0.31940570508209365","0,0,0"
18.55,186,AV,2,0,0,45,3251.3322332141274,0.1,-26.4765,"0.23379710144927535,0.15641364421416235,0.18675438596491226,0.1,0.45,0.17075901182308162","0,0,0"
17.6,142,AV,2,0,0,40,2361.523720441912,0.1,-26.4765,"0.1727032967032967,0.1312153153153153,0.16352403846153846,0.1,0.4,0.12402653065718573","0,0,0"
64.15,141,AV,0,0,0,68,2360.1328348572283,0.1,-26.4765,"0.6093108974358973,0.28865664845173045,0.3142670250896058,0.1,0.68,0.12395348175570059","0,0,0"
12.0,298,AV,1,0,0,34,17693.100214811147,0.2,-26.4765,"0.11998947368421051,0.11185462962962962,0.14391269841269838,0.2,0.34,0.9292364151236616","0,0,0"
12.833333333333334,98,AV,1,0,0,36,1538.317647081207,0.3,-26.4765,"0.1405035842293907,0.11980887681159419,0.14852750809061488,0.3,0.36,0.08079199000402343","0,0,0"
11.7,147,AV,1,0,0,32,2456.6540037696086,0.1,-26.4765,"0.0969094202898551,0.09882066276803123,0.13078774928774928,0.1,0.32,0.12902274513491346","0,0,0"
11.366666666666667,125,AV,1,0,0,30,2011.9739719035176,0.2,-26.476499999999998,"0.07652508960573479,0.08851873767258381,0.12082203389830509,0.2,0.3,0.10566828075775386","0,0,0"
29.4,99,AV,0,0,0,46,1541.4014724042315,0.3,-26.476499999999998,"0.24687755102040818,0.16079189189189194,0.18982989690721652,0.3,0.46,0.08095395160223084","0,0,0"
65.95,132,AV,0,0,0,68,2108.868816674547,0.8,-26.4765,"0.6093108974358973,0.28865664845173045,0.3142670250896058,0.8,0.68,0.1107571694830674","0,0,0"
32.06666666666667,271,AV,1,0,0,76,7177.938863287724,0.5,-26.476499999999998,"0.6478945578231294,0.3142730496453901,0.33944326241134753,0.5,0.76,0.3769832361947931","0,0,0"
32.9,103,AV,0,0,0,47,1564.487892525026,0.3,-26.476499999999998,"0.2661774691358024,0.1676001984126984,0.19569711538461537,0.3,0.47,0.08216644359123385","0,0,0"
28.1,20,AV,1,0,0,61,597.1498506777683,0.3,-26.4765,"0.5103697916666667,0.2564188255613126,0.2815641025641025,0.3,0.61,0.03136213437998447","0,0,0"
33.833333333333336,32,AV,2,0,0,72,761.8437659652793,0.5,-26.476499999999998,"0.64521875,0.3017560975609756,0.3265443037974684,0.5,0.72,0.04001181033142316","0,0,0"
18.7,4,AV,2,0,0,43,457.16351791608827,0.3,-26.476499999999998,"0.20804575163398692,0.1471156069364162,0.17616666666666667,0.3,0.43,0.02401009338985435","0,0,0"
17.1,151,AV,1,0,0,45,2574.4307659940623,0.1,-26.476499999999998,"0.23379710144927535,0.15641364421416235,0.18675438596491226,0.1,0.45,0.13520834601805928","0,0,0"
14.166666666666666,144,AV,1,0,0,38,2417.357356239525,0.6,-26.4765,"0.1526280701754386,0.12377567567567567,0.151745,0.6,0.38,0.12695889677403294","0,0,0"
62.416666666666664,234,AV,0,0,0,65,4662.282088415262,0.7,-26.4765,"0.5829572271386433,0.28032490636704127,0.3065561797752808,0.7,0.65,0.24486168288967095","0,0,0"
20.65,14,AV,0,0,0,40,567.550811201735,0.3,-26.476499999999998,"0.1727032967032967,0.1312153153153153,0.16352403846153846,0.3,0.4,0.0298076015395053","0,0,0"
22.3,22,AV,0,0,0,41,627.4062491148882,0.2,-26.476499999999998,"0.18185808580858084,0.13655904761904766,0.16846955128205127,0.2,0.41,0.03295119151959908","0,0,0"
29.2,57,AV,0,0,0,45,1005.9867386644172,0.1,-26.476499999999998,"0.23379710144927535,0.15641364421416235,0.18675438596491226,0.1,0.45,0.052834127391418545","0,0,0"
27.35,124,AV,1,0,0,61,1927.298426803608,0.6,-26.476499999999998,"0.5103697916666667,0.2564188255613126,0.2815641025641025,0.6,0.61,0.10122114605428258","0,0,0"
22.533333333333335,162,AV,1,0,0,54,2780.081336731352,0.2,-26.476499999999998,"0.39735737179487174,0.2188253493013972,0.24723547400611615,0.2,0.54,0.14600905345767937","0,0,0"
41.56666666666667,42,AV,0,0,0,54,863.3540159882258,0.3,-26.4765,"0.39735737179487174,0.2188253493013972,0.24723547400611615,0.3,0.54,0.0453430987819722","0,0,0"
28.166666666666668,50,AV,2,0,0,61,914.1934345695068,0.2,-26.4765,"0.5103697916666667,0.2564188255613126,0.2815641025641025,0.2,0.61,0.048013170080720285","0,0,0"
16.9,91,AV,0,0,0,36,1474.807688008607,0.4,-26.4765,"0.1405035842293907,0.11980887681159419,0.14852750809061488,0.4,0.36,0.07745646564838392","0,0,0"
44.95,137,AV,0,0,0,55,2239.194506681481,0.1,-26.4765,"0.4341877022653721,0.23050568181818182,0.26013366336633664,0.1,0.55,0.11760183635943447","0,0,0"
12.55,217,AV,1,0,0,35,4164.701887555128,0.1,-26.476499999999998,"0.12995740740740738,0.11618727598566309,0.145125,0.1,0.35,0.21872891720868953","0,0,0"
34.35,279,AV,1,0,0,88,8333.728817076937,0.2,-26.476499999999998,"0.6898876811594202,0.3280506108202444,0.3575687285223368,0.2,0.88,0.4376849843483456","0,0,0"
23.833333333333332,277,AV,1,0,0,55,7958.958807233507,0.1,-26.4765,"0.4341877022653721,0.23050568181818182,0.26013366336633664,0.1,0.55,0.4180021737490339","0,0,0"
31.133333333333333,207,AV,0,0,0,46,3849.958431883558,0.4,-26.4765,"0.24687755102040818,0.16079189189189194,0.18982989690721652,0.4,0.46,0.20219868356500897","0,0,0"
18.816666666666666,120,AV,1,0,0,48,1823.811293294481,0.2,-26.4765,"0.28281023102310227,0.17434357541899445,0.20276166666666667,0.2,0.48,0.09578603226495669","0,0,0"
45.233333333333334,200,AV,0,0,0,55,3520.054626539052,0.3,-26.476499999999998,"0.4341877022653721,0.23050568181818182,0.26013366336633664,0.3,0.55,0.18487223281912113","0,0,0"
32.733333333333334,203,AV,1,0,0,79,3667.3634505223554,0.2,-26.476499999999998,"0.667390625,0.3203996509598604,0.34452329749103944,0.2,0.79,0.19260884889275526","0,0,0"
26.883333333333333,291,AV,1,0,0,61,11861.36896338871,0.3,-26.476499999999998,"0.5103697916666667,0.2564188255613126,0.2815641025641025,0.3,0.61,0.622955606433049","0,0,0"
28.9,77,AV,2,0,0,61,1265.4739572733297,0.1,-26.476499999999998,"0.5103697916666667,0.2564188255613126,0.2815641025641025,0.1,0.61,0.0664623197298481","0,0,0"
28.133333333333333,44,AV,1,0,0,62,870.7377108213431,0.2,-26.476499999999998,"0.5328428571428572,0.26600294117647055,0.2903634920634921,0.2,0.62,0.045730888261135916","0,0,0"
21.0,71,AV,2,0,0,49,1167.011530479414,0.2,-26.476499999999998,"0.2971593406593407,0.17956899641577062,0.2065631067961165,0.2,0.49,0.061291102058127545","0,0,0"
28.95,267,AV,1,0,0,68,6254.49597505133,0.4,-26.476499999999998,"0.6093108974358973,0.28865664845173045,0.3142670250896058,0.4,0.68,0.3284842875301661","0,0,0"
25.133333333333333,129,AV,1,0,0,57,2044.1603053436156,0.2,-26.476499999999998,"0.4453053097345132,0.2383254437869822,0.267937074829932,0.2,0.57,0.10735869751562734","0,0,0"
26.633333333333333,135,AV,1,0,0,60,2147.781038516846,0.2,-26.4765,"0.501578231292517,0.25412322695035455,0.2797748226950354,0.2,0.6,0.1128008279199854","0,0,0"
43.266666666666666,128,AV,0,0,0,54,2035.9911412414244,0.2,-26.4765,"0.39735737179487174,0.2188253493013972,0.24723547400611615,0.2,0.54,0.10692965542166336","0,0,0"
22.35,228,AV,0,0,0,41,4549.070920567666,0.2,-26.4765,"0.18185808580858084,0.13655904761904766,0.16846955128205127,0.2,0.41,0.2389158656792649","0,0,0"
19.783333333333335,78,AV,1,0,0,50,1282.6858023855964,0.2,-26.476499999999998,"0.3269781746031746,0.18876275510204082,0.21494833333333332,0.2,0.5,0.06736628076864885","0,0,0"
30.483333333333334,116,AV,1,0,0,72,1703.2333497257905,0.1,-26.4765,"0.64521875,0.3017560975609756,0.3265443037974684,0.1,0.72,0.08945331416217002","0,0,0"
15.2,249,AV,2,0,0,39,5386.149373461946,0.2,-26.476499999999998,"0.1602771929824561,0.1275970695970696,0.156037216828479,0.2,0.39,0.28287897962204345","0,0,0"
55.75,45,AV,0,0,0,63,873.8892656114449,0.1,-26.476499999999998,"0.5487728613569322,0.27066955684007704,0.2950762411347518,0.1,0.63,0.045896406991017324","0,0,0"
20.883333333333333,112,AV,1,0,0,51,1635.9686818612918,0.7,-26.476499999999998,"0.35048333333333337,0.1994171220400729,0.22941924398625424,0.7,0.51,0.08592059360601972","0,0,0"
25.1,47,AV,1,0,0,58,892.1845339920479,0.1,-26.476499999999998,"0.44901818181818187,0.24146942800788956,0.2700379537953796,0.1,0.58,0.046857269100953565","0,0,0"
31.016666666666666,208,AV,2,0,0,67,3863.855435177377,0.1,-26.476499999999998,"0.599948598130841,0.28612952898550725,0.3123052434456929,0.1,0.67,0.2029285500872649","0,0,0"
10.133333333333333,262,AV,1,0,0,27,6020.57275324985,0.7,-26.476499999999998,"0.06480263157894738,0.08355168776371309,0.11853549382716051,0.7,0.27,0.3161987087790199","0,0,0"
22.15,190,AV,2,0,0,50,3323.1633986738134,0.1,-26.476499999999998,"0.3269781746031746,0.18876275510204082,0.21494833333333332,0.1,0.5,0.17453156348873247","0,0,0"
12.966666666666667,101,AV,1,0,0,38,1552.9853059451273,0.1,-26.476499999999998,"0.1526280701754386,0.12377567567567567,0.151745,0.1,0.38,0.08156233112997016","0,0,0"
32.733333333333334,89,AV,1,0,0,82,1447.5744631551047,0.1,-26.4765,"0.6817606382978723,0.32384561403508777,0.35176041666666663,0.1,0.82,0.07602618469547658","0,0,0"
8.0,179,AV,1,0,0,15,3065.2253709468137,0.3,-26.476499999999998,"0.056413580246913585,0.08004232804232805,0.11685658914728682,0.3,0.15,0.16098473419939963","0,0,0"
12.966666666666667,243,AV,2,0,0,23,5009.92015912814,0.6,-26.4765,"0.06188611111111112,0.08212195121951218,0.11759437751004016,0.6,0.23,0.2631195320324301","0,0,0"
34.81666666666667,240,AV,0,0,0,49,4967.653125719208,0.6,-26.476499999999998,"0.2971593406593407,0.17956899641577062,0.2065631067961165,0.6,0.49,0.26089967987955814","0,0,0"
30.75,268,AV,2,0,0,63,6563.608435155774,0.2,-26.4765,"0.5487728613569322,0.27066955684007704,0.2950762411347518,0.2,0.63,0.34471878294420655","0,0,0"
24.566666666666666,297,AV,1,0,0,54,15387.119225735782,0.5,-26.4765,"0.39735737179487174,0.2188253493013972,0.24723547400611615,0.5,0.54,0.8081269723682344","0,0,0"
13.483333333333333,59,AV,0,0,0,34,1022.032321197676,0.3,-26.476499999999998,"0.11998947368421051,0.11185462962962962,0.14391269841269838,0.3,0.34,0.053676836662871985","0,0,0"
24.333333333333332,145,AV,1,0,0,54,2421.0391237858234,0.3,-26.476499999999998,"0.39735737179487174,0.2188253493013972,0.24723547400611615,0.3,0.54,0.12715226212179587","0,0,0"
21.333333333333332,215,AV,2,0,0,49,4090.160813256426,0.1,-26.476499999999998,"0.2971593406593407,0.17956899641577062,0.2065631067961165,0.1,0.49,0.21481404192850495","0,0,0"
19.316666666666666,118,AV,1,0,0,49,1799.695682844959,0.1,-26.4765,"0.2971593406593407,0.17956899641577062,0.2065631067961165,0.1,0.49,0.09451948750284238","0,0,0"
17.033333333333335,193,AV,1,0,0,46,3387.2787239910285,0.3,-26.4765,"0.24687755102040818,0.16079189189189194,0.18982989690721652,0.3,0.46,0.17789888150134298","0,0,0"
28.316666666666666,28,AV,1,0,0,63,679.8949342204361,0.7,-26.476499999999998,"0.5487728613569322,0.27066955684007704,0.2950762411347518,0.7,0.63,0.03570788181072196","0,0,0"
30.066666666666666,159,AV,2,0,0,63,2744.8905386527767,0.8,-26.4765,"0.5487728613569322,0.27066955684007704,0.2950762411347518,0.8,0.63,0.14416084310139018","0,0,0"
18.266666666666666,293,AV,1,0,0,48,13351.937436366714,0.2,-26.476499999999998,"0.28281023102310227,0.17434357541899445,0.20276166666666667,0.2,0.48,0.7012398238686656","0,0,0"
24.4,105,AV,1,0,0,55,1587.6148581174584,0.2,-26.476499999999998,"0.4341877022653721,0.23050568181818182,0.26013366336633664,0.2,0.55,0.08338106501647227","0,0,0"
67.71666666666667,24,AV,0,0,0,72,646.5589615252754,0.6,-26.4765,"0.64521875,0.3017560975609756,0.3265443037974684,0.6,0.72,0.03395708633758153","0,0,0"
64.2,187,AV,0,0,0,66,3257.969850357721,0.1,-26.4765,"0.6002361111111112,0.28555828779599285,0.3116666666666667,0.1,0.66,0.17110761752160772","0,0,0"
10.083333333333334,26,AV,0,0,0,33,670.158540600369,0.1,-26.4765,"0.10553368794326241,0.10446428571428572,0.1356765536723164,0.1,0.33,0.03519652928381035","0,0,0"
50.15,154,AV,0,0,0,58,2645.062412614309,0.1,-26.476499999999998,"0.44901818181818187,0.24146942800788956,0.2700379537953796,0.1,0.58,0.13891789930735432","0,0,0"
11.266666666666667,197,AV,1,0,0,31,3438.9188747307694,0.1,-26.4765,"0.09286917562724016,0.0969121756487026,0.13010000000000002,0.1,0.31,0.18061100701734908","0,0,0"
33.45,199,AV,1,0,0,79,3508.846318545673,0.7,-26.476499999999998,"0.667390625,0.3203996509598604,0.34452329749103944,0.7,0.79,0.18428357578259733","0,0,0"
11.883333333333333,172,AV,0,0,0,33,2965.4163440895786,0.5,-26.476499999999998,"0.10553368794326241,0.10446428571428572,0.1356765536723164,0.5,0.33,0.15574279348874007","0,0,0"
15.7,284,AV,1,0,0,42,8987.822610831106,0.8,-26.4765,"0.19526333333333334,0.14296544715447157,0.17436350574712642,0.8,0.42,0.472037797856628","0,0,0"
38.166666666666664,239,AV,0,0,0,51,4934.883137056144,0.6,-26.476499999999998,"0.35048333333333337,0.1994171220400729,0.22941924398625424,0.6,0.51,0.2591786097211798","0,0,0"
25.766666666666666,166,AV,1,0,0,58,2857.6088215719105,0.2,-26.476499999999998,"0.44901818181818187,0.24146942800788956,0.2700379537953796,0.2,0.58,0.1500807741404395","0,0,0"
39.68333333333333,97,AV,0,0,0,52,1530.6528609905624,0.6,-26.476499999999998,"0.37059365079365086,0.2087680722891566,0.23807951070336386,0.6,0.52,0.08038943769475668","0,0,0"
24.55,290,AV,2,0,0,50,11515.391842589095,0.4,-26.476499999999998,"0.3269781746031746,0.18876275510204082,0.21494833333333332,0.4,0.5,0.6047849898908156","0,0,0"
25.533333333333335,275,AV,1,0,0,58,7864.29237148983,0.1,-26.4765,"0.44901818181818187,0.24146942800788956,0.2700379537953796,0.1,0.58,0.41303032040988025","0,0,0"
31.766666666666666,2,AV,2,0,0,63,437.8567856598078,0.2,-26.4765,"0.5487728613569322,0.27066955684007704,0.2950762411347518,0.2,0.63,0.022996109494903022","0,0,0"
19.483333333333334,25,AV,2,0,0,46,649.7132696839626,0.4,-26.4765,"0.24687755102040818,0.16079189189189194,0.18982989690721652,0.4,0.46,0.034122749673570554","0,0,0"
26.333333333333332,108,AV,2,0,0,51,1592.6375082496468,0.3,-26.4765,"0.35048333333333337,0.1994171220400729,0.22941924398625424,0.3,0.51,0.08364485312294262","0,0,0"
27.833333333333332,73,AV,2,0,0,51,1239.4416864014672,0.1,-26.476499999999998,"0.35048333333333337,0.1994171220400729,0.22941924398625424,0.1,0.51,0.06509511252654251","0,0,0"
17.15,241,AV,1,0,0,43,4968.170350229253,0.1,-26.4765,"0.20804575163398692,0.1471156069364162,0.17616666666666667,0.1,0.43,0.260926844358575","0,0,0"
57.266666666666666,222,AV,0,0,0,63,4376.119511966378,0.1,-26.4765,"0.5487728613569322,0.27066955684007704,0.2950762411347518,0.1,0.63,0.22983250860967044","0,0,0"
36.43333333333333,29,AV,0,0,0,50,742.4887258523852,0.2,-26.4765,"0.3269781746031746,0.18876275510204082,0.21494833333333332,0.2,0.5,0.03899528932206243","0,0,0"
26.683333333333334,255,AV,2,0,0,53,5825.994272151124,0.9,-26.476499999999998,"0.3829434523809524,0.21149386503067483,0.24008730158730157,0.9,0.53,0.3059795042280261","0,0,0"
69.58333333333333,109,AV,0,0,0,75,1596.1763216794554,0.2,-26.4765,"0.6378944444444443,0.3080948844884489,0.33364962121212133,0.2,0.75,0.0838307105625876","0,0,0"
17.433333333333334,184,AV,1,0,0,47,3236.647802754315,0.2,-26.4765,"0.2661774691358024,0.1676001984126984,0.19569711538461537,0.2,0.47,0.16998778985785554","0,0,0"
24.733333333333334,272,AV,2,0,0,54,7572.106998522375,0.1,-26.4765,"0.39735737179487174,0.2188253493013972,0.24723547400611615,0.1,0.54,0.3976848306296006","0,0,0"
29.283333333333335,287,AV,1,0,0,67,9280.176126726552,0.2,-26.476499999999998,"0.599948598130841,0.28612952898550725,0.3123052434456929,0.2,0.67,0.48739211845399105","0,0,0"
8.933333333333334,258,AV,1,0,0,14,5911.733280178027,0.1,-26.476499999999998,"0.05333333333333334,0.07886969696969696,0.1145509259259259,0.1,0.14,0.3104824916913811","0,0,0"
29.883333333333333,119,AV,1,0,0,71,1822.2981036688468,0.1,-26.476499999999998,"0.6451155303030304,0.2978755980861244,0.3241827309236948,0.1,0.71,0.09570655999124235","0,0,0"
27.5,100,AV,1,0,0,61,1546.5147326922538,0.4,-26.476499999999998,"0.5103697916666667,0.2564188255613126,0.2815641025641025,0.4,0.61,0.08122249852741349","0,0,0"
9.166666666666666,52,AV,1,0,0,16,959.5289757906356,0.2,-26.476499999999998,"0.05686842105263157,0.0801546184738956,0.11634333333333333,0.2,0.16,0.05039417936063988","0,0,0"
22.966666666666665,80,AV,1,0,0,54,1294.2551843223837,0.2,-26.476499999999998,"0.39735737179487174,0.2188253493013972,0.24723547400611615,0.2,0.54,0.06797390130239438","0,0,0"
48.61666666666667,140,AV,0,0,0,57,2347.541384251396,0.4,-26.476499999999998,"0.4453053097345132,0.2383254437869822,0.267937074829932,0.4,0.57,0.12329218247631395","0,0,0"
27.216666666666665,253,AV,1,0,0,61,5670.319740923212,0.4,-26.476499999999998,"0.5103697916666667,0.2564188255613126,0.2815641025641025,0.4,0.61,0.29780352367244284","0,0,0"
72.78333333333333,283,AV,0,0,0,76,8975.220492497892,0.2,-26.476499999999998,"0.6478945578231294,0.3142730496453901,0.33944326241134753,0.2,0.76,0.47137593831133945","0,0,0"
28.366666666666667,127,AV,2,0,0,58,2030.86588445069,0.1,-26.476499999999998,"0.44901818181818187,0.24146942800788956,0.2700379537953796,0.1,0.58,0.10666047844368956","0,0,0"
8.083333333333334,149,AV,0,0,0,29,2472.005569054355,0.3,-26.4765,"0.07387545787545786,0.08738122605363983,0.12092028985507247,0.3,0.29,0.12982900482476664","0,0,0"
19.933333333333334,41,AV,1,0,0,50,861.805442805673,0.2,-26.4765,"0.3269781746031746,0.18876275510204082,0.21494833333333332,0.2,0.5,0.04526176817426404","0,0,0"
15.25,130,AV,1,0,0,41,2052.607856914241,0.1,-26.4765,"0.18185808580858084,0.13655904761904766,0.16846955128205127,0.1,0.41,0.10780236043748707","0,0,0"
34.016666666666666,285,AV,2,0,0,75,9030.678864893336,0.1,-26.4765,"0.6378944444444443,0.3080948844884489,0.33364962121212133,0.1,0.75,0.47428859570476767","0,0,0"
10.733333333333333,178,AV,1,0,0,30,3046.5766145774583,0.3,-26.4765,"0.07652508960573479,0.08851873767258381,0.12082203389830509,0.3,0.3,0.16000530700434717","0,0,0"
16.95,227,AV,2,0,0,40,4547.885280126284,0.4,-26.4765,"0.1727032967032967,0.1312153153153153,0.16352403846153846,0.4,0.4,0.2388535961922898","0,0,0"
31.233333333333334,237,AV,2,0,0,64,4843.3187157075145,0.8,-26.476499999999998,"0.569931884057971,0.27765196078431376,0.30271578947368427,0.8,0.64,0.2543696732649421","0,0,0"
57.18333333333333,280,AV,0,0,0,63,8348.421721831439,0.6,-26.476499999999998,"0.5487728613569322,0.27066955684007704,0.2950762411347518,0.6,0.63,0.43845665138103423","0,0,0"
51.95,106,AV,0,0,0,61,1588.8002265047048,0.2,-26.476499999999998,"0.5103697916666667,0.2564188255613126,0.2815641025641025,0.2,0.61,0.08344332021524425","0,0,0"
20.4,181,AV,2,0,0,48,3169.820795106812,0.4,-26.476499999999998,"0.28281023102310227,0.17434357541899445,0.20276166666666667,0.4,0.48,0.16647805508747177","0,0,0"
20.383333333333333,218,AV,1,0,0,50,4196.147454418583,0.1,-26.476499999999998,"0.3269781746031746,0.18876275510204082,0.21494833333333332,0.1,0.5,0.22038042912401049","0,0,0"
34.7,121,AV,0,0,0,49,1830.3424648913517,0.3,-26.476499999999998,"0.2971593406593407,0.17956899641577062,0.2065631067961165,0.3,0.49,0.0961290474747023","0,0,0"
19.033333333333335,192,AV,2,0,0,44,3362.377553451843,0.2,-26.476499999999998,"0.2192359735973598,0.15159333333333336,0.17933653846153852,0.2,0.44,0.17659107935455778","0,0,0"
31.116666666666667,133,AV,1,0,0,73,2123.4400354784907,0.6,-26.476499999999998,"0.6431827956989248,0.3043236714975846,0.3291354166666667,0.6,0.73,0.11152244560545237","0,0,0"
58.916666666666664,82,AV,0,0,0,63,1348.5865378412918,0.2,-26.476499999999998,"0.5487728613569322,0.27066955684007704,0.2950762411347518,0.2,0.63,0.07082736799617727","0,0,0"
12.416666666666666,171,AV,2,0,0,30,2964.6777926145683,0.6,-26.476499999999998,"0.07652508960573479,0.08851873767258381,0.12082203389830509,0.6,0.3,0.15570400498267326","0,0,0"
36.21666666666667,221,AV,2,0,0,82,4343.557359248321,0.1,-26.476499999999998,"0.6817606382978723,0.32384561403508777,0.35176041666666663,0.1,0.82,0.22812235393394506","0,0,0"
29.833333333333332,92,AV,1,0,0,68,1475.2077210572677,0.8,-26.476499999999998,"0.6093108974358973,0.28865664845173045,0.3142670250896058,0.8,0.68,0.07747747526634545","0,0,0"
24.05,31,AV,0,0,0,42,743.7818724069466,0.4,-26.476499999999998,"0.19526333333333334,0.14296544715447157,0.17436350574712642,0.4,0.42,0.039063204998456114","0,0,0"
19.0,161,AV,1,0,0,48,2761.3662775036096,0.1,-26.476499999999998,"0.28281023102310227,0.17434357541899445,0.20276166666666667,0.1,0.48,0.14502614405602138","0,0,0"
28.116666666666667,164,AV,2,0,0,56,2835.850686157305,0.1,-26.4765,"0.44552752293577974,0.23696724470134878,0.2671700680272109,0.1,0.56,0.14893804327321036","0,0,0"
23.016666666666666,8,AV,2,0,0,49,497.26542980048754,0.1,-26.4765,"0.2971593406593407,0.17956899641577062,0.2065631067961165,0.1,0.49,0.026116233997585142","0,0,0"
30.533333333333335,167,AV,1,0,0,69,2891.134206742707,0.3,-26.4765,"0.643483695652174,0.2950808823529411,0.3200833333333334,0.3,0.69,0.1518415175010447","0,0,0"
6.6,180,AV,0,0,0,25,3119.7161673652217,0.2,-26.4765,"0.06450000000000002,0.08315936739659367,0.11932130584192441,0.2,0.25,0.1638465747873305","0,0,0"
31.1,261,AV,0,0,0,46,6007.794801579103,0.1,-26.476499999999998,"0.24687755102040818,0.16079189189189194,0.18982989690721652,0.1,0.46,0.31552761451860256","0,0,0"
53.766666666666666,176,AV,0,0,0,61,3031.4508351358254,0.8,-26.4765,"0.5103697916666667,0.2564188255613126,0.2815641025641025,0.8,0.61,0.15921090552051181","0,0,0"
19.283333333333335,74,AV,1,0,0,49,1240.6560786390864,0.2,-26.4765,"0.2971593406593407,0.17956899641577062,0.2065631067961165,0.2,0.49,0.06515889204939258","0,0,0"
29.0,256,AV,1,0,0,67,5844.130995646287,0.4,-26.4765,"0.599948598130841,0.28612952898550725,0.3123052434456929,0.4,0.67,0.30693203960724846","0,0,0"
15.4,170,AV,0,0,0,35,2942.323800284961,0.1,-26.4765,"0.12995740740740738,0.11618727598566309,0.145125,0.1,0.35,0.15452997988566525","0,0,0"
14.016666666666667,183,AV,1,0,0,40,3227.056348793521,0.4,-26.4765,"0.1727032967032967,0.1312153153153153,0.16352403846153846,0.4,0.4,0.1694840495191844","0,0,0"
31.633333333333333,250,AV,1,0,0,75,5480.041794665195,0.4,-26.4765,"0.6378944444444443,0.3080948844884489,0.33364962121212133,0.4,0.75,0.2878101819453735","0,0,0"
38.15,62,AV,0,0,0,51,1046.6558973464134,0.1,-26.4765,"0.35048333333333337,0.1994171220400729,0.22941924398625424,0.1,0.51,0.054970059633983805","0,0,0"
17.666666666666668,281,AV,1,0,0,47,8436.938288223368,0.2,-26.4765,"0.2661774691358024,0.1676001984126984,0.19569711538461537,0.2,0.47,0.4431055153921156","0,0,0"
14.716666666666667,266,AV,1,0,0,41,6248.181898567973,0.1,-26.4765,"0.18185808580858084,0.13655904761904766,0.16846955128205127,0.1,0.41,0.3281526740918779","0,0,0"
15.033333333333333,69,AV,2,0,0,32,1141.5133047894662,0.7,-26.4765,"0.0969094202898551,0.09882066276803123,0.13078774928774928,0.7,0.32,0.059951942750574055","0,0,0"
52.016666666666666,70,AV,0,0,0,59,1150.2916000513435,0.1,-26.476499999999998,"0.48740453074433665,0.25016666666666665,0.27586200716845877,0.1,0.59,0.0604129762337403","0,0,0"
26.366666666666667,35,AV,1,0,0,59,777.0630287344238,0.1,-26.476499999999998,"0.48740453074433665,0.25016666666666665,0.27586200716845877,0.1,0.59,0.04081112153210161","0,0,0"
32.13333333333333,220,AV,1,0,0,77,4304.4895651906745,0.7,-26.476499999999998,"0.6537289377289377,0.316346286701209,0.3408350694444444,0.7,0.77,0.22607052489007143","0,0,0"
18.883333333333333,134,AV,0,0,0,39,2131.3254046090938,0.3,-26.4765,"0.1602771929824561,0.1275970695970696,0.156037216828479,0.3,0.39,0.11193658287104669","0,0,0"
23.15,7,AV,1,0,0,54,491.8679742725259,0.4,-26.4765,"0.39735737179487174,0.2188253493013972,0.24723547400611615,0.4,0.54,0.025832761222056865","0,0,0"
30.283333333333335,94,AV,1,0,0,70,1496.328062426438,0.5,-26.4765,"0.6489510869565218,0.29614796747967476,0.32175903614457835,0.5,0.7,0.07858670937805001","0,0,0"
11.816666666666666,254,AV,2,0,0,28,5721.231751015957,0.2,-26.476499999999998,"0.06753137254901963,0.08511516853932585,0.11958547008547013,0.2,0.28,0.30047740745600493","0,0,0"
4.966666666666667,19,AV,0,0,0,22,595.9176043698985,0.2,-26.476499999999998,"0.05954666666666667,0.08165420560747663,0.11761737089201878,0.2,0.22,0.03129741716662037","0,0,0"
25.716666666666665,276,AV,0,0,0,42,7897.119961473183,0.2,-26.4765,"0.19526333333333334,0.14296544715447157,0.17436350574712642,0.2,0.42,0.4147544157726446","0,0,0"
13.083333333333334,67,AV,1,0,0,38,1122.7546975855585,0.2,-26.476499999999998,"0.1526280701754386,0.12377567567567567,0.151745,0.2,0.38,0.05896674622202671","0,0,0"
6.383333333333334,295,AV,0,0,0,25,13460.811009378149,0.3,-26.4765,"0.06450000000000002,0.08315936739659367,0.11932130584192441,0.3,0.25,0.7069578318750951","0,0,0"
43.333333333333336,152,AV,0,0,0,54,2612.3907844155665,0.8,-26.4765,"0.39735737179487174,0.2188253493013972,0.24723547400611615,0.8,0.54,0.13720199501160868","0,0,0"
33.916666666666664,9,AV,2,0,0,71,506.5869000089976,0.5,-26.4765,"0.6451155303030304,0.2978755980861244,0.3241827309236948,0.5,0.71,0.02660579486905904","0,0,0"
53.9,219,AV,0,0,0,61,4227.85786318916,0.9,-26.4765,"0.5103697916666667,0.2564188255613126,0.2815641025641025,0.9,0.61,0.22204585045833433","0,0,0"
32.93333333333333,30,AV,2,0,0,72,743.7553910389753,0.2,-26.4765,"0.64521875,0.3017560975609756,0.3265443037974684,0.2,0.72,0.03906181420480535","0,0,0"
36.15,292,AV,2,0,0,80,12197.400506638176,0.1,-26.4765,"0.677626811594203,0.3226215986394558,0.3491213768115942,0.1,0.8,0.6406038841699384","0,0,0"
13.266666666666667,163,AV,1,0,0,38,2797.307504072895,0.5,-26.4765,"0.1526280701754386,0.12377567567567567,0.151745,0.5,0.38,0.1469137666957458","0,0,0"
7.716666666666667,296,AV,1,0,0,10,14312.770160915026,0.1,-26.4765,"0.05216666666666667,0.076625,0.11464285714285713,0.1,0.1,0.7517024757302859","0,0,0"
25.883333333333333,39,AV,1,0,0,59,857.6590975250949,0.6,-26.476499999999998,"0.48740453074433665,0.25016666666666665,0.27586200716845877,0.6,0.59,0.04504400334065031","0,0,0"
29.35,185,AV,1,0,0,68,3245.380745418587,0.7,-26.476499999999998,"0.6093108974358973,0.28865664845173045,0.3142670250896058,0.7,0.68,0.1704464414359456","0,0,0"
8.2,38,AV,1,0,0,21,837.3801312568858,0.7,-26.476499999999998,"0.0578798449612403,0.08073782771535581,0.11798275862068965,0.7,0.21,0.04397895800158024","0,0,0"
13.15,150,AV,2,0,0,23,2533.2754137277425,0.1,-26.476499999999998,"0.06188611111111112,0.08212195121951218,0.11759437751004016,0.1,0.23,0.13304687903156176","0,0,0"
24.95,53,AV,1,0,0,56,969.457736312404,0.3,-26.476499999999998,"0.44552752293577974,0.23696724470134878,0.2671700680272109,0.3,0.56,0.050915634940603534","0,0,0"
14.416666666666666,177,AV,1,0,0,40,3032.1279287666234,0.8,-26.476499999999998,"0.1727032967032967,0.1312153153153153,0.16352403846153846,0.8,0.4,0.15924646627869138","0,0,0"
41.416666666666664,43,AV,0,0,0,53,863.5619359671642,0.3,-26.476499999999998,"0.3829434523809524,0.21149386503067483,0.24008730158730157,0.3,0.53,0.04535401867806252","0,0,0"
31.6,11,AV,1,0,0,76,539.5213747330826,0.2,-26.476499999999998,"0.6478945578231294,0.3142730496453901,0.33944326241134753,0.2,0.76,0.028335503786943907","0,0,0"
20.1,76,AV,1,0,0,50,1261.43865123121,0.1,-26.476499999999998,"0.3269781746031746,0.18876275510204082,0.21494833333333332,0.1,0.5,0.06625038664435261","0,0,0"
37.983333333333334,54,AV,2,0,0,93,978.4447105201264,0.1,-26.476499999999998,"0.7006187739463602,0.32964700854700857,0.35863775510204077,0.1,0.93,0.051387628180578626","0,0,0"
14.8,242,AV,2,0,0,33,5004.1281918097375,0.1,-26.476499999999998,"0.10553368794326241,0.10446428571428572,0.1356765536723164,0.1,0.33,0.2628153396137967","0,0,0"
16.316666666666666,143,AV,1,0,0,43,2398.572127464108,0.4,-26.476499999999998,"0.20804575163398692,0.1471156069364162,0.17616666666666667,0.4,0.43,0.12597230208838628","0,0,0"
33.06666666666667,123,AV,1,0,0,88,1848.7234685638712,0.1,-26.476499999999998,"0.6898876811594202,0.3280506108202444,0.3575687285223368,0.1,0.88,0.09709441237693286","0,0,0"
46.916666666666664,148,AV,0,0,0,55,2458.2611968747465,0.1,-26.476499999999998,"0.4341877022653721,0.23050568181818182,0.26013366336633664,0.1,0.55,0.12910715444370038","0,0,0"
23.283333333333335,229,AV,1,0,0,54,4549.115907877681,0.3,-26.476499999999998,"0.39735737179487174,0.2188253493013972,0.24723547400611615,0.3,0.54,0.2389182283995444","0,0,0"
12.866666666666667,273,AV,2,0,0,21,7612.519032757181,0.8,-26.476499999999998,"0.0578798449612403,0.08073782771535581,0.11798275862068965,0.8,0.21,0.39980725877188683","0,0,0"
11.783333333333333,158,AV,0,0,0,33,2744.255474143275,0.6,-26.476499999999998,"0.10553368794326241,0.10446428571428572,0.1356765536723164,0.6,0.33,0.14412748970028938","0,0,0"
29.033333333333335,90,AV,2,0,0,60,1454.957177165027,0.6,-26.476499999999998,"0.501578231292517,0.25412322695035455,0.2797748226950354,0.6,0.6,0.0764139226620948","0,0,0"
24.4,232,AV,2,0,0,53,4635.813442599864,0.3,-26.476499999999998,"0.3829434523809524,0.21149386503067483,0.24008730158730157,0.3,0.53,0.24347155740278267","0,0,0"
17.4,138,AV,1,0,0,46,2239.257430619588,0.1,-26.476499999999998,"0.24687755102040818,0.16079189189189194,0.18982989690721652,0.1,0.46,0.1176051411061415","0,0,0"
29.516666666666666,111,AV,1,0,0,68,1626.914224999384,0.2,-26.476499999999998,"0.6093108974358973,0.28865664845173045,0.3142670250896058,0.2,0.68,0.08544505619691108","0,0,0"
15.3,95,AV,0,0,0,34,1507.5005543882637,0.2,-26.476499999999998,"0.11998947368421051,0.11185462962962962,0.14391269841269838,0.2,0.34,0.07917348536713947","0,0,0"
13.316666666666666,93,AV,1,0,0,39,1485.5718097438446,0.1,-26.476499999999998,"0.1602771929824561,0.1275970695970696,0.156037216828479,0.1,0.39,0.07802179415338123","0,0,0"
12.266666666666667,257,AV,1,0,0,34,5862.8833826120845,0.2,-26.4765,"0.11998947368421051,0.11185462962962962,0.14391269841269838,0.2,0.34,0.30791690945072125","0,0,0"
33.9,88,AV,2,0,0,65,1446.9812594843625,0.2,-26.4765,"0.5829572271386433,0.28032490636704127,0.3065561797752808,0.2,0.65,0.0759950298133052","0,0,0"
28.833333333333332,223,AV,1,0,0,64,4381.240268036911,0.9,-26.476499999999998,"0.569931884057971,0.27765196078431376,0.30271578947368427,0.9,0.64,0.23010144921114412","0,0,0"
21.033333333333335,36,AV,1,0,0,50,802.5586880039084,0.5,-26.4765,"0.3269781746031746,0.18876275510204082,0.21494833333333332,0.5,0.5,0.042150146052007835","0,0,0"
20.75,174,AV,1,0,0,50,3001.8426729260827,0.2,-26.4765,"0.3269781746031746,0.18876275510204082,0.21494833333333332,0.2,0.5,0.1576558935567436","0,0,0"
13.983333333333333,173,AV,1,0,0,39,2966.188350320237,0.1,-26.4765,"0.1602771929824561,0.1275970695970696,0.156037216828479,0.1,0.39,0.15578333902872574","0,0,0"
18.583333333333332,195,AV,0,0,0,37,3398.605365942332,0.4,-26.476499999999998,"0.14820146520146518,0.12164516129032257,0.15120550161812296,0.4,0.37,0.17849375340250406","0,0,0"
21.266666666666666,278,AV,1,0,0,51,8326.33528790118,0.1,-26.476499999999998,"0.35048333333333337,0.1994171220400729,0.22941924398625424,0.1,0.51,0.43729667837240127","0,0,0"
7.666666666666667,245,AV,1,0,0,5,5064.807770076448,0.3,-26.4765,"0.0,0.0,0.0,0.3,0.05,0.2660022132026646","0,0,0"
14.766666666666667,16,AV,1,0,0,41,583.3206434887895,0.7,-26.4765,"0.18185808580858084,0.13655904761904766,0.16846955128205127,0.7,0.41,0.030635828489198207","0,0,0"
25.983333333333334,244,AV,1,0,0,59,5051.78348307234,0.1,-26.476500000000005,"0.48740453074433665,0.25016666666666665,0.27586200716845877,0.1,0.59,0.26531818148305064","0,0,0"
13.483333333333333,214,AV,0,0,0,33,4015.909421979459,0.1,-26.4765,"0.10553368794326241,0.10446428571428572,0.1356765536723164,0.1,0.33,0.21091438071535054","0,0,0"
14.65,10,AV,1,0,0,40,513.3463032142733,0.2,-26.476499999999998,"0.1727032967032967,0.1312153153153153,0.16352403846153846,0.2,0.4,0.026960796735695607","0,0,0"
28.183333333333334,146,AV,1,0,0,65,2421.832203454489,0.3,-26.476499999999998,"0.5829572271386433,0.28032490636704127,0.3065561797752808,0.3,0.65,0.12719391443254247","0,0,0"
30.633333333333333,274,AV,2,0,0,62,7658.5640246764915,0.5,-26.4765,"0.5328428571428572,0.26600294117647055,0.2903634920634921,0.5,0.62,0.4022255281936403","0,0,0"
18.866666666666667,236,AV,1,0,0,48,4754.245589533712,0.2,-26.4765,"0.28281023102310227,0.17434357541899445,0.20276166666666667,0.2,0.48,0.24969157889794616","0,0,0"
20.883333333333333,113,AV,2,0,0,45,1639.6236094811811,0.3,-26.476499999999998,"0.23379710144927535,0.15641364421416235,0.18675438596491226,0.3,0.45,0.08611254932874826","0,0,0"
71.5,0,AV,0,0,0,75,388.2787303527966,0.2,-26.4765,"0.6378944444444443,0.3080948844884489,0.33364962121212133,0.2,0.75,0.02039228462402346","0,0,0"
15.666666666666666,136,AV,1,0,0,43,2164.09247058771,0.3,-26.476499999999998,"0.20804575163398692,0.1471156069364162,0.17616666666666667,0.3,0.43,0.11365749953089815","0,0,0"
32.483333333333334,27,AV,1,0,0,84,676.2529471816457,0.1,-26.476499999999998,"0.6849719298245612,0.3254921465968586,0.35458687943262407,0.1,0.84,0.03551660572350354","0,0,0"
21.616666666666667,191,AV,1,0,0,52,3352.9358316496982,0.2,-26.476499999999998,"0.37059365079365086,0.2087680722891566,0.23807951070336386,0.2,0.52,0.17609520290478356","0,0,0"
22.25,211,AV,1,0,0,53,3942.222625638348,0.2,-26.4765,"0.3829434523809524,0.21149386503067483,0.24008730158730157,0.2,0.53,0.20704437186203256","0,0,0"
66.03333333333333,248,AV,0,0,0,70,5307.329693361759,0.1,-26.4765,"0.6489510869565218,0.29614796747967476,0.32175903614457835,0.1,0.7,0.2787393932246195","0,0,0"
26.433333333333334,6,AV,1,0,0,59,477.1303205766694,0.2,-26.476499999999998,"0.48740453074433665,0.25016666666666665,0.27586200716845877,0.2,0.59,0.025058743988140585","0,0,0"
12.016666666666667,210,AV,1,0,0,32,3941.04555698938,0.3,-26.4765,"0.0969094202898551,0.09882066276803123,0.13078774928774928,0.3,0.32,0.20698255256307185","0,0,0"
33.15,139,AV,1,0,0,93,2344.9936519099742,0.2,-26.4765,"0.7006187739463602,0.32964700854700857,0.35863775510204077,0.2,0.93,0.12315837632369546","0,0,0"
18.05,299,AV,1,0,0,47,19040.472291926453,0.5,-26.476499999999998,"0.2661774691358024,0.1676001984126984,0.19569711538461537,0.5,0.47,1.0","0,0,0"
36.31666666666667,3,AV,0,0,0,49,449.0833195935783,0.1,-26.4765,"0.2971593406593407,0.17956899641577062,0.2065631067961165,0.1,0.49,0.02358572375245118","0,0,0"
15.816666666666666,48,AV,1,0,0,44,898.3728471886773,0.1,-26.4765,"0.2192359735973598,0.15159333333333336,0.17933653846153852,0.1,0.44,0.047182277488442635","0,0,0"
20.45,188,AV,1,0,0,50,3274.575105225111,0.4,-26.4765,"0.3269781746031746,0.18876275510204082,0.21494833333333332,0.4,0.5,0.17197972061930406","0,0,0"
5.133333333333334,189,AV,0,0,0,10,3301.717979419838,0.4,-26.4765,"0.05216666666666667,0.076625,0.11464285714285713,0.4,0.1,0.1734052563822082","0,0,0"
15.733333333333333,60,AV,2,0,0,35,1025.7249596144625,0.2,-26.4765,"0.12995740740740738,0.11618727598566309,0.145125,0.2,0.35,0.05387077294555297","0,0,0"
11.716666666666667,86,AV,2,0,0,12,1411.5824788559885,0.2,-26.4765,"0.051476190476190474,0.07828205128205128,0.11526086956521739,0.2,0.12,0.07413589627472256","0,0,0"
71.13333333333334,64,AV,0,0,0,75,1074.3823512953045,0.2,-26.4765,"0.6378944444444443,0.3080948844884489,0.33364962121212133,0.2,0.75,0.05642624483379356","0,0,0"
31.266666666666666,289,AV,1,0,0,75,10838.007207066395,0.4,-26.476499999999998,"0.6378944444444443,0.3080948844884489,0.33364962121212133,0.4,0.75,0.5692089482287648","0,0,0"
59.166666666666664,175,AV,0,0,0,63,3024.224513765153,0.6,-26.4765,"0.5487728613569322,0.27066955684007704,0.2950762411347518,0.6,0.63,0.1588313812492711","0,0,0"
12.716666666666667,66,AV,2,0,0,29,1097.8259349569896,0.9,-26.4765,"0.07387545787545786,0.08738122605363983,0.12092028985507247,0.9,0.29,0.05765749494682913","0,0,0"
30.433333333333334,155,AV,1,0,0,71,2648.588416164911,0.4,-26.476499999999998,"0.6451155303030304,0.2978755980861244,0.3241827309236948,0.4,0.71,0.1391030839759141","0,0,0"
21.583333333333332,83,AV,1,0,0,51,1373.5659577718477,0.9,-26.4765,"0.35048333333333337,0.1994171220400729,0.22941924398625424,0.9,0.51,0.07213927977796368","0,0,0"
19.316666666666666,201,AV,2,0,0,44,3608.770587345788,0.3,-26.4765,"0.2192359735973598,0.15159333333333336,0.17933653846153852,0.3,0.44,0.18953156896617424","0,0,0"
16.616666666666667,212,AV,2,0,0,34,3958.913906791885,0.6,-26.4765,"0.11998947368421051,0.11185462962962962,0.14391269841269838,0.6,0.34,0.20792099303495454","0,0,0"
46.85,259,AV,0,0,0,55,5913.041300376779,0.3,-26.4765,"0.4341877022653721,0.23050568181818182,0.26013366336633664,0.3,0.55,0.31055118852718944","0,0,0"
25.433333333333334,126,AV,2,0,0,53,2015.5588757501516,0.1,-26.4765,"0.3829434523809524,0.21149386503067483,0.24008730158730157,0.1,0.53,0.10585655885252329","0,0,0"
19.383333333333333,115,AV,2,0,0,45,1682.490559712908,0.2,-26.4765,"0.23379710144927535,0.15641364421416235,0.18675438596491226,0.2,0.45,0.0883639089365613","0,0,0"
60.85,21,AV,0,0,0,63,623.7253316558669,0.1,-26.4765,"0.5487728613569322,0.27066955684007704,0.2950762411347518,0.1,0.63,0.03275787081816973","0,0,0"
15.216666666666667,238,AV,1,0,0,42,4925.450001742355,0.8,-26.476499999999998,"0.19526333333333334,0.14296544715447157,0.17436350574712642,0.8,0.42,0.25868318423124653","0,0,0"
28.3,165,AV,1,0,0,65,2838.632091159661,0.8,-26.4765,"0.5829572271386433,0.28032490636704127,0.3065561797752808,0.8,0.65,0.149084121845197","0,0,0"
27.7,51,AV,1,0,0,62,932.0432837729122,0.2,-26.4765,"0.5328428571428572,0.26600294117647055,0.2903634920634921,0.2,0.62,0.04895063890658413","0,0,0"
8.05,168,AV,1,0,0,11,2909.8477340427667,0.1,-26.4765,"0.051512820512820516,0.07752380952380952,0.11460416666666663,0.1,0.11,0.15282434644631168","0,0,0"
20.733333333333334,68,AV,0,0,0,39,1141.0395517097602,0.1,-26.4765,"0.1602771929824561,0.1275970695970696,0.156037216828479,0.1,0.39,0.05992706137828231","0,0,0"
62.56666666666667,81,AV,0,0,0,65,1297.4303329633815,0.2,-26.4765,"0.5829572271386433,0.28032490636704127,0.3065561797752808,0.2,0.65,0.06814065917437974","0,0,0"
27.833333333333332,23,AV,2,0,0,54,632.5893922142865,0.2,-26.476499999999998,"0.39735737179487174,0.2188253493013972,0.24723547400611615,0.2,0.54,0.033223408669464424","0,0,0"
29.9,265,AV,1,0,0,68,6130.868263041086,0.8,-26.4765,"0.6093108974358973,0.28865664845173045,0.3142670250896058,0.8,0.68,0.3219913964865619","0,0,0"
12.333333333333334,12,AV,1,0,0,33,541.9839687696077,0.1,-26.4765,"0.10553368794326241,0.10446428571428572,0.1356765536723164,0.1,0.33,0.028464838500850628","0,0,0"
35.38333333333333,196,AV,2,0,0,77,3427.0421228311798,0.2,-26.4765,"0.6537289377289377,0.316346286701209,0.3408350694444444,0.2,0.77,0.1799872435036349","0,0,0"
12.8,131,AV,1,0,0,33,2088.64210540395,0.3,-26.476499999999998,"0.10553368794326241,0.10446428571428572,0.1356765536723164,0.3,0.33,0.10969486856109009","0,0,0"
48.5,286,AV,0,0,0,55,9095.945853089892,0.4,-26.4765,"0.4341877022653721,0.23050568181818182,0.26013366336633664,0.4,0.55,0.47771639871279653","0,0,0"
50.25,246,AV,0,0,0,58,5200.876525735832,0.2,-26.476499999999998,"0.44901818181818187,0.24146942800788956,0.2700379537953796,0.2,0.58,0.27314850419656395","0,0,0"
17.333333333333332,13,AV,0,0,0,35,566.7055292848979,0.3,-26.4765,"0.12995740740740738,0.11618727598566309,0.145125,0.3,0.35,0.02976320758205103","0,0,0"
37.86666666666667,85,AV,2,0,0,81,1391.0507319816634,0.1,-26.476499999999998,"0.6782124542124542,0.3233436426116839,0.3505964912280701,0.1,0.81,0.07305757497262802","0,0,0"
18.166666666666668,34,AV,1,0,0,47,776.0711537761008,0.4,-26.476499999999998,"0.2661774691358024,0.1676001984126984,0.19569711538461537,0.4,0.47,0.04075902855125977","0,0,0"
14.216666666666667,61,AV,2,0,0,30,1038.299283744561,0.1,-26.476499999999998,"0.07652508960573479,0.08851873767258381,0.12082203389830509,0.1,0.3,0.054531172747475445","0,0,0"
26.8,56,AV,1,0,0,60,981.8973671489576,0.9,-26.4765,"0.501578231292517,0.25412322695035455,0.2797748226950354,0.9,0.6,0.05156896069039748","0,0,0"
25.5,110,AV,1,0,0,57,1614.9493849180149,0.9,-26.476499999999998,"0.4453053097345132,0.2383254437869822,0.267937074829932,0.9,0.57,0.08481666631781955","0,0,0"
28.683333333333334,72,AV,1,0,0,67,1205.4292211271013,0.3,-26.476499999999998,"0.599948598130841,0.28612952898550725,0.3123052434456929,0.3,0.67,0.06330878786227523","0,0,0"
19.166666666666668,224,AV,1,0,0,48,4416.224882412617,0.4,-26.476499999999998,"0.28281023102310227,0.17434357541899445,0.20276166666666667,0.4,0.48,0.23193883086005102","0,0,0"
22.316666666666666,84,AV,1,0,0,52,1386.7650627050614,0.1,-26.476499999999998,"0.37059365079365086,0.2087680722891566,0.23807951070336386,0.1,0.52,0.07283249288375467","0,0,0"
34.55,230,AV,2,0,0,77,4572.8741748457805,0.4,-26.476499999999998,"0.6537289377289377,0.316346286701209,0.3408350694444444,0.4,0.77,0.24016600558720239","0,0,0"
15.133333333333333,270,AV,1,0,0,41,7128.986247371214,0.2,-26.4765,"0.18185808580858084,0.13655904761904766,0.16846955128205127,0.2,0.41,0.3744122592165977","0,0,0"
21.35,204,AV,1,0,0,50,3773.073658575576,0.2,-26.4765,"0.3269781746031746,0.18876275510204082,0.21494833333333332,0.2,0.5,0.19816071790275053","0,0,0"
18.0,233,AV,2,0,0,44,4639.089550420253,0.4,-26.476499999999998,"0.2192359735973598,0.15159333333333336,0.17933653846153852,0.4,0.44,0.24364361762115117","0,0,0"
21.316666666666666,209,AV,1,0,0,51,3898.759045987068,0.1,-26.4765,"0.35048333333333337,0.1994171220400729,0.22941924398625424,0.1,0.51,0.204761677452729","0,0,0"
8.65,79,AV,1,0,0,22,1293.252850487379,0.2,-26.476499999999998,"0.05954666666666667,0.08165420560747663,0.11761737089201878,0.2,0.22,0.0679212590244279","0,0,0"
11.416666666666666,202,AV,1,0,0,30,3630.005597296026,0.4,-26.476499999999998,"0.07652508960573479,0.08851873767258381,0.12082203389830509,0.4,0.3,0.1906468254380025","0,0,0"
69.26666666666667,63,AV,0,0,0,74,1068.5648373754009,0.1,-26.476499999999998,"0.6413186813186812,0.3058309061488673,0.3308855421686748,0.1,0.74,0.05612071071516929","0,0,0"
25.833333333333332,107,AV,0,0,0,42,1592.2311391495805,0.4,-26.4765,"0.19526333333333334,0.14296544715447157,0.17436350574712642,0.4,0.42,0.08362351073742634","0,0,0"
23.5,198,AV,2,0,0,53,3480.90175047103,0.5,-26.4765,"0.3829434523809524,0.21149386503067483,0.24008730158730157,0.5,0.53,0.18281593529310736","0,0,0"
27.666666666666668,65,AV,0,0,0,44,1089.3140785512585,0.1,-26.4765,"0.2192359735973598,0.15159333333333336,0.17933653846153852,0.1,0.44,0.05721045475395848","0,0,0"
26.183333333333334,156,AV,2,0,0,54,2667.9339807116767,0.3,-26.4765,"0.39735737179487174,0.2188253493013972,0.24723547400611615,0.3,0.54,0.140119107331331","0,0,0"
9.016666666666667,282,AV,1,0,0,28,8689.506535985933,0.1,-26.476499999999998,"0.06753137254901963,0.08511516853932585,0.11958547008547013,0.1,0.28,0.45637032541837","0,0,0"
22.466666666666665,288,AV,2,0,0,51,10213.823531357188,0.1,-26.4765,"0.35048333333333337,0.1994171220400729,0.22941924398625424,0.1,0.51,0.5364270053158322","0,0,0"
17.716666666666665,235,AV,1,0,0,47,4705.31956239884,0.6,-26.4765,"0.2661774691358024,0.1676001984126984,0.19569711538461537,0.6,0.47,0.24712199835473575","0,0,0"
14.45,114,AV,2,0,0,32,1659.6531244520008,0.2,-26.4765,"0.0969094202898551,0.09882066276803123,0.13078774928774928,0.2,0.32,0.08716449355910817","0,0,0"
28.033333333333335,263,AV,2,0,0,57,6031.594525491932,0.2,-26.476499999999998,"0.4453053097345132,0.2383254437869822,0.267937074829932,0.2,0.57,0.3167775690127944","0,0,0"
30.716666666666665,216,AV,1,0,0,74,4113.319853961603,0.3,-26.4765,"0.6413186813186812,0.3058309061488673,0.3308855421686748,0.3,0.74,0.21603034792922307","0,0,0"
17.116666666666667,194,AV,1,0,0,46,3393.6426315430986,0.5,-26.4765,"0.24687755102040818,0.16079189189189194,0.18982989690721652,0.5,0.46,0.17823311205269168","0,0,0"
23.8,205,AV,0,0,0,41,3773.692032315799,0.1,-26.4765,"0.18185808580858084,0.13655904761904766,0.16846955128205127,0.1,0.41,0.19819319470956198","0,0,0"
30.833333333333332,153,AV,1,0,0,71,2619.168197182975,0.3,-26.4765,"0.6451155303030304,0.2978755980861244,0.3241827309236948,0.3,0.71,0.13755794273514713","0,0,0"
9.916666666666666,231,AV,0,0,0,32,4609.601315671212,0.5,-26.4765,"0.0969094202898551,0.09882066276803123,0.13078774928774928,0.5,0.32,0.2420949042123171","0,0,0"
32.25,15,AV,2,0,0,58,571.0932451196882,0.4,-26.476499999999998,"0.44901818181818187,0.24146942800788956,0.2700379537953796,0.4,0.58,0.029993649126121902","0,0,0"
31.233333333333334,117,AV,1,0,0,74,1794.439334206041,0.1,-26.476499999999998,"0.6413186813186812,0.3058309061488673,0.3308855421686748,0.1,0.74,0.09424342561959032","0,0,0"
27.5,46,AV,1,0,0,61,881.2906222289953,0.2,-26.476499999999998,"0.5103697916666667,0.2564188255613126,0.2815641025641025,0.2,0.61,0.04628512406190052","0,0,0"
19.5,102,AV,1,0,0,49,1564.4426034616197,0.4,-26.476499999999998,"0.2971593406593407,0.17956899641577062,0.2065631067961165,0.4,0.49,0.08216406502295508","0,0,0"
7.716666666666667,5,AV,1,0,0,13,465.3670128771111,0.4,-26.4765,"0.05238888888888888,0.07890780141843971,0.1156888888888889,0.4,0.13,0.0244409385304185","0,0,0"
39.833333333333336,49,AV,0,0,0,52,904.859336063587,0.1,-26.476499999999998,"0.37059365079365086,0.2087680722891566,0.23807951070336386,0.1,0.52,0.04752294597478371","0,0,0"
55.38333333333333,37,AV,0,0,0,61,832.4581618945489,0.9,-26.4765,"0.5103697916666667,0.2564188255613126,0.2815641025641025,0.9,0.61,0.043720457619506006","0,0,0"
16.766666666666666,182,AV,1,0,0,44,3225.188153267811,0.5,-26.4765,"0.2192359735973598,0.15159333333333336,0.17933653846153852,0.5,0.44,0.16938593244009792","0,0,0"
13.083333333333334,251,AV,1,0,0,36,5557.427333357366,0.2,-26.4765,"0.1405035842293907,0.11980887681159419,0.14852750809061488,0.2,0.36,0.2918744476582037","0,0,0"
10.65,252,AV,1,0,0,30,5611.673516276995,0.8,-26.4765,"0.07652508960573479,0.08851873767258381,0.12082203389830509,0.8,0.3,0.29472344121718336","0,0,0"
32.38333333333333,96,AV,2,0,0,62,1530.0661682302475,0.4,-26.4765,"0.5328428571428572,0.26600294117647055,0.2903634920634921,0.4,0.62,0.08035862476368438","0,0,0"
18.233333333333334,17,AV,1,0,0,47,586.8516376274475,0.3,-26.4765,"0.2661774691358024,0.1676001984126984,0.19569711538461537,0.3,0.47,0.03082127526197365","0,0,0"
32.18333333333333,104,AV,1,0,0,78,1579.1767070066765,0.2,-26.4765,"0.6642611683848798,0.3196657848324515,0.34390070921985816,0.2,0.78,0.08293789580399638","0,0,0"
15.0,294,AV,2,0,0,37,13430.196447392702,0.2,-26.476499999999998,"0.14820146520146518,0.12164516129032257,0.15120550161812296,0.2,0.37,0.7053499640913518","0,0,0"
11.633333333333333,1,AV,1,0,0,30,419.7646265090227,0.1,-26.4765,"0.07652508960573479,0.08851873767258381,0.12082203389830509,0.1,0.3,0.022045914621929386","0,0,0"
11.0,169,AV,1,0,0,30,2927.9701715656583,0.2,-26.476499999999998,"0.07652508960573479,0.08851873767258381,0.12082203389830509,0.2,0.3,0.1537761315304756","0,0,0"
60.78333333333333,87,AV,0,0,0,64,1434.4967426379471,0.4,-26.476499999999998,"0.569931884057971,0.27765196078431376,0.30271578947368427,0.4,0.64,0.07533934666348602","0,0,0"
27.55,213,AV,0,0,0,44,3971.0791127863904,0.4,-26.476499999999998,"0.2192359735973598,0.15159333333333336,0.17933653846153852,0.4,0.44,0.20855990607282407","0,0,0"
21.75,55,AV,1,0,0,51,979.573716991658,0.4,-26.4765,"0.35048333333333337,0.1994171220400729,0.22941924398625424,0.4,0.51,0.051446923268128025","0,0,0"
8.316666666666666,225,AV,0,0,0,31,4459.768546990965,0.1,-26.4765,"0.09286917562724016,0.0969121756487026,0.13010000000000002,0.1,0.31,0.23422573130615026","0,0,0"
19.616666666666667,40,AV,1,0,0,49,859.2772315809713,0.3,-26.4765,"0.2971593406593407,0.17956899641577062,0.2065631067961165,0.3,0.49,0.045128987264949426","0,0,0"
23.116666666666667,157,AV,1,0,0,53,2675.3892374750885,0.1,-26.4765,"0.3829434523809524,0.21149386503067483,0.24008730158730157,0.1,0.53,0.14051065522200876","0,0,0"
9.25,33,AV,1,0,0,28,763.1985099142711,0.8,-26.4765,"0.06753137254901963,0.08511516853932585,0.11958547008547013,0.8,0.28,0.04008296108484046","0,0,0"
18.066666666666666,206,AV,2,0,0,37,3824.993837156676,0.9,-26.4765,"0.14820146520146518,0.12164516129032257,0.15120550161812296,0.9,0.37,0.20088755039855555","0,0,0"
32.78333333333333,75,AV,0,0,0,46,1249.5878531833848,0.7,-26.4765,"0.24687755102040818,0.16079189189189194,0.18982989690721652,0.7,0.46,0.06562798621929328","0,0,0"
36.1,226,AV,2,0,0,74,4504.939201911708,0.3,-26.4765,"0.6413186813186812,0.3058309061488673,0.3308855421686748,0.3,0.74,0.2365980808061097","0,0,0"
24.7,18,AV,1,0,0,55,591.6693204447811,0.1,-26.4765,"0.4341877022653721,0.23050568181818182,0.26013366336633664,0.1,0.55,0.0310742985454022","0,0,0"
25.716666666666665,269,AV,1,0,0,58,6709.13861087917,0.6,-26.476499999999998,"0.44901818181818187,0.24146942800788956,0.2700379537953796,0.6,0.58,0.352361984934795","0,0,0"
