travel_time,id,kind,action,origin,destination,start_time,income,urgency,reward,observation,cost_table
27.533333333333335,122,AV,2,0,0,56,1832.3133019091129,0.6,-30.26777777777778,"0.4775277777777778,0.23327192982456144,0.26526956521739126,0.6,0.56,0.0962325552547376","0,0,0"
12.716666666666667,247,AV,2,0,0,27,5304.212874057136,0.6,-30.267777777777773,"0.06922560975609755,0.08345054945054946,0.11824054982817868,0.6,0.27,0.2785756987922106","0,0,0"
26.283333333333335,58,AV,2,0,0,54,1020.7360413649084,0.1,-30.26777777777778,"0.4216645299145299,0.21563483146067416,0.24981954887218044,0.1,0.54,0.053608756427629224","0,0,0"
8.05,260,AV,1,0,0,15,5985.732437913218,0.1,-30.26777777777778,"0.05692857142857142,0.08013157894736843,0.11559375,0.1,0.15,0.31436890567316916","0,0,0"
90.98333333333333,160,AV,0,0,0,87,2756.9260540590044,0.4,-30.26777777777778,"0.7300486891385769,0.320045,0.35464714714714707,0.4,0.87,0.14479294482773922","0,0,0"
31.616666666666667,264,AV,2,0,0,71,6081.635477498837,0.4,-30.26777777777778,"0.6443625000000001,0.28921405228758174,0.3250875706214689,0.4,0.71,0.31940570508209365","0,0,0"
25.583333333333332,186,AV,0,0,0,45,3251.3322332141274,0.2,-30.26777777777778,"0.2575625,0.15378155339805827,0.1891023102310231,0.2,0.45,0.17075901182308162","0,0,0"
20.55,142,AV,0,0,0,40,2361.523720441912,0.1,-30.26777777777778,"0.1880852272727273,0.1290388888888889,0.16182246376811593,0.1,0.4,0.12402653065718573","0,0,0"
28.883333333333333,141,AV,1,0,0,68,2360.1328348572283,0.3,-30.26777777777778,"0.6232244444444445,0.28299352750809065,0.3150396174863388,0.3,0.68,0.12395348175570059","0,0,0"
15.266666666666667,298,AV,0,0,0,34,17693.100214811147,0.4,-30.267777777777773,"0.1314142857142857,0.11121408045977013,0.14344444444444446,0.4,0.34,0.9292364151236616","0,0,0"
12.9,98,AV,1,0,0,36,1538.317647081207,0.4,-30.267777777777773,"0.15190090090090091,0.11842942942942943,0.14853478260869568,0.4,0.36,0.08079199000402343","0,0,0"
10.933333333333334,147,AV,1,0,0,32,2456.6540037696086,0.1,-30.267777777777773,"0.10452511415525115,0.10010833333333333,0.12884267912772585,0.1,0.32,0.12902274513491346","0,0,0"
16.016666666666666,125,AV,2,0,0,30,2011.9739719035176,0.4,-30.267777777777773,"0.08243023255813954,0.08789523809523808,0.1205428134556575,0.4,0.3,0.10566828075775386","0,0,0"
16.95,99,AV,1,0,0,46,1541.4014724042315,0.3,-30.267777777777773,"0.2747306201550388,0.15774371069182386,0.1924182098765432,0.3,0.46,0.08095395160223084","0,0,0"
29.333333333333332,132,AV,1,0,0,68,2108.868816674547,0.1,-30.267777777777773,"0.6232244444444445,0.28299352750809065,0.3150396174863388,0.1,0.68,0.1107571694830674","0,0,0"
87.23333333333333,271,AV,0,0,0,76,7177.938863287724,0.1,-30.267777777777773,"0.6889906367041199,0.3068211382113821,0.33939405684754526,0.1,0.76,0.3769832361947931","0,0,0"
29.316666666666666,103,AV,0,0,0,47,1564.487892525026,0.3,-30.26777777777778,"0.2962671232876712,0.16325892857142857,0.19638840579710146,0.3,0.47,0.08216644359123385","0,0,0"
26.55,20,AV,1,0,0,61,597.1498506777683,0.9,-30.267777777777773,"0.5315232067510548,0.2509182692307693,0.284997150997151,0.9,0.61,0.03136213437998447","0,0,0"
83.63333333333334,32,AV,0,0,0,72,761.8437659652793,0.4,-30.26777777777778,"0.6524417670682731,0.29310227272727274,0.3284702842377261,0.4,0.72,0.04001181033142316","0,0,0"
18.6,4,AV,2,0,0,43,457.16351791608827,0.2,-30.26777777777778,"0.23561111111111113,0.14329969418960245,0.1768641304347826,0.2,0.43,0.02401009338985435","0,0,0"
20.633333333333333,151,AV,2,0,0,45,2574.4307659940623,0.2,-30.26777777777778,"0.2575625,0.15378155339805827,0.1891023102310231,0.2,0.45,0.13520834601805928","0,0,0"
17.333333333333332,144,AV,0,0,0,38,2417.357356239525,0.3,-30.267777777777773,"0.16902742616033758,0.12191736694677871,0.15129411764705886,0.3,0.38,0.12695889677403294","0,0,0"
28.3,234,AV,1,0,0,65,4662.282088415262,0.1,-30.267777777777773,"0.5967729166666667,0.2754036144578313,0.3092919708029197,0.1,0.65,0.24486168288967095","0,0,0"
20.6,14,AV,0,0,0,40,567.550811201735,0.1,-30.26777777777778,"0.1880852272727273,0.1290388888888889,0.16182246376811593,0.1,0.4,0.0298076015395053","0,0,0"
18.25,22,AV,2,0,0,41,627.4062491148882,0.7,-30.267777777777773,"0.20260073260073258,0.13434677419354837,0.16725686274509802,0.7,0.41,0.03295119151959908","0,0,0"
16.483333333333334,57,AV,1,0,0,45,1005.9867386644172,0.1,-30.26777777777778,"0.2575625,0.15378155339805827,0.1891023102310231,0.1,0.45,0.052834127391418545","0,0,0"
30.566666666666666,124,AV,2,0,0,61,1927.298426803608,0.4,-30.26777777777778,"0.5315232067510548,0.2509182692307693,0.284997150997151,0.4,0.61,0.10122114605428258","0,0,0"
22.25,162,AV,1,0,0,54,2780.081336731352,0.3,-30.26777777777778,"0.4216645299145299,0.21563483146067416,0.24981954887218044,0.3,0.54,0.14600905345767937","0,0,0"
25.683333333333334,42,AV,2,0,0,54,863.3540159882258,0.2,-30.26777777777778,"0.4216645299145299,0.21563483146067416,0.24981954887218044,0.2,0.54,0.0453430987819722","0,0,0"
64.25,50,AV,0,0,0,61,914.1934345695068,0.1,-30.26777777777778,"0.5315232067510548,0.2509182692307693,0.284997150997151,0.1,0.61,0.048013170080720285","0,0,0"
12.4,91,AV,1,0,0,36,1474.807688008607,0.1,-30.26777777777778,"0.15190090090090091,0.11842942942942943,0.14853478260869568,0.1,0.36,0.07745646564838392","0,0,0"
52.06666666666667,137,AV,0,0,0,55,2239.194506681481,0.2,-30.267777777777773,"0.45760666666666666,0.22560714285714287,0.26106955380577423,0.2,0.55,0.11760183635943447","0,0,0"
12.15,217,AV,1,0,0,35,4164.701887555128,0.3,-30.267777777777773,"0.14500925925925925,0.11563126843657816,0.14553478260869565,0.3,0.35,0.21872891720868953","0,0,0"
33.85,279,AV,1,0,0,88,8333.728817076937,0.2,-30.267777777777773,"0.7317106227106228,0.32249009900990105,0.3568194444444444,0.2,0.88,0.4376849843483456","0,0,0"
53.666666666666664,277,AV,0,0,0,55,7958.958807233507,0.3,-30.26777777777778,"0.45760666666666666,0.22560714285714287,0.26106955380577423,0.3,0.55,0.4180021737490339","0,0,0"
27.616666666666667,207,AV,0,0,0,46,3849.958431883558,0.4,-30.26777777777778,"0.2747306201550388,0.15774371069182386,0.1924182098765432,0.4,0.46,0.20219868356500897","0,0,0"
22.5,120,AV,2,0,0,48,1823.811293294481,0.2,-30.26777777777778,"0.312895061728395,0.16959523809523808,0.20224853801169587,0.2,0.48,0.09578603226495669","0,0,0"
23.933333333333334,200,AV,1,0,0,55,3520.054626539052,0.6,-30.267777777777773,"0.45760666666666666,0.22560714285714287,0.26106955380577423,0.6,0.55,0.18487223281912113","0,0,0"
32.766666666666666,203,AV,1,0,0,79,3667.3634505223554,0.4,-30.26777777777778,"0.7084880952380952,0.3135972222222223,0.34625,0.4,0.79,0.19260884889275526","0,0,0"
66.05,291,AV,0,0,0,61,11861.36896338871,0.1,-30.26777777777778,"0.5315232067510548,0.2509182692307693,0.284997150997151,0.1,0.61,0.622955606433049","0,0,0"
66.06666666666666,77,AV,0,0,0,61,1265.4739572733297,0.6,-30.267777777777773,"0.5315232067510548,0.2509182692307693,0.284997150997151,0.6,0.61,0.0664623197298481","0,0,0"
26.883333333333333,44,AV,1,0,0,62,870.7377108213431,0.4,-30.26777777777778,"0.5612243589743589,0.2609115646258503,0.29347849462365594,0.4,0.62,0.045730888261135916","0,0,0"
32.81666666666667,71,AV,0,0,0,49,1167.011530479414,0.8,-30.267777777777773,"0.32352439024390234,0.1740142857142857,0.20804424778761063,0.8,0.49,0.061291102058127545","0,0,0"
78.18333333333334,267,AV,0,0,0,68,6254.49597505133,0.1,-30.267777777777773,"0.6232244444444445,0.28299352750809065,0.3150396174863388,0.1,0.68,0.3284842875301661","0,0,0"
23.95,129,AV,1,0,0,57,2044.1603053436156,0.8,-30.267777777777773,"0.48313919413919415,0.23587152777777778,0.26570501474926256,0.8,0.57,0.10735869751562734","0,0,0"
28.65,135,AV,2,0,0,60,2147.781038516846,0.2,-30.267777777777773,"0.5272970085470086,0.24833179012345682,0.2833567251461988,0.2,0.6,0.1128008279199854","0,0,0"
48.61666666666667,128,AV,0,0,0,54,2035.9911412414244,0.1,-30.267777777777773,"0.4216645299145299,0.21563483146067416,0.24981954887218044,0.1,0.54,0.10692965542166336","0,0,0"
17.95,228,AV,2,0,0,41,4549.070920567666,0.2,-30.267777777777773,"0.20260073260073258,0.13434677419354837,0.16725686274509802,0.2,0.41,0.2389158656792649","0,0,0"
38.03333333333333,78,AV,0,0,0,50,1282.6858023855964,0.1,-30.267777777777773,"0.3506226053639847,0.18364953271028037,0.21782075471698115,0.1,0.5,0.06736628076864885","0,0,0"
32.71666666666667,116,AV,2,0,0,72,1703.2333497257905,0.2,-30.26777777777778,"0.6524417670682731,0.29310227272727274,0.3284702842377261,0.2,0.72,0.08945331416217002","0,0,0"
13.066666666666666,249,AV,1,0,0,39,5386.149373461946,0.1,-30.267777777777773,"0.17653212851405622,0.12495658263305323,0.15582142857142858,0.1,0.39,0.28287897962204345","0,0,0"
69.9,45,AV,0,0,0,63,873.8892656114449,0.8,-30.26777777777778,"0.5694246575342468,0.2654059405940594,0.2971772486772487,0.8,0.63,0.045896406991017324","0,0,0"
19.883333333333333,112,AV,1,0,0,51,1635.9686818612918,0.4,-30.26777777777778,"0.37463178294573646,0.19433792048929666,0.2299809523809524,0.4,0.51,0.08592059360601972","0,0,0"
58.93333333333333,47,AV,0,0,0,58,892.1845339920479,0.3,-30.267777777777773,"0.49248007246376807,0.23852807017543864,0.26930678466076696,0.3,0.58,0.046857269100953565","0,0,0"
30.666666666666668,208,AV,2,0,0,67,3863.855435177377,0.4,-30.267777777777773,"0.6129957805907174,0.2804498207885305,0.3139075520833333,0.4,0.67,0.2029285500872649","0,0,0"
10.083333333333334,262,AV,1,0,0,27,6020.57275324985,0.1,-30.267777777777773,"0.06922560975609755,0.08345054945054946,0.11824054982817868,0.1,0.27,0.3161987087790199","0,0,0"
18.45,190,AV,1,0,0,50,3323.1633986738134,0.3,-30.26777777777778,"0.3506226053639847,0.18364953271028037,0.21782075471698115,0.3,0.5,0.17453156348873247","0,0,0"
12.866666666666667,101,AV,1,0,0,38,1552.9853059451273,0.1,-30.267777777777773,"0.16902742616033758,0.12191736694677871,0.15129411764705886,0.1,0.38,0.08156233112997016","0,0,0"
34.88333333333333,89,AV,2,0,0,82,1447.5744631551047,0.8,-30.267777777777773,"0.7233425925925926,0.31824570446735395,0.3506607669616519,0.8,0.82,0.07602618469547658","0,0,0"
7.65,179,AV,1,0,0,15,3065.2253709468137,0.6,-30.267777777777773,"0.05692857142857142,0.08013157894736843,0.11559375,0.6,0.15,0.16098473419939963","0,0,0"
12.933333333333334,243,AV,2,0,0,23,5009.92015912814,0.2,-30.267777777777773,"0.06517401960784315,0.08208783783783784,0.11700245098039216,0.2,0.23,0.2631195320324301","0,0,0"
24.416666666666668,240,AV,2,0,0,49,4967.653125719208,0.6,-30.267777777777773,"0.32352439024390234,0.1740142857142857,0.20804424778761063,0.6,0.49,0.26089967987955814","0,0,0"
69.58333333333333,268,AV,0,0,0,63,6563.608435155774,0.9,-30.26777777777778,"0.5694246575342468,0.2654059405940594,0.2971772486772487,0.9,0.63,0.34471878294420655","0,0,0"
50.516666666666666,297,AV,0,0,0,54,15387.119225735782,0.6,-30.26777777777778,"0.4216645299145299,0.21563483146067416,0.24981954887218044,0.6,0.54,0.8081269723682344","0,0,0"
15.25,59,AV,0,0,0,34,1022.032321197676,0.1,-30.26777777777778,"0.1314142857142857,0.11121408045977013,0.14344444444444446,0.1,0.34,0.053676836662871985","0,0,0"
24.083333333333332,145,AV,1,0,0,54,2421.0391237858234,0.9,-30.26777777777778,"0.4216645299145299,0.21563483146067416,0.24981954887218044,0.9,0.54,0.12715226212179587","0,0,0"
34.516666666666666,215,AV,0,0,0,49,4090.160813256426,0.1,-30.26777777777778,"0.32352439024390234,0.1740142857142857,0.20804424778761063,0.1,0.49,0.21481404192850495","0,0,0"
18.4,118,AV,1,0,0,49,1799.695682844959,0.2,-30.26777777777778,"0.32352439024390234,0.1740142857142857,0.20804424778761063,0.2,0.49,0.09451948750284238","0,0,0"
19.75,193,AV,2,0,0,46,3387.2787239910285,0.3,-30.26777777777778,"0.2747306201550388,0.15774371069182386,0.1924182098765432,0.3,0.46,0.17789888150134298","0,0,0"
27.25,28,AV,1,0,0,63,679.8949342204361,0.5,-30.26777777777778,"0.5694246575342468,0.2654059405940594,0.2971772486772487,0.5,0.63,0.03570788181072196","0,0,0"
26.916666666666668,159,AV,1,0,0,63,2744.8905386527767,0.6,-30.26777777777778,"0.5694246575342468,0.2654059405940594,0.2971772486772487,0.6,0.63,0.14416084310139018","0,0,0"
17.25,293,AV,1,0,0,48,13351.937436366714,0.1,-30.267777777777773,"0.312895061728395,0.16959523809523808,0.20224853801169587,0.1,0.48,0.7012398238686656","0,0,0"
26.45,105,AV,2,0,0,55,1587.6148581174584,0.3,-30.26777777777778,"0.45760666666666666,0.22560714285714287,0.26106955380577423,0.3,0.55,0.08338106501647227","0,0,0"
33.516666666666666,24,AV,2,0,0,72,646.5589615252754,0.4,-30.267777777777773,"0.6524417670682731,0.29310227272727274,0.3284702842377261,0.4,0.72,0.03395708633758153","0,0,0"
76.55,187,AV,0,0,0,66,3257.969850357721,0.1,-30.26777777777778,"0.6097029914529914,0.2792956989247312,0.31327519379844965,0.1,0.66,0.17110761752160772","0,0,0"
11.316666666666666,26,AV,1,0,0,33,670.158540600369,0.1,-30.26777777777778,"0.11722146118721462,0.1035888888888889,0.1350498442367601,0.1,0.33,0.03519652928381035","0,0,0"
27.433333333333334,154,AV,2,0,0,58,2645.062412614309,0.2,-30.26777777777778,"0.49248007246376807,0.23852807017543864,0.26930678466076696,0.2,0.58,0.13891789930735432","0,0,0"
13.433333333333334,197,AV,0,0,0,31,3438.9188747307694,0.1,-30.267777777777784,"0.10041777777777777,0.09871449275362319,0.12805151515151514,0.1,0.31,0.18061100701734908","0,0,0"
89.06666666666666,199,AV,0,0,0,79,3508.846318545673,0.9,-30.26777777777778,"0.7084880952380952,0.3135972222222223,0.34625,0.9,0.79,0.18428357578259733","0,0,0"
15.35,172,AV,2,0,0,33,2965.4163440895786,0.4,-30.26777777777778,"0.11722146118721462,0.1035888888888889,0.1350498442367601,0.4,0.33,0.15574279348874007","0,0,0"
19.4,284,AV,2,0,0,42,8987.822610831106,0.4,-30.267777777777773,"0.22162371134020617,0.14045416666666669,0.17403413654618471,0.4,0.42,0.472037797856628","0,0,0"
24.866666666666667,239,AV,2,0,0,51,4934.883137056144,0.5,-30.26777777777778,"0.37463178294573646,0.19433792048929666,0.2299809523809524,0.5,0.51,0.2591786097211798","0,0,0"
24.416666666666668,166,AV,1,0,0,58,2857.6088215719105,0.1,-30.267777777777773,"0.49248007246376807,0.23852807017543864,0.26930678466076696,0.1,0.58,0.1500807741404395","0,0,0"
20.533333333333335,97,AV,1,0,0,52,1530.6528609905624,0.4,-30.267777777777773,"0.3986856060606061,0.20413095238095239,0.2391213450292398,0.4,0.52,0.08038943769475668","0,0,0"
39.983333333333334,290,AV,0,0,0,50,11515.391842589095,0.2,-30.267777777777773,"0.3506226053639847,0.18364953271028037,0.21782075471698115,0.2,0.5,0.6047849898908156","0,0,0"
24.133333333333333,275,AV,1,0,0,58,7864.29237148983,0.1,-30.267777777777773,"0.49248007246376807,0.23852807017543864,0.26930678466076696,0.1,0.58,0.41303032040988025","0,0,0"
27.95,2,AV,1,0,0,63,437.8567856598078,0.1,-30.267777777777773,"0.5694246575342468,0.2654059405940594,0.2971772486772487,0.1,0.63,0.022996109494903022","0,0,0"
16.55,25,AV,1,0,0,46,649.7132696839626,0.1,-30.267777777777773,"0.2747306201550388,0.15774371069182386,0.1924182098765432,0.1,0.46,0.034122749673570554","0,0,0"
26.083333333333332,108,AV,2,0,0,51,1592.6375082496468,0.2,-30.267777777777773,"0.37463178294573646,0.19433792048929666,0.2299809523809524,0.2,0.51,0.08364485312294262","0,0,0"
45.55,73,AV,0,0,0,51,1239.4416864014672,0.1,-30.26777777777778,"0.37463178294573646,0.19433792048929666,0.2299809523809524,0.1,0.51,0.06509511252654251","0,0,0"
21.85,241,AV,2,0,0,43,4968.170350229253,0.8,-30.26777777777778,"0.23561111111111113,0.14329969418960245,0.1768641304347826,0.8,0.43,0.260926844358575","0,0,0"
28.0,222,AV,1,0,0,63,4376.119511966378,0.4,-30.26777777777778,"0.5694246575342468,0.2654059405940594,0.2971772486772487,0.4,0.63,0.22983250860967044","0,0,0"
19.983333333333334,29,AV,1,0,0,50,742.4887258523852,0.3,-30.267777777777784,"0.3506226053639847,0.18364953271028037,0.21782075471698115,0.3,0.5,0.03899528932206243","0,0,0"
22.166666666666668,255,AV,1,0,0,53,5825.994272151124,0.1,-30.267777777777773,"0.4090793650793651,0.20687326388888888,0.24133333333333332,0.1,0.53,0.3059795042280261","0,0,0"
85.43333333333334,109,AV,0,0,0,75,1596.1763216794554,0.4,-30.267777777777773,"0.6699206349206349,0.29971645021645027,0.334031175059952,0.4,0.75,0.0838307105625876","0,0,0"
20.166666666666668,184,AV,2,0,0,47,3236.647802754315,0.1,-30.267777777777773,"0.2962671232876712,0.16325892857142857,0.19638840579710146,0.1,0.47,0.16998778985785554","0,0,0"
22.016666666666666,272,AV,1,0,0,54,7572.106998522375,0.1,-30.267777777777773,"0.4216645299145299,0.21563483146067416,0.24981954887218044,0.1,0.54,0.3976848306296006","0,0,0"
29.25,287,AV,1,0,0,67,9280.176126726552,0.1,-30.267777777777773,"0.6129957805907174,0.2804498207885305,0.3139075520833333,0.1,0.67,0.48739211845399105","0,0,0"
6.966666666666667,258,AV,0,0,0,14,5911.733280178027,0.2,-30.267777777777773,"0.054258620689655174,0.07839247311827957,0.11470000000000001,0.2,0.14,0.3104824916913811","0,0,0"
29.65,119,AV,1,0,0,71,1822.2981036688468,0.1,-30.26777777777778,"0.6443625000000001,0.28921405228758174,0.3250875706214689,0.1,0.71,0.09570655999124235","0,0,0"
67.91666666666667,100,AV,0,0,0,61,1546.5147326922538,0.7,-30.267777777777773,"0.5315232067510548,0.2509182692307693,0.284997150997151,0.7,0.61,0.08122249852741349","0,0,0"
6.95,52,AV,0,0,0,16,959.5289757906356,0.7,-30.267777777777773,"0.058663194444444455,0.0799891304347826,0.11555691056910566,0.7,0.16,0.05039417936063988","0,0,0"
22.9,80,AV,1,0,0,54,1294.2551843223837,0.2,-30.26777777777778,"0.4216645299145299,0.21563483146067416,0.24981954887218044,0.2,0.54,0.06797390130239438","0,0,0"
24.1,140,AV,1,0,0,57,2347.541384251396,0.1,-30.267777777777773,"0.48313919413919415,0.23587152777777778,0.26570501474926256,0.1,0.57,0.12329218247631395","0,0,0"
29.083333333333332,253,AV,2,0,0,61,5670.319740923212,0.1,-30.26777777777778,"0.5315232067510548,0.2509182692307693,0.284997150997151,0.1,0.61,0.29780352367244284","0,0,0"
30.633333333333333,283,AV,1,0,0,76,8975.220492497892,0.2,-30.267777777777773,"0.6889906367041199,0.3068211382113821,0.33939405684754526,0.2,0.76,0.47137593831133945","0,0,0"
59.11666666666667,127,AV,0,0,0,58,2030.86588445069,0.1,-30.267777777777773,"0.49248007246376807,0.23852807017543864,0.26930678466076696,0.1,0.58,0.10666047844368956","0,0,0"
10.066666666666666,149,AV,0,0,0,29,2472.005569054355,0.1,-30.267777777777773,"0.07771722846441947,0.08700778816199378,0.12070993589743591,0.1,0.29,0.12982900482476664","0,0,0"
39.86666666666667,41,AV,0,0,0,50,861.805442805673,0.4,-30.26777777777778,"0.3506226053639847,0.18364953271028037,0.21782075471698115,0.4,0.5,0.04526176817426404","0,0,0"
19.316666666666666,130,AV,2,0,0,41,2052.607856914241,0.3,-30.26777777777778,"0.20260073260073258,0.13434677419354837,0.16725686274509802,0.3,0.41,0.10780236043748707","0,0,0"
33.68333333333333,285,AV,2,0,0,75,9030.678864893336,0.9,-30.26777777777778,"0.6699206349206349,0.29971645021645027,0.334031175059952,0.9,0.75,0.47428859570476767","0,0,0"
10.783333333333333,178,AV,1,0,0,30,3046.5766145774583,0.1,-30.26777777777778,"0.08243023255813954,0.08789523809523808,0.1205428134556575,0.1,0.3,0.16000530700434717","0,0,0"
13.516666666666667,227,AV,1,0,0,40,4547.885280126284,0.6,-30.267777777777784,"0.1880852272727273,0.1290388888888889,0.16182246376811593,0.6,0.4,0.2388535961922898","0,0,0"
28.2,237,AV,1,0,0,64,4843.3187157075145,0.2,-30.26777777777778,"0.5868729166666666,0.272565543071161,0.30639949109414755,0.2,0.64,0.2543696732649421","0,0,0"
71.18333333333334,280,AV,0,0,0,63,8348.421721831439,0.5,-30.26777777777778,"0.5694246575342468,0.2654059405940594,0.2971772486772487,0.5,0.63,0.43845665138103423","0,0,0"
67.86666666666666,106,AV,0,0,0,61,1588.8002265047048,0.4,-30.267777777777773,"0.5315232067510548,0.2509182692307693,0.284997150997151,0.4,0.61,0.08344332021524425","0,0,0"
17.416666666666668,181,AV,1,0,0,48,3169.820795106812,0.4,-30.26777777777778,"0.312895061728395,0.16959523809523808,0.20224853801169587,0.4,0.48,0.16647805508747177","0,0,0"
19.55,218,AV,1,0,0,50,4196.147454418583,0.4,-30.267777777777773,"0.3506226053639847,0.18364953271028037,0.21782075471698115,0.4,0.5,0.22038042912401049","0,0,0"
36.31666666666667,121,AV,0,0,0,49,1830.3424648913517,0.2,-30.26777777777778,"0.32352439024390234,0.1740142857142857,0.20804424778761063,0.2,0.49,0.0961290474747023","0,0,0"
15.216666666666667,192,AV,1,0,0,44,3362.377553451843,0.3,-30.26777777777778,"0.24290705128205126,0.14719801980198016,0.1840736842105263,0.3,0.44,0.17659107935455778","0,0,0"
33.86666666666667,133,AV,2,0,0,73,2123.4400354784907,0.1,-30.26777777777778,"0.6590530303030304,0.29639917695473256,0.3306501272264631,0.1,0.73,0.11152244560545237","0,0,0"
71.33333333333333,82,AV,0,0,0,63,1348.5865378412918,0.2,-30.26777777777778,"0.5694246575342468,0.2654059405940594,0.2971772486772487,0.2,0.63,0.07082736799617727","0,0,0"
12.333333333333334,171,AV,2,0,0,30,2964.6777926145683,0.8,-30.26777777777778,"0.08243023255813954,0.08789523809523808,0.1205428134556575,0.8,0.3,0.15570400498267326","0,0,0"
32.766666666666666,221,AV,1,0,0,82,4343.557359248321,0.2,-30.26777777777778,"0.7233425925925926,0.31824570446735395,0.3506607669616519,0.2,0.82,0.22812235393394506","0,0,0"
78.48333333333333,92,AV,0,0,0,68,1475.2077210572677,0.3,-30.26777777777778,"0.6232244444444445,0.28299352750809065,0.3150396174863388,0.3,0.68,0.07747747526634545","0,0,0"
18.116666666666667,31,AV,2,0,0,42,743.7818724069466,0.1,-30.26777777777778,"0.22162371134020617,0.14045416666666669,0.17403413654618471,0.1,0.42,0.039063204998456114","0,0,0"
32.78333333333333,161,AV,0,0,0,48,2761.3662775036096,0.1,-30.26777777777778,"0.312895061728395,0.16959523809523808,0.20224853801169587,0.1,0.48,0.14502614405602138","0,0,0"
55.666666666666664,164,AV,0,0,0,56,2835.850686157305,0.2,-30.26777777777778,"0.4775277777777778,0.23327192982456144,0.26526956521739126,0.2,0.56,0.14893804327321036","0,0,0"
36.416666666666664,8,AV,0,0,0,49,497.26542980048754,0.1,-30.26777777777778,"0.32352439024390234,0.1740142857142857,0.20804424778761063,0.1,0.49,0.026116233997585142","0,0,0"
34.13333333333333,167,AV,2,0,0,69,2891.134206742707,0.4,-30.267777777777773,"0.6381851851851852,0.287465,0.3209257703081232,0.4,0.69,0.1518415175010447","0,0,0"
8.416666666666666,180,AV,1,0,0,25,3119.7161673652217,0.1,-30.26777777777778,"0.0675472972972973,0.08316269841269841,0.1191646341463415,0.1,0.25,0.1638465747873305","0,0,0"
20.333333333333332,261,AV,2,0,0,46,6007.794801579103,0.1,-30.267777777777773,"0.2747306201550388,0.15774371069182386,0.1924182098765432,0.1,0.46,0.31552761451860256","0,0,0"
26.616666666666667,176,AV,1,0,0,61,3031.4508351358254,0.1,-30.26777777777778,"0.5315232067510548,0.2509182692307693,0.284997150997151,0.1,0.61,0.15921090552051181","0,0,0"
21.133333333333333,74,AV,2,0,0,49,1240.6560786390864,0.9,-30.267777777777773,"0.32352439024390234,0.1740142857142857,0.20804424778761063,0.9,0.49,0.06515889204939258","0,0,0"
76.66666666666667,256,AV,0,0,0,67,5844.130995646287,0.6,-30.267777777777773,"0.6129957805907174,0.2804498207885305,0.3139075520833333,0.6,0.67,0.30693203960724846","0,0,0"
12.45,170,AV,1,0,0,35,2942.323800284961,0.2,-30.26777777777778,"0.14500925925925925,0.11563126843657816,0.14553478260869565,0.2,0.35,0.15452997988566525","0,0,0"
13.65,183,AV,1,0,0,40,3227.056348793521,0.1,-30.267777777777773,"0.1880852272727273,0.1290388888888889,0.16182246376811593,0.1,0.4,0.1694840495191844","0,0,0"
85.45,250,AV,0,0,0,75,5480.041794665195,0.7,-30.267777777777773,"0.6699206349206349,0.29971645021645027,0.334031175059952,0.7,0.75,0.2878101819453735","0,0,0"
24.516666666666666,62,AV,2,0,0,51,1046.6558973464134,0.8,-30.267777777777773,"0.37463178294573646,0.19433792048929666,0.2299809523809524,0.8,0.51,0.054970059633983805","0,0,0"
20.566666666666666,281,AV,2,0,0,47,8436.938288223368,0.7,-30.267777777777773,"0.2962671232876712,0.16325892857142857,0.19638840579710146,0.7,0.47,0.4431055153921156","0,0,0"
18.333333333333332,266,AV,2,0,0,41,6248.181898567973,0.4,-30.26777777777778,"0.20260073260073258,0.13434677419354837,0.16725686274509802,0.4,0.41,0.3281526740918779","0,0,0"
11.2,69,AV,1,0,0,32,1141.5133047894662,0.6,-30.26777777777778,"0.10452511415525115,0.10010833333333333,0.12884267912772585,0.6,0.32,0.059951942750574055","0,0,0"
62.6,70,AV,0,0,0,59,1150.2916000513435,0.4,-30.267777777777773,"0.5099745098039216,0.2454598765432099,0.27893457943925226,0.4,0.59,0.0604129762337403","0,0,0"
28.566666666666666,35,AV,2,0,0,59,777.0630287344238,0.6,-30.267777777777773,"0.5099745098039216,0.2454598765432099,0.27893457943925226,0.6,0.59,0.04081112153210161","0,0,0"
31.6,220,AV,1,0,0,77,4304.4895651906745,0.2,-30.267777777777773,"0.6973913857677903,0.30943181818181825,0.3409850948509486,0.2,0.77,0.22607052489007143","0,0,0"
17.366666666666667,134,AV,2,0,0,39,2131.3254046090938,0.2,-30.267777777777773,"0.17653212851405622,0.12495658263305323,0.15582142857142858,0.2,0.39,0.11193658287104669","0,0,0"
50.46666666666667,7,AV,0,0,0,54,491.8679742725259,0.1,-30.267777777777773,"0.4216645299145299,0.21563483146067416,0.24981954887218044,0.1,0.54,0.025832761222056865","0,0,0"
29.75,94,AV,1,0,0,70,1496.328062426438,0.4,-30.267777777777773,"0.6394578313253013,0.287965,0.3227037037037037,0.4,0.7,0.07858670937805001","0,0,0"
8.5,254,AV,1,0,0,28,5721.231751015957,0.1,-30.267777777777773,"0.07276241134751774,0.08457166666666667,0.11942295597484279,0.1,0.28,0.30047740745600493","0,0,0"
8.4,19,AV,1,0,0,22,595.9176043698985,0.1,-30.267777777777773,"0.06325409836065572,0.08177179487179485,0.11706481481481483,0.1,0.22,0.03129741716662037","0,0,0"
23.933333333333334,276,AV,0,0,0,42,7897.119961473183,0.4,-30.267777777777773,"0.22162371134020617,0.14045416666666669,0.17403413654618471,0.4,0.42,0.4147544157726446","0,0,0"
13.016666666666667,67,AV,1,0,0,38,1122.7546975855585,0.2,-30.267777777777773,"0.16902742616033758,0.12191736694677871,0.15129411764705886,0.2,0.38,0.05896674622202671","0,0,0"
8.266666666666667,295,AV,0,0,0,25,13460.811009378149,0.1,-30.26777777777778,"0.0675472972972973,0.08316269841269841,0.1191646341463415,0.1,0.25,0.7069578318750951","0,0,0"
26.616666666666667,152,AV,2,0,0,54,2612.3907844155665,0.1,-30.26777777777778,"0.4216645299145299,0.21563483146067416,0.24981954887218044,0.1,0.54,0.13720199501160868","0,0,0"
30.116666666666667,9,AV,1,0,0,71,506.5869000089976,0.1,-30.26777777777778,"0.6443625000000001,0.28921405228758174,0.3250875706214689,0.1,0.71,0.02660579486905904","0,0,0"
26.866666666666667,219,AV,1,0,0,61,4227.85786318916,0.1,-30.26777777777778,"0.5315232067510548,0.2509182692307693,0.284997150997151,0.1,0.61,0.22204585045833433","0,0,0"
32.583333333333336,30,AV,2,0,0,72,743.7553910389753,0.1,-30.26777777777778,"0.6524417670682731,0.29310227272727274,0.3284702842377261,0.1,0.72,0.03906181420480535","0,0,0"
32.516666666666666,292,AV,1,0,0,80,12197.400506638176,0.2,-30.26777777777778,"0.7146686046511629,0.3170017543859649,0.34907282913165266,0.2,0.8,0.6406038841699384","0,0,0"
16.1,163,AV,2,0,0,38,2797.307504072895,0.1,-30.267777777777784,"0.16902742616033758,0.12191736694677871,0.15129411764705886,0.1,0.38,0.1469137666957458","0,0,0"
11.233333333333333,296,AV,2,0,0,10,14312.770160915026,0.4,-30.26777777777778,"0.052166666666666674,0.07661111111111112,0.11443333333333332,0.4,0.1,0.7517024757302859","0,0,0"
62.583333333333336,39,AV,0,0,0,59,857.6590975250949,0.1,-30.267777777777773,"0.5099745098039216,0.2454598765432099,0.27893457943925226,0.1,0.59,0.04504400334065031","0,0,0"
80.06666666666666,185,AV,0,0,0,68,3245.380745418587,0.5,-30.26777777777778,"0.6232244444444445,0.28299352750809065,0.3150396174863388,0.5,0.68,0.1704464414359456","0,0,0"
8.433333333333334,38,AV,0,0,0,21,837.3801312568858,0.2,-30.26777777777778,"0.0605030864197531,0.0808496732026144,0.11664814814814811,0.2,0.21,0.04397895800158024","0,0,0"
10.316666666666666,150,AV,0,0,0,23,2533.2754137277425,0.2,-30.26777777777778,"0.06517401960784315,0.08208783783783784,0.11700245098039216,0.2,0.23,0.13304687903156176","0,0,0"
55.65,53,AV,0,0,0,56,969.457736312404,0.2,-30.26777777777778,"0.4775277777777778,0.23327192982456144,0.26526956521739126,0.2,0.56,0.050915634940603534","0,0,0"
22.433333333333334,177,AV,0,0,0,40,3032.1279287666234,0.8,-30.26777777777778,"0.1880852272727273,0.1290388888888889,0.16182246376811593,0.8,0.4,0.15924646627869138","0,0,0"
20.616666666666667,43,AV,1,0,0,53,863.5619359671642,0.4,-30.267777777777773,"0.4090793650793651,0.20687326388888888,0.24133333333333332,0.4,0.53,0.04535401867806252","0,0,0"
30.85,11,AV,1,0,0,76,539.5213747330826,0.1,-30.26777777777778,"0.6889906367041199,0.3068211382113821,0.33939405684754526,0.1,0.76,0.028335503786943907","0,0,0"
22.566666666666666,76,AV,2,0,0,50,1261.43865123121,0.1,-30.267777777777773,"0.3506226053639847,0.18364953271028037,0.21782075471698115,0.1,0.5,0.06625038664435261","0,0,0"
33.733333333333334,54,AV,1,0,0,93,978.4447105201264,0.2,-30.26777777777778,"0.7349089147286822,0.32373905723905727,0.35969855072463763,0.2,0.93,0.051387628180578626","0,0,0"
14.583333333333334,242,AV,2,0,0,33,5004.1281918097375,0.9,-30.26777777777778,"0.11722146118721462,0.1035888888888889,0.1350498442367601,0.9,0.33,0.2628153396137967","0,0,0"
16.216666666666665,143,AV,1,0,0,43,2398.572127464108,0.1,-30.267777777777773,"0.23561111111111113,0.14329969418960245,0.1768641304347826,0.1,0.43,0.12597230208838628","0,0,0"
32.71666666666667,123,AV,1,0,0,88,1848.7234685638712,0.2,-30.267777777777773,"0.7317106227106228,0.32249009900990105,0.3568194444444444,0.2,0.88,0.09709441237693286","0,0,0"
27.9,148,AV,2,0,0,55,2458.2611968747465,0.1,-30.26777777777778,"0.45760666666666666,0.22560714285714287,0.26106955380577423,0.1,0.55,0.12910715444370038","0,0,0"
50.5,229,AV,0,0,0,54,4549.115907877681,0.2,-30.26777777777778,"0.4216645299145299,0.21563483146067416,0.24981954887218044,0.2,0.54,0.2389182283995444","0,0,0"
12.9,273,AV,2,0,0,21,7612.519032757181,0.1,-30.26777777777778,"0.0605030864197531,0.0808496732026144,0.11664814814814811,0.1,0.21,0.39980725877188683","0,0,0"
13.466666666666667,158,AV,0,0,0,33,2744.255474143275,0.4,-30.26777777777778,"0.11722146118721462,0.1035888888888889,0.1350498442367601,0.4,0.33,0.14412748970028938","0,0,0"
64.31666666666666,90,AV,0,0,0,60,1454.957177165027,0.1,-30.26777777777778,"0.5272970085470086,0.24833179012345682,0.2833567251461988,0.1,0.6,0.0764139226620948","0,0,0"
46.7,232,AV,0,0,0,53,4635.813442599864,0.1,-30.267777777777773,"0.4090793650793651,0.20687326388888888,0.24133333333333332,0.1,0.53,0.24347155740278267","0,0,0"
27.583333333333332,138,AV,0,0,0,46,2239.257430619588,0.7,-30.26777777777778,"0.2747306201550388,0.15774371069182386,0.1924182098765432,0.7,0.46,0.1176051411061415","0,0,0"
80.13333333333334,111,AV,0,0,0,68,1626.914224999384,0.1,-30.26777777777778,"0.6232244444444445,0.28299352750809065,0.3150396174863388,0.1,0.68,0.08544505619691108","0,0,0"
14.833333333333334,95,AV,2,0,0,34,1507.5005543882637,0.4,-30.267777777777773,"0.1314142857142857,0.11121408045977013,0.14344444444444446,0.4,0.34,0.07917348536713947","0,0,0"
18.666666666666668,93,AV,0,0,0,39,1485.5718097438446,0.2,-30.267777777777773,"0.17653212851405622,0.12495658263305323,0.15582142857142858,0.2,0.39,0.07802179415338123","0,0,0"
14.733333333333333,257,AV,2,0,0,34,5862.8833826120845,0.1,-30.26777777777778,"0.1314142857142857,0.11121408045977013,0.14344444444444446,0.1,0.34,0.30791690945072125","0,0,0"
75.11666666666666,88,AV,0,0,0,65,1446.9812594843625,0.3,-30.267777777777773,"0.5967729166666667,0.2754036144578313,0.3092919708029197,0.3,0.65,0.0759950298133052","0,0,0"
28.9,223,AV,1,0,0,64,4381.240268036911,0.1,-30.267777777777773,"0.5868729166666666,0.272565543071161,0.30639949109414755,0.1,0.64,0.23010144921114412","0,0,0"
41.71666666666667,36,AV,0,0,0,50,802.5586880039084,0.2,-30.26777777777778,"0.3506226053639847,0.18364953271028037,0.21782075471698115,0.2,0.5,0.042150146052007835","0,0,0"
41.71666666666667,174,AV,0,0,0,50,3001.8426729260827,0.4,-30.267777777777773,"0.3506226053639847,0.18364953271028037,0.21782075471698115,0.4,0.5,0.1576558935567436","0,0,0"
18.816666666666666,173,AV,0,0,0,39,2966.188350320237,0.2,-30.26777777777778,"0.17653212851405622,0.12495658263305323,0.15582142857142858,0.2,0.39,0.15578333902872574","0,0,0"
14.566666666666666,195,AV,2,0,0,37,3398.605365942332,0.4,-30.26777777777778,"0.1585711111111111,0.12052155172413792,0.1510519877675841,0.4,0.37,0.17849375340250406","0,0,0"
20.083333333333332,278,AV,1,0,0,51,8326.33528790118,0.2,-30.26777777777778,"0.37463178294573646,0.19433792048929666,0.2299809523809524,0.2,0.51,0.43729667837240127","0,0,0"
5.216666666666667,245,AV,0,0,0,5,5064.807770076448,0.3,-30.267777777777773,"0.0,0.0,0.0,0.3,0.05,0.2660022132026646","0,0,0"
22.416666666666668,16,AV,0,0,0,41,583.3206434887895,0.3,-30.26777777777778,"0.20260073260073258,0.13434677419354837,0.16725686274509802,0.3,0.41,0.030635828489198207","0,0,0"
24.3,244,AV,1,0,0,59,5051.78348307234,0.1,-30.267777777777773,"0.5099745098039216,0.2454598765432099,0.27893457943925226,0.1,0.59,0.26531818148305064","0,0,0"
11.45,214,AV,1,0,0,33,4015.909421979459,0.1,-30.26777777777778,"0.11722146118721462,0.1035888888888889,0.1350498442367601,0.1,0.33,0.21091438071535054","0,0,0"
18.5,10,AV,2,0,0,40,513.3463032142733,0.2,-30.26777777777778,"0.1880852272727273,0.1290388888888889,0.16182246376811593,0.2,0.4,0.026960796735695607","0,0,0"
30.283333333333335,146,AV,2,0,0,65,2421.832203454489,0.1,-30.267777777777773,"0.5967729166666667,0.2754036144578313,0.3092919708029197,0.1,0.65,0.12719391443254247","0,0,0"
30.15,274,AV,2,0,0,62,7658.5640246764915,0.2,-30.26777777777778,"0.5612243589743589,0.2609115646258503,0.29347849462365594,0.2,0.62,0.4022255281936403","0,0,0"
22.05,236,AV,2,0,0,48,4754.245589533712,0.3,-30.267777777777773,"0.312895061728395,0.16959523809523808,0.20224853801169587,0.3,0.48,0.24969157889794616","0,0,0"
20.816666666666666,113,AV,2,0,0,45,1639.6236094811811,0.2,-30.267777777777773,"0.2575625,0.15378155339805827,0.1891023102310231,0.2,0.45,0.08611254932874826","0,0,0"
32.55,0,AV,1,0,0,75,388.2787303527966,0.1,-30.267777777777784,"0.6699206349206349,0.29971645021645027,0.334031175059952,0.1,0.75,0.02039228462402346","0,0,0"
18.95,136,AV,2,0,0,43,2164.09247058771,0.1,-30.26777777777778,"0.23561111111111113,0.14329969418960245,0.1768641304347826,0.1,0.43,0.11365749953089815","0,0,0"
34.35,27,AV,2,0,0,84,676.2529471816457,0.2,-30.267777777777773,"0.7275363984674331,0.3193585858585859,0.35311988304093567,0.2,0.84,0.03551660572350354","0,0,0"
20.3,191,AV,1,0,0,52,3352.9358316496982,0.2,-30.267777777777773,"0.3986856060606061,0.20413095238095239,0.2391213450292398,0.2,0.52,0.17609520290478356","0,0,0"
46.833333333333336,211,AV,0,0,0,53,3942.222625638348,0.2,-30.26777777777778,"0.4090793650793651,0.20687326388888888,0.24133333333333332,0.2,0.53,0.20704437186203256","0,0,0"
81.91666666666667,248,AV,0,0,0,70,5307.329693361759,0.2,-30.267777777777773,"0.6394578313253013,0.287965,0.3227037037037037,0.2,0.7,0.2787393932246195","0,0,0"
24.633333333333333,6,AV,1,0,0,59,477.1303205766694,0.1,-30.267777777777773,"0.5099745098039216,0.2454598765432099,0.27893457943925226,0.1,0.59,0.025058743988140585","0,0,0"
15.033333333333333,210,AV,2,0,0,32,3941.04555698938,0.4,-30.267777777777773,"0.10452511415525115,0.10010833333333333,0.12884267912772585,0.4,0.32,0.20698255256307185","0,0,0"
35.4,139,AV,2,0,0,93,2344.9936519099742,0.1,-30.267777777777773,"0.7349089147286822,0.32373905723905727,0.35969855072463763,0.1,0.93,0.12315837632369546","0,0,0"
29.333333333333332,299,AV,0,0,0,47,19040.472291926453,0.1,-30.267777777777784,"0.2962671232876712,0.16325892857142857,0.19638840579710146,0.1,0.47,1.0","0,0,0"
38.06666666666667,3,AV,0,0,0,49,449.0833195935783,0.1,-30.26777777777778,"0.32352439024390234,0.1740142857142857,0.20804424778761063,0.1,0.49,0.02358572375245118","0,0,0"
19.15,48,AV,2,0,0,44,898.3728471886773,0.9,-30.26777777777778,"0.24290705128205126,0.14719801980198016,0.1840736842105263,0.9,0.44,0.047182277488442635","0,0,0"
43.3,188,AV,0,0,0,50,3274.575105225111,0.4,-30.267777777777784,"0.3506226053639847,0.18364953271028037,0.21782075471698115,0.4,0.5,0.17197972061930406","0,0,0"
11.733333333333333,189,AV,2,0,0,10,3301.717979419838,0.2,-30.267777777777784,"0.052166666666666674,0.07661111111111112,0.11443333333333332,0.2,0.1,0.1734052563822082","0,0,0"
15.533333333333333,60,AV,2,0,0,35,1025.7249596144625,0.2,-30.267777777777773,"0.14500925925925925,0.11563126843657816,0.14553478260869565,0.2,0.35,0.05387077294555297","0,0,0"
11.666666666666666,86,AV,2,0,0,12,1411.5824788559885,0.4,-30.267777777777773,"0.05362037037037037,0.07825396825396824,0.11537301587301588,0.4,0.12,0.07413589627472256","0,0,0"
30.583333333333332,64,AV,1,0,0,75,1074.3823512953045,0.4,-30.267777777777773,"0.6699206349206349,0.29971645021645027,0.334031175059952,0.4,0.75,0.05642624483379356","0,0,0"
86.96666666666667,289,AV,0,0,0,75,10838.007207066395,0.1,-30.26777777777778,"0.6699206349206349,0.29971645021645027,0.334031175059952,0.1,0.75,0.5692089482287648","0,0,0"
73.25,175,AV,0,0,0,63,3024.224513765153,0.9,-30.267777777777773,"0.5694246575342468,0.2654059405940594,0.2971772486772487,0.9,0.63,0.1588313812492711","0,0,0"
11.8,66,AV,0,0,0,29,1097.8259349569896,0.3,-30.26777777777778,"0.07771722846441947,0.08700778816199378,0.12070993589743591,0.3,0.29,0.05765749494682913","0,0,0"
29.85,155,AV,1,0,0,71,2648.588416164911,0.6,-30.26777777777778,"0.6443625000000001,0.28921405228758174,0.3250875706214689,0.6,0.71,0.1391030839759141","0,0,0"
20.266666666666666,83,AV,1,0,0,51,1373.5659577718477,0.4,-30.267777777777773,"0.37463178294573646,0.19433792048929666,0.2299809523809524,0.4,0.51,0.07213927977796368","0,0,0"
16.15,201,AV,1,0,0,44,3608.770587345788,0.2,-30.267777777777773,"0.24290705128205126,0.14719801980198016,0.1840736842105263,0.2,0.44,0.18953156896617424","0,0,0"
16.466666666666665,212,AV,2,0,0,34,3958.913906791885,0.1,-30.267777777777773,"0.1314142857142857,0.11121408045977013,0.14344444444444446,0.1,0.34,0.20792099303495454","0,0,0"
53.85,259,AV,0,0,0,55,5913.041300376779,0.5,-30.26777777777778,"0.45760666666666666,0.22560714285714287,0.26106955380577423,0.5,0.55,0.31055118852718944","0,0,0"
48.583333333333336,126,AV,0,0,0,53,2015.5588757501516,0.3,-30.267777777777773,"0.4090793650793651,0.20687326388888888,0.24133333333333332,0.3,0.53,0.10585655885252329","0,0,0"
25.683333333333334,115,AV,0,0,0,45,1682.490559712908,0.2,-30.267777777777773,"0.2575625,0.15378155339805827,0.1891023102310231,0.2,0.45,0.0883639089365613","0,0,0"
28.216666666666665,21,AV,1,0,0,63,623.7253316558669,0.2,-30.267777777777773,"0.5694246575342468,0.2654059405940594,0.2971772486772487,0.2,0.63,0.03275787081816973","0,0,0"
17.666666666666668,238,AV,2,0,0,42,4925.450001742355,0.1,-30.267777777777773,"0.22162371134020617,0.14045416666666669,0.17403413654618471,0.1,0.42,0.25868318423124653","0,0,0"
73.08333333333333,165,AV,0,0,0,65,2838.632091159661,0.1,-30.267777777777773,"0.5967729166666667,0.2754036144578313,0.3092919708029197,0.1,0.65,0.149084121845197","0,0,0"
28.816666666666666,51,AV,2,0,0,62,932.0432837729122,0.1,-30.267777777777773,"0.5612243589743589,0.2609115646258503,0.29347849462365594,0.1,0.62,0.04895063890658413","0,0,0"
5.15,168,AV,0,0,0,11,2909.8477340427667,0.1,-30.267777777777773,"0.05301190476190477,0.07753333333333334,0.11482291666666666,0.1,0.11,0.15282434644631168","0,0,0"
18.616666666666667,68,AV,2,0,0,39,1141.0395517097602,0.2,-30.267777777777773,"0.17653212851405622,0.12495658263305323,0.15582142857142858,0.2,0.39,0.05992706137828231","0,0,0"
75.01666666666667,81,AV,0,0,0,65,1297.4303329633815,0.2,-30.267777777777773,"0.5967729166666667,0.2754036144578313,0.3092919708029197,0.2,0.65,0.06814065917437974","0,0,0"
27.516666666666666,23,AV,2,0,0,54,632.5893922142865,0.2,-30.267777777777773,"0.4216645299145299,0.21563483146067416,0.24981954887218044,0.2,0.54,0.033223408669464424","0,0,0"
81.9,265,AV,0,0,0,68,6130.868263041086,0.8,-30.26777777777778,"0.6232244444444445,0.28299352750809065,0.3150396174863388,0.8,0.68,0.3219913964865619","0,0,0"
15.666666666666666,12,AV,2,0,0,33,541.9839687696077,0.2,-30.26777777777778,"0.11722146118721462,0.1035888888888889,0.1350498442367601,0.2,0.33,0.028464838500850628","0,0,0"
34.9,196,AV,2,0,0,77,3427.0421228311798,0.5,-30.26777777777778,"0.6973913857677903,0.30943181818181825,0.3409850948509486,0.5,0.77,0.1799872435036349","0,0,0"
12.383333333333333,131,AV,1,0,0,33,2088.64210540395,0.1,-30.26777777777778,"0.11722146118721462,0.1035888888888889,0.1350498442367601,0.1,0.33,0.10969486856109009","0,0,0"
26.8,286,AV,2,0,0,55,9095.945853089892,0.4,-30.267777777777773,"0.45760666666666666,0.22560714285714287,0.26106955380577423,0.4,0.55,0.47771639871279653","0,0,0"
60.833333333333336,246,AV,0,0,0,58,5200.876525735832,0.9,-30.267777777777773,"0.49248007246376807,0.23852807017543864,0.26930678466076696,0.9,0.58,0.27314850419656395","0,0,0"
16.05,13,AV,2,0,0,35,566.7055292848979,0.6,-30.26777777777778,"0.14500925925925925,0.11563126843657816,0.14553478260869565,0.6,0.35,0.02976320758205103","0,0,0"
37.45,85,AV,2,0,0,81,1391.0507319816634,0.2,-30.26777777777778,"0.7191856060606061,0.31775000000000003,0.34993274853801176,0.2,0.81,0.07305757497262802","0,0,0"
31.0,34,AV,0,0,0,47,776.0711537761008,0.4,-30.26777777777778,"0.2962671232876712,0.16325892857142857,0.19638840579710146,0.4,0.47,0.04075902855125977","0,0,0"
10.15,61,AV,1,0,0,30,1038.299283744561,0.2,-30.26777777777778,"0.08243023255813954,0.08789523809523808,0.1205428134556575,0.2,0.3,0.054531172747475445","0,0,0"
28.9,56,AV,2,0,0,60,981.8973671489576,0.2,-30.26777777777778,"0.5272970085470086,0.24833179012345682,0.2833567251461988,0.2,0.6,0.05156896069039748","0,0,0"
57.416666666666664,110,AV,0,0,0,57,1614.9493849180149,0.1,-30.26777777777778,"0.48313919413919415,0.23587152777777778,0.26570501474926256,0.1,0.57,0.08481666631781955","0,0,0"
28.783333333333335,72,AV,1,0,0,67,1205.4292211271013,0.4,-30.267777777777773,"0.6129957805907174,0.2804498207885305,0.3139075520833333,0.4,0.67,0.06330878786227523","0,0,0"
34.56666666666667,224,AV,0,0,0,48,4416.224882412617,0.2,-30.267777777777773,"0.312895061728395,0.16959523809523808,0.20224853801169587,0.2,0.48,0.23193883086005102","0,0,0"
21.85,84,AV,1,0,0,52,1386.7650627050614,0.6,-30.26777777777778,"0.3986856060606061,0.20413095238095239,0.2391213450292398,0.6,0.52,0.07283249288375467","0,0,0"
88.68333333333334,230,AV,0,0,0,77,4572.8741748457805,0.1,-30.267777777777773,"0.6973913857677903,0.30943181818181825,0.3409850948509486,0.1,0.77,0.24016600558720239","0,0,0"
14.133333333333333,270,AV,1,0,0,41,7128.986247371214,0.3,-30.267777777777773,"0.20260073260073258,0.13434677419354837,0.16725686274509802,0.3,0.41,0.3744122592165977","0,0,0"
43.55,204,AV,0,0,0,50,3773.073658575576,0.5,-30.26777777777778,"0.3506226053639847,0.18364953271028037,0.21782075471698115,0.5,0.5,0.19816071790275053","0,0,0"
15.133333333333333,233,AV,1,0,0,44,4639.089550420253,0.1,-30.267777777777784,"0.24290705128205126,0.14719801980198016,0.1840736842105263,0.1,0.44,0.24364361762115117","0,0,0"
22.85,209,AV,2,0,0,51,3898.759045987068,0.4,-30.267777777777773,"0.37463178294573646,0.19433792048929666,0.2299809523809524,0.4,0.51,0.204761677452729","0,0,0"
11.2,79,AV,2,0,0,22,1293.252850487379,0.3,-30.267777777777773,"0.06325409836065572,0.08177179487179485,0.11706481481481483,0.3,0.22,0.0679212590244279","0,0,0"
14.416666666666666,202,AV,2,0,0,30,3630.005597296026,0.1,-30.26777777777778,"0.08243023255813954,0.08789523809523808,0.1205428134556575,0.1,0.3,0.1906468254380025","0,0,0"
32.733333333333334,63,AV,2,0,0,74,1068.5648373754009,0.2,-30.267777777777773,"0.659312015503876,0.2973791666666667,0.3320883084577115,0.2,0.74,0.05612071071516929","0,0,0"
24.25,107,AV,0,0,0,42,1592.2311391495805,0.9,-30.267777777777773,"0.22162371134020617,0.14045416666666669,0.17403413654618471,0.9,0.42,0.08362351073742634","0,0,0"
23.633333333333333,198,AV,2,0,0,53,3480.90175047103,0.6,-30.267777777777773,"0.4090793650793651,0.20687326388888888,0.24133333333333332,0.6,0.53,0.18281593529310736","0,0,0"
16.333333333333332,65,AV,1,0,0,44,1089.3140785512585,0.1,-30.267777777777773,"0.24290705128205126,0.14719801980198016,0.1840736842105263,0.1,0.44,0.05721045475395848","0,0,0"
52.016666666666666,156,AV,0,0,0,54,2667.9339807116767,0.6,-30.267777777777773,"0.4216645299145299,0.21563483146067416,0.24981954887218044,0.6,0.54,0.140119107331331","0,0,0"
12.75,282,AV,2,0,0,28,8689.506535985933,0.1,-30.267777777777773,"0.07276241134751774,0.08457166666666667,0.11942295597484279,0.1,0.28,0.45637032541837","0,0,0"
22.366666666666667,288,AV,2,0,0,51,10213.823531357188,0.3,-30.26777777777778,"0.37463178294573646,0.19433792048929666,0.2299809523809524,0.3,0.51,0.5364270053158322","0,0,0"
30.95,235,AV,0,0,0,47,4705.31956239884,0.4,-30.26777777777778,"0.2962671232876712,0.16325892857142857,0.19638840579710146,0.4,0.47,0.24712199835473575","0,0,0"
11.25,114,AV,1,0,0,32,1659.6531244520008,0.4,-30.26777777777778,"0.10452511415525115,0.10010833333333333,0.12884267912772585,0.4,0.32,0.08716449355910817","0,0,0"
57.416666666666664,263,AV,0,0,0,57,6031.594525491932,0.1,-30.26777777777778,"0.48313919413919415,0.23587152777777778,0.26570501474926256,0.1,0.57,0.3167775690127944","0,0,0"
32.56666666666667,216,AV,2,0,0,74,4113.319853961603,0.1,-30.26777777777778,"0.659312015503876,0.2973791666666667,0.3320883084577115,0.1,0.74,0.21603034792922307","0,0,0"
16.883333333333333,194,AV,1,0,0,46,3393.6426315430986,0.1,-30.26777777777778,"0.2747306201550388,0.15774371069182386,0.1924182098765432,0.1,0.46,0.17823311205269168","0,0,0"
13.683333333333334,205,AV,1,0,0,41,3773.692032315799,0.1,-30.26777777777778,"0.20260073260073258,0.13434677419354837,0.16725686274509802,0.1,0.41,0.19819319470956198","0,0,0"
83.63333333333334,153,AV,0,0,0,71,2619.168197182975,0.4,-30.26777777777778,"0.6443625000000001,0.28921405228758174,0.3250875706214689,0.4,0.71,0.13755794273514713","0,0,0"
13.466666666666667,231,AV,2,0,0,32,4609.601315671212,0.1,-30.267777777777773,"0.10452511415525115,0.10010833333333333,0.12884267912772585,0.1,0.32,0.2420949042123171","0,0,0"
31.766666666666666,15,AV,2,0,0,58,571.0932451196882,0.1,-30.267777777777773,"0.49248007246376807,0.23852807017543864,0.26930678466076696,0.1,0.58,0.029993649126121902","0,0,0"
34.016666666666666,117,AV,2,0,0,74,1794.439334206041,0.1,-30.267777777777773,"0.659312015503876,0.2973791666666667,0.3320883084577115,0.1,0.74,0.09424342561959032","0,0,0"
26.266666666666666,46,AV,1,0,0,61,881.2906222289953,0.1,-30.26777777777778,"0.5315232067510548,0.2509182692307693,0.284997150997151,0.1,0.61,0.04628512406190052","0,0,0"
21.95,102,AV,2,0,0,49,1564.4426034616197,0.1,-30.26777777777778,"0.32352439024390234,0.1740142857142857,0.20804424778761063,0.1,0.49,0.08216406502295508","0,0,0"
7.45,5,AV,1,0,0,13,465.3670128771111,0.1,-30.267777777777784,"0.05443750000000001,0.07871999999999998,0.1156474358974359,0.1,0.13,0.0244409385304185","0,0,0"
45.31666666666667,49,AV,0,0,0,52,904.859336063587,0.8,-30.267777777777773,"0.3986856060606061,0.20413095238095239,0.2391213450292398,0.8,0.52,0.04752294597478371","0,0,0"
29.116666666666667,37,AV,2,0,0,61,832.4581618945489,0.6,-30.26777777777778,"0.5315232067510548,0.2509182692307693,0.284997150997151,0.6,0.61,0.043720457619506006","0,0,0"
16.4,182,AV,1,0,0,44,3225.188153267811,0.7,-30.267777777777773,"0.24290705128205126,0.14719801980198016,0.1840736842105263,0.7,0.44,0.16938593244009792","0,0,0"
17.2,251,AV,0,0,0,36,5557.427333357366,0.1,-30.267777777777773,"0.15190090090090091,0.11842942942942943,0.14853478260869568,0.1,0.36,0.2918744476582037","0,0,0"
10.7,252,AV,1,0,0,30,5611.673516276995,0.3,-30.26777777777778,"0.08243023255813954,0.08789523809523808,0.1205428134556575,0.3,0.3,0.29472344121718336","0,0,0"
27.933333333333334,96,AV,1,0,0,62,1530.0661682302475,0.1,-30.26777777777778,"0.5612243589743589,0.2609115646258503,0.29347849462365594,0.1,0.62,0.08035862476368438","0,0,0"
17.2,17,AV,1,0,0,47,586.8516376274475,0.2,-30.26777777777778,"0.2962671232876712,0.16325892857142857,0.19638840579710146,0.2,0.47,0.03082127526197365","0,0,0"
32.28333333333333,104,AV,1,0,0,78,1579.1767070066765,0.8,-30.267777777777773,"0.7037980392156862,0.31262500000000004,0.34574119241192414,0.8,0.78,0.08293789580399638","0,0,0"
12.466666666666667,294,AV,1,0,0,37,13430.196447392702,0.1,-30.267777777777773,"0.1585711111111111,0.12052155172413792,0.1510519877675841,0.1,0.37,0.7053499640913518","0,0,0"
10.85,1,AV,1,0,0,30,419.7646265090227,0.4,-30.26777777777778,"0.08243023255813954,0.08789523809523808,0.1205428134556575,0.4,0.3,0.022045914621929386","0,0,0"
11.816666666666666,169,AV,0,0,0,30,2927.9701715656583,0.1,-30.267777777777773,"0.08243023255813954,0.08789523809523808,0.1205428134556575,0.1,0.3,0.1537761315304756","0,0,0"
28.516666666666666,87,AV,1,0,0,64,1434.4967426379471,0.7,-30.26777777777778,"0.5868729166666666,0.272565543071161,0.30639949109414755,0.7,0.64,0.07533934666348602","0,0,0"
18.633333333333333,213,AV,2,0,0,44,3971.0791127863904,0.2,-30.267777777777773,"0.24290705128205126,0.14719801980198016,0.1840736842105263,0.2,0.44,0.20855990607282407","0,0,0"
23.25,55,AV,2,0,0,51,979.573716991658,0.1,-30.267777777777773,"0.37463178294573646,0.19433792048929666,0.2299809523809524,0.1,0.51,0.051446923268128025","0,0,0"
13.8,225,AV,2,0,0,31,4459.768546990965,0.4,-30.26777777777778,"0.10041777777777777,0.09871449275362319,0.12805151515151514,0.4,0.31,0.23422573130615026","0,0,0"
21.816666666666666,40,AV,2,0,0,49,859.2772315809713,0.2,-30.26777777777778,"0.32352439024390234,0.1740142857142857,0.20804424778761063,0.2,0.49,0.045128987264949426","0,0,0"
23.05,157,AV,1,0,0,53,2675.3892374750885,0.7,-30.267777777777773,"0.4090793650793651,0.20687326388888888,0.24133333333333332,0.7,0.53,0.14051065522200876","0,0,0"
9.25,33,AV,1,0,0,28,763.1985099142711,0.3,-30.26777777777778,"0.07276241134751774,0.08457166666666667,0.11942295597484279,0.3,0.28,0.04008296108484046","0,0,0"
13.733333333333333,206,AV,1,0,0,37,3824.993837156676,0.7,-30.26777777777778,"0.1585711111111111,0.12052155172413792,0.1510519877675841,0.7,0.37,0.20088755039855555","0,0,0"
17.166666666666668,75,AV,1,0,0,46,1249.5878531833848,0.2,-30.26777777777778,"0.2747306201550388,0.15774371069182386,0.1924182098765432,0.2,0.46,0.06562798621929328","0,0,0"
35.666666666666664,226,AV,2,0,0,74,4504.939201911708,0.1,-30.267777777777773,"0.659312015503876,0.2973791666666667,0.3320883084577115,0.1,0.74,0.2365980808061097","0,0,0"
27.583333333333332,18,AV,2,0,0,55,591.6693204447811,0.2,-30.267777777777773,"0.45760666666666666,0.22560714285714287,0.26106955380577423,0.2,0.55,0.0310742985454022","0,0,0"
60.81666666666667,269,AV,0,0,0,58,6709.13861087917,0.9,-30.267777777777773,"0.49248007246376807,0.23852807017543864,0.26930678466076696,0.9,0.58,0.352361984934795","0,0,0"
