travel_time,id,kind,action,bid_route_0,bid_route_1,bid_route_2,karma_balance,origin,destination,start_time,income,urgency,reward
23.233333333333334,44,AV,2,3,0,3,38,0,0,33,10751.672106064549,0.1,-2.3233333333333337
18.883333333333333,137,AV,0,6,4,9,3,0,0,40,4968.170350229253,0.7,-13.218333333333332
22.933333333333334,50,AV,1,3,4,2,2,0,0,44,586.8516376274475,0.2,-4.586666666666667
45.766666666666666,63,AV,1,3,6,0,6,0,0,89,3863.855435177377,0.3,-13.729999999999999
20.583333333333332,84,AV,0,7,3,4,1,0,0,42,9280.176126726552,0.1,-2.058333333333333
24.0,132,AV,0,9,1,6,3,0,0,53,1141.5133047894662,0.2,-4.800000000000001
31.2,196,AV,0,9,1,7,3,0,0,64,4281.8327360815,0.1,-3.12
11.883333333333333,139,AV,0,7,2,9,3,0,0,33,2318.2944376966047,0.1,-1.1883333333333332
34.28333333333333,118,AV,2,1,3,6,9,0,0,50,3752.1132597063192,0.1,-3.4283333333333332
34.516666666666666,106,AV,1,1,5,1,5,0,0,58,3933.772930850901,0.1,-3.4516666666666667
20.833333333333332,104,AV,1,3,4,2,18,0,0,41,5670.319740923212,0.1,-2.0833333333333335
45.416666666666664,263,AV,1,2,6,2,0,0,0,75,388.2787303527966,0.2,-9.083333333333334
27.4,287,AV,2,0,0,3,13,0,0,40,2520.718778515204,0.1,-2.74
40.11666666666667,103,AV,1,3,5,3,5,0,0,65,4689.4303597647895,0.1,-4.011666666666667
16.916666666666668,220,AV,1,3,5,3,1,0,0,34,1723.69240549938,0.1,-1.6916666666666669
40.083333333333336,148,AV,1,0,9,1,11,0,0,66,1150.2916000513435,0.1,-4.008333333333334
13.733333333333333,252,AV,1,3,5,4,20,0,0,29,1022.032321197676,0.1,-1.3733333333333333
39.233333333333334,134,AV,1,0,4,3,3,0,0,65,2645.062412614309,0.1,-3.923333333333334
38.983333333333334,221,AV,1,3,5,3,0,0,0,65,1005.9867386644172,0.1,-3.8983333333333334
18.516666666666666,46,AV,1,1,5,3,1,0,0,37,1682.490559712908,0.3,-5.555
13.716666666666667,143,AV,1,3,4,2,14,0,0,17,2260.56382504795,0.2,-2.7433333333333336
33.46666666666667,151,AV,1,2,5,3,11,0,0,57,1234.5997004771,0.1,-3.346666666666667
15.433333333333334,81,AV,1,2,6,2,14,0,0,31,597.1498506777683,0.1,-1.5433333333333334
26.1,100,AV,1,3,7,8,4,0,0,47,2953.464044858564,0.2,-5.220000000000001
8.916666666666666,10,AV,0,9,8,5,11,0,0,16,2622.7149314101284,0.3,-2.675
35.03333333333333,215,AV,1,3,5,4,11,0,0,56,961.7772661313056,0.1,-3.5033333333333334
20.016666666666666,73,AV,1,1,8,7,7,0,0,37,522.440884226393,0.1,-2.0016666666666665
20.383333333333333,258,AV,1,3,8,3,16,0,0,39,6709.13861087917,0.4,-8.153333333333334
20.3,282,AV,1,0,9,1,8,0,0,38,1635.9686818612918,0.7,-14.209999999999999
23.133333333333333,67,AV,1,1,5,0,3,0,0,45,4200.245935785981,0.3,-6.9399999999999995
25.75,58,AV,1,2,6,2,2,0,0,48,4679.48341028673,0.1,-2.575
42.06666666666667,224,AV,1,0,4,3,9,0,0,67,1251.6500609663929,0.1,-4.206666666666667
6.766666666666667,228,AV,0,6,4,1,0,0,0,17,2472.005569054355,0.3,-2.03
37.11666666666667,192,AV,1,0,9,1,5,0,0,61,8689.506535985933,0.1,-3.711666666666667
34.233333333333334,76,AV,1,3,5,4,9,0,0,57,3793.837230001502,0.1,-3.423333333333334
25.5,129,AV,1,3,5,3,13,0,0,48,2561.5826276178027,0.3,-7.6499999999999995
17.7,198,AV,1,0,4,3,2,0,0,34,1047.1205397958274,0.1,-1.77
45.65,141,AV,2,2,3,2,7,0,0,77,541.9839687696077,0.1,-4.565
39.8,211,AV,1,3,4,2,1,0,0,65,776.0711537761008,0.5,-19.9
35.166666666666664,45,AV,2,2,3,3,10,0,0,46,6081.635477498837,0.1,-3.5166666666666666
33.05,61,AV,1,1,5,2,1,0,0,56,381.3218977270381,0.4,-13.219999999999999
44.733333333333334,47,AV,1,2,6,2,1,0,0,81,1594.6992934726818,0.1,-4.473333333333334
15.2,0,AV,0,9,6,2,10,0,0,36,2750.2432356670683,0.1,-1.52
27.866666666666667,219,AV,1,0,4,3,6,0,0,50,3958.913906791885,0.2,-5.573333333333334
22.366666666666667,279,AV,0,6,0,8,3,0,0,44,1460.8215047913693,0.2,-4.473333333333334
6.9,286,AV,0,4,5,6,10,0,0,11,4617.971391102537,0.2,-1.3800000000000001
13.65,113,AV,1,0,4,3,9,0,0,24,2044.1603053436156,0.1,-1.3650000000000002
42.9,197,AV,2,2,3,3,10,0,0,66,1997.7276787447236,0.2,-8.58
17.8,66,AV,1,3,5,4,1,0,0,35,6020.57275324985,0.2,-3.5600000000000005
45.6,208,AV,2,2,3,3,10,0,0,67,566.7055292848979,0.1,-4.5600000000000005
29.066666666666666,142,AV,1,0,4,3,4,0,0,51,7912.643587116454,0.1,-2.9066666666666667
21.95,171,AV,1,3,9,2,3,0,0,42,10450.70686878338,0.1,-2.195
29.25,276,AV,1,3,4,2,7,0,0,52,3654.013033637752,0.3,-8.775
22.65,204,AV,1,2,6,2,1,0,0,44,1880.1756700095973,0.1,-2.265
38.766666666666666,294,AV,1,3,7,5,6,0,0,62,13079.31179296209,0.2,-7.753333333333334
20.25,2,AV,2,1,0,7,3,0,0,22,4687.914961676448,0.2,-4.05
31.583333333333332,195,AV,1,0,4,3,6,0,0,54,2969.8754393798326,0.1,-3.158333333333333
30.916666666666668,146,AV,1,1,5,2,3,0,0,54,2476.7926805910606,0.1,-3.091666666666667
40.166666666666664,80,AV,1,1,8,7,0,0,0,65,1174.3503864217532,0.1,-4.016666666666667
29.05,223,AV,0,6,3,3,12,0,0,61,4266.216809230351,0.1,-2.9050000000000002
42.96666666666667,185,AV,2,1,3,6,3,0,0,59,639.9143284368583,0.1,-4.296666666666667
38.46666666666667,109,AV,2,0,1,6,1,0,0,54,3628.2404526711953,0.4,-15.386666666666668
19.6,43,AV,1,1,6,1,5,0,0,37,2117.047321722312,0.1,-1.9600000000000002
32.65,120,AV,2,1,3,5,5,0,0,49,5341.061461458292,0.4,-13.06
44.15,19,AV,1,3,5,4,1,0,0,76,1148.2139867956057,0.1,-4.415
33.93333333333333,95,AV,2,0,1,5,3,0,0,49,3256.7228478661937,0.1,-3.393333333333333
37.61666666666667,262,AV,1,0,9,1,0,0,0,62,1830.3424648913517,0.1,-3.7616666666666667
22.883333333333333,65,AV,1,3,5,4,1,0,0,41,2538.843693606908,0.1,-2.2883333333333336
31.633333333333333,89,AV,1,0,4,3,4,0,0,54,1111.987968807459,0.1,-3.1633333333333336
21.75,206,AV,1,2,6,2,4,0,0,42,1389.0632502942228,0.2,-4.3500000000000005
38.28333333333333,51,AV,1,3,7,0,0,0,0,60,3508.846318545673,0.1,-3.828333333333333
38.93333333333333,140,AV,1,0,5,8,6,0,0,63,863.3540159882258,0.3,-11.679999999999998
20.666666666666668,275,AV,0,9,8,5,3,0,0,43,1639.6236094811811,0.1,-2.066666666666667
38.75,285,AV,1,3,4,2,2,0,0,61,2198.5025098873134,0.3,-11.625
25.433333333333334,35,AV,0,6,6,2,7,0,0,59,4381.240268036911,0.1,-2.5433333333333334
29.0,8,AV,2,3,1,4,3,0,0,43,2294.767722006211,0.1,-2.9000000000000004
33.96666666666667,83,AV,1,0,4,3,4,0,0,55,4412.688598555705,0.1,-3.396666666666667
32.21666666666667,194,AV,1,0,9,3,1,0,0,55,4164.701887555128,0.2,-6.443333333333334
14.2,49,AV,1,3,7,5,2,0,0,31,3866.930621896856,0.1,-1.42
16.316666666666666,280,AV,1,2,5,3,0,0,0,33,4577.590037133467,0.2,-3.2633333333333336
34.38333333333333,6,AV,1,3,5,4,6,0,0,57,1805.1606101798543,0.1,-3.4383333333333335
36.8,242,AV,2,2,3,3,7,0,0,61,1986.5043233563797,0.1,-3.6799999999999997
29.133333333333333,246,AV,2,3,2,3,7,0,0,41,640.5426603936758,0.3,-8.74
29.6,64,AV,1,3,5,3,2,0,0,53,1083.524948441525,0.3,-8.88
42.233333333333334,222,AV,1,0,4,3,2,0,0,69,3387.2787239910285,0.2,-8.446666666666667
26.216666666666665,24,AV,1,2,6,2,1,0,0,48,863.5619359671642,0.4,-10.486666666666666
13.1,231,AV,1,3,7,8,1,0,0,24,2043.1688306873104,0.1,-1.31
42.81666666666667,154,AV,1,0,4,3,3,0,0,70,7958.958807233507,0.1,-4.281666666666667
27.683333333333334,40,AV,1,2,6,2,18,0,0,50,8348.421721831439,0.2,-5.536666666666667
26.516666666666666,160,AV,2,0,0,3,6,0,0,33,4707.821121085941,0.1,-2.651666666666667
44.733333333333334,261,AV,1,2,6,2,0,0,0,79,753.7709081553346,0.2,-8.946666666666667
41.15,265,AV,2,2,2,4,14,0,0,71,20239.22920549412,0.5,-20.575
22.783333333333335,254,AV,2,0,0,3,6,0,0,31,591.6693204447811,0.2,-4.5566666666666675
31.683333333333334,107,AV,1,3,5,5,2,0,0,52,3783.636689084741,0.4,-12.673333333333334
36.85,218,AV,1,3,5,4,1,0,0,61,2347.541384251396,0.3,-11.055
24.516666666666666,245,AV,2,0,0,3,6,0,0,30,1475.2077210572677,0.1,-2.4516666666666667
29.733333333333334,178,AV,1,3,5,3,24,0,0,52,3773.073658575576,0.1,-2.9733333333333336
22.316666666666666,25,AV,1,3,5,4,0,0,0,43,1275.9312017726234,0.3,-6.694999999999999
36.65,162,AV,1,3,4,2,1,0,0,60,2857.712092786687,0.1,-3.665
41.71666666666667,56,AV,1,3,7,0,0,0,0,66,3398.605365942332,0.1,-4.171666666666667
45.38333333333333,111,AV,1,2,6,2,0,0,0,81,4429.527615460413,0.1,-4.538333333333333
29.166666666666668,36,AV,1,2,5,3,0,0,0,50,2756.9260540590044,0.1,-2.916666666666667
21.05,251,AV,1,1,5,3,10,0,0,42,2280.385817754286,0.1,-2.105
33.43333333333333,193,AV,1,3,8,3,1,0,0,56,7658.5640246764915,0.2,-6.6866666666666665
19.516666666666666,59,AV,1,2,6,2,2,0,0,39,3159.4556453821087,0.1,-1.9516666666666667
23.65,55,AV,1,0,4,3,11,0,0,44,1822.2981036688468,0.1,-2.3649999999999998
42.46666666666667,187,AV,1,3,8,3,0,0,0,69,1596.1763216794554,0.1,-4.246666666666667
16.316666666666666,212,AV,1,1,5,3,1,0,0,32,1148.9174546898266,0.1,-1.6316666666666668
20.85,108,AV,1,0,7,1,0,0,0,40,8480.737499651503,0.1,-2.0850000000000004
36.61666666666667,3,AV,1,2,5,3,3,0,0,60,3032.1279287666234,0.3,-10.985
37.333333333333336,156,AV,1,3,5,4,0,0,0,61,5849.7981009167725,0.1,-3.733333333333334
23.55,34,AV,2,3,2,3,6,0,0,25,3046.5766145774583,0.3,-7.065
16.4,237,AV,1,2,8,4,11,0,0,32,2158.6935677652164,0.1,-1.64
28.083333333333332,241,AV,1,3,9,2,15,0,0,46,877.2934597877683,0.3,-8.424999999999999
22.016666666666666,270,AV,1,0,9,3,5,0,0,43,1496.328062426438,0.1,-2.2016666666666667
44.5,122,AV,1,3,5,3,3,0,0,70,3119.7161673652217,0.1,-4.45
23.2,272,AV,1,0,9,3,1,0,0,45,837.3801312568858,0.2,-4.64
20.75,48,AV,2,2,3,2,14,0,0,30,1921.5023446668008,0.3,-6.225
32.06666666666667,1,AV,1,3,7,0,2,0,0,54,8139.327108000771,0.5,-16.033333333333335
46.61666666666667,99,AV,1,0,4,3,3,0,0,87,5578.433439706214,0.1,-4.661666666666667
35.4,203,AV,1,3,5,3,0,0,0,58,3065.2253709468137,0.4,-14.16
36.45,243,AV,1,1,5,2,1,0,0,61,3476.696831582168,0.3,-10.935
13.7,77,AV,1,1,5,3,0,0,0,25,4967.653125719208,0.1,-1.37
32.333333333333336,230,AV,2,0,0,8,2,0,0,50,1261.43865123121,0.1,-3.233333333333334
24.333333333333332,291,AV,1,3,7,0,0,0,0,46,3824.993837156676,0.3,-7.299999999999999
34.416666666666664,159,AV,1,3,4,2,1,0,0,58,3158.0604616132755,0.1,-3.4416666666666664
43.71666666666667,125,AV,1,1,5,2,1,0,0,73,1294.2551843223837,0.1,-4.371666666666667
42.93333333333333,91,AV,1,0,4,3,5,0,0,72,1823.811293294481,0.2,-8.586666666666666
25.533333333333335,78,AV,1,0,4,3,8,0,0,47,473.5024380788758,0.1,-2.5533333333333337
25.516666666666666,158,AV,1,2,6,6,7,0,0,44,3882.59008652233,0.1,-2.5516666666666667
45.53333333333333,11,AV,1,0,6,4,1,0,0,73,7081.334819999852,0.2,-9.106666666666667
5.233333333333333,115,AV,0,9,8,5,0,0,0,10,861.805442805673,0.1,-0.5233333333333333
12.683333333333334,32,AV,1,1,4,7,3,0,0,19,5051.78348307234,0.1,-1.2683333333333335
32.63333333333333,94,AV,0,5,1,7,8,0,0,66,3941.04555698938,0.5,-16.316666666666666
35.28333333333333,7,AV,2,0,0,6,0,0,0,54,1507.5005543882637,0.3,-10.584999999999999
22.616666666666667,186,AV,1,0,4,3,3,0,0,43,2141.869626207308,0.1,-2.2616666666666667
30.183333333333334,5,AV,2,2,1,5,4,0,0,42,3048.604611013583,0.5,-15.091666666666667
40.18333333333333,234,AV,2,1,2,4,2,0,0,60,985.8695826897422,0.3,-12.054999999999998
32.016666666666666,15,AV,1,3,5,3,8,0,0,54,743.7553910389753,0.3,-9.604999999999999
18.566666666666666,27,AV,1,3,5,3,9,0,0,35,1122.7546975855585,0.2,-3.7133333333333334
29.966666666666665,101,AV,1,3,5,4,0,0,0,53,5168.6614957092925,0.2,-5.993333333333333
21.183333333333334,157,AV,1,3,8,3,1,0,0,41,2587.8859091729414,0.5,-10.591666666666667
40.68333333333333,163,AV,1,0,5,8,6,0,0,65,5003.647877951615,0.5,-20.341666666666665
43.31666666666667,271,AV,1,3,5,3,9,0,0,73,497.26542980048754,0.2,-8.663333333333334
35.35,37,AV,1,3,5,3,1,0,0,58,1541.4014724042315,0.1,-3.535
13.116666666666667,225,AV,1,3,7,0,24,0,0,20,5386.149373461946,0.2,-2.6233333333333335
19.033333333333335,278,AV,1,1,9,4,2,0,0,38,4196.147454418583,0.1,-1.9033333333333335
11.95,117,AV,1,3,8,3,5,0,0,18,881.2906222289953,0.3,-3.5849999999999995
35.666666666666664,264,AV,1,1,5,2,5,0,0,58,17322.90883950548,0.4,-14.266666666666666
41.53333333333333,116,AV,2,2,3,3,16,0,0,75,3465.4556083993225,0.2,-8.306666666666667
13.816666666666666,53,AV,0,4,4,2,6,0,0,34,13430.196447392702,0.4,-5.526666666666667
11.933333333333334,57,AV,0,9,7,0,1,0,0,33,1899.102970895097,0.3,-3.58
42.11666666666667,41,AV,1,2,6,2,0,0,0,67,14754.343640924068,0.1,-4.211666666666667
30.933333333333334,128,AV,0,4,4,6,2,0,0,63,3531.3895067900216,0.3,-9.28
20.316666666666666,176,AV,1,1,5,2,1,0,0,40,1104.4445206976068,0.1,-2.0316666666666667
31.0,21,AV,1,0,9,3,2,0,0,53,3382.383844415393,0.2,-6.2
16.7,250,AV,1,3,5,4,7,0,0,32,1150.4391077840953,0.2,-3.34
45.31666666666667,114,AV,2,0,0,3,12,0,0,75,4669.869929992837,0.1,-4.531666666666667
44.45,166,AV,2,2,3,3,5,0,0,72,1052.4070316009115,0.1,-4.445
32.45,201,AV,2,2,0,4,7,0,0,52,9030.678864893336,0.1,-3.2450000000000006
35.583333333333336,69,AV,1,1,8,7,3,0,0,59,742.6585956180782,0.5,-17.791666666666668
34.5,165,AV,1,3,5,8,3,0,0,56,2446.4664131825853,0.2,-6.9
45.35,155,AV,1,3,5,4,13,0,0,80,877.6907461205365,0.1,-4.535
25.0,90,AV,1,3,5,3,0,0,0,47,4227.85786318916,0.1,-2.5
27.266666666666666,30,AV,0,9,8,8,3,0,0,59,5009.92015912814,0.1,-2.7266666666666666
45.4,23,AV,1,2,6,2,1,0,0,89,6031.594525491932,0.2,-9.08
32.083333333333336,217,AV,1,0,4,9,8,0,0,54,825.4433072334436,0.1,-3.208333333333334
32.56666666666667,60,AV,1,2,6,2,4,0,0,55,2314.8193170712048,0.3,-9.770000000000001
45.9,97,AV,1,3,4,2,1,0,0,86,844.3352662229099,0.3,-13.77
33.1,205,AV,1,3,5,3,1,0,0,56,1293.252850487379,0.3,-9.93
39.43333333333333,14,AV,1,1,5,2,2,0,0,63,616.3739675020589,0.1,-3.9433333333333334
43.31666666666667,174,AV,1,0,4,3,2,0,0,70,1869.7531794209297,0.3,-12.995000000000001
23.866666666666667,164,AV,1,3,5,4,1,0,0,45,2629.980017260476,0.2,-4.773333333333333
35.6,71,AV,1,1,5,2,0,0,0,58,7099.697064525982,0.1,-3.5600000000000005
45.8,13,AV,2,2,3,1,6,0,0,92,18628.94525544202,0.1,-4.58
24.3,190,AV,2,3,1,0,5,0,0,15,4376.119511966378,0.1,-2.43
22.766666666666666,20,AV,1,0,5,6,1,0,0,43,3456.1529418207683,0.4,-9.106666666666667
17.083333333333332,152,AV,0,4,4,3,7,0,0,37,2754.938443140308,0.2,-3.4166666666666665
42.28333333333333,4,AV,1,2,6,2,1,0,0,69,979.5720138781878,0.4,-16.913333333333334
21.016666666666666,240,AV,1,3,4,4,1,0,0,40,4021.28082322038,0.1,-2.1016666666666666
27.4,227,AV,1,1,5,2,15,0,0,48,818.0604611907775,0.1,-2.74
44.71666666666667,133,AV,1,0,4,3,2,0,0,69,15387.119225735782,0.1,-4.471666666666667
37.45,247,AV,1,3,7,0,0,0,0,59,2971.291490045772,0.1,-3.7450000000000006
10.116666666666667,31,AV,0,6,8,9,6,0,0,32,2239.257430619588,0.1,-1.0116666666666667
27.733333333333334,68,AV,1,3,7,0,2,0,0,50,3024.224513765153,0.1,-2.7733333333333334
24.866666666666667,87,AV,1,0,4,3,17,0,0,45,1097.8259349569896,0.7,-17.406666666666666
13.6,74,AV,0,9,8,5,2,0,0,33,779.2240782816187,0.2,-2.72
27.216666666666665,239,AV,1,0,5,4,1,0,0,49,3151.1733449572957,0.3,-8.165
40.06666666666667,267,AV,1,0,5,3,0,0,0,65,1546.5147326922538,0.5,-20.033333333333335
35.75,210,AV,1,0,9,1,1,0,0,58,14505.369879802229,0.1,-3.575
35.46666666666667,257,AV,1,0,4,3,2,0,0,57,636.6552097563458,0.2,-7.093333333333334
17.1,179,AV,1,0,4,3,2,0,0,35,2401.1770329784995,0.1,-1.7100000000000002
23.25,202,AV,1,3,7,0,1,0,0,45,912.6272274022258,0.2,-4.65
11.95,181,AV,1,1,9,7,3,0,0,2,1391.0507319816634,0.3,-3.5849999999999995
33.0,135,AV,1,3,5,3,0,0,0,55,491.0984231068265,0.1,-3.3000000000000003
14.666666666666666,283,AV,1,1,6,6,7,0,0,29,7332.887514065835,0.1,-1.4666666666666668
15.233333333333333,236,AV,1,3,4,4,3,0,0,31,1824.367004680513,0.1,-1.5233333333333334
5.316666666666666,180,AV,0,5,0,5,2,0,0,5,2318.1098695731453,0.1,-0.5316666666666666
21.0,238,AV,1,0,5,3,2,0,0,41,1552.9853059451273,0.1,-2.1
41.583333333333336,199,AV,1,3,4,2,1,0,0,67,2329.0008356791827,0.3,-12.475
28.183333333333334,102,AV,1,0,7,3,1,0,0,47,627.4062491148882,0.1,-2.8183333333333334
39.666666666666664,93,AV,1,3,5,3,0,0,0,65,4116.183110063293,0.1,-3.966666666666667
29.133333333333333,191,AV,0,5,2,8,9,0,0,61,5557.427333357366,0.1,-2.9133333333333336
17.916666666666668,126,AV,1,2,5,3,2,0,0,35,5480.041794665195,0.2,-3.583333333333334
26.216666666666665,184,AV,1,3,5,3,8,0,0,45,892.1845339920479,0.1,-2.6216666666666666
37.916666666666664,28,AV,1,1,5,2,2,0,0,62,1530.0661682302475,0.2,-7.583333333333333
43.1,213,AV,2,1,1,7,3,0,0,65,4609.601315671212,0.1,-4.3100000000000005
28.35,259,AV,1,3,4,2,1,0,0,51,1490.1599361877834,0.1,-2.8350000000000004
46.06666666666667,105,AV,2,3,1,4,2,0,0,80,2891.134206742707,0.3,-13.82
39.0,79,AV,1,1,5,2,4,0,0,62,921.9548251796884,0.1,-3.9000000000000004
27.35,209,AV,0,9,8,4,3,0,0,59,2909.8477340427667,0.3,-8.205
15.583333333333334,86,AV,1,3,5,3,21,0,0,31,1794.439334206041,0.3,-4.675
15.4,232,AV,0,5,4,7,6,0,0,36,1405.7852601227096,0.2,-3.08
13.95,62,AV,1,1,5,4,0,0,0,25,8028.27043643778,0.5,-6.975
17.733333333333334,207,AV,1,2,6,2,6,0,0,34,4416.224882412617,0.3,-5.32
36.483333333333334,175,AV,2,0,0,3,6,0,0,57,2411.397471856681,0.5,-18.241666666666667
27.683333333333334,110,AV,1,0,4,3,2,0,0,49,1059.8377785859489,0.1,-2.7683333333333335
36.85,169,AV,2,3,0,3,11,0,0,53,2835.850686157305,0.1,-3.6850000000000005
42.28333333333333,249,AV,1,3,4,2,10,0,0,67,1444.5182772575097,0.1,-4.2283333333333335
35.86666666666667,298,AV,1,1,8,7,3,0,0,59,1993.780724220221,0.1,-3.586666666666667
24.816666666666666,52,AV,1,2,7,0,5,0,0,45,946.2003450753726,0.1,-2.481666666666667
21.5,18,AV,1,2,8,8,2,0,0,41,1527.6889462703334,0.2,-4.3
35.56666666666667,88,AV,1,3,4,4,7,0,0,57,1317.647826688136,0.2,-7.113333333333334
37.61666666666667,38,AV,2,3,2,9,3,0,0,51,5307.329693361759,0.1,-3.7616666666666667
17.616666666666667,214,AV,1,0,6,4,0,0,0,32,539.5213747330826,0.1,-1.7616666666666667
24.833333333333332,39,AV,1,0,7,6,5,0,0,44,600.3305173079323,0.3,-7.449999999999999
14.25,150,AV,1,2,5,1,0,0,0,27,2857.8751728516777,0.4,-5.7
16.966666666666665,289,AV,0,7,3,9,3,0,0,37,870.7377108213431,0.1,-1.6966666666666665
26.5,161,AV,1,0,9,1,5,0,0,48,6918.069898529506,0.1,-2.6500000000000004
44.85,92,AV,1,3,7,0,0,0,0,74,682.056612603955,0.5,-22.425
12.65,292,AV,1,3,4,2,13,0,0,12,2458.2611968747465,0.1,-1.2650000000000001
27.766666666666666,172,AV,1,0,9,3,0,0,0,50,6197.036257351283,0.1,-2.776666666666667
20.616666666666667,273,AV,1,1,5,2,12,0,0,38,5144.150368411208,0.1,-2.061666666666667
25.433333333333334,260,AV,0,7,2,1,16,0,0,56,4135.471393234625,0.1,-2.5433333333333334
21.25,144,AV,1,0,5,8,3,0,0,41,813.126641713825,0.1,-2.125
45.43333333333333,256,AV,2,0,3,8,0,0,0,73,5984.209260784091,0.2,-9.086666666666666
34.266666666666666,145,AV,1,2,5,3,7,0,0,57,5985.732437913218,0.1,-3.4266666666666667
39.78333333333333,119,AV,1,0,4,3,3,0,0,63,4343.557359248321,0.1,-3.9783333333333335
22.133333333333333,229,AV,0,6,0,8,6,0,0,51,4446.537177105173,0.4,-8.853333333333333
19.916666666666668,138,AV,1,0,4,3,3,0,0,37,10721.15711953896,0.1,-1.991666666666667
42.083333333333336,288,AV,1,1,8,7,1,0,0,66,5825.994272151124,0.1,-4.208333333333334
31.9,177,AV,1,1,8,7,1,0,0,53,542.8991684878858,0.1,-3.19
34.81666666666667,299,AV,2,1,3,6,4,0,0,53,10426.353459350525,0.1,-3.4816666666666674
10.316666666666666,124,AV,0,4,0,7,3,0,0,25,1386.7650627050614,0.2,-2.0633333333333335
31.683333333333334,131,AV,1,2,5,2,7,0,0,52,1404.912317929139,0.1,-3.1683333333333334
19.133333333333333,54,AV,1,2,7,0,20,0,0,36,1310.9401185904849,0.4,-7.653333333333333
36.18333333333333,82,AV,1,1,5,2,5,0,0,59,465.3670128771111,0.2,-7.236666666666666
22.85,22,AV,2,2,3,3,6,0,0,24,1046.6558973464134,0.1,-2.285
19.566666666666666,16,AV,1,3,5,4,6,0,0,39,7130.271245067938,0.4,-7.826666666666667
38.483333333333334,26,AV,1,1,5,2,10,0,0,63,1592.6375082496468,0.1,-3.8483333333333336
23.866666666666667,167,AV,0,9,9,1,2,0,0,55,2222.040577514192,0.2,-4.773333333333333
44.03333333333333,295,AV,1,3,4,2,3,0,0,74,3487.44186130441,0.2,-8.806666666666667
48.6,266,AV,2,0,0,3,5,0,0,74,19040.472291926453,0.1,-4.86
18.816666666666666,33,AV,0,8,5,7,4,0,0,40,8326.33528790118,0.1,-1.8816666666666668
30.7,226,AV,1,3,4,2,2,0,0,51,1659.6531244520008,0.1,-3.0700000000000003
36.583333333333336,189,AV,1,1,5,2,1,0,0,59,2052.607856914241,0.1,-3.6583333333333337
34.9,290,AV,2,1,3,5,2,0,0,45,586.3474640105957,0.5,-17.45
48.0,182,AV,2,2,3,3,5,0,0,83,2476.7673195544394,0.4,-19.200000000000003
42.333333333333336,284,AV,1,1,5,2,4,0,0,68,4660.29795945294,0.3,-12.700000000000001
26.516666666666666,12,AV,1,3,5,3,4,0,0,49,3031.4508351358254,0.1,-2.651666666666667
15.733333333333333,173,AV,1,0,4,3,1,0,0,25,3942.222625638348,0.2,-3.1466666666666665
15.533333333333333,121,AV,1,0,9,1,1,0,0,31,3427.0421228311798,0.2,-3.106666666666667
15.866666666666667,253,AV,2,3,0,3,8,0,0,0,5611.673516276995,0.3,-4.76
32.55,149,AV,0,8,4,2,13,0,0,65,2767.495209174315,0.1,-3.255
30.416666666666668,42,AV,2,3,2,3,28,0,0,46,2797.307504072895,0.1,-3.041666666666667
27.95,70,AV,1,1,8,7,0,0,0,50,1929.5758599688188,0.4,-11.18
32.46666666666667,170,AV,1,0,9,1,1,0,0,54,4113.319853961603,0.1,-3.246666666666667
42.81666666666667,281,AV,1,3,7,0,3,0,0,70,4459.768546990965,0.6,-25.69
36.78333333333333,153,AV,2,2,3,3,5,0,0,53,676.2529471816457,0.1,-3.6783333333333332
18.616666666666667,9,AV,1,1,9,4,1,0,0,35,1454.957177165027,0.1,-1.8616666666666668
11.95,123,AV,1,0,5,8,7,0,0,20,658.4091024775607,0.1,-1.195
14.733333333333333,168,AV,1,2,7,7,0,0,0,21,783.6834518391023,0.3,-4.42
15.1,29,AV,1,1,6,6,0,0,0,30,1567.0706205360798,0.1,-1.51
41.266666666666666,112,AV,1,3,5,3,6,0,0,65,1592.2311391495805,0.7,-28.886666666666663
32.31666666666667,216,AV,2,2,1,2,6,0,0,47,2108.868816674547,0.1,-3.2316666666666674
45.916666666666664,85,AV,1,0,4,3,5,0,0,82,3534.445695738256,0.1,-4.591666666666667
16.55,188,AV,1,1,5,5,3,0,0,34,2177.5877894542577,0.1,-1.6550000000000002
8.55,72,AV,0,8,7,8,12,0,0,23,11861.36896338871,0.1,-0.8550000000000001
26.083333333333332,296,AV,1,1,5,9,6,0,0,48,822.5771428470101,0.1,-2.6083333333333334
29.65,244,AV,1,0,4,3,3,0,0,52,3368.9508766880413,0.1,-2.965
20.516666666666666,98,AV,1,0,7,0,0,0,0,34,4959.361066312568,0.3,-6.154999999999999
27.9,268,AV,1,2,5,3,3,0,0,50,2574.4307659940623,0.1,-2.79
24.683333333333334,96,AV,2,2,3,1,6,0,0,30,1832.3133019091129,0.2,-4.936666666666667
26.016666666666666,297,AV,1,0,9,7,3,0,0,48,2815.231094880572,0.3,-7.805
37.483333333333334,235,AV,1,3,5,4,0,0,0,61,5427.330032863625,0.3,-11.245
28.45,147,AV,1,1,8,7,4,0,0,51,904.859336063587,0.3,-8.535
31.683333333333334,130,AV,1,0,9,1,3,0,0,54,2398.572127464108,0.1,-3.1683333333333334
44.18333333333333,17,AV,1,0,4,3,7,0,0,73,3919.41152379869,0.4,-17.673333333333332
20.0,293,AV,1,0,4,3,1,0,0,35,5913.041300376779,0.1,-2.0
22.966666666666665,255,AV,2,2,2,4,3,0,0,20,933.6906207466446,0.1,-2.2966666666666664
41.68333333333333,136,AV,1,1,5,0,1,0,0,65,854.5785374972068,0.3,-12.504999999999999
42.13333333333333,269,AV,1,0,4,2,2,0,0,68,1950.0200213032829,0.3,-12.639999999999999
15.983333333333333,183,AV,1,0,4,3,1,0,0,31,4818.617258984985,0.1,-1.5983333333333334
31.633333333333333,75,AV,1,2,6,2,0,0,0,52,7897.119961473183,0.3,-9.49
29.466666666666665,233,AV,1,3,7,0,3,0,0,51,2965.4163440895786,0.1,-2.9466666666666668
45.46666666666667,274,AV,1,1,8,7,5,0,0,81,6563.608435155774,0.1,-4.546666666666667
16.633333333333333,277,AV,1,3,4,1,2,0,0,32,1074.3823512953045,0.4,-6.653333333333333
17.533333333333335,200,AV,1,1,8,5,8,0,0,34,8987.033628468456,0.1,-1.7533333333333336
39.25,248,AV,1,3,5,3,2,0,0,64,610.4868582393152,0.2,-7.8500000000000005
32.666666666666664,127,AV,1,0,4,3,2,0,0,54,1945.516475481125,0.1,-3.2666666666666666
