travel_time,id,kind,action,bid_route_0,bid_route_1,bid_route_2,karma_balance,origin,destination,start_time,income,urgency,reward,observation,cost_table
26.883333333333333,242,AV,1,0,6,2,5,0,0,52,1348.5865378412918,0.1,-2.6883333333333335,"0.24068055555555556,0.2761762452107279,0.36000574712643674,0.1,0.52,0.06485675863549194,11.0","0,0,0"
25.5,205,AV,0,7,1,2,0,0,0,57,5807.233742044462,0.2,-5.1000000000000005,"0.28888636363636366,0.2729003436426117,0.35003968253968254,0.2,0.57,0.27928378830664774,7.0","0,0,0"
23.85,137,AV,1,2,9,7,5,0,0,37,5480.041794665195,0.1,-2.3850000000000002,"0.27159166666666673,0.2987474226804123,0.38512318840579707,0.1,0.37,0.26354834340696637,14.0","0,0,0"
6.983333333333333,43,AV,0,4,1,3,3,0,0,4,1275.6237969650936,0.7,-4.888333333333333,"0.24285833333333337,0.2360078431372549,0.3317285714285714,0.7,0.04,0.06134780556380672,7.0","0,0,0"
37.35,244,AV,1,1,9,1,3,0,0,99,2043.1688306873104,1.0,-37.35,"0.27674074074074073,0.27963736263736266,0.3746397849462366,1.0,0.99,0.09826088573860729,12.0","0,0,0"
37.45,102,AV,1,1,6,1,2,0,0,95,3608.770587345788,1.0,-37.45,"0.2620526315789474,0.2571368421052631,0.36544871794871797,1.0,0.95,0.17355442634701188,8.0","0,0,0"
34.96666666666667,123,AV,1,2,5,6,9,0,0,76,3017.17067826153,0.1,-3.496666666666667,"0.2991172839506173,0.2908689138576779,0.3727708333333333,0.1,0.76,0.14510296888720728,14.0","0,0,0"
32.86666666666667,157,AV,1,3,9,2,3,0,0,72,4559.760277629775,0.2,-6.573333333333334,"0.2600833333333333,0.2790333333333333,0.3661666666666667,0.2,0.72,0.21928979970044837,12.0","0,0,0"
21.533333333333335,171,AV,1,1,8,5,5,0,0,27,5825.994272151124,0.6,-12.92,"0.23263492063492067,0.24908333333333335,0.3313908045977012,0.6,0.27,0.28018602716107777,13.0","0,0,0"
34.6,289,AV,1,0,5,2,5,0,0,81,3882.59008652233,0.1,-3.4600000000000004,"0.3111228070175439,0.2942679324894515,0.37060416666666673,0.1,0.81,0.18672306229989,10.0","0,0,0"
35.733333333333334,131,AV,2,0,1,5,0,0,0,56,497.26542980048754,0.2,-7.146666666666667,"0.23908333333333331,0.2680166666666666,0.3488070175438597,0.2,0.56,0.023914686268460907,5.0","0,0,0"
19.016666666666666,295,AV,0,9,2,9,2,0,0,30,566.7055292848979,0.1,-1.9016666666666666,"0.2349469696969697,0.2539980158730159,0.3459264705882353,0.1,0.3,0.027254227073231246,11.0","0,0,0"
11.816666666666666,49,AV,1,3,4,3,2,0,0,3,1691.6338586686718,0.1,-1.1816666666666666,"0.24153703703703702,0.25680043859649127,0.3379999999999999,0.1,0.03,0.08135472644337755,6.0","0,0,0"
31.916666666666668,231,AV,2,2,3,3,6,0,0,51,783.6834518391023,0.2,-6.383333333333334,"0.31625,0.2609245614035088,0.35018,0.2,0.51,0.037689215379472674,6.0","0,0,0"
26.816666666666666,101,AV,1,1,4,0,6,0,0,55,2360.1328348572283,0.1,-2.6816666666666666,"0.29923333333333335,0.26960444444444454,0.38202777777777785,0.1,0.55,0.11350444433700012,10.0","0,0,0"
46.15,193,AV,0,5,7,6,4,0,0,98,6020.57275324985,0.2,-9.23,"0.2976822916666667,0.25865098039215684,0.3525144927536232,0.2,0.98,0.2895437726450875,9.0","0,0,0"
17.966666666666665,215,AV,1,0,5,2,5,0,0,15,10426.353459350525,0.2,-3.5933333333333333,"0.20534615384615384,0.23832242990654204,0.33269999999999994,0.2,0.15,0.5014283257223231,10.0","0,0,0"
35.8,66,AV,1,1,8,1,10,0,0,94,2946.490055333797,1.0,-35.8,"0.2542298850574713,0.28202597402597407,0.3737990196078431,1.0,0.94,0.14170376833700152,18.0","0,0,0"
24.983333333333334,48,AV,1,2,5,0,5,0,0,43,3301.717979419838,0.5,-12.491666666666667,"0.28708771929824567,0.2730144032921811,0.3660875,0.5,0.43,0.15878753054770403,10.0","0,0,0"
32.083333333333336,59,AV,1,2,4,2,2,0,0,73,7177.938863287724,0.3,-9.625,"0.2893768115942029,0.258060606060606,0.3389712643678161,0.3,0.73,0.345204282627472,6.0","0,0,0"
29.566666666666666,127,AV,1,1,4,0,12,0,0,61,8134.997760071039,0.2,-5.913333333333334,"0.22782456140350876,0.29767383512544804,0.3827976190476191,0.2,0.61,0.39123153866695837,16.0","0,0,0"
18.666666666666668,67,AV,1,3,7,7,7,0,0,16,1148.9174546898266,0.3,-5.6000000000000005,"0.27780769230769237,0.2625561594202898,0.33518181818181814,0.3,0.16,0.05525419389859809,14.0","0,0,0"
35.6,217,AV,2,2,3,0,7,0,0,32,6778.2755320215965,0.1,-3.5600000000000005,"0.2817440476190476,0.2884734299516908,0.3535057471264368,0.1,0.32,0.3259835151913118,7.0","0,0,0"
37.63333333333333,146,AV,1,3,4,5,7,0,0,100,1122.7546975855585,0.1,-3.7633333333333336,"0.2866944444444444,0.28821768707482986,0.34334444444444445,0.1,1.0,0.05399596420763093,11.0","0,0,0"
15.216666666666667,128,AV,1,0,5,0,0,0,0,5,9030.678864893336,0.1,-1.5216666666666667,"0.33513636363636373,0.29526626016260166,0.3694533333333333,0.1,0.05,0.4343069895926497,5.0","0,0,0"
19.233333333333334,134,AV,1,3,4,9,10,0,0,20,3257.969850357721,0.1,-1.9233333333333336,"0.27088690476190475,0.2886254901960784,0.39008641975308633,0.1,0.2,0.15668357817407447,14.0","0,0,0"
29.533333333333335,82,AV,1,3,4,9,6,0,0,64,14505.369879802229,0.7,-20.673333333333332,"0.26364705882352946,0.2793822463768116,0.36299358974358975,0.7,0.64,0.6975980011774241,10.0","0,0,0"
22.283333333333335,1,AV,1,2,6,5,1,0,0,26,2538.843693606908,0.4,-8.913333333333334,"0.22636021505376347,0.26889814814814816,0.34377027027027024,0.4,0.26,0.12209907783380393,7.0","0,0,0"
22.383333333333333,125,AV,1,2,6,5,7,0,0,33,3742.7752140142647,0.1,-2.2383333333333333,"0.24960937500000002,0.243761316872428,0.35520987654320985,0.1,0.33,0.17999902999980277,13.0","0,0,0"
35.95,153,AV,0,4,5,5,1,0,0,74,1797.659883656486,0.2,-7.190000000000001,"0.3244533333333333,0.2962988505747126,0.3981666666666666,0.2,0.74,0.08645377208765831,5.0","0,0,0"
21.416666666666668,94,AV,1,0,6,2,0,0,0,33,2318.2944376966047,0.7,-14.991666666666667,"0.22090277777777775,0.23657558139534884,0.30344666666666664,0.7,0.33,0.11149233554738845,6.0","0,0,0"
17.833333333333332,6,AV,1,0,5,5,0,0,0,12,3942.222625638348,0.3,-5.35,"0.2988733333333333,0.2620329218106996,0.37792647058823525,0.3,0.12,0.18959093402168548,5.0","0,0,0"
29.133333333333333,72,AV,0,6,2,2,0,0,0,60,5307.329693361759,0.3,-8.74,"0.27879166666666666,0.2637987804878049,0.34991666666666676,0.3,0.6,0.25524220453241103,6.0","0,0,0"
24.183333333333334,232,AV,1,0,5,5,1,0,0,44,825.4433072334436,0.1,-2.4183333333333334,"0.22363194444444445,0.24739138576779027,0.32289393939393946,0.1,0.44,0.039697546907310144,6.0","0,0,0"
25.583333333333332,245,AV,1,0,6,2,15,0,0,47,1751.9448432672848,0.1,-2.5583333333333336,"0.37792028985507253,0.2829392156862745,0.37100520833333334,0.1,0.47,0.0842552262343976,21.0","0,0,0"
33.05,203,AV,1,0,5,0,1,0,0,73,1100.389953660579,0.2,-6.609999999999999,"0.2080952380952381,0.24006249999999998,0.32483870967741935,0.2,0.73,0.052920390072797266,6.0","0,0,0"
20.016666666666666,252,AV,2,2,3,0,20,0,0,2,1148.2139867956057,0.1,-2.0016666666666665,"0.24886805555555555,0.25962403100775194,0.34967261904761904,0.1,0.02,0.05522036244162957,20.0","0,0,0"
19.966666666666665,70,AV,1,2,4,4,2,0,0,20,1778.835052690156,1.0,-19.966666666666665,"0.244962962962963,0.233927536231884,0.33202450980392156,1.0,0.2,0.08554844085078303,6.0","0,0,0"
15.516666666666667,188,AV,1,3,4,4,2,0,0,1,7658.5640246764915,0.3,-4.655,"0.3034712643678161,0.27493803418803414,0.3411612903225806,0.3,0.01,0.3683186985078447,6.0","0,0,0"
38.233333333333334,267,AV,1,0,4,0,1,0,0,100,1799.695682844959,0.1,-3.8233333333333337,"0.30285185185185187,0.2922203703703704,0.34590322580645166,0.1,1.0,0.0865516785496407,5.0","0,0,0"
34.03333333333333,266,AV,2,0,0,8,5,0,0,47,20793.30768626012,0.5,-17.016666666666666,"0.33463157894736845,0.32081737588652487,0.3861543209876544,0.5,0.47,1.0,13.0","0,0,0"
33.7,163,AV,1,2,5,1,0,0,0,83,2131.3254046090938,0.1,-3.3700000000000006,"0.21265277777777775,0.24281069958847737,0.3150151515151515,0.1,0.83,0.10250054665508744,5.0","0,0,0"
38.15,42,AV,2,1,2,6,4,0,0,55,2241.037238818388,0.1,-3.815,"0.30399333333333334,0.3089196787148594,0.37086363636363645,0.1,0.55,0.10777685169826198,10.0","0,0,0"
27.216666666666665,186,AV,1,3,4,5,7,0,0,52,1564.487892525026,0.5,-13.608333333333333,"0.25163492063492066,0.246763440860215,0.31466025641025647,0.5,0.52,0.07523997221273333,11.0","0,0,0"
39.46666666666667,34,AV,2,0,2,0,6,0,0,77,849.0657401736111,0.7,-27.626666666666665,"0.25112962962962965,0.27354121863799286,0.3445057471264368,0.7,0.77,0.040833606321069346,6.0","0,0,0"
10.166666666666666,265,AV,0,8,1,7,8,0,0,10,3159.4556453821087,0.4,-4.066666666666666,"0.3428148148148148,0.27285077519379847,0.37565942028985505,0.4,0.1,0.15194579395705407,16.0","0,0,0"
19.333333333333332,281,AV,2,1,0,1,10,0,0,3,2838.632091159661,0.5,-9.666666666666666,"0.22066666666666662,0.271977366255144,0.3701910569105691,0.5,0.03,0.13651662034681394,10.0","0,0,0"
36.13333333333333,151,AV,2,0,2,0,6,0,0,57,3236.647802754315,0.2,-7.226666666666667,"0.3750208333333333,0.30431754385964915,0.38792857142857146,0.2,0.57,0.1556581498042776,6.0","0,0,0"
33.06666666666667,209,AV,1,0,5,0,8,0,0,74,1249.5878531833848,0.2,-6.613333333333334,"0.27064000000000005,0.27283116883116887,0.3404747474747474,0.2,0.74,0.06009567462944302,13.0","0,0,0"
20.516666666666666,30,AV,0,9,2,4,9,0,0,39,2750.2432356670683,0.4,-8.206666666666667,"0.3093518518518519,0.2975046948356808,0.37307317073170737,0.4,0.39,0.13226578845290615,18.0","0,0,0"
33.85,81,AV,2,0,2,5,2,0,0,42,1267.69032506861,0.9,-30.465000000000003,"0.29270238095238094,0.2798701550387597,0.3554015151515152,0.9,0.42,0.0609662658868978,7.0","0,0,0"
22.566666666666666,65,AV,1,0,4,4,4,0,0,37,2137.1188228190404,0.6,-13.54,"0.26001111111111114,0.27339377289377287,0.37307575757575756,0.6,0.37,0.10277916602134513,8.0","0,0,0"
17.466666666666665,90,AV,0,4,2,2,1,0,0,23,1682.490559712908,0.4,-6.986666666666666,"0.2932348484848485,0.2571721014492753,0.35766000000000003,0.4,0.23,0.08091500328370894,5.0","0,0,0"
44.36666666666667,277,AV,0,4,0,8,7,0,0,97,2472.005569054355,0.2,-8.873333333333333,"0.23574666666666666,0.26885119047619055,0.3546000000000001,0.2,0.97,0.11888467223941558,11.0","0,0,0"
37.166666666666664,118,AV,1,1,6,2,1,0,0,95,2344.9936519099742,0.2,-7.433333333333334,"0.2886574074074074,0.2421111111111111,0.3329464285714286,0.2,0.95,0.11277636474640867,7.0","0,0,0"
46.06666666666667,201,AV,0,8,6,7,13,0,0,98,4135.471393234625,0.2,-9.213333333333335,"0.22427777777777777,0.233718253968254,0.32077619047619055,0.2,0.98,0.198884730396563,21.0","0,0,0"
42.36666666666667,89,AV,2,3,1,1,10,0,0,73,1823.811293294481,0.4,-16.94666666666667,"0.22994791666666664,0.26674810606060606,0.3353076923076923,0.4,0.73,0.08771145605177698,10.0","0,0,0"
29.6,162,AV,1,0,4,4,2,0,0,65,7099.697064525982,0.2,-5.920000000000001,"0.27960526315789475,0.26633966244725743,0.3341416666666667,0.2,0.65,0.3414414470102487,6.0","0,0,0"
17.833333333333332,185,AV,1,0,5,2,1,0,0,9,658.4091024775607,0.1,-1.7833333333333332,"0.32416666666666666,0.2675333333333333,0.3429920634920635,0.1,0.09,0.03166447168540803,6.0","0,0,0"
33.28333333333333,228,AV,1,0,4,0,2,0,0,76,3919.41152379869,0.2,-6.656666666666666,"0.3046979166666667,0.27212289562289566,0.36642,0.2,0.76,0.18849389346499082,6.0","0,0,0"
12.6,275,AV,1,1,5,5,2,0,0,4,1011.0784796502788,0.2,-2.52,"0.2486133333333333,0.2700519713261648,0.3369015151515151,0.2,0.04,0.04862518724321976,7.0","0,0,0"
37.21666666666667,256,AV,2,3,1,5,2,0,0,59,1117.0806745336297,0.1,-3.721666666666667,"0.24125641025641023,0.28079914529914535,0.3489712643678161,0.1,0.59,0.05372308684066549,7.0","0,0,0"
12.533333333333333,111,AV,1,0,5,0,2,0,0,4,632.5893922142865,0.1,-1.2533333333333334,"0.2488421052631579,0.23427439024390245,0.3382298850574713,0.1,0.04,0.030422739939172414,7.0","0,0,0"
29.416666666666668,95,AV,2,3,2,7,1,0,0,12,4572.8741748457805,1.0,-29.416666666666668,"0.24048275862068966,0.2789485294117647,0.3693837209302325,1.0,0.12,0.21992047844641197,8.0","0,0,0"
12.1,258,AV,1,3,4,5,5,0,0,0,457.16351791608827,0.6,-7.26,"0.32545833333333335,0.304475,0.38316145833333337,0.6,0.0,0.021986089217454062,9.0","0,0,0"
14.95,191,AV,1,3,8,6,0,0,0,3,2675.3892374750885,0.1,-1.495,"0.2632283950617284,0.2647992424242424,0.37420000000000003,0.1,0.03,0.1286658802843062,8.0","0,0,0"
25.183333333333334,16,AV,1,2,5,0,5,0,0,48,7332.887514065835,0.1,-2.5183333333333335,"0.21534848484848484,0.24848731884057973,0.3390000000000001,0.1,0.48,0.3526561345942708,10.0","0,0,0"
29.866666666666667,97,AV,2,2,0,9,22,0,0,19,5911.733280178027,0.3,-8.959999999999999,"0.2839166666666667,0.2552808988764045,0.36038571428571425,0.3,0.19,0.28430942153971994,31.0","0,0,0"
25.583333333333332,161,AV,1,3,4,9,14,0,0,50,1244.4027248274256,0.2,-5.116666666666667,"0.23548214285714286,0.27643023255813953,0.339025641025641,0.2,0.5,0.05984630938009477,18.0","0,0,0"
21.7,279,AV,2,3,2,6,0,0,0,6,3393.6426315430986,0.4,-8.68,"0.2488333333333333,0.2607826086956522,0.3302222222222222,0.4,0.06,0.1632084073754924,6.0","0,0,0"
33.7,5,AV,2,2,3,2,5,0,0,56,15387.119225735782,0.9,-30.330000000000002,"0.28356250000000005,0.28175949367088615,0.35216666666666674,0.9,0.56,0.7400034404292175,5.0","0,0,0"
42.63333333333333,38,AV,0,4,7,6,4,0,0,89,2011.9739719035176,0.2,-8.526666666666667,"0.2545757575757575,0.24819746376811597,0.3761153846153846,0.2,0.89,0.09676065021790628,8.0","0,0,0"
17.133333333333333,87,AV,0,5,7,7,6,0,0,30,1447.5744631551047,0.1,-1.7133333333333334,"0.2237708333333333,0.23794956140350876,0.36329487179487174,0.1,0.3,0.06961732519889745,11.0","0,0,0"
30.633333333333333,46,AV,0,7,1,1,7,0,0,67,601.3137559373858,0.9,-27.57,"0.28501923076923075,0.24452325581395346,0.34003999999999995,0.9,0.67,0.028918619635236016,14.0","0,0,0"
19.466666666666665,147,AV,1,3,7,7,0,0,0,16,1836.3970218708375,0.1,-1.9466666666666665,"0.27414743589743595,0.26081300813008135,0.3470572916666667,0.1,0.16,0.08831673390204767,7.0","0,0,0"
27.9,216,AV,1,2,4,2,2,0,0,57,5702.891177591027,0.2,-5.58,"0.22015972222222221,0.2538759259259259,0.33903999999999995,0.2,0.57,0.27426570431405706,6.0","0,0,0"
24.633333333333333,13,AV,1,1,4,0,1,0,0,42,2108.868816674547,1.0,-24.633333333333333,"0.21204166666666666,0.29515060240963853,0.3462549019607843,1.0,0.42,0.10142055552171977,5.0","0,0,0"
36.2,17,AV,1,3,4,4,3,0,0,90,950.4213588862824,0.5,-18.1,"0.3555370370370371,0.31578546099290783,0.39704166666666657,0.5,0.9,0.04570804093445438,7.0","0,0,0"
28.433333333333334,229,AV,1,0,5,0,1,0,0,59,1628.9397076974285,0.8,-22.74666666666667,"0.2661086956521739,0.24981007751937986,0.3365376344086022,0.8,0.59,0.07833961446998668,6.0","0,0,0"
17.583333333333332,292,AV,1,2,5,6,1,0,0,14,1564.4426034616197,0.1,-1.7583333333333333,"0.21803125,0.2847134831460674,0.3706190476190476,0.1,0.14,0.07523779415313409,6.0","0,0,0"
16.6,62,AV,1,3,4,9,9,0,0,13,1104.4445206976068,0.2,-3.3200000000000003,"0.22876923076923072,0.22812982456140354,0.3417807017543859,0.2,0.13,0.05311538391880796,13.0","0,0,0"
37.03333333333333,106,AV,2,1,2,6,0,0,0,41,14312.770160915026,0.1,-3.703333333333333,"0.23586111111111108,0.2581428571428572,0.3488958333333333,0.1,0.41,0.6883354191104801,6.0","0,0,0"
18.6,159,AV,1,2,4,2,11,0,0,16,961.7772661313056,0.4,-7.440000000000001,"0.25806790123456785,0.24258812260536394,0.33574999999999994,0.4,0.16,0.04625417372950396,15.0","0,0,0"
44.28333333333333,50,AV,2,0,2,2,5,0,0,86,491.8679742725259,0.2,-8.856666666666667,"0.24366666666666667,0.2595811965811966,0.3430913978494623,0.2,0.86,0.023655109696546463,5.0","0,0,0"
20.583333333333332,51,AV,1,3,4,9,10,0,0,22,3101.095365071405,0.1,-2.058333333333333,"0.3145526315789474,0.2507685185185185,0.3432692307692308,0.1,0.22,0.14913910821030935,14.0","0,0,0"
15.583333333333334,276,AV,1,1,8,1,10,0,0,10,2964.6777926145683,0.1,-1.5583333333333336,"0.27477450980392154,0.2649868913857677,0.33391954022988507,0.1,0.1,0.14257846021167567,18.0","0,0,0"
32.166666666666664,144,AV,2,1,1,7,5,0,0,29,2401.1770329784995,0.1,-3.216666666666667,"0.32395833333333335,0.2869465020576132,0.3829190476190476,0.1,0.29,0.11547835819142706,12.0","0,0,0"
28.7,213,AV,1,3,4,9,7,0,0,57,2218.7455195521825,0.4,-11.48,"0.2445,0.2608164556962025,0.336764367816092,0.4,0.57,0.1067047894942801,11.0","0,0,0"
30.4,10,AV,2,1,1,2,13,0,0,29,969.457736312404,0.8,-24.32,"0.23587500000000003,0.27339759036144584,0.35527222222222227,0.8,0.29,0.04662354594757456,13.0","0,0,0"
29.533333333333335,19,AV,1,0,5,0,2,0,0,66,6197.036257351283,0.1,-2.9533333333333336,"0.3030333333333333,0.29003804347826084,0.36393452380952385,0.1,0.66,0.2980303254708333,7.0","0,0,0"
31.3,167,AV,1,3,4,4,4,0,0,71,3628.2404526711953,0.1,-3.1300000000000003,"0.3270196078431372,0.2732736842105263,0.36019642857142864,0.1,0.71,0.17449077883210845,8.0","0,0,0"
31.65,183,AV,1,1,7,5,1,0,0,66,2580.565825479665,0.7,-22.154999999999998,"0.2276527777777778,0.25475968992248066,0.33190833333333336,0.7,0.66,0.12410559514707999,8.0","0,0,0"
38.733333333333334,224,AV,2,2,3,0,12,0,0,73,7912.643587116454,0.1,-3.8733333333333335,"0.22054629629629627,0.23143777777777783,0.3368809523809524,0.1,0.73,0.38053799359420826,12.0","0,0,0"
12.1,233,AV,0,5,8,7,6,0,0,15,1261.43865123121,0.5,-6.05,"0.30719565217391304,0.2434230769230769,0.3529102564102564,0.5,0.15,0.060665607909257666,11.0","0,0,0"
26.1,274,AV,1,0,6,2,1,0,0,49,623.7253316558669,0.7,-18.27,"0.25268333333333337,0.2530625,0.3194833333333333,0.7,0.49,0.02999644602325653,7.0","0,0,0"
35.18333333333333,290,AV,1,0,8,4,3,0,0,85,2927.9701715656583,0.1,-3.518333333333333,"0.22978735632183905,0.2652860082304527,0.35499425287356323,0.1,0.85,0.14081310274172557,11.0","0,0,0"
19.75,296,AV,1,3,4,3,1,0,0,17,2953.761118311176,0.1,-1.975,"0.2713333333333333,0.2881170634920635,0.38742222222222233,0.1,0.17,0.14205345118145746,5.0","0,0,0"
27.516666666666666,236,AV,0,6,5,2,18,0,0,60,1017.530975349866,0.5,-13.758333333333333,"0.1915925925925926,0.25125,0.2870066666666667,0.5,0.6,0.048935503225503364,24.0","0,0,0"
22.033333333333335,178,AV,0,7,7,9,2,0,0,44,1141.0395517097602,1.0,-22.033333333333335,"0.23089130434782607,0.2486046511627907,0.3250376344086021,1.0,0.44,0.054875326664056465,9.0","0,0,0"
23.983333333333334,117,AV,1,2,6,4,3,0,0,40,2123.4400354784907,0.7,-16.788333333333334,"0.17748717948717949,0.22873837209302322,0.2915933333333333,0.7,0.4,0.1021213203554731,9.0","0,0,0"
23.65,53,AV,2,0,1,5,4,0,0,4,854.5785374972068,0.4,-9.459999999999999,"0.30062121212121207,0.2764223484848486,0.3368944444444445,0.4,0.04,0.04109872995636468,9.0","0,0,0"
24.75,31,AV,1,3,5,0,1,0,0,45,437.8567856598078,0.2,-4.95,"0.30482608695652175,0.267313725490196,0.36227604166666666,0.2,0.45,0.021057582192617507,6.0","0,0,0"
31.283333333333335,170,AV,2,3,3,1,5,0,0,22,2033.019749384408,0.1,-3.128333333333334,"0.21580434782608698,0.24248674242424248,0.34061494252873564,0.1,0.22,0.0977727920954007,5.0","0,0,0"
48.016666666666666,20,AV,0,5,5,3,1,0,0,98,863.3540159882258,0.4,-19.206666666666667,"0.3519343434343434,0.3062215189873418,0.3951904761904762,0.4,0.98,0.04152076374836295,6.0","0,0,0"
30.383333333333333,44,AV,2,2,3,0,11,0,0,33,1200.7903182940884,0.8,-24.30666666666667,"0.22005555555555556,0.2410632183908046,0.32467708333333334,0.8,0.33,0.057748884228147654,11.0","0,0,0"
35.6,142,AV,1,0,5,0,1,0,0,85,10838.007207066395,0.1,-3.5600000000000005,"0.24807017543859647,0.27886516853932586,0.35744642857142855,0.1,0.85,0.5212257410218565,6.0","0,0,0"
32.81666666666667,165,AV,1,2,9,0,3,0,0,78,1020.7360413649084,0.2,-6.563333333333334,"0.29855263157894735,0.2600793650793651,0.34795512820512825,0.2,0.78,0.04908964253144747,12.0","0,0,0"
44.166666666666664,155,AV,0,7,7,9,5,0,0,95,3024.224513765153,0.1,-4.416666666666667,"0.18254347826086956,0.22262804878048784,0.291515873015873,0.1,0.95,0.1454422047418416,12.0","0,0,0"
34.416666666666664,158,AV,1,2,4,2,2,0,0,77,3368.9508766880413,0.5,-17.208333333333332,"0.2579166666666667,0.2509017543859649,0.3479513888888889,0.5,0.77,0.16202092170810273,6.0","0,0,0"
13.866666666666667,63,AV,0,4,0,8,7,0,0,19,1386.7650627050614,0.1,-1.3866666666666667,"0.26144871794871793,0.26860227272727266,0.3522628205128205,0.1,0.19,0.06669285539507566,11.0","0,0,0"
30.6,206,AV,1,3,4,4,4,0,0,70,2850.5966631146844,0.2,-6.120000000000001,"0.2697058823529412,0.2918388888888889,0.3781666666666667,0.2,0.7,0.13709202528649697,8.0","0,0,0"
18.066666666666666,202,AV,1,1,4,0,12,0,0,15,1664.0464513081895,0.7,-12.646666666666667,"0.2916180555555555,0.2697621951219512,0.346625,0.7,0.15,0.08002798190726358,16.0","0,0,0"
31.5,55,AV,1,1,6,1,8,0,0,72,3630.005597296026,0.2,-6.300000000000001,"0.26852272727272725,0.26126819923371647,0.3506129032258064,0.2,0.72,0.17457566886747292,14.0","0,0,0"
32.56666666666667,280,AV,1,1,7,4,6,0,0,76,4237.057085974603,0.1,-3.2566666666666673,"0.2661794871794872,0.28385483870967737,0.3561031746031746,0.1,0.76,0.20377022982131804,13.0","0,0,0"
40.983333333333334,288,AV,2,1,3,6,2,0,0,72,1338.7213376931895,0.6,-24.59,"0.23041111111111115,0.25720881226053643,0.3782440476190476,0.6,0.72,0.06438231751737097,8.0","0,0,0"
30.55,8,AV,2,3,3,7,6,0,0,40,2187.718469250836,0.2,-6.11,"0.2690987654320988,0.25399612403100774,0.3300864197530864,0.2,0.4,0.10521262428567076,13.0","0,0,0"
23.95,47,AV,1,0,4,4,3,0,0,43,1794.439334206041,0.1,-2.395,"0.22204347826086956,0.24548484848484847,0.32443333333333335,0.1,0.43,0.08629888814619799,7.0","0,0,0"
37.416666666666664,41,AV,0,6,2,6,13,0,0,83,1457.5875839824732,0.2,-7.483333333333333,"0.3135,0.3071351851851852,0.3777533333333334,0.2,0.83,0.07009888017699192,19.0","0,0,0"
16.816666666666666,293,AV,1,2,5,0,3,0,0,9,2722.266725979925,0.2,-3.3633333333333333,"0.18096666666666664,0.23388068181818183,0.32391176470588234,0.2,0.09,0.13092033105337805,8.0","0,0,0"
24.633333333333333,211,AV,1,3,4,4,3,0,0,41,2891.134206742707,0.3,-7.39,"0.17874242424242426,0.23412596899224808,0.29335507246376813,0.3,0.41,0.13904157291209238,7.0","0,0,0"
6.95,143,AV,0,7,1,3,8,0,0,7,1496.328062426438,0.1,-0.6950000000000001,"0.18904629629629632,0.2548446969696971,0.3188186274509804,0.1,0.07,0.0719620026310286,15.0","0,0,0"
46.36666666666667,109,AV,2,2,0,4,2,0,0,99,1404.912317929139,0.2,-9.273333333333333,"0.2791083333333333,0.28724313725490197,0.3613476190476191,0.2,0.99,0.06756560039062387,6.0","0,0,0"
5.316666666666666,298,AV,0,8,4,7,3,0,0,1,8139.327108000771,0.6,-3.19,"0.26347916666666665,0.2523966244725738,0.3175722222222222,0.6,0.01,0.39143974738464077,11.0","0,0,0"
25.716666666666665,113,AV,2,1,2,2,7,0,0,1,7958.958807233507,0.1,-2.5716666666666668,"0.23286458333333335,0.2506666666666667,0.34600900900900905,0.1,0.01,0.38276540352897576,7.0","0,0,0"
39.7,57,AV,2,2,3,0,13,0,0,65,822.5771428470101,0.2,-7.940000000000001,"0.2844126984126984,0.2669674796747967,0.3318378378378379,0.2,0.65,0.039559706192899544,13.0","0,0,0"
15.333333333333334,85,AV,1,3,4,4,2,0,0,5,1942.5668635563816,0.1,-1.5333333333333334,"0.22604761904761908,0.24630036630036628,0.32736956521739125,0.1,0.05,0.09342269603599423,6.0","0,0,0"
30.15,54,AV,1,3,7,7,3,0,0,67,7572.106998522375,0.1,-3.015,"0.2486666666666667,0.27773255813953485,0.3335675675675676,0.1,0.67,0.3641607729166582,10.0","0,0,0"
32.5,133,AV,0,9,2,6,9,0,0,71,5849.7981009167725,0.4,-13.0,"0.23325000000000004,0.25650222222222224,0.357983870967742,0.4,0.71,0.28133081033481866,18.0","0,0,0"
45.1,86,AV,2,0,3,2,7,0,0,98,1783.933402668827,0.2,-9.020000000000001,"0.3224561403508772,0.2974938271604939,0.37266666666666665,0.2,0.98,0.0857936327199939,7.0","0,0,0"
20.033333333333335,9,AV,1,1,8,9,1,0,0,22,2294.767722006211,0.1,-2.0033333333333334,"0.32087499999999997,0.2729833333333333,0.37374444444444443,0.1,0.22,0.11036087940556741,9.0","0,0,0"
8.9,149,AV,0,4,2,6,8,0,0,7,1597.8734280578535,0.2,-1.7800000000000002,"0.2846666666666667,0.2765815217391305,0.36202,0.2,0.07,0.07684556262848466,12.0","0,0,0"
28.616666666666667,198,AV,2,1,1,2,18,0,0,32,2629.980017260476,0.1,-2.861666666666667,"0.27366,0.2722833333333333,0.36024761904761904,0.1,0.32,0.12648204205617194,18.0","0,0,0"
43.483333333333334,299,AV,2,1,3,1,6,0,0,97,1167.011530479414,0.6,-26.09,"0.22141025641025638,0.24054166666666663,0.32425,0.6,0.97,0.0561243813676915,6.0","0,0,0"
23.8,150,AV,2,2,2,1,7,0,0,11,1342.087988935639,0.1,-2.3800000000000003,"0.24915217391304348,0.26086075949367094,0.34594298245614036,0.1,0.11,0.06454422784415724,7.0","0,0,0"
20.566666666666666,294,AV,1,3,7,7,9,0,0,25,2421.0391237858234,0.1,-2.0566666666666666,"0.22802,0.2533082437275985,0.3205583333333333,0.1,0.25,0.11643357373995898,16.0","0,0,0"
18.0,249,AV,1,1,5,5,3,0,0,14,8480.737499651503,1.0,-18.0,"0.3053787878787879,0.28747450980392153,0.361550505050505,1.0,0.14,0.407858991345347,8.0","0,0,0"
21.25,23,AV,1,3,5,6,6,0,0,23,7864.29237148983,0.8,-17.0,"0.21208333333333335,0.22820740740740741,0.3410166666666667,0.8,0.23,0.37821266775590623,11.0","0,0,0"
44.36666666666667,75,AV,2,2,2,7,5,0,0,78,3487.44186130441,0.1,-4.4366666666666665,"0.27861538461538465,0.28892673992673995,0.37387820512820513,0.1,0.78,0.16771943713451876,12.0","0,0,0"
19.4,237,AV,1,2,4,2,20,0,0,14,3783.636689084741,0.2,-3.88,"0.27702272727272725,0.2791300366300367,0.3527407407407408,0.2,0.14,0.18196415626480184,24.0","0,0,0"
48.43333333333333,271,AV,2,1,2,1,10,0,0,97,4645.51881630073,0.2,-9.686666666666667,"0.275968253968254,0.23195348837209306,0.3416231884057972,0.2,0.97,0.22341413335457028,10.0","0,0,0"
35.483333333333334,221,AV,1,3,7,0,6,0,0,88,3386.12741774329,0.1,-3.548333333333334,"0.2263412698412698,0.2473483146067416,0.3255833333333334,0.1,0.88,0.16284698273285247,13.0","0,0,0"
28.616666666666667,148,AV,2,2,0,0,11,0,0,15,3046.5766145774583,0.2,-5.723333333333334,"0.2826521739130435,0.25363703703703705,0.3261604938271605,0.2,0.15,0.14651717083908622,11.0","0,0,0"
23.983333333333334,285,AV,1,1,5,2,0,0,0,44,5144.150368411208,0.1,-2.3983333333333334,"0.307927536231884,0.2692420634920635,0.36077536231884055,0.1,0.44,0.2473945197189757,5.0","0,0,0"
15.016666666666667,84,AV,1,2,4,2,2,0,0,6,5009.92015912814,0.7,-10.511666666666667,"0.2691140350877193,0.2756877192982456,0.3570384615384615,0.7,0.06,0.24093906725761643,6.0","0,0,0"
33.81666666666667,14,AV,2,0,2,2,7,0,0,47,1782.711710770346,0.2,-6.7633333333333345,"0.31177499999999997,0.2824176470588235,0.3697761904761905,0.2,0.47,0.08573487862868172,7.0","0,0,0"
36.88333333333333,7,AV,1,1,5,5,9,0,0,92,5051.78348307234,0.1,-3.6883333333333335,"0.2905069444444444,0.2859824561403509,0.3624791666666667,0.1,0.92,0.24295237483598997,14.0","0,0,0"
36.15,189,AV,2,1,3,1,6,0,0,64,1929.5758599688188,0.1,-3.615,"0.24940666666666667,0.2536004016064257,0.3155416666666666,0.1,0.64,0.09279792753915007,6.0","0,0,0"
28.583333333333332,283,AV,1,3,7,7,1,0,0,56,1592.2311391495805,0.1,-2.8583333333333334,"0.21145614035087718,0.2815670498084291,0.33861111111111114,0.1,0.56,0.07657421143254188,8.0","0,0,0"
47.53333333333333,250,AV,2,2,0,6,5,0,0,84,1927.298426803608,0.9,-42.78,"0.17791304347826084,0.218921052631579,0.31742276422764226,0.9,0.84,0.0926884003201249,11.0","0,0,0"
26.516666666666666,130,AV,1,1,8,0,9,0,0,47,2853.537244729806,0.3,-7.954999999999999,"0.2762820512820513,0.26174398625429557,0.35294666666666663,0.3,0.47,0.13723344490378397,17.0","0,0,0"
32.266666666666666,154,AV,0,6,8,9,5,0,0,71,522.2875039790788,0.2,-6.453333333333333,"0.2855583333333333,0.25215863453815257,0.3487083333333334,0.2,0.71,0.025118057783764625,11.0","0,0,0"
23.75,129,AV,1,3,9,2,6,0,0,40,1717.0377309640771,0.3,-7.125,"0.21770512820512822,0.24609523809523812,0.33922222222222226,0.3,0.4,0.08257645954513855,15.0","0,0,0"
32.56666666666667,227,AV,1,0,9,9,5,0,0,74,736.5379020629116,0.2,-6.5133333333333345,"0.18638235294117644,0.23442346938775505,0.3057933333333333,0.2,0.74,0.03542187290142414,14.0","0,0,0"
30.033333333333335,145,AV,2,1,2,5,1,0,0,32,7081.334819999852,0.1,-3.003333333333334,"0.3183444444444445,0.28755376344086014,0.38409876543209875,0.1,0.32,0.34055836266392014,6.0","0,0,0"
36.333333333333336,40,AV,2,2,1,0,5,0,0,49,2010.868248891871,0.1,-3.6333333333333337,"0.25686538461538455,0.2531744186046512,0.3363188405797101,0.1,0.49,0.0967074733482937,5.0","0,0,0"
20.833333333333332,255,AV,1,0,7,4,7,0,0,29,954.0002559944874,0.1,-2.0833333333333335,"0.2545483870967742,0.2661171171171171,0.3572266666666667,0.1,0.29,0.045880158673594545,14.0","0,0,0"
13.866666666666667,297,AV,0,4,3,6,2,0,0,16,2293.603195459698,0.4,-5.546666666666667,"0.25971428571428573,0.25830303030303037,0.3286612903225807,0.4,0.16,0.11030487453303418,6.0","0,0,0"
18.833333333333332,168,AV,1,1,4,0,2,0,0,19,1275.9312017726234,0.8,-15.066666666666666,"0.22395833333333337,0.28055166666666664,0.37460833333333327,0.8,0.19,0.06136258939772906,6.0","0,0,0"
42.13333333333333,257,AV,2,0,0,7,6,0,0,78,1950.0200213032829,0.1,-4.213333333333334,"0.3248947368421053,0.31142261904761903,0.3855495495495497,0.1,0.78,0.09378113625432592,13.0","0,0,0"
15.4,99,AV,0,4,5,5,6,0,0,20,4967.653125719208,0.5,-7.7,"0.26395098039215686,0.26459999999999995,0.3585263157894737,0.5,0.2,0.2389063443235514,10.0","0,0,0"
5.65,223,AV,0,4,2,3,6,0,0,1,2530.9644311939346,0.6,-3.39,"0.20794202898550726,0.27500625,0.3424324324324324,0.6,0.01,0.12172014522087579,10.0","0,0,0"
32.13333333333333,212,AV,2,0,0,6,4,0,0,19,932.0432837729122,0.5,-16.066666666666666,"0.24585833333333335,0.291061507936508,0.3544166666666667,0.5,0.19,0.04482419525724574,10.0","0,0,0"
14.2,225,AV,1,1,5,5,2,0,0,6,2758.442965787371,0.5,-7.1,"0.1831491228070175,0.2451037037037037,0.30048,0.5,0.06,0.13266013312591463,7.0","0,0,0"
16.466666666666665,69,AV,1,2,4,2,10,0,0,9,1291.2118623687816,0.1,-1.6466666666666665,"0.23295833333333338,0.24676829268292685,0.3183833333333333,0.1,0.09,0.062097472987522495,14.0","0,0,0"
26.633333333333333,268,AV,1,3,6,5,0,0,0,49,6446.254396158338,0.1,-2.6633333333333336,"0.2474135802469136,0.2508492063492064,0.34083333333333343,0.1,0.49,0.3100158230437728,6.0","0,0,0"
29.25,108,AV,2,2,3,4,9,0,0,18,449.0833195935783,0.4,-11.700000000000001,"0.35935964912280705,0.3116901960784314,0.3860277777777778,0.4,0.18,0.021597493115072083,13.0","0,0,0"
32.0,22,AV,1,0,4,4,1,0,0,71,861.805442805673,0.1,-3.2,"0.2662115384615385,0.2364345238095238,0.30246666666666666,0.1,0.71,0.04144628915269407,5.0","0,0,0"
25.9,33,AV,1,3,4,3,9,0,0,48,6918.069898529506,0.2,-5.18,"0.31603333333333333,0.2795575396825397,0.35595238095238096,0.2,0.48,0.33270656130870674,13.0","0,0,0"
12.533333333333333,181,AV,1,0,4,4,3,0,0,2,2283.7291705859197,0.1,-1.2533333333333334,"0.26999999999999996,0.2845421245421246,0.3702463768115943,0.1,0.02,0.10983000901270609,7.0","0,0,0"
46.11666666666667,160,AV,2,0,0,7,0,0,0,99,802.5586880039084,0.2,-9.223333333333334,"0.28399166666666664,0.28555172413793106,0.3560858585858586,0.2,0.99,0.038596970723144074,7.0","0,0,0"
30.866666666666667,287,AV,2,2,0,9,3,0,0,35,2218.0502812558643,0.1,-3.086666666666667,"0.24421264367816092,0.2678541666666667,0.33917741935483875,0.1,0.35,0.10667135381839783,12.0","0,0,0"
36.983333333333334,234,AV,2,0,0,7,5,0,0,64,1888.2149669861096,0.2,-7.396666666666667,"0.33705128205128204,0.312709349593496,0.3875052083333334,0.2,0.64,0.09080878306984375,12.0","0,0,0"
41.1,284,AV,0,4,5,5,8,0,0,87,2302.618320259251,0.8,-32.88,"0.26715079365079364,0.28569696969696967,0.3420583333333333,0.8,0.87,0.11073843349034766,12.0","0,0,0"
32.7,196,AV,1,2,9,7,3,0,0,71,1294.2551843223837,1.0,-32.7,"0.30350980392156857,0.3262577519379846,0.36720987654320986,1.0,0.71,0.062243833633915134,12.0","0,0,0"
28.65,77,AV,1,1,6,2,2,0,0,61,7006.371100745904,0.1,-2.865,"0.23228787878787877,0.256503663003663,0.35667283950617285,0.1,0.61,0.33695317774649197,8.0","0,0,0"
15.983333333333333,166,AV,1,3,4,4,1,0,0,4,814.1496548969513,0.3,-4.795,"0.19951515151515145,0.23837445887445888,0.31138333333333335,0.3,0.04,0.039154408100012306,5.0","0,0,0"
34.333333333333336,197,AV,2,1,1,2,5,0,0,53,4689.4303597647895,0.1,-3.4333333333333336,"0.25230666666666673,0.2634734848484849,0.3536913580246913,0.1,0.53,0.22552594471842924,5.0","0,0,0"
22.716666666666665,107,AV,1,3,7,7,12,0,0,39,1485.5718097438446,1.0,-22.716666666666665,"0.3017407407407407,0.25877108433734936,0.36626470588235294,1.0,0.39,0.07144470866102204,19.0","0,0,0"
27.816666666666666,140,AV,1,3,4,9,7,0,0,52,2411.397471856681,0.1,-2.7816666666666667,"0.1434318181818182,0.23926388888888891,0.3432843137254903,0.1,0.52,0.11596988359144483,11.0","0,0,0"
15.716666666666667,71,AV,0,4,6,2,2,0,0,20,572.7967315704935,0.3,-4.715,"0.23837254901960786,0.24143699186991874,0.3179301075268817,0.3,0.2,0.027547167589358008,6.0","0,0,0"
34.46666666666667,60,AV,2,1,3,4,6,0,0,34,3119.7161673652217,0.4,-13.786666666666669,"0.2874736842105263,0.3101062499999999,0.3814512195121951,0.4,0.34,0.1500346272193471,10.0","0,0,0"
45.233333333333334,192,AV,2,1,1,2,5,0,0,87,818.0604611907775,0.3,-13.57,"0.2863666666666667,0.24226767676767674,0.3107314814814815,0.3,0.87,0.03934248814734457,5.0","0,0,0"
22.766666666666666,88,AV,1,3,7,7,4,0,0,39,763.1985099142711,0.1,-2.276666666666667,"0.2644166666666667,0.2659796296296296,0.3235362318840579,0.1,0.39,0.03670404542797105,11.0","0,0,0"
22.766666666666666,83,AV,1,2,6,5,1,0,0,28,2335.4036410281064,0.2,-4.553333333333334,"0.3421833333333333,0.2962088122605364,0.3578080808080808,0.2,0.28,0.1123151581396212,7.0","0,0,0"
19.8,173,AV,1,1,5,2,2,0,0,18,914.1934345695068,0.6,-11.88,"0.22110526315789467,0.23888224637681155,0.3063390804597701,0.6,0.18,0.04396575322999674,7.0","0,0,0"
37.06666666666667,135,AV,1,3,5,7,3,0,0,95,1282.6858023855964,0.2,-7.413333333333334,"0.2547884615384616,0.2724770833333333,0.33342105263157895,0.2,0.95,0.06168743432932387,8.0","0,0,0"
36.96666666666667,78,AV,2,2,1,0,21,0,0,57,13351.937436366714,0.5,-18.483333333333334,"0.2514642857142857,0.27300340136054424,0.33076543209876547,0.5,0.57,0.6421266706493964,21.0","0,0,0"
11.783333333333333,243,AV,1,3,4,4,4,0,0,0,3132.463358685509,0.1,-1.1783333333333335,"0.30435294117647066,0.26365873015873015,0.3361919191919192,0.1,0.0,0.150647670199936,8.0","0,0,0"
41.55,172,AV,2,2,3,1,15,0,0,90,670.158540600369,0.1,-4.155,"0.24864942528735626,0.2787037037037037,0.33362068965517244,0.1,0.9,0.032229530323508795,15.0","0,0,0"
23.733333333333334,139,AV,1,0,5,0,3,0,0,39,513.3463032142733,0.2,-4.746666666666667,"0.25102,0.2804071969696969,0.3625987654320988,0.2,0.39,0.024688054010448962,8.0","0,0,0"
25.65,120,AV,1,1,4,2,5,0,0,45,932.1411738504048,0.3,-7.694999999999999,"0.21086231884057974,0.24388888888888885,0.3433802083333333,0.3,0.45,0.04482890302567631,9.0","0,0,0"
33.833333333333336,68,AV,1,0,5,9,4,0,0,80,508.6019702527906,0.2,-6.7666666666666675,"0.22820833333333337,0.29159003831417624,0.36089189189189186,0.2,0.8,0.024459887668034006,9.0","0,0,0"
21.8,26,AV,1,3,8,6,0,0,0,35,968.7072844723906,1.0,-21.8,"0.3086296296296297,0.30074259259259256,0.3850885416666667,1.0,0.35,0.04658745492005087,8.0","0,0,0"
33.88333333333333,45,AV,1,1,6,1,12,0,0,73,806.3598325453933,0.5,-16.941666666666666,"0.1645555555555556,0.23292021276595748,0.33485606060606066,0.5,0.73,0.03877977687399022,18.0","0,0,0"
17.716666666666665,169,AV,1,0,5,0,4,0,0,14,946.2003450753726,0.2,-3.543333333333333,"0.24853508771929825,0.26297154471544715,0.3391979166666667,0.2,0.14,0.04550504226418034,9.0","0,0,0"
28.433333333333334,273,AV,1,0,5,0,1,0,0,56,3958.913906791885,0.1,-2.8433333333333337,"0.31866666666666665,0.2950441767068273,0.35387499999999994,0.1,0.56,0.1903936577347851,6.0","0,0,0"
35.2,184,AV,1,3,4,5,4,0,0,77,3278.222126324269,0.2,-7.040000000000001,"0.26527777777777783,0.2624216867469879,0.35430864197530865,0.2,0.77,0.1576575586620336,8.0","0,0,0"
33.75,58,AV,1,1,6,1,0,0,0,77,1040.734547163155,0.1,-3.375,"0.29637878787878785,0.2731488095238095,0.3518271604938271,0.1,0.77,0.05005141860382586,6.0","0,0,0"
29.783333333333335,286,AV,2,1,3,5,0,0,0,35,4090.160813256426,0.4,-11.913333333333334,"0.3120942028985507,0.28694144144144146,0.37343939393939396,0.4,0.35,0.19670563601379967,5.0","0,0,0"
19.7,12,AV,1,2,5,0,0,0,0,16,8981.750106371177,0.1,-1.97,"0.2697549019607843,0.2786895833333334,0.3477070707070707,0.1,0.16,0.4319538883323586,5.0","0,0,0"
10.4,259,AV,0,7,3,9,4,0,0,10,4843.3187157075145,0.1,-1.04,"0.2753684210526316,0.29852500000000004,0.3749301075268817,0.1,0.1,0.2329268045654853,11.0","0,0,0"
34.15,218,AV,0,5,0,6,8,0,0,72,1467.6871321740252,0.1,-3.415,"0.2086333333333334,0.25740980392156865,0.3437444444444444,0.1,0.72,0.07058459165416232,13.0","0,0,0"
32.666666666666664,291,AV,2,1,2,7,7,0,0,37,2991.769966736588,0.5,-16.333333333333332,"0.289547619047619,0.2943186813186813,0.3795952380952381,0.5,0.37,0.143881387794473,14.0","0,0,0"
49.68333333333333,156,AV,0,5,0,6,7,0,0,100,541.9839687696077,0.4,-19.873333333333335,"0.2401754385964912,0.259338768115942,0.3218448275862069,0.4,1.0,0.026065307980208553,12.0","0,0,0"
42.68333333333333,104,AV,0,7,7,4,1,0,0,89,4959.361066312568,1.0,-42.68333333333333,"0.2534,0.2610253623188406,0.32743589743589735,1.0,0.89,0.23850755931388606,8.0","0,0,0"
37.03333333333333,254,AV,1,3,4,4,2,0,0,89,1527.6889462703334,0.3,-11.11,"0.2376896551724138,0.24971581196581194,0.33658974358974364,0.3,0.89,0.07347022269476662,6.0","0,0,0"
15.4,114,AV,1,0,8,0,3,0,0,9,8348.421721831439,0.8,-12.32,"0.3116388888888889,0.3071645833333333,0.36657222222222224,0.8,0.09,0.4014956084811817,11.0","0,0,0"
39.71666666666667,132,AV,2,2,1,0,15,0,0,72,2753.3979495063454,0.4,-15.886666666666668,"0.33459999999999995,0.33242992424242424,0.3811543209876544,0.4,0.72,0.13241750620204337,15.0","0,0,0"
31.85,164,AV,1,3,4,9,12,0,0,72,3227.056348793521,0.2,-6.370000000000001,"0.258525,0.29239156626506024,0.344212643678161,0.2,0.72,0.1551968737963661,16.0","0,0,0"
33.96666666666667,214,AV,1,0,5,2,0,0,0,77,5354.15698790508,0.4,-13.586666666666668,"0.2947941176470588,0.2591512027491409,0.3373653846153847,0.4,0.77,0.2574942413535784,5.0","0,0,0"
23.216666666666665,3,AV,1,0,6,2,2,0,0,39,627.4062491148882,0.1,-2.3216666666666668,"0.31291666666666673,0.2834488636363636,0.37381410256410263,0.1,0.39,0.03017347016557005,8.0","0,0,0"
23.75,115,AV,0,6,2,0,1,0,0,57,4034.238052294327,0.1,-2.375,"0.2509266666666667,0.2269722222222222,0.3371767676767677,0.1,0.57,0.19401617641430308,7.0","0,0,0"
35.43333333333333,138,AV,1,3,4,9,7,0,0,85,11515.391842589095,0.1,-3.543333333333333,"0.2453421052631579,0.2681561181434599,0.35318452380952386,0.1,0.85,0.5538027915682833,11.0","0,0,0"
46.53333333333333,240,AV,2,1,3,1,6,0,0,97,1830.3424648913517,0.1,-4.653333333333333,"0.27427536231884053,0.25846415770609316,0.35155555555555557,0.1,0.97,0.08802555574651609,6.0","0,0,0"
28.6,246,AV,1,0,5,6,1,0,0,54,1014.5614647146556,0.1,-2.8600000000000003,"0.2579275362318841,0.2542209302325581,0.3462043010752688,0.1,0.54,0.04879269234230884,6.0","0,0,0"
45.93333333333333,36,AV,2,2,3,2,5,0,0,80,832.3173438658397,0.5,-22.966666666666665,"0.2266736111111111,0.25879651162790696,0.35842777777777785,0.5,0.8,0.0400281358033201,5.0","0,0,0"
30.533333333333335,2,AV,1,0,5,0,7,0,0,70,1661.9571573900298,0.1,-3.0533333333333337,"0.25475000000000003,0.23934210526315794,0.32810683760683756,0.1,0.7,0.07992750275552475,12.0","0,0,0"
22.25,174,AV,1,3,4,4,1,0,0,36,1848.7234685638712,0.2,-4.45,"0.29278787878787876,0.25093162393162394,0.36230246913580244,0.2,0.36,0.08890954226515282,5.0","0,0,0"
35.96666666666667,24,AV,1,1,6,1,7,0,0,86,2574.4307659940623,0.1,-3.596666666666667,"0.28652083333333334,0.28468458781362005,0.38806451612903226,0.1,0.86,0.12381054543309646,13.0","0,0,0"
18.5,21,AV,1,1,6,6,1,0,0,14,1986.5043233563797,0.1,-1.85,"0.2627368421052631,0.28907692307692306,0.34088888888888896,0.1,0.14,0.0955357537785597,7.0","0,0,0"
21.833333333333332,25,AV,1,0,5,0,1,0,0,25,727.2326469992182,0.2,-4.366666666666666,"0.23514393939393938,0.22428205128205128,0.32513194444444443,0.2,0.25,0.034974360884380204,6.0","0,0,0"
26.233333333333334,238,AV,1,3,4,2,3,0,0,52,4818.617258984985,0.3,-7.87,"0.31138235294117644,0.29370035460992905,0.38005747126436773,0.3,0.52,0.23173885231203734,7.0","0,0,0"
20.883333333333333,121,AV,1,0,6,6,7,0,0,22,3465.4556083993225,0.1,-2.0883333333333334,"0.23597826086956522,0.2778920454545455,0.35890384615384613,0.1,0.22,0.1666620655399256,13.0","0,0,0"
16.4,182,AV,1,1,5,5,3,0,0,10,2563.744074524839,0.1,-1.64,"0.24224,0.23307894736842105,0.3263850574712644,0.1,0.1,0.1232965968285517,8.0","0,0,0"
45.333333333333336,226,AV,2,0,1,2,6,0,0,83,6947.27484286379,0.2,-9.066666666666668,"0.2489876543209877,0.2723450980392157,0.37542857142857144,0.2,0.83,0.3341110970744898,6.0","0,0,0"
30.166666666666668,35,AV,1,3,4,5,2,0,0,67,1809.16611953512,0.2,-6.033333333333334,"0.3391515151515152,0.30235869565217394,0.3915268817204302,0.2,0.67,0.08700713454697676,6.0","0,0,0"
21.466666666666665,116,AV,1,0,5,9,4,0,0,34,6230.691172258436,0.1,-2.1466666666666665,"0.2872878787878788,0.277912962962963,0.3665535714285714,0.1,0.34,0.29964887098629217,9.0","0,0,0"
18.933333333333334,247,AV,0,7,7,4,10,0,0,34,1507.5005543882637,0.1,-1.8933333333333335,"0.24603999999999995,0.23577777777777775,0.3110919540229885,0.1,0.34,0.07249931454553503,17.0","0,0,0"
47.81666666666667,126,AV,0,4,0,8,6,0,0,99,2030.86588445069,0.1,-4.781666666666667,"0.2583680555555556,0.24744943820224719,0.3403910256410256,0.1,0.99,0.09766920756877238,10.0","0,0,0"
28.35,112,AV,1,2,7,0,0,0,0,58,8493.635575370567,0.1,-2.8350000000000004,"0.2444861111111111,0.24905416666666672,0.3479901960784314,0.1,0.58,0.40847929071828354,7.0","0,0,0"
43.85,105,AV,2,0,0,8,0,0,0,95,3352.9358316496982,0.3,-13.155,"0.25108823529411767,0.26047357723577236,0.3373064516129032,0.3,0.95,0.16125071981045438,8.0","0,0,0"
30.65,37,AV,0,8,5,0,13,0,0,69,3898.759045987068,0.2,-6.13,"0.2649298245614035,0.2682594696969696,0.34716666666666673,0.2,0.69,0.18750066631117593,21.0","0,0,0"
45.05,262,AV,2,1,3,6,1,0,0,91,6081.635477498837,0.9,-40.545,"0.24833333333333324,0.2710599250936329,0.34611904761904766,0.9,0.91,0.29248042539751784,7.0","0,0,0"
29.166666666666668,253,AV,0,9,0,4,0,0,0,60,1373.5659577718477,0.5,-14.583333333333334,"0.31535606060606064,0.2942025316455696,0.3500042735042735,0.5,0.6,0.0660580788057822,9.0","0,0,0"
37.71666666666667,52,AV,2,2,0,6,11,0,0,57,1025.7249596144625,0.3,-11.315,"0.2745804597701149,0.28473206751054847,0.366578125,0.3,0.57,0.049329571566540366,17.0","0,0,0"
8.583333333333334,136,AV,0,5,1,2,0,0,0,8,8987.822610831106,0.1,-0.8583333333333334,"0.2645,0.2809651162790697,0.33813541666666663,0.1,0.08,0.4322459296252377,5.0","0,0,0"
26.683333333333334,27,AV,1,2,5,0,10,0,0,48,4113.319853961603,0.1,-2.6683333333333334,"0.2724057971014493,0.2602546816479401,0.36104761904761906,0.1,0.48,0.19781940978440954,15.0","0,0,0"
16.35,152,AV,1,0,7,0,0,0,0,10,1885.557658153182,0.4,-6.540000000000001,"0.24602272727272723,0.2603245614035088,0.3504479166666667,0.4,0.1,0.09068098671954573,7.0","0,0,0"
20.6,64,AV,1,1,6,1,0,0,0,20,3583.4963710051925,1.0,-20.6,"0.25752941176470595,0.2530747863247863,0.33271428571428574,1.0,0.2,0.17233892871085194,6.0","0,0,0"
27.233333333333334,239,AV,0,4,5,5,1,0,0,58,7128.986247371214,0.8,-21.78666666666667,"0.26935,0.2766443089430895,0.3532,0.8,0.58,0.34285003400790975,5.0","0,0,0"
34.95,18,AV,1,1,7,4,7,0,0,80,1111.987968807459,0.1,-3.4950000000000006,"0.28717592592592595,0.3132958801498127,0.3774242424242425,0.1,0.8,0.05347816641708441,14.0","0,0,0"
12.0,179,AV,0,7,8,1,3,0,0,12,10783.100237376317,0.2,-2.4000000000000004,"0.3044388888888888,0.27679375,0.3681444444444445,0.2,0.12,0.518585133259083,10.0","0,0,0"
40.766666666666666,93,AV,0,7,3,9,5,0,0,86,4021.28082322038,0.4,-16.30666666666667,"0.28572666666666674,0.2653255813953488,0.38254022988505754,0.4,0.86,0.1933930322147629,12.0","0,0,0"
29.566666666666666,180,AV,1,1,6,5,4,0,0,64,1993.780724220221,0.2,-5.913333333333334,"0.2859469696969697,0.28989964157706094,0.3485666666666667,0.2,0.64,0.09588569333476842,10.0","0,0,0"
27.5,122,AV,1,3,5,0,1,0,0,55,2212.8825544422834,0.1,-2.75,"0.24375,0.2605872093023256,0.35653888888888885,0.1,0.55,0.1064228254509272,6.0","0,0,0"
30.6,29,AV,2,3,3,2,11,0,0,39,793.0252767736928,0.4,-12.240000000000002,"0.1811376811594203,0.21823684210526317,0.30602272727272734,0.4,0.39,0.03813848612925163,11.0","0,0,0"
15.216666666666667,4,AV,1,0,4,4,1,0,0,7,3773.073658575576,0.1,-1.5216666666666667,"0.2380138888888889,0.25940625,0.35062820512820514,0.1,0.07,0.18145615481219285,5.0","0,0,0"
15.366666666666667,79,AV,1,1,5,5,12,0,0,9,5899.132481879994,0.1,-1.5366666666666668,"0.2207066666666666,0.2432940074906367,0.34455128205128205,0.1,0.09,0.2837034189504176,17.0","0,0,0"
11.816666666666666,264,AV,1,0,5,0,5,0,0,0,6007.794801579103,1.0,-11.816666666666666,"0.31948550724637687,0.29261711711711713,0.357439393939394,1.0,0.0,0.2889292503255245,10.0","0,0,0"
27.933333333333334,119,AV,2,3,1,5,1,0,0,12,3822.7735841463273,0.2,-5.586666666666667,"0.31030303030303036,0.30183105022831047,0.36774285714285715,0.2,0.12,0.18384634334403438,6.0","0,0,0"
39.21666666666667,263,AV,0,5,0,6,2,0,0,85,4547.885280126284,0.4,-15.686666666666667,"0.2091140350877193,0.2509280303030303,0.33731249999999996,0.4,0.85,0.2187187026108142,7.0","0,0,0"
38.55,187,AV,1,3,4,4,1,0,0,95,6130.868263041086,0.7,-26.984999999999996,"0.30879545454545454,0.27746586345381524,0.3392988505747126,0.7,0.95,0.29484814804583803,5.0","0,0,0"
35.15,92,AV,1,0,5,5,3,0,0,83,2187.907521251699,0.3,-10.545,"0.2830614035087719,0.25916468253968256,0.3494652777777778,0.3,0.83,0.10522171624947545,8.0","0,0,0"
35.9,210,AV,0,6,4,3,0,0,0,81,473.5024380788758,0.4,-14.36,"0.2554772727272728,0.2697572463768116,0.3334102564102564,0.4,0.81,0.022771867046038015,6.0","0,0,0"
32.833333333333336,190,AV,1,0,4,2,9,0,0,71,626.2908344343901,0.8,-26.26666666666667,"0.23930555555555558,0.28287222222222225,0.3331559139784946,0.8,0.71,0.03011982720037529,13.0","0,0,0"
46.03333333333333,251,AV,2,2,3,3,8,0,0,91,1020.5842314575186,0.2,-9.206666666666667,"0.23452631578947364,0.26891319444444445,0.33946666666666664,0.2,0.91,0.04908234162917255,8.0","0,0,0"
23.383333333333333,235,AV,1,3,7,0,3,0,0,36,1291.7462447339112,0.1,-2.3383333333333334,"0.2016449275362319,0.23135162601626022,0.3154444444444444,0.1,0.36,0.0621231727161656,10.0","0,0,0"
25.483333333333334,56,AV,0,6,7,5,5,0,0,58,3824.993837156676,0.2,-5.096666666666668,"0.2814621212121212,0.30154597701149427,0.39381720430107525,0.2,0.58,0.18395312063237393,11.0","0,0,0"
39.18333333333333,96,AV,0,5,0,6,1,0,0,86,6563.608435155774,0.4,-15.673333333333332,"0.19541071428571427,0.20783125000000002,0.3074294871794871,0.4,0.86,0.31565966003056356,6.0","0,0,0"
23.666666666666668,98,AV,2,0,2,0,11,0,0,4,5702.616109653807,0.1,-2.3666666666666667,"0.27815217391304353,0.2584781746031746,0.36303535353535354,0.1,0.04,0.27425247563772664,11.0","0,0,0"
20.516666666666666,11,AV,0,4,8,9,10,0,0,35,4968.170350229253,0.6,-12.309999999999999,"0.2141583333333333,0.24680645161290318,0.33627777777777773,0.6,0.35,0.23893121888982288,14.0","0,0,0"
30.95,270,AV,2,2,1,0,5,0,0,13,8011.326014866212,0.1,-3.095,"0.19634259259259257,0.26423118279569896,0.3471666666666666,0.1,0.13,0.385283868047601,5.0","0,0,0"
24.883333333333333,194,AV,1,1,4,2,1,0,0,45,539.5213747330826,0.1,-2.4883333333333333,"0.27494999999999997,0.2731011904761905,0.34295833333333337,0.1,0.45,0.025946875931124203,5.0","0,0,0"
46.016666666666666,141,AV,2,0,0,5,3,0,0,98,3048.604611013583,0.3,-13.805,"0.27216666666666667,0.2883373493975904,0.3445,0.3,0.98,0.14661470204800806,8.0","0,0,0"
48.93333333333333,124,AV,2,1,2,6,8,0,0,94,5825.425317043349,0.5,-24.466666666666665,"0.22832183908045978,0.26114652014652007,0.3495166666666667,0.5,0.94,0.28015866474638357,14.0","0,0,0"
15.516666666666667,260,AV,1,1,6,6,13,0,0,6,591.6693204447811,0.2,-3.1033333333333335,"0.31886956521739135,0.2996746987951807,0.3825882352941176,0.2,0.06,0.028454795618483852,19.0","0,0,0"
17.716666666666665,91,AV,1,3,4,4,21,0,0,10,9667.367812467324,0.2,-3.543333333333333,"0.28277777777777774,0.2692045454545456,0.37131547619047617,0.2,0.1,0.46492688697408946,25.0","0,0,0"
34.2,278,AV,0,5,2,5,0,0,0,74,1530.6528609905624,0.1,-3.4200000000000004,"0.2790933333333333,0.25884615384615384,0.3469938271604939,0.1,0.74,0.07361276445699849,5.0","0,0,0"
17.066666666666666,15,AV,1,0,4,4,3,0,0,12,5158.4050556257225,0.1,-1.7066666666666668,"0.3156481481481481,0.2980694444444445,0.3474068627450981,0.1,0.12,0.24808006178999184,7.0","0,0,0"
37.15,248,AV,1,1,7,4,10,0,0,93,1150.2916000513435,0.6,-22.29,"0.26421333333333336,0.2740609756097561,0.3499545454545454,0.6,0.93,0.05532027984231857,17.0","0,0,0"
33.93333333333333,199,AV,1,1,5,3,1,0,0,75,1089.3140785512585,0.1,-3.393333333333333,"0.2854753086419753,0.27641269841269844,0.3664252873563219,0.1,0.75,0.052387724694280345,6.0","0,0,0"
28.65,110,AV,2,3,3,9,10,0,0,0,4687.914961676448,0.1,-2.865,"0.2809513888888888,0.2645805243445693,0.3495987654320987,0.1,0.0,0.22545306559254863,19.0","0,0,0"
14.116666666666667,176,AV,1,1,6,5,0,0,0,3,2398.572127464108,0.7,-9.881666666666666,"0.2645873015873016,0.2670736842105263,0.33895833333333336,0.7,0.03,0.11535308204230756,6.0","0,0,0"
31.916666666666668,282,AV,2,0,2,8,0,0,0,10,3414.9419898187493,0.2,-6.383333333333334,"0.31059615384615386,0.30687896825396827,0.36868888888888895,0.2,0.1,0.1642327445611401,8.0","0,0,0"
24.233333333333334,207,AV,2,1,0,1,6,0,0,6,1541.4014724042315,0.1,-2.423333333333334,"0.3483717948717948,0.31930268199233713,0.37395679012345684,0.1,0.06,0.07412969094006937,6.0","0,0,0"
22.5,73,AV,1,3,4,4,13,0,0,38,913.5589076746268,0.1,-2.25,"0.30975641025641026,0.2997477477477477,0.3724888888888889,0.1,0.38,0.04393523731091094,17.0","0,0,0"
29.816666666666666,261,AV,1,1,6,1,1,0,0,64,3274.575105225111,0.2,-5.963333333333334,"0.31011403508771923,0.30811821705426357,0.38160476190476195,0.2,0.64,0.15748216467690215,7.0","0,0,0"
29.35,195,AV,2,1,0,9,0,0,0,21,699.2977112166509,0.1,-2.9350000000000005,"0.2902466666666666,0.2519961685823755,0.33426190476190476,0.1,0.21,0.03363090287355943,9.0","0,0,0"
32.71666666666667,200,AV,2,0,1,2,12,0,0,39,11940.25564443948,0.4,-13.086666666666668,"0.26502272727272724,0.2826509803921568,0.35964646464646466,0.4,0.39,0.5742355100304415,12.0","0,0,0"
26.166666666666668,219,AV,2,1,2,2,11,0,0,9,2260.56382504795,0.3,-7.85,"0.24786538461538463,0.25312820512820516,0.3470919540229885,0.3,0.09,0.10871593202757703,11.0","0,0,0"
12.483333333333333,32,AV,1,3,7,0,35,0,0,4,2022.4315636845977,0.2,-2.4966666666666666,"0.25985256410256413,0.24918312757201652,0.33857575757575764,0.2,0.04,0.09726358086938654,42.0","0,0,0"
35.05,103,AV,1,3,8,6,4,0,0,89,4569.840806868062,0.1,-3.505,"0.2329607843137255,0.24402681992337164,0.34061574074074064,0.1,0.89,0.21977459651057532,12.0","0,0,0"
47.56666666666667,230,AV,2,0,2,2,15,0,0,96,6995.337061486569,0.4,-19.026666666666667,"0.25013333333333326,0.2651515151515152,0.3567101449275362,0.4,0.96,0.3364225243542649,15.0","0,0,0"
42.266666666666666,175,AV,2,2,1,0,8,0,0,97,3097.4575811220984,0.1,-4.226666666666667,"0.2788188405797102,0.27398423423423424,0.34910784313725496,0.1,0.97,0.14896415846185204,8.0","0,0,0"
14.0,220,AV,1,3,4,4,15,0,0,4,4577.590037133467,0.7,-9.799999999999999,"0.22362500000000002,0.22637078651685394,0.3312741935483872,0.7,0.04,0.22014727556589106,19.0","0,0,0"
35.68333333333333,39,AV,1,0,4,4,5,0,0,90,741.34301771214,0.2,-7.136666666666667,"0.27088235294117646,0.26522336769759447,0.3400192307692307,0.2,0.9,0.03565296242896494,9.0","0,0,0"
23.816666666666666,177,AV,0,7,3,9,2,0,0,57,2139.4702648744856,0.2,-4.763333333333334,"0.31292500000000006,0.25576706827309237,0.3577837837837838,0.2,0.57,0.10289225250527183,9.0","0,0,0"
37.56666666666667,204,AV,0,4,5,5,7,0,0,84,2105.159940183184,0.3,-11.270000000000001,"0.3055625,0.3078725490196078,0.38013768115942026,0.3,0.84,0.10124218676253416,11.0","0,0,0"
34.88333333333333,76,AV,1,3,6,1,1,0,0,82,1538.317647081207,0.3,-10.465,"0.28513492063492063,0.2575459183673469,0.33117460317460323,0.3,0.82,0.07398138238957058,7.0","0,0,0"
26.783333333333335,100,AV,1,3,7,8,1,0,0,51,4434.023444374438,0.4,-10.713333333333335,"0.30351041666666667,0.29398469387755105,0.36283974358974364,0.4,0.51,0.2132428140475394,8.0","0,0,0"
30.633333333333333,208,AV,1,0,4,0,2,0,0,61,17322.90883950548,0.2,-6.126666666666667,"0.34152380952380945,0.2958643410852714,0.38547777777777775,0.2,0.61,0.833100202280572,6.0","0,0,0"
21.4,269,AV,1,0,5,2,1,0,0,31,975.0940381265832,0.5,-10.7,"0.22452380952380957,0.24734229390681006,0.3804420289855073,0.5,0.31,0.04689460920981367,6.0","0,0,0"
30.333333333333332,0,AV,1,2,5,0,3,0,0,69,5502.789496653042,0.3,-9.1,"0.30282638888888885,0.2924468864468865,0.37789855072463774,0.3,0.69,0.26464233491284295,8.0","0,0,0"
16.55,74,AV,1,3,4,4,3,0,0,10,1317.647826688136,0.1,-1.6550000000000002,"0.2516333333333333,0.26547619047619053,0.3448166666666667,0.1,0.1,0.06336884186823323,7.0","0,0,0"
42.53333333333333,241,AV,2,0,2,1,6,0,0,76,1454.957177165027,0.7,-29.77333333333333,"0.23307971014492754,0.28757777777777777,0.3419621212121212,0.7,0.76,0.06997237760909195,6.0","0,0,0"
28.783333333333335,80,AV,1,2,9,7,3,0,0,60,3456.1529418207683,0.2,-5.756666666666668,"0.24414880952380957,0.257724358974359,0.3429460784313726,0.2,0.6,0.1662146780093356,12.0","0,0,0"
26.2,272,AV,2,1,3,6,0,0,0,7,2744.255474143275,0.1,-2.62,"0.2908866666666667,0.28162757201646094,0.3577395833333333,0.1,0.07,0.13197782265092123,6.0","0,0,0"
28.966666666666665,222,AV,1,0,7,4,0,0,0,62,2088.64210540395,0.1,-2.8966666666666665,"0.2816180555555556,0.26796138211382114,0.3445,0.1,0.62,0.10044780450125744,7.0","0,0,0"
28.533333333333335,28,AV,2,0,0,4,1,0,0,24,1824.367004680513,0.2,-5.706666666666667,"0.3054782608695652,0.30255017921146954,0.36486111111111114,0.2,0.24,0.08773818154415255,5.0","0,0,0"
22.4,61,AV,0,4,7,7,22,0,0,51,1260.6549751070208,0.6,-13.44,"0.2947083333333333,0.29979166666666673,0.3830444444444445,0.6,0.51,0.06062791904628244,26.0","0,0,0"
