travel_time,id,kind,action,origin,destination,start_time,income,urgency,reward,observation,cost_table
78.75,150,AV,0,0,0,52,2458.2611968747465,0.2,-1.0060187396647269,"0.7500878524945769,0.17481088664421993,0.20732836644591607,0.2,0.52,0.1182236724414522","0,0,0"
98.1,99,AV,0,0,0,55,1614.9493849180149,0.2,-1.270082167949564,"0.8805941220238093,0.1919989071038252,0.22053365906623223,0.2,0.55,0.07766678631823196","0,0,0"
10.283333333333333,117,AV,0,0,0,27,1880.1756700095973,0.4,-0.22374644596741378,"0.0836508620689655,0.07726836158192091,0.11173643410852713,0.4,0.27,0.0904221540112152","0,0,0"
16.533333333333335,56,AV,1,0,0,47,1025.7249596144625,0.2,-0.19840000000000002,"0.5307750357653791,0.15568418079096047,0.18866164994425869,0.2,0.47,0.049329571566540366","0,0,0"
20.55,188,AV,2,0,0,46,3097.4575811220984,0.5,-0.30825,"0.4779885057471265,0.14953567447045701,0.18310157126823787,0.5,0.46,0.14896415846185204","0,0,0"
20.566666666666666,177,AV,2,0,0,51,2946.490055333797,0.7,-0.3496333333333333,"0.6780576086956522,0.16889735099337752,0.20004418344519004,0.7,0.51,0.14170376833700152","0,0,0"
39.93333333333333,208,AV,0,0,0,45,3456.1529418207683,0.1,-0.48266752378295424,"0.4101659498207886,0.1411861761426979,0.17701295045045037,0.1,0.45,0.1662146780093356","0,0,0"
8.683333333333334,221,AV,0,0,0,25,4061.843573313689,0.7,-0.18454571065681438,"0.06175257323832145,0.07115098039215687,0.1081007194244604,0.7,0.25,0.19534379207968386","0,0,0"
27.616666666666667,191,AV,0,0,0,39,3151.1733449572957,0.2,-0.37900131658261177,"0.2514705673758866,0.11254731182795698,0.14681547619047625,0.2,0.39,0.1515474782802132","0,0,0"
15.366666666666667,53,AV,0,0,0,31,1014.5614647146556,0.4,-0.3629804625776787,"0.1250283154121864,0.08558810325476994,0.11882662192393735,0.4,0.31,0.04879269234230884","0,0,0"
22.933333333333334,245,AV,1,0,0,68,4951.479839002994,0.4,-0.32106666666666667,"0.7348818518518517,0.26761130742049466,0.26084250764526007,0.4,0.68,0.23812853220437127","0,0,0"
64.01666666666667,253,AV,0,0,0,81,5480.041794665195,0.9,-1.2436887206802005,"0.6851031914893619,0.33767383512544813,0.2763510182207931,0.9,0.81,0.26354834340696637","0,0,0"
59.416666666666664,71,AV,0,0,0,47,1150.4391077840953,0.3,-0.9028016639994857,"0.5307750357653791,0.15568418079096047,0.18866164994425869,0.3,0.47,0.05532737384270454","0,0,0"
17.233333333333334,247,AV,1,0,0,50,4968.170350229253,0.1,-0.1895666666666667,"0.647806579898771,0.16609163987138265,0.19722974537037025,0.1,0.5,0.23893121888982288","0,0,0"
12.85,273,AV,1,0,0,41,7897.119961473183,0.4,-0.1799,"0.3028635752688172,0.12303450292397664,0.158415770609319,0.4,0.41,0.37979142523300763","0,0,0"
13.116666666666667,85,AV,1,0,0,40,1434.4967426379471,0.2,-0.1574,"0.2899057519057519,0.11947388888888888,0.15443906810035843,0.2,0.4,0.06898838627708276","0,0,0"
20.716666666666665,103,AV,1,0,0,60,1653.1781197118603,0.3,-0.26931666666666665,"0.9505868200836821,0.20894614512471651,0.2364270833333334,0.3,0.6,0.07950529779368645","0,0,0"
21.166666666666668,284,AV,1,0,0,61,11049.706566164488,0.1,-0.23283333333333336,"0.9429599567099565,0.21419169510807737,0.24085300546448085,0.1,0.61,0.5314068705608562","0,0,0"
38.11666666666667,168,AV,0,0,0,44,2780.081336731352,0.2,-0.5113552559193684,"0.36349228070175427,0.13561461794019933,0.17108861502347417,0.2,0.44,0.13370077424326215","0,0,0"
106.86666666666666,34,AV,0,0,0,58,857.6590975250949,0.1,-1.3504279976968872,"0.946688710754843,0.20394263285024156,0.23142923976608185,0.1,0.58,0.041246881470994735","0,0,0"
78.63333333333334,261,AV,0,0,0,52,5899.132481879994,0.1,-0.8903941342580027,"0.7500878524945769,0.17481088664421993,0.20732836644591607,0.1,0.52,0.2837034189504176","0,0,0"
10.3,11,AV,1,0,0,34,626.2908344343901,0.3,-0.13390000000000002,"0.1529225925925926,0.09091114790286976,0.12527813852813852,0.3,0.34,0.03011982720037529","0,0,0"
1.6666666666666667,124,AV,1,0,0,68,1997.7276787447236,0.2,-0.02,"0.7348818518518517,0.26761130742049466,0.26084250764526007,0.2,0.68,0.09607551183714699","0,0,0"
38.2,229,AV,0,0,0,44,4547.885280126284,0.3,-0.5295823622982493,"0.36349228070175427,0.13561461794019933,0.17108861502347417,0.3,0.44,0.2187187026108142","0,0,0"
13.633333333333333,166,AV,1,0,0,43,2761.3662775036096,0.4,-0.19086666666666666,"0.33395748987854246,0.1295,0.1645392857142857,0.4,0.43,0.13280072219237518","0,0,0"
20.116666666666667,24,AV,1,0,0,57,779.2240782816187,0.9,-0.38221666666666665,"0.9345690131124913,0.20014909090909083,0.23018598233995582,0.9,0.57,0.03747475341773148","0,0,0"
12.1,250,AV,0,0,0,28,5158.4050556257225,0.2,-0.1742787556197067,"0.09137625178826894,0.0791683967704729,0.1130377049180328,0.2,0.28,0.24808006178999184","0,0,0"
60.916666666666664,282,AV,0,0,0,67,9030.678864893336,0.4,-0.8694433802903924,"0.7609996345029241,0.2578338926174497,0.2581181917211329,0.4,0.67,0.4343069895926497","0,0,0"
12.266666666666667,112,AV,2,0,0,28,1804.2001824470888,0.1,-0.13493333333333335,"0.09137625178826894,0.0791683967704729,0.1130377049180328,0.1,0.28,0.08676831073101827","0,0,0"
57.13333333333333,176,AV,0,0,0,76,2942.323800284961,0.9,-1.1365134463941298,"0.6980464539007091,0.3199269323671497,0.27151326963906586,0.9,0.76,0.1415034031468308","0,0,0"
27.166666666666668,266,AV,2,0,0,71,6248.181898567973,0.2,-0.326,"0.7177424576894775,0.2981435523114356,0.26682232232232234,0.2,0.71,0.3004900419328989","0,0,0"
23.566666666666666,175,AV,1,0,0,73,2898.378436294527,0.7,-0.40063333333333334,"0.7096040756914119,0.30341419753086424,0.26936797188755013,0.7,0.73,0.13938996527280403","0,0,0"
8.75,92,AV,1,0,0,29,1519.7273932229994,0.5,-0.13124999999999998,"0.1145011086474501,0.08343979933110367,0.11724139784946239,0.5,0.29,0.07308733252801383","0,0,0"
53.8,120,AV,0,0,0,64,1929.5758599688188,0.2,-0.7233372909310877,"0.8777411894273128,0.23005520504731863,0.24668915801614766,0.2,0.64,0.09279792753915007","0,0,0"
23.483333333333334,234,AV,2,0,0,60,4617.1597275219765,0.4,-0.32876666666666665,"0.9505868200836821,0.20894614512471651,0.2364270833333334,0.4,0.6,0.2220502768096353","0,0,0"
105.15,190,AV,0,0,0,57,3132.463358685509,0.9,-2.045735635943383,"0.9345690131124913,0.20014909090909083,0.23018598233995582,0.9,0.57,0.150647670199936","0,0,0"
17.266666666666666,121,AV,2,0,0,43,1945.516475481125,0.2,-0.2072,"0.33395748987854246,0.1295,0.1645392857142857,0.2,0.43,0.09356454994251304","0,0,0"
25.3,86,AV,2,0,0,65,1447.5744631551047,0.5,-0.3795,"0.8398865638766522,0.23503613807982743,0.2501790123456791,0.5,0.65,0.06961732519889745","0,0,0"
55.416666666666664,264,AV,0,0,0,63,6007.794801579103,0.1,-0.6345508971323789,"0.8950644688644687,0.22684484649122816,0.24620874861572534,0.1,0.63,0.2889292503255245","0,0,0"
11.066666666666666,222,AV,1,0,0,37,4104.202624979457,0.2,-0.1328,"0.21417744252873563,0.10548172043010755,0.1406206293706294,0.2,0.37,0.19738094039225168","0,0,0"
26.333333333333332,33,AV,2,0,0,75,835.7777612710734,0.6,-0.42133333333333334,"0.7000296852646639,0.3128471223021582,0.2700126582278482,0.6,0.75,0.0401945555695952","0,0,0"
25.733333333333334,169,AV,2,0,0,68,2793.3389947689566,0.5,-0.386,"0.7348818518518517,0.26761130742049466,0.26084250764526007,0.5,0.68,0.1343383667916745","0,0,0"
34.916666666666664,145,AV,1,0,0,88,2382.718205806423,0.4,-0.48883333333333323,"0.6770967292971466,0.34052582159624406,0.2776414141414142,0.4,0.88,0.11459062895418437","0,0,0"
6.716666666666667,90,AV,0,0,0,23,1503.4428459110418,0.1,-0.17365433587457357,"0.050406103286384986,0.06895762711864407,0.1065495238095238,0.1,0.23,0.0723041696201366","0,0,0"
14.033333333333333,246,AV,2,0,0,39,4959.361066312568,0.1,-0.15436666666666668,"0.2514705673758866,0.11254731182795698,0.14681547619047625,0.1,0.39,0.23850755931388606","0,0,0"
5.05,269,AV,0,0,0,19,7099.697064525982,0.1,-0.0766776620166631,"0.041570987654321,0.06577981651376147,0.10297833333333335,0.1,0.19,0.3414414470102487","0,0,0"
19.983333333333334,227,AV,2,0,0,51,4304.4895651906745,0.9,-0.3796833333333333,"0.6780576086956522,0.16889735099337752,0.20004418344519004,0.9,0.51,0.207013219355909","0,0,0"
64.61666666666666,129,AV,0,0,0,47,2123.4400354784907,0.5,-1.0398900922530403,"0.5307750357653791,0.15568418079096047,0.18866164994425869,0.5,0.47,0.1021213203554731","0,0,0"
89.28333333333333,159,AV,0,0,0,54,2574.4307659940623,0.5,-1.3975153074152806,"0.8362662337662337,0.1839037267080745,0.21201509661835743,0.5,0.54,0.12381054543309646","0,0,0"
20.15,5,AV,1,0,0,57,522.2875039790788,0.4,-0.28209999999999996,"0.9345690131124913,0.20014909090909083,0.23018598233995582,0.4,0.57,0.025118057783764625","0,0,0"
19.433333333333334,23,AV,2,0,0,46,779.0639592631991,0.2,-0.2332,"0.4779885057471265,0.14953567447045701,0.18310157126823787,0.2,0.46,0.03746705291039347","0,0,0"
27.066666666666666,140,AV,2,0,0,84,2302.618320259251,0.3,-0.35186666666666666,"0.6863169456066944,0.336746714456392,0.27696809680968104,0.3,0.84,0.11073843349034766","0,0,0"
105.13333333333334,198,AV,0,0,0,57,3301.717979419838,0.4,-1.5172975608057104,"0.9345690131124913,0.20014909090909083,0.23018598233995582,0.4,0.57,0.15878753054770403","0,0,0"
20.266666666666666,238,AV,1,0,0,56,4662.282088415262,0.4,-0.2837333333333333,"0.9252347670250899,0.19804850746268657,0.2273063200815495,0.4,0.56,0.2242203192855181","0,0,0"
10.683333333333334,20,AV,1,0,0,34,753.5670156580491,0.2,-0.1282,"0.1529225925925926,0.09091114790286976,0.12527813852813852,0.2,0.34,0.03624084378629158","0,0,0"
22.733333333333334,220,AV,2,0,0,56,4021.28082322038,0.9,-0.43193333333333334,"0.9252347670250899,0.19804850746268657,0.2273063200815495,0.9,0.56,0.1933930322147629","0,0,0"
70.73333333333333,100,AV,0,0,0,93,1614.9573615816892,0.5,-1.1538817091821483,"0.6706638537271448,0.3465017543859649,0.2798034330011075,0.5,0.93,0.07766716993510497","0,0,0"
20.816666666666666,104,AV,2,0,0,51,1659.6531244520008,0.1,-0.22898333333333334,"0.6780576086956522,0.16889735099337752,0.20004418344519004,0.1,0.51,0.07981669628967558","0,0,0"
23.866666666666667,200,AV,2,0,0,65,3361.758609282253,0.2,-0.2864,"0.8398865638766522,0.23503613807982743,0.2501790123456791,0.2,0.65,0.16167502833152653","0,0,0"
6.7,160,AV,0,0,0,24,2580.565825479665,0.9,-0.185426786970109,"0.05591642788920726,0.06947574334898278,0.10648068669527894,0.9,0.24,0.12410559514707999","0,0,0"
39.71666666666667,167,AV,0,0,0,44,2767.495209174315,0.3,-0.5705173024989334,"0.36349228070175427,0.13561461794019933,0.17108861502347417,0.3,0.44,0.13309547720505432","0,0,0"
43.4,1,AV,1,0,0,64,477.1303205766694,0.1,-0.47740000000000005,"0.8777411894273128,0.23005520504731863,0.24668915801614766,0.1,0.64,0.022946340609962184","0,0,0"
15.55,52,AV,2,0,0,39,985.8695826897422,0.7,-0.26435,"0.2514705673758866,0.11254731182795698,0.14681547619047625,0.7,0.39,0.04741283097259167","0,0,0"
43.3,73,AV,0,0,0,61,1244.4027248274256,0.7,-0.8566397553439158,"0.9429599567099565,0.21419169510807737,0.24085300546448085,0.7,0.61,0.05984630938009477","0,0,0"
84.03333333333333,289,AV,0,0,0,53,13079.31179296209,0.3,-1.103901826658855,"0.7975104844540852,0.17960491803278691,0.2112755102040817,0.3,0.53,0.6290154500817918","0,0,0"
93.16666666666667,82,AV,0,0,0,54,1342.087988935639,0.2,-1.2297661444231833,"0.8362662337662337,0.1839037267080745,0.21201509661835743,0.2,0.54,0.06454422784415724","0,0,0"
13.433333333333334,72,AV,1,0,0,42,1194.3606142611325,0.3,-0.17463333333333333,"0.31878156312625255,0.1261103368176539,0.1593144768856448,0.3,0.42,0.05743966435173499","0,0,0"
75.1,54,AV,0,0,0,48,1017.530975349866,0.2,-1.0486156597035525,"0.5802456687456686,0.1600084745762712,0.19434448356807504,0.2,0.48,0.048935503225503364","0,0,0"
117.25,25,AV,0,0,0,63,802.5586880039084,0.5,-1.9456522194165937,"0.8950644688644687,0.22684484649122816,0.24620874861572534,0.5,0.63,0.038596970723144074","0,0,0"
13.516666666666667,254,AV,0,0,0,28,5557.427333357366,0.1,-0.1756742395570917,"0.09137625178826894,0.0791683967704729,0.1130377049180328,0.1,0.28,0.26726999942532587","0,0,0"
90.9,207,AV,0,0,0,54,3398.605365942332,0.4,-1.31673575094748,"0.8362662337662337,0.1839037267080745,0.21201509661835743,0.4,0.54,0.16344707716647097","0,0,0"
23.466666666666665,87,AV,2,0,0,55,1460.8215047913693,0.2,-0.28159999999999996,"0.8805941220238093,0.1919989071038252,0.22053365906623223,0.2,0.55,0.07025440717912602","0,0,0"
3.283333333333333,225,AV,0,0,0,5,4223.122456076251,0.1,-0.07163540938845993,"0.03333333333333333,0.05769791666666666,0.0908472222222222,0.1,0.05,0.20310008007368746","0,0,0"
82.11666666666666,75,AV,0,0,0,52,1260.6549751070208,0.4,-1.2686191010191077,"0.7500878524945769,0.17481088664421993,0.20732836644591607,0.4,0.52,0.06062791904628244","0,0,0"
22.35,186,AV,2,0,0,55,3048.604611013583,0.5,-0.33525,"0.8805941220238093,0.1919989071038252,0.22053365906623223,0.5,0.55,0.14661470204800806","0,0,0"
93.0,142,AV,0,0,0,54,2318.2944376966047,0.1,-1.087702739031301,"0.8362662337662337,0.1839037267080745,0.21201509661835743,0.1,0.54,0.11149233554738845","0,0,0"
39.75,299,AV,1,0,0,78,20793.30768626012,0.3,-0.51675,"0.694402953586498,0.3297900355871885,0.2743961748633879,0.3,0.78,1.0","0,0,0"
26.583333333333332,59,AV,2,0,0,66,1047.1205397958274,0.9,-0.5050833333333332,"0.8038440029433407,0.24013612004287246,0.25238851351351355,0.9,0.66,0.050358536294239885","0,0,0"
27.883333333333333,115,AV,2,0,0,86,1832.3133019091129,0.1,-0.3067166666666667,"0.6792912317327766,0.33820059523809526,0.2770825027685493,0.1,0.86,0.08812033802202023","0,0,0"
80.48333333333333,0,AV,0,0,0,52,381.3218977270381,0.2,-1.3591684398774668,"0.7500878524945769,0.17481088664421993,0.20732836644591607,0.2,0.52,0.018338683940074114","0,0,0"
55.266666666666666,241,AV,0,0,0,67,4754.245589533712,0.4,-0.8052840803814494,"0.7609996345029241,0.2578338926174497,0.2581181917211329,0.4,0.67,0.22864306445459084","0,0,0"
5.083333333333333,224,AV,0,0,0,18,4200.245935785981,0.5,-0.11196219454603933,"0.03939928057553958,0.06475925925925925,0.10214044943820227,0.5,0.18,0.2019998933869206","0,0,0"
20.516666666666666,233,AV,1,0,0,58,4572.8741748457805,0.7,-0.34878333333333333,"0.946688710754843,0.20394263285024156,0.23142923976608185,0.7,0.58,0.21992047844641197","0,0,0"
80.35,197,AV,0,0,0,52,3278.222126324269,0.7,-1.4117065089307077,"0.7500878524945769,0.17481088664421993,0.20732836644591607,0.7,0.52,0.1576575586620336","0,0,0"
13.983333333333333,14,AV,2,0,0,36,636.6552097563458,0.1,-0.15381666666666668,"0.20748081023454162,0.10351705170517053,0.1389189814814815,0.1,0.36,0.030618274848933116","0,0,0"
85.56666666666666,12,AV,0,0,0,53,627.4062491148882,0.3,-1.3514462107604848,"0.7975104844540852,0.17960491803278691,0.2112755102040817,0.3,0.53,0.03017347016557005","0,0,0"
14.8,68,AV,2,0,0,37,1141.0395517097602,0.1,-0.16280000000000003,"0.21417744252873563,0.10548172043010755,0.1406206293706294,0.1,0.37,0.054875326664056465","0,0,0"
19.65,171,AV,2,0,0,44,2813.5576138103806,0.1,-0.21615,"0.36349228070175427,0.13561461794019933,0.17108861502347417,0.1,0.44,0.13531072863744203","0,0,0"
16.05,203,AV,1,0,0,45,3368.9508766880413,0.1,-0.17655,"0.4101659498207886,0.1411861761426979,0.17701295045045037,0.1,0.45,0.16202092170810273","0,0,0"
50.4,50,AV,0,0,0,46,979.5720138781878,0.9,-1.110728098674584,"0.4779885057471265,0.14953567447045701,0.18310157126823787,0.9,0.46,0.04710996579565228","0,0,0"
14.2,219,AV,1,0,0,43,3942.222625638348,0.2,-0.17039999999999997,"0.33395748987854246,0.1295,0.1645392857142857,0.2,0.43,0.18959093402168548","0,0,0"
8.933333333333334,172,AV,1,0,0,31,2818.3733061874163,0.4,-0.12506666666666666,"0.1250283154121864,0.08558810325476994,0.11882662192393735,0.4,0.31,0.13554232682517134","0,0,0"
8.45,206,AV,1,0,0,26,3393.6426315430986,0.1,-0.09295,"0.07227668845315902,0.07497923875432527,0.11040224358974354,0.1,0.26,0.1632084073754924","0,0,0"
115.61666666666666,133,AV,0,0,0,62,2212.8825544422834,0.1,-1.3395682230912105,"0.9402249084249084,0.21753538812785386,0.24430298189563365,0.1,0.62,0.1064228254509272","0,0,0"
22.716666666666665,44,AV,2,0,0,53,946.1123250925148,0.1,-0.24988333333333335,"0.7975104844540852,0.17960491803278691,0.2112755102040817,0.1,0.53,0.04550080917225548","0,0,0"
16.0,240,AV,1,0,0,45,4747.153558918807,0.2,-0.192,"0.4101659498207886,0.1411861761426979,0.17701295045045037,0.2,0.45,0.22830199170551635","0,0,0"
69.4,135,AV,0,0,0,69,2218.7455195521825,0.2,-0.9004057703229865,"0.7182401960784313,0.282824200913242,0.26477351738241306,0.2,0.69,0.1067047894942801","0,0,0"
26.433333333333334,232,AV,2,0,0,70,4569.840806868062,0.1,-0.2907666666666667,"0.7179358108108106,0.2901666666666667,0.26487245934959347,0.1,0.7,0.21977459651057532","0,0,0"
20.116666666666667,218,AV,2,0,0,50,3933.772930850901,0.1,-0.22128333333333333,"0.647806579898771,0.16609163987138265,0.19722974537037025,0.1,0.5,0.1891845679487672","0,0,0"
90.98333333333333,69,AV,0,0,0,54,1148.2139867956057,0.2,-1.222437670090237,"0.8362662337662337,0.1839037267080745,0.21201509661835743,0.2,0.54,0.05522036244162957","0,0,0"
15.916666666666666,9,AV,2,0,0,39,615.3970356119416,0.2,-0.19099999999999998,"0.2514705673758866,0.11254731182795698,0.14681547619047625,0.2,0.39,0.029595918306859183","0,0,0"
111.93333333333334,259,AV,0,0,0,60,5825.994272151124,0.6,-1.8166800115813735,"0.9505868200836821,0.20894614512471651,0.2364270833333334,0.6,0.6,0.28018602716107777","0,0,0"
19.15,131,AV,1,0,0,54,2193.4249838744518,0.4,-0.26809999999999995,"0.8362662337662337,0.1839037267080745,0.21201509661835743,0.4,0.54,0.10548706425018813","0,0,0"
10.416666666666666,6,AV,1,0,0,35,548.7192496267361,0.7,-0.17708333333333331,"0.1778563988095238,0.09746296296296297,0.13439365079365082,0.7,0.35,0.02638922377844295","0,0,0"
15.35,265,AV,0,0,0,29,6230.691172258436,0.9,-0.3157243756756651,"0.1145011086474501,0.08343979933110367,0.11724139784946239,0.9,0.29,0.29964887098629217","0,0,0"
10.233333333333333,127,AV,2,0,0,20,2113.1349678504243,0.2,-0.12279999999999999,"0.045106758832565284,0.06634974747474746,0.10292057291666667,0.2,0.2,0.10162572495605159","0,0,0"
18.483333333333334,49,AV,1,0,0,53,978.4447105201264,0.1,-0.2033166666666667,"0.7975104844540852,0.17960491803278691,0.2112755102040817,0.1,0.53,0.04705575107546101","0,0,0"
70.91666666666667,297,AV,0,0,0,92,18628.94525544202,0.6,-1.142718652323567,"0.6729371929824562,0.3448333333333332,0.2790948464912281,0.6,0.92,0.8959106235777834","0,0,0"
8.7,116,AV,1,0,0,26,1848.7234685638712,0.9,-0.16529999999999997,"0.07227668845315902,0.07497923875432527,0.11040224358974354,0.9,0.26,0.08890954226515282","0,0,0"
45.0,29,AV,0,0,0,62,816.2772675203604,0.1,-0.6787610894833092,"0.9402249084249084,0.21753538812785386,0.24430298189563365,0.1,0.62,0.03925673009012141","0,0,0"
10.35,292,AV,2,0,0,23,14505.369879802229,0.5,-0.15525,"0.050406103286384986,0.06895762711864407,0.1065495238095238,0.5,0.23,0.6975980011774241","0,0,0"
29.45,213,AV,0,0,0,39,3783.636689084741,0.4,-0.4519443983199361,"0.2514705673758866,0.11254731182795698,0.14681547619047625,0.4,0.39,0.18196415626480184","0,0,0"
18.8,210,AV,1,0,0,53,3724.6301341612702,0.3,-0.2444,"0.7975104844540852,0.17960491803278691,0.2112755102040817,0.3,0.53,0.17912638962306346","0,0,0"
19.116666666666667,105,AV,2,0,0,48,1661.9571573900298,0.3,-0.2485166666666667,"0.5802456687456686,0.1600084745762712,0.19434448356807504,0.3,0.48,0.07992750275552475","0,0,0"
41.65,7,AV,0,0,0,45,610.4868582393152,0.1,-0.7038555348130016,"0.4101659498207886,0.1411861761426979,0.17701295045045037,0.1,0.45,0.029359776109248604","0,0,0"
26.116666666666667,46,AV,2,0,0,65,948.3478854920526,0.2,-0.31339999999999996,"0.8398865638766522,0.23503613807982743,0.2501790123456791,0.2,0.65,0.04560832262962691","0,0,0"
52.233333333333334,173,AV,0,0,0,46,2853.537244729806,0.1,-0.6271330035094869,"0.4779885057471265,0.14953567447045701,0.18310157126823787,0.1,0.46,0.13723344490378397","0,0,0"
39.9,139,AV,1,0,0,65,2294.767722006211,0.3,-0.5186999999999999,"0.8398865638766522,0.23503613807982743,0.2501790123456791,0.3,0.65,0.11036087940556741","0,0,0"
98.08333333333333,15,AV,0,0,0,55,639.9143284368583,0.5,-1.7056563780637797,"0.8805941220238093,0.1919989071038252,0.22053365906623223,0.5,0.55,0.030775013677102628","0,0,0"
17.25,231,AV,0,0,0,31,4559.760277629775,0.5,-0.2916464662322055,"0.1250283154121864,0.08558810325476994,0.11882662192393735,0.5,0.31,0.21928979970044837","0,0,0"
108.76666666666667,110,AV,0,0,0,58,1782.711710770346,0.1,-1.280574812347448,"0.946688710754843,0.20394263285024156,0.23142923976608185,0.1,0.58,0.08573487862868172","0,0,0"
22.383333333333333,61,AV,0,0,0,35,1074.3823512953045,0.6,-0.4977484338784567,"0.1778563988095238,0.09746296296296297,0.13439365079365082,0.6,0.35,0.0516696221450731","0,0,0"
94.46666666666667,183,AV,0,0,0,54,3001.8426729260827,0.1,-1.0891026409698945,"0.8362662337662337,0.1839037267080745,0.21201509661835743,0.1,0.54,0.14436580837543475","0,0,0"
14.633333333333333,274,AV,2,0,0,35,7912.643587116454,0.1,-0.16096666666666665,"0.1778563988095238,0.09746296296296297,0.13439365079365082,0.1,0.35,0.38053799359420826","0,0,0"
28.266666666666666,10,AV,2,0,0,100,617.4453946714843,0.2,-0.3392,"0.6665017580872012,0.3465252347417841,0.27977373068432676,0.2,1.0,0.02969442880314238","0,0,0"
106.78333333333333,212,AV,0,0,0,57,3759.463069718096,0.1,-1.2145159813342925,"0.9345690131124913,0.20014909090909083,0.23018598233995582,0.1,0.57,0.18080158897481655","0,0,0"
87.41666666666667,211,AV,0,0,0,53,3729.3449139509553,0.2,-1.089221541171714,"0.7975104844540852,0.17960491803278691,0.2112755102040817,0.2,0.53,0.17935313468261935","0,0,0"
17.883333333333333,236,AV,1,0,0,51,4656.548587392589,0.1,-0.19671666666666665,"0.6780576086956522,0.16889735099337752,0.20004418344519004,0.1,0.51,0.22394458148039434","0,0,0"
19.633333333333333,62,AV,2,0,0,49,1076.386102050743,0.2,-0.23559999999999998,"0.6000801086218601,0.16289132882882892,0.19556898656898658,0.2,0.49,0.051765987321103386","0,0,0"
10.066666666666666,157,AV,2,0,0,23,2530.9644311939346,0.5,-0.151,"0.050406103286384986,0.06895762711864407,0.1065495238095238,0.5,0.23,0.12172014522087579","0,0,0"
99.76666666666667,144,AV,0,0,0,55,2337.3116255789537,0.3,-1.3611429614997723,"0.8805941220238093,0.1919989071038252,0.22053365906623223,0.3,0.55,0.11240691768935884","0,0,0"
103.4,91,AV,0,0,0,56,1509.578116022191,0.4,-1.546965510408469,"0.9252347670250899,0.19804850746268657,0.2273063200815495,0.4,0.56,0.07259922946360745","0,0,0"
57.15,204,AV,0,0,0,70,3382.383844415393,0.2,-0.7301474209018775,"0.7179358108108106,0.2901666666666667,0.26487245934959347,0.2,0.7,0.16266694531964326","0,0,0"
41.7,272,AV,0,0,0,45,7572.106998522375,0.1,-0.47850954574853094,"0.4101659498207886,0.1411861761426979,0.17701295045045037,0.1,0.45,0.3641607729166582","0,0,0"
31.25,38,AV,0,0,0,40,905.8209551718018,0.2,-0.5405956391200404,"0.2899057519057519,0.11947388888888888,0.15443906810035843,0.2,0.4,0.04356310063022602","0,0,0"
18.166666666666668,256,AV,1,0,0,51,5590.116807812239,0.1,-0.19983333333333336,"0.6780576086956522,0.16889735099337752,0.20004418344519004,0.1,0.51,0.26884211459565416","0,0,0"
15.533333333333333,113,AV,1,0,0,44,1805.1606101798543,0.1,-0.17086666666666667,"0.36349228070175427,0.13561461794019933,0.17108861502347417,0.1,0.44,0.08681450000245393","0,0,0"
18.166666666666668,285,AV,2,0,0,44,11185.875164713363,0.9,-0.3451666666666667,"0.36349228070175427,0.13561461794019933,0.17108861502347417,0.9,0.44,0.5379555448075637","0,0,0"
96.38333333333334,136,AV,0,0,0,54,2225.3307045190536,0.4,-1.4167723784089217,"0.8362662337662337,0.1839037267080745,0.21201509661835743,0.4,0.54,0.10702148682143131","0,0,0"
20.516666666666666,143,AV,2,0,0,51,2335.4036410281064,0.4,-0.2872333333333333,"0.6780576086956522,0.16889735099337752,0.20004418344519004,0.4,0.51,0.1123151581396212","0,0,0"
23.566666666666666,242,AV,1,0,0,73,4756.448820673547,0.2,-0.2828,"0.7096040756914119,0.30341419753086424,0.26936797188755013,0.2,0.73,0.22874902312038267","0,0,0"
17.55,81,AV,1,0,0,49,1297.4303329633815,0.4,-0.2457,"0.6000801086218601,0.16289132882882892,0.19556898656898658,0.4,0.49,0.06239653414164128","0,0,0"
12.883333333333333,187,AV,2,0,0,28,3065.2253709468137,0.1,-0.14171666666666669,"0.09137625178826894,0.0791683967704729,0.1130377049180328,0.1,0.28,0.14741403422661153","0,0,0"
1.6666666666666667,189,AV,0,0,0,66,3131.512437779759,0.8,-0.07790017698487889,"0.8038440029433407,0.24013612004287246,0.25238851351351355,0.8,0.66,0.15060193813459566","0,0,0"
18.183333333333334,132,AV,1,0,0,51,2198.5025098873134,0.2,-0.2182,"0.6780576086956522,0.16889735099337752,0.20004418344519004,0.2,0.51,0.10573125464497639","0,0,0"
40.43333333333333,80,AV,1,0,0,78,1293.252850487379,0.4,-0.5660666666666666,"0.694402953586498,0.3297900355871885,0.2743961748633879,0.4,0.78,0.06219562899759039","0,0,0"
75.06666666666666,107,AV,0,0,0,49,1697.366940102563,0.9,-1.5146388367944386,"0.6000801086218601,0.16289132882882892,0.19556898656898658,0.9,0.49,0.08163044406947123","0,0,0"
17.3,138,AV,0,0,0,31,2280.385817754286,0.3,-0.29067834278399407,"0.1250283154121864,0.08558810325476994,0.11882662192393735,0.3,0.31,0.10966921916233309","0,0,0"
17.85,18,AV,1,0,0,50,741.34301771214,0.1,-0.19635000000000002,"0.647806579898771,0.16609163987138265,0.19722974537037025,0.1,0.5,0.03565296242896494","0,0,0"
10.333333333333334,260,AV,2,0,0,28,5844.130995646287,0.1,-0.11366666666666668,"0.09137625178826894,0.0791683967704729,0.1130377049180328,0.1,0.28,0.28105826566054204","0,0,0"
28.95,3,AV,2,0,0,77,508.6019702527906,0.1,-0.31845,"0.700850611951044,0.3233080094228504,0.27223248407643313,0.1,0.77,0.024459887668034006","0,0,0"
8.65,244,AV,0,0,0,24,4950.077303955518,0.2,-0.1341025570691871,"0.05591642788920726,0.06947574334898278,0.10648068669527894,0.2,0.24,0.23806108093261413","0,0,0"
17.033333333333335,295,AV,1,0,0,47,16390.717038727882,0.2,-0.2044,"0.5307750357653791,0.15568418079096047,0.18866164994425869,0.2,0.47,0.7882688644846343","0,0,0"
26.633333333333333,202,AV,2,0,0,66,3366.895459871004,0.5,-0.39949999999999997,"0.8038440029433407,0.24013612004287246,0.25238851351351355,0.5,0.66,0.16192207178734694","0,0,0"
67.63333333333334,42,AV,0,0,0,77,934.0011274976006,0.4,-1.10746604453025,"0.700850611951044,0.3233080094228504,0.27223248407643313,0.4,0.77,0.04491835265414619","0,0,0"
19.45,164,AV,2,0,0,49,2750.2432356670683,0.3,-0.25285,"0.6000801086218601,0.16289132882882892,0.19556898656898658,0.3,0.49,0.13226578845290615","0,0,0"
9.7,163,AV,2,0,0,13,2744.255474143275,0.1,-0.1067,"0.03615925925925926,0.06307222222222224,0.10143279569892473,0.1,0.13,0.13197782265092123","0,0,0"
11.45,79,AV,2,0,0,24,1291.2118623687816,0.2,-0.1374,"0.05591642788920726,0.06947574334898278,0.10648068669527894,0.2,0.24,0.062097472987522495","0,0,0"
20.866666666666667,278,AV,2,0,0,54,8348.421721831439,0.4,-0.2921333333333333,"0.8362662337662337,0.1839037267080745,0.21201509661835743,0.4,0.54,0.4014956084811817","0,0,0"
6.7,216,AV,1,0,0,7,3824.993837156676,0.1,-0.07370000000000002,"0.03319727891156463,0.05786979166666668,0.0906866666666667,0.1,0.07,0.18395312063237393","0,0,0"
18.533333333333335,154,AV,1,0,0,51,2520.718778515204,0.4,-0.2594666666666667,"0.6780576086956522,0.16889735099337752,0.20004418344519004,0.4,0.51,0.12122740722876209","0,0,0"
24.116666666666667,93,AV,0,0,0,35,1527.6889462703334,0.5,-0.4599375272228727,"0.1778563988095238,0.09746296296296297,0.13439365079365082,0.5,0.35,0.07347022269476662","0,0,0"
19.95,156,AV,1,0,0,55,2528.765907819195,0.1,-0.21945,"0.8805941220238093,0.1919989071038252,0.22053365906623223,0.1,0.55,0.12161441296279007","0,0,0"
59.18333333333333,279,AV,0,0,0,72,8436.938288223368,0.4,-0.8463456280476425,"0.7099839533187453,0.30022924411400254,0.2679865269461078,0.4,0.72,0.4057525822983113","0,0,0"
16.583333333333332,51,AV,1,0,0,47,979.573716991658,0.2,-0.19899999999999998,"0.5307750357653791,0.15568418079096047,0.18866164994425869,0.2,0.47,0.04711004770246075","0,0,0"
10.633333333333333,192,AV,2,0,0,25,3159.4556453821087,0.1,-0.11696666666666668,"0.06175257323832145,0.07115098039215687,0.1081007194244604,0.1,0.25,0.15194579395705407","0,0,0"
22.083333333333332,4,AV,2,0,0,52,513.3463032142733,0.1,-0.24291666666666667,"0.7500878524945769,0.17481088664421993,0.20732836644591607,0.1,0.52,0.024688054010448962","0,0,0"
114.13333333333334,39,AV,0,0,0,60,921.9548251796884,0.5,-1.8746977764021844,"0.9505868200836821,0.20894614512471651,0.2364270833333334,0.5,0.6,0.04433901710543634","0,0,0"
51.88333333333333,114,AV,0,0,0,64,1823.811293294481,0.7,-0.9642620176805011,"0.8777411894273128,0.23005520504731863,0.24668915801614766,0.7,0.64,0.08771145605177698","0,0,0"
15.2,102,AV,2,0,0,38,1635.9686818612918,0.1,-0.16720000000000002,"0.23635403508771938,0.11014161220043577,0.14497670250896058,0.1,0.38,0.07867765468320913","0,0,0"
114.08333333333333,226,AV,0,0,0,60,4227.85786318916,0.3,-1.5185622933300758,"0.9505868200836821,0.20894614512471651,0.2364270833333334,0.3,0.6,0.20332781715065273","0,0,0"
24.15,13,AV,0,0,0,35,632.5893922142865,0.3,-0.5510706375670433,"0.1778563988095238,0.09746296296296297,0.13439365079365082,0.3,0.35,0.030422739939172414","0,0,0"
13.966666666666667,255,AV,2,0,0,34,5578.433439706214,0.6,-0.22346666666666667,"0.1529225925925926,0.09091114790286976,0.12527813852813852,0.6,0.34,0.2682802334230043","0,0,0"
101.7,179,AV,0,0,0,55,2965.4163440895786,0.5,-1.5760831163637334,"0.8805941220238093,0.1919989071038252,0.22053365906623223,0.5,0.55,0.14261397892212588","0,0,0"
27.466666666666665,43,AV,0,0,0,38,938.3100494872764,0.4,-0.5443952042383342,"0.23635403508771938,0.11014161220043577,0.14497670250896058,0.4,0.38,0.04512557903941836","0,0,0"
26.45,8,AV,2,0,0,67,614.9217871931492,0.2,-0.3174,"0.7609996345029241,0.2578338926174497,0.2581181917211329,0.2,0.67,0.029573062471416202","0,0,0"
76.93333333333334,65,AV,0,0,0,51,1117.0806745336297,0.5,-1.2882785739826925,"0.6780576086956522,0.16889735099337752,0.20004418344519004,0.5,0.51,0.05372308684066549","0,0,0"
20.933333333333334,293,AV,0,0,0,34,14754.343640924068,0.5,-0.32416649765320266,"0.1529225925925926,0.09091114790286976,0.12527813852813852,0.5,0.34,0.7095717460418045","0,0,0"
23.1,252,AV,2,0,0,59,5458.612723313221,0.4,-0.3234,"0.9496796765119552,0.2061868512110726,0.23403984287317622,0.4,0.59,0.2625177680086071","0,0,0"
99.78333333333333,137,AV,0,0,0,55,2276.662146114732,0.6,-1.6624192621067284,"0.8805941220238093,0.1919989071038252,0.22053365906623223,0.6,0.55,0.1094901388690128","0,0,0"
24.816666666666666,36,AV,2,0,0,60,870.7377108213431,0.1,-0.27298333333333336,"0.9505868200836821,0.20894614512471651,0.2364270833333334,0.1,0.6,0.04187586332869553","0,0,0"
25.816666666666666,31,AV,0,0,0,35,825.4433072334436,0.9,-0.6722372023903617,"0.1778563988095238,0.09746296296296297,0.13439365079365082,0.9,0.35,0.039697546907310144","0,0,0"
66.01666666666667,181,AV,0,0,0,68,2969.8754393798326,0.1,-0.7766905020889775,"0.7348818518518517,0.26761130742049466,0.26084250764526007,0.1,0.68,0.1428284275013291","0,0,0"
110.53333333333333,287,AV,0,0,0,59,11662.42845360034,0.1,-1.228728481904958,"0.9496796765119552,0.2061868512110726,0.23403984287317622,0.1,0.59,0.5608741345806508","0,0,0"
82.28333333333333,290,AV,0,0,0,52,13748.957190518822,0.6,-1.327443251658153,"0.7500878524945769,0.17481088664421993,0.20732836644591607,0.6,0.52,0.6612203021265304","0,0,0"
108.73333333333333,185,AV,0,0,0,58,3031.4508351358254,0.5,-1.6804812577071793,"0.946688710754843,0.20394263285024156,0.23142923976608185,0.5,0.58,0.14578973585520302","0,0,0"
34.63333333333333,152,AV,0,0,0,41,2478.182963693478,0.4,-0.545394885203219,"0.3028635752688172,0.12303450292397664,0.158415770609319,0.4,0.41,0.1191817579523926","0,0,0"
46.71666666666667,97,AV,0,0,0,62,1588.8002265047048,0.3,-0.7017275293400651,"0.9402249084249084,0.21753538812785386,0.24430298189563365,0.3,0.62,0.07640921062090368","0,0,0"
48.266666666666666,223,AV,1,0,0,75,4159.866430607663,0.1,-0.5309333333333334,"0.7000296852646639,0.3128471223021582,0.2700126582278482,0.1,0.75,0.20005794620912742","0,0,0"
15.516666666666667,28,AV,1,0,0,43,814.1496548969513,0.2,-0.1862,"0.33395748987854246,0.1295,0.1645392857142857,0.2,0.43,0.039154408100012306","0,0,0"
3.45,37,AV,0,0,0,15,871.0408974081768,0.1,-0.21015775792081873,"0.0379712643678161,0.06306481481481484,0.10056060606060607,0.1,0.15,0.04189044429827518","0,0,0"
13.05,280,AV,1,0,0,41,8480.737499651503,0.1,-0.14355,"0.3028635752688172,0.12303450292397664,0.158415770609319,0.1,0.41,0.407858991345347","0,0,0"
25.45,64,AV,2,0,0,64,1111.987968807459,0.3,-0.33085000000000003,"0.8777411894273128,0.23005520504731863,0.24668915801614766,0.3,0.64,0.05347816641708441","0,0,0"
43.53333333333333,214,AV,0,0,0,45,3803.247088152212,0.1,-0.5183066495347997,"0.4101659498207886,0.1411861761426979,0.17701295045045037,0.1,0.45,0.18290726735435825","0,0,0"
12.033333333333333,118,AV,0,0,0,27,1900.764377468582,0.1,-0.2112822870234457,"0.0836508620689655,0.07726836158192091,0.11173643410852713,0.1,0.27,0.09141231429593938","0,0,0"
8.75,209,AV,1,0,0,22,3531.3895067900216,0.3,-0.11374999999999999,"0.04834722222222222,0.06696562500000001,0.10347798742138364,0.3,0.22,0.16983298473111647","0,0,0"
62.733333333333334,21,AV,0,0,0,64,761.8437659652793,0.2,-0.9496907625173586,"0.8777411894273128,0.23005520504731863,0.24668915801614766,0.2,0.64,0.03663889254467645","0,0,0"
44.583333333333336,199,AV,1,0,0,67,3313.1900178081896,0.1,-0.4904166666666667,"0.7609996345029241,0.2578338926174497,0.2581181917211329,0.1,0.67,0.1593392483677569","0,0,0"
47.63333333333333,239,AV,1,0,0,88,4669.869929992837,0.1,-0.5239666666666667,"0.6770967292971466,0.34052582159624406,0.2776414141414142,0.1,0.88,0.224585236772051","0,0,0"
60.43333333333333,296,AV,0,0,0,71,17322.90883950548,0.1,-0.6734257204889623,"0.7177424576894775,0.2981435523114356,0.26682232232232234,0.1,0.71,0.833100202280572","0,0,0"
33.016666666666666,2,AV,0,0,0,40,497.26542980048754,0.1,-0.66483309824899,"0.2899057519057519,0.11947388888888888,0.15443906810035843,0.1,0.4,0.023914686268460907","0,0,0"
26.15,95,AV,1,0,0,62,1567.0706205360798,0.4,-0.3661,"0.9402249084249084,0.21753538812785386,0.24430298189563365,0.4,0.62,0.07536418179256658","0,0,0"
85.66666666666667,174,AV,0,0,0,53,2857.8751728516777,0.3,-1.1661532138136246,"0.7975104844540852,0.17960491803278691,0.2112755102040817,0.3,0.53,0.13744206626346972","0,0,0"
15.166666666666666,41,AV,1,0,0,43,932.1411738504048,0.5,-0.2275,"0.33395748987854246,0.1295,0.1645392857142857,0.5,0.43,0.04482890302567631","0,0,0"
17.616666666666667,275,AV,1,0,0,49,8028.27043643778,0.4,-0.24663333333333332,"0.6000801086218601,0.16289132882882892,0.19556898656898658,0.4,0.49,0.3860987658900816","0,0,0"
84.21666666666667,60,AV,0,0,0,52,1068.5648373754009,0.2,-1.1509751974175273,"0.7500878524945769,0.17481088664421993,0.20732836644591607,0.2,0.52,0.05138984395837567","0,0,0"
36.21666666666667,70,AV,0,0,0,43,1150.2916000513435,0.6,-0.7098683839297544,"0.33395748987854246,0.1295,0.1645392857142857,0.6,0.43,0.05532027984231857","0,0,0"
37.05,101,AV,1,0,0,79,1626.914224999384,0.4,-0.5186999999999999,"0.6913606321839082,0.3349782096584217,0.27441214057508,0.4,0.79,0.07824220415275356","0,0,0"
27.1,78,AV,2,0,0,70,1275.9312017726234,0.2,-0.3252,"0.7179358108108106,0.2901666666666667,0.26487245934959347,0.2,0.7,0.06136258939772906","0,0,0"
27.066666666666666,258,AV,2,0,0,79,5721.231751015957,0.9,-0.5142666666666666,"0.6913606321839082,0.3349782096584217,0.27441214057508,0.9,0.79,0.2751477464451918","0,0,0"
34.61666666666667,119,AV,0,0,0,42,1921.5023446668008,0.1,-0.45884725056785064,"0.31878156312625255,0.1261103368176539,0.1593144768856448,0.1,0.42,0.09240965283924012","0,0,0"
15.933333333333334,196,AV,2,0,0,41,3269.866339895674,0.2,-0.19119999999999998,"0.3028635752688172,0.12303450292397664,0.158415770609319,0.2,0.41,0.15725570886715387","0,0,0"
24.95,66,AV,1,0,0,62,1129.1321270070612,0.5,-0.37424999999999997,"0.9402249084249084,0.21753538812785386,0.24430298189563365,0.5,0.62,0.05430267007269716","0,0,0"
15.583333333333334,262,AV,1,0,0,42,5960.007005011629,0.1,-0.1714166666666667,"0.31878156312625255,0.1261103368176539,0.1593144768856448,0.1,0.42,0.2866310206600706","0,0,0"
110.2,153,AV,0,0,0,59,2496.2043409386315,0.1,-1.2722912343352455,"0.9496796765119552,0.2061868512110726,0.23403984287317622,0.1,0.59,0.1200484491742544","0,0,0"
112.23333333333333,165,AV,0,0,0,59,2754.938443140308,0.2,-1.401247677541941,"0.9496796765119552,0.2061868512110726,0.23403984287317622,0.2,0.59,0.13249159223285706","0,0,0"
94.81666666666666,281,AV,0,0,0,54,8987.822610831106,0.3,-1.2493059146074568,"0.8362662337662337,0.1839037267080745,0.21201509661835743,0.3,0.54,0.4322459296252377","0,0,0"
25.6,158,AV,2,0,0,66,2563.744074524839,0.2,-0.3072,"0.8038440029433407,0.24013612004287246,0.25238851351351355,0.2,0.66,0.1232965968285517","0,0,0"
15.633333333333333,17,AV,1,0,0,44,682.056612603955,0.3,-0.20323333333333332,"0.36349228070175427,0.13561461794019933,0.17108861502347417,0.3,0.44,0.03280173712115302","0,0,0"
24.45,57,AV,1,0,0,73,1038.299283744561,0.2,-0.2934,"0.7096040756914119,0.30341419753086424,0.26936797188755013,0.2,0.73,0.04993430094965855","0,0,0"
20.683333333333334,294,AV,2,0,0,52,15725.918848752755,0.2,-0.2482,"0.7500878524945769,0.17481088664421993,0.20732836644591607,0.2,0.52,0.7562971262693423","0,0,0"
50.13333333333333,130,AV,0,0,0,62,2139.4702648744856,0.6,-0.8722441464924029,"0.9402249084249084,0.21753538812785386,0.24430298189563365,0.6,0.62,0.10289225250527183","0,0,0"
12.05,230,AV,1,0,0,38,4549.115907877681,0.3,-0.15665,"0.23635403508771938,0.11014161220043577,0.14497670250896058,0.3,0.38,0.21877788644870882","0,0,0"
11.15,151,AV,1,0,0,37,2476.7926805910606,0.4,-0.1561,"0.21417744252873563,0.10548172043010755,0.1406206293706294,0.4,0.37,0.1191148959060364","0,0,0"
9.35,276,AV,1,0,0,31,8029.700924090037,0.4,-0.1309,"0.1250283154121864,0.08558810325476994,0.11882662192393735,0.4,0.31,0.386167561469594","0,0,0"
24.683333333333334,32,AV,2,0,0,54,832.3173438658397,0.2,-0.2962,"0.8362662337662337,0.1839037267080745,0.21201509661835743,0.2,0.54,0.0400281358033201","0,0,0"
29.383333333333333,178,AV,0,0,0,39,2953.761118311176,0.7,-0.5502993786030209,"0.2514705673758866,0.11254731182795698,0.14681547619047625,0.7,0.39,0.14205345118145746","0,0,0"
67.85,271,AV,0,0,0,63,7177.938863287724,0.2,-0.8350973638333964,"0.8950644688644687,0.22684484649122816,0.24620874861572534,0.2,0.63,0.345204282627472","0,0,0"
17.633333333333333,96,AV,1,0,0,46,1572.8756307612184,0.1,-0.1939666666666667,"0.4779885057471265,0.14953567447045701,0.18310157126823787,0.1,0.46,0.07564335864661634","0,0,0"
117.26666666666667,277,AV,0,0,0,63,8331.964781214912,0.6,-1.8942696232247873,"0.8950644688644687,0.22684484649122816,0.24620874861572534,0.6,0.63,0.4007041547661289","0,0,0"
62.9,141,AV,0,0,0,64,2318.1098695731453,0.1,-0.7566078906694017,"0.8777411894273128,0.23005520504731863,0.24668915801614766,0.1,0.64,0.1114834592239942","0,0,0"
12.2,63,AV,1,0,0,38,1097.8259349569896,0.3,-0.1586,"0.23635403508771938,0.11014161220043577,0.14497670250896058,0.3,0.38,0.05279708026839882","0,0,0"
21.433333333333334,58,AV,2,0,0,54,1040.734547163155,0.9,-0.40723333333333334,"0.8362662337662337,0.1839037267080745,0.21201509661835743,0.9,0.54,0.05005141860382586","0,0,0"
7.1,123,AV,1,0,0,20,1996.532829496936,0.1,-0.0781,"0.045106758832565284,0.06634974747474746,0.10292057291666667,0.1,0.2,0.0960180486732379","0,0,0"
23.266666666666666,288,AV,2,0,0,59,11940.25564443948,0.9,-0.4420666666666666,"0.9496796765119552,0.2061868512110726,0.23403984287317622,0.9,0.59,0.5742355100304415","0,0,0"
96.5,268,AV,0,0,0,54,6778.2755320215965,0.3,-1.276629522367655,"0.8362662337662337,0.1839037267080745,0.21201509661835743,0.3,0.54,0.3259835151913118","0,0,0"
45.35,248,AV,0,0,0,45,5003.647877951615,0.2,-0.5741781286890649,"0.4101659498207886,0.1411861761426979,0.17701295045045037,0.2,0.45,0.24063741822365012","0,0,0"
26.416666666666668,88,AV,2,0,0,66,1475.2077210572677,0.1,-0.29058333333333336,"0.8038440029433407,0.24013612004287246,0.25238851351351355,0.1,0.66,0.07094627479744654","0,0,0"
20.833333333333332,35,AV,0,0,0,34,863.3540159882258,0.2,-0.4237410114763926,"0.1529225925925926,0.09091114790286976,0.12527813852813852,0.2,0.34,0.04152076374836295","0,0,0"
101.65,89,AV,0,0,0,55,1485.5718097438446,0.3,-1.4224212213278093,"0.8805941220238093,0.1919989071038252,0.22053365906623223,0.3,0.55,0.07144470866102204","0,0,0"
11.466666666666667,27,AV,1,0,0,37,807.7368269013535,0.3,-0.14906666666666668,"0.21417744252873563,0.10548172043010755,0.1406206293706294,0.3,0.37,0.0388459998326814","0,0,0"
12.1,22,AV,2,0,0,30,767.6170681366935,0.4,-0.1694,"0.12224873463485178,0.08500770077007701,0.11848423423423421,0.4,0.3,0.036916544482430876","0,0,0"
23.533333333333335,134,AV,2,0,0,62,2218.0502812558643,0.9,-0.4471333333333333,"0.9402249084249084,0.21753538812785386,0.24430298189563365,0.9,0.62,0.10667135381839783","0,0,0"
73.5,243,AV,0,0,0,47,4924.983441788647,0.2,-0.9124569551903962,"0.5307750357653791,0.15568418079096047,0.18866164994425869,0.2,0.47,0.2368542569609065","0,0,0"
20.4,83,AV,1,0,0,57,1365.417472605012,0.1,-0.22440000000000002,"0.9345690131124913,0.20014909090909083,0.23018598233995582,0.1,0.57,0.06566619862539994","0,0,0"
87.35,148,AV,0,0,0,53,2421.832203454489,0.6,-1.4595365783418193,"0.7975104844540852,0.17960491803278691,0.2112755102040817,0.6,0.53,0.11647171484192467","0,0,0"
46.9,30,AV,0,0,0,45,822.5771428470101,0.1,-0.6982537175867021,"0.4101659498207886,0.1411861761426979,0.17701295045045037,0.1,0.45,0.039559706192899544","0,0,0"
33.03333333333333,249,AV,0,0,0,40,5004.1281918097375,0.1,-0.39334191794929874,"0.2899057519057519,0.11947388888888888,0.15443906810035843,0.1,0.4,0.24066051766821034","0,0,0"
30.516666666666666,47,AV,1,0,0,66,954.0002559944874,0.1,-0.33568333333333333,"0.8038440029433407,0.24013612004287246,0.25238851351351355,0.1,0.66,0.045880158673594545","0,0,0"
18.883333333333333,146,AV,0,0,0,33,2392.7441380289174,0.9,-0.42147286106677756,"0.14414578754578752,0.08805479452054796,0.12202875399361025,0.9,0.33,0.1150728000629743","0,0,0"
8.75,98,AV,1,0,0,26,1594.6992934726818,0.3,-0.11374999999999999,"0.07227668845315902,0.07497923875432527,0.11040224358974354,0.3,0.26,0.07669291088913349","0,0,0"
103.3,128,AV,0,0,0,56,2117.047321722312,0.1,-1.207153399667027,"0.9252347670250899,0.19804850746268657,0.2273063200815495,0.1,0.56,0.10181387943012177","0,0,0"
27.25,298,AV,2,0,0,70,19040.472291926453,0.5,-0.40875000000000006,"0.7179358108108106,0.2901666666666667,0.26487245934959347,0.5,0.7,0.91570194503052","0,0,0"
13.883333333333333,26,AV,2,0,0,34,806.3598325453933,0.1,-0.1527166666666667,"0.1529225925925926,0.09091114790286976,0.12527813852813852,0.1,0.34,0.03877977687399022","0,0,0"
26.05,147,AV,1,0,0,65,2421.0391237858234,0.4,-0.36469999999999997,"0.8398865638766522,0.23503613807982743,0.2501790123456791,0.4,0.65,0.11643357373995898","0,0,0"
18.733333333333334,195,AV,1,0,0,51,3230.862018062417,0.5,-0.281,"0.6780576086956522,0.16889735099337752,0.20004418344519004,0.5,0.51,0.15537989755219744","0,0,0"
19.033333333333335,283,AV,2,0,0,44,9884.322174397852,0.2,-0.22840000000000002,"0.36349228070175427,0.13561461794019933,0.17108861502347417,0.2,0.44,0.47536074219347274","0,0,0"
118.7,228,AV,0,0,0,69,4459.768546990965,0.1,-1.3393340324435012,"0.7182401960784313,0.282824200913242,0.26477351738241306,0.1,0.69,0.21448095773323778","0,0,0"
26.3,40,AV,2,0,0,66,932.0432837729122,0.5,-0.3945,"0.8038440029433407,0.24013612004287246,0.25238851351351355,0.5,0.66,0.04482419525724574","0,0,0"
18.783333333333335,19,AV,1,0,0,51,743.7818724069466,0.4,-0.2629666666666667,"0.6780576086956522,0.16889735099337752,0.20004418344519004,0.4,0.51,0.035770252796212196","0,0,0"
22.55,126,AV,0,0,0,34,2046.5713793034688,0.9,-0.5017433146221614,"0.1529225925925926,0.09091114790286976,0.12527813852813852,0.9,0.34,0.09842452245612708","0,0,0"
8.416666666666666,106,AV,1,0,0,25,1682.490559712908,0.2,-0.10099999999999999,"0.06175257323832145,0.07115098039215687,0.1081007194244604,0.2,0.25,0.08091500328370894","0,0,0"
48.55,48,AV,0,0,0,45,961.7772661313056,0.4,-0.8356612659627176,"0.4101659498207886,0.1411861761426979,0.17701295045045037,0.4,0.45,0.04625417372950396","0,0,0"
13.766666666666667,182,AV,0,0,0,28,2971.291490045772,0.2,-0.2156830981754972,"0.09137625178826894,0.0791683967704729,0.1130377049180328,0.2,0.28,0.14289652877156978","0,0,0"
73.48333333333333,67,AV,0,0,0,47,1135.438045570021,0.1,-0.9404242709390741,"0.5307750357653791,0.15568418079096047,0.18866164994425869,0.1,0.47,0.0546059368091927","0,0,0"
22.55,170,AV,2,0,0,53,2797.307504072895,0.2,-0.2706,"0.7975104844540852,0.17960491803278691,0.2112755102040817,0.2,0.53,0.13452922191505445","0,0,0"
54.53333333333333,74,AV,0,0,0,46,1249.5878531833848,0.3,-0.8289729124776631,"0.4779885057471265,0.14953567447045701,0.18310157126823787,0.3,0.46,0.06009567462944302","0,0,0"
66.15,291,AV,0,0,0,67,14297.77376075636,0.2,-0.8042911437619549,"0.7609996345029241,0.2578338926174497,0.2581181917211329,0.2,0.67,0.6876142062863859","0,0,0"
13.0,180,AV,1,0,0,39,2966.188350320237,0.4,-0.182,"0.2514705673758866,0.11254731182795698,0.14681547619047625,0.4,0.39,0.14265110655195307","0,0,0"
19.883333333333333,111,AV,1,0,0,55,1794.439334206041,0.2,-0.23859999999999998,"0.8805941220238093,0.1919989071038252,0.22053365906623223,0.2,0.55,0.08629888814619799","0,0,0"
6.833333333333333,125,AV,1,0,0,19,2044.1603053436156,0.2,-0.08199999999999999,"0.041570987654321,0.06577981651376147,0.10297833333333335,0.2,0.19,0.09830856813100321","0,0,0"
5.783333333333333,251,AV,1,0,0,3,5434.023139443809,0.5,-0.08675,"nan,nan,nan,0.5,0.03,0.26133519598878074","0,0,0"
16.083333333333332,84,AV,1,0,0,46,1389.0632502942228,0.5,-0.24125,"0.4779885057471265,0.14953567447045701,0.18310157126823787,0.5,0.46,0.0668033807440888","0,0,0"
22.566666666666666,184,AV,2,0,0,55,3017.17067826153,0.1,-0.24823333333333333,"0.8805941220238093,0.1919989071038252,0.22053365906623223,0.1,0.55,0.14510296888720728","0,0,0"
25.966666666666665,108,AV,0,0,0,37,1716.9764066453156,0.2,-0.3989628778004439,"0.21417744252873563,0.10548172043010755,0.1406206293706294,0.2,0.37,0.08257351031167907","0,0,0"
15.95,263,AV,2,0,0,39,5984.209260784091,0.3,-0.20735,"0.2514705673758866,0.11254731182795698,0.14681547619047625,0.3,0.39,0.28779496514344177","0,0,0"
10.116666666666667,76,AV,0,0,0,25,1261.43865123121,0.9,-0.311128513749832,"0.06175257323832145,0.07115098039215687,0.1081007194244604,0.9,0.25,0.060665607909257666","0,0,0"
16.266666666666666,77,AV,2,0,0,42,1275.6237969650936,0.6,-0.26026666666666665,"0.31878156312625255,0.1261103368176539,0.1593144768856448,0.6,0.42,0.06134780556380672","0,0,0"
48.78333333333333,16,AV,0,0,0,45,676.2529471816457,0.4,-0.9047771602477157,"0.4101659498207886,0.1411861761426979,0.17701295045045037,0.4,0.45,0.03252262494189429","0,0,0"
10.583333333333334,201,AV,1,0,0,35,3362.377553451843,0.4,-0.14816666666666667,"0.1778563988095238,0.09746296296296297,0.13439365079365082,0.4,0.35,0.16170479484000747","0,0,0"
41.68333333333333,237,AV,1,0,0,65,4660.29795945294,0.9,-0.7919833333333332,"0.8398865638766522,0.23503613807982743,0.2501790123456791,0.9,0.65,0.2241248977685445","0,0,0"
16.05,94,AV,1,0,0,45,1541.4014724042315,0.2,-0.1926,"0.4101659498207886,0.1411861761426979,0.17701295045045037,0.2,0.45,0.07412969094006937","0,0,0"
31.15,193,AV,0,0,0,39,3169.820795106812,0.3,-0.4522712871312953,"0.2514705673758866,0.11254731182795698,0.14681547619047625,0.3,0.39,0.15244427884849596","0,0,0"
69.58333333333333,235,AV,0,0,0,68,4635.813442599864,0.5,-1.0761067809311748,"0.7348818518518517,0.26761130742049466,0.26084250764526007,0.5,0.68,0.222947378673338","0,0,0"
23.433333333333334,45,AV,2,0,0,60,946.2003450753726,0.1,-0.2577666666666667,"0.9505868200836821,0.20894614512471651,0.2364270833333334,0.1,0.6,0.04550504226418034","0,0,0"
118.85,217,AV,0,0,0,76,3866.930621896856,0.6,-1.9403904554456215,"0.6980464539007091,0.3199269323671497,0.27151326963906586,0.6,0.76,0.18596996111648273","0,0,0"
13.616666666666667,267,AV,2,0,0,33,6434.117121135291,0.2,-0.1634,"0.14414578754578752,0.08805479452054796,0.12202875399361025,0.2,0.33,0.3094321123996473","0,0,0"
36.7,215,AV,0,0,0,43,3822.7735841463273,0.2,-0.47963852582378275,"0.33395748987854246,0.1295,0.1645392857142857,0.2,0.43,0.18384634334403438","0,0,0"
89.16666666666667,194,AV,0,0,0,53,3225.188153267811,0.3,-1.2056755811459716,"0.7975104844540852,0.17960491803278691,0.2112755102040817,0.3,0.53,0.15510702779620594","0,0,0"
15.15,162,AV,2,0,0,37,2722.266725979925,0.6,-0.2424,"0.21417744252873563,0.10548172043010755,0.1406206293706294,0.6,0.37,0.13092033105337805","0,0,0"
22.066666666666666,122,AV,2,0,0,50,1963.0347272178835,0.1,-0.24273333333333336,"0.647806579898771,0.16609163987138265,0.19722974537037025,0.1,0.5,0.09440704465288248","0,0,0"
115.75,109,AV,0,0,0,61,1778.835052690156,0.2,-1.4733248505661911,"0.9429599567099565,0.21419169510807737,0.24085300546448085,0.2,0.61,0.08554844085078303","0,0,0"
14.033333333333333,205,AV,2,0,0,36,3386.12741774329,0.6,-0.22453333333333336,"0.20748081023454162,0.10351705170517053,0.1389189814814815,0.6,0.36,0.16284698273285247","0,0,0"
27.133333333333333,149,AV,1,0,0,62,2446.4664131825853,0.9,-0.5155333333333333,"0.9402249084249084,0.21753538812785386,0.24430298189563365,0.9,0.62,0.11765643302624577","0,0,0"
76.93333333333334,55,AV,0,0,0,49,1020.7360413649084,0.2,-1.0701527810533886,"0.6000801086218601,0.16289132882882892,0.19556898656898658,0.2,0.49,0.04908964253144747","0,0,0"
26.05,257,AV,1,0,0,62,5654.280440205098,0.3,-0.33865,"0.9402249084249084,0.21753538812785386,0.24430298189563365,0.3,0.62,0.2719278974523786","0,0,0"
22.2,286,AV,2,0,0,51,11515.391842589095,0.5,-0.333,"0.6780576086956522,0.16889735099337752,0.20004418344519004,0.5,0.51,0.5538027915682833","0,0,0"
19.066666666666666,161,AV,0,0,0,33,2648.588416164911,0.3,-0.3045006076310375,"0.14414578754578752,0.08805479452054796,0.12202875399361025,0.3,0.33,0.1273769645564883","0,0,0"
16.933333333333334,270,AV,1,0,0,48,7128.986247371214,0.6,-0.27093333333333336,"0.5802456687456686,0.1600084745762712,0.19434448356807504,0.6,0.48,0.34285003400790975","0,0,0"
7.083333333333333,155,AV,1,0,0,11,2520.757475212996,0.5,-0.10625,"0.03498148148148148,0.0604280303030303,0.09714728682170543,0.5,0.11,0.12122926824569963","0,0,0"
