travel_time,id,kind,action,origin,destination,start_time,income,urgency,reward,observation,cost_table
11.566666666666666,38,AV,1,0,0,2,912.6272274022258,0.1,-0.043983562209523944,"0.3664754901960784,0.3157549668874173,0.4278,0.1,0.02,0.055679518183730216","0,0,0"
19.1,199,AV,1,0,0,15,3480.90175047103,0.9,-2.493195878774875,"0.30015350877192987,0.268172514619883,0.3343333333333333,0.9,0.15,0.2123703156028121","0,0,0"
21.8,49,AV,1,0,0,19,1017.530975349866,0.7,-0.6469801118266231,"0.33879523809523804,0.29789160839160844,0.3305,0.7,0.19,0.06207971090865948","0,0,0"
15.433333333333334,271,AV,1,0,0,3,6248.181898567973,0.1,-0.40179280819957935,"0.30619148936170215,0.2881946564885496,0.3430138888888889,0.1,0.03,0.38120247477915753","0,0,0"
12.066666666666666,117,AV,0,0,0,12,2105.159940183184,0.1,-10.10584276365921,"0.274137037037037,0.28852038369304556,0.3459166666666667,0.1,0.12,0.1284361102207503","0,0,0"
41.483333333333334,16,AV,2,0,0,74,743.7553910389753,0.2,-0.2571121067077791,"0.3950555555555556,0.33162109374999993,0.32283333333333336,0.2,0.74,0.04537662319968277","0,0,0"
12.266666666666667,178,AV,0,0,0,14,3065.2253709468137,0.2,-10.31333414903012,"0.22370833333333337,0.26915037593984964,0.2754375,0.2,0.14,0.18700984000299187","0,0,0"
20.866666666666667,93,AV,1,0,0,14,1653.1781197118603,0.7,-1.0061425723024127,"0.4285380952380952,0.3188541666666667,0.3407727272727273,0.7,0.14,0.10086063445581676","0,0,0"
19.1,281,AV,0,0,0,24,7897.119961473183,0.1,-10.628479130267241,"0.28553153153153155,0.305923076923077,0.34793333333333337,0.1,0.24,0.4818044227603904","0,0,0"
48.266666666666666,203,AV,0,0,0,74,3580.4564780460023,0.2,-11.440139161169615,"0.24310416666666665,0.2648838028169014,0.2993205128205128,0.2,0.74,0.2184441638267638","0,0,0"
29.633333333333333,32,AV,1,0,0,50,861.805442805673,0.3,-0.319227099439268,"0.3461801801801802,0.34460150375939846,0.3627833333333333,0.3,0.5,0.052578873808229655","0,0,0"
32.4,275,AV,1,0,0,59,6947.27484286379,0.2,-1.8757642075732235,"0.29769298245614034,0.28227980535279806,0.32313333333333333,0.2,0.59,0.4238542356901661","0,0,0"
41.083333333333336,138,AV,0,0,0,66,2398.572127464108,0.1,-10.410588909319376,"0.23994144144144147,0.29946736596736595,0.3041458333333333,0.1,0.66,0.14633722989645767","0,0,0"
29.6,88,AV,0,0,0,33,1579.1767070066765,0.2,-10.38953025439498,"0.2065833333333333,0.2632947845804989,0.320625,0.2,0.33,0.09634579764115309","0,0,0"
28.883333333333333,110,AV,1,0,0,46,1950.0200213032829,0.1,-0.2346794928415687,"0.41302450980392164,0.3291122448979592,0.3339761904761904,0.1,0.46,0.11897100149406448","0,0,0"
24.45,184,AV,0,0,0,28,3169.820795106812,0.6,-11.93755296100904,"0.3034458333333333,0.3254471830985915,0.3322708333333334,0.6,0.28,0.1933912218493663","0,0,0"
29.5,83,AV,1,0,0,49,1528.3774584247917,0.4,-0.7514522503921892,"0.3659146341463414,0.3205679487179487,0.39380303030303027,0.4,0.49,0.09324652819114326","0,0,0"
43.18333333333333,75,AV,1,0,0,91,1421.705549214182,0.4,-1.0232330772260958,"0.3392401960784314,0.3060337837837839,0.31427083333333333,0.4,0.91,0.08673845969367815","0,0,0"
27.633333333333333,295,AV,0,0,0,34,11940.25564443948,0.2,-12.74957553590009,"0.285159090909091,0.29184217171717175,0.38402083333333337,0.2,0.34,0.7284767113133074","0,0,0"
27.583333333333332,86,AV,1,0,0,45,1552.9853059451273,0.6,-1.0709127838913273,"0.3048063063063063,0.28715595238095243,0.3232833333333333,0.6,0.45,0.09474785650168589","0,0,0"
40.266666666666666,206,AV,1,0,0,83,3651.018124108644,0.2,-1.2251194149786784,"0.35109349593495925,0.3197074592074592,0.3555555555555555,0.2,0.83,0.2227491399846658","0,0,0"
29.55,262,AV,1,0,0,47,5807.233742044462,0.2,-1.4300313089784489,"0.33541428571428566,0.27937100456621006,0.31461111111111106,0.2,0.47,0.3543001644359528","0,0,0"
29.566666666666666,89,AV,0,0,0,38,1592.2311391495805,0.4,-10.78461612245871,"0.2624341085271318,0.28484090909090903,0.36580555555555555,0.4,0.38,0.09714225042061717","0,0,0"
56.766666666666666,218,AV,0,0,0,94,3942.222625638348,0.5,-14.662225785737572,"0.2826140350877193,0.2975587529976019,0.35792307692307695,0.5,0.94,0.24051556843569988","0,0,0"
32.9,12,AV,1,0,0,59,646.5589615252754,0.3,-0.26589737292726945,"0.3137954545454545,0.30985964912280706,0.33356250000000004,0.3,0.59,0.0394466550790664","0,0,0"
20.266666666666666,25,AV,1,0,0,18,806.3598325453933,0.3,-0.20427782424483293,"0.30446124031007754,0.29916788321167886,0.36788333333333334,0.3,0.18,0.049196129165071385","0,0,0"
19.916666666666668,111,AV,1,0,0,14,1996.532829496936,0.1,-0.1656844952256138,"0.3295390070921986,0.2960377604166667,0.35218333333333335,0.1,0.14,0.12180875460051814","0,0,0"
24.35,241,AV,2,0,0,12,4756.448820673547,0.1,-0.482581369930837,"0.2952777777777778,0.2989962406015038,0.28687500000000005,0.1,0.12,0.2901916255057689","0,0,0"
23.133333333333333,134,AV,1,0,0,27,2335.4036410281064,1.0,-2.2510696206576473,"0.34800854700854694,0.3106871980676329,0.35503846153846147,1.0,0.27,0.14248331146892657","0,0,0"
41.75,126,AV,1,0,0,91,2198.5025098873134,0.2,-0.7648956648982945,"0.4630530303030303,0.31253515625,0.3862291666666667,0.2,0.91,0.13413095380102685","0,0,0"
31.0,205,AV,1,0,0,58,3630.005597296026,0.2,-0.93775144596814,"0.3486006944444444,0.31630348258706475,0.34924999999999995,0.2,0.58,0.22146716270673647","0,0,0"
28.183333333333334,82,AV,1,0,0,41,1527.6889462703334,0.1,-0.17939736167660653,"0.2997789115646259,0.27662406015037594,0.3572083333333333,0.1,0.41,0.09320452196573949","0,0,0"
42.46666666666667,263,AV,1,0,0,92,5899.132481879994,0.1,-1.0438187197104325,"0.28749494949494947,0.2786678921568628,0.36705555555555547,0.1,0.92,0.3599069197486334","0,0,0"
22.533333333333335,17,AV,1,0,0,24,743.7818724069466,0.1,-0.06983285357598555,"0.33393617021276595,0.30576547619047617,0.418,0.1,0.24,0.045378238831745035","0,0,0"
18.0,278,AV,1,0,0,12,7336.658338656486,1.0,-5.502493753992365,"0.3055291666666666,0.2991882494004796,0.3206363636363636,1.0,0.12,0.4476105786782528","0,0,0"
45.38333333333333,112,AV,2,0,0,92,1997.7276787447236,0.6,-2.2665885288424508,"0.33399494949494946,0.29322409909909913,0.2864814814814815,0.6,0.92,0.12188165252468854","0,0,0"
22.533333333333335,135,AV,1,0,0,25,2344.9936519099742,0.4,-0.8806753937173015,"0.42028861788617883,0.3063096926713948,0.3327333333333333,0.4,0.25,0.1430683994098146","0,0,0"
27.6,260,AV,0,0,0,36,5611.673516276995,0.1,-10.645342454371855,"0.26281395348837205,0.2838705035971223,0.3359791666666667,0.1,0.36,0.3423690069822918","0,0,0"
25.966666666666665,261,AV,0,0,0,31,5721.231751015957,0.9,-15.571049417551787,"0.2885375,0.31906944444444446,0.3528611111111111,0.9,0.31,0.34905317061467583","0,0,0"
53.61666666666667,44,AV,0,0,0,86,959.5289757906356,0.2,-10.428722877099789,"0.24898387096774194,0.3034392857142857,0.3436296296296296,0.2,0.86,0.05854100058731211","0,0,0"
35.733333333333334,59,AV,1,0,0,70,1100.389953660579,0.7,-1.1468508628151368,"0.42979999999999996,0.3132159090909091,0.3693958333333333,0.7,0.7,0.06713494907273335","0,0,0"
45.53333333333333,270,AV,1,0,0,98,6197.036257351283,0.1,-1.1757154899363684,"0.2764666666666667,0.2520045351473923,0.28895238095238096,0.1,0.98,0.37808207186476134","0,0,0"
38.35,208,AV,1,0,0,81,3742.7752140142647,0.1,-0.5980642894060294,"0.4099572649572649,0.27447453703703706,0.32416666666666666,0.1,0.81,0.22834725321478366","0,0,0"
20.316666666666666,247,AV,1,0,0,9,4999.976398121604,0.1,-0.42326189092432187,"0.35567094017094014,0.3392637889688249,0.37544444444444447,0.1,0.09,0.3050492779728728","0,0,0"
13.916666666666666,200,AV,0,0,0,17,3487.44186130441,0.1,-10.202223191263137,"0.29944623655913977,0.3030154525386313,0.3209285714285714,0.1,0.17,0.21276932870382087","0,0,0"
36.28333333333333,24,AV,1,0,0,74,802.5586880039084,0.2,-0.24266253663673729,"0.4321913580246914,0.32805773420479306,0.3839333333333333,0.2,0.74,0.04896422079080664","0,0,0"
42.166666666666664,227,AV,1,0,0,93,4434.023444374438,0.7,-5.453232999991062,"0.3474230769230769,0.2793309352517986,0.34963888888888894,0.7,0.93,0.27052040700219254","0,0,0"
24.366666666666667,68,AV,1,0,0,30,1279.3396024785957,0.2,-0.25977701372551487,"0.3823139534883721,0.2785119047619048,0.32702380952380955,0.2,0.3,0.07805269284167253","0,0,0"
37.81666666666667,257,AV,1,0,0,79,5427.330032863625,0.5,-4.275906890474849,"0.34767129629629634,0.30700793650793656,0.36957142857142855,0.5,0.79,0.33112218459021436","0,0,0"
25.133333333333333,99,AV,1,0,0,31,1751.9448432672848,0.6,-1.1008053431862774,"0.28682017543859645,0.27083799533799535,0.3279444444444444,0.6,0.31,0.10688640644139001","0,0,0"
26.033333333333335,296,AV,1,0,0,42,13430.196447392702,0.2,-2.9136065070593617,"0.34700000000000003,0.254827664399093,0.31747916666666665,0.2,0.42,0.8193782136351887","0,0,0"
14.8,50,AV,1,0,0,5,1020.5842314575186,0.1,-0.06293602760654698,"0.3368333333333334,0.2963403263403263,0.3513974358974359,0.1,0.05,0.062265990502190276","0,0,0"
58.7,210,AV,0,0,0,95,3778.090807703549,0.2,-11.84811608676832,"0.24428205128205124,0.2790897435897436,0.36208333333333337,0.2,0.95,0.23050186265656958","0,0,0"
47.0,95,AV,1,0,0,100,1664.0464513081895,0.5,-1.6293788169059353,"0.281578947368421,0.252608843537415,0.3734,0.5,1.0,0.10152371292704225","0,0,0"
15.566666666666666,105,AV,0,0,0,20,1824.367004680513,0.4,-10.47332188399211,"0.3128945578231293,0.326223880597015,0.34299999999999997,0.4,0.2,0.11130489290797409","0,0,0"
40.333333333333336,273,AV,1,0,0,82,6778.2755320215965,0.2,-2.278253720485037,"0.3801333333333334,0.3099986772486772,0.35077777777777785,0.2,0.82,0.41354356346985494","0,0,0"
29.366666666666667,274,AV,1,0,0,48,6918.069898529506,0.4,-3.3860108781136082,"0.2806965811965812,0.27365920398009946,0.306,0.4,0.48,0.42207243784292864","0,0,0"
16.916666666666668,60,AV,1,0,0,10,1122.7546975855585,0.1,-0.07913861236453765,"0.3055833333333333,0.2786375291375291,0.31066666666666665,0.1,0.1,0.06849942531084642","0,0,0"
25.133333333333333,4,AV,1,0,0,35,522.2875039790788,0.4,-0.2187804322223475,"0.3154102564102564,0.2894657210401891,0.3582666666666667,0.4,0.35,0.03186483561060942","0,0,0"
26.066666666666666,118,AV,1,0,0,37,2117.047321722312,0.3,-0.6898045856611865,"0.3313333333333333,0.2955171568627451,0.32237499999999997,0.3,0.37,0.1291613610753066","0,0,0"
16.183333333333334,179,AV,1,0,0,5,3097.4575811220984,0.2,-0.4177265710096608,"0.3948214285714286,0.31700700280112043,0.377952380952381,0.2,0.05,0.1889763317738599","0,0,0"
35.766666666666666,214,AV,1,0,0,63,3849.958431883558,0.2,-1.1475014992808492,"0.32759722222222215,0.26679382716049377,0.3355476190476191,0.2,0.63,0.23488651672693153","0,0,0"
32.983333333333334,150,AV,2,0,0,39,2574.4307659940623,0.1,-0.35380545040987843,"0.3257432432432433,0.31074427480916034,0.26883333333333337,0.1,0.39,0.1570663906838983","0,0,0"
31.233333333333334,96,AV,0,0,0,41,1691.6338586686718,0.1,-10.220147350773965,"0.2844509803921569,0.29304850746268657,0.36684999999999995,0.1,0.41,0.10320682461125344","0,0,0"
17.3,287,AV,0,0,0,21,8493.635575370567,0.1,-10.612249564391295,"0.24654263565891477,0.24837600000000004,0.3129111111111111,0.1,0.21,0.5181979260151864","0,0,0"
44.25,284,AV,1,0,0,92,8331.964781214912,0.2,-3.0724120130729995,"0.3271287878787879,0.28258148148148154,0.3598030303030303,0.2,0.92,0.5083343676501888","0,0,0"
12.183333333333334,197,AV,1,0,0,1,3427.0421228311798,0.5,-0.8698499277047196,"0.3084901960784313,0.30020685579196216,0.34987500000000005,0.5,0.01,0.20908433198705015","0,0,0"
34.63333333333333,77,AV,1,0,0,66,1454.957177165027,1.0,-2.0995840376034205,"0.31338617886178866,0.2940604938271605,0.3477666666666666,1.0,0.66,0.08876714628940657","0,0,0"
34.083333333333336,64,AV,2,0,0,32,1234.5997004771,0.4,-0.7013212187432416,"0.39762152777777776,0.32675802469135795,0.30323809523809525,0.4,0.32,0.07532310499656578","0,0,0"
20.316666666666666,29,AV,1,0,0,20,837.3801312568858,0.1,-0.07088655416681554,"0.3002407407407408,0.2855935897435897,0.34709722222222217,0.1,0.2,0.05108868204352069","0,0,0"
35.11666666666667,54,AV,1,0,0,62,1047.1205397958274,0.3,-0.45964228694787673,"0.4621349206349206,0.3453606770833333,0.3733518518518519,0.3,0.62,0.06388497448413621","0,0,0"
45.35,195,AV,1,0,0,88,3387.2787239910285,0.1,-0.6400545422208048,"0.31417142857142855,0.29838615023474174,0.3954242424242424,0.1,0.88,0.20665836131437007","0,0,0"
35.75,10,AV,1,0,0,67,617.4453946714843,0.1,-0.09197363691460651,"0.36317117117117115,0.27739898989898987,0.34512121212121216,0.1,0.67,0.03767043218503426","0,0,0"
15.683333333333334,249,AV,1,0,0,6,5009.92015912814,0.1,-0.32738436595413745,"0.3205641025641026,0.30052798053527985,0.34089285714285716,0.1,0.06,0.3056559482596602","0,0,0"
34.6,15,AV,1,0,0,64,742.4887258523852,0.2,-0.21408424928743774,"0.3959700854700855,0.2851713615023474,0.39861111111111114,0.2,0.64,0.04529934377477431","0,0,0"
45.416666666666664,264,AV,1,0,0,94,5912.288420941998,0.2,-2.2376369370926312,"0.2680606060606061,0.2634018264840183,0.33519696969696966,0.2,0.94,0.3607095654798067","0,0,0"
17.25,132,AV,1,0,0,11,2302.618320259251,0.1,-0.16550069176863363,"0.31521851851851845,0.2906208651399491,0.33364999999999995,0.1,0.11,0.1404830743413262","0,0,0"
36.8,28,AV,1,0,0,74,822.5771428470101,0.1,-0.12612849523654154,"0.2949649122807018,0.2823573232323232,0.3313333333333333,0.1,0.74,0.05018554959514157","0,0,0"
48.5,79,AV,0,0,0,78,1509.578116022191,0.3,-10.915181732838453,"0.2581279069767442,0.2727995169082126,0.28124074074074074,0.3,0.78,0.09209957761185","0,0,0"
19.05,26,AV,1,0,0,13,816.2772675203604,0.1,-0.06479200810942862,"0.44766176470588237,0.31224704491725774,0.370875,0.1,0.13,0.049801193296892726","0,0,0"
22.383333333333333,190,AV,1,0,0,24,3301.717979419838,0.9,-2.771379528975526,"0.2841937984496124,0.27841190476190475,0.3662777777777777,0.9,0.24,0.20143828800281033","0,0,0"
19.083333333333332,35,AV,0,0,0,23,881.2906222289953,0.6,-10.420449067688416,"0.25890370370370375,0.2913589743589743,0.3607619047619048,0.6,0.23,0.05376766740263329","0,0,0"
16.633333333333333,72,AV,1,0,0,4,1391.0507319816634,0.1,-0.09640754378595139,"0.5114956140350878,0.3256236979166667,0.34045238095238095,0.1,0.04,0.08486820489273883","0,0,0"
14.383333333333333,143,AV,1,0,0,4,2456.6540037696086,0.3,-0.4416859177610776,"0.36366249999999994,0.28427007299270074,0.3656923076923077,0.3,0.04,0.14988081350956411","0,0,0"
37.333333333333336,185,AV,1,0,0,69,3227.056348793521,0.8,-4.015892345165271,"0.3318404255319149,0.2906293333333333,0.32804545454545453,0.8,0.69,0.1968831711979807","0,0,0"
19.2,42,AV,1,0,0,13,950.4213588862824,0.1,-0.0760337087109026,"0.2757789855072463,0.269625,0.3305555555555555,0.1,0.13,0.05798534357225696","0,0,0"
16.883333333333333,130,AV,1,0,0,8,2283.7291705859197,0.1,-0.16065400345857894,"0.4707592592592593,0.28242074592074595,0.3705,0.1,0.08,0.13933064460755065","0,0,0"
17.183333333333334,91,AV,0,0,0,23,1597.8734280578535,0.2,-10.228806597823285,"0.24727450980392157,0.2802494407158837,0.325452380952381,0.2,0.23,0.09748648727706105","0,0,0"
39.4,124,AV,1,0,0,76,2187.718469250836,0.1,-0.3591504487020122,"0.3135595238095238,0.2972342995169083,0.34323809523809523,0.1,0.76,0.13347301793336488","0,0,0"
40.36666666666667,222,AV,1,0,0,83,4196.147454418583,0.8,-5.6461495192232265,"0.37443421052631587,0.3075559610705596,0.4117708333333334,0.8,0.83,0.25600755869947317","0,0,0"
40.11666666666667,248,AV,1,0,0,81,5004.1281918097375,0.2,-1.672907855234172,"0.28963945578231287,0.28131233595800526,0.3390555555555556,0.2,0.81,0.30530257950192263","0,0,0"
7.0,45,AV,0,0,0,3,968.7072844723906,0.1,-10.028253962463777,"0.2794958333333333,0.2990902777777778,0.31308333333333327,0.1,0.03,0.05910097051785686","0,0,0"
46.516666666666666,101,AV,1,0,0,100,1783.933402668827,0.1,-0.3457609810311595,"0.38147826086956516,0.2899375,0.373375,0.1,1.0,0.10883803304356732","0,0,0"
25.1,146,AV,1,0,0,33,2497.1975937909187,0.4,-1.0446609934025344,"0.3103458333333334,0.2707841726618705,0.28450000000000003,0.4,0.33,0.1523543837582307","0,0,0"
30.983333333333334,133,AV,1,0,0,54,2329.0008356791827,0.5,-1.5033376921970836,"0.33112403100775195,0.3027685851318945,0.38404166666666667,0.5,0.54,0.14209267539523954","0,0,0"
31.283333333333335,51,AV,0,0,0,39,1025.7249596144625,0.5,-10.66850199624873,"0.2707828282828283,0.298280193236715,0.31957407407407407,0.5,0.39,0.06257962706517879","0,0,0"
47.1,216,AV,1,0,0,96,3898.759045987068,0.2,-1.5302629255499243,"0.4223740740740741,0.3122264631043257,0.36346428571428574,0.2,0.96,0.237863849200441","0,0,0"
33.05,103,AV,0,0,0,39,1822.2981036688468,1.0,-12.509456346927308,"0.25194961240310076,0.2873718905472637,0.3297333333333334,1.0,0.39,0.11117866896018841","0,0,0"
15.0,176,AV,1,0,0,3,3024.224513765153,0.1,-0.18901403211032206,"0.2933558558558559,0.26950919540229884,0.3022291666666667,0.1,0.03,0.1845083718192154","0,0,0"
21.933333333333334,61,AV,1,0,0,23,1141.0395517097602,0.2,-0.20855667361806174,"0.32693333333333335,0.2902664233576642,0.3190625,0.2,0.23,0.06961498688640157","0,0,0"
30.066666666666666,268,AV,2,0,0,34,6081.635477498837,0.1,-0.7618937778755487,"0.410359649122807,0.35501767676767676,0.3479333333333333,0.1,0.34,0.3710414537160996","0,0,0"
17.916666666666668,128,AV,1,0,0,13,2222.040577514192,0.1,-0.16588150144637198,"0.35629259259259266,0.28141472868217055,0.329111111111111,0.1,0.13,0.13556701468666493","0,0,0"
42.766666666666666,292,AV,1,0,0,86,11185.875164713363,0.3,-5.979782431803018,"0.47995555555555564,0.3175137844611528,0.3841904761904762,0.3,0.86,0.6824518499272147","0,0,0"
10.483333333333333,115,AV,0,0,0,10,2052.607856914241,0.2,-10.179318103055424,"0.25734999999999997,0.31418845315904137,0.3091190476190476,0.2,0.1,0.12522990007480161","0,0,0"
33.96666666666667,41,AV,1,0,0,62,933.6906207466446,0.5,-0.6607157934311325,"0.36720202020202025,0.27056855791962175,0.32012500000000005,0.5,0.62,0.05696459883606839","0,0,0"
13.066666666666666,139,AV,1,0,0,3,2401.1770329784995,0.2,-0.2614614991465477,"0.38934552845528453,0.328205596107056,0.3549305555555556,0.2,0.03,0.14649615555591702","0,0,0"
30.1,282,AV,1,0,0,52,7912.643587116454,0.2,-1.9847547664350438,"0.3900416666666666,0.28501017811704843,0.31775,0.2,0.52,0.48275152138985195","0,0,0"
36.416666666666664,193,AV,1,0,0,71,3361.758609282253,0.1,-0.5101001778667863,"0.3295946969696969,0.28820617283950617,0.3164848484848485,0.1,0.71,0.2051013754516725","0,0,0"
32.81666666666667,102,AV,1,0,0,60,1797.659883656486,0.4,-0.9832200863665617,"0.28058503401360546,0.27771641791044777,0.3406904761904762,0.4,0.6,0.10967548761954628","0,0,0"
26.066666666666666,74,AV,1,0,0,37,1411.5824788559885,0.3,-0.4599406243605762,"0.3025959595959596,0.28627737226277367,0.36271666666666663,0.3,0.37,0.08612084971759994","0,0,0"
24.3,237,AV,1,0,0,29,4662.282088415262,0.4,-1.888224245808181,"0.3341625,0.30804812206572774,0.35968749999999994,0.4,0.29,0.28444649964972557","0,0,0"
38.13333333333333,293,AV,1,0,0,81,11662.42845360034,0.1,-1.8530302987387206,"0.3836240310077519,0.26208271604938277,0.33797916666666666,0.1,0.81,0.7115264345082908","0,0,0"
44.95,294,AV,0,0,0,70,11861.36896338871,0.2,-14.443071124202689,"0.21742857142857142,0.2639078282828283,0.3907777777777778,0.2,0.7,0.7236638235754265","0,0,0"
27.116666666666667,175,AV,1,0,0,39,3017.17067826153,0.5,-1.7044919074762186,"0.339826388888889,0.2855432569974555,0.34580952380952384,0.5,0.39,0.18407801630231177","0,0,0"
41.36666666666667,223,AV,1,0,0,89,4237.057085974603,0.4,-2.921215468719157,"0.3386818181818182,0.3173222222222223,0.37631818181818183,0.4,0.89,0.2585034611947306","0,0,0"
33.81666666666667,234,AV,1,0,0,63,4617.1597275219765,0.1,-0.6505706310515342,"0.31200416666666664,0.3076273809523809,0.33888333333333326,0.1,0.63,0.28169357793271527","0,0,0"
15.6,120,AV,0,0,0,20,2133.445027811215,0.3,-10.416021780423186,"0.26390404040404036,0.2791619718309859,0.2975714285714286,0.3,0.2,0.1301617874782613","0,0,0"
35.6,211,AV,1,0,0,70,3783.636689084741,0.3,-1.6837183266427098,"0.3415299145299145,0.30214761904761905,0.329125,0.3,0.7,0.23084021767594357","0,0,0"
40.4,81,AV,1,0,0,84,1526.0895405694364,1.0,-2.5689173932918843,"0.377463768115942,0.28671568627450983,0.358,1.0,0.84,0.0931069419942765","0,0,0"
36.25,251,AV,0,0,0,53,5064.807770076448,0.1,-10.76499700693863,"0.3012235772357724,0.3065305343511451,0.33881249999999996,0.1,0.53,0.3090046492846745","0,0,0"
44.53333333333333,73,AV,1,0,0,91,1404.912317929139,0.9,-2.346203570941662,"0.32612500000000005,0.30225679012345674,0.34845454545454546,0.9,0.91,0.0857139022417153","0,0,0"
8.75,288,AV,0,0,0,8,8689.506535985933,0.3,-10.950414777373462,"0.24144270833333334,0.30889735099337745,0.3034523809523809,0.3,0.08,0.5301480414465347","0,0,0"
11.316666666666666,256,AV,1,0,0,0,5386.149373461946,0.8,-2.0317752358781456,"0.41791463414634145,0.2846761904761905,0.37081481481481476,0.8,0.0,0.32860974664717757","0,0,0"
31.05,170,AV,1,0,0,58,2942.323800284961,0.3,-1.1419894249856006,"0.29290909090909095,0.27372058823529416,0.32683333333333336,0.3,0.58,0.17951159753004442","0,0,0"
39.03333333333333,266,AV,1,0,0,83,5960.007005011629,0.1,-0.9693289170650858,"0.3464916666666666,0.31182828282828273,0.35850000000000004,0.1,0.83,0.36362088314558555","0,0,0"
34.483333333333334,168,AV,1,0,0,65,2909.8477340427667,0.1,-0.4180885390093392,"0.3870585585585586,0.3117494172494173,0.3420833333333333,0.1,0.65,0.17753022806552007","0,0,0"
26.116666666666667,253,AV,1,0,0,37,5200.876525735832,0.1,-0.5659564941547256,"0.34705151515151506,0.3064956896551724,0.35790740740740745,0.1,0.37,0.3173062236049365","0,0,0"
39.666666666666664,174,AV,1,0,0,83,2991.769966736588,0.2,-0.9889461834490388,"0.3489809523809524,0.2583141891891892,0.292875,0.2,0.83,0.1825283152450044","0,0,0"
23.65,144,AV,1,0,0,28,2472.005569054355,0.2,-0.4871910975677958,"0.3964186991869919,0.3072565947242206,0.3740666666666667,0.2,0.28,0.1508174147118467","0,0,0"
45.266666666666666,76,AV,1,0,0,97,1446.9812594843625,0.5,-1.3645837155415028,"0.37293089430894305,0.3216587301587302,0.3679545454545455,0.5,0.97,0.08828053440648413","0,0,0"
17.266666666666666,172,AV,1,0,0,12,2971.291490045772,0.2,-0.4275358310676972,"0.340675925925926,0.3333916083916083,0.334111111111111,0.2,0.12,0.18127892044168803","0,0,0"
38.15,3,AV,1,0,0,77,508.6019702527906,0.1,-0.08084652152143318,"0.36422072072072076,0.2967895377128954,0.3496794871794872,0.1,0.77,0.03102987923292612","0,0,0"
46.86666666666667,215,AV,1,0,0,100,3882.59008652233,0.2,-1.516367128236221,"0.3970810810810811,0.26268870523415977,0.3334166666666667,0.2,1.0,0.23687737866187128","0,0,0"
14.416666666666666,53,AV,1,0,0,5,1046.6558973464134,0.2,-0.12574407655620107,"0.28247083333333334,0.2358904428904429,0.3109047619047619,0.2,0.05,0.0638566265815816","0,0,0"
16.033333333333335,269,AV,1,0,0,7,6130.868263041086,0.2,-0.8191521207007675,"0.3202456140350878,0.2983765432098765,0.3612142857142857,0.2,0.07,0.37404515303114005","0,0,0"
55.016666666666666,37,AV,0,0,0,90,904.859336063587,0.5,-11.037132176508994,"0.2961434108527131,0.30461557177615567,0.37424999999999997,0.5,0.9,0.05520559801780429","0,0,0"
39.583333333333336,279,AV,2,0,0,47,7612.519032757181,0.2,-2.5110739864997647,"0.32000505050505046,0.29367673378076065,0.2893541666666667,0.2,0.47,0.46444087923489674","0,0,0"
33.61666666666667,36,AV,1,0,0,54,902.2448599555772,0.1,-0.1263769362868333,"0.3087864583333333,0.2894586129753915,0.3150476190476191,0.1,0.54,0.05504608845505409","0,0,0"
34.916666666666664,0,AV,1,0,0,67,437.5592869272848,0.5,-0.3182939951780075,"0.4063174603174604,0.35130637254901964,0.3525416666666667,0.5,0.67,0.02669555492254686","0,0,0"
34.416666666666664,151,AV,2,0,0,20,2580.565825479665,0.3,-1.110180922836564,"0.3388026315789473,0.30143103448275854,0.2986190476190476,0.3,0.2,0.15744069154401974","0,0,0"
44.46666666666667,299,AV,1,0,0,97,16390.717038727882,0.7,-21.257849403839025,"0.3717314814814815,0.2898718820861679,0.29714285714285715,0.7,0.97,1.0","0,0,0"
24.466666666666665,94,AV,0,0,0,27,1659.6531244520008,0.5,-10.845962078713729,"0.2632450980392157,0.2686285714285715,0.35714814814814816,0.5,0.27,0.1012556754247287","0,0,0"
28.816666666666666,8,AV,1,0,0,49,610.4868582393152,0.1,-0.0733008179094289,"0.32052136752136756,0.2895902255639098,0.3677708333333333,0.1,0.49,0.03724589087816358","0,0,0"
26.0,207,AV,0,0,0,32,3667.3634505223554,0.3,-11.191893121419765,"0.25310360360360357,0.27790512820512825,0.32175641025641033,0.3,0.32,0.2237463706961161","0,0,0"
24.666666666666668,63,AV,1,0,0,29,1167.011530479414,1.0,-1.1994285174371755,"0.3307398373983741,0.29137654320987655,0.4015625,1.0,0.29,0.0711995410403344","0,0,0"
30.166666666666668,232,AV,1,0,0,53,4559.760277629775,0.1,-0.5731365348965204,"0.27716666666666673,0.23867866666666665,0.29478787878787877,0.1,0.53,0.27819162925307067","0,0,0"
39.95,166,AV,1,0,0,83,2872.269398564857,0.7,-3.346792238786093,"0.3497987421383648,0.2937283464566929,0.32331481481481483,0.7,0.83,0.1752375684223135","0,0,0"
22.55,189,AV,0,0,0,26,3292.2479258152307,0.2,-10.618668256059445,"0.1849137931034483,0.21586338797814209,0.2753333333333333,0.2,0.26,0.20086051867263208","0,0,0"
32.8,158,AV,1,0,0,62,2675.3892374750885,0.3,-1.0969095873647863,"0.4432268518518518,0.35526551724137934,0.385537037037037,0.3,0.62,0.16322588152511547","0,0,0"
19.1,286,AV,0,0,0,22,8475.089255911002,0.2,-11.348951706565835,"0.2739715447154472,0.2870749354005168,0.3249861111111111,0.2,0.22,0.5170664124019781","0,0,0"
26.733333333333334,171,AV,1,0,0,43,2964.6777926145683,0.5,-1.6511608261645028,"0.3196363636363636,0.30405035971223016,0.3401666666666667,0.5,0.43,0.18087541781178007","0,0,0"
14.983333333333333,191,AV,1,0,0,2,3323.1633986738134,0.2,-0.41493387436218865,"0.33326960784313736,0.319421497584541,0.35233333333333333,0.2,0.02,0.2027466761107439","0,0,0"
38.333333333333336,137,AV,0,0,0,56,2382.718205806423,0.1,-10.380573046760748,"0.2559625,0.2588028169014084,0.31733333333333336,0.1,0.56,0.14536997985973107","0,0,0"
35.68333333333333,180,AV,1,0,0,70,3101.095365071405,0.4,-1.8442903268382995,"0.34417054263565894,0.29016923076923073,0.34028431372549023,0.4,0.7,0.18919827349493964","0,0,0"
53.4,113,AV,0,0,0,84,2034.664800296876,0.1,-10.452712918066055,"0.2201845238095238,0.27545833333333336,0.33052564102564097,0.1,0.84,0.12413519161421571","0,0,0"
18.7,204,AV,1,0,0,12,3623.60917519969,0.4,-1.129358192937237,"0.3258760683760684,0.27636868686868693,0.37453703703703695,0.4,0.12,0.2210769160762064","0,0,0"
26.766666666666666,78,AV,1,0,0,44,1467.6871321740252,0.3,-0.49106365297322596,"0.40051550387596907,0.3311581508515816,0.37233333333333335,0.3,0.44,0.0895438026723409","0,0,0"
37.0,225,AV,1,0,0,75,4412.688598555705,0.5,-3.4014474613866894,"0.3994460784313725,0.34970681265206804,0.3798518518518519,0.5,0.75,0.2692187649954198","0,0,0"
45.38333333333333,164,AV,1,0,0,98,2835.850686157305,0.2,-1.0725029747786585,"0.3678666666666667,0.32033576642335765,0.3825641025641026,0.2,0.98,0.17301565754913437","0,0,0"
42.31666666666667,209,AV,1,0,0,89,3773.073658575576,0.2,-1.3305325026560262,"0.3799094202898551,0.28989185750636126,0.37756249999999997,0.2,0.89,0.2301957656678827","0,0,0"
16.166666666666668,127,AV,1,0,0,6,2218.0502812558643,0.2,-0.2988206628914151,"0.35273809523809535,0.290406474820144,0.3330238095238095,0.2,0.06,0.13532356613899618","0,0,0"
33.35,66,AV,1,0,0,61,1265.4739572733297,0.9,-1.582633367814958,"0.3405366666666666,0.2813408521303259,0.342547619047619,0.9,0.61,0.07720674783679542","0,0,0"
38.666666666666664,57,AV,1,0,0,82,1083.524948441525,0.2,-0.349135816720047,"0.29318421052631577,0.24214201877934274,0.28818333333333335,0.2,0.82,0.0661060126827508","0,0,0"
24.983333333333334,229,AV,1,0,0,28,4504.939201911708,0.6,-2.813709943194021,"0.3599623655913979,0.3004369369369369,0.37359090909090914,0.6,0.28,0.27484698755200676","0,0,0"
35.583333333333336,80,AV,1,0,0,68,1519.7273932229994,0.4,-0.9012827734808622,"0.29267708333333337,0.2925521541950113,0.34850000000000003,0.4,0.68,0.09271878647115908","0,0,0"
41.55,196,AV,1,0,0,83,3414.9419898187493,0.2,-1.182423663974742,"0.3492878787878788,0.2946399491094147,0.34129999999999994,0.2,0.83,0.20834610113455965","0,0,0"
16.5,7,AV,1,0,0,7,583.3206434887895,0.1,-0.04010329423985428,"0.30234285714285714,0.29842171717171717,0.3557333333333333,0.1,0.07,0.03558847621556294","0,0,0"
28.15,224,AV,1,0,0,44,4281.8327360815,0.1,-0.5022232980028926,"0.3983518518518519,0.2808920187793427,0.2851666666666667,0.1,0.44,0.2612352300368808","0,0,0"
36.21666666666667,238,AV,0,0,0,50,4707.821121085941,0.3,-12.131269853358281,"0.2454803921568627,0.2905181405895691,0.3204259259259259,0.3,0.5,0.28722484257170267","0,0,0"
27.35,39,AV,1,0,0,43,913.5589076746268,0.6,-0.624645903122526,"0.3814962962962963,0.31725062656641606,0.35225000000000006,0.6,0.43,0.05573636013092506","0,0,0"
39.55,100,AV,0,0,0,60,1778.835052690156,0.4,-11.172548772231595,"0.2619113475177305,0.26689821882951653,0.3302777777777778,0.4,0.6,0.10852698197932012","0,0,0"
31.516666666666666,11,AV,1,0,0,54,623.7253316558669,0.2,-0.16381452807795058,"0.3972222222222222,0.325014435695538,0.3889666666666666,0.2,0.54,0.038053572042158534","0,0,0"
49.983333333333334,267,AV,0,0,0,81,6007.794801579103,0.1,-11.251206709023315,"0.23550000000000001,0.2715141843971632,0.36473333333333335,0.1,0.81,0.3665364234757957","0,0,0"
30.0,85,AV,1,0,0,53,1546.5147326922538,0.1,-0.1933143415865317,"0.3431452991452991,0.3250396270396271,0.36493749999999997,0.1,0.53,0.09435308589844842","0,0,0"
55.0,21,AV,0,0,0,87,779.2240782816187,0.3,-10.535716553818613,"0.3017642276422764,0.30245238095238103,0.35101851851851856,0.3,0.87,0.047540572901141116","0,0,0"
20.216666666666665,70,AV,1,0,0,18,1365.417472605012,0.4,-0.4600698317416333,"0.2898953488372093,0.25813461538461546,0.30529761904761904,0.4,0.18,0.08330431605760824","0,0,0"
13.05,169,AV,1,0,0,1,2927.9701715656583,1.0,-1.5920837807888268,"0.3383461538461539,0.28920949074074076,0.36123809523809525,1.0,0.01,0.17863588058090862","0,0,0"
18.6,5,AV,1,0,0,12,567.9518330451218,0.1,-0.04401626706099695,"0.2932731481481482,0.29019029850746275,0.2961666666666667,0.1,0.12,0.03465082288365841","0,0,0"
10.55,47,AV,0,0,0,11,981.8973671489576,0.1,-10.043162571764256,"0.30247549019607844,0.30767233560090707,0.34451851851851845,0.1,0.11,0.05990569935585715","0,0,0"
42.766666666666666,201,AV,1,0,0,93,3508.846318545673,0.2,-1.2505138407483607,"0.3978974358974359,0.3353217948717948,0.3739166666666667,0.2,0.93,0.2140752177134773","0,0,0"
37.833333333333336,186,AV,1,0,0,80,3236.647802754315,0.3,-1.5306646900525613,"0.3101574074074074,0.28943995098039216,0.322125,0.3,0.8,0.19746834718132122","0,0,0"
32.733333333333334,187,AV,1,0,0,61,3252.767976975094,0.1,-0.443641410192992,"0.3313378378378378,0.28594097222222226,0.345537037037037,0.1,0.61,0.19845184132515217","0,0,0"
33.016666666666666,108,AV,0,0,0,39,1929.5758599688188,0.2,-10.530901358138642,"0.2672424242424243,0.30885906862745094,0.28919999999999996,0.2,0.39,0.11772370027556629","0,0,0"
40.96666666666667,129,AV,1,0,0,87,2225.3307045190536,0.1,-0.37985158831304405,"0.35163157894736835,0.3358813131313132,0.36002222222222224,0.1,0.87,0.13576774580764567","0,0,0"
45.21666666666667,33,AV,1,0,0,95,871.0408974081768,0.1,-0.16410652462974887,"0.31686363636363635,0.24584216335540837,0.33555555555555555,0.1,0.95,0.0531423302196046","0,0,0"
43.68333333333333,245,AV,1,0,0,95,4950.077303955518,0.1,-0.9009828203935702,"0.334525641025641,0.26538059701492533,0.3478809523809524,0.1,0.95,0.30200492707301985","0,0,0"
36.86666666666667,192,AV,1,0,0,74,3352.9358316496982,0.3,-1.5451445957519025,"0.3262083333333333,0.2850851851851852,0.3289333333333333,0.3,0.74,0.20456309652148852","0,0,0"
58.7,87,AV,0,0,0,95,1564.4426034616197,0.5,-11.913182933816605,"0.29369512195121955,0.3058381294964029,0.36945000000000006,0.5,0.95,0.09544686786826742","0,0,0"
40.483333333333334,160,AV,1,0,0,83,2756.9260540590044,0.3,-1.3951194552727753,"0.30133703703703696,0.2922161835748792,0.35600000000000004,0.3,0.83,0.16820045441239434","0,0,0"
43.0,107,AV,0,0,0,67,1885.557658153182,0.2,-10.675658160838223,"0.22340151515151516,0.27082828282828286,0.30144444444444446,0.2,0.67,0.1150381434624244","0,0,0"
38.28333333333333,298,AV,1,0,0,80,15725.918848752755,0.4,-10.034009887662524,"0.32978070175438595,0.2891425287356322,0.3567380952380952,0.4,0.8,0.9594405669743218","0,0,0"
41.28333333333333,34,AV,1,0,0,84,873.8892656114449,0.1,-0.1503210910360798,"0.3421036036036036,0.2793761574074074,0.3469814814814815,0.1,0.84,0.05331610957267","0,0,0"
31.166666666666668,173,AV,1,0,0,53,2987.078671303881,0.4,-1.551621420927294,"0.3480916666666666,0.29799012345679016,0.36968518518518517,0.4,0.53,0.18224209863705357","0,0,0"
45.233333333333334,97,AV,1,0,0,97,1697.366940102563,0.3,-0.9597195573829909,"0.39712411347517723,0.2933879310344828,0.39794444444444443,0.3,0.97,0.10355660073272177","0,0,0"
39.78333333333333,290,AV,0,0,0,61,10426.353459350525,0.9,-25.55481606716856,"0.21561627906976744,0.2688717948717948,0.324625,0.9,0.61,0.636113321626821","0,0,0"
41.61666666666667,155,AV,1,0,0,90,2629.980017260476,0.3,-1.3681375214790434,"0.3748625,0.2916568627450981,0.3409285714285714,0.3,0.9,0.16045545847972215","0,0,0"
30.183333333333334,181,AV,1,0,0,52,3132.463358685509,0.4,-1.5758030951609603,"0.44128124999999996,0.32235572139303487,0.3248571428571428,0.4,0.52,0.19111203928932116","0,0,0"
14.733333333333333,165,AV,1,0,0,4,2857.8751728516777,0.1,-0.17544178144450576,"0.37586296296296295,0.2788884892086331,0.35997222222222225,0.1,0.04,0.17435937464475218","0,0,0"
20.766666666666666,276,AV,0,0,0,26,6995.337061486569,0.1,-10.605290970736963,"0.2680268817204301,0.2798096846846847,0.3168939393939394,0.1,0.26,0.42678651854937344","0,0,0"
31.05,1,AV,1,0,0,50,477.1303205766694,0.6,-0.37037241134763965,"0.3682280701754387,0.3051216545012166,0.36816666666666664,0.6,0.5,0.029109789367317424","0,0,0"
23.1,69,AV,1,0,0,28,1323.5149786113286,0.1,-0.12738831669134038,"0.2734953703703703,0.2666262254901961,0.33229166666666665,0.1,0.28,0.0807478388824684","0,0,0"
14.383333333333333,252,AV,1,0,0,0,5168.6614957092925,1.0,-3.097607549164666,"0.3548838383838384,0.28021111111111113,0.33271428571428563,1.0,0.0,0.3153407799974102","0,0,0"
28.183333333333334,182,AV,1,0,0,47,3158.0604616132755,0.4,-1.4834111779411248,"0.3635,0.2880442708333333,0.38085416666666666,0.4,0.47,0.19267372221431378","0,0,0"
25.116666666666667,148,AV,1,0,0,27,2553.8725848963804,0.1,-0.26726986009991976,"0.35322916666666665,0.29521323529411764,0.3453611111111111,0.1,0.27,0.15581213310327466","0,0,0"
25.9,212,AV,1,0,0,40,3793.837230001502,0.1,-0.40941826773766216,"0.3526969696969697,0.30885049019607846,0.36086666666666667,0.1,0.4,0.2314625541419236","0,0,0"
32.5,23,AV,1,0,0,54,793.0252767736928,0.1,-0.10738883956310424,"0.31147311827956986,0.2974240196078431,0.3639583333333334,0.1,0.54,0.048382586002792785","0,0,0"
45.25,30,AV,1,0,0,99,845.7864251007381,0.8,-1.2757278578602802,"0.33103240740740736,0.30994718309859154,0.39631818181818185,0.8,0.99,0.05160155123795496","0,0,0"
46.21666666666667,109,AV,1,0,0,95,1942.5668635563816,0.5,-1.8703951085561967,"0.3232032520325203,0.29406855791962183,0.3164047619047619,0.5,0.95,0.11851628326976159","0,0,0"
17.183333333333334,163,AV,1,0,0,9,2793.3389947689566,0.1,-0.19999531275047186,"0.42738194444444444,0.30300864197530863,0.3828809523809524,0.1,0.09,0.1704220131534742","0,0,0"
17.433333333333334,289,AV,1,0,0,10,9280.176126726552,0.2,-1.3482033650772187,"0.29190740740740745,0.27862004662004664,0.36083333333333334,0.2,0.1,0.5661848779891332","0,0,0"
41.28333333333333,58,AV,1,0,0,88,1097.8259349569896,0.1,-0.18884130839503221,"0.3584956140350878,0.30955517241379304,0.3606190476190476,0.1,0.88,0.06697851792347177","0,0,0"
13.9,291,AV,0,0,0,18,10783.100237376317,0.2,-11.249042444162757,"0.2389230769230769,0.28407812499999996,0.32639743589743586,0.2,0.18,0.6578784937777936","0,0,0"
30.966666666666665,27,AV,1,0,0,52,818.0604611907775,0.1,-0.10555252339531003,"0.3044111111111111,0.2931099290780142,0.32891666666666663,0.1,0.52,0.049909986198765396","0,0,0"
44.93333333333333,156,AV,0,0,0,69,2645.062412614309,0.2,-10.990428925612246,"0.2881617647058824,0.29126498800959233,0.36171428571428565,0.2,0.69,0.16137563758587084","0,0,0"
28.266666666666666,242,AV,1,0,0,47,4818.617258984985,0.1,-0.5675260327248983,"0.3093992248062016,0.25700603864734295,0.31277777777777777,0.1,0.47,0.2939845308536281","0,0,0"
21.5,18,AV,1,0,0,20,753.5670156580491,0.2,-0.13501409030540046,"0.3848418803418804,0.2955601851851852,0.3407380952380953,0.2,0.2,0.045975231826498236","0,0,0"
44.1,55,AV,1,0,0,83,1059.8377785859489,0.7,-1.3632163427061765,"0.418280701754386,0.3083589743589744,0.33629629629629626,0.7,0.83,0.064660855048731","0,0,0"
29.566666666666666,140,AV,1,0,0,49,2417.357356239525,0.2,-0.5956099930512386,"0.4016929824561402,0.2977261072261073,0.3643333333333334,0.2,0.49,0.14748331940132994","0,0,0"
21.116666666666667,9,AV,1,0,0,21,616.3739675020589,0.5,-0.2711617419531627,"0.2974953703703704,0.269493961352657,0.2883484848484848,0.5,0.21,0.03760506425958635","0,0,0"
12.2,240,AV,1,0,0,3,4735.166802079286,0.3,-0.7221129373170911,"0.27662612612612614,0.2738997668997669,0.3305666666666667,0.3,0.03,0.28889320649554645","0,0,0"
40.95,62,AV,2,0,0,87,1141.5133047894662,0.1,-0.19477070762970272,"0.37318085106382987,0.3312202380952381,0.31711111111111107,0.1,0.87,0.06964389062981845","0,0,0"
28.916666666666668,121,AV,1,0,0,48,2137.1188228190404,0.3,-0.7724794078314657,"0.36287037037037045,0.2923594527363184,0.32292424242424245,0.3,0.48,0.13038592623919196","0,0,0"
15.516666666666667,280,AV,1,0,0,6,7864.29237148983,0.1,-0.5084483470734049,"0.3408725490196078,0.2975580808080808,0.3824583333333333,0.1,0.06,0.4798016067819443","0,0,0"
36.233333333333334,183,AV,1,0,0,70,3159.4556453821087,0.2,-0.9539800795917645,"0.3653758865248226,0.3225222222222222,0.35927083333333326,0.2,0.7,0.19275884257637826","0,0,0"
36.78333333333333,119,AV,1,0,0,78,2123.4400354784907,0.6,-1.952680065958762,"0.27671568627450976,0.27250724637681156,0.3315000000000001,0.6,0.78,0.12955138145947123","0,0,0"
35.61666666666667,239,AV,1,0,0,67,4717.175795221327,0.2,-1.4000839825538858,"0.4876086956521739,0.3268782608695652,0.3781666666666667,0.2,0.67,0.28779557258389693","0,0,0"
41.7,265,AV,1,0,0,92,5913.041300376779,0.1,-1.0273909259404657,"0.4550568181818182,0.3215419847328244,0.3364285714285713,0.1,0.92,0.3607554987622251","0,0,0"
37.88333333333333,162,AV,1,0,0,80,2780.081336731352,0.2,-0.8776562331097728,"0.39461594202898553,0.3721982968369829,0.40209523809523817,0.2,0.8,0.16961316153299416","0,0,0"
50.1,188,AV,0,0,0,79,3257.969850357721,0.1,-10.680101206262174,"0.25585714285714284,0.2782750582750583,0.3606527777777777,0.1,0.79,0.19876920836713918","0,0,0"
27.733333333333334,71,AV,1,0,0,46,1386.7650627050614,0.1,-0.16024840724591818,"0.38564625850340145,0.31340931372549025,0.33716666666666667,0.1,0.46,0.08460673559481392","0,0,0"
28.166666666666668,136,AV,1,0,0,46,2352.9451803313505,0.1,-0.27614426074722104,"0.3322375,0.2841091549295774,0.38847916666666665,0.1,0.46,0.14355352330052593","0,0,0"
45.266666666666666,220,AV,1,0,0,100,4021.28082322038,0.2,-1.516916488314799,"0.39135,0.29695698924731184,0.35251388888888885,0.2,1.0,0.2453389204217804","0,0,0"
34.6,6,AV,0,0,0,46,572.7967315704935,0.5,-10.412890977340398,"0.2925,0.30260498687664045,0.29972916666666666,0.5,0.46,0.034946410838347895","0,0,0"
14.75,145,AV,1,0,0,5,2476.7673195544394,0.3,-0.4566539745428497,"0.38875438596491235,0.30028819444444443,0.35412499999999997,0.3,0.05,0.15110792979357457","0,0,0"
43.03333333333333,194,AV,0,0,0,68,3362.377553451843,0.2,-11.205785950418425,"0.24503030303030307,0.25718309859154925,0.3471666666666667,0.2,0.68,0.20513913732433053","0,0,0"
11.85,231,AV,1,0,0,0,4549.115907877681,0.5,-1.1230629897573023,"0.34217460317460313,0.2588185185185185,0.3401666666666667,0.5,0.0,0.2775422147261196","0,0,0"
7.083333333333333,13,AV,0,0,0,3,670.158540600369,0.2,-10.039557969410438,"0.26269202898550725,0.28284139784946233,0.3111153846153847,0.2,0.03,0.04088646878699221","0,0,0"
38.166666666666664,147,AV,1,0,0,75,2520.757475212996,0.1,-0.40087045959984446,"0.38222222222222224,0.2971230769230769,0.3674545454545455,0.1,0.75,0.153791775506646","0,0,0"
20.866666666666667,297,AV,1,0,0,17,14312.770160915026,1.0,-12.444158501017785,"0.28472619047619047,0.2577118279569892,0.3309285714285714,1.0,0.17,0.8732241626218611","0,0,0"
27.083333333333332,230,AV,1,0,0,37,4505.18942297478,0.1,-0.5083981119676402,"0.3346666666666666,0.30195052083333335,0.39683333333333337,0.1,0.37,0.27486225357499294","0,0,0"
35.583333333333336,250,AV,1,0,0,73,5051.78348307234,0.5,-3.7449853251248078,"0.283036231884058,0.27767418546365913,0.32030952380952377,0.5,0.73,0.30821003566445676","0,0,0"
11.916666666666666,157,AV,1,0,0,0,2667.9339807116767,0.7,-0.9272923314904125,"0.40201010101010104,0.2938807947019868,0.29405555555555557,0.7,0.0,0.1627710352395139","0,0,0"
25.35,84,AV,1,0,0,32,1530.6528609905624,0.1,-0.16167520844212815,"0.3226833333333333,0.2618293010752688,0.28127777777777774,0.1,0.32,0.09338535082839546","0,0,0"
20.966666666666665,52,AV,1,0,0,18,1040.734547163155,0.4,-0.3636789056475691,"0.3807730496453901,0.3050935251798561,0.36041666666666666,0.4,0.18,0.06349536415668174","0,0,0"
29.616666666666667,14,AV,1,0,0,50,741.34301771214,0.3,-0.27445136301551515,"0.41549145299145307,0.3219869976359338,0.36200000000000004,0.3,0.5,0.045229443956631026","0,0,0"
22.516666666666666,233,AV,1,0,0,23,4577.590037133467,0.4,-1.717867816713143,"0.39468560606060604,0.2946466666666666,0.3470454545454546,0.4,0.23,0.27927942544048356","0,0,0"
37.93333333333333,46,AV,0,0,0,55,978.4447105201264,0.4,-10.618594489206613,"0.28105555555555556,0.2820072463768116,0.30772222222222223,0.4,0.55,0.05969505227918116","0,0,0"
23.35,202,AV,1,0,0,28,3520.054626539052,0.1,-0.34247198137369533,"0.40029999999999993,0.30147721822541973,0.40075757575757576,0.1,0.28,0.21475903819350242","0,0,0"
37.45,213,AV,1,0,0,79,3822.7735841463273,0.7,-4.175583729516499,"0.3478333333333334,0.3053833333333334,0.3376282051282051,0.7,0.79,0.23322796526313658","0,0,0"
56.516666666666666,285,AV,0,0,0,92,8436.938288223368,0.2,-13.973563574356312,"0.2533333333333333,0.275268115942029,0.3075,0.2,0.92,0.5147388163854347","0,0,0"
25.133333333333333,159,AV,1,0,0,29,2747.619709803412,0.1,-0.2877368418321907,"0.35531578947368425,0.31608690476190476,0.4367916666666667,0.1,0.29,0.16763267301310575","0,0,0"
39.15,255,AV,1,0,0,78,5354.15698790508,0.3,-2.620190575956048,"0.34917567567567565,0.31908105022831046,0.35364285714285715,0.3,0.78,0.3266578866107146","0,0,0"
20.3,221,AV,1,0,0,19,4034.238052294327,0.2,-0.6824586038464571,"0.3177753623188407,0.26981420765027325,0.34612499999999996,0.2,0.19,0.2461294428280505","0,0,0"
37.516666666666666,254,AV,2,0,0,50,5304.212874057136,0.2,-1.658303219375363,"0.35383333333333333,0.28177437641723363,0.27,0.2,0.5,0.32361078905360735","0,0,0"
25.883333333333333,259,AV,1,0,0,36,5502.789496653042,0.1,-0.5934605616876509,"0.3967037037037036,0.30211489898989896,0.34763636363636374,0.1,0.36,0.3357259773108819","0,0,0"
23.1,56,AV,1,0,0,25,1062.4074567339185,0.5,-0.5112835885531983,"0.3043840579710145,0.2857681704260652,0.3503787878787879,0.5,0.25,0.06481763148150681","0,0,0"
37.36666666666667,219,AV,1,0,0,77,3971.0791127863904,0.3,-1.854824868930643,"0.31745238095238093,0.3035704697986577,0.40023333333333333,0.3,0.77,0.2422761068599714","0,0,0"
23.133333333333333,153,AV,1,0,0,23,2619.168197182975,0.3,-0.7573761370187436,"0.3053211382113821,0.283725768321513,0.33149999999999996,0.3,0.23,0.1597958277843746","0,0,0"
44.666666666666664,167,AV,1,0,0,96,2898.378436294527,0.2,-1.0788408623985184,"0.3924583333333333,0.29720919540229873,0.36556666666666665,0.2,0.96,0.1768304845630766","0,0,0"
44.483333333333334,123,AV,1,0,0,93,2142.030696222753,0.1,-0.39701943945962004,"0.3470989583333333,0.265884703196347,0.27563333333333334,0.1,0.93,0.13068560034082563","0,0,0"
33.68333333333333,217,AV,1,0,0,63,3941.04555698938,0.9,-4.97803316917221,"0.3809375,0.2770083333333334,0.3083125,0.9,0.63,0.24044375530841652","0,0,0"
43.88333333333333,31,AV,1,0,0,97,857.6590975250949,0.3,-0.4704617507882447,"0.2863018018018018,0.2755687645687646,0.326,0.3,0.97,0.05232590468730706","0,0,0"
18.3,149,AV,1,0,0,11,2561.5826276178027,0.1,-0.19532067535585745,"0.3502984496124031,0.3110940476190477,0.33759523809523806,0.1,0.11,0.15628252391675798","0,0,0"
20.766666666666666,114,AV,0,0,0,24,2043.1688306873104,0.1,-10.176790858544194,"0.2553410852713178,0.2957725060827251,0.35716666666666674,0.1,0.24,0.1246540237293905","0,0,0"
19.15,22,AV,1,0,0,17,783.6834518391023,0.2,-0.12506281752265674,"0.39543089430894296,0.31609610705596114,0.3616388888888889,0.2,0.17,0.04781263992218401","0,0,0"
51.65,40,AV,0,0,0,82,926.7012599248138,0.2,-10.398867667292638,"0.24107142857142855,0.26081965174129357,0.2547916666666667,0.2,0.82,0.05653817692875852","0,0,0"
31.866666666666667,198,AV,1,0,0,57,3476.696831582168,0.2,-0.9232561586090424,"0.31233928571428565,0.26719580419580413,0.3152037037037037,0.2,0.57,0.2121137728976378","0,0,0"
33.416666666666664,90,AV,1,0,0,63,1594.6992934726818,0.2,-0.44407945602954546,"0.33872727272727277,0.28161529680365294,0.37733333333333335,0.2,0.63,0.09729283287026043","0,0,0"
41.25,236,AV,0,0,0,66,4656.548587392589,0.2,-11.600688576916202,"0.27241954022988507,0.2843344988344989,0.3078148148148149,0.2,0.66,0.28409669792908543","0,0,0"
16.333333333333332,142,AV,1,0,0,8,2436.431929205765,0.2,-0.33162545703078466,"0.34684999999999994,0.3084095607235142,0.3655555555555555,0.2,0.08,0.1486470618368299","0,0,0"
17.316666666666666,131,AV,1,0,0,12,2293.603195459698,0.2,-0.3309796833448092,"0.26771212121212123,0.25141327913279127,0.2945333333333333,0.2,0.12,0.1399330602828654","0,0,0"
23.983333333333334,67,AV,1,0,0,29,1275.9312017726234,0.3,-0.3825135415314177,"0.40921491228070167,0.3090869047619047,0.3909722222222222,0.3,0.29,0.07784474582520468","0,0,0"
32.766666666666666,92,AV,1,0,0,62,1626.914224999384,0.3,-0.6663569513226644,"0.30739772727272724,0.301204834605598,0.3449444444444444,0.3,0.62,0.09925827046829748","0,0,0"
19.116666666666667,48,AV,1,0,0,12,1014.5614647146556,0.1,-0.08081263889081322,"0.33251801801801795,0.28057564102564103,0.36669230769230765,0.1,0.12,0.061898540638426994","0,0,0"
33.85,106,AV,1,0,0,64,1862.7228332236152,0.1,-0.2627215329359141,"0.3604674796747968,0.27563286713286717,0.3762777777777779,0.1,0.64,0.11364498751472468","0,0,0"
22.6,98,AV,0,0,0,27,1718.6657268339234,0.5,-10.809205113050972,"0.2743787878787879,0.288412213740458,0.33403333333333335,0.5,0.27,0.1048560427693963","0,0,0"
31.716666666666665,226,AV,1,0,0,56,4416.224882412617,0.4,-2.3344655420086697,"0.38314035087719295,0.31365610328638494,0.32648333333333335,0.4,0.56,0.26943451418128866","0,0,0"
39.93333333333333,43,AV,2,0,0,69,954.0002559944874,0.2,-0.31747008518927666,"0.2954273504273504,0.3031413793103449,0.2873888888888889,0.2,0.69,0.058203692598705815","0,0,0"
14.416666666666666,152,AV,1,0,0,0,2612.3907844155665,0.4,-0.6276994523665181,"0.3090352564102563,0.27475132275132275,0.3416515151515151,0.4,0.0,0.15938233685829767","0,0,0"
20.816666666666666,246,AV,1,0,0,18,4967.653125719208,0.2,-0.8617498269476793,"0.4935487804878049,0.3274800995024875,0.34354166666666663,0.2,0.18,0.3030772304824535","0,0,0"
21.383333333333333,141,AV,1,0,0,19,2421.0391237858234,0.1,-0.2157078608206397,"0.32727659574468093,0.2716243781094527,0.3267407407407407,0.1,0.19,0.14770794456797756","0,0,0"
46.733333333333334,154,AV,0,0,0,72,2622.7149314101284,0.9,-14.59630791729625,"0.3158103448275862,0.31712442922374434,0.33869444444444446,0.9,0.72,0.16001221454883238","0,0,0"
19.933333333333334,272,AV,1,0,0,18,6446.254396158338,0.2,-1.070794480250746,"0.3236598639455782,0.28242000000000006,0.33694444444444444,0.2,0.18,0.39328690629745905","0,0,0"
28.45,19,AV,1,0,0,47,776.0711537761008,0.6,-0.5519806081232517,"0.3640039682539683,0.31252230046948354,0.3748333333333333,0.6,0.47,0.04734821252434563","0,0,0"
14.683333333333334,104,AV,1,0,0,4,1823.811293294481,0.1,-0.11158178815225263,"0.3113962962962962,0.30578921568627454,0.35472222222222227,0.1,0.04,0.11127098887652025","0,0,0"
26.7,2,AV,1,0,0,42,497.26542980048754,0.2,-0.11064155813060848,"0.3024484126984127,0.28437820512820516,0.3164166666666667,0.2,0.42,0.030338235272169726","0,0,0"
21.1,283,AV,1,0,0,21,8011.326014866212,0.2,-1.4086581576139758,"0.3872280701754386,0.313104797979798,0.3541388888888889,0.2,0.21,0.48877215047621786","0,0,0"
43.266666666666666,228,AV,1,0,0,91,4446.537177105173,0.3,-2.404835523284381,"0.2875222222222222,0.286614898989899,0.3573555555555556,0.3,0.91,0.27128387163288364","0,0,0"
42.166666666666664,125,AV,1,0,0,91,2193.4249838744518,0.2,-0.7707451679447725,"0.28209829059829067,0.27301678657074335,0.32644444444444437,0.2,0.91,0.1338211732099237","0,0,0"
15.883333333333333,243,AV,1,0,0,6,4924.983441788647,0.3,-0.9778144208384542,"0.30511224489795924,0.29647564102564106,0.2983030303030303,0.3,0.06,0.3004739469391075","0,0,0"
34.583333333333336,277,AV,0,0,0,48,7081.334819999852,0.1,-11.020400677187478,"0.27378571428571424,0.2800340632603406,0.3478333333333333,0.1,0.48,0.43203325414428906","0,0,0"
8.683333333333334,177,AV,0,0,0,7,3046.5766145774583,0.1,-10.110226834457976,"0.24152564102564103,0.2516074879227053,0.31327777777777777,0.1,0.07,0.18587207669920885","0,0,0"
20.283333333333335,235,AV,1,0,0,12,4630.913868273173,0.3,-1.1741296203517606,"0.36725850340136057,0.3109503816793893,0.35064814814814815,0.3,0.12,0.28253272003483915","0,0,0"
51.68333333333333,161,AV,0,0,0,83,2761.3662775036096,0.5,-12.973262786992601,"0.22595454545454544,0.2641948529411765,0.33893750000000006,0.5,0.83,0.16847135308230085","0,0,0"
46.71666666666667,258,AV,0,0,0,74,5480.041794665195,0.1,-11.0667053576699,"0.23622619047619042,0.3059770531400966,0.34888333333333327,0.1,0.74,0.3343381367463661","0,0,0"
17.966666666666665,65,AV,1,0,0,4,1249.5878531833848,0.3,-0.28063660536076845,"0.34573404255319157,0.3216058394160584,0.3784722222222222,0.3,0.04,0.07623753434525571","0,0,0"
22.5,122,AV,1,0,0,22,2141.869626207308,0.2,-0.4016005549138703,"0.36855681818181807,0.28599122807017546,0.38702564102564097,0.2,0.22,0.13067577343605605","0,0,0"
41.05,20,AV,1,0,0,86,777.0630287344238,0.4,-0.531640622159135,"0.3187936507936508,0.27901033591731267,0.32581481481481483,0.4,0.86,0.04740872695797165","0,0,0"
38.71666666666667,116,AV,1,0,0,80,2088.64210540395,0.1,-0.3369385840870401,"0.4287401960784312,0.31103200883002197,0.4056666666666667,0.1,0.8,0.12742835474914976","0,0,0"
44.56666666666667,244,AV,1,0,0,95,4934.883137056144,0.2,-1.832760765067796,"0.34744736842105267,0.2959370629370629,0.3738055555555555,0.2,0.95,0.30107792876882894","0,0,0"
