travel_time,id,kind,action,origin,destination,start_time,income,urgency,reward,observation,cost_table
55.78333333333333,122,AV,0,0,0,54,1832.3133019091129,0.1,-0.05987651979450547,"0.46018131868131873,0.21342533333333327,0.2443035714285714,0.1,0.54,0.0962325552547376","0,0,0"
37.96666666666667,247,AV,0,0,0,45,5304.212874057136,0.1,-0.039380637066814536,"0.30771372549019615,0.16335574229691877,0.19570486111111107,0.1,0.45,0.2785756987922106","0,0,0"
50.55,58,AV,0,0,0,50,1020.7360413649084,0.4,-0.20954763905266943,"0.39584108527131784,0.1895153846153846,0.2220952380952381,0.4,0.5,0.053608756427629224","0,0,0"
14.733333333333333,260,AV,1,0,0,40,5985.732437913218,0.4,-0.05893333333333333,"0.2429825581395349,0.14014689265536726,0.17386284722222226,0.4,0.4,0.31436890567316916","0,0,0"
16.566666666666666,160,AV,1,0,0,44,2756.9260540590044,0.1,-0.016566666666666667,"0.28875757575757577,0.15657834757834763,0.18918771929824563,0.1,0.44,0.14479294482773922","0,0,0"
21.116666666666667,264,AV,2,0,0,48,6081.635477498837,0.3,-0.06335,"0.3633364779874214,0.18020454545454545,0.2118174603174603,0.3,0.48,0.31940570508209365","0,0,0"
14.133333333333333,186,AV,2,0,0,31,3251.3322332141274,0.7,-0.09893333333333333,"0.1150483870967742,0.10071505376344084,0.1362309236947791,0.7,0.31,0.17075901182308162","0,0,0"
20.033333333333335,142,AV,2,0,0,47,2361.523720441912,0.9,-0.18030000000000004,"0.33865522875816984,0.17106994047619048,0.20295736434108527,0.9,0.47,0.12402653065718573","0,0,0"
36.483333333333334,141,AV,0,0,0,44,2360.1328348572283,0.2,-0.07614445390356755,"0.28875757575757577,0.15657834757834763,0.18918771929824563,0.2,0.44,0.12395348175570059","0,0,0"
23.883333333333333,298,AV,2,0,0,51,17693.100214811147,0.2,-0.04776666666666667,"0.4230815217391303,0.19896831955922867,0.23633524904214556,0.2,0.51,0.9292364151236616","0,0,0"
17.166666666666668,98,AV,0,0,0,31,1538.317647081207,0.2,-0.03920878933179403,"0.1150483870967742,0.10071505376344084,0.1362309236947791,0.2,0.31,0.08079199000402343","0,0,0"
6.983333333333333,147,AV,0,0,0,15,2456.6540037696086,0.2,-0.017019599635042203,"0.0539,0.07794907407407407,0.1144313725490196,0.2,0.15,0.12902274513491346","0,0,0"
74.66666666666667,125,AV,0,0,0,63,2011.9739719035176,0.1,-0.07839434908439909,"0.6098649122807017,0.26454613095238094,0.29563261648745515,0.1,0.63,0.10566828075775386","0,0,0"
22.7,99,AV,2,0,0,48,1541.4014724042315,0.2,-0.045399999999999996,"0.3633364779874214,0.18020454545454545,0.2118174603174603,0.2,0.48,0.08095395160223084","0,0,0"
16.816666666666666,132,AV,1,0,0,41,2108.868816674547,0.4,-0.06726666666666667,"0.2538388278388278,0.1439690265486726,0.17788194444444438,0.4,0.41,0.1107571694830674","0,0,0"
39.85,271,AV,0,0,0,46,7177.938863287724,0.1,-0.04089486819166983,"0.3245592592592593,0.16650997150997152,0.19938351254480288,0.1,0.46,0.3769832361947931","0,0,0"
33.1,103,AV,0,0,0,41,1564.487892525026,0.2,-0.07099390095368223,"0.2538388278388278,0.1439690265486726,0.17788194444444438,0.2,0.41,0.08216644359123385","0,0,0"
17.233333333333334,20,AV,1,0,0,44,597.1498506777683,0.1,-0.017233333333333333,"0.28875757575757577,0.15657834757834763,0.18918771929824563,0.1,0.44,0.03136213437998447","0,0,0"
10.383333333333333,32,AV,0,0,0,20,761.8437659652793,0.4,-0.05137787145920127,"0.0630054644808743,0.08194007490636702,0.11708222222222223,0.4,0.2,0.04001181033142316","0,0,0"
15.433333333333334,4,AV,2,0,0,32,457.16351791608827,0.1,-0.015433333333333334,"0.13195166666666666,0.10723660714285715,0.14014204545454545,0.1,0.32,0.02401009338985435","0,0,0"
19.966666666666665,151,AV,1,0,0,50,2574.4307659940623,0.5,-0.09983333333333333,"0.39584108527131784,0.1895153846153846,0.2220952380952381,0.5,0.5,0.13520834601805928","0,0,0"
7.766666666666667,144,AV,1,0,0,19,2417.357356239525,0.8,-0.06213333333333333,"0.06041666666666667,0.08146586345381523,0.11626302083333334,0.8,0.19,0.12695889677403294","0,0,0"
17.866666666666667,234,AV,2,0,0,39,4662.282088415262,0.1,-0.017866666666666666,"0.22910569105691056,0.13628494623655915,0.16847872340425535,0.1,0.39,0.24486168288967095","0,0,0"
29.816666666666666,14,AV,1,0,0,69,567.550811201735,0.9,-0.26835000000000003,"0.6964324894514766,0.2903983050847458,0.32175242718446595,0.9,0.69,0.0298076015395053","0,0,0"
26.583333333333332,22,AV,2,0,0,58,627.4062491148882,0.2,-0.05316666666666667,"0.5314621212121212,0.24012083333333334,0.2719094202898551,0.2,0.58,0.03295119151959908","0,0,0"
93.93333333333334,57,AV,0,0,0,79,1005.9867386644172,0.9,-0.8528553666681107,"0.7553373983739836,0.31116111111111106,0.3423673469387755,0.9,0.79,0.052834127391418545","0,0,0"
11.35,124,AV,1,0,0,24,1927.298426803608,0.1,-0.011349999999999999,"0.07941865079365078,0.08789534883720929,0.12196934865900382,0.1,0.24,0.10122114605428258","0,0,0"
26.333333333333332,162,AV,2,0,0,55,2780.081336731352,0.6,-0.15799999999999997,"0.48618703703703703,0.22221733333333338,0.2535921568627451,0.6,0.55,0.14600905345767937","0,0,0"
20.633333333333333,42,AV,0,0,0,33,863.3540159882258,0.1,-0.02932038390715297,"0.1460066666666667,0.11084615384615384,0.14197222222222217,0.1,0.33,0.0453430987819722","0,0,0"
39.8,50,AV,0,0,0,46,914.1934345695068,0.3,-0.127603953032688,"0.3245592592592593,0.16650997150997152,0.19938351254480288,0.3,0.46,0.048013170080720285","0,0,0"
24.6,91,AV,1,0,0,56,1474.807688008607,0.2,-0.04920000000000001,"0.5113255813953489,0.2297205128205128,0.2607063492063493,0.2,0.56,0.07745646564838392","0,0,0"
6.65,137,AV,0,0,0,16,2239.194506681481,0.1,-0.009999418720714491,"0.05449382716049382,0.07929166666666668,0.11624074074074071,0.1,0.16,0.11760183635943447","0,0,0"
9.2,217,AV,1,0,0,23,4164.701887555128,0.8,-0.0736,"0.07615243902439023,0.08699747474747474,0.12135077519379847,0.8,0.23,0.21872891720868953","0,0,0"
13.566666666666666,279,AV,2,0,0,30,8333.728817076937,0.2,-0.027133333333333332,"0.10344845360824742,0.09647637795275589,0.13051315789473686,0.2,0.3,0.4376849843483456","0,0,0"
27.95,277,AV,2,0,0,59,7958.958807233507,0.4,-0.1118,"0.5383703703703704,0.24168502824858756,0.2726757246376812,0.4,0.59,0.4180021737490339","0,0,0"
25.366666666666667,207,AV,1,0,0,59,3849.958431883558,0.4,-0.10146666666666666,"0.5383703703703704,0.24168502824858756,0.2726757246376812,0.4,0.59,0.20219868356500897","0,0,0"
64.38333333333334,120,AV,0,0,0,59,1823.811293294481,0.1,-0.06849560088402505,"0.5383703703703704,0.24168502824858756,0.2726757246376812,0.1,0.59,0.09578603226495669","0,0,0"
23.633333333333333,200,AV,1,0,0,52,3520.054626539052,0.1,-0.023633333333333336,"0.4372594501718213,0.20542477876106197,0.23980370370370374,0.1,0.52,0.18487223281912113","0,0,0"
30.5,203,AV,1,0,0,73,3667.3634505223554,0.1,-0.0305,"0.7232215189873417,0.29729999999999995,0.32960534591194973,0.1,0.73,0.19260884889275526","0,0,0"
30.2,291,AV,1,0,0,72,11861.36896338871,0.4,-0.1208,"0.7141951754385965,0.296322033898305,0.3268522012578617,0.4,0.72,0.622955606433049","0,0,0"
32.016666666666666,77,AV,2,0,0,64,1265.4739572733297,0.3,-0.09605,"0.6323960784313726,0.2745517676767676,0.3058273092369478,0.3,0.64,0.0664623197298481","0,0,0"
30.666666666666668,44,AV,1,0,0,74,870.7377108213431,0.7,-0.21466666666666667,"0.733730923694779,0.29980780780780786,0.3318160377358491,0.7,0.74,0.045730888261135916","0,0,0"
32.05,71,AV,2,0,0,69,1167.011530479414,0.4,-0.12819999999999998,"0.6964324894514766,0.2903983050847458,0.32175242718446595,0.4,0.69,0.061291102058127545","0,0,0"
18.633333333333333,267,AV,2,0,0,41,6254.49597505133,0.6,-0.1118,"0.2538388278388278,0.1439690265486726,0.17788194444444438,0.6,0.41,0.3284842875301661","0,0,0"
66.08333333333333,129,AV,0,0,0,60,2044.1603053436156,0.1,-0.06975232151414984,"0.5690862745098039,0.25085655737704915,0.2806415770609319,0.1,0.6,0.10735869751562734","0,0,0"
29.5,135,AV,0,0,0,38,2147.781038516846,0.3,-0.09199197607460914,"0.21301587301587296,0.1312558479532164,0.163718954248366,0.3,0.38,0.1128008279199854","0,0,0"
30.3,128,AV,2,0,0,65,2035.9911412414244,0.8,-0.2424,"0.6512392156862745,0.27968205128205126,0.3119294117647059,0.8,0.65,0.10692965542166336","0,0,0"
17.25,228,AV,1,0,0,45,4549.070920567666,0.1,-0.017249999999999998,"0.30771372549019615,0.16335574229691877,0.19570486111111107,0.1,0.45,0.2389158656792649","0,0,0"
26.55,78,AV,1,0,0,60,1282.6858023855964,0.1,-0.026550000000000004,"0.5690862745098039,0.25085655737704915,0.2806415770609319,0.1,0.6,0.06736628076864885","0,0,0"
16.866666666666667,116,AV,1,0,0,44,1703.2333497257905,0.1,-0.016866666666666665,"0.28875757575757577,0.15657834757834763,0.18918771929824563,0.1,0.44,0.08945331416217002","0,0,0"
23.616666666666667,249,AV,1,0,0,53,5386.149373461946,0.2,-0.047233333333333336,"0.4514027777777778,0.2099353448275862,0.24328219696969697,0.2,0.53,0.28287897962204345","0,0,0"
17.633333333333333,45,AV,1,0,0,46,873.8892656114449,0.3,-0.0529,"0.3245592592592593,0.16650997150997152,0.19938351254480288,0.3,0.46,0.045896406991017324","0,0,0"
30.7,112,AV,1,0,0,75,1635.9686818612918,0.6,-0.1842,"0.7334861111111111,0.30299999999999994,0.3344102564102564,0.6,0.75,0.08592059360601972","0,0,0"
8.966666666666667,47,AV,1,0,0,19,892.1845339920479,0.1,-0.008966666666666668,"0.06041666666666667,0.08146586345381523,0.11626302083333334,0.1,0.19,0.046857269100953565","0,0,0"
9.1,208,AV,1,0,0,22,3863.855435177377,0.9,-0.0819,"0.07048971193415637,0.08475256410256411,0.12013483146067419,0.9,0.22,0.2029285500872649","0,0,0"
66.43333333333334,262,AV,0,0,0,60,6020.57275324985,0.8,-0.5327123953219597,"0.5690862745098039,0.25085655737704915,0.2806415770609319,0.8,0.6,0.3161987087790199","0,0,0"
80.1,190,AV,0,0,0,64,3323.1633986738134,0.3,-0.2425568857140738,"0.6323960784313726,0.2745517676767676,0.3058273092369478,0.3,0.64,0.17453156348873247","0,0,0"
25.883333333333333,101,AV,0,0,0,37,1552.9853059451273,0.1,-0.03071274155200002,"0.20190613026819926,0.12586363636363637,0.1579927536231884,0.1,0.37,0.08156233112997016","0,0,0"
12.65,89,AV,1,0,0,35,1447.5744631551047,0.1,-0.012650000000000002,"0.16354166666666667,0.11589619883040936,0.14661296296296297,0.1,0.35,0.07602618469547658","0,0,0"
57.4,179,AV,0,0,0,54,3065.2253709468137,0.1,-0.059846802140908595,"0.46018131868131873,0.21342533333333327,0.2443035714285714,0.1,0.54,0.16098473419939963","0,0,0"
26.9,243,AV,1,0,0,59,5009.92015912814,0.2,-0.053799999999999994,"0.5383703703703704,0.24168502824858756,0.2726757246376812,0.2,0.59,0.2631195320324301","0,0,0"
53.86666666666667,240,AV,0,0,0,53,4967.653125719208,0.1,-0.05537643391695433,"0.4514027777777778,0.2099353448275862,0.24328219696969697,0.1,0.53,0.26089967987955814","0,0,0"
97.58333333333333,268,AV,0,0,0,89,6563.608435155774,0.2,-0.19630933080851717,"0.7846893004115225,0.32381404958677684,0.35925170068027207,0.2,0.89,0.34471878294420655","0,0,0"
68.08333333333333,297,AV,0,0,0,60,15387.119225735782,0.2,-0.1366540873391117,"0.5690862745098039,0.25085655737704915,0.2806415770609319,0.2,0.6,0.8081269723682344","0,0,0"
35.86666666666667,59,AV,2,0,0,74,1022.032321197676,0.1,-0.03586666666666667,"0.733730923694779,0.29980780780780786,0.3318160377358491,0.1,0.74,0.053676836662871985","0,0,0"
32.083333333333336,145,AV,2,0,0,63,2421.0391237858234,0.7,-0.22458333333333333,"0.6098649122807017,0.26454613095238094,0.29563261648745515,0.7,0.63,0.12715226212179587","0,0,0"
14.9,215,AV,1,0,0,42,4090.160813256426,0.3,-0.0447,"0.26567697594501716,0.1499797507788162,0.18522048611111114,0.3,0.42,0.21481404192850495","0,0,0"
14.183333333333334,118,AV,1,0,0,38,1799.695682844959,0.1,-0.014183333333333334,"0.21301587301587296,0.1312558479532164,0.163718954248366,0.1,0.38,0.09451948750284238","0,0,0"
24.833333333333332,193,AV,2,0,0,52,3387.2787239910285,0.1,-0.024833333333333332,"0.4372594501718213,0.20542477876106197,0.23980370370370374,0.1,0.52,0.17789888150134298","0,0,0"
52.35,28,AV,0,0,0,52,679.8949342204361,0.4,-0.22043111616591093,"0.4372594501718213,0.20542477876106197,0.23980370370370374,0.4,0.52,0.03570788181072196","0,0,0"
94.08333333333333,159,AV,0,0,0,79,2744.8905386527767,0.1,-0.09681568272737551,"0.7553373983739836,0.31116111111111106,0.3423673469387755,0.1,0.79,0.14416084310139018","0,0,0"
17.883333333333333,293,AV,1,0,0,47,13351.937436366714,0.1,-0.01788333333333333,"0.33865522875816984,0.17106994047619048,0.20295736434108527,0.1,0.47,0.7012398238686656","0,0,0"
26.116666666666667,105,AV,0,0,0,37,1587.6148581174584,0.5,-0.13530740098844035,"0.20190613026819926,0.12586363636363637,0.1579927536231884,0.5,0.37,0.08338106501647227","0,0,0"
28.7,24,AV,1,0,0,66,646.5589615252754,0.2,-0.0574,"0.6651865079365079,0.28227604166666675,0.3136079545454546,0.2,0.66,0.03395708633758153","0,0,0"
19.333333333333332,187,AV,2,0,0,44,3257.969850357721,0.3,-0.057999999999999996,"0.28875757575757577,0.15657834757834763,0.18918771929824563,0.3,0.44,0.17110761752160772","0,0,0"
35.75,26,AV,2,0,0,77,670.158540600369,0.3,-0.10725,"0.7447882352941175,0.3073097222222222,0.33776842105263155,0.3,0.77,0.03519652928381035","0,0,0"
22.533333333333335,154,AV,0,0,0,33,2645.062412614309,0.3,-0.07043547184528898,"0.1460066666666667,0.11084615384615384,0.14197222222222217,0.3,0.33,0.13891789930735432","0,0,0"
18.3,197,AV,1,0,0,48,3438.9188747307694,0.5,-0.0915,"0.3633364779874214,0.18020454545454545,0.2118174603174603,0.5,0.48,0.18061100701734908","0,0,0"
9.983333333333333,199,AV,1,0,0,26,3508.846318545673,0.3,-0.029949999999999997,"0.0867574074074074,0.09122431077694236,0.12531168831168832,0.3,0.26,0.18428357578259733","0,0,0"
29.516666666666666,172,AV,0,0,0,38,2965.4163440895786,0.2,-0.061562489151519996,"0.21301587301587296,0.1312558479532164,0.163718954248366,0.2,0.38,0.15574279348874007","0,0,0"
28.316666666666666,284,AV,1,0,0,66,8987.822610831106,0.4,-0.11326666666666668,"0.6651865079365079,0.28227604166666675,0.3136079545454546,0.4,0.66,0.472037797856628","0,0,0"
27.983333333333334,239,AV,1,0,0,63,4934.883137056144,0.6,-0.1679,"0.6098649122807017,0.26454613095238094,0.29563261648745515,0.6,0.63,0.2591786097211798","0,0,0"
41.7,166,AV,0,0,0,47,2857.6088215719105,0.2,-0.086024571964988,"0.33865522875816984,0.17106994047619048,0.20295736434108527,0.2,0.47,0.1500807741404395","0,0,0"
24.033333333333335,97,AV,0,0,0,36,1530.6528609905624,0.1,-0.028933203311132465,"0.184010101010101,0.12150628930817611,0.153940350877193,0.1,0.36,0.08038943769475668","0,0,0"
23.033333333333335,290,AV,2,0,0,50,11515.391842589095,0.3,-0.06910000000000001,"0.39584108527131784,0.1895153846153846,0.2220952380952381,0.3,0.5,0.6047849898908156","0,0,0"
18.1,275,AV,1,0,0,47,7864.29237148983,0.4,-0.0724,"0.33865522875816984,0.17106994047619048,0.20295736434108527,0.4,0.47,0.41303032040988025","0,0,0"
17.516666666666666,2,AV,1,0,0,45,437.8567856598078,0.1,-0.017516666666666666,"0.30771372549019615,0.16335574229691877,0.19570486111111107,0.1,0.45,0.022996109494903022","0,0,0"
64.38333333333334,25,AV,0,0,0,57,649.7132696839626,0.9,-0.5909935536719886,"0.5240170454545455,0.2358253333333334,0.2701781609195402,0.9,0.57,0.034122749673570554","0,0,0"
90.68333333333334,108,AV,0,0,0,75,1592.6375082496468,0.2,-0.1860758361802258,"0.7334861111111111,0.30299999999999994,0.3344102564102564,0.2,0.75,0.08364485312294262","0,0,0"
7.666666666666667,73,AV,1,0,0,6,1239.4416864014672,0.9,-0.069,"0.0,0.0,0.0,0.9,0.06,0.06509511252654251","0,0,0"
23.833333333333332,241,AV,1,0,0,53,4968.170350229253,0.1,-0.02383333333333333,"0.4514027777777778,0.2099353448275862,0.24328219696969697,0.1,0.53,0.260926844358575","0,0,0"
13.75,222,AV,2,0,0,30,4376.119511966378,0.1,-0.013750000000000002,"0.10344845360824742,0.09647637795275589,0.13051315789473686,0.1,0.3,0.22983250860967044","0,0,0"
74.93333333333334,29,AV,0,0,0,63,742.4887258523852,0.3,-0.23490116347745205,"0.6098649122807017,0.26454613095238094,0.29563261648745515,0.3,0.63,0.03899528932206243","0,0,0"
22.783333333333335,255,AV,2,0,0,51,5825.994272151124,0.5,-0.11391666666666668,"0.4230815217391303,0.19896831955922867,0.23633524904214556,0.5,0.51,0.3059795042280261","0,0,0"
85.46666666666667,109,AV,0,0,0,70,1596.1763216794554,0.5,-0.4320320623510077,"0.7025333333333333,0.2924327956989248,0.3234622641509434,0.5,0.7,0.0838307105625876","0,0,0"
29.883333333333333,184,AV,1,0,0,70,3236.647802754315,0.5,-0.14941666666666667,"0.7025333333333333,0.2924327956989248,0.3234622641509434,0.5,0.7,0.16998778985785554","0,0,0"
12.15,272,AV,1,0,0,35,7572.106998522375,0.4,-0.048600000000000004,"0.16354166666666667,0.11589619883040936,0.14661296296296297,0.4,0.35,0.3976848306296006","0,0,0"
20.516666666666666,287,AV,1,0,0,50,9280.176126726552,0.4,-0.08206666666666668,"0.39584108527131784,0.1895153846153846,0.2220952380952381,0.4,0.5,0.48739211845399105","0,0,0"
29.433333333333334,258,AV,1,0,0,67,5911.733280178027,0.6,-0.1766,"0.6745493827160495,0.285824,0.31576241134751776,0.6,0.67,0.3104824916913811","0,0,0"
26.316666666666666,119,AV,2,0,0,55,1822.2981036688468,0.9,-0.23685,"0.48618703703703703,0.22221733333333338,0.2535921568627451,0.9,0.55,0.09570655999124235","0,0,0"
28.316666666666666,100,AV,1,0,0,64,1546.5147326922538,0.5,-0.14158333333333334,"0.6323960784313726,0.2745517676767676,0.3058273092369478,0.5,0.64,0.08122249852741349","0,0,0"
12.083333333333334,52,AV,0,0,0,22,959.5289757906356,0.4,-0.056149668419848184,"0.07048971193415637,0.08475256410256411,0.12013483146067419,0.4,0.22,0.05039417936063988","0,0,0"
27.683333333333334,80,AV,0,0,0,37,1294.2551843223837,0.3,-0.08884483867698523,"0.20190613026819926,0.12586363636363637,0.1579927536231884,0.3,0.37,0.06797390130239438","0,0,0"
69.68333333333334,140,AV,0,0,0,61,2347.541384251396,0.1,-0.07287816519031962,"0.5901760299625468,0.2566944444444445,0.286514652014652,0.1,0.61,0.12329218247631395","0,0,0"
16.816666666666666,253,AV,2,0,0,35,5670.319740923212,0.3,-0.050449999999999995,"0.16354166666666667,0.11589619883040936,0.14661296296296297,0.3,0.35,0.29780352367244284","0,0,0"
92.18333333333334,283,AV,0,0,0,78,8975.220492497892,0.2,-0.18520230073340288,"0.745544061302682,0.30884330484330486,0.33919444444444447,0.2,0.78,0.47137593831133945","0,0,0"
28.35,127,AV,1,0,0,65,2030.86588445069,0.8,-0.22680000000000003,"0.6512392156862745,0.27968205128205126,0.3119294117647059,0.8,0.65,0.10666047844368956","0,0,0"
71.55,149,AV,0,0,0,62,2472.005569054355,0.1,-0.07458397374742529,"0.6003392156862745,0.2601819444444445,0.2905842105263158,0.1,0.62,0.12982900482476664","0,0,0"
11.916666666666666,41,AV,1,0,0,33,861.805442805673,0.3,-0.03575,"0.1460066666666667,0.11084615384615384,0.14197222222222217,0.3,0.33,0.04526176817426404","0,0,0"
22.35,130,AV,0,0,0,35,2052.607856914241,0.3,-0.0707038883814247,"0.16354166666666667,0.11589619883040936,0.14661296296296297,0.3,0.35,0.10780236043748707","0,0,0"
22.933333333333334,285,AV,2,0,0,50,9030.678864893336,0.3,-0.0688,"0.39584108527131784,0.1895153846153846,0.2220952380952381,0.3,0.5,0.47428859570476767","0,0,0"
32.06666666666667,178,AV,1,0,0,84,3046.5766145774583,0.3,-0.09620000000000001,"0.7679349593495937,0.3175564304461942,0.35260073260073255,0.3,0.84,0.16000530700434717","0,0,0"
25.383333333333333,227,AV,1,0,0,59,4547.885280126284,0.1,-0.025383333333333338,"0.5383703703703704,0.24168502824858756,0.2726757246376812,0.1,0.59,0.2388535961922898","0,0,0"
22.316666666666666,237,AV,2,0,0,46,4843.3187157075145,0.3,-0.06695,"0.3245592592592593,0.16650997150997152,0.19938351254480288,0.3,0.46,0.2543696732649421","0,0,0"
24.8,280,AV,1,0,0,57,8348.421721831439,0.5,-0.124,"0.5240170454545455,0.2358253333333334,0.2701781609195402,0.5,0.57,0.43845665138103423","0,0,0"
19.15,106,AV,0,0,0,32,1588.8002265047048,0.3,-0.06217054313366991,"0.13195166666666666,0.10723660714285715,0.14014204545454545,0.3,0.32,0.08344332021524425","0,0,0"
50.6,181,AV,0,0,0,50,3169.820795106812,0.1,-0.05296606435656477,"0.39584108527131784,0.1895153846153846,0.2220952380952381,0.1,0.5,0.16647805508747177","0,0,0"
16.55,218,AV,1,0,0,42,4196.147454418583,0.1,-0.016550000000000002,"0.26567697594501716,0.1499797507788162,0.18522048611111114,0.1,0.42,0.22038042912401049","0,0,0"
92.28333333333333,121,AV,0,0,0,78,1830.3424648913517,0.4,-0.373230927168291,"0.745544061302682,0.30884330484330486,0.33919444444444447,0.4,0.78,0.0961290474747023","0,0,0"
24.033333333333335,192,AV,2,0,0,51,3362.377553451843,0.4,-0.09613333333333335,"0.4230815217391303,0.19896831955922867,0.23633524904214556,0.4,0.51,0.17659107935455778","0,0,0"
76.75,133,AV,0,0,0,63,2123.4400354784907,0.1,-0.08028200461265202,"0.6098649122807017,0.26454613095238094,0.29563261648745515,0.1,0.63,0.11152244560545237","0,0,0"
14.166666666666666,82,AV,1,0,0,39,1348.5865378412918,0.2,-0.028333333333333335,"0.22910569105691056,0.13628494623655915,0.16847872340425535,0.2,0.39,0.07082736799617727","0,0,0"
85.28333333333333,171,AV,0,0,0,69,2964.6777926145683,0.3,-0.2583797858737578,"0.6964324894514766,0.2903983050847458,0.32175242718446595,0.3,0.69,0.15570400498267326","0,0,0"
36.43333333333333,221,AV,2,0,0,79,4343.557359248321,0.3,-0.10929999999999998,"0.7553373983739836,0.31116111111111106,0.3423673469387755,0.3,0.79,0.22812235393394506","0,0,0"
89.01666666666667,92,AV,0,0,0,74,1475.2077210572677,0.3,-0.2721340297898013,"0.733730923694779,0.29980780780780786,0.3318160377358491,0.3,0.74,0.07747747526634545","0,0,0"
38.766666666666666,31,AV,2,0,0,87,743.7818724069466,0.2,-0.07753333333333334,"0.7791726190476191,0.32150137741046836,0.35731228070175436,0.2,0.87,0.039063204998456114","0,0,0"
43.21666666666667,161,AV,0,0,0,47,2761.3662775036096,0.5,-0.21879938011825328,"0.33865522875816984,0.17106994047619048,0.20295736434108527,0.5,0.47,0.14502614405602138","0,0,0"
69.66666666666667,164,AV,0,0,0,61,2835.850686157305,0.4,-0.28131137572578957,"0.5901760299625468,0.2566944444444445,0.286514652014652,0.4,0.61,0.14893804327321036","0,0,0"
60.93333333333333,8,AV,0,0,0,55,497.26542980048754,0.6,-0.3806824882457828,"0.48618703703703703,0.22221733333333338,0.2535921568627451,0.6,0.55,0.026116233997585142","0,0,0"
8.383333333333333,167,AV,0,0,0,18,2891.134206742707,0.3,-0.02774413761647885,"0.05728205128205129,0.08018548387096773,0.1164829931972789,0.3,0.18,0.1518415175010447","0,0,0"
18.416666666666668,180,AV,1,0,0,48,3119.7161673652217,0.2,-0.036833333333333336,"0.3633364779874214,0.18020454545454545,0.2118174603174603,0.2,0.48,0.1638465747873305","0,0,0"
10.85,261,AV,2,0,0,22,6007.794801579103,0.3,-0.032549999999999996,"0.07048971193415637,0.08475256410256411,0.12013483146067419,0.3,0.22,0.31552761451860256","0,0,0"
8.7,176,AV,1,0,0,17,3031.4508351358254,0.8,-0.0696,"0.05555392156862746,0.07914197530864198,0.116031914893617,0.8,0.17,0.15921090552051181","0,0,0"
23.616666666666667,74,AV,1,0,0,50,1240.6560786390864,0.3,-0.07085,"0.39584108527131784,0.1895153846153846,0.2220952380952381,0.3,0.5,0.06515889204939258","0,0,0"
19.016666666666666,256,AV,2,0,0,41,5844.130995646287,0.1,-0.019016666666666668,"0.2538388278388278,0.1439690265486726,0.17788194444444438,0.1,0.41,0.30693203960724846","0,0,0"
5.05,170,AV,0,0,0,14,2942.323800284961,0.3,-0.017699005653039827,"0.053911111111111125,0.07812121212121212,0.11479710144927535,0.3,0.14,0.15452997988566525","0,0,0"
8.6,183,AV,1,0,0,20,3227.056348793521,0.1,-0.0086,"0.0630054644808743,0.08194007490636702,0.11708222222222223,0.1,0.2,0.1694840495191844","0,0,0"
18.833333333333332,250,AV,0,0,0,32,5480.041794665195,0.2,-0.039035269367343375,"0.13195166666666666,0.10723660714285715,0.14014204545454545,0.2,0.32,0.2878101819453735","0,0,0"
41.45,62,AV,0,0,0,46,1046.6558973464134,0.1,-0.048615678824353595,"0.3245592592592593,0.16650997150997152,0.19938351254480288,0.1,0.46,0.054970059633983805","0,0,0"
76.66666666666667,281,AV,0,0,0,63,8436.938288223368,0.6,-0.4608889480690488,"0.6098649122807017,0.26454613095238094,0.29563261648745515,0.6,0.63,0.4431055153921156","0,0,0"
13.833333333333334,266,AV,0,0,0,26,6248.181898567973,0.5,-0.07036701584371591,"0.0867574074074074,0.09122431077694236,0.12531168831168832,0.5,0.26,0.3281526740918779","0,0,0"
34.516666666666666,69,AV,2,0,0,86,1141.5133047894662,0.1,-0.03451666666666667,"0.7686273408239701,0.3190645161290322,0.35327011494252875,0.1,0.86,0.059951942750574055","0,0,0"
29.95,70,AV,1,0,0,71,1150.2916000513435,0.1,-0.02995,"0.7097841880341879,0.29552849002849,0.32663809523809517,0.1,0.71,0.0604129762337403","0,0,0"
32.28333333333333,35,AV,1,0,0,88,777.0630287344238,0.2,-0.06456666666666666,"0.7842020833333332,0.32292005420054204,0.3589072164948454,0.2,0.88,0.04081112153210161","0,0,0"
7.766666666666667,220,AV,1,0,0,6,4304.4895651906745,0.1,-0.0077666666666666665,"0.0,0.0,0.0,0.1,0.06,0.22607052489007143","0,0,0"
17.483333333333334,134,AV,2,0,0,40,2131.3254046090938,0.3,-0.052450000000000004,"0.2429825581395349,0.14014689265536726,0.17386284722222226,0.3,0.4,0.11193658287104669","0,0,0"
26.6,7,AV,1,0,0,60,491.8679742725259,0.1,-0.026600000000000002,"0.5690862745098039,0.25085655737704915,0.2806415770609319,0.1,0.6,0.025832761222056865","0,0,0"
43.733333333333334,94,AV,0,0,0,47,1496.328062426438,0.1,-0.04874560316127337,"0.33865522875816984,0.17106994047619048,0.20295736434108527,0.1,0.47,0.07858670937805001","0,0,0"
17.266666666666666,254,AV,0,0,0,30,5721.231751015957,0.4,-0.07037757318582107,"0.10344845360824742,0.09647637795275589,0.13051315789473686,0.4,0.3,0.30047740745600493","0,0,0"
81.86666666666666,19,AV,0,0,0,65,595.9176043698985,0.7,-0.5856522992188887,"0.6512392156862745,0.27968205128205126,0.3119294117647059,0.7,0.65,0.03129741716662037","0,0,0"
23.183333333333334,276,AV,2,0,0,53,7897.119961473183,0.3,-0.06955,"0.4514027777777778,0.2099353448275862,0.24328219696969697,0.3,0.53,0.4147544157726446","0,0,0"
21.066666666666666,67,AV,1,0,0,51,1122.7546975855585,0.4,-0.08426666666666667,"0.4230815217391303,0.19896831955922867,0.23633524904214556,0.4,0.51,0.05896674622202671","0,0,0"
16.833333333333332,295,AV,2,0,0,37,13460.811009378149,0.1,-0.016833333333333336,"0.20190613026819926,0.12586363636363637,0.1579927536231884,0.1,0.37,0.7069578318750951","0,0,0"
23.933333333333334,152,AV,2,0,0,51,2612.3907844155665,0.7,-0.16753333333333334,"0.4230815217391303,0.19896831955922867,0.23633524904214556,0.7,0.51,0.13720199501160868","0,0,0"
26.716666666666665,9,AV,2,0,0,56,506.5869000089976,0.2,-0.05343333333333333,"0.5113255813953489,0.2297205128205128,0.2607063492063493,0.2,0.56,0.02660579486905904","0,0,0"
12.2,219,AV,0,0,0,21,4227.85786318916,0.1,-0.01397394799983711,"0.0663153153153153,0.0836831955922865,0.11798518518518517,0.1,0.21,0.22204585045833433","0,0,0"
15.666666666666666,30,AV,2,0,0,36,743.7553910389753,0.1,-0.015666666666666666,"0.184010101010101,0.12150628930817611,0.153940350877193,0.1,0.36,0.03906181420480535","0,0,0"
47.0,292,AV,0,0,0,49,12197.400506638176,0.4,-0.18861488511391572,"0.3809681647940074,0.18635496183206107,0.21789583333333337,0.4,0.49,0.6406038841699384","0,0,0"
24.2,163,AV,1,0,0,56,2797.307504072895,0.5,-0.121,"0.5113255813953489,0.2297205128205128,0.2607063492063493,0.5,0.56,0.1469137666957458","0,0,0"
16.916666666666668,296,AV,1,0,0,43,14312.770160915026,0.1,-0.01691666666666667,"0.2788475177304964,0.15340158730158732,0.18558910891089106,0.1,0.43,0.7517024757302859","0,0,0"
27.95,39,AV,1,0,0,63,857.6590975250949,0.8,-0.2236,"0.6098649122807017,0.26454613095238094,0.29563261648745515,0.8,0.63,0.04504400334065031","0,0,0"
24.966666666666665,185,AV,1,0,0,58,3245.380745418587,0.6,-0.1498,"0.5314621212121212,0.24012083333333334,0.2719094202898551,0.6,0.58,0.1704464414359456","0,0,0"
27.55,38,AV,2,0,0,55,837.3801312568858,0.1,-0.027550000000000005,"0.48618703703703703,0.22221733333333338,0.2535921568627451,0.1,0.55,0.04397895800158024","0,0,0"
11.716666666666667,150,AV,1,0,0,32,2533.2754137277425,0.6,-0.0703,"0.13195166666666666,0.10723660714285715,0.14014204545454545,0.6,0.32,0.13304687903156176","0,0,0"
88.7,53,AV,0,0,0,73,969.457736312404,0.1,-0.09643628361410399,"0.7232215189873417,0.29729999999999995,0.32960534591194973,0.1,0.73,0.050915634940603534","0,0,0"
96.03333333333333,177,AV,0,0,0,82,3032.1279287666234,0.2,-0.19454017707790144,"0.7695421686746989,0.3159731182795699,0.34958243727598565,0.2,0.82,0.15924646627869138","0,0,0"
12.8,43,AV,1,0,0,36,863.5619359671642,0.2,-0.0256,"0.184010101010101,0.12150628930817611,0.153940350877193,0.2,0.36,0.04535401867806252","0,0,0"
25.55,11,AV,2,0,0,54,539.5213747330826,0.7,-0.17884999999999998,"0.46018131868131873,0.21342533333333327,0.2443035714285714,0.7,0.54,0.028335503786943907","0,0,0"
15.25,76,AV,1,0,0,41,1261.43865123121,0.1,-0.01525,"0.2538388278388278,0.1439690265486726,0.17788194444444438,0.1,0.41,0.06625038664435261","0,0,0"
24.666666666666668,54,AV,1,0,0,56,978.4447105201264,0.1,-0.02466666666666667,"0.5113255813953489,0.2297205128205128,0.2607063492063493,0.1,0.56,0.051387628180578626","0,0,0"
32.25,242,AV,1,0,0,75,5004.1281918097375,0.1,-0.03225,"0.7334861111111111,0.30299999999999994,0.3344102564102564,0.1,0.75,0.2628153396137967","0,0,0"
18.916666666666668,143,AV,2,0,0,42,2398.572127464108,0.6,-0.1135,"0.26567697594501716,0.1499797507788162,0.18522048611111114,0.6,0.42,0.12597230208838628","0,0,0"
21.183333333333334,123,AV,2,0,0,47,1848.7234685638712,0.1,-0.021183333333333335,"0.33865522875816984,0.17106994047619048,0.20295736434108527,0.1,0.47,0.09709441237693286","0,0,0"
32.43333333333333,148,AV,2,0,0,67,2458.2611968747465,0.2,-0.06486666666666667,"0.6745493827160495,0.285824,0.31576241134751776,0.2,0.67,0.12910715444370038","0,0,0"
10.883333333333333,229,AV,1,0,0,31,4549.115907877681,0.5,-0.05441666666666666,"0.1150483870967742,0.10071505376344084,0.1362309236947791,0.5,0.31,0.2389182283995444","0,0,0"
20.566666666666666,273,AV,0,0,0,32,7612.519032757181,0.4,-0.08325188587830043,"0.13195166666666666,0.10723660714285715,0.14014204545454545,0.4,0.32,0.39980725877188683","0,0,0"
78.45,158,AV,0,0,0,63,2744.255474143275,0.7,-0.5518829817032946,"0.6098649122807017,0.26454613095238094,0.29563261648745515,0.7,0.63,0.14412748970028938","0,0,0"
29.466666666666665,90,AV,1,0,0,67,1454.957177165027,0.6,-0.17679999999999998,"0.6745493827160495,0.285824,0.31576241134751776,0.6,0.67,0.0764139226620948","0,0,0"
18.583333333333332,232,AV,1,0,0,48,4635.813442599864,0.6,-0.11149999999999999,"0.3633364779874214,0.18020454545454545,0.2118174603174603,0.6,0.48,0.24347155740278267","0,0,0"
16.316666666666666,138,AV,2,0,0,39,2239.257430619588,0.1,-0.016316666666666667,"0.22910569105691056,0.13628494623655915,0.16847872340425535,0.1,0.39,0.1176051411061415","0,0,0"
34.266666666666666,111,AV,2,0,0,68,1626.914224999384,0.6,-0.2056,"0.6931987951807227,0.28906582633053224,0.31914795918367345,0.6,0.68,0.08544505619691108","0,0,0"
14.9,95,AV,1,0,0,40,1507.5005543882637,0.4,-0.0596,"0.2429825581395349,0.14014689265536726,0.17386284722222226,0.4,0.4,0.07917348536713947","0,0,0"
80.16666666666667,93,AV,0,0,0,64,1485.5718097438446,0.8,-0.6463818943997239,"0.6323960784313726,0.2745517676767676,0.3058273092369478,0.8,0.64,0.07802179415338123","0,0,0"
25.85,257,AV,1,0,0,59,5862.8833826120845,0.4,-0.1034,"0.5383703703703704,0.24168502824858756,0.2726757246376812,0.4,0.59,0.30791690945072125","0,0,0"
11.666666666666666,88,AV,1,0,0,31,1446.9812594843625,0.1,-0.011666666666666665,"0.1150483870967742,0.10071505376344084,0.1362309236947791,0.1,0.31,0.0759950298133052","0,0,0"
20.033333333333335,223,AV,2,0,0,45,4381.240268036911,0.2,-0.040066666666666674,"0.30771372549019615,0.16335574229691877,0.19570486111111107,0.2,0.45,0.23010144921114412","0,0,0"
32.36666666666667,36,AV,1,0,0,81,802.5586880039084,0.2,-0.06473333333333334,"0.7656329365079366,0.3148620218579235,0.34839361702127664,0.2,0.81,0.042150146052007835","0,0,0"
19.25,174,AV,2,0,0,39,3001.8426729260827,0.3,-0.057749999999999996,"0.22910569105691056,0.13628494623655915,0.16847872340425535,0.3,0.39,0.1576558935567436","0,0,0"
57.61666666666667,173,AV,0,0,0,54,2966.188350320237,0.1,-0.06014516422454775,"0.46018131868131873,0.21342533333333327,0.2443035714285714,0.1,0.54,0.15578333902872574","0,0,0"
12.466666666666667,195,AV,2,0,0,29,3398.605365942332,0.4,-0.04986666666666667,"0.10072048611111112,0.09591466666666665,0.13054430379746831,0.4,0.29,0.17849375340250406","0,0,0"
10.65,278,AV,1,0,0,24,8326.33528790118,0.9,-0.09585,"0.07941865079365078,0.08789534883720929,0.12196934865900382,0.9,0.24,0.43729667837240127","0,0,0"
71.3,245,AV,0,0,0,61,5064.807770076448,0.7,-0.5005808064472478,"0.5901760299625468,0.2566944444444445,0.286514652014652,0.7,0.61,0.2660022132026646","0,0,0"
28.033333333333335,16,AV,2,0,0,57,583.3206434887895,0.1,-0.028033333333333334,"0.5240170454545455,0.2358253333333334,0.2701781609195402,0.1,0.57,0.030635828489198207","0,0,0"
35.11666666666667,244,AV,1,0,0,86,5051.78348307234,0.2,-0.07023333333333334,"0.7686273408239701,0.3190645161290322,0.35327011494252875,0.2,0.86,0.26531818148305064","0,0,0"
18.716666666666665,214,AV,1,0,0,48,4015.909421979459,0.3,-0.05614999999999999,"0.3633364779874214,0.18020454545454545,0.2118174603174603,0.3,0.48,0.21091438071535054","0,0,0"
45.13333333333333,10,AV,0,0,0,47,513.3463032142733,0.1,-0.059743353806918906,"0.33865522875816984,0.17106994047619048,0.20295736434108527,0.1,0.47,0.026960796735695607","0,0,0"
11.366666666666667,146,AV,1,0,0,31,2421.832203454489,0.9,-0.1023,"0.1150483870967742,0.10071505376344084,0.1362309236947791,0.9,0.31,0.12719391443254247","0,0,0"
28.116666666666667,274,AV,2,0,0,57,7658.5640246764915,0.1,-0.02811666666666667,"0.5240170454545455,0.2358253333333334,0.2701781609195402,0.1,0.57,0.4022255281936403","0,0,0"
48.55,236,AV,0,0,0,49,4754.245589533712,0.6,-0.2928775373524058,"0.3809681647940074,0.18635496183206107,0.21789583333333337,0.6,0.49,0.24969157889794616","0,0,0"
81.81666666666666,113,AV,0,0,0,65,1639.6236094811811,0.4,-0.33184088721132765,"0.6512392156862745,0.27968205128205126,0.3119294117647059,0.4,0.65,0.08611254932874826","0,0,0"
5.016666666666667,0,AV,0,0,0,14,388.2787303527966,0.2,-0.02934935405171102,"0.053911111111111125,0.07812121212121212,0.11479710144927535,0.2,0.14,0.02039228462402346","0,0,0"
10.5,136,AV,1,0,0,28,2164.09247058771,0.8,-0.084,"0.09562943262411347,0.094078125,0.12805128205128205,0.8,0.28,0.11365749953089815","0,0,0"
23.866666666666667,27,AV,1,0,0,55,676.2529471816457,0.6,-0.1432,"0.48618703703703703,0.22221733333333338,0.2535921568627451,0.6,0.55,0.03551660572350354","0,0,0"
32.88333333333333,191,AV,0,0,0,40,3352.9358316496982,0.1,-0.0351201790042837,"0.2429825581395349,0.14014689265536726,0.17386284722222226,0.1,0.4,0.17609520290478356","0,0,0"
34.63333333333333,211,AV,0,0,0,41,3942.222625638348,0.1,-0.036535813409223405,"0.2538388278388278,0.1439690265486726,0.17788194444444438,0.1,0.41,0.20704437186203256","0,0,0"
67.98333333333333,248,AV,0,0,0,60,5307.329693361759,0.1,-0.06939647335540144,"0.5690862745098039,0.25085655737704915,0.2806415770609319,0.1,0.6,0.2787393932246195","0,0,0"
95.9,6,AV,0,0,0,84,477.1303205766694,0.1,-0.11161897587840436,"0.7679349593495937,0.3175564304461942,0.35260073260073255,0.1,0.84,0.025058743988140585","0,0,0"
23.666666666666668,210,AV,1,0,0,50,3941.04555698938,0.4,-0.09466666666666668,"0.39584108527131784,0.1895153846153846,0.2220952380952381,0.4,0.5,0.20698255256307185","0,0,0"
97.45,139,AV,0,0,0,92,2344.9936519099742,0.1,-0.10064830290111504,"0.7890386178861789,0.3241077586206897,0.3600767973856209,0.1,0.92,0.12315837632369546","0,0,0"
11.1,299,AV,1,0,0,31,19040.472291926453,0.1,-0.0111,"0.1150483870967742,0.10071505376344084,0.1362309236947791,0.1,0.31,1.0","0,0,0"
60.916666666666664,3,AV,0,0,0,55,449.0833195935783,0.1,-0.07761735376140784,"0.48618703703703703,0.22221733333333338,0.2535921568627451,0.1,0.55,0.02358572375245118","0,0,0"
83.53333333333333,48,AV,0,0,0,66,898.3728471886773,0.2,-0.17541509351802367,"0.6651865079365079,0.28227604166666675,0.3136079545454546,0.2,0.66,0.047182277488442635","0,0,0"
28.566666666666666,188,AV,2,0,0,59,3274.575105225111,0.1,-0.02856666666666667,"0.5383703703703704,0.24168502824858756,0.2726757246376812,0.1,0.59,0.17197972061930406","0,0,0"
10.116666666666667,189,AV,0,0,0,20,3301.717979419838,0.1,-0.012388211373618854,"0.0630054644808743,0.08194007490636702,0.11708222222222223,0.1,0.2,0.1734052563822082","0,0,0"
36.3,60,AV,0,0,0,43,1025.7249596144625,0.9,-0.33401190162596706,"0.2788475177304964,0.15340158730158732,0.18558910891089106,0.9,0.43,0.05387077294555297","0,0,0"
11.633333333333333,86,AV,1,0,0,31,1411.5824788559885,0.3,-0.0349,"0.1150483870967742,0.10071505376344084,0.1362309236947791,0.3,0.31,0.07413589627472256","0,0,0"
59.61666666666667,64,AV,0,0,0,54,1074.3823512953045,0.1,-0.06659742169392284,"0.46018131868131873,0.21342533333333327,0.2443035714285714,0.1,0.54,0.05642624483379356","0,0,0"
15.45,289,AV,0,0,0,26,10838.007207066395,0.2,-0.03159200913569332,"0.0867574074074074,0.09122431077694236,0.12531168831168832,0.2,0.26,0.5692089482287648","0,0,0"
26.8,175,AV,1,0,0,62,3024.224513765153,0.1,-0.026800000000000004,"0.6003392156862745,0.2601819444444445,0.2905842105263158,0.1,0.62,0.1588313812492711","0,0,0"
21.716666666666665,66,AV,1,0,0,51,1097.8259349569896,0.4,-0.08686666666666666,"0.4230815217391303,0.19896831955922867,0.23633524904214556,0.4,0.51,0.05765749494682913","0,0,0"
73.05,155,AV,0,0,0,62,2648.588416164911,0.1,-0.07588169704821854,"0.6003392156862745,0.2601819444444445,0.2905842105263158,0.1,0.62,0.1391030839759141","0,0,0"
38.13333333333333,83,AV,0,0,0,45,1373.5659577718477,0.2,-0.08172690682300124,"0.30771372549019615,0.16335574229691877,0.19570486111111107,0.2,0.45,0.07213927977796368","0,0,0"
8.85,201,AV,1,0,0,21,3608.770587345788,0.7,-0.06194999999999999,"0.0663153153153153,0.0836831955922865,0.11798518518518517,0.7,0.21,0.18953156896617424","0,0,0"
32.45,212,AV,2,0,0,66,3958.913906791885,0.1,-0.03245,"0.6651865079365079,0.28227604166666675,0.3136079545454546,0.1,0.66,0.20792099303495454","0,0,0"
15.733333333333333,259,AV,2,0,0,33,5913.041300376779,0.8,-0.12586666666666665,"0.1460066666666667,0.11084615384615384,0.14197222222222217,0.8,0.33,0.31055118852718944","0,0,0"
30.916666666666668,126,AV,1,0,0,75,2015.5588757501516,0.2,-0.061833333333333344,"0.7334861111111111,0.30299999999999994,0.3344102564102564,0.2,0.75,0.10585655885252329","0,0,0"
25.283333333333335,115,AV,1,0,0,58,1682.490559712908,0.4,-0.10113333333333335,"0.5314621212121212,0.24012083333333334,0.2719094202898551,0.4,0.58,0.0883639089365613","0,0,0"
87.18333333333334,21,AV,0,0,0,70,623.7253316558669,0.1,-0.099207856980768,"0.7025333333333333,0.2924327956989248,0.3234622641509434,0.1,0.7,0.03275787081816973","0,0,0"
20.516666666666666,238,AV,2,0,0,43,4925.450001742355,0.4,-0.08206666666666668,"0.2788475177304964,0.15340158730158732,0.18558910891089106,0.4,0.43,0.25868318423124653","0,0,0"
31.183333333333334,165,AV,0,0,0,38,2838.632091159661,0.1,-0.03382545100097939,"0.21301587301587296,0.1312558479532164,0.163718954248366,0.1,0.38,0.149084121845197","0,0,0"
83.58333333333333,51,AV,0,0,0,66,932.0432837729122,0.1,-0.09163016992405475,"0.6651865079365079,0.28227604166666675,0.3136079545454546,0.1,0.66,0.04895063890658413","0,0,0"
28.4,168,AV,2,0,0,59,2909.8477340427667,0.1,-0.028399999999999998,"0.5383703703703704,0.24168502824858756,0.2726757246376812,0.1,0.59,0.15282434644631168","0,0,0"
54.2,68,AV,0,0,0,53,1141.0395517097602,0.2,-0.11497295357445045,"0.4514027777777778,0.2099353448275862,0.24328219696969697,0.2,0.53,0.05992706137828231","0,0,0"
27.666666666666668,81,AV,0,0,0,37,1297.4303329633815,0.2,-0.06111399053661431,"0.20190613026819926,0.12586363636363637,0.1579927536231884,0.2,0.37,0.06814065917437974","0,0,0"
55.75,23,AV,0,0,0,53,632.5893922142865,0.3,-0.17910603187835214,"0.4514027777777778,0.2099353448275862,0.24328219696969697,0.3,0.53,0.033223408669464424","0,0,0"
20.566666666666666,265,AV,1,0,0,50,6130.868263041086,0.5,-0.10283333333333333,"0.39584108527131784,0.1895153846153846,0.2220952380952381,0.5,0.5,0.3219913964865619","0,0,0"
8.65,12,AV,0,0,0,18,541.9839687696077,0.1,-0.02248804767699352,"0.05728205128205129,0.08018548387096773,0.1164829931972789,0.1,0.18,0.028464838500850628","0,0,0"
27.983333333333334,196,AV,1,0,0,64,3427.0421228311798,0.4,-0.11193333333333333,"0.6323960784313726,0.2745517676767676,0.3058273092369478,0.4,0.64,0.1799872435036349","0,0,0"
29.683333333333334,131,AV,1,0,0,67,2088.64210540395,0.4,-0.11873333333333334,"0.6745493827160495,0.285824,0.31576241134751776,0.4,0.67,0.10969486856109009","0,0,0"
23.916666666666668,286,AV,1,0,0,55,9095.945853089892,0.2,-0.04783333333333334,"0.48618703703703703,0.22221733333333338,0.2535921568627451,0.2,0.55,0.47771639871279653","0,0,0"
90.6,246,AV,0,0,0,75,5200.876525735832,0.9,-0.816842064614087,"0.7334861111111111,0.30299999999999994,0.3344102564102564,0.9,0.75,0.27314850419656395","0,0,0"
12.55,13,AV,1,0,0,36,566.7055292848979,0.1,-0.01255,"0.184010101010101,0.12150628930817611,0.153940350877193,0.1,0.36,0.02976320758205103","0,0,0"
15.85,85,AV,2,0,0,34,1391.0507319816634,0.4,-0.0634,"0.1595729166666667,0.11541959064327485,0.14605185185185185,0.4,0.34,0.07305757497262802","0,0,0"
12.266666666666667,34,AV,1,0,0,35,776.0711537761008,0.1,-0.012266666666666669,"0.16354166666666667,0.11589619883040936,0.14661296296296297,0.1,0.35,0.04075902855125977","0,0,0"
33.56666666666667,61,AV,2,0,0,70,1038.299283744561,0.6,-0.20140000000000002,"0.7025333333333333,0.2924327956989248,0.3234622641509434,0.6,0.7,0.054531172747475445","0,0,0"
25.466666666666665,56,AV,1,0,0,59,981.8973671489576,0.8,-0.20373333333333332,"0.5383703703703704,0.24168502824858756,0.2726757246376812,0.8,0.59,0.05156896069039748","0,0,0"
27.966666666666665,110,AV,2,0,0,55,1614.9493849180149,0.7,-0.19576666666666667,"0.48618703703703703,0.22221733333333338,0.2535921568627451,0.7,0.55,0.08481666631781955","0,0,0"
33.61666666666667,72,AV,2,0,0,64,1205.4292211271013,0.4,-0.13446666666666668,"0.6323960784313726,0.2745517676767676,0.3058273092369478,0.4,0.64,0.06330878786227523","0,0,0"
13.466666666666667,224,AV,1,0,0,35,4416.224882412617,0.2,-0.026933333333333333,"0.16354166666666667,0.11589619883040936,0.14661296296296297,0.2,0.35,0.23193883086005102","0,0,0"
62.6,84,AV,0,0,0,55,1386.7650627050614,0.1,-0.06800827008243941,"0.48618703703703703,0.22221733333333338,0.2535921568627451,0.1,0.55,0.07283249288375467","0,0,0"
17.916666666666668,230,AV,2,0,0,39,4572.8741748457805,0.3,-0.05375,"0.22910569105691056,0.13628494623655915,0.16847872340425535,0.3,0.39,0.24016600558720239","0,0,0"
16.716666666666665,270,AV,2,0,0,37,7128.986247371214,0.1,-0.016716666666666668,"0.20190613026819926,0.12586363636363637,0.1579927536231884,0.1,0.37,0.3744122592165977","0,0,0"
29.383333333333333,204,AV,2,0,0,63,3773.073658575576,0.2,-0.05876666666666667,"0.6098649122807017,0.26454613095238094,0.29563261648745515,0.2,0.63,0.19816071790275053","0,0,0"
12.133333333333333,233,AV,1,0,0,33,4639.089550420253,0.4,-0.04853333333333334,"0.1460066666666667,0.11084615384615384,0.14197222222222217,0.4,0.33,0.24364361762115117","0,0,0"
34.0,209,AV,2,0,0,68,3898.759045987068,0.4,-0.136,"0.6931987951807227,0.28906582633053224,0.31914795918367345,0.4,0.68,0.204761677452729","0,0,0"
21.683333333333334,79,AV,1,0,0,50,1293.252850487379,0.1,-0.021683333333333332,"0.39584108527131784,0.1895153846153846,0.2220952380952381,0.1,0.5,0.0679212590244279","0,0,0"
20.166666666666668,202,AV,2,0,0,44,3630.005597296026,0.1,-0.02016666666666667,"0.28875757575757577,0.15657834757834763,0.18918771929824563,0.1,0.44,0.1906468254380025","0,0,0"
13.466666666666667,63,AV,1,0,0,36,1068.5648373754009,0.2,-0.026933333333333333,"0.184010101010101,0.12150628930817611,0.153940350877193,0.2,0.36,0.05612071071516929","0,0,0"
27.166666666666668,107,AV,1,0,0,61,1592.2311391495805,0.3,-0.0815,"0.5901760299625468,0.2566944444444445,0.286514652014652,0.3,0.61,0.08362351073742634","0,0,0"
34.583333333333336,198,AV,0,0,0,42,3480.90175047103,0.4,-0.14048794743555132,"0.26567697594501716,0.1499797507788162,0.18522048611111114,0.4,0.42,0.18281593529310736","0,0,0"
26.683333333333334,65,AV,1,0,0,60,1089.3140785512585,0.9,-0.24014999999999997,"0.5690862745098039,0.25085655737704915,0.2806415770609319,0.9,0.6,0.05721045475395848","0,0,0"
37.4,156,AV,2,0,0,80,2667.9339807116767,0.4,-0.1496,"0.7659844961240313,0.3135867768595042,0.34607168458781357,0.4,0.8,0.140119107331331","0,0,0"
20.366666666666667,282,AV,2,0,0,44,8689.506535985933,0.4,-0.08146666666666667,"0.28875757575757577,0.15657834757834763,0.18918771929824563,0.4,0.44,0.45637032541837","0,0,0"
18.35,288,AV,2,0,0,35,10213.823531357188,0.3,-0.05505000000000001,"0.16354166666666667,0.11589619883040936,0.14661296296296297,0.3,0.35,0.5364270053158322","0,0,0"
25.883333333333333,235,AV,1,0,0,59,4705.31956239884,0.1,-0.02588333333333333,"0.5383703703703704,0.24168502824858756,0.2726757246376812,0.1,0.59,0.24712199835473575","0,0,0"
15.45,114,AV,0,0,0,28,1659.6531244520008,0.1,-0.019969016588165925,"0.09562943262411347,0.094078125,0.12805128205128205,0.1,0.28,0.08716449355910817","0,0,0"
32.11666666666667,263,AV,1,0,0,78,6031.594525491932,0.5,-0.16058333333333333,"0.745544061302682,0.30884330484330486,0.33919444444444447,0.5,0.78,0.3167775690127944","0,0,0"
11.7,216,AV,2,0,0,10,4113.319853961603,0.1,-0.0117,"0.051833333333333335,0.07720000000000002,0.11330555555555556,0.1,0.1,0.21603034792922307","0,0,0"
14.816666666666666,194,AV,2,0,0,30,3393.6426315430986,0.1,-0.014816666666666667,"0.10344845360824742,0.09647637795275589,0.13051315789473686,0.1,0.3,0.17823311205269168","0,0,0"
52.2,205,AV,0,0,0,52,3773.692032315799,0.1,-0.054187443579331376,"0.4372594501718213,0.20542477876106197,0.23980370370370374,0.1,0.52,0.19819319470956198","0,0,0"
18.116666666666667,153,AV,2,0,0,42,2619.168197182975,0.1,-0.018116666666666666,"0.26567697594501716,0.1499797507788162,0.18522048611111114,0.1,0.42,0.13755794273514713","0,0,0"
12.566666666666666,231,AV,2,0,0,20,4609.601315671212,0.4,-0.050266666666666675,"0.0630054644808743,0.08194007490636702,0.11708222222222223,0.4,0.2,0.2420949042123171","0,0,0"
17.6,15,AV,1,0,0,45,571.0932451196882,0.1,-0.0176,"0.30771372549019615,0.16335574229691877,0.19570486111111107,0.1,0.45,0.029993649126121902","0,0,0"
22.4,117,AV,2,0,0,47,1794.439334206041,0.2,-0.0448,"0.33865522875816984,0.17106994047619048,0.20295736434108527,0.2,0.47,0.09424342561959032","0,0,0"
62.75,46,AV,0,0,0,56,881.2906222289953,0.8,-0.5105102460083266,"0.5113255813953489,0.2297205128205128,0.2607063492063493,0.8,0.56,0.04628512406190052","0,0,0"
87.08333333333333,102,AV,0,0,0,72,1564.4426034616197,0.3,-0.2660440397323653,"0.7141951754385965,0.296322033898305,0.3268522012578617,0.3,0.72,0.08216406502295508","0,0,0"
11.633333333333333,5,AV,2,0,0,13,465.3670128771111,0.9,-0.1047,"0.05319444444444445,0.07766666666666666,0.11458333333333334,0.9,0.13,0.0244409385304185","0,0,0"
58.95,49,AV,0,0,0,54,904.859336063587,0.2,-0.1261885811098853,"0.46018131868131873,0.21342533333333327,0.2443035714285714,0.2,0.54,0.04752294597478371","0,0,0"
11.5,37,AV,2,0,0,15,832.4581618945489,0.5,-0.0575,"0.0539,0.07794907407407407,0.1144313725490196,0.5,0.15,0.043720457619506006","0,0,0"
30.283333333333335,182,AV,2,0,0,62,3225.188153267811,0.4,-0.12113333333333334,"0.6003392156862745,0.2601819444444445,0.2905842105263158,0.4,0.62,0.16938593244009792","0,0,0"
27.833333333333332,251,AV,2,0,0,56,5557.427333357366,0.9,-0.2505,"0.5113255813953489,0.2297205128205128,0.2607063492063493,0.9,0.56,0.2918744476582037","0,0,0"
73.21666666666667,252,AV,0,0,0,62,5611.673516276995,0.2,-0.14776983303850075,"0.6003392156862745,0.2601819444444445,0.2905842105263158,0.2,0.62,0.29472344121718336","0,0,0"
26.116666666666667,96,AV,1,0,0,59,1530.0661682302475,0.1,-0.026116666666666667,"0.5383703703703704,0.24168502824858756,0.2726757246376812,0.1,0.59,0.08035862476368438","0,0,0"
28.9,17,AV,1,0,0,65,586.8516376274475,0.7,-0.20229999999999998,"0.6512392156862745,0.27968205128205126,0.3119294117647059,0.7,0.65,0.03082127526197365","0,0,0"
14.883333333333333,104,AV,1,0,0,38,1579.1767070066765,0.3,-0.044649999999999995,"0.21301587301587296,0.1312558479532164,0.163718954248366,0.3,0.38,0.08293789580399638","0,0,0"
48.71666666666667,294,AV,0,0,0,49,13430.196447392702,0.9,-0.43900844305996406,"0.3809681647940074,0.18635496183206107,0.21789583333333337,0.9,0.49,0.7053499640913518","0,0,0"
78.43333333333334,1,AV,0,0,0,63,419.7646265090227,0.1,-0.09630048917820248,"0.6098649122807017,0.26454613095238094,0.29563261648745515,0.1,0.63,0.022045914621929386","0,0,0"
24.166666666666668,169,AV,0,0,0,36,2927.9701715656583,0.1,-0.02672816817130446,"0.184010101010101,0.12150628930817611,0.153940350877193,0.1,0.36,0.1537761315304756","0,0,0"
19.95,87,AV,1,0,0,48,1434.4967426379471,0.1,-0.01995,"0.3633364779874214,0.18020454545454545,0.2118174603174603,0.1,0.48,0.07533934666348602","0,0,0"
23.666666666666668,213,AV,1,0,0,54,3971.0791127863904,0.5,-0.11833333333333335,"0.46018131868131873,0.21342533333333327,0.2443035714285714,0.5,0.54,0.20855990607282407","0,0,0"
24.916666666666668,55,AV,1,0,0,57,979.573716991658,0.3,-0.07475,"0.5240170454545455,0.2358253333333334,0.2701781609195402,0.3,0.57,0.051446923268128025","0,0,0"
30.15,225,AV,1,0,0,73,4459.768546990965,0.8,-0.2412,"0.7232215189873417,0.29729999999999995,0.32960534591194973,0.8,0.73,0.23422573130615026","0,0,0"
12.0,40,AV,2,0,0,18,859.2772315809713,0.8,-0.096,"0.05728205128205129,0.08018548387096773,0.1164829931972789,0.8,0.18,0.045128987264949426","0,0,0"
35.03333333333333,157,AV,2,0,0,78,2675.3892374750885,0.1,-0.03503333333333333,"0.745544061302682,0.30884330484330486,0.33919444444444447,0.1,0.78,0.14051065522200876","0,0,0"
46.916666666666664,33,AV,0,0,0,49,763.1985099142711,0.1,-0.05674372987836301,"0.3809681647940074,0.18635496183206107,0.21789583333333337,0.1,0.49,0.04008296108484046","0,0,0"
32.083333333333336,206,AV,2,0,0,63,3824.993837156676,0.8,-0.2566666666666667,"0.6098649122807017,0.26454613095238094,0.29563261648745515,0.8,0.63,0.20088755039855555","0,0,0"
30.966666666666665,75,AV,2,0,0,64,1249.5878531833848,0.5,-0.15483333333333332,"0.6323960784313726,0.2745517676767676,0.3058273092369478,0.5,0.64,0.06562798621929328","0,0,0"
45.25,226,AV,0,0,0,47,4504.939201911708,0.3,-0.1374148393383017,"0.33865522875816984,0.17106994047619048,0.20295736434108527,0.3,0.47,0.2365980808061097","0,0,0"
13.7,18,AV,0,0,0,25,591.6693204447811,0.6,-0.0948759994828901,"0.08476923076923076,0.09086046511627906,0.12558541666666667,0.6,0.25,0.0310742985454022","0,0,0"
31.25,269,AV,0,0,0,38,6709.13861087917,0.1,-0.032367878230722257,"0.21301587301587296,0.1312558479532164,0.163718954248366,0.1,0.38,0.352361984934795","0,0,0"
