travel_time,id,kind,action,origin,destination,start_time,income,urgency,reward,observation,cost_table
22.916666666666668,122,AV,1,0,0,54,1832.3133019091129,0.3,-0.06875,"0.4105688705234158,0.21356224899598392,0.24368045112781953,0.3,0.54,0.0962325552547376","0,0,0"
16.783333333333335,247,AV,1,0,0,45,5304.212874057136,0.4,-0.06713333333333335,"0.280594395280236,0.16260576923076922,0.19703090507726265,0.4,0.45,0.2785756987922106","0,0,0"
41.71666666666667,58,AV,0,0,0,50,1020.7360413649084,0.3,-0.13249763905266945,"0.35658974358974355,0.18984461805555558,0.22288172043010754,0.3,0.5,0.053608756427629224","0,0,0"
14.566666666666666,260,AV,1,0,0,40,5985.732437913218,0.6,-0.08739999999999999,"0.2185965608465609,0.14156275720164607,0.17458838383838388,0.6,0.4,0.31436890567316916","0,0,0"
19.266666666666666,160,AV,2,0,0,44,2756.9260540590044,0.2,-0.038533333333333336,"0.263452802359882,0.15677134146341465,0.19072377622377626,0.2,0.44,0.14479294482773922","0,0,0"
21.183333333333334,264,AV,2,0,0,48,6081.635477498837,0.1,-0.021183333333333335,"0.33069152046783623,0.17952420856610796,0.21181364829396326,0.1,0.48,0.31940570508209365","0,0,0"
11.0,186,AV,1,0,0,31,3251.3322332141274,0.1,-0.011000000000000001,"0.10895303030303033,0.10245764272559856,0.13340956072351426,0.1,0.31,0.17075901182308162","0,0,0"
32.68333333333333,142,AV,0,0,0,47,2361.523720441912,0.1,-0.03585924892337303,"0.31149707602339183,0.17144193548387102,0.20175938189845471,0.1,0.47,0.12402653065718573","0,0,0"
16.716666666666665,141,AV,1,0,0,44,2360.1328348572283,0.2,-0.033433333333333336,"0.263452802359882,0.15677134146341465,0.19072377622377626,0.2,0.44,0.12395348175570059","0,0,0"
46.85,298,AV,0,0,0,51,17693.100214811147,0.5,-0.23467389405524997,"0.3877025862068965,0.20024670433145006,0.23502624671916006,0.5,0.51,0.9292364151236616","0,0,0"
10.7,98,AV,1,0,0,31,1538.317647081207,0.3,-0.0321,"0.10895303030303033,0.10245764272559856,0.13340956072351426,0.3,0.31,0.08079199000402343","0,0,0"
6.983333333333333,147,AV,0,0,0,15,2456.6540037696086,0.3,-0.024002932968375537,"0.054629629629629625,0.07788364779874213,0.11383333333333333,0.3,0.15,0.12902274513491346","0,0,0"
27.3,125,AV,1,0,0,63,2011.9739719035176,0.6,-0.1638,"0.5458673139158576,0.2635194444444445,0.29368004866180053,0.6,0.63,0.10566828075775386","0,0,0"
18.833333333333332,99,AV,1,0,0,48,1541.4014724042315,0.2,-0.03766666666666667,"0.33069152046783623,0.17952420856610796,0.21181364829396326,0.2,0.48,0.08095395160223084","0,0,0"
27.966666666666665,132,AV,0,0,0,41,2108.868816674547,0.2,-0.05948974231463103,"0.2306653225806452,0.14508385093167703,0.1785975308641975,0.2,0.41,0.1107571694830674","0,0,0"
31.05,271,AV,0,0,0,46,7177.938863287724,0.1,-0.032094868191669824,"0.29709710144927537,0.16713906581740978,0.1986238738738739,0.1,0.46,0.3769832361947931","0,0,0"
26.066666666666666,103,AV,0,0,0,41,1564.487892525026,0.6,-0.1611939009536822,"0.2306653225806452,0.14508385093167703,0.1785975308641975,0.6,0.41,0.08216644359123385","0,0,0"
29.433333333333334,20,AV,0,0,0,44,597.1498506777683,0.6,-0.18915966151793803,"0.263452802359882,0.15677134146341465,0.19072377622377626,0.6,0.44,0.03136213437998447","0,0,0"
9.2,32,AV,1,0,0,20,761.8437659652793,0.9,-0.0828,"0.06355747126436782,0.0817418546365915,0.11785263157894742,0.9,0.2,0.04001181033142316","0,0,0"
15.483333333333333,4,AV,0,0,0,32,457.16351791608827,0.1,-0.03188884187913251,"0.1269471153846154,0.11000666666666666,0.13905028735632186,0.1,0.32,0.02401009338985435","0,0,0"
41.71666666666667,151,AV,0,0,0,50,2574.4307659940623,0.1,-0.044629932037430695,"0.35658974358974355,0.18984461805555558,0.22288172043010754,0.1,0.5,0.13520834601805928","0,0,0"
11.083333333333334,144,AV,2,0,0,19,2417.357356239525,0.3,-0.03325,"0.06213333333333332,0.08100287356321839,0.117021645021645,0.3,0.19,0.12695889677403294","0,0,0"
22.433333333333334,234,AV,0,0,0,39,4662.282088415262,0.6,-0.13620865427225776,"0.20648091603053437,0.13752083333333337,0.16889416058394158,0.6,0.39,0.24486168288967095","0,0,0"
29.65,14,AV,1,0,0,69,567.550811201735,0.4,-0.1186,"0.6154669312169311,0.2902835648148148,0.32067111111111113,0.4,0.69,0.0298076015395053","0,0,0"
24.966666666666665,22,AV,1,0,0,58,627.4062491148882,0.3,-0.0749,"0.47821499999999995,0.23865497076023395,0.27117002237136467,0.3,0.58,0.03295119151959908","0,0,0"
74.5,57,AV,0,0,0,79,1005.9867386644172,0.1,-0.08195536666811061,"0.6966355932203389,0.3118414634146342,0.34326328502415465,0.1,0.79,0.052834127391418545","0,0,0"
12.35,124,AV,0,0,0,24,1927.298426803608,0.1,-0.016241457542690275,"0.0794090909090909,0.08714463601532568,0.12194975490196079,0.1,0.24,0.10122114605428258","0,0,0"
23.5,162,AV,1,0,0,55,2780.081336731352,0.2,-0.047,"0.4287097222222222,0.22119061302682,0.251957671957672,0.2,0.55,0.14600905345767937","0,0,0"
14.833333333333334,42,AV,2,0,0,33,863.3540159882258,0.6,-0.08900000000000001,"0.1384095744680851,0.11320935960591134,0.1419769647696477,0.6,0.33,0.0453430987819722","0,0,0"
17.516666666666666,50,AV,1,0,0,46,914.1934345695068,0.2,-0.03503333333333333,"0.29709710144927537,0.16713906581740978,0.1986238738738739,0.2,0.46,0.048013170080720285","0,0,0"
27.7,91,AV,2,0,0,56,1474.807688008607,0.4,-0.1108,"0.44834016393442616,0.22903235294117644,0.26017708333333334,0.4,0.56,0.07745646564838392","0,0,0"
8.483333333333333,137,AV,0,0,0,16,2239.194506681481,0.3,-0.02879941872071449,"0.05646999999999999,0.07893627450980392,0.11608666666666666,0.3,0.16,0.11760183635943447","0,0,0"
12.616666666666667,217,AV,2,0,0,23,4164.701887555128,0.3,-0.03785,"0.07738636363636363,0.08643181818181818,0.12098383084577115,0.3,0.23,0.21872891720868953","0,0,0"
13.733333333333333,279,AV,2,0,0,30,8333.728817076937,0.1,-0.013733333333333334,"0.10073423423423426,0.09775633528265107,0.12804830917874396,0.1,0.3,0.4376849843483456","0,0,0"
25.433333333333334,277,AV,1,0,0,59,7958.958807233507,0.1,-0.025433333333333336,"0.48391740412979345,0.24019105691056913,0.2722062937062937,0.1,0.59,0.4180021737490339","0,0,0"
25.6,207,AV,1,0,0,59,3849.958431883558,0.4,-0.1024,"0.48391740412979345,0.24019105691056913,0.2722062937062937,0.4,0.59,0.20219868356500897","0,0,0"
25.75,120,AV,1,0,0,59,1823.811293294481,0.2,-0.051500000000000004,"0.48391740412979345,0.24019105691056913,0.2722062937062937,0.2,0.59,0.09578603226495669","0,0,0"
22.4,200,AV,1,0,0,52,3520.054626539052,0.1,-0.0224,"0.3997090395480226,0.20560632183908048,0.23930468750000003,0.1,0.52,0.18487223281912113","0,0,0"
69.51666666666667,203,AV,0,0,0,73,3667.3634505223554,0.6,-0.4191450659175686,"0.6465321637426902,0.298641935483871,0.32860154525386315,0.6,0.73,0.19260884889275526","0,0,0"
30.483333333333334,291,AV,1,0,0,72,11861.36896338871,0.9,-0.27435000000000004,"0.6387432795698926,0.2970288888888889,0.32697146118721454,0.9,0.72,0.622955606433049","0,0,0"
28.25,77,AV,1,0,0,64,1265.4739572733297,0.2,-0.056499999999999995,"0.5814549549549549,0.272811475409836,0.3049907407407408,0.2,0.64,0.0664623197298481","0,0,0"
34.03333333333333,44,AV,2,0,0,74,870.7377108213431,0.3,-0.1021,"0.6556666666666666,0.300667728237792,0.3316621621621622,0.3,0.74,0.045730888261135916","0,0,0"
31.666666666666668,71,AV,2,0,0,69,1167.011530479414,0.4,-0.12666666666666668,"0.6154669312169311,0.2902835648148148,0.32067111111111113,0.4,0.69,0.061291102058127545","0,0,0"
25.8,267,AV,0,0,0,41,6254.49597505133,0.1,-0.026999137393311452,"0.2306653225806452,0.14508385093167703,0.1785975308641975,0.1,0.41,0.3284842875301661","0,0,0"
26.383333333333333,129,AV,1,0,0,60,2044.1603053436156,0.2,-0.05276666666666666,"0.5107619047619049,0.2492888888888889,0.28080111111111117,0.2,0.6,0.10735869751562734","0,0,0"
20.716666666666665,135,AV,0,0,0,38,2147.781038516846,0.3,-0.06564197607460913,"0.19015151515151518,0.13336268343815516,0.16292500000000001,0.3,0.38,0.1128008279199854","0,0,0"
28.4,128,AV,1,0,0,65,2035.9911412414244,0.9,-0.2556,"0.595006600660066,0.2792317073170731,0.3106935483870968,0.9,0.65,0.10692965542166336","0,0,0"
31.016666666666666,228,AV,0,0,0,45,4549.070920567666,0.7,-0.21876535496609287,"0.280594395280236,0.16260576923076922,0.19703090507726265,0.7,0.45,0.2389158656792649","0,0,0"
28.9,78,AV,2,0,0,60,1282.6858023855964,0.4,-0.1156,"0.5107619047619049,0.2492888888888889,0.28080111111111117,0.4,0.6,0.06736628076864885","0,0,0"
16.716666666666665,116,AV,1,0,0,44,1703.2333497257905,0.4,-0.06686666666666667,"0.263452802359882,0.15677134146341465,0.19072377622377626,0.4,0.44,0.08945331416217002","0,0,0"
21.9,249,AV,1,0,0,53,5386.149373461946,0.1,-0.0219,"0.40337398373983746,0.2103140243902439,0.24332080200501255,0.1,0.53,0.28287897962204345","0,0,0"
20.35,45,AV,2,0,0,46,873.8892656114449,0.4,-0.08140000000000001,"0.29709710144927537,0.16713906581740978,0.1986238738738739,0.4,0.46,0.045896406991017324","0,0,0"
33.7,112,AV,2,0,0,75,1635.9686818612918,0.1,-0.0337,"0.6638255208333333,0.303416135881104,0.33493333333333325,0.1,0.75,0.08592059360601972","0,0,0"
9.0,47,AV,1,0,0,19,892.1845339920479,0.8,-0.072,"0.06213333333333332,0.08100287356321839,0.117021645021645,0.8,0.19,0.046857269100953565","0,0,0"
12.666666666666666,208,AV,2,0,0,22,3863.855435177377,0.1,-0.012666666666666666,"0.07015527065527066,0.08457396449704141,0.12016791044776116,0.1,0.22,0.2029285500872649","0,0,0"
31.083333333333332,262,AV,2,0,0,60,6020.57275324985,0.1,-0.03108333333333333,"0.5107619047619049,0.2492888888888889,0.28080111111111117,0.1,0.6,0.3161987087790199","0,0,0"
30.716666666666665,190,AV,2,0,0,64,3323.1633986738134,0.1,-0.030716666666666666,"0.5814549549549549,0.272811475409836,0.3049907407407408,0.1,0.64,0.17453156348873247","0,0,0"
20.583333333333332,101,AV,0,0,0,37,1552.9853059451273,0.1,-0.02541274155200002,"0.17554273504273507,0.12830485232067512,0.15819999999999998,0.1,0.37,0.08156233112997016","0,0,0"
12.766666666666667,89,AV,1,0,0,35,1447.5744631551047,0.2,-0.02553333333333334,"0.15221212121212116,0.11784110535405871,0.14771093749999997,0.2,0.35,0.07602618469547658","0,0,0"
22.7,179,AV,1,0,0,54,3065.2253709468137,0.4,-0.09079999999999999,"0.4105688705234158,0.21356224899598392,0.24368045112781953,0.4,0.54,0.16098473419939963","0,0,0"
27.033333333333335,243,AV,1,0,0,59,5009.92015912814,0.3,-0.0811,"0.48391740412979345,0.24019105691056913,0.2722062937062937,0.3,0.59,0.2631195320324301","0,0,0"
22.333333333333332,240,AV,1,0,0,53,4967.653125719208,0.3,-0.06699999999999999,"0.40337398373983746,0.2103140243902439,0.24332080200501255,0.3,0.53,0.26089967987955814","0,0,0"
78.16666666666667,268,AV,0,0,0,89,6563.608435155774,0.1,-0.07930933080851718,"0.7198742424242424,0.32456728778467914,0.3608355704697987,0.1,0.89,0.34471878294420655","0,0,0"
26.916666666666668,297,AV,1,0,0,60,15387.119225735782,0.1,-0.02691666666666667,"0.5107619047619049,0.2492888888888889,0.28080111111111117,0.1,0.6,0.8081269723682344","0,0,0"
31.416666666666668,59,AV,1,0,0,74,1022.032321197676,0.2,-0.06283333333333334,"0.6556666666666666,0.300667728237792,0.3316621621621622,0.2,0.74,0.053676836662871985","0,0,0"
62.75,145,AV,0,0,0,63,2421.0391237858234,0.3,-0.19134784337077215,"0.5458673139158576,0.2635194444444445,0.29368004866180053,0.3,0.63,0.12715226212179587","0,0,0"
27.683333333333334,215,AV,0,0,0,42,4090.160813256426,0.1,-0.02951700206725991,"0.24547321428571425,0.15077337398373986,0.18601273148148145,0.1,0.42,0.21481404192850495","0,0,0"
18.383333333333333,118,AV,2,0,0,38,1799.695682844959,0.7,-0.12868333333333332,"0.19015151515151518,0.13336268343815516,0.16292500000000001,0.7,0.38,0.09451948750284238","0,0,0"
48.68333333333333,193,AV,0,0,0,52,3387.2787239910285,0.2,-0.09958083343920883,"0.3997090395480226,0.20560632183908048,0.23930468750000003,0.2,0.52,0.17789888150134298","0,0,0"
22.783333333333335,28,AV,1,0,0,52,679.8949342204361,0.7,-0.15948333333333334,"0.3997090395480226,0.20560632183908048,0.23930468750000003,0.7,0.52,0.03570788181072196","0,0,0"
74.65,159,AV,0,0,0,79,2744.8905386527767,0.2,-0.1520323493940422,"0.6966355932203389,0.3118414634146342,0.34326328502415465,0.2,0.79,0.14416084310139018","0,0,0"
18.216666666666665,293,AV,1,0,0,47,13351.937436366714,0.2,-0.03643333333333333,"0.31149707602339183,0.17144193548387102,0.20175938189845471,0.2,0.47,0.7012398238686656","0,0,0"
14.5,105,AV,1,0,0,37,1587.6148581174584,0.1,-0.014499999999999999,"0.17554273504273507,0.12830485232067512,0.15819999999999998,0.1,0.37,0.08338106501647227","0,0,0"
67.85,24,AV,0,0,0,66,646.5589615252754,0.9,-0.6222498701530748,"0.6011242690058477,0.2821495726495727,0.3137444444444444,0.9,0.66,0.03395708633758153","0,0,0"
19.316666666666666,187,AV,2,0,0,44,3257.969850357721,0.2,-0.03863333333333333,"0.263452802359882,0.15677134146341465,0.19072377622377626,0.2,0.44,0.17110761752160772","0,0,0"
73.01666666666667,26,AV,0,0,0,77,670.158540600369,0.2,-0.15722471499248675,"0.680455459770115,0.30769103313840157,0.3386679197994988,0.2,0.77,0.03519652928381035","0,0,0"
17.283333333333335,154,AV,0,0,0,33,2645.062412614309,0.1,-0.020118805178622308,"0.1384095744680851,0.11320935960591134,0.1419769647696477,0.1,0.33,0.13891789930735432","0,0,0"
36.2,197,AV,0,0,0,48,3438.9188747307694,0.4,-0.14698091797835366,"0.33069152046783623,0.17952420856610796,0.21181364829396326,0.4,0.48,0.18061100701734908","0,0,0"
13.75,199,AV,0,0,0,26,3508.846318545673,0.1,-0.01588745468428169,"0.08620454545454544,0.09165996168582376,0.12412990196078433,0.1,0.26,0.18428357578259733","0,0,0"
22.4,172,AV,0,0,0,38,2965.4163440895786,0.5,-0.11452915581818665,"0.19015151515151518,0.13336268343815516,0.16292500000000001,0.5,0.38,0.15574279348874007","0,0,0"
31.333333333333332,284,AV,2,0,0,66,8987.822610831106,0.7,-0.2193333333333333,"0.6011242690058477,0.2821495726495727,0.3137444444444444,0.7,0.66,0.472037797856628","0,0,0"
32.28333333333333,239,AV,2,0,0,63,4934.883137056144,0.1,-0.03228333333333333,"0.5458673139158576,0.2635194444444445,0.29368004866180053,0.1,0.63,0.2591786097211798","0,0,0"
18.4,166,AV,1,0,0,47,2857.6088215719105,0.1,-0.0184,"0.31149707602339183,0.17144193548387102,0.20175938189845471,0.1,0.47,0.1500807741404395","0,0,0"
15.65,97,AV,2,0,0,36,1530.6528609905624,0.2,-0.0313,"0.16517133956386296,0.12400290697674418,0.1543510638297872,0.2,0.36,0.08038943769475668","0,0,0"
43.28333333333333,290,AV,0,0,0,50,11515.391842589095,0.4,-0.17378463552977808,"0.35658974358974355,0.18984461805555558,0.22288172043010754,0.4,0.5,0.6047849898908156","0,0,0"
21.966666666666665,275,AV,2,0,0,47,7864.29237148983,0.4,-0.08786666666666666,"0.31149707602339183,0.17144193548387102,0.20175938189845471,0.4,0.47,0.41303032040988025","0,0,0"
17.683333333333334,2,AV,1,0,0,45,437.8567856598078,0.3,-0.05305,"0.280594395280236,0.16260576923076922,0.19703090507726265,0.3,0.45,0.022996109494903022","0,0,0"
55.63333333333333,25,AV,0,0,0,57,649.7132696839626,0.2,-0.12281022033865524,"0.46598623853211,0.23480896686159844,0.26924404761904763,0.2,0.57,0.034122749673570554","0,0,0"
31.416666666666668,108,AV,1,0,0,75,1592.6375082496468,0.3,-0.09425000000000001,"0.6638255208333333,0.303416135881104,0.33493333333333325,0.3,0.75,0.08364485312294262","0,0,0"
7.7,73,AV,1,0,0,6,1239.4416864014672,0.1,-0.0077,"0.0,0.0,0.0,0.1,0.06,0.06509511252654251","0,0,0"
50.4,241,AV,0,0,0,53,4968.170350229253,0.3,-0.15270961007197628,"0.40337398373983746,0.2103140243902439,0.24332080200501255,0.3,0.53,0.260926844358575","0,0,0"
10.666666666666666,222,AV,1,0,0,30,4376.119511966378,0.8,-0.08533333333333333,"0.10073423423423426,0.09775633528265107,0.12804830917874396,0.8,0.3,0.22983250860967044","0,0,0"
27.666666666666668,29,AV,1,0,0,63,742.4887258523852,0.1,-0.02766666666666667,"0.5458673139158576,0.2635194444444445,0.29368004866180053,0.1,0.63,0.03899528932206243","0,0,0"
19.383333333333333,255,AV,1,0,0,51,5825.994272151124,0.3,-0.05814999999999999,"0.3877025862068965,0.20024670433145006,0.23502624671916006,0.3,0.51,0.3059795042280261","0,0,0"
33.75,109,AV,2,0,0,70,1596.1763216794554,0.1,-0.03375,"0.6289359903381642,0.29228641975308645,0.32289342403628113,0.1,0.7,0.0838307105625876","0,0,0"
30.05,184,AV,1,0,0,70,3236.647802754315,0.1,-0.03005,"0.6289359903381642,0.29228641975308645,0.32289342403628113,0.1,0.7,0.16998778985785554","0,0,0"
12.45,272,AV,1,0,0,35,7572.106998522375,0.1,-0.012450000000000001,"0.15221212121212116,0.11784110535405871,0.14771093749999997,0.1,0.35,0.3976848306296006","0,0,0"
43.55,287,AV,0,0,0,50,9280.176126726552,0.4,-0.17500817431669216,"0.35658974358974355,0.18984461805555558,0.22288172043010754,0.4,0.5,0.48739211845399105","0,0,0"
69.61666666666666,258,AV,0,0,0,67,5911.733280178027,0.5,-0.3493519967937007,"0.6034616519174043,0.2857438478747204,0.31573734177215185,0.5,0.67,0.3104824916913811","0,0,0"
23.666666666666668,119,AV,1,0,0,55,1822.2981036688468,0.1,-0.02366666666666667,"0.4287097222222222,0.22119061302682,0.251957671957672,0.1,0.55,0.09570655999124235","0,0,0"
66.16666666666667,100,AV,0,0,0,64,1546.5147326922538,0.1,-0.07101628099070458,"0.5814549549549549,0.272811475409836,0.3049907407407408,0.1,0.64,0.08122249852741349","0,0,0"
12.883333333333333,52,AV,2,0,0,22,959.5289757906356,0.1,-0.012883333333333333,"0.07015527065527066,0.08457396449704141,0.12016791044776116,0.1,0.22,0.05039417936063988","0,0,0"
14.05,80,AV,1,0,0,37,1294.2551843223837,0.4,-0.05620000000000001,"0.17554273504273507,0.12830485232067512,0.15819999999999998,0.4,0.37,0.06797390130239438","0,0,0"
27.166666666666668,140,AV,1,0,0,61,2347.541384251396,0.4,-0.10866666666666668,"0.5286666666666666,0.25502004219409286,0.2862085953878407,0.4,0.61,0.12329218247631395","0,0,0"
13.35,253,AV,1,0,0,35,5670.319740923212,0.1,-0.01335,"0.15221212121212116,0.11784110535405871,0.14771093749999997,0.1,0.35,0.29780352367244284","0,0,0"
31.466666666666665,283,AV,1,0,0,78,8975.220492497892,0.1,-0.031466666666666664,"0.6864444444444444,0.3089728682170543,0.34009367396593665,0.1,0.78,0.47137593831133945","0,0,0"
28.933333333333334,127,AV,1,0,0,65,2030.86588445069,0.2,-0.05786666666666667,"0.595006600660066,0.2792317073170731,0.3106935483870968,0.2,0.65,0.10666047844368956","0,0,0"
27.533333333333335,149,AV,1,0,0,62,2472.005569054355,0.2,-0.05506666666666668,"0.5405063492063492,0.25864932562620424,0.28883920187793427,0.2,0.62,0.12982900482476664","0,0,0"
17.0,41,AV,0,0,0,33,861.805442805673,0.1,-0.02570266028441777,"0.1384095744680851,0.11320935960591134,0.1419769647696477,0.1,0.33,0.04526176817426404","0,0,0"
12.65,130,AV,1,0,0,35,2052.607856914241,0.2,-0.025300000000000003,"0.15221212121212116,0.11784110535405871,0.14771093749999997,0.2,0.35,0.10780236043748707","0,0,0"
45.016666666666666,285,AV,0,0,0,50,9030.678864893336,0.1,-0.04584716901451963,"0.35658974358974355,0.18984461805555558,0.22288172043010754,0.1,0.5,0.47428859570476767","0,0,0"
76.41666666666667,178,AV,0,0,0,84,3046.5766145774583,0.8,-0.6137951128809455,"0.7110982905982905,0.3195796645702306,0.3527893518518519,0.8,0.84,0.16000530700434717","0,0,0"
58.93333333333333,227,AV,0,0,0,59,4547.885280126284,0.8,-0.4731157847815791,"0.48391740412979345,0.24019105691056913,0.2722062937062937,0.8,0.59,0.2388535961922898","0,0,0"
18.233333333333334,237,AV,1,0,0,46,4843.3187157075145,0.2,-0.03646666666666667,"0.29709710144927537,0.16713906581740978,0.1986238738738739,0.2,0.46,0.2543696732649421","0,0,0"
57.36666666666667,280,AV,0,0,0,57,8348.421721831439,0.3,-0.17299837339917642,"0.46598623853211,0.23480896686159844,0.26924404761904763,0.3,0.57,0.43845665138103423","0,0,0"
12.416666666666666,106,AV,1,0,0,32,1588.8002265047048,0.1,-0.012416666666666666,"0.1269471153846154,0.11000666666666666,0.13905028735632186,0.1,0.32,0.08344332021524425","0,0,0"
20.683333333333334,181,AV,1,0,0,50,3169.820795106812,0.7,-0.14478333333333332,"0.35658974358974355,0.18984461805555558,0.22288172043010754,0.7,0.5,0.16647805508747177","0,0,0"
29.35,218,AV,0,0,0,42,4196.147454418583,0.3,-0.08983735377664158,"0.24547321428571425,0.15077337398373986,0.18601273148148145,0.3,0.42,0.22038042912401049","0,0,0"
31.666666666666668,121,AV,1,0,0,78,1830.3424648913517,0.7,-0.22166666666666665,"0.6864444444444444,0.3089728682170543,0.34009367396593665,0.7,0.78,0.0961290474747023","0,0,0"
20.35,192,AV,1,0,0,51,3362.377553451843,0.2,-0.04070000000000001,"0.3877025862068965,0.20024670433145006,0.23502624671916006,0.2,0.51,0.17659107935455778","0,0,0"
62.7,133,AV,0,0,0,63,2123.4400354784907,0.4,-0.25433200461265204,"0.5458673139158576,0.2635194444444445,0.29368004866180053,0.4,0.63,0.11152244560545237","0,0,0"
17.55,82,AV,2,0,0,39,1348.5865378412918,0.8,-0.14040000000000002,"0.20648091603053437,0.13752083333333337,0.16889416058394158,0.8,0.39,0.07082736799617727","0,0,0"
29.7,171,AV,1,0,0,69,2964.6777926145683,0.3,-0.0891,"0.6154669312169311,0.2902835648148148,0.32067111111111113,0.3,0.69,0.15570400498267326","0,0,0"
32.266666666666666,221,AV,1,0,0,79,4343.557359248321,0.9,-0.2904,"0.6966355932203389,0.3118414634146342,0.34326328502415465,0.9,0.79,0.22812235393394506","0,0,0"
71.3,92,AV,0,0,0,74,1475.2077210572677,0.1,-0.07638402978980127,"0.6556666666666666,0.300667728237792,0.3316621621621622,0.1,0.74,0.07747747526634545","0,0,0"
33.9,31,AV,1,0,0,87,743.7818724069466,0.7,-0.23729999999999996,"0.7208468468468471,0.3228828282828283,0.3562106481481482,0.7,0.87,0.039063204998456114","0,0,0"
20.716666666666665,161,AV,2,0,0,47,2761.3662775036096,0.4,-0.08286666666666666,"0.31149707602339183,0.17144193548387102,0.20175938189845471,0.4,0.47,0.14502614405602138","0,0,0"
26.716666666666665,164,AV,1,0,0,61,2835.850686157305,0.1,-0.026716666666666666,"0.5286666666666666,0.25502004219409286,0.2862085953878407,0.1,0.61,0.14893804327321036","0,0,0"
23.85,8,AV,1,0,0,55,497.26542980048754,0.9,-0.21465,"0.4287097222222222,0.22119061302682,0.251957671957672,0.9,0.55,0.026116233997585142","0,0,0"
11.05,167,AV,2,0,0,18,2891.134206742707,0.2,-0.0221,"0.06013636363636365,0.07968235294117648,0.11627966101694916,0.2,0.18,0.1518415175010447","0,0,0"
36.25,180,AV,0,0,0,48,3119.7161673652217,0.8,-0.2924040648564302,"0.33069152046783623,0.17952420856610796,0.21181364829396326,0.8,0.48,0.1638465747873305","0,0,0"
10.75,261,AV,2,0,0,22,6007.794801579103,0.2,-0.021500000000000002,"0.07015527065527066,0.08457396449704141,0.12016791044776116,0.2,0.22,0.31552761451860256","0,0,0"
12.7,176,AV,2,0,0,17,3031.4508351358254,0.3,-0.0381,"0.05763095238095237,0.07896581196581196,0.11552727272727274,0.3,0.17,0.15921090552051181","0,0,0"
25.933333333333334,74,AV,2,0,0,50,1240.6560786390864,0.2,-0.05186666666666667,"0.35658974358974355,0.18984461805555558,0.22288172043010754,0.2,0.5,0.06515889204939258","0,0,0"
15.116666666666667,256,AV,1,0,0,41,5844.130995646287,0.2,-0.030233333333333334,"0.2306653225806452,0.14508385093167703,0.1785975308641975,0.2,0.41,0.30693203960724846","0,0,0"
6.816666666666666,170,AV,0,0,0,14,2942.323800284961,0.1,-0.009365672319706496,"0.05298717948717949,0.07755913978494623,0.11508024691358026,0.1,0.14,0.15452997988566525","0,0,0"
11.85,183,AV,2,0,0,20,3227.056348793521,0.4,-0.0474,"0.06355747126436782,0.0817418546365915,0.11785263157894742,0.4,0.2,0.1694840495191844","0,0,0"
14.733333333333333,250,AV,2,0,0,32,5480.041794665195,0.2,-0.029466666666666665,"0.1269471153846154,0.11000666666666666,0.13905028735632186,0.2,0.32,0.2878101819453735","0,0,0"
32.63333333333333,62,AV,0,0,0,46,1046.6558973464134,0.2,-0.07243234549102026,"0.29709710144927537,0.16713906581740978,0.1986238738738739,0.2,0.46,0.054970059633983805","0,0,0"
30.233333333333334,281,AV,2,0,0,63,8436.938288223368,0.9,-0.2721,"0.5458673139158576,0.2635194444444445,0.29368004866180053,0.9,0.63,0.4431055153921156","0,0,0"
10.55,266,AV,1,0,0,26,6248.181898567973,0.6,-0.06330000000000001,"0.08620454545454544,0.09165996168582376,0.12412990196078433,0.6,0.26,0.3281526740918779","0,0,0"
34.416666666666664,69,AV,2,0,0,86,1141.5133047894662,0.4,-0.13766666666666666,"0.7107729885057472,0.32062654320987655,0.3538568075117371,0.4,0.86,0.059951942750574055","0,0,0"
30.083333333333332,70,AV,1,0,0,71,1150.2916000513435,0.3,-0.09025,"0.636846153846154,0.29642517006802727,0.3267004662004662,0.3,0.71,0.0604129762337403","0,0,0"
35.416666666666664,35,AV,2,0,0,88,777.0630287344238,0.1,-0.035416666666666666,"0.7199984276729561,0.3238484848484849,0.36014876957494407,0.1,0.88,0.04081112153210161","0,0,0"
5.15,220,AV,0,0,0,6,4304.4895651906745,0.4,-0.022342366867526088,"0.0,0.0,0.0,0.4,0.06,0.22607052489007143","0,0,0"
17.533333333333335,134,AV,2,0,0,40,2131.3254046090938,0.6,-0.1052,"0.2185965608465609,0.14156275720164607,0.17458838383838388,0.6,0.4,0.11193658287104669","0,0,0"
27.783333333333335,7,AV,2,0,0,60,491.8679742725259,0.1,-0.02778333333333334,"0.5107619047619049,0.2492888888888889,0.28080111111111117,0.1,0.6,0.025832761222056865","0,0,0"
24.283333333333335,94,AV,2,0,0,47,1496.328062426438,0.1,-0.024283333333333337,"0.31149707602339183,0.17144193548387102,0.20175938189845471,0.1,0.47,0.07858670937805001","0,0,0"
15.466666666666667,254,AV,0,0,0,30,5721.231751015957,0.1,-0.016777573185821074,"0.10073423423423426,0.09775633528265107,0.12804830917874396,0.1,0.3,0.30047740745600493","0,0,0"
28.683333333333334,19,AV,1,0,0,65,595.9176043698985,0.1,-0.028683333333333335,"0.595006600660066,0.2792317073170731,0.3106935483870968,0.1,0.65,0.03129741716662037","0,0,0"
51.85,276,AV,0,0,0,53,7897.119961473183,0.5,-0.2601997133178411,"0.40337398373983746,0.2103140243902439,0.24332080200501255,0.5,0.53,0.4147544157726446","0,0,0"
20.566666666666666,67,AV,1,0,0,51,1122.7546975855585,0.1,-0.020566666666666667,"0.3877025862068965,0.20024670433145006,0.23502624671916006,0.1,0.51,0.05896674622202671","0,0,0"
13.783333333333333,295,AV,1,0,0,37,13460.811009378149,0.2,-0.02756666666666667,"0.17554273504273507,0.12830485232067512,0.15819999999999998,0.2,0.37,0.7069578318750951","0,0,0"
48.55,152,AV,0,0,0,51,2612.3907844155665,0.1,-0.05142093341652477,"0.3877025862068965,0.20024670433145006,0.23502624671916006,0.1,0.51,0.13720199501160868","0,0,0"
26.433333333333334,9,AV,2,0,0,56,506.5869000089976,0.1,-0.026433333333333333,"0.44834016393442616,0.22903235294117644,0.26017708333333334,0.1,0.56,0.02660579486905904","0,0,0"
14.333333333333334,219,AV,2,0,0,21,4227.85786318916,0.3,-0.043000000000000003,"0.06713117283950618,0.08297722567287785,0.11902692307692306,0.3,0.21,0.22204585045833433","0,0,0"
15.866666666666667,30,AV,2,0,0,36,743.7553910389753,0.1,-0.015866666666666668,"0.16517133956386296,0.12400290697674418,0.1543510638297872,0.1,0.36,0.03906181420480535","0,0,0"
39.95,292,AV,0,0,0,49,12197.400506638176,0.1,-0.04056488511391574,"0.34501234567901234,0.18569774011299434,0.21836172839506174,0.1,0.49,0.6406038841699384","0,0,0"
53.833333333333336,163,AV,0,0,0,56,2797.307504072895,0.4,-0.21801448297064707,"0.44834016393442616,0.22903235294117644,0.26017708333333334,0.4,0.56,0.1469137666957458","0,0,0"
20.35,296,AV,2,0,0,43,14312.770160915026,0.6,-0.1221,"0.25848525073746315,0.154028431372549,0.186507299270073,0.6,0.43,0.7517024757302859","0,0,0"
64.38333333333334,39,AV,0,0,0,63,857.6590975250949,0.3,-0.20189473321817772,"0.5458673139158576,0.2635194444444445,0.29368004866180053,0.3,0.63,0.04504400334065031","0,0,0"
25.233333333333334,185,AV,1,0,0,58,3245.380745418587,0.4,-0.10093333333333335,"0.47821499999999995,0.23865497076023395,0.27117002237136467,0.4,0.58,0.1704464414359456","0,0,0"
24.45,38,AV,1,0,0,55,837.3801312568858,0.1,-0.02445,"0.4287097222222222,0.22119061302682,0.251957671957672,0.1,0.55,0.04397895800158024","0,0,0"
11.6,150,AV,1,0,0,32,2533.2754137277425,0.1,-0.0116,"0.1269471153846154,0.11000666666666666,0.13905028735632186,0.1,0.32,0.13304687903156176","0,0,0"
32.71666666666667,53,AV,2,0,0,73,969.457736312404,0.2,-0.06543333333333333,"0.6465321637426902,0.298641935483871,0.32860154525386315,0.2,0.73,0.050915634940603534","0,0,0"
76.6,177,AV,0,0,0,82,3032.1279287666234,0.4,-0.3088735104112348,"0.7087363387978143,0.31811505376344096,0.35000815850815853,0.4,0.82,0.15924646627869138","0,0,0"
13.233333333333333,43,AV,1,0,0,36,863.5619359671642,0.1,-0.013233333333333333,"0.16517133956386296,0.12400290697674418,0.1543510638297872,0.1,0.36,0.04535401867806252","0,0,0"
23.016666666666666,11,AV,1,0,0,54,539.5213747330826,0.9,-0.20715,"0.4105688705234158,0.21356224899598392,0.24368045112781953,0.9,0.54,0.028335503786943907","0,0,0"
15.35,76,AV,1,0,0,41,1261.43865123121,0.6,-0.0921,"0.2306653225806452,0.14508385093167703,0.1785975308641975,0.6,0.41,0.06625038664435261","0,0,0"
24.8,54,AV,1,0,0,56,978.4447105201264,0.6,-0.1488,"0.44834016393442616,0.22903235294117644,0.26017708333333334,0.6,0.56,0.051387628180578626","0,0,0"
71.48333333333333,242,AV,0,0,0,75,5004.1281918097375,0.3,-0.2159487625641316,"0.6638255208333333,0.303416135881104,0.33493333333333325,0.3,0.75,0.2628153396137967","0,0,0"
15.6,143,AV,1,0,0,42,2398.572127464108,0.3,-0.0468,"0.24547321428571425,0.15077337398373986,0.18601273148148145,0.3,0.42,0.12597230208838628","0,0,0"
34.416666666666664,123,AV,0,0,0,47,1848.7234685638712,0.1,-0.03847352001846955,"0.31149707602339183,0.17144193548387102,0.20175938189845471,0.1,0.47,0.09709441237693286","0,0,0"
32.35,148,AV,2,0,0,67,2458.2611968747465,0.1,-0.032350000000000004,"0.6034616519174043,0.2857438478747204,0.31573734177215185,0.1,0.67,0.12910715444370038","0,0,0"
11.05,229,AV,1,0,0,31,4549.115907877681,0.1,-0.01105,"0.10895303030303033,0.10245764272559856,0.13340956072351426,0.1,0.31,0.2389182283995444","0,0,0"
11.816666666666666,273,AV,1,0,0,32,7612.519032757181,0.6,-0.0709,"0.1269471153846154,0.11000666666666666,0.13905028735632186,0.6,0.32,0.39980725877188683","0,0,0"
64.38333333333334,158,AV,0,0,0,63,2744.255474143275,0.6,-0.38903298170329476,"0.5458673139158576,0.2635194444444445,0.29368004866180053,0.6,0.63,0.14412748970028938","0,0,0"
29.316666666666666,90,AV,1,0,0,67,1454.957177165027,0.3,-0.08795,"0.6034616519174043,0.2857438478747204,0.31573734177215185,0.3,0.67,0.0764139226620948","0,0,0"
37.983333333333334,232,AV,0,0,0,48,4635.813442599864,0.2,-0.07758450571322544,"0.33069152046783623,0.17952420856610796,0.21181364829396326,0.2,0.48,0.24347155740278267","0,0,0"
23.966666666666665,138,AV,0,0,0,39,2239.257430619588,0.1,-0.02731599126751204,"0.20648091603053437,0.13752083333333337,0.16889416058394158,0.1,0.39,0.1176051411061415","0,0,0"
34.18333333333333,111,AV,2,0,0,68,1626.914224999384,0.2,-0.06836666666666667,"0.6120367231638417,0.28883219178082187,0.3190202991452991,0.2,0.68,0.08544505619691108","0,0,0"
24.033333333333335,95,AV,0,0,0,40,1507.5005543882637,0.1,-0.02900845588182451,"0.2185965608465609,0.14156275720164607,0.17458838383838388,0.1,0.4,0.07917348536713947","0,0,0"
28.233333333333334,93,AV,1,0,0,64,1485.5718097438446,0.1,-0.028233333333333333,"0.5814549549549549,0.272811475409836,0.3049907407407408,0.1,0.64,0.07802179415338123","0,0,0"
25.933333333333334,257,AV,1,0,0,59,5862.8833826120845,0.2,-0.05186666666666667,"0.48391740412979345,0.24019105691056913,0.2722062937062937,0.2,0.59,0.30791690945072125","0,0,0"
11.75,88,AV,1,0,0,31,1446.9812594843625,0.2,-0.0235,"0.10895303030303033,0.10245764272559856,0.13340956072351426,0.2,0.31,0.0759950298133052","0,0,0"
17.15,223,AV,1,0,0,45,4381.240268036911,0.1,-0.01715,"0.280594395280236,0.16260576923076922,0.19703090507726265,0.1,0.45,0.23010144921114412","0,0,0"
35.75,36,AV,2,0,0,81,802.5586880039084,0.1,-0.03575,"0.7077507002801119,0.3165485232067511,0.3491247086247086,0.1,0.81,0.042150146052007835","0,0,0"
19.3,174,AV,2,0,0,39,3001.8426729260827,0.1,-0.0193,"0.20648091603053437,0.13752083333333337,0.16889416058394158,0.1,0.39,0.1576558935567436","0,0,0"
23.516666666666666,173,AV,1,0,0,54,2966.188350320237,0.1,-0.02351666666666667,"0.4105688705234158,0.21356224899598392,0.24368045112781953,0.1,0.54,0.15578333902872574","0,0,0"
13.7,195,AV,0,0,0,29,3398.605365942332,0.6,-0.08440678754737398,"0.0995030864197531,0.09706764705882354,0.1281983568075117,0.6,0.29,0.17849375340250406","0,0,0"
12.166666666666666,278,AV,0,0,0,24,8326.33528790118,0.1,-0.013067423090792186,"0.0794090909090909,0.08714463601532568,0.12194975490196079,0.1,0.24,0.43729667837240127","0,0,0"
26.95,245,AV,1,0,0,61,5064.807770076448,0.9,-0.24255000000000002,"0.5286666666666666,0.25502004219409286,0.2862085953878407,0.9,0.61,0.2660022132026646","0,0,0"
57.45,16,AV,0,0,0,57,583.3206434887895,0.2,-0.12775742255776026,"0.46598623853211,0.23480896686159844,0.26924404761904763,0.2,0.57,0.030635828489198207","0,0,0"
35.0,244,AV,1,0,0,86,5051.78348307234,0.9,-0.315,"0.7107729885057472,0.32062654320987655,0.3538568075117371,0.9,0.86,0.26531818148305064","0,0,0"
18.85,214,AV,1,0,0,48,4015.909421979459,0.1,-0.018850000000000002,"0.33069152046783623,0.17952420856610796,0.21181364829396326,0.1,0.48,0.21091438071535054","0,0,0"
34.6,10,AV,0,0,0,47,513.3463032142733,0.2,-0.08381002047358559,"0.31149707602339183,0.17144193548387102,0.20175938189845471,0.2,0.47,0.026960796735695607","0,0,0"
11.433333333333334,146,AV,1,0,0,31,2421.832203454489,0.8,-0.09146666666666668,"0.10895303030303033,0.10245764272559856,0.13340956072351426,0.8,0.31,0.12719391443254247","0,0,0"
25.25,274,AV,1,0,0,57,7658.5640246764915,0.4,-0.101,"0.46598623853211,0.23480896686159844,0.26924404761904763,0.4,0.57,0.4022255281936403","0,0,0"
22.766666666666666,236,AV,2,0,0,49,4754.245589533712,0.4,-0.09106666666666667,"0.34501234567901234,0.18569774011299434,0.21836172839506174,0.4,0.49,0.24969157889794616","0,0,0"
66.0,113,AV,0,0,0,65,1639.6236094811811,0.1,-0.07057422054466098,"0.595006600660066,0.2792317073170731,0.3106935483870968,0.1,0.65,0.08611254932874826","0,0,0"
10.816666666666666,0,AV,2,0,0,14,388.2787303527966,0.4,-0.04326666666666667,"0.05298717948717949,0.07755913978494623,0.11508024691358026,0.4,0.14,0.02039228462402346","0,0,0"
10.566666666666666,136,AV,1,0,0,28,2164.09247058771,0.2,-0.021133333333333334,"0.09487424242424243,0.09475048732943468,0.12681534772182254,0.2,0.28,0.11365749953089815","0,0,0"
53.766666666666666,27,AV,0,0,0,55,676.2529471816457,0.1,-0.06485719134571913,"0.4287097222222222,0.22119061302682,0.251957671957672,0.1,0.55,0.03551660572350354","0,0,0"
14.833333333333334,191,AV,1,0,0,40,3352.9358316496982,0.4,-0.05933333333333334,"0.2185965608465609,0.14156275720164607,0.17458838383838388,0.4,0.4,0.17609520290478356","0,0,0"
15.533333333333333,211,AV,1,0,0,41,3942.222625638348,0.2,-0.031066666666666666,"0.2306653225806452,0.14508385093167703,0.1785975308641975,0.2,0.41,0.20704437186203256","0,0,0"
28.766666666666666,248,AV,2,0,0,60,5307.329693361759,0.2,-0.05753333333333334,"0.5107619047619049,0.2492888888888889,0.28080111111111117,0.2,0.6,0.2787393932246195","0,0,0"
32.78333333333333,6,AV,1,0,0,84,477.1303205766694,0.4,-0.13113333333333332,"0.7110982905982905,0.3195796645702306,0.3527893518518519,0.4,0.84,0.025058743988140585","0,0,0"
22.383333333333333,210,AV,1,0,0,50,3941.04555698938,0.1,-0.022383333333333335,"0.35658974358974355,0.18984461805555558,0.22288172043010754,0.1,0.5,0.20698255256307185","0,0,0"
32.7,139,AV,1,0,0,92,2344.9936519099742,0.1,-0.0327,"0.7204041297935102,0.3249620253164556,0.36116890380313194,0.1,0.92,0.12315837632369546","0,0,0"
11.133333333333333,299,AV,1,0,0,31,19040.472291926453,0.9,-0.1002,"0.10895303030303033,0.10245764272559856,0.13340956072351426,0.9,0.31,1.0","0,0,0"
24.066666666666666,3,AV,1,0,0,55,449.0833195935783,0.1,-0.024066666666666667,"0.4287097222222222,0.22119061302682,0.251957671957672,0.1,0.55,0.02358572375245118","0,0,0"
31.083333333333332,48,AV,2,0,0,66,898.3728471886773,0.5,-0.15541666666666665,"0.6011242690058477,0.2821495726495727,0.3137444444444444,0.5,0.66,0.047182277488442635","0,0,0"
59.11666666666667,188,AV,0,0,0,59,3274.575105225111,0.4,-0.23875704015299548,"0.48391740412979345,0.24019105691056913,0.2722062937062937,0.4,0.59,0.17197972061930406","0,0,0"
8.283333333333333,189,AV,1,0,0,20,3301.717979419838,0.6,-0.049699999999999994,"0.06355747126436782,0.0817418546365915,0.11785263157894742,0.6,0.2,0.1734052563822082","0,0,0"
19.266666666666666,60,AV,2,0,0,43,1025.7249596144625,0.1,-0.019266666666666668,"0.25848525073746315,0.154028431372549,0.186507299270073,0.1,0.43,0.05387077294555297","0,0,0"
14.216666666666667,86,AV,2,0,0,31,1411.5824788559885,0.6,-0.0853,"0.10895303030303033,0.10245764272559856,0.13340956072351426,0.6,0.31,0.07413589627472256","0,0,0"
24.4,64,AV,1,0,0,54,1074.3823512953045,0.1,-0.0244,"0.4105688705234158,0.21356224899598392,0.24368045112781953,0.1,0.54,0.05642624483379356","0,0,0"
9.983333333333333,289,AV,1,0,0,26,10838.007207066395,0.1,-0.009983333333333334,"0.08620454545454544,0.09165996168582376,0.12412990196078433,0.1,0.26,0.5692089482287648","0,0,0"
28.916666666666668,175,AV,2,0,0,62,3024.224513765153,0.2,-0.05783333333333334,"0.5405063492063492,0.25864932562620424,0.28883920187793427,0.2,0.62,0.1588313812492711","0,0,0"
23.25,66,AV,2,0,0,51,1097.8259349569896,0.6,-0.1395,"0.3877025862068965,0.20024670433145006,0.23502624671916006,0.6,0.51,0.05765749494682913","0,0,0"
29.083333333333332,155,AV,2,0,0,62,2648.588416164911,0.9,-0.26175,"0.5405063492063492,0.25864932562620424,0.28883920187793427,0.9,0.62,0.1391030839759141","0,0,0"
17.35,83,AV,1,0,0,45,1373.5659577718477,0.1,-0.01735,"0.280594395280236,0.16260576923076922,0.19703090507726265,0.1,0.45,0.07213927977796368","0,0,0"
10.2,201,AV,0,0,0,21,3608.770587345788,0.1,-0.012278270097384098,"0.06713117283950618,0.08297722567287785,0.11902692307692306,0.1,0.21,0.18953156896617424","0,0,0"
29.2,212,AV,1,0,0,66,3958.913906791885,0.8,-0.2336,"0.6011242690058477,0.2821495726495727,0.3137444444444444,0.8,0.66,0.20792099303495454","0,0,0"
12.333333333333334,259,AV,1,0,0,33,5913.041300376779,0.3,-0.037,"0.1384095744680851,0.11320935960591134,0.1419769647696477,0.3,0.33,0.31055118852718944","0,0,0"
31.45,126,AV,1,0,0,75,2015.5588757501516,0.2,-0.0629,"0.6638255208333333,0.303416135881104,0.33493333333333325,0.2,0.75,0.10585655885252329","0,0,0"
28.15,115,AV,2,0,0,58,1682.490559712908,0.2,-0.056299999999999996,"0.47821499999999995,0.23865497076023395,0.27117002237136467,0.2,0.58,0.0883639089365613","0,0,0"
33.71666666666667,21,AV,2,0,0,70,623.7253316558669,0.9,-0.30345,"0.6289359903381642,0.29228641975308645,0.32289342403628113,0.9,0.7,0.03275787081816973","0,0,0"
16.616666666666667,238,AV,1,0,0,43,4925.450001742355,0.3,-0.049850000000000005,"0.25848525073746315,0.154028431372549,0.186507299270073,0.3,0.43,0.25868318423124653","0,0,0"
14.566666666666666,165,AV,1,0,0,38,2838.632091159661,0.2,-0.029133333333333334,"0.19015151515151518,0.13336268343815516,0.16292500000000001,0.2,0.38,0.149084121845197","0,0,0"
28.9,51,AV,1,0,0,66,932.0432837729122,0.3,-0.08669999999999999,"0.6011242690058477,0.2821495726495727,0.3137444444444444,0.3,0.66,0.04895063890658413","0,0,0"
59.083333333333336,168,AV,0,0,0,59,2909.8477340427667,0.6,-0.35707745445311667,"0.48391740412979345,0.24019105691056913,0.2722062937062937,0.6,0.59,0.15282434644631168","0,0,0"
23.45,68,AV,1,0,0,53,1141.0395517097602,0.9,-0.21105,"0.40337398373983746,0.2103140243902439,0.24332080200501255,0.9,0.53,0.05992706137828231","0,0,0"
14.083333333333334,81,AV,1,0,0,37,1297.4303329633815,0.3,-0.04225,"0.17554273504273507,0.12830485232067512,0.15819999999999998,0.3,0.37,0.06814065917437974","0,0,0"
52.25,23,AV,0,0,0,53,632.5893922142865,0.6,-0.3253560318783521,"0.40337398373983746,0.2103140243902439,0.24332080200501255,0.6,0.53,0.033223408669464424","0,0,0"
45.21666666666667,265,AV,0,0,0,50,6130.868263041086,0.8,-0.3629566510883751,"0.35658974358974355,0.18984461805555558,0.22288172043010754,0.8,0.5,0.3219913964865619","0,0,0"
8.666666666666666,12,AV,0,0,0,18,541.9839687696077,0.8,-0.08317138101032685,"0.06013636363636365,0.07968235294117648,0.11627966101694916,0.8,0.18,0.028464838500850628","0,0,0"
28.35,196,AV,1,0,0,64,3427.0421228311798,0.1,-0.028350000000000004,"0.5814549549549549,0.272811475409836,0.3049907407407408,0.1,0.64,0.1799872435036349","0,0,0"
29.533333333333335,131,AV,1,0,0,67,2088.64210540395,0.1,-0.029533333333333335,"0.6034616519174043,0.2857438478747204,0.31573734177215185,0.1,0.67,0.10969486856109009","0,0,0"
24.983333333333334,286,AV,2,0,0,55,9095.945853089892,0.2,-0.04996666666666667,"0.4287097222222222,0.22119061302682,0.251957671957672,0.2,0.55,0.47771639871279653","0,0,0"
34.15,246,AV,2,0,0,75,5200.876525735832,0.1,-0.03415,"0.6638255208333333,0.303416135881104,0.33493333333333325,0.1,0.75,0.27314850419656395","0,0,0"
18.8,13,AV,0,0,0,36,566.7055292848979,0.3,-0.06963438648898297,"0.16517133956386296,0.12400290697674418,0.1543510638297872,0.3,0.36,0.02976320758205103","0,0,0"
18.883333333333333,85,AV,0,0,0,34,1391.0507319816634,0.7,-0.1375749411500487,"0.1490578231292517,0.11730710659898476,0.14713333333333334,0.7,0.34,0.07305757497262802","0,0,0"
12.816666666666666,34,AV,1,0,0,35,776.0711537761008,0.2,-0.02563333333333333,"0.15221212121212116,0.11784110535405871,0.14771093749999997,0.2,0.35,0.04075902855125977","0,0,0"
33.31666666666667,61,AV,2,0,0,70,1038.299283744561,0.1,-0.033316666666666675,"0.6289359903381642,0.29228641975308645,0.32289342403628113,0.1,0.7,0.054531172747475445","0,0,0"
60.63333333333333,56,AV,0,0,0,59,981.8973671489576,0.2,-0.12890493951566823,"0.48391740412979345,0.24019105691056913,0.2722062937062937,0.2,0.59,0.05156896069039748","0,0,0"
24.766666666666666,110,AV,1,0,0,55,1614.9493849180149,0.9,-0.2229,"0.4287097222222222,0.22119061302682,0.251957671957672,0.9,0.55,0.08481666631781955","0,0,0"
33.55,72,AV,2,0,0,64,1205.4292211271013,0.3,-0.10064999999999999,"0.5814549549549549,0.272811475409836,0.3049907407407408,0.3,0.64,0.06330878786227523","0,0,0"
13.75,224,AV,1,0,0,35,4416.224882412617,0.2,-0.027500000000000004,"0.15221212121212116,0.11784110535405871,0.14771093749999997,0.2,0.35,0.23193883086005102","0,0,0"
24.366666666666667,84,AV,1,0,0,55,1386.7650627050614,0.6,-0.1462,"0.4287097222222222,0.22119061302682,0.251957671957672,0.6,0.55,0.07283249288375467","0,0,0"
18.0,230,AV,2,0,0,39,4572.8741748457805,0.1,-0.018,"0.20648091603053437,0.13752083333333337,0.16889416058394158,0.1,0.39,0.24016600558720239","0,0,0"
14.366666666666667,270,AV,1,0,0,37,7128.986247371214,0.5,-0.07183333333333333,"0.17554273504273507,0.12830485232067512,0.15819999999999998,0.5,0.37,0.3744122592165977","0,0,0"
29.516666666666666,204,AV,2,0,0,63,3773.073658575576,0.6,-0.17709999999999998,"0.5458673139158576,0.2635194444444445,0.29368004866180053,0.6,0.63,0.19816071790275053","0,0,0"
12.433333333333334,233,AV,1,0,0,33,4639.089550420253,0.4,-0.04973333333333334,"0.1384095744680851,0.11320935960591134,0.1419769647696477,0.4,0.33,0.24364361762115117","0,0,0"
30.083333333333332,209,AV,1,0,0,68,3898.759045987068,0.2,-0.060166666666666674,"0.6120367231638417,0.28883219178082187,0.3190202991452991,0.2,0.68,0.204761677452729","0,0,0"
46.81666666666667,79,AV,0,0,0,50,1293.252850487379,0.4,-0.19306599662536233,"0.35658974358974355,0.18984461805555558,0.22288172043010754,0.4,0.5,0.0679212590244279","0,0,0"
20.183333333333334,202,AV,2,0,0,44,3630.005597296026,0.1,-0.020183333333333334,"0.263452802359882,0.15677134146341465,0.19072377622377626,0.1,0.44,0.1906468254380025","0,0,0"
17.366666666666667,63,AV,2,0,0,36,1068.5648373754009,0.8,-0.13893333333333333,"0.16517133956386296,0.12400290697674418,0.1543510638297872,0.8,0.36,0.05612071071516929","0,0,0"
27.316666666666666,107,AV,1,0,0,61,1592.2311391495805,0.3,-0.08195,"0.5286666666666666,0.25502004219409286,0.2862085953878407,0.3,0.61,0.08362351073742634","0,0,0"
18.533333333333335,198,AV,2,0,0,42,3480.90175047103,0.3,-0.055600000000000004,"0.24547321428571425,0.15077337398373986,0.18601273148148145,0.3,0.42,0.18281593529310736","0,0,0"
28.75,65,AV,2,0,0,60,1089.3140785512585,0.1,-0.028749999999999998,"0.5107619047619049,0.2492888888888889,0.28080111111111117,0.1,0.6,0.05721045475395848","0,0,0"
32.93333333333333,156,AV,1,0,0,80,2667.9339807116767,0.1,-0.032933333333333335,"0.7041182336182336,0.31513291139240507,0.347355172413793,0.1,0.8,0.140119107331331","0,0,0"
17.1,282,AV,1,0,0,44,8689.506535985933,0.3,-0.051300000000000005,"0.263452802359882,0.15677134146341465,0.19072377622377626,0.3,0.44,0.45637032541837","0,0,0"
14.016666666666667,288,AV,1,0,0,35,10213.823531357188,0.1,-0.014016666666666667,"0.15221212121212116,0.11784110535405871,0.14771093749999997,0.1,0.35,0.5364270053158322","0,0,0"
26.016666666666666,235,AV,1,0,0,59,4705.31956239884,0.2,-0.052033333333333334,"0.48391740412979345,0.24019105691056913,0.2722062937062937,0.2,0.59,0.24712199835473575","0,0,0"
9.966666666666667,114,AV,1,0,0,28,1659.6531244520008,0.2,-0.019933333333333334,"0.09487424242424243,0.09475048732943468,0.12681534772182254,0.2,0.28,0.08716449355910817","0,0,0"
73.0,263,AV,0,0,0,78,6031.594525491932,0.6,-0.43924345228584283,"0.6864444444444444,0.3089728682170543,0.34009367396593665,0.6,0.78,0.3167775690127944","0,0,0"
5.183333333333334,216,AV,0,0,0,10,4113.319853961603,0.5,-0.027740011377576184,"0.05195833333333335,0.07709166666666667,0.11333333333333334,0.5,0.1,0.21603034792922307","0,0,0"
15.0,194,AV,2,0,0,30,3393.6426315430986,0.1,-0.015,"0.10073423423423426,0.09775633528265107,0.12804830917874396,0.1,0.3,0.17823311205269168","0,0,0"
50.266666666666666,205,AV,0,0,0,52,3773.692032315799,0.7,-0.35385411024599805,"0.3997090395480226,0.20560632183908048,0.23930468750000003,0.7,0.52,0.19819319470956198","0,0,0"
18.366666666666667,153,AV,2,0,0,42,2619.168197182975,0.1,-0.018366666666666667,"0.24547321428571425,0.15077337398373986,0.18601273148148145,0.1,0.42,0.13755794273514713","0,0,0"
10.266666666666667,231,AV,0,0,0,20,4609.601315671212,0.2,-0.02216037209143641,"0.06355747126436782,0.0817418546365915,0.11785263157894742,0.2,0.2,0.2420949042123171","0,0,0"
17.9,15,AV,1,0,0,45,571.0932451196882,0.4,-0.0716,"0.280594395280236,0.16260576923076922,0.19703090507726265,0.4,0.45,0.029993649126121902","0,0,0"
18.566666666666666,117,AV,1,0,0,47,1794.439334206041,0.6,-0.1114,"0.31149707602339183,0.17144193548387102,0.20175938189845471,0.6,0.47,0.09424342561959032","0,0,0"
24.95,46,AV,1,0,0,56,881.2906222289953,0.2,-0.0499,"0.44834016393442616,0.22903235294117644,0.26017708333333334,0.2,0.56,0.04628512406190052","0,0,0"
30.2,102,AV,1,0,0,72,1564.4426034616197,0.1,-0.0302,"0.6387432795698926,0.2970288888888889,0.32697146118721454,0.1,0.72,0.08216406502295508","0,0,0"
7.783333333333333,5,AV,1,0,0,13,465.3670128771111,0.2,-0.015566666666666668,"0.05261111111111112,0.07736666666666667,0.11466666666666667,0.2,0.13,0.0244409385304185","0,0,0"
24.266666666666666,49,AV,2,0,0,54,904.859336063587,0.1,-0.02426666666666667,"0.4105688705234158,0.21356224899598392,0.24368045112781953,0.1,0.54,0.04752294597478371","0,0,0"
7.9,37,AV,1,0,0,15,832.4581618945489,0.8,-0.0632,"0.054629629629629625,0.07788364779874213,0.11383333333333333,0.8,0.15,0.043720457619506006","0,0,0"
60.833333333333336,182,AV,0,0,0,62,3225.188153267811,0.3,-0.18482544572396528,"0.5405063492063492,0.25864932562620424,0.28883920187793427,0.3,0.62,0.16938593244009792","0,0,0"
55.666666666666664,251,AV,0,0,0,56,5557.427333357366,0.1,-0.057016211977854586,"0.44834016393442616,0.22903235294117644,0.26017708333333334,0.1,0.56,0.2918744476582037","0,0,0"
30.2,252,AV,2,0,0,62,5611.673516276995,0.1,-0.0302,"0.5405063492063492,0.25864932562620424,0.28883920187793427,0.1,0.62,0.29472344121718336","0,0,0"
26.233333333333334,96,AV,1,0,0,59,1530.0661682302475,0.1,-0.026233333333333338,"0.48391740412979345,0.24019105691056913,0.2722062937062937,0.1,0.59,0.08035862476368438","0,0,0"
67.83333333333333,17,AV,0,0,0,65,586.8516376274475,0.2,-0.14844672813215284,"0.595006600660066,0.2792317073170731,0.3106935483870968,0.2,0.65,0.03082127526197365","0,0,0"
19.3,104,AV,2,0,0,38,1579.1767070066765,0.5,-0.0965,"0.19015151515151518,0.13336268343815516,0.16292500000000001,0.5,0.38,0.08293789580399638","0,0,0"
19.516666666666666,294,AV,1,0,0,49,13430.196447392702,0.2,-0.03903333333333334,"0.34501234567901234,0.18569774011299434,0.21836172839506174,0.2,0.49,0.7053499640913518","0,0,0"
27.733333333333334,1,AV,1,0,0,63,419.7646265090227,0.1,-0.027733333333333332,"0.5458673139158576,0.2635194444444445,0.29368004866180053,0.1,0.63,0.022045914621929386","0,0,0"
15.583333333333334,169,AV,2,0,0,36,2927.9701715656583,0.4,-0.062333333333333345,"0.16517133956386296,0.12400290697674418,0.1543510638297872,0.4,0.36,0.1537761315304756","0,0,0"
38.31666666666667,87,AV,0,0,0,48,1434.4967426379471,0.1,-0.043544981083197154,"0.33069152046783623,0.17952420856610796,0.21181364829396326,0.1,0.48,0.07533934666348602","0,0,0"
26.083333333333332,213,AV,2,0,0,54,3971.0791127863904,0.2,-0.05216666666666667,"0.4105688705234158,0.21356224899598392,0.24368045112781953,0.2,0.54,0.20855990607282407","0,0,0"
27.483333333333334,55,AV,2,0,0,57,979.573716991658,0.1,-0.027483333333333332,"0.46598623853211,0.23480896686159844,0.26924404761904763,0.1,0.57,0.051446923268128025","0,0,0"
32.75,225,AV,2,0,0,73,4459.768546990965,0.1,-0.03275,"0.6465321637426902,0.298641935483871,0.32860154525386315,0.1,0.73,0.23422573130615026","0,0,0"
8.4,40,AV,1,0,0,18,859.2772315809713,0.1,-0.008400000000000001,"0.06013636363636365,0.07968235294117648,0.11627966101694916,0.1,0.18,0.045128987264949426","0,0,0"
31.866666666666667,157,AV,1,0,0,78,2675.3892374750885,0.4,-0.12746666666666667,"0.6864444444444444,0.3089728682170543,0.34009367396593665,0.4,0.78,0.14051065522200876","0,0,0"
39.86666666666667,33,AV,0,0,0,49,763.1985099142711,0.8,-0.3287603965450297,"0.34501234567901234,0.18569774011299434,0.21836172839506174,0.8,0.49,0.04008296108484046","0,0,0"
28.15,206,AV,1,0,0,63,3824.993837156676,0.5,-0.14075,"0.5458673139158576,0.2635194444444445,0.29368004866180053,0.5,0.63,0.20088755039855555","0,0,0"
30.35,75,AV,2,0,0,64,1249.5878531833848,0.5,-0.15175,"0.5814549549549549,0.272811475409836,0.3049907407407408,0.5,0.64,0.06562798621929328","0,0,0"
22.75,226,AV,2,0,0,47,4504.939201911708,0.1,-0.022750000000000003,"0.31149707602339183,0.17144193548387102,0.20175938189845471,0.1,0.47,0.2365980808061097","0,0,0"
12.316666666666666,18,AV,2,0,0,25,591.6693204447811,0.4,-0.04926666666666667,"0.08358787878787878,0.09129865125240846,0.12442700729927006,0.4,0.25,0.0310742985454022","0,0,0"
18.25,269,AV,2,0,0,38,6709.13861087917,0.9,-0.16425,"0.19015151515151518,0.13336268343815516,0.16292500000000001,0.9,0.38,0.352361984934795","0,0,0"
