travel_time,id,kind,action,bid_route_0,bid_route_1,bid_route_2,karma_balance,origin,destination,start_time,income,urgency,reward
26.816666666666666,43,AV,1,0,6,5,0,0,0,47,1945.516475481125,0.4,-10.726666666666667
23.033333333333335,278,AV,1,3,7,5,5,0,0,44,1888.2149669861096,0.1,-2.3033333333333337
18.483333333333334,86,AV,1,2,6,2,5,0,0,37,1921.5023446668008,0.1,-1.8483333333333336
30.766666666666666,168,AV,1,2,6,8,2,0,0,55,7658.5640246764915,1.0,-30.766666666666666
15.533333333333333,89,AV,0,8,6,9,4,0,0,24,736.5379020629116,0.4,-6.213333333333334
21.0,22,AV,1,4,7,4,2,0,0,41,1717.0377309640771,0.2,-4.2
17.166666666666668,123,AV,0,8,6,9,1,0,0,25,9884.322174397852,0.4,-6.866666666666667
45.9,247,AV,2,0,5,3,7,0,0,73,12726.503958899895,0.6,-27.54
44.2,255,AV,1,3,8,5,0,0,0,83,572.7967315704935,0.3,-13.26
36.2,73,AV,1,2,8,5,4,0,0,61,1778.835052690156,0.4,-14.480000000000002
36.666666666666664,84,AV,1,3,6,5,1,0,0,63,3849.958431883558,0.3,-10.999999999999998
8.733333333333333,47,AV,0,6,6,6,0,0,0,17,3097.4575811220984,0.5,-4.366666666666666
23.15,244,AV,1,3,6,5,0,0,0,45,1682.490559712908,0.2,-4.63
35.416666666666664,297,AV,1,3,8,5,0,0,0,59,2239.257430619588,0.2,-7.083333333333333
36.45,125,AV,0,7,7,7,3,0,0,47,7177.938863287724,0.1,-3.6450000000000005
36.71666666666667,80,AV,1,3,7,5,2,0,0,61,1323.5149786113286,0.1,-3.671666666666667
39.55,267,AV,1,3,7,5,2,0,0,67,2797.307504072895,0.2,-7.91
22.483333333333334,78,AV,0,7,6,5,0,0,0,30,1365.417472605012,0.2,-4.496666666666667
48.71666666666667,151,AV,0,7,5,4,0,0,0,57,1460.106853854364,0.5,-24.358333333333334
53.6,282,AV,0,9,7,2,0,0,0,64,10721.15711953896,0.5,-26.8
52.11666666666667,137,AV,0,6,7,2,4,0,0,60,3046.5766145774583,0.2,-10.423333333333334
23.6,288,AV,1,4,7,3,0,0,0,44,4429.527615460413,0.2,-4.720000000000001
15.2,145,AV,1,5,6,9,3,0,0,28,2147.781038516846,1.0,-15.2
30.65,140,AV,1,2,6,5,10,0,0,55,5434.023139443809,0.4,-12.26
20.15,41,AV,1,3,6,5,0,0,0,40,2767.495209174315,0.1,-2.015
32.666666666666664,218,AV,1,2,6,5,1,0,0,56,1927.298426803608,0.4,-13.066666666666666
33.11666666666667,93,AV,1,3,6,5,0,0,0,54,845.7864251007381,0.2,-6.623333333333334
34.55,156,AV,0,9,8,0,4,0,0,46,5913.041300376779,0.8,-27.64
42.516666666666666,15,AV,1,3,8,5,2,0,0,79,6130.868263041086,0.3,-12.754999999999999
5.05,239,AV,0,7,8,8,1,0,0,11,3159.4556453821087,0.1,-0.505
26.733333333333334,23,AV,1,3,7,5,3,0,0,48,4707.821121085941,0.1,-2.673333333333334
43.06666666666667,256,AV,2,3,0,4,7,0,0,75,861.805442805673,0.2,-8.613333333333335
45.583333333333336,298,AV,2,5,5,6,0,0,0,68,1546.5147326922538,0.4,-18.233333333333334
22.583333333333332,70,AV,1,0,6,9,5,0,0,44,3158.0604616132755,0.6,-13.549999999999999
37.166666666666664,116,AV,2,1,3,6,4,0,0,60,8029.700924090037,0.1,-3.716666666666667
25.683333333333334,249,AV,2,3,5,3,6,0,0,17,1628.9397076974285,0.9,-23.115000000000002
39.45,107,AV,1,3,7,5,0,0,0,67,905.8209551718018,0.2,-7.890000000000001
26.083333333333332,34,AV,1,2,6,8,12,0,0,47,1249.5878531833848,0.2,-5.216666666666667
38.21666666666667,9,AV,1,3,8,5,4,0,0,66,13351.937436366714,0.3,-11.465
55.266666666666666,4,AV,0,7,1,4,0,0,0,76,2392.7441380289174,0.1,-5.526666666666667
39.7,72,AV,0,7,3,8,2,0,0,49,4034.238052294327,0.6,-23.82
34.666666666666664,88,AV,1,4,8,5,11,0,0,59,15725.918848752755,0.4,-13.866666666666667
30.516666666666666,236,AV,2,5,3,3,7,0,0,47,3032.1279287666234,0.1,-3.0516666666666667
18.45,182,AV,1,0,6,9,5,0,0,40,6709.13861087917,0.4,-7.38
26.783333333333335,129,AV,1,3,7,5,8,0,0,48,5158.4050556257225,0.1,-2.6783333333333337
17.133333333333333,27,AV,1,5,6,5,0,0,0,37,2969.8754393798326,0.4,-6.8533333333333335
30.533333333333335,138,AV,1,3,7,5,5,0,0,54,3414.9419898187493,0.1,-3.0533333333333337
31.15,199,AV,0,6,1,4,0,0,0,39,3558.5090095449787,0.2,-6.23
28.85,279,AV,1,0,6,9,6,0,0,51,437.8567856598078,0.5,-14.425
40.85,215,AV,1,3,6,5,0,0,0,71,1100.389953660579,0.2,-8.17
16.383333333333333,258,AV,1,3,6,5,0,0,0,35,2035.9911412414244,0.1,-1.6383333333333334
37.06666666666667,257,AV,1,3,7,5,0,0,0,61,4617.1597275219765,0.2,-7.413333333333334
42.95,169,AV,2,2,1,2,5,0,0,65,870.7377108213431,0.2,-8.590000000000002
36.416666666666664,250,AV,0,9,5,1,0,0,0,46,513.3463032142733,0.1,-3.6416666666666666
36.06666666666667,28,AV,1,3,6,5,0,0,0,62,2991.769966736588,0.4,-14.42666666666667
23.983333333333334,162,AV,0,7,6,5,0,0,0,33,2744.8905386527767,0.2,-4.796666666666667
41.65,55,AV,1,2,6,5,1,0,0,77,541.9839687696077,0.9,-37.485
37.266666666666666,246,AV,1,3,6,5,0,0,0,63,1900.764377468582,0.1,-3.7266666666666666
28.233333333333334,97,AV,1,3,6,5,0,0,0,51,1797.659883656486,0.2,-5.646666666666667
35.483333333333334,20,AV,1,3,8,5,1,0,0,60,3368.9508766880413,0.3,-10.645
37.833333333333336,252,AV,1,3,6,5,0,0,0,61,2472.005569054355,0.1,-3.7833333333333337
19.55,53,AV,1,1,8,0,4,0,0,40,1040.734547163155,0.3,-5.865
26.85,294,AV,1,2,9,4,0,0,0,50,1141.5133047894662,0.2,-5.370000000000001
38.11666666666667,133,AV,0,6,4,2,1,0,0,47,3251.3322332141274,0.1,-3.811666666666667
18.933333333333334,7,AV,0,8,8,5,2,0,0,27,1645.9523587482854,0.2,-3.786666666666667
20.816666666666666,273,AV,0,7,7,5,7,0,0,29,2619.168197182975,0.1,-2.0816666666666666
32.96666666666667,112,AV,0,7,4,6,7,0,0,44,3866.930621896856,1.0,-32.96666666666667
43.65,2,AV,2,4,3,4,8,0,0,62,2813.5576138103806,0.9,-39.285
40.88333333333333,52,AV,1,3,7,5,12,0,0,66,1317.647826688136,0.2,-8.176666666666668
28.05,38,AV,1,2,6,9,8,0,0,51,1373.5659577718477,0.4,-11.22
38.63333333333333,30,AV,1,3,6,5,0,0,0,63,4015.909421979459,0.4,-15.453333333333333
36.18333333333333,3,AV,1,3,7,5,2,0,0,62,3024.224513765153,0.1,-3.618333333333333
25.8,99,AV,1,3,8,5,7,0,0,45,3064.640983136323,0.2,-5.16
35.983333333333334,254,AV,2,3,4,5,5,0,0,55,938.3100494872764,0.1,-3.5983333333333336
42.483333333333334,132,AV,1,1,6,5,0,0,0,77,3667.3634505223554,0.6,-25.49
26.3,98,AV,2,5,0,3,6,0,0,37,3256.7228478661937,0.3,-7.89
42.6,111,AV,1,3,7,5,0,0,0,84,4200.245935785981,0.1,-4.260000000000001
29.216666666666665,241,AV,1,4,6,5,6,0,0,52,5051.78348307234,0.4,-11.686666666666667
17.333333333333332,131,AV,1,3,6,5,0,0,0,35,3387.2787239910285,0.1,-1.7333333333333334
22.65,46,AV,1,0,6,9,6,0,0,43,3197.7177395395383,0.6,-13.589999999999998
24.1,225,AV,1,3,7,5,19,0,0,45,985.8695826897422,0.1,-2.41
33.583333333333336,204,AV,1,2,6,5,7,0,0,57,8987.033628468456,0.5,-16.791666666666668
12.35,64,AV,1,3,6,5,0,0,0,24,4959.361066312568,0.1,-1.235
31.05,164,AV,1,2,6,9,6,0,0,55,2141.869626207308,0.7,-21.735
43.25,210,AV,0,8,0,4,1,0,0,51,2241.037238818388,0.7,-30.275
21.383333333333333,285,AV,1,3,7,5,0,0,0,41,17693.100214811147,0.1,-2.138333333333333
44.06666666666667,266,AV,2,2,5,6,3,0,0,63,2478.182963693478,0.5,-22.033333333333335
21.633333333333333,37,AV,1,0,6,9,4,0,0,41,2891.134206742707,0.4,-8.653333333333334
29.816666666666666,248,AV,1,0,6,9,5,0,0,51,1200.7903182940884,0.6,-17.89
40.13333333333333,165,AV,2,0,5,4,13,0,0,55,1869.7531794209297,0.1,-4.013333333333334
19.0,286,AV,0,6,6,5,1,0,0,26,639.9143284368583,0.4,-7.6000000000000005
24.016666666666666,155,AV,2,3,3,4,8,0,0,30,610.4868582393152,0.4,-9.606666666666667
6.866666666666666,144,AV,0,8,8,5,7,0,0,14,627.4062491148882,0.1,-0.6866666666666666
27.083333333333332,108,AV,1,4,7,1,0,0,0,49,8348.421721831439,0.2,-5.416666666666667
17.866666666666667,142,AV,1,0,6,9,10,0,0,38,968.7072844723906,0.4,-7.146666666666667
36.233333333333334,44,AV,2,2,1,5,5,0,0,59,743.7818724069466,0.9,-32.61
34.733333333333334,45,AV,1,3,7,5,4,0,0,60,17322.90883950548,0.1,-3.4733333333333336
33.016666666666666,128,AV,0,8,6,4,1,0,0,41,4717.175795221327,0.1,-3.3016666666666667
50.11666666666667,110,AV,0,6,0,3,0,0,0,58,2946.490055333797,0.3,-15.035
24.166666666666668,92,AV,1,3,8,5,3,0,0,46,2835.850686157305,0.2,-4.833333333333334
43.46666666666667,268,AV,1,3,7,5,3,0,0,80,2108.868816674547,0.1,-4.346666666666667
20.783333333333335,135,AV,0,7,7,5,10,0,0,28,1782.711710770346,0.1,-2.0783333333333336
21.733333333333334,104,AV,1,3,8,5,2,0,0,44,2587.8859091729414,0.2,-4.346666666666667
33.166666666666664,299,AV,1,3,7,5,3,0,0,56,1059.8377785859489,0.1,-3.3166666666666664
39.1,191,AV,2,2,4,1,7,0,0,64,2335.4036410281064,0.1,-3.91
45.71666666666667,192,AV,2,4,5,2,10,0,0,67,1148.9174546898266,0.3,-13.715
26.15,147,AV,1,4,6,4,3,0,0,48,3278.222126324269,0.3,-7.844999999999999
44.35,1,AV,2,3,1,8,1,0,0,67,4061.843573313689,0.2,-8.870000000000001
47.03333333333333,54,AV,2,4,1,3,8,0,0,70,4135.471393234625,0.2,-9.406666666666666
23.716666666666665,35,AV,1,0,6,5,1,0,0,45,2964.6777926145683,0.7,-16.601666666666663
17.15,174,AV,1,3,7,5,2,0,0,36,4924.983441788647,0.1,-1.7149999999999999
22.666666666666668,5,AV,0,9,4,5,0,0,0,29,2034.664800296876,0.4,-9.066666666666668
8.516666666666667,69,AV,0,8,6,5,1,0,0,18,2218.7455195521825,0.2,-1.7033333333333336
30.216666666666665,102,AV,1,3,6,5,0,0,0,53,1089.3140785512585,0.1,-3.0216666666666665
37.416666666666664,189,AV,1,3,8,5,3,0,0,63,7912.643587116454,0.4,-14.966666666666667
34.733333333333334,209,AV,0,9,2,0,10,0,0,45,1076.386102050743,0.3,-10.42
41.25,281,AV,1,3,7,5,0,0,0,67,877.2934597877683,0.3,-12.375
26.816666666666666,223,AV,1,3,7,5,3,0,0,49,6427.339783247283,0.1,-2.6816666666666666
17.883333333333333,176,AV,1,0,6,5,1,0,0,38,2942.323800284961,0.4,-7.153333333333333
20.8,293,AV,0,7,7,5,15,0,0,28,6995.337061486569,0.2,-4.16
43.38333333333333,275,AV,1,3,6,3,0,0,0,95,3427.0421228311798,0.2,-8.676666666666668
39.416666666666664,173,AV,1,3,7,5,2,0,0,63,13460.811009378149,0.1,-3.9416666666666664
38.65,296,AV,1,2,6,5,2,0,0,65,2758.442965787371,0.8,-30.92
18.65,31,AV,1,3,7,5,0,0,0,39,8326.33528790118,0.1,-1.865
22.983333333333334,48,AV,1,0,6,5,1,0,0,44,881.2906222289953,0.4,-9.193333333333333
29.25,75,AV,1,2,6,6,1,0,0,53,4549.070920567666,1.0,-29.25
46.45,263,AV,2,5,3,2,9,0,0,74,1104.4445206976068,0.3,-13.935
13.6,200,AV,0,6,6,5,0,0,0,22,767.6170681366935,0.4,-5.44
41.61666666666667,81,AV,2,2,5,1,8,0,0,62,5354.15698790508,0.1,-4.161666666666667
41.63333333333333,202,AV,1,1,7,2,1,0,0,75,4639.089550420253,0.5,-20.816666666666666
43.21666666666667,150,AV,2,2,3,1,7,0,0,67,4547.885280126284,0.2,-8.643333333333334
21.616666666666667,240,AV,1,3,7,5,2,0,0,41,1261.43865123121,0.1,-2.1616666666666666
23.733333333333334,146,AV,1,4,6,3,3,0,0,44,2622.7149314101284,0.1,-2.3733333333333335
44.65,115,AV,2,2,0,4,5,0,0,72,1503.4428459110418,0.7,-31.254999999999995
31.916666666666668,21,AV,2,3,4,5,5,0,0,44,1830.3424648913517,0.1,-3.191666666666667
39.8,0,AV,0,7,9,6,7,0,0,49,2857.712092786687,0.4,-15.92
5.083333333333333,100,AV,0,8,6,9,4,0,0,13,978.4447105201264,0.5,-2.5416666666666665
21.666666666666668,160,AV,1,0,6,5,0,0,0,43,1592.2311391495805,0.4,-8.666666666666668
20.183333333333334,229,AV,1,0,6,9,5,0,0,40,4227.85786318916,0.4,-8.073333333333334
25.35,193,AV,1,3,8,5,5,0,0,46,1703.2333497257905,0.2,-5.07
10.283333333333333,265,AV,0,8,6,9,1,0,0,19,2818.3733061874163,0.7,-7.198333333333332
16.416666666666668,161,AV,1,3,7,5,4,0,0,35,1404.912317929139,0.1,-1.6416666666666668
37.983333333333334,87,AV,2,2,1,5,5,0,0,57,2417.357356239525,0.5,-18.991666666666667
40.4,67,AV,2,4,2,0,11,0,0,57,979.5720138781878,0.2,-8.08
16.45,33,AV,1,3,6,5,0,0,0,27,2411.397471856681,0.1,-1.645
36.166666666666664,207,AV,1,2,6,9,5,0,0,60,597.1498506777683,1.0,-36.166666666666664
14.383333333333333,68,AV,1,5,6,9,9,0,0,24,571.0932451196882,0.9,-12.945
34.86666666666667,49,AV,1,2,6,5,3,0,0,59,3971.0791127863904,0.4,-13.946666666666667
47.4,179,AV,2,4,5,3,6,0,0,84,4950.268578812107,0.9,-42.66
38.15,198,AV,0,7,5,6,3,0,0,47,5702.891177591027,0.1,-3.815
35.45,8,AV,2,4,5,2,16,0,0,48,3508.846318545673,0.5,-17.725
7.05,177,AV,0,8,6,8,0,0,0,10,2010.868248891871,0.5,-3.525
34.71666666666667,234,AV,1,3,6,5,0,0,0,59,4934.883137056144,0.4,-13.886666666666668
32.31666666666667,154,AV,1,3,7,5,20,0,0,56,3225.188153267811,0.1,-3.2316666666666674
30.416666666666668,194,AV,1,2,6,6,0,0,0,54,1434.4967426379471,1.0,-30.416666666666668
22.533333333333335,50,AV,1,0,6,5,1,0,0,43,449.0833195935783,0.4,-9.013333333333334
26.25,178,AV,2,3,3,2,6,0,0,21,6918.069898529506,0.1,-2.625
41.85,188,AV,1,0,7,5,2,0,0,71,1653.1781197118603,0.5,-20.925
33.083333333333336,195,AV,1,2,6,9,11,0,0,54,7572.106998522375,0.6,-19.85
15.416666666666666,14,AV,1,5,6,9,4,0,0,34,1496.328062426438,0.6,-9.25
16.75,65,AV,1,3,8,5,2,0,0,35,11049.706566164488,0.2,-3.35
41.1,197,AV,1,3,8,5,5,0,0,69,961.7772661313056,0.4,-16.44
39.1,233,AV,1,3,7,5,3,0,0,66,8981.750106371177,0.1,-3.91
22.7,139,AV,1,3,7,5,5,0,0,43,3773.073658575576,0.1,-2.27
28.283333333333335,159,AV,1,3,6,5,0,0,0,51,877.6907461205365,0.2,-5.656666666666667
33.333333333333336,118,AV,2,0,5,6,1,0,0,49,1659.6531244520008,0.9,-30.000000000000004
42.88333333333333,39,AV,1,3,6,5,0,0,0,80,4735.166802079286,0.1,-4.288333333333333
43.766666666666666,238,AV,2,3,1,5,5,0,0,63,649.7132696839626,0.2,-8.753333333333334
12.1,85,AV,0,8,6,5,1,0,0,20,5849.7981009167725,0.2,-2.42
56.86666666666667,126,AV,0,8,0,1,0,0,0,93,5807.233742044462,0.2,-11.373333333333335
40.93333333333333,11,AV,2,1,0,8,1,0,0,58,1267.69032506861,0.4,-16.37333333333333
31.4,149,AV,1,3,8,5,2,0,0,55,19040.472291926453,0.3,-9.42
25.816666666666666,186,AV,1,4,6,9,4,0,0,45,13430.196447392702,0.4,-10.326666666666668
30.35,36,AV,1,4,8,5,5,0,0,53,7958.958807233507,0.3,-9.105
34.78333333333333,18,AV,2,1,5,5,7,0,0,49,522.2875039790788,0.3,-10.434999999999999
17.433333333333334,245,AV,1,0,6,9,6,0,0,37,1490.1599361877834,0.4,-6.973333333333334
33.9,220,AV,1,3,8,5,2,0,0,57,2046.5713793034688,0.2,-6.78
36.06666666666667,214,AV,1,3,8,5,1,0,0,60,614.9217871931492,0.2,-7.213333333333335
43.06666666666667,230,AV,1,2,6,5,6,0,0,82,8028.27043643778,0.9,-38.760000000000005
41.61666666666667,227,AV,1,2,6,5,0,0,0,76,1530.0661682302475,0.8,-33.29333333333334
46.28333333333333,59,AV,2,0,5,6,6,0,0,87,2446.4664131825853,0.3,-13.885
10.183333333333334,12,AV,0,8,8,5,5,0,0,18,4559.760277629775,0.2,-2.0366666666666666
33.35,264,AV,1,4,6,3,1,0,0,57,753.5670156580491,0.3,-10.005
22.05,127,AV,1,4,9,8,4,0,0,39,844.3352662229099,0.1,-2.205
33.15,185,AV,1,3,7,5,5,0,0,56,3227.056348793521,0.1,-3.315
44.65,287,AV,1,3,6,5,0,0,0,85,2756.9260540590044,0.1,-4.465
31.816666666666666,40,AV,1,3,6,5,0,0,0,56,2520.718778515204,0.1,-3.1816666666666666
18.85,134,AV,1,0,6,5,0,0,0,39,3393.6426315430986,0.4,-7.540000000000001
50.61666666666667,82,AV,0,6,4,3,1,0,0,59,2533.2754137277425,0.3,-15.184999999999999
41.55,74,AV,1,0,6,4,0,0,0,70,727.2326469992182,0.5,-20.775
24.433333333333334,167,AV,1,3,7,5,5,0,0,45,1963.0347272178835,0.1,-2.4433333333333334
29.366666666666667,224,AV,0,8,6,9,3,0,0,35,753.7709081553346,0.4,-11.746666666666668
45.15,58,AV,2,3,1,5,5,0,0,68,11940.25564443948,0.4,-18.06
39.25,42,AV,1,3,8,5,3,0,0,65,4889.272753955773,0.4,-15.700000000000001
22.066666666666666,32,AV,1,0,6,9,8,0,0,40,2280.385817754286,1.0,-22.066666666666666
17.416666666666668,277,AV,1,5,6,9,5,0,0,35,2187.718469250836,0.5,-8.708333333333334
35.5,216,AV,1,3,7,5,12,0,0,59,567.550811201735,0.1,-3.5500000000000003
14.983333333333333,148,AV,1,3,7,5,14,0,0,30,9030.678864893336,0.1,-1.4983333333333333
19.016666666666666,196,AV,1,0,6,5,1,0,0,38,5557.427333357366,0.4,-7.6066666666666665
40.18333333333333,90,AV,1,3,8,5,1,0,0,69,417.8295094645922,0.3,-12.054999999999998
48.733333333333334,66,AV,0,7,1,5,1,0,0,56,7592.14370769901,0.2,-9.746666666666668
42.4,253,AV,1,2,6,9,3,0,0,78,2078.9202215407213,0.1,-4.24
21.65,91,AV,1,0,6,9,3,0,0,42,1234.5997004771,0.6,-12.989999999999998
55.416666666666664,289,AV,0,7,3,4,1,0,0,68,4689.4303597647895,0.1,-5.541666666666667
32.266666666666666,211,AV,2,4,4,1,9,0,0,51,1485.5718097438446,0.5,-16.133333333333333
38.36666666666667,153,AV,1,3,8,5,1,0,0,63,4687.914961676448,0.4,-15.346666666666668
27.2,184,AV,1,3,7,5,5,0,0,49,720.4688823460104,0.1,-2.72
42.666666666666664,57,AV,1,3,7,5,5,0,0,69,2528.765907819195,0.1,-4.266666666666667
39.1,96,AV,1,3,7,5,4,0,0,66,419.7646265090227,0.2,-7.82
44.95,79,AV,0,7,1,1,9,0,0,53,1062.4074567339185,0.1,-4.495
45.06666666666667,152,AV,0,8,5,7,1,0,0,53,1260.3927948639828,0.5,-22.533333333333335
26.3,208,AV,2,4,1,4,5,0,0,37,2105.6010448069283,0.1,-2.6300000000000003
51.95,62,AV,0,7,6,0,3,0,0,60,3583.4963710051925,0.1,-5.195
19.633333333333333,25,AV,1,5,6,9,3,0,0,40,1581.438059619256,0.6,-11.78
38.21666666666667,16,AV,1,3,7,5,0,0,0,64,2052.607856914241,0.1,-3.821666666666667
31.583333333333332,228,AV,1,3,7,5,6,0,0,55,2022.4315636845977,0.1,-3.158333333333333
14.466666666666667,29,AV,1,5,8,1,1,0,0,23,2927.9701715656583,0.1,-1.4466666666666668
24.883333333333333,26,AV,1,0,6,9,5,0,0,45,11515.391842589095,0.9,-22.395
46.733333333333334,259,AV,0,7,5,5,17,0,0,53,2965.4163440895786,0.2,-9.346666666666668
13.866666666666667,130,AV,0,8,8,5,3,0,0,22,1526.0895405694364,0.2,-2.7733333333333334
27.5,175,AV,1,0,6,9,8,0,0,50,806.3598325453933,0.7,-19.25
28.616666666666667,10,AV,1,3,6,5,0,0,0,49,1661.9571573900298,0.1,-2.861666666666667
26.183333333333334,180,AV,0,7,7,5,21,0,0,31,5654.280440205098,0.1,-2.6183333333333336
34.583333333333336,113,AV,1,2,6,8,5,0,0,58,2953.761118311176,0.3,-10.375
42.5,280,AV,1,3,6,5,0,0,0,73,832.3173438658397,0.1,-4.25
26.683333333333334,231,AV,2,3,0,5,5,0,0,27,2476.7673195544394,0.2,-5.336666666666667
53.7,232,AV,0,9,2,6,3,0,0,64,4705.31956239884,0.4,-21.480000000000004
27.766666666666666,63,AV,0,6,3,9,5,0,0,34,1664.0464513081895,0.1,-2.776666666666667
26.333333333333332,203,AV,0,7,8,5,16,0,0,30,5009.92015912814,0.3,-7.8999999999999995
19.533333333333335,101,AV,1,5,6,5,0,0,0,39,3245.380745418587,0.6,-11.72
34.25,51,AV,1,3,6,5,0,0,0,57,859.2772315809713,0.1,-3.4250000000000003
21.85,276,AV,1,3,7,5,1,0,0,41,1025.7249596144625,0.1,-2.185
38.55,94,AV,1,2,6,5,2,0,0,62,2747.619709803412,0.5,-19.275
28.016666666666666,61,AV,1,0,6,9,4,0,0,50,904.859336063587,0.4,-11.206666666666667
43.4,283,AV,0,6,7,8,7,0,0,52,1129.1321270070612,0.1,-4.34
46.983333333333334,262,AV,0,8,0,4,3,0,0,53,6947.27484286379,0.1,-4.698333333333333
37.95,206,AV,1,3,8,5,0,0,0,58,5578.433439706214,0.2,-7.590000000000001
19.016666666666666,217,AV,1,4,6,5,3,0,0,37,6254.49597505133,0.3,-5.704999999999999
23.066666666666666,181,AV,2,5,0,6,1,0,0,12,1446.9812594843625,0.3,-6.92
37.71666666666667,170,AV,1,3,7,5,19,0,0,61,9095.945853089892,0.1,-3.771666666666667
41.15,172,AV,1,3,7,5,5,0,0,68,4645.51881630073,0.2,-8.23
31.55,284,AV,1,2,6,9,6,0,0,54,2857.8751728516777,0.8,-25.240000000000002
24.333333333333332,158,AV,0,8,6,9,10,0,0,31,9667.367812467324,0.4,-9.733333333333334
30.033333333333335,219,AV,1,5,6,4,5,0,0,51,1723.69240549938,0.1,-3.003333333333334
24.133333333333333,109,AV,1,0,6,9,6,0,0,45,2347.541384251396,0.5,-12.066666666666666
24.25,213,AV,1,4,6,5,3,0,0,44,2015.5588757501516,0.3,-7.2749999999999995
27.783333333333335,187,AV,1,3,7,5,11,0,0,48,3301.717979419838,0.2,-5.5566666666666675
41.15,157,AV,1,3,8,5,3,0,0,71,931.9887487728153,0.3,-12.344999999999999
40.13333333333333,76,AV,2,5,0,6,12,0,0,60,2187.907521251699,0.3,-12.04
25.566666666666666,260,AV,2,5,2,5,7,0,0,27,2857.6088215719105,0.2,-5.113333333333333
35.38333333333333,105,AV,2,3,4,3,9,0,0,47,1836.592480640456,0.3,-10.615
12.0,243,AV,0,6,6,5,0,0,0,19,2987.078671303881,0.1,-1.2000000000000002
19.05,6,AV,1,3,8,5,9,0,0,39,1117.0806745336297,0.2,-3.8100000000000005
41.56666666666667,212,AV,0,9,7,1,0,0,0,49,3361.758609282253,0.2,-8.313333333333334
38.416666666666664,143,AV,2,0,1,8,0,0,0,60,8436.938288223368,0.3,-11.524999999999999
31.466666666666665,103,AV,0,8,5,3,5,0,0,38,3758.845856207275,0.1,-3.1466666666666665
39.71666666666667,120,AV,1,3,7,5,6,0,0,64,5144.150368411208,0.1,-3.971666666666667
24.2,237,AV,1,2,9,1,4,0,0,44,8795.495569618428,0.2,-4.84
34.88333333333333,136,AV,1,3,7,5,7,0,0,59,3269.866339895674,0.2,-6.976666666666667
25.5,270,AV,2,4,0,4,12,0,0,37,14297.77376075636,0.1,-2.5500000000000003
28.016666666666666,292,AV,1,0,6,5,0,0,0,49,3292.2479258152307,0.6,-16.81
46.75,56,AV,2,2,3,7,9,0,0,67,7081.334819999852,0.2,-9.35
41.166666666666664,121,AV,2,3,4,5,5,0,0,62,3822.7735841463273,0.1,-4.116666666666666
28.816666666666666,106,AV,1,3,8,5,0,0,0,50,2574.4307659940623,0.2,-5.763333333333334
17.4,119,AV,1,5,6,9,5,0,0,32,20793.30768626012,0.6,-10.44
41.233333333333334,17,AV,1,2,6,5,7,0,0,65,3742.7752140142647,0.8,-32.98666666666667
29.566666666666666,122,AV,0,8,6,9,2,0,0,35,1587.6148581174584,0.3,-8.87
41.583333333333336,291,AV,0,6,5,8,3,0,0,50,2344.9936519099742,0.2,-8.316666666666668
30.566666666666666,271,AV,1,2,6,9,8,0,0,53,1391.0507319816634,0.6,-18.34
27.816666666666666,272,AV,0,8,6,5,3,0,0,34,4446.537177105173,0.3,-8.344999999999999
23.516666666666666,95,AV,2,3,5,6,0,0,0,26,5960.007005011629,0.9,-21.165
26.016666666666666,222,AV,1,5,8,9,4,0,0,46,2421.0391237858234,0.2,-5.203333333333333
14.95,251,AV,1,3,7,3,4,0,0,34,1194.3606142611325,0.6,-8.969999999999999
37.78333333333333,171,AV,1,3,6,5,0,0,0,63,5862.871835726062,0.2,-7.556666666666667
40.36666666666667,261,AV,1,3,7,5,15,0,0,69,4196.147454418583,0.2,-8.073333333333334
47.166666666666664,183,AV,2,3,5,4,6,0,0,75,3352.9358316496982,0.1,-4.716666666666667
15.45,77,AV,1,4,8,8,0,0,0,31,4617.971391102537,1.0,-15.45
37.733333333333334,83,AV,1,3,6,7,3,0,0,63,3169.820795106812,0.1,-3.7733333333333334
33.083333333333336,295,AV,1,2,6,9,3,0,0,57,2563.744074524839,0.8,-26.46666666666667
27.05,190,AV,1,3,7,5,11,0,0,48,3863.855435177377,0.2,-5.41
17.833333333333332,269,AV,1,0,6,9,11,0,0,36,1538.317647081207,0.6,-10.7
26.0,235,AV,1,4,6,5,5,0,0,45,913.5589076746268,0.3,-7.8
17.333333333333332,166,AV,0,7,6,5,0,0,0,25,850.3216016091212,0.3,-5.199999999999999
15.333333333333334,114,AV,0,8,6,9,2,0,0,23,5487.970610754926,0.4,-6.133333333333334
16.716666666666665,274,AV,1,5,6,9,4,0,0,34,588.8906571209208,0.5,-8.358333333333333
19.383333333333333,24,AV,1,0,6,5,0,0,0,39,1447.5744631551047,0.3,-5.8149999999999995
31.216666666666665,13,AV,1,3,8,5,5,0,0,52,2271.53748778668,0.2,-6.243333333333333
21.716666666666665,205,AV,1,2,6,9,3,0,0,43,3958.913906791885,0.4,-8.686666666666666
35.96666666666667,60,AV,2,1,5,7,6,0,0,53,3230.862018062417,0.2,-7.193333333333334
33.166666666666664,124,AV,1,0,8,7,9,0,0,57,5480.041794665195,0.6,-19.9
25.966666666666665,290,AV,1,4,8,5,12,0,0,46,4549.115907877681,0.3,-7.789999999999999
29.333333333333332,163,AV,1,3,6,5,0,0,0,51,2193.4249838744518,0.2,-5.866666666666667
27.35,226,AV,2,3,4,5,5,0,0,40,2722.266725979925,0.1,-2.7350000000000003
24.95,201,AV,2,3,2,1,6,0,0,28,3456.1529418207683,0.1,-2.495
44.13333333333333,117,AV,2,5,3,1,6,0,0,72,802.5586880039084,0.4,-17.653333333333332
43.733333333333334,221,AV,1,3,6,5,0,0,0,80,2352.9451803313505,0.2,-8.746666666666668
33.68333333333333,141,AV,1,2,6,9,5,0,0,56,4113.319853961603,0.6,-20.209999999999997
32.233333333333334,242,AV,2,0,5,6,2,0,0,40,742.4887258523852,0.5,-16.116666666666667
26.066666666666666,71,AV,1,3,7,5,7,0,0,46,4164.701887555128,0.1,-2.606666666666667
36.06666666666667,19,AV,1,3,8,5,0,0,0,60,2520.757475212996,0.3,-10.82
