travel_time,id,kind,action,bid_route_0,bid_route_1,bid_route_2,karma_balance,origin,destination,start_time,income,urgency,reward
30.683333333333334,101,AV,2,3,2,4,7,0,0,61,2574.4307659940623,0.5,-0.8068333333333333
14.183333333333334,255,AV,2,1,2,4,7,0,0,16,2553.8725848963804,0.2,-0.3418333333333333
26.766666666666666,99,AV,2,3,1,4,0,0,0,54,1275.6237969650936,0.8,-1.0676666666666668
21.7,52,AV,2,3,2,4,6,0,0,47,1474.807688008607,0.2,-0.41700000000000004
12.75,299,AV,2,1,2,4,6,0,0,16,1457.5875839824732,0.1,-0.2275
23.366666666666667,278,AV,2,3,2,4,6,0,0,50,417.8295094645922,0.3,-0.5336666666666666
31.816666666666666,199,AV,2,3,2,4,6,0,0,63,1444.5182772575097,0.1,-0.4181666666666667
30.25,157,AV,2,3,2,4,6,0,0,63,969.457736312404,0.2,-0.5025
33.43333333333333,23,AV,2,3,2,4,6,0,0,75,1527.6889462703334,0.1,-0.43433333333333335
11.1,40,AV,2,3,2,4,6,0,0,25,4113.319853961603,0.6,-0.711
14.766666666666667,162,AV,2,3,2,4,6,0,0,18,3628.2404526711953,0.6,-0.7476666666666667
22.4,239,AV,2,3,2,4,6,0,0,52,5480.041794665195,0.4,-0.624
34.81666666666667,106,AV,2,3,2,4,7,0,0,83,763.1985099142711,0.3,-0.6481666666666667
22.733333333333334,251,AV,2,3,2,4,7,0,0,49,1348.5865378412918,0.5,-0.7273333333333334
32.9,4,AV,2,3,2,4,7,0,0,71,491.0984231068265,0.4,-0.729
14.866666666666667,26,AV,2,3,2,4,6,0,0,34,1260.6549751070208,0.3,-0.44866666666666666
22.45,229,AV,2,3,2,4,6,0,0,46,4547.885280126284,0.1,-0.3245
21.0,282,AV,2,3,2,4,6,0,0,46,1869.7531794209297,0.9,-1.11
29.983333333333334,39,AV,2,3,2,4,6,0,0,61,595.9176043698985,0.6,-0.8998333333333333
22.516666666666666,258,AV,2,3,2,4,6,0,0,49,2968.817229463249,0.5,-0.7251666666666666
31.916666666666668,167,AV,2,3,2,4,6,0,0,68,873.8892656114449,1.0,-1.3191666666666666
16.7,116,AV,2,3,2,4,6,0,0,37,2857.712092786687,0.2,-0.367
15.633333333333333,68,AV,2,3,2,4,7,0,0,34,1503.4428459110418,0.4,-0.5563333333333333
33.266666666666666,179,AV,2,3,2,4,7,0,0,68,2965.4163440895786,0.2,-0.5326666666666666
34.88333333333333,6,AV,2,3,2,4,6,0,0,80,3206.59631480788,0.1,-0.4488333333333333
24.483333333333334,169,AV,2,3,2,4,0,0,0,54,1804.2001824470888,0.3,-0.5448333333333333
35.31666666666667,264,AV,2,3,2,4,6,0,0,75,2044.1603053436156,0.3,-0.6531666666666667
19.166666666666668,12,AV,2,3,2,4,6,0,0,45,985.8695826897422,0.5,-0.6916666666666667
19.35,93,AV,2,3,2,4,2,0,0,46,923.9636394510808,0.6,-0.7935
16.083333333333332,297,AV,2,3,2,4,7,0,0,39,632.5893922142865,0.7,-0.8608333333333333
30.116666666666667,187,AV,2,3,2,4,6,0,0,64,2667.9339807116767,0.7,-1.0011666666666668
35.61666666666667,22,AV,2,3,2,4,6,0,0,82,1434.2863071033526,0.1,-0.4561666666666667
10.8,166,AV,2,1,2,4,6,0,0,13,3742.7752140142647,0.4,-0.508
26.2,245,AV,2,3,2,4,6,0,0,55,586.3474640105957,0.4,-0.662
35.733333333333334,0,AV,2,3,2,4,6,0,0,80,4967.653125719208,0.3,-0.6573333333333333
28.566666666666666,242,AV,2,3,2,4,6,0,0,57,802.5586880039084,0.1,-0.3856666666666667
23.033333333333335,79,AV,2,3,2,4,6,0,0,49,1899.102970895097,0.1,-0.33033333333333337
30.816666666666666,244,AV,2,3,2,4,6,0,0,60,813.126641713825,0.1,-0.4081666666666667
17.1,32,AV,2,3,2,4,6,0,0,43,8987.033628468456,0.1,-0.271
29.516666666666666,215,AV,2,3,2,4,7,0,0,58,806.3598325453933,0.1,-0.39516666666666667
23.516666666666666,91,AV,2,3,2,4,6,0,0,52,1240.6560786390864,0.2,-0.4351666666666667
12.4,102,AV,2,3,2,4,6,0,0,25,1635.9686818612918,0.4,-0.524
26.15,214,AV,2,3,2,4,5,0,0,56,1260.3927948639828,0.1,-0.36150000000000004
16.033333333333335,226,AV,2,3,2,4,6,0,0,34,658.4091024775607,0.1,-0.26033333333333336
22.3,147,AV,2,3,2,4,6,0,0,51,646.5589615252754,0.4,-0.623
18.316666666666666,89,AV,2,3,2,4,6,0,0,44,2561.5826276178027,0.5,-0.6831666666666667
13.316666666666666,262,AV,2,3,2,4,6,0,0,30,1460.8215047913693,0.8,-0.9331666666666667
32.5,217,AV,2,3,2,4,6,0,0,66,3523.1638559153366,0.3,-0.625
30.0,153,AV,2,3,2,4,7,0,0,57,8134.997760071039,0.2,-0.5
29.566666666666666,143,AV,2,3,2,4,8,0,0,63,640.5426603936758,0.1,-0.3956666666666667
15.866666666666667,63,AV,2,3,2,4,7,0,0,39,6427.339783247283,0.1,-0.2586666666666667
18.816666666666666,8,AV,2,3,2,4,6,0,0,41,4459.768546990965,0.3,-0.48816666666666664
17.916666666666668,33,AV,2,3,2,4,6,0,0,36,1293.252850487379,0.7,-0.8791666666666667
34.416666666666664,100,AV,2,3,2,4,6,0,0,75,10783.100237376317,0.4,-0.7441666666666666
25.45,56,AV,2,3,2,4,7,0,0,55,3382.383844415393,0.2,-0.4545
21.416666666666668,19,AV,2,3,2,4,6,0,0,46,2088.64210540395,0.1,-0.3141666666666667
11.516666666666667,81,AV,2,1,2,4,6,0,0,18,961.7772661313056,0.1,-0.21516666666666667
20.516666666666666,73,AV,2,3,2,4,6,0,0,44,8331.964781214912,0.4,-0.6051666666666666
33.21666666666667,95,AV,2,3,2,4,6,0,0,73,4223.122456076251,0.6,-0.9321666666666666
19.333333333333332,121,AV,2,3,2,4,6,0,0,43,1794.439334206041,0.2,-0.3933333333333333
17.4,256,AV,2,3,2,4,6,0,0,41,5721.231751015957,0.2,-0.374
12.883333333333333,287,AV,2,3,2,4,6,0,0,20,2446.4664131825853,0.4,-0.5288333333333334
19.783333333333335,193,AV,2,3,2,4,6,0,0,42,7958.958807233507,0.2,-0.39783333333333337
21.433333333333334,270,AV,2,3,2,4,6,0,0,48,1297.4303329633815,0.5,-0.7143333333333334
25.75,133,AV,2,3,2,4,6,0,0,51,2969.8754393798326,0.3,-0.5575
17.266666666666666,275,AV,2,3,2,4,6,0,0,40,5611.673516276995,0.7,-0.8726666666666666
23.333333333333332,172,AV,2,3,2,4,8,0,0,50,7099.697064525982,0.1,-0.3333333333333333
20.7,206,AV,2,3,2,4,6,0,0,45,2850.5966631146844,0.1,-0.307
18.8,97,AV,2,3,2,4,6,0,0,44,3520.054626539052,0.4,-0.5880000000000001
24.7,3,AV,2,3,2,4,6,0,0,51,2756.9260540590044,0.3,-0.5469999999999999
24.133333333333333,7,AV,2,3,2,4,6,0,0,50,1888.2149669861096,0.1,-0.3413333333333333
21.733333333333334,246,AV,2,3,2,4,6,0,0,49,4645.51881630073,0.2,-0.41733333333333333
29.533333333333335,66,AV,2,3,2,4,6,0,0,59,7336.658338656486,0.2,-0.49533333333333335
18.983333333333334,254,AV,2,3,2,4,6,0,0,44,1552.9853059451273,0.1,-0.2898333333333334
36.15,90,AV,2,3,2,4,6,0,0,77,3389.778327720714,0.2,-0.5615
37.333333333333336,27,AV,2,3,2,4,6,0,0,70,1718.6657268339234,0.1,-0.4733333333333334
28.05,189,AV,2,3,2,4,6,0,0,55,849.0657401736111,0.1,-0.38050000000000006
28.566666666666666,250,AV,2,3,2,4,6,0,0,51,1597.8734280578535,0.3,-0.5856666666666667
34.2,252,AV,2,3,2,4,6,0,0,69,5003.647877951615,0.4,-0.742
19.166666666666668,85,AV,2,3,2,4,7,0,0,41,6130.868263041086,0.7,-0.8916666666666666
27.983333333333334,51,AV,2,3,2,4,6,0,0,60,20793.30768626012,0.5,-0.7798333333333334
16.35,42,AV,2,3,2,4,6,0,0,37,4549.115907877681,0.5,-0.6635
26.866666666666667,149,AV,2,3,2,4,0,0,0,54,1703.2333497257905,0.1,-0.3686666666666667
35.016666666666666,141,AV,2,3,2,4,6,0,0,83,4559.760277629775,0.5,-0.8501666666666667
20.033333333333335,160,AV,2,3,2,4,6,0,0,42,3849.958431883558,0.1,-0.30033333333333334
18.533333333333335,291,AV,0,5,2,4,1,0,0,54,2747.619709803412,0.2,-0.38533333333333336
22.2,113,AV,2,3,2,4,6,0,0,48,3031.4508351358254,0.1,-0.322
14.783333333333333,120,AV,2,3,2,4,6,0,0,32,3119.7161673652217,0.8,-0.9478333333333334
21.25,203,AV,2,3,2,4,6,0,0,48,12051.378145129962,0.3,-0.5125
22.65,98,AV,2,3,2,4,8,0,0,47,617.4453946714843,0.2,-0.4265
17.583333333333332,28,AV,2,1,2,4,6,0,0,25,465.3670128771111,0.1,-0.2758333333333333
23.733333333333334,257,AV,2,3,2,4,6,0,0,53,6783.106781750961,0.6,-0.8373333333333333
35.35,159,AV,2,3,2,4,6,0,0,91,2222.040577514192,0.4,-0.7535000000000001
25.166666666666668,112,AV,2,3,2,4,6,0,0,52,2078.9202215407213,1.0,-1.2516666666666667
24.116666666666667,237,AV,2,3,2,4,7,0,0,52,2675.3892374750885,0.7,-0.9411666666666666
14.566666666666666,86,AV,2,3,2,4,8,0,0,32,11861.36896338871,0.5,-0.6456666666666666
26.566666666666666,170,AV,2,3,2,4,6,0,0,57,2909.8477340427667,0.1,-0.3656666666666667
34.733333333333334,49,AV,2,3,2,4,6,0,0,73,870.7377108213431,0.5,-0.8473333333333333
30.733333333333334,186,AV,2,3,2,4,6,0,0,59,816.2772675203604,0.6,-0.9073333333333333
18.5,103,AV,2,3,2,4,6,0,0,45,1267.69032506861,0.2,-0.385
23.683333333333334,44,AV,2,3,2,4,6,0,0,53,5911.733280178027,0.9,-1.1368333333333334
33.43333333333333,30,AV,2,3,2,4,7,0,0,67,2793.3389947689566,0.3,-0.6343333333333333
11.7,82,AV,2,1,2,4,6,0,0,23,946.1123250925148,0.1,-0.217
23.7,50,AV,2,3,2,4,6,0,0,49,1097.8259349569896,0.5,-0.737
27.433333333333334,138,AV,2,3,2,4,6,0,0,57,1365.417472605012,0.9,-1.1743333333333332
35.78333333333333,92,AV,2,3,2,4,6,0,0,69,1111.987968807459,1.0,-1.3578333333333332
18.133333333333333,71,AV,2,3,2,4,6,0,0,43,2421.0391237858234,0.2,-0.3813333333333333
18.466666666666665,273,AV,2,3,2,4,7,0,0,42,1261.43865123121,0.3,-0.48466666666666663
18.516666666666666,41,AV,2,3,2,4,6,0,0,41,614.9217871931492,0.2,-0.38516666666666666
37.483333333333334,267,AV,2,3,2,4,6,0,0,85,4689.4303597647895,0.5,-0.8748333333333334
19.3,148,AV,2,3,2,4,7,0,0,40,3778.090807703549,0.2,-0.393
13.516666666666667,174,AV,2,3,2,4,6,0,0,31,3465.4556083993225,0.3,-0.4351666666666667
14.983333333333333,115,AV,2,3,2,4,6,0,0,34,968.7072844723906,1.0,-1.1498333333333333
28.066666666666666,80,AV,2,3,2,4,6,0,0,57,1485.5718097438446,0.2,-0.4806666666666667
27.85,241,AV,2,3,2,4,6,0,0,56,2797.307504072895,0.6,-0.8785000000000001
25.733333333333334,216,AV,2,3,2,4,6,0,0,53,1836.3970218708375,0.1,-0.3573333333333334
27.4,140,AV,2,3,2,4,6,0,0,56,4577.590037133467,0.8,-1.074
34.71666666666667,57,AV,2,3,2,4,6,0,0,77,1572.8756307612184,0.1,-0.4471666666666667
31.133333333333333,36,AV,2,3,2,4,6,0,0,64,17693.100214811147,0.4,-0.7113333333333334
31.266666666666666,290,AV,2,3,2,4,6,0,0,64,2497.1975937909187,0.1,-0.4126666666666666
25.15,150,AV,2,3,2,4,7,0,0,50,676.2529471816457,0.2,-0.4515
34.983333333333334,185,AV,2,3,2,4,6,0,0,71,2326.172138461347,0.6,-0.9498333333333333
15.7,207,AV,2,3,2,4,6,0,0,37,626.2908344343901,0.3,-0.45699999999999996
28.366666666666667,298,AV,2,3,2,4,6,0,0,57,13430.196447392702,0.3,-0.5836666666666667
26.966666666666665,191,AV,2,3,2,4,5,0,0,55,1614.9493849180149,0.3,-0.5696666666666667
37.85,178,AV,2,3,2,4,6,0,0,93,2255.9253983027734,0.8,-1.1785
12.083333333333334,183,AV,2,3,2,4,6,0,0,28,3987.5502105766736,0.4,-0.5208333333333334
33.016666666666666,35,AV,2,3,2,4,7,0,0,67,1809.16611953512,0.1,-0.4301666666666667
27.633333333333333,171,AV,2,3,2,4,6,0,0,57,2815.231094880572,0.4,-0.6763333333333333
24.816666666666666,260,AV,2,3,2,4,7,0,0,54,1945.516475481125,0.1,-0.3481666666666667
15.9,195,AV,2,1,2,4,6,0,0,31,437.8567856598078,0.1,-0.259
31.933333333333334,231,AV,2,3,2,4,6,0,0,64,720.4688823460104,0.2,-0.5193333333333334
32.65,83,AV,2,3,2,4,6,0,0,68,8348.421721831439,0.6,-0.9265
17.633333333333333,127,AV,2,3,2,4,6,0,0,38,5590.116807812239,0.4,-0.5763333333333334
13.666666666666666,139,AV,2,3,2,4,6,0,0,26,19040.472291926453,0.6,-0.7366666666666666
25.916666666666668,182,AV,2,3,2,4,0,0,0,54,508.6019702527906,0.3,-0.5591666666666666
12.033333333333333,225,AV,2,3,2,4,7,0,0,12,2280.385817754286,0.6,-0.7203333333333333
34.61666666666667,263,AV,2,3,2,4,6,0,0,75,3197.7177395395383,0.4,-0.7461666666666666
26.15,31,AV,2,3,2,4,6,0,0,53,1596.1763216794554,0.6,-0.8614999999999999
31.65,259,AV,2,3,2,4,6,0,0,65,5899.132481879994,0.5,-0.8165
14.766666666666667,70,AV,2,3,2,4,6,0,0,29,4950.268578812107,0.5,-0.6476666666666666
27.2,29,AV,2,3,2,4,7,0,0,55,2382.718205806423,0.1,-0.372
32.1,177,AV,2,3,2,4,6,0,0,65,1942.5668635563816,0.1,-0.42100000000000004
29.45,9,AV,2,3,2,4,6,0,0,59,985.0802174553831,0.4,-0.6945
14.116666666666667,168,AV,2,3,2,4,6,0,0,29,2818.3733061874163,0.3,-0.44116666666666665
20.033333333333335,188,AV,2,3,2,4,6,0,0,44,4164.701887555128,0.4,-0.6003333333333334
31.666666666666668,212,AV,2,3,2,4,6,0,0,61,857.6590975250949,0.1,-0.41666666666666663
24.816666666666666,292,AV,2,3,2,4,6,0,0,51,567.550811201735,0.3,-0.5481666666666667
20.2,213,AV,2,3,2,4,7,0,0,46,1614.9573615816892,0.5,-0.702
25.233333333333334,269,AV,2,3,2,4,6,0,0,54,5912.288420941998,0.5,-0.7523333333333333
13.266666666666667,202,AV,2,3,2,4,6,0,0,28,473.5024380788758,0.8,-0.9326666666666668
16.516666666666666,78,AV,2,3,2,4,6,0,0,38,9280.176126726552,0.1,-0.26516666666666666
20.533333333333335,59,AV,2,3,2,4,6,0,0,44,3971.0791127863904,0.9,-1.1053333333333333
19.416666666666668,119,AV,2,3,2,4,6,0,0,45,3941.04555698938,0.5,-0.6941666666666667
16.783333333333335,211,AV,2,3,2,4,6,0,0,33,807.7368269013535,0.3,-0.4678333333333333
17.016666666666666,272,AV,2,1,2,4,6,0,0,29,1052.4070316009115,0.1,-0.27016666666666667
18.866666666666667,58,AV,2,3,2,4,6,0,0,43,2141.869626207308,0.4,-0.5886666666666667
34.833333333333336,118,AV,2,3,2,4,6,0,0,72,4549.070920567666,0.1,-0.44833333333333336
11.7,67,AV,2,3,2,4,6,0,0,5,6563.608435155774,1.0,-1.117
26.883333333333333,221,AV,2,3,2,4,6,0,0,56,6709.13861087917,0.5,-0.7688333333333333
32.2,227,AV,2,3,2,4,7,0,0,66,4951.479839002994,0.3,-0.622
21.433333333333334,277,AV,2,3,2,4,6,0,0,48,1167.011530479414,0.4,-0.6143333333333334
26.766666666666666,289,AV,2,3,2,4,6,0,0,56,2276.662146114732,0.3,-0.5676666666666667
22.05,123,AV,2,3,2,4,6,0,0,48,2411.397471856681,0.5,-0.7205
15.2,228,AV,2,3,2,4,6,0,0,31,2946.490055333797,0.9,-1.052
30.416666666666668,43,AV,2,3,2,4,6,0,0,62,5882.279762541917,0.3,-0.6041666666666667
15.883333333333333,154,AV,2,3,2,4,7,0,0,35,3958.913906791885,0.1,-0.25883333333333336
11.8,261,AV,2,1,2,4,6,0,0,3,10751.672106064549,0.5,-0.618
20.583333333333332,249,AV,2,3,2,4,6,0,0,45,2417.357356239525,0.1,-0.3058333333333333
32.416666666666664,2,AV,2,3,2,4,6,0,0,65,1628.9397076974285,0.1,-0.4241666666666667
23.8,210,AV,2,3,2,4,6,0,0,52,946.2003450753726,0.2,-0.43800000000000006
15.533333333333333,117,AV,2,3,2,4,6,0,0,31,1104.4445206976068,0.6,-0.7553333333333333
25.75,164,AV,2,3,2,4,0,0,0,54,1150.2916000513435,0.6,-0.8574999999999999
32.38333333333333,145,AV,2,3,2,4,6,0,0,68,457.16351791608827,0.1,-0.4238333333333333
10.1,253,AV,2,1,2,4,7,0,0,10,4687.914961676448,0.1,-0.201
30.316666666666666,84,AV,2,3,2,4,6,0,0,64,2113.1349678504243,0.2,-0.5031666666666667
26.816666666666666,296,AV,2,3,2,4,6,0,0,56,1100.389953660579,0.1,-0.36816666666666664
30.35,55,AV,2,3,2,4,7,0,0,64,6434.117121135291,0.3,-0.6034999999999999
30.05,124,AV,2,3,2,4,6,0,0,64,8029.700924090037,0.2,-0.5005
12.933333333333334,218,AV,2,3,2,4,6,0,0,26,3824.993837156676,0.6,-0.7293333333333333
27.0,94,AV,2,3,2,4,4,0,0,56,2302.618320259251,0.6,-0.87
16.15,232,AV,2,3,2,4,6,0,0,33,636.6552097563458,0.6,-0.7615
29.416666666666668,111,AV,2,3,2,4,5,0,0,55,832.4581618945489,0.3,-0.5941666666666667
22.466666666666665,285,AV,2,3,2,4,7,0,0,48,2530.9644311939346,0.3,-0.5246666666666666
25.833333333333332,284,AV,2,3,2,4,6,0,0,52,2046.5713793034688,0.3,-0.5583333333333333
30.316666666666666,247,AV,2,3,2,4,6,0,0,62,8475.089255911002,1.0,-1.3031666666666666
24.266666666666666,77,AV,2,3,2,4,8,0,0,52,4635.813442599864,0.2,-0.44266666666666665
15.05,280,AV,2,3,2,4,6,0,0,35,2212.8825544422834,0.6,-0.7505
16.583333333333332,60,AV,2,3,2,4,6,0,0,40,1265.4739572733297,0.1,-0.26583333333333337
30.583333333333332,14,AV,2,3,2,4,6,0,0,61,3274.575105225111,0.1,-0.4058333333333334
31.716666666666665,114,AV,2,3,2,4,6,0,0,68,938.3100494872764,0.1,-0.4171666666666667
26.65,24,AV,2,3,2,4,5,0,0,55,1089.3140785512585,0.2,-0.46649999999999997
26.65,271,AV,2,3,2,4,6,0,0,52,2139.4702648744856,0.1,-0.36649999999999994
28.866666666666667,48,AV,2,3,2,4,7,0,0,58,2744.255474143275,0.2,-0.4886666666666667
20.95,87,AV,2,3,2,4,6,0,0,46,1921.5023446668008,0.1,-0.3095
12.85,276,AV,2,3,2,4,6,0,0,25,583.3206434887895,0.6,-0.7284999999999999
35.25,230,AV,2,3,2,4,6,0,0,78,1122.7546975855585,0.2,-0.5525
14.033333333333333,107,AV,2,1,2,4,6,0,0,32,1474.5167950508735,0.1,-0.24033333333333334
27.533333333333335,125,AV,2,3,2,4,7,0,0,57,2337.3116255789537,0.4,-0.6753333333333333
10.483333333333333,209,AV,2,1,2,4,6,0,0,10,1691.6338586686718,0.1,-0.2048333333333333
22.45,137,AV,2,3,2,4,6,0,0,46,2137.1188228190404,0.6,-0.8245
19.383333333333333,11,AV,2,3,2,4,6,0,0,44,877.6907461205365,0.1,-0.29383333333333334
12.083333333333334,184,AV,2,1,2,4,6,0,0,12,1020.5842314575186,0.2,-0.32083333333333336
18.166666666666668,34,AV,2,3,2,4,7,0,0,44,2318.2944376966047,0.4,-0.5816666666666667
17.366666666666667,69,AV,2,3,2,4,6,0,0,32,3438.9188747307694,0.2,-0.3736666666666667
33.63333333333333,223,AV,2,3,2,4,6,0,0,68,2052.607856914241,0.1,-0.43633333333333335
21.766666666666666,155,AV,2,3,2,4,6,0,0,48,11515.391842589095,0.5,-0.7176666666666667
16.766666666666666,192,AV,2,3,2,4,6,0,0,31,1405.7852601227096,0.2,-0.3676666666666667
28.566666666666666,175,AV,2,3,2,4,6,0,0,54,3257.3450634265246,0.3,-0.5856666666666667
24.25,144,AV,2,3,2,4,6,0,0,50,877.2934597877683,0.6,-0.8425
32.11666666666667,176,AV,2,3,2,4,6,0,0,66,5807.233742044462,0.1,-0.4211666666666667
14.566666666666666,38,AV,2,1,2,4,6,0,0,29,1083.524948441525,0.1,-0.24566666666666667
27.916666666666668,10,AV,2,3,2,4,6,0,0,57,571.0932451196882,0.4,-0.6791666666666667
19.133333333333333,128,AV,2,3,2,4,8,0,0,44,1249.5878531833848,0.2,-0.3913333333333333
31.85,75,AV,2,3,2,4,6,0,0,61,2909.5116230827134,0.1,-0.4185
35.516666666666666,122,AV,2,3,2,4,6,0,0,91,978.4447105201264,1.0,-1.3551666666666666
26.55,21,AV,2,3,2,4,6,0,0,56,4609.601315671212,0.1,-0.36550000000000005
27.933333333333334,5,AV,2,3,2,4,4,0,0,56,1922.439846447592,0.2,-0.47933333333333333
20.016666666666666,15,AV,2,3,2,4,6,0,0,41,3758.845856207275,0.3,-0.5001666666666666
29.383333333333333,61,AV,2,3,2,4,6,0,0,60,1900.764377468582,0.1,-0.39383333333333337
20.716666666666665,204,AV,2,3,2,4,6,0,0,47,4159.866430607663,0.1,-0.30716666666666664
32.333333333333336,132,AV,2,3,2,4,7,0,0,65,4569.840806868062,0.6,-0.9233333333333333
16.083333333333332,105,AV,2,3,2,4,6,0,0,34,777.0630287344238,0.1,-0.26083333333333336
19.233333333333334,129,AV,2,3,2,4,6,0,0,44,4818.617258984985,0.7,-0.8923333333333333
22.966666666666665,235,AV,2,3,2,4,7,0,0,51,1848.7234685638712,0.6,-0.8296666666666667
17.933333333333334,109,AV,2,3,2,4,6,0,0,38,954.0002559944874,0.3,-0.47933333333333333
33.75,190,AV,2,3,2,4,6,0,0,81,14754.343640924068,0.1,-0.4375
18.3,62,AV,2,3,2,4,6,0,0,39,1490.1599361877834,0.2,-0.383
29.55,293,AV,2,3,2,4,6,0,0,60,7912.643587116454,0.3,-0.5954999999999999
23.133333333333333,236,AV,2,3,2,4,7,0,0,48,1567.0706205360798,0.1,-0.33133333333333337
18.633333333333333,288,AV,2,3,2,4,6,0,0,35,2891.134206742707,0.3,-0.4863333333333333
17.05,47,AV,2,3,2,4,7,0,0,38,2436.431929205765,0.3,-0.47050000000000003
16.15,74,AV,2,3,2,4,6,0,0,37,3269.866339895674,0.1,-0.26149999999999995
14.633333333333333,240,AV,2,3,2,4,6,0,0,33,1434.4967426379471,0.4,-0.5463333333333333
28.466666666666665,233,AV,2,3,2,4,6,0,0,57,1509.578116022191,0.9,-1.1846666666666668
33.95,25,AV,2,3,2,4,6,0,0,74,2344.9936519099742,0.5,-0.8395
33.63333333333333,274,AV,2,3,2,4,6,0,0,66,2835.850686157305,0.1,-0.43633333333333335
14.916666666666666,283,AV,2,3,2,4,6,0,0,28,2476.7926805910606,0.5,-0.6491666666666667
25.45,108,AV,2,3,2,4,6,0,0,53,1117.0806745336297,0.9,-1.1545
36.61666666666667,18,AV,2,3,2,4,6,0,0,77,546.8646928603165,0.1,-0.46616666666666673
22.583333333333332,286,AV,2,3,2,4,6,0,0,50,7081.334819999852,0.1,-0.3258333333333333
22.85,200,AV,2,3,2,4,6,0,0,51,2218.7455195521825,0.8,-1.0285
33.8,194,AV,2,3,2,4,6,0,0,73,1716.9764066453156,0.4,-0.738
15.083333333333334,130,AV,2,1,2,4,6,0,0,13,5557.427333357366,0.3,-0.4508333333333333
16.65,104,AV,2,3,2,4,6,0,0,35,3064.640983136323,0.3,-0.46649999999999997
23.0,76,AV,2,3,2,4,6,0,0,51,736.5379020629116,0.4,-0.63
26.75,46,AV,2,3,2,4,6,0,0,54,3487.44186130441,0.5,-0.7675000000000001
30.1,180,AV,2,3,2,4,6,0,0,62,541.9839687696077,0.1,-0.401
22.133333333333333,220,AV,2,3,2,4,6,0,0,46,8795.495569618428,0.2,-0.42133333333333334
34.1,20,AV,2,3,2,4,6,0,0,72,3097.4575811220984,0.6,-0.9410000000000001
36.833333333333336,181,AV,2,3,2,4,6,0,0,77,1135.438045570021,0.1,-0.4683333333333334
20.1,16,AV,2,3,2,4,6,0,0,43,4227.85786318916,0.1,-0.30100000000000005
21.433333333333334,142,AV,2,3,2,4,6,0,0,45,5849.7981009167725,0.6,-0.8143333333333334
34.166666666666664,295,AV,2,3,2,4,6,0,0,78,3759.463069718096,1.0,-1.3416666666666666
22.766666666666666,265,AV,2,3,2,4,6,0,0,50,2645.062412614309,0.3,-0.5276666666666666
11.85,197,AV,2,1,2,4,6,0,0,11,3245.380745418587,0.4,-0.5185
12.816666666666666,88,AV,2,3,2,4,6,0,0,30,837.3801312568858,0.5,-0.6281666666666667
12.183333333333334,163,AV,2,1,2,4,6,0,0,24,3361.758609282253,0.2,-0.32183333333333336
34.35,222,AV,2,3,2,4,7,0,0,75,4630.913868273173,0.2,-0.5435000000000001
23.65,126,AV,2,3,2,4,6,0,0,49,615.3970356119416,0.6,-0.8365
29.166666666666668,281,AV,2,3,2,4,7,0,0,57,3539.477986656502,0.1,-0.3916666666666667
32.61666666666667,146,AV,2,3,2,4,6,0,0,67,2853.537244729806,0.2,-0.5261666666666667
37.833333333333336,224,AV,2,3,2,4,6,0,0,83,931.9887487728153,0.3,-0.6783333333333333
11.3,266,AV,2,1,2,4,6,0,0,23,1993.780724220221,0.2,-0.313
19.333333333333332,205,AV,2,3,2,4,6,0,0,40,2401.1770329784995,1.0,-1.1933333333333334
10.833333333333334,161,AV,2,3,2,4,6,0,0,8,1020.7360413649084,0.6,-0.7083333333333333
29.616666666666667,152,AV,2,3,2,4,6,0,0,57,5702.891177591027,0.4,-0.6961666666666667
35.916666666666664,208,AV,2,3,2,4,6,0,0,80,2294.767722006211,0.2,-0.5591666666666666
37.25,72,AV,2,3,2,4,6,0,0,80,1251.6500609663929,0.6,-0.9724999999999999
34.18333333333333,110,AV,2,3,2,4,6,0,0,64,892.1845339920479,0.7,-1.0418333333333334
32.88333333333333,294,AV,2,3,2,4,6,0,0,65,9667.56212442905,0.1,-0.4288333333333333
14.333333333333334,198,AV,2,3,2,4,6,0,0,27,2753.3979495063454,0.6,-0.7433333333333333
32.916666666666664,165,AV,2,3,2,4,6,0,0,66,4304.4895651906745,0.1,-0.4291666666666667
30.933333333333334,13,AV,2,3,2,4,6,0,0,61,943.1907669438916,0.1,-0.4093333333333333
22.333333333333332,37,AV,2,3,1,4,0,0,0,45,861.805442805673,0.7,-0.9233333333333333
25.683333333333334,173,AV,2,3,2,4,6,0,0,52,11185.875164713363,0.1,-0.35683333333333334
33.55,65,AV,2,3,2,4,6,0,0,69,12197.400506638176,0.2,-0.5355
25.9,158,AV,2,3,2,4,6,0,0,51,548.7192496267361,0.4,-0.659
13.583333333333334,238,AV,2,3,2,4,7,0,0,24,1310.9401185904849,0.3,-0.4358333333333333
20.0,135,AV,2,3,2,4,6,0,0,36,2105.159940183184,0.5,-0.7
35.18333333333333,156,AV,2,3,2,4,6,0,0,98,2476.7673195544394,0.6,-0.9518333333333333
31.366666666666667,219,AV,2,3,2,4,6,0,0,65,818.0604611907775,0.4,-0.7136666666666667
15.233333333333333,96,AV,2,3,2,4,7,0,0,27,424.9057127261393,0.2,-0.35233333333333333
28.616666666666667,234,AV,2,3,2,4,6,0,0,60,2857.8751728516777,0.7,-0.9861666666666666
12.75,17,AV,2,3,2,4,6,0,0,19,1530.0661682302475,0.7,-0.8274999999999999
20.05,248,AV,2,3,2,4,6,0,0,44,4343.557359248321,0.1,-0.3005
33.86666666666667,136,AV,2,3,2,4,6,0,0,65,3480.90175047103,0.5,-0.8386666666666667
21.55,134,AV,2,3,2,4,6,0,0,46,7130.271245067938,0.2,-0.4155
17.783333333333335,201,AV,2,3,2,4,6,0,0,37,932.0432837729122,0.5,-0.6778333333333333
10.583333333333334,268,AV,2,1,2,4,6,0,0,14,5144.150368411208,0.2,-0.30583333333333335
10.0,1,AV,2,1,2,4,6,0,0,0,10838.007207066395,0.2,-0.30000000000000004
17.683333333333334,151,AV,2,3,2,4,6,0,0,39,4116.183110063293,0.5,-0.6768333333333334
37.06666666666667,131,AV,2,3,2,4,6,0,0,93,6081.635477498837,0.3,-0.6706666666666667
21.916666666666668,279,AV,2,3,2,4,6,0,0,46,4925.450001742355,0.4,-0.6191666666666666
29.816666666666666,54,AV,2,3,2,4,6,0,0,61,3608.770587345788,0.1,-0.39816666666666667
28.416666666666668,45,AV,2,3,2,4,7,0,0,57,3387.2787239910285,0.5,-0.7841666666666667
14.8,243,AV,2,3,2,4,6,0,0,35,1929.5758599688188,0.3,-0.448
31.683333333333334,53,AV,2,3,2,4,6,0,0,67,1046.6558973464134,0.2,-0.5168333333333334
30.816666666666666,64,AV,2,3,2,4,6,0,0,62,650.412147456106,0.3,-0.6081666666666666
10.016666666666667,196,AV,2,1,2,4,6,0,0,6,1282.6858023855964,0.2,-0.3001666666666667
