travel_time,id,kind,action,bid_route_0,bid_route_1,bid_route_2,karma_balance,origin,destination,start_time,income,urgency,reward
17.8,122,AV,1,3,5,3,12,0,0,45,3942.222625638348,0.1,-0.017800000000000003
38.13333333333333,247,AV,2,2,2,8,3,0,0,78,2612.3907844155665,0.2,-0.07626666666666666
11.616666666666667,58,AV,2,1,3,3,5,0,0,20,19040.472291926453,0.2,-0.023233333333333335
25.616666666666667,260,AV,0,6,1,2,5,0,0,56,679.8949342204361,0.2,-0.05123333333333333
27.4,160,AV,0,5,1,4,1,0,0,56,10213.823531357188,0.2,-0.054799999999999995
25.766666666666666,264,AV,1,0,7,4,12,0,0,58,4639.089550420253,0.1,-0.025766666666666667
18.683333333333334,186,AV,1,2,7,3,4,0,0,46,10838.007207066395,0.8,-0.14946666666666666
15.2,142,AV,1,2,6,3,2,0,0,41,4934.883137056144,0.1,-0.0152
16.2,141,AV,2,0,1,2,12,0,0,37,3119.7161673652217,0.4,-0.06480000000000001
15.15,298,AV,0,7,4,3,7,0,0,46,2761.3662775036096,0.6,-0.0909
21.066666666666666,98,AV,1,0,5,4,1,0,0,49,2675.3892374750885,0.4,-0.08426666666666667
17.75,147,AV,1,0,4,5,2,0,0,44,2030.86588445069,0.1,-0.01775
32.4,125,AV,1,1,9,7,0,0,0,68,863.3540159882258,0.3,-0.0972
21.066666666666666,99,AV,2,2,1,0,6,0,0,46,777.0630287344238,0.2,-0.042133333333333335
29.766666666666666,132,AV,1,1,4,3,3,0,0,63,5721.231751015957,0.1,-0.029766666666666663
17.366666666666667,271,AV,1,2,8,9,3,0,0,42,3169.820795106812,1.0,-0.17366666666666666
23.4,103,AV,2,0,0,1,5,0,0,48,1386.7650627050614,0.1,-0.0234
15.766666666666667,20,AV,2,3,0,0,10,0,0,35,3480.90175047103,0.3,-0.0473
13.083333333333334,32,AV,1,0,7,2,16,0,0,37,2458.2611968747465,0.3,-0.03925
20.783333333333335,4,AV,2,2,1,2,5,0,0,45,7612.519032757181,0.2,-0.04156666666666667
33.833333333333336,151,AV,2,0,2,2,7,0,0,68,2015.5588757501516,1.0,-0.3383333333333334
14.466666666666667,144,AV,1,2,8,5,6,0,0,40,4015.909421979459,0.1,-0.014466666666666668
18.416666666666668,234,AV,1,0,7,2,0,0,0,45,7177.938863287724,0.1,-0.018416666666666668
16.983333333333334,14,AV,1,1,9,3,7,0,0,43,2398.572127464108,0.5,-0.08491666666666667
24.85,22,AV,1,0,8,3,0,0,0,56,1373.5659577718477,0.3,-0.07455
31.3,57,AV,2,3,3,3,5,0,0,60,3398.605365942332,0.1,-0.0313
25.416666666666668,124,AV,2,0,2,4,0,0,0,53,2044.1603053436156,0.1,-0.025416666666666667
27.766666666666666,162,AV,2,0,0,2,6,0,0,59,4227.85786318916,0.1,-0.02776666666666667
32.56666666666667,42,AV,1,0,5,6,14,0,0,68,3773.073658575576,0.7,-0.22796666666666668
33.916666666666664,50,AV,1,0,4,3,11,0,0,73,4572.8741748457805,0.1,-0.033916666666666664
7.933333333333334,91,AV,1,0,4,1,2,0,0,20,2744.255474143275,0.2,-0.015866666666666668
30.783333333333335,137,AV,1,1,5,7,6,0,0,63,4196.147454418583,0.3,-0.09235
31.8,217,AV,1,2,8,2,2,0,0,66,1446.9812594843625,0.1,-0.0318
21.633333333333333,279,AV,2,0,3,3,5,0,0,46,477.1303205766694,0.3,-0.0649
18.8,277,AV,0,6,0,5,1,0,0,50,3608.770587345788,0.2,-0.0376
22.133333333333333,207,AV,0,5,2,0,0,0,0,52,4609.601315671212,0.4,-0.08853333333333334
26.3,120,AV,1,2,8,3,0,0,0,59,2965.4163440895786,0.8,-0.21040000000000003
29.2,200,AV,2,3,2,9,0,0,0,59,9280.176126726552,0.3,-0.0876
32.25,203,AV,1,0,4,2,0,0,0,66,4376.119511966378,0.3,-0.09675
23.183333333333334,291,AV,1,2,9,0,6,0,0,54,5911.733280178027,0.1,-0.023183333333333334
30.733333333333334,77,AV,0,6,2,3,2,0,0,64,857.6590975250949,0.2,-0.06146666666666667
13.366666666666667,44,AV,1,0,7,3,8,0,0,38,742.4887258523852,0.3,-0.040100000000000004
28.35,71,AV,1,3,4,7,11,0,0,60,2780.081336731352,0.1,-0.028350000000000004
32.8,267,AV,1,2,7,2,2,0,0,70,2744.8905386527767,0.1,-0.032799999999999996
23.55,129,AV,1,2,5,9,10,0,0,55,1046.6558973464134,0.6,-0.1413
29.35,135,AV,2,0,3,3,10,0,0,59,2456.6540037696086,0.3,-0.08805
18.8,128,AV,2,0,0,4,1,0,0,43,8326.33528790118,0.1,-0.0188
13.066666666666666,228,AV,2,0,3,2,11,0,0,24,2927.9701715656583,0.1,-0.013066666666666666
28.166666666666668,78,AV,2,3,0,0,7,0,0,57,802.5586880039084,0.1,-0.02816666666666667
33.8,116,AV,1,0,7,4,25,0,0,72,2052.607856914241,0.6,-0.20279999999999998
28.783333333333335,249,AV,1,2,5,0,4,0,0,61,4504.939201911708,0.1,-0.028783333333333334
8.2,45,AV,0,6,4,6,4,0,0,36,3667.3634505223554,0.2,-0.016399999999999998
37.35,112,AV,0,7,4,6,3,0,0,85,3427.0421228311798,0.1,-0.03735
20.4,47,AV,0,9,4,2,4,0,0,52,2239.257430619588,0.5,-0.102
26.416666666666668,208,AV,2,2,1,3,6,0,0,55,2756.9260540590044,0.1,-0.026416666666666668
34.083333333333336,262,AV,1,1,4,2,1,0,0,75,2964.6777926145683,0.3,-0.10225000000000001
11.066666666666666,190,AV,1,3,9,7,14,0,0,32,506.5869000089976,0.5,-0.05533333333333333
25.05,101,AV,1,3,7,3,9,0,0,56,1530.6528609905624,0.4,-0.10020000000000001
34.7,89,AV,1,3,5,7,9,0,0,75,1564.487892525026,0.5,-0.17350000000000002
25.116666666666667,179,AV,1,1,4,2,1,0,0,56,979.573716991658,0.3,-0.07534999999999999
18.716666666666665,243,AV,1,0,7,3,6,0,0,46,4459.768546990965,0.1,-0.018716666666666666
26.933333333333334,240,AV,1,1,4,4,8,0,0,59,2417.357356239525,0.1,-0.026933333333333333
25.583333333333332,268,AV,0,9,1,9,11,0,0,55,670.158540600369,0.2,-0.051166666666666666
8.033333333333333,297,AV,1,2,5,2,0,0,0,23,1249.5878531833848,0.2,-0.016066666666666667
23.833333333333332,59,AV,1,0,7,2,4,0,0,55,6020.57275324985,0.3,-0.0715
21.916666666666668,145,AV,2,0,0,7,0,0,0,48,2645.062412614309,0.2,-0.043833333333333335
28.233333333333334,215,AV,2,0,2,8,0,0,0,56,13460.811009378149,0.2,-0.056466666666666665
9.9,118,AV,0,6,4,2,3,0,0,36,863.5619359671642,0.2,-0.0198
24.45,193,AV,2,1,0,2,5,0,0,50,3257.969850357721,0.8,-0.1956
14.516666666666667,28,AV,2,0,3,3,5,0,0,25,3323.1633986738134,0.5,-0.07258333333333333
12.75,159,AV,1,0,8,8,5,0,0,36,497.26542980048754,0.6,-0.0765
25.566666666666666,293,AV,2,1,2,6,1,0,0,54,1507.5005543882637,0.4,-0.10226666666666667
14.283333333333333,105,AV,2,0,2,3,13,0,0,28,969.457736312404,0.1,-0.014283333333333335
11.783333333333333,24,AV,2,2,3,8,1,0,0,17,837.3801312568858,0.1,-0.011783333333333333
14.833333333333334,187,AV,1,2,6,2,14,0,0,40,388.2787303527966,0.2,-0.02966666666666667
20.883333333333333,26,AV,2,1,2,2,4,0,0,42,3024.224513765153,0.4,-0.08353333333333333
9.866666666666667,154,AV,0,4,0,2,0,0,0,37,2421.832203454489,0.7,-0.06906666666666667
36.06666666666667,197,AV,0,6,4,6,3,0,0,79,1659.6531244520008,0.8,-0.28853333333333336
27.25,199,AV,2,2,0,4,1,0,0,57,2533.2754137277425,0.1,-0.027250000000000003
30.033333333333335,172,AV,1,1,7,5,1,0,0,63,597.1498506777683,0.1,-0.030033333333333335
14.083333333333334,284,AV,2,0,1,3,19,0,0,32,5009.92015912814,0.4,-0.05633333333333334
27.05,239,AV,2,0,1,8,12,0,0,55,2108.868816674547,0.2,-0.05410000000000001
9.333333333333334,166,AV,1,3,5,0,14,0,0,24,1541.4014724042315,0.2,-0.018666666666666668
22.633333333333333,97,AV,1,1,5,7,6,0,0,54,2239.194506681481,0.7,-0.15843333333333331
14.95,290,AV,1,1,4,0,0,0,0,41,7864.29237148983,0.1,-0.01495
28.2,275,AV,1,0,4,3,0,0,0,60,2472.005569054355,0.1,-0.0282
33.45,2,AV,1,0,7,2,1,0,0,70,4662.282088415262,0.6,-0.20070000000000002
12.3,25,AV,1,2,4,1,1,0,0,36,4968.170350229253,0.2,-0.024600000000000004
20.35,108,AV,2,0,2,3,5,0,0,46,6248.181898567973,0.1,-0.020350000000000004
30.75,73,AV,2,1,0,4,2,0,0,60,539.5213747330826,0.1,-0.03075
12.533333333333333,241,AV,1,3,7,4,0,0,0,35,457.16351791608827,0.1,-0.012533333333333334
23.05,222,AV,1,0,8,4,1,0,0,51,1205.4292211271013,0.4,-0.0922
20.95,29,AV,1,0,7,0,18,0,0,50,3971.0791127863904,0.3,-0.06284999999999999
35.2,255,AV,2,1,3,5,1,0,0,83,776.0711537761008,0.4,-0.1408
16.283333333333335,109,AV,2,3,1,2,15,0,0,26,1454.957177165027,0.6,-0.09770000000000001
13.5,184,AV,1,2,7,4,2,0,0,37,419.7646265090227,0.1,-0.013500000000000002
11.716666666666667,272,AV,2,1,1,5,1,0,0,18,1434.4967426379471,0.2,-0.023433333333333334
27.966666666666665,287,AV,2,3,0,0,4,0,0,55,1447.5744631551047,0.6,-0.1678
30.816666666666666,258,AV,2,3,1,2,5,0,0,60,8975.220492497892,0.2,-0.06163333333333333
14.3,119,AV,1,3,7,0,18,0,0,39,4635.813442599864,0.3,-0.0429
12.766666666666667,100,AV,1,0,4,3,34,0,0,37,1639.6236094811811,0.2,-0.02553333333333334
28.4,52,AV,1,0,7,2,5,0,0,60,1475.2077210572677,0.1,-0.028399999999999998
11.816666666666666,80,AV,1,3,4,0,28,0,0,33,1038.299283744561,0.4,-0.04726666666666667
13.533333333333333,140,AV,1,1,4,3,15,0,0,38,5307.329693361759,0.1,-0.013533333333333335
17.033333333333335,253,AV,1,2,9,0,1,0,0,43,3508.846318545673,0.1,-0.017033333333333334
27.95,283,AV,1,3,5,4,5,0,0,59,2966.188350320237,0.1,-0.02795
30.966666666666665,127,AV,1,0,6,5,1,0,0,65,870.7377108213431,0.4,-0.12386666666666667
20.483333333333334,149,AV,1,0,4,8,4,0,0,48,6563.608435155774,0.5,-0.10241666666666667
27.783333333333335,41,AV,2,3,1,2,4,0,0,54,449.0833195935783,0.2,-0.05556666666666668
7.616666666666666,130,AV,1,3,6,1,1,0,0,14,4705.31956239884,0.3,-0.02285
15.366666666666667,285,AV,2,1,2,0,5,0,0,38,676.2529471816457,0.2,-0.030733333333333335
15.233333333333333,178,AV,1,1,5,1,9,0,0,41,981.8973671489576,0.3,-0.0457
12.083333333333334,227,AV,2,2,1,2,6,0,0,25,3046.5766145774583,0.2,-0.02416666666666667
27.783333333333335,237,AV,2,3,2,3,5,0,0,57,2011.9739719035176,0.5,-0.1389166666666667
32.766666666666666,280,AV,1,3,4,0,2,0,0,69,567.550811201735,0.3,-0.0983
16.566666666666666,106,AV,2,2,1,1,7,0,0,41,4967.653125719208,0.1,-0.016566666666666667
31.233333333333334,181,AV,2,0,1,9,7,0,0,59,5670.319740923212,0.5,-0.15616666666666668
19.816666666666666,218,AV,2,0,1,8,0,0,0,41,3032.1279287666234,0.1,-0.019816666666666666
16.166666666666668,121,AV,2,0,1,8,6,0,0,36,4113.319853961603,0.8,-0.12933333333333336
34.31666666666667,192,AV,0,6,7,2,5,0,0,71,1141.0395517097602,0.3,-0.10295
18.8,133,AV,2,3,3,2,4,0,0,40,2360.1328348572283,0.2,-0.0376
10.766666666666667,82,AV,1,1,7,2,2,0,0,28,623.7253316558669,0.1,-0.010766666666666667
29.3,171,AV,0,7,5,2,0,0,0,60,1592.2311391495805,0.3,-0.08789999999999999
22.433333333333334,221,AV,2,2,2,0,6,0,0,47,1150.2916000513435,0.3,-0.0673
14.916666666666666,92,AV,1,3,7,5,3,0,0,40,3225.188153267811,0.4,-0.05966666666666667
18.783333333333335,31,AV,1,1,4,3,1,0,0,46,5825.994272151124,0.2,-0.03756666666666667
25.466666666666665,161,AV,1,3,5,5,2,0,0,57,2667.9339807116767,0.3,-0.0764
23.6,164,AV,1,0,5,8,11,0,0,53,5200.876525735832,0.2,-0.047200000000000006
29.316666666666666,8,AV,1,2,5,3,3,0,0,62,5862.8833826120845,0.6,-0.1759
22.616666666666667,167,AV,2,1,1,7,0,0,0,47,586.8516376274475,0.8,-0.18093333333333336
20.533333333333335,180,AV,0,7,9,9,4,0,0,50,1823.811293294481,0.1,-0.020533333333333334
18.266666666666666,261,AV,2,0,3,6,0,0,0,40,1485.5718097438446,0.6,-0.10959999999999999
15.883333333333333,176,AV,1,0,9,2,9,0,0,42,1799.695682844959,0.4,-0.06353333333333333
33.13333333333333,74,AV,1,0,7,2,14,0,0,70,3773.692032315799,0.6,-0.19879999999999998
30.966666666666665,256,AV,2,0,1,4,2,0,0,63,2164.09247058771,0.7,-0.21676666666666664
19.75,170,AV,2,0,0,3,4,0,0,42,1265.4739572733297,0.2,-0.03950000000000001
30.9,183,AV,1,0,6,4,0,0,0,64,2891.134206742707,0.2,-0.0618
32.56666666666667,250,AV,0,6,7,6,8,0,0,65,6081.635477498837,0.8,-0.2605333333333334
19.6,62,AV,2,0,0,4,1,0,0,42,5611.673516276995,0.3,-0.0588
21.416666666666668,281,AV,1,1,7,6,5,0,0,52,583.3206434887895,1.0,-0.21416666666666667
10.133333333333333,266,AV,1,1,5,3,17,0,0,30,632.5893922142865,0.9,-0.0912
15.716666666666667,69,AV,1,2,5,5,6,0,0,41,5304.212874057136,0.3,-0.047150000000000004
32.483333333333334,70,AV,0,5,4,5,0,0,0,68,2857.6088215719105,0.1,-0.032483333333333336
17.383333333333333,35,AV,1,2,4,3,0,0,0,44,9030.678864893336,0.3,-0.05215
13.416666666666666,220,AV,0,6,7,2,3,0,0,42,6031.594525491932,0.3,-0.040249999999999994
27.016666666666666,134,AV,1,3,5,2,8,0,0,59,3245.380745418587,0.3,-0.08105
20.816666666666666,7,AV,1,3,4,0,2,0,0,49,1822.2981036688468,0.4,-0.08326666666666667
34.35,94,AV,1,0,7,8,19,0,0,76,1564.4426034616197,0.1,-0.034350000000000006
30.183333333333334,254,AV,1,0,4,3,18,0,0,62,13351.937436366714,0.2,-0.06036666666666667
30.866666666666667,19,AV,0,4,3,3,2,0,0,61,12197.400506638176,0.2,-0.061733333333333335
22.083333333333332,276,AV,0,4,0,0,0,0,0,52,2123.4400354784907,0.4,-0.08833333333333333
20.15,67,AV,1,3,8,7,1,0,0,48,3301.717979419838,0.2,-0.0403
34.7,295,AV,1,0,6,0,0,0,0,72,1927.298426803608,0.7,-0.2429
27.266666666666666,152,AV,1,1,4,5,1,0,0,59,892.1845339920479,0.4,-0.10906666666666667
8.883333333333333,9,AV,1,1,4,9,10,0,0,19,3824.993837156676,0.4,-0.03553333333333333
29.283333333333335,219,AV,1,0,5,0,0,0,0,61,5557.427333357366,0.1,-0.029283333333333335
31.266666666666666,30,AV,1,3,6,0,6,0,0,64,6007.794801579103,0.8,-0.2501333333333333
17.633333333333333,292,AV,2,2,2,3,16,0,0,38,3958.913906791885,0.1,-0.017633333333333334
27.383333333333333,163,AV,1,0,4,7,3,0,0,59,1167.011530479414,0.7,-0.19168333333333332
15.516666666666667,296,AV,1,3,4,3,5,0,0,41,1068.5648373754009,0.1,-0.015516666666666668
12.733333333333333,39,AV,1,3,4,0,7,0,0,36,2838.632091159661,0.9,-0.1146
13.0,185,AV,1,0,4,6,5,0,0,37,1579.1767070066765,0.2,-0.026000000000000002
19.583333333333332,38,AV,1,3,4,3,8,0,0,46,1832.3133019091129,0.3,-0.05875
22.6,150,AV,1,2,4,2,2,0,0,53,7658.5640246764915,0.1,-0.022600000000000002
28.55,53,AV,2,0,0,1,9,0,0,56,2942.323800284961,0.2,-0.05710000000000001
15.15,177,AV,0,8,8,6,5,0,0,47,3863.855435177377,0.1,-0.01515
10.2,43,AV,1,2,8,4,0,0,0,28,4164.701887555128,0.1,-0.0102
16.766666666666666,11,AV,0,4,3,3,0,0,0,48,1089.3140785512585,0.1,-0.016766666666666666
13.0,76,AV,2,0,0,4,3,0,0,23,3941.04555698938,0.1,-0.013000000000000001
31.4,54,AV,1,2,7,7,12,0,0,65,2131.3254046090938,0.1,-0.031400000000000004
12.85,242,AV,2,0,2,2,8,0,0,25,2361.523720441912,0.3,-0.03855
15.116666666666667,143,AV,2,2,0,1,7,0,0,31,1682.490559712908,0.5,-0.07558333333333334
21.05,123,AV,2,0,2,4,11,0,0,44,7572.106998522375,0.1,-0.021050000000000003
7.966666666666667,148,AV,1,0,7,8,5,0,0,17,914.1934345695068,0.1,-0.007966666666666667
11.366666666666667,229,AV,1,3,8,3,2,0,0,34,6254.49597505133,0.1,-0.011366666666666667
15.833333333333334,273,AV,2,1,0,2,7,0,0,38,13430.196447392702,0.3,-0.047499999999999994
38.3,158,AV,2,3,2,8,3,0,0,85,9095.945853089892,0.1,-0.0383
35.81666666666667,90,AV,1,1,8,3,6,0,0,83,4549.115907877681,0.1,-0.03581666666666667
22.933333333333334,232,AV,2,0,2,3,6,0,0,49,743.7818724069466,0.4,-0.09173333333333333
32.35,138,AV,1,2,4,8,10,0,0,66,1848.7234685638712,0.1,-0.032350000000000004
27.416666666666668,111,AV,0,4,0,1,0,0,0,58,1830.3424648913517,0.2,-0.05483333333333334
25.566666666666666,95,AV,1,3,4,3,7,0,0,57,4925.450001742355,0.1,-0.025566666666666668
30.1,93,AV,2,3,2,2,4,0,0,61,1391.0507319816634,0.4,-0.12040000000000001
11.816666666666666,257,AV,0,6,7,8,20,0,0,39,1626.914224999384,0.3,-0.03545
23.95,88,AV,0,6,5,4,4,0,0,54,8348.421721831439,0.2,-0.0479
11.616666666666667,223,AV,2,0,3,3,6,0,0,11,1546.5147326922538,0.4,-0.04646666666666667
29.083333333333332,36,AV,0,4,1,0,5,0,0,59,3065.2253709468137,0.3,-0.08725
23.933333333333334,174,AV,1,0,7,2,3,0,0,55,8689.506535985933,0.1,-0.023933333333333334
26.533333333333335,173,AV,2,1,1,1,4,0,0,55,5064.807770076448,0.3,-0.0796
21.033333333333335,195,AV,1,0,7,1,3,0,0,50,17693.100214811147,0.1,-0.021033333333333334
25.733333333333334,278,AV,1,3,5,4,10,0,0,57,3236.647802754315,0.4,-0.10293333333333335
18.25,245,AV,1,1,6,2,12,0,0,44,2909.8477340427667,0.9,-0.16425
32.65,16,AV,2,3,2,0,6,0,0,63,1293.252850487379,0.5,-0.16325
18.85,244,AV,1,0,4,2,10,0,0,46,1703.2333497257905,0.1,-0.018850000000000002
11.4,214,AV,1,0,5,2,1,0,0,31,1411.5824788559885,0.1,-0.0114
35.75,10,AV,2,2,3,1,4,0,0,76,591.6693204447811,0.9,-0.32175
26.616666666666667,146,AV,2,0,1,2,6,0,0,54,2421.0391237858234,0.2,-0.053233333333333334
23.933333333333334,274,AV,0,6,4,1,0,0,0,54,1474.807688008607,0.1,-0.023933333333333334
24.366666666666667,236,AV,2,3,2,4,6,0,0,52,14312.770160915026,0.2,-0.04873333333333334
22.016666666666666,113,AV,1,0,4,3,12,0,0,51,2147.781038516846,0.1,-0.022016666666666667
21.45,0,AV,1,3,5,4,3,0,0,50,3393.6426315430986,0.8,-0.1716
33.833333333333336,136,AV,1,2,5,3,1,0,0,72,5913.041300376779,0.1,-0.03383333333333334
13.933333333333334,27,AV,2,3,1,2,5,0,0,30,2035.9911412414244,0.1,-0.013933333333333334
8.166666666666666,191,AV,0,4,2,4,1,0,0,35,859.2772315809713,0.2,-0.016333333333333335
11.566666666666666,211,AV,1,0,7,1,0,0,0,34,1592.6375082496468,0.1,-0.011566666666666668
17.433333333333334,248,AV,1,0,5,6,6,0,0,43,7897.119961473183,1.0,-0.17433333333333334
27.783333333333335,6,AV,1,0,4,0,0,0,0,59,4549.070920567666,0.6,-0.16670000000000001
32.96666666666667,210,AV,2,3,2,0,7,0,0,60,3001.8426729260827,0.1,-0.032966666666666665
20.433333333333334,139,AV,1,0,4,2,10,0,0,48,2797.307504072895,0.2,-0.04086666666666667
19.65,299,AV,2,0,1,2,11,0,0,43,1538.317647081207,0.3,-0.05894999999999999
18.0,3,AV,2,2,1,1,6,0,0,41,595.9176043698985,0.1,-0.018
26.233333333333334,48,AV,1,3,4,4,2,0,0,58,1097.8259349569896,0.1,-0.026233333333333338
23.533333333333335,188,AV,1,3,4,4,0,0,0,54,2088.64210540395,0.4,-0.09413333333333335
15.683333333333334,189,AV,1,2,5,3,0,0,0,40,978.4447105201264,0.6,-0.09409999999999999
18.1,60,AV,1,2,5,3,0,0,0,45,1496.328062426438,0.3,-0.05430000000000001
17.733333333333334,86,AV,1,1,5,4,1,0,0,44,832.4581618945489,0.8,-0.14186666666666667
23.983333333333334,64,AV,1,2,4,0,8,0,0,55,1022.032321197676,0.2,-0.04796666666666667
24.666666666666668,289,AV,1,1,8,3,4,0,0,55,465.3670128771111,0.2,-0.04933333333333334
21.4,175,AV,1,2,8,2,5,0,0,51,541.9839687696077,0.4,-0.08560000000000001
27.866666666666667,66,AV,1,0,4,3,26,0,0,59,3387.2787239910285,1.0,-0.2786666666666667
39.5,155,AV,2,2,1,2,5,0,0,83,2347.541384251396,0.2,-0.07900000000000001
28.216666666666665,83,AV,1,1,5,6,6,0,0,59,7128.986247371214,0.6,-0.1693
9.5,201,AV,1,3,8,4,2,0,0,25,4416.224882412617,0.5,-0.0475
32.233333333333334,212,AV,2,2,1,3,4,0,0,63,437.8567856598078,0.2,-0.06446666666666667
34.333333333333336,259,AV,0,5,5,2,1,0,0,71,11515.391842589095,0.1,-0.03433333333333334
22.133333333333333,126,AV,1,3,4,8,10,0,0,50,743.7553910389753,0.4,-0.08853333333333334
9.066666666666666,115,AV,1,0,7,0,3,0,0,25,1587.6148581174584,1.0,-0.09066666666666666
12.033333333333333,21,AV,2,3,2,1,6,0,0,24,763.1985099142711,0.1,-0.012033333333333333
15.8,238,AV,1,0,7,3,0,0,0,42,3630.005597296026,0.5,-0.079
22.05,165,AV,1,3,8,2,1,0,0,52,3520.054626539052,0.1,-0.02205
30.116666666666667,51,AV,1,1,4,0,1,0,0,63,1588.8002265047048,0.7,-0.21081666666666668
11.966666666666667,168,AV,0,6,5,8,2,0,0,37,491.8679742725259,0.1,-0.011966666666666667
25.95,68,AV,1,0,4,1,0,0,0,58,8436.938288223368,0.2,-0.0519
32.95,81,AV,1,2,8,9,4,0,0,70,861.805442805673,0.2,-0.0659
14.15,23,AV,1,0,4,2,3,0,0,38,4843.3187157075145,0.1,-0.014150000000000003
18.666666666666668,265,AV,0,9,7,3,2,0,0,49,2574.4307659940623,0.1,-0.018666666666666668
30.983333333333334,12,AV,2,2,1,7,0,0,0,61,5480.041794665195,0.2,-0.06196666666666667
6.4,196,AV,0,6,1,2,1,0,0,24,3352.9358316496982,0.5,-0.032
9.6,131,AV,1,0,5,3,13,0,0,25,881.2906222289953,0.7,-0.0672
35.8,286,AV,0,8,7,7,2,0,0,75,1348.5865378412918,0.1,-0.0358
34.0,246,AV,2,2,1,3,9,0,0,66,566.7055292848979,0.2,-0.068
20.45,13,AV,1,1,7,3,15,0,0,47,904.859336063587,0.8,-0.1636
8.933333333333334,85,AV,1,0,5,7,4,0,0,23,4343.557359248321,0.1,-0.008933333333333333
29.666666666666668,34,AV,1,1,8,3,6,0,0,61,3227.056348793521,0.1,-0.02966666666666667
30.7,61,AV,1,0,4,3,1,0,0,63,4090.160813256426,0.1,-0.0307
28.733333333333334,56,AV,1,3,4,1,1,0,0,60,3274.575105225111,0.4,-0.11493333333333333
34.583333333333336,110,AV,2,1,1,3,22,0,0,72,649.7132696839626,0.3,-0.10375000000000001
21.6,72,AV,2,2,2,4,0,0,0,47,3031.4508351358254,0.1,-0.021600000000000005
24.466666666666665,224,AV,2,1,0,5,2,0,0,53,627.4062491148882,0.1,-0.024466666666666664
33.516666666666666,84,AV,1,0,8,2,9,0,0,71,1005.9867386644172,0.3,-0.10055
30.866666666666667,230,AV,1,0,4,0,2,0,0,63,1614.9493849180149,0.5,-0.15433333333333332
29.183333333333334,270,AV,1,0,8,8,3,0,0,60,5985.732437913218,0.1,-0.029183333333333335
28.433333333333334,204,AV,2,0,0,3,11,0,0,57,5051.78348307234,0.1,-0.028433333333333335
32.56666666666667,233,AV,1,2,5,3,0,0,0,68,2835.850686157305,0.6,-0.19540000000000002
19.733333333333334,209,AV,1,1,7,6,18,0,0,47,1074.3823512953045,0.7,-0.13813333333333333
22.466666666666665,79,AV,2,1,1,0,4,0,0,48,959.5289757906356,0.3,-0.06739999999999999
24.266666666666666,202,AV,1,1,5,4,0,0,0,55,873.8892656114449,0.6,-0.1456
16.816666666666666,63,AV,0,5,5,3,2,0,0,49,1530.0661682302475,0.3,-0.050449999999999995
34.86666666666667,107,AV,2,1,2,7,0,0,0,70,513.3463032142733,0.3,-0.1046
12.933333333333334,198,AV,2,2,1,5,0,0,0,24,2619.168197182975,0.1,-0.012933333333333333
11.966666666666667,65,AV,1,2,4,0,2,0,0,35,1794.439334206041,0.2,-0.023933333333333334
29.666666666666668,156,AV,1,0,5,3,8,0,0,62,1025.7249596144625,0.2,-0.05933333333333334
27.666666666666668,282,AV,2,0,1,4,8,0,0,54,1596.1763216794554,0.1,-0.02766666666666667
21.083333333333332,288,AV,2,3,1,8,0,0,0,45,1552.9853059451273,0.3,-0.06324999999999999
10.866666666666667,235,AV,2,2,2,2,6,0,0,18,2648.588416164911,0.1,-0.010866666666666669
13.483333333333333,114,AV,0,5,2,4,0,0,0,42,1122.7546975855585,0.1,-0.013483333333333333
9.8,263,AV,1,3,7,3,1,0,0,29,15387.119225735782,0.4,-0.039200000000000006
36.55,216,AV,2,3,0,4,3,0,0,78,898.3728471886773,0.1,-0.03655
10.9,194,AV,1,1,4,3,8,0,0,30,932.0432837729122,0.4,-0.0436
29.383333333333333,205,AV,2,2,1,2,5,0,0,54,1282.6858023855964,0.1,-0.029383333333333334
17.183333333333334,153,AV,2,3,1,2,21,0,0,39,1240.6560786390864,0.2,-0.03436666666666667
37.18333333333333,231,AV,2,3,1,2,4,0,0,77,1635.9686818612918,1.0,-0.3718333333333333
27.333333333333332,15,AV,1,2,4,3,13,0,0,57,4304.4895651906745,0.3,-0.08199999999999999
34.766666666666666,117,AV,1,3,5,0,8,0,0,92,5386.149373461946,0.1,-0.03476666666666667
12.866666666666667,46,AV,2,2,0,9,0,0,0,21,3438.9188747307694,0.1,-0.012866666666666669
24.783333333333335,102,AV,1,2,5,1,3,0,0,55,2344.9936519099742,0.5,-0.12391666666666667
18.55,5,AV,2,0,3,6,3,0,0,41,4547.885280126284,0.6,-0.1113
14.316666666666666,49,AV,1,0,4,9,20,0,0,37,7958.958807233507,0.3,-0.042949999999999995
32.43333333333333,37,AV,2,1,1,5,6,0,0,67,6130.868263041086,1.0,-0.3243333333333333
15.366666666666667,182,AV,2,0,0,0,11,0,0,27,4381.240268036911,0.1,-0.015366666666666667
32.46666666666667,251,AV,2,3,2,9,2,0,0,61,1297.4303329633815,0.1,-0.032466666666666665
31.8,252,AV,1,3,6,6,1,0,0,67,3362.377553451843,0.7,-0.2226
15.966666666666667,96,AV,2,0,2,9,5,0,0,37,1261.43865123121,1.0,-0.15966666666666668
19.05,17,AV,1,3,6,1,3,0,0,46,3898.759045987068,0.1,-0.01905
19.633333333333333,104,AV,1,0,5,2,2,0,0,46,1020.7360413649084,0.6,-0.11779999999999999
8.65,294,AV,1,2,8,3,5,0,0,23,6709.13861087917,0.4,-0.034600000000000006
36.46666666666667,1,AV,2,0,1,2,4,0,0,72,5004.1281918097375,0.1,-0.03646666666666667
23.25,169,AV,1,3,4,2,4,0,0,52,646.5589615252754,0.8,-0.18600000000000003
10.833333333333334,87,AV,1,1,4,1,3,0,0,28,3849.958431883558,0.4,-0.043333333333333335
18.9,213,AV,2,0,1,2,7,0,0,41,1294.2551843223837,0.1,-0.0189
9.666666666666666,55,AV,1,1,4,3,3,0,0,27,571.0932451196882,0.1,-0.009666666666666667
12.133333333333333,225,AV,1,1,5,3,1,0,0,32,1239.4416864014672,0.1,-0.012133333333333335
27.2,40,AV,2,2,0,0,6,0,0,55,11861.36896338871,0.1,-0.027200000000000002
34.9,157,AV,1,2,4,0,11,0,0,80,761.8437659652793,0.8,-0.2792
25.35,33,AV,1,0,6,2,1,0,0,56,3251.3322332141274,0.1,-0.02535
31.583333333333332,206,AV,1,0,7,1,2,0,0,65,4754.245589533712,0.5,-0.15791666666666665
34.666666666666664,75,AV,1,3,5,2,6,0,0,79,5844.130995646287,0.1,-0.034666666666666665
14.666666666666666,226,AV,1,0,4,2,7,0,0,38,8333.728817076937,0.2,-0.029333333333333336
19.933333333333334,18,AV,1,0,4,0,14,0,0,47,1141.5133047894662,0.2,-0.03986666666666667
11.216666666666667,269,AV,1,0,7,3,10,0,0,30,8987.822610831106,0.4,-0.044866666666666666
