travel_time,id,kind,action,origin,destination,start_time,income,urgency,reward,observation,cost_table
20.116666666666667,101,AV,1,0,0,51,1503.4428459110418,0.4,-28.162777777777773,"0.3880126050420168,0.18855668934240363,0.2240422077922078,0.4,0.51,0.0723041696201366","0,0,0"
57.4,255,AV,0,0,0,65,5590.116807812239,0.1,-28.162777777777773,"0.5997272727272727,0.26165942028985517,0.29592443064182195,0.1,0.65,0.26884211459565416","0,0,0"
15.133333333333333,99,AV,2,0,0,33,1485.5718097438446,0.9,-28.16277777777778,"0.1274247311827957,0.10850408997955009,0.1379962406015038,0.9,0.33,0.07144470866102204","0,0,0"
31.883333333333333,52,AV,2,0,0,66,946.1123250925148,0.1,-28.16277777777778,"0.6298511450381679,0.2695462962962963,0.3050149425287357,0.1,0.66,0.04550080917225548","0,0,0"
18.85,299,AV,1,0,0,50,20793.30768626012,0.4,-28.162777777777773,"0.36639821882951645,0.18155257270693512,0.21543095238095236,0.4,0.5,1.0","0,0,0"
12.933333333333334,278,AV,2,0,0,24,8029.700924090037,0.4,-28.162777777777773,"0.06783623188405798,0.08437426900584795,0.11782421874999999,0.4,0.24,0.386167561469594","0,0,0"
30.783333333333335,199,AV,1,0,0,75,3257.3450634265246,0.6,-28.162777777777773,"0.7390754716981135,0.3071313465783664,0.3399069529652352,0.6,0.75,0.15665353067318508","0,0,0"
27.616666666666667,157,AV,1,0,0,66,2411.397471856681,0.1,-28.162777777777773,"0.6298511450381679,0.2695462962962963,0.3050149425287357,0.1,0.66,0.11596988359144483","0,0,0"
18.633333333333333,23,AV,1,0,0,49,646.5589615252754,0.2,-28.162777777777773,"0.3556344086021505,0.17914556962025316,0.214195652173913,0.2,0.49,0.031094570006892704","0,0,0"
29.466666666666665,40,AV,1,0,0,68,857.6590975250949,0.3,-28.16277777777778,"0.6724448529411764,0.28128009259259257,0.31459404761904763,0.3,0.68,0.041246881470994735","0,0,0"
71.28333333333333,162,AV,0,0,0,73,2476.7673195544394,0.1,-28.162777777777773,"0.7296036036036035,0.30074999999999996,0.3344389233954452,0.1,0.73,0.11911367623300487","0,0,0"
25.133333333333333,239,AV,2,0,0,51,4577.590037133467,0.1,-28.162777777777773,"0.3880126050420168,0.18855668934240363,0.2240422077922078,0.1,0.51,0.22014727556589106","0,0,0"
39.8,106,AV,0,0,0,50,1567.0706205360798,0.1,-28.16277777777778,"0.36639821882951645,0.18155257270693512,0.21543095238095236,0.1,0.5,0.07536418179256658","0,0,0"
66.11666666666666,251,AV,0,0,0,67,5003.647877951615,0.3,-28.16277777777778,"0.6560011494252873,0.2762114427860697,0.30977541371158396,0.3,0.67,0.24063741822365012","0,0,0"
27.416666666666668,4,AV,2,0,0,59,465.3670128771111,0.7,-28.16277777777778,"0.5349879032258065,0.2410600907029478,0.27265883668903806,0.7,0.59,0.0223806149506756","0,0,0"
20.65,26,AV,0,0,0,36,676.2529471816457,0.1,-28.16277777777778,"0.15827363184079604,0.11936255411255407,0.15169570707070706,0.1,0.36,0.03252262494189429","0,0,0"
12.866666666666667,229,AV,1,0,0,36,4223.122456076251,0.3,-28.16277777777778,"0.15827363184079604,0.11936255411255407,0.15169570707070706,0.3,0.36,0.20310008007368746","0,0,0"
23.616666666666667,282,AV,2,0,0,53,8475.089255911002,0.4,-28.16277777777778,"0.4233818897637795,0.20217324561403507,0.23829550827423174,0.4,0.53,0.40758735376725097","0,0,0"
62.45,39,AV,0,0,0,66,849.0657401736111,0.1,-28.16277777777778,"0.6298511450381679,0.2695462962962963,0.3050149425287357,0.1,0.66,0.040833606321069346","0,0,0"
34.6,258,AV,1,0,0,78,5721.231751015957,0.4,-28.16277777777778,"0.7710897435897437,0.31753594771241833,0.34807770961145196,0.4,0.78,0.2751477464451918","0,0,0"
28.766666666666666,167,AV,1,0,0,67,2561.5826276178027,0.1,-28.162777777777773,"0.6560011494252873,0.2762114427860697,0.30977541371158396,0.1,0.67,0.12319264766665551","0,0,0"
26.783333333333335,116,AV,1,0,0,65,1716.9764066453156,0.4,-28.16277777777778,"0.5997272727272727,0.26165942028985517,0.29592443064182195,0.4,0.65,0.08257351031167907","0,0,0"
55.71666666666667,68,AV,0,0,0,63,1100.389953660579,0.2,-28.16277777777778,"0.572374677002584,0.25296766169154233,0.2865668789808917,0.2,0.63,0.052920390072797266","0,0,0"
12.216666666666667,179,AV,2,0,0,20,2818.3733061874163,0.9,-28.16277777777778,"0.058914062499999996,0.07770175438596491,0.10978186274509805,0.9,0.2,0.13554232682517134","0,0,0"
30.466666666666665,6,AV,2,0,0,65,491.0984231068265,0.6,-28.16277777777778,"0.5997272727272727,0.26165942028985517,0.29592443064182195,0.6,0.65,0.023618100136676975","0,0,0"
29.533333333333335,169,AV,0,0,0,39,2645.062412614309,0.4,-28.162777777777773,"0.2070470737913486,0.13280777777777777,0.16556954436450838,0.4,0.39,0.1272073905952983","0,0,0"
55.56666666666667,264,AV,0,0,0,62,5912.288420941998,0.3,-28.162777777777773,"0.5613460559796437,0.24752738095238097,0.2795648769574944,0.3,0.62,0.28433611958951305","0,0,0"
28.516666666666666,12,AV,2,0,0,59,571.0932451196882,0.1,-28.162777777777773,"0.5349879032258065,0.2410600907029478,0.27265883668903806,0.1,0.59,0.027465242843352784","0,0,0"
23.066666666666666,93,AV,2,0,0,50,1434.4967426379471,0.5,-28.162777777777773,"0.36639821882951645,0.18155257270693512,0.21543095238095236,0.5,0.5,0.06898838627708276","0,0,0"
25.15,297,AV,2,0,0,53,17693.100214811147,0.1,-28.162777777777773,"0.4233818897637795,0.20217324561403507,0.23829550827423174,0.1,0.53,0.8509035927219247","0,0,0"
12.966666666666667,187,AV,1,0,0,37,2909.8477340427667,0.4,-28.16277777777778,"0.17826155717761563,0.12552702702702703,0.15804691358024694,0.4,0.37,0.13994155128890565","0,0,0"
18.35,22,AV,2,0,0,43,640.5426603936758,0.1,-28.16277777777778,"0.256859375,0.14646478873239435,0.1785011111111111,0.1,0.43,0.03080523166677017","0,0,0"
15.2,166,AV,2,0,0,22,2553.8725848963804,0.1,-28.16277777777778,"0.06057051282051282,0.07798309178743962,0.11149206349206349,0.1,0.22,0.122821853234247","0,0,0"
41.666666666666664,245,AV,0,0,0,51,4689.4303597647895,0.3,-28.162777777777773,"0.3880126050420168,0.18855668934240363,0.2240422077922078,0.3,0.51,0.22552594471842924","0,0,0"
19.166666666666668,0,AV,1,0,0,51,417.8295094645922,0.2,-28.162777777777773,"0.3880126050420168,0.18855668934240363,0.2240422077922078,0.2,0.51,0.02009442248289757","0,0,0"
16.866666666666667,242,AV,2,0,0,35,4635.813442599864,0.4,-28.162777777777773,"0.14837564102564105,0.11476054852320677,0.14719444444444446,0.4,0.35,0.222947378673338","0,0,0"
32.88333333333333,79,AV,2,0,0,69,1260.3927948639828,0.3,-28.162777777777773,"0.6877611940298507,0.28547362110311747,0.3205430839002268,0.3,0.69,0.06061531017005197","0,0,0"
26.183333333333334,244,AV,1,0,0,64,4687.914961676448,0.3,-28.162777777777773,"0.5900792349726776,0.2574468599033817,0.2905510416666667,0.3,0.64,0.22545306559254863","0,0,0"
23.216666666666665,32,AV,2,0,0,52,806.3598325453933,0.4,-28.162777777777773,"0.4209233870967743,0.20029629629629628,0.23791885964912285,0.4,0.52,0.03877977687399022","0,0,0"
18.933333333333334,215,AV,2,0,0,46,3742.7752140142647,0.2,-28.162777777777773,"0.3015028011204482,0.16065359477124186,0.19235923423423418,0.2,0.46,0.17999902999980277","0,0,0"
11.616666666666667,91,AV,1,0,0,36,1405.7852601227096,0.1,-28.16277777777778,"0.15827363184079604,0.11936255411255407,0.15169570707070706,0.1,0.36,0.06760758227281125","0,0,0"
35.516666666666666,102,AV,2,0,0,79,1509.578116022191,0.2,-28.16277777777778,"0.780055072463768,0.31934307359307357,0.3503896247240618,0.2,0.79,0.07259922946360745","0,0,0"
20.633333333333333,214,AV,1,0,0,53,3628.2404526711953,0.2,-28.16277777777778,"0.4233818897637795,0.20217324561403507,0.23829550827423174,0.2,0.53,0.17449077883210845","0,0,0"
5.15,226,AV,0,0,0,0,4116.183110063293,0.8,-28.16277777777778,"0.0,0.0,0.0,0.8,0.0,0.1979571106324368","0,0,0"
78.13333333333334,147,AV,0,0,0,77,2276.662146114732,0.4,-28.16277777777778,"0.7628270440251573,0.31573068432671086,0.34694683026584877,0.4,0.77,0.1094901388690128","0,0,0"
13.0,89,AV,1,0,0,34,1348.5865378412918,0.2,-28.16277777777778,"0.14594398907103825,0.11374654832347142,0.1445,0.2,0.34,0.06485675863549194","0,0,0"
33.43333333333333,262,AV,2,0,0,72,5899.132481879994,0.4,-28.16277777777778,"0.7198942028985507,0.29497587719298246,0.33051416122004357,0.4,0.72,0.2837034189504176","0,0,0"
46.68333333333333,217,AV,0,0,0,55,3759.463069718096,0.1,-28.16277777777778,"0.4725638020833333,0.22099196787148592,0.2521507936507936,0.1,0.55,0.18080158897481655","0,0,0"
22.85,153,AV,2,0,0,51,2337.3116255789537,0.9,-28.162777777777773,"0.3880126050420168,0.18855668934240363,0.2240422077922078,0.9,0.51,0.11240691768935884","0,0,0"
53.18333333333333,143,AV,0,0,0,78,2212.8825544422834,0.1,-28.162777777777773,"0.7710897435897437,0.31753594771241833,0.34807770961145196,0.1,0.78,0.1064228254509272","0,0,0"
15.366666666666667,63,AV,1,0,0,44,1046.6558973464134,0.8,-28.162777777777773,"0.26061195928753184,0.14875117370892021,0.1812993197278912,0.8,0.44,0.05033619052528265","0,0,0"
21.15,8,AV,2,0,0,48,541.9839687696077,0.4,-28.162777777777773,"0.33438429752066107,0.17105732484076439,0.20509741784037558,0.4,0.48,0.026065307980208553","0,0,0"
33.583333333333336,33,AV,1,0,0,77,807.7368269013535,0.9,-28.16277777777778,"0.7628270440251573,0.31573068432671086,0.34694683026584877,0.9,0.77,0.0388459998326814","0,0,0"
21.95,100,AV,2,0,0,50,1490.1599361877834,0.3,-28.16277777777778,"0.36639821882951645,0.18155257270693512,0.21543095238095236,0.3,0.5,0.07166536265764283","0,0,0"
15.366666666666667,56,AV,2,0,0,30,968.7072844723906,0.1,-28.16277777777778,"0.09762301587301589,0.0975607966457023,0.1314358024691358,0.1,0.3,0.04658745492005087","0,0,0"
22.383333333333333,19,AV,0,0,0,36,626.2908344343901,0.1,-28.16277777777778,"0.15827363184079604,0.11936255411255407,0.15169570707070706,0.1,0.36,0.03011982720037529","0,0,0"
21.933333333333334,81,AV,2,0,0,48,1261.43865123121,0.5,-28.162777777777773,"0.33438429752066107,0.17105732484076439,0.20509741784037558,0.5,0.48,0.060665607909257666","0,0,0"
41.55,73,AV,0,0,0,51,1135.438045570021,0.2,-28.16277777777778,"0.3880126050420168,0.18855668934240363,0.2240422077922078,0.2,0.51,0.0546059368091927","0,0,0"
48.61666666666667,95,AV,0,0,0,56,1457.5875839824732,0.2,-28.16277777777778,"0.4859224806201549,0.22704586129753912,0.2586220657276995,0.2,0.56,0.07009888017699192","0,0,0"
25.433333333333334,121,AV,2,0,0,55,1836.3970218708375,0.3,-28.16277777777778,"0.4725638020833333,0.22099196787148592,0.2521507936507936,0.3,0.55,0.08831673390204767","0,0,0"
18.216666666666665,256,AV,2,0,0,44,5611.673516276995,0.1,-28.16277777777778,"0.26061195928753184,0.14875117370892021,0.1812993197278912,0.1,0.44,0.26987882836866295","0,0,0"
25.833333333333332,287,AV,2,0,0,51,10751.672106064549,0.4,-28.162777777777773,"0.3880126050420168,0.18855668934240363,0.2240422077922078,0.4,0.51,0.5170736791034491","0,0,0"
20.683333333333334,193,AV,1,0,0,51,3064.640983136323,0.3,-28.162777777777773,"0.3880126050420168,0.18855668934240363,0.2240422077922078,0.3,0.51,0.14738592961625765","0,0,0"
11.5,270,AV,2,0,0,25,6709.13861087917,0.2,-28.162777777777773,"0.07062437810945273,0.08615679012345678,0.11930684326710816,0.2,0.25,0.32265855495960655","0,0,0"
12.916666666666666,133,AV,2,0,0,28,2044.1603053436156,0.2,-28.16277777777778,"0.08913695090439276,0.09340410958904106,0.12689999999999999,0.2,0.28,0.09830856813100321","0,0,0"
31.266666666666666,275,AV,0,0,0,40,7336.658338656486,0.7,-28.162777777777773,"0.21858515815085167,0.13578985507246377,0.1674413793103448,0.7,0.4,0.35283748258601644","0,0,0"
30.1,172,AV,2,0,0,66,2744.255474143275,0.5,-28.162777777777773,"0.6298511450381679,0.2695462962962963,0.3050149425287357,0.5,0.66,0.13197782265092123","0,0,0"
15.05,206,AV,1,0,0,42,3438.9188747307694,0.4,-28.162777777777773,"0.23358582089552235,0.1394304556354916,0.17085827664399095,0.4,0.42,0.16538585041970746","0,0,0"
58.96666666666667,97,AV,0,0,0,65,1474.5167950508735,0.4,-28.162777777777773,"0.5997272727272727,0.26165942028985517,0.29592443064182195,0.4,0.65,0.07091304650992157","0,0,0"
72.88333333333334,3,AV,0,0,0,73,457.16351791608827,0.1,-28.162777777777773,"0.7296036036036035,0.30074999999999996,0.3344389233954452,0.1,0.73,0.021986089217454062","0,0,0"
23.716666666666665,7,AV,2,0,0,50,508.6019702527906,0.3,-28.162777777777773,"0.36639821882951645,0.18155257270693512,0.21543095238095236,0.3,0.5,0.024459887668034006","0,0,0"
36.333333333333336,246,AV,0,0,0,44,4818.617258984985,0.1,-28.162777777777773,"0.26061195928753184,0.14875117370892021,0.1812993197278912,0.1,0.44,0.23173885231203734","0,0,0"
67.76666666666667,66,AV,0,0,0,69,1089.3140785512585,0.4,-28.162777777777773,"0.6877611940298507,0.28547362110311747,0.3205430839002268,0.4,0.69,0.052387724694280345","0,0,0"
28.6,254,AV,2,0,0,51,5557.427333357366,0.4,-28.162777777777773,"0.3880126050420168,0.18855668934240363,0.2240422077922078,0.4,0.51,0.26726999942532587","0,0,0"
19.383333333333333,90,AV,2,0,0,46,1365.417472605012,0.4,-28.162777777777773,"0.3015028011204482,0.16065359477124186,0.19235923423423418,0.4,0.46,0.06566619862539994","0,0,0"
24.083333333333332,27,AV,2,0,0,53,720.4688823460104,0.6,-28.162777777777773,"0.4233818897637795,0.20217324561403507,0.23829550827423174,0.6,0.53,0.034649075232127916","0,0,0"
10.833333333333334,189,AV,1,0,0,31,2965.4163440895786,0.4,-28.162777777777773,"0.10590399999999998,0.10225541125541122,0.13513002364066196,0.4,0.31,0.14261397892212588","0,0,0"
25.916666666666668,250,AV,2,0,0,53,4967.653125719208,0.4,-28.162777777777773,"0.4233818897637795,0.20217324561403507,0.23829550827423174,0.4,0.53,0.2389063443235514","0,0,0"
20.083333333333332,252,AV,2,0,0,44,5144.150368411208,0.6,-28.162777777777773,"0.26061195928753184,0.14875117370892021,0.1812993197278912,0.6,0.44,0.2473945197189757","0,0,0"
33.2,85,AV,2,0,0,70,1282.6858023855964,0.1,-28.16277777777778,"0.6998192307692307,0.28922777777777775,0.3229226190476191,0.1,0.7,0.06168743432932387","0,0,0"
38.2,51,AV,0,0,0,48,943.1907669438916,0.9,-28.162777777777773,"0.33438429752066107,0.17105732484076439,0.20509741784037558,0.9,0.48,0.04536030443906415","0,0,0"
29.65,42,AV,1,0,0,66,870.7377108213431,0.6,-28.162777777777773,"0.6298511450381679,0.2695462962962963,0.3050149425287357,0.6,0.66,0.04187586332869553","0,0,0"
16.833333333333332,149,AV,1,0,0,46,2294.767722006211,0.1,-28.162777777777773,"0.3015028011204482,0.16065359477124186,0.19235923423423418,0.1,0.46,0.11036087940556741","0,0,0"
59.0,141,AV,0,0,0,65,2139.4702648744856,0.2,-28.162777777777773,"0.5997272727272727,0.26165942028985517,0.29592443064182195,0.2,0.65,0.10289225250527183","0,0,0"
33.233333333333334,160,AV,2,0,0,68,2436.431929205765,0.2,-28.162777777777773,"0.6724448529411764,0.28128009259259257,0.31459404761904763,0.2,0.68,0.11717385064309511","0,0,0"
23.333333333333332,291,AV,1,0,0,56,11515.391842589095,0.2,-28.162777777777773,"0.4859224806201549,0.22704586129753912,0.2586220657276995,0.2,0.56,0.5538027915682833","0,0,0"
25.966666666666665,113,AV,2,0,0,52,1635.9686818612918,0.3,-28.162777777777773,"0.4209233870967743,0.20029629629629628,0.23791885964912285,0.3,0.52,0.07867765468320913","0,0,0"
23.716666666666665,120,AV,2,0,0,50,1809.16611953512,0.1,-28.162777777777773,"0.36639821882951645,0.18155257270693512,0.21543095238095236,0.1,0.5,0.08700713454697676","0,0,0"
18.4,203,AV,2,0,0,44,3382.383844415393,0.5,-28.16277777777778,"0.26061195928753184,0.14875117370892021,0.1812993197278912,0.5,0.44,0.16266694531964326","0,0,0"
12.533333333333333,98,AV,2,0,0,30,1474.807688008607,0.1,-28.16277777777778,"0.09762301587301589,0.0975607966457023,0.1314358024691358,0.1,0.3,0.07092703624941481","0,0,0"
25.766666666666666,28,AV,2,0,0,54,736.5379020629116,0.9,-28.16277777777778,"0.44949343832021,0.21130386178861785,0.24306847545219643,0.9,0.54,0.03542187290142414","0,0,0"
26.25,257,AV,2,0,0,54,5702.891177591027,0.1,-28.162777777777773,"0.44949343832021,0.21130386178861785,0.24306847545219643,0.1,0.54,0.27426570431405706","0,0,0"
50.7,159,AV,0,0,0,56,2421.0391237858234,0.5,-28.16277777777778,"0.4859224806201549,0.22704586129753912,0.2586220657276995,0.5,0.56,0.11643357373995898","0,0,0"
10.45,112,AV,1,0,0,31,1628.9397076974285,0.2,-28.16277777777778,"0.10590399999999998,0.10225541125541122,0.13513002364066196,0.2,0.31,0.07833961446998668","0,0,0"
11.916666666666666,237,AV,0,0,0,28,4559.760277629775,0.1,-28.162777777777773,"0.08913695090439276,0.09340410958904106,0.12689999999999999,0.1,0.28,0.21928979970044837","0,0,0"
10.066666666666666,86,AV,0,0,0,27,1293.252850487379,0.4,-28.16277777777778,"0.072675641025641,0.0867488262910798,0.11929617117117118,0.4,0.27,0.06219562899759039","0,0,0"
34.61666666666667,170,AV,2,0,0,73,2667.9339807116767,0.4,-28.162777777777773,"0.7296036036036035,0.30074999999999996,0.3344389233954452,0.4,0.73,0.12830733911924","0,0,0"
29.0,49,AV,2,0,0,62,932.0432837729122,0.4,-28.162777777777773,"0.5613460559796437,0.24752738095238097,0.2795648769574944,0.4,0.62,0.04482419525724574","0,0,0"
19.05,186,AV,0,0,0,35,2909.5116230827134,0.4,-28.16277777777778,"0.14837564102564105,0.11476054852320677,0.14719444444444446,0.4,0.35,0.13992538690731113","0,0,0"
7.866666666666666,103,AV,1,0,0,9,1527.6889462703334,0.1,-28.16277777777778,"0.05268749999999999,0.07329166666666667,0.10749074074074075,0.1,0.09,0.07347022269476662","0,0,0"
60.766666666666666,44,AV,0,0,0,65,877.2934597877683,0.2,-28.16277777777778,"0.5997272727272727,0.26165942028985517,0.29592443064182195,0.2,0.65,0.04219114500803879","0,0,0"
24.166666666666668,30,AV,0,0,0,38,777.0630287344238,0.8,-28.162777777777773,"0.19134523809523807,0.1295011904761905,0.16295357142857142,0.8,0.38,0.037370823365822384","0,0,0"
35.45,82,AV,2,0,0,78,1265.4739572733297,0.2,-28.162777777777773,"0.7710897435897437,0.31753594771241833,0.34807770961145196,0.2,0.78,0.060859675447862215","0,0,0"
23.416666666666668,50,AV,2,0,0,50,938.3100494872764,0.6,-28.162777777777773,"0.36639821882951645,0.18155257270693512,0.21543095238095236,0.6,0.5,0.04512557903941836","0,0,0"
36.71666666666667,138,AV,2,0,0,76,2105.159940183184,0.6,-28.162777777777773,"0.7573268608414239,0.3135316901408452,0.346644761904762,0.6,0.76,0.10124218676253416","0,0,0"
7.55,92,AV,1,0,0,22,1434.2863071033526,0.1,-28.162777777777773,"0.06057051282051282,0.07798309178743962,0.11149206349206349,0.1,0.22,0.06897826592789302","0,0,0"
17.983333333333334,71,AV,2,0,0,37,1117.0806745336297,0.3,-28.162777777777773,"0.17826155717761563,0.12552702702702703,0.15804691358024694,0.3,0.37,0.05372308684066549","0,0,0"
18.683333333333334,273,AV,1,0,0,48,7099.697064525982,0.3,-28.162777777777773,"0.33438429752066107,0.17105732484076439,0.20509741784037558,0.3,0.48,0.3414414470102487","0,0,0"
28.033333333333335,41,AV,1,0,0,67,861.805442805673,0.4,-28.16277777777778,"0.6560011494252873,0.2762114427860697,0.30977541371158396,0.4,0.67,0.04144628915269407","0,0,0"
29.133333333333333,267,AV,2,0,0,61,6427.339783247283,0.8,-28.162777777777773,"0.5503617571059432,0.24559410430839,0.2773900462962963,0.8,0.61,0.3091061739780037","0,0,0"
11.933333333333334,148,AV,2,0,0,19,2280.385817754286,0.1,-28.16277777777778,"0.056611111111111126,0.07468018018018018,0.10737499999999998,0.1,0.19,0.10966921916233309","0,0,0"
39.71666666666667,174,AV,0,0,0,48,2753.3979495063454,0.2,-28.16277777777778,"0.33438429752066107,0.17105732484076439,0.20509741784037558,0.2,0.48,0.13241750620204337","0,0,0"
23.766666666666666,115,AV,1,0,0,58,1703.2333497257905,0.4,-28.16277777777778,"0.5183497267759563,0.23614017660044148,0.2679229024943311,0.4,0.58,0.08191257376772525","0,0,0"
32.416666666666664,80,AV,2,0,0,70,1260.6549751070208,0.8,-28.16277777777778,"0.6998192307692307,0.28922777777777775,0.3229226190476191,0.8,0.7,0.06062791904628244","0,0,0"
16.816666666666666,241,AV,1,0,0,44,4630.913868273173,0.7,-28.16277777777778,"0.26061195928753184,0.14875117370892021,0.1812993197278912,0.7,0.44,0.22271174640161776","0,0,0"
23.516666666666666,216,AV,1,0,0,58,3758.845856207275,0.7,-28.162777777777773,"0.5183497267759563,0.23614017660044148,0.2679229024943311,0.7,0.58,0.18077190569786353","0,0,0"
30.083333333333332,140,AV,1,0,0,67,2137.1188228190404,0.2,-28.16277777777778,"0.6560011494252873,0.2762114427860697,0.30977541371158396,0.2,0.67,0.10277916602134513","0,0,0"
34.416666666666664,57,AV,2,0,0,75,969.457736312404,0.2,-28.16277777777778,"0.7390754716981135,0.3071313465783664,0.3399069529652352,0.2,0.75,0.04662354594757456","0,0,0"
11.433333333333334,36,AV,1,0,0,33,818.0604611907775,0.7,-28.162777777777773,"0.1274247311827957,0.10850408997955009,0.1379962406015038,0.7,0.33,0.03934248814734457","0,0,0"
28.1,290,AV,0,0,0,37,11185.875164713363,0.1,-28.16277777777778,"0.17826155717761563,0.12552702702702703,0.15804691358024694,0.1,0.37,0.5379555448075637","0,0,0"
32.88333333333333,150,AV,0,0,0,41,2302.618320259251,0.9,-28.162777777777773,"0.22249184149184148,0.13662155388471178,0.1683090277777778,0.9,0.41,0.11073843349034766","0,0,0"
17.416666666666668,185,AV,1,0,0,46,2891.134206742707,0.1,-28.162777777777773,"0.3015028011204482,0.16065359477124186,0.19235923423423418,0.1,0.46,0.13904157291209238","0,0,0"
18.266666666666666,207,AV,1,0,0,46,3465.4556083993225,0.1,-28.162777777777773,"0.3015028011204482,0.16065359477124186,0.19235923423423418,0.1,0.46,0.1666620655399256","0,0,0"
25.783333333333335,298,AV,0,0,0,38,19040.472291926453,0.3,-28.162777777777773,"0.19134523809523807,0.1295011904761905,0.16295357142857142,0.3,0.38,0.91570194503052","0,0,0"
20.516666666666666,191,AV,0,0,0,35,2969.8754393798326,0.4,-28.162777777777773,"0.14837564102564105,0.11476054852320677,0.14719444444444446,0.4,0.35,0.1428284275013291","0,0,0"
76.45,178,AV,0,0,0,76,2815.231094880572,0.5,-28.16277777777778,"0.7573268608414239,0.3135316901408452,0.346644761904762,0.5,0.76,0.13539121035278245","0,0,0"
27.8,183,AV,1,0,0,65,2857.712092786687,0.4,-28.16277777777778,"0.5997272727272727,0.26165942028985517,0.29592443064182195,0.4,0.65,0.13743422335230565","0,0,0"
4.95,35,AV,0,0,0,15,816.2772675203604,0.9,-28.16277777777778,"0.05246666666666666,0.07547435897435899,0.1101333333333333,0.9,0.15,0.03925673009012141","0,0,0"
13.716666666666667,171,AV,2,0,0,27,2675.3892374750885,0.2,-28.162777777777773,"0.072675641025641,0.0867488262910798,0.11929617117117118,0.2,0.27,0.1286658802843062","0,0,0"
69.6,260,AV,0,0,0,71,5849.7981009167725,0.1,-28.16277777777778,"0.7132591036414567,0.29302742616033756,0.3268286713286713,0.1,0.71,0.28133081033481866","0,0,0"
12.933333333333334,195,AV,1,0,0,36,3119.7161673652217,0.1,-28.16277777777778,"0.15827363184079604,0.11936255411255407,0.15169570707070706,0.1,0.36,0.1500346272193471","0,0,0"
29.5,231,AV,2,0,0,62,4304.4895651906745,0.3,-28.16277777777778,"0.5613460559796437,0.24752738095238097,0.2795648769574944,0.3,0.62,0.207013219355909","0,0,0"
33.7,83,AV,1,0,0,77,1267.69032506861,0.1,-28.16277777777778,"0.7628270440251573,0.31573068432671086,0.34694683026584877,0.1,0.77,0.0609662658868978","0,0,0"
27.116666666666667,127,AV,2,0,0,57,1921.5023446668008,0.2,-28.16277777777778,"0.5056215846994535,0.23449122807017542,0.26712328767123283,0.2,0.57,0.09240965283924012","0,0,0"
37.2,139,AV,2,0,0,72,2113.1349678504243,0.6,-28.162777777777773,"0.7198942028985507,0.29497587719298246,0.33051416122004357,0.6,0.72,0.10162572495605159","0,0,0"
15.333333333333334,182,AV,2,0,0,36,2853.537244729806,0.7,-28.162777777777773,"0.15827363184079604,0.11936255411255407,0.15169570707070706,0.7,0.36,0.13723344490378397","0,0,0"
8.466666666666667,225,AV,0,0,0,24,4113.319853961603,0.3,-28.162777777777773,"0.06783623188405798,0.08437426900584795,0.11782421874999999,0.3,0.24,0.19781940978440954","0,0,0"
10.75,263,AV,1,0,0,32,5911.733280178027,0.4,-28.162777777777773,"0.12372764227642274,0.1069877300613497,0.13814054726368163,0.4,0.32,0.28430942153971994","0,0,0"
25.85,31,AV,0,0,0,38,802.5586880039084,0.3,-28.162777777777773,"0.19134523809523807,0.1295011904761905,0.16295357142857142,0.3,0.38,0.038596970723144074","0,0,0"
23.383333333333333,259,AV,1,0,0,56,5807.233742044462,0.3,-28.16277777777778,"0.4859224806201549,0.22704586129753912,0.2586220657276995,0.3,0.56,0.27928378830664774","0,0,0"
23.433333333333334,70,AV,1,0,0,57,1111.987968807459,0.3,-28.162777777777773,"0.5056215846994535,0.23449122807017542,0.26712328767123283,0.3,0.57,0.05347816641708441","0,0,0"
34.583333333333336,29,AV,1,0,0,89,763.1985099142711,0.1,-28.162777777777773,"0.7923716049382716,0.32518840579710145,0.355204081632653,0.1,0.89,0.03670404542797105","0,0,0"
25.316666666666666,177,AV,1,0,0,63,2797.307504072895,0.4,-28.162777777777773,"0.572374677002584,0.25296766169154233,0.2865668789808917,0.4,0.63,0.13452922191505445","0,0,0"
19.116666666666667,9,AV,0,0,0,33,546.8646928603165,0.1,-28.16277777777778,"0.1274247311827957,0.10850408997955009,0.1379962406015038,0.1,0.33,0.026300033698903796","0,0,0"
27.933333333333334,168,AV,0,0,0,38,2574.4307659940623,0.2,-28.16277777777778,"0.19134523809523807,0.1295011904761905,0.16295357142857142,0.2,0.38,0.12381054543309646","0,0,0"
29.466666666666665,188,AV,0,0,0,38,2946.490055333797,0.2,-28.162777777777773,"0.19134523809523807,0.1295011904761905,0.16295357142857142,0.2,0.38,0.14170376833700152","0,0,0"
21.866666666666667,212,AV,1,0,0,54,3539.477986656502,0.2,-28.162777777777773,"0.44949343832021,0.21130386178861785,0.24306847545219643,0.2,0.54,0.17022197911279557","0,0,0"
27.816666666666666,292,AV,2,0,0,60,11861.36896338871,0.1,-28.16277777777778,"0.5437447916666667,0.24395351473922908,0.2760367816091955,0.1,0.6,0.57044166047841","0,0,0"
74.61666666666666,213,AV,0,0,0,75,3608.770587345788,0.1,-28.16277777777778,"0.7390754716981135,0.3071313465783664,0.3399069529652352,0.1,0.75,0.17355442634701188","0,0,0"
6.7,269,AV,0,0,0,15,6563.608435155774,0.2,-28.16277777777778,"0.05246666666666666,0.07547435897435899,0.1101333333333333,0.2,0.15,0.31565966003056356","0,0,0"
21.283333333333335,202,AV,2,0,0,48,3361.758609282253,0.2,-28.16277777777778,"0.33438429752066107,0.17105732484076439,0.20509741784037558,0.2,0.48,0.16167502833152653","0,0,0"
22.166666666666668,78,AV,2,0,0,48,1251.6500609663929,0.4,-28.16277777777778,"0.33438429752066107,0.17105732484076439,0.20509741784037558,0.4,0.48,0.0601948511440276","0,0,0"
30.6,59,AV,1,0,0,73,985.0802174553831,0.2,-28.162777777777773,"0.7296036036036035,0.30074999999999996,0.3344389233954452,0.2,0.73,0.047374868506673815","0,0,0"
31.35,119,AV,2,0,0,69,1804.2001824470888,0.4,-28.162777777777773,"0.6877611940298507,0.28547362110311747,0.3205430839002268,0.4,0.69,0.08676831073101827","0,0,0"
29.433333333333334,211,AV,1,0,0,67,3523.1638559153366,0.1,-28.162777777777773,"0.6560011494252873,0.2762114427860697,0.30977541371158396,0.1,0.67,0.16943739346690792","0,0,0"
17.516666666666666,272,AV,0,0,0,31,7081.334819999852,0.1,-28.162777777777773,"0.10590399999999998,0.10225541125541122,0.13513002364066196,0.1,0.31,0.34055836266392014","0,0,0"
22.316666666666666,58,AV,2,0,0,46,978.4447105201264,0.6,-28.16277777777778,"0.3015028011204482,0.16065359477124186,0.19235923423423418,0.6,0.46,0.04705575107546101","0,0,0"
14.0,118,AV,1,0,0,36,1794.439334206041,0.6,-28.162777777777773,"0.15827363184079604,0.11936255411255407,0.15169570707070706,0.6,0.36,0.08629888814619799","0,0,0"
33.11666666666667,67,AV,0,0,0,41,1097.8259349569896,0.2,-28.16277777777778,"0.22249184149184148,0.13662155388471178,0.1683090277777778,0.2,0.41,0.05279708026839882","0,0,0"
29.816666666666666,221,AV,1,0,0,70,3941.04555698938,0.4,-28.16277777777778,"0.6998192307692307,0.28922777777777775,0.3229226190476191,0.4,0.7,0.18953432596938674","0,0,0"
18.166666666666668,227,AV,1,0,0,48,4159.866430607663,0.1,-28.162777777777773,"0.33438429752066107,0.17105732484076439,0.20509741784037558,0.1,0.48,0.20005794620912742","0,0,0"
16.866666666666667,277,AV,2,0,0,38,7958.958807233507,0.3,-28.16277777777778,"0.19134523809523807,0.1295011904761905,0.16295357142857142,0.3,0.38,0.38276540352897576","0,0,0"
33.1,289,AV,2,0,0,72,10838.007207066395,0.8,-28.16277777777778,"0.7198942028985507,0.29497587719298246,0.33051416122004357,0.8,0.72,0.5212257410218565","0,0,0"
52.03333333333333,123,AV,0,0,0,58,1869.7531794209297,0.6,-28.16277777777778,"0.5183497267759563,0.23614017660044148,0.2679229024943311,0.6,0.58,0.0899209114602018","0,0,0"
18.933333333333334,228,AV,2,0,0,44,4164.701887555128,0.7,-28.16277777777778,"0.26061195928753184,0.14875117370892021,0.1812993197278912,0.7,0.44,0.2002904949224166","0,0,0"
10.35,43,AV,2,0,0,15,873.8892656114449,0.1,-28.162777777777773,"0.05246666666666666,0.07547435897435899,0.1101333333333333,0.1,0.15,0.04202742915158692","0,0,0"
14.25,154,AV,2,0,0,23,2344.9936519099742,0.6,-28.162777777777773,"0.06327592592592593,0.08167635658914728,0.11215120274914088,0.6,0.23,0.11277636474640867","0,0,0"
50.2,261,AV,0,0,0,56,5882.279762541917,0.2,-28.162777777777773,"0.4859224806201549,0.22704586129753912,0.2586220657276995,0.2,0.56,0.2828929312881198","0,0,0"
6.766666666666667,249,AV,0,0,0,23,4951.479839002994,0.1,-28.162777777777773,"0.06327592592592593,0.08167635658914728,0.11215120274914088,0.1,0.23,0.23812853220437127","0,0,0"
14.683333333333334,2,AV,1,0,0,42,437.8567856598078,0.7,-28.162777777777773,"0.23358582089552235,0.1394304556354916,0.17085827664399095,0.7,0.42,0.021057582192617507","0,0,0"
35.666666666666664,210,AV,2,0,0,71,3520.054626539052,0.4,-28.16277777777778,"0.7132591036414567,0.29302742616033756,0.3268286713286713,0.4,0.71,0.16928786317460437","0,0,0"
24.816666666666666,117,AV,2,0,0,51,1718.6657268339234,0.1,-28.16277777777778,"0.3880126050420168,0.18855668934240363,0.2240422077922078,0.1,0.51,0.08265475376818426","0,0,0"
12.25,164,AV,2,0,0,19,2497.1975937909187,0.2,-28.16277777777778,"0.056611111111111126,0.07468018018018018,0.10737499999999998,0.2,0.19,0.12009621708435674","0,0,0"
53.71666666666667,145,AV,0,0,0,60,2222.040577514192,0.4,-28.162777777777773,"0.5437447916666667,0.24395351473922908,0.2760367816091955,0.4,0.6,0.10686325672862912","0,0,0"
34.53333333333333,253,AV,0,0,0,42,5480.041794665195,0.2,-28.162777777777773,"0.23358582089552235,0.1394304556354916,0.17085827664399095,0.2,0.42,0.26354834340696637","0,0,0"
21.366666666666667,84,AV,2,0,0,48,1275.6237969650936,0.1,-28.16277777777778,"0.33438429752066107,0.17105732484076439,0.20509741784037558,0.1,0.48,0.06134780556380672","0,0,0"
47.13333333333333,296,AV,0,0,0,55,14754.343640924068,0.8,-28.162777777777773,"0.4725638020833333,0.22099196787148592,0.2521507936507936,0.8,0.55,0.7095717460418045","0,0,0"
17.483333333333334,55,AV,1,0,0,46,961.7772661313056,0.7,-28.16277777777778,"0.3015028011204482,0.16065359477124186,0.19235923423423418,0.7,0.46,0.04625417372950396","0,0,0"
10.583333333333334,124,AV,2,0,0,17,1888.2149669861096,0.2,-28.162777777777773,"0.054652777777777786,0.07453921568627452,0.10783333333333331,0.2,0.17,0.09080878306984375","0,0,0"
15.75,218,AV,2,0,0,32,3778.090807703549,0.2,-28.162777777777773,"0.12372764227642274,0.1069877300613497,0.13814054726368163,0.2,0.32,0.18169744153788722","0,0,0"
60.75,94,AV,0,0,0,65,1444.5182772575097,0.4,-28.162777777777773,"0.5997272727272727,0.26165942028985517,0.29592443064182195,0.4,0.65,0.06947034589460839","0,0,0"
17.483333333333334,232,AV,1,0,0,47,4343.557359248321,0.4,-28.16277777777778,"0.3177478632478632,0.16711471861471858,0.20094407158836688,0.4,0.47,0.2088920832022542","0,0,0"
78.43333333333334,111,AV,0,0,0,80,1614.9573615816892,0.4,-28.162777777777773,"0.7857150997150997,0.32116887417218537,0.35168092105263166,0.4,0.8,0.07766716993510497","0,0,0"
27.183333333333334,285,AV,1,0,0,65,9280.176126726552,0.2,-28.162777777777773,"0.5997272727272727,0.26165942028985517,0.29592443064182195,0.2,0.65,0.4463059108608652","0,0,0"
69.26666666666667,284,AV,0,0,0,70,8987.033628468456,0.2,-28.162777777777773,"0.6998192307692307,0.28922777777777775,0.3229226190476191,0.2,0.7,0.432207985572538","0,0,0"
11.483333333333333,247,AV,1,0,0,33,4925.450001742355,0.4,-28.162777777777787,"0.1274247311827957,0.10850408997955009,0.1379962406015038,0.4,0.33,0.23687669494724078","0,0,0"
25.65,77,AV,1,0,0,63,1249.5878531833848,0.9,-28.162777777777773,"0.572374677002584,0.25296766169154233,0.2865668789808917,0.9,0.63,0.06009567462944302","0,0,0"
33.35,280,AV,2,0,0,70,8331.964781214912,0.1,-28.16277777777778,"0.6998192307692307,0.28922777777777775,0.3229226190476191,0.1,0.7,0.4007041547661289","0,0,0"
64.25,60,AV,0,0,0,66,985.8695826897422,0.5,-28.162777777777773,"0.6298511450381679,0.2695462962962963,0.3050149425287357,0.5,0.66,0.04741283097259167","0,0,0"
31.916666666666668,14,AV,1,0,0,75,586.3474640105957,0.1,-28.16277777777778,"0.7390754716981135,0.3071313465783664,0.3399069529652352,0.1,0.75,0.028198854788170358","0,0,0"
27.833333333333332,114,AV,2,0,0,56,1691.6338586686718,0.3,-28.16277777777778,"0.4859224806201549,0.22704586129753912,0.2586220657276995,0.3,0.56,0.08135472644337755","0,0,0"
45.266666666666666,24,AV,0,0,0,54,650.412147456106,0.3,-28.16277777777778,"0.44949343832021,0.21130386178861785,0.24306847545219643,0.3,0.54,0.0312798789528752","0,0,0"
20.783333333333335,271,AV,1,0,0,53,6783.106781750961,0.2,-28.16277777777778,"0.4233818897637795,0.20217324561403507,0.23829550827423174,0.2,0.53,0.32621586156939947","0,0,0"
52.083333333333336,48,AV,0,0,0,59,931.9887487728153,0.3,-28.16277777777778,"0.5349879032258065,0.2410600907029478,0.27265883668903806,0.3,0.59,0.04482157253839216","0,0,0"
27.316666666666666,87,AV,2,0,0,56,1297.4303329633815,0.3,-28.16277777777778,"0.4859224806201549,0.22704586129753912,0.2586220657276995,0.3,0.56,0.06239653414164128","0,0,0"
15.066666666666666,276,AV,2,0,0,23,7912.643587116454,0.1,-28.16277777777778,"0.06327592592592593,0.08167635658914728,0.11215120274914088,0.1,0.23,0.38053799359420826","0,0,0"
76.4,230,AV,0,0,0,76,4227.85786318916,0.9,-28.16277777777778,"0.7573268608414239,0.3135316901408452,0.346644761904762,0.9,0.76,0.20332781715065273","0,0,0"
27.883333333333333,107,AV,2,0,0,59,1572.8756307612184,0.1,-28.162777777777773,"0.5349879032258065,0.2410600907029478,0.27265883668903806,0.1,0.59,0.07564335864661634","0,0,0"
33.71666666666667,125,AV,1,0,0,79,1899.102970895097,0.1,-28.16277777777778,"0.780055072463768,0.31934307359307357,0.3503896247240618,0.1,0.79,0.09133241327208338","0,0,0"
33.78333333333333,209,AV,2,0,0,73,3487.44186130441,0.9,-28.16277777777778,"0.7296036036036035,0.30074999999999996,0.3344389233954452,0.9,0.73,0.16771943713451876","0,0,0"
15.3,137,AV,1,0,0,42,2088.64210540395,0.4,-28.16277777777778,"0.23358582089552235,0.1394304556354916,0.17085827664399095,0.4,0.42,0.10044780450125744","0,0,0"
48.6,11,AV,0,0,0,55,567.550811201735,0.1,-28.162777777777773,"0.4725638020833333,0.22099196787148592,0.2521507936507936,0.1,0.55,0.027294878706419726","0,0,0"
24.133333333333333,184,AV,0,0,0,37,2857.8751728516777,0.4,-28.16277777777778,"0.17826155717761563,0.12552702702702703,0.15804691358024694,0.4,0.37,0.13744206626346972","0,0,0"
19.083333333333332,34,AV,2,0,0,44,813.126641713825,0.5,-28.162777777777773,"0.26061195928753184,0.14875117370892021,0.1812993197278912,0.5,0.44,0.03910520894427614","0,0,0"
64.38333333333334,69,AV,0,0,0,66,1104.4445206976068,0.3,-28.16277777777778,"0.6298511450381679,0.2695462962962963,0.3050149425287357,0.3,0.66,0.05311538391880796","0,0,0"
34.45,223,AV,1,0,0,100,3971.0791127863904,0.1,-28.162777777777773,"0.7932962962962964,0.3259720194647201,0.35702590090090086,0.1,1.0,0.19097871164626756","0,0,0"
67.8,155,AV,0,0,0,68,2382.718205806423,0.2,-28.162777777777773,"0.6724448529411764,0.28128009259259257,0.31459404761904763,0.2,0.68,0.11459062895418437","0,0,0"
20.016666666666666,192,AV,1,0,0,51,3031.4508351358254,0.5,-28.162777777777773,"0.3880126050420168,0.18855668934240363,0.2240422077922078,0.5,0.51,0.14578973585520302","0,0,0"
14.966666666666667,175,AV,2,0,0,33,2756.9260540590044,0.2,-28.162777777777773,"0.1274247311827957,0.10850408997955009,0.1379962406015038,0.2,0.33,0.1325871812054576","0,0,0"
11.666666666666666,144,AV,2,0,0,0,2218.7455195521825,0.7,-28.162777777777773,"0.0,0.0,0.0,0.7,0.0,0.1067047894942801","0,0,0"
57.45,176,AV,0,0,0,64,2793.3389947689566,0.2,-28.162777777777773,"0.5900792349726776,0.2574468599033817,0.2905510416666667,0.2,0.64,0.1343383667916745","0,0,0"
30.733333333333334,38,AV,2,0,0,62,837.3801312568858,0.1,-28.16277777777778,"0.5613460559796437,0.24752738095238097,0.2795648769574944,0.1,0.62,0.04027161738246258","0,0,0"
10.033333333333333,10,AV,0,0,0,27,548.7192496267361,0.1,-28.162777777777773,"0.072675641025641,0.0867488262910798,0.11929617117117118,0.1,0.27,0.02638922377844295","0,0,0"
23.383333333333333,128,AV,2,0,0,50,1922.439846447592,0.1,-28.162777777777773,"0.36639821882951645,0.18155257270693512,0.21543095238095236,0.1,0.5,0.09245473954670083","0,0,0"
21.283333333333335,75,AV,1,0,0,54,1167.011530479414,0.9,-28.162777777777773,"0.44949343832021,0.21130386178861785,0.24306847545219643,0.9,0.54,0.0561243813676915","0,0,0"
35.11666666666667,122,AV,2,0,0,100,1848.7234685638712,0.4,-28.162777777777773,"0.7932962962962964,0.3259720194647201,0.35702590090090086,0.4,1.0,0.08890954226515282","0,0,0"
26.9,21,AV,2,0,0,54,636.6552097563458,0.3,-28.162777777777773,"0.44949343832021,0.21130386178861785,0.24306847545219643,0.3,0.54,0.030618274848933116","0,0,0"
29.666666666666668,5,AV,1,0,0,67,473.5024380788758,0.3,-28.162777777777773,"0.6560011494252873,0.2762114427860697,0.30977541371158396,0.3,0.67,0.022771867046038015","0,0,0"
18.466666666666665,15,AV,2,0,0,42,595.9176043698985,0.9,-28.162777777777773,"0.23358582089552235,0.1394304556354916,0.17085827664399095,0.9,0.42,0.028659105773905864","0,0,0"
9.783333333333333,61,AV,1,0,0,30,1020.5842314575186,0.5,-28.162777777777773,"0.09762301587301589,0.0975607966457023,0.1314358024691358,0.5,0.3,0.04908234162917255","0,0,0"
19.983333333333334,204,AV,2,0,0,44,3387.2787239910285,0.3,-28.16277777777778,"0.26061195928753184,0.14875117370892021,0.1812993197278912,0.3,0.44,0.16290235180953377","0,0,0"
16.383333333333333,132,AV,1,0,0,44,1993.780724220221,0.2,-28.162777777777773,"0.26061195928753184,0.14875117370892021,0.1812993197278912,0.2,0.44,0.09588569333476842","0,0,0"
20.033333333333335,105,AV,2,0,0,42,1552.9853059451273,0.6,-28.162777777777773,"0.23358582089552235,0.1394304556354916,0.17085827664399095,0.6,0.42,0.074686785256937","0,0,0"
15.65,129,AV,1,0,0,44,1929.5758599688188,0.1,-28.16277777777778,"0.26061195928753184,0.14875117370892021,0.1812993197278912,0.1,0.44,0.09279792753915007","0,0,0"
25.966666666666665,235,AV,1,0,0,63,4549.070920567666,0.6,-28.162777777777773,"0.572374677002584,0.25296766169154233,0.2865668789808917,0.6,0.63,0.21877572290115335","0,0,0"
14.783333333333333,109,AV,1,0,0,43,1597.8734280578535,0.9,-28.162777777777773,"0.256859375,0.14646478873239435,0.1785011111111111,0.9,0.43,0.07684556262848466","0,0,0"
26.2,190,AV,2,0,0,54,2968.817229463249,0.3,-28.16277777777778,"0.44949343832021,0.21130386178861785,0.24306847545219643,0.3,0.54,0.14277753565032827","0,0,0"
22.45,62,AV,0,0,0,36,1020.7360413649084,0.4,-28.16277777777778,"0.15827363184079604,0.11936255411255407,0.15169570707070706,0.4,0.36,0.04908964253144747","0,0,0"
29.166666666666668,293,AV,2,0,0,63,12051.378145129962,0.3,-28.162777777777773,"0.572374677002584,0.25296766169154233,0.2865668789808917,0.3,0.63,0.5795796574055083","0,0,0"
19.833333333333332,236,AV,2,0,0,42,4549.115907877681,0.2,-28.162777777777773,"0.23358582089552235,0.1394304556354916,0.17085827664399095,0.2,0.42,0.21877788644870882","0,0,0"
15.233333333333333,288,AV,1,0,0,44,10783.100237376317,0.7,-28.162777777777773,"0.26061195928753184,0.14875117370892021,0.1812993197278912,0.7,0.44,0.518585133259083","0,0,0"
8.333333333333334,47,AV,1,0,0,23,923.9636394510808,0.1,-28.162777777777773,"0.06327592592592593,0.08167635658914728,0.11215120274914088,0.1,0.23,0.04443562579808411","0,0,0"
27.383333333333333,74,AV,1,0,0,65,1150.2916000513435,0.1,-28.162777777777773,"0.5997272727272727,0.26165942028985517,0.29592443064182195,0.1,0.65,0.05532027984231857","0,0,0"
31.233333333333334,240,AV,0,0,0,39,4609.601315671212,0.3,-28.16277777777778,"0.2070470737913486,0.13280777777777777,0.16556954436450838,0.3,0.39,0.2216867746691962","0,0,0"
43.11666666666667,233,AV,0,0,0,52,4459.768546990965,0.3,-28.162777777777773,"0.4209233870967743,0.20029629629629628,0.23791885964912285,0.3,0.52,0.21448095773323778","0,0,0"
26.783333333333335,25,AV,1,0,0,64,658.4091024775607,0.1,-28.16277777777778,"0.5900792349726776,0.2574468599033817,0.2905510416666667,0.1,0.64,0.03166447168540803","0,0,0"
9.016666666666667,274,AV,1,0,0,27,7130.271245067938,0.2,-28.162777777777773,"0.072675641025641,0.0867488262910798,0.11929617117117118,0.2,0.27,0.34291183262677855","0,0,0"
22.533333333333335,283,AV,2,0,0,49,8795.495569618428,0.1,-28.16277777777778,"0.3556344086021505,0.17914556962025316,0.214195652173913,0.1,0.49,0.42299646128116253","0,0,0"
17.216666666666665,108,AV,0,0,0,33,1596.1763216794554,0.4,-28.16277777777778,"0.1274247311827957,0.10850408997955009,0.1379962406015038,0.4,0.33,0.07676394471545202","0,0,0"
9.433333333333334,18,AV,1,0,0,28,617.4453946714843,0.5,-28.16277777777778,"0.08913695090439276,0.09340410958904106,0.12689999999999999,0.5,0.28,0.02969442880314238","0,0,0"
74.73333333333333,286,AV,0,0,0,75,9667.56212442905,0.4,-28.16277777777778,"0.7390754716981135,0.3071313465783664,0.3399069529652352,0.4,0.75,0.4649362319020181","0,0,0"
27.433333333333334,200,AV,1,0,0,64,3269.866339895674,0.2,-28.162777777777773,"0.5900792349726776,0.2574468599033817,0.2905510416666667,0.2,0.64,0.15725570886715387","0,0,0"
45.266666666666666,194,AV,0,0,0,53,3097.4575811220984,0.2,-28.162777777777773,"0.4233818897637795,0.20217324561403507,0.23829550827423174,0.2,0.53,0.14896415846185204","0,0,0"
31.533333333333335,130,AV,2,0,0,69,1942.5668635563816,0.8,-28.16277777777778,"0.6877611940298507,0.28547362110311747,0.3205430839002268,0.8,0.69,0.09342269603599423","0,0,0"
26.166666666666668,104,AV,2,0,0,55,1530.0661682302475,0.1,-28.16277777777778,"0.4725638020833333,0.22099196787148592,0.2521507936507936,0.1,0.55,0.07358454899608351","0,0,0"
17.716666666666665,76,AV,1,0,0,47,1240.6560786390864,0.2,-28.162777777777773,"0.3177478632478632,0.16711471861471858,0.20094407158836688,0.2,0.47,0.05966612418566248","0,0,0"
33.21666666666667,46,AV,2,0,0,73,892.1845339920479,0.9,-28.162777777777773,"0.7296036036036035,0.30074999999999996,0.3344389233954452,0.9,0.73,0.042907292454561666","0,0,0"
30.65,180,AV,1,0,0,72,2835.850686157305,0.4,-28.162777777777773,"0.7198942028985507,0.29497587719298246,0.33051416122004357,0.4,0.72,0.13638285591431848","0,0,0"
34.4,220,AV,1,0,0,80,3849.958431883558,0.2,-28.16277777777778,"0.7857150997150997,0.32116887417218537,0.35168092105263166,0.2,0.8,0.18515372782308936","0,0,0"
16.716666666666665,20,AV,1,0,0,46,632.5893922142865,0.1,-28.16277777777778,"0.3015028011204482,0.16065359477124186,0.19235923423423418,0.1,0.46,0.030422739939172414","0,0,0"
13.783333333333333,181,AV,0,0,0,28,2850.5966631146844,0.6,-28.162777777777773,"0.08913695090439276,0.09340410958904106,0.12689999999999999,0.6,0.28,0.13709202528649697","0,0,0"
15.366666666666667,16,AV,0,0,0,31,614.9217871931492,0.3,-28.16277777777778,"0.10590399999999998,0.10225541125541122,0.13513002364066196,0.3,0.31,0.029573062471416202","0,0,0"
21.716666666666665,142,AV,2,0,0,49,2141.869626207308,0.1,-28.162777777777773,"0.3556344086021505,0.17914556962025316,0.214195652173913,0.1,0.49,0.10300764354209123","0,0,0"
26.666666666666668,295,AV,1,0,0,63,13430.196447392702,0.2,-28.162777777777773,"0.572374677002584,0.25296766169154233,0.2865668789808917,0.2,0.63,0.6458903340456582","0,0,0"
12.55,265,AV,0,0,0,27,6081.635477498837,0.3,-28.16277777777778,"0.072675641025641,0.0867488262910798,0.11929617117117118,0.3,0.27,0.29248042539751784","0,0,0"
26.066666666666666,197,AV,2,0,0,53,3206.59631480788,0.1,-28.16277777777778,"0.4233818897637795,0.20217324561403507,0.23829550827423174,0.1,0.53,0.15421290172735466","0,0,0"
38.25,88,AV,0,0,0,47,1310.9401185904849,0.1,-28.162777777777773,"0.3177478632478632,0.16711471861471858,0.20094407158836688,0.1,0.47,0.06304625211008313","0,0,0"
13.566666666666666,163,AV,1,0,0,39,2476.7926805910606,0.2,-28.16277777777778,"0.2070470737913486,0.13280777777777777,0.16556954436450838,0.2,0.39,0.1191148959060364","0,0,0"
26.6,222,AV,2,0,0,57,3958.913906791885,0.6,-28.162777777777773,"0.5056215846994535,0.23449122807017542,0.26712328767123283,0.6,0.57,0.1903936577347851","0,0,0"
35.6,126,AV,2,0,0,83,1900.764377468582,0.1,-28.162777777777773,"0.7933435897435898,0.32506071428571426,0.3559511111111111,0.1,0.83,0.09141231429593938","0,0,0"
21.9,281,AV,1,0,0,54,8348.421721831439,0.1,-28.162777777777773,"0.44949343832021,0.21130386178861785,0.24306847545219643,0.1,0.54,0.4014956084811817","0,0,0"
13.666666666666666,146,AV,1,0,0,39,2255.9253983027734,0.2,-28.162777777777773,"0.2070470737913486,0.13280777777777777,0.16556954436450838,0.2,0.39,0.1084928589689197","0,0,0"
21.516666666666666,224,AV,2,0,0,46,3987.5502105766736,0.4,-28.162777777777773,"0.3015028011204482,0.16065359477124186,0.19235923423423418,0.4,0.46,0.1917708462137355","0,0,0"
43.13333333333333,266,AV,0,0,0,51,6130.868263041086,0.3,-28.162777777777773,"0.3880126050420168,0.18855668934240363,0.2240422077922078,0.3,0.51,0.29484814804583803","0,0,0"
13.8,205,AV,1,0,0,41,3389.778327720714,0.2,-28.16277777777778,"0.22249184149184148,0.13662155388471178,0.1683090277777778,0.2,0.41,0.16302256374345986","0,0,0"
33.18333333333333,161,AV,2,0,0,68,2446.4664131825853,0.1,-28.162777777777773,"0.6724448529411764,0.28128009259259257,0.31459404761904763,0.1,0.68,0.11765643302624577","0,0,0"
28.583333333333332,152,AV,2,0,0,58,2326.172138461347,0.2,-28.16277777777778,"0.5183497267759563,0.23614017660044148,0.2679229024943311,0.2,0.58,0.11187119305691051","0,0,0"
15.4,208,AV,0,0,0,31,3480.90175047103,0.1,-28.162777777777773,"0.10590399999999998,0.10225541125541122,0.13513002364066196,0.1,0.31,0.1674049075304721","0,0,0"
29.4,72,AV,2,0,0,62,1122.7546975855585,0.2,-28.16277777777778,"0.5613460559796437,0.24752738095238097,0.2795648769574944,0.2,0.62,0.05399596420763093","0,0,0"
73.13333333333334,110,AV,0,0,0,73,1614.9493849180149,0.4,-28.16277777777778,"0.7296036036036035,0.30074999999999996,0.3344389233954452,0.4,0.73,0.07766678631823196","0,0,0"
34.86666666666667,294,AV,0,0,0,42,12197.400506638176,0.2,-28.16277777777778,"0.23358582089552235,0.1394304556354916,0.17085827664399095,0.2,0.42,0.5866022227285186","0,0,0"
10.933333333333334,198,AV,2,0,0,21,3245.380745418587,0.1,-28.16277777777778,"0.05953755868544602,0.07792655367231638,0.11158125,0.1,0.21,0.156078137946426","0,0,0"
30.066666666666666,165,AV,2,0,0,58,2530.9644311939346,0.2,-28.16277777777778,"0.5183497267759563,0.23614017660044148,0.2679229024943311,0.2,0.58,0.12172014522087579","0,0,0"
36.35,13,AV,0,0,0,44,583.3206434887895,0.9,-28.162777777777773,"0.26061195928753184,0.14875117370892021,0.1812993197278912,0.9,0.44,0.028053287735180215","0,0,0"
8.416666666666666,37,AV,0,0,0,24,832.4581618945489,0.4,-28.162777777777773,"0.06783623188405798,0.08437426900584795,0.11782421874999999,0.4,0.24,0.040034908079806066","0,0,0"
14.4,173,AV,1,0,0,39,2747.619709803412,0.4,-28.162777777777773,"0.2070470737913486,0.13280777777777777,0.16556954436450838,0.4,0.39,0.13213961680656489","0,0,0"
66.1,65,AV,0,0,0,66,1083.524948441525,0.2,-28.162777777777773,"0.6298511450381679,0.2695462962962963,0.3050149425287357,0.2,0.66,0.05210931155303881","0,0,0"
25.516666666666666,158,AV,2,0,0,55,2417.357356239525,0.3,-28.162777777777773,"0.4725638020833333,0.22099196787148592,0.2521507936507936,0.3,0.55,0.11625650871491097","0,0,0"
22.2,238,AV,1,0,0,54,4569.840806868062,0.1,-28.16277777777778,"0.44949343832021,0.21130386178861785,0.24306847545219643,0.1,0.54,0.21977459651057532","0,0,0"
20.033333333333335,135,AV,2,0,0,45,2052.607856914241,0.8,-28.162777777777773,"0.29239295392953935,0.15783333333333333,0.18987785388127856,0.8,0.45,0.09871483113148809","0,0,0"
16.316666666666666,156,AV,1,0,0,44,2401.1770329784995,0.2,-28.16277777777778,"0.26061195928753184,0.14875117370892021,0.1812993197278912,0.2,0.44,0.11547835819142706","0,0,0"
23.233333333333334,219,AV,2,0,0,49,3824.993837156676,0.6,-28.162777777777773,"0.3556344086021505,0.17914556962025316,0.214195652173913,0.6,0.49,0.18395312063237393","0,0,0"
28.05,96,AV,2,0,0,55,1460.8215047913693,0.4,-28.162777777777773,"0.4725638020833333,0.22099196787148592,0.2521507936507936,0.4,0.55,0.07025440717912602","0,0,0"
11.55,234,AV,1,0,0,35,4547.885280126284,0.9,-28.162777777777773,"0.14837564102564105,0.11476054852320677,0.14719444444444446,0.9,0.35,0.2187187026108142","0,0,0"
25.483333333333334,17,AV,1,0,0,61,615.3970356119416,0.7,-28.162777777777773,"0.5503617571059432,0.24559410430839,0.2773900462962963,0.7,0.61,0.029595918306859183","0,0,0"
18.3,248,AV,1,0,0,47,4950.268578812107,0.2,-28.162777777777773,"0.3177478632478632,0.16711471861471858,0.20094407158836688,0.2,0.47,0.238070279798878","0,0,0"
20.833333333333332,136,AV,1,0,0,53,2078.9202215407213,0.7,-28.16277777777778,"0.4233818897637795,0.20217324561403507,0.23829550827423174,0.7,0.53,0.09998025580674873","0,0,0"
62.5,134,AV,0,0,0,65,2046.5713793034688,0.1,-28.16277777777778,"0.5997272727272727,0.26165942028985517,0.29592443064182195,0.1,0.65,0.09842452245612708","0,0,0"
19.05,201,AV,2,0,0,45,3274.575105225111,0.4,-28.16277777777778,"0.29239295392953935,0.15783333333333333,0.18987785388127856,0.4,0.45,0.15748216467690215","0,0,0"
20.75,268,AV,2,0,0,45,6434.117121135291,0.1,-28.16277777777778,"0.29239295392953935,0.15783333333333333,0.18987785388127856,0.1,0.45,0.3094321123996473","0,0,0"
28.6,1,AV,2,0,0,60,424.9057127261393,0.5,-28.16277777777778,"0.5437447916666667,0.24395351473922908,0.2760367816091955,0.5,0.6,0.020434734056617176","0,0,0"
35.88333333333333,151,AV,2,0,0,82,2318.2944376966047,0.1,-28.162777777777773,"0.7919039999999999,0.32364367816091955,0.35510777777777774,0.1,0.82,0.11149233554738845","0,0,0"
12.916666666666666,131,AV,2,0,0,31,1945.516475481125,0.5,-28.162777777777773,"0.10590399999999998,0.10225541125541122,0.13513002364066196,0.5,0.31,0.09356454994251304","0,0,0"
71.31666666666666,279,AV,0,0,0,72,8134.997760071039,0.9,-28.16277777777778,"0.7198942028985507,0.29497587719298246,0.33051416122004357,0.9,0.72,0.39123153866695837","0,0,0"
26.75,54,AV,2,0,0,58,954.0002559944874,0.3,-28.162777777777773,"0.5183497267759563,0.23614017660044148,0.2679229024943311,0.3,0.58,0.045880158673594545","0,0,0"
32.266666666666666,45,AV,1,0,0,75,877.6907461205365,0.6,-28.162777777777773,"0.7390754716981135,0.3071313465783664,0.3399069529652352,0.6,0.75,0.04221025145992046","0,0,0"
28.016666666666666,243,AV,1,0,0,65,4645.51881630073,0.2,-28.16277777777778,"0.5997272727272727,0.26165942028985517,0.29592443064182195,0.2,0.65,0.22341413335457028","0,0,0"
13.816666666666666,53,AV,0,0,0,30,946.2003450753726,0.5,-28.16277777777778,"0.09762301587301589,0.0975607966457023,0.1314358024691358,0.5,0.3,0.04550504226418034","0,0,0"
23.866666666666667,64,AV,2,0,0,53,1052.4070316009115,0.6,-28.16277777777778,"0.4233818897637795,0.20217324561403507,0.23829550827423174,0.6,0.53,0.05061277635478482","0,0,0"
28.683333333333334,196,AV,2,0,0,61,3197.7177395395383,0.3,-28.16277777777778,"0.5503617571059432,0.24559410430839,0.2773900462962963,0.3,0.61,0.15378590976425258","0,0,0"
