travel_time,id,kind,action,bid_route_0,bid_route_1,bid_route_2,karma_balance,origin,destination,start_time,income,urgency,reward
23.366666666666667,122,AV,1,0,5,4,5,0,0,45,3942.222625638348,0.1,-2.336666666666667
42.583333333333336,247,AV,1,2,8,5,0,0,0,78,2612.3907844155665,0.1,-4.258333333333334
12.75,58,AV,1,0,5,4,1,0,0,20,19040.472291926453,0.1,-1.2750000000000001
31.283333333333335,260,AV,1,0,5,4,15,0,0,56,679.8949342204361,0.4,-12.513333333333335
39.45,160,AV,2,2,1,2,8,0,0,56,10213.823531357188,0.4,-15.780000000000001
37.516666666666666,264,AV,2,2,1,2,5,0,0,58,4639.089550420253,0.1,-3.751666666666667
33.333333333333336,186,AV,2,4,2,5,2,0,0,46,10838.007207066395,0.1,-3.333333333333334
21.083333333333332,142,AV,1,0,5,4,2,0,0,41,4934.883137056144,0.1,-2.1083333333333334
27.483333333333334,141,AV,2,0,0,3,8,0,0,37,3119.7161673652217,0.9,-24.735000000000003
24.516666666666666,298,AV,1,0,5,4,2,0,0,46,2761.3662775036096,0.8,-19.613333333333333
27.566666666666666,98,AV,1,0,5,4,1,0,0,49,2675.3892374750885,1.0,-27.566666666666666
23.866666666666667,147,AV,1,0,5,4,6,0,0,44,2030.86588445069,1.0,-23.866666666666667
45.36666666666667,125,AV,2,4,1,5,15,0,0,68,863.3540159882258,0.6,-27.22
31.4,99,AV,2,0,0,3,3,0,0,46,777.0630287344238,0.2,-6.28
41.28333333333333,132,AV,2,2,1,2,15,0,0,63,5721.231751015957,0.1,-4.128333333333333
24.266666666666666,271,AV,1,1,5,2,1,0,0,42,3169.820795106812,0.1,-2.4266666666666667
34.733333333333334,103,AV,2,4,1,4,5,0,0,48,1386.7650627050614,0.1,-3.4733333333333336
27.65,20,AV,2,4,1,5,6,0,0,35,3480.90175047103,0.8,-22.12
18.75,32,AV,1,1,7,1,4,0,0,37,2458.2611968747465,0.6,-11.25
31.2,4,AV,2,4,1,5,2,0,0,45,7612.519032757181,0.8,-24.96
44.06666666666667,151,AV,2,2,1,2,4,0,0,68,2015.5588757501516,0.2,-8.813333333333334
20.133333333333333,144,AV,1,0,5,4,1,0,0,40,4015.909421979459,0.3,-6.04
24.483333333333334,234,AV,1,1,5,2,1,0,0,45,7177.938863287724,0.5,-12.241666666666667
29.866666666666667,14,AV,2,1,2,5,1,0,0,43,2398.572127464108,0.1,-2.986666666666667
32.21666666666667,22,AV,1,0,5,4,23,0,0,56,1373.5659577718477,0.2,-6.443333333333334
35.766666666666666,57,AV,1,1,7,1,1,0,0,60,3398.605365942332,0.3,-10.729999999999999
29.45,124,AV,1,0,5,4,2,0,0,53,2044.1603053436156,0.1,-2.9450000000000003
32.5,162,AV,1,0,5,4,0,0,0,59,4227.85786318916,0.2,-6.5
45.4,42,AV,2,0,0,3,4,0,0,68,3773.073658575576,0.4,-18.16
44.93333333333333,50,AV,2,2,1,2,15,0,0,73,4572.8741748457805,0.8,-35.946666666666665
12.233333333333333,91,AV,1,0,5,4,1,0,0,20,2744.255474143275,0.2,-2.4466666666666668
38.4,137,AV,1,0,5,4,36,0,0,63,4196.147454418583,0.2,-7.68
44.45,217,AV,2,0,0,3,8,0,0,66,1446.9812594843625,0.2,-8.89
25.0,279,AV,1,4,5,0,17,0,0,46,477.1303205766694,0.1,-2.5
37.25,277,AV,2,0,2,4,10,0,0,50,3608.770587345788,0.8,-29.8
27.65,207,AV,1,1,5,2,4,0,0,52,4609.601315671212,0.1,-2.765
39.03333333333333,120,AV,2,2,1,2,40,0,0,59,2965.4163440895786,0.4,-15.613333333333333
33.38333333333333,200,AV,1,0,5,4,3,0,0,59,9280.176126726552,0.1,-3.3383333333333334
39.233333333333334,203,AV,1,0,5,4,9,0,0,66,4376.119511966378,0.1,-3.923333333333334
29.5,291,AV,1,1,5,2,3,0,0,54,5911.733280178027,0.4,-11.8
37.5,77,AV,1,0,5,4,19,0,0,64,857.6590975250949,0.9,-33.75
25.933333333333334,44,AV,2,4,1,5,5,0,0,38,742.4887258523852,0.2,-5.186666666666667
34.46666666666667,71,AV,1,0,5,4,9,0,0,60,2780.081336731352,0.2,-6.893333333333334
38.81666666666667,267,AV,1,0,5,4,3,0,0,70,2744.8905386527767,0.2,-7.7633333333333345
29.25,129,AV,1,0,5,4,10,0,0,55,1046.6558973464134,0.7,-20.474999999999998
39.766666666666666,135,AV,2,4,1,5,0,0,0,59,2456.6540037696086,0.2,-7.953333333333333
13.366666666666667,128,AV,0,7,4,0,1,0,0,43,8326.33528790118,0.1,-1.336666666666667
24.75,228,AV,2,0,0,3,18,0,0,24,2927.9701715656583,0.1,-2.475
32.38333333333333,78,AV,1,0,5,4,17,0,0,57,802.5586880039084,0.1,-3.2383333333333333
41.13333333333333,116,AV,1,0,5,4,6,0,0,72,2052.607856914241,0.3,-12.34
35.35,249,AV,1,0,5,4,1,0,0,61,4504.939201911708,0.1,-3.535
17.55,45,AV,1,1,5,2,0,0,0,36,3667.3634505223554,0.1,-1.7550000000000001
45.916666666666664,112,AV,2,0,0,3,10,0,0,85,3427.0421228311798,0.1,-4.591666666666667
27.45,47,AV,1,0,5,0,0,0,0,52,2239.257430619588,0.4,-10.98
30.433333333333334,208,AV,1,0,5,0,5,0,0,55,2756.9260540590044,0.2,-6.086666666666667
40.5,262,AV,1,0,5,4,7,0,0,75,2964.6777926145683,0.4,-16.2
23.183333333333334,190,AV,2,4,1,5,3,0,0,32,506.5869000089976,0.1,-2.3183333333333334
32.06666666666667,101,AV,1,0,5,4,1,0,0,56,1530.6528609905624,0.5,-16.033333333333335
47.28333333333333,89,AV,2,2,1,2,37,0,0,75,1564.487892525026,0.1,-4.7283333333333335
38.21666666666667,179,AV,2,2,1,2,6,0,0,56,979.573716991658,0.3,-11.465
31.933333333333334,243,AV,2,0,4,3,4,0,0,46,4459.768546990965,0.4,-12.773333333333333
34.15,240,AV,1,0,5,4,6,0,0,59,2417.357356239525,0.3,-10.245
30.483333333333334,268,AV,1,0,5,4,0,0,0,55,670.158540600369,0.1,-3.048333333333334
6.516666666666667,297,AV,0,5,0,2,2,0,0,23,1249.5878531833848,0.2,-1.3033333333333335
30.783333333333335,59,AV,1,0,5,4,3,0,0,55,6020.57275324985,0.6,-18.47
25.65,145,AV,1,0,5,4,3,0,0,48,2645.062412614309,0.2,-5.13
39.38333333333333,215,AV,2,2,1,2,4,0,0,56,13460.811009378149,0.2,-7.876666666666667
17.683333333333334,118,AV,1,1,5,7,2,0,0,36,863.5619359671642,0.8,-14.146666666666668
27.5,193,AV,1,0,5,4,3,0,0,50,3257.969850357721,0.3,-8.25
15.333333333333334,28,AV,1,0,5,4,2,0,0,25,3323.1633986738134,0.6,-9.2
28.766666666666666,159,AV,2,3,2,3,4,0,0,36,497.26542980048754,0.1,-2.876666666666667
29.866666666666667,293,AV,1,0,5,4,3,0,0,54,1507.5005543882637,0.8,-23.893333333333334
15.216666666666667,105,AV,1,0,5,4,7,0,0,28,969.457736312404,0.1,-1.5216666666666667
22.9,24,AV,2,2,1,2,4,0,0,17,837.3801312568858,0.7,-16.029999999999998
30.483333333333334,187,AV,2,3,4,6,1,0,0,40,388.2787303527966,0.1,-3.048333333333334
23.116666666666667,26,AV,1,1,5,2,2,0,0,42,3024.224513765153,0.2,-4.623333333333334
17.85,154,AV,1,1,7,1,0,0,0,37,2421.832203454489,0.1,-1.7850000000000001
51.1,197,AV,2,2,1,2,4,0,0,79,1659.6531244520008,0.3,-15.33
36.75,199,AV,2,0,0,3,6,0,0,57,2533.2754137277425,0.6,-22.05
36.483333333333334,172,AV,1,0,5,4,3,0,0,63,597.1498506777683,0.8,-29.186666666666667
16.666666666666668,284,AV,1,1,5,2,4,0,0,32,5009.92015912814,0.6,-10.0
30.633333333333333,239,AV,1,0,5,4,6,0,0,55,2108.868816674547,0.8,-24.506666666666668
25.016666666666666,166,AV,2,3,1,2,5,0,0,24,1541.4014724042315,0.6,-15.009999999999998
28.383333333333333,97,AV,1,2,8,5,4,0,0,54,2239.194506681481,0.1,-2.8383333333333334
21.083333333333332,290,AV,1,0,5,4,5,0,0,41,7864.29237148983,0.1,-2.1083333333333334
34.583333333333336,275,AV,1,0,5,4,35,0,0,60,2472.005569054355,0.1,-3.458333333333334
39.8,2,AV,1,0,5,4,31,0,0,70,4662.282088415262,0.3,-11.94
24.9,25,AV,2,1,3,3,4,0,0,36,4968.170350229253,0.2,-4.98
29.633333333333333,108,AV,2,2,1,2,5,0,0,46,6248.181898567973,0.6,-17.779999999999998
35.45,73,AV,1,0,5,4,6,0,0,60,539.5213747330826,0.3,-10.635
29.733333333333334,241,AV,2,0,0,6,3,0,0,35,457.16351791608827,0.1,-2.9733333333333336
30.616666666666667,222,AV,1,2,8,5,4,0,0,51,1205.4292211271013,0.3,-9.185
27.216666666666665,29,AV,1,1,5,2,0,0,0,50,3971.0791127863904,0.1,-2.7216666666666667
44.583333333333336,255,AV,2,2,1,2,4,0,0,83,776.0711537761008,0.2,-8.916666666666668
17.316666666666666,109,AV,1,0,5,4,1,0,0,26,1454.957177165027,0.4,-6.926666666666667
19.383333333333333,184,AV,1,0,5,4,0,0,0,37,419.7646265090227,0.6,-11.629999999999999
12.633333333333333,272,AV,1,1,5,2,1,0,0,18,1434.4967426379471,0.7,-8.843333333333332
31.8,287,AV,1,0,5,4,4,0,0,55,1447.5744631551047,0.4,-12.72
35.6,258,AV,1,1,5,2,13,0,0,60,8975.220492497892,0.1,-3.5600000000000005
20.366666666666667,119,AV,1,0,5,4,11,0,0,39,4635.813442599864,0.3,-6.11
17.566666666666666,100,AV,1,1,7,1,1,0,0,37,1639.6236094811811,0.1,-1.7566666666666668
38.016666666666666,52,AV,2,0,0,3,30,0,0,60,1475.2077210572677,0.4,-15.206666666666667
25.566666666666666,80,AV,2,4,1,4,9,0,0,33,1038.299283744561,0.3,-7.67
18.783333333333335,140,AV,1,3,6,4,1,0,0,38,5307.329693361759,0.3,-5.635000000000001
22.333333333333332,253,AV,1,0,5,4,2,0,0,43,3508.846318545673,0.3,-6.699999999999999
44.8,283,AV,2,0,0,3,5,0,0,59,2966.188350320237,1.0,-44.8
37.21666666666667,127,AV,1,0,5,4,11,0,0,65,870.7377108213431,0.2,-7.443333333333334
34.56666666666667,149,AV,2,2,2,4,5,0,0,48,6563.608435155774,0.1,-3.456666666666667
40.95,41,AV,2,2,0,1,7,0,0,54,449.0833195935783,0.9,-36.855000000000004
22.05,130,AV,2,2,2,4,8,0,0,14,4705.31956239884,0.1,-2.205
18.283333333333335,285,AV,1,4,5,3,6,0,0,38,676.2529471816457,0.3,-5.485
28.516666666666666,178,AV,2,0,0,3,4,0,0,41,981.8973671489576,0.1,-2.8516666666666666
12.9,227,AV,1,0,5,4,0,0,0,25,3046.5766145774583,0.5,-6.45
32.483333333333334,237,AV,1,1,5,2,0,0,0,57,2011.9739719035176,0.2,-6.496666666666667
39.25,280,AV,1,1,5,2,6,0,0,69,567.550811201735,0.1,-3.9250000000000003
20.166666666666668,106,AV,1,0,5,4,2,0,0,41,4967.653125719208,0.5,-10.083333333333334
35.13333333333333,181,AV,1,0,5,4,4,0,0,59,5670.319740923212,0.1,-3.5133333333333336
31.9,218,AV,2,2,2,1,6,0,0,41,3032.1279287666234,1.0,-31.9
10.016666666666667,121,AV,0,5,6,3,2,0,0,36,4113.319853961603,0.1,-1.0016666666666667
41.21666666666667,192,AV,1,0,5,4,9,0,0,71,1141.0395517097602,0.1,-4.121666666666667
21.55,133,AV,1,0,5,0,0,0,0,40,2360.1328348572283,0.5,-10.775
16.583333333333332,82,AV,1,0,5,4,2,0,0,28,623.7253316558669,0.6,-9.95
36.71666666666667,171,AV,1,0,5,4,0,0,0,60,1592.2311391495805,0.4,-14.686666666666667
25.85,221,AV,1,0,5,4,3,0,0,47,1150.2916000513435,0.1,-2.5850000000000004
29.466666666666665,92,AV,2,4,1,5,0,0,0,40,3225.188153267811,0.7,-20.626666666666665
24.466666666666665,31,AV,1,1,5,2,1,0,0,46,5825.994272151124,0.2,-4.8933333333333335
40.03333333333333,161,AV,2,2,1,2,33,0,0,57,2667.9339807116767,0.5,-20.016666666666666
30.55,164,AV,1,0,5,4,0,0,0,53,5200.876525735832,0.7,-21.384999999999998
41.483333333333334,8,AV,2,2,1,2,69,0,0,62,5862.8833826120845,0.1,-4.148333333333333
33.583333333333336,167,AV,2,0,0,3,3,0,0,47,586.8516376274475,0.3,-10.075000000000001
28.25,180,AV,1,0,5,4,6,0,0,50,1823.811293294481,0.4,-11.3
29.316666666666666,261,AV,2,2,0,3,4,0,0,40,1485.5718097438446,0.2,-5.863333333333333
29.816666666666666,176,AV,2,2,1,2,11,0,0,42,1799.695682844959,0.1,-2.981666666666667
39.28333333333333,74,AV,1,0,5,4,2,0,0,70,3773.692032315799,0.4,-15.713333333333333
40.0,256,AV,2,3,2,3,4,0,0,63,2164.09247058771,0.4,-16.0
21.916666666666668,170,AV,1,0,5,4,3,0,0,42,1265.4739572733297,0.6,-13.15
37.06666666666667,183,AV,1,0,5,4,1,0,0,64,2891.134206742707,0.2,-7.413333333333334
45.583333333333336,250,AV,2,2,1,2,4,0,0,65,6081.635477498837,0.4,-18.233333333333334
22.166666666666668,62,AV,1,3,6,0,1,0,0,42,5611.673516276995,0.8,-17.733333333333334
27.483333333333334,281,AV,1,0,5,4,2,0,0,52,583.3206434887895,0.3,-8.245
14.366666666666667,266,AV,1,1,5,2,2,0,0,30,632.5893922142865,0.4,-5.746666666666667
21.583333333333332,69,AV,1,1,5,2,1,0,0,41,5304.212874057136,0.6,-12.95
44.61666666666667,70,AV,2,0,0,3,30,0,0,68,2857.6088215719105,0.3,-13.385
22.766666666666666,35,AV,1,2,8,5,12,0,0,44,9030.678864893336,0.1,-2.276666666666667
22.3,220,AV,1,0,5,4,0,0,0,42,6031.594525491932,0.4,-8.92
33.25,134,AV,1,0,5,4,0,0,0,59,3245.380745418587,0.1,-3.325
36.53333333333333,7,AV,2,2,1,2,7,0,0,49,1822.2981036688468,0.1,-3.6533333333333333
44.61666666666667,94,AV,2,2,1,2,52,0,0,76,1564.4426034616197,0.2,-8.923333333333334
44.56666666666667,254,AV,2,2,1,2,18,0,0,62,13351.937436366714,0.1,-4.456666666666667
43.5,19,AV,2,2,1,2,4,0,0,61,12197.400506638176,0.4,-17.400000000000002
27.6,276,AV,1,0,5,4,0,0,0,52,2123.4400354784907,0.1,-2.7600000000000002
32.75,67,AV,2,2,1,2,9,0,0,48,3301.717979419838,0.3,-9.825
42.266666666666666,295,AV,1,0,5,4,5,0,0,72,1927.298426803608,0.5,-21.133333333333333
33.71666666666667,152,AV,1,0,5,4,4,0,0,59,892.1845339920479,0.2,-6.743333333333334
13.716666666666667,9,AV,1,1,5,2,9,0,0,19,3824.993837156676,0.7,-9.601666666666667
36.5,219,AV,1,1,8,5,1,0,0,61,5557.427333357366,0.9,-32.85
38.05,30,AV,1,0,5,4,2,0,0,64,6007.794801579103,0.6,-22.83
19.966666666666665,292,AV,1,0,5,4,5,0,0,38,3958.913906791885,0.2,-3.993333333333333
34.13333333333333,163,AV,1,0,5,4,9,0,0,59,1167.011530479414,0.6,-20.48
21.133333333333333,296,AV,1,0,5,4,5,0,0,41,1068.5648373754009,0.5,-10.566666666666666
18.066666666666666,39,AV,1,0,5,4,11,0,0,36,2838.632091159661,0.8,-14.453333333333333
18.1,185,AV,1,0,5,4,1,0,0,37,1579.1767070066765,0.2,-3.6200000000000006
26.166666666666668,38,AV,1,0,5,4,3,0,0,46,1832.3133019091129,0.1,-2.616666666666667
28.366666666666667,150,AV,1,0,5,4,0,0,0,53,7658.5640246764915,0.8,-22.693333333333335
40.233333333333334,53,AV,2,0,0,3,4,0,0,56,2942.323800284961,0.1,-4.023333333333333
24.9,177,AV,1,1,5,2,3,0,0,47,3863.855435177377,0.4,-9.96
15.5,43,AV,1,0,5,0,2,0,0,28,4164.701887555128,0.1,-1.55
26.066666666666666,11,AV,1,4,8,7,4,0,0,48,1089.3140785512585,0.1,-2.606666666666667
24.816666666666666,76,AV,2,2,1,2,3,0,0,23,3941.04555698938,0.1,-2.481666666666667
38.1,54,AV,1,0,5,4,6,0,0,65,2131.3254046090938,0.3,-11.43
23.483333333333334,242,AV,2,0,0,3,4,0,0,25,2361.523720441912,0.3,-7.045
17.483333333333334,143,AV,1,2,8,5,0,0,0,31,1682.490559712908,0.2,-3.496666666666667
24.45,123,AV,1,0,5,4,1,0,0,44,7572.106998522375,0.2,-4.890000000000001
12.333333333333334,148,AV,1,1,5,7,3,0,0,17,914.1934345695068,0.2,-2.466666666666667
23.616666666666667,229,AV,2,1,3,4,7,0,0,34,6254.49597505133,0.4,-9.446666666666667
25.533333333333335,273,AV,2,2,1,2,5,0,0,38,13430.196447392702,0.5,-12.766666666666667
42.583333333333336,158,AV,1,2,8,4,0,0,0,85,9095.945853089892,0.2,-8.516666666666667
44.53333333333333,90,AV,1,1,5,2,7,0,0,83,4549.115907877681,0.2,-8.906666666666666
33.11666666666667,232,AV,2,0,0,3,12,0,0,49,743.7818724069466,0.1,-3.311666666666667
39.38333333333333,138,AV,1,0,5,4,1,0,0,66,1848.7234685638712,0.2,-7.876666666666667
33.11666666666667,111,AV,1,4,8,7,0,0,0,58,1830.3424648913517,0.1,-3.311666666666667
32.75,95,AV,1,4,8,7,7,0,0,57,4925.450001742355,0.9,-29.475
35.416666666666664,93,AV,1,4,8,7,6,0,0,61,1391.0507319816634,0.1,-3.5416666666666665
27.633333333333333,257,AV,2,3,4,2,4,0,0,39,1626.914224999384,0.6,-16.58
30.416666666666668,88,AV,1,1,7,5,19,0,0,54,8348.421721831439,0.2,-6.083333333333334
12.216666666666667,223,AV,1,1,5,2,0,0,0,11,1546.5147326922538,0.2,-2.4433333333333334
41.733333333333334,36,AV,2,2,1,2,7,0,0,59,3065.2253709468137,0.7,-29.21333333333333
36.71666666666667,174,AV,2,0,0,3,4,0,0,55,8689.506535985933,0.8,-29.373333333333335
30.716666666666665,173,AV,1,4,8,7,1,0,0,55,5064.807770076448,0.1,-3.0716666666666668
33.65,195,AV,2,0,0,3,10,0,0,50,17693.100214811147,0.1,-3.365
32.43333333333333,278,AV,1,0,5,4,2,0,0,57,3236.647802754315,0.1,-3.243333333333333
24.433333333333334,245,AV,1,0,5,0,1,0,0,44,2909.8477340427667,0.1,-2.4433333333333334
37.233333333333334,16,AV,1,0,5,4,1,0,0,63,1293.252850487379,0.5,-18.616666666666667
24.516666666666666,244,AV,1,0,5,4,1,0,0,46,1703.2333497257905,0.1,-2.4516666666666667
16.55,214,AV,1,2,8,5,2,0,0,31,1411.5824788559885,0.1,-1.6550000000000002
46.016666666666666,10,AV,2,2,1,2,8,0,0,76,591.6693204447811,0.2,-9.203333333333333
38.43333333333333,146,AV,2,2,1,2,7,0,0,54,2421.0391237858234,0.2,-7.6866666666666665
37.233333333333334,274,AV,2,2,1,2,10,0,0,54,1474.807688008607,0.9,-33.510000000000005
34.7,236,AV,2,0,0,3,8,0,0,52,14312.770160915026,0.2,-6.940000000000001
36.38333333333333,113,AV,2,2,1,2,8,0,0,51,2147.781038516846,0.7,-25.46833333333333
37.55,0,AV,2,2,1,2,10,0,0,50,3393.6426315430986,0.1,-3.755
40.31666666666667,136,AV,1,4,8,7,0,0,0,72,5913.041300376779,0.1,-4.031666666666667
16.133333333333333,27,AV,1,2,5,4,0,0,0,30,2035.9911412414244,1.0,-16.133333333333333
17.533333333333335,191,AV,1,4,8,7,0,0,0,35,859.2772315809713,0.3,-5.260000000000001
16.916666666666668,211,AV,1,0,5,0,0,0,0,34,1592.6375082496468,0.9,-15.225000000000001
23.983333333333334,248,AV,1,0,5,4,0,0,0,43,7897.119961473183,0.1,-2.3983333333333334
34.483333333333334,6,AV,1,0,5,4,3,0,0,59,4549.070920567666,0.1,-3.4483333333333337
45.833333333333336,210,AV,2,4,3,1,8,0,0,60,3001.8426729260827,0.1,-4.583333333333334
26.45,139,AV,1,0,5,4,0,0,0,48,2797.307504072895,0.3,-7.935
23.0,299,AV,1,0,5,4,6,0,0,43,1538.317647081207,0.3,-6.8999999999999995
27.7,3,AV,2,2,1,2,6,0,0,41,595.9176043698985,0.4,-11.08
33.35,48,AV,1,0,5,4,3,0,0,58,1097.8259349569896,0.3,-10.005
36.86666666666667,188,AV,2,2,1,2,14,0,0,54,2088.64210540395,0.2,-7.373333333333334
22.216666666666665,189,AV,1,1,7,1,0,0,0,40,978.4447105201264,0.5,-11.108333333333333
24.05,60,AV,1,1,5,2,24,0,0,45,1496.328062426438,0.4,-9.620000000000001
23.3,86,AV,1,3,6,0,2,0,0,44,832.4581618945489,0.3,-6.99
30.533333333333335,64,AV,1,4,6,7,2,0,0,55,1022.032321197676,0.4,-12.213333333333335
40.75,289,AV,2,2,1,2,8,0,0,55,465.3670128771111,0.1,-4.075
27.583333333333332,175,AV,1,0,5,4,1,0,0,51,541.9839687696077,0.1,-2.7583333333333333
39.3,66,AV,2,2,1,2,7,0,0,59,3387.2787239910285,0.9,-35.37
53.166666666666664,155,AV,2,2,1,2,4,0,0,83,2347.541384251396,0.1,-5.316666666666666
35.31666666666667,83,AV,1,0,5,4,3,0,0,59,7128.986247371214,0.2,-7.063333333333334
23.983333333333334,201,AV,2,0,0,3,9,0,0,25,4416.224882412617,0.9,-21.585
42.7,212,AV,2,2,1,2,7,0,0,63,437.8567856598078,0.1,-4.2700000000000005
47.733333333333334,259,AV,2,2,1,2,5,0,0,71,11515.391842589095,0.3,-14.32
29.583333333333332,126,AV,1,0,5,4,3,0,0,50,743.7553910389753,0.1,-2.9583333333333335
12.516666666666667,115,AV,1,4,5,7,6,0,0,25,1587.6148581174584,0.3,-3.755
22.216666666666665,21,AV,2,3,1,2,3,0,0,24,763.1985099142711,0.3,-6.664999999999999
21.166666666666668,238,AV,1,0,5,4,3,0,0,42,3630.005597296026,0.8,-16.933333333333334
27.983333333333334,165,AV,1,0,5,4,8,0,0,52,3520.054626539052,0.1,-2.798333333333334
36.53333333333333,51,AV,1,0,5,4,7,0,0,63,1588.8002265047048,0.2,-7.306666666666667
20.183333333333334,168,AV,1,0,5,4,5,0,0,37,491.8679742725259,0.7,-14.128333333333332
38.233333333333334,68,AV,2,2,1,2,9,0,0,58,8436.938288223368,0.4,-15.293333333333335
38.86666666666667,81,AV,1,1,5,2,2,0,0,70,861.805442805673,0.3,-11.66
19.966666666666665,23,AV,1,4,5,2,1,0,0,38,4843.3187157075145,0.2,-3.993333333333333
27.1,265,AV,1,1,5,2,2,0,0,49,2574.4307659940623,0.5,-13.55
35.81666666666667,12,AV,1,1,7,1,44,0,0,61,5480.041794665195,0.6,-21.490000000000002
19.566666666666666,196,AV,2,2,1,2,7,0,0,24,3352.9358316496982,0.1,-1.9566666666666668
13.466666666666667,131,AV,1,0,5,4,1,0,0,25,881.2906222289953,0.2,-2.6933333333333334
46.21666666666667,286,AV,2,0,0,3,3,0,0,75,1348.5865378412918,0.2,-9.243333333333334
38.4,246,AV,1,0,5,4,15,0,0,66,566.7055292848979,0.1,-3.84
27.416666666666668,13,AV,1,0,5,4,0,0,0,47,904.859336063587,0.4,-10.966666666666669
13.183333333333334,85,AV,1,1,5,2,3,0,0,23,4343.557359248321,0.5,-6.591666666666667
36.9,34,AV,1,4,8,7,10,0,0,61,3227.056348793521,0.4,-14.76
43.8,61,AV,2,2,1,2,28,0,0,63,4090.160813256426,0.4,-17.52
41.5,56,AV,2,4,1,5,1,0,0,60,3274.575105225111,0.4,-16.6
39.86666666666667,110,AV,1,0,5,4,3,0,0,72,649.7132696839626,1.0,-39.86666666666667
25.433333333333334,72,AV,1,1,5,2,0,0,0,47,3031.4508351358254,0.2,-5.086666666666667
28.6,224,AV,1,0,5,4,3,0,0,53,627.4062491148882,0.2,-5.720000000000001
39.833333333333336,84,AV,1,0,5,4,0,0,0,71,1005.9867386644172,0.1,-3.983333333333334
43.916666666666664,230,AV,2,0,0,3,7,0,0,63,1614.9493849180149,0.1,-4.391666666666667
43.166666666666664,270,AV,2,3,2,3,11,0,0,60,5985.732437913218,0.6,-25.9
32.81666666666667,204,AV,1,0,5,0,23,0,0,57,5051.78348307234,0.1,-3.281666666666667
38.53333333333333,233,AV,1,0,5,4,39,0,0,68,2835.850686157305,0.2,-7.706666666666667
33.483333333333334,209,AV,2,2,3,8,3,0,0,47,1074.3823512953045,0.1,-3.3483333333333336
32.25,79,AV,2,0,0,3,5,0,0,48,959.5289757906356,0.2,-6.45
36.78333333333333,202,AV,2,2,1,2,4,0,0,55,873.8892656114449,0.3,-11.034999999999998
33.833333333333336,63,AV,2,2,1,2,4,0,0,49,1530.0661682302475,0.1,-3.3833333333333337
39.86666666666667,107,AV,1,0,5,4,6,0,0,70,513.3463032142733,0.3,-11.959999999999999
24.033333333333335,198,AV,2,2,3,8,2,0,0,24,2619.168197182975,0.3,-7.21
16.983333333333334,65,AV,1,0,5,4,3,0,0,35,1794.439334206041,0.1,-1.6983333333333335
36.46666666666667,156,AV,1,4,8,7,4,0,0,62,1025.7249596144625,0.4,-14.586666666666668
40.11666666666667,282,AV,2,2,1,2,4,0,0,54,1596.1763216794554,0.1,-4.011666666666667
31.533333333333335,288,AV,2,0,0,3,3,0,0,45,1552.9853059451273,0.9,-28.380000000000003
4.9,235,AV,0,6,4,5,2,0,0,18,2648.588416164911,0.3,-1.47
22.65,114,AV,1,0,5,4,6,0,0,42,1122.7546975855585,0.1,-2.265
14.25,263,AV,1,0,5,4,0,0,0,29,15387.119225735782,0.2,-2.85
41.583333333333336,216,AV,1,0,5,4,2,0,0,78,898.3728471886773,0.2,-8.316666666666668
16.633333333333333,194,AV,1,4,5,7,2,0,0,30,932.0432837729122,0.1,-1.6633333333333333
32.93333333333333,205,AV,1,0,5,4,1,0,0,54,1282.6858023855964,0.3,-9.879999999999999
20.0,153,AV,1,0,5,4,2,0,0,39,1240.6560786390864,0.4,-8.0
48.93333333333333,231,AV,2,2,1,2,13,0,0,77,1635.9686818612918,0.8,-39.14666666666667
35.53333333333333,15,AV,1,1,8,5,27,0,0,57,4304.4895651906745,0.2,-7.1066666666666665
41.55,117,AV,1,1,7,4,3,0,0,92,5386.149373461946,0.1,-4.155
24.8,46,AV,2,1,1,1,5,0,0,21,3438.9188747307694,0.1,-2.4800000000000004
40.68333333333333,102,AV,2,2,1,2,14,0,0,55,2344.9936519099742,0.1,-4.068333333333333
29.05,5,AV,2,2,1,2,3,0,0,41,4547.885280126284,0.2,-5.8100000000000005
20.633333333333333,49,AV,1,0,5,4,1,0,0,37,7958.958807233507,0.6,-12.379999999999999
37.88333333333333,37,AV,1,1,5,2,2,0,0,67,6130.868263041086,0.3,-11.365
16.25,182,AV,1,0,5,4,0,0,0,27,4381.240268036911,0.2,-3.25
37.18333333333333,251,AV,1,0,5,4,16,0,0,61,1297.4303329633815,0.2,-7.4366666666666665
38.25,252,AV,1,0,5,4,2,0,0,67,3362.377553451843,0.4,-15.3
26.0,96,AV,2,0,3,4,5,0,0,37,1261.43865123121,0.2,-5.2
24.666666666666668,17,AV,1,0,5,4,9,0,0,46,3898.759045987068,0.7,-17.266666666666666
33.18333333333333,104,AV,2,0,0,3,4,0,0,46,1020.7360413649084,0.1,-3.3183333333333334
21.083333333333332,294,AV,2,2,1,2,8,0,0,23,6709.13861087917,0.2,-4.216666666666667
41.7,1,AV,1,0,5,4,8,0,0,72,5004.1281918097375,0.4,-16.680000000000003
18.716666666666665,169,AV,0,8,7,8,0,0,0,52,646.5589615252754,0.8,-14.973333333333333
16.116666666666667,87,AV,1,4,5,7,3,0,0,28,3849.958431883558,0.1,-1.6116666666666668
13.416666666666666,213,AV,0,7,1,0,0,0,0,41,1294.2551843223837,0.2,-2.6833333333333336
14.016666666666667,55,AV,1,0,5,4,1,0,0,27,571.0932451196882,0.5,-7.008333333333334
17.716666666666665,225,AV,1,3,6,2,1,0,0,32,1239.4416864014672,0.1,-1.7716666666666665
31.616666666666667,40,AV,1,0,5,4,3,0,0,55,11861.36896338871,0.4,-12.646666666666668
41.88333333333333,157,AV,1,4,8,7,0,0,0,80,761.8437659652793,0.1,-4.1883333333333335
32.38333333333333,33,AV,1,0,5,4,3,0,0,56,3251.3322332141274,0.7,-22.668333333333333
43.666666666666664,206,AV,2,2,1,2,4,0,0,65,4754.245589533712,0.1,-4.366666666666666
41.36666666666667,75,AV,1,2,8,4,19,0,0,79,5844.130995646287,0.2,-8.273333333333333
21.283333333333335,226,AV,1,0,5,4,0,0,0,38,8333.728817076937,0.8,-17.026666666666667
26.483333333333334,18,AV,1,0,5,4,0,0,0,47,1141.5133047894662,0.6,-15.89
17.233333333333334,269,AV,1,4,5,0,6,0,0,30,8987.822610831106,1.0,-17.233333333333334
