travel_time,id,kind,action,bid_route_0,bid_route_1,bid_route_2,karma_balance,origin,destination,start_time,income,urgency,reward
55.9,43,AV,0,7,9,8,6,0,0,47,1945.516475481125,0.3,-16.77
45.28333333333333,278,AV,0,7,7,8,3,0,0,44,1888.2149669861096,0.2,-9.056666666666667
28.35,86,AV,2,2,4,4,11,0,0,37,1921.5023446668008,0.5,-14.175
35.55,168,AV,2,6,1,5,6,0,0,55,7658.5640246764915,0.2,-7.109999999999999
23.983333333333334,89,AV,2,4,4,0,7,0,0,24,736.5379020629116,0.5,-11.991666666666667
41.916666666666664,22,AV,0,7,7,8,4,0,0,41,1717.0377309640771,0.2,-8.383333333333333
13.633333333333333,123,AV,0,7,7,8,13,0,0,25,9884.322174397852,0.4,-5.453333333333333
36.016666666666666,247,AV,1,6,9,9,2,0,0,73,12726.503958899895,0.3,-10.805
49.733333333333334,255,AV,2,0,2,5,5,0,0,83,572.7967315704935,0.5,-24.866666666666667
30.966666666666665,73,AV,1,6,9,8,4,0,0,61,1778.835052690156,0.3,-9.29
88.81666666666666,84,AV,0,8,4,7,3,0,0,63,3849.958431883558,0.6,-53.29
24.966666666666665,47,AV,2,3,1,5,6,0,0,17,3097.4575811220984,0.4,-9.986666666666666
20.466666666666665,244,AV,1,6,9,8,4,0,0,45,1682.490559712908,0.6,-12.28
82.28333333333333,297,AV,0,9,7,6,1,0,0,59,2239.257430619588,0.8,-65.82666666666667
20.683333333333334,125,AV,1,6,7,8,1,0,0,47,7177.938863287724,1.0,-20.683333333333334
32.88333333333333,80,AV,1,6,7,8,1,0,0,61,1323.5149786113286,1.0,-32.88333333333333
43.516666666666666,267,AV,2,4,1,6,11,0,0,67,2797.307504072895,0.4,-17.406666666666666
15.483333333333333,78,AV,0,9,1,0,1,0,0,30,1365.417472605012,0.2,-3.0966666666666667
28.966666666666665,151,AV,1,6,9,9,1,0,0,57,1460.106853854364,0.4,-11.586666666666666
33.35,282,AV,1,6,7,5,0,0,0,64,10721.15711953896,0.3,-10.005
30.7,137,AV,1,3,7,9,3,0,0,60,3046.5766145774583,0.6,-18.419999999999998
21.033333333333335,288,AV,1,6,9,9,2,0,0,44,4429.527615460413,0.9,-18.930000000000003
15.516666666666667,145,AV,0,7,7,3,1,0,0,28,2147.781038516846,0.2,-3.1033333333333335
26.15,140,AV,1,6,9,9,1,0,0,55,5434.023139443809,0.8,-20.92
39.983333333333334,41,AV,0,7,7,3,0,0,0,40,2767.495209174315,0.1,-3.9983333333333335
38.7,218,AV,2,4,1,5,5,0,0,56,1927.298426803608,0.4,-15.480000000000002
71.88333333333334,93,AV,0,7,7,8,6,0,0,54,845.7864251007381,0.1,-7.188333333333334
52.06666666666667,156,AV,0,7,3,5,9,0,0,46,5913.041300376779,0.6,-31.240000000000002
36.7,15,AV,1,6,9,9,1,0,0,79,6130.868263041086,0.5,-18.35
5.05,239,AV,0,7,7,8,1,0,0,11,3159.4556453821087,0.3,-1.515
23.0,23,AV,1,4,9,0,0,0,0,48,4707.821121085941,0.2,-4.6000000000000005
34.61666666666667,256,AV,1,6,9,8,2,0,0,75,861.805442805673,0.1,-3.461666666666667
34.85,298,AV,1,6,7,5,0,0,0,68,1546.5147326922538,0.3,-10.455
46.93333333333333,70,AV,0,7,7,8,3,0,0,44,3158.0604616132755,0.2,-9.386666666666667
83.61666666666666,116,AV,0,7,9,8,6,0,0,60,8029.700924090037,0.2,-16.723333333333333
8.766666666666667,249,AV,0,7,8,3,4,0,0,17,1628.9397076974285,0.2,-1.7533333333333336
41.916666666666664,107,AV,2,6,1,5,6,0,0,67,905.8209551718018,0.4,-16.766666666666666
32.56666666666667,34,AV,2,3,6,5,6,0,0,47,1249.5878531833848,0.1,-3.2566666666666673
94.05,9,AV,0,9,1,9,3,0,0,66,13351.937436366714,0.5,-47.025
36.016666666666666,4,AV,1,6,7,5,0,0,0,76,2392.7441380289174,0.1,-3.6016666666666666
31.233333333333334,72,AV,2,1,6,4,7,0,0,49,4034.238052294327,0.6,-18.74
41.416666666666664,88,AV,2,2,2,6,6,0,0,59,15725.918848752755,0.1,-4.141666666666667
30.4,236,AV,2,3,1,2,6,0,0,47,3032.1279287666234,0.8,-24.32
16.116666666666667,182,AV,1,6,9,8,0,0,0,40,6709.13861087917,0.5,-8.058333333333334
57.516666666666666,129,AV,0,7,7,3,4,0,0,48,5158.4050556257225,0.1,-5.751666666666667
27.383333333333333,27,AV,0,7,9,8,3,0,0,37,2969.8754393798326,0.4,-10.953333333333333
69.78333333333333,138,AV,0,8,5,8,9,0,0,54,3414.9419898187493,0.3,-20.935
34.68333333333333,199,AV,0,7,7,3,2,0,0,39,3558.5090095449787,0.1,-3.4683333333333333
33.9,279,AV,2,3,1,5,5,0,0,51,437.8567856598078,0.1,-3.39
44.2,215,AV,2,2,0,7,9,0,0,71,1100.389953660579,0.2,-8.840000000000002
22.416666666666668,258,AV,0,7,9,8,7,0,0,35,2035.9911412414244,0.5,-11.208333333333334
85.66666666666667,257,AV,0,7,7,8,1,0,0,61,4617.1597275219765,0.1,-8.566666666666668
33.93333333333333,169,AV,1,6,9,8,2,0,0,65,870.7377108213431,0.2,-6.786666666666666
21.1,250,AV,1,6,9,9,2,0,0,46,513.3463032142733,0.8,-16.880000000000003
48.38333333333333,28,AV,0,7,4,8,1,0,0,62,2991.769966736588,0.2,-9.676666666666668
14.05,162,AV,1,6,7,8,1,0,0,33,2744.8905386527767,0.6,-8.43
43.233333333333334,55,AV,2,3,6,5,6,0,0,77,541.9839687696077,0.3,-12.97
41.6,246,AV,2,4,1,5,5,0,0,63,1900.764377468582,0.4,-16.64
33.38333333333333,97,AV,2,2,6,0,13,0,0,51,1797.659883656486,0.2,-6.676666666666667
40.583333333333336,20,AV,2,6,1,5,6,0,0,60,3368.9508766880413,0.1,-4.058333333333334
34.13333333333333,252,AV,1,6,9,8,3,0,0,61,2472.005569054355,0.3,-10.24
38.11666666666667,53,AV,0,7,8,3,6,0,0,40,1040.734547163155,0.1,-3.811666666666667
31.066666666666666,294,AV,2,3,1,5,5,0,0,50,1141.5133047894662,0.2,-6.213333333333334
21.85,133,AV,1,4,8,9,5,0,0,47,3251.3322332141274,0.2,-4.37
21.866666666666667,7,AV,2,3,1,5,6,0,0,27,1645.9523587482854,0.2,-4.373333333333334
25.283333333333335,273,AV,2,0,2,5,7,0,0,29,2619.168197182975,0.1,-2.5283333333333338
21.066666666666666,112,AV,1,2,9,4,0,0,0,44,3866.930621896856,0.2,-4.213333333333334
43.9,2,AV,2,4,2,3,5,0,0,62,2813.5576138103806,0.1,-4.39
47.45,52,AV,2,0,5,3,9,0,0,66,1317.647826688136,0.9,-42.705000000000005
23.983333333333334,38,AV,1,2,9,3,0,0,0,51,1373.5659577718477,0.2,-4.796666666666667
89.23333333333333,30,AV,0,7,7,8,4,0,0,63,4015.909421979459,0.1,-8.923333333333334
40.583333333333336,3,AV,2,5,2,1,5,0,0,62,3024.224513765153,0.2,-8.116666666666667
35.833333333333336,99,AV,2,6,1,5,6,0,0,45,3064.640983136323,0.6,-21.5
36.43333333333333,254,AV,2,4,3,1,14,0,0,55,938.3100494872764,0.1,-3.643333333333333
46.86666666666667,132,AV,2,6,1,5,6,0,0,77,3667.3634505223554,0.4,-18.746666666666666
29.366666666666667,98,AV,0,7,7,3,1,0,0,37,3256.7228478661937,0.1,-2.936666666666667
45.166666666666664,111,AV,2,3,2,5,6,0,0,84,4200.245935785981,0.3,-13.549999999999999
35.166666666666664,241,AV,2,3,1,5,5,0,0,52,5051.78348307234,0.1,-3.5166666666666666
27.116666666666667,131,AV,2,3,1,5,6,0,0,35,3387.2787239910285,0.2,-5.423333333333334
31.783333333333335,46,AV,2,5,0,4,8,0,0,43,3197.7177395395383,0.1,-3.1783333333333337
30.05,225,AV,2,2,1,5,5,0,0,45,985.8695826897422,0.5,-15.025
76.83333333333333,204,AV,0,7,7,8,2,0,0,57,8987.033628468456,0.1,-7.683333333333334
21.766666666666666,64,AV,2,3,2,7,6,0,0,24,4959.361066312568,0.1,-2.1766666666666667
73.18333333333334,164,AV,0,8,5,3,2,0,0,55,2141.869626207308,0.4,-29.273333333333337
34.53333333333333,210,AV,2,0,6,8,1,0,0,51,2241.037238818388,0.5,-17.266666666666666
30.85,285,AV,2,2,4,2,5,0,0,41,17693.100214811147,0.3,-9.255
33.583333333333336,266,AV,1,6,7,8,1,0,0,63,2478.182963693478,0.2,-6.716666666666668
30.816666666666666,37,AV,2,6,1,5,6,0,0,41,2891.134206742707,0.3,-9.245
62.95,248,AV,0,7,7,8,14,0,0,51,1200.7903182940884,0.3,-18.885
28.483333333333334,165,AV,1,6,9,9,3,0,0,55,1869.7531794209297,0.9,-25.635
13.733333333333333,286,AV,0,7,7,5,0,0,0,26,639.9143284368583,0.4,-5.493333333333333
14.583333333333334,155,AV,1,6,9,8,2,0,0,30,610.4868582393152,0.6,-8.75
11.766666666666667,144,AV,1,6,9,8,8,0,0,14,627.4062491148882,0.8,-9.413333333333334
23.083333333333332,108,AV,1,6,9,9,0,0,0,49,8348.421721831439,0.7,-16.15833333333333
32.85,142,AV,0,7,1,1,7,0,0,38,968.7072844723906,0.2,-6.57
81.86666666666666,44,AV,0,7,7,8,2,0,0,59,743.7818724069466,0.1,-8.186666666666666
83.73333333333333,45,AV,0,7,9,8,3,0,0,60,17322.90883950548,0.2,-16.746666666666666
31.916666666666668,128,AV,2,3,1,5,5,0,0,41,4717.175795221327,0.1,-3.191666666666667
80.2,110,AV,0,7,7,8,4,0,0,58,2946.490055333797,0.1,-8.020000000000001
53.916666666666664,92,AV,0,7,9,8,8,0,0,46,2835.850686157305,0.4,-21.566666666666666
37.166666666666664,268,AV,1,6,9,9,4,0,0,80,2108.868816674547,0.4,-14.866666666666667
26.0,135,AV,2,5,1,0,6,0,0,28,1782.711710770346,0.1,-2.6
44.95,104,AV,0,7,7,8,5,0,0,44,2587.8859091729414,0.3,-13.485000000000001
75.16666666666667,299,AV,0,7,4,6,10,0,0,56,1059.8377785859489,0.5,-37.583333333333336
39.46666666666667,191,AV,2,3,1,7,1,0,0,64,2335.4036410281064,0.1,-3.946666666666667
34.81666666666667,192,AV,1,6,9,8,0,0,0,67,1148.9174546898266,0.2,-6.963333333333335
22.1,147,AV,1,6,9,9,1,0,0,48,3278.222126324269,0.8,-17.680000000000003
94.33333333333333,1,AV,0,7,7,8,10,0,0,67,4061.843573313689,0.1,-9.433333333333334
97.93333333333334,54,AV,0,7,9,8,8,0,0,70,4135.471393234625,0.2,-19.58666666666667
50.516666666666666,35,AV,0,7,7,3,2,0,0,45,2964.6777926145683,0.1,-5.051666666666667
15.433333333333334,174,AV,1,6,7,8,1,0,0,36,4924.983441788647,0.5,-7.716666666666667
17.383333333333333,5,AV,0,7,7,8,7,0,0,29,2034.664800296876,0.4,-6.953333333333333
6.833333333333333,69,AV,0,8,0,5,0,0,0,18,2218.7455195521825,0.4,-2.7333333333333334
36.983333333333334,102,AV,2,0,3,3,6,0,0,53,1089.3140785512585,0.1,-3.6983333333333337
40.63333333333333,189,AV,2,1,5,2,11,0,0,63,7912.643587116454,0.2,-8.126666666666667
34.18333333333333,209,AV,2,3,1,5,6,0,0,45,1076.386102050743,0.1,-3.418333333333333
96.26666666666667,281,AV,0,7,7,8,5,0,0,67,877.2934597877683,0.1,-9.626666666666667
32.583333333333336,223,AV,2,3,1,5,5,0,0,49,6427.339783247283,0.1,-3.2583333333333337
24.816666666666666,176,AV,2,0,5,4,5,0,0,38,2942.323800284961,0.3,-7.444999999999999
14.716666666666667,293,AV,1,6,9,9,1,0,0,28,6995.337061486569,0.8,-11.773333333333333
36.96666666666667,275,AV,1,6,9,8,3,0,0,95,3427.0421228311798,0.1,-3.696666666666667
91.1,173,AV,0,7,7,8,3,0,0,63,13460.811009378149,0.1,-9.11
92.5,296,AV,0,7,8,8,6,0,0,65,2758.442965787371,0.3,-27.75
27.233333333333334,31,AV,2,1,5,1,11,0,0,39,8326.33528790118,0.1,-2.7233333333333336
46.95,48,AV,0,8,1,6,2,0,0,44,881.2906222289953,0.4,-18.78
33.38333333333333,75,AV,2,1,2,7,5,0,0,53,4549.070920567666,0.1,-3.3383333333333334
36.11666666666667,263,AV,1,6,9,8,2,0,0,74,1104.4445206976068,0.2,-7.223333333333334
12.233333333333333,200,AV,1,6,8,2,13,0,0,22,767.6170681366935,0.7,-8.563333333333333
87.28333333333333,81,AV,0,8,5,7,3,0,0,62,5354.15698790508,0.2,-17.456666666666667
36.63333333333333,202,AV,1,6,9,8,1,0,0,75,4639.089550420253,0.1,-3.6633333333333336
34.03333333333333,150,AV,1,6,7,8,1,0,0,67,4547.885280126284,0.2,-6.806666666666667
29.916666666666668,240,AV,2,6,1,5,6,0,0,41,1261.43865123121,0.6,-17.95
21.416666666666668,146,AV,1,6,7,8,1,0,0,44,2622.7149314101284,0.8,-17.133333333333336
44.88333333333333,115,AV,2,4,1,5,5,0,0,72,1503.4428459110418,0.3,-13.465
31.916666666666668,21,AV,2,6,2,5,23,0,0,44,1830.3424648913517,1.0,-31.916666666666668
60.983333333333334,0,AV,0,7,7,5,4,0,0,49,2857.712092786687,0.1,-6.098333333333334
22.216666666666665,100,AV,2,5,5,4,7,0,0,13,978.4447105201264,0.1,-2.2216666666666667
18.15,160,AV,1,4,8,0,0,0,0,43,1592.2311391495805,0.1,-1.815
28.066666666666666,229,AV,2,0,5,3,8,0,0,40,4227.85786318916,0.1,-2.8066666666666666
31.533333333333335,193,AV,2,6,1,5,10,0,0,46,1703.2333497257905,0.1,-3.1533333333333338
10.233333333333333,265,AV,0,7,7,3,0,0,0,19,2818.3733061874163,0.2,-2.0466666666666664
24.133333333333333,161,AV,0,7,7,1,5,0,0,35,1404.912317929139,0.2,-4.826666666666667
76.83333333333333,87,AV,0,7,7,8,4,0,0,57,2417.357356239525,0.1,-7.683333333333334
40.6,67,AV,2,6,1,5,6,0,0,57,979.5720138781878,0.4,-16.240000000000002
29.133333333333333,33,AV,2,6,6,4,6,0,0,27,2411.397471856681,1.0,-29.133333333333333
42.333333333333336,207,AV,2,4,5,0,5,0,0,60,597.1498506777683,0.1,-4.233333333333333
24.9,68,AV,2,5,0,3,10,0,0,24,571.0932451196882,0.2,-4.98
30.0,49,AV,1,5,9,3,7,0,0,59,3971.0791127863904,0.4,-12.0
47.766666666666666,179,AV,2,2,1,4,6,0,0,84,4950.268578812107,0.2,-9.553333333333333
55.81666666666667,198,AV,0,7,7,8,11,0,0,47,5702.891177591027,0.2,-11.163333333333334
57.666666666666664,8,AV,0,7,7,8,1,0,0,48,3508.846318545673,0.3,-17.299999999999997
7.033333333333333,177,AV,0,7,9,8,2,0,0,10,2010.868248891871,0.5,-3.5166666666666666
30.083333333333332,234,AV,1,4,9,6,1,0,0,59,4934.883137056144,0.1,-3.0083333333333333
38.63333333333333,154,AV,2,3,1,6,6,0,0,56,3225.188153267811,0.9,-34.77
25.85,194,AV,1,6,9,9,5,0,0,54,1434.4967426379471,0.9,-23.265
20.666666666666668,50,AV,1,6,7,5,0,0,0,43,449.0833195935783,0.6,-12.4
12.166666666666666,178,AV,0,7,7,8,9,0,0,21,6918.069898529506,0.4,-4.866666666666667
36.0,188,AV,1,6,9,8,12,0,0,71,1653.1781197118603,0.4,-14.4
71.9,195,AV,0,7,0,0,0,0,0,54,7572.106998522375,0.2,-14.380000000000003
24.2,14,AV,2,3,1,5,5,0,0,34,1496.328062426438,0.2,-4.84
24.15,65,AV,0,7,8,3,3,0,0,35,11049.706566164488,0.1,-2.415
35.15,197,AV,1,6,9,9,2,0,0,69,961.7772661313056,0.3,-10.545
41.31666666666667,233,AV,2,6,1,5,6,0,0,66,8981.750106371177,0.3,-12.395000000000001
20.283333333333335,139,AV,1,6,9,9,4,0,0,43,3773.073658575576,1.0,-20.283333333333335
62.55,159,AV,0,9,0,5,2,0,0,51,877.6907461205365,0.2,-12.51
23.15,118,AV,1,6,9,9,1,0,0,49,1659.6531244520008,0.6,-13.889999999999999
37.2,39,AV,1,6,9,9,6,0,0,80,4735.166802079286,0.4,-14.880000000000003
43.983333333333334,238,AV,2,1,5,1,6,0,0,63,649.7132696839626,0.4,-17.593333333333334
23.5,85,AV,2,3,1,6,6,0,0,20,5849.7981009167725,0.3,-7.05
49.46666666666667,126,AV,2,6,1,5,6,0,0,93,5807.233742044462,0.2,-9.893333333333334
41.13333333333333,11,AV,2,6,1,5,6,0,0,58,1267.69032506861,0.1,-4.113333333333333
36.55,149,AV,2,5,5,5,6,0,0,55,19040.472291926453,0.4,-14.62
52.516666666666666,186,AV,0,7,9,8,27,0,0,45,13430.196447392702,0.9,-47.265
66.41666666666667,36,AV,0,7,7,5,8,0,0,53,7958.958807233507,0.1,-6.6416666666666675
23.866666666666667,18,AV,1,6,9,0,1,0,0,49,522.2875039790788,0.6,-14.32
29.366666666666667,245,AV,0,7,9,8,4,0,0,37,1490.1599361877834,0.4,-11.746666666666668
78.53333333333333,220,AV,0,7,9,8,4,0,0,57,2046.5713793034688,0.2,-15.706666666666667
31.166666666666668,214,AV,1,6,9,8,0,0,0,60,614.9217871931492,0.2,-6.233333333333334
99.35,230,AV,0,7,9,8,8,0,0,82,8028.27043643778,0.1,-9.935
36.11666666666667,227,AV,1,6,9,9,3,0,0,76,1530.0661682302475,0.3,-10.834999999999999
99.26666666666667,59,AV,0,8,4,2,14,0,0,87,2446.4664131825853,0.6,-59.559999999999995
8.45,12,AV,0,7,7,1,8,0,0,18,4559.760277629775,0.3,-2.5349999999999997
38.28333333333333,264,AV,2,2,0,6,10,0,0,57,753.5670156580491,0.2,-7.656666666666666
38.63333333333333,127,AV,0,7,8,3,4,0,0,39,844.3352662229099,0.1,-3.8633333333333333
28.05,185,AV,1,6,7,8,1,0,0,56,3227.056348793521,0.4,-11.22
38.56666666666667,287,AV,1,6,7,5,0,0,0,85,2756.9260540590044,0.5,-19.283333333333335
73.15,40,AV,0,7,7,5,0,0,0,56,2520.718778515204,0.1,-7.315000000000001
27.3,134,AV,2,3,1,3,5,0,0,39,3393.6426315430986,0.1,-2.7300000000000004
32.2,82,AV,1,6,7,8,1,0,0,59,2533.2754137277425,0.2,-6.440000000000001
47.016666666666666,74,AV,2,4,1,5,5,0,0,70,727.2326469992182,0.2,-9.403333333333334
31.883333333333333,167,AV,2,3,2,1,9,0,0,45,1963.0347272178835,0.4,-12.753333333333334
25.816666666666666,224,AV,0,7,8,3,9,0,0,35,753.7709081553346,0.1,-2.581666666666667
34.88333333333333,58,AV,1,6,9,8,1,0,0,68,11940.25564443948,0.2,-6.976666666666667
92.56666666666666,42,AV,0,7,3,3,7,0,0,65,4889.272753955773,0.4,-37.026666666666664
42.03333333333333,32,AV,0,7,8,3,9,0,0,40,2280.385817754286,0.1,-4.203333333333333
25.966666666666665,277,AV,0,7,7,3,0,0,0,35,2187.718469250836,0.1,-2.5966666666666667
41.36666666666667,216,AV,2,0,1,3,6,0,0,59,567.550811201735,0.3,-12.41
17.05,148,AV,0,7,7,8,3,0,0,30,9030.678864893336,0.3,-5.115
33.03333333333333,196,AV,0,7,7,1,8,0,0,38,5557.427333357366,0.2,-6.6066666666666665
97.73333333333333,90,AV,0,7,7,8,9,0,0,69,417.8295094645922,0.1,-9.773333333333333
41.666666666666664,66,AV,2,3,1,5,5,0,0,56,7592.14370769901,0.1,-4.166666666666667
45.86666666666667,253,AV,2,5,6,1,6,0,0,78,2078.9202215407213,0.2,-9.173333333333334
43.416666666666664,91,AV,0,7,7,3,6,0,0,42,1234.5997004771,0.1,-4.341666666666667
45.083333333333336,289,AV,2,6,0,5,13,0,0,68,4689.4303597647895,0.1,-4.508333333333334
23.666666666666668,211,AV,1,6,9,9,2,0,0,51,1485.5718097438446,0.5,-11.833333333333334
90.76666666666667,153,AV,0,7,7,8,5,0,0,63,4687.914961676448,0.1,-9.076666666666666
32.55,184,AV,2,4,6,1,10,0,0,49,720.4688823460104,0.5,-16.275
49.05,57,AV,2,6,1,5,6,0,0,69,2528.765907819195,0.4,-19.62
42.43333333333333,96,AV,2,5,0,8,1,0,0,66,419.7646265090227,0.4,-16.973333333333333
24.866666666666667,79,AV,1,1,9,1,2,0,0,53,1062.4074567339185,0.4,-9.946666666666667
25.266666666666666,152,AV,1,0,7,1,4,0,0,53,1260.3927948639828,1.0,-25.266666666666666
31.133333333333333,208,AV,0,7,9,8,2,0,0,37,2105.6010448069283,0.4,-12.453333333333333
85.33333333333333,62,AV,0,7,7,8,5,0,0,60,3583.4963710051925,0.1,-8.533333333333333
17.4,25,AV,1,2,7,1,0,0,0,40,1581.438059619256,0.2,-3.48
33.416666666666664,16,AV,1,6,9,8,1,0,0,64,2052.607856914241,0.2,-6.683333333333334
36.15,228,AV,2,5,3,1,6,0,0,55,2022.4315636845977,0.4,-14.46
12.166666666666666,29,AV,0,7,7,8,3,0,0,23,2927.9701715656583,0.3,-3.6499999999999995
54.05,26,AV,0,7,2,2,1,0,0,45,11515.391842589095,0.7,-37.834999999999994
67.9,259,AV,0,7,7,8,2,0,0,53,2965.4163440895786,0.1,-6.790000000000001
13.483333333333333,130,AV,1,6,9,9,3,0,0,22,1526.0895405694364,1.0,-13.483333333333333
23.6,175,AV,1,6,7,5,0,0,0,50,806.3598325453933,0.4,-9.440000000000001
61.18333333333333,10,AV,0,7,7,8,10,0,0,49,1661.9571573900298,0.2,-12.236666666666666
29.066666666666666,180,AV,2,3,1,5,5,0,0,31,5654.280440205098,0.2,-5.8133333333333335
29.966666666666665,113,AV,1,6,9,8,6,0,0,58,2953.761118311176,0.5,-14.983333333333333
36.65,280,AV,1,6,9,8,5,0,0,73,832.3173438658397,0.2,-7.33
26.866666666666667,231,AV,2,5,2,1,5,0,0,27,2476.7673195544394,0.3,-8.06
42.516666666666666,232,AV,2,6,5,3,11,0,0,64,4705.31956239884,0.1,-4.251666666666667
20.866666666666667,63,AV,0,7,8,3,2,0,0,34,1664.0464513081895,0.1,-2.086666666666667
19.25,203,AV,0,7,7,8,2,0,0,30,5009.92015912814,0.3,-5.7749999999999995
36.4,101,AV,0,7,9,8,2,0,0,39,3245.380745418587,0.4,-14.56
78.71666666666667,51,AV,0,7,5,1,4,0,0,57,859.2772315809713,0.9,-70.845
29.066666666666666,276,AV,2,1,0,2,6,0,0,41,1025.7249596144625,0.2,-5.8133333333333335
45.86666666666667,94,AV,2,3,1,5,5,0,0,62,2747.619709803412,0.2,-9.173333333333334
33.86666666666667,61,AV,2,6,3,7,0,0,0,50,904.859336063587,0.9,-30.48
36.583333333333336,283,AV,2,6,1,5,6,0,0,52,1129.1321270070612,0.6,-21.95
68.18333333333334,262,AV,0,7,9,8,9,0,0,53,6947.27484286379,0.4,-27.273333333333337
49.166666666666664,206,AV,2,1,0,0,5,0,0,58,5578.433439706214,0.8,-39.333333333333336
29.016666666666666,217,AV,2,2,2,7,0,0,0,37,6254.49597505133,0.2,-5.803333333333334
5.15,181,AV,0,7,7,8,16,0,0,12,1446.9812594843625,0.6,-3.0900000000000003
33.55,170,AV,1,6,9,9,1,0,0,61,9095.945853089892,0.6,-20.13
96.18333333333334,172,AV,0,7,7,8,8,0,0,68,4645.51881630073,0.1,-9.618333333333334
38.78333333333333,284,AV,2,3,4,3,7,0,0,54,2857.8751728516777,0.6,-23.27
27.266666666666666,158,AV,2,2,4,1,8,0,0,31,9667.367812467324,0.1,-2.7266666666666666
64.61666666666666,219,AV,0,7,7,5,0,0,0,51,1723.69240549938,0.2,-12.923333333333332
29.75,109,AV,2,2,0,4,10,0,0,45,2347.541384251396,0.1,-2.975
48.8,213,AV,0,7,7,8,4,0,0,44,2015.5588757501516,0.2,-9.76
59.38333333333333,187,AV,0,7,7,3,9,0,0,48,3301.717979419838,0.1,-5.9383333333333335
45.25,157,AV,2,4,1,5,5,0,0,71,931.9887487728153,0.5,-22.625
40.516666666666666,76,AV,2,3,3,4,11,0,0,60,2187.907521251699,0.1,-4.051666666666667
14.683333333333334,260,AV,1,5,8,3,0,0,0,27,2857.6088215719105,0.1,-1.4683333333333335
35.28333333333333,105,AV,2,5,4,4,6,0,0,47,1836.592480640456,0.1,-3.5283333333333333
12.65,243,AV,1,6,9,9,5,0,0,19,2987.078671303881,1.0,-12.65
27.183333333333334,6,AV,2,3,5,4,12,0,0,39,1117.0806745336297,0.1,-2.7183333333333337
33.36666666666667,212,AV,2,2,6,2,6,0,0,49,3361.758609282253,0.2,-6.673333333333334
30.65,143,AV,1,6,7,5,0,0,0,60,8436.938288223368,0.4,-12.26
34.983333333333334,103,AV,0,7,7,8,8,0,0,38,3758.845856207275,0.4,-13.993333333333334
34.666666666666664,120,AV,1,0,8,0,3,0,0,64,5144.150368411208,0.2,-6.933333333333334
50.61666666666667,237,AV,0,7,7,1,12,0,0,44,8795.495569618428,0.2,-10.123333333333335
39.78333333333333,136,AV,2,2,4,1,7,0,0,59,3269.866339895674,0.1,-3.9783333333333335
31.166666666666668,270,AV,0,7,7,5,0,0,0,37,14297.77376075636,0.4,-12.466666666666669
34.75,292,AV,2,1,0,8,8,0,0,49,3292.2479258152307,0.4,-13.9
47.03333333333333,56,AV,2,0,4,7,0,0,0,67,7081.334819999852,0.4,-18.813333333333333
87.31666666666666,121,AV,0,7,7,8,6,0,0,62,3822.7735841463273,0.1,-8.731666666666667
34.96666666666667,106,AV,2,3,0,5,22,0,0,50,2574.4307659940623,0.1,-3.496666666666667
20.933333333333334,119,AV,0,7,7,3,0,0,0,32,20793.30768626012,0.1,-2.0933333333333333
48.016666666666666,17,AV,2,6,1,5,6,0,0,65,3742.7752140142647,0.2,-9.603333333333333
27.783333333333335,122,AV,0,7,4,8,3,0,0,35,1587.6148581174584,0.3,-8.335
34.6,291,AV,2,0,3,9,11,0,0,50,2344.9936519099742,0.3,-10.38
26.333333333333332,271,AV,1,6,9,8,2,0,0,53,1391.0507319816634,0.4,-10.533333333333333
15.866666666666667,272,AV,1,6,7,8,1,0,0,34,4446.537177105173,0.6,-9.52
23.616666666666667,95,AV,2,5,0,7,4,0,0,26,5960.007005011629,0.4,-9.446666666666667
33.266666666666666,222,AV,2,6,1,5,6,0,0,46,2421.0391237858234,0.9,-29.94
18.65,251,AV,0,7,7,8,5,0,0,34,1194.3606142611325,0.3,-5.595
32.81666666666667,171,AV,1,6,9,8,1,0,0,63,5862.871835726062,0.3,-9.845
44.03333333333333,261,AV,2,6,1,5,6,0,0,69,4196.147454418583,1.0,-44.03333333333333
36.86666666666667,183,AV,1,6,7,5,0,0,0,75,3352.9358316496982,1.0,-36.86666666666667
25.383333333333333,77,AV,2,4,1,5,5,0,0,31,4617.971391102537,0.8,-20.30666666666667
42.05,83,AV,2,6,4,4,7,0,0,63,3169.820795106812,0.1,-4.205
36.55,295,AV,2,3,4,1,5,0,0,57,2563.744074524839,0.1,-3.655
59.36666666666667,190,AV,0,7,7,8,5,0,0,48,3863.855435177377,0.2,-11.873333333333335
27.65,269,AV,2,2,4,6,12,0,0,36,1538.317647081207,0.6,-16.59
34.4,235,AV,2,4,1,5,5,0,0,45,913.5589076746268,0.6,-20.639999999999997
24.866666666666667,166,AV,2,3,1,5,6,0,0,25,850.3216016091212,0.3,-7.46
10.083333333333334,114,AV,0,7,7,3,0,0,0,23,5487.970610754926,0.1,-1.0083333333333335
22.4,274,AV,0,7,9,8,10,0,0,34,588.8906571209208,0.6,-13.44
36.55,24,AV,0,7,9,8,4,0,0,39,1447.5744631551047,0.4,-14.62
66.48333333333333,13,AV,0,7,7,8,7,0,0,52,2271.53748778668,0.1,-6.648333333333333
43.36666666666667,205,AV,0,7,7,8,5,0,0,43,3958.913906791885,0.2,-8.673333333333334
69.75,60,AV,0,7,9,8,3,0,0,53,3230.862018062417,0.2,-13.950000000000001
80.08333333333333,124,AV,0,7,7,8,4,0,0,57,5480.041794665195,0.1,-8.008333333333333
33.53333333333333,290,AV,2,0,5,3,7,0,0,46,4549.115907877681,0.2,-6.706666666666667
64.58333333333333,163,AV,0,7,7,5,1,0,0,51,2193.4249838744518,0.1,-6.458333333333333
39.95,226,AV,0,7,7,3,3,0,0,40,2722.266725979925,0.1,-3.9950000000000006
24.883333333333333,201,AV,2,5,2,5,5,0,0,28,3456.1529418207683,0.2,-4.976666666666667
34.61666666666667,117,AV,1,3,7,0,10,0,0,72,802.5586880039084,0.1,-3.461666666666667
48.11666666666667,221,AV,2,5,4,5,6,0,0,80,2352.9451803313505,0.8,-38.49333333333334
75.25,141,AV,0,7,7,8,3,0,0,56,4113.319853961603,0.1,-7.525
32.18333333333333,242,AV,2,4,5,0,6,0,0,40,742.4887258523852,0.2,-6.4366666666666665
32.333333333333336,71,AV,2,5,1,0,22,0,0,46,4164.701887555128,0.1,-3.233333333333334
39.63333333333333,19,AV,2,6,4,9,3,0,0,60,2520.757475212996,0.2,-7.926666666666667
