travel_time,id,kind,action,bid_route_0,bid_route_1,bid_route_2,karma_balance,origin,destination,start_time,income,urgency,reward
16.166666666666668,122,AV,1,2,6,7,11,0,0,45,3942.222625638348,0.1,-0.2616666666666667
92.56666666666666,247,AV,0,6,1,0,4,0,0,78,2612.3907844155665,0.8,-1.7256666666666667
11.666666666666666,58,AV,2,3,2,1,12,0,0,20,19040.472291926453,0.6,-0.7166666666666667
59.21666666666667,260,AV,0,6,1,5,0,0,0,56,679.8949342204361,0.4,-0.9921666666666668
60.93333333333333,160,AV,0,6,0,5,1,0,0,56,10213.823531357188,0.2,-0.8093333333333332
28.183333333333334,264,AV,2,3,1,1,3,0,0,58,4639.089550420253,0.1,-0.38183333333333336
34.63333333333333,186,AV,0,5,7,7,2,0,0,46,10838.007207066395,0.6,-0.9463333333333332
20.666666666666668,142,AV,0,5,4,1,17,0,0,41,4934.883137056144,0.1,-0.30666666666666664
16.166666666666668,141,AV,2,3,2,3,4,0,0,37,3119.7161673652217,0.1,-0.2616666666666667
34.583333333333336,298,AV,0,4,8,7,16,0,0,46,2761.3662775036096,0.1,-0.4458333333333334
24.7,98,AV,2,3,2,3,7,0,0,49,2675.3892374750885,0.3,-0.5469999999999999
29.45,147,AV,0,4,8,5,7,0,0,44,2030.86588445069,0.4,-0.6945
30.216666666666665,125,AV,1,3,4,7,7,0,0,68,863.3540159882258,0.2,-0.5021666666666667
36.266666666666666,99,AV,0,9,8,6,1,0,0,46,777.0630287344238,0.2,-0.5626666666666666
31.466666666666665,132,AV,2,3,2,1,8,0,0,63,5721.231751015957,0.4,-0.7146666666666667
24.466666666666665,271,AV,0,7,4,5,0,0,0,42,3169.820795106812,0.1,-0.3446666666666667
23.166666666666668,103,AV,2,2,3,2,3,0,0,48,1386.7650627050614,0.1,-0.33166666666666667
11.85,20,AV,1,2,5,7,2,0,0,35,3480.90175047103,0.1,-0.2185
16.433333333333334,32,AV,2,2,3,7,2,0,0,37,2458.2611968747465,0.2,-0.36433333333333334
32.766666666666666,4,AV,0,5,3,4,1,0,0,45,7612.519032757181,0.2,-0.5276666666666667
33.45,151,AV,2,1,3,9,4,0,0,68,2015.5588757501516,0.2,-0.5345
17.05,144,AV,2,3,2,2,5,0,0,40,4015.909421979459,0.2,-0.37050000000000005
32.833333333333336,234,AV,0,5,2,0,1,0,0,45,7177.938863287724,0.7,-1.0283333333333333
19.25,14,AV,2,3,2,1,9,0,0,43,2398.572127464108,0.1,-0.2925
28.1,22,AV,2,3,2,1,10,0,0,56,1373.5659577718477,0.1,-0.381
31.166666666666668,57,AV,2,3,2,1,8,0,0,60,3398.605365942332,1.0,-1.3116666666666668
25.633333333333333,124,AV,2,3,2,1,9,0,0,53,2044.1603053436156,0.1,-0.3563333333333333
24.366666666666667,162,AV,1,0,7,9,4,0,0,59,4227.85786318916,0.2,-0.44366666666666665
34.18333333333333,42,AV,2,3,2,1,9,0,0,68,3773.073658575576,0.1,-0.4418333333333333
90.51666666666667,50,AV,0,4,3,5,2,0,0,73,4572.8741748457805,1.0,-1.9051666666666667
6.583333333333333,91,AV,0,7,7,3,2,0,0,20,2744.255474143275,0.8,-0.8658333333333333
31.133333333333333,137,AV,1,2,6,2,1,0,0,63,4196.147454418583,0.1,-0.41133333333333333
33.43333333333333,217,AV,2,0,1,2,3,0,0,66,1446.9812594843625,0.2,-0.5343333333333333
21.45,279,AV,2,3,0,1,27,0,0,46,477.1303205766694,0.1,-0.3145
20.716666666666665,277,AV,1,1,5,0,0,0,0,50,3608.770587345788,1.0,-1.2071666666666667
24.7,207,AV,2,1,0,5,1,0,0,52,4609.601315671212,0.1,-0.347
28.466666666666665,120,AV,2,3,2,1,11,0,0,59,2965.4163440895786,0.6,-0.8846666666666666
28.983333333333334,200,AV,2,3,2,1,15,0,0,59,9280.176126726552,0.4,-0.6898333333333333
83.86666666666666,203,AV,0,5,3,4,2,0,0,66,4376.119511966378,0.6,-1.4386666666666665
25.5,291,AV,2,3,2,3,6,0,0,54,5911.733280178027,0.1,-0.355
31.866666666666667,77,AV,2,0,3,5,3,0,0,64,857.6590975250949,0.1,-0.41866666666666663
13.016666666666667,44,AV,1,3,7,3,9,0,0,38,742.4887258523852,0.2,-0.3301666666666667
29.783333333333335,71,AV,2,3,1,1,20,0,0,60,2780.081336731352,0.6,-0.8978333333333333
85.23333333333333,267,AV,0,6,0,3,3,0,0,70,2744.8905386527767,0.1,-0.9523333333333334
53.6,129,AV,0,8,1,1,9,0,0,55,1046.6558973464134,0.1,-0.636
29.116666666666667,135,AV,2,3,1,1,13,0,0,59,2456.6540037696086,0.1,-0.39116666666666666
15.383333333333333,128,AV,1,3,6,9,14,0,0,43,8326.33528790118,0.1,-0.25383333333333336
13.033333333333333,228,AV,2,0,2,5,10,0,0,24,2927.9701715656583,0.2,-0.33033333333333337
28.166666666666668,78,AV,2,3,2,3,8,0,0,57,802.5586880039084,0.3,-0.5816666666666667
35.483333333333334,116,AV,2,3,2,1,10,0,0,72,2052.607856914241,0.3,-0.6548333333333334
30.483333333333334,249,AV,2,2,1,0,18,0,0,61,4504.939201911708,0.8,-1.1048333333333333
11.783333333333333,45,AV,1,3,5,1,2,0,0,36,3667.3634505223554,0.1,-0.21783333333333332
35.71666666666667,112,AV,2,0,2,3,4,0,0,85,3427.0421228311798,0.2,-0.5571666666666667
46.63333333333333,47,AV,0,4,4,5,2,0,0,52,2239.257430619588,0.4,-0.8663333333333334
55.6,208,AV,0,5,2,0,13,0,0,55,2756.9260540590044,0.6,-1.1560000000000001
34.85,262,AV,2,3,2,2,4,0,0,75,2964.6777926145683,0.4,-0.7485
11.7,190,AV,0,4,0,5,7,0,0,32,506.5869000089976,0.2,-0.317
61.016666666666666,101,AV,0,8,5,7,6,0,0,56,1530.6528609905624,0.1,-0.7101666666666666
35.8,89,AV,2,3,2,3,6,0,0,75,1564.487892525026,0.2,-0.558
27.816666666666666,179,AV,2,3,0,2,6,0,0,56,979.573716991658,0.2,-0.4781666666666667
36.35,243,AV,0,6,4,4,4,0,0,46,4459.768546990965,0.7,-1.0635
29.45,240,AV,2,3,2,1,8,0,0,59,2417.357356239525,0.1,-0.39449999999999996
55.7,268,AV,0,9,2,9,1,0,0,55,670.158540600369,0.1,-0.657
11.166666666666666,297,AV,2,3,0,1,16,0,0,23,1249.5878531833848,0.3,-0.4116666666666666
27.1,59,AV,2,1,2,7,0,0,0,55,6020.57275324985,0.1,-0.371
41.46666666666667,145,AV,0,5,7,4,2,0,0,48,2645.062412614309,0.2,-0.6146666666666667
28.116666666666667,215,AV,2,3,2,3,6,0,0,56,13460.811009378149,0.2,-0.4811666666666667
11.966666666666667,118,AV,1,0,8,6,2,0,0,36,863.5619359671642,0.1,-0.21966666666666668
24.416666666666668,193,AV,2,1,3,1,3,0,0,50,3257.969850357721,0.6,-0.8441666666666666
14.45,28,AV,2,0,2,2,3,0,0,25,3323.1633986738134,0.4,-0.5445
13.65,159,AV,0,9,7,5,0,0,0,36,497.26542980048754,0.4,-0.5365
52.166666666666664,293,AV,0,8,7,7,22,0,0,54,1507.5005543882637,0.2,-0.7216666666666667
10.183333333333334,105,AV,0,4,5,8,5,0,0,28,969.457736312404,0.2,-0.30183333333333334
11.766666666666667,24,AV,2,1,0,7,0,0,0,17,837.3801312568858,0.2,-0.31766666666666665
18.883333333333333,187,AV,0,9,3,8,4,0,0,40,388.2787303527966,0.2,-0.38883333333333336
20.75,26,AV,2,0,1,4,1,0,0,42,3024.224513765153,0.1,-0.3075
12.0,154,AV,1,1,7,5,0,0,0,37,2421.832203454489,0.6,-0.72
92.6,197,AV,0,6,8,7,7,0,0,79,1659.6531244520008,0.4,-1.326
24.2,199,AV,1,3,8,4,17,0,0,57,2533.2754137277425,0.3,-0.542
76.56666666666666,172,AV,0,8,2,6,3,0,0,63,597.1498506777683,0.4,-1.1656666666666666
13.95,284,AV,2,2,3,6,15,0,0,32,5009.92015912814,0.3,-0.4395
27.016666666666666,239,AV,2,2,1,7,17,0,0,55,2108.868816674547,0.6,-0.8701666666666666
9.25,166,AV,1,2,9,0,0,0,0,24,1541.4014724042315,0.2,-0.2925
21.066666666666666,97,AV,1,2,7,0,4,0,0,54,2239.194506681481,0.5,-0.7106666666666667
22.25,290,AV,0,7,0,5,0,0,0,41,7864.29237148983,0.2,-0.4225
71.36666666666666,275,AV,0,4,0,1,2,0,0,60,2472.005569054355,0.2,-0.9136666666666666
85.43333333333334,2,AV,0,4,3,7,6,0,0,70,4662.282088415262,0.6,-1.4543333333333335
14.833333333333334,25,AV,2,3,2,3,4,0,0,36,4968.170350229253,0.1,-0.24833333333333335
37.93333333333333,108,AV,0,7,1,1,4,0,0,46,6248.181898567973,0.2,-0.5793333333333333
30.6,73,AV,2,3,0,0,3,0,0,60,539.5213747330826,0.7,-1.006
16.916666666666668,241,AV,2,2,2,9,3,0,0,35,457.16351791608827,0.1,-0.26916666666666667
49.083333333333336,222,AV,0,4,5,8,9,0,0,51,1205.4292211271013,0.6,-1.0908333333333333
23.766666666666666,29,AV,2,3,2,1,13,0,0,50,3971.0791127863904,0.1,-0.33766666666666667
35.36666666666667,255,AV,2,0,0,2,3,0,0,83,776.0711537761008,0.1,-0.45366666666666666
16.166666666666668,109,AV,2,3,2,1,21,0,0,26,1454.957177165027,0.8,-0.9616666666666667
13.166666666666666,184,AV,1,0,5,7,5,0,0,37,419.7646265090227,0.2,-0.33166666666666667
11.8,272,AV,2,3,2,2,7,0,0,18,1434.4967426379471,0.1,-0.21800000000000003
57.53333333333333,287,AV,0,4,0,0,0,0,0,55,1447.5744631551047,0.1,-0.6753333333333333
73.18333333333334,258,AV,0,5,7,1,14,0,0,60,8975.220492497892,0.2,-0.9318333333333333
17.7,119,AV,2,3,2,2,3,0,0,39,4635.813442599864,0.4,-0.577
14.583333333333334,100,AV,2,2,3,3,4,0,0,37,1639.6236094811811,0.1,-0.24583333333333335
29.65,52,AV,2,1,0,0,3,0,0,60,1475.2077210572677,0.3,-0.5965
14.85,80,AV,2,3,0,1,21,0,0,33,1038.299283744561,0.1,-0.2485
16.266666666666666,140,AV,2,0,1,3,5,0,0,38,5307.329693361759,0.5,-0.6626666666666666
27.4,253,AV,0,9,8,7,0,0,0,43,3508.846318545673,0.4,-0.6739999999999999
27.116666666666667,283,AV,1,3,9,6,0,0,0,59,2966.188350320237,0.5,-0.7711666666666667
80.05,127,AV,0,6,9,0,9,0,0,65,870.7377108213431,0.1,-0.9005
23.2,149,AV,2,3,2,3,6,0,0,48,6563.608435155774,0.1,-0.33199999999999996
27.8,41,AV,2,3,2,3,8,0,0,54,449.0833195935783,0.3,-0.5780000000000001
5.083333333333333,130,AV,0,5,7,5,5,0,0,14,4705.31956239884,0.8,-0.8508333333333333
15.5,285,AV,2,0,1,1,3,0,0,38,676.2529471816457,1.0,-1.155
14.633333333333333,178,AV,1,2,4,1,0,0,0,41,981.8973671489576,0.9,-1.0463333333333333
11.85,227,AV,2,3,2,3,7,0,0,25,3046.5766145774583,0.3,-0.4185
27.733333333333334,237,AV,2,3,2,1,20,0,0,57,2011.9739719035176,0.1,-0.3773333333333333
33.93333333333333,280,AV,2,3,2,3,6,0,0,69,567.550811201735,0.1,-0.43933333333333335
16.533333333333335,106,AV,2,3,2,1,11,0,0,41,4967.653125719208,0.2,-0.3653333333333334
68.08333333333333,181,AV,0,7,5,4,0,0,0,59,5670.319740923212,1.0,-1.6808333333333332
22.483333333333334,218,AV,0,4,3,3,2,0,0,41,3032.1279287666234,0.2,-0.42483333333333334
16.15,121,AV,2,0,3,0,4,0,0,36,4113.319853961603,0.8,-0.9615
89.1,192,AV,0,7,2,7,8,0,0,71,1141.0395517097602,0.2,-1.091
14.683333333333334,133,AV,1,1,5,7,5,0,0,40,2360.1328348572283,0.8,-0.9468333333333334
10.633333333333333,82,AV,1,1,9,0,3,0,0,28,623.7253316558669,0.1,-0.20633333333333334
73.43333333333334,171,AV,0,6,5,6,0,0,0,60,1592.2311391495805,0.2,-0.9343333333333335
22.3,221,AV,2,1,2,3,3,0,0,47,1150.2916000513435,0.3,-0.523
18.883333333333333,92,AV,0,5,9,5,4,0,0,40,3225.188153267811,0.1,-0.28883333333333333
20.683333333333334,31,AV,2,3,2,1,10,0,0,46,5825.994272151124,0.4,-0.6068333333333333
28.7,161,AV,2,1,3,2,3,0,0,57,2667.9339807116767,0.1,-0.387
22.583333333333332,164,AV,1,1,8,8,1,0,0,53,5200.876525735832,0.2,-0.42583333333333334
76.6,8,AV,0,4,4,2,0,0,0,62,5862.8833826120845,0.3,-1.0659999999999998
38.166666666666664,167,AV,0,8,7,4,10,0,0,47,586.8516376274475,0.2,-0.5816666666666667
45.266666666666666,180,AV,0,4,6,1,2,0,0,50,1823.811293294481,0.2,-0.6526666666666667
18.233333333333334,261,AV,2,1,2,3,8,0,0,40,1485.5718097438446,0.4,-0.5823333333333334
19.133333333333333,176,AV,2,3,2,3,5,0,0,42,1799.695682844959,0.4,-0.5913333333333334
86.98333333333333,74,AV,0,6,3,2,0,0,0,70,3773.692032315799,0.1,-0.9698333333333333
78.25,256,AV,0,4,0,0,20,0,0,63,2164.09247058771,0.2,-0.9824999999999999
19.183333333333334,170,AV,2,1,2,2,6,0,0,42,1265.4739572733297,1.0,-1.1918333333333333
80.01666666666667,183,AV,0,4,6,4,2,0,0,64,2891.134206742707,0.2,-1.0001666666666666
33.733333333333334,250,AV,2,3,1,1,19,0,0,65,6081.635477498837,0.1,-0.43733333333333335
25.783333333333335,62,AV,0,6,1,6,5,0,0,42,5611.673516276995,0.2,-0.45783333333333337
20.383333333333333,281,AV,1,1,5,6,4,0,0,52,583.3206434887895,0.1,-0.30383333333333334
12.833333333333334,266,AV,2,2,2,4,6,0,0,30,632.5893922142865,0.7,-0.8283333333333333
18.333333333333332,69,AV,2,3,0,1,19,0,0,41,5304.212874057136,0.2,-0.3833333333333333
33.733333333333334,70,AV,2,3,2,1,8,0,0,68,2857.6088215719105,0.1,-0.43733333333333335
29.183333333333334,35,AV,0,9,4,2,0,0,0,44,9030.678864893336,0.4,-0.6918333333333333
25.833333333333332,220,AV,0,9,4,2,0,0,0,42,6031.594525491932,0.3,-0.5583333333333333
29.3,134,AV,2,3,2,1,11,0,0,59,3245.380745418587,0.6,-0.893
24.3,7,AV,2,3,2,1,9,0,0,49,1822.2981036688468,0.3,-0.5429999999999999
34.71666666666667,94,AV,2,3,1,1,15,0,0,76,1564.4426034616197,0.2,-0.5471666666666667
32.61666666666667,254,AV,2,3,2,1,11,0,0,62,13351.937436366714,0.8,-1.1261666666666668
31.783333333333335,19,AV,2,0,3,3,6,0,0,61,12197.400506638176,0.2,-0.5178333333333334
23.916666666666668,276,AV,2,3,2,3,7,0,0,52,2123.4400354784907,0.5,-0.7391666666666666
22.333333333333332,67,AV,2,3,2,3,7,0,0,48,3301.717979419838,0.5,-0.7233333333333334
32.583333333333336,295,AV,1,3,7,0,7,0,0,72,1927.298426803608,0.2,-0.5258333333333334
29.333333333333332,152,AV,2,3,3,3,3,0,0,59,892.1845339920479,0.2,-0.49333333333333335
12.933333333333334,9,AV,2,3,2,1,13,0,0,19,3824.993837156676,0.6,-0.7293333333333333
27.766666666666666,219,AV,1,0,4,1,0,0,0,61,5557.427333357366,0.1,-0.3776666666666667
32.78333333333333,30,AV,2,0,3,1,6,0,0,64,6007.794801579103,0.3,-0.6278333333333332
13.633333333333333,292,AV,1,0,4,0,2,0,0,38,3958.913906791885,0.3,-0.43633333333333335
67.95,163,AV,0,7,4,0,11,0,0,59,1167.011530479414,0.6,-1.2795
14.766666666666667,296,AV,1,0,5,8,9,0,0,41,1068.5648373754009,0.1,-0.24766666666666667
15.833333333333334,39,AV,2,3,2,1,9,0,0,36,2838.632091159661,0.3,-0.4583333333333333
14.883333333333333,185,AV,2,0,0,5,0,0,0,37,1579.1767070066765,1.0,-1.1488333333333334
22.816666666666666,38,AV,2,3,2,1,9,0,0,46,1832.3133019091129,0.3,-0.5281666666666667
21.066666666666666,150,AV,1,3,4,6,2,0,0,53,7658.5640246764915,0.1,-0.31066666666666665
62.733333333333334,53,AV,0,8,0,5,3,0,0,56,2942.323800284961,0.1,-0.7273333333333333
21.05,177,AV,2,3,2,1,17,0,0,47,3863.855435177377,0.1,-0.3105
10.2,43,AV,1,1,8,1,8,0,0,28,4164.701887555128,0.4,-0.502
22.316666666666666,11,AV,2,3,2,2,6,0,0,48,1089.3140785512585,0.1,-0.32316666666666666
9.016666666666667,76,AV,1,1,5,1,0,0,0,23,3941.04555698938,0.3,-0.39016666666666666
32.71666666666667,54,AV,2,1,1,3,3,0,0,65,2131.3254046090938,0.2,-0.5271666666666667
9.283333333333333,242,AV,1,1,8,0,12,0,0,25,2361.523720441912,0.1,-0.19283333333333336
10.283333333333333,143,AV,0,7,8,4,5,0,0,31,1682.490559712908,0.7,-0.8028333333333333
20.9,123,AV,2,3,2,1,11,0,0,44,7572.106998522375,0.6,-0.8089999999999999
11.716666666666667,148,AV,2,3,2,3,10,0,0,17,914.1934345695068,0.6,-0.7171666666666666
14.016666666666667,229,AV,2,1,0,0,4,0,0,34,6254.49597505133,0.2,-0.3401666666666667
15.316666666666666,273,AV,0,5,0,8,3,0,0,38,13430.196447392702,0.1,-0.25316666666666665
37.516666666666666,158,AV,2,0,1,6,1,0,0,85,9095.945853089892,0.5,-0.8751666666666666
40.666666666666664,90,AV,2,3,2,1,10,0,0,83,4549.115907877681,0.4,-0.8066666666666666
22.916666666666668,232,AV,2,3,2,3,6,0,0,49,743.7818724069466,0.5,-0.7291666666666667
83.9,138,AV,0,4,1,4,0,0,0,66,1848.7234685638712,0.3,-1.139
25.233333333333334,111,AV,1,2,5,2,4,0,0,58,1830.3424648913517,0.2,-0.45233333333333337
28.633333333333333,95,AV,2,2,3,5,6,0,0,57,4925.450001742355,0.2,-0.48633333333333334
30.483333333333334,93,AV,2,2,0,6,11,0,0,61,1391.0507319816634,0.9,-1.2048333333333334
17.1,257,AV,0,7,2,9,5,0,0,39,1626.914224999384,1.0,-1.171
26.7,88,AV,2,3,2,3,4,0,0,54,8348.421721831439,0.4,-0.667
5.116666666666666,223,AV,0,6,0,0,1,0,0,11,1546.5147326922538,0.2,-0.25116666666666665
69.71666666666667,36,AV,0,5,2,2,18,0,0,59,3065.2253709468137,0.2,-0.8971666666666667
26.8,174,AV,2,3,2,1,18,0,0,55,8689.506535985933,0.4,-0.668
57.43333333333333,173,AV,0,4,2,4,0,0,0,55,5064.807770076448,0.3,-0.8743333333333332
43.333333333333336,195,AV,0,7,5,1,1,0,0,50,17693.100214811147,0.6,-1.0333333333333332
64.4,278,AV,0,9,8,5,6,0,0,57,3236.647802754315,0.6,-1.244
31.216666666666665,245,AV,0,6,5,4,3,0,0,44,2909.8477340427667,0.6,-0.9121666666666666
78.5,16,AV,0,5,4,4,2,0,0,63,1293.252850487379,0.2,-0.9850000000000001
17.066666666666666,244,AV,1,1,4,7,16,0,0,46,1703.2333497257905,0.1,-0.27066666666666667
14.6,214,AV,2,3,2,3,4,0,0,31,1411.5824788559885,0.6,-0.746
35.35,10,AV,2,3,2,3,5,0,0,76,591.6693204447811,0.4,-0.7535000000000001
26.7,146,AV,2,3,2,1,15,0,0,54,2421.0391237858234,0.2,-0.467
26.1,274,AV,2,3,3,2,4,0,0,54,1474.807688008607,0.1,-0.361
48.8,236,AV,0,6,6,5,0,0,0,52,14312.770160915026,0.7,-1.188
25.183333333333334,113,AV,2,1,0,3,6,0,0,51,2147.781038516846,0.3,-0.5518333333333334
45.3,0,AV,0,9,4,6,0,0,0,50,3393.6426315430986,0.1,-0.5529999999999999
34.85,136,AV,2,1,3,6,11,0,0,72,5913.041300376779,0.6,-0.9485
13.983333333333333,27,AV,2,3,1,1,15,0,0,30,2035.9911412414244,0.9,-1.0398333333333334
11.883333333333333,191,AV,0,5,6,1,4,0,0,35,859.2772315809713,0.1,-0.21883333333333332
11.033333333333333,211,AV,1,1,4,3,0,0,0,34,1592.6375082496468,0.3,-0.4103333333333333
20.766666666666666,248,AV,2,2,3,6,2,0,0,43,7897.119961473183,0.4,-0.6076666666666667
69.7,6,AV,0,4,6,5,12,0,0,59,4549.070920567666,0.2,-0.897
32.8,210,AV,2,3,0,1,24,0,0,60,3001.8426729260827,0.1,-0.42799999999999994
22.5,139,AV,2,3,2,1,8,0,0,48,2797.307504072895,0.2,-0.42500000000000004
27.516666666666666,299,AV,0,4,2,4,6,0,0,43,1538.317647081207,0.4,-0.6751666666666667
14.9,3,AV,1,1,5,1,0,0,0,41,595.9176043698985,0.2,-0.349
66.18333333333334,48,AV,0,7,4,6,4,0,0,58,1097.8259349569896,0.5,-1.1618333333333335
26.133333333333333,188,AV,2,3,2,2,3,0,0,54,2088.64210540395,0.1,-0.3613333333333333
20.716666666666665,189,AV,0,4,0,0,2,0,0,40,978.4447105201264,0.4,-0.6071666666666666
16.483333333333334,60,AV,1,0,4,6,2,0,0,45,1496.328062426438,0.4,-0.5648333333333333
30.966666666666665,86,AV,0,6,9,3,12,0,0,44,832.4581618945489,0.1,-0.4096666666666666
26.2,64,AV,2,3,3,3,4,0,0,55,1022.032321197676,0.2,-0.462
28.433333333333334,289,AV,2,3,2,1,17,0,0,55,465.3670128771111,0.1,-0.3843333333333333
20.783333333333335,175,AV,1,3,7,4,6,0,0,51,541.9839687696077,0.2,-0.4078333333333334
71.31666666666666,66,AV,0,5,3,1,1,0,0,59,3387.2787239910285,0.1,-0.8131666666666666
39.03333333333333,155,AV,2,3,2,1,27,0,0,83,2347.541384251396,0.2,-0.5903333333333334
30.716666666666665,83,AV,2,2,0,2,8,0,0,59,7128.986247371214,0.2,-0.5071666666666667
8.45,201,AV,0,4,0,4,0,0,0,25,4416.224882412617,0.4,-0.48450000000000004
32.016666666666666,212,AV,2,2,3,5,0,0,0,63,437.8567856598078,0.1,-0.4201666666666667
35.68333333333333,259,AV,2,1,0,2,3,0,0,71,11515.391842589095,0.2,-0.5568333333333333
47.21666666666667,126,AV,0,7,2,7,2,0,0,50,743.7553910389753,0.2,-0.6721666666666667
10.966666666666667,115,AV,2,3,2,1,13,0,0,25,1587.6148581174584,0.5,-0.6096666666666667
6.616666666666666,21,AV,0,6,3,0,1,0,0,24,763.1985099142711,0.1,-0.16616666666666668
23.8,238,AV,0,6,4,6,1,0,0,42,3630.005597296026,0.4,-0.638
50.21666666666667,165,AV,0,5,7,8,13,0,0,52,3520.054626539052,0.1,-0.6021666666666666
32.8,51,AV,2,3,2,3,5,0,0,63,1588.8002265047048,0.2,-0.528
13.766666666666667,168,AV,0,9,5,7,4,0,0,37,491.8679742725259,0.1,-0.2376666666666667
66.15,68,AV,0,6,9,3,6,0,0,58,8436.938288223368,0.6,-1.2615
87.03333333333333,81,AV,0,4,2,2,7,0,0,70,861.805442805673,0.2,-1.0703333333333334
17.283333333333335,23,AV,2,1,2,3,4,0,0,38,4843.3187157075145,0.1,-0.27283333333333337
43.38333333333333,265,AV,0,9,8,5,1,0,0,49,2574.4307659940623,0.3,-0.7338333333333333
30.8,12,AV,2,1,0,2,22,0,0,61,5480.041794665195,0.7,-1.008
8.15,196,AV,0,7,4,7,1,0,0,24,3352.9358316496982,0.2,-0.28150000000000003
12.766666666666667,131,AV,2,1,1,1,3,0,0,25,881.2906222289953,0.2,-0.32766666666666666
32.36666666666667,286,AV,1,2,9,3,1,0,0,75,1348.5865378412918,0.4,-0.7236666666666667
33.68333333333333,246,AV,2,3,1,4,2,0,0,66,566.7055292848979,0.1,-0.4368333333333333
40.166666666666664,13,AV,0,7,1,1,2,0,0,47,904.859336063587,0.1,-0.5016666666666666
8.466666666666667,85,AV,1,0,5,9,6,0,0,23,4343.557359248321,0.6,-0.6846666666666666
75.05,34,AV,0,6,2,2,0,0,0,61,3227.056348793521,0.8,-1.5505
32.68333333333333,61,AV,2,3,2,1,9,0,0,63,4090.160813256426,0.4,-0.7268333333333333
27.15,56,AV,1,3,5,9,4,0,0,60,3274.575105225111,0.6,-0.8714999999999999
34.166666666666664,110,AV,2,1,2,2,4,0,0,72,649.7132696839626,0.1,-0.44166666666666665
18.066666666666666,72,AV,1,2,5,4,5,0,0,47,3031.4508351358254,0.2,-0.3806666666666667
52.0,224,AV,0,8,6,2,5,0,0,53,627.4062491148882,0.3,-0.8200000000000001
30.933333333333334,84,AV,1,2,4,7,3,0,0,71,1005.9867386644172,0.3,-0.6093333333333333
32.85,230,AV,2,3,2,1,8,0,0,63,1614.9493849180149,0.7,-1.0285
27.7,270,AV,1,0,5,0,0,0,0,60,5985.732437913218,0.4,-0.677
28.45,204,AV,2,3,2,3,6,0,0,57,5051.78348307234,0.1,-0.38449999999999995
33.21666666666667,233,AV,2,3,1,1,16,0,0,68,2835.850686157305,0.1,-0.4321666666666667
18.7,209,AV,1,2,5,0,1,0,0,47,1074.3823512953045,0.4,-0.587
41.55,79,AV,0,8,6,1,18,0,0,48,959.5289757906356,0.1,-0.5155
24.133333333333333,202,AV,1,0,4,6,3,0,0,55,873.8892656114449,0.2,-0.44133333333333336
19.516666666666666,63,AV,1,0,8,0,1,0,0,49,1530.0661682302475,0.3,-0.49516666666666664
30.9,107,AV,1,2,5,0,13,0,0,70,513.3463032142733,0.1,-0.40900000000000003
12.933333333333334,198,AV,2,3,3,3,11,0,0,24,2619.168197182975,0.4,-0.5293333333333333
14.35,65,AV,2,3,2,1,15,0,0,35,1794.439334206041,0.6,-0.7434999999999999
27.816666666666666,156,AV,1,2,4,1,5,0,0,62,1025.7249596144625,0.1,-0.37816666666666665
54.083333333333336,282,AV,0,5,5,7,4,0,0,54,1596.1763216794554,0.1,-0.6408333333333334
20.866666666666667,288,AV,2,3,3,4,4,0,0,45,1552.9853059451273,0.1,-0.30866666666666664
7.483333333333333,235,AV,1,3,8,5,6,0,0,18,2648.588416164911,0.2,-0.2748333333333334
19.816666666666666,114,AV,2,3,1,1,17,0,0,42,1122.7546975855585,0.8,-0.9981666666666666
10.15,263,AV,0,7,5,4,1,0,0,29,15387.119225735782,0.2,-0.3015
36.05,216,AV,2,3,2,2,3,0,0,78,898.3728471886773,0.1,-0.4605
14.183333333333334,194,AV,2,0,2,1,5,0,0,30,932.0432837729122,0.1,-0.24183333333333334
24.55,205,AV,1,3,4,2,6,0,0,54,1282.6858023855964,0.6,-0.8454999999999999
17.116666666666667,153,AV,2,3,0,1,6,0,0,39,1240.6560786390864,0.1,-0.27116666666666667
90.75,231,AV,0,4,1,1,0,0,0,77,1635.9686818612918,0.2,-1.1075
64.91666666666667,15,AV,0,4,6,9,8,0,0,57,4304.4895651906745,0.6,-1.2491666666666665
93.8,117,AV,0,6,1,8,11,0,0,92,5386.149373461946,0.1,-1.038
12.9,46,AV,2,3,2,3,4,0,0,21,3438.9188747307694,0.2,-0.329
59.28333333333333,102,AV,0,8,2,8,23,0,0,55,2344.9936519099742,0.4,-0.9928333333333333
15.1,5,AV,1,3,5,6,4,0,0,41,4547.885280126284,0.2,-0.351
15.55,49,AV,0,6,4,2,0,0,0,37,7958.958807233507,0.3,-0.4555
81.83333333333333,37,AV,0,9,2,2,0,0,0,67,6130.868263041086,0.1,-0.9183333333333332
15.316666666666666,182,AV,2,3,2,1,12,0,0,27,4381.240268036911,1.0,-1.1531666666666667
75.1,251,AV,0,4,1,0,8,0,0,61,1297.4303329633815,0.1,-0.8509999999999999
32.9,252,AV,2,3,2,3,4,0,0,67,3362.377553451843,1.0,-1.329
15.95,96,AV,2,3,0,1,23,0,0,37,1261.43865123121,0.6,-0.7595
20.65,17,AV,2,3,1,1,17,0,0,46,3898.759045987068,0.6,-0.8065
22.05,104,AV,2,3,0,1,18,0,0,46,1020.7360413649084,0.1,-0.3205
11.416666666666666,294,AV,2,3,1,1,11,0,0,23,6709.13861087917,0.3,-0.4141666666666667
89.08333333333333,1,AV,0,6,8,7,2,0,0,72,5004.1281918097375,0.1,-0.9908333333333332
50.583333333333336,169,AV,0,9,6,6,16,0,0,52,646.5589615252754,0.1,-0.6058333333333333
14.066666666666666,87,AV,2,3,3,9,11,0,0,28,3849.958431883558,0.5,-0.6406666666666667
18.816666666666666,213,AV,2,1,1,7,8,0,0,41,1294.2551843223837,0.5,-0.6881666666666667
12.433333333333334,55,AV,2,3,2,2,4,0,0,27,571.0932451196882,0.3,-0.42433333333333334
15.483333333333333,225,AV,2,3,2,3,4,0,0,32,1239.4416864014672,0.8,-0.9548333333333334
27.316666666666666,40,AV,2,2,3,1,4,0,0,55,11861.36896338871,0.2,-0.4731666666666667
36.166666666666664,157,AV,2,3,2,1,11,0,0,80,761.8437659652793,0.4,-0.7616666666666667
62.78333333333333,33,AV,0,5,3,3,2,0,0,56,3251.3322332141274,0.1,-0.7278333333333333
81.91666666666667,206,AV,0,4,8,7,6,0,0,65,4754.245589533712,0.3,-1.1191666666666666
35.21666666666667,75,AV,2,1,2,1,5,0,0,79,5844.130995646287,0.1,-0.4521666666666667
17.216666666666665,226,AV,0,4,7,9,12,0,0,38,8333.728817076937,0.3,-0.4721666666666666
40.03333333333333,18,AV,0,7,5,4,2,0,0,47,1141.5133047894662,0.1,-0.5003333333333333
11.166666666666666,269,AV,1,0,7,4,0,0,0,30,8987.822610831106,0.2,-0.31166666666666665
