travel_time,id,kind,action,origin,destination,start_time,income,urgency,reward,observation,cost_table
11.183333333333334,43,AV,1,0,0,32,968.7072844723906,0.2,-0.31183333333333335,"0.10545555555555555,0.10835890151515151,0.143328125,0.2,0.32,0.04658745492005087","0,0,0"
20.533333333333335,278,AV,0,0,0,47,8436.938288223368,0.3,-0.5337796715428947,"0.23187562189054728,0.17831583793738492,0.20384615384615384,0.3,0.47,0.4057525822983113","0,0,0"
33.61666666666667,86,AV,2,0,0,72,1592.2311391495805,0.1,-0.4361666666666667,"0.5046111111111112,0.31306424581005593,0.3281939890710383,0.1,0.72,0.07657421143254188","0,0,0"
13.716666666666667,168,AV,1,0,0,40,2964.6777926145683,0.4,-0.5371666666666667,"0.15066666666666664,0.13375,0.1583456790123457,0.4,0.4,0.14257846021167567","0,0,0"
18.883333333333333,89,AV,2,0,0,44,1653.1781197118603,0.4,-0.5888333333333333,"0.20201388888888888,0.1612831325301205,0.18482657657657658,0.4,0.44,0.07950529779368645","0,0,0"
12.916666666666666,22,AV,1,0,0,36,753.5670156580491,0.9,-1.0291666666666668,"0.12186842105263157,0.11907155797101451,0.147454802259887,0.9,0.36,0.03624084378629158","0,0,0"
31.35,123,AV,1,0,0,72,2193.4249838744518,0.9,-1.2135,"0.5046111111111112,0.31306424581005593,0.3281939890710383,0.9,0.72,0.10548706425018813","0,0,0"
18.85,247,AV,1,0,0,46,5354.15698790508,0.1,-0.2885,"0.2247685185185185,0.17383333333333337,0.19803551912568307,0.1,0.46,0.2574942413535784","0,0,0"
17.3,255,AV,1,0,0,45,5807.233742044462,0.1,-0.273,"0.21261695906432745,0.16697591522157992,0.1891928571428571,0.1,0.45,0.27928378830664774","0,0,0"
29.45,73,AV,1,0,0,66,1446.9812594843625,0.1,-0.39449999999999996,"0.45806313131313126,0.29133911368015414,0.30384972677595623,0.1,0.66,0.06958879661269593","0,0,0"
19.766666666666666,84,AV,2,0,0,40,1581.438059619256,0.6,-0.7976666666666666,"0.15066666666666664,0.13375,0.1583456790123457,0.6,0.4,0.07605514637116847","0,0,0"
18.4,47,AV,1,0,0,45,1025.7249596144625,0.5,-0.6839999999999999,"0.21261695906432745,0.16697591522157992,0.1891928571428571,0.5,0.45,0.049329571566540366","0,0,0"
11.866666666666667,244,AV,0,0,0,32,5051.78348307234,0.7,-0.8661746409898337,"0.10545555555555555,0.10835890151515151,0.143328125,0.7,0.32,0.24295237483598997","0,0,0"
21.816666666666666,297,AV,1,0,0,52,17693.100214811147,0.4,-0.6181666666666668,"0.29801190476190476,0.20999132947976878,0.22643859649122805,0.4,0.52,0.8509035927219247","0,0,0"
16.916666666666668,125,AV,0,0,0,40,2239.257430619588,0.2,-0.47634505389371884,"0.15066666666666664,0.13375,0.1583456790123457,0.2,0.4,0.10769125645648253","0,0,0"
24.3,80,AV,1,0,0,55,1526.0895405694364,0.5,-0.743,"0.3440576923076923,0.2357994791666667,0.2520267857142857,0.5,0.55,0.07339330344146505","0,0,0"
16.683333333333334,267,AV,2,0,0,40,7081.334819999852,0.1,-0.26683333333333337,"0.15066666666666664,0.13375,0.1583456790123457,0.1,0.4,0.34055836266392014","0,0,0"
28.783333333333335,78,AV,1,0,0,63,1496.328062426438,0.3,-0.5878333333333333,"0.42359016393442617,0.27808236434108524,0.29728109452736323,0.3,0.63,0.0719620026310286","0,0,0"
31.5,151,AV,1,0,0,72,2744.8905386527767,0.2,-0.515,"0.5046111111111112,0.31306424581005593,0.3281939890710383,0.2,0.72,0.13200836442518263","0,0,0"
15.366666666666667,282,AV,2,0,0,41,9030.678864893336,0.1,-0.2536666666666667,"0.16345081967213115,0.14033429118773944,0.16524102564102564,0.1,0.41,0.4343069895926497","0,0,0"
32.38333333333333,137,AV,1,0,0,74,2446.4664131825853,0.2,-0.5238333333333334,"0.51515,0.32339393939393946,0.3377369791666667,0.2,0.74,0.11765643302624577","0,0,0"
55.333333333333336,288,AV,0,0,0,74,11515.391842589095,0.1,-0.6741750036195646,"0.51515,0.32339393939393946,0.3377369791666667,0.1,0.74,0.5538027915682833","0,0,0"
16.816666666666666,145,AV,2,0,0,41,2563.744074524839,0.3,-0.4681666666666666,"0.16345081967213115,0.14033429118773944,0.16524102564102564,0.3,0.41,0.1232965968285517","0,0,0"
11.033333333333333,140,AV,1,0,0,30,2478.182963693478,0.8,-0.9103333333333334,"0.09440104166666666,0.10078558052434458,0.13554310344827583,0.8,0.3,0.1191817579523926","0,0,0"
21.95,41,AV,2,0,0,50,938.3100494872764,0.1,-0.3195,"0.2708944444444445,0.19667411545623836,0.21712021857923497,0.1,0.5,0.04512557903941836","0,0,0"
27.183333333333334,218,AV,1,0,0,61,4164.701887555128,0.2,-0.4718333333333333,"0.40991798941798935,0.2690186274509804,0.28905472636815926,0.2,0.61,0.2002904949224166","0,0,0"
15.55,93,AV,1,0,0,42,1682.490559712908,0.1,-0.2555,"0.18013492063492062,0.14975383141762452,0.17445767195767195,0.1,0.42,0.08091500328370894","0,0,0"
14.55,156,AV,1,0,0,41,2797.307504072895,0.7,-0.8454999999999999,"0.16345081967213115,0.14033429118773944,0.16524102564102564,0.7,0.41,0.13452922191505445","0,0,0"
12.066666666666666,15,AV,1,0,0,33,639.9143284368583,0.7,-0.8206666666666667,"0.10786257309941522,0.11122314814814818,0.14451851851851855,0.7,0.33,0.030775013677102628","0,0,0"
32.71666666666667,239,AV,1,0,0,73,4924.983441788647,0.4,-0.7271666666666667,"0.512611111111111,0.31969619047619047,0.3353153846153847,0.4,0.73,0.2368542569609065","0,0,0"
15.9,23,AV,1,0,0,42,753.7709081553346,0.9,-1.059,"0.18013492063492062,0.14975383141762452,0.17445767195767195,0.9,0.42,0.036250649465136044","0,0,0"
30.633333333333333,256,AV,1,0,0,67,5849.7981009167725,0.1,-0.4063333333333333,"0.4715959595959596,0.29780539499036607,0.31009562841530064,0.1,0.67,0.28133081033481866","0,0,0"
52.13333333333333,298,AV,0,0,0,68,19040.472291926453,0.1,-0.6339380626866994,"0.48648989898989903,0.30124666666666666,0.31307909604519774,0.1,0.68,0.91570194503052","0,0,0"
33.55,70,AV,2,0,0,74,1391.0507319816634,0.6,-0.9355,"0.51515,0.32339393939393946,0.3377369791666667,0.6,0.74,0.06689896350164852","0,0,0"
26.25,116,AV,1,0,0,57,2078.9202215407213,0.4,-0.6625000000000001,"0.3825361111111111,0.2516603603603604,0.270930303030303,0.4,0.57,0.09998025580674873","0,0,0"
10.55,249,AV,1,0,0,27,5480.041794665195,0.1,-0.20550000000000002,"0.07406944444444444,0.09179907407407409,0.12556597222222224,0.1,0.27,0.26354834340696637","0,0,0"
18.533333333333335,107,AV,1,0,0,46,1945.516475481125,0.5,-0.6853333333333333,"0.2247685185185185,0.17383333333333337,0.19803551912568307,0.5,0.46,0.09356454994251304","0,0,0"
48.2,34,AV,0,0,0,66,877.2934597877683,0.4,-1.1555686643076766,"0.45806313131313126,0.29133911368015414,0.30384972677595623,0.4,0.66,0.04219114500803879","0,0,0"
15.5,9,AV,1,0,0,42,572.7967315704935,0.1,-0.255,"0.18013492063492062,0.14975383141762452,0.17445767195767195,0.1,0.42,0.027547167589358008","0,0,0"
8.35,4,AV,1,0,0,0,513.3463032142733,0.4,-0.48350000000000004,"0.0,0.0,0.0,0.4,0.0,0.024688054010448962","0,0,0"
17.833333333333332,72,AV,1,0,0,45,1434.4967426379471,0.1,-0.2783333333333333,"0.21261695906432745,0.16697591522157992,0.1891928571428571,0.1,0.45,0.06898838627708276","0,0,0"
30.866666666666667,88,AV,0,0,0,51,1645.9523587482854,0.2,-0.6544789064465077,"0.28767412935323383,0.20576231060606062,0.22442982456140348,0.2,0.51,0.07915779363164543","0,0,0"
27.4,236,AV,1,0,0,60,4717.175795221327,0.6,-0.8739999999999999,"0.40898039215686277,0.2650009803921569,0.2840537634408602,0.6,0.6,0.2268602892044136","0,0,0"
16.3,182,AV,1,0,0,43,3225.188153267811,0.4,-0.5630000000000001,"0.1934949494949495,0.15755995934959346,0.1842357142857143,0.4,0.43,0.15510702779620594","0,0,0"
30.65,129,AV,1,0,0,70,2335.4036410281064,0.2,-0.5065,"0.49526041666666665,0.3065218579234973,0.31679245283018864,0.2,0.7,0.1123151581396212","0,0,0"
5.133333333333334,27,AV,0,0,0,10,832.3173438658397,0.1,-0.4396848879041886,"0.0527,0.07823076923076924,0.11802380952380954,0.1,0.1,0.0400281358033201","0,0,0"
21.133333333333333,138,AV,2,0,0,48,2472.005569054355,0.2,-0.41133333333333333,"0.24949743589743584,0.1864691011235955,0.20999415204678368,0.2,0.48,0.11888467223941558","0,0,0"
10.283333333333333,199,AV,1,0,0,27,3456.1529418207683,0.2,-0.30283333333333334,"0.07406944444444444,0.09179907407407409,0.12556597222222224,0.2,0.27,0.1662146780093356","0,0,0"
32.35,279,AV,1,0,0,73,8795.495569618428,0.2,-0.5235000000000001,"0.512611111111111,0.31969619047619047,0.3353153846153847,0.2,0.73,0.42299646128116253","0,0,0"
20.033333333333335,215,AV,1,0,0,48,4061.843573313689,0.1,-0.30033333333333334,"0.24949743589743584,0.1864691011235955,0.20999415204678368,0.1,0.48,0.19534379207968386","0,0,0"
60.43333333333333,258,AV,0,0,0,77,5913.041300376779,0.6,-1.24492158357686,"0.5302391304347825,0.3328677839851024,0.34389743589743593,0.6,0.77,0.2843723273658871","0,0,0"
8.5,257,AV,1,0,0,23,5862.871835726062,0.6,-0.6849999999999999,"0.0581,0.0830354938271605,0.11925,0.6,0.23,0.2819595575743898","0,0,0"
17.666666666666668,169,AV,1,0,0,45,2965.4163440895786,0.2,-0.3766666666666667,"0.21261695906432745,0.16697591522157992,0.1891928571428571,0.2,0.45,0.14261397892212588","0,0,0"
41.46666666666667,250,AV,0,0,0,60,5487.970610754926,0.3,-0.7583986792852593,"0.40898039215686277,0.2650009803921569,0.2840537634408602,0.3,0.6,0.2639296591749704","0,0,0"
19.583333333333332,28,AV,1,0,0,47,844.3352662229099,0.3,-0.49583333333333335,"0.23187562189054728,0.17831583793738492,0.20384615384615384,0.3,0.47,0.04060610649169747","0,0,0"
15.25,162,AV,0,0,0,38,2857.8751728516777,0.8,-1.0364784754351326,"0.13253551912568307,0.1242139175257732,0.14935185185185187,0.8,0.38,0.13744206626346972","0,0,0"
22.933333333333334,55,AV,1,0,0,53,1117.0806745336297,0.1,-0.32933333333333337,"0.32360416666666675,0.2238015873015873,0.24306111111111112,0.1,0.53,0.05372308684066549","0,0,0"
12.9,246,AV,1,0,0,38,5158.4050556257225,0.5,-0.629,"0.13253551912568307,0.1242139175257732,0.14935185185185187,0.5,0.38,0.24808006178999184","0,0,0"
32.81666666666667,97,AV,2,0,0,59,1778.835052690156,0.2,-0.5281666666666667,"0.38903431372549013,0.2583766859344894,0.27526271186440676,0.2,0.59,0.08554844085078303","0,0,0"
33.666666666666664,20,AV,1,0,0,81,742.4887258523852,0.3,-0.6366666666666667,"0.5513359375,0.3374037037037037,0.3496428571428572,0.3,0.81,0.035708062279240435","0,0,0"
36.45,252,AV,0,0,0,56,5578.433439706214,0.1,-0.50752283115753,"0.3658549382716049,0.244325641025641,0.2616274509803921,0.1,0.56,0.2682802334230043","0,0,0"
23.316666666666666,53,AV,1,0,0,54,1100.389953660579,0.3,-0.5331666666666667,"0.3367027777777778,0.2290126705653021,0.24891304347826085,0.3,0.54,0.052920390072797266","0,0,0"
22.016666666666666,294,AV,1,0,0,52,14297.77376075636,0.2,-0.4201666666666667,"0.29801190476190476,0.20999132947976878,0.22643859649122805,0.2,0.52,0.6876142062863859","0,0,0"
62.31666666666667,133,AV,0,0,0,82,2392.7441380289174,0.4,-1.1234699110401776,"0.5518968253968254,0.33848710865561693,0.35099404761904757,0.4,0.82,0.1150728000629743","0,0,0"
9.55,7,AV,1,0,0,25,567.550811201735,0.8,-0.8955000000000001,"0.06459389671361503,0.08631502890173409,0.12032142857142858,0.8,0.25,0.027294878706419726","0,0,0"
11.75,273,AV,2,0,0,20,7958.958807233507,0.1,-0.2175,"0.054592592592592595,0.08108008658008659,0.11774731182795697,0.1,0.2,0.38276540352897576","0,0,0"
31.716666666666665,112,AV,1,0,0,72,2034.664800296876,0.9,-1.2171666666666667,"0.5046111111111112,0.31306424581005593,0.3281939890710383,0.9,0.72,0.09785190653632031","0,0,0"
22.333333333333332,2,AV,2,0,0,50,437.8567856598078,0.2,-0.42333333333333334,"0.2708944444444445,0.19667411545623836,0.21712021857923497,0.2,0.5,0.021057582192617507","0,0,0"
19.516666666666666,52,AV,1,0,0,47,1089.3140785512585,0.1,-0.2951666666666667,"0.23187562189054728,0.17831583793738492,0.20384615384615384,0.1,0.47,0.052387724694280345","0,0,0"
15.666666666666666,38,AV,1,0,0,42,905.8209551718018,0.3,-0.45666666666666667,"0.18013492063492062,0.14975383141762452,0.17445767195767195,0.3,0.42,0.04356310063022602","0,0,0"
17.266666666666666,30,AV,1,0,0,44,850.3216016091212,0.3,-0.4726666666666667,"0.20201388888888888,0.1612831325301205,0.18482657657657658,0.3,0.44,0.04089400370730819","0,0,0"
23.316666666666666,3,AV,1,0,0,53,449.0833195935783,0.4,-0.6331666666666667,"0.32360416666666675,0.2238015873015873,0.24306111111111112,0.4,0.53,0.021597493115072083","0,0,0"
24.75,99,AV,1,0,0,55,1797.659883656486,0.1,-0.34750000000000003,"0.3440576923076923,0.2357994791666667,0.2520267857142857,0.1,0.55,0.08645377208765831","0,0,0"
9.966666666666667,254,AV,1,0,0,25,5702.891177591027,0.5,-0.5996666666666667,"0.06459389671361503,0.08631502890173409,0.12032142857142858,0.5,0.25,0.27426570431405706","0,0,0"
19.95,132,AV,2,0,0,41,2352.9451803313505,0.2,-0.39949999999999997,"0.16345081967213115,0.14033429118773944,0.16524102564102564,0.2,0.41,0.11315877280487406","0,0,0"
36.483333333333334,98,AV,0,0,0,54,1782.711710770346,0.1,-0.5994596997559173,"0.3367027777777778,0.2290126705653021,0.24891304347826085,0.1,0.54,0.08573487862868172","0,0,0"
21.4,111,AV,1,0,0,51,2022.4315636845977,0.6,-0.814,"0.28767412935323383,0.20576231060606062,0.22442982456140348,0.6,0.51,0.09726358086938654","0,0,0"
11.166666666666666,241,AV,1,0,0,30,4950.268578812107,0.1,-0.21166666666666667,"0.09440104166666666,0.10078558052434458,0.13554310344827583,0.1,0.3,0.238070279798878","0,0,0"
28.4,131,AV,1,0,0,63,2347.541384251396,0.2,-0.484,"0.42359016393442617,0.27808236434108524,0.29728109452736323,0.2,0.63,0.11289889130061848","0,0,0"
26.633333333333333,46,AV,1,0,0,59,985.8695826897422,0.9,-1.1663333333333332,"0.38903431372549013,0.2583766859344894,0.27526271186440676,0.9,0.59,0.04741283097259167","0,0,0"
33.11666666666667,225,AV,1,0,0,75,4549.070920567666,0.2,-0.5311666666666667,"0.5304837962962964,0.3307627118644067,0.3421960784313726,0.2,0.75,0.21877572290115335","0,0,0"
12.316666666666666,204,AV,1,0,0,34,3742.7752140142647,0.6,-0.7231666666666666,"0.11161607142857145,0.11335486891385768,0.14504292929292928,0.6,0.34,0.17999902999980277","0,0,0"
27.733333333333334,64,AV,2,0,0,62,1261.43865123121,0.5,-0.7773333333333333,"0.41495238095238096,0.2721401960784313,0.2928830845771144,0.5,0.62,0.060665607909257666","0,0,0"
27.566666666666666,164,AV,1,0,0,63,2927.9701715656583,0.5,-0.7756666666666667,"0.42359016393442617,0.27808236434108524,0.29728109452736323,0.5,0.63,0.14081310274172557","0,0,0"
20.0,210,AV,1,0,0,47,3866.930621896856,0.3,-0.5,"0.23187562189054728,0.17831583793738492,0.20384615384615384,0.3,0.47,0.18596996111648273","0,0,0"
13.533333333333333,285,AV,1,0,0,39,9884.322174397852,0.3,-0.43533333333333335,"0.1397301587301587,0.12833333333333333,0.15213,0.3,0.39,0.47536074219347274","0,0,0"
25.783333333333335,266,AV,0,0,0,50,6995.337061486569,0.3,-0.5921419017254614,"0.2708944444444445,0.19667411545623836,0.21712021857923497,0.3,0.5,0.3364225243542649","0,0,0"
20.55,37,AV,1,0,0,48,904.859336063587,0.5,-0.7055,"0.24949743589743584,0.1864691011235955,0.20999415204678368,0.5,0.48,0.043516854062689764","0,0,0"
37.46666666666667,248,AV,2,0,0,89,5434.023139443809,0.1,-0.4746666666666667,"0.5559999999999999,0.3420527306967985,0.35254022988505745,0.1,0.89,0.26133519598878074","0,0,0"
13.283333333333333,165,AV,1,0,0,38,2942.323800284961,0.9,-1.0328333333333333,"0.13253551912568307,0.1242139175257732,0.14935185185185187,0.9,0.38,0.1415034031468308","0,0,0"
19.483333333333334,286,AV,1,0,0,46,10721.15711953896,0.2,-0.39483333333333337,"0.2247685185185185,0.17383333333333337,0.19803551912568307,0.2,0.46,0.5156061402690313","0,0,0"
26.683333333333334,155,AV,1,0,0,59,2767.495209174315,0.2,-0.4668333333333333,"0.38903431372549013,0.2583766859344894,0.27526271186440676,0.2,0.59,0.13309547720505432","0,0,0"
12.5,144,AV,1,0,0,35,2533.2754137277425,0.3,-0.425,"0.1126437908496732,0.11489981785063755,0.145780303030303,0.3,0.35,0.12183128590944142","0,0,0"
9.216666666666667,108,AV,1,0,0,23,1963.0347272178835,0.5,-0.5921666666666667,"0.0581,0.0830354938271605,0.11925,0.5,0.23,0.09440704465288248","0,0,0"
57.1,142,AV,0,0,0,74,2520.757475212996,0.5,-1.1662094766592812,"0.51515,0.32339393939393946,0.3377369791666667,0.5,0.74,0.12122926824569963","0,0,0"
29.033333333333335,44,AV,1,0,0,63,978.4447105201264,0.9,-1.1903333333333332,"0.42359016393442617,0.27808236434108524,0.29728109452736323,0.9,0.63,0.04705575107546101","0,0,0"
31.966666666666665,45,AV,2,0,0,67,979.5720138781878,0.5,-0.8196666666666667,"0.4715959595959596,0.29780539499036607,0.31009562841530064,0.5,0.67,0.04710996579565228","0,0,0"
11.133333333333333,128,AV,1,0,0,27,2280.385817754286,0.2,-0.31133333333333335,"0.07406944444444444,0.09179907407407409,0.12556597222222224,0.2,0.27,0.10966921916233309","0,0,0"
23.7,110,AV,1,0,0,54,2015.5588757501516,0.1,-0.33699999999999997,"0.3367027777777778,0.2290126705653021,0.24891304347826085,0.1,0.54,0.09693305683549329","0,0,0"
15.05,92,AV,2,0,0,39,1664.0464513081895,0.2,-0.35050000000000003,"0.1397301587301587,0.12833333333333333,0.15213,0.2,0.39,0.08002798190726358","0,0,0"
25.1,268,AV,1,0,0,55,7177.938863287724,0.6,-0.851,"0.3440576923076923,0.2357994791666667,0.2520267857142857,0.6,0.55,0.345204282627472","0,0,0"
22.55,135,AV,1,0,0,52,2417.357356239525,0.2,-0.4255,"0.29801190476190476,0.20999132947976878,0.22643859649122805,0.2,0.52,0.11625650871491097","0,0,0"
12.6,104,AV,2,0,0,24,1900.764377468582,0.7,-0.826,"0.06181666666666667,0.0849920091324201,0.11962925170068026,0.7,0.24,0.09141231429593938","0,0,0"
14.6,299,AV,1,0,0,41,20793.30768626012,0.4,-0.546,"0.16345081967213115,0.14033429118773944,0.16524102564102564,0.4,0.41,1.0","0,0,0"
14.2,191,AV,1,0,0,40,3301.717979419838,0.4,-0.542,"0.15066666666666664,0.13375,0.1583456790123457,0.4,0.4,0.15878753054770403","0,0,0"
32.03333333333333,192,AV,1,0,0,73,3352.9358316496982,0.2,-0.5203333333333333,"0.512611111111111,0.31969619047619047,0.3353153846153847,0.2,0.73,0.16125071981045438","0,0,0"
16.883333333333333,147,AV,1,0,0,43,2587.8859091729414,0.9,-1.0688333333333333,"0.1934949494949495,0.15755995934959346,0.1842357142857143,0.9,0.43,0.12445763551524679","0,0,0"
9.766666666666667,1,AV,1,0,0,25,419.7646265090227,0.3,-0.39766666666666667,"0.06459389671361503,0.08631502890173409,0.12032142857142858,0.3,0.25,0.02018748689927752","0,0,0"
17.366666666666667,54,AV,1,0,0,44,1104.4445206976068,0.6,-0.7736666666666666,"0.20201388888888888,0.1612831325301205,0.18482657657657658,0.6,0.44,0.05311538391880796","0,0,0"
30.916666666666668,35,AV,2,0,0,66,877.6907461205365,0.1,-0.4091666666666667,"0.45806313131313126,0.29133911368015414,0.30384972677595623,0.1,0.66,0.04221025145992046","0,0,0"
25.566666666666666,174,AV,1,0,0,56,3032.1279287666234,0.9,-1.1556666666666666,"0.3658549382716049,0.244325641025641,0.2616274509803921,0.9,0.56,0.1458222989106348","0,0,0"
18.633333333333333,5,AV,0,0,0,41,522.2875039790788,0.2,-0.8458503582890244,"0.16345081967213115,0.14033429118773944,0.16524102564102564,0.2,0.41,0.025118057783764625","0,0,0"
12.5,69,AV,1,0,0,35,1373.5659577718477,0.2,-0.325,"0.1126437908496732,0.11489981785063755,0.145780303030303,0.2,0.35,0.0660580788057822","0,0,0"
32.583333333333336,102,AV,1,0,0,78,1869.7531794209297,0.6,-0.9258333333333333,"0.5331333333333332,0.3330638888888889,0.3430066666666666,0.6,0.78,0.0899209114602018","0,0,0"
27.75,189,AV,1,0,0,63,3278.222126324269,0.6,-0.8775,"0.42359016393442617,0.27808236434108524,0.29728109452736323,0.6,0.63,0.1576575586620336","0,0,0"
21.266666666666666,209,AV,2,0,0,47,3863.855435177377,0.1,-0.31266666666666665,"0.23187562189054728,0.17831583793738492,0.20384615384615384,0.1,0.47,0.18582206801713178","0,0,0"
27.516666666666666,281,AV,0,0,0,50,8987.033628468456,0.1,-0.4018718076421879,"0.2708944444444445,0.19667411545623836,0.21712021857923497,0.1,0.5,0.432207985572538","0,0,0"
25.6,223,AV,2,0,0,53,4446.537177105173,0.1,-0.356,"0.32360416666666675,0.2238015873015873,0.24306111111111112,0.1,0.53,0.21384462944504845","0,0,0"
29.0,176,AV,1,0,0,64,3064.640983136323,0.6,-0.8899999999999999,"0.4402169312169312,0.28638223552894215,0.29917142857142853,0.6,0.64,0.14738592961625765","0,0,0"
21.6,293,AV,1,0,0,51,13460.811009378149,0.2,-0.41600000000000004,"0.28767412935323383,0.20576231060606062,0.22442982456140348,0.2,0.51,0.6473626617025839","0,0,0"
29.516666666666666,275,AV,1,0,0,64,8029.700924090037,0.6,-0.8951666666666667,"0.4402169312169312,0.28638223552894215,0.29917142857142853,0.6,0.64,0.386167561469594","0,0,0"
15.433333333333334,173,AV,0,0,0,38,3024.224513765153,0.9,-1.1336925207572857,"0.13253551912568307,0.1242139175257732,0.14935185185185187,0.9,0.38,0.1454422047418416","0,0,0"
12.083333333333334,296,AV,2,0,0,22,17322.90883950548,0.3,-0.42083333333333334,"0.05548095238095239,0.08176811594202898,0.11771052631578949,0.3,0.22,0.833100202280572","0,0,0"
17.133333333333333,31,AV,1,0,0,43,859.2772315809713,0.1,-0.2713333333333333,"0.1934949494949495,0.15755995934959346,0.1842357142857143,0.1,0.43,0.041324701415771756","0,0,0"
28.966666666666665,48,AV,2,0,0,60,1040.734547163155,0.1,-0.3896666666666666,"0.40898039215686277,0.2650009803921569,0.2840537634408602,0.1,0.6,0.05005141860382586","0,0,0"
9.25,75,AV,1,0,0,24,1460.106853854364,0.2,-0.2925,"0.06181666666666667,0.0849920091324201,0.11962925170068026,0.2,0.24,0.07022003790282866","0,0,0"
8.35,263,AV,0,0,0,28,6709.13861087917,0.2,-0.3192721033831123,"0.08671990740740738,0.09713425925925927,0.13194791666666666,0.2,0.28,0.32265855495960655","0,0,0"
23.833333333333332,200,AV,1,0,0,54,3508.846318545673,0.3,-0.5383333333333333,"0.3367027777777778,0.2290126705653021,0.24891304347826085,0.3,0.54,0.1687488287813036","0,0,0"
48.3,81,AV,0,0,0,66,1530.0661682302475,0.1,-0.7398559615154396,"0.45806313131313126,0.29133911368015414,0.30384972677595623,0.1,0.66,0.07358454899608351","0,0,0"
33.9,202,AV,1,0,0,82,3583.4963710051925,0.2,-0.5389999999999999,"0.5518968253968254,0.33848710865561693,0.35099404761904757,0.2,0.82,0.17233892871085194","0,0,0"
8.55,150,AV,0,0,0,29,2722.266725979925,0.5,-0.6736618240084862,"0.09030808080808082,0.09876795580110498,0.13282704402515721,0.5,0.29,0.13092033105337805","0,0,0"
11.833333333333334,240,AV,1,0,0,31,4934.883137056144,0.5,-0.6183333333333334,"0.09839071038251367,0.10418071161048688,0.13704098360655736,0.5,0.31,0.23733035703199037","0,0,0"
53.61666666666667,146,AV,0,0,0,71,2574.4307659940623,0.2,-0.8293911585311153,"0.5033000000000001,0.31011322463768115,0.32313988095238094,0.2,0.71,0.12381054543309646","0,0,0"
14.466666666666667,115,AV,1,0,0,40,2052.607856914241,0.1,-0.24466666666666667,"0.15066666666666664,0.13375,0.1583456790123457,0.1,0.4,0.09871483113148809","0,0,0"
33.46666666666667,21,AV,1,0,0,80,743.7818724069466,0.5,-0.8346666666666667,"0.5480677083333333,0.336695530726257,0.34927777777777785,0.5,0.8,0.035770252796212196","0,0,0"
31.733333333333334,0,AV,2,0,0,70,417.8295094645922,0.5,-0.8173333333333334,"0.49526041666666665,0.3065218579234973,0.31679245283018864,0.5,0.7,0.02009442248289757","0,0,0"
12.816666666666666,100,AV,1,0,0,36,1830.3424648913517,0.1,-0.22816666666666666,"0.12186842105263157,0.11907155797101451,0.147454802259887,0.1,0.36,0.08802555574651609","0,0,0"
46.75,160,AV,0,0,0,65,2857.6088215719105,0.1,-0.6514863028796156,"0.4569270833333334,0.2908914728682171,0.30290625,0.1,0.65,0.13742925679208662","0,0,0"
24.0,229,AV,1,0,0,54,4617.971391102537,0.8,-1.04,"0.3367027777777778,0.2290126705653021,0.24891304347826085,0.8,0.54,0.22208931165646234","0,0,0"
25.383333333333333,193,AV,1,0,0,55,3361.758609282253,0.9,-1.1538333333333335,"0.3440576923076923,0.2357994791666667,0.2520267857142857,0.9,0.55,0.16167502833152653","0,0,0"
16.333333333333332,265,AV,2,0,0,30,6947.27484286379,0.2,-0.36333333333333334,"0.09440104166666666,0.10078558052434458,0.13554310344827583,0.2,0.3,0.3341110970744898","0,0,0"
20.283333333333335,161,AV,1,0,0,48,2857.712092786687,0.5,-0.7028333333333333,"0.24949743589743584,0.1864691011235955,0.20999415204678368,0.5,0.48,0.13743422335230565","0,0,0"
13.45,87,AV,0,0,0,36,1628.9397076974285,0.1,-0.3818351032367242,"0.12186842105263157,0.11907155797101451,0.147454802259887,0.1,0.36,0.07833961446998668","0,0,0"
15.966666666666667,67,AV,2,0,0,36,1323.5149786113286,0.4,-0.5596666666666668,"0.12186842105263157,0.11907155797101451,0.147454802259887,0.4,0.36,0.06365100726547157","0,0,0"
25.65,33,AV,1,0,0,56,870.7377108213431,0.9,-1.1565,"0.3658549382716049,0.244325641025641,0.2616274509803921,0.9,0.56,0.04187586332869553","0,0,0"
33.516666666666666,207,AV,2,0,0,72,3822.7735841463273,0.5,-0.8351666666666666,"0.5046111111111112,0.31306424581005593,0.3281939890710383,0.5,0.72,0.18384634334403438","0,0,0"
15.3,68,AV,1,0,0,41,1365.417472605012,0.2,-0.353,"0.16345081967213115,0.14033429118773944,0.16524102564102564,0.2,0.41,0.06566619862539994","0,0,0"
21.983333333333334,49,AV,1,0,0,52,1059.8377785859489,0.1,-0.31983333333333336,"0.29801190476190476,0.20999132947976878,0.22643859649122805,0.1,0.52,0.05097013878586871","0,0,0"
14.183333333333334,179,AV,2,0,0,35,3159.4556453821087,0.1,-0.24183333333333334,"0.1126437908496732,0.11489981785063755,0.145780303030303,0.1,0.35,0.15194579395705407","0,0,0"
30.45,198,AV,1,0,0,64,3427.0421228311798,0.2,-0.5045,"0.4402169312169312,0.28638223552894215,0.29917142857142853,0.2,0.64,0.16481466895696031","0,0,0"
30.95,8,AV,0,0,0,51,571.0932451196882,0.1,-0.8297466095527035,"0.28767412935323383,0.20576231060606062,0.22442982456140348,0.1,0.51,0.027465242843352784","0,0,0"
27.416666666666668,177,AV,0,0,0,50,3097.4575811220984,0.1,-0.4516495679540692,"0.2708944444444445,0.19667411545623836,0.21712021857923497,0.1,0.5,0.14896415846185204","0,0,0"
25.483333333333334,234,AV,1,0,0,57,4705.31956239884,0.1,-0.35483333333333333,"0.3825361111111111,0.2516603603603604,0.270930303030303,0.1,0.57,0.2262900945532605","0,0,0"
11.016666666666667,154,AV,2,0,0,13,2758.442965787371,0.3,-0.4101666666666667,"0.05216666666666667,0.07817171717171717,0.11608333333333336,0.3,0.13,0.13266013312591463","0,0,0"
21.45,194,AV,1,0,0,50,3368.9508766880413,0.1,-0.3145,"0.2708944444444445,0.19667411545623836,0.21712021857923497,0.1,0.5,0.16202092170810273","0,0,0"
27.0,50,AV,1,0,0,60,1062.4074567339185,0.2,-0.47000000000000003,"0.40898039215686277,0.2650009803921569,0.2840537634408602,0.2,0.6,0.05109372076651086","0,0,0"
43.1,178,AV,0,0,0,62,3158.0604616132755,0.3,-0.8069960117664743,"0.41495238095238096,0.2721401960784313,0.2928830845771144,0.3,0.62,0.15187869622590497","0,0,0"
33.71666666666667,188,AV,1,0,0,89,3269.866339895674,0.1,-0.4371666666666667,"0.5559999999999999,0.3420527306967985,0.35254022988505745,0.1,0.89,0.15725570886715387","0,0,0"
10.633333333333333,195,AV,1,0,0,27,3387.2787239910285,0.1,-0.20633333333333334,"0.07406944444444444,0.09179907407407409,0.12556597222222224,0.1,0.27,0.16290235180953377","0,0,0"
8.5,14,AV,1,0,0,13,627.4062491148882,0.4,-0.48500000000000004,"0.05216666666666667,0.07817171717171717,0.11608333333333336,0.4,0.13,0.03017347016557005","0,0,0"
22.883333333333333,65,AV,2,0,0,52,1267.69032506861,0.9,-1.1288333333333334,"0.29801190476190476,0.20999132947976878,0.22643859649122805,0.9,0.52,0.0609662658868978","0,0,0"
7.0,197,AV,0,0,0,13,3414.9419898187493,0.9,-1.040279378307313,"0.05216666666666667,0.07817171717171717,0.11608333333333336,0.9,0.13,0.1642327445611401","0,0,0"
8.516666666666667,233,AV,1,0,0,21,4689.4303597647895,0.1,-0.18516666666666667,"0.054537634408602154,0.08139285714285714,0.11772380952380948,0.1,0.21,0.22552594471842924","0,0,0"
13.766666666666667,139,AV,2,0,0,27,2476.7673195544394,0.9,-1.0376666666666667,"0.07406944444444444,0.09179907407407409,0.12556597222222224,0.9,0.27,0.11911367623300487","0,0,0"
27.033333333333335,159,AV,2,0,0,55,2835.850686157305,0.5,-0.7703333333333333,"0.3440576923076923,0.2357994791666667,0.2520267857142857,0.5,0.55,0.13638285591431848","0,0,0"
8.533333333333333,118,AV,1,0,0,14,2108.868816674547,0.1,-0.18533333333333335,"0.05400925925925927,0.0810084745762712,0.11817857142857141,0.1,0.14,0.10142055552171977","0,0,0"
25.0,39,AV,2,0,0,52,913.5589076746268,0.7,-0.95,"0.29801190476190476,0.20999132947976878,0.22643859649122805,0.7,0.52,0.04393523731091094","0,0,0"
28.2,238,AV,2,0,0,61,4889.272753955773,0.1,-0.382,"0.40991798941798935,0.2690186274509804,0.28905472636815926,0.1,0.61,0.2351368443985718","0,0,0"
39.766666666666666,85,AV,0,0,0,58,1587.6148581174584,0.3,-0.8488368316300912,"0.3874589743589744,0.2558249063670412,0.2706842105263158,0.3,0.58,0.07635220341429991","0,0,0"
32.88333333333333,126,AV,1,0,0,74,2241.037238818388,0.3,-0.6288333333333334,"0.51515,0.32339393939393946,0.3377369791666667,0.3,0.74,0.10777685169826198","0,0,0"
16.783333333333335,11,AV,2,0,0,39,597.1498506777683,0.1,-0.26783333333333337,"0.1397301587301587,0.12833333333333333,0.15213,0.1,0.39,0.02871836745206032","0,0,0"
17.066666666666666,149,AV,0,0,0,40,2622.7149314101284,0.4,-0.66217489622136,"0.15066666666666664,0.13375,0.1583456790123457,0.4,0.4,0.1261326466660798","0,0,0"
14.433333333333334,186,AV,1,0,0,39,3251.3322332141274,0.1,-0.24433333333333335,"0.1397301587301587,0.12833333333333333,0.15213,0.1,0.39,0.15636435925788542","0,0,0"
13.416666666666666,36,AV,0,0,0,33,881.2906222289953,0.4,-0.8064945389331188,"0.10786257309941522,0.11122314814814818,0.14451851851851855,0.4,0.33,0.04238337812946123","0,0,0"
26.933333333333334,18,AV,2,0,0,59,727.2326469992182,0.1,-0.3693333333333333,"0.38903431372549013,0.2583766859344894,0.27526271186440676,0.1,0.59,0.034974360884380204","0,0,0"
18.866666666666667,245,AV,0,0,0,42,5144.150368411208,0.2,-0.4353216014589646,"0.18013492063492062,0.14975383141762452,0.17445767195767195,0.2,0.42,0.2473945197189757","0,0,0"
57.15,220,AV,0,0,0,74,4200.245935785981,0.4,-1.028639511273663,"0.51515,0.32339393939393946,0.3377369791666667,0.4,0.74,0.2019998933869206","0,0,0"
38.0,214,AV,0,0,0,56,4034.238052294327,0.5,-0.939490787823864,"0.3658549382716049,0.244325641025641,0.2616274509803921,0.5,0.56,0.19401617641430308","0,0,0"
34.25,230,AV,2,0,0,75,4639.089550420253,0.4,-0.7425,"0.5304837962962964,0.3307627118644067,0.3421960784313726,0.4,0.75,0.22310493454996042","0,0,0"
33.333333333333336,227,AV,1,0,0,79,4559.760277629775,0.1,-0.43333333333333335,"0.5417686567164177,0.3357407407407408,0.3471383647798742,0.1,0.79,0.21928979970044837","0,0,0"
24.066666666666666,59,AV,2,0,0,52,1194.3606142611325,0.1,-0.3406666666666667,"0.29801190476190476,0.20999132947976878,0.22643859649122805,0.1,0.52,0.05743966435173499","0,0,0"
29.933333333333334,12,AV,1,0,0,68,610.4868582393152,0.4,-0.6993333333333334,"0.48648989898989903,0.30124666666666666,0.31307909604519774,0.4,0.68,0.029359776109248604","0,0,0"
31.333333333333332,264,AV,1,0,0,71,6918.069898529506,0.9,-1.2133333333333334,"0.5033000000000001,0.31011322463768115,0.32313988095238094,0.9,0.71,0.33270656130870674","0,0,0"
10.15,127,AV,0,0,0,29,2271.53748778668,0.1,-0.3071553111231499,"0.09030808080808082,0.09876795580110498,0.13282704402515721,0.1,0.29,0.10924368176822945","0,0,0"
22.533333333333335,185,AV,1,0,0,52,3245.380745418587,0.1,-0.32533333333333336,"0.29801190476190476,0.20999132947976878,0.22643859649122805,0.1,0.52,0.156078137946426","0,0,0"
15.85,287,AV,1,0,0,42,11049.706566164488,0.7,-0.8584999999999999,"0.18013492063492062,0.14975383141762452,0.17445767195767195,0.7,0.42,0.5314068705608562","0,0,0"
11.65,40,AV,2,0,0,3,931.9887487728153,0.3,-0.4165,"0.05283333333333334,0.07834920634920634,0.12038888888888889,0.3,0.03,0.04482157253839216","0,0,0"
24.133333333333333,134,AV,1,0,0,54,2411.397471856681,0.2,-0.44133333333333336,"0.3367027777777778,0.2290126705653021,0.24891304347826085,0.2,0.54,0.11596988359144483","0,0,0"
21.083333333333332,82,AV,1,0,0,50,1538.317647081207,0.4,-0.6108333333333333,"0.2708944444444445,0.19667411545623836,0.21712021857923497,0.4,0.5,0.07398138238957058","0,0,0"
43.083333333333336,74,AV,0,0,0,62,1447.5744631551047,0.9,-1.4966279132383289,"0.41495238095238096,0.2721401960784313,0.2928830845771144,0.9,0.62,0.06961732519889745","0,0,0"
5.2,167,AV,0,0,0,2,2953.761118311176,0.3,-0.4332523390981668,"0.0545,0.08408333333333333,0.12591666666666668,0.3,0.02,0.14205345118145746","0,0,0"
22.366666666666667,224,AV,0,0,0,47,4547.885280126284,0.1,-0.3764384463438655,"0.23187562189054728,0.17831583793738492,0.20384615384615384,0.1,0.47,0.2187187026108142","0,0,0"
16.333333333333332,58,AV,1,0,0,42,1148.9174546898266,0.2,-0.36333333333333334,"0.18013492063492062,0.14975383141762452,0.17445767195767195,0.2,0.42,0.05525419389859809","0,0,0"
29.483333333333334,42,AV,1,0,0,66,961.7772661313056,0.1,-0.39483333333333337,"0.45806313131313126,0.29133911368015414,0.30384972677595623,0.1,0.66,0.04625417372950396","0,0,0"
18.766666666666666,32,AV,1,0,0,46,861.805442805673,0.1,-0.2876666666666666,"0.2247685185185185,0.17383333333333337,0.19803551912568307,0.1,0.46,0.04144628915269407","0,0,0"
36.05,277,AV,2,0,0,88,8348.421721831439,0.4,-0.7605,"0.5511798941798942,0.34135,0.35185964912280704,0.4,0.88,0.4014956084811817","0,0,0"
21.95,216,AV,0,0,0,47,4113.319853961603,0.1,-0.37784703074910453,"0.23187562189054728,0.17831583793738492,0.20384615384615384,0.1,0.47,0.19781940978440954","0,0,0"
10.216666666666667,148,AV,0,0,0,31,2619.168197182975,0.2,-0.3937988116576337,"0.09839071038251367,0.10418071161048688,0.13704098360655736,0.2,0.31,0.12596207571697113","0,0,0"
13.3,196,AV,1,0,0,36,3393.6426315430986,0.9,-1.033,"0.12186842105263157,0.11907155797101451,0.147454802259887,0.9,0.36,0.1632084073754924","0,0,0"
32.75,90,AV,0,0,0,52,1659.6531244520008,0.2,-0.6721085308213097,"0.29801190476190476,0.20999132947976878,0.22643859649122805,0.2,0.52,0.07981669628967558","0,0,0"
27.533333333333335,66,AV,1,0,0,62,1317.647826688136,0.2,-0.4753333333333334,"0.41495238095238096,0.2721401960784313,0.2928830845771144,0.2,0.62,0.06336884186823323","0,0,0"
31.1,253,AV,1,0,0,71,5654.280440205098,0.7,-1.011,"0.5033000000000001,0.31011322463768115,0.32313988095238094,0.7,0.71,0.2719278974523786","0,0,0"
53.7,91,AV,0,0,0,70,1661.9571573900298,0.3,-0.9814080546437796,"0.49526041666666665,0.3065218579234973,0.31679245283018864,0.3,0.7,0.07992750275552475","0,0,0"
31.916666666666668,289,AV,2,0,0,67,11940.25564443948,0.5,-0.8191666666666666,"0.4715959595959596,0.29780539499036607,0.31009562841530064,0.5,0.67,0.5742355100304415","0,0,0"
14.0,211,AV,2,0,0,36,3958.913906791885,0.3,-0.44,"0.12186842105263157,0.11907155797101451,0.147454802259887,0.3,0.36,0.1903936577347851","0,0,0"
21.666666666666668,153,AV,1,0,0,51,2756.9260540590044,0.4,-0.6166666666666667,"0.28767412935323383,0.20576231060606062,0.22442982456140348,0.4,0.51,0.1325871812054576","0,0,0"
28.716666666666665,184,AV,1,0,0,63,3230.862018062417,0.2,-0.48716666666666664,"0.42359016393442617,0.27808236434108524,0.29728109452736323,0.2,0.63,0.15537989755219744","0,0,0"
31.166666666666668,57,AV,1,0,0,68,1141.5133047894662,0.2,-0.5116666666666667,"0.48648989898989903,0.30124666666666666,0.31307909604519774,0.2,0.68,0.05489811058505904","0,0,0"
15.016666666666667,96,AV,1,0,0,41,1723.69240549938,0.9,-1.0501666666666667,"0.16345081967213115,0.14033429118773944,0.16524102564102564,0.9,0.41,0.08289649879217476","0,0,0"
10.033333333333333,79,AV,1,0,0,26,1503.4428459110418,0.2,-0.30033333333333334,"0.0698377192982456,0.08917732558139534,0.12242307692307693,0.2,0.26,0.0723041696201366","0,0,0"
44.78333333333333,152,AV,0,0,0,62,2747.619709803412,0.2,-0.735181665834985,"0.41495238095238096,0.2721401960784313,0.2928830845771144,0.2,0.62,0.13213961680656489","0,0,0"
24.483333333333334,208,AV,1,0,0,54,3849.958431883558,0.3,-0.5448333333333333,"0.3367027777777778,0.2290126705653021,0.24891304347826085,0.3,0.54,0.18515372782308936","0,0,0"
14.85,62,AV,2,0,0,35,1249.5878531833848,0.9,-1.0485,"0.1126437908496732,0.11489981785063755,0.145780303030303,0.9,0.35,0.06009567462944302","0,0,0"
24.95,25,AV,1,0,0,54,802.5586880039084,0.3,-0.5495,"0.3367027777777778,0.2290126705653021,0.24891304347826085,0.3,0.54,0.038596970723144074","0,0,0"
34.233333333333334,16,AV,1,0,0,89,649.7132696839626,0.1,-0.44233333333333336,"0.5559999999999999,0.3420527306967985,0.35254022988505745,0.1,0.89,0.0312462682458781","0,0,0"
58.65,228,AV,0,0,0,74,4617.1597275219765,0.6,-1.2384800080922926,"0.51515,0.32339393939393946,0.3377369791666667,0.6,0.74,0.2220502768096353","0,0,0"
18.45,29,AV,1,0,0,45,845.7864251007381,0.2,-0.3845,"0.21261695906432745,0.16697591522157992,0.1891928571428571,0.2,0.45,0.040675896199988425","0,0,0"
11.85,26,AV,1,0,0,32,806.3598325453933,0.2,-0.3185,"0.10545555555555555,0.10835890151515151,0.143328125,0.2,0.32,0.03877977687399022","0,0,0"
41.35,259,AV,0,0,0,60,5960.007005011629,0.3,-0.7537684090468668,"0.40898039215686277,0.2650009803921569,0.2840537634408602,0.3,0.6,0.2866310206600706","0,0,0"
25.133333333333333,130,AV,2,0,0,53,2344.9936519099742,0.1,-0.3513333333333334,"0.32360416666666675,0.2238015873015873,0.24306111111111112,0.1,0.53,0.11277636474640867","0,0,0"
11.85,175,AV,2,0,0,26,3046.5766145774583,0.4,-0.5185,"0.0698377192982456,0.08917732558139534,0.12242307692307693,0.4,0.26,0.14651717083908622","0,0,0"
28.15,10,AV,1,0,0,62,588.8906571209208,0.3,-0.5814999999999999,"0.41495238095238096,0.2721401960784313,0.2928830845771144,0.3,0.62,0.02832116303987798","0,0,0"
20.15,180,AV,2,0,0,44,3169.820795106812,0.2,-0.40149999999999997,"0.20201388888888888,0.1612831325301205,0.18482657657657658,0.2,0.44,0.15244427884849596","0,0,0"
51.9,113,AV,0,0,0,69,2035.9911412414244,0.5,-1.1368787054317253,"0.49452525252525253,0.305499074074074,0.3162808641975309,0.5,0.69,0.09791569345106042","0,0,0"
58.86666666666667,280,AV,0,0,0,74,8981.750106371177,0.2,-0.8153875169639553,"0.51515,0.32339393939393946,0.3377369791666667,0.2,0.74,0.4319538883323586","0,0,0"
27.016666666666666,231,AV,2,0,0,55,4645.51881630073,0.7,-0.9701666666666666,"0.3440576923076923,0.2357994791666667,0.2520267857142857,0.7,0.55,0.22341413335457028","0,0,0"
60.6,232,AV,0,0,0,78,4687.914961676448,0.3,-0.9571954679131325,"0.5331333333333332,0.3330638888888889,0.3430066666666666,0.3,0.78,0.22545306559254863","0,0,0"
12.1,63,AV,1,0,0,34,1260.3927948639828,0.3,-0.421,"0.11161607142857145,0.11335486891385768,0.14504292929292928,0.3,0.34,0.06061531017005197","0,0,0"
34.68333333333333,203,AV,0,0,0,52,3667.3634505223554,0.5,-0.9122754426955282,"0.29801190476190476,0.20999132947976878,0.22643859649122805,0.5,0.52,0.1763722975611855","0,0,0"
32.483333333333334,101,AV,2,0,0,63,1836.592480640456,0.9,-1.2248333333333334,"0.42359016393442617,0.27808236434108524,0.29728109452736323,0.9,0.63,0.0883261339827163","0,0,0"
29.083333333333332,51,AV,1,0,0,64,1076.386102050743,0.4,-0.6908333333333334,"0.4402169312169312,0.28638223552894215,0.29917142857142853,0.4,0.64,0.051765987321103386","0,0,0"
34.7,276,AV,2,0,0,82,8326.33528790118,0.2,-0.547,"0.5518968253968254,0.33848710865561693,0.35099404761904757,0.2,0.82,0.40043341894099355","0,0,0"
23.983333333333334,94,AV,0,0,0,48,1703.2333497257905,0.3,-0.6807418001847125,"0.24949743589743584,0.1864691011235955,0.20999415204678368,0.3,0.48,0.08191257376772525","0,0,0"
30.45,61,AV,1,0,0,69,1234.5997004771,0.2,-0.5045,"0.49452525252525253,0.305499074074074,0.3162808641975309,0.2,0.69,0.059374858445099786","0,0,0"
10.883333333333333,283,AV,1,0,0,28,9095.945853089892,0.1,-0.20883333333333332,"0.08671990740740738,0.09713425925925927,0.13194791666666666,0.1,0.28,0.4374458354742832","0,0,0"
55.4,262,AV,0,0,0,73,6427.339783247283,0.2,-0.7913404873701488,"0.512611111111111,0.31969619047619047,0.3353153846153847,0.2,0.73,0.3091061739780037","0,0,0"
20.483333333333334,206,AV,1,0,0,48,3773.073658575576,0.4,-0.6048333333333333,"0.24949743589743584,0.1864691011235955,0.20999415204678368,0.4,0.48,0.18145615481219285","0,0,0"
25.7,217,AV,1,0,0,57,4135.471393234625,0.4,-0.657,"0.3825361111111111,0.2516603603603604,0.270930303030303,0.4,0.57,0.198884730396563","0,0,0"
11.833333333333334,181,AV,0,0,0,31,3197.7177395395383,0.4,-0.5933868619898555,"0.09839071038251367,0.10418071161048688,0.13704098360655736,0.4,0.31,0.15378590976425258","0,0,0"
33.083333333333336,170,AV,1,0,0,78,2969.8754393798326,0.5,-0.8308333333333333,"0.5331333333333332,0.3330638888888889,0.3430066666666666,0.5,0.78,0.1428284275013291","0,0,0"
33.083333333333336,172,AV,2,0,0,70,2991.769966736588,0.2,-0.5308333333333334,"0.49526041666666665,0.3065218579234973,0.31679245283018864,0.2,0.7,0.143881387794473","0,0,0"
18.766666666666666,284,AV,1,0,0,45,9667.367812467324,0.2,-0.38766666666666666,"0.21261695906432745,0.16697591522157992,0.1891928571428571,0.2,0.45,0.46492688697408946","0,0,0"
27.183333333333334,158,AV,2,0,0,56,2818.3733061874163,0.6,-0.8718333333333332,"0.3658549382716049,0.244325641025641,0.2616274509803921,0.6,0.56,0.13554232682517134","0,0,0"
27.45,219,AV,1,0,0,61,4196.147454418583,0.2,-0.4745,"0.40991798941798935,0.2690186274509804,0.28905472636815926,0.2,0.61,0.20180278759551706","0,0,0"
50.15,109,AV,0,0,0,67,2010.868248891871,0.1,-0.7208514294794085,"0.4715959595959596,0.29780539499036607,0.31009562841530064,0.1,0.67,0.0967074733482937","0,0,0"
29.3,213,AV,0,0,0,50,4015.909421979459,0.2,-0.5527623040715154,"0.2708944444444445,0.19667411545623836,0.21712021857923497,0.2,0.5,0.19313470865595408","0,0,0"
32.266666666666666,187,AV,1,0,0,70,3256.7228478661937,0.1,-0.42266666666666663,"0.49526041666666665,0.3065218579234973,0.31679245283018864,0.1,0.7,0.15662360683568316","0,0,0"
32.81666666666667,157,AV,0,0,0,52,2813.5576138103806,0.3,-0.7134679232757217,"0.29801190476190476,0.20999132947976878,0.22643859649122805,0.3,0.52,0.13531072863744203","0,0,0"
23.5,76,AV,2,0,0,52,1485.5718097438446,0.9,-1.135,"0.29801190476190476,0.20999132947976878,0.22643859649122805,0.9,0.52,0.07144470866102204","0,0,0"
12.183333333333334,260,AV,1,0,0,31,6130.868263041086,0.6,-0.7218333333333333,"0.09839071038251367,0.10418071161048688,0.13704098360655736,0.6,0.31,0.29484814804583803","0,0,0"
62.233333333333334,105,AV,0,0,0,78,1921.5023446668008,0.2,-0.947235600908561,"0.5331333333333332,0.3330638888888889,0.3430066666666666,0.2,0.78,0.09240965283924012","0,0,0"
19.05,243,AV,1,0,0,46,5009.92015912814,0.5,-0.6905,"0.2247685185185185,0.17383333333333337,0.19803551912568307,0.5,0.46,0.24093906725761643","0,0,0"
7.933333333333334,6,AV,1,0,0,19,541.9839687696077,0.9,-0.9793333333333334,"0.05501515151515152,0.08130434782608695,0.11814942528735632,0.9,0.19,0.026065307980208553","0,0,0"
15.333333333333334,212,AV,1,0,0,41,3971.0791127863904,0.2,-0.3533333333333334,"0.16345081967213115,0.14033429118773944,0.16524102564102564,0.2,0.41,0.19097871164626756","0,0,0"
22.95,143,AV,1,0,0,52,2528.765907819195,0.6,-0.8294999999999999,"0.29801190476190476,0.20999132947976878,0.22643859649122805,0.6,0.52,0.12161441296279007","0,0,0"
34.53333333333333,103,AV,0,0,0,52,1888.2149669861096,0.3,-0.7724375053668164,"0.29801190476190476,0.20999132947976878,0.22643859649122805,0.3,0.52,0.09080878306984375","0,0,0"
20.883333333333333,120,AV,1,0,0,49,2147.781038516846,0.5,-0.7088333333333333,"0.26213888888888887,0.19405651340996166,0.21583888888888889,0.5,0.49,0.10329193752738362","0,0,0"
45.016666666666666,237,AV,0,0,0,62,4735.166802079286,0.3,-0.8008512592125117,"0.41495238095238096,0.2721401960784313,0.2928830845771144,0.3,0.62,0.22772551984156938","0,0,0"
33.833333333333336,136,AV,1,0,0,90,2421.0391237858234,0.4,-0.7383333333333334,"0.5650794871794872,0.3447552986512524,0.35477150537634405,0.4,0.9,0.11643357373995898","0,0,0"
24.216666666666665,270,AV,1,0,0,53,7592.14370769901,0.6,-0.8421666666666666,"0.32360416666666675,0.2238015873015873,0.24306111111111112,0.6,0.53,0.36512438628106175","0,0,0"
50.016666666666666,292,AV,0,0,0,66,13430.196447392702,0.2,-0.7180368445855156,"0.45806313131313126,0.29133911368015414,0.30384972677595623,0.2,0.66,0.6458903340456582","0,0,0"
6.866666666666666,56,AV,0,0,0,23,1129.1321270070612,0.2,-0.4812192938212558,"0.0581,0.0830354938271605,0.11925,0.2,0.23,0.05430267007269716","0,0,0"
19.733333333333334,121,AV,1,0,0,47,2187.718469250836,0.4,-0.5973333333333334,"0.23187562189054728,0.17831583793738492,0.20384615384615384,0.4,0.47,0.10521262428567076","0,0,0"
20.85,106,AV,1,0,0,48,1927.298426803608,0.4,-0.6085,"0.24949743589743584,0.1864691011235955,0.20999415204678368,0.4,0.48,0.0926884003201249","0,0,0"
26.4,119,AV,1,0,0,58,2141.869626207308,0.1,-0.364,"0.3874589743589744,0.2558249063670412,0.2706842105263158,0.1,0.58,0.10300764354209123","0,0,0"
35.65,17,AV,2,0,0,72,720.4688823460104,0.2,-0.5565,"0.5046111111111112,0.31306424581005593,0.3281939890710383,0.2,0.72,0.034649075232127916","0,0,0"
29.0,122,AV,0,0,0,50,2187.907521251699,0.1,-0.49969385025135626,"0.2708944444444445,0.19667411545623836,0.21712021857923497,0.1,0.5,0.10522171624947545","0,0,0"
11.083333333333334,291,AV,1,0,0,26,13351.937436366714,0.1,-0.21083333333333334,"0.0698377192982456,0.08917732558139534,0.12242307692307693,0.1,0.26,0.6421266706493964","0,0,0"
23.0,271,AV,2,0,0,51,7658.5640246764915,0.2,-0.43000000000000005,"0.28767412935323383,0.20576231060606062,0.22442982456140348,0.2,0.51,0.3683186985078447","0,0,0"
37.9,272,AV,0,0,0,57,7912.643587116454,0.9,-1.309331203138073,"0.3825361111111111,0.2516603603603604,0.270930303030303,0.9,0.57,0.38053799359420826","0,0,0"
20.433333333333334,95,AV,0,0,0,43,1717.0377309640771,0.2,-0.5441089455240133,"0.1934949494949495,0.15755995934959346,0.1842357142857143,0.2,0.43,0.08257645954513855","0,0,0"
26.783333333333335,222,AV,1,0,0,59,4429.527615460413,0.2,-0.4678333333333334,"0.38903431372549013,0.2583766859344894,0.27526271186440676,0.2,0.59,0.21302659886033296","0,0,0"
9.516666666666667,251,AV,1,0,0,24,5557.427333357366,0.3,-0.39516666666666667,"0.06181666666666667,0.0849920091324201,0.11962925170068026,0.3,0.24,0.26726999942532587","0,0,0"
8.55,171,AV,1,0,0,23,2987.078671303881,0.3,-0.3855,"0.0581,0.0830354938271605,0.11925,0.3,0.23,0.14365577215392691","0,0,0"
17.75,261,AV,1,0,0,44,6254.49597505133,0.4,-0.5775,"0.20201388888888888,0.1612831325301205,0.18482657657657658,0.4,0.44,0.3007937010033377","0,0,0"
46.61666666666667,183,AV,0,0,0,63,3227.056348793521,0.6,-1.140537850203554,"0.42359016393442617,0.27808236434108524,0.29728109452736323,0.6,0.63,0.1551968737963661","0,0,0"
20.566666666666666,77,AV,0,0,0,43,1490.1599361877834,0.2,-0.5667232044058186,"0.1934949494949495,0.15755995934959346,0.1842357142857143,0.2,0.43,0.07166536265764283","0,0,0"
39.75,83,AV,0,0,0,59,1546.5147326922538,0.4,-0.9526876583692129,"0.38903431372549013,0.2583766859344894,0.27526271186440676,0.4,0.59,0.07437559988179109","0,0,0"
23.266666666666666,295,AV,1,0,0,53,15725.918848752755,0.4,-0.6326666666666667,"0.32360416666666675,0.2238015873015873,0.24306111111111112,0.4,0.53,0.7562971262693423","0,0,0"
23.85,190,AV,0,0,0,47,3292.2479258152307,0.9,-1.2113985196157642,"0.23187562189054728,0.17831583793738492,0.20384615384615384,0.9,0.47,0.15833209297387038","0,0,0"
16.416666666666668,269,AV,1,0,0,42,7572.106998522375,0.1,-0.26416666666666666,"0.18013492063492062,0.14975383141762452,0.17445767195767195,0.1,0.42,0.3641607729166582","0,0,0"
29.916666666666668,235,AV,1,0,0,66,4707.821121085941,0.1,-0.39916666666666667,"0.45806313131313126,0.29133911368015414,0.30384972677595623,0.1,0.66,0.2264104005057739","0,0,0"
13.383333333333333,166,AV,1,0,0,38,2946.490055333797,0.2,-0.3338333333333333,"0.13253551912568307,0.1242139175257732,0.14935185185185187,0.2,0.38,0.14170376833700152","0,0,0"
23.15,114,AV,2,0,0,48,2046.5713793034688,0.8,-1.0315,"0.24949743589743584,0.1864691011235955,0.20999415204678368,0.8,0.48,0.09842452245612708","0,0,0"
22.65,274,AV,1,0,0,52,8028.27043643778,0.1,-0.3265,"0.29801190476190476,0.20999132947976878,0.22643859649122805,0.1,0.52,0.3860987658900816","0,0,0"
18.9,24,AV,2,0,0,41,767.6170681366935,0.5,-0.689,"0.16345081967213115,0.14033429118773944,0.16524102564102564,0.5,0.41,0.036916544482430876","0,0,0"
30.15,13,AV,1,0,0,64,614.9217871931492,0.2,-0.5015000000000001,"0.4402169312169312,0.28638223552894215,0.29917142857142853,0.2,0.64,0.029573062471416202","0,0,0"
25.966666666666665,205,AV,1,0,0,56,3758.845856207275,0.3,-0.5596666666666666,"0.3658549382716049,0.244325641025641,0.2616274509803921,0.3,0.56,0.18077190569786353","0,0,0"
25.55,60,AV,0,0,0,49,1200.7903182940884,0.2,-0.65536836697764,"0.26213888888888887,0.19405651340996166,0.21583888888888889,0.2,0.49,0.057748884228147654","0,0,0"
27.433333333333334,124,AV,2,0,0,56,2218.7455195521825,0.1,-0.3743333333333333,"0.3658549382716049,0.244325641025641,0.2616274509803921,0.1,0.56,0.1067047894942801","0,0,0"
18.433333333333334,290,AV,1,0,0,45,12726.503958899895,0.2,-0.38433333333333336,"0.21261695906432745,0.16697591522157992,0.1891928571428571,0.2,0.45,0.6120480758003385","0,0,0"
13.983333333333333,163,AV,1,0,0,39,2891.134206742707,0.6,-0.7398333333333333,"0.1397301587301587,0.12833333333333333,0.15213,0.6,0.39,0.13904157291209238","0,0,0"
28.15,226,AV,1,0,0,63,4549.115907877681,0.8,-1.0815000000000001,"0.42359016393442617,0.27808236434108524,0.29728109452736323,0.8,0.63,0.21877788644870882","0,0,0"
31.683333333333334,201,AV,1,0,0,72,3558.5090095449787,0.3,-0.6168333333333333,"0.5046111111111112,0.31306424581005593,0.3281939890710383,0.3,0.72,0.17113722661336772","0,0,0"
27.5,117,AV,1,0,0,61,2105.6010448069283,0.1,-0.375,"0.40991798941798935,0.2690186274509804,0.28905472636815926,0.1,0.61,0.10126340054104405","0,0,0"
27.1,221,AV,2,0,0,56,4227.85786318916,0.1,-0.371,"0.3658549382716049,0.244325641025641,0.2616274509803921,0.1,0.56,0.20332781715065273","0,0,0"
16.383333333333333,141,AV,1,0,0,43,2520.718778515204,0.1,-0.26383333333333336,"0.1934949494949495,0.15755995934959346,0.1842357142857143,0.1,0.43,0.12122740722876209","0,0,0"
25.35,242,AV,2,0,0,55,4959.361066312568,0.5,-0.7535000000000001,"0.3440576923076923,0.2357994791666667,0.2520267857142857,0.5,0.55,0.23850755931388606","0,0,0"
9.233333333333333,71,AV,1,0,0,22,1404.912317929139,0.1,-0.19233333333333333,"0.05548095238095239,0.08176811594202898,0.11771052631578949,0.1,0.22,0.06756560039062387","0,0,0"
21.0,19,AV,1,0,0,49,736.5379020629116,0.1,-0.31,"0.26213888888888887,0.19405651340996166,0.21583888888888889,0.1,0.49,0.03542187290142414","0,0,0"
