travel_time,id,kind,action,bid_route_0,bid_route_1,bid_route_2,karma_balance,origin,destination,start_time,income,urgency,reward,observation,cost_table
48.13333333333333,217,AV,0,4,6,2,4,0,0,49,4705.31956239884,0.3,-14.44,"0.4784904761904762,0.3058515151515151,0.3715583333333333,0.3,0.49,0.23248511663287746,8.0","0,0,0"
41.55,183,AV,2,2,3,1,12,0,0,76,9884.322174397852,0.2,-8.31,"0.4489248366013072,0.2728958333333333,0.33940243902439027,0.2,0.76,0.48837443728907737,12.0","0,0,0"
31.966666666666665,225,AV,2,1,0,1,6,0,0,38,3245.380745418587,0.2,-6.3933333333333335,"0.5861260162601625,0.3408039215686275,0.4008771929824561,0.2,0.38,0.16035100509349434,6.0","0,0,0"
79.5,107,AV,0,5,5,4,0,0,0,82,6563.608435155774,0.2,-15.9,"0.5243690476190476,0.31784523809523807,0.3826507936507936,0.2,0.82,0.3243013045859485,5.0","0,0,0"
67.26666666666667,283,AV,0,8,5,1,2,0,0,68,948.3478854920526,0.5,-33.63333333333333,"0.5081742424242424,0.29646774193548386,0.3584558823529412,0.5,0.68,0.04685691712185437,10.0","0,0,0"
28.166666666666668,73,AV,2,3,2,0,5,0,0,27,3257.969850357721,0.4,-11.266666666666667,"0.5116809523809525,0.3029366666666667,0.36262727272727274,0.4,0.27,0.1609730201322744,5.0","0,0,0"
15.916666666666666,221,AV,1,2,9,0,3,0,0,10,4113.319853961603,0.2,-3.1833333333333336,"0.5415714285714287,0.30206333333333335,0.35102032520325194,0.2,0.1,0.20323500525627752,12.0","0,0,0"
33.03333333333333,299,AV,2,0,3,0,8,0,0,46,1062.4074567339185,0.1,-3.3033333333333332,"0.4008208333333333,0.2726626984126984,0.32114625850340134,0.1,0.46,0.052492486050087245,8.0","0,0,0"
34.483333333333334,211,AV,1,1,7,1,2,0,0,75,807.7368269013535,0.2,-6.896666666666667,"0.4461965811965812,0.31276530612244896,0.35450641025641016,0.2,0.75,0.039909465854662395,9.0","0,0,0"
30.766666666666666,194,AV,0,4,7,1,4,0,0,30,4569.840806868062,0.4,-12.306666666666667,"0.43117006802721086,0.27349572649572645,0.3267851851851853,0.4,0.3,0.22579124730834796,8.0","0,0,0"
18.683333333333334,99,AV,1,2,5,2,4,0,0,14,4227.85786318916,0.4,-7.473333333333334,"0.3810366666666667,0.2731666666666667,0.3407519379844961,0.4,0.14,0.2088942133251532,9.0","0,0,0"
15.166666666666666,125,AV,0,6,4,3,2,0,0,14,1467.6871321740252,0.2,-3.033333333333333,"0.45241836734693885,0.291630303030303,0.3416851851851852,0.2,0.14,0.07251694801576773,8.0","0,0,0"
31.6,156,AV,2,3,0,1,11,0,0,50,2574.4307659940623,0.8,-25.28,"0.5330458333333333,0.2850515873015873,0.3557534722222222,0.8,0.5,0.12720004007342384,11.0","0,0,0"
16.45,8,AV,1,2,6,0,1,0,0,12,1234.5997004771,0.1,-1.645,"0.40173703703703706,0.251814393939394,0.34931140350877193,0.1,0.12,0.06100033197617807,7.0","0,0,0"
95.05,79,AV,0,8,4,3,0,0,0,98,753.7709081553346,0.2,-19.01,"0.5261630434782609,0.3203617021276596,0.3293475177304965,0.2,0.98,0.03724306397749163,8.0","0,0,0"
47.5,278,AV,2,0,2,2,11,0,0,93,1723.69240549938,0.9,-42.75,"0.4166356589147287,0.2713827160493827,0.32946341463414625,0.9,0.93,0.08516591160652838,11.0","0,0,0"
36.483333333333334,290,AV,1,1,5,6,24,0,0,85,2909.8477340427667,0.1,-3.6483333333333334,"0.5379213836477987,0.3092244897959184,0.36428947368421055,0.1,0.85,0.1437726557913017,29.0","0,0,0"
88.2,188,AV,0,6,3,5,16,0,0,91,1822.2981036688468,0.1,-8.82,"0.24473245614035086,0.248751572327044,0.30561564625850346,0.1,0.91,0.09003792017801585,22.0","0,0,0"
81.03333333333333,102,AV,0,8,7,2,0,0,0,85,1564.4426034616197,0.2,-16.206666666666667,"0.4148804347826086,0.27585576923076927,0.351421875,0.2,0.85,0.07729753873417955,8.0","0,0,0"
20.35,248,AV,0,7,0,0,3,0,0,19,4635.813442599864,0.5,-10.175,"0.47025666666666666,0.2940448717948718,0.34175877192982457,0.5,0.19,0.22905088902009327,10.0","0,0,0"
22.166666666666668,223,AV,0,6,2,9,14,0,0,19,2022.4315636845977,0.6,-13.3,"0.4258876811594202,0.2832295597484277,0.3403211382113821,0.6,0.19,0.09992631355425287,20.0","0,0,0"
16.9,263,AV,0,5,1,2,9,0,0,15,3292.2479258152307,0.1,-1.69,"0.5531074074074075,0.31426000000000004,0.36079166666666673,0.1,0.15,0.16266666543415204,14.0","0,0,0"
92.03333333333333,103,AV,0,5,2,6,1,0,0,93,1888.2149669861096,0.1,-9.203333333333333,"0.5443731884057972,0.2789266666666667,0.3508181818181818,0.1,0.93,0.09329480623074009,6.0","0,0,0"
29.95,19,AV,1,1,7,2,2,0,0,47,1697.366940102563,0.2,-5.99,"0.5889645390070922,0.2939567901234568,0.34311111111111114,0.2,0.47,0.08386519678534977,9.0","0,0,0"
39.166666666666664,277,AV,1,2,4,0,4,0,0,92,1074.3823512953045,0.1,-3.9166666666666665,"0.23383712121212125,0.2321185897435898,0.2717926829268293,0.1,0.92,0.05308415357061393,8.0","0,0,0"
36.28333333333333,10,AV,2,2,2,8,0,0,0,67,5960.007005011629,0.4,-14.513333333333334,"0.46552380952380956,0.29286666666666666,0.3358090277777778,0.4,0.67,0.29447796378499097,8.0","0,0,0"
56.88333333333333,288,AV,0,6,1,5,2,0,0,59,5899.132481879994,0.4,-22.753333333333334,"0.3992777777777778,0.28682142857142856,0.32263247863247857,0.4,0.59,0.29147021469961026,8.0","0,0,0"
82.85,184,AV,0,8,1,5,5,0,0,85,3531.3895067900216,0.3,-24.854999999999997,"0.5016612903225807,0.3207976190476191,0.38578472222222226,0.3,0.85,0.17448241091273348,13.0","0,0,0"
32.53333333333333,158,AV,0,8,6,7,7,0,0,34,857.6590975250949,0.5,-16.266666666666666,"0.39599999999999996,0.23488492063492067,0.32639285714285704,0.5,0.34,0.04237607513690668,15.0","0,0,0"
37.666666666666664,247,AV,0,4,8,0,6,0,0,37,13460.811009378149,1.0,-37.666666666666664,"0.3841746031746032,0.2641666666666667,0.3033775510204081,1.0,0.37,0.6650851607394264,10.0","0,0,0"
19.983333333333334,66,AV,1,1,5,6,1,0,0,18,7592.14370769901,0.4,-7.993333333333334,"0.467262962962963,0.28180246913580254,0.3355365853658536,0.4,0.18,0.37512020001424035,6.0","0,0,0"
77.73333333333333,224,AV,0,6,8,6,5,0,0,80,1541.4014724042315,0.4,-31.093333333333334,"0.4632280701754386,0.2732083333333334,0.34301709401709396,0.4,0.8,0.07615909957607497,11.0","0,0,0"
29.116666666666667,97,AV,0,4,8,0,6,0,0,27,5862.871835726062,0.1,-2.911666666666667,"0.5091351351351352,0.2869591836734694,0.3614465408805032,0.1,0.27,0.28967861256961963,10.0","0,0,0"
43.5,293,AV,2,0,2,6,1,0,0,89,14297.77376075636,0.6,-26.099999999999998,"0.5245238095238095,0.3099871794871795,0.33135897435897443,0.6,0.89,0.7064386501870882,7.0","0,0,0"
35.35,13,AV,1,2,5,3,0,0,0,75,8139.327108000771,0.2,-7.07,"0.4171981132075471,0.28897321428571426,0.3311277777777778,0.2,0.75,0.40215598259005225,5.0","0,0,0"
27.15,5,AV,1,0,4,0,7,0,0,44,3032.1279287666234,0.2,-5.43,"0.3726150793650793,0.25737735849056614,0.33048148148148143,0.2,0.44,0.14981439747436257,11.0","0,0,0"
39.53333333333333,68,AV,0,4,3,5,4,0,0,38,8639.921150992108,0.3,-11.86,"0.39727642276422764,0.25738148148148143,0.3221333333333333,0.3,0.38,0.42688983178503276,8.0","0,0,0"
39.2,177,AV,1,1,4,2,16,0,0,89,1244.4027248274256,0.3,-11.76,"0.5222943262411347,0.29133641975308644,0.34503418803418806,0.3,0.89,0.06148468956958209,20.0","0,0,0"
22.05,168,AV,2,0,1,4,2,0,0,12,457.16351791608827,0.1,-2.205,"0.3780851851851852,0.28202083333333333,0.3190606060606061,0.1,0.12,0.02258799054422424,6.0","0,0,0"
36.583333333333336,2,AV,2,3,2,4,8,0,0,60,4660.29795945294,0.1,-3.6583333333333337,"0.4309563492063493,0.3002553191489361,0.3205294117647059,0.1,0.6,0.23026064442157015,12.0","0,0,0"
45.766666666666666,40,AV,2,0,2,0,6,0,0,96,8689.506535985933,0.1,-4.576666666666667,"0.454359649122807,0.28053385416666665,0.33512719298245613,0.1,0.96,0.42933979588645044,6.0","0,0,0"
29.316666666666666,244,AV,2,1,0,1,9,0,0,21,4967.653125719208,0.8,-23.453333333333333,"0.31745578231292515,0.2369651162790698,0.3131056910569106,0.8,0.21,0.24544675468029653,9.0","0,0,0"
86.4,60,AV,0,9,7,1,4,0,0,87,7336.658338656486,0.3,-25.92,"0.4254541666666667,0.28766964285714286,0.3603333333333334,0.3,0.87,0.3624969243722426,13.0","0,0,0"
41.31666666666667,275,AV,0,4,0,4,4,0,0,38,943.1907669438916,0.7,-28.921666666666667,"0.4949893617021277,0.29404964539007084,0.365036231884058,0.7,0.38,0.046602109070826375,8.0","0,0,0"
35.31666666666667,271,AV,1,0,4,5,2,0,0,74,2222.040577514192,0.4,-14.126666666666669,"0.3946979166666667,0.24747463768115946,0.2896304347826087,0.4,0.74,0.1097887945708426,6.0","0,0,0"
13.133333333333333,18,AV,1,0,4,3,4,0,0,1,541.9839687696077,0.1,-1.3133333333333335,"0.5324059829059828,0.2606272727272727,0.34364492753623194,0.1,0.01,0.02677888388271631,8.0","0,0,0"
34.25,205,AV,0,6,4,0,0,0,0,35,2329.0008356791827,0.6,-20.55,"0.47191414141414134,0.2709196428571429,0.319578431372549,0.6,0.35,0.1150735935658535,6.0","0,0,0"
38.15,9,AV,2,0,1,3,10,0,0,54,1150.4391077840953,0.7,-26.705,"0.449754716981132,0.2820387596899225,0.35234848484848486,0.7,0.54,0.056842041567067104,10.0","0,0,0"
26.15,37,AV,1,0,5,4,1,0,0,38,3783.636689084741,0.4,-10.46,"0.4118475177304965,0.24193650793650798,0.33552439024390246,0.4,0.38,0.18694569099783895,6.0","0,0,0"
38.85,249,AV,1,3,6,2,0,0,0,95,10071.894878668398,0.2,-7.7700000000000005,"0.4684466666666666,0.2720719696969697,0.3299927536231884,0.2,0.95,0.497642216331751,6.0","0,0,0"
33.03333333333333,215,AV,1,0,4,0,1,0,0,64,2052.607856914241,0.2,-6.6066666666666665,"0.50806,0.2888090277777778,0.3110625,0.2,0.64,0.10141729391339874,5.0","0,0,0"
27.233333333333334,281,AV,1,0,4,4,3,0,0,36,4459.768546990965,0.1,-2.7233333333333336,"0.30961111111111117,0.23748717948717948,0.31630092592592596,0.1,0.36,0.22035268743240086,7.0","0,0,0"
33.93333333333333,75,AV,1,3,9,2,1,0,0,62,508.6019702527906,1.0,-33.93333333333333,"0.4109999999999999,0.2709249999999999,0.33039622641509436,1.0,0.62,0.025129512843044734,10.0","0,0,0"
11.533333333333333,291,AV,0,5,2,6,2,0,0,12,3169.820795106812,0.5,-5.766666666666667,"0.5444960317460318,0.307047619047619,0.3686410256410257,0.5,0.12,0.15661766379158035,7.0","0,0,0"
4.783333333333333,210,AV,0,4,3,6,2,0,0,2,1239.4416864014672,0.3,-1.4349999999999998,"0.47018,0.2800217391304348,0.32290151515151505,0.3,0.02,0.0612395696405775,6.0","0,0,0"
25.0,170,AV,1,1,5,8,7,0,0,29,2280.385817754286,0.2,-5.0,"0.5222592592592592,0.3060488505747127,0.342072072072072,0.2,0.29,0.1126715743273096,12.0","0,0,0"
39.63333333333333,117,AV,2,2,2,4,3,0,0,71,5502.789496653042,0.7,-27.743333333333332,"0.4860315315315315,0.27870833333333334,0.33868699186991874,0.7,0.71,0.27188730562719554,7.0","0,0,0"
40.1,7,AV,1,1,7,2,2,0,0,99,586.8516376274475,0.1,-4.010000000000001,"0.47008974358974354,0.28766666666666674,0.36559935897435897,0.1,0.99,0.028995750365243225,9.0","0,0,0"
49.766666666666666,266,AV,0,7,1,4,1,0,0,51,2318.2944376966047,1.0,-49.766666666666666,"0.31396666666666667,0.25854320987654317,0.30482608695652175,1.0,0.51,0.11454460118803748,8.0","0,0,0"
8.183333333333334,171,AV,0,4,5,5,1,0,0,8,1503.4428459110418,0.1,-0.8183333333333334,"0.4787764227642277,0.2800942028985508,0.3517633333333333,0.1,0.08,0.07428360194186243,5.0","0,0,0"
38.166666666666664,25,AV,1,2,7,9,4,0,0,84,491.8679742725259,0.2,-7.633333333333333,"0.3296037037037036,0.2840771604938272,0.33983739837398375,0.2,0.84,0.024302702898339818,11.0","0,0,0"
55.11666666666667,47,AV,0,9,4,5,4,0,0,55,3628.2404526711953,0.1,-5.511666666666667,"0.4314962962962962,0.2665425531914894,0.3052499999999999,0.1,0.55,0.1792677189349818,13.0","0,0,0"
34.06666666666667,26,AV,1,3,8,8,17,0,0,69,2580.565825479665,0.2,-6.813333333333334,"0.41928030303030306,0.257030303030303,0.3254471544715447,0.2,0.69,0.12750316720456661,25.0","0,0,0"
37.483333333333334,203,AV,1,0,4,2,12,0,0,77,1261.43865123121,0.2,-7.496666666666667,"0.3893027210884354,0.28992517006802726,0.32540476190476186,0.2,0.77,0.06232641759345169,16.0","0,0,0"
25.516666666666666,282,AV,2,1,0,3,5,0,0,12,3064.640983136323,0.1,-2.5516666666666667,"0.4528846153846154,0.2757732240437159,0.3734875,0.1,0.12,0.1514208348559242,5.0","0,0,0"
27.466666666666665,198,AV,0,6,7,9,4,0,0,27,7612.519032757181,0.3,-8.239999999999998,"0.33984126984126983,0.26997115384615383,0.30747348484848486,0.3,0.27,0.3761269243737155,10.0","0,0,0"
84.58333333333333,265,AV,0,7,8,8,8,0,0,86,2158.6935677652164,0.1,-8.458333333333334,"0.3548833333333333,0.24035666666666666,0.3256033333333333,0.1,0.86,0.10665888240344744,15.0","0,0,0"
56.85,145,AV,0,8,6,0,1,0,0,58,3046.5766145774583,0.3,-17.055,"0.49219148936170215,0.2774607843137255,0.3278142857142858,0.3,0.58,0.15052829253746666,9.0","0,0,0"
74.21666666666667,112,AV,0,4,6,2,3,0,0,75,1104.4445206976068,0.8,-59.373333333333335,"0.3906515151515152,0.2593014184397164,0.3470748299319728,0.8,0.75,0.05456949518600221,7.0","0,0,0"
37.68333333333333,113,AV,1,2,8,8,2,0,0,86,1411.5824788559885,0.3,-11.304999999999998,"0.4730648148148149,0.3031099290780141,0.3403247863247863,0.3,0.86,0.06974487341013964,10.0","0,0,0"
32.083333333333336,45,AV,1,3,5,5,4,0,0,57,4416.224882412617,0.1,-3.208333333333334,"0.4075921985815603,0.3022962962962963,0.35282269503546104,0.1,0.57,0.21820123867235977,9.0","0,0,0"
58.55,132,AV,0,5,2,6,2,0,0,60,1260.6549751070208,0.8,-46.84,"0.5419634146341464,0.303650641025641,0.3666028368794327,0.8,0.6,0.0622876969427672,7.0","0,0,0"
34.0,174,AV,1,1,4,3,1,0,0,54,3580.4564780460023,0.4,-13.600000000000001,"0.39405208333333325,0.274650641025641,0.33102192982456147,0.4,0.54,0.17690676071171996,5.0","0,0,0"
45.43333333333333,41,AV,2,3,0,0,10,0,0,98,8981.750106371177,0.3,-13.629999999999999,"0.4908525641025641,0.2968295454545455,0.3696477272727272,0.3,0.98,0.4437792573608979,10.0","0,0,0"
19.283333333333335,164,AV,1,3,9,7,6,0,0,9,11940.25564443948,0.1,-1.9283333333333337,"0.546953216374269,0.28479844961240314,0.3875611111111111,0.1,0.09,0.5899560464090298,15.0","0,0,0"
29.966666666666665,219,AV,1,1,7,0,7,0,0,49,5341.061461458292,0.4,-11.986666666666666,"0.31616666666666665,0.2519545454545455,0.3032439024390244,0.4,0.49,0.26389648574207625,14.0","0,0,0"
60.5,135,AV,0,5,4,5,1,0,0,60,767.6170681366935,0.2,-12.100000000000001,"0.5351124031007751,0.27160333333333336,0.3636028368794325,0.2,0.6,0.03792718884414417,6.0","0,0,0"
75.85,212,AV,0,5,1,2,0,0,0,76,1921.5023446668008,0.1,-7.585,"0.5655333333333333,0.340607843137255,0.3914845679012347,0.1,0.76,0.09493950214987396,5.0","0,0,0"
69.1,286,AV,0,5,2,7,5,0,0,70,2818.3733061874163,0.1,-6.91,"0.41713636363636375,0.26366013071895433,0.3143555555555555,0.1,0.7,0.13925299612805134,10.0","0,0,0"
24.15,195,AV,2,0,2,6,8,0,0,2,2193.4249838744518,0.1,-2.415,"0.5853988095238095,0.31985815602836876,0.3645900900900901,0.1,0.02,0.10837492681188801,14.0","0,0,0"
17.166666666666668,33,AV,1,0,6,2,11,0,0,2,566.7055292848979,0.3,-5.15,"0.4854094202898551,0.30627659574468086,0.37358156028368805,0.3,0.02,0.02800035137361163,17.0","0,0,0"
6.4,154,AV,0,5,9,0,4,0,0,2,2675.3892374750885,0.5,-3.2,"0.4532033333333334,0.2748782051282051,0.3367142857142857,0.5,0.02,0.13218829681264888,9.0","0,0,0"
29.883333333333333,131,AV,2,3,2,4,5,0,0,34,646.5589615252754,0.1,-2.9883333333333333,"0.4140426356589147,0.27876086956521745,0.3347866666666667,0.1,0.34,0.03194582930805295,9.0","0,0,0"
13.416666666666666,65,AV,0,5,2,5,3,0,0,13,3382.383844415393,0.2,-2.6833333333333336,"0.5075308641975309,0.29055,0.33951851851851844,0.2,0.13,0.16712019069862674,8.0","0,0,0"
26.666666666666668,228,AV,1,3,7,2,0,0,0,47,4549.070920567666,0.6,-16.0,"0.3862583333333333,0.2758949275362319,0.320625,0.6,0.47,0.22476502807393375,7.0","0,0,0"
27.533333333333335,128,AV,0,6,6,8,8,0,0,26,7362.36439851089,0.1,-2.753333333333334,"0.4858198198198199,0.2886864406779661,0.3538219696969697,0.1,0.26,0.36376703498729634,14.0","0,0,0"
86.3,173,AV,0,6,7,9,5,0,0,88,2458.2611968747465,0.4,-34.52,"0.5315128205128204,0.310275,0.37169097222222236,0.4,0.88,0.1214602182679679,11.0","0,0,0"
30.883333333333333,178,AV,2,0,0,4,7,0,0,39,849.0657401736111,0.2,-6.176666666666667,"0.5397659574468084,0.3020454545454545,0.3512368421052631,0.2,0.39,0.04195148597571712,11.0","0,0,0"
18.083333333333332,147,AV,1,0,5,4,0,0,0,5,4021.28082322038,0.2,-3.6166666666666667,"0.41756845238095236,0.24309920634920637,0.32611111111111124,0.2,0.05,0.19868744913115402,5.0","0,0,0"
25.666666666666668,31,AV,0,4,4,0,1,0,0,26,572.7967315704935,0.4,-10.266666666666667,"0.4452777777777777,0.29494339622641513,0.3260555555555556,0.4,0.26,0.02830131156452355,5.0","0,0,0"
21.983333333333334,220,AV,1,2,4,8,12,0,0,14,4951.479839002994,0.2,-4.396666666666667,"0.5281600000000001,0.28813,0.3669666666666666,0.2,0.14,0.2446476488175187,16.0","0,0,0"
34.28333333333333,78,AV,0,8,0,1,5,0,0,36,2891.134206742707,1.0,-34.28333333333333,"0.3922326388888889,0.25245454545454543,0.31665591397849463,1.0,0.36,0.14284803919103217,13.0","0,0,0"
26.416666666666668,63,AV,2,0,3,4,9,0,0,11,3236.647802754315,0.2,-5.283333333333334,"0.49757264957264963,0.2725531914893617,0.34434583333333335,0.2,0.11,0.1599195191621081,13.0","0,0,0"
38.483333333333334,85,AV,2,3,3,0,10,0,0,60,7334.728577480919,0.1,-3.8483333333333336,"0.39870238095238086,0.2623086419753086,0.3252727272727272,0.1,0.6,0.3624015768095477,10.0","0,0,0"
37.28333333333333,185,AV,1,0,8,7,12,0,0,92,3508.846318545673,0.3,-11.184999999999999,"0.5543299319727891,0.2988484848484848,0.3501985815602837,0.3,0.92,0.17336857460921315,20.0","0,0,0"
29.3,23,AV,2,3,0,3,11,0,0,25,5913.041300376779,0.1,-2.93,"0.4331121794871795,0.2745555555555556,0.34356060606060607,0.1,0.25,0.2921574354606168,11.0","0,0,0"
30.7,22,AV,0,9,4,2,3,0,0,33,3987.5502105766736,0.1,-3.0700000000000003,"0.311,0.24558914728682169,0.30237606837606845,0.1,0.33,0.19702085341739287,12.0","0,0,0"
44.733333333333334,57,AV,0,5,7,6,8,0,0,42,2411.397471856681,0.3,-13.42,"0.5332959183673469,0.30001666666666665,0.3773657407407407,0.3,0.42,0.11914472865409743,13.0","0,0,0"
29.8,101,AV,2,3,3,4,10,0,0,46,2857.6088215719105,0.1,-2.9800000000000004,"0.43530141843971626,0.2798366666666667,0.3370952380952381,0.1,0.46,0.14119158356071124,14.0","0,0,0"
32.53333333333333,160,AV,0,5,3,1,0,0,0,34,1824.367004680513,0.1,-3.2533333333333334,"0.44660077519379837,0.2865818181818182,0.327765873015873,0.1,0.34,0.09014014250035135,5.0","0,0,0"
34.11666666666667,16,AV,1,2,4,1,5,0,0,71,736.5379020629116,0.2,-6.823333333333334,"0.5228414634146342,0.30778571428571433,0.33842999999999995,0.2,0.71,0.03639159844402433,9.0","0,0,0"
33.983333333333334,179,AV,1,0,4,3,1,0,0,66,3438.9188747307694,0.1,-3.3983333333333334,"0.5156551724137931,0.28724666666666665,0.3468489583333333,0.1,0.66,0.16991352979970423,5.0","0,0,0"
93.35,110,AV,0,4,2,5,3,0,0,95,601.3137559373858,0.4,-37.339999999999996,"0.44902898550724635,0.2897275641025642,0.32462301587301584,0.4,0.95,0.029710309114645228,7.0","0,0,0"
60.333333333333336,133,AV,0,4,8,3,4,0,0,61,8975.220492497892,0.1,-6.033333333333334,"0.3951925925925926,0.2659013605442177,0.33006018518518515,0.1,0.61,0.44345663569349214,8.0","0,0,0"
37.516666666666666,20,AV,1,1,4,2,1,0,0,80,1260.3927948639828,0.1,-3.751666666666667,"0.44778703703703704,0.26275,0.3560992063492064,0.1,0.8,0.06227474288012104,5.0","0,0,0"
25.816666666666666,46,AV,1,3,6,4,2,0,0,39,2347.541384251396,0.3,-7.744999999999999,"0.5383442028985507,0.27823584905660376,0.3426951219512195,0.3,0.39,0.11598966346080683,8.0","0,0,0"
34.96666666666667,86,AV,2,3,3,4,11,0,0,63,3742.7752140142647,0.1,-3.496666666666667,"0.5324246031746032,0.278422480620155,0.3382787878787879,0.1,0.63,0.18492676652914503,15.0","0,0,0"
30.633333333333333,17,AV,2,3,2,4,14,0,0,36,779.2240782816187,0.7,-21.44333333333333,"0.47640064102564106,0.2814679487179486,0.34424999999999994,0.7,0.36,0.038500679564916006,18.0","0,0,0"
40.983333333333334,196,AV,1,2,4,1,3,0,0,98,3393.6426315430986,0.1,-4.098333333333334,"0.47588095238095235,0.3000354609929078,0.3187745098039216,0.1,0.98,0.16767647606964517,7.0","0,0,0"
21.966666666666665,59,AV,1,1,4,2,4,0,0,23,2987.078671303881,0.1,-2.1966666666666668,"0.5765123456790124,0.30680882352941174,0.38434883720930235,0.1,0.23,0.14758855888113623,8.0","0,0,0"
40.266666666666666,252,AV,2,0,1,3,5,0,0,81,1691.6338586686718,0.2,-8.053333333333333,"0.4971825396825396,0.26877304964539006,0.3456341463414634,0.2,0.81,0.08358193098625824,5.0","0,0,0"
29.133333333333333,214,AV,2,1,2,2,16,0,0,6,1022.032321197676,0.2,-5.826666666666667,"0.38798809523809524,0.2512480620155039,0.2948181818181818,0.2,0.06,0.05049759112961852,16.0","0,0,0"
36.9,14,AV,1,1,4,5,6,0,0,81,4669.869929992837,0.1,-3.69,"0.5893296296296294,0.2899315476190476,0.3667638888888889,0.1,0.81,0.23073358587812023,10.0","0,0,0"
96.85,124,AV,0,6,8,2,7,0,0,100,2497.1975937909187,0.3,-29.054999999999996,"0.41512601626016266,0.2735448717948718,0.3393368794326241,0.3,1.0,0.12338402655734695,13.0","0,0,0"
84.61666666666666,39,AV,0,8,6,6,5,0,0,87,424.9057127261393,0.1,-8.461666666666666,"0.4850160256410257,0.3063504273504274,0.36841156462585034,0.1,0.87,0.02099416476842877,13.0","0,0,0"
24.416666666666668,208,AV,1,1,4,2,3,0,0,28,777.0630287344238,0.2,-4.883333333333334,"0.5462551020408163,0.3012888888888889,0.3721847826086957,0.2,0.28,0.03839390427593374,7.0","0,0,0"
37.61666666666667,150,AV,1,1,6,5,2,0,0,93,2964.6777926145683,0.1,-3.7616666666666667,"0.45957264957264954,0.30397126436781613,0.36690909090909085,0.1,0.93,0.14648175394988758,8.0","0,0,0"
32.9,207,AV,2,0,3,4,2,0,0,46,3251.3322332141274,0.2,-6.58,"0.3744761904761905,0.2662727272727274,0.3226560283687943,0.2,0.46,0.16064506213169047,6.0","0,0,0"
88.16666666666667,62,AV,0,8,0,5,5,0,0,90,904.859336063587,0.3,-26.45,"0.514236434108527,0.30700943396226416,0.3682479674796748,0.3,0.9,0.044708191546047354,13.0","0,0,0"
25.083333333333332,137,AV,2,2,3,7,3,0,0,11,1265.4739572733297,0.2,-5.016666666666667,"0.4902142857142857,0.28616326530612246,0.3508174603174603,0.2,0.11,0.06252579801457091,10.0","0,0,0"
21.0,267,AV,2,2,0,3,21,0,0,3,2326.172138461347,0.4,-8.4,"0.5200709219858156,0.2755224358974359,0.3466798245614035,0.4,0.03,0.11493383047561351,21.0","0,0,0"
51.63333333333333,256,AV,0,6,2,8,6,0,0,51,1782.711710770346,0.1,-5.163333333333334,"0.42949290780141836,0.274188679245283,0.35041250000000007,0.1,0.51,0.08808199623958074,12.0","0,0,0"
42.2,143,AV,2,3,2,3,6,0,0,85,1083.524948441525,0.1,-4.220000000000001,"0.4045902777777777,0.2792925925925926,0.3368262411347518,0.1,0.85,0.053535880118764236,6.0","0,0,0"
62.016666666666666,116,AV,0,7,9,0,4,0,0,63,7864.29237148983,0.1,-6.201666666666667,"0.3707420634920635,0.272938775510204,0.3140578231292517,0.1,0.63,0.38856679232403757,11.0","0,0,0"
41.766666666666666,149,AV,2,1,0,5,3,0,0,74,682.056612603955,0.1,-4.176666666666667,"0.3590851851851852,0.2559965277777778,0.31480180180180173,0.1,0.74,0.033699732617228556,8.0","0,0,0"
36.416666666666664,264,AV,2,1,1,6,4,0,0,53,4104.202624979457,0.2,-7.283333333333333,"0.4263437500000001,0.2835480225988701,0.3431060606060605,0.2,0.53,0.20278453212365097,10.0","0,0,0"
38.7,268,AV,2,0,1,4,4,0,0,69,4925.450001742355,0.1,-3.8700000000000006,"0.4711398809523809,0.27387916666666673,0.31,0.1,0.69,0.24336154068581314,8.0","0,0,0"
18.7,136,AV,0,6,8,4,4,0,0,18,950.4213588862824,0.6,-11.219999999999999,"0.41318910256410263,0.283847619047619,0.3376734693877551,0.6,0.18,0.04695936536102284,10.0","0,0,0"
81.15,29,AV,0,5,0,6,2,0,0,82,1434.2863071033526,0.1,-8.115,"0.4035092592592593,0.2402613636363636,0.3438089430894309,0.1,0.82,0.07086664677496723,7.0","0,0,0"
28.05,197,AV,1,0,7,0,11,0,0,53,3773.692032315799,0.7,-19.634999999999998,"0.5506122448979592,0.2920189393939394,0.34835585585585593,0.7,0.53,0.18645433548879403,18.0","0,0,0"
74.21666666666667,172,AV,0,7,2,2,3,0,0,76,2857.8751728516777,0.8,-59.373333333333335,"0.4467013888888889,0.30662765957446814,0.3324555555555556,0.8,0.76,0.14120474371009553,10.0","0,0,0"
35.766666666666666,239,AV,2,0,1,5,1,0,0,64,5307.329693361759,0.1,-3.5766666666666667,"0.5044496855345912,0.3107169811320755,0.36911764705882355,0.1,0.64,0.2622298329385507,6.0","0,0,0"
45.65,42,AV,2,3,1,7,3,0,0,81,6230.691172258436,0.1,-4.565,"0.4869738562091504,0.30588787878787876,0.346448275862069,0.1,0.81,0.3078521967905309,10.0","0,0,0"
21.75,38,AV,1,0,4,7,9,0,0,22,871.0408974081768,0.3,-6.5249999999999995,"0.4134886363636363,0.2829743589743589,0.33193518518518517,0.3,0.22,0.0430372564372029,13.0","0,0,0"
75.93333333333334,255,AV,0,4,0,1,2,0,0,78,571.0932451196882,0.1,-7.593333333333334,"0.41650666666666664,0.2505726495726496,0.31939236111111113,0.1,0.78,0.028217144008856807,6.0","0,0,0"
24.516666666666666,134,AV,1,1,9,8,3,0,0,29,816.2772675203604,0.3,-7.3549999999999995,"0.4405319148936169,0.2905277777777778,0.3532333333333334,0.3,0.29,0.04033144045321521,12.0","0,0,0"
63.766666666666666,32,AV,0,9,4,0,8,0,0,64,2105.6010448069283,0.1,-6.376666666666667,"0.4331938775510204,0.2748333333333333,0.3522625000000001,0.1,0.64,0.104035634135481,17.0","0,0,0"
20.233333333333334,153,AV,0,4,3,3,10,0,0,19,11662.42845360034,0.2,-4.046666666666667,"0.4653821138211381,0.2811928104575163,0.3378531746031746,0.2,0.19,0.5762288837775733,14.0","0,0,0"
35.416666666666664,100,AV,1,1,6,2,13,0,0,76,4015.909421979459,0.6,-21.249999999999996,"0.43886585365853653,0.267448275862069,0.3221829268292683,0.6,0.76,0.19842205358736212,19.0","0,0,0"
49.86666666666667,144,AV,0,5,3,2,1,0,0,51,2337.3116255789537,0.2,-9.973333333333334,"0.3662954545454546,0.22766666666666666,0.3122708333333334,0.2,0.51,0.11548422135287985,6.0","0,0,0"
18.65,298,AV,0,8,6,2,3,0,0,18,4446.537177105173,0.3,-5.595,"0.38770833333333327,0.2714228395061729,0.32335869565217396,0.3,0.18,0.21969893872727725,11.0","0,0,0"
16.766666666666666,146,AV,0,5,4,4,0,0,0,28,14754.343640924068,0.5,-8.383333333333333,"0.5015659722222222,0.29702884615384617,0.3653697916666666,0.5,0.28,0.7289973096860264,5.0","0,0,0"
23.966666666666665,169,AV,0,6,3,4,1,0,0,22,938.3100494872764,0.1,-2.3966666666666665,"0.43114379084967314,0.28410884353741495,0.3281958333333334,0.1,0.22,0.04636095772029518,7.0","0,0,0"
43.03333333333333,27,AV,2,0,3,0,5,0,0,84,591.6693204447811,0.2,-8.606666666666667,"0.49790789473684205,0.27233333333333337,0.3407572463768116,0.2,0.84,0.02923378723751827,5.0","0,0,0"
26.516666666666666,142,AV,1,2,6,0,1,0,0,43,1797.659883656486,0.2,-5.303333333333334,"0.6282398373983739,0.28912643678160915,0.3664349593495935,0.2,0.43,0.08882057045771759,7.0","0,0,0"
8.15,82,AV,0,4,3,0,3,0,0,6,4237.057085974603,0.4,-3.2600000000000002,"0.48604651162790696,0.2816470588235294,0.3489291666666666,0.4,0.06,0.20934873768929974,7.0","0,0,0"
4.75,104,AV,0,8,3,8,3,0,0,0,522.440884226393,0.1,-0.47500000000000003,"0.40336394557823124,0.27361965811965816,0.32477631578947375,0.1,0.0,0.02581327969172718,11.0","0,0,0"
35.31666666666667,34,AV,1,3,5,5,1,0,0,71,588.8906571209208,0.1,-3.531666666666667,"0.5794233333333334,0.29236956521739127,0.3517878787878788,0.1,0.71,0.029096496271758268,6.0","0,0,0"
68.93333333333334,120,AV,0,6,2,1,11,0,0,68,3097.4575811220984,0.1,-6.893333333333334,"0.5070283018867924,0.3096896551724138,0.385632183908046,0.1,0.68,0.15304227002287546,17.0","0,0,0"
29.0,55,AV,1,0,6,4,21,0,0,53,5200.876525735832,0.1,-2.9000000000000004,"0.43192063492063487,0.2820424836601307,0.33557196969696973,0.1,0.53,0.25697008877808486,27.0","0,0,0"
34.85,250,AV,2,0,3,8,1,0,0,26,9280.176126726552,0.2,-6.970000000000001,"0.4532753623188405,0.2831163522012579,0.3244268292682927,0.2,0.26,0.4585241874827607,9.0","0,0,0"
33.8,241,AV,1,0,9,0,1,0,0,56,20239.22920549412,0.3,-10.139999999999999,"0.4363448275862069,0.2689356060606061,0.31292916666666665,0.3,0.56,1.0,10.0","0,0,0"
26.933333333333334,4,AV,1,1,6,7,4,0,0,37,5354.15698790508,0.2,-5.386666666666667,"0.46589666666666674,0.26845744680851064,0.3563023255813953,0.2,0.37,0.26454352255923097,10.0","0,0,0"
33.25,159,AV,1,1,5,3,1,0,0,59,873.8892656114449,0.1,-3.325,"0.4856354166666667,0.29180116959064334,0.3405428571428571,0.1,0.59,0.04317799145108845,6.0","0,0,0"
43.733333333333334,213,AV,2,1,3,1,14,0,0,72,615.3970356119416,0.3,-13.12,"0.35080620155038766,0.2607666666666666,0.3280542635658915,0.3,0.72,0.030406149827330708,14.0","0,0,0"
21.15,96,AV,2,1,0,5,1,0,0,1,546.8646928603165,0.1,-2.1149999999999998,"0.35029432624113477,0.25635493827160494,0.3234871794871795,0.1,0.01,0.027020035561031403,6.0","0,0,0"
29.866666666666667,139,AV,2,1,1,8,1,0,0,38,3654.013033637752,0.1,-2.986666666666667,"0.34602898550724637,0.23751626016260163,0.3016860465116279,0.1,0.38,0.18054111629141673,9.0","0,0,0"
70.76666666666667,123,AV,0,7,0,5,3,0,0,72,926.7012599248138,0.2,-14.153333333333334,"0.37643798449612403,0.25546,0.3266184210526316,0.2,0.72,0.04578737908028891,10.0","0,0,0"
32.733333333333334,152,AV,2,0,0,2,11,0,0,36,437.8567856598078,0.5,-16.366666666666667,"0.5414810606060607,0.2711185897435897,0.3244810606060606,0.5,0.36,0.021634064282494894,11.0","0,0,0"
36.233333333333334,227,AV,2,3,1,1,6,0,0,67,776.0711537761008,0.2,-7.246666666666667,"0.3663373983739837,0.2837326388888889,0.32937,0.2,0.67,0.03834489672983343,6.0","0,0,0"
35.21666666666667,240,AV,1,3,7,4,1,0,0,61,742.6585956180782,0.3,-10.565,"0.3766805555555555,0.2615138888888888,0.3213219696969697,0.3,0.61,0.03669401576896401,8.0","0,0,0"
30.483333333333334,129,AV,2,1,0,7,1,0,0,34,4707.821121085941,0.1,-3.048333333333334,"0.4357137681159419,0.25573684210526315,0.32158510638297877,0.1,0.34,0.2326087161366778,8.0","0,0,0"
23.35,6,AV,1,3,7,2,3,0,0,26,9095.945853089892,0.7,-16.345,"0.46259057971014494,0.2968490566037736,0.36635470085470084,0.7,0.26,0.44942155458275634,10.0","0,0,0"
89.78333333333333,35,AV,0,6,3,6,2,0,0,93,1661.9571573900298,0.3,-26.935,"0.5089666666666667,0.31535069444444447,0.3711269841269841,0.3,0.93,0.08211563496394797,8.0","0,0,0"
13.366666666666667,72,AV,0,7,8,0,3,0,0,13,3487.44186130441,1.0,-13.366666666666667,"0.43577243589743586,0.2463484848484848,0.30425980392156865,1.0,0.13,0.17231100186155868,10.0","0,0,0"
33.833333333333336,216,AV,1,2,4,3,1,0,0,58,17322.90883950548,0.2,-6.7666666666666675,"0.49956060606060604,0.2938419540229885,0.3700877192982457,0.2,0.58,0.8559075379611304,5.0","0,0,0"
37.4,81,AV,2,0,1,3,9,0,0,60,5702.891177591027,0.1,-3.74,"0.4313174603174603,0.2760817610062893,0.3500925925925925,0.1,0.6,0.28177412883109826,9.0","0,0,0"
16.5,28,AV,1,2,6,5,0,0,0,13,539.5213747330826,0.1,-1.6500000000000001,"0.5510075757575758,0.28616312056737586,0.3538333333333333,0.1,0.13,0.026657209583190285,6.0","0,0,0"
33.916666666666664,11,AV,1,3,4,1,16,0,0,64,3933.772930850901,0.3,-10.174999999999999,"0.5174131944444444,0.2779888888888889,0.35743971631205684,0.3,0.64,0.19436377200486682,20.0","0,0,0"
41.166666666666664,285,AV,0,9,5,0,1,0,0,40,3389.778327720714,0.6,-24.7,"0.45179259259259263,0.2893333333333333,0.3635181159420291,0.6,0.4,0.1674855446965603,10.0","0,0,0"
46.28333333333333,191,AV,0,4,7,6,8,0,0,49,1421.705549214182,0.4,-18.513333333333332,"0.3587980769230769,0.24993750000000003,0.29760833333333336,0.4,0.49,0.07024504415554754,12.0","0,0,0"
39.63333333333333,24,AV,2,1,1,2,7,0,0,83,5844.130995646287,0.5,-19.816666666666666,"0.5073416666666667,0.2589575757575757,0.32761481481481475,0.5,0.83,0.28875264647231946,7.0","0,0,0"
49.733333333333334,237,AV,2,0,1,7,4,0,0,97,1373.5659577718477,0.1,-4.973333333333334,"0.400177304964539,0.28090880503144655,0.34435416666666674,0.1,0.97,0.06786651526229966,11.0","0,0,0"
67.2,126,AV,0,9,0,7,2,0,0,66,4617.971391102537,0.6,-40.32,"0.5437755102040817,0.32512654320987655,0.3445967741935484,0.6,0.66,0.2281693311644965,11.0","0,0,0"
63.61666666666667,246,AV,0,5,1,1,5,0,0,66,1664.0464513081895,0.3,-19.085,"0.5182751937984497,0.2879685534591195,0.3540113636363636,0.3,0.66,0.08221886487932402,10.0","0,0,0"
16.283333333333335,279,AV,1,1,5,6,5,0,0,6,3942.222625638348,0.2,-3.2566666666666673,"0.39289855072463764,0.24205925925925925,0.3098650793650794,0.2,0.06,0.19478126294296802,10.0","0,0,0"
55.06666666666667,3,AV,0,6,4,4,0,0,0,58,3301.717979419838,0.8,-44.05333333333334,"0.4806269841269841,0.29135815602836884,0.3418152173913044,0.8,0.58,0.16313457127722814,6.0","0,0,0"
43.3,176,AV,2,0,2,5,1,0,0,87,1490.1599361877834,0.1,-4.33,"0.4051742424242424,0.27578070175438596,0.34155050505050505,0.1,0.87,0.0736273067051025,6.0","0,0,0"
40.93333333333333,180,AV,1,0,4,0,4,0,0,92,3414.9419898187493,0.5,-20.466666666666665,"0.4966587301587302,0.28270987654320995,0.3237045454545455,0.5,0.92,0.16872885598290138,8.0","0,0,0"
33.88333333333333,206,AV,1,3,8,9,4,0,0,54,3539.477986656502,0.2,-6.776666666666667,"0.4040714285714285,0.2827348484848485,0.3248513513513513,0.2,0.54,0.1748820545841577,12.0","0,0,0"
70.66666666666667,92,AV,0,9,4,6,7,0,0,71,11515.391842589095,0.1,-7.066666666666667,"0.4910709219858155,0.2846041666666667,0.3392074074074074,0.1,0.71,0.5689639524149042,16.0","0,0,0"
46.8,259,AV,2,3,1,0,7,0,0,90,932.1411738504048,0.1,-4.68,"0.5148730158730159,0.28848837209302325,0.3487925170068027,0.1,0.9,0.046056159767061025,7.0","0,0,0"
40.9,94,AV,2,0,1,7,9,0,0,71,4381.240268036911,1.0,-40.9,"0.29982291666666666,0.2283085106382979,0.2950703703703703,1.0,0.71,0.21647268399171962,16.0","0,0,0"
46.38333333333333,258,AV,2,1,3,7,7,0,0,86,4687.914961676448,0.1,-4.638333333333334,"0.3894924242424242,0.2520701754385965,0.3247916666666667,0.1,0.86,0.23162517278098077,14.0","0,0,0"
34.333333333333336,192,AV,1,3,4,1,19,0,0,66,1526.0895405694364,0.2,-6.866666666666667,"0.4588034188034188,0.2840895061728395,0.35029487179487184,0.2,0.66,0.07540255239340664,23.0","0,0,0"
35.15,71,AV,2,2,1,4,2,0,0,59,2198.5025098873134,0.4,-14.06,"0.4384970760233918,0.28648518518518523,0.33056140350877194,0.4,0.59,0.10862580227563756,6.0","0,0,0"
65.7,235,AV,0,6,3,6,0,0,0,64,2476.7926805910606,0.1,-6.57,"0.5173000000000001,0.32322522522522523,0.38601754385964915,0.1,0.64,0.12237584027749006,6.0","0,0,0"
35.666666666666664,297,AV,2,2,0,2,9,0,0,56,2965.4163440895786,0.2,-7.133333333333333,"0.4240961538461538,0.2518398692810458,0.3095810810810811,0.2,0.56,0.14651824503694982,9.0","0,0,0"
39.65,50,AV,1,3,9,8,3,0,0,94,3101.095365071405,0.6,-23.79,"0.4430555555555555,0.2695524691358025,0.3082521367521367,0.6,0.94,0.15322200927639995,12.0","0,0,0"
37.733333333333334,182,AV,2,1,3,9,10,0,0,65,11185.875164713363,0.1,-3.7733333333333334,"0.42929385964912276,0.2762925170068027,0.3291143790849674,0.1,0.65,0.5526828641120808,19.0","0,0,0"
10.05,189,AV,0,5,0,8,5,0,0,7,1348.5865378412918,0.1,-1.0050000000000001,"0.532986111111111,0.3173404255319149,0.366047619047619,0.1,0.07,0.0666323071965214,10.0","0,0,0"
20.283333333333335,84,AV,2,1,1,2,5,0,0,2,923.9636394510808,0.2,-4.0566666666666675,"0.4902103174603175,0.3111631944444444,0.35542916666666663,0.2,0.02,0.0456521160005571,5.0","0,0,0"
26.633333333333333,165,AV,2,0,0,3,7,0,0,19,8475.089255911002,0.2,-5.326666666666667,"0.4058265306122448,0.265984496124031,0.3299290780141845,0.2,0.19,0.41874565329841523,7.0","0,0,0"
30.5,254,AV,2,0,1,5,4,0,0,35,4577.590037133467,0.1,-3.0500000000000003,"0.2981333333333333,0.24366959064327492,0.27817441860465114,0.1,0.35,0.2261741289975035,9.0","0,0,0"
77.48333333333333,251,AV,0,4,5,3,1,0,0,80,1945.516475481125,0.1,-7.748333333333334,"0.4423095238095238,0.2746037037037037,0.330858695652174,0.1,0.8,0.09612601624932422,5.0","0,0,0"
36.88333333333333,201,AV,2,2,0,2,5,0,0,72,3119.7161673652217,0.3,-11.065,"0.5356162790697675,0.28123245614035086,0.36093840579710146,0.3,0.72,0.15414204442718335,5.0","0,0,0"
28.233333333333334,51,AV,2,0,2,6,7,0,0,32,548.7192496267361,0.3,-8.47,"0.4472242424242424,0.2736428571428572,0.3435509259259259,0.3,0.32,0.02711166734935643,13.0","0,0,0"
44.666666666666664,0,AV,2,0,3,4,1,0,0,93,2398.572127464108,0.1,-4.466666666666667,"0.47724468085106386,0.28348518518518523,0.3493055555555555,0.1,0.93,0.11851104126104732,5.0","0,0,0"
53.416666666666664,111,AV,0,5,2,6,10,0,0,54,3197.7177395395383,0.1,-5.341666666666667,"0.4538375,0.29348181818181823,0.335374074074074,0.1,0.54,0.15799602381455757,15.0","0,0,0"
42.95,292,AV,0,7,4,2,1,0,0,41,859.2772315809713,0.2,-8.590000000000002,"0.48296581196581195,0.2728231292517007,0.3289573643410853,0.2,0.41,0.042456025516412095,8.0","0,0,0"
39.583333333333336,269,AV,2,3,1,1,5,0,0,77,3724.6301341612702,0.6,-23.75,"0.3701595744680851,0.24859027777777779,0.33800370370370364,0.6,0.77,0.1840302363466582,5.0","0,0,0"
24.45,53,AV,2,2,2,8,12,0,0,12,3158.0604616132755,0.3,-7.334999999999999,"0.4959895833333334,0.2925396825396825,0.359141304347826,0.3,0.12,0.1560365975180513,20.0","0,0,0"
51.666666666666664,274,AV,0,7,8,8,12,0,0,53,1386.7650627050614,0.2,-10.333333333333334,"0.505437037037037,0.29915151515151517,0.35822463768115936,0.2,0.53,0.0685186697885022,19.0","0,0,0"
24.3,187,AV,2,0,3,0,11,0,0,15,1848.7234685638712,0.1,-2.43,"0.43568292682926824,0.27270486111111114,0.32458333333333333,0.1,0.15,0.09134357093312716,11.0","0,0,0"
25.95,89,AV,2,3,1,4,1,0,0,23,1581.4824060924602,0.4,-10.38,"0.45662091503267965,0.27969387755102043,0.3337303921568628,0.4,0.23,0.07813945827853724,5.0","0,0,0"
43.083333333333336,70,AV,2,0,2,6,1,0,0,93,1594.6992934726818,0.2,-8.616666666666667,"0.5101619047619047,0.28721014492753627,0.33846527777777774,0.2,0.93,0.07879249141759738,7.0","0,0,0"
79.33333333333333,295,AV,0,4,2,2,2,0,0,81,1832.3133019091129,0.1,-7.933333333333334,"0.535876811594203,0.29733687943262416,0.3589964539007092,0.1,0.81,0.09053276107035316,6.0","0,0,0"
35.61666666666667,202,AV,2,1,3,2,9,0,0,66,417.8295094645922,0.1,-3.561666666666667,"0.46310294117647055,0.2739259259259259,0.3183429487179487,0.1,0.66,0.020644536667985786,9.0","0,0,0"
31.383333333333333,186,AV,1,0,9,3,1,0,0,58,2520.718778515204,0.1,-3.1383333333333336,"0.4291633333333334,0.2685737179487179,0.31952192982456146,0.1,0.58,0.12454618468528102,10.0","0,0,0"
36.266666666666666,257,AV,1,3,7,9,3,0,0,55,1040.734547163155,0.1,-3.626666666666667,"0.48502542372881363,0.28784848484848485,0.36500900900900907,0.1,0.55,0.05142164934229008,10.0","0,0,0"
34.083333333333336,273,AV,1,1,5,5,11,0,0,71,2239.257430619588,0.3,-10.225,"0.5520972222222222,0.2986078431372549,0.37282113821138213,0.3,0.71,0.11063946200143439,16.0","0,0,0"
95.15,130,AV,0,5,5,2,10,0,0,99,877.2934597877683,0.1,-9.515,"0.4439740740740741,0.26436734693877556,0.3329782608695653,0.1,0.99,0.04334618926839462,15.0","0,0,0"
37.28333333333333,122,AV,1,3,6,5,0,0,0,89,1628.9397076974285,0.3,-11.184999999999999,"0.4712148148148148,0.3026696969696971,0.355775,0.3,0.89,0.0804842759157665,6.0","0,0,0"
29.466666666666665,243,AV,1,1,4,0,1,0,0,49,3257.3450634265246,0.2,-5.8933333333333335,"0.4784198717948718,0.303188679245283,0.35232857142857144,0.2,0.49,0.1609421500371313,5.0","0,0,0"
25.316666666666666,114,AV,1,3,8,9,3,0,0,32,3803.247088152212,0.3,-7.595,"0.45290079365079366,0.2872266666666667,0.35078125,0.3,0.32,0.18791462113190488,11.0","0,0,0"
36.28333333333333,108,AV,1,0,8,6,9,0,0,79,1141.0395517097602,0.3,-10.885,"0.48438333333333333,0.30338541666666663,0.3307222222222223,0.3,0.79,0.056377618936200136,17.0","0,0,0"
34.63333333333333,260,AV,2,3,0,3,7,0,0,45,12051.378145129962,0.7,-24.243333333333332,"0.5211511627906977,0.27835576923076927,0.3504888888888889,0.7,0.45,0.5954464976293913,7.0","0,0,0"
36.6,162,AV,1,1,5,1,13,0,0,75,1596.1763216794554,0.7,-25.62,"0.47513178294573644,0.2889886363636364,0.3250075757575758,0.7,0.75,0.07886546989873305,18.0","0,0,0"
62.05,233,AV,0,7,1,3,4,0,0,64,2927.9701715656583,0.2,-12.41,"0.5759615384615384,0.28570567375886535,0.3558217054263566,0.2,0.64,0.1446680672389853,11.0","0,0,0"
37.95,155,AV,2,1,2,4,5,0,0,69,4572.8741748457805,0.1,-3.7950000000000004,"0.4617651515151515,0.25660763888888893,0.32719097222222226,0.1,0.69,0.22594112297539634,9.0","0,0,0"
36.766666666666666,121,AV,1,1,4,5,2,0,0,78,2744.255474143275,0.2,-7.3533333333333335,"0.5114266666666666,0.27799319727891164,0.3190686274509804,0.2,0.78,0.13559090844222083,6.0","0,0,0"
22.25,93,AV,1,0,4,1,5,0,0,24,1475.2077210572677,0.2,-4.45,"0.3097708333333333,0.22212195121951217,0.27593939393939393,0.2,0.24,0.07288853276372843,9.0","0,0,0"
39.25,76,AV,1,1,8,6,4,0,0,94,4196.147454418583,0.3,-11.775,"0.5365583333333332,0.2943466666666667,0.3590066666666666,0.3,0.94,0.207327433856992,12.0","0,0,0"
35.833333333333336,161,AV,1,0,4,0,6,0,0,68,4245.708624069837,0.1,-3.583333333333334,"0.38184615384615384,0.26813461538461536,0.3067555555555555,0.1,0.68,0.20977620150263931,10.0","0,0,0"
28.366666666666667,175,AV,1,3,6,8,3,0,0,46,640.5426603936758,0.1,-2.836666666666667,"0.4000714285714285,0.25497959183673463,0.3479756097560975,0.1,0.46,0.03164856990797825,9.0","0,0,0"
33.28333333333333,98,AV,2,1,0,7,4,0,0,48,863.3540159882258,0.2,-6.656666666666666,"0.3939021739130435,0.2584198717948718,0.3278531746031746,0.2,0.48,0.04265745534191888,11.0","0,0,0"
25.383333333333333,280,AV,2,2,3,3,5,0,0,10,954.0002559944874,0.7,-17.76833333333333,"0.38074621212121207,0.27332424242424247,0.3198376068376068,0.7,0.1,0.04713619507483592,5.0","0,0,0"
21.6,261,AV,1,2,7,5,2,0,0,19,1338.7213376931895,0.2,-4.32,"0.4565608974358974,0.2964967320261438,0.3232387387387387,0.2,0.19,0.06614487755935793,9.0","0,0,0"
11.7,166,AV,0,5,7,8,14,0,0,12,2397.5381966938494,0.4,-4.68,"0.53140522875817,0.28980333333333336,0.35416666666666663,0.4,0.12,0.11845995577949263,19.0","0,0,0"
94.95,67,AV,0,8,3,2,0,0,0,98,2187.718469250836,0.1,-9.495000000000001,"0.4860921985815602,0.3023120567375886,0.3499492753623188,0.1,0.98,0.10809297365222585,8.0","0,0,0"
43.21666666666667,294,AV,0,5,8,8,7,0,0,40,1150.2916000513435,0.3,-12.965,"0.56321875,0.31348148148148147,0.36832432432432427,0.3,0.4,0.05683475335805212,12.0","0,0,0"
15.033333333333333,163,AV,0,6,7,7,5,0,0,15,1297.4303329633815,0.3,-4.51,"0.4115128205128205,0.2837604166666667,0.3383375,0.3,0.15,0.06410473046133508,11.0","0,0,0"
48.13333333333333,48,AV,0,6,4,8,9,0,0,49,870.7377108213431,0.5,-24.066666666666666,"0.43703968253968256,0.257433908045977,0.3223041666666667,0.5,0.49,0.04302227629226974,15.0","0,0,0"
34.43333333333333,238,AV,2,0,1,9,3,0,0,54,437.5592869272848,0.1,-3.4433333333333334,"0.43799999999999994,0.26735925925925924,0.32138888888888884,0.1,0.54,0.021619365168734063,12.0","0,0,0"
39.3,49,AV,2,3,1,1,11,0,0,74,2563.744074524839,0.6,-23.58,"0.542030701754386,0.30325,0.35038782051282047,0.6,0.74,0.12667202137465233,11.0","0,0,0"
37.8,272,AV,0,7,8,3,5,0,0,37,649.7132696839626,0.1,-3.78,"0.48436524822695026,0.29512345679012353,0.3446709401709402,0.1,0.37,0.03210168050804979,12.0","0,0,0"
32.11666666666667,245,AV,2,1,1,6,1,0,0,32,881.2906222289953,0.3,-9.635,"0.2880185185185185,0.2451086956521739,0.29799999999999993,0.3,0.32,0.04354368505248021,7.0","0,0,0"
72.45,289,AV,0,8,3,7,8,0,0,75,1552.9853059451273,0.7,-50.714999999999996,"0.41825641025641025,0.27076724137931035,0.33821317829457365,0.7,0.75,0.07673144516410514,16.0","0,0,0"
21.35,95,AV,1,3,4,3,2,0,0,16,7332.887514065835,0.2,-4.2700000000000005,"0.5665238095238094,0.30653819444444447,0.35496747967479686,0.2,0.16,0.3623106117141683,6.0","0,0,0"
14.933333333333334,61,AV,1,1,4,2,4,0,0,5,1167.011530479414,0.4,-5.973333333333334,"0.4279756097560977,0.27380817610062896,0.3467790697674418,0.4,0.05,0.05766086833794136,8.0","0,0,0"
44.61666666666667,234,AV,0,5,3,0,0,0,0,45,3159.4556453821087,0.9,-40.155,"0.45710784313725483,0.27575000000000005,0.34093617021276595,0.9,0.45,0.15610553214765938,5.0","0,0,0"
35.96666666666667,36,AV,0,6,4,3,0,0,0,36,7081.334819999852,1.0,-35.96666666666667,"0.4990333333333333,0.2950169491525424,0.3311111111111111,1.0,0.36,0.34988164559535495,6.0","0,0,0"
30.9,222,AV,2,3,0,1,5,0,0,45,3534.445695738256,0.2,-6.18,"0.46227037037037033,0.29548913043478264,0.3523030303030303,0.2,0.45,0.1746334141410286,5.0","0,0,0"
28.3,88,AV,1,2,8,8,6,0,0,49,6778.2755320215965,0.4,-11.32,"0.39614583333333336,0.27903623188405796,0.35530081300813016,0.4,0.49,0.3349077903708691,14.0","0,0,0"
53.45,200,AV,0,6,2,0,8,0,0,54,3206.59631480788,0.6,-32.07,"0.37074074074074076,0.25639705882352937,0.33908974358974353,0.6,0.54,0.15843470530673276,14.0","0,0,0"
42.85,232,AV,2,2,1,5,3,0,0,90,3366.895459871004,0.2,-8.57,"0.37772807017543847,0.27247089947089953,0.333465811965812,0.2,0.9,0.16635492516469105,8.0","0,0,0"
93.38333333333334,157,AV,0,9,6,5,1,0,0,97,4662.282088415262,0.8,-74.70666666666668,"0.44358865248226953,0.28824806201550385,0.3640291666666667,0.8,0.97,0.23035867824203715,10.0","0,0,0"
22.65,262,AV,1,0,7,4,10,0,0,26,8987.822610831106,0.2,-4.53,"0.49262893081761006,0.2908645833333333,0.3447149122807018,0.2,0.26,0.4440792937110115,17.0","0,0,0"
33.7,80,AV,2,3,3,2,9,0,0,52,3151.1733449572957,0.4,-13.480000000000002,"0.493904761904762,0.2642808641975309,0.3457972972972973,0.4,0.52,0.1556963119969945,9.0","0,0,0"
39.4,90,AV,0,6,5,2,6,0,0,38,1005.9867386644172,0.1,-3.94,"0.4776797385620915,0.27740370370370376,0.3338484848484848,0.1,0.38,0.04970479500233799,12.0","0,0,0"
22.233333333333334,105,AV,0,9,4,0,3,0,0,20,4818.617258984985,0.1,-2.2233333333333336,"0.3940366666666666,0.2635833333333333,0.33425,0.1,0.2,0.2380830420990997,12.0","0,0,0"
34.983333333333334,141,AV,2,2,3,0,6,0,0,58,985.8695826897422,0.5,-17.491666666666667,"0.5208866666666666,0.29595597484276726,0.34461261261261256,0.5,0.58,0.04871082651814225,6.0","0,0,0"
27.2,44,AV,1,1,5,1,6,0,0,49,3941.04555698938,0.4,-10.88,"0.4138034188034188,0.2886215277777778,0.34581730769230773,0.4,0.49,0.19472310516250035,11.0","0,0,0"
65.96666666666667,209,AV,0,4,3,1,2,0,0,63,7572.106998522375,0.3,-19.79,"0.5676291666666667,0.3191993464052288,0.37210683760683755,0.3,0.63,0.37413020632558763,6.0","0,0,0"
91.51666666666667,119,AV,0,7,6,6,3,0,0,94,2131.3254046090938,0.2,-18.303333333333335,"0.5905251572327044,0.29949000000000003,0.3652027027027027,0.2,0.94,0.10530664893258515,10.0","0,0,0"
54.666666666666664,193,AV,2,2,3,3,5,0,0,96,3778.090807703549,0.1,-5.466666666666667,"0.46377380952380953,0.28712418300653597,0.3243535353535354,0.1,0.96,0.18667167456544997,5.0","0,0,0"
17.7,151,AV,1,0,4,4,2,0,0,15,1927.298426803608,0.1,-1.77,"0.6208253968253968,0.32912962962962966,0.36184090909090905,0.1,0.15,0.09522588075045987,6.0","0,0,0"
31.7,74,AV,2,2,1,6,12,0,0,32,3017.17067826153,0.9,-28.53,"0.5397553191489362,0.2961346153846154,0.3816491228070176,0.9,0.32,0.14907537474018487,18.0","0,0,0"
44.85,287,AV,2,3,0,3,11,0,0,79,473.5024380788758,0.6,-26.91,"0.3832348484848485,0.25275,0.3264090909090908,0.6,0.79,0.02339528018934334,11.0","0,0,0"
89.83333333333333,106,AV,0,5,4,0,8,0,0,93,2318.1098695731453,0.3,-26.95,"0.4884285714285713,0.2994822695035461,0.38125378787878794,0.3,0.93,0.11453548186231685,13.0","0,0,0"
27.783333333333335,69,AV,2,3,2,5,0,0,0,30,844.3352662229099,0.5,-13.891666666666667,"0.40665957446808515,0.2811704545454546,0.33762244897959187,0.5,0.3,0.04171775800600685,5.0","0,0,0"
36.016666666666666,270,AV,0,8,7,1,0,0,0,37,542.8991684878858,0.3,-10.805,"0.49078260869565216,0.2934685534591195,0.3536016260162602,0.3,0.37,0.02682410298216846,8.0","0,0,0"
82.96666666666667,83,AV,0,8,1,4,3,0,0,86,1454.957177165027,0.2,-16.593333333333334,"0.5224015151515151,0.28103174603174597,0.3568086419753086,0.2,0.86,0.07188797371641335,11.0","0,0,0"
43.88333333333333,230,AV,2,3,2,5,0,0,0,94,1434.4967426379471,0.1,-4.388333333333334,"0.5793367346938776,0.2812135416666667,0.3959425287356322,0.1,0.94,0.07087704418350775,5.0","0,0,0"
20.4,138,AV,1,0,4,2,2,0,0,23,2382.718205806423,0.1,-2.04,"0.4219125,0.2824659863945578,0.33026829268292685,0.1,0.23,0.1177277149052501,6.0","0,0,0"
21.0,12,AV,2,0,2,6,0,0,0,1,5882.279762541917,0.2,-4.2,"0.5538627450980392,0.30004166666666665,0.3666444444444445,0.2,0.01,0.29063753875296394,6.0","0,0,0"
37.86666666666667,181,AV,1,2,7,3,1,0,0,76,1517.942512651984,0.2,-7.573333333333334,"0.4651054421768708,0.2558297101449275,0.34197348484848483,0.2,0.76,0.07500001592155126,8.0","0,0,0"
25.566666666666666,148,AV,0,8,3,1,2,0,0,23,832.3173438658397,0.5,-12.783333333333333,"0.3839015151515152,0.27831007751937986,0.31457843137254904,0.5,0.23,0.04112396452528438,10.0","0,0,0"
19.816666666666666,52,AV,1,2,8,2,2,0,0,18,1718.6657268339234,0.8,-15.853333333333333,"0.5622884615384616,0.2909960317460317,0.32620652173913034,0.8,0.18,0.0849175484591763,10.0","0,0,0"
13.916666666666666,190,AV,1,3,4,6,9,0,0,5,388.2787303527966,0.1,-1.3916666666666666,"0.4229475308641976,0.30646212121212124,0.34606504065040644,0.1,0.05,0.01918446233354553,13.0","0,0,0"
6.6,226,AV,0,8,1,5,2,0,0,2,8795.495569618428,0.1,-0.66,"0.49941428571428564,0.255599358974359,0.3149905660377359,0.1,0.02,0.43457660765217343,10.0","0,0,0"
25.516666666666666,15,AV,0,8,1,5,1,0,0,24,3882.59008652233,0.1,-2.5516666666666667,"0.5044761904761904,0.28860544217687073,0.3401951219512196,0.1,0.24,0.1918348790411626,9.0","0,0,0"
35.85,167,AV,1,3,4,6,6,0,0,77,2520.757475212996,0.3,-10.755,"0.50471,0.290234126984127,0.35430208333333335,0.3,0.77,0.12454809665027725,10.0","0,0,0"
14.716666666666667,87,AV,1,3,4,8,8,0,0,0,742.4887258523852,0.6,-8.83,"0.5909473684210527,0.3334102564102564,0.3369541666666666,0.6,0.0,0.0366856226743472,12.0","0,0,0"
26.383333333333333,127,AV,1,2,7,7,1,0,0,41,465.3670128771111,0.6,-15.829999999999998,"0.4373333333333334,0.28220555555555554,0.35954022988505746,0.6,0.41,0.02299331699602389,8.0","0,0,0"
24.2,43,AV,2,3,0,4,13,0,0,15,2530.9644311939346,0.4,-9.68,"0.33095925925925934,0.2375108695652174,0.32013605442176873,0.4,0.15,0.12505241210010515,17.0","0,0,0"
32.65,199,AV,1,3,8,4,5,0,0,58,3752.1132597063192,0.1,-3.265,"0.44574691358024693,0.2723037037037037,0.34825609756097564,0.1,0.58,0.1853881499937643,13.0","0,0,0"
20.15,276,AV,1,0,4,7,6,0,0,19,6130.868263041086,0.3,-6.044999999999999,"0.5676325757575758,0.30423412698412705,0.3531666666666667,0.3,0.19,0.3029200470429381,10.0","0,0,0"
30.383333333333333,296,AV,1,2,5,2,1,0,0,24,863.5619359671642,0.4,-12.153333333333334,"0.4013673469387755,0.2623397435897436,0.3246096491228071,0.4,0.24,0.0426677284593794,6.0","0,0,0"
17.816666666666666,64,AV,1,3,4,4,3,0,0,17,4754.245589533712,0.1,-1.7816666666666667,"0.5063623188405798,0.3098692810457516,0.3530656565656566,0.1,0.17,0.234902502524312,7.0","0,0,0"
23.233333333333334,253,AV,0,9,1,1,0,0,0,55,1148.2139867956057,0.2,-4.646666666666667,"0.5371916666666666,0.28678333333333333,0.34110416666666665,0.2,0.55,0.05673210057248192,9.0","0,0,0"
21.6,56,AV,1,1,7,2,10,0,0,20,1751.9448432672848,0.3,-6.48,"0.41723958333333333,0.293089430894309,0.332089430894309,0.3,0.2,0.08656183619837181,17.0","0,0,0"
37.03333333333333,30,AV,2,0,1,0,6,0,0,42,1592.2311391495805,0.1,-3.703333333333333,"0.4929904761904762,0.30466993464052283,0.3784886363636364,0.1,0.42,0.07867054238989274,6.0","0,0,0"
19.533333333333335,109,AV,1,3,9,8,2,0,0,14,2722.266725979925,0.3,-5.86,"0.5142008547008547,0.27515891472868215,0.34055555555555556,0.3,0.14,0.13450446646658565,11.0","0,0,0"
46.3,58,AV,0,6,1,8,7,0,0,46,1509.578116022191,0.3,-13.889999999999999,"0.4312348484848485,0.27499696969696974,0.3325772357723577,0.3,0.46,0.07458673947980204,13.0","0,0,0"
22.266666666666666,242,AV,2,3,0,1,11,0,0,7,597.1498506777683,0.6,-13.36,"0.4224583333333333,0.26691194968553456,0.32016239316239314,0.6,0.07,0.029504574735270385,11.0","0,0,0"
58.666666666666664,118,AV,0,9,7,6,3,0,0,60,837.3801312568858,0.1,-5.866666666666667,"0.4350873015873016,0.26937755102040817,0.3452095238095238,0.1,0.6,0.04137411176852384,12.0","0,0,0"
31.566666666666666,21,AV,2,1,3,4,6,0,0,48,720.4688823460104,1.0,-31.566666666666666,"0.3931470588235294,0.28152020202020206,0.36016666666666675,1.0,0.48,0.035597644309025005,10.0","0,0,0"
37.666666666666664,54,AV,2,0,1,4,1,0,0,63,5434.023139443809,0.2,-7.533333333333333,"0.40605345911949675,0.2971950354609929,0.34120416666666664,0.2,0.63,0.26848962894143685,5.0","0,0,0"
36.35,77,AV,1,2,6,3,1,0,0,74,3456.1529418207683,0.3,-10.905,"0.4113759689922481,0.28720486111111115,0.3411239316239317,0.3,0.74,0.17076504775599677,7.0","0,0,0"
29.083333333333332,115,AV,0,5,0,4,0,0,0,27,1174.3503864217532,0.1,-2.908333333333333,"0.4915492424242424,0.3073899371069182,0.3432364341085271,0.1,0.27,0.05802347384370573,5.0","0,0,0"
26.2,231,AV,2,3,0,2,5,0,0,27,2113.1349678504243,0.1,-2.62,"0.41210740740740737,0.2901418439716311,0.35563492063492064,0.1,0.27,0.10440787771091574,5.0","0,0,0"
14.2,204,AV,1,1,4,0,2,0,0,2,1301.8927857652438,0.6,-8.52,"0.5213472222222222,0.3139807692307691,0.3713083333333333,0.6,0.02,0.06432521577510636,6.0","0,0,0"
72.53333333333333,236,AV,0,8,9,0,5,0,0,74,627.4062491148882,0.2,-14.506666666666668,"0.5178968253968255,0.3057727272727273,0.3547286821705427,0.2,0.74,0.0309995130123124,13.0","0,0,0"
21.2,284,AV,1,2,4,1,1,0,0,21,818.0604611907775,0.1,-2.12,"0.491490990990991,0.27885106382978725,0.33210852713178296,0.1,0.21,0.040419546262597174,5.0","0,0,0"
10.0,229,AV,0,8,7,1,8,0,0,8,2360.1328348572283,0.1,-1.0,"0.41563888888888895,0.29433030303030305,0.34453125,0.1,0.08,0.11661179439662402,16.0","0,0,0"
34.18333333333333,140,AV,1,0,8,6,1,0,0,73,10783.100237376317,0.2,-6.836666666666666,"0.5127160493827161,0.28797999999999996,0.3340277777777778,0.2,0.73,0.5327821592360418,9.0","0,0,0"
24.716666666666665,218,AV,1,3,4,0,1,0,0,29,1986.5043233563797,0.3,-7.414999999999999,"0.38049479166666667,0.27310897435897435,0.31142592592592594,0.3,0.29,0.09815118467145603,5.0","0,0,0"
39.96666666666667,91,AV,2,0,0,3,5,0,0,74,793.0252767736928,0.5,-19.983333333333334,"0.48145925925925925,0.29676666666666673,0.3409190476190476,0.5,0.74,0.0391825829295129,5.0","0,0,0"
40.333333333333336,1,AV,2,3,1,1,11,0,0,74,1794.439334206041,0.4,-16.133333333333336,"0.37831699346405223,0.25728014184397163,0.3005515873015873,0.4,0.74,0.08866144634198442,11.0","0,0,0"
