travel_time,id,kind,action,origin,destination,start_time,income,urgency,reward,observation,cost_table
53.333333333333336,134,AV,0,0,0,93,2046.5713793034688,0.4,-11.025300359884008,"0.2837857142857143,0.2861684027777777,0.32291304347826083,0.4,0.93,0.09842452245612708","0,0,0"
26.866666666666667,92,AV,1,0,0,44,1475.2077210572677,0.3,-3.5025692504347417,"0.29298717948717956,0.28188070175438595,0.3559122807017544,0.3,0.44,0.07094627479744654","0,0,0"
26.633333333333333,213,AV,1,0,0,44,3863.855435177377,0.2,-5.697340896812667,"0.29539247311827954,0.28443518518518524,0.35842982456140343,0.2,0.44,0.18582206801713178","0,0,0"
15.716666666666667,4,AV,1,0,0,9,473.5024380788758,1.0,-2.3792626225100166,"0.3184166666666667,0.3036515151515151,0.3659702380952381,1.0,0.09,0.022771867046038015","0,0,0"
40.733333333333334,209,AV,2,0,0,81,3724.6301341612702,0.7,-26.8185910501814,"0.26477500000000004,0.2280095785440613,0.30528260869565216,0.7,0.81,0.17912638962306346","0,0,0"
28.966666666666665,13,AV,1,0,0,55,566.7055292848979,0.1,-0.9145346001250643,"0.2256728395061728,0.2670980392156863,0.3093000000000001,0.1,0.55,0.027254227073231246","0,0,0"
24.566666666666666,267,AV,1,0,0,39,6434.117121135291,0.1,-4.491535621445042,"0.2626833333333334,0.2816385964912281,0.3146944444444444,0.1,0.39,0.3094321123996473","0,0,0"
38.083333333333336,143,AV,1,0,0,75,2198.5025098873134,0.2,-4.72860120799033,"0.32392592592592595,0.2579704861111111,0.3237533333333333,0.2,0.75,0.10573125464497639","0,0,0"
29.566666666666666,216,AV,0,0,0,36,3942.222625638348,0.1,-2.94339349237476,"0.27001388888888883,0.2924175627240144,0.34562318840579714,0.1,0.36,0.18959093402168548","0,0,0"
10.966666666666667,71,AV,1,0,0,2,1200.7903182940884,0.3,-1.497626299794836,"0.34599206349206346,0.29910500000000007,0.3848235294117647,0.3,0.02,0.057748884228147654","0,0,0"
24.55,70,AV,1,0,0,38,1167.011530479414,0.5,-4.11744104460475,"0.3103505747126436,0.30171969696969697,0.3632391304347826,0.5,0.38,0.0561243813676915","0,0,0"
14.9,154,AV,1,0,0,7,2456.6540037696086,0.1,-1.4243470872769488,"0.29868333333333336,0.27341123188405797,0.3488981481481481,0.1,0.07,0.11814637867321734","0,0,0"
27.766666666666666,286,AV,0,0,0,28,10450.70686878338,0.3,-21.98343136792059,"0.3004772727272727,0.2843491228070175,0.3348583333333333,0.3,0.28,0.5025995395474784","0,0,0"
26.666666666666668,261,AV,1,0,0,49,5984.209260784091,0.3,-12.58931163794766,"0.23011363636363635,0.24107854406130266,0.32543137254901966,0.3,0.49,0.28779496514344177","0,0,0"
19.9,144,AV,1,0,0,9,2212.8825544422834,0.3,-3.8360880934395034,"0.28778260869565214,0.2839,0.34471969696969695,0.3,0.09,0.1064228254509272","0,0,0"
15.2,239,AV,1,0,0,8,4704.305573257116,0.1,-2.3056930483209133,"0.2520632183908046,0.26398611111111114,0.38363725490196077,0.1,0.08,0.2262413293853024","0,0,0"
25.033333333333335,94,AV,1,0,0,38,1496.328062426438,0.1,-1.4459110899682281,"0.26258000000000004,0.24342971887550202,0.3603703703703704,0.1,0.38,0.0719620026310286","0,0,0"
23.716666666666665,18,AV,1,0,0,27,610.4868582393152,0.2,-1.2312481475374963,"0.30888095238095237,0.29758249158249156,0.40094166666666664,0.2,0.27,0.029359776109248604","0,0,0"
24.466666666666665,40,AV,1,0,0,33,827.8499544782503,1.0,-5.6148305268269,"0.255801282051282,0.23795698924731185,0.2931851851851852,1.0,0.33,0.03981328834109833","0,0,0"
23.616666666666667,296,AV,2,0,0,12,17322.90883950548,0.4,-41.32417815754085,"0.32574561403508767,0.29376063829787236,0.3656234567901235,0.4,0.12,0.833100202280572","0,0,0"
20.183333333333334,93,AV,1,0,0,21,1490.1599361877834,0.2,-2.0190098339422606,"0.2761825396825397,0.26901811594202907,0.3457469135802469,0.2,0.21,0.07166536265764283","0,0,0"
37.71666666666667,244,AV,1,0,0,83,4889.272753955773,0.1,-5.15674420968094,"0.291875,0.2538962962962963,0.32745512820512823,0.1,0.83,0.2351368443985718","0,0,0"
24.8,2,AV,1,0,0,37,437.8567856598078,0.3,-1.3226400215426692,"0.3896770833333333,0.2990264227642276,0.3907333333333334,0.3,0.37,0.021057582192617507","0,0,0"
16.4,225,AV,1,0,0,4,4381.240268036911,0.1,-2.314453040298115,"0.2698174603174603,0.29378315412186384,0.3420512820512819,0.1,0.04,0.2107043445969861","0,0,0"
34.916666666666664,107,AV,1,0,0,76,1659.6531244520008,0.4,-6.353490396846702,"0.2693505747126437,0.2901666666666666,0.3718958333333333,0.4,0.76,0.07981669628967558","0,0,0"
42.43333333333333,89,AV,1,0,0,99,1467.6871321740252,0.2,-3.6453968337668923,"0.33840579710144925,0.2909716666666667,0.38923809523809516,0.2,0.99,0.07058459165416232","0,0,0"
32.233333333333334,74,AV,2,0,0,37,1249.5878531833848,0.5,-5.0856542677960155,"0.2217083333333333,0.2498055555555556,0.3186354166666666,0.5,0.37,0.06009567462944302","0,0,0"
24.733333333333334,86,AV,1,0,0,36,1454.957177165027,0.5,-5.043679400069234,"0.3496111111111111,0.29087403100775194,0.3480416666666666,0.5,0.36,0.06997237760909195","0,0,0"
16.733333333333334,204,AV,1,0,0,10,3531.3895067900216,0.5,-7.961100725625383,"0.3278030303030303,0.2843527131782946,0.3458106060606061,0.5,0.1,0.16983298473111647","0,0,0"
53.43333333333333,191,AV,0,0,0,90,3245.380745418587,0.5,-21.89539282367843,"0.2940448717948718,0.275734126984127,0.35787301587301584,0.5,0.9,0.156078137946426","0,0,0"
40.88333333333333,59,AV,2,0,0,83,1014.5614647146556,0.1,-1.0474407714415195,"0.33126666666666665,0.3261258865248227,0.3725,0.1,0.83,0.04879269234230884","0,0,0"
40.61666666666667,167,AV,1,0,0,94,2753.3979495063454,0.3,-8.972261114832024,"0.319484126984127,0.27525362318840574,0.36271568627450973,0.3,0.94,0.13241750620204337","0,0,0"
32.68333333333333,128,AV,2,0,0,30,2010.868248891871,0.1,-1.6596433653522555,"0.2901481481481481,0.29032765151515144,0.39582142857142855,0.1,0.3,0.0967074733482937","0,0,0"
25.266666666666666,121,AV,2,0,0,8,1888.2149669861096,0.1,-1.2047701557032584,"0.31377083333333333,0.2930736842105263,0.3416666666666666,0.1,0.08,0.09080878306984375","0,0,0"
17.233333333333334,158,AV,1,0,0,7,2533.2754137277425,0.4,-4.909775720192737,"0.2599855072463768,0.2525726950354609,0.3341811594202898,0.4,0.07,0.12183128590944142","0,0,0"
24.1,256,AV,1,0,0,33,5807.233742044462,0.1,-4.034200332910898,"0.2581180555555556,0.2698717948717949,0.34131333333333336,0.1,0.33,0.27928378830664774","0,0,0"
13.2,108,AV,1,0,0,2,1664.0464513081895,0.1,-1.0546821504360633,"0.3249097222222222,0.28212835249042145,0.34489655172413797,0.1,0.02,0.08002798190726358","0,0,0"
27.883333333333333,165,AV,2,0,0,12,2648.588416164911,0.3,-5.594808611419061,"0.297489898989899,0.2977348484848485,0.35364912280701755,0.3,0.12,0.1273769645564883","0,0,0"
32.05,179,AV,1,0,0,62,2964.6777926145683,0.7,-17.296097544774703,"0.22255333333333333,0.2512271062271062,0.2985069444444444,0.7,0.62,0.14257846021167567","0,0,0"
35.18333333333333,230,AV,2,0,0,47,4559.760277629775,0.2,-8.102402311512167,"0.25882,0.24217682926829265,0.3318888888888889,0.2,0.47,0.21928979970044837","0,0,0"
30.466666666666665,153,AV,1,0,0,55,2436.431929205765,0.1,-2.374493925331708,"0.2686458333333334,0.2511296296296297,0.3055,0.1,0.55,0.11717385064309511","0,0,0"
21.6,193,AV,1,0,0,26,3257.3450634265246,0.1,-2.2767336709599224,"0.3073863636363636,0.3037425925925926,0.35298214285714286,0.1,0.26,0.15665353067318508","0,0,0"
40.45,9,AV,1,0,0,86,513.3463032142733,0.2,-1.548730200253402,"0.2677466666666667,0.23765277777777777,0.3287222222222222,0.2,0.86,0.024688054010448962","0,0,0"
22.283333333333335,102,AV,1,0,0,29,1581.438059619256,0.3,-3.1696751082208907,"0.28003763440860213,0.2831923076923077,0.37592592592592594,0.3,0.29,0.07605514637116847","0,0,0"
45.4,41,AV,2,0,0,73,845.7864251007381,0.1,-0.9696642348377149,"0.27173484848484847,0.2781309523809524,0.36225833333333335,0.1,0.73,0.040675896199988425","0,0,0"
42.266666666666666,116,AV,1,0,0,98,1832.3133019091129,0.2,-4.411402806095548,"0.2961666666666667,0.2745130718954248,0.3521228070175439,0.2,0.98,0.08812033802202023","0,0,0"
21.466666666666665,258,AV,1,0,0,24,5825.994272151124,0.1,-3.658198915206502,"0.34391999999999995,0.28840853658536586,0.3361875,0.1,0.24,0.28018602716107777","0,0,0"
31.966666666666665,269,AV,1,0,0,61,6918.069898529506,0.9,-50.76082600522572,"0.34693939393939405,0.28737894736842107,0.3513125,0.9,0.61,0.33270656130870674","0,0,0"
27.85,82,AV,0,0,0,30,1342.087988935639,0.1,-0.9438674366630695,"0.21218229166666666,0.2622854609929078,0.3402738095238094,0.1,0.3,0.06454422784415724","0,0,0"
39.233333333333334,81,AV,2,0,0,70,1317.647826688136,0.2,-2.610894767696862,"0.28261111111111115,0.25271052631578944,0.3300579710144928,0.2,0.7,0.06336884186823323","0,0,0"
18.4,237,AV,1,0,0,16,4660.29795945294,0.2,-4.830781942117883,"0.2837266666666667,0.2744731182795698,0.36940151515151515,0.2,0.16,0.2241248977685445","0,0,0"
37.65,263,AV,1,0,0,76,6020.57275324985,0.5,-29.120525777759703,"0.3033939393939394,0.3012666666666666,0.35878703703703707,0.5,0.76,0.2895437726450875","0,0,0"
43.083333333333336,284,AV,0,0,0,66,8987.822610831106,0.1,-9.778418118265325,"0.3140072463768116,0.2697006802721088,0.3211527777777778,0.1,0.66,0.4322459296252377","0,0,0"
32.8,295,AV,1,0,0,59,14754.343640924068,0.5,-61.603847401806746,"0.28984999999999994,0.3099869281045751,0.3760833333333333,0.5,0.59,0.7095717460418045","0,0,0"
18.966666666666665,136,AV,1,0,0,10,2133.445027811215,0.2,-2.543653570411753,"0.2969423076923076,0.2625813953488372,0.3292435897435898,0.2,0.1,0.10260248441477932","0,0,0"
40.6,220,AV,1,0,0,91,4021.28082322038,0.3,-12.868484956268745,"0.23958333333333337,0.2509945054945055,0.30821875,0.3,0.91,0.1933930322147629","0,0,0"
34.21666666666667,257,AV,2,0,0,53,5825.425317043349,0.4,-20.134003663114473,"0.28966071428571427,0.282563670411985,0.34790833333333326,0.4,0.53,0.28015866474638357","0,0,0"
8.75,106,AV,0,0,0,5,1614.9493849180149,0.8,-2.8547085086934607,"0.2769305555555556,0.27426325757575754,0.32765432098765435,0.8,0.05,0.07766678631823196","0,0,0"
33.03333333333333,149,AV,1,0,0,62,2344.9936519099742,0.3,-6.368405830916121,"0.3238086419753086,0.29745212765957446,0.3193771929824561,0.3,0.62,0.11277636474640867","0,0,0"
21.45,118,AV,1,0,0,23,1836.592480640456,0.2,-2.4896418540271608,"0.25526436781609196,0.24057088122605363,0.3263809523809523,0.2,0.23,0.0883261339827163","0,0,0"
28.516666666666666,129,AV,1,0,0,54,2011.9739719035176,0.9,-13.539725249723176,"0.35392307692307684,0.2903107638888888,0.3354537037037037,0.9,0.54,0.09676065021790628","0,0,0"
36.35,90,AV,2,0,0,57,1474.5167950508735,0.5,-6.767510795467077,"0.24811594202898551,0.24965949820788527,0.33366666666666667,0.5,0.57,0.07091304650992157","0,0,0"
29.683333333333334,122,AV,2,0,0,34,1900.764377468582,0.7,-9.97341308665859,"0.3304855072463769,0.2982783505154639,0.3628833333333334,0.7,0.34,0.09141231429593938","0,0,0"
28.25,140,AV,1,0,0,52,2164.09247058771,0.1,-2.0438285932854248,"0.3963240740740741,0.33853436426116834,0.38349333333333335,0.1,0.52,0.10407639338774885","0,0,0"
33.28333333333333,96,AV,1,0,0,69,1517.942512651984,0.1,-1.775812793672564,"0.27624358974358976,0.2585164609053498,0.325463768115942,0.1,0.69,0.07300149334369807","0,0,0"
35.333333333333336,46,AV,1,0,0,79,892.1845339920479,0.1,-1.2960569074339823,"0.2605376344086021,0.26007427536231886,0.35320833333333335,0.1,0.79,0.042907292454561666","0,0,0"
22.916666666666668,61,AV,1,0,0,25,1068.5648373754009,1.0,-6.683824290366903,"0.29823611111111115,0.27506272401433696,0.3082463768115942,1.0,0.25,0.05138984395837567","0,0,0"
46.81666666666667,285,AV,2,0,0,71,9667.56212442905,0.2,-22.85873906357004,"0.2449032258064516,0.29584782608695653,0.3313725490196079,0.2,0.71,0.4649362319020181","0,0,0"
25.366666666666667,160,AV,1,0,0,37,2553.8725848963804,0.3,-5.407820800773095,"0.29256521739130426,0.26655729166666664,0.3293492063492064,0.3,0.37,0.122821853234247","0,0,0"
16.116666666666667,114,AV,1,0,0,9,1823.811293294481,0.1,-1.2422666332557926,"0.2551333333333333,0.2630669934640523,0.3146555555555556,0.1,0.09,0.08771145605177698","0,0,0"
24.416666666666668,67,AV,0,0,0,25,1141.5133047894662,0.2,-1.4076742352833067,"0.24625595238095235,0.23848797250859102,0.3168222222222222,0.2,0.25,0.05489811058505904","0,0,0"
7.05,66,AV,0,0,0,4,1135.438045570021,0.2,-0.40428475864993163,"0.30092948717948714,0.27856914893617024,0.35442499999999993,0.2,0.04,0.0546059368091927","0,0,0"
25.65,229,AV,2,0,0,18,4547.885280126284,0.3,-8.83736798751812,"0.2575961538461538,0.27570962199312715,0.32488235294117646,0.3,0.18,0.2187187026108142","0,0,0"
23.433333333333334,62,AV,1,0,0,29,1074.3823512953045,0.3,-2.4072999822237353,"0.3362898550724638,0.31104340277777776,0.3616746031746032,0.3,0.29,0.0516696221450731","0,0,0"
19.166666666666668,127,AV,0,0,0,16,1997.7276787447236,1.0,-9.669136492240877,"0.23271264367816089,0.2395958333333333,0.31705303030303034,1.0,0.16,0.09607551183714699","0,0,0"
34.21666666666667,205,AV,1,0,0,71,3539.477986656502,0.8,-24.96649261483434,"0.2821089743589743,0.28105370370370375,0.3477569444444444,0.8,0.71,0.17022197911279557","0,0,0"
41.733333333333334,73,AV,1,0,0,91,1239.4416864014672,0.1,-1.8062129557025564,"0.2729761904761905,0.25490104166666666,0.3548125,0.1,0.91,0.05960772115253554","0,0,0"
22.9,19,AV,1,0,0,29,615.3970356119416,0.4,-1.9234941530821679,"0.29807999999999996,0.2885886524822695,0.33742857142857147,0.4,0.29,0.029595918306859183","0,0,0"
33.3,192,AV,2,0,0,45,3256.7228478661937,0.2,-5.477215698684053,"0.32875595238095245,0.2874076086956522,0.37750833333333333,0.2,0.45,0.15662360683568316","0,0,0"
23.816666666666666,277,AV,1,0,0,31,8028.27043643778,0.3,-14.985351582916147,"0.21121839080459767,0.2524301075268817,0.30625,0.3,0.31,0.3860987658900816","0,0,0"
25.4,56,AV,1,0,0,40,975.0940381265832,0.1,-1.1254391052630104,"0.1994777777777778,0.24512456140350877,0.32431666666666664,0.1,0.4,0.04689460920981367","0,0,0"
21.383333333333333,188,AV,1,0,0,25,3169.820795106812,0.1,-2.211649865371229,"0.30769892473118277,0.3188589743589743,0.359361111111111,0.1,0.25,0.15244427884849596","0,0,0"
21.766666666666666,111,AV,2,0,0,9,1797.659883656486,0.8,-7.904861306583739,"0.24836904761904757,0.23313026819923371,0.31945833333333334,0.8,0.09,0.08645377208765831","0,0,0"
19.716666666666665,20,AV,1,0,0,22,623.7253316558669,0.2,-1.1211002250411535,"0.2931510416666667,0.281859756097561,0.34960416666666666,0.2,0.22,0.02999644602325653","0,0,0"
15.766666666666667,54,AV,0,0,0,12,946.2003450753726,0.2,-0.7534558303377967,"0.2808086419753087,0.2721959706959707,0.3440757575757576,0.2,0.12,0.04550504226418034","0,0,0"
32.166666666666664,178,AV,1,0,0,56,2953.761118311176,0.3,-7.697927977702738,"0.28790000000000004,0.2860759259259259,0.33526666666666655,0.3,0.56,0.14205345118145746","0,0,0"
51.5,156,AV,0,0,0,87,2476.7673195544394,0.8,-25.76838726405124,"0.3369583333333333,0.2725435606060606,0.36672499999999997,0.8,0.87,0.11911367623300487","0,0,0"
36.63333333333333,120,AV,1,0,0,70,1880.1756700095973,0.1,-2.2393207587041646,"0.29993678160919535,0.2707450980392157,0.35389102564102565,0.1,0.7,0.0904221540112152","0,0,0"
13.916666666666666,8,AV,0,0,0,8,508.6019702527906,0.9,-1.6086463831859097,"0.22813492063492063,0.25575773195876284,0.3342575757575758,0.9,0.08,0.024459887668034006","0,0,0"
37.5,251,AV,1,0,0,80,5370.167679594476,0.3,-15.756158180666127,"0.2734130434782609,0.2691808943089431,0.3436944444444444,0.3,0.8,0.2582642338882426","0,0,0"
12.283333333333333,176,AV,0,0,0,6,2949.689674384749,0.1,-0.9149500378878621,"0.29723913043478256,0.29729775280898874,0.3521190476190476,0.1,0.06,0.1418576456853883","0,0,0"
33.95,243,AV,2,0,0,43,4864.205776554158,0.1,-4.170196619040749,"0.30337499999999995,0.28219540229885065,0.37022988505747123,0.1,0.43,0.23393131337965753","0,0,0"
26.716666666666665,202,AV,0,0,0,24,3476.696831582168,0.1,-2.3455997563241646,"0.28302469135802466,0.2716829710144927,0.3268492063492064,0.1,0.24,0.16720268290357254","0,0,0"
24.4,214,AV,1,0,0,36,3933.772930850901,0.6,-15.04303932011545,"0.27790860215053764,0.26644117647058824,0.3471111111111111,0.6,0.36,0.1891845679487672","0,0,0"
41.2,168,AV,1,0,0,95,2756.9260540590044,0.5,-14.841585028690782,"0.31064583333333334,0.3146460481099657,0.36328947368421055,0.5,0.95,0.1325871812054576","0,0,0"
32.416666666666664,27,AV,1,0,0,62,742.6585956180782,0.4,-2.9317693072006095,"0.2895438596491227,0.2918838383838384,0.3276269841269841,0.4,0.62,0.03571623172338353","0,0,0"
39.516666666666666,103,AV,1,0,0,88,1587.6148581174584,0.9,-14.758465259835203,"0.2943131313131313,0.305880658436214,0.342698717948718,0.9,0.88,0.07635220341429991","0,0,0"
12.733333333333333,49,AV,1,0,0,5,926.7012599248138,0.5,-1.9898984902831602,"0.29770987654320985,0.2647119341563786,0.329310606060606,0.5,0.05,0.04456728452766382","0,0,0"
41.46666666666667,283,AV,1,0,0,98,8975.220492497892,0.3,-28.694884577442878,"0.32775,0.30974275362318837,0.3736666666666666,0.3,0.98,0.43163986355227996","0,0,0"
39.31666666666667,141,AV,2,0,0,60,2187.718469250836,0.2,-4.3441312028305745,"0.32446666666666674,0.29399816849816846,0.3765069444444444,0.2,0.6,0.10521262428567076","0,0,0"
22.6,50,AV,0,0,0,21,931.9887487728153,0.1,-0.5318925687440815,"0.26588666666666666,0.2875897435897436,0.33514285714285713,0.1,0.21,0.04482157253839216","0,0,0"
24.0,124,AV,1,0,0,28,1927.298426803608,0.3,-4.004178957824742,"0.2984949494949495,0.2914307116104869,0.34745370370370365,0.3,0.28,0.0926884003201249","0,0,0"
27.766666666666666,79,AV,1,0,0,52,1293.252850487379,0.6,-5.940806184121144,"0.32070476190476194,0.3006176470588235,0.37339166666666673,0.6,0.52,0.06219562899759039","0,0,0"
35.85,98,AV,2,0,0,57,1530.6528609905624,0.1,-1.3857046733967593,"0.32305952380952396,0.2831217228464419,0.334608695652174,0.1,0.57,0.07361276445699849","0,0,0"
48.233333333333334,33,AV,0,0,0,80,793.0252767736928,1.0,-9.659154675854658,"0.18675641025641024,0.2379223484848485,0.3565897435897436,1.0,0.8,0.03813848612925163","0,0,0"
40.016666666666666,207,AV,1,0,0,90,3564.273841812899,0.1,-4.101776723145105,"0.21520512820512822,0.24058058608058613,0.29708695652173917,0.1,0.9,0.17141447121316408","0,0,0"
33.18333333333333,299,AV,1,0,0,62,20793.30768626012,0.5,-87.6201085928954,"0.28873809523809524,0.2748791208791208,0.3673492063492064,0.5,0.62,1.0","0,0,0"
23.75,189,AV,1,0,0,33,3225.188153267811,0.1,-2.434298450507841,"0.2506025641025641,0.2742833333333333,0.35922916666666665,0.1,0.33,0.15510702779620594","0,0,0"
41.15,288,AV,1,0,0,94,11861.36896338871,0.6,-74.45383830961293,"0.25393055555555555,0.26034432234432237,0.3279523809523809,0.6,0.94,0.57044166047841","0,0,0"
39.1,72,AV,1,0,0,80,1205.4292211271013,0.2,-2.880418310407559,"0.2879513888888889,0.2833275862068965,0.32275,0.2,0.8,0.05797198018301001","0,0,0"
25.75,95,AV,2,0,0,16,1509.578116022191,0.4,-3.9264279280375165,"0.272051724137931,0.25389300411522625,0.29408823529411765,0.4,0.16,0.07259922946360745","0,0,0"
12.533333333333333,146,AV,0,0,0,5,2225.3307045190536,0.1,-0.704313421632293,"0.2694333333333333,0.29165476190476197,0.3801372549019608,0.1,0.05,0.10702148682143131","0,0,0"
36.43333333333333,197,AV,1,0,0,77,3278.222126324269,0.4,-12.564298936270793,"0.222625,0.2580946502057613,0.33801851851851855,0.4,0.77,0.1576575586620336","0,0,0"
39.85,150,AV,0,0,0,55,2352.9451803313505,0.6,-14.20679779336429,"0.268719298245614,0.2429450549450549,0.3442631578947368,0.6,0.55,0.11315877280487406","0,0,0"
38.45,53,AV,1,0,0,83,943.1907669438916,1.0,-9.658001259846625,"0.27876282051282053,0.2866438596491228,0.3210263157894737,1.0,0.83,0.04536030443906415","0,0,0"
42.7,76,AV,2,0,0,71,1261.43865123121,0.1,-1.3601876365548655,"0.306703125,0.2880443262411347,0.3699285714285714,0.1,0.71,0.060665607909257666","0,0,0"
44.56666666666667,206,AV,0,0,0,69,3558.5090095449787,0.1,-4.004820324715182,"0.36226984126984135,0.31345145631067955,0.38265625,0.1,0.69,0.17113722661336772","0,0,0"
33.63333333333333,266,AV,1,0,0,67,6427.339783247283,0.5,-27.794553204109885,"0.28469444444444447,0.27598062015503877,0.33251041666666664,0.5,0.67,0.3091061739780037","0,0,0"
26.166666666666668,148,AV,1,0,0,44,2318.1098695731453,0.2,-3.5634953663550832,"0.27957142857142864,0.2633371212121212,0.32358000000000003,0.2,0.44,0.1114834592239942","0,0,0"
23.85,274,AV,1,0,0,30,7572.106998522375,0.4,-18.741894132803907,"0.23052380952380958,0.2558470588235295,0.3142592592592593,0.4,0.3,0.3641607729166582","0,0,0"
36.38333333333333,145,AV,0,0,0,50,2215.952556227922,0.4,-8.143812172130561,"0.28096846846846846,0.2866627906976744,0.39987254901960784,0.4,0.5,0.10657046919438351","0,0,0"
33.11666666666667,282,AV,1,0,0,69,8689.506535985933,0.3,-22.300567534096018,"0.2876811594202899,0.24969642857142854,0.3377608695652174,0.3,0.69,0.4178991946398128","0,0,0"
40.53333333333333,195,AV,1,0,0,95,3269.866339895674,1.0,-33.96933896728232,"0.2505151515151515,0.2718507751937984,0.34471296296296294,1.0,0.95,0.15725570886715387","0,0,0"
16.866666666666667,218,AV,1,0,0,9,3971.0791127863904,0.3,-5.574156644115942,"0.2633765432098765,0.22596127946127947,0.3142820512820513,0.3,0.09,0.19097871164626756","0,0,0"
28.433333333333334,171,AV,1,0,0,52,2813.5576138103806,0.2,-4.540344519495378,"0.4192156862745099,0.33110355987055023,0.3953999999999999,0.2,0.52,0.13531072863744203","0,0,0"
31.416666666666668,45,AV,1,0,0,61,877.2934597877683,0.6,-4.676005484090766,"0.28786559139784945,0.2831473684210526,0.33861538461538454,0.6,0.61,0.04219114500803879","0,0,0"
29.733333333333334,254,AV,1,0,0,58,5578.433439706214,0.1,-4.688520730823185,"0.29893478260869566,0.26951234567901233,0.3158333333333333,0.1,0.58,0.2682802334230043","0,0,0"
42.28333333333333,271,AV,1,0,0,100,7177.938863287724,0.3,-23.49296830323353,"0.2540392156862745,0.2626450216450216,0.36400000000000005,0.3,1.0,0.345204282627472","0,0,0"
30.983333333333334,289,AV,2,0,0,40,11940.25564443948,0.3,-28.02643338764267,"0.28495652173913044,0.28735714285714287,0.36241333333333337,0.3,0.4,0.5742355100304415","0,0,0"
38.333333333333336,42,AV,1,0,0,84,850.3216016091212,0.2,-2.1462455250008245,"0.3632301587301587,0.28947647058823534,0.3542638888888889,0.2,0.84,0.04089400370730819","0,0,0"
23.733333333333334,232,AV,1,0,0,28,4577.590037133467,0.1,-3.2434714700665226,"0.24731720430107523,0.25520000000000004,0.3269035087719299,0.1,0.28,0.22014727556589106","0,0,0"
17.583333333333332,172,AV,1,0,0,15,2815.231094880572,0.2,-3.000057916750003,"0.32692777777777776,0.31148611111111113,0.3640705128205128,0.2,0.15,0.13539121035278245","0,0,0"
6.933333333333334,276,AV,0,0,0,4,7897.119961473183,0.4,-5.53064293598122,"0.27643859649122804,0.25367748917748917,0.3554523809523811,0.4,0.04,0.37979142523300763","0,0,0"
33.15,298,AV,0,0,0,41,18628.94525544202,0.1,-15.594685232775326,"0.2858024691358025,0.29703819444444446,0.33317647058823524,0.1,0.41,0.8959106235777834","0,0,0"
20.733333333333334,132,AV,0,0,0,18,2035.9911412414244,0.8,-8.527855150519636,"0.2640277777777778,0.2797333333333334,0.3469920634920635,0.8,0.18,0.09791569345106042","0,0,0"
21.6,22,AV,1,0,0,27,639.9143284368583,1.0,-3.990441791473773,"0.3144935897435897,0.2768453815261045,0.3612413793103449,1.0,0.27,0.030775013677102628","0,0,0"
21.666666666666668,280,AV,1,0,0,28,8436.938288223368,0.1,-5.116169938842752,"0.24761999999999998,0.2726308243727598,0.3513939393939395,0.1,0.28,0.4057525822983113","0,0,0"
23.833333333333332,117,AV,2,0,0,7,1836.3970218708375,0.3,-3.3157168450445673,"0.22974074074074075,0.23480319148936168,0.32278571428571434,0.3,0.07,0.08831673390204767","0,0,0"
29.733333333333334,84,AV,1,0,0,55,1446.9812594843625,0.2,-2.672907884612881,"0.37995061728395063,0.32388122605363984,0.37720512820512825,0.2,0.55,0.06958879661269593","0,0,0"
35.61666666666667,131,AV,1,0,0,73,2034.664800296876,0.2,-4.159998887402715,"0.29398095238095234,0.313561507936508,0.37844444444444447,0.2,0.73,0.09785190653632031","0,0,0"
45.38333333333333,91,AV,2,0,0,97,1474.807688008607,0.3,-5.070582492989187,"0.2561533333333334,0.2397116104868914,0.30954487179487183,0.3,0.97,0.07092703624941481","0,0,0"
33.03333333333333,55,AV,1,0,0,66,950.4213588862824,0.4,-3.67127126820305,"0.13780128205128206,0.22116483516483515,0.30301666666666666,0.4,0.66,0.04570804093445438","0,0,0"
35.7,228,AV,1,0,0,69,4434.023444374438,0.5,-20.486696586384785,"0.2263541666666667,0.24357751937984493,0.32125,0.5,0.69,0.2132428140475394","0,0,0"
28.983333333333334,194,AV,1,0,0,53,3257.969850357721,0.3,-7.653547436580905,"0.3178714285714286,0.2870352941176471,0.37454166666666666,0.3,0.53,0.15668357817407447","0,0,0"
32.9,43,AV,1,0,0,62,857.6590975250949,0.1,-1.2125501088024149,"0.33391975308641975,0.29653684210526315,0.37972222222222224,0.1,0.62,0.041246881470994735","0,0,0"
8.583333333333334,29,AV,0,0,0,4,767.6170681366935,0.3,-0.49914493698282475,"0.2633271604938272,0.2576287878787879,0.317219696969697,0.3,0.04,0.036916544482430876","0,0,0"
25.85,294,AV,1,0,0,38,13460.811009378149,0.3,-26.86075489336554,"0.29806349206349203,0.2510689655172414,0.32519298245614037,0.3,0.38,0.6473626617025839","0,0,0"
19.366666666666667,105,AV,0,0,0,16,1592.2311391495805,0.1,-0.7786921648534565,"0.2865,0.2798944444444444,0.36497916666666663,0.1,0.16,0.07657421143254188","0,0,0"
13.083333333333334,100,AV,1,0,0,3,1567.0706205360798,0.3,-2.0532202488899274,"0.29791919191919186,0.30802208835341366,0.3646363636363636,0.3,0.03,0.07536418179256658","0,0,0"
41.55,133,AV,0,0,0,62,2043.1688306873104,0.2,-4.287558834093826,"0.23644642857142859,0.25667241379310346,0.31722,0.2,0.62,0.09826088573860729","0,0,0"
32.86666666666667,11,AV,1,0,0,56,522.440884226393,1.0,-4.8360834330574365,"0.3552083333333333,0.2812439862542956,0.3629492753623189,1.0,0.56,0.02512543420745","0,0,0"
19.466666666666665,68,AV,1,0,0,21,1148.2139867956057,0.7,-4.451093247491949,"0.27366071428571437,0.2579903100775193,0.3137583333333333,0.7,0.21,0.05522036244162957","0,0,0"
40.083333333333336,34,AV,2,0,0,69,801.7987355487146,0.3,-2.4347549987306296,"0.32075,0.3289135220125787,0.3938425925925926,0.3,0.69,0.03856042278826712","0,0,0"
25.45,139,AV,1,0,0,44,2147.781038516846,0.1,-1.880328975511458,"0.2626041666666667,0.26545098039215687,0.3496018518518519,0.1,0.44,0.10329193752738362","0,0,0"
32.36666666666667,264,AV,1,0,0,63,6130.868263041086,0.6,-30.5660256738025,"0.3064492753623188,0.2839037037037037,0.3550648148148149,0.6,0.63,0.29484814804583803","0,0,0"
38.05,217,AV,0,0,0,51,3958.913906791885,0.1,-3.80395641801594,"0.26284848484848483,0.2562443181818182,0.3536842105263158,0.1,0.51,0.1903936577347851","0,0,0"
17.183333333333334,52,AV,1,0,0,14,934.0011274976006,0.5,-2.52642079640157,"0.2614040404040404,0.25126470588235295,0.32123015873015875,0.5,0.14,0.04491835265414619","0,0,0"
19.416666666666668,198,AV,1,0,0,21,3382.383844415393,0.2,-3.816899982107688,"0.2549464285714286,0.2623453608247423,0.34005555555555556,0.2,0.21,0.16266694531964326","0,0,0"
10.55,290,AV,0,0,0,6,12197.400506638176,0.6,-19.49735990076254,"0.2403484848484849,0.24626162790697673,0.31869841269841265,0.6,0.06,0.5866022227285186","0,0,0"
32.88333333333333,75,AV,1,0,0,66,1260.6549751070208,0.1,-1.546831761736596,"0.2592407407407407,0.2768468992248062,0.3307314814814814,0.1,0.66,0.06062791904628244","0,0,0"
20.2,272,AV,1,0,0,20,7334.728577480919,0.1,-4.241452456189762,"0.38491071428571433,0.2951300366300366,0.4017301587301587,0.1,0.2,0.352744675746206","0,0,0"
36.4,28,AV,1,0,0,75,763.1985099142711,0.4,-3.3061036122100473,"0.24075308641975307,0.26665760869565225,0.36117460317460326,0.4,0.75,0.03670404542797105","0,0,0"
5.366666666666666,249,AV,0,0,0,0,5158.4050556257225,0.2,-1.3981535588480494,"0.3643397435897437,0.3192261904761905,0.37827083333333333,0.2,0.0,0.24808006178999184","0,0,0"
43.18333333333333,137,AV,2,0,0,94,2141.869626207308,0.1,-2.3356835864912187,"0.2578697916666667,0.2613703703703704,0.3279294871794871,0.1,0.94,0.10300764354209123","0,0,0"
37.833333333333336,234,AV,1,0,0,80,4617.1597275219765,0.5,-22.555876644517863,"0.29209333333333337,0.2917590361445783,0.3510303030303031,0.5,0.8,0.2220502768096353","0,0,0"
43.03333333333333,16,AV,1,0,0,99,591.6693204447811,0.3,-2.4289017492278093,"0.25835256410256413,0.3030215053763441,0.3563461538461538,0.3,0.99,0.028454795618483852","0,0,0"
36.96666666666667,47,AV,1,0,0,80,905.8209551718018,0.2,-2.19117077320796,"0.21713333333333332,0.26322852233676974,0.3263444444444445,0.2,0.8,0.04356310063022602","0,0,0"
19.316666666666666,196,AV,1,0,0,14,3274.575105225111,0.2,-3.694640191040323,"0.2902466666666667,0.31990659340659344,0.3637291666666666,0.2,0.14,0.15748216467690215","0,0,0"
30.233333333333334,203,AV,1,0,0,55,3480.90175047103,0.1,-3.157557144509448,"0.36230666666666667,0.3379056224899598,0.39105797101449274,0.1,0.55,0.1674049075304721","0,0,0"
33.3,246,AV,2,0,0,34,4951.479839002994,0.6,-24.98246646042419,"0.27097222222222217,0.290701030927835,0.3527631578947368,0.6,0.34,0.23812853220437127","0,0,0"
16.283333333333335,253,AV,1,0,0,10,5568.958209200236,0.2,-5.07985872928336,"0.25757051282051285,0.28662499999999996,0.3784074074074074,0.2,0.1,0.2678245468795767","0,0,0"
30.383333333333333,169,AV,1,0,0,60,2780.081336731352,0.4,-9.03213514623107,"0.24094696969696966,0.24431914893617016,0.3088958333333333,0.4,0.6,0.13370077424326215","0,0,0"
39.6,138,AV,1,0,0,88,2142.030696222753,0.1,-2.642030696222753,"0.2993103448275863,0.28719277108433733,0.3776130952380952,0.1,0.88,0.10301538978515534","0,0,0"
42.93333333333333,26,AV,1,0,0,98,670.158540600369,0.2,-1.953138384332113,"0.2726929824561404,0.2849432624113475,0.3551874999999999,0.2,0.98,0.032229530323508795","0,0,0"
35.15,24,AV,1,0,0,75,650.412147456106,0.1,-1.077322903613185,"0.29579012345679007,0.2826833333333334,0.3479855072463768,0.1,0.75,0.0312798789528752","0,0,0"
35.2,39,AV,1,0,0,66,827.3783452591958,0.3,-2.706342254024522,"0.19301754385964912,0.25549812734082394,0.33118939393939395,0.3,0.66,0.03979060752349248","0,0,0"
20.8,7,AV,0,0,0,19,506.5869000089976,0.1,-0.2660860484895745,"0.2821228070175439,0.28247592592592585,0.3570322580645161,0.1,0.19,0.02436297811068039","0,0,0"
39.733333333333334,262,AV,0,0,0,54,6007.794801579103,0.4,-24.11209226761714,"0.301425,0.27899319727891153,0.34474242424242424,0.4,0.54,0.2889292503255245","0,0,0"
15.35,31,AV,1,0,0,9,777.0630287344238,0.1,-0.8012100376533688,"0.2771111111111111,0.2600620155038759,0.3280763888888888,0.1,0.09,0.037370823365822384","0,0,0"
31.416666666666668,130,AV,2,0,0,49,2030.86588445069,0.4,-6.444751165302274,"0.22964743589743591,0.24676250000000002,0.31767391304347825,0.4,0.49,0.09766920756877238","0,0,0"
29.066666666666666,25,AV,2,0,0,17,658.4091024775607,0.1,-0.4832767149498595,"0.3245357142857143,0.29389649122807016,0.31543137254901954,0.1,0.17,0.03166447168540803","0,0,0"
23.85,32,AV,1,0,0,32,779.2240782816187,0.1,-0.9693054107832477,"0.3245933333333333,0.28629166666666667,0.3337631578947369,0.1,0.32,0.03747475341773148","0,0,0"
33.96666666666667,135,AV,1,0,0,72,2078.9202215407213,0.1,-2.283181570496629,"0.34293333333333337,0.29293684210526316,0.3682933333333333,0.1,0.72,0.09998025580674873","0,0,0"
37.083333333333336,226,AV,1,0,0,79,4412.688598555705,0.1,-4.6322525807182,"0.2883833333333333,0.29251915708812254,0.3505,0.1,0.79,0.21221677018089516","0,0,0"
5.2,184,AV,0,0,0,0,3001.8426729260827,1.0,-3.9418136109130386,"0.33875362318840585,0.28642222222222224,0.36539682539682544,1.0,0.0,0.14436580837543475","0,0,0"
27.316666666666666,63,AV,1,0,0,52,1076.386102050743,0.1,-1.2425070796553737,"0.3355888888888889,0.29016666666666663,0.3808888888888889,0.1,0.52,0.051765987321103386","0,0,0"
36.733333333333334,183,AV,1,0,0,80,2991.769966736588,0.3,-8.825582079150808,"0.34368333333333334,0.30916860465116275,0.35072916666666665,0.3,0.8,0.143881387794473","0,0,0"
17.066666666666666,210,AV,1,0,0,10,3759.463069718096,0.6,-10.221439857048814,"0.2570147058823529,0.2545182926829268,0.3221319444444445,0.6,0.1,0.18080158897481655","0,0,0"
41.416666666666664,211,AV,1,0,0,95,3793.837230001502,0.1,-4.467881109660662,"0.2726611111111112,0.2862519841269841,0.3581825396825396,0.1,0.95,0.1824547247241673","0,0,0"
27.683333333333334,259,AV,1,0,0,50,5899.132481879994,0.3,-12.871791732831653,"0.25971333333333335,0.22116470588235296,0.3167444444444444,0.3,0.5,0.2837034189504176","0,0,0"
21.483333333333334,119,AV,1,0,0,26,1869.7531794209297,0.2,-2.528713676997962,"0.3663055555555556,0.31050185185185186,0.35981060606060594,0.2,0.26,0.0899209114602018","0,0,0"
29.116666666666667,0,AV,1,0,0,54,419.7646265090227,0.3,-1.4259202051909883,"0.2837539682539682,0.29256741573033707,0.37318333333333337,0.3,0.54,0.02018748689927752","0,0,0"
20.216666666666665,80,AV,1,0,0,22,1301.8927857652438,0.1,-1.1646447597362126,"0.26609420289855074,0.2795944444444445,0.34644444444444444,0.1,0.22,0.06261114419162438","0,0,0"
35.13333333333333,250,AV,1,0,0,73,5168.6614957092925,1.0,-46.35664323634338,"0.3118388888888889,0.2835842696629214,0.35147619047619044,1.0,0.73,0.24857331857425743","0,0,0"
19.066666666666666,51,AV,1,0,0,17,932.0432837729122,0.2,-1.397523162151693,"0.2529333333333333,0.2566166666666667,0.3250246913580247,0.2,0.17,0.04482419525724574","0,0,0"
19.4,291,AV,1,0,0,19,12726.503958899895,0.1,-6.734701434410555,"0.2606428571428571,0.2753814814814815,0.32785057471264367,0.1,0.19,0.6120480758003385","0,0,0"
10.666666666666666,273,AV,0,0,0,5,7336.658338656486,0.1,-1.9762042663047774,"0.2957440476190476,0.2898571428571428,0.3302314814814815,0.1,0.05,0.35283748258601644","0,0,0"
28.483333333333334,10,AV,1,0,0,53,513.7357984527049,0.2,-1.2390357572017447,"0.2806527777777778,0.25843548387096776,0.31981666666666664,0.2,0.53,0.024706785769931794","0,0,0"
30.333333333333332,36,AV,1,0,0,57,813.126641713825,1.0,-6.7284953195250905,"0.16405797101449276,0.26172977346278314,0.34272619047619046,1.0,0.57,0.03910520894427614","0,0,0"
22.766666666666666,227,AV,0,0,0,20,4429.527615460413,0.1,-2.54660552302985,"0.33534722222222224,0.288847670250896,0.3440289855072464,0.1,0.2,0.21302659886033296","0,0,0"
12.75,238,AV,1,0,0,2,4662.282088415262,0.2,-3.5022271023886153,"0.21386363636363637,0.2400814393939394,0.2943771929824561,0.2,0.02,0.2242203192855181","0,0,0"
19.516666666666666,152,AV,1,0,0,20,2417.357356239525,0.3,-4.074148313328893,"0.18435416666666665,0.2217518518518518,0.3153717948717949,0.3,0.2,0.11625650871491097","0,0,0"
12.7,64,AV,1,0,0,1,1100.389953660579,0.3,-1.5587085160219207,"0.3382564102564103,0.2972807971014493,0.38158333333333333,0.3,0.01,0.052920390072797266","0,0,0"
39.56666666666667,151,AV,1,0,0,83,2382.718205806423,0.1,-2.8807125507510305,"0.2656913580246913,0.25060416666666663,0.32108666666666663,0.1,0.83,0.11459062895418437","0,0,0"
30.483333333333334,222,AV,1,0,0,59,4061.843573313689,0.3,-9.88019178736204,"0.3349841269841269,0.2926769759450172,0.3544924242424242,0.3,0.59,0.19534379207968386","0,0,0"
36.516666666666666,241,AV,2,0,0,59,4756.448820673547,0.2,-8.772204853615944,"0.30707894736842106,0.3102091836734694,0.3787857142857143,0.2,0.59,0.22874902312038267","0,0,0"
40.516666666666666,85,AV,1,0,0,93,1447.5744631551047,0.1,-1.9810831312836954,"0.2419848484848485,0.2583092592592593,0.3096893939393939,0.1,0.93,0.06961732519889745","0,0,0"
20.283333333333335,190,AV,1,0,0,23,3236.647802754315,0.1,-2.15782844105724,"0.25755,0.29070634920634914,0.37252941176470583,0.1,0.23,0.1556581498042776","0,0,0"
20.666666666666668,97,AV,1,0,0,15,1530.0661682302475,0.3,-2.8955581421786705,"0.3590483870967743,0.2986629213483145,0.39020833333333343,0.3,0.15,0.07358454899608351","0,0,0"
35.21666666666667,164,AV,1,0,0,76,2645.062412614309,0.4,-9.90911932298659,"0.3438678160919541,0.31309550561797755,0.3627954545454546,0.4,0.76,0.1272073905952983","0,0,0"
40.56666666666667,83,AV,2,0,0,81,1348.5865378412918,0.3,-4.144519738769829,"0.29093209876543213,0.2837311827956989,0.33813333333333334,0.3,0.81,0.06485675863549194","0,0,0"
37.63333333333333,233,AV,1,0,0,81,4609.601315671212,0.1,-4.880673304202692,"0.2485833333333333,0.2584781746031746,0.32695238095238105,0.1,0.81,0.2216867746691962","0,0,0"
16.9,242,AV,1,0,0,12,4818.617258984985,0.2,-4.612860185699305,"0.2932017543859649,0.27619791666666665,0.37645833333333334,0.2,0.12,0.23173885231203734","0,0,0"
17.283333333333335,147,AV,0,0,0,13,2260.56382504795,0.4,-3.9464725363210853,"0.2728076923076923,0.26931929824561407,0.3323859649122807,0.4,0.13,0.10871593202757703","0,0,0"
39.31666666666667,268,AV,1,0,0,86,6446.254396158338,0.2,-13.30026441122687,"0.283453125,0.2767300724637681,0.34331249999999996,0.2,0.86,0.3100158230437728","0,0,0"
14.016666666666667,157,AV,0,0,0,7,2520.757475212996,0.4,-3.568951240158467,"0.2793,0.25074659863945575,0.3623809523809524,0.4,0.07,0.12122926824569963","0,0,0"
38.766666666666666,187,AV,1,0,0,85,3119.7161673652217,0.4,-12.716262298470548,"0.24436206896551727,0.2521481481481482,0.3231875,0.4,0.85,0.1500346272193471","0,0,0"
34.85,77,AV,2,0,0,53,1275.9312017726234,0.6,-6.737303391178171,"0.32051149425287356,0.29462048192771084,0.3362797619047619,0.6,0.53,0.06136258939772906","0,0,0"
49.81666666666667,38,AV,0,0,0,84,822.5771428470101,0.1,-1.0347992760815292,"0.29040104166666664,0.2658627450980392,0.3571014492753624,0.1,0.84,0.039559706192899544","0,0,0"
34.583333333333336,215,AV,0,0,0,49,3941.04555698938,0.2,-6.883560211071519,"0.2523205128205128,0.2927157894736842,0.33607017543859646,0.2,0.49,0.18953432596938674","0,0,0"
38.93333333333333,30,AV,1,0,0,86,776.0711537761008,0.3,-2.789017948511327,"0.23506321839080463,0.2606611721611721,0.3224916666666667,0.3,0.86,0.03732312172194307","0,0,0"
24.3,37,AV,0,0,0,23,816.2772675203604,0.5,-2.5044870708011056,"0.293969696969697,0.25124198717948715,0.3415357142857143,0.5,0.23,0.03925673009012141","0,0,0"
37.666666666666664,270,AV,1,0,0,82,7099.697064525982,0.1,-7.253078857672021,"0.2963863636363636,0.2784573170731708,0.326695652173913,0.1,0.82,0.3414414470102487","0,0,0"
45.733333333333334,248,AV,2,0,0,91,5144.150368411208,0.4,-23.763549850034266,"0.28883928571428563,0.24600724637681157,0.35210714285714284,0.4,0.91,0.2473945197189757","0,0,0"
30.233333333333334,101,AV,1,0,0,54,1573.7150367511856,1.0,-12.514810928731695,"0.2705705128205128,0.2551719298245613,0.3556111111111111,1.0,0.54,0.07568372769239937","0,0,0"
37.11666666666667,113,AV,1,0,0,74,1805.1606101798543,0.2,-3.88391639635567,"0.3556597222222222,0.3069710144927537,0.38454761904761897,0.2,0.74,0.08681450000245393","0,0,0"
46.78333333333333,186,AV,0,0,0,72,3064.640983136323,0.1,-3.620558602552045,"0.2231315789473684,0.2820486891385768,0.3513611111111111,0.1,0.72,0.14738592961625765","0,0,0"
14.466666666666667,236,AV,1,0,0,7,4645.51881630073,0.1,-2.197100308311883,"0.3584935897435898,0.28366877637130794,0.3558157894736842,0.1,0.07,0.22341413335457028","0,0,0"
31.366666666666667,58,AV,0,0,0,36,1011.0784796502788,0.1,-0.8008626678037983,"0.25140151515151515,0.30407291666666664,0.3417348484848485,0.1,0.36,0.04862518724321976","0,0,0"
33.0,278,AV,1,0,0,66,8326.33528790118,0.1,-7.438612739917651,"0.311484126984127,0.285734693877551,0.3649122807017543,0.1,0.66,0.40043341894099355","0,0,0"
27.95,260,AV,1,0,0,52,5911.733280178027,0.2,-8.845098241463427,"0.28425362318840575,0.29692666666666667,0.33302941176470596,0.2,0.52,0.28430942153971994","0,0,0"
30.8,87,AV,2,0,0,29,1457.5875839824732,0.3,-3.4010376959591038,"0.25312500000000004,0.27620103092783505,0.3465724637681159,0.3,0.29,0.07009888017699192","0,0,0"
16.75,287,AV,1,0,0,11,10708.821866752483,0.3,-14.088845929401824,"0.3017098765432099,0.2745649122807018,0.32751851851851854,0.3,0.11,0.5150129083997876","0,0,0"
43.43333333333333,170,AV,2,0,0,87,2793.3389947689566,0.1,-3.0637379715353115,"0.2604772727272727,0.281495983935743,0.34600000000000003,0.1,0.87,0.1343383667916745","0,0,0"
34.6,21,AV,0,0,0,47,626.2908344343901,0.3,-1.6416411266234772,"0.3137407407407407,0.2706379928315412,0.361125,0.3,0.47,0.03011982720037529","0,0,0"
27.083333333333332,12,AV,1,0,0,45,539.5213747330826,0.4,-1.9759633568034665,"0.33115277777777785,0.29172093023255813,0.345,0.4,0.45,0.025946875931124203","0,0,0"
21.0,125,AV,1,0,0,24,1950.0200213032829,0.4,-4.636406105794843,"0.2437333333333333,0.27306185567010316,0.3111666666666667,0.4,0.24,0.09378113625432592","0,0,0"
20.233333333333334,281,AV,1,0,0,23,8475.089255911002,0.1,-4.830285503651497,"0.24097333333333334,0.28432397003745313,0.34377777777777774,0.1,0.23,0.40758735376725097","0,0,0"
32.233333333333334,208,AV,2,0,0,38,3608.770587345788,0.1,-2.937442052157725,"0.1934469696969697,0.2416824561403509,0.35639855072463766,0.1,0.38,0.17355442634701188","0,0,0"
41.9,5,AV,1,0,0,96,491.0984231068265,0.2,-1.539243632736163,"0.27018333333333333,0.2522229166666667,0.3266014492753622,0.2,0.96,0.023618100136676975","0,0,0"
33.11666666666667,126,AV,0,0,0,46,1996.532829496936,0.4,-6.678637596313825,"0.21659444444444442,0.24088461538461534,0.3033771929824562,0.4,0.46,0.0960180486732379","0,0,0"
26.533333333333335,293,AV,1,0,0,49,13351.937436366714,0.4,-36.28499057019497,"0.347780303030303,0.3005036231884058,0.381326923076923,0.4,0.49,0.6421266706493964","0,0,0"
34.766666666666666,23,AV,2,0,0,32,640.5426603936758,0.1,-0.5623619484769393,"0.270264367816092,0.27382196969696965,0.3496594202898551,0.1,0.32,0.03080523166677017","0,0,0"
41.68333333333333,252,AV,2,0,0,80,5480.041794665195,0.3,-17.305030970274814,"0.15168421052631578,0.25196698113207544,0.3403181818181818,0.3,0.8,0.26354834340696637","0,0,0"
35.71666666666667,6,AV,1,0,0,79,497.26542980048754,0.2,-1.3970032121737752,"0.30367222222222223,0.2880932539682539,0.34213461538461537,0.2,0.79,0.023914686268460907","0,0,0"
46.45,180,AV,0,0,0,70,2968.817229463249,0.2,-6.9647252681094916,"0.238625,0.2711111111111111,0.3638939393939394,0.2,0.7,0.14277753565032827","0,0,0"
27.216666666666665,159,AV,2,0,0,25,2538.843693606908,0.1,-1.7449207709007073,"0.30846153846153845,0.2850340136054422,0.3593333333333333,0.1,0.25,0.12209907783380393","0,0,0"
34.916666666666664,297,AV,1,0,0,73,17693.100214811147,0.1,-16.100608143951746,"0.3775277777777778,0.2862239583333333,0.3364999999999999,0.1,0.73,0.8509035927219247","0,0,0"
24.166666666666668,181,AV,1,0,0,31,2969.8754393798326,0.6,-11.374543906820094,"0.31380645161290327,0.2599640151515151,0.337075,0.6,0.31,0.1428284275013291","0,0,0"
40.28333333333333,57,AV,1,0,0,88,978.4447105201264,0.2,-2.490657294046419,"0.2507564102564102,0.2442891156462585,0.33172222222222225,0.2,0.88,0.04705575107546101","0,0,0"
24.416666666666668,182,AV,2,0,0,4,2987.078671303881,0.2,-3.683560819410931,"0.30387254901960786,0.27493849206349213,0.3437345679012346,0.2,0.04,0.14365577215392691","0,0,0"
26.9,161,AV,1,0,0,50,2561.5826276178027,0.1,-2.240064966740376,"0.31986805555555553,0.261530303030303,0.35165740740740736,0.1,0.5,0.12319264766665551","0,0,0"
39.5,110,AV,1,0,0,85,1718.6657268339234,0.4,-7.357302647468684,"0.3946449275362319,0.3314404761904763,0.38859649122807016,0.4,0.85,0.08265475376818426","0,0,0"
33.96666666666667,123,AV,1,0,0,65,1922.439846447592,0.4,-7.095845803131638,"0.3660119047619048,0.3297453183520599,0.37313768115942025,0.4,0.65,0.09245473954670083","0,0,0"
17.166666666666668,17,AV,1,0,0,12,601.3137559373858,0.7,-2.3246936785810406,"0.26595977011494254,0.2772610441767069,0.34725925925925927,0.7,0.12,0.028918619635236016","0,0,0"
15.333333333333334,265,AV,1,0,0,8,6248.181898567973,1.0,-24.693296913647032,"0.31446666666666667,0.270860824742268,0.37778703703703703,1.0,0.08,0.3004900419328989","0,0,0"
15.816666666666666,201,AV,0,0,0,8,3458.1247672483346,0.3,-4.143636873887209,"0.2878166666666666,0.2843977272727272,0.3743030303030303,0.3,0.08,0.16630950781983606","0,0,0"
53.43333333333333,175,AV,0,0,0,87,2942.323800284961,0.2,-7.940311535112445,"0.2997115384615385,0.27721264367816095,0.3245123456790123,0.2,0.87,0.1415034031468308","0,0,0"
17.816666666666666,3,AV,1,0,0,16,457.16351791608827,0.3,-1.117055303853912,"0.2285,0.24278464419475662,0.3176858974358974,0.3,0.16,0.021986089217454062","0,0,0"
42.233333333333334,247,AV,1,0,0,96,5064.807770076448,0.1,-5.9016089601741255,"0.3317559523809524,0.3039888888888889,0.3629166666666667,0.1,0.96,0.24357874401210303","0,0,0"
30.916666666666668,224,AV,1,0,0,58,4223.122456076251,0.2,-7.094185316516369,"0.3413166666666666,0.3010975177304964,0.3475,0.2,0.58,0.20310008007368746","0,0,0"
16.883333333333333,219,AV,1,0,0,11,3987.5502105766736,0.3,-5.6002378324673865,"0.25823684210526315,0.2630631578947369,0.33265,0.3,0.11,0.1917708462137355","0,0,0"
33.71666666666667,174,AV,2,0,0,36,2909.5116230827134,0.4,-9.908993288714361,"0.372280303030303,0.277125,0.3467583333333333,0.4,0.36,0.13992538690731113","0,0,0"
36.15,88,AV,1,0,0,76,1460.106853854364,0.1,-1.8329005749200826,"0.34483333333333327,0.33239634146341457,0.39738888888888885,0.1,0.76,0.07022003790282866","0,0,0"
48.35,60,AV,0,0,0,75,1017.530975349866,0.5,-6.211821042697729,"0.29198924731182796,0.25884249084249084,0.3761481481481481,0.5,0.75,0.048935503225503364","0,0,0"
39.53333333333333,163,AV,1,0,0,90,2580.565825479665,0.3,-8.228664315704249,"0.24863690476190478,0.2324875886524823,0.32942592592592596,0.3,0.9,0.12410559514707999","0,0,0"
40.05,255,AV,1,0,0,90,5654.280440205098,0.1,-6.218533627025611,"0.33401010101010103,0.3145894308943089,0.39409333333333335,0.1,0.9,0.2719278974523786","0,0,0"
29.516666666666666,142,AV,0,0,0,31,2193.4249838744518,0.5,-8.174569963050617,"0.26870666666666665,0.28191065292096223,0.32281481481481483,0.5,0.31,0.10548706425018813","0,0,0"
23.733333333333334,14,AV,1,0,0,31,571.0932451196882,0.6,-2.5536282349758483,"0.2887839506172839,0.25632234432234435,0.33681060606060603,0.6,0.31,0.027465242843352784","0,0,0"
30.916666666666668,240,AV,1,0,0,60,4705.31956239884,0.6,-22.541332798610732,"0.3766746031746031,0.30106535947712415,0.3388039215686274,0.6,0.6,0.2262900945532605","0,0,0"
38.95,200,AV,2,0,0,61,3456.1529418207683,0.6,-20.39653895210893,"0.3673863636363637,0.30973837209302324,0.35873717948717954,0.6,0.61,0.1662146780093356","0,0,0"
27.983333333333334,48,AV,1,0,0,49,923.9636394510808,0.1,-1.1529187502686722,"0.336611111111111,0.29414444444444443,0.3577068965517241,0.1,0.49,0.04443562579808411","0,0,0"
42.18333333333333,212,AV,2,0,0,71,3822.7735841463273,0.4,-16.288619430091504,"0.25182777777777776,0.26936254295532647,0.34525641025641024,0.4,0.71,0.18384634334403438","0,0,0"
44.81666666666667,162,AV,0,0,0,69,2574.4307659940623,0.1,-2.9135708458577585,"0.3059712643678161,0.2729981884057971,0.3557807017543859,0.1,0.69,0.12381054543309646","0,0,0"
29.633333333333333,275,AV,1,0,0,54,7658.5640246764915,0.2,-11.962059626157242,"0.2725526315789474,0.2917489959839358,0.3217894736842105,0.2,0.54,0.3683186985078447","0,0,0"
41.86666666666667,69,AV,0,0,0,57,1150.2916000513435,0.1,-1.2161332067882893,"0.236,0.24483943089430896,0.3195733333333333,0.1,0.57,0.05532027984231857","0,0,0"
20.616666666666667,185,AV,1,0,0,22,3048.604611013583,1.0,-16.37173360195203,"0.3295625,0.2930240740740741,0.3644907407407408,1.0,0.22,0.14661470204800806","0,0,0"
28.816666666666666,166,AV,1,0,0,47,2675.3892374750885,0.1,-2.446863632825938,"0.2810714285714285,0.24748314606741575,0.3365797101449275,0.1,0.47,0.1286658802843062","0,0,0"
26.066666666666666,223,AV,1,0,0,47,4090.160813256426,1.0,-27.423449124297353,"0.2858827160493827,0.2722796296296297,0.38152500000000006,1.0,0.47,0.19670563601379967","0,0,0"
18.466666666666665,15,AV,1,0,0,17,572.7967315704935,0.6,-2.102673683283098,"0.3244444444444444,0.25704432624113477,0.3344,0.6,0.17,0.027547167589358008","0,0,0"
21.35,78,AV,1,0,0,24,1291.2118623687816,0.4,-3.2845831577346956,"0.28272619047619046,0.27201228070175437,0.33652941176470585,0.4,0.24,0.062097472987522495","0,0,0"
43.15,109,AV,0,0,0,66,1684.196745492046,0.1,-1.8351790294944896,"0.2716466666666667,0.24940888888888893,0.31234057971014495,0.1,0.66,0.08099705784688291","0,0,0"
25.916666666666668,231,AV,1,0,0,36,4572.8741748457805,0.1,-3.4927690832850122,"0.2944294871794872,0.2750463917525773,0.320578431372549,0.1,0.36,0.21992047844641197","0,0,0"
54.88333333333333,279,AV,0,0,0,95,8331.964781214912,0.3,-34.642878818864524,"0.2507833333333333,0.2535980392156863,0.31464666666666663,0.3,0.95,0.4007041547661289","0,0,0"
34.083333333333336,221,AV,1,0,0,69,4034.238052294327,0.3,-10.916687900179166,"0.2261604938271605,0.22839147286821704,0.30885087719298243,0.3,0.69,0.19401617641430308","0,0,0"
49.93333333333333,155,AV,0,0,0,86,2472.005569054355,0.2,-6.234115054618559,"0.3030652173913043,0.29727719298245614,0.36431818181818193,0.2,0.86,0.11888467223941558","0,0,0"
16.033333333333335,44,AV,1,0,0,8,859.2772315809713,0.8,-3.283248137309409,"0.29192666666666667,0.26697108843537415,0.3374901960784314,0.8,0.08,0.041324701415771756","0,0,0"
31.1,115,AV,0,0,0,37,1830.3424648913517,0.5,-7.1873296285506365,"0.21519753086419754,0.22126937984496123,0.310641975308642,0.5,0.37,0.08802555574651609","0,0,0"
26.133333333333333,235,AV,0,0,0,26,4635.813442599864,0.1,-3.0593246961265104,"0.3444298245614036,0.31641166666666665,0.35820634920634914,0.1,0.26,0.222947378673338","0,0,0"
28.666666666666668,1,AV,1,0,0,53,437.5592869272848,0.1,-0.8167516723547685,"0.2205666666666667,0.23123694779116463,0.3070227272727273,0.1,0.53,0.0210432747655832","0,0,0"
55.016666666666666,199,AV,0,0,0,96,3414.9419898187493,0.2,-9.488824502013209,"0.31460416666666663,0.30232128514056233,0.3604313725490196,0.2,0.96,0.1642327445611401","0,0,0"
51.766666666666666,177,AV,0,0,0,87,2953.464044858564,0.2,-7.7217671071807255,"0.2841811594202899,0.2741326530612245,0.34361403508771937,0.2,0.87,0.14203916420715332","0,0,0"
38.05,112,AV,0,0,0,54,1799.695682844959,0.2,-3.4585060975884185,"0.2860641025641025,0.28014403292181067,0.37532051282051276,0.2,0.54,0.0865516785496407","0,0,0"
17.233333333333334,245,AV,0,0,0,13,4950.077303955518,0.9,-19.38780277382578,"0.3344,0.2745549828178694,0.3434202898550725,0.9,0.13,0.23806108093261413","0,0,0"
29.75,292,AV,2,0,0,33,13079.31179296209,0.3,-29.477994381865315,"0.30583333333333335,0.2568976897689769,0.33936507936507937,0.3,0.33,0.6290154500817918","0,0,0"
33.28333333333333,65,AV,1,0,0,60,1111.987968807459,0.2,-2.369225567094693,"0.32307575757575757,0.3026263157894736,0.3618695652173913,0.2,0.6,0.05347816641708441","0,0,0"
29.733333333333334,104,AV,1,0,0,53,1588.8002265047048,0.1,-1.692937543806563,"0.20424747474747473,0.2584317269076305,0.33056349206349195,0.1,0.53,0.07640921062090368","0,0,0"
18.816666666666666,173,AV,2,0,0,0,2857.8751728516777,0.1,-1.3579718308710202,"0.25675333333333333,0.2973046594982079,0.36473076923076925,0.1,0.0,0.13744206626346972","0,0,0"
17.6,35,AV,1,0,0,13,806.3598325453933,1.0,-4.083821477979526,"0.32271264367816094,0.25550588235294114,0.3344,1.0,0.13,0.03877977687399022","0,0,0"
36.333333333333336,99,AV,0,0,0,50,1552.9853059451273,0.2,-2.8497541809430786,"0.26494166666666663,0.28087293729372936,0.3328245614035088,0.2,0.5,0.074686785256937","0,0,0"
