travel_time,id,kind,action,bid_route_0,bid_route_1,bid_route_2,karma_balance,origin,destination,start_time,income,urgency,reward
20.5,122,AV,1,1,3,6,9,0,0,45,3942.222625638348,0.2,-4.1000000000000005
39.233333333333334,247,AV,1,2,6,3,0,0,0,78,2612.3907844155665,0.8,-31.38666666666667
6.716666666666667,58,AV,0,8,2,8,1,0,0,20,19040.472291926453,0.8,-5.373333333333334
28.533333333333335,260,AV,1,1,8,6,1,0,0,56,679.8949342204361,0.8,-22.826666666666668
29.3,160,AV,1,3,7,7,3,0,0,56,10213.823531357188,0.3,-8.79
76.61666666666666,264,AV,0,6,1,5,1,0,0,58,4639.089550420253,0.3,-22.984999999999996
48.78333333333333,186,AV,0,4,9,5,11,0,0,46,10838.007207066395,0.2,-9.756666666666668
32.96666666666667,142,AV,0,4,3,4,2,0,0,41,4934.883137056144,0.1,-3.296666666666667
27.366666666666667,141,AV,2,1,0,1,7,0,0,37,3119.7161673652217,0.2,-5.473333333333334
30.783333333333335,298,AV,2,0,1,5,2,0,0,46,2761.3662775036096,0.6,-18.47
25.75,98,AV,1,2,5,4,1,0,0,49,2675.3892374750885,0.3,-7.725
43.583333333333336,147,AV,0,3,7,0,9,0,0,44,2030.86588445069,0.2,-8.716666666666667
106.7,125,AV,0,3,8,4,6,0,0,68,863.3540159882258,0.6,-64.02
21.683333333333334,99,AV,1,0,3,6,8,0,0,46,777.0630287344238,0.1,-2.1683333333333334
96.0,132,AV,0,5,8,2,14,0,0,63,5721.231751015957,0.3,-28.799999999999997
38.55,271,AV,0,6,6,9,4,0,0,42,3169.820795106812,0.1,-3.855
23.95,103,AV,1,0,7,2,5,0,0,48,1386.7650627050614,0.3,-7.185
16.933333333333334,20,AV,1,0,5,1,1,0,0,35,3480.90175047103,0.2,-3.3866666666666667
27.683333333333334,32,AV,2,1,0,3,3,0,0,37,2458.2611968747465,0.1,-2.7683333333333335
21.2,4,AV,1,0,4,0,3,0,0,45,7612.519032757181,0.4,-8.48
108.33333333333333,151,AV,0,3,7,0,4,0,0,68,2015.5588757501516,0.3,-32.5
27.383333333333333,144,AV,2,3,1,1,10,0,0,40,4015.909421979459,0.2,-5.476666666666667
21.466666666666665,234,AV,1,1,8,5,0,0,0,45,7177.938863287724,0.2,-4.293333333333333
29.966666666666665,14,AV,2,0,0,4,2,0,0,43,2398.572127464108,1.0,-29.966666666666665
29.05,22,AV,1,2,6,3,1,0,0,56,1373.5659577718477,0.2,-5.8100000000000005
87.45,57,AV,0,3,2,5,8,0,0,60,3398.605365942332,0.1,-8.745000000000001
62.733333333333334,124,AV,0,8,3,1,1,0,0,53,2044.1603053436156,0.1,-6.273333333333333
78.4,162,AV,0,5,6,5,8,0,0,59,4227.85786318916,0.3,-23.52
108.45,42,AV,0,9,4,2,2,0,0,68,3773.073658575576,0.1,-10.845
113.48333333333333,50,AV,0,7,7,5,1,0,0,73,4572.8741748457805,0.1,-11.348333333333334
6.583333333333333,91,AV,0,5,1,9,5,0,0,20,2744.255474143275,0.2,-1.3166666666666667
98.13333333333334,137,AV,0,9,4,2,13,0,0,63,4196.147454418583,0.2,-19.62666666666667
103.13333333333334,217,AV,0,3,3,4,5,0,0,66,1446.9812594843625,0.1,-10.313333333333334
22.416666666666668,279,AV,1,0,4,6,4,0,0,46,477.1303205766694,0.4,-8.966666666666667
25.9,277,AV,1,0,5,0,4,0,0,50,3608.770587345788,0.2,-5.18
35.43333333333333,207,AV,2,2,0,2,5,0,0,52,4609.601315671212,0.1,-3.543333333333333
80.18333333333334,120,AV,0,3,1,1,3,0,0,59,2965.4163440895786,0.3,-24.055
80.28333333333333,200,AV,0,5,6,5,1,0,0,59,9280.176126726552,0.2,-16.05666666666667
105.05,203,AV,0,6,6,6,5,0,0,66,4376.119511966378,0.1,-10.505
62.733333333333334,291,AV,0,6,0,6,7,0,0,54,5911.733280178027,0.2,-12.546666666666667
41.6,77,AV,2,1,2,5,5,0,0,64,857.6590975250949,0.3,-12.48
17.266666666666666,44,AV,1,0,3,0,2,0,0,38,742.4887258523852,1.0,-17.266666666666666
87.35,71,AV,0,4,0,5,1,0,0,60,2780.081336731352,0.2,-17.47
34.583333333333336,267,AV,1,3,4,6,2,0,0,70,2744.8905386527767,0.2,-6.916666666666668
26.866666666666667,129,AV,1,0,4,4,1,0,0,55,1046.6558973464134,0.2,-5.373333333333334
39.78333333333333,135,AV,2,2,1,4,1,0,0,59,2456.6540037696086,0.1,-3.9783333333333335
39.88333333333333,128,AV,0,7,3,7,7,0,0,43,8326.33528790118,0.4,-15.953333333333333
10.266666666666667,228,AV,0,7,6,2,12,0,0,24,2927.9701715656583,0.3,-3.08
71.53333333333333,78,AV,0,6,8,1,7,0,0,57,802.5586880039084,0.1,-7.153333333333333
36.4,116,AV,1,0,3,5,3,0,0,72,2052.607856914241,0.4,-14.56
30.983333333333334,249,AV,1,0,5,2,1,0,0,61,4504.939201911708,0.1,-3.0983333333333336
22.266666666666666,45,AV,0,8,6,8,0,0,0,36,3667.3634505223554,0.2,-4.453333333333333
116.9,112,AV,0,6,1,0,4,0,0,85,3427.0421228311798,0.1,-11.690000000000001
24.9,47,AV,1,2,9,9,2,0,0,52,2239.257430619588,0.2,-4.98
37.71666666666667,208,AV,2,2,1,2,5,0,0,55,2756.9260540590044,0.3,-11.315
113.55,262,AV,0,6,6,6,1,0,0,75,2964.6777926145683,0.4,-45.42
23.183333333333334,190,AV,2,0,3,2,13,0,0,32,506.5869000089976,0.2,-4.636666666666667
69.8,101,AV,0,8,4,1,5,0,0,56,1530.6528609905624,0.1,-6.98
36.88333333333333,89,AV,1,1,8,9,5,0,0,75,1564.487892525026,0.3,-11.065
69.78333333333333,179,AV,0,3,0,0,3,0,0,56,979.573716991658,1.0,-69.78333333333333
32.21666666666667,243,AV,2,1,1,5,5,0,0,46,4459.768546990965,0.3,-9.665000000000001
82.06666666666666,240,AV,0,7,2,5,1,0,0,59,2417.357356239525,0.2,-16.413333333333334
38.166666666666664,268,AV,2,1,2,4,7,0,0,55,670.158540600369,0.7,-26.716666666666665
21.116666666666667,297,AV,2,0,1,0,5,0,0,23,1249.5878531833848,0.2,-4.223333333333334
38.03333333333333,59,AV,2,1,2,8,8,0,0,55,6020.57275324985,0.1,-3.8033333333333332
31.8,145,AV,2,0,3,3,6,0,0,48,2645.062412614309,0.6,-19.08
71.51666666666667,215,AV,0,5,4,8,7,0,0,56,13460.811009378149,0.3,-21.455
25.516666666666666,118,AV,2,1,1,1,7,0,0,36,863.5619359671642,0.7,-17.861666666666665
57.56666666666667,193,AV,0,8,7,2,0,0,0,50,3257.969850357721,0.2,-11.513333333333335
15.366666666666667,28,AV,1,2,4,9,12,0,0,25,3323.1633986738134,0.1,-1.5366666666666668
22.533333333333335,159,AV,0,4,0,4,5,0,0,36,497.26542980048754,0.1,-2.2533333333333334
36.666666666666664,293,AV,2,2,0,8,0,0,0,54,1507.5005543882637,0.2,-7.333333333333333
15.516666666666667,105,AV,0,5,4,4,1,0,0,28,969.457736312404,0.2,-3.1033333333333335
4.933333333333334,24,AV,0,8,3,8,6,0,0,17,837.3801312568858,0.6,-2.96
31.233333333333334,187,AV,0,8,2,8,6,0,0,40,388.2787303527966,0.6,-18.74
21.466666666666665,26,AV,1,3,8,9,2,0,0,42,3024.224513765153,0.5,-10.733333333333333
23.95,154,AV,0,3,1,6,8,0,0,37,2421.832203454489,0.2,-4.79
115.56666666666666,197,AV,0,9,3,0,3,0,0,79,1659.6531244520008,0.3,-34.669999999999995
36.833333333333336,199,AV,2,2,0,3,8,0,0,57,2533.2754137277425,0.4,-14.733333333333334
42.21666666666667,172,AV,2,0,3,0,7,0,0,63,597.1498506777683,0.1,-4.221666666666667
15.633333333333333,284,AV,1,0,5,5,1,0,0,32,5009.92015912814,0.1,-1.5633333333333335
28.483333333333334,239,AV,1,0,4,3,8,0,0,55,2108.868816674547,0.4,-11.393333333333334
14.033333333333333,166,AV,1,2,4,3,2,0,0,24,1541.4014724042315,0.1,-1.4033333333333333
26.166666666666668,97,AV,1,2,5,4,1,0,0,54,2239.194506681481,0.4,-10.466666666666669
34.6,290,AV,0,5,6,5,5,0,0,41,7864.29237148983,0.8,-27.680000000000003
88.96666666666667,275,AV,0,4,3,7,7,0,0,60,2472.005569054355,0.2,-17.793333333333333
35.68333333333333,2,AV,1,2,5,4,2,0,0,70,4662.282088415262,0.2,-7.136666666666667
16.3,25,AV,1,0,3,6,3,0,0,36,4968.170350229253,0.2,-3.2600000000000002
30.133333333333333,108,AV,2,1,2,6,7,0,0,46,6248.181898567973,0.4,-12.053333333333335
31.416666666666668,73,AV,1,1,9,6,1,0,0,60,539.5213747330826,0.3,-9.425
17.783333333333335,241,AV,1,2,6,3,1,0,0,35,457.16351791608827,0.2,-3.556666666666667
28.966666666666665,222,AV,1,2,5,4,10,0,0,51,1205.4292211271013,0.7,-20.276666666666664
34.3,29,AV,2,1,3,5,0,0,0,50,3971.0791127863904,0.1,-3.4299999999999997
45.416666666666664,255,AV,2,1,1,8,1,0,0,83,776.0711537761008,0.2,-9.083333333333334
17.2,109,AV,1,2,6,5,2,0,0,26,1454.957177165027,0.7,-12.04
17.916666666666668,184,AV,1,0,6,5,0,0,0,37,419.7646265090227,0.1,-1.791666666666667
12.55,272,AV,1,0,5,1,18,0,0,18,1434.4967426379471,1.0,-12.55
66.4,287,AV,0,5,9,8,12,0,0,55,1447.5744631551047,0.3,-19.92
89.13333333333334,258,AV,0,6,3,5,0,0,0,60,8975.220492497892,0.3,-26.740000000000002
29.616666666666667,119,AV,0,7,1,6,14,0,0,39,4635.813442599864,0.3,-8.885
24.033333333333335,100,AV,0,4,7,1,9,0,0,37,1639.6236094811811,0.3,-7.21
30.3,52,AV,1,1,8,8,2,0,0,60,1475.2077210572677,0.2,-6.0600000000000005
20.65,80,AV,0,5,1,3,11,0,0,33,1038.299283744561,0.2,-4.13
26.483333333333334,140,AV,2,1,1,6,1,0,0,38,5307.329693361759,0.1,-2.6483333333333334
41.516666666666666,253,AV,0,5,3,3,19,0,0,43,3508.846318545673,0.1,-4.151666666666666
82.36666666666666,283,AV,0,4,3,1,1,0,0,59,2966.188350320237,0.2,-16.473333333333333
101.21666666666667,127,AV,0,6,7,6,1,0,0,65,870.7377108213431,0.1,-10.121666666666668
34.65,149,AV,2,2,1,9,7,0,0,48,6563.608435155774,0.1,-3.465
41.11666666666667,41,AV,2,0,2,0,20,0,0,54,449.0833195935783,0.3,-12.334999999999999
12.233333333333333,130,AV,1,2,9,6,2,0,0,14,4705.31956239884,0.1,-1.2233333333333334
25.833333333333332,285,AV,0,8,9,8,2,0,0,38,676.2529471816457,0.7,-18.083333333333332
34.65,178,AV,0,6,0,2,11,0,0,41,981.8973671489576,0.2,-6.93
11.8,227,AV,0,6,6,0,13,0,0,25,3046.5766145774583,0.3,-3.54
73.15,237,AV,0,6,0,7,9,0,0,57,2011.9739719035176,0.4,-29.260000000000005
35.38333333333333,280,AV,1,2,4,1,4,0,0,69,567.550811201735,0.3,-10.615
18.25,106,AV,1,3,4,7,3,0,0,41,4967.653125719208,0.2,-3.6500000000000004
31.833333333333332,181,AV,1,1,3,8,7,0,0,59,5670.319740923212,0.7,-22.28333333333333
32.016666666666666,218,AV,2,1,2,5,3,0,0,41,3032.1279287666234,0.3,-9.604999999999999
17.083333333333332,121,AV,1,1,3,3,6,0,0,36,4113.319853961603,0.1,-1.7083333333333333
48.833333333333336,192,AV,2,0,2,4,5,0,0,71,1141.0395517097602,0.1,-4.883333333333334
31.3,133,AV,0,4,3,0,1,0,0,40,2360.1328348572283,0.4,-12.520000000000001
17.283333333333335,82,AV,0,5,5,4,2,0,0,28,623.7253316558669,0.6,-10.370000000000001
33.35,171,AV,1,2,5,4,6,0,0,60,1592.2311391495805,0.4,-13.340000000000002
23.283333333333335,221,AV,1,1,4,0,5,0,0,47,1150.2916000513435,0.2,-4.656666666666667
32.93333333333333,92,AV,0,4,0,5,9,0,0,40,3225.188153267811,0.1,-3.293333333333333
21.766666666666666,31,AV,1,2,4,1,16,0,0,46,5825.994272151124,0.4,-8.706666666666667
73.33333333333333,161,AV,0,9,6,5,3,0,0,57,2667.9339807116767,0.3,-21.999999999999996
39.733333333333334,164,AV,2,0,3,5,27,0,0,53,5200.876525735832,1.0,-39.733333333333334
32.45,8,AV,1,1,5,6,6,0,0,62,5862.8833826120845,0.2,-6.490000000000001
23.616666666666667,167,AV,1,1,6,1,3,0,0,47,586.8516376274475,0.6,-14.17
59.4,180,AV,0,5,2,1,1,0,0,50,1823.811293294481,0.4,-23.76
29.45,261,AV,2,1,2,5,9,0,0,40,1485.5718097438446,0.3,-8.834999999999999
36.36666666666667,176,AV,0,5,1,6,5,0,0,42,1799.695682844959,0.2,-7.273333333333333
34.666666666666664,74,AV,1,3,4,5,2,0,0,70,3773.692032315799,0.4,-13.866666666666667
40.266666666666666,256,AV,2,1,1,4,2,0,0,63,2164.09247058771,0.2,-8.053333333333333
36.416666666666664,170,AV,0,4,8,0,4,0,0,42,1265.4739572733297,0.8,-29.133333333333333
99.51666666666667,183,AV,0,4,6,5,5,0,0,64,2891.134206742707,0.2,-19.903333333333336
45.45,250,AV,2,2,0,3,4,0,0,65,6081.635477498837,0.1,-4.545000000000001
19.983333333333334,62,AV,1,0,3,0,3,0,0,42,5611.673516276995,0.3,-5.995
25.3,281,AV,1,2,7,4,1,0,0,52,583.3206434887895,0.1,-2.5300000000000002
14.166666666666666,266,AV,1,2,8,3,6,0,0,30,632.5893922142865,1.0,-14.166666666666666
19.55,69,AV,1,3,6,1,0,0,0,41,5304.212874057136,0.4,-7.82
110.11666666666666,70,AV,0,8,0,3,1,0,0,68,2857.6088215719105,0.6,-66.07
20.416666666666668,35,AV,1,2,3,4,7,0,0,44,9030.678864893336,0.1,-2.041666666666667
30.566666666666666,220,AV,2,3,2,2,16,0,0,42,6031.594525491932,0.1,-3.0566666666666666
38.0,134,AV,2,1,1,6,2,0,0,59,3245.380745418587,0.8,-30.400000000000002
55.88333333333333,7,AV,0,3,9,9,8,0,0,49,1822.2981036688468,0.4,-22.353333333333335
35.81666666666667,94,AV,1,1,5,0,3,0,0,76,1564.4426034616197,0.1,-3.581666666666667
96.26666666666667,254,AV,0,3,7,5,4,0,0,62,13351.937436366714,0.2,-19.253333333333334
92.68333333333334,19,AV,0,7,8,1,4,0,0,61,12197.400506638176,0.1,-9.268333333333334
60.766666666666666,276,AV,0,6,8,6,3,0,0,52,2123.4400354784907,0.3,-18.23
53.88333333333333,67,AV,0,3,6,1,3,0,0,48,3301.717979419838,0.2,-10.776666666666667
112.16666666666667,295,AV,0,7,2,8,3,0,0,72,1927.298426803608,0.3,-33.65
83.73333333333333,152,AV,0,3,3,4,5,0,0,59,892.1845339920479,0.4,-33.49333333333333
13.683333333333334,9,AV,1,2,5,3,0,0,0,19,3824.993837156676,0.1,-1.3683333333333334
32.71666666666667,219,AV,1,1,4,1,2,0,0,61,5557.427333357366,0.6,-19.63
34.4,30,AV,1,0,5,4,9,0,0,64,6007.794801579103,0.7,-24.08
18.283333333333335,292,AV,1,2,7,5,1,0,0,38,3958.913906791885,0.1,-1.8283333333333336
29.466666666666665,163,AV,1,2,3,0,2,0,0,59,1167.011530479414,0.4,-11.786666666666667
18.866666666666667,296,AV,1,1,5,1,0,0,0,41,1068.5648373754009,0.4,-7.546666666666667
17.183333333333334,39,AV,1,2,4,2,12,0,0,36,2838.632091159661,0.3,-5.155
16.616666666666667,185,AV,1,0,5,5,3,0,0,37,1579.1767070066765,0.8,-13.293333333333335
23.633333333333333,38,AV,1,1,9,1,9,0,0,46,1832.3133019091129,0.2,-4.726666666666667
26.083333333333332,150,AV,1,2,3,3,4,0,0,53,7658.5640246764915,0.1,-2.6083333333333334
39.766666666666666,53,AV,2,1,0,1,6,0,0,56,2942.323800284961,0.1,-3.9766666666666666
50.4,177,AV,0,7,7,8,4,0,0,47,3863.855435177377,0.2,-10.08
14.683333333333334,43,AV,1,2,3,5,4,0,0,28,4164.701887555128,0.4,-5.873333333333334
53.93333333333333,11,AV,0,8,4,5,1,0,0,48,1089.3140785512585,0.1,-5.3933333333333335
13.833333333333334,76,AV,1,3,9,7,9,0,0,23,3941.04555698938,0.4,-5.533333333333334
101.38333333333334,54,AV,0,6,9,9,5,0,0,65,2131.3254046090938,0.1,-10.138333333333335
12.016666666666667,242,AV,0,6,0,8,2,0,0,25,2361.523720441912,0.2,-2.4033333333333338
16.45,143,AV,1,3,5,3,0,0,0,31,1682.490559712908,0.1,-1.645
45.31666666666667,123,AV,0,5,2,2,7,0,0,44,7572.106998522375,1.0,-45.31666666666667
5.033333333333333,148,AV,0,9,9,3,2,0,0,17,914.1934345695068,0.3,-1.51
18.833333333333332,229,AV,0,3,1,7,7,0,0,34,6254.49597505133,0.6,-11.299999999999999
27.65,273,AV,0,6,4,9,4,0,0,38,13430.196447392702,0.2,-5.53
38.983333333333334,158,AV,1,3,9,5,3,0,0,85,9095.945853089892,0.1,-3.8983333333333334
119.38333333333334,90,AV,0,3,9,4,9,0,0,83,4549.115907877681,0.1,-11.938333333333334
55.63333333333333,232,AV,0,7,7,5,4,0,0,49,743.7818724069466,0.5,-27.816666666666666
35.35,138,AV,1,0,4,5,7,0,0,66,1848.7234685638712,0.2,-7.07
29.433333333333334,111,AV,1,1,6,1,1,0,0,58,1830.3424648913517,0.5,-14.716666666666667
38.88333333333333,95,AV,2,3,2,5,11,0,0,57,4925.450001742355,0.2,-7.776666666666667
92.55,93,AV,0,5,2,4,2,0,0,61,1391.0507319816634,0.1,-9.255
18.25,257,AV,1,1,9,0,5,0,0,39,1626.914224999384,0.2,-3.6500000000000004
64.56666666666666,88,AV,0,9,9,3,4,0,0,54,8348.421721831439,0.3,-19.369999999999997
12.216666666666667,223,AV,1,2,4,6,10,0,0,11,1546.5147326922538,0.1,-1.2216666666666667
83.9,36,AV,0,4,4,0,1,0,0,59,3065.2253709468137,0.1,-8.39
66.11666666666666,174,AV,0,3,7,5,7,0,0,55,8689.506535985933,0.7,-46.28166666666666
37.25,173,AV,2,1,1,6,5,0,0,55,5064.807770076448,0.1,-3.725
24.9,195,AV,1,2,6,6,1,0,0,50,17693.100214811147,0.3,-7.469999999999999
74.98333333333333,278,AV,0,5,5,5,2,0,0,57,3236.647802754315,0.1,-7.498333333333334
47.05,245,AV,0,7,0,3,0,0,0,44,2909.8477340427667,0.1,-4.705
98.03333333333333,16,AV,0,5,6,6,2,0,0,63,1293.252850487379,0.2,-19.60666666666667
21.3,244,AV,1,0,6,6,1,0,0,46,1703.2333497257905,0.4,-8.520000000000001
25.616666666666667,214,AV,2,0,3,3,11,0,0,31,1411.5824788559885,0.2,-5.123333333333334
45.88333333333333,10,AV,2,1,0,6,2,0,0,76,591.6693204447811,0.2,-9.176666666666668
28.466666666666665,146,AV,1,2,3,4,2,0,0,54,2421.0391237858234,0.2,-5.693333333333333
27.616666666666667,274,AV,1,0,3,6,3,0,0,54,1474.807688008607,0.4,-11.046666666666667
60.95,236,AV,0,7,2,1,0,0,0,52,14312.770160915026,0.5,-30.475
59.36666666666667,113,AV,0,4,4,4,1,0,0,51,2147.781038516846,0.2,-11.873333333333335
26.7,0,AV,1,1,5,3,8,0,0,50,3393.6426315430986,0.6,-16.02
111.8,136,AV,0,8,8,8,0,0,0,72,5913.041300376779,1.0,-111.8
24.6,27,AV,2,2,1,7,10,0,0,30,2035.9911412414244,0.2,-4.920000000000001
25.45,191,AV,2,1,2,7,16,0,0,35,859.2772315809713,0.3,-7.635
15.783333333333333,211,AV,1,1,9,2,2,0,0,34,1592.6375082496468,0.3,-4.734999999999999
43.53333333333333,248,AV,0,6,2,5,8,0,0,43,7897.119961473183,0.2,-8.706666666666667
30.116666666666667,6,AV,1,2,5,5,1,0,0,59,4549.070920567666,0.3,-9.035
91.15,210,AV,0,9,0,0,1,0,0,60,3001.8426729260827,0.3,-27.345000000000002
24.283333333333335,139,AV,1,1,8,5,4,0,0,48,2797.307504072895,0.4,-9.713333333333335
41.65,299,AV,0,5,0,4,9,0,0,43,1538.317647081207,0.2,-8.33
18.6,3,AV,1,1,4,3,4,0,0,41,595.9176043698985,0.1,-1.8600000000000003
76.8,48,AV,0,9,9,1,3,0,0,58,1097.8259349569896,0.1,-7.68
27.983333333333334,188,AV,1,1,3,1,5,0,0,54,2088.64210540395,0.1,-2.798333333333334
32.266666666666666,189,AV,2,2,0,3,2,0,0,40,978.4447105201264,0.1,-3.2266666666666666
46.93333333333333,60,AV,0,3,2,2,3,0,0,45,1496.328062426438,0.9,-42.239999999999995
45.11666666666667,86,AV,0,5,6,5,5,0,0,44,832.4581618945489,0.2,-9.023333333333333
27.65,64,AV,1,1,5,4,0,0,0,55,1022.032321197676,0.3,-8.295
29.45,289,AV,1,1,5,9,7,0,0,55,465.3670128771111,0.5,-14.725
25.416666666666668,175,AV,1,1,6,5,2,0,0,51,541.9839687696077,0.2,-5.083333333333334
85.46666666666667,66,AV,0,7,3,6,10,0,0,59,3387.2787239910285,0.6,-51.28
119.1,155,AV,0,3,5,5,3,0,0,83,2347.541384251396,0.6,-71.46
85.68333333333334,83,AV,0,4,8,7,7,0,0,59,7128.986247371214,0.5,-42.84166666666667
13.7,201,AV,0,3,2,7,9,0,0,25,4416.224882412617,0.2,-2.74
33.88333333333333,212,AV,1,2,3,4,2,0,0,63,437.8567856598078,0.1,-3.3883333333333336
47.666666666666664,259,AV,2,0,2,5,4,0,0,71,11515.391842589095,0.1,-4.766666666666667
27.633333333333333,126,AV,1,0,4,5,2,0,0,50,743.7553910389753,0.3,-8.29
12.483333333333333,115,AV,1,0,3,4,4,0,0,25,1587.6148581174584,0.1,-1.2483333333333333
8.45,21,AV,0,5,2,0,0,0,0,24,763.1985099142711,0.1,-0.845
38.233333333333334,238,AV,0,5,0,2,11,0,0,42,3630.005597296026,0.2,-7.646666666666667
25.483333333333334,165,AV,1,2,6,6,8,0,0,52,3520.054626539052,0.3,-7.645
99.4,51,AV,0,4,1,4,3,0,0,63,1588.8002265047048,0.1,-9.940000000000001
27.85,168,AV,0,4,3,3,2,0,0,37,491.8679742725259,0.2,-5.57
78.41666666666667,68,AV,0,8,5,1,0,0,0,58,8436.938288223368,0.4,-31.36666666666667
34.86666666666667,81,AV,1,0,6,8,5,0,0,70,861.805442805673,0.1,-3.486666666666667
18.233333333333334,23,AV,1,2,4,5,2,0,0,38,4843.3187157075145,0.2,-3.646666666666667
24.95,265,AV,1,0,5,3,0,0,0,49,2574.4307659940623,0.1,-2.495
94.3,12,AV,0,5,1,1,13,0,0,61,5480.041794665195,0.4,-37.72
19.566666666666666,196,AV,2,1,0,1,7,0,0,24,3352.9358316496982,0.4,-7.826666666666667
13.733333333333333,131,AV,0,3,6,1,4,0,0,25,881.2906222289953,0.1,-1.3733333333333333
115.31666666666666,286,AV,0,6,5,4,0,0,0,75,1348.5865378412918,0.1,-11.531666666666666
105.01666666666667,246,AV,0,7,8,5,2,0,0,66,566.7055292848979,0.1,-10.501666666666667
25.733333333333334,13,AV,1,1,5,1,0,0,0,47,904.859336063587,0.6,-15.44
23.016666666666666,85,AV,2,1,2,8,5,0,0,23,4343.557359248321,0.1,-2.3016666666666667
94.51666666666667,34,AV,0,5,6,5,1,0,0,61,3227.056348793521,0.3,-28.355
34.38333333333333,61,AV,1,2,6,6,6,0,0,63,4090.160813256426,0.1,-3.4383333333333335
90.83333333333333,56,AV,0,6,4,1,0,0,0,60,3274.575105225111,0.2,-18.166666666666668
35.61666666666667,110,AV,1,1,8,1,3,0,0,72,649.7132696839626,0.9,-32.055
23.166666666666668,72,AV,1,2,4,6,3,0,0,47,3031.4508351358254,0.4,-9.266666666666667
34.88333333333333,224,AV,2,0,0,6,5,0,0,53,627.4062491148882,0.2,-6.976666666666667
110.06666666666666,84,AV,0,3,3,2,13,0,0,71,1005.9867386644172,1.0,-110.06666666666666
34.71666666666667,230,AV,1,1,3,3,5,0,0,63,1614.9493849180149,0.5,-17.358333333333334
32.21666666666667,270,AV,1,2,5,5,2,0,0,60,5985.732437913218,0.2,-6.443333333333334
75.03333333333333,204,AV,0,4,3,1,2,0,0,57,5051.78348307234,0.1,-7.503333333333334
43.03333333333333,233,AV,2,2,2,7,9,0,0,68,2835.850686157305,0.1,-4.303333333333334
52.2,209,AV,0,6,4,2,3,0,0,47,1074.3823512953045,0.4,-20.880000000000003
23.483333333333334,79,AV,1,1,6,5,5,0,0,48,959.5289757906356,0.4,-9.393333333333334
28.283333333333335,202,AV,1,1,8,8,12,0,0,55,873.8892656114449,1.0,-28.283333333333335
57.4,63,AV,0,4,4,8,4,0,0,49,1530.0661682302475,0.2,-11.48
35.85,107,AV,1,2,4,4,2,0,0,70,513.3463032142733,0.4,-14.340000000000002
10.266666666666667,198,AV,0,7,1,2,11,0,0,24,2619.168197182975,0.4,-4.106666666666667
15.816666666666666,65,AV,1,2,5,4,2,0,0,35,1794.439334206041,0.1,-1.5816666666666668
96.2,156,AV,0,6,3,5,0,0,0,62,1025.7249596144625,0.6,-57.72
64.7,282,AV,0,5,6,6,6,0,0,54,1596.1763216794554,0.2,-12.940000000000001
21.616666666666667,288,AV,1,0,3,3,9,0,0,45,1552.9853059451273,0.1,-2.1616666666666666
12.016666666666667,235,AV,1,1,3,1,10,0,0,18,2648.588416164911,0.5,-6.008333333333334
39.95,114,AV,0,8,8,8,7,0,0,42,1122.7546975855585,0.2,-7.990000000000001
15.433333333333334,263,AV,0,5,3,2,1,0,0,29,15387.119225735782,0.4,-6.173333333333334
47.38333333333333,216,AV,2,1,0,8,0,0,0,78,898.3728471886773,0.2,-9.476666666666667
17.233333333333334,194,AV,0,3,3,4,7,0,0,30,932.0432837729122,0.2,-3.446666666666667
43.68333333333333,205,AV,2,2,0,3,7,0,0,54,1282.6858023855964,0.2,-8.736666666666666
18.383333333333333,153,AV,1,1,5,4,2,0,0,39,1240.6560786390864,0.4,-7.3533333333333335
48.85,231,AV,2,0,0,2,8,0,0,77,1635.9686818612918,0.3,-14.655
47.05,15,AV,2,1,1,2,12,0,0,57,4304.4895651906745,0.2,-9.41
46.53333333333333,117,AV,2,1,0,2,12,0,0,92,5386.149373461946,0.1,-4.653333333333333
8.566666666666666,46,AV,0,7,9,3,6,0,0,21,3438.9188747307694,0.1,-0.8566666666666667
68.15,102,AV,0,9,4,1,3,0,0,55,2344.9936519099742,0.1,-6.815000000000001
19.166666666666668,5,AV,1,0,7,7,2,0,0,41,4547.885280126284,0.3,-5.75
29.683333333333334,49,AV,0,6,9,9,11,0,0,37,7958.958807233507,0.7,-20.778333333333332
103.03333333333333,37,AV,0,7,1,9,14,0,0,67,6130.868263041086,1.0,-103.03333333333333
16.2,182,AV,1,1,8,9,11,0,0,27,4381.240268036911,0.1,-1.62
43.81666666666667,251,AV,2,0,2,0,5,0,0,61,1297.4303329633815,0.4,-17.526666666666667
106.51666666666667,252,AV,0,6,0,7,5,0,0,67,3362.377553451843,0.1,-10.651666666666667
25.8,96,AV,0,6,0,7,4,0,0,37,1261.43865123121,0.1,-2.58
48.666666666666664,17,AV,0,8,9,3,2,0,0,46,3898.759045987068,0.8,-38.93333333333334
50.46666666666667,104,AV,0,8,4,7,7,0,0,46,1020.7360413649084,0.4,-20.186666666666667
12.7,294,AV,1,0,3,5,2,0,0,23,6709.13861087917,0.4,-5.08
36.9,1,AV,1,2,4,1,4,0,0,72,5004.1281918097375,0.1,-3.69
28.166666666666668,169,AV,1,1,4,0,2,0,0,52,646.5589615252754,0.1,-2.816666666666667
15.483333333333333,87,AV,1,2,5,5,6,0,0,28,3849.958431883558,0.6,-9.29
19.483333333333334,213,AV,1,0,6,7,2,0,0,41,1294.2551843223837,0.3,-5.845
13.35,55,AV,1,1,9,1,5,0,0,27,571.0932451196882,0.3,-4.005
20.8,225,AV,0,5,4,4,0,0,0,32,1239.4416864014672,0.2,-4.16
67.93333333333334,40,AV,0,5,0,2,5,0,0,55,11861.36896338871,0.1,-6.793333333333334
37.63333333333333,157,AV,1,1,4,4,6,0,0,80,761.8437659652793,0.1,-3.7633333333333336
40.016666666666666,33,AV,2,0,2,1,16,0,0,56,3251.3322332141274,0.1,-4.001666666666667
34.766666666666666,206,AV,1,1,4,7,3,0,0,65,4754.245589533712,0.1,-3.4766666666666666
116.95,75,AV,0,5,3,5,1,0,0,79,5844.130995646287,0.1,-11.695
19.6,226,AV,1,3,6,5,1,0,0,38,8333.728817076937,0.6,-11.76
52.28333333333333,18,AV,0,5,2,8,19,0,0,47,1141.5133047894662,1.0,-52.28333333333333
19.0,269,AV,0,6,4,6,10,0,0,30,8987.822610831106,0.1,-1.9000000000000001
