travel_time,id,kind,action,bid_route_0,bid_route_1,bid_route_2,karma_balance,origin,destination,start_time,income,urgency,reward
23.266666666666666,44,AV,2,2,6,6,16,0,0,33,10751.672106064549,0.2,-4.653333333333333
17.133333333333333,137,AV,0,8,2,3,8,0,0,40,4968.170350229253,0.1,-1.7133333333333334
29.183333333333334,50,AV,2,0,1,7,8,0,0,44,586.8516376274475,0.1,-2.9183333333333334
45.03333333333333,63,AV,2,0,1,1,4,0,0,89,3863.855435177377,0.1,-4.503333333333333
20.05,84,AV,1,5,8,0,2,0,0,42,9280.176126726552,0.8,-16.040000000000003
38.45,132,AV,2,2,1,5,9,0,0,53,1141.5133047894662,0.2,-7.690000000000001
48.78333333333333,196,AV,2,6,5,1,8,0,0,64,4281.8327360815,0.1,-4.878333333333334
27.6,139,AV,2,4,4,2,8,0,0,33,2318.2944376966047,0.2,-5.5200000000000005
34.833333333333336,118,AV,2,4,2,6,8,0,0,50,3752.1132597063192,0.1,-3.483333333333334
36.05,106,AV,0,9,1,7,0,0,0,58,3933.772930850901,0.1,-3.605
19.166666666666668,104,AV,1,3,8,5,7,0,0,41,5670.319740923212,0.3,-5.75
47.333333333333336,263,AV,2,4,6,9,0,0,0,75,388.2787303527966,0.1,-4.733333333333333
16.916666666666668,287,AV,0,9,1,3,0,0,0,40,2520.718778515204,0.1,-1.6916666666666669
43.016666666666666,103,AV,2,5,2,5,7,0,0,65,4689.4303597647895,0.4,-17.206666666666667
26.466666666666665,220,AV,2,6,3,4,11,0,0,34,1723.69240549938,0.2,-5.293333333333333
38.36666666666667,148,AV,2,2,1,5,9,0,0,66,1150.2916000513435,0.2,-7.673333333333334
21.55,252,AV,2,2,6,7,7,0,0,29,1022.032321197676,0.8,-17.240000000000002
32.31666666666667,134,AV,1,4,9,1,0,0,0,65,2645.062412614309,0.1,-3.2316666666666674
31.833333333333332,221,AV,1,3,8,3,6,0,0,65,1005.9867386644172,0.2,-6.366666666666667
11.933333333333334,46,AV,0,8,0,0,1,0,0,37,1682.490559712908,0.1,-1.1933333333333334
24.866666666666667,143,AV,2,1,5,9,6,0,0,17,2260.56382504795,0.8,-19.893333333333334
37.0,151,AV,2,6,5,1,8,0,0,57,1234.5997004771,0.2,-7.4
14.633333333333333,81,AV,1,3,8,4,0,0,0,31,597.1498506777683,0.1,-1.4633333333333334
35.38333333333333,100,AV,2,7,0,7,8,0,0,47,2953.464044858564,0.6,-21.23
7.15,10,AV,0,9,7,1,0,0,0,16,2622.7149314101284,0.7,-5.005
42.666666666666664,215,AV,2,4,1,6,6,0,0,56,961.7772661313056,0.1,-4.266666666666667
13.633333333333333,73,AV,0,9,1,7,5,0,0,37,522.440884226393,0.4,-5.453333333333333
15.25,258,AV,0,9,7,8,8,0,0,39,6709.13861087917,0.1,-1.5250000000000001
18.766666666666666,282,AV,1,5,8,7,0,0,0,38,1635.9686818612918,0.7,-13.136666666666665
29.833333333333332,67,AV,2,4,4,5,7,0,0,45,4200.245935785981,0.2,-5.966666666666667
32.516666666666666,58,AV,2,0,4,3,7,0,0,48,4679.48341028673,0.4,-13.006666666666668
43.15,224,AV,0,8,0,0,0,0,0,67,1251.6500609663929,0.4,-17.26
21.133333333333333,228,AV,2,3,3,6,26,0,0,17,2472.005569054355,0.6,-12.68
40.35,192,AV,2,0,1,7,7,0,0,61,8689.506535985933,0.8,-32.28
39.016666666666666,76,AV,2,1,3,0,9,0,0,57,3793.837230001502,0.1,-3.901666666666667
31.066666666666666,129,AV,2,6,3,4,8,0,0,48,2561.5826276178027,0.5,-15.533333333333333
28.466666666666665,198,AV,2,2,0,2,6,0,0,34,1047.1205397958274,1.0,-28.466666666666665
45.63333333333333,141,AV,2,0,0,5,7,0,0,77,541.9839687696077,0.4,-18.253333333333334
32.733333333333334,211,AV,1,3,8,3,7,0,0,65,776.0711537761008,0.2,-6.546666666666667
35.5,45,AV,2,7,6,3,7,0,0,46,6081.635477498837,0.2,-7.1000000000000005
27.583333333333332,61,AV,1,6,9,9,5,0,0,56,381.3218977270381,0.6,-16.549999999999997
43.81666666666667,47,AV,2,3,0,3,3,0,0,81,1594.6992934726818,0.7,-30.671666666666667
26.35,0,AV,2,4,2,5,5,0,0,36,2750.2432356670683,0.1,-2.6350000000000002
34.18333333333333,219,AV,2,1,6,8,1,0,0,50,3958.913906791885,0.2,-6.836666666666666
33.56666666666667,279,AV,2,4,2,7,7,0,0,44,1460.8215047913693,0.5,-16.783333333333335
12.5,286,AV,1,6,9,2,0,0,0,11,4617.971391102537,0.8,-10.0
6.866666666666666,113,AV,0,9,5,1,0,0,0,24,2044.1603053436156,0.1,-0.6866666666666666
41.266666666666666,197,AV,0,8,0,4,2,0,0,66,1997.7276787447236,0.1,-4.126666666666667
27.233333333333334,66,AV,2,6,5,4,8,0,0,35,6020.57275324985,0.2,-5.446666666666667
43.21666666666667,208,AV,0,8,0,2,0,0,0,67,566.7055292848979,0.4,-17.28666666666667
35.083333333333336,142,AV,2,1,3,5,6,0,0,51,7912.643587116454,0.4,-14.033333333333335
28.666666666666668,171,AV,2,7,6,4,7,0,0,42,10450.70686878338,0.2,-5.733333333333334
25.0,276,AV,1,5,8,7,0,0,0,52,3654.013033637752,0.1,-2.5
19.616666666666667,204,AV,1,0,9,7,1,0,0,44,1880.1756700095973,0.1,-1.961666666666667
31.75,294,AV,1,5,8,5,6,0,0,62,13079.31179296209,0.1,-3.1750000000000003
20.25,2,AV,2,1,1,4,5,0,0,22,4687.914961676448,0.1,-2.025
26.633333333333333,195,AV,1,2,8,9,7,0,0,54,2969.8754393798326,0.2,-5.326666666666667
35.86666666666667,146,AV,2,6,2,6,15,0,0,54,2476.7926805910606,0.8,-28.693333333333335
41.733333333333334,80,AV,2,5,2,5,9,0,0,65,1174.3503864217532,0.3,-12.52
41.55,223,AV,2,4,6,9,1,0,0,61,4266.216809230351,0.5,-20.775
43.3,185,AV,2,4,1,6,6,0,0,59,639.9143284368583,0.1,-4.33
38.95,109,AV,2,7,4,3,7,0,0,54,3628.2404526711953,0.1,-3.8950000000000005
29.5,43,AV,2,4,7,4,7,0,0,37,2117.047321722312,0.4,-11.8
32.93333333333333,120,AV,2,4,0,1,10,0,0,49,5341.061461458292,0.2,-6.586666666666666
46.31666666666667,19,AV,0,8,8,9,2,0,0,76,1148.2139867956057,0.6,-27.790000000000003
22.233333333333334,95,AV,0,8,9,7,7,0,0,49,3256.7228478661937,0.1,-2.2233333333333336
29.816666666666666,262,AV,1,6,9,4,9,0,0,62,1830.3424648913517,0.2,-5.963333333333334
19.033333333333335,65,AV,0,8,2,3,1,0,0,41,2538.843693606908,0.1,-1.9033333333333335
36.333333333333336,89,AV,2,3,1,0,6,0,0,54,1111.987968807459,0.1,-3.6333333333333337
19.25,206,AV,1,3,9,8,9,0,0,42,1389.0632502942228,0.1,-1.925
45.5,51,AV,2,7,6,3,11,0,0,60,3508.846318545673,0.5,-22.75
32.13333333333333,140,AV,1,0,8,5,2,0,0,63,863.3540159882258,0.1,-3.2133333333333334
32.63333333333333,275,AV,2,0,1,7,23,0,0,43,1639.6236094811811,0.4,-13.053333333333335
45.2,285,AV,2,2,0,0,10,0,0,61,2198.5025098873134,0.1,-4.5200000000000005
28.5,35,AV,1,1,8,5,0,0,0,59,4381.240268036911,0.2,-5.7
19.683333333333334,8,AV,1,7,8,0,10,0,0,43,2294.767722006211,0.2,-3.936666666666667
41.81666666666667,83,AV,2,2,1,3,8,0,0,55,4412.688598555705,0.2,-8.363333333333335
32.75,194,AV,0,8,4,7,14,0,0,55,4164.701887555128,0.1,-3.2750000000000004
13.1,49,AV,1,0,8,9,1,0,0,31,3866.930621896856,0.1,-1.31
24.15,280,AV,2,3,6,7,7,0,0,33,4577.590037133467,0.5,-12.075
28.466666666666665,6,AV,1,2,8,9,2,0,0,57,1805.1606101798543,0.1,-2.8466666666666667
28.883333333333333,242,AV,1,7,8,0,0,0,0,61,1986.5043233563797,0.1,-2.8883333333333336
18.733333333333334,246,AV,0,9,3,1,0,0,0,41,640.5426603936758,0.5,-9.366666666666667
35.6,64,AV,2,5,5,4,5,0,0,53,1083.524948441525,0.6,-21.36
44.71666666666667,222,AV,0,8,0,2,0,0,0,69,3387.2787239910285,0.5,-22.358333333333334
33.1,24,AV,2,5,4,0,8,0,0,48,863.5619359671642,0.1,-3.3100000000000005
22.4,231,AV,2,4,1,9,9,0,0,24,2043.1688306873104,0.4,-8.959999999999999
43.2,154,AV,2,5,3,2,6,0,0,70,7958.958807233507,0.4,-17.28
34.333333333333336,40,AV,2,2,7,1,15,0,0,50,8348.421721831439,0.6,-20.6
16.05,160,AV,1,0,8,6,7,0,0,33,4707.821121085941,0.5,-8.025
36.0,261,AV,1,5,8,7,0,0,0,79,753.7709081553346,0.1,-3.6
32.78333333333333,265,AV,1,5,8,5,0,0,0,71,20239.22920549412,0.1,-3.2783333333333333
22.85,254,AV,2,6,3,8,1,0,0,31,591.6693204447811,0.1,-2.285
26.083333333333332,107,AV,0,8,4,2,0,0,0,52,3783.636689084741,0.1,-2.6083333333333334
37.93333333333333,218,AV,2,4,1,6,25,0,0,61,2347.541384251396,0.8,-30.346666666666664
10.083333333333334,245,AV,0,8,0,0,3,0,0,30,1475.2077210572677,0.2,-2.016666666666667
25.683333333333334,178,AV,0,8,2,3,0,0,0,52,3773.073658575576,0.3,-7.705
29.2,25,AV,2,6,3,8,7,0,0,43,1275.9312017726234,0.2,-5.84
40.05,162,AV,2,1,3,5,7,0,0,60,2857.712092786687,0.6,-24.029999999999998
41.43333333333333,56,AV,0,8,1,6,0,0,0,66,3398.605365942332,0.7,-29.00333333333333
45.833333333333336,111,AV,2,4,4,4,4,0,0,81,4429.527615460413,0.1,-4.583333333333334
36.68333333333333,36,AV,2,6,3,6,8,0,0,50,2756.9260540590044,0.2,-7.336666666666666
18.333333333333332,251,AV,1,4,8,0,0,0,0,42,2280.385817754286,0.6,-10.999999999999998
34.416666666666664,193,AV,0,8,2,3,2,0,0,56,7658.5640246764915,0.2,-6.883333333333333
15.25,59,AV,0,9,6,3,1,0,0,39,3159.4556453821087,0.6,-9.15
30.8,55,AV,2,4,6,9,10,0,0,44,1822.2981036688468,0.1,-3.08
42.983333333333334,187,AV,2,3,4,9,7,0,0,69,1596.1763216794554,0.5,-21.491666666666667
15.716666666666667,212,AV,1,6,9,1,0,0,0,32,1148.9174546898266,0.1,-1.5716666666666668
19.3,108,AV,1,7,8,0,1,0,0,40,8480.737499651503,0.4,-7.720000000000001
40.28333333333333,3,AV,2,4,5,6,6,0,0,60,3032.1279287666234,0.1,-4.028333333333333
39.483333333333334,156,AV,2,3,0,3,3,0,0,61,5849.7981009167725,0.1,-3.9483333333333337
8.383333333333333,34,AV,0,8,0,6,16,0,0,25,3046.5766145774583,0.2,-1.6766666666666667
15.333333333333334,237,AV,1,7,9,2,7,0,0,32,2158.6935677652164,0.2,-3.066666666666667
40.46666666666667,241,AV,2,5,2,5,6,0,0,46,877.2934597877683,0.3,-12.14
28.7,270,AV,2,4,0,5,7,0,0,43,1496.328062426438,0.4,-11.48
36.03333333333333,122,AV,1,4,8,1,0,0,0,70,3119.7161673652217,0.1,-3.6033333333333335
28.9,272,AV,2,3,4,4,14,0,0,45,837.3801312568858,0.8,-23.12
21.0,48,AV,2,2,3,1,5,0,0,30,1921.5023446668008,0.4,-8.4
29.35,1,AV,0,9,4,7,9,0,0,54,8139.327108000771,0.1,-2.9350000000000005
37.18333333333333,99,AV,1,7,9,2,1,0,0,87,5578.433439706214,0.3,-11.155
38.7,203,AV,2,1,3,0,7,0,0,58,3065.2253709468137,1.0,-38.7
29.116666666666667,243,AV,1,7,8,0,19,0,0,61,3476.696831582168,0.1,-2.911666666666667
22.483333333333334,77,AV,2,6,4,0,7,0,0,25,4967.653125719208,0.5,-11.241666666666667
23.816666666666666,230,AV,0,8,0,6,12,0,0,50,1261.43865123121,0.2,-4.763333333333334
20.716666666666665,291,AV,1,6,8,6,0,0,0,46,3824.993837156676,0.2,-4.1433333333333335
37.016666666666666,159,AV,2,7,6,4,9,0,0,58,3158.0604616132755,0.2,-7.403333333333333
44.45,125,AV,2,1,3,1,16,0,0,73,1294.2551843223837,0.3,-13.335
43.1,91,AV,2,0,0,6,7,0,0,72,1823.811293294481,0.4,-17.240000000000002
32.65,78,AV,2,1,0,4,14,0,0,47,473.5024380788758,0.5,-16.325
35.7,158,AV,2,4,5,6,7,0,0,44,3882.59008652233,0.2,-7.140000000000001
36.766666666666666,11,AV,1,5,8,0,0,0,0,73,7081.334819999852,0.3,-11.03
12.383333333333333,115,AV,1,7,9,0,0,0,0,10,861.805442805673,0.4,-4.953333333333333
22.533333333333335,32,AV,2,1,0,4,16,0,0,19,5051.78348307234,0.5,-11.266666666666667
45.9,94,AV,2,7,0,3,12,0,0,66,3941.04555698938,0.1,-4.59
35.71666666666667,7,AV,2,0,0,5,6,0,0,54,1507.5005543882637,0.5,-17.858333333333334
28.8,186,AV,2,3,4,7,18,0,0,43,2141.869626207308,0.3,-8.64
30.45,5,AV,2,1,5,9,7,0,0,42,3048.604611013583,0.3,-9.135
39.6,234,AV,0,9,3,4,0,0,0,60,985.8695826897422,0.5,-19.8
38.083333333333336,15,AV,2,6,1,0,9,0,0,54,743.7553910389753,0.4,-15.233333333333334
17.716666666666665,27,AV,1,7,9,6,6,0,0,35,1122.7546975855585,0.1,-1.7716666666666665
25.033333333333335,101,AV,1,5,8,0,1,0,0,53,5168.6614957092925,0.1,-2.503333333333334
29.183333333333334,157,AV,2,4,3,4,11,0,0,41,2587.8859091729414,0.8,-23.346666666666668
43.85,163,AV,2,4,4,2,5,0,0,65,5003.647877951615,0.4,-17.540000000000003
43.4,271,AV,2,5,2,5,9,0,0,73,497.26542980048754,0.1,-4.34
40.266666666666666,37,AV,2,7,6,1,12,0,0,58,1541.4014724042315,0.2,-8.053333333333333
22.7,225,AV,2,6,5,4,9,0,0,20,5386.149373461946,0.4,-9.08
17.383333333333333,278,AV,1,5,8,5,2,0,0,38,4196.147454418583,0.5,-8.691666666666666
20.75,117,AV,2,1,7,6,7,0,0,18,881.2906222289953,0.1,-2.075
36.18333333333333,264,AV,0,8,5,5,1,0,0,58,17322.90883950548,0.2,-7.236666666666666
41.63333333333333,116,AV,2,4,1,3,8,0,0,75,3465.4556083993225,0.6,-24.98
30.233333333333334,53,AV,2,4,2,1,8,0,0,34,13430.196447392702,1.0,-30.233333333333334
27.516666666666666,57,AV,2,1,0,4,7,0,0,33,1899.102970895097,0.1,-2.751666666666667
43.7,41,AV,2,4,5,6,7,0,0,67,14754.343640924068,0.5,-21.85
44.55,128,AV,2,7,4,3,7,0,0,63,3531.3895067900216,0.8,-35.64
26.816666666666666,176,AV,2,2,1,8,5,0,0,40,1104.4445206976068,0.1,-2.6816666666666666
37.4,21,AV,2,5,2,5,8,0,0,53,3382.383844415393,0.5,-18.7
27.033333333333335,250,AV,2,4,5,6,8,0,0,32,1150.4391077840953,0.3,-8.11
35.833333333333336,114,AV,1,5,8,0,1,0,0,75,4669.869929992837,0.4,-14.333333333333336
46.45,166,AV,0,9,1,3,0,0,0,72,1052.4070316009115,0.2,-9.290000000000001
32.916666666666664,201,AV,2,5,5,3,5,0,0,52,9030.678864893336,0.1,-3.2916666666666665
37.916666666666664,69,AV,2,2,0,0,6,0,0,59,742.6585956180782,0.1,-3.7916666666666665
29.9,165,AV,1,5,8,7,2,0,0,56,2446.4664131825853,0.5,-14.95
36.083333333333336,155,AV,1,3,8,3,1,0,0,80,877.6907461205365,0.2,-7.216666666666668
20.316666666666666,90,AV,0,9,5,0,7,0,0,47,4227.85786318916,0.6,-12.19
37.86666666666667,30,AV,0,9,7,1,5,0,0,59,5009.92015912814,0.1,-3.786666666666667
45.06666666666667,23,AV,2,3,4,8,0,0,0,89,6031.594525491932,0.1,-4.506666666666667
30.883333333333333,217,AV,0,8,3,8,0,0,0,54,825.4433072334436,0.4,-12.353333333333333
37.083333333333336,60,AV,2,7,7,7,10,0,0,55,2314.8193170712048,0.6,-22.25
46.4,97,AV,2,4,5,6,6,0,0,86,844.3352662229099,0.1,-4.64
37.483333333333334,205,AV,2,0,1,7,7,0,0,56,1293.252850487379,0.1,-3.7483333333333335
32.55,14,AV,1,2,8,6,6,0,0,63,616.3739675020589,0.5,-16.275
44.8,174,AV,0,8,7,9,2,0,0,70,1869.7531794209297,0.3,-13.44
30.1,164,AV,2,6,1,3,13,0,0,45,2629.980017260476,1.0,-30.1
39.333333333333336,71,AV,2,3,3,2,7,0,0,58,7099.697064525982,0.1,-3.9333333333333336
35.96666666666667,13,AV,1,3,8,3,9,0,0,92,18628.94525544202,0.5,-17.983333333333334
24.333333333333332,190,AV,2,1,0,4,7,0,0,15,4376.119511966378,0.4,-9.733333333333334
30.55,20,AV,2,4,4,1,9,0,0,43,3456.1529418207683,0.1,-3.055
17.85,152,AV,1,0,8,8,5,0,0,37,2754.938443140308,0.2,-3.5700000000000003
42.25,4,AV,2,0,0,5,7,0,0,69,979.5720138781878,0.1,-4.2250000000000005
29.2,240,AV,2,3,6,2,13,0,0,40,4021.28082322038,0.1,-2.92
34.86666666666667,227,AV,2,2,7,0,8,0,0,48,818.0604611907775,0.1,-3.486666666666667
49.266666666666666,133,AV,2,1,3,5,6,0,0,69,15387.119225735782,0.4,-19.706666666666667
43.53333333333333,247,AV,2,2,1,8,4,0,0,59,2971.291490045772,0.2,-8.706666666666667
24.716666666666665,31,AV,2,3,6,7,7,0,0,32,2239.257430619588,0.5,-12.358333333333333
32.31666666666667,68,AV,2,4,2,4,7,0,0,50,3024.224513765153,0.2,-6.463333333333335
32.11666666666667,87,AV,2,3,2,3,5,0,0,45,1097.8259349569896,0.1,-3.211666666666667
26.933333333333334,74,AV,2,4,6,0,7,0,0,33,779.2240782816187,0.6,-16.16
22.1,239,AV,0,8,2,0,1,0,0,49,3151.1733449572957,0.1,-2.2100000000000004
39.483333333333334,267,AV,0,8,2,3,7,0,0,65,1546.5147326922538,0.1,-3.9483333333333337
28.716666666666665,210,AV,1,6,9,9,0,0,0,58,14505.369879802229,0.1,-2.8716666666666666
34.68333333333333,257,AV,0,9,8,2,1,0,0,57,636.6552097563458,0.4,-13.873333333333333
24.266666666666666,179,AV,2,3,5,6,8,0,0,35,2401.1770329784995,0.1,-2.4266666666666667
28.616666666666667,202,AV,2,2,7,7,9,0,0,45,912.6272274022258,0.4,-11.446666666666667
22.283333333333335,181,AV,2,7,0,3,9,0,0,2,1391.0507319816634,0.8,-17.826666666666668
38.916666666666664,135,AV,2,4,3,7,7,0,0,55,491.0984231068265,0.1,-3.8916666666666666
24.716666666666665,283,AV,2,1,1,3,5,0,0,29,7332.887514065835,0.2,-4.943333333333333
14.583333333333334,236,AV,1,7,9,5,0,0,0,31,1824.367004680513,0.1,-1.4583333333333335
24.183333333333334,180,AV,2,1,3,0,4,0,0,5,2318.1098695731453,0.9,-21.765
29.133333333333333,238,AV,2,4,5,6,7,0,0,41,1552.9853059451273,0.1,-2.9133333333333336
43.45,199,AV,2,4,5,6,6,0,0,67,2329.0008356791827,0.8,-34.760000000000005
20.833333333333332,102,AV,0,9,8,6,8,0,0,47,627.4062491148882,0.5,-10.416666666666666
40.516666666666666,93,AV,2,5,3,2,10,0,0,65,4116.183110063293,0.3,-12.155
40.45,191,AV,2,7,0,4,14,0,0,61,5557.427333357366,0.8,-32.36000000000001
27.183333333333334,126,AV,2,0,7,0,8,0,0,35,5480.041794665195,0.5,-13.591666666666667
36.6,184,AV,2,2,4,6,10,0,0,45,892.1845339920479,0.1,-3.66
39.833333333333336,28,AV,2,0,1,7,9,0,0,62,1530.0661682302475,0.5,-19.916666666666668
43.333333333333336,213,AV,2,4,1,6,7,0,0,65,4609.601315671212,0.1,-4.333333333333334
33.53333333333333,259,AV,2,4,4,4,16,0,0,51,1490.1599361877834,0.3,-10.059999999999999
46.2,105,AV,2,1,3,5,7,0,0,80,2891.134206742707,0.2,-9.24
31.8,79,AV,1,7,9,2,1,0,0,62,921.9548251796884,0.1,-3.18
29.8,209,AV,1,4,8,0,0,0,0,59,2909.8477340427667,0.2,-5.960000000000001
10.166666666666666,86,AV,0,9,8,5,1,0,0,31,1794.439334206041,0.2,-2.033333333333333
28.366666666666667,232,AV,2,6,5,4,9,0,0,36,1405.7852601227096,0.1,-2.836666666666667
8.4,62,AV,0,8,0,6,0,0,0,25,8028.27043643778,0.1,-0.8400000000000001
27.966666666666665,207,AV,2,7,6,3,7,0,0,34,4416.224882412617,0.2,-5.593333333333334
37.21666666666667,175,AV,2,4,2,7,11,0,0,57,2411.397471856681,0.1,-3.721666666666667
34.71666666666667,110,AV,2,5,7,7,15,0,0,49,1059.8377785859489,0.3,-10.415000000000001
26.283333333333335,169,AV,1,5,8,7,2,0,0,53,2835.850686157305,0.5,-13.141666666666667
44.766666666666666,249,AV,2,6,0,5,7,0,0,67,1444.5182772575097,0.1,-4.476666666666667
37.88333333333333,298,AV,0,8,3,8,1,0,0,59,1993.780724220221,0.1,-3.7883333333333336
30.933333333333334,52,AV,2,1,0,4,6,0,0,45,946.2003450753726,0.5,-15.466666666666667
28.65,18,AV,2,4,5,7,13,0,0,41,1527.6889462703334,0.4,-11.46
41.2,88,AV,2,7,4,5,7,0,0,57,1317.647826688136,0.1,-4.12
38.03333333333333,38,AV,2,3,2,1,10,0,0,51,5307.329693361759,0.3,-11.409999999999998
12.033333333333333,214,AV,0,8,0,0,0,0,0,32,539.5213747330826,0.3,-3.61
34.38333333333333,39,AV,2,2,0,0,7,0,0,44,600.3305173079323,0.3,-10.315
23.5,150,AV,2,0,6,7,7,0,0,27,2857.8751728516777,0.7,-16.45
17.333333333333332,289,AV,1,5,8,0,2,0,0,37,870.7377108213431,0.1,-1.7333333333333334
31.833333333333332,161,AV,2,0,0,5,5,0,0,48,6918.069898529506,0.2,-6.366666666666667
47.3,92,AV,2,6,3,8,0,0,0,74,682.056612603955,0.1,-4.7299999999999995
12.75,292,AV,1,4,8,4,6,0,0,12,2458.2611968747465,0.3,-3.8249999999999997
23.8,172,AV,0,8,0,0,8,0,0,50,6197.036257351283,0.1,-2.3800000000000003
29.9,273,AV,2,7,4,2,17,0,0,38,5144.150368411208,0.3,-8.969999999999999
27.183333333333334,260,AV,1,7,9,6,7,0,0,56,4135.471393234625,0.2,-5.436666666666667
19.15,144,AV,1,5,8,7,6,0,0,41,813.126641713825,0.6,-11.489999999999998
45.38333333333333,256,AV,2,7,6,3,7,0,0,73,5984.209260784091,0.4,-18.153333333333332
38.65,145,AV,2,3,4,7,8,0,0,57,5985.732437913218,0.1,-3.865
32.583333333333336,119,AV,1,5,8,0,2,0,0,63,4343.557359248321,0.1,-3.2583333333333337
23.4,229,AV,1,7,8,2,0,0,0,51,4446.537177105173,0.9,-21.06
13.6,138,AV,0,8,4,2,0,0,0,37,10721.15711953896,0.1,-1.36
46.65,288,AV,2,7,6,4,8,0,0,66,5825.994272151124,0.9,-41.985
39.8,177,AV,2,0,1,1,7,0,0,53,542.8991684878858,0.1,-3.98
35.18333333333333,299,AV,2,2,0,0,11,0,0,53,10426.353459350525,0.1,-3.518333333333333
26.383333333333333,124,AV,2,2,0,0,10,0,0,25,1386.7650627050614,0.4,-10.553333333333335
27.633333333333333,131,AV,0,8,1,6,7,0,0,52,1404.912317929139,0.9,-24.87
29.0,54,AV,2,0,4,3,9,0,0,36,1310.9401185904849,0.1,-2.9000000000000004
40.56666666666667,82,AV,2,6,5,1,8,0,0,59,465.3670128771111,0.1,-4.0566666666666675
12.85,22,AV,1,7,8,0,14,0,0,24,1046.6558973464134,0.2,-2.5700000000000003
25.333333333333332,16,AV,2,7,4,0,7,0,0,39,7130.271245067938,0.1,-2.533333333333333
39.36666666666667,26,AV,2,2,1,2,7,0,0,63,1592.6375082496468,0.7,-27.556666666666665
32.78333333333333,167,AV,0,8,2,0,1,0,0,55,2222.040577514192,0.1,-3.2783333333333333
43.75,295,AV,2,6,3,8,0,0,0,74,3487.44186130441,0.1,-4.375
48.666666666666664,266,AV,2,4,7,1,7,0,0,74,19040.472291926453,0.1,-4.866666666666667
28.316666666666666,33,AV,2,0,1,5,8,0,0,40,8326.33528790118,0.1,-2.831666666666667
39.36666666666667,226,AV,2,1,3,0,6,0,0,51,1659.6531244520008,0.3,-11.81
41.31666666666667,189,AV,2,6,3,8,9,0,0,59,2052.607856914241,0.2,-8.263333333333334
35.25,290,AV,2,2,0,0,3,0,0,45,586.3474640105957,0.1,-3.5250000000000004
47.95,182,AV,2,0,5,2,7,0,0,83,2476.7673195544394,0.5,-23.975
43.53333333333333,284,AV,2,7,4,5,7,0,0,68,4660.29795945294,0.3,-13.059999999999999
31.633333333333333,12,AV,2,6,3,3,9,0,0,49,3031.4508351358254,0.8,-25.30666666666667
27.916666666666668,173,AV,2,0,1,7,8,0,0,25,3942.222625638348,0.2,-5.583333333333334
14.783333333333333,121,AV,1,0,9,1,0,0,0,31,3427.0421228311798,0.1,-1.4783333333333335
15.883333333333333,253,AV,2,1,3,0,10,0,0,0,5611.673516276995,0.5,-7.941666666666666
33.31666666666667,149,AV,1,5,8,0,2,0,0,65,2767.495209174315,0.6,-19.990000000000002
30.833333333333332,42,AV,2,1,0,7,9,0,0,46,2797.307504072895,0.1,-3.0833333333333335
32.0,70,AV,2,4,4,2,7,0,0,50,1929.5758599688188,0.1,-3.2
38.65,170,AV,2,7,0,3,18,0,0,54,4113.319853961603,0.1,-3.865
44.61666666666667,281,AV,2,5,2,5,5,0,0,70,4459.768546990965,0.1,-4.461666666666667
29.2,153,AV,0,8,0,2,0,0,0,53,676.2529471816457,0.1,-2.92
28.483333333333334,9,AV,2,3,4,7,8,0,0,35,1454.957177165027,0.3,-8.545
19.6,123,AV,2,2,1,1,8,0,0,20,658.4091024775607,0.8,-15.680000000000001
14.65,168,AV,1,7,9,9,9,0,0,21,783.6834518391023,0.3,-4.395
10.133333333333333,29,AV,0,9,5,0,16,0,0,30,1567.0706205360798,0.6,-6.079999999999999
45.11666666666667,112,AV,2,2,0,0,6,0,0,65,1592.2311391495805,0.2,-9.023333333333333
22.1,216,AV,1,5,8,7,1,0,0,47,2108.868816674547,0.1,-2.2100000000000004
47.56666666666667,85,AV,2,4,0,5,9,0,0,82,3534.445695738256,0.1,-4.756666666666667
23.516666666666666,188,AV,2,1,3,0,8,0,0,34,2177.5877894542577,0.1,-2.3516666666666666
21.283333333333335,72,AV,2,7,4,3,7,0,0,23,11861.36896338871,0.4,-8.513333333333334
31.85,296,AV,2,1,3,5,10,0,0,48,822.5771428470101,0.2,-6.370000000000001
34.13333333333333,244,AV,2,1,6,7,8,0,0,52,3368.9508766880413,0.2,-6.826666666666667
34.4,98,AV,2,2,2,0,14,0,0,34,4959.361066312568,0.1,-3.44
32.65,268,AV,2,4,5,6,14,0,0,50,2574.4307659940623,0.2,-6.53
14.45,96,AV,1,3,9,6,0,0,0,30,1832.3133019091129,0.1,-1.445
22.05,297,AV,1,7,8,5,11,0,0,48,2815.231094880572,0.3,-6.615
39.36666666666667,235,AV,2,5,2,3,10,0,0,61,5427.330032863625,0.7,-27.556666666666665
23.516666666666666,147,AV,1,3,8,3,0,0,0,51,904.859336063587,0.9,-21.165
34.85,130,AV,2,7,3,4,7,0,0,54,2398.572127464108,0.1,-3.4850000000000003
44.81666666666667,17,AV,2,1,0,1,6,0,0,73,3919.41152379869,0.3,-13.445
31.2,293,AV,2,6,5,4,6,0,0,35,5913.041300376779,0.1,-3.12
22.966666666666665,255,AV,2,2,7,9,6,0,0,20,933.6906207466446,0.2,-4.593333333333333
45.833333333333336,136,AV,2,7,4,3,8,0,0,65,854.5785374972068,0.3,-13.75
42.03333333333333,269,AV,2,6,5,4,8,0,0,68,1950.0200213032829,0.3,-12.61
26.05,183,AV,2,0,0,5,17,0,0,31,4818.617258984985,0.3,-7.8149999999999995
27.716666666666665,75,AV,0,8,6,2,7,0,0,52,7897.119961473183,0.1,-2.7716666666666665
35.71666666666667,233,AV,2,2,7,3,7,0,0,51,2965.4163440895786,0.2,-7.143333333333334
45.7,274,AV,2,1,1,3,8,0,0,81,6563.608435155774,0.1,-4.57
25.816666666666666,277,AV,2,0,1,7,9,0,0,32,1074.3823512953045,0.8,-20.653333333333336
26.283333333333335,200,AV,2,0,2,2,16,0,0,34,8987.033628468456,0.3,-7.885
32.36666666666667,248,AV,1,0,9,1,1,0,0,64,610.4868582393152,0.2,-6.473333333333334
31.0,127,AV,0,8,0,0,0,0,0,54,1945.516475481125,0.1,-3.1
