travel_time,id,kind,action,origin,destination,start_time,income,urgency,reward,observation,cost_table
27.416666666666668,134,AV,1,0,0,52,2046.5713793034688,0.4,-7.1676934662528735,"0.32642261904761904,0.25774222222222226,0.349640625,0.4,0.52,0.09842452245612708","0,0,0"
34.56666666666667,92,AV,1,0,0,71,1475.2077210572677,0.1,-2.787702362572716,"0.2852833333333334,0.2734713541666667,0.3320046296296297,0.1,0.71,0.07094627479744654","0,0,0"
24.066666666666666,213,AV,0,0,0,42,3863.855435177377,0.1,-2.3482353739040964,"0.32049425287356315,0.27193589743589747,0.337695652173913,0.1,0.42,0.18582206801713178","0,0,0"
15.55,4,AV,0,0,0,36,473.5024380788758,0.1,-0.1859334068718818,"0.21657471264367817,0.22843961352657005,0.305609375,0.1,0.36,0.022771867046038015","0,0,0"
43.583333333333336,209,AV,2,0,0,88,3724.6301341612702,0.6,-24.595726769777073,"0.2287708333333333,0.2581175213675213,0.34237931034482755,0.6,0.88,0.17912638962306346","0,0,0"
32.833333333333336,13,AV,1,0,0,73,566.7055292848979,0.9,-5.7288253511032154,"0.27197333333333334,0.25207456140350876,0.31058974358974356,0.9,0.73,0.027254227073231246","0,0,0"
15.833333333333334,267,AV,1,0,0,14,6434.117121135291,0.5,-14.362818318767944,"0.23614583333333333,0.24399374999999998,0.3080972222222222,0.5,0.14,0.3094321123996473","0,0,0"
31.733333333333334,143,AV,2,0,0,42,2198.5025098873134,0.1,-1.7617629540511135,"0.3173623188405798,0.25979775280898876,0.33992261904761906,0.1,0.42,0.10573125464497639","0,0,0"
23.2,216,AV,1,0,0,34,3942.222625638348,0.2,-6.119169945192407,"0.36903125,0.2838403755868545,0.38257619047619046,0.2,0.34,0.18959093402168548","0,0,0"
28.083333333333332,71,AV,1,0,0,48,1200.7903182940884,0.1,-2.351570575052836,"0.29939393939393943,0.26550191570881226,0.339478494623656,0.1,0.48,0.057748884228147654","0,0,0"
32.0,70,AV,1,0,0,64,1167.011530479414,0.1,-2.4430396205894254,"0.34099074074074076,0.27065897435897435,0.35207692307692307,0.1,0.64,0.0561243813676915","0,0,0"
25.35,154,AV,1,0,0,43,2456.6540037696086,0.1,-3.072630782716151,"0.25177083333333333,0.24759166666666665,0.328316091954023,0.1,0.43,0.11814637867321734","0,0,0"
11.983333333333333,286,AV,1,0,0,6,10450.70686878338,1.0,-33.12482423676451,"0.3044090909090909,0.2618975903614458,0.3283190476190476,1.0,0.06,0.5025995395474784","0,0,0"
40.86666666666667,261,AV,2,0,0,75,5984.209260784091,1.0,-61.75623361718263,"0.2936491228070175,0.26900877192982453,0.3499285714285714,1.0,0.75,0.28779496514344177","0,0,0"
23.0,144,AV,2,0,0,0,2212.8825544422834,0.5,-6.426300347496531,"0.21538666666666664,0.2400811403508772,0.33657070707070713,0.5,0.0,0.1064228254509272","0,0,0"
32.63333333333333,239,AV,1,0,0,61,4704.305573257116,0.4,-17.006785037773458,"0.38885119047619054,0.2794829059829059,0.3723888888888889,0.4,0.61,0.2262413293853024","0,0,0"
8.766666666666667,94,AV,0,0,0,10,1496.328062426438,0.3,-0.9937734353993769,"0.29240555555555553,0.2577236286919831,0.35562365591397843,0.3,0.1,0.0719620026310286","0,0,0"
30.816666666666666,18,AV,2,0,0,33,610.4868582393152,0.6,-2.8504803052638734,"0.30785555555555555,0.2659657534246575,0.36164864864864865,0.6,0.33,0.029359776109248604","0,0,0"
27.366666666666667,40,AV,0,0,0,53,827.8499544782503,0.4,-2.2884337125476213,"0.35248550724637684,0.2902644444444445,0.33833730158730146,0.4,0.53,0.03981328834109833","0,0,0"
13.85,296,AV,1,0,0,8,17322.90883950548,0.6,-37.85186173138649,"0.29129310344827586,0.27674882629107983,0.3535735294117647,0.6,0.08,0.833100202280572","0,0,0"
29.883333333333333,93,AV,1,0,0,61,1490.1599361877834,0.4,-5.998075362937198,"0.30990686274509804,0.25172849462365593,0.3575568181818182,0.4,0.61,0.07166536265764283","0,0,0"
39.11666666666667,244,AV,2,0,0,65,4889.272753955773,0.2,-9.659194573681987,"0.34636666666666666,0.28504166666666664,0.38297222222222227,0.2,0.65,0.2351368443985718","0,0,0"
23.733333333333334,2,AV,1,0,0,31,437.8567856598078,0.2,-2.0248384366831367,"0.3481666666666667,0.2620219298245614,0.3522916666666667,0.2,0.31,0.021057582192617507","0,0,0"
16.416666666666668,225,AV,1,0,0,6,4381.240268036911,0.6,-12.397781979839289,"0.3156875,0.2585162037037037,0.3365231481481481,0.6,0.06,0.2107043445969861","0,0,0"
16.016666666666666,107,AV,1,0,0,15,1659.6531244520008,0.2,-2.842530852355533,"0.36618840579710155,0.2792541666666667,0.35297297297297303,0.2,0.15,0.07981669628967558","0,0,0"
23.95,89,AV,1,0,0,36,1467.6871321740252,1.0,-10.37654212514341,"0.2114938271604938,0.22784615384615386,0.31657608695652173,1.0,0.36,0.07058459165416232","0,0,0"
26.5,74,AV,1,0,0,50,1249.5878531833848,0.6,-6.517284562024196,"0.22091304347826085,0.2071777777777778,0.29589639639639637,0.6,0.5,0.06009567462944302","0,0,0"
17.05,86,AV,0,0,0,36,1454.957177165027,0.3,-1.879319687171493,"0.32214705882352945,0.27012698412698416,0.3506262626262626,0.3,0.36,0.06997237760909195","0,0,0"
20.2,204,AV,1,0,0,26,3531.3895067900216,0.4,-8.705461417894792,"0.298,0.25443777777777776,0.3548571428571429,0.4,0.26,0.16983298473111647","0,0,0"
35.9,191,AV,2,0,0,59,3245.380745418587,0.1,-2.9421507262759414,"0.30821875,0.2776891891891892,0.3697647058823529,0.1,0.59,0.156078137946426","0,0,0"
21.833333333333332,59,AV,2,0,0,11,1014.5614647146556,0.3,-1.6781256550204529,"0.24134444444444444,0.229296568627451,0.30389743589743584,0.3,0.11,0.04879269234230884","0,0,0"
36.25,167,AV,1,0,0,85,2753.3979495063454,0.2,-6.5409432156366165,"0.2631984126984127,0.25212393162393165,0.3185490196078431,0.2,0.85,0.13241750620204337","0,0,0"
35.21666666666667,128,AV,1,0,0,83,2010.868248891871,0.8,-15.806278147840148,"0.29451923076923076,0.2540864197530864,0.3276010101010101,0.8,0.83,0.0967074733482937","0,0,0"
39.75,121,AV,1,0,0,98,1888.2149669861096,1.0,-20.453672964065117,"0.3749066666666667,0.2805548245614035,0.3501794871794872,1.0,0.98,0.09080878306984375","0,0,0"
32.63333333333333,158,AV,1,0,0,59,2533.2754137277425,0.3,-7.762819772826919,"0.2803564814814815,0.257743961352657,0.34874000000000005,0.3,0.59,0.12183128590944142","0,0,0"
25.983333333333334,256,AV,0,0,0,50,5807.233742044462,0.3,-11.431158338191056,"0.2844252873563219,0.2521324200913242,0.35143827160493823,0.3,0.5,0.27928378830664774","0,0,0"
15.383333333333333,108,AV,1,0,0,11,1664.0464513081895,0.4,-4.085715277032759,"0.2582291666666667,0.24377136752136752,0.33529761904761907,0.4,0.11,0.08002798190726358","0,0,0"
12.266666666666667,165,AV,0,0,0,19,2648.588416164911,0.6,-4.92262897549842,"0.2152321428571429,0.22782700421940935,0.340989898989899,0.6,0.19,0.1273769645564883","0,0,0"
34.85,179,AV,1,0,0,76,2964.6777926145683,0.4,-11.93626475480987,"0.2788333333333333,0.2537230769230769,0.32759444444444447,0.4,0.76,0.14257846021167567","0,0,0"
35.6,230,AV,1,0,0,77,4559.760277629775,0.5,-21.995892157022727,"0.28931250000000003,0.26105251141552516,0.34407751937984493,0.5,0.77,0.21928979970044837","0,0,0"
22.266666666666666,153,AV,1,0,0,31,2436.431929205765,0.4,-6.979920972085694,"0.2746521739130435,0.25165189873417726,0.32660526315789473,0.4,0.31,0.11717385064309511","0,0,0"
25.166666666666668,193,AV,2,0,0,22,3257.3450634265246,0.5,-10.350570382521154,"0.33429032258064517,0.2708872549019608,0.3612675438596491,0.5,0.22,0.15665353067318508","0,0,0"
37.63333333333333,9,AV,2,0,0,71,513.3463032142733,0.3,-1.4635554957800874,"0.32274637681159424,0.2804417670682731,0.3389607843137255,0.3,0.71,0.024688054010448962","0,0,0"
30.25,102,AV,1,0,0,56,1581.438059619256,0.4,-6.332171848836616,"0.19385256410256407,0.2143425925925926,0.29866269841269844,0.4,0.56,0.07605514637116847","0,0,0"
19.316666666666666,41,AV,1,0,0,17,845.7864251007381,0.4,-3.150280246955817,"0.3540185185185185,0.26968724279835393,0.36952083333333335,0.4,0.17,0.040675896199988425","0,0,0"
44.18333333333333,116,AV,2,0,0,76,1832.3133019091129,0.3,-6.133159802223557,"0.2812183908045977,0.24834156378600825,0.3204,0.3,0.76,0.08812033802202023","0,0,0"
45.8,258,AV,2,0,0,92,5825.994272151124,0.1,-6.738144890518218,"0.26128333333333337,0.24028418803418805,0.3460039682539681,0.1,0.92,0.28018602716107777","0,0,0"
39.68333333333333,269,AV,1,0,0,100,6918.069898529506,1.0,-70.8262812643045,"0.2886794871794872,0.23045726495726496,0.3184814814814815,1.0,1.0,0.33270656130870674","0,0,0"
35.2,82,AV,1,0,0,81,1342.087988935639,1.0,-13.429671012761236,"0.2906500000000001,0.26070037453183525,0.3362956989247312,1.0,0.81,0.06454422784415724","0,0,0"
14.783333333333333,81,AV,1,0,0,9,1317.647826688136,0.8,-5.435197381388474,"0.2969803921568627,0.266186403508772,0.34613333333333335,0.8,0.09,0.06336884186823323","0,0,0"
15.4,237,AV,1,0,0,10,4660.29795945294,0.1,-3.31233809534281,"0.3333166666666667,0.2609273504273505,0.3446354166666667,0.1,0.1,0.2241248977685445","0,0,0"
32.55,263,AV,1,0,0,59,6020.57275324985,0.4,-21.294913446291172,"0.24140579710144927,0.2472592592592592,0.3248,0.4,0.59,0.2895437726450875","0,0,0"
23.233333333333334,284,AV,1,0,0,39,8987.822610831106,0.2,-12.046317103955019,"0.30700900900900907,0.26798356807511736,0.3608177083333334,0.2,0.39,0.4322459296252377","0,0,0"
39.03333333333333,295,AV,0,0,0,95,14754.343640924068,0.1,-14.543212460877175,"0.3471736111111111,0.285468137254902,0.37164141414141416,0.1,0.95,0.7095717460418045","0,0,0"
32.8,136,AV,1,0,0,72,2133.445027811215,0.1,-3.26709588162141,"0.2682407407407408,0.25472222222222224,0.3383598484848484,0.1,0.72,0.10260248441477932","0,0,0"
39.416666666666664,220,AV,1,0,0,97,4021.28082322038,0.1,-5.502663782372138,"0.2819807692307692,0.2631071428571428,0.34595555555555557,0.1,0.97,0.1933930322147629","0,0,0"
29.966666666666665,257,AV,2,0,0,25,5825.425317043349,0.3,-13.224892323287804,"0.30552380952380953,0.2542853881278539,0.34951470588235295,0.3,0.25,0.28015866474638357","0,0,0"
39.833333333333336,106,AV,1,0,0,100,1614.9493849180149,0.8,-14.495720639575945,"0.34483333333333344,0.28956280193236716,0.3511396396396397,0.8,1.0,0.07766678631823196","0,0,0"
16.35,149,AV,1,0,0,15,2344.9936519099742,0.1,-2.4681981365840424,"0.36351851851851846,0.24672764227642274,0.34687083333333335,0.1,0.15,0.11277636474640867","0,0,0"
38.233333333333334,118,AV,1,0,0,94,1836.592480640456,0.1,-3.273208396712629,"0.35543452380952373,0.2781760563380282,0.35361827956989245,0.1,0.94,0.0883261339827163","0,0,0"
28.883333333333333,129,AV,1,0,0,54,2011.9739719035176,0.5,-8.837438748545445,"0.2553458333333334,0.2439121621621622,0.3350320512820513,0.5,0.54,0.09676065021790628","0,0,0"
36.11666666666667,90,AV,1,0,0,86,1474.5167950508735,0.1,-2.844813928819547,"0.2771018518518519,0.25116666666666665,0.3423791666666666,0.1,0.86,0.07091304650992157","0,0,0"
34.03333333333333,122,AV,0,0,0,72,1900.764377468582,0.2,-3.2671387700259635,"0.32759523809523805,0.2611136363636363,0.3317608695652173,0.2,0.72,0.09141231429593938","0,0,0"
38.416666666666664,140,AV,1,0,0,90,2164.09247058771,0.4,-9.89769889680921,"0.3303095238095238,0.29445522388059703,0.34125185185185186,0.4,0.9,0.10407639338774885","0,0,0"
20.016666666666666,96,AV,1,0,0,24,1517.942512651984,0.3,-3.8018294920391824,"0.379030303030303,0.2910466666666667,0.36373255813953487,0.3,0.24,0.07300149334369807","0,0,0"
37.71666666666667,46,AV,2,0,0,58,892.1845339920479,0.1,-0.8497531988316518,"0.23890625,0.2296604938271605,0.30850980392156857,0.1,0.58,0.042907292454561666","0,0,0"
37.46666666666667,61,AV,0,0,0,92,1068.5648373754009,0.2,-2.0219981097810615,"0.28568055555555555,0.28607175925925926,0.35502222222222224,0.2,0.92,0.05138984395837567","0,0,0"
34.85,285,AV,1,0,0,75,9667.56212442905,0.2,-18.515885860421843,"0.2973722222222222,0.24758215962441316,0.3319619047619048,0.2,0.75,0.4649362319020181","0,0,0"
37.45,160,AV,1,0,0,87,2553.8725848963804,0.6,-15.991292167328705,"0.33489080459770115,0.28002631578947373,0.3554333333333334,0.6,0.87,0.122821853234247","0,0,0"
24.833333333333332,114,AV,1,0,0,43,1823.811293294481,0.1,-2.643720045037364,"0.22634482758620691,0.23905907172995783,0.31809895833333335,0.1,0.43,0.08771145605177698","0,0,0"
26.916666666666668,67,AV,1,0,0,48,1141.5133047894662,0.2,-3.0518047030597546,"0.23822666666666664,0.257811507936508,0.34929861111111116,0.2,0.48,0.05489811058505904","0,0,0"
13.7,66,AV,0,0,0,28,1135.438045570021,0.1,-0.3928156874825577,"0.28329333333333334,0.25612380952380953,0.3325977011494253,0.1,0.28,0.0546059368091927","0,0,0"
17.45,229,AV,1,0,0,16,4547.885280126284,0.3,-7.512166525621489,"0.20599122807017545,0.22726356589147284,0.30329999999999996,0.3,0.16,0.2187187026108142","0,0,0"
7.116666666666666,62,AV,0,0,0,5,1074.3823512953045,0.1,-0.1930813400686427,"0.36184848484848486,0.2660916666666667,0.37160526315789466,0.1,0.05,0.0516696221450731","0,0,0"
23.85,127,AV,2,0,0,12,1997.7276787447236,0.2,-2.406353794851599,"0.3245238095238095,0.2626151960784314,0.3563063063063063,0.2,0.12,0.09607551183714699","0,0,0"
28.983333333333334,205,AV,0,0,0,61,3539.477986656502,0.4,-10.362209122551612,"0.3025641025641026,0.2481333333333333,0.32876754385964907,0.4,0.61,0.17022197911279557","0,0,0"
36.6,73,AV,2,0,0,62,1239.4416864014672,0.2,-2.291089177893621,"0.2941290322580645,0.2618728070175439,0.35606770833333334,0.2,0.62,0.05960772115253554","0,0,0"
37.61666666666667,19,AV,2,0,0,55,615.3970356119416,0.2,-1.1691507654681417,"0.28332666666666667,0.23085596707818928,0.33367708333333335,0.2,0.55,0.029595918306859183","0,0,0"
35.13333333333333,192,AV,1,0,0,78,3256.7228478661937,0.4,-13.057528221047031,"0.28025,0.2487542735042735,0.31898924731182793,0.4,0.78,0.15662360683568316","0,0,0"
26.316666666666666,277,AV,1,0,0,47,8028.27043643778,0.1,-6.835285782464332,"0.27345454545454545,0.2521352657004831,0.3556622807017543,0.1,0.47,0.3860987658900816","0,0,0"
19.983333333333334,56,AV,1,0,0,21,975.0940381265832,0.7,-4.944429403197144,"0.24488505747126438,0.2463719806763285,0.3135277777777778,0.7,0.21,0.04689460920981367","0,0,0"
28.9,188,AV,1,0,0,55,3169.820795106812,0.6,-15.379972875543462,"0.32659374999999996,0.26653728070175436,0.34928125,0.6,0.55,0.15244427884849596","0,0,0"
29.483333333333334,111,AV,1,0,0,54,1797.659883656486,0.2,-4.176818463121485,"0.31457333333333337,0.2522067510548523,0.34791666666666665,0.2,0.54,0.08645377208765831","0,0,0"
35.8,20,AV,0,0,0,81,623.7253316558669,0.4,-2.2554916033616195,"0.33404000000000006,0.2773538812785388,0.3430238095238095,0.4,0.81,0.02999644602325653","0,0,0"
29.8,54,AV,1,0,0,56,946.2003450753726,0.3,-3.6361189608519777,"0.364840579710145,0.2804132420091324,0.3637689393939393,0.3,0.56,0.04550504226418034","0,0,0"
19.866666666666667,178,AV,1,0,0,24,2953.761118311176,0.1,-2.9818532209709265,"0.30344871794871797,0.26305128205128203,0.3609807692307692,0.1,0.24,0.14205345118145746","0,0,0"
31.466666666666665,156,AV,2,0,0,39,2476.7673195544394,0.4,-7.872284005587174,"0.3364195402298851,0.2848915662650603,0.3865714285714285,0.4,0.39,0.11911367623300487","0,0,0"
26.766666666666666,120,AV,1,0,0,46,1880.1756700095973,0.2,-4.041718961309271,"0.3186984126984127,0.25188211382113823,0.33108108108108103,0.2,0.46,0.0904221540112152","0,0,0"
38.733333333333334,8,AV,1,0,0,88,508.6019702527906,0.6,-4.484825704210822,"0.2748382352941176,0.24186029411764706,0.33015789473684215,0.6,0.88,0.024459887668034006","0,0,0"
35.983333333333334,251,AV,2,0,0,51,5370.167679594476,0.1,-4.879710446230839,"0.32045588235294126,0.27396859903381643,0.37459876543209875,0.1,0.51,0.2582642338882426","0,0,0"
21.516666666666666,176,AV,1,0,0,28,2949.689674384749,0.7,-12.719000668103945,"0.37636111111111115,0.3011486486486486,0.36165104166666656,0.7,0.28,0.1418576456853883","0,0,0"
33.43333333333333,243,AV,2,0,0,17,4864.205776554158,0.1,-4.10673265478436,"0.26868589743589744,0.22815509259259262,0.32740686274509806,0.1,0.17,0.23393131337965753","0,0,0"
38.266666666666666,202,AV,1,0,0,91,3476.696831582168,0.5,-18.298181661011483,"0.31174999999999997,0.2689007936507936,0.33748888888888895,0.5,0.91,0.16720268290357254","0,0,0"
28.133333333333333,214,AV,1,0,0,51,3933.772930850901,0.2,-7.089401268751112,"0.2746410256410256,0.2585979166666666,0.34098039215686277,0.2,0.51,0.1891845679487672","0,0,0"
40.75,168,AV,0,0,0,95,2756.9260540590044,0.4,-11.34795320231358,"0.3015572916666667,0.2587538759689922,0.34583333333333327,0.4,0.95,0.1325871812054576","0,0,0"
34.6,27,AV,1,0,0,78,742.6585956180782,0.1,-2.148888570918826,"0.2366217948717949,0.23617204301075273,0.31643589743589734,0.1,0.78,0.03571623172338353","0,0,0"
13.65,103,AV,0,0,0,31,1587.6148581174584,0.1,-0.5472460306389724,"0.30578571428571427,0.2706735159817351,0.34920512820512817,0.1,0.31,0.07635220341429991","0,0,0"
20.616666666666667,49,AV,0,0,0,39,926.7012599248138,0.9,-4.342157039874979,"0.2997888888888888,0.25340410958904114,0.3294427083333333,0.9,0.39,0.04456728452766382","0,0,0"
11.133333333333333,283,AV,1,0,0,0,8975.220492497892,0.5,-14.116682005447375,"0.3339074074074075,0.2591692307692307,0.34343703703703704,0.5,0.0,0.43163986355227996","0,0,0"
38.983333333333334,141,AV,2,0,0,79,2187.718469250836,0.1,-2.1536504627852295,"0.2730797101449276,0.26447037037037036,0.32715432098765435,0.1,0.79,0.10521262428567076","0,0,0"
14.783333333333333,50,AV,1,0,0,9,931.9887487728153,0.3,-2.543780328486726,"0.38888666666666666,0.26596803652968043,0.3350617283950617,0.3,0.09,0.04482157253839216","0,0,0"
15.383333333333333,124,AV,1,0,0,14,1927.298426803608,0.1,-2.2486937912204255,"0.23224479166666664,0.22821458333333328,0.3142083333333333,0.1,0.14,0.0926884003201249","0,0,0"
22.4,79,AV,0,0,0,41,1293.252850487379,0.1,-0.7315369659322547,"0.22705555555555557,0.21927435897435896,0.29141414141414146,0.1,0.41,0.06219562899759039","0,0,0"
20.016666666666666,98,AV,1,0,0,22,1530.6528609905624,0.5,-5.368506073336838,"0.3440166666666667,0.3029855072463768,0.3526951219512195,0.5,0.22,0.07361276445699849","0,0,0"
19.033333333333335,33,AV,1,0,0,18,793.0252767736928,0.2,-2.2623189108380113,"0.27914743589743596,0.24641314553990606,0.360550505050505,0.2,0.18,0.03813848612925163","0,0,0"
38.4,207,AV,2,0,0,68,3564.273841812899,1.0,-34.56265543576144,"0.33016049382716056,0.27362606837606834,0.3601761904761904,1.0,0.68,0.17141447121316408","0,0,0"
25.683333333333334,299,AV,2,0,0,25,20793.30768626012,0.1,-13.485895262847999,"0.2337816091954023,0.23734362139917697,0.32642222222222217,0.1,0.25,1.0","0,0,0"
14.333333333333334,189,AV,1,0,0,6,3225.188153267811,0.9,-12.006294741705748,"0.3405083333333333,0.3079821428571429,0.38189351851851855,0.9,0.06,0.15510702779620594","0,0,0"
33.81666666666667,288,AV,1,0,0,69,11861.36896338871,1.0,-102.79089910233878,"0.27791666666666665,0.2645952380952381,0.3389722222222222,1.0,0.69,0.57044166047841","0,0,0"
23.5,72,AV,2,0,0,0,1205.4292211271013,0.9,-6.438087885565201,"0.283060606060606,0.2582393162393163,0.33086249999999995,0.9,0.0,0.05797198018301001","0,0,0"
24.666666666666668,95,AV,1,0,0,41,1509.578116022191,0.3,-4.32092880266773,"0.26854924242424244,0.24529597701149428,0.3400263157894737,0.3,0.41,0.07259922946360745","0,0,0"
34.75,146,AV,1,0,0,75,2225.3307045190536,0.8,-17.12227110748224,"0.30674999999999997,0.24998903508771927,0.30335294117647055,0.8,0.75,0.10702148682143131","0,0,0"
33.63333333333333,197,AV,2,0,0,38,3278.222126324269,0.1,-2.7842812503882053,"0.3311342592592592,0.26894977168949774,0.3806989247311828,0.1,0.38,0.1576575586620336","0,0,0"
22.466666666666665,150,AV,2,0,0,7,2352.9451803313505,0.2,-2.6698401541133503,"0.28930864197530864,0.26072149122807015,0.33459722222222227,0.2,0.07,0.11315877280487406","0,0,0"
25.883333333333333,53,AV,2,0,0,27,943.1907669438916,0.2,-1.2329758089763163,"0.17681999999999998,0.22757142857142856,0.3096984126984127,0.2,0.27,0.04536030443906415","0,0,0"
24.133333333333333,76,AV,0,0,0,47,1261.43865123121,0.2,-1.5375110833188488,"0.3130114942528735,0.25145572916666664,0.35348684210526315,0.2,0.47,0.060665607909257666","0,0,0"
30.283333333333335,206,AV,2,0,0,24,3558.5090095449787,0.9,-24.49170784220919,"0.2747051282051283,0.25972307692307695,0.34724583333333336,0.9,0.24,0.17113722661336772","0,0,0"
20.816666666666666,266,AV,1,0,0,24,6427.339783247283,0.1,-4.878681561143037,"0.25801515151515153,0.23828638497652585,0.32949999999999996,0.1,0.24,0.3091061739780037","0,0,0"
22.733333333333334,148,AV,1,0,0,32,2318.1098695731453,0.9,-13.476900992794585,"0.32612121212121215,0.24028828828828824,0.34022727272727266,0.9,0.32,0.1114834592239942","0,0,0"
26.85,274,AV,2,0,0,10,7572.106998522375,1.0,-51.34118002786005,"0.2744938271604938,0.27081893004115226,0.3624827586206896,1.0,0.1,0.3641607729166582","0,0,0"
23.55,145,AV,1,0,0,35,2215.952556227922,0.7,-10.72474189126699,"0.2554393939393939,0.2293482905982906,0.30320416666666666,0.7,0.35,0.10657046919438351","0,0,0"
8.75,282,AV,0,0,0,7,8689.506535985933,0.8,-15.36023882623776,"0.34980158730158734,0.27365579710144927,0.362074074074074,0.8,0.07,0.4178991946398128","0,0,0"
36.583333333333336,195,AV,1,0,0,86,3269.866339895674,0.6,-19.624637919371224,"0.3394122807017544,0.2620897435897436,0.3348263888888889,0.6,0.86,0.15725570886715387","0,0,0"
26.35,218,AV,1,0,0,47,3971.0791127863904,0.1,-4.1423720864121565,"0.39377222222222225,0.29534272300469483,0.36448039215686273,0.1,0.47,0.19097871164626756","0,0,0"
38.7,171,AV,1,0,0,93,2813.5576138103806,0.2,-6.999226245174836,"0.28748245614035084,0.26451356589147285,0.33908095238095237,0.2,0.93,0.13531072863744203","0,0,0"
30.433333333333334,45,AV,1,0,0,61,877.2934597877683,0.7,-6.219513890154568,"0.30107738095238096,0.25545890410958905,0.3672864583333334,0.7,0.61,0.04219114500803879","0,0,0"
27.016666666666666,254,AV,2,0,0,6,5578.433439706214,0.3,-11.417475512327995,"0.3157000000000001,0.27577333333333326,0.341875,0.3,0.06,0.2682802334230043","0,0,0"
38.516666666666666,271,AV,2,0,0,58,7177.938863287724,0.1,-6.981572690680947,"0.26902173913043476,0.23276666666666668,0.33331250000000007,0.1,0.58,0.345204282627472","0,0,0"
17.9,289,AV,1,0,0,18,11940.25564443948,0.1,-6.897236768572391,"0.30400000000000005,0.25719323671497585,0.33308730158730154,0.1,0.18,0.5742355100304415","0,0,0"
35.666666666666664,42,AV,2,0,0,49,850.3216016091212,1.0,-7.658620485873397,"0.36753787878787875,0.2990314009661836,0.3599731182795699,1.0,0.49,0.04089400370730819","0,0,0"
27.683333333333334,232,AV,1,0,0,50,4577.590037133467,0.1,-4.700074516699786,"0.2917866666666667,0.2784143518518518,0.355009009009009,0.1,0.5,0.22014727556589106","0,0,0"
41.333333333333336,172,AV,2,0,0,78,2815.231094880572,0.1,-2.938456698360193,"0.3531212121212121,0.30543192488262916,0.39996759259259257,0.1,0.78,0.13539121035278245","0,0,0"
25.366666666666667,276,AV,1,0,0,44,7897.119961473183,0.5,-26.79338506178911,"0.3203035714285714,0.25664047619047614,0.33160317460317457,0.5,0.44,0.37979142523300763","0,0,0"
32.85,298,AV,1,0,0,69,18628.94525544202,0.1,-16.953556859628037,"0.3932628205128206,0.26939639639639645,0.34498198198198193,0.1,0.69,0.8959106235777834","0,0,0"
15.916666666666666,132,AV,1,0,0,11,2035.9911412414244,0.2,-3.136676380375051,"0.2802678571428572,0.2421183574879227,0.33508080808080803,0.2,0.11,0.09791569345106042","0,0,0"
46.95,22,AV,2,0,0,91,639.9143284368583,0.3,-2.2760589181901896,"0.23313888888888887,0.23792222222222226,0.31453205128205125,0.3,0.91,0.030775013677102628","0,0,0"
31.266666666666666,280,AV,1,0,0,65,8436.938288223368,0.1,-8.161488311745387,"0.24737634408602147,0.22254888888888888,0.32344252873563223,0.1,0.65,0.4057525822983113","0,0,0"
37.4,117,AV,0,0,0,93,1836.3970218708375,0.1,-1.7343749651002356,"0.32648550724637687,0.24858937198067635,0.33374031007751936,0.1,0.93,0.08831673390204767","0,0,0"
19.583333333333332,84,AV,1,0,0,11,1446.9812594843625,0.3,-3.6467209342097546,"0.2839770114942529,0.25871555555555553,0.3184583333333333,0.3,0.11,0.06958879661269593","0,0,0"
45.11666666666667,131,AV,2,0,0,97,2034.664800296876,0.2,-4.636226948151216,"0.3455357142857143,0.255964135021097,0.35336363636363644,0.2,0.97,0.09785190653632031","0,0,0"
36.61666666666667,91,AV,2,0,0,72,1474.807688008607,0.1,-1.363700543162841,"0.2794375,0.2752829457364341,0.35920370370370364,0.1,0.72,0.07092703624941481","0,0,0"
23.633333333333333,55,AV,1,0,0,41,950.4213588862824,0.8,-6.0377019760967965,"0.2963045977011495,0.2731060606060607,0.3229490740740741,0.8,0.41,0.04570804093445438","0,0,0"
38.9,228,AV,1,0,0,93,4434.023444374438,0.4,-18.922576968299563,"0.3393333333333334,0.29173026315789474,0.3741499999999999,0.4,0.93,0.2132428140475394","0,0,0"
22.933333333333334,194,AV,2,0,0,6,3257.969850357721,0.1,-1.8867704183889833,"0.3523796296296296,0.2752800000000001,0.3613191489361702,0.1,0.06,0.15668357817407447","0,0,0"
38.666666666666664,43,AV,2,0,0,64,857.6590975250949,0.8,-6.699559280330708,"0.2825320512820512,0.25940416666666666,0.32191176470588234,0.8,0.64,0.041246881470994735","0,0,0"
30.616666666666667,29,AV,2,0,0,9,767.6170681366935,0.1,-0.5934817147167956,"0.23894444444444443,0.2143407960199005,0.32256666666666667,0.1,0.09,0.036916544482430876","0,0,0"
30.45,294,AV,1,0,0,57,13460.811009378149,0.3,-32.55164357845186,"0.231469696969697,0.2476169154228856,0.3453924731182796,0.3,0.57,0.6473626617025839","0,0,0"
27.0,105,AV,1,0,0,49,1592.2311391495805,0.3,-4.756836420987778,"0.2533693693693694,0.2387654320987654,0.33993253968253967,0.3,0.49,0.07657421143254188","0,0,0"
35.516666666666666,100,AV,2,0,0,51,1567.0706205360798,0.1,-1.4054829513309706,"0.2979722222222222,0.25455421686746993,0.3357013888888889,0.1,0.51,0.07536418179256658","0,0,0"
28.483333333333334,133,AV,1,0,0,53,2043.1688306873104,0.3,-5.90880748945027,"0.34356172839506177,0.2805074626865672,0.3748518518518519,0.3,0.53,0.09826088573860729","0,0,0"
30.733333333333334,11,AV,0,0,0,67,522.440884226393,0.4,-1.621853519382944,"0.28554938271604935,0.27535624999999997,0.35460256410256413,0.4,0.67,0.02512543420745","0,0,0"
32.3,68,AV,1,0,0,69,1148.2139867956057,0.1,-2.4365482771085367,"0.3152,0.2582139639639639,0.32560952380952385,0.1,0.69,0.05522036244162957","0,0,0"
45.46666666666667,34,AV,2,0,0,92,801.7987355487146,0.1,-0.9205837334077834,"0.2911111111111111,0.25824358974358974,0.3282032520325203,0.1,0.92,0.03856042278826712","0,0,0"
19.883333333333333,139,AV,1,0,0,25,2147.781038516846,0.4,-5.813641042004373,"0.29727777777777775,0.26030365296803654,0.3625833333333333,0.4,0.25,0.10329193752738362","0,0,0"
36.78333333333333,264,AV,2,0,0,54,6130.868263041086,0.4,-22.77916878203986,"0.24568181818181817,0.26790322580645165,0.37416666666666665,0.4,0.54,0.29484814804583803","0,0,0"
24.066666666666666,217,AV,1,0,0,32,3958.913906791885,0.1,-3.906006599918974,"0.21492063492063493,0.21280833333333335,0.28697619047619055,0.1,0.32,0.1903936577347851","0,0,0"
35.95,52,AV,1,0,0,85,934.0011274976006,0.6,-6.587475838414961,"0.27505769230769234,0.2345547945205479,0.334247619047619,0.6,0.85,0.04491835265414619","0,0,0"
38.96666666666667,198,AV,2,0,0,77,3382.383844415393,0.1,-3.3282884799003325,"0.2551547619047619,0.23979342723004696,0.3228958333333333,0.1,0.77,0.16266694531964326","0,0,0"
10.433333333333334,290,AV,0,0,0,15,12197.400506638176,0.5,-16.068124404788506,"0.3330892857142858,0.2803911111111111,0.373963963963964,0.5,0.15,0.5866022227285186","0,0,0"
21.866666666666667,75,AV,1,0,0,31,1260.6549751070208,0.4,-4.284476982054565,"0.3247847222222223,0.2490845070422535,0.34625,0.4,0.31,0.06062791904628244","0,0,0"
44.86666666666667,272,AV,2,0,0,89,7334.728577480919,0.2,-16.62044556446013,"0.27190909090909093,0.27282394366197177,0.34700462962962964,0.2,0.89,0.352744675746206","0,0,0"
34.083333333333336,28,AV,2,0,0,45,763.1985099142711,0.1,-0.6568775053765508,"0.2514567901234568,0.22383846153846154,0.3240959595959596,0.1,0.45,0.03670404542797105","0,0,0"
35.15,249,AV,1,0,0,74,5158.4050556257225,0.3,-15.236207401912434,"0.22360555555555553,0.2110194805194805,0.29812626262626263,0.3,0.74,0.24808006178999184","0,0,0"
24.333333333333332,137,AV,1,0,0,43,2141.869626207308,0.3,-5.448396028109431,"0.2899423076923078,0.24168493150684933,0.35672043010752696,0.3,0.43,0.10300764354209123","0,0,0"
37.31666666666667,234,AV,1,0,0,89,4617.1597275219765,0.1,-5.850934608552907,"0.25099382716049384,0.20935572139303477,0.32832258064516123,0.1,0.89,0.2220502768096353","0,0,0"
30.683333333333334,16,AV,0,0,0,64,591.6693204447811,0.3,-1.3753323471450025,"0.23743333333333327,0.22959333333333334,0.3081374999999999,0.3,0.64,0.028454795618483852","0,0,0"
37.833333333333336,47,AV,1,0,0,91,905.8209551718018,0.5,-5.827048754713784,"0.32586507936507936,0.24897522522522525,0.36310952380952377,0.5,0.91,0.04356310063022602","0,0,0"
24.666666666666668,196,AV,1,0,0,42,3274.575105225111,0.4,-9.658873999550783,"0.2295588235294118,0.22885772357723577,0.3111868686868686,0.4,0.42,0.15748216467690215","0,0,0"
39.75,203,AV,2,0,0,68,3480.90175047103,0.7,-24.458608890620305,"0.27775925925925926,0.23853333333333335,0.3281617647058823,0.7,0.68,0.1674049075304721","0,0,0"
47.016666666666666,246,AV,2,0,0,97,4951.479839002994,0.1,-5.878840330735457,"0.3151474358974358,0.27795569620253163,0.34896190476190475,0.1,0.97,0.23812853220437127","0,0,0"
21.833333333333332,253,AV,1,0,0,30,5568.958209200236,0.3,-10.711281886429681,"0.24747747747747753,0.2416617647058823,0.3211822916666667,0.3,0.3,0.2678245468795767","0,0,0"
37.13333333333333,169,AV,2,0,0,59,2780.081336731352,0.2,-5.213822574273951,"0.32541666666666663,0.2727282608695652,0.34823437500000004,0.2,0.59,0.13370077424326215","0,0,0"
28.483333333333334,138,AV,1,0,0,52,2142.030696222753,0.2,-4.581422945997209,"0.2627638888888889,0.2763130630630631,0.3378571428571429,0.2,0.52,0.10301538978515534","0,0,0"
17.283333333333335,26,AV,1,0,0,17,670.158540600369,0.8,-3.839913826944723,"0.31714285714285717,0.26961788617886184,0.34571171171171167,0.8,0.17,0.032229530323508795","0,0,0"
29.0,24,AV,1,0,0,57,650.412147456106,1.0,-6.263119261673504,"0.26147023809523806,0.26876775956284155,0.35238211382113815,1.0,0.57,0.0312798789528752","0,0,0"
16.866666666666667,39,AV,1,0,0,15,827.3783452591958,0.5,-3.262009438977917,"0.36313690476190474,0.2803045267489712,0.3667365591397849,0.5,0.15,0.03979060752349248","0,0,0"
44.0,7,AV,2,0,0,76,506.5869000089976,0.5,-2.8143716667166534,"0.2512753623188406,0.2474703703703704,0.3075123456790123,0.5,0.76,0.02436297811068039","0,0,0"
29.866666666666667,262,AV,1,0,0,58,6007.794801579103,0.3,-15.093394298522416,"0.2726309523809524,0.24955274261603375,0.3397575757575757,0.3,0.58,0.2889292503255245","0,0,0"
42.56666666666667,31,AV,2,0,0,74,777.0630287344238,0.3,-2.505832039630958,"0.3854935897435898,0.2896196581196582,0.37221296296296286,0.3,0.74,0.037370823365822384","0,0,0"
35.86666666666667,130,AV,2,0,0,51,2030.86588445069,0.6,-11.03642268519668,"0.3083869047619048,0.263,0.31296124031007755,0.6,0.51,0.09766920756877238","0,0,0"
23.016666666666666,25,AV,1,0,0,30,658.4091024775607,0.2,-2.2653728708093532,"0.27297474747474737,0.24513194444444444,0.3353333333333333,0.2,0.3,0.03166447168540803","0,0,0"
45.06666666666667,32,AV,2,0,0,98,779.2240782816187,0.7,-6.207556125300707,"0.30290277777777774,0.2622291666666667,0.3527962962962963,0.7,0.98,0.03747475341773148","0,0,0"
35.166666666666664,135,AV,1,0,0,84,2078.9202215407213,0.1,-3.3461791529675597,"0.28954320987654314,0.2708179487179487,0.3348968253968254,0.1,0.84,0.09998025580674873","0,0,0"
39.3,226,AV,1,0,0,96,4412.688598555705,0.1,-5.879259139475738,"0.3554259259259259,0.2745182648401826,0.37672357723577227,0.1,0.96,0.21221677018089516","0,0,0"
24.733333333333334,184,AV,2,0,0,13,3001.8426729260827,0.1,-1.8748882687804325,"0.23684057971014494,0.26401643192488256,0.34967708333333336,0.1,0.13,0.14436580837543475","0,0,0"
36.56666666666667,63,AV,1,0,0,86,1076.386102050743,0.3,-4.481806954418346,"0.3184343434343434,0.28451851851851845,0.3600064102564102,0.3,0.86,0.051765987321103386","0,0,0"
20.9,183,AV,1,0,0,31,2991.769966736588,0.3,-6.236969113999597,"0.2993978494623656,0.24557175925925928,0.3450686274509804,0.3,0.31,0.143881387794473","0,0,0"
28.733333333333334,210,AV,1,0,0,54,3759.463069718096,0.2,-6.9556517947760925,"0.32048809523809524,0.2295917874396135,0.32812790697674415,0.2,0.54,0.18080158897481655","0,0,0"
26.133333333333333,211,AV,0,0,0,48,3793.837230001502,0.1,-2.503677094546446,"0.4251904761904762,0.29034246575342465,0.3653666666666667,0.1,0.48,0.1824547247241673","0,0,0"
23.816666666666666,259,AV,2,0,0,9,5899.132481879994,0.1,-3.5479210086727746,"0.32159090909090904,0.27405314009661835,0.35223809523809524,0.1,0.09,0.2837034189504176","0,0,0"
21.266666666666666,119,AV,1,0,0,31,1869.7531794209297,0.3,-4.512380122400386,"0.23102564102564105,0.22328888888888887,0.32920085470085475,0.3,0.31,0.0899209114602018","0,0,0"
32.95,0,AV,1,0,0,71,419.7646265090227,0.9,-4.643464646243705,"0.2349012345679013,0.23973958333333337,0.3091666666666667,0.9,0.71,0.02018748689927752","0,0,0"
16.8,80,AV,1,0,0,14,1301.8927857652438,0.4,-3.709272606147081,"0.3283793103448276,0.2472415458937198,0.3429801587301588,0.4,0.14,0.06261114419162438","0,0,0"
19.05,250,AV,1,0,0,20,5168.6614957092925,0.1,-3.986439431648031,"0.3064460784313725,0.28106904761904766,0.35405555555555557,0.1,0.2,0.24857331857425743","0,0,0"
29.85,51,AV,1,0,0,60,932.0432837729122,0.9,-7.823066368323052,"0.21379487179487178,0.21761471861471862,0.2952027027027027,0.9,0.6,0.04482419525724574","0,0,0"
29.783333333333335,291,AV,1,0,0,54,12726.503958899895,0.8,-78.07327466179837,"0.3395079365079364,0.25885802469135805,0.34768421052631576,0.8,0.54,0.6120480758003385","0,0,0"
20.8,273,AV,1,0,0,27,7336.658338656486,0.3,-13.06079495788295,"0.2986277777777778,0.26193004115226337,0.3547222222222222,0.3,0.27,0.35283748258601644","0,0,0"
26.366666666666667,10,AV,1,0,0,44,513.7357984527049,0.1,-1.8420580947610183,"0.3634679487179487,0.282109649122807,0.3722236842105264,0.1,0.44,0.024706785769931794","0,0,0"
40.31666666666667,36,AV,2,0,0,84,813.126641713825,0.2,-1.655684634937494,"0.29873333333333335,0.25168809523809527,0.3414083333333333,0.2,0.84,0.03910520894427614","0,0,0"
40.516666666666666,227,AV,2,0,0,75,4429.527615460413,0.2,-9.064125953858808,"0.38336666666666663,0.28192342342342347,0.3875162601626016,0.2,0.75,0.21302659886033296","0,0,0"
15.683333333333334,238,AV,0,0,0,31,4662.282088415262,0.2,-3.692935559931617,"0.2805595238095238,0.25850666666666666,0.3301486486486487,0.2,0.31,0.2242203192855181","0,0,0"
34.083333333333336,152,AV,0,0,0,76,2417.357356239525,0.4,-8.322383490757288,"0.27497126436781605,0.24190579710144927,0.3578636363636364,0.4,0.76,0.11625650871491097","0,0,0"
21.716666666666665,64,AV,2,0,0,6,1100.389953660579,0.3,-1.810363774772392,"0.3575757575757575,0.27645625,0.3568771929824561,0.3,0.06,0.052920390072797266","0,0,0"
35.166666666666664,151,AV,1,0,0,76,2382.718205806423,0.6,-14.195796500635232,"0.2675722222222222,0.2513666666666667,0.35939393939393943,0.6,0.76,0.11459062895418437","0,0,0"
22.183333333333334,222,AV,0,0,0,39,4061.843573313689,0.2,-4.550769188619967,"0.3619558823529412,0.2656186868686869,0.36573333333333335,0.2,0.39,0.19534379207968386","0,0,0"
24.316666666666666,241,AV,1,0,0,41,4756.448820673547,0.3,-10.262195491619577,"0.28442777777777783,0.2310646766169154,0.32176249999999995,0.3,0.41,0.22874902312038267","0,0,0"
43.483333333333334,85,AV,2,0,0,87,1447.5744631551047,0.8,-12.71623493054434,"0.3750432098765431,0.2578530701754385,0.3474684684684685,0.8,0.87,0.06961732519889745","0,0,0"
36.833333333333336,190,AV,2,0,0,71,3236.647802754315,0.2,-6.021036737447,"0.32674712643678155,0.2678352713178295,0.34336666666666665,0.2,0.71,0.1556581498042776","0,0,0"
32.25,97,AV,2,0,0,42,1530.0661682302475,0.4,-4.984306457113686,"0.3950977011494253,0.2798926940639269,0.3749427083333333,0.4,0.42,0.07358454899608351","0,0,0"
37.666666666666664,164,AV,1,0,0,88,2645.062412614309,0.3,-9.047779106702446,"0.2798412698412699,0.24504285714285717,0.34377430555555555,0.3,0.88,0.1272073905952983","0,0,0"
21.783333333333335,83,AV,1,0,0,31,1348.5865378412918,0.3,-3.7255083395941524,"0.2743125,0.25814705882352945,0.3437152777777778,0.3,0.31,0.06485675863549194","0,0,0"
5.366666666666666,233,AV,0,0,0,0,4609.601315671212,0.3,-1.8741055854117805,"0.22203968253968248,0.24780284552845533,0.3199166666666667,0.3,0.0,0.2216867746691962","0,0,0"
27.383333333333333,242,AV,1,0,0,51,4818.617258984985,0.5,-18.160328612189247,"0.27779861111111115,0.26507083333333337,0.347712962962963,0.5,0.51,0.23173885231203734","0,0,0"
30.65,147,AV,2,0,0,31,2260.56382504795,0.3,-5.248960699827247,"0.271652380952381,0.2288432835820895,0.33812745098039215,0.3,0.31,0.10871593202757703","0,0,0"
32.46666666666667,268,AV,1,0,0,67,6446.254396158338,0.1,-6.785060422439581,"0.3074615384615385,0.27102688172043005,0.3234712643678161,0.1,0.67,0.3100158230437728","0,0,0"
39.0,157,AV,0,0,0,94,2520.757475212996,0.4,-9.930256720536045,"0.3022435897435897,0.2577419354838709,0.3427234848484848,0.4,0.94,0.12122926824569963","0,0,0"
17.383333333333333,187,AV,1,0,0,15,3119.7161673652217,0.2,-4.2389427294292314,"0.3912133333333333,0.292785140562249,0.38374,0.2,0.15,0.1500346272193471","0,0,0"
25.4,77,AV,1,0,0,46,1275.9312017726234,0.7,-7.228802214019505,"0.28178160919540235,0.240469696969697,0.3455259259259259,0.7,0.46,0.06136258939772906","0,0,0"
35.35,38,AV,2,0,0,48,822.5771428470101,0.3,-2.202886515124379,"0.3370804597701149,0.2865781893004115,0.3665111111111111,0.3,0.48,0.039559706192899544","0,0,0"
5.1,215,AV,0,0,0,0,3941.04555698938,0.8,-4.060471179928452,"0.32538095238095244,0.26536986301369864,0.3661495726495727,0.8,0.0,0.18953432596938674","0,0,0"
23.466666666666665,30,AV,1,0,0,35,776.0711537761008,0.1,-1.959894017052504,"0.38290384615384615,0.2951024096385542,0.3907956989247311,0.1,0.35,0.03732312172194307","0,0,0"
31.333333333333332,37,AV,2,0,0,26,816.2772675203604,0.3,-1.9376278572453,"0.37754444444444446,0.3020753424657534,0.37076126126126124,0.3,0.26,0.03925673009012141","0,0,0"
46.18333333333333,270,AV,2,0,0,86,7099.697064525982,0.3,-24.839975461870573,"0.2260333333333333,0.24865555555555563,0.3298238095238095,0.3,0.86,0.3414414470102487","0,0,0"
44.3,248,AV,2,0,0,90,5144.150368411208,0.3,-17.264080403077006,"0.3237463768115942,0.2567076923076923,0.3167884615384615,0.3,0.9,0.2473945197189757","0,0,0"
18.5,101,AV,1,0,0,15,1573.7150367511856,0.1,-2.2351951560580035,"0.3991269841269841,0.28650740740740743,0.374867816091954,0.1,0.15,0.07568372769239937","0,0,0"
24.366666666666667,113,AV,1,0,0,43,1805.1606101798543,0.1,-2.610751183536594,"0.24430729166666665,0.24949019607843137,0.3198428571428571,0.1,0.43,0.08681450000245393","0,0,0"
39.25,186,AV,2,0,0,72,3064.640983136323,1.0,-30.375545098005226,"0.28451754385964917,0.25028935185185186,0.3443771929824561,1.0,0.72,0.14738592961625765","0,0,0"
7.0,236,AV,0,0,0,5,4645.51881630073,0.1,-0.8211775685380078,"0.22189506172839502,0.1981713615023474,0.28690789473684214,0.1,0.05,0.22341413335457028","0,0,0"
27.266666666666666,58,AV,0,0,0,53,1011.0784796502788,0.1,-0.696180299961219,"0.3237333333333334,0.26200617283950617,0.3284656862745098,0.1,0.53,0.04862518724321976","0,0,0"
35.6,278,AV,0,0,0,80,8326.33528790118,0.4,-29.94116527770526,"0.30011979166666664,0.2477579908675799,0.346347619047619,0.4,0.8,0.40043341894099355","0,0,0"
20.816666666666666,260,AV,0,0,0,38,5911.733280178027,0.2,-6.215281874530603,"0.2730740740740741,0.23395473251028803,0.3515860215053764,0.2,0.38,0.28430942153971994","0,0,0"
35.166666666666664,87,AV,2,0,0,56,1457.5875839824732,0.6,-7.766438894452066,"0.2586111111111111,0.23444078947368424,0.30390322580645157,0.6,0.56,0.07009888017699192","0,0,0"
28.416666666666668,287,AV,1,0,0,52,10708.821866752483,0.4,-32.238284987900656,"0.35263793103448277,0.262826754385965,0.3459999999999999,0.4,0.52,0.5150129083997876","0,0,0"
12.916666666666666,170,AV,1,0,0,1,2793.3389947689566,0.5,-6.055634934650549,"0.38793827160493827,0.2787763713080169,0.37982352941176467,0.5,0.01,0.1343383667916745","0,0,0"
39.75,21,AV,2,0,0,71,626.2908344343901,0.1,-0.6286631482011871,"0.29229444444444447,0.2606142857142857,0.34312745098039216,0.1,0.71,0.03011982720037529","0,0,0"
32.93333333333333,12,AV,1,0,0,59,539.5213747330826,0.1,-1.9486928604682539,"0.3232055555555555,0.28053095238095244,0.33466250000000003,0.1,0.59,0.025946875931124203","0,0,0"
39.333333333333336,125,AV,2,0,0,63,1950.0200213032829,0.3,-5.810665720045136,"0.41921794871794865,0.2791164383561644,0.39599074074074075,0.3,0.63,0.09378113625432592","0,0,0"
40.8,281,AV,0,0,0,100,8475.089255911002,0.1,-8.73191014245376,"0.3288782051282051,0.26968125,0.36831862745098026,0.1,1.0,0.40758735376725097","0,0,0"
32.95,208,AV,1,0,0,74,3608.770587345788,0.1,-4.502752294268781,"0.3464691358024691,0.24521710526315788,0.33857657657657664,0.1,0.74,0.17355442634701188","0,0,0"
18.766666666666666,5,AV,0,0,0,37,491.0984231068265,0.3,-0.6982030611342002,"0.26968181818181824,0.2613166666666667,0.331719298245614,0.3,0.37,0.023618100136676975","0,0,0"
39.28333333333333,126,AV,2,0,0,63,1996.532829496936,0.4,-7.922269156774879,"0.28676666666666667,0.23741041666666668,0.3182011494252874,0.4,0.63,0.0960180486732379","0,0,0"
28.95,293,AV,0,0,0,63,13351.937436366714,0.1,-9.761075474313545,"0.2922530864197531,0.25218306010928954,0.33723106060606056,0.1,0.63,0.6421266706493964","0,0,0"
33.166666666666664,23,AV,1,0,0,63,640.5426603936758,0.1,-2.0364814369458815,"0.33664743589743595,0.26327252252252253,0.3488708333333333,0.1,0.63,0.03080523166677017","0,0,0"
32.266666666666666,252,AV,1,0,0,66,5480.041794665195,0.2,-10.430438480195134,"0.24447530864197536,0.24824485596707815,0.31396875,0.2,0.66,0.26354834340696637","0,0,0"
24.2,6,AV,1,0,0,27,497.26542980048754,0.5,-3.0194221466126008,"0.3415396825396826,0.2704891774891775,0.33302380952380956,0.5,0.27,0.023914686268460907","0,0,0"
11.883333333333333,180,AV,0,0,0,17,2968.817229463249,0.2,-1.7817901385583306,"0.31466666666666665,0.2685767543859649,0.36074242424242436,0.2,0.17,0.14277753565032827","0,0,0"
10.533333333333333,159,AV,0,0,0,11,2538.843693606908,0.3,-2.025945977726724,"0.32443888888888894,0.26770164609053493,0.31049404761904764,0.3,0.11,0.12209907783380393","0,0,0"
30.066666666666666,297,AV,1,0,0,62,17693.100214811147,0.2,-28.36730032619471,"0.31159375,0.27815258215962435,0.3476881720430107,0.2,0.62,0.8509035927219247","0,0,0"
38.78333333333333,181,AV,1,0,0,92,2969.8754393798326,0.5,-16.043140040902504,"0.1581111111111111,0.19764460784313723,0.2899,0.5,0.92,0.1428284275013291","0,0,0"
15.95,57,AV,1,0,0,14,978.4447105201264,0.2,-2.288191572363435,"0.30845833333333333,0.28207264957264955,0.36308333333333337,0.2,0.14,0.04705575107546101","0,0,0"
24.166666666666668,182,AV,1,0,0,40,2987.078671303881,0.1,-3.3229225898108705,"0.3391590909090909,0.24693089430894305,0.34125757575757576,0.1,0.4,0.14365577215392691","0,0,0"
37.06666666666667,161,AV,1,0,0,87,2561.5826276178027,0.4,-11.09084135323568,"0.31134090909090906,0.25539864864864864,0.345939393939394,0.4,0.87,0.12319264766665551","0,0,0"
18.616666666666667,110,AV,1,0,0,22,1718.6657268339234,0.4,-4.731901711908236,"0.29607222222222224,0.245448717948718,0.3311111111111111,0.4,0.22,0.08265475376818426","0,0,0"
35.13333333333333,123,AV,1,0,0,83,1922.439846447592,0.8,-15.14479190677281,"0.3244791666666666,0.25046222222222225,0.35438383838383836,0.8,0.83,0.09245473954670083","0,0,0"
25.25,17,AV,1,0,0,43,601.3137559373858,0.4,-3.033653771456464,"0.2118958333333333,0.23228030303030298,0.3116550387596899,0.4,0.43,0.028918619635236016","0,0,0"
47.03333333333333,265,AV,2,0,0,89,6248.181898567973,0.2,-14.842061715285201,"0.2336904761904762,0.26173095238095234,0.35538333333333333,0.2,0.89,0.3004900419328989","0,0,0"
34.21666666666667,201,AV,0,0,0,73,3458.1247672483346,0.2,-5.976035477408107,"0.2025263157894737,0.23570289855072463,0.31683333333333336,0.2,0.73,0.16630950781983606","0,0,0"
35.233333333333334,175,AV,1,0,0,72,2942.323800284961,0.8,-22.44300509697781,"0.3252777777777778,0.29692640692640687,0.3612991452991453,0.8,0.72,0.1415034031468308","0,0,0"
20.3,3,AV,1,0,0,27,457.16351791608827,0.1,-1.7343540255983987,"0.38921153846153844,0.2951233766233766,0.39241975308641974,0.1,0.27,0.021986089217454062","0,0,0"
23.333333333333332,247,AV,2,0,0,3,5064.807770076448,0.2,-5.9686286852752755,"0.2718733333333333,0.2533435897435897,0.31433333333333335,0.2,0.03,0.24357874401210303","0,0,0"
32.266666666666666,224,AV,1,0,0,68,4223.122456076251,0.4,-15.264250967952227,"0.326,0.2653244444444444,0.35017261904761904,0.4,0.68,0.20310008007368746","0,0,0"
35.11666666666667,219,AV,1,0,0,81,3987.5502105766736,0.2,-8.572195533404924,"0.28022916666666664,0.24719555555555556,0.3353072916666667,0.2,0.81,0.1917708462137355","0,0,0"
17.216666666666665,174,AV,0,0,0,36,2909.5116230827134,0.7,-8.854662687925547,"0.28468803418803423,0.24090509259259263,0.35238505747126436,0.7,0.36,0.13992538690731113","0,0,0"
42.46666666666667,88,AV,0,0,0,100,1460.106853854364,0.8,-12.526438598050238,"0.28351333333333334,0.23609003831417627,0.3074226190476191,0.8,1.0,0.07022003790282866","0,0,0"
20.783333333333335,60,AV,1,0,0,25,1017.530975349866,0.3,-3.102097381643034,"0.2752380952380953,0.2395185185185185,0.31536821705426354,0.3,0.25,0.048935503225503364","0,0,0"
36.81666666666667,163,AV,1,0,0,83,2580.565825479665,0.3,-8.69756301576336,"0.2687175925925926,0.24168333333333333,0.35927777777777775,0.3,0.83,0.12410559514707999","0,0,0"
19.25,255,AV,1,0,0,24,5654.280440205098,0.6,-17.99165128393154,"0.3106127450980391,0.26096323529411763,0.36432142857142863,0.6,0.24,0.2719278974523786","0,0,0"
26.766666666666666,142,AV,1,0,0,50,2193.4249838744518,0.4,-7.430371252697592,"0.33474999999999994,0.2852367424242424,0.36199305555555555,0.4,0.5,0.10548706425018813","0,0,0"
11.083333333333334,14,AV,1,0,0,2,571.0932451196882,0.1,-1.659838808082741,"0.26505769230769227,0.24703935185185188,0.3150689655172414,0.1,0.02,0.027465242843352784","0,0,0"
30.7,240,AV,2,0,0,15,4705.31956239884,0.5,-18.23905436434904,"0.3756987179487179,0.2842764705882353,0.3570114942528736,0.5,0.15,0.2262900945532605","0,0,0"
32.35,200,AV,1,0,0,69,3456.1529418207683,0.2,-7.146795336762721,"0.2708850574712644,0.2285220588235294,0.3444457364341085,0.2,0.69,0.1662146780093356","0,0,0"
26.483333333333334,48,AV,1,0,0,49,923.9636394510808,0.7,-5.825440892935341,"0.3843095238095238,0.26735654008438814,0.3708737373737373,0.7,0.49,0.04443562579808411","0,0,0"
32.63333333333333,212,AV,0,0,0,68,3822.7735841463273,0.3,-9.450745805250643,"0.3505,0.2686547619047619,0.3670860215053764,0.3,0.68,0.18384634334403438","0,0,0"
35.56666666666667,162,AV,1,0,0,84,2574.4307659940623,0.1,-3.812220225013186,"0.23076282051282054,0.23382716049382712,0.316919191919192,0.1,0.84,0.12381054543309646","0,0,0"
19.05,275,AV,0,0,0,38,7658.5640246764915,0.2,-7.368466902529655,"0.28861538461538455,0.24702631578947368,0.3503684210526316,0.2,0.38,0.3683186985078447","0,0,0"
18.233333333333334,69,AV,1,0,0,20,1150.2916000513435,0.5,-4.148188153316855,"0.3225289855072464,0.2540162601626017,0.34276190476190477,0.5,0.2,0.05532027984231857","0,0,0"
42.75,185,AV,2,0,0,83,3048.604611013583,0.1,-3.2911072505260273,"0.29237962962962966,0.24213596491228068,0.3336847826086956,0.1,0.83,0.14661470204800806","0,0,0"
18.866666666666667,166,AV,1,0,0,20,2675.3892374750885,0.1,-2.7746383067431823,"0.3472380952380953,0.2595569620253164,0.34449145299145306,0.1,0.2,0.1286658802843062","0,0,0"
15.966666666666667,223,AV,1,0,0,15,4090.160813256426,0.7,-13.044031318896293,"0.24208974358974356,0.25334523809523807,0.3404509803921569,0.7,0.15,0.19670563601379967","0,0,0"
28.683333333333334,15,AV,1,0,0,54,572.7967315704935,0.1,-1.9148919086838465,"0.24721264367816087,0.23495714285714286,0.3233640350877193,0.1,0.54,0.027547167589358008","0,0,0"
14.6,78,AV,1,0,0,10,1291.2118623687816,0.3,-2.9281585750442582,"0.3150057471264367,0.28286529680365297,0.32539912280701766,0.3,0.1,0.062097472987522495","0,0,0"
44.86666666666667,109,AV,2,0,0,90,1684.196745492046,0.1,-1.9081892419463755,"0.2822536231884058,0.2597820512820513,0.3557692307692308,0.1,0.9,0.08099705784688291","0,0,0"
32.5,231,AV,0,0,0,71,4572.8741748457805,0.1,-3.7529901687496943,"0.2754141414141414,0.24276096491228066,0.30156451612903223,0.1,0.71,0.21992047844641197","0,0,0"
24.333333333333332,279,AV,1,0,0,43,8331.964781214912,0.5,-27.099050043294977,"0.3629949494949494,0.2592552742616034,0.3535714285714286,0.5,0.43,0.4007041547661289","0,0,0"
21.1,221,AV,1,0,0,28,4034.238052294327,0.2,-5.799112267849005,"0.2673589743589744,0.24038759689922476,0.32490650406504057,0.2,0.28,0.19401617641430308","0,0,0"
19.316666666666666,155,AV,1,0,0,20,2472.005569054355,0.4,-6.323323997531982,"0.2627976190476191,0.23385641025641024,0.33695045045045047,0.4,0.2,0.11888467223941558","0,0,0"
35.75,44,AV,1,0,0,84,859.2772315809713,0.1,-2.27573638962171,"0.31107936507936507,0.23663291139240505,0.330515625,0.1,0.84,0.041324701415771756","0,0,0"
46.666666666666664,115,AV,2,0,0,73,1830.3424648913517,0.1,-2.156969234720448,"0.3033636363636364,0.2612921810699588,0.3472657657657658,0.1,0.73,0.08802555574651609","0,0,0"
32.18333333333333,235,AV,2,0,0,38,4635.813442599864,0.1,-3.7675739720792665,"0.352,0.2649413145539906,0.3459736842105264,0.1,0.38,0.222947378673338","0,0,0"
16.233333333333334,1,AV,1,0,0,15,437.5592869272848,0.3,-2.0381095271050196,"0.3159133333333334,0.2783706140350877,0.3807272727272727,0.3,0.15,0.0210432747655832","0,0,0"
22.016666666666666,199,AV,2,0,0,3,3414.9419898187493,0.3,-5.695881778472939,"0.3343484848484848,0.2852895833333333,0.36896491228070183,0.3,0.03,0.1642327445611401","0,0,0"
24.966666666666665,177,AV,1,0,0,44,2953.464044858564,0.1,-3.3620745535345664,"0.3244166666666667,0.26275974025974025,0.32815503875968993,0.1,0.44,0.14203916420715332","0,0,0"
25.5,112,AV,1,0,0,41,1799.695682844959,0.2,-3.8177898945730533,"0.2590735294117647,0.2690855855855856,0.364109375,0.2,0.41,0.0865516785496407","0,0,0"
40.55,245,AV,2,0,0,85,4950.077303955518,0.5,-25.34414579234801,"0.3583,0.28894444444444445,0.36674999999999996,0.5,0.85,0.23806108093261413","0,0,0"
27.216666666666665,292,AV,2,0,0,28,13079.31179296209,0.4,-35.9570979089345,"0.2937,0.2836604166666667,0.3840761904761905,0.4,0.28,0.6290154500817918","0,0,0"
43.53333333333333,65,AV,2,0,0,94,1111.987968807459,0.1,-1.2224379522411966,"0.3200882352941176,0.27197008547008544,0.3415714285714286,0.1,0.94,0.05347816641708441","0,0,0"
16.983333333333334,104,AV,1,0,0,17,1588.8002265047048,0.5,-4.906960081667286,"0.258241935483871,0.26175925925925925,0.3250217391304348,0.5,0.17,0.07640921062090368","0,0,0"
36.88333333333333,173,AV,1,0,0,87,2857.8751728516777,0.4,-12.147268952055157,"0.32932222222222224,0.2384413145539906,0.3371724137931034,0.4,0.87,0.13744206626346972","0,0,0"
37.81666666666667,35,AV,1,0,0,88,806.3598325453933,0.4,-4.580185959672555,"0.2938827160493827,0.24341875000000002,0.3235128205128205,0.4,0.88,0.03877977687399022","0,0,0"
13.616666666666667,99,AV,0,0,0,25,1552.9853059451273,1.0,-5.340021022547007,"0.28889316239316243,0.2593989071038251,0.3401041666666667,1.0,0.25,0.074686785256937","0,0,0"
