travel_time,id,kind,action,origin,destination,start_time,income,urgency,reward,observation,cost_table
1.6666666666666667,150,AV,0,0,0,72,2458.2611968747465,1.0,-1.0410741625325575,"274,0,0,10,72,2458","0,0,0"
36.9,99,AV,0,0,0,42,1614.9493849180149,0.4,-0.8061528671798256,"89,0,0,4,42,1614","0,0,0"
76.93333333333334,117,AV,0,0,0,58,1880.1756700095973,0.2,-1.0012452450536322,"212,0,0,2,58,1880","0,0,0"
3.35,56,AV,0,0,0,2,1025.7249596144625,0.2,-0.2919952130077366,"0,0,0,2,2,1025","0,0,0"
109.96666666666667,188,AV,0,0,0,71,3097.4575811220984,0.1,-1.2190373919885176,"271,0,0,1,71,3097","0,0,0"
101.31666666666666,177,AV,0,0,0,66,2946.490055333797,0.1,-1.1335298781057777,"256,0,0,1,66,2946","0,0,0"
127.9,208,AV,0,0,0,68,3456.1529418207683,0.2,-1.496360342846515,"262,0,0,2,68,3456","0,0,0"
1.6666666666666667,221,AV,0,0,0,69,4061.843573313689,0.6,-0.6314382842627257,"264,0,0,6,69,4061","0,0,0"
167.1,191,AV,0,0,0,43,3151.1733449572957,0.3,-1.9900405266330448,"98,0,0,3,43,3151","0,0,0"
1.6666666666666667,53,AV,0,0,0,52,1014.5614647146556,0.2,-0.2758055183644048,"167,0,0,2,52,1014","0,0,0"
103.01666666666667,245,AV,0,0,0,76,4951.479839002994,0.5,-1.5422842561451449,"279,0,0,5,76,4951","0,0,0"
1.6666666666666667,253,AV,0,0,0,71,5480.041794665195,0.2,-0.2276154882720803,"271,0,0,2,71,5480","0,0,0"
156.53333333333333,71,AV,0,0,0,41,1150.4391077840953,0.4,-2.017487332266461,"84,0,0,4,41,1150","0,0,0"
123.85,247,AV,0,0,0,88,4968.170350229253,0.5,-1.7505768805758102,"295,0,0,5,88,4968","0,0,0"
66.5,273,AV,0,0,0,60,7897.119961473183,0.1,-0.772597706542729,"221,0,0,1,60,7897","0,0,0"
94.48333333333333,85,AV,0,0,0,58,1434.4967426379471,0.2,-1.1866598486655773,"212,0,0,2,58,1434","0,0,0"
13.7,103,AV,0,0,0,21,1653.1781197118603,0.2,-0.37329372980720166,"14,0,0,2,21,1653","0,0,0"
1.6666666666666667,284,AV,0,0,0,55,11049.706566164488,0.4,-0.42209667511446813,"188,0,0,4,55,11049","0,0,0"
1.6666666666666667,168,AV,0,0,0,61,2780.081336731352,0.2,-0.23824876903441405,"229,0,0,2,61,2780","0,0,0"
104.98333333333333,34,AV,0,0,0,64,857.6590975250949,0.7,-1.819791199078755,"244,0,0,7,64,857","0,0,0"
147.73333333333332,261,AV,0,0,0,38,5899.132481879994,0.7,-2.187504320369867,"72,0,0,7,38,5899","0,0,0"
1.6666666666666667,11,AV,0,0,0,51,626.2908344343901,0.5,-0.6124688031520051,"159,0,0,5,51,626","0,0,0"
170.55,124,AV,0,0,0,46,1997.7276787447236,0.3,-2.035534123588707,"115,0,0,3,46,1997","0,0,0"
1.6666666666666667,229,AV,0,0,0,56,4547.885280126284,0.2,-0.22985961158596638,"196,0,0,2,56,4547","0,0,0"
1.6666666666666667,166,AV,0,0,0,60,2761.3662775036096,0.2,-0.23839504094602615,"221,0,0,2,60,2761","0,0,0"
41.68333333333333,24,AV,0,0,0,43,779.2240782816187,0.4,-0.8938330073325182,"98,0,0,4,43,779","0,0,0"
1.6666666666666667,250,AV,0,0,0,44,5158.4050556257225,0.1,-0.12829816891454937,"105,0,0,1,44,5158","0,0,0"
24.433333333333334,282,AV,0,0,0,28,9030.678864893336,0.1,-0.350977352116157,"26,0,0,1,28,9030","0,0,0"
5.2,112,AV,0,0,0,9,1804.2001824470888,0.2,-0.28525573325162856,"2,0,0,2,9,1804","0,0,0"
55.86666666666667,176,AV,0,0,0,50,2942.323800284961,0.5,-1.0790587118909851,"148,0,0,5,50,2942","0,0,0"
1.6666666666666667,266,AV,0,0,0,51,6248.181898567973,0.3,-0.32626946008306057,"159,0,0,3,51,6248","0,0,0"
129.93333333333334,175,AV,0,0,0,48,2898.378436294527,0.1,-1.4200345638036747,"133,0,0,1,48,2898","0,0,0"
1.6666666666666667,92,AV,0,0,0,53,1519.7273932229994,0.3,-0.3561474316167236,"176,0,0,3,53,1519","0,0,0"
1.6666666666666667,120,AV,0,0,0,51,1929.5758599688188,0.2,-0.24776158303910178,"159,0,0,2,51,1929","0,0,0"
62.93333333333333,234,AV,0,0,0,48,4617.1597275219765,0.2,-0.8423283353564064,"133,0,0,2,48,4617","0,0,0"
140.71666666666667,190,AV,0,0,0,36,3132.463358685509,0.3,-1.7263209210440198,"61,0,0,3,36,3132","0,0,0"
1.6666666666666667,121,AV,0,0,0,59,1945.516475481125,0.3,-0.3475068064219273,"215,0,0,3,59,1945","0,0,0"
1.6666666666666667,86,AV,0,0,0,64,1447.5744631551047,0.1,-0.15811531164291553,"244,0,0,1,64,1447","0,0,0"
156.68333333333334,264,AV,0,0,0,40,6007.794801579103,0.3,-1.8768203588529515,"80,0,0,3,40,6007","0,0,0"
69.78333333333333,222,AV,0,0,0,56,4104.202624979457,0.1,-0.8124524945888769,"196,0,0,1,56,4104","0,0,0"
1.6666666666666667,33,AV,0,0,0,50,835.7777612710734,0.5,-0.588456085792572,"148,0,0,5,50,835","0,0,0"
1.6666666666666667,169,AV,0,0,0,51,2793.3389947689566,0.3,-0.3381463367362003,"159,0,0,3,51,2793","0,0,0"
170.55,145,AV,0,0,0,46,2382.718205806423,0.5,-2.230681324360466,"115,0,0,5,46,2382","0,0,0"
1.6666666666666667,90,AV,0,0,0,56,1503.4428459110418,0.2,-0.2565750676831628,"196,0,0,2,56,1503","0,0,0"
160.03333333333333,246,AV,0,0,0,42,4959.361066312568,0.3,-1.9124316660011365,"89,0,0,3,42,4959","0,0,0"
1.6666666666666667,269,AV,0,0,0,50,7099.697064525982,0.2,-0.22511773147333192,"148,0,0,2,50,7099","0,0,0"
1.6666666666666667,227,AV,0,0,0,50,4304.4895651906745,0.3,-0.33060560160687535,"148,0,0,3,50,4304","0,0,0"
78.81666666666666,129,AV,0,0,0,56,2123.4400354784907,0.1,-0.9164227035678828,"196,0,0,1,56,2123","0,0,0"
17.35,159,AV,0,0,0,24,2574.4307659940623,0.2,-0.3968061229661122,"18,0,0,2,24,2574","0,0,0"
105.08333333333333,5,AV,0,0,0,68,522.2875039790788,0.4,-1.565712589572256,"262,0,0,4,68,522","0,0,0"
22.533333333333335,23,AV,0,0,0,26,779.0639592631991,0.1,-0.40234883287812695,"23,0,0,1,26,779","0,0,0"
31.233333333333334,140,AV,0,0,0,30,2302.618320259251,0.3,-0.638390626229902,"34,0,0,3,30,2302","0,0,0"
1.6666666666666667,198,AV,0,0,0,47,3301.717979419838,0.9,-0.9348390243222842,"124,0,0,9,47,3301","0,0,0"
1.6666666666666667,238,AV,0,0,0,69,4662.282088415262,0.1,-0.12953590084472869,"264,0,0,1,69,4662","0,0,0"
158.13333333333333,20,AV,0,0,0,41,753.5670156580491,0.4,-2.0609546526762523,"84,0,0,4,41,753","0,0,0"
151.41666666666666,220,AV,0,0,0,39,4021.28082322038,1.0,-2.529087285901597,"74,0,0,10,39,4021","0,0,0"
1.6666666666666667,100,AV,0,0,0,55,1614.9573615816892,1.0,-1.053819350339526,"188,0,0,10,55,1614","0,0,0"
161.88333333333333,104,AV,0,0,0,42,1659.6531244520008,1.0,-2.654985466038661,"89,0,0,10,42,1659","0,0,0"
167.03333333333333,200,AV,0,0,0,43,3361.758609282253,0.7,-2.388181134729404,"98,0,0,7,43,3361","0,0,0"
1.6666666666666667,160,AV,0,0,0,49,2580.565825479665,0.2,-0.23991738145471028,"139,0,0,2,49,2580","0,0,0"
50.766666666666666,167,AV,0,0,0,43,2767.495209174315,0.5,-1.0293469209995734,"98,0,0,5,43,2767","0,0,0"
1.6666666666666667,1,AV,0,0,0,50,477.1303205766694,0.2,-0.34241847369390144,"148,0,0,2,50,477","0,0,0"
71.46666666666667,52,AV,0,0,0,57,985.8695826897422,0.1,-0.8755266435373419,"206,0,0,1,57,985","0,0,0"
52.28333333333333,73,AV,0,0,0,47,1244.4027248274256,0.2,-0.7710492354708995,"124,0,0,2,47,1244","0,0,0"
12.5,289,AV,0,0,0,20,13079.31179296209,0.1,-0.22958739733020858,"11,0,0,1,20,13079","0,0,0"
6.8,82,AV,0,0,0,11,1342.087988935639,0.9,-1.0127064577692733,"4,0,0,9,11,1342","0,0,0"
128.0,72,AV,0,0,0,55,1194.3606142611325,0.4,-1.7302360838791708,"188,0,0,4,55,1194","0,0,0"
1.6666666666666667,54,AV,0,0,0,59,1017.530975349866,0.8,-0.8756329305480879,"215,0,0,8,59,1017","0,0,0"
117.48333333333333,25,AV,0,0,0,75,802.5586880039084,0.1,-1.349594221099971,"278,0,0,1,75,802","0,0,0"
43.416666666666664,254,AV,0,0,0,47,5557.427333357366,0.1,-0.54496302915617,"124,0,0,1,47,5557","0,0,0"
1.6666666666666667,207,AV,0,0,0,54,3398.605365942332,0.4,-0.4343209670456587,"185,0,0,4,54,3398","0,0,0"
8.7,87,AV,0,0,0,13,1460.8215047913693,0.2,-0.32807277980451766,"6,0,0,2,13,1460","0,0,0"
152.93333333333334,225,AV,0,0,0,39,4223.122456076251,0.1,-1.643540830422051,"74,0,0,1,39,4223","0,0,0"
32.96666666666667,75,AV,0,0,0,30,1260.6549751070208,0.2,-0.5772609737409765,"34,0,0,2,30,1260","0,0,0"
106.66666666666667,186,AV,0,0,0,79,3048.604611013583,0.2,-1.2863478020238854,"286,0,0,2,79,3048","0,0,0"
123.05,142,AV,0,0,0,34,2318.2944376966047,1.0,-2.2563810956125203,"51,0,0,10,34,2318","0,0,0"
1.6666666666666667,299,AV,0,0,0,81,20793.30768626012,0.4,-0.41955221046303187,"288,0,0,4,81,20793","0,0,0"
1.6666666666666667,59,AV,0,0,0,72,1047.1205397958274,1.0,-1.07396666004823,"274,0,0,10,72,1047","0,0,0"
140.73333333333332,115,AV,0,0,0,36,1832.3133019091129,0.2,-1.64007882502271,"61,0,0,2,36,1832","0,0,0"
1.6666666666666667,0,AV,0,0,0,53,381.3218977270381,0.1,-0.27401404261765344,"176,0,0,1,53,381","0,0,0"
1.6666666666666667,241,AV,0,0,0,65,4754.245589533712,0.1,-0.12928696548591312,"250,0,0,1,65,4754","0,0,0"
76.91666666666667,224,AV,0,0,0,60,4200.245935785981,0.1,-0.8834515444850823,"221,0,0,1,60,4200","0,0,0"
48.96666666666667,233,AV,0,0,0,33,4572.8741748457805,0.1,-0.6027875175157988,"42,0,0,1,33,4572","0,0,0"
133.58333333333334,197,AV,0,0,0,35,3278.222126324269,1.0,-2.3541359369056165,"55,0,0,10,35,3278","0,0,0"
71.88333333333334,14,AV,0,0,0,51,636.6552097563458,1.0,-1.8130758669379239,"159,0,0,10,51,636","0,0,0"
69.66666666666667,12,AV,0,0,0,56,627.4062491148882,0.2,-0.992298484304194,"196,0,0,2,56,627","0,0,0"
1.6666666666666667,68,AV,0,0,0,48,1141.0395517097602,0.4,-0.46925029526227025,"133,0,0,4,48,1141","0,0,0"
139.0,171,AV,0,0,0,36,2813.5576138103806,0.4,-1.8113253141522638,"61,0,0,4,36,2813","0,0,0"
172.08333333333334,203,AV,0,0,0,66,3368.9508766880413,0.1,-1.8386430320188143,"256,0,0,1,66,3368","0,0,0"
15.783333333333333,50,AV,0,0,0,22,979.5720138781878,0.1,-0.31908457280316693,"16,0,0,1,22,979","0,0,0"
45.45,219,AV,0,0,0,47,3942.222625638348,0.4,-0.8697198406071206,"124,0,0,4,47,3942","0,0,0"
89.36666666666666,172,AV,0,0,0,55,2818.3733061874163,0.5,-1.4149555427244538,"188,0,0,5,55,2818","0,0,0"
57.3,206,AV,0,0,0,49,3393.6426315430986,0.2,-0.7906801173589446,"139,0,0,2,49,3393","0,0,0"
120.85,133,AV,0,0,0,78,2212.8825544422834,0.2,-1.4356139559031507,"281,0,0,2,78,2212","0,0,0"
68.15,44,AV,0,0,0,56,946.1123250925148,0.1,-0.8449174171593559,"196,0,0,1,56,946","0,0,0"
113.73333333333333,240,AV,0,0,0,62,4747.153558918807,0.1,-1.2499724863026478,"236,0,0,1,62,4747","0,0,0"
1.6666666666666667,135,AV,0,0,0,49,2218.7455195521825,0.3,-0.3437089747958612,"139,0,0,3,49,2218","0,0,0"
1.6666666666666667,232,AV,0,0,0,59,4569.840806868062,0.4,-0.4297962268714391,"215,0,0,4,59,4569","0,0,0"
18.95,218,AV,0,0,0,24,3933.772930850901,0.1,-0.304752532633352,"18,0,0,1,24,3933","0,0,0"
149.71666666666667,69,AV,0,0,0,39,1148.2139867956057,1.0,-2.5494217347027615,"74,0,0,10,39,1148","0,0,0"
1.6666666666666667,9,AV,0,0,0,51,615.3970356119416,0.1,-0.21416469887661532,"159,0,0,1,51,615","0,0,0"
149.53333333333333,259,AV,0,0,0,38,5825.994272151124,0.5,-2.0056320046325498,"72,0,0,5,38,5825","0,0,0"
12.316666666666666,131,AV,0,0,0,20,2193.4249838744518,0.5,-0.6505211467337335,"11,0,0,5,20,2193","0,0,0"
99.66666666666667,6,AV,0,0,0,69,548.7192496267361,0.3,-1.4060122018211465,"264,0,0,3,69,548","0,0,0"
109.75,265,AV,0,0,0,90,6230.691172258436,0.1,-1.207129750270266,"297,0,0,1,90,6230","0,0,0"
1.6666666666666667,127,AV,0,0,0,78,2113.1349678504243,0.2,-0.24506049901190238,"281,0,0,2,78,2113","0,0,0"
108.26666666666667,49,AV,0,0,0,78,978.4447105201264,0.2,-1.3439884760186789,"281,0,0,2,78,978","0,0,0"
142.31666666666666,297,AV,0,0,0,37,18628.94525544202,0.2,-1.6263874609294269,"67,0,0,2,37,18628","0,0,0"
1.6666666666666667,116,AV,0,0,0,62,1848.7234685638712,0.1,-0.14912149348108977,"236,0,0,1,62,1848","0,0,0"
1.6666666666666667,29,AV,0,0,0,62,816.2772675203604,0.1,-0.1901711024599903,"236,0,0,1,62,816","0,0,0"
118.71666666666667,292,AV,0,0,0,85,14505.369879802229,0.2,-1.391303065841399,"292,0,0,2,85,14505","0,0,0"
73.76666666666667,213,AV,0,0,0,33,3783.636689084741,0.3,-1.0535244259946412,"42,0,0,3,33,3783","0,0,0"
163.58333333333334,210,AV,0,0,0,42,3724.6301341612702,0.4,-2.051942315390289,"89,0,0,4,42,3724","0,0,0"
117.03333333333333,105,AV,0,0,0,80,1661.9571573900298,0.2,-1.406435346994278,"287,0,0,2,80,1661","0,0,0"
168.91666666666666,7,AV,0,0,0,44,610.4868582393152,0.2,-1.987448880591867,"105,0,0,2,44,610","0,0,0"
1.6666666666666667,46,AV,0,0,0,52,948.3478854920526,0.1,-0.17993458861586664,"167,0,0,1,52,948","0,0,0"
113.6,173,AV,0,0,0,69,2853.537244729806,0.2,-1.357026534737128,"264,0,0,2,69,2853","0,0,0"
1.6666666666666667,139,AV,0,0,0,65,2294.767722006211,0.5,-0.5428131038091347,"250,0,0,5,65,2294","0,0,0"
1.6666666666666667,15,AV,0,0,0,50,639.9143284368583,0.2,-0.3104292178921786,"148,0,0,2,50,639","0,0,0"
1.6666666666666667,231,AV,0,0,0,60,4559.760277629775,0.7,-0.7298252531595488,"221,0,0,7,60,4559","0,0,0"
1.6666666666666667,110,AV,0,0,0,59,1782.711710770346,0.5,-0.5503232582723127,"215,0,0,5,59,1782","0,0,0"
131.75,61,AV,0,0,0,50,1074.3823512953045,0.1,-1.4733460402180494,"148,0,0,1,50,1074","0,0,0"
38.333333333333336,183,AV,0,0,0,32,3001.8426729260827,0.1,-0.5033210563879578,"39,0,0,1,32,3001","0,0,0"
85.51666666666667,274,AV,0,0,0,57,7912.643587116454,1.0,-1.8627494674511849,"206,0,0,10,57,7912","0,0,0"
1.6666666666666667,10,AV,0,0,0,58,617.4453946714843,0.1,-0.21384125168713375,"212,0,0,1,58,617","0,0,0"
33.06666666666667,212,AV,0,0,0,40,3759.463069718096,0.3,-0.646626392533717,"80,0,0,3,40,3759","0,0,0"
1.6666666666666667,211,AV,0,0,0,53,3729.3449139509553,0.1,-0.1327552831353522,"176,0,0,1,53,3729","0,0,0"
64.28333333333333,236,AV,0,0,0,54,4656.548587392589,0.3,-0.9557184131030254,"185,0,0,3,54,4656","0,0,0"
10.266666666666667,62,AV,0,0,0,18,1076.386102050743,1.0,-1.1584087464702681,"9,0,0,10,18,1076","0,0,0"
54.083333333333336,157,AV,0,0,0,49,2530.9644311939346,0.1,-0.6645397115267623,"139,0,0,1,49,2530","0,0,0"
1.6666666666666667,144,AV,0,0,0,63,2337.3116255789537,0.2,-0.24233718459990888,"242,0,0,2,63,2337","0,0,0"
56.13333333333333,91,AV,0,0,0,33,1509.578116022191,0.9,-1.501079537496721,"42,0,0,9,33,1509","0,0,0"
1.6666666666666667,204,AV,0,0,0,86,3382.383844415393,0.1,-0.13440563502741767,"293,0,0,1,86,3382","0,0,0"
80.26666666666667,272,AV,0,0,0,61,7572.106998522375,0.2,-1.010590484966079,"229,0,0,2,61,7572","0,0,0"
1.6666666666666667,38,AV,0,0,0,53,905.8209551718018,0.3,-0.3829049223146828,"176,0,0,3,53,905","0,0,0"
13.7,256,AV,0,0,0,20,5590.116807812239,0.2,-0.34773322831396825,"11,0,0,2,20,5590","0,0,0"
1.6666666666666667,113,AV,0,0,0,46,1805.1606101798543,0.1,-0.14990470635224457,"115,0,0,1,46,1805","0,0,0"
135.03333333333333,285,AV,0,0,0,52,11185.875164713363,0.1,-1.4556972408610407,"167,0,0,1,52,11185","0,0,0"
46.93333333333333,136,AV,0,0,0,43,2225.3307045190536,0.2,-0.6962956180302353,"98,0,0,2,43,2225","0,0,0"
96.48333333333333,143,AV,0,0,0,45,2335.4036410281064,0.4,-1.3905248236375902,"109,0,0,4,45,2335","0,0,0"
154.85,242,AV,0,0,0,40,4756.448820673547,0.2,-1.7611144529799656,"80,0,0,2,40,4756","0,0,0"
87.21666666666667,81,AV,0,0,0,63,1297.4303329633815,0.1,-1.0184119242929144,"242,0,0,1,63,1297","0,0,0"
1.6666666666666667,187,AV,0,0,0,52,3065.2253709468137,0.2,-0.23624108379393544,"167,0,0,2,52,3065","0,0,0"
158.23333333333332,189,AV,0,0,0,41,3131.512437779759,0.4,-2.001493404127285,"84,0,0,4,41,3131","0,0,0"
83.78333333333333,132,AV,0,0,0,57,2198.5025098873134,0.7,-1.5651246371777283,"206,0,0,7,57,2198","0,0,0"
1.6666666666666667,80,AV,0,0,0,61,1293.252850487379,0.7,-0.7630613063362318,"229,0,0,7,61,1293","0,0,0"
123.9,107,AV,0,0,0,82,1697.366940102563,0.4,-1.674348868051109,"289,0,0,4,82,1697","0,0,0"
120.7,138,AV,0,0,0,71,2280.385817754286,0.9,-2.133311337113598,"271,0,0,9,71,2280","0,0,0"
48.63333333333333,18,AV,0,0,0,48,741.34301771214,1.0,-1.5672675278512316,"133,0,0,10,48,741","0,0,0"
1.6666666666666667,260,AV,0,0,0,62,5844.130995646287,0.4,-0.42693337698590805,"236,0,0,4,62,5844","0,0,0"
29.633333333333333,3,AV,0,0,0,29,508.6019702527906,0.1,-0.5143037768417967,"32,0,0,1,29,508","0,0,0"
61.016666666666666,244,AV,0,0,0,47,4950.077303955518,0.1,-0.7222876894943414,"124,0,0,1,47,4950","0,0,0"
59.333333333333336,295,AV,0,0,0,45,16390.717038727882,0.5,-1.0969939419484556,"109,0,0,5,45,16390","0,0,0"
106.81666666666666,202,AV,0,0,0,61,3366.895459871004,0.4,-1.4859872377877847,"229,0,0,4,61,3366","0,0,0"
1.6666666666666667,42,AV,0,0,0,67,934.0011274976006,0.2,-0.2809064178121,"261,0,0,2,67,934","0,0,0"
115.41666666666667,164,AV,0,0,0,72,2750.2432356670683,0.2,-1.3759829188518837,"274,0,0,2,72,2750","0,0,0"
1.6666666666666667,163,AV,0,0,0,53,2744.255474143275,0.1,-0.1385305202930246,"176,0,0,1,53,2744","0,0,0"
151.25,79,AV,0,0,0,39,1291.2118623687816,0.1,-1.65896797458159,"74,0,0,1,39,1291","0,0,0"
119.51666666666667,278,AV,0,0,0,34,8348.421721831439,0.2,-1.402353653860078,"51,0,0,2,34,8348","0,0,0"
163.76666666666668,216,AV,0,0,0,42,3824.993837156676,0.3,-1.9533529664502507,"89,0,0,3,42,3824","0,0,0"
97.96666666666667,154,AV,0,0,0,59,2520.718778515204,0.1,-1.1034694012324568,"215,0,0,1,59,2520","0,0,0"
5.3,93,AV,0,0,0,10,1527.6889462703334,0.2,-0.2922750108891491,"3,0,0,2,10,1527","0,0,0"
90.71666666666667,156,AV,0,0,0,61,2528.765907819195,0.3,-1.230893655319303,"229,0,0,3,61,2528","0,0,0"
20.683333333333334,279,AV,0,0,0,25,8436.938288223368,0.7,-0.9139449178857236,"21,0,0,7,25,8436","0,0,0"
47.03333333333333,51,AV,0,0,0,46,979.573716991658,0.1,-0.6315844663100983,"115,0,0,1,46,979","0,0,0"
139.06666666666666,192,AV,0,0,0,36,3159.4556453821087,0.3,-1.7096572798400773,"61,0,0,3,36,3159","0,0,0"
92.71666666666667,4,AV,0,0,0,52,513.3463032142733,0.2,-1.2440468304553511,"167,0,0,2,52,513","0,0,0"
92.96666666666667,39,AV,0,0,0,54,921.9548251796884,0.2,-1.1947457772275405,"185,0,0,2,54,921","0,0,0"
91.0,114,AV,0,0,0,55,1823.811293294481,0.3,-1.2428981404055337,"188,0,0,3,55,1823","0,0,0"
34.71666666666667,102,AV,0,0,0,30,1635.9686818612918,0.1,-0.4838421853763135,"34,0,0,1,30,1635","0,0,0"
154.73333333333332,226,AV,0,0,0,40,4227.85786318916,0.1,-1.6615249173320301,"80,0,0,1,40,4227","0,0,0"
168.88333333333333,13,AV,0,0,0,43,632.5893922142865,0.6,-2.3836815883601505,"98,0,0,6,43,632","0,0,0"
1.6666666666666667,255,AV,0,0,0,53,5578.433439706214,0.1,-0.12742237445604918,"176,0,0,1,53,5578","0,0,0"
1.6666666666666667,179,AV,0,0,0,52,2965.4163440895786,1.0,-1.0368999132121601,"167,0,0,10,52,2965","0,0,0"
142.53333333333333,43,AV,0,0,0,36,938.3100494872764,0.2,-1.6892780816953337,"61,0,0,2,36,938","0,0,0"
1.6666666666666667,8,AV,0,0,0,82,614.9217871931492,0.9,-1.0142400512004526,"289,0,0,9,82,614","0,0,0"
122.16666666666667,65,AV,0,0,0,88,1117.0806745336297,0.5,-1.7753780962597436,"295,0,0,5,88,1117","0,0,0"
1.6666666666666667,293,AV,0,0,0,56,14754.343640924068,0.5,-0.5207332657279478,"196,0,0,5,56,14754","0,0,0"
26.166666666666668,252,AV,0,0,0,28,5458.612723313221,0.8,-1.0726584704529558,"26,0,0,8,28,5458","0,0,0"
3.3333333333333335,137,AV,0,0,0,5,2276.662146114732,0.1,-0.15968770484269137,"1,0,0,1,5,2276","0,0,0"
26.133333333333333,36,AV,0,0,0,28,870.7377108213431,0.7,-1.0302404212592755,"26,0,0,7,28,870","0,0,0"
98.05,31,AV,0,0,0,57,825.4433072334436,0.1,-1.153188214289478,"206,0,0,1,57,825","0,0,0"
65.06666666666666,181,AV,0,0,0,33,2969.8754393798326,0.7,-1.370869534168924,"42,0,0,7,33,2969","0,0,0"
22.483333333333334,287,AV,0,0,0,27,11662.42845360034,0.5,-0.7299780594286499,"24,0,0,5,27,11662","0,0,0"
1.6666666666666667,290,AV,0,0,0,50,13748.957190518822,0.5,-0.5210306339965944,"148,0,0,5,50,13748","0,0,0"
146.11666666666667,185,AV,0,0,0,37,3031.4508351358254,0.4,-1.8809591697495387,"67,0,0,4,37,3031","0,0,0"
1.6666666666666667,152,AV,0,0,0,49,2478.182963693478,0.1,-0.14087795408128764,"139,0,0,1,49,2478","0,0,0"
75.56666666666666,97,AV,0,0,0,33,1588.8002265047048,0.3,-1.093431011736026,"42,0,0,3,33,1588","0,0,0"
165.43333333333334,223,AV,0,0,0,42,4159.866430607663,0.2,-1.8687568733678233,"89,0,0,2,42,4159","0,0,0"
1.6666666666666667,28,AV,0,0,0,50,814.1496548969513,0.1,-0.19036319118044825,"148,0,0,1,50,814","0,0,0"
111.66666666666667,37,AV,0,0,0,83,871.0408974081768,0.9,-2.0855497698349943,"291,0,0,9,83,871","0,0,0"
38.13333333333333,280,AV,0,0,0,42,8480.737499651503,0.4,-0.788408189736148,"89,0,0,4,42,8480","0,0,0"
84.6,64,AV,0,0,0,33,1111.987968807459,0.4,-1.2999574183202238,"42,0,0,4,33,1111","0,0,0"
126.76666666666667,214,AV,0,0,0,34,3803.247088152212,0.1,-1.38344265981392,"51,0,0,1,34,3803","0,0,0"
1.6666666666666667,118,AV,0,0,0,69,1900.764377468582,0.1,-0.14823291480937828,"264,0,0,1,69,1900","0,0,0"
1.6666666666666667,209,AV,0,0,0,49,3531.3895067900216,0.1,-0.13365714587736666,"139,0,0,1,49,3531","0,0,0"
1.6666666666666667,21,AV,0,0,0,52,761.8437659652793,0.1,-0.19542297167361014,"167,0,0,1,52,761","0,0,0"
45.11666666666667,199,AV,0,0,0,46,3313.1900178081896,0.2,-0.669276101886954,"115,0,0,2,46,3313","0,0,0"
1.6666666666666667,239,AV,0,0,0,51,4669.869929992837,0.1,-0.12951499026014457,"159,0,0,1,51,4669","0,0,0"
75.26666666666667,296,AV,0,0,0,55,17322.90883950548,0.5,-1.256130288195585,"188,0,0,5,55,17322","0,0,0"
19.133333333333333,2,AV,0,0,0,24,497.26542980048754,0.7,-1.011993239299596,"18,0,0,7,24,497","0,0,0"
61.0,95,AV,0,0,0,48,1567.0706205360798,0.1,-0.7482880000516342,"133,0,0,1,48,1567","0,0,0"
53.95,174,AV,0,0,0,46,2857.8751728516777,0.2,-0.7604946188587831,"115,0,0,2,46,2857","0,0,0"
1.6666666666666667,41,AV,0,0,0,73,932.1411738504048,0.1,-0.18103459899622723,"277,0,0,1,73,932","0,0,0"
1.6666666666666667,275,AV,0,0,0,60,8028.27043643778,0.4,-0.4241402564610113,"221,0,0,4,60,8028","0,0,0"
131.81666666666666,60,AV,0,0,0,35,1068.5648373754009,0.2,-1.5743167456336777,"55,0,0,2,35,1068","0,0,0"
133.61666666666667,70,AV,0,0,0,35,1150.2916000513435,0.7,-2.088327353571902,"55,0,0,7,35,1150","0,0,0"
1.6666666666666667,101,AV,0,0,0,69,1626.914224999384,0.2,-0.2535462999491298,"264,0,0,2,69,1626","0,0,0"
1.6666666666666667,78,AV,0,0,0,61,1275.9312017726234,0.9,-0.9636911456641576,"229,0,0,9,61,1275","0,0,0"
27.65,258,AV,0,0,0,28,5721.231751015957,0.3,-0.5869872521532352,"26,0,0,3,28,5721","0,0,0"
89.41666666666667,119,AV,0,0,0,64,1921.5023446668008,0.1,-1.0253922335604737,"244,0,0,1,64,1921","0,0,0"
66.43333333333334,196,AV,0,0,0,47,3269.866339895674,0.1,-0.7826827072107727,"124,0,0,1,47,3269","0,0,0"
1.6666666666666667,66,AV,0,0,0,78,1129.1321270070612,0.4,-0.46980482345531394,"281,0,0,4,78,1129","0,0,0"
96.08333333333333,262,AV,0,0,0,64,5960.007005011629,0.2,-1.17090043559505,"244,0,0,2,64,5960","0,0,0"
1.6666666666666667,153,AV,0,0,0,59,2496.2043409386315,0.2,-0.24070316040076484,"215,0,0,2,59,2496","0,0,0"
144.25,165,AV,0,0,0,36,2754.938443140308,0.1,-1.5642790710167762,"61,0,0,1,36,2754","0,0,0"
27.916666666666668,281,AV,0,0,0,28,8987.822610831106,0.4,-0.6858423658429827,"26,0,0,4,28,8987","0,0,0"
1.6666666666666667,158,AV,0,0,0,46,2563.744074524839,0.1,-0.14006993870001905,"115,0,0,1,46,2563","0,0,0"
40.13333333333333,17,AV,0,0,0,32,682.056612603955,0.1,-0.5893025706242556,"39,0,0,1,32,682","0,0,0"
17.333333333333332,57,AV,0,0,0,22,1038.299283744561,0.1,-0.3311201400270775,"16,0,0,1,22,1038","0,0,0"
1.6666666666666667,294,AV,0,0,0,48,15725.918848752755,0.2,-0.2204820240125275,"133,0,0,2,48,15725","0,0,0"
115.25,130,AV,0,0,0,78,2139.4702648744856,1.0,-2.180544325263628,"281,0,0,10,78,2139","0,0,0"
137.21666666666667,230,AV,0,0,0,35,4549.115907877681,0.3,-1.6853560426278504,"55,0,0,3,35,4549","0,0,0"
100.11666666666666,151,AV,0,0,0,33,2476.7926805910606,0.1,-1.1253915444572784,"42,0,0,1,33,2476","0,0,0"
52.4,276,AV,0,0,0,44,8029.700924090037,0.2,-0.7314722583776432,"105,0,0,2,44,8029","0,0,0"
1.6666666666666667,32,AV,0,0,0,52,832.3173438658397,0.5,-0.5887545553093805,"167,0,0,5,52,832","0,0,0"
1.6666666666666667,178,AV,0,0,0,62,2953.761118311176,0.3,-0.33697975144120834,"236,0,0,3,62,2953","0,0,0"
107.93333333333334,271,AV,0,0,0,94,7177.938863287724,0.2,-1.287692278866692,"298,0,0,2,94,7177","0,0,0"
36.81666666666667,96,AV,0,0,0,31,1572.8756307612184,0.1,-0.5063133572419171,"38,0,0,1,31,1572","0,0,0"
146.16666666666666,277,AV,0,0,0,37,8331.964781214912,0.1,-1.5688678492899149,"67,0,0,1,37,8331","0,0,0"
42.15,141,AV,0,0,0,46,2318.1098695731453,0.1,-0.5473831562677607,"115,0,0,1,46,2318","0,0,0"
29.516666666666666,63,AV,0,0,0,29,1097.8259349569896,0.3,-0.649820139580249,"32,0,0,3,29,1097","0,0,0"
1.6666666666666667,58,AV,0,0,0,51,1040.734547163155,1.0,-1.0743182553100423,"159,0,0,10,51,1040","0,0,0"
7.05,123,AV,0,0,0,11,1996.532829496936,0.2,-0.30055209787365134,"4,0,0,2,11,1996","0,0,0"
43.43333333333333,288,AV,0,0,0,45,11940.25564443948,0.2,-0.6393583513720336,"109,0,0,2,45,11940","0,0,0"
130.18333333333334,268,AV,0,0,0,34,6778.2755320215965,0.3,-1.6106851422803954,"51,0,0,3,34,6778","0,0,0"
59.36666666666667,248,AV,0,0,0,43,5003.647877951615,0.5,-1.1056579181422928,"98,0,0,5,43,5003","0,0,0"
24.35,88,AV,0,0,0,27,1475.2077210572677,0.4,-0.6841722383184102,"24,0,0,4,27,1475","0,0,0"
68.31666666666666,35,AV,0,0,0,45,863.3540159882258,0.1,-0.8526630712572236,"109,0,0,1,45,863","0,0,0"
1.6666666666666667,89,AV,0,0,0,60,1485.5718097438446,0.1,-0.1570551551977904,"221,0,0,1,60,1485","0,0,0"
1.6666666666666667,27,AV,0,0,0,61,807.7368269013535,0.3,-0.39094828662223124,"229,0,0,3,61,807","0,0,0"
94.55,22,AV,0,0,0,60,767.6170681366935,0.7,-1.7236639732759504,"221,0,0,7,60,767","0,0,0"
27.733333333333334,134,AV,0,0,0,28,2218.0502812558643,0.4,-0.7043841177574033,"26,0,0,4,28,2218","0,0,0"
1.6666666666666667,243,AV,0,0,0,45,4924.983441788647,0.2,-0.22884944874282515,"109,0,0,2,45,4924","0,0,0"
12.066666666666666,83,AV,0,0,0,18,1365.417472605012,0.2,-0.36460927118419123,"9,0,0,2,18,1365","0,0,0"
1.6666666666666667,148,AV,0,0,0,44,2421.832203454489,0.1,-0.14144129800339442,"105,0,0,1,44,2421","0,0,0"
1.6666666666666667,30,AV,0,0,0,50,822.5771428470101,1.0,-1.0896081537013476,"148,0,0,10,50,822","0,0,0"
1.6666666666666667,249,AV,0,0,0,70,5004.1281918097375,0.3,-0.3286567671797195,"270,0,0,3,70,5004","0,0,0"
85.35,47,AV,0,0,0,65,954.0002559944874,0.4,-1.3163930648844047,"250,0,0,4,65,954","0,0,0"
1.6666666666666667,146,AV,0,0,0,64,2392.7441380289174,0.4,-0.4417424777600444,"244,0,0,4,64,2392","0,0,0"
82.15,98,AV,0,0,0,57,1594.6992934726818,0.1,-0.9591246482616428,"206,0,0,1,57,1594","0,0,0"
147.8,128,AV,0,0,0,37,2117.047321722312,0.7,-2.206341359866811,"67,0,0,7,37,2117","0,0,0"
80.36666666666666,298,AV,0,0,0,56,19040.472291926453,0.1,-0.9068178490050082,"196,0,0,1,56,19040","0,0,0"
1.6666666666666667,26,AV,0,0,0,56,806.3598325453933,0.2,-0.29107513491911075,"196,0,0,2,56,806","0,0,0"
1.6666666666666667,147,AV,0,0,0,53,2421.0391237858234,0.4,-0.4414494136328441,"176,0,0,4,53,2421","0,0,0"
135.35,195,AV,0,0,0,35,3230.862018062417,0.4,-1.7720708952176119,"55,0,0,4,35,3230","0,0,0"
172.31666666666666,283,AV,0,0,0,47,9884.322174397852,0.2,-1.9292368856398412,"124,0,0,2,47,9884","0,0,0"
1.6666666666666667,228,AV,0,0,0,50,4459.768546990965,0.4,-0.4301202796440671,"148,0,0,4,50,4459","0,0,0"
1.6666666666666667,40,AV,0,0,0,53,932.0432837729122,0.6,-0.6810413593924378,"176,0,0,6,53,932","0,0,0"
87.28333333333333,19,AV,0,0,0,60,743.7818724069466,0.3,-1.2535021452873467,"221,0,0,3,60,743","0,0,0"
39.75,126,AV,0,0,0,42,2046.5713793034688,0.4,-0.8268173258488646,"89,0,0,4,42,2046","0,0,0"
1.6666666666666667,106,AV,0,0,0,66,1682.490559712908,0.1,-0.15232808518317717,"256,0,0,1,66,1682","0,0,0"
126.25,48,AV,0,0,0,65,961.7772661313056,0.3,-1.624884506385087,"250,0,0,3,65,961","0,0,0"
1.6666666666666667,182,AV,0,0,0,52,2971.291490045772,0.1,-0.13685990593686553,"167,0,0,1,52,2971","0,0,0"
1.6666666666666667,67,AV,0,0,0,65,1135.438045570021,0.8,-0.8695097083756297,"250,0,0,8,65,1135","0,0,0"
111.65,170,AV,0,0,0,86,2797.307504072895,0.4,-1.5379491970985097,"293,0,0,4,86,2797","0,0,0"
1.6666666666666667,74,AV,0,0,0,62,1249.5878531833848,0.4,-0.46468249832439856,"236,0,0,4,62,1249","0,0,0"
1.6666666666666667,291,AV,0,0,0,49,14297.77376075636,0.2,-0.2208631241714486,"139,0,0,2,49,14297","0,0,0"
1.6666666666666667,180,AV,0,0,0,56,2966.188350320237,0.1,-0.13689464712971522,"196,0,0,1,56,2966","0,0,0"
160.1,111,AV,0,0,0,41,1794.439334206041,0.5,-2.134436627728932,"84,0,0,5,41,1794","0,0,0"
1.6666666666666667,125,AV,0,0,0,66,2044.1603053436156,0.2,-0.24601857211319877,"256,0,0,2,66,2044","0,0,0"
1.6666666666666667,251,AV,0,0,0,64,5434.023139443809,0.1,-0.12770820963774449,"244,0,0,1,64,5434","0,0,0"
1.6666666666666667,84,AV,0,0,0,49,1389.0632502942228,0.5,-0.5598612440102766,"139,0,0,5,49,1389","0,0,0"
10.216666666666667,184,AV,0,0,0,17,3017.17067826153,0.2,-0.32205284693226954,"8,0,0,2,17,3017","0,0,0"
73.41666666666667,108,AV,0,0,0,55,1716.9764066453156,0.6,-1.3691118177868442,"188,0,0,6,55,1716","0,0,0"
78.66666666666667,263,AV,0,0,0,47,5984.209260784091,0.1,-0.8966930540113062,"124,0,0,1,47,5984","0,0,0"
43.733333333333334,76,AV,0,0,0,32,1261.43865123121,0.2,-0.6848980721665995,"39,0,0,2,32,1261","0,0,0"
144.11666666666667,77,AV,0,0,0,37,1275.6237969650936,0.1,-1.5882024778068708,"67,0,0,1,37,1275","0,0,0"
137.23333333333332,16,AV,0,0,0,35,676.2529471816457,0.2,-1.661057530765753,"55,0,0,2,35,676","0,0,0"
82.21666666666667,201,AV,0,0,0,57,3362.377553451843,0.1,-0.9400111826516142,"206,0,0,1,57,3362","0,0,0"
1.6666666666666667,237,AV,0,0,0,66,4660.29795945294,0.4,-0.4295413799408032,"256,0,0,4,66,4660","0,0,0"
1.6666666666666667,94,AV,0,0,0,77,1541.4014724042315,1.0,-1.0555922814881018,"280,0,0,10,77,1541","0,0,0"
161.73333333333332,193,AV,0,0,0,41,3169.820795106812,0.1,-1.7362618481858514,"84,0,0,1,41,3169","0,0,0"
1.6666666666666667,235,AV,0,0,0,46,4635.813442599864,0.3,-0.3296093790391367,"115,0,0,3,46,4635","0,0,0"
101.9,45,AV,0,0,0,33,946.2003450753726,0.3,-1.382411517774516,"42,0,0,3,33,946","0,0,0"
57.45,217,AV,0,0,0,45,3866.930621896856,0.4,-0.9900161821782487,"109,0,0,4,45,3866","0,0,0"
20.7,267,AV,0,0,0,25,6434.117121135291,1.0,-1.2163252887490823,"21,0,0,10,25,6434","0,0,0"
153.08333333333334,215,AV,0,0,0,39,3822.7735841463273,0.6,-2.1465287436628464,"74,0,0,6,39,3822","0,0,0"
31.333333333333332,194,AV,0,0,0,39,3225.188153267811,0.1,-0.4319368991250553,"74,0,0,1,39,3225","0,0,0"
8.683333333333334,162,AV,0,0,0,13,2722.266725979925,1.0,-1.1088737893354548,"6,0,0,10,13,2722","0,0,0"
1.6666666666666667,122,AV,0,0,0,55,1963.0347272178835,0.2,-0.24723158697504816,"188,0,0,2,55,1963","0,0,0"
62.983333333333334,109,AV,0,0,0,53,1778.835052690156,0.6,-1.26356327355981,"176,0,0,6,53,1778","0,0,0"
1.6666666666666667,205,AV,0,0,0,65,3386.12741774329,0.2,-0.23438602350055318,"250,0,0,2,65,3386","0,0,0"
15.5,149,AV,0,0,0,21,2446.4664131825853,0.3,-0.4795251680859769,"14,0,0,3,21,2446","0,0,0"
50.53333333333333,55,AV,0,0,0,47,1020.7360413649084,0.5,-1.0641144457546887,"124,0,0,5,47,1020","0,0,0"
1.6666666666666667,257,AV,0,0,0,99,5654.280440205098,0.2,-0.22727809647360842,"299,0,0,2,99,5654","0,0,0"
1.6666666666666667,286,AV,0,0,0,49,11515.391842589095,0.1,-0.1218770842382245,"139,0,0,1,49,11515","0,0,0"
103.9,161,AV,0,0,0,33,2648.588416164911,0.2,-1.2616535763857484,"42,0,0,2,33,2648","0,0,0"
34.78333333333333,270,AV,0,0,0,30,7128.986247371214,1.0,-1.3562496772450816,"34,0,0,10,30,7128","0,0,0"
165.68333333333334,155,AV,0,0,0,42,2520.757475212996,0.3,-1.9806357024981538,"89,0,0,3,42,2520","0,0,0"
