travel_time,id,kind,action,origin,destination,start_time,income,urgency,reward,observation,cost_table
16.833333333333332,217,AV,1,0,0,10,3882.59008652233,0.4,-6.601710416477361,"0.17856060606060606,0.29650529100529105,0.3190175438596492,0.4,0.1,0.1918348790411626","0,0,0"
12.55,183,AV,1,0,0,4,3158.0604616132755,0.2,-2.001699939052859,"0.1283452380952381,0.2611583333333333,0.3273240740740741,0.2,0.04,0.1560365975180513","0,0,0"
31.95,225,AV,2,0,0,32,4113.319853961603,0.1,-3.31870124580993,"0.15535416666666665,0.3058248175182482,0.33897747747747753,0.1,0.32,0.20323500525627752","0,0,0"
17.833333333333332,107,AV,1,0,0,15,1581.4824060924602,0.8,-5.697596547201792,"0.12335714285714286,0.3033916666666666,0.3548636363636363,0.8,0.15,0.07813945827853724","0,0,0"
34.516666666666666,283,AV,1,0,0,69,8981.750106371177,0.3,-23.486369280675135,"0.1947833333333333,0.3311122222222223,0.37706111111111107,0.3,0.69,0.4437792573608979","0,0,0"
13.083333333333334,73,AV,1,0,0,2,1141.0395517097602,1.0,-3.7698486872565735,"0.21179487179487178,0.27798045977011493,0.3525052083333333,1.0,0.02,0.056377618936200136","0,0,0"
25.566666666666666,221,AV,2,0,0,7,3987.5502105766736,1.0,-25.744537133941993,"0.17454166666666665,0.2943638676844784,0.35888888888888887,1.0,0.07,0.19702085341739287","0,0,0"
39.28333333333333,299,AV,1,0,0,84,20239.22920549412,0.4,-80.3095340696122,"0.1183846153846154,0.23731127450980388,0.33370967741935476,0.4,0.84,1.0","0,0,0"
20.633333333333333,211,AV,1,0,0,20,3742.7752140142647,0.5,-9.750748558395749,"0.15809722222222222,0.2737867132867133,0.33941428571428567,0.5,0.2,0.18492676652914503","0,0,0"
38.56666666666667,194,AV,2,0,0,20,3301.717979419838,0.1,-3.2155620388794217,"0.15196666666666664,0.2779191542288557,0.31146296296296305,0.1,0.2,0.16313457127722814","0,0,0"
21.733333333333334,99,AV,1,0,0,27,1490.1599361877834,0.1,-0.8178318841703998,"0.16349999999999998,0.25584938271604935,0.3422990196078432,0.1,0.27,0.0736273067051025","0,0,0"
17.133333333333333,125,AV,1,0,0,13,1848.7234685638712,0.1,-0.7998685714156817,"0.20131666666666664,0.3421567328918321,0.3813735632183908,0.1,0.13,0.09134357093312716","0,0,0"
19.233333333333334,156,AV,1,0,0,19,2497.1975937909187,0.3,-3.638593463680202,"0.21793055555555554,0.3112202797202797,0.35333333333333333,0.3,0.19,0.12338402655734695","0,0,0"
34.483333333333334,8,AV,2,0,0,44,491.8679742725259,0.4,-1.7132573043263575,"0.14069444444444443,0.29657324840764326,0.31490476190476197,0.4,0.44,0.024302702898339818","0,0,0"
22.283333333333335,79,AV,0,0,0,52,1234.5997004771,0.1,-6.6947221378526445,"0.18997222222222224,0.28420710784313724,0.34188095238095234,0.1,0.52,0.06100033197617807","0,0,0"
35.3,278,AV,1,0,0,69,8475.089255911002,0.7,-52.88370088726283,"0.1408205128205128,0.2608671328671328,0.32123188405797104,0.7,0.69,0.41874565329841523","0,0,0"
23.516666666666666,290,AV,1,0,0,30,11185.875164713363,0.6,-39.85674206416807,"0.19429629629629627,0.33014022988505737,0.37629166666666664,0.6,0.3,0.5526828641120808","0,0,0"
21.483333333333334,188,AV,1,0,0,26,3236.647802754315,0.2,-3.51181735500868,"0.16721666666666668,0.2853536036036036,0.33046875,0.2,0.26,0.1599195191621081","0,0,0"
19.25,102,AV,1,0,0,15,1517.942512651984,0.7,-5.165221049996335,"0.13905128205128203,0.249283105022831,0.33601612903225797,0.7,0.15,0.07500001592155126","0,0,0"
14.7,248,AV,1,0,0,6,4925.450001742355,1.0,-18.28386743071026,"0.18129487179487175,0.28175109649122804,0.32718115942028986,1.0,0.06,0.24336154068581314","0,0,0"
12.083333333333334,223,AV,1,0,0,2,4021.28082322038,0.1,-1.227032237725074,"0.1986,0.3153902116402117,0.35491203703703705,0.1,0.02,0.19868744913115402","0,0,0"
16.483333333333334,263,AV,1,0,0,12,5960.007005011629,0.6,-14.884966989789147,"0.18793939393939393,0.3284862869198312,0.37680158730158736,0.6,0.12,0.29447796378499097","0,0,0"
23.633333333333333,103,AV,1,0,0,33,1526.0895405694364,0.2,-1.8215445863025765,"0.2083030303030303,0.2965927230046949,0.35441666666666677,0.2,0.33,0.07540255239340664","0,0,0"
12.283333333333333,19,AV,1,0,0,2,586.8516376274475,0.2,-0.36406536778739806,"0.2041212121212121,0.2917416666666666,0.3303380952380952,0.2,0.02,0.028995750365243225","0,0,0"
46.13333333333333,277,AV,1,0,0,100,8139.327108000771,0.3,-28.44653716533603,"0.20504166666666668,0.307337899543379,0.35926388888888894,0.3,1.0,0.40215598259005225","0,0,0"
36.93333333333333,10,AV,1,0,0,78,522.440884226393,0.6,-2.9235580794082994,"0.17255952380952383,0.30095952380952384,0.33093518518518517,0.6,0.78,0.02581327969172718","0,0,0"
14.683333333333334,288,AV,1,0,0,4,10071.894878668398,0.1,-3.734570449539924,"0.15309375000000003,0.2680977961432507,0.33258585858585854,0.1,0.04,0.497642216331751","0,0,0"
15.25,184,AV,0,0,0,32,3159.4556453821087,0.3,-9.650128681217966,"0.15852083333333333,0.2835959595959596,0.33618627450980393,0.3,0.32,0.15610553214765938","0,0,0"
40.2,158,AV,1,0,0,85,2520.757475212996,0.7,-17.912655392043863,"0.18905128205128208,0.33610197368421063,0.3513939393939393,0.7,0.85,0.12454809665027725","0,0,0"
15.033333333333333,247,AV,1,0,0,5,4818.617258984985,0.7,-12.805029197487878,"0.24828787878787875,0.3196107305936073,0.3870707070707071,0.7,0.05,0.2380830420990997","0,0,0"
44.13333333333333,66,AV,1,0,0,96,1005.9867386644172,0.1,-1.1211502036967074,"0.1863636363636364,0.32250241545893715,0.3730215053763441,0.1,0.96,0.04970479500233799","0,0,0"
17.233333333333334,224,AV,0,0,0,39,4104.202624979457,0.1,-7.786088179389209,"0.20181818181818184,0.3152420091324201,0.37389898989898995,0.1,0.39,0.20278453212365097","0,0,0"
28.866666666666667,97,AV,1,0,0,45,1467.6871321740252,0.2,-2.13975935431432,"0.15375555555555556,0.30145981087470447,0.3132068965517242,0.2,0.45,0.07251694801576773","0,0,0"
29.583333333333332,293,AV,1,0,0,46,11940.25564443948,0.4,-35.680056849966455,"0.17718518518518514,0.29311151960784315,0.3392809523809523,0.4,0.46,0.5899560464090298","0,0,0"
42.083333333333336,13,AV,1,0,0,89,542.8991684878858,0.1,-0.5769446129763939,"0.14385897435897438,0.29245895522388066,0.3202252252252253,0.1,0.89,0.02682410298216846","0,0,0"
22.183333333333334,5,AV,0,0,0,51,457.16351791608827,0.2,-6.512192459887469,"0.1385,0.2730419753086419,0.3023904761904762,0.2,0.51,0.02258799054422424","0,0,0"
19.416666666666668,68,AV,1,0,0,11,1040.734547163155,0.3,-1.5308784689963075,"0.17252380952380952,0.2865361305361305,0.34532323232323237,0.3,0.11,0.05142164934229008","0,0,0"
23.783333333333335,177,AV,2,0,0,13,3046.5766145774583,0.1,-1.8297410896473205,"0.13425000000000004,0.2746402298850575,0.3200151515151516,0.1,0.13,0.15052829253746666","0,0,0"
44.96666666666667,168,AV,1,0,0,99,2857.8751728516777,0.6,-19.471078829176328,"0.18755555555555553,0.33263571428571426,0.3549,0.6,0.99,0.14120474371009553","0,0,0"
33.983333333333334,2,AV,1,0,0,61,424.9057127261393,0.1,-0.3646392038083326,"0.16301190476190477,0.29498951048951055,0.3652828282828283,0.1,0.61,0.02099416476842877","0,0,0"
40.96666666666667,40,AV,1,0,0,90,807.7368269013535,0.1,-0.8356132662136058,"0.16288541666666667,0.298389724310777,0.3147276422764228,0.1,0.9,0.039909465854662395","0,0,0"
32.13333333333333,244,AV,1,0,0,56,4705.31956239884,0.3,-11.454363783213338,"0.18115384615384614,0.27594718309859156,0.2992333333333333,0.3,0.56,0.23248511663287746","0,0,0"
13.766666666666667,60,AV,0,0,0,25,938.3100494872764,0.7,-8.283379085073836,"0.19146078431372554,0.28732697201017815,0.3321341463414634,0.7,0.25,0.04636095772029518","0,0,0"
30.85,275,AV,1,0,0,46,7612.519032757181,0.2,-11.860919806088843,"0.16465151515151516,0.31986666666666663,0.3534320987654321,0.2,0.46,0.3761269243737155","0,0,0"
28.05,271,AV,1,0,0,36,7336.658338656486,0.1,-5.196799656548345,"0.10911666666666667,0.23801494252873567,0.3236933333333334,0.1,0.36,0.3624969243722426","0,0,0"
24.483333333333334,18,AV,1,0,0,33,572.7967315704935,0.1,-0.35414074018394576,"0.17803125,0.2952960372960373,0.33705376344086024,0.1,0.33,0.02830131156452355","0,0,0"
33.016666666666666,205,AV,2,0,0,44,3534.445695738256,0.1,-2.9468589744349685,"0.15532051282051282,0.26658208955223883,0.33398529411764705,0.1,0.44,0.1746334141410286","0,0,0"
20.716666666666665,9,AV,1,0,0,25,508.6019702527906,0.2,-0.5321483577644939,"0.18157894736842106,0.2991864197530864,0.3384537037037037,0.2,0.25,0.025129512843044734","0,0,0"
25.616666666666667,37,AV,1,0,0,33,777.0630287344238,0.6,-3.016024937284872,"0.21121111111111113,0.3287705128205128,0.3401666666666667,0.6,0.33,0.03839390427593374","0,0,0"
29.966666666666665,249,AV,1,0,0,48,4951.479839002994,0.1,-3.7469531778313905,"0.1807857142857143,0.3125283687943262,0.3526,0.1,0.48,0.2446476488175187","0,0,0"
35.6,215,AV,1,0,0,71,3783.636689084741,0.2,-6.802902329869536,"0.18059523809523811,0.3068068432671082,0.35388000000000003,0.2,0.71,0.18694569099783895","0,0,0"
11.75,281,AV,1,0,0,0,8795.495569618428,0.3,-7.829323707804283,"0.15030555555555558,0.2650136054421769,0.31571264367816093,0.3,0.0,0.43457660765217343","0,0,0"
26.216666666666665,75,AV,1,0,0,37,1150.2916000513435,0.3,-2.284606927879752,"0.20125,0.33771929824561403,0.3715458333333332,0.3,0.37,0.05683475335805212","0,0,0"
34.35,291,AV,1,0,0,66,11515.391842589095,0.2,-19.9774600905523,"0.16074999999999995,0.2935696347031963,0.3290637254901961,0.2,0.66,0.5689639524149042","0,0,0"
27.066666666666666,210,AV,1,0,0,39,3724.6301341612702,1.0,-25.457909671203293,"0.1788958333333333,0.30726942355889725,0.3300719696969697,1.0,0.39,0.1840302363466582","0,0,0"
33.28333333333333,170,AV,2,0,0,32,2909.8477340427667,0.2,-4.891385458656065,"0.19775,0.28098774509803925,0.34212745098039204,0.2,0.32,0.1437726557913017","0,0,0"
16.4,117,AV,1,0,0,10,1723.69240549938,0.1,-0.713852410358329,"0.15112962962962964,0.2645149425287356,0.32047435897435894,0.1,0.1,0.08516591160652838","0,0,0"
26.95,7,AV,1,0,0,34,473.5024380788758,0.1,-0.32224471480367933,"0.18206250000000002,0.27690277777777783,0.35759090909090907,0.1,0.34,0.02339528018934334","0,0,0"
27.983333333333334,266,AV,1,0,0,44,6563.608435155774,0.1,-4.638172795718244,"0.21642222222222218,0.31198505747126437,0.3887666666666667,0.1,0.44,0.3243013045859485","0,0,0"
36.03333333333333,171,AV,2,0,0,59,2927.9701715656583,0.4,-10.657022745664905,"0.1822179487179487,0.3229869281045752,0.3653478260869565,0.4,0.59,0.1446680672389853","0,0,0"
36.68333333333333,25,AV,2,0,0,62,627.4062491148882,0.1,-0.5811957720125711,"0.1720833333333333,0.3128578088578089,0.3593555555555556,0.1,0.62,0.0309995130123124","0,0,0"
36.2,47,AV,1,0,0,75,857.6590975250949,0.1,-0.7840217002628395,"0.20445,0.31728521126760567,0.35187254901960785,0.1,0.75,0.04237607513690668","0,0,0"
43.083333333333336,26,AV,1,0,0,90,640.5426603936758,0.2,-1.3937733814121651,"0.1440530303030303,0.27759273182957395,0.3279333333333333,0.2,0.9,0.03164856990797825","0,0,0"
32.35,203,AV,1,0,0,54,3508.846318545673,0.2,-5.732887798229926,"0.18743749999999998,0.32311190476190477,0.3552333333333333,0.2,0.54,0.17336857460921315","0,0,0"
23.633333333333333,282,AV,1,0,0,31,8975.220492497892,0.1,-5.35642367776179,"0.20822222222222223,0.3123344827586207,0.34815104166666666,0.1,0.31,0.44345663569349214","0,0,0"
37.0,198,AV,1,0,0,70,3393.6426315430986,0.8,-25.366621690322148,"0.1502608695652174,0.29608717948717944,0.35120987654320984,0.8,0.7,0.16767647606964517","0,0,0"
28.566666666666666,265,AV,0,0,0,89,6230.691172258436,0.7,-37.46289254408953,"0.17220238095238094,0.289562962962963,0.3490691056910569,0.7,0.89,0.3078521967905309","0,0,0"
37.61666666666667,145,AV,1,0,0,82,2326.172138461347,0.1,-2.2096677258027193,"0.17600000000000002,0.32465878378378377,0.38218518518518524,0.1,0.82,0.11493383047561351","0,0,0"
34.233333333333334,112,AV,1,0,0,66,1661.9571573900298,0.1,-1.4367255897639402,"0.20526666666666663,0.3434868766404199,0.37996846846846855,0.1,0.66,0.08211563496394797","0,0,0"
23.683333333333334,113,AV,1,0,0,31,1664.0464513081895,0.1,-0.995206232032381,"0.1755238095238095,0.2837705479452055,0.33857777777777776,0.1,0.31,0.08221886487932402","0,0,0"
25.216666666666665,45,AV,1,0,0,33,844.3352662229099,0.7,-3.76361734198941,"0.2121111111111111,0.2865570175438597,0.3772528735632183,0.7,0.33,0.04171775800600685","0,0,0"
31.216666666666665,132,AV,1,0,0,46,2052.607856914241,0.1,-1.6180700824917398,"0.15626923076923074,0.27381609195402296,0.3353802083333333,0.1,0.46,0.10141729391339874","0,0,0"
21.95,174,AV,1,0,0,26,2987.078671303881,0.1,-1.6557165867454593,"0.19689743589743589,0.2985810810810811,0.3591913580246914,0.1,0.26,0.14758855888113623","0,0,0"
29.75,41,AV,2,0,0,35,816.2772675203604,0.5,-3.0661930187791318,"0.18341666666666664,0.31156714628297366,0.35611538461538467,0.5,0.35,0.04033144045321521","0,0,0"
33.65,164,AV,1,0,0,61,2722.266725979925,0.4,-9.252957103962068,"0.13728787878787876,0.30817840375586847,0.3583484848484849,0.4,0.61,0.13450446646658565","0,0,0"
22.016666666666666,219,AV,1,0,0,28,3941.04555698938,0.2,-4.382256886180952,"0.20825000000000002,0.3020577777777778,0.3441428571428572,0.2,0.28,0.19472310516250035","0,0,0"
38.55,135,AV,1,0,0,82,2131.3254046090938,0.6,-12.44887793146675,"0.16391228070175437,0.29784085213032585,0.3518873873873874,0.6,0.82,0.10530664893258515","0,0,0"
33.18333333333333,212,AV,1,0,0,59,3752.1132597063192,0.4,-12.576527777904515,"0.17255555555555557,0.2947214452214452,0.34374712643678157,0.4,0.59,0.1853881499937643","0,0,0"
18.45,286,AV,1,0,0,13,9280.176126726552,0.1,-4.323718422679416,"0.15594444444444447,0.27099999999999996,0.32717129629629627,0.1,0.13,0.4585241874827607","0,0,0"
43.15,195,AV,1,0,0,95,3366.895459871004,0.1,-3.6687257346826723,"0.1707222222222222,0.28415,0.3525178571428571,0.1,0.95,0.16635492516469105","0,0,0"
36.05,33,AV,2,0,0,47,742.6585956180782,0.2,-1.352163756163218,"0.11972727272727271,0.2602151741293532,0.2913888888888889,0.2,0.47,0.03669401576896401","0,0,0"
43.7,154,AV,1,0,0,95,2458.2611968747465,0.3,-8.138334416926243,"0.16922222222222222,0.30891285403050106,0.35675333333333337,0.3,0.95,0.1214602182679679","0,0,0"
29.833333333333332,131,AV,1,0,0,45,2022.4315636845977,0.1,-1.5236332066479081,"0.1743095238095238,0.3220289351851852,0.3777552083333333,0.1,0.45,0.09992631355425287","0,0,0"
17.233333333333334,65,AV,0,0,0,37,985.8695826897422,0.1,-6.429035836911277,"0.16610256410256408,0.31246004566210045,0.3708333333333333,0.1,0.37,0.04871082651814225","0,0,0"
23.233333333333334,228,AV,1,0,0,23,4237.057085974603,0.1,-2.4858828189598468,"0.13481944444444444,0.2710000000000001,0.3175517241379311,0.1,0.23,0.20934873768929974","0,0,0"
41.43333333333333,128,AV,2,0,0,68,1927.298426803608,0.3,-6.04957561746688,"0.18223958333333332,0.249271164021164,0.3428333333333334,0.3,0.68,0.09522588075045987","0,0,0"
16.35,173,AV,1,0,0,10,2965.4163440895786,0.1,-1.224357505703652,"0.13287179487179487,0.2711303854875284,0.32949999999999996,0.1,0.1,0.14651824503694982","0,0,0"
24.65,178,AV,2,0,0,12,3064.640983136323,0.3,-5.722984866235634,"0.18291666666666667,0.3022102908277405,0.36018,0.3,0.12,0.1514208348559242","0,0,0"
26.166666666666668,147,AV,1,0,0,37,2337.3116255789537,0.3,-4.63330713656434,"0.1938571428571429,0.3039956427015251,0.3442888888888889,0.3,0.37,0.11548422135287985","0,0,0"
30.216666666666665,31,AV,0,0,0,96,736.5379020629116,0.1,-6.562013138232348,"0.16262820512820514,0.26177389277389274,0.31127941176470586,0.1,0.96,0.03639159844402433","0,0,0"
37.266666666666666,220,AV,1,0,0,74,3942.222625638348,0.7,-25.969557464853285,"0.16091666666666668,0.3011666666666667,0.38368115942028985,0.7,0.74,0.19478126294296802","0,0,0"
38.666666666666664,78,AV,1,0,0,77,1174.3503864217532,0.2,-2.293344188971774,"0.1466833333333333,0.2881474820143885,0.32053658536585367,0.2,0.77,0.05802347384370573","0,0,0"
20.766666666666666,63,AV,1,0,0,25,950.4213588862824,0.7,-3.488878405810671,"0.16758333333333336,0.28125159235668784,0.32367283950617276,0.7,0.25,0.04695936536102284","0,0,0"
47.68333333333333,85,AV,1,0,0,97,1265.4739572733297,0.8,-12.19030636955891,"0.16462500000000002,0.31578076062639826,0.3313563218390805,0.8,0.97,0.06252579801457091","0,0,0"
16.433333333333334,185,AV,1,0,0,5,3169.820795106812,0.2,-2.6308445319657547,"0.16536666666666666,0.27072047244094494,0.3422863247863248,0.2,0.05,0.15661766379158035","0,0,0"
13.9,23,AV,1,0,0,6,601.3137559373858,0.1,-0.21106720221034503,"0.15925,0.2757853881278538,0.35581111111111113,0.1,0.06,0.029710309114645228","0,0,0"
16.3,22,AV,1,0,0,7,597.1498506777683,0.3,-0.7373895883369412,"0.18688095238095237,0.3032271689497717,0.3582522522522523,0.3,0.07,0.029504574735270385","0,0,0"
29.166666666666668,57,AV,1,0,0,39,923.9636394510808,0.2,-1.3610575496964576,"0.1769090909090909,0.27212582781456957,0.33363095238095236,0.2,0.39,0.0456521160005571","0,0,0"
30.433333333333334,101,AV,1,0,0,50,1509.578116022191,0.1,-1.1601387373133505,"0.1740151515151515,0.2723533834586466,0.32047222222222227,0.1,0.5,0.07458673947980204","0,0,0"
33.21666666666667,160,AV,1,0,0,60,2563.744074524839,0.4,-8.601922458801354,"0.21822222222222215,0.2983615023474179,0.35594252873563215,0.4,0.6,0.12667202137465233","0,0,0"
18.866666666666667,16,AV,0,0,0,44,566.7055292848979,0.2,-6.539992137332074,"0.17559523809523805,0.30826896551724137,0.3355698924731183,0.2,0.44,0.02800035137361163","0,0,0"
32.8,179,AV,1,0,0,61,3097.4575811220984,0.3,-7.6967127773336985,"0.1983636363636364,0.3034123456790124,0.31909895833333335,0.3,0.61,0.15304227002287546","0,0,0"
21.766666666666666,110,AV,1,0,0,28,1596.1763216794554,0.1,-0.8773595438187579,"0.1565952380952381,0.30371839080459767,0.3660833333333333,0.1,0.28,0.07886546989873305","0,0,0"
29.266666666666666,133,AV,2,0,0,20,2105.6010448069283,0.3,-4.668479084193138,"0.1609222222222222,0.33089371980676324,0.3620990990990991,0.3,0.2,0.104035634135481","0,0,0"
37.65,20,AV,1,0,0,80,588.8906571209208,0.2,-1.1197845071011447,"0.1370909090909091,0.283369976359338,0.30559722222222224,0.2,0.8,0.029096496271758268","0,0,0"
29.683333333333334,46,AV,2,0,0,34,849.0657401736111,0.7,-4.455093679606232,"0.17696428571428574,0.29032638888888884,0.3520344827586206,0.7,0.34,0.04195148597571712","0,0,0"
35.15,86,AV,1,0,0,71,1297.4303329633815,0.2,-2.303266474932468,"0.2181969696969697,0.3271619385342789,0.36973529411764694,0.2,0.71,0.06410473046133508","0,0,0"
36.483333333333334,17,AV,1,0,0,72,571.0932451196882,0.5,-2.6307304578430077,"0.12667708333333333,0.2667884160756501,0.3006969696969697,0.5,0.72,0.028217144008856807","0,0,0"
26.816666666666666,196,AV,0,0,0,81,3382.383844415393,0.3,-12.871534855636828,"0.14578571428571427,0.3016641975308642,0.3691578947368421,0.3,0.81,0.16712019069862674","0,0,0"
26.25,59,AV,1,0,0,38,932.1411738504048,0.1,-0.6178966114538668,"0.12794444444444447,0.28473239436619713,0.3147083333333333,0.1,0.38,0.046056159767061025","0,0,0"
42.13333333333333,252,AV,2,0,0,91,5307.329693361759,0.1,-5.646855835361334,"0.15794444444444444,0.3130804597701149,0.37334567901234567,0.1,0.91,0.2622298329385507","0,0,0"
44.38333333333333,214,AV,2,0,0,48,3778.090807703549,0.4,-16.937804412314062,"0.19767857142857143,0.33486288416075655,0.36542,0.4,0.48,0.18667167456544997","0,0,0"
47.36666666666667,14,AV,2,0,0,90,546.8646928603165,0.1,-0.6541201418809005,"0.1751794871794872,0.237401766004415,0.31429166666666664,0.1,0.9,0.027020035561031403","0,0,0"
23.05,124,AV,1,0,0,29,1832.3133019091129,0.2,-2.1330717984345986,"0.1687380952380952,0.30092316784869977,0.36638571428571426,0.2,0.29,0.09053276107035316","0,0,0"
43.35,39,AV,1,0,0,91,793.0252767736928,0.2,-1.7362447347545247,"0.16211111111111112,0.282568407960199,0.32672649572649576,0.2,0.91,0.0391825829295129","0,0,0"
34.266666666666666,208,AV,2,0,0,48,3628.2404526711953,0.6,-18.837531239121155,"0.1678833333333333,0.28575788288288284,0.3223277777777778,0.6,0.48,0.1792677189349818","0,0,0"
18.483333333333334,150,AV,1,0,0,14,2382.718205806423,0.8,-8.897085825721627,"0.15448958333333335,0.2737399527186761,0.3412727272727272,0.8,0.14,0.1177277149052501","0,0,0"
40.43333333333333,207,AV,1,0,0,87,3580.4564780460023,0.3,-10.967408353206567,"0.19824999999999998,0.289465811965812,0.3431369047619048,0.3,0.87,0.17690676071171996","0,0,0"
19.316666666666666,62,AV,1,0,0,19,948.3478854920526,0.4,-1.850395958392742,"0.2425,0.29949026763990266,0.36899999999999994,0.4,0.19,0.04685691712185437","0,0,0"
41.56666666666667,137,AV,1,0,0,88,2187.718469250836,0.2,-4.59273557433635,"0.17774242424242426,0.31944097222222223,0.3856302083333333,0.2,0.88,0.10809297365222585","0,0,0"
36.38333333333333,267,AV,1,0,0,74,6778.2755320215965,0.1,-6.227683285523209,"0.16558333333333333,0.2706944444444444,0.3217916666666666,0.1,0.74,0.3349077903708691","0,0,0"
23.883333333333333,256,AV,0,0,0,53,5502.789496653042,0.6,-25.912872092686385,"0.17501041666666667,0.29676484018264837,0.3400416666666667,0.6,0.53,0.27188730562719554","0,0,0"
12.133333333333333,143,AV,1,0,0,2,2318.1098695731453,0.2,-1.420525239940446,"0.1274722222222222,0.29889770114942527,0.3541833333333333,0.2,0.02,0.11453548186231685","0,0,0"
25.783333333333335,116,AV,1,0,0,38,1718.6657268339234,0.1,-1.1190134172609765,"0.17409090909090907,0.31420930232558136,0.3612166666666667,0.1,0.38,0.0849175484591763","0,0,0"
38.35,149,AV,2,0,0,54,2360.1328348572283,0.1,-2.285633692342796,"0.17859523809523808,0.27028109452736326,0.33025000000000004,0.1,0.54,0.11661179439662402","0,0,0"
15.45,264,AV,1,0,0,9,6130.868263041086,0.1,-2.3919675420198176,"0.14520512820512818,0.22037226277372263,0.2865750000000001,0.1,0.09,0.3029200470429381","0,0,0"
20.366666666666667,268,AV,1,0,0,24,7081.334819999852,0.2,-7.2839992845453025,"0.1381,0.33344715447154477,0.3649777777777778,0.2,0.24,0.34988164559535495","0,0,0"
31.066666666666666,136,AV,1,0,0,57,2158.6935677652164,0.2,-3.387041086123201,"0.11569047619047618,0.24434837092731826,0.31527314814814816,0.2,0.57,0.10665888240344744","0,0,0"
39.81666666666667,29,AV,1,0,0,88,682.056612603955,0.4,-2.7431536153381293,"0.14175,0.27184605597964373,0.34837878787878795,0.4,0.88,0.033699732617228556","0,0,0"
25.116666666666667,197,AV,1,0,0,34,3389.778327720714,0.2,-4.299996582386462,"0.1323666666666667,0.2236653944020356,0.29897747747747744,0.2,0.34,0.1674855446965603","0,0,0"
31.266666666666666,172,AV,2,0,0,37,2964.6777926145683,0.4,-9.363191143004933,"0.1680520833333333,0.26364553990610334,0.33076041666666667,0.4,0.37,0.14648175394988758","0,0,0"
37.7,239,AV,1,0,0,81,4635.813442599864,0.2,-8.826776100303784,"0.23559375000000002,0.3423333333333333,0.36952083333333335,0.2,0.81,0.22905088902009327","0,0,0"
22.933333333333334,42,AV,1,0,0,31,818.0604611907775,0.2,-0.9475178405711362,"0.20183333333333334,0.29368229166666665,0.3479202898550725,0.2,0.31,0.040419546262597174","0,0,0"
10.55,38,AV,1,0,0,2,779.2240782816187,0.1,-0.2075963137846232,"0.18669999999999998,0.28321541950113377,0.34329310344827585,0.1,0.02,0.038500679564916006","0,0,0"
26.233333333333334,255,AV,1,0,0,36,5434.023139443809,0.5,-17.999058126019687,"0.1704166666666667,0.2757687074829932,0.3384358974358974,0.5,0.36,0.26848962894143685","0,0,0"
30.05,134,AV,1,0,0,50,2113.1349678504243,0.1,-1.6035279238359912,"0.16304166666666664,0.28725,0.35225641025641025,0.1,0.5,0.10440787771091574","0,0,0"
23.65,32,AV,1,0,0,27,742.4887258523852,0.3,-1.3302923004855234,"0.1700588235294118,0.3018438320209974,0.3501627906976744,0.3,0.27,0.0366856226743472","0,0,0"
38.583333333333336,153,AV,2,0,0,66,2411.397471856681,1.0,-23.494886983788792,"0.18743939393939396,0.28523095238095236,0.35520940170940163,1.0,0.66,0.11914472865409743","0,0,0"
34.53333333333333,100,AV,2,0,0,44,1503.4428459110418,0.1,-1.3110831551884168,"0.17397222222222222,0.30087064676616915,0.3332878787878787,0.1,0.44,0.07428360194186243","0,0,0"
18.416666666666668,144,AV,1,0,0,14,2318.2944376966047,0.1,-1.0781630276324699,"0.2168333333333333,0.28201536643026,0.3312474747474748,0.1,0.14,0.11454460118803748","0,0,0"
25.133333333333333,298,AV,1,0,0,34,17322.90883950548,0.2,-21.98901223061807,"0.13108333333333333,0.2615103448275862,0.31472222222222224,0.2,0.34,0.8559075379611304","0,0,0"
24.066666666666666,146,AV,0,0,0,54,2329.0008356791827,0.4,-11.661746139260504,"0.15934444444444443,0.28542206235011985,0.3428703703703703,0.4,0.54,0.1150735935658535","0,0,0"
40.61666666666667,169,AV,1,0,0,88,2891.134206742707,0.5,-14.826797268164935,"0.15429761904761904,0.28357598039215676,0.34563333333333324,0.5,0.88,0.14284803919103217","0,0,0"
21.8,27,AV,2,0,0,0,646.5589615252754,0.1,-0.3559339737689648,"0.12995833333333334,0.31092953020134234,0.33725308641975305,0.1,0.0,0.03194582930805295","0,0,0"
13.933333333333334,142,AV,1,0,0,2,2280.385817754286,0.2,-1.6047159458270903,"0.16362745098039216,0.2958455882352941,0.32299999999999995,0.2,0.02,0.1126715743273096","0,0,0"
36.93333333333333,82,AV,1,0,0,73,1260.3927948639828,0.6,-7.053107155097438,"0.18034722222222224,0.2721644144144144,0.32996111111111115,0.6,0.73,0.06227474288012104","0,0,0"
34.88333333333333,104,AV,2,0,0,48,1541.4014724042315,0.7,-9.504660341832658,"0.1490128205128205,0.27951034482758624,0.3167777777777777,0.7,0.48,0.07615909957607497","0,0,0"
12.033333333333333,34,AV,0,0,0,19,753.7709081553346,0.1,-6.229049914010165,"0.16263333333333332,0.2818995271867612,0.3397401960784313,0.1,0.19,0.03724306397749163","0,0,0"
27.833333333333332,120,AV,1,0,0,44,1794.439334206041,0.3,-3.783729404197081,"0.17445833333333333,0.291831081081081,0.33288636363636376,0.3,0.44,0.08866144634198442","0,0,0"
41.93333333333333,55,AV,1,0,0,90,881.2906222289953,0.2,-1.866437041690364,"0.19662500000000002,0.32179197080291966,0.361925925925926,0.2,0.9,0.04354368505248021","0,0,0"
30.866666666666667,250,AV,1,0,0,51,4967.653125719208,0.5,-19.36046630646459,"0.18811111111111115,0.30096451612903224,0.371875,0.5,0.51,0.24544675468029653","0,0,0"
36.7,241,AV,1,0,0,75,4662.282088415262,0.4,-17.28340935806466,"0.13021428571428573,0.22534931506849318,0.3095,0.4,0.75,0.23035867824203715","0,0,0"
18.483333333333334,4,AV,1,0,0,14,437.8567856598078,0.3,-0.6131100698190995,"0.13052564102564104,0.2631510791366906,0.3209803921568627,0.3,0.14,0.021634064282494894","0,0,0"
33.0,159,AV,2,0,0,21,2530.9644311939346,1.0,-21.091370259949453,"0.18457142857142858,0.2949615384615385,0.3529099099099099,1.0,0.21,0.12505241210010515","0,0,0"
27.433333333333334,213,AV,1,0,0,40,3773.692032315799,0.1,-2.6142664499965513,"0.1960128205128205,0.28648201438848914,0.321540404040404,0.1,0.4,0.18645433548879403","0,0,0"
37.21666666666667,96,AV,1,0,0,76,1454.957177165027,0.1,-1.3673903100208356,"0.1612638888888889,0.3160158150851582,0.3478387096774193,0.1,0.76,0.07188797371641335","0,0,0"
33.733333333333334,139,AV,1,0,0,65,2198.5025098873134,0.1,-1.8727984343484523,"0.15343589743589744,0.3046585648148148,0.3610059523809524,0.1,0.65,0.10862580227563756","0,0,0"
11.766666666666667,123,AV,1,0,0,1,1824.367004680513,0.2,-1.0841776980677122,"0.13924999999999998,0.240440203562341,0.299909090909091,0.2,0.01,0.09014014250035135","0,0,0"
43.45,152,AV,1,0,0,97,2398.572127464108,0.1,-2.6317666398564517,"0.17876190476190476,0.2649189814814815,0.320375,0.1,0.97,0.11851104126104732","0,0,0"
11.966666666666667,227,AV,1,0,0,1,4227.85786318916,0.5,-6.38805123268059,"0.1549102564102564,0.2598836930455635,0.3106898148148148,0.5,0.01,0.2088942133251532","0,0,0"
22.9,240,AV,1,0,0,31,4660.29795945294,0.1,-2.694970284633139,"0.16268888888888888,0.26295098039215686,0.29612643678160916,0.1,0.31,0.23026064442157015","0,0,0"
27.083333333333332,129,AV,1,0,0,41,1945.516475481125,0.4,-5.322330425348196,"0.12374358974358975,0.25830269607843137,0.3203861788617886,0.4,0.41,0.09612601624932422","0,0,0"
20.666666666666668,6,AV,2,0,0,2,465.3670128771111,0.7,-1.7000781446857425,"0.15253030303030304,0.3002751677852349,0.3457055555555555,0.7,0.02,0.02299331699602389","0,0,0"
16.316666666666666,35,AV,1,0,0,10,767.6170681366935,0.2,-0.6325733246682013,"0.14738541666666666,0.3145321428571429,0.3521612903225806,0.2,0.1,0.03792718884414417","0,0,0"
39.016666666666666,72,AV,1,0,0,82,1104.4445206976068,0.1,-1.0881753463607313,"0.1720888888888889,0.28930496453900717,0.3412254901960784,0.1,0.82,0.05456949518600221","0,0,0"
15.483333333333333,216,AV,1,0,0,10,3803.247088152212,0.7,-10.409308002632084,"0.19074242424242424,0.31371839080459774,0.34606372549019604,0.7,0.1,0.18791462113190488","0,0,0"
28.683333333333334,81,AV,1,0,0,45,1244.4027248274256,0.9,-8.112185944803027,"0.1789333333333333,0.2778833333333333,0.32585483870967735,0.9,0.45,0.06148468956958209","0,0,0"
46.95,28,AV,2,0,0,88,649.7132696839626,0.1,-0.7703039901934862,"0.18533333333333335,0.28825,0.34376785714285724,0.1,0.88,0.03210168050804979","0,0,0"
37.15,11,AV,2,0,0,52,539.5213747330826,0.1,-0.506141895740758,"0.150375,0.316035632183908,0.35842261904761913,0.1,0.52,0.026657209583190285","0,0,0"
44.5,285,AV,1,0,0,99,9095.945853089892,0.1,-10.221454304608592,"0.14450000000000002,0.23977272727272722,0.2950384615384615,0.1,0.99,0.44942155458275634","0,0,0"
50.083333333333336,191,AV,2,0,0,91,3257.3450634265246,0.4,-16.47865642356348,"0.13031249999999997,0.25944483568075116,0.3138714285714286,0.4,0.91,0.1609421500371313","0,0,0"
32.28333333333333,24,AV,1,0,0,54,615.3970356119416,0.3,-1.5050808812882965,"0.16539285714285715,0.28142540792540793,0.332640625,0.3,0.54,0.030406149827330708","0,0,0"
21.733333333333334,237,AV,1,0,0,22,4577.590037133467,0.1,-2.512280054049681,"0.1861060606060606,0.29578953771289546,0.34790952380952384,0.1,0.22,0.2261741289975035","0,0,0"
12.833333333333334,126,AV,1,0,0,3,1888.2149669861096,0.2,-1.2238430341576638,"0.17218888888888886,0.30201273148148144,0.3478650793650794,0.2,0.03,0.09329480623074009","0,0,0"
31.283333333333335,246,AV,1,0,0,53,4754.245589533712,0.3,-11.267321933781284,"0.13901282051282052,0.2747344827586207,0.3425833333333334,0.3,0.53,0.234902502524312","0,0,0"
29.383333333333333,279,AV,2,0,0,14,8639.921150992108,0.2,-12.8217011693595,"0.17509523809523808,0.31510069444444444,0.33329861111111114,0.2,0.14,0.42688983178503276","0,0,0"
31.266666666666666,3,AV,1,0,0,52,437.5592869272848,0.1,-0.34548031240554977,"0.1377685185185185,0.2503189448441247,0.3093232323232324,0.1,0.52,0.021619365168734063","0,0,0"
38.166666666666664,176,AV,2,0,0,76,3032.1279287666234,0.5,-14.611895953020975,"0.19634722222222223,0.3082718120805369,0.3603850574712644,0.5,0.76,0.14981439747436257","0,0,0"
25.4,180,AV,0,0,0,63,3101.095365071405,0.2,-9.978172842061298,"0.1620625,0.28014102564102566,0.35154901960784307,0.2,0.63,0.15322200927639995","0,0,0"
16.283333333333335,206,AV,1,0,0,9,3539.477986656502,0.9,-13.098749973346221,"0.20366666666666666,0.3052222222222223,0.3525952380952381,0.9,0.09,0.1748820545841577","0,0,0"
37.65,92,AV,1,0,0,75,1411.5824788559885,0.4,-5.368290942315956,"0.16649999999999998,0.305859410430839,0.34909090909090906,0.4,0.75,0.06974487341013964","0,0,0"
43.03333333333333,259,AV,1,0,0,90,5862.871835726062,0.2,-12.742369595828864,"0.20481111111111108,0.34595390070921994,0.3465468749999999,0.2,0.9,0.28967861256961963","0,0,0"
29.683333333333334,94,AV,1,0,0,42,1434.2863071033526,0.1,-1.0751110744743564,"0.126974358974359,0.28226838235294116,0.3446463414634146,0.1,0.42,0.07086664677496723","0,0,0"
45.266666666666666,258,AV,1,0,0,99,5844.130995646287,0.4,-26.721649468308613,"0.18866666666666668,0.2712357456140351,0.34952083333333334,0.4,0.99,0.28875264647231946","0,0,0"
45.483333333333334,192,AV,1,0,0,98,3257.969850357721,0.4,-14.96801299937074,"0.10438333333333334,0.2595790043290044,0.31576923076923075,0.4,0.98,0.1609730201322744","0,0,0"
40.86666666666667,71,AV,1,0,0,89,1083.524948441525,0.9,-10.063648384767498,"0.16400000000000003,0.31001247165532886,0.34263218390804595,0.9,0.89,0.053535880118764236","0,0,0"
40.56666666666667,235,AV,1,0,0,87,4569.840806868062,0.2,-9.362788319795339,"0.15319791666666668,0.263064393939394,0.3475057471264368,0.2,0.87,0.22579124730834796","0,0,0"
32.61666666666667,297,AV,1,0,0,58,14754.343640924068,0.1,-12.15246233387559,"0.19782051282051286,0.30446064814814816,0.3633585858585859,0.1,0.58,0.7289973096860264","0,0,0"
39.46666666666667,50,AV,1,0,0,84,863.5619359671642,0.4,-3.442617280084588,"0.16722222222222224,0.2859638694638695,0.3576927083333334,0.4,0.84,0.0426677284593794","0,0,0"
21.65,182,AV,1,0,0,26,3151.1733449572957,0.5,-8.61400289372796,"0.22540000000000002,0.3382505995203837,0.39520731707317075,0.5,0.26,0.1556963119969945","0,0,0"
19.95,189,AV,1,0,0,19,3245.380745418587,0.1,-1.634983481593455,"0.21472727272727274,0.3081859903381643,0.3655392156862745,0.1,0.19,0.16035100509349434","0,0,0"
25.866666666666667,84,AV,1,0,0,37,1261.43865123121,0.3,-2.4719100842308563,"0.15325,0.26610827250608277,0.309551282051282,0.3,0.37,0.06232641759345169","0,0,0"
26.883333333333333,165,AV,2,0,0,7,2744.255474143275,0.2,-3.725996700162544,"0.17995238095238097,0.3216940476190476,0.36133333333333334,0.2,0.07,0.13559090844222083","0,0,0"
10.383333333333333,254,AV,0,0,0,14,5354.15698790508,0.5,-13.019444030860406,"0.18916666666666668,0.30756015037593987,0.3327549019607843,0.5,0.14,0.26454352255923097","0,0,0"
44.233333333333334,251,AV,1,0,0,98,5200.876525735832,0.3,-17.428189771847094,"0.18555555555555558,0.31556834532374095,0.3697380952380953,0.3,0.98,0.25697008877808486","0,0,0"
29.283333333333335,201,AV,2,0,0,17,3456.1529418207683,0.1,-2.55574946076561,"0.12395833333333334,0.2993792270531401,0.34863978494623654,0.1,0.17,0.17076504775599677","0,0,0"
36.733333333333334,51,AV,1,0,0,75,870.7377108213431,0.1,-0.8077045095329294,"0.13454901960784313,0.2594448818897638,0.2988703703703704,0.1,0.75,0.04302227629226974","0,0,0"
32.38333333333333,0,AV,1,0,0,57,388.2787303527966,1.0,-3.1751918058732476,"0.15628205128205128,0.29161990407673866,0.32509420289855073,1.0,0.57,0.01918446233354553","0,0,0"
36.983333333333334,111,AV,1,0,0,80,1628.9397076974285,0.2,-3.042607080286696,"0.16907407407407407,0.3037553956834533,0.3783131313131313,0.2,0.8,0.0804842759157665","0,0,0"
14.016666666666667,292,AV,1,0,0,6,11662.42845360034,0.5,-20.639945979541007,"0.16267948717948716,0.28757770270270266,0.33297701149425285,0.5,0.06,0.5762288837775733","0,0,0"
35.53333333333333,269,AV,1,0,0,64,7332.887514065835,0.3,-19.739540631298436,"0.17814814814814817,0.3031043083900227,0.37895098039215674,0.3,0.64,0.3623106117141683","0,0,0"
41.483333333333334,53,AV,1,0,0,89,873.8892656114449,0.2,-1.8309009950394666,"0.14402083333333332,0.2760934182590234,0.34176,0.2,0.89,0.04317799145108845","0,0,0"
16.433333333333334,274,AV,1,0,0,11,7592.14370769901,0.2,-6.301223649655912,"0.19934444444444444,0.3136946472019465,0.37554824561403516,0.2,0.11,0.37512020001424035","0,0,0"
28.983333333333334,187,AV,2,0,0,18,3206.59631480788,0.3,-7.040746201326898,"0.17716666666666664,0.29518671679197994,0.3363083333333334,0.3,0.18,0.15843470530673276","0,0,0"
22.15,89,AV,1,0,0,30,1348.5865378412918,0.1,-0.7543230255854702,"0.15600000000000006,0.28242047930283226,0.3402820512820513,0.1,0.3,0.0666323071965214","0,0,0"
41.03333333333333,70,AV,1,0,0,89,1074.3823512953045,0.7,-7.792889495885217,"0.17552777777777778,0.3251416122004358,0.34044623655913975,0.7,0.89,0.05308415357061393","0,0,0"
37.43333333333333,295,AV,2,0,0,68,13460.811009378149,0.1,-12.7243188245216,"0.1975,0.29881071428571426,0.336109375,0.1,0.68,0.6650851607394264","0,0,0"
24.616666666666667,202,AV,2,0,0,11,3487.44186130441,0.3,-6.503726804478047,"0.19898717948717948,0.3248379310344828,0.38652604166666665,0.3,0.11,0.17231100186155868","0,0,0"
29.666666666666668,186,AV,1,0,0,46,3197.7177395395383,0.1,-2.3955966230557153,"0.16381818181818178,0.28358555555555554,0.34798850574712636,0.1,0.46,0.15799602381455757","0,0,0"
23.716666666666665,257,AV,1,0,0,33,5702.891177591027,0.3,-10.24648250721216,"0.1049375,0.2629396929824561,0.31206666666666666,0.3,0.33,0.28177412883109826","0,0,0"
42.75,273,AV,1,0,0,91,7572.106998522375,0.2,-16.34886738317331,"0.19769696969696965,0.30417939814814815,0.3922037037037038,0.2,0.91,0.37413020632558763","0,0,0"
35.15,130,AV,1,0,0,67,1986.5043233563797,0.1,-1.763273408231736,"0.16453125,0.26813103448275866,0.3156206896551724,0.1,0.67,0.09815118467145603","0,0,0"
14.05,122,AV,1,0,0,2,1822.2981036688468,0.4,-2.5861907430855857,"0.16803846153846158,0.3175617715617716,0.34931862745098047,0.4,0.02,0.09003792017801585","0,0,0"
41.016666666666666,243,AV,1,0,0,83,4687.914961676448,0.1,-4.855622357190968,"0.14316666666666666,0.2777387706855792,0.31556321839080465,0.1,0.83,0.23162517278098077","0,0,0"
28.016666666666666,114,AV,1,0,0,42,1691.6338586686718,0.7,-8.377717009660884,"0.17276388888888888,0.2716892230576441,0.32956097560975606,0.7,0.42,0.08358193098625824","0,0,0"
39.86666666666667,108,AV,1,0,0,82,1592.2311391495805,0.1,-1.602953234362709,"0.14471794871794874,0.2566183574879226,0.339625,0.1,0.82,0.07867054238989274","0,0,0"
20.683333333333334,260,AV,0,0,0,48,5882.279762541917,0.7,-27.50646645505119,"0.17415384615384613,0.30966784869976366,0.35041666666666665,0.7,0.48,0.29063753875296394","0,0,0"
29.483333333333334,162,AV,2,0,0,33,2580.565825479665,0.1,-1.9213051116471076,"0.1911515151515152,0.3045386313465784,0.3494047619047619,0.1,0.33,0.12750316720456661","0,0,0"
13.766666666666667,233,AV,1,0,0,4,4459.768546990965,0.4,-6.201631009788783,"0.20116666666666666,0.33797564102564104,0.3672043010752688,0.4,0.04,0.22035268743240086","0,0,0"
12.466666666666667,155,AV,1,0,0,3,2476.7926805910606,0.2,-1.559462058149927,"0.14196969696969697,0.2483761904761905,0.3373963963963964,0.2,0.03,0.12237584027749006","0,0,0"
34.56666666666667,121,AV,1,0,0,71,1797.659883656486,0.3,-4.707508331696404,"0.2365694444444445,0.2949440203562341,0.3508449612403101,0.3,0.71,0.08882057045771759","0,0,0"
24.433333333333334,93,AV,1,0,0,33,1421.705549214182,0.6,-5.263182664515128,"0.13013636363636363,0.2698779342723005,0.32067117117117117,0.6,0.33,0.07024504415554754","0,0,0"
33.36666666666667,76,AV,2,0,0,40,1150.4391077840953,0.1,-0.96935147044771,"0.19269791666666666,0.280593984962406,0.3581302083333333,0.1,0.4,0.056842041567067104","0,0,0"
44.166666666666664,161,AV,1,0,0,97,2574.4307659940623,0.2,-5.74262755040763,"0.13999019607843138,0.25056220657276995,0.32554761904761903,0.2,0.97,0.12720004007342384","0,0,0"
21.4,175,AV,2,0,0,9,3017.17067826153,0.5,-8.15245612560565,"0.15385,0.2933702290076336,0.334875,0.5,0.09,0.14907537474018487","0,0,0"
43.68333333333333,98,AV,2,0,0,93,1475.2077210572677,0.1,-1.6273229953245363,"0.18162037037037038,0.29389952718676127,0.34330107526881726,0.1,0.93,0.07288853276372843","0,0,0"
22.316666666666666,280,AV,2,0,0,5,8689.506535985933,0.3,-14.690971277380255,"0.18423333333333336,0.29758616780045344,0.3552979797979798,0.3,0.05,0.42933979588645044","0,0,0"
17.633333333333333,261,AV,1,0,0,10,5899.132481879994,0.1,-2.626802258345553,"0.20719444444444446,0.34161305361305366,0.383075,0.1,0.1,0.29147021469961026","0,0,0"
40.15,166,AV,2,0,0,75,2818.3733061874163,0.1,-2.8575173798844635,"0.1707777777777778,0.3200416666666667,0.3733480392156862,0.1,0.75,0.13925299612805134","0,0,0"
17.116666666666667,67,AV,1,0,0,11,1022.032321197676,0.1,-0.44176228698232883,"0.17251388888888894,0.29294776119402977,0.34216666666666656,0.1,0.11,0.05049759112961852","0,0,0"
54.75,294,AV,2,0,0,93,12051.378145129962,0.4,-66.64777307533996,"0.18253333333333338,0.30284223918575065,0.3398963963963964,0.4,0.93,0.5954464976293913","0,0,0"
38.766666666666666,163,AV,2,0,0,46,2675.3892374750885,0.4,-10.476355835634774,"0.1245595238095238,0.2727460317460318,0.3163908045977011,0.4,0.46,0.13218829681264888","0,0,0"
21.533333333333335,48,AV,1,0,0,24,859.2772315809713,0.2,-0.9345001542109556,"0.16878333333333337,0.3008416666666667,0.3325611111111111,0.2,0.24,0.042456025516412095","0,0,0"
39.11666666666667,238,AV,1,0,0,87,4617.971391102537,0.1,-4.561607262170731,"0.1532111111111111,0.28924940047961634,0.34762068965517234,0.1,0.87,0.2281693311644965","0,0,0"
27.016666666666666,49,AV,1,0,0,39,863.3540159882258,1.0,-5.890138299313611,"0.20646296296296293,0.3081162790697674,0.348046511627907,1.0,0.39,0.04265745534191888","0,0,0"
31.866666666666667,272,AV,1,0,0,53,7362.36439851089,0.6,-35.54757760089096,"0.18205128205128213,0.28675059101654843,0.3460185185185185,0.6,0.53,0.36376703498729634","0,0,0"
43.21666666666667,245,AV,1,0,0,93,4707.821121085941,0.2,-10.27557253112445,"0.17647222222222222,0.29390527577937653,0.344530303030303,0.2,0.93,0.2326087161366778","0,0,0"
39.93333333333333,289,AV,2,0,0,76,10783.100237376317,0.3,-32.6216012231738,"0.14285185185185184,0.30209741784037564,0.322125,0.3,0.76,0.5327821592360418","0,0,0"
33.06666666666667,95,AV,1,0,0,62,1434.4967426379471,0.2,-2.395657859758996,"0.17676666666666666,0.29532450331125826,0.3526551724137931,0.2,0.62,0.07087704418350775","0,0,0"
19.383333333333333,61,AV,1,0,0,18,943.1907669438916,0.5,-2.3083561909843135,"0.14716666666666667,0.29307213930348264,0.3319710144927537,0.5,0.18,0.046602109070826375","0,0,0"
27.433333333333334,234,AV,1,0,0,37,4549.070920567666,0.1,-3.1514186596188463,"0.1591666666666667,0.2885896551724138,0.30542222222222226,0.1,0.37,0.22476502807393375","0,0,0"
44.583333333333336,36,AV,1,0,0,98,776.0711537761008,0.3,-2.6211999196351887,"0.15201515151515152,0.28556785714285715,0.32033796296296285,0.3,0.98,0.03834489672983343","0,0,0"
20.75,222,AV,1,0,0,20,4015.909421979459,0.3,-6.3128879171268,"0.222537037037037,0.3323345153664304,0.36513095238095233,0.3,0.2,0.19842205358736212","0,0,0"
46.9,88,AV,2,0,0,91,1338.7213376931895,0.3,-4.756517480137165,"0.14266666666666666,0.27210000000000006,0.33077235772357716,0.3,0.91,0.06614487755935793","0,0,0"
28.366666666666667,200,AV,1,0,0,42,3438.9188747307694,0.2,-4.926801283494755,"0.14556666666666662,0.2904751773049645,0.33675000000000005,0.2,0.42,0.16991352979970423","0,0,0"
15.45,232,AV,1,0,0,9,4446.537177105173,0.1,-1.734823216825124,"0.1623166666666667,0.2853418491484185,0.3346071428571428,0.1,0.09,0.21969893872727725","0,0,0"
24.483333333333334,157,AV,1,0,0,33,2520.718778515204,0.7,-10.909322895400608,"0.1623148148148148,0.26177590090090086,0.326959595959596,0.7,0.33,0.12454618468528102","0,0,0"
24.066666666666666,262,AV,1,0,0,33,5913.041300376779,0.1,-3.5936160091515448,"0.2297555555555556,0.3054931506849316,0.38110919540229893,0.1,0.33,0.2921574354606168","0,0,0"
32.483333333333334,80,AV,1,0,0,59,1239.4416864014672,0.3,-3.0500907156520953,"0.10415151515151516,0.30271171171171174,0.3821505376344087,0.3,0.59,0.0612395696405775","0,0,0"
13.716666666666667,90,AV,0,0,0,25,1373.5659577718477,0.2,-6.951552847850363,"0.1632307692307692,0.26439166666666664,0.3000432098765432,0.2,0.25,0.06786651526229966","0,0,0"
33.56666666666667,105,AV,1,0,0,63,1552.9853059451273,0.6,-7.898263651953247,"0.18298333333333333,0.2834413793103448,0.3500882352941177,0.6,0.63,0.07673144516410514","0,0,0"
19.35,141,AV,1,0,0,20,2239.257430619588,0.4,-4.37673043257465,"0.12164814814814814,0.3018322072072071,0.3455050505050504,0.4,0.2,0.11063946200143439","0,0,0"
13.933333333333334,44,AV,1,0,0,7,837.3801312568858,0.1,-0.29463374988668206,"0.1967727272727272,0.29456410256410254,0.3546111111111111,0.1,0.07,0.04137411176852384","0,0,0"
25.4,209,AV,0,0,0,68,3654.013033637752,0.2,-10.68747126537368,"0.21434999999999998,0.29573529411764704,0.35487037037037034,0.2,0.68,0.18054111629141673","0,0,0"
18.916666666666668,119,AV,0,0,0,43,1782.711710770346,0.3,-8.554769939045887,"0.17437179487179488,0.3058202099737533,0.36871505376344094,0.3,0.43,0.08808199623958074","0,0,0"
47.13333333333333,193,AV,2,0,0,90,3292.2479258152307,0.5,-19.592754912048555,"0.1409027777777778,0.2717711267605634,0.3151666666666667,0.5,0.9,0.16266666543415204","0,0,0"
25.733333333333334,151,AV,1,0,0,36,2397.5381966938494,0.7,-10.90597341324374,"0.1770648148148148,0.277772506082725,0.3421733333333333,0.7,0.36,0.11845995577949263","0,0,0"
16.016666666666666,74,AV,1,0,0,7,1148.2139867956057,0.3,-1.3932242945840618,"0.15321929824561403,0.26766545893719806,0.3243535353535354,0.3,0.07,0.05673210057248192","0,0,0"
25.55,287,AV,1,0,0,34,9884.322174397852,0.1,-6.37738463524912,"0.16572549019607843,0.3061192214111922,0.34601851851851856,0.1,0.34,0.48837443728907737","0,0,0"
37.88333333333333,106,AV,1,0,0,81,1564.4426034616197,0.2,-2.993247506454765,"0.19068749999999998,0.3228474178403756,0.35975833333333335,0.2,0.81,0.07729753873417955","0,0,0"
19.916666666666668,69,AV,1,0,0,24,1062.4074567339185,0.3,-1.6030011499962533,"0.18425,0.2975869565217392,0.3358208333333333,0.3,0.24,0.052492486050087245","0,0,0"
18.816666666666666,270,AV,1,0,0,16,7334.728577480919,0.5,-17.42615438547129,"0.17988333333333334,0.32773945147679334,0.36461363636363636,0.5,0.16,0.3624015768095477","0,0,0"
14.6,83,AV,1,0,0,8,1260.6549751070208,0.3,-1.3943608058001895,"0.2043555555555555,0.31743123543123547,0.3396302083333333,0.3,0.08,0.0622876969427672","0,0,0"
20.383333333333333,230,AV,1,0,0,19,4381.240268036911,0.1,-2.255158605980279,"0.18065000000000006,0.29818181818181816,0.3551756756756756,0.1,0.19,0.21647268399171962","0,0,0"
32.8,138,AV,2,0,0,43,2193.4249838744518,0.2,-3.633552498539496,"0.1812962962962963,0.30437888888888887,0.34129032258064507,0.2,0.43,0.10837492681188801","0,0,0"
31.9,12,AV,1,0,0,61,541.9839687696077,0.2,-0.8731963941288126,"0.16841666666666666,0.28894630872483223,0.3195925925925926,0.2,0.61,0.02677888388271631","0,0,0"
29.783333333333335,181,AV,1,0,0,50,3119.7161673652217,1.0,-23.46352184798675,"0.16584999999999997,0.2703638497652582,0.33327619047619045,1.0,0.5,0.15414204442718335","0,0,0"
23.7,148,AV,1,0,0,32,2347.541384251396,0.1,-1.4049679496656082,"0.16088541666666667,0.24985851318944843,0.31255238095238097,0.1,0.32,0.11598966346080683","0,0,0"
29.266666666666666,52,AV,2,0,0,27,871.0408974081768,1.0,-6.437490807444269,"0.17492424242424245,0.3011046228710463,0.3475634920634919,1.0,0.27,0.0430372564372029","0,0,0"
28.6,190,AV,0,0,0,86,3251.3322332141274,0.5,-17.740921953273237,"0.14733333333333332,0.28686774193548387,0.3351041666666667,0.5,0.86,0.16064506213169047","0,0,0"
48.03333333333333,226,AV,2,0,0,94,4196.147454418583,0.1,-5.089771449341058,"0.18569999999999998,0.3129852941176471,0.3623290598290599,0.1,0.94,0.207327433856992","0,0,0"
39.983333333333334,15,AV,1,0,0,87,548.7192496267361,0.1,-0.5540309258647054,"0.18251666666666666,0.3177380952380952,0.35864444444444443,0.1,0.87,0.02711166734935643","0,0,0"
23.6,167,AV,1,0,0,32,2857.6088215719105,0.3,-5.109058196143719,"0.16042424242424244,0.3086989247311827,0.34360144927536235,0.3,0.32,0.14119158356071124","0,0,0"
41.68333333333333,87,AV,1,0,0,90,1301.8927857652438,0.1,-1.3703846200331966,"0.17152777777777775,0.30255555555555547,0.3706851851851852,0.1,0.9,0.06432521577510636","0,0,0"
31.366666666666667,127,AV,1,0,0,59,1921.5023446668008,0.3,-4.5659942079077265,"0.15939743589743588,0.2915319634703197,0.35203763440860214,0.3,0.59,0.09493950214987396","0,0,0"
35.71666666666667,43,AV,1,0,0,55,832.3173438658397,0.1,-0.7506969982763024,"0.1506190476190476,0.296906392694064,0.36537777777777775,0.1,0.55,0.04112396452528438","0,0,0"
35.56666666666667,199,AV,1,0,0,70,3414.9419898187493,0.4,-12.268495296756251,"0.1306851851851852,0.3010686274509804,0.3348690476190476,0.4,0.7,0.16872885598290138","0,0,0"
29.85,276,AV,1,0,0,48,7864.29237148983,0.2,-11.85601652974603,"0.14734999999999998,0.2942098765432099,0.3489809523809524,0.2,0.48,0.38856679232403757","0,0,0"
44.53333333333333,296,AV,2,0,0,87,14297.77376075636,0.4,-64.31591159720706,"0.1660333333333333,0.2978264367816092,0.354979797979798,0.4,0.87,0.7064386501870882","0,0,0"
18.05,64,AV,1,0,0,14,954.0002559944874,0.8,-3.478728206202121,"0.14703030303030304,0.23243669250645996,0.3126868686868687,0.8,0.14,0.04713619507483592","0,0,0"
42.28333333333333,253,AV,1,0,0,91,5341.061461458292,0.2,-11.405953642861688,"0.19872727272727275,0.2867316784869977,0.3423385416666666,0.2,0.91,0.26389648574207625","0,0,0"
45.95,56,AV,1,0,0,98,904.859336063587,0.3,-3.149870188797108,"0.18235416666666665,0.32501995305164316,0.332547619047619,0.3,0.98,0.044708191546047354","0,0,0"
20.433333333333334,30,AV,0,0,0,45,720.4688823460104,0.6,-8.230542549889416,"0.14078787878787877,0.273523631840796,0.3217976190476191,0.6,0.45,0.035597644309025005","0,0,0"
26.95,109,AV,0,0,0,77,1594.6992934726818,0.7,-13.59697024529347,"0.14336666666666664,0.2834877450980392,0.32957843137254905,0.7,0.77,0.07879249141759738","0,0,0"
41.766666666666666,58,AV,1,0,0,90,926.7012599248138,0.1,-0.9774046116883769,"0.19764814814814813,0.3008115384615385,0.3662634408602151,0.1,0.9,0.04578737908028891","0,0,0"
39.31666666666667,242,AV,1,0,0,83,4669.869929992837,0.4,-18.545830243860443,"0.14130555555555557,0.2898429951690821,0.31752941176470584,0.4,0.83,0.23073358587812023","0,0,0"
27.166666666666668,118,AV,1,0,0,38,1751.9448432672848,0.1,-1.2018813529148462,"0.1934242424242424,0.303267816091954,0.34541358024691354,0.1,0.38,0.08656183619837181","0,0,0"
17.366666666666667,21,AV,1,0,0,11,591.6693204447811,0.1,-0.25947787538024497,"0.18768518518518518,0.3068778538812786,0.3519571428571428,0.1,0.11,0.02923378723751827","0,0,0"
38.53333333333333,54,AV,1,0,0,81,877.2934597877683,0.1,-0.8536626595241247,"0.15155555555555555,0.31258390022675736,0.34163095238095237,0.1,0.81,0.04334618926839462","0,0,0"
39.0,77,AV,1,0,0,83,1167.011530479414,0.2,-2.2986590751867246,"0.18346153846153845,0.2622171717171718,0.32384999999999997,0.2,0.83,0.05766086833794136","0,0,0"
30.95,115,AV,1,0,0,50,1697.366940102563,0.1,-1.3266037069740992,"0.17366666666666664,0.309083864118896,0.3433968253968254,0.1,0.5,0.08386519678534977","0,0,0"
37.28333333333333,231,AV,2,0,0,55,4416.224882412617,0.6,-24.94720975241673,"0.18726190476190474,0.2774951690821256,0.32614035087719295,0.6,0.55,0.21820123867235977","0,0,0"
30.65,204,AV,1,0,0,51,3531.3895067900216,0.3,-8.199779422963195,"0.14272916666666668,0.28978299776286354,0.3287777777777778,0.3,0.51,0.17448241091273348","0,0,0"
30.433333333333334,236,AV,2,0,0,34,4572.8741748457805,0.3,-10.543015458672217,"0.13364285714285712,0.28225925925925927,0.3473703703703704,0.3,0.34,0.22594112297539634","0,0,0"
45.3,284,AV,1,0,0,99,8987.822610831106,0.6,-61.689146101613495,"0.17056060606060608,0.33925524475524477,0.3559629629629629,0.6,0.99,0.4440792937110115","0,0,0"
19.916666666666668,229,AV,1,0,0,17,4245.708624069837,0.2,-4.270725425726815,"0.1518690476190476,0.2845401891252956,0.33603809523809525,0.2,0.17,0.20977620150263931","0,0,0"
43.61666666666667,140,AV,1,0,0,94,2222.040577514192,0.2,-4.894848645921415,"0.20694444444444446,0.31908633093525174,0.37034408602150526,0.2,0.94,0.1097887945708426","0,0,0"
10.433333333333334,218,AV,0,0,0,17,3933.772930850901,0.1,-7.036423339525532,"0.19107692307692306,0.3074931034482759,0.33702604166666666,0.1,0.17,0.19436377200486682","0,0,0"
38.53333333333333,91,AV,1,0,0,81,1386.7650627050614,0.8,-10.795288972976774,"0.17275000000000001,0.28905333333333333,0.3451025641025641,0.8,0.81,0.0685186697885022","0,0,0"
12.2,1,AV,0,0,0,21,417.8295094645922,0.1,-6.128725252915859,"0.23102380952380958,0.30290047961630695,0.37543137254901965,0.1,0.21,0.020644536667985786","0,0,0"
