travel_time,id,kind,action,bid_route_0,bid_route_1,bid_route_2,karma_balance,origin,destination,start_time,income,urgency,reward,observation,cost_table
21.433333333333334,38,AV,2,3,3,9,3,0,0,1,2137.1188228190404,0.2,-0.2597979797979798,"0.3995960451977401,0.22835460992907802,0.344857843137255,0.2,0.01,0.13038592623919196,12.0","0,0,0"
62.266666666666666,199,AV,0,8,0,8,3,0,0,78,4924.983441788647,0.7,-2.6416161616161613,"0.39356737588652485,0.23450628930817607,0.3423291666666667,0.7,0.78,0.3004739469391075,11.0","0,0,0"
24.216666666666665,49,AV,1,3,4,8,15,0,0,45,3942.222625638348,0.3,-0.44030303030303025,"0.4901111111111112,0.2646914893617021,0.3423273809523809,0.3,0.45,0.24051556843569988,19.0","0,0,0"
38.38333333333333,271,AV,2,1,1,1,6,0,0,63,8689.506535985933,0.6,-1.3957575757575755,"0.4555988700564972,0.24267283950617283,0.319679012345679,0.6,0.63,0.5301480414465347,6.0","0,0,0"
74.4,117,AV,0,4,6,7,10,0,0,93,2352.9451803313505,0.1,-0.450909090909091,"0.5287619047619048,0.29508201058201056,0.34432638888888895,0.1,0.93,0.14355352330052593,14.0","0,0,0"
23.75,16,AV,2,1,1,1,7,0,0,1,2645.062412614309,0.1,-0.14393939393939395,"0.43224999999999997,0.2435638888888889,0.3348333333333333,0.1,0.01,0.16137563758587084,7.0","0,0,0"
25.45,178,AV,1,3,5,6,2,0,0,50,4281.8327360815,0.2,-0.30848484848484853,"0.5695253623188405,0.2782903225806452,0.36231770833333327,0.2,0.5,0.2612352300368808,7.0","0,0,0"
25.016666666666666,93,AV,2,2,3,1,8,0,0,7,2553.8725848963804,0.1,-0.15161616161616162,"0.5422787878787879,0.2484056603773585,0.36524999999999996,0.1,0.07,0.15581213310327466,8.0","0,0,0"
37.2,281,AV,2,2,1,0,7,0,0,49,3158.0604616132755,0.1,-0.2254545454545455,"0.5004356725146198,0.24161363636363636,0.33581623931623933,0.1,0.49,0.19267372221431378,7.0","0,0,0"
27.066666666666666,203,AV,2,0,1,5,2,0,0,15,4505.18942297478,0.1,-0.16404040404040404,"0.4724242424242424,0.2547483660130719,0.33474509803921565,0.1,0.15,0.27486225357499294,7.0","0,0,0"
30.683333333333334,32,AV,2,0,2,3,10,0,0,37,743.7818724069466,0.1,-0.185959595959596,"0.3482366666666667,0.22306289308176105,0.31392342342342344,0.1,0.37,0.045378238831745035,10.0","0,0,0"
36.55,275,AV,2,0,3,3,6,0,0,59,1421.705549214182,0.1,-0.2215151515151515,"0.48669379844961225,0.2593942307692308,0.3443440860215054,0.1,0.59,0.08673845969367815,6.0","0,0,0"
14.366666666666667,138,AV,1,1,6,2,0,0,0,5,4999.976398121604,0.1,-0.08707070707070708,"0.5666823899371068,0.2720648148148148,0.3614444444444445,0.1,0.05,0.3050492779728728,6.0","0,0,0"
14.566666666666666,88,AV,1,2,5,5,0,0,0,7,2927.9701715656583,0.2,-0.1765656565656566,"0.6170588235294118,0.2947807017543859,0.40276515151515146,0.2,0.07,0.17863588058090862,5.0","0,0,0"
60.46666666666667,110,AV,0,6,9,8,5,0,0,79,6081.635477498837,0.3,-1.0993939393939394,"0.4967421383647799,0.249360119047619,0.3388655913978495,0.3,0.79,0.3710414537160996,11.0","0,0,0"
18.716666666666665,184,AV,1,1,8,0,4,0,0,21,2218.0502812558643,0.5,-0.5671717171717171,"0.440574074074074,0.24289444444444444,0.3448030303030303,0.5,0.21,0.13532356613899618,12.0","0,0,0"
34.166666666666664,83,AV,1,3,4,7,4,0,0,90,3323.1633986738134,0.3,-0.6212121212121211,"0.45560416666666675,0.24821186440677967,0.3608771929824561,0.3,0.9,0.2027466761107439,8.0","0,0,0"
28.683333333333334,75,AV,1,3,6,1,5,0,0,67,1025.7249596144625,0.1,-0.17383838383838385,"0.6232385057471265,0.2626587301587302,0.3594222222222222,0.1,0.67,0.06257962706517879,11.0","0,0,0"
15.916666666666666,295,AV,1,1,6,5,4,0,0,14,1062.4074567339185,0.4,-0.3858585858585859,"0.4029420289855073,0.23356802721088435,0.3452794117647059,0.4,0.14,0.06481763148150681,10.0","0,0,0"
44.55,86,AV,2,3,3,5,0,0,0,95,1996.532829496936,0.6,-1.6199999999999999,"0.5424583333333334,0.2819502923976608,0.34862380952380945,0.6,0.95,0.12180875460051814,5.0","0,0,0"
18.783333333333335,206,AV,1,0,4,0,1,0,0,20,7612.519032757181,0.8,-0.9107070707070708,"0.5565454545454545,0.2588086419753087,0.3735198412698412,0.8,0.2,0.46444087923489674,5.0","0,0,0"
22.783333333333335,262,AV,1,2,5,1,0,0,0,32,3362.377553451843,0.7,-0.9665656565656566,"0.4716782945736434,0.26289062500000004,0.33844444444444444,0.7,0.32,0.20513913732433053,5.0","0,0,0"
27.9,89,AV,1,2,8,2,5,0,0,61,1167.011530479414,0.1,-0.1690909090909091,"0.5129456521739131,0.25910057471264364,0.33570370370370367,0.1,0.61,0.0711995410403344,13.0","0,0,0"
39.88333333333333,218,AV,2,2,0,5,4,0,0,76,2141.869626207308,0.3,-0.7251515151515152,"0.39577564102564106,0.22736419753086423,0.3392843137254903,0.3,0.76,0.13067577343605605,9.0","0,0,0"
34.96666666666667,12,AV,1,0,5,0,2,0,0,87,8011.326014866212,0.1,-0.21191919191919195,"0.5084246031746031,0.28383333333333327,0.37178508771929836,0.1,0.87,0.48877215047621786,7.0","0,0,0"
21.45,25,AV,1,1,9,5,1,0,0,35,1950.0200213032829,0.4,-0.52,"0.46987698412698414,0.24467796610169493,0.3412307692307692,0.4,0.35,0.11897100149406448,10.0","0,0,0"
43.18333333333333,111,AV,0,6,7,6,5,0,0,58,610.4868582393152,0.2,-0.5234343434343435,"0.4623402777777778,0.2370381944444445,0.31828921568627455,0.2,0.58,0.03724589087816358,11.0","0,0,0"
29.933333333333334,241,AV,1,3,5,6,4,0,0,68,2793.3389947689566,1.0,-1.814141414141414,"0.5989674796747967,0.28806218905472636,0.38041145833333334,1.0,0.68,0.1704220131534742,9.0","0,0,0"
14.0,134,AV,0,6,0,6,2,0,0,15,5960.007005011629,0.2,-0.1696969696969697,"0.5618487654320987,0.27705102040816326,0.34942792792792793,0.2,0.15,0.36362088314558555,8.0","0,0,0"
19.133333333333333,126,AV,1,2,9,0,6,0,0,24,3651.018124108644,1.0,-1.1595959595959595,"0.5686666666666667,0.28314130434782614,0.38026576576576576,1.0,0.24,0.2227491399846658,15.0","0,0,0"
45.68333333333333,205,AV,2,0,1,2,5,0,0,92,7912.643587116454,0.3,-0.8306060606060605,"0.5780451388888888,0.2586289308176101,0.35470430107526885,0.3,0.92,0.48275152138985195,5.0","0,0,0"
67.31666666666666,82,AV,0,7,3,1,7,0,0,87,4034.238052294327,0.3,-1.2239393939393939,"0.5516214689265536,0.26097916666666665,0.36220202020202025,0.3,0.87,0.2461294428280505,14.0","0,0,0"
20.166666666666668,263,AV,1,0,5,0,1,0,0,32,1594.6992934726818,0.1,-0.12222222222222223,"0.44495098039215686,0.2578533333333333,0.33475641025641023,0.1,0.32,0.09729283287026043,6.0","0,0,0"
20.966666666666665,17,AV,1,2,9,9,2,0,0,34,508.6019702527906,0.2,-0.25414141414141417,"0.4812170542635659,0.26291944444444443,0.3505752688172043,0.2,0.34,0.03102987923292612,11.0","0,0,0"
19.883333333333333,278,AV,1,3,6,7,4,0,0,31,7897.119961473183,0.1,-0.1205050505050505,"0.5430238095238097,0.2637575757575758,0.35567916666666677,0.1,0.31,0.4818044227603904,10.0","0,0,0"
25.8,112,AV,1,1,5,3,8,0,0,51,4818.617258984985,1.0,-1.5636363636363637,"0.4016518518518518,0.21548633879781418,0.32721568627450975,1.0,0.51,0.2939845308536281,13.0","0,0,0"
76.16666666666667,135,AV,0,7,7,2,3,0,0,94,5304.212874057136,0.2,-0.9232323232323234,"0.5286341463414636,0.25977044025157225,0.35240170940170934,0.2,0.94,0.32361078905360735,10.0","0,0,0"
32.166666666666664,260,AV,1,3,5,2,8,0,0,88,3132.463358685509,0.1,-0.19494949494949496,"0.5380777777777778,0.2658820512820513,0.3730388888888889,0.1,0.88,0.19111203928932116,13.0","0,0,0"
43.78333333333333,261,AV,2,1,2,8,3,0,0,84,477.1303205766694,0.7,-1.8574747474747475,"0.5894573643410853,0.27044753086419754,0.38611382113821135,0.7,0.84,0.029109789367317424,11.0","0,0,0"
38.71666666666667,44,AV,1,1,9,5,13,0,0,95,4434.023444374438,0.1,-0.23464646464646466,"0.6005166666666667,0.2671230769230769,0.3711266666666666,0.1,0.95,0.27052040700219254,22.0","0,0,0"
58.93333333333333,59,AV,0,8,6,4,0,0,0,76,753.5670156580491,0.1,-0.3571717171717172,"0.45549999999999996,0.239135593220339,0.34431428571428574,0.1,0.76,0.045975231826498236,8.0","0,0,0"
72.73333333333333,270,AV,0,4,1,3,2,0,0,93,8331.964781214912,0.1,-0.44080808080808087,"0.4503475177304964,0.25595751633986924,0.33617129629629616,0.1,0.93,0.5083343676501888,6.0","0,0,0"
14.166666666666666,208,AV,1,1,9,5,0,0,0,2,616.3739675020589,0.1,-0.08585858585858586,"0.5588503401360544,0.2696338797814207,0.36321666666666674,0.1,0.02,0.03760506425958635,9.0","0,0,0"
45.81666666666667,247,AV,2,0,1,9,1,0,0,91,8436.938288223368,0.3,-0.8330303030303031,"0.5523373983739837,0.2755584795321638,0.3614656862745098,0.3,0.91,0.5147388163854347,10.0","0,0,0"
23.733333333333334,200,AV,1,2,4,4,1,0,0,47,1530.6528609905624,0.2,-0.2876767676767677,"0.6439863945578231,0.27029629629629626,0.38814215686274506,0.2,0.47,0.09338535082839546,5.0","0,0,0"
44.88333333333333,24,AV,0,7,0,6,2,0,0,60,3236.647802754315,0.9,-2.4481818181818182,"0.40734195402298845,0.242891975308642,0.30219642857142853,0.9,0.6,0.19746834718132122,9.0","0,0,0"
25.066666666666666,227,AV,1,1,4,3,3,0,0,46,1141.5133047894662,0.1,-0.15191919191919193,"0.4700782312925169,0.2629219858156028,0.33707196969696973,0.1,0.46,0.06964389062981845,7.0","0,0,0"
33.1,68,AV,1,1,7,5,0,0,0,85,2476.7673195544394,0.3,-0.6018181818181819,"0.5154166666666667,0.2506701388888889,0.3557692307692308,0.3,0.85,0.15110792979357457,7.0","0,0,0"
27.216666666666665,257,AV,2,0,1,2,5,0,0,23,1528.3774584247917,0.4,-0.6597979797979798,"0.5157934782608696,0.25175730994152046,0.386936936936937,0.4,0.23,0.09324652819114326,5.0","0,0,0"
27.75,99,AV,2,1,1,2,10,0,0,2,978.4447105201264,0.4,-0.6727272727272728,"0.4999326241134751,0.278125,0.3564195402298851,0.4,0.02,0.05969505227918116,10.0","0,0,0"
29.3,296,AV,1,0,5,7,5,0,0,59,1046.6558973464134,1.0,-1.7757575757575759,"0.45395185185185194,0.23612202380952374,0.3166827956989247,1.0,0.59,0.0638566265815816,10.0","0,0,0"
43.11666666666667,50,AV,0,9,7,2,0,0,0,60,2520.757475212996,0.1,-0.26131313131313133,"0.5880138888888891,0.27625423728813564,0.37236363636363634,0.1,0.6,0.153791775506646,9.0","0,0,0"
40.266666666666666,210,AV,2,2,2,4,1,0,0,69,646.5589615252754,0.1,-0.24404040404040403,"0.5023418803418803,0.2575595238095238,0.3664684684684685,0.1,0.69,0.0394466550790664,5.0","0,0,0"
37.983333333333334,95,AV,0,4,0,7,7,0,0,52,2964.6777926145683,0.7,-1.6114141414141414,"0.41110130718954246,0.24271794871794872,0.3436711711711712,0.7,0.52,0.18087541781178007,11.0","0,0,0"
55.266666666666666,105,AV,0,9,7,8,2,0,0,74,912.6272274022258,0.1,-0.33494949494949494,"0.3586925287356323,0.2171363636363636,0.3202763157894737,0.1,0.74,0.055679518183730216,11.0","0,0,0"
19.116666666666667,273,AV,0,4,9,0,8,0,0,24,2761.3662775036096,0.2,-0.23171717171717174,"0.47052651515151517,0.22930909090909093,0.3257037037037038,0.2,0.24,0.16847135308230085,12.0","0,0,0"
32.36666666666667,274,AV,1,3,5,0,2,0,0,84,1404.912317929139,0.4,-0.7846464646464647,"0.4718333333333334,0.22520915032679742,0.34819512195121943,0.4,0.84,0.0857139022417153,7.0","0,0,0"
27.683333333333334,60,AV,0,4,4,4,3,0,0,38,3046.5766145774583,0.2,-0.3355555555555556,"0.5135757575757576,0.2729741379310345,0.36286403508771925,0.2,0.38,0.18587207669920885,7.0","0,0,0"
69.03333333333333,4,AV,0,7,4,2,4,0,0,88,623.7253316558669,0.1,-0.4183838383838384,"0.5333814814814815,0.25697499999999995,0.3353690476190476,0.1,0.88,0.038053572042158534,11.0","0,0,0"
31.6,118,AV,1,2,8,9,5,0,0,77,3849.958431883558,0.4,-0.7660606060606061,"0.5141045751633987,0.26178273809523805,0.35237931034482756,0.4,0.77,0.23488651672693153,13.0","0,0,0"
27.483333333333334,179,AV,2,0,2,9,0,0,0,21,2401.1770329784995,0.4,-0.6662626262626263,"0.49126143790849675,0.20397959183673472,0.2993333333333334,0.4,0.21,0.14649615555591702,9.0","0,0,0"
22.666666666666668,214,AV,1,2,5,4,3,0,0,39,1365.417472605012,0.5,-0.6868686868686869,"0.5241698717948718,0.2700952380952381,0.3682797619047619,0.5,0.39,0.08330431605760824,8.0","0,0,0"
40.31666666666667,150,AV,2,1,1,4,4,0,0,63,3667.3634505223554,0.8,-1.954747474747475,"0.46409219858156037,0.2425060606060606,0.34339285714285717,0.8,0.63,0.2237463706961161,8.0","0,0,0"
44.93333333333333,96,AV,2,1,1,7,0,0,0,81,2417.357356239525,0.1,-0.2723232323232323,"0.42283333333333334,0.23562009803921566,0.33936419753086416,0.1,0.81,0.14748331940132994,7.0","0,0,0"
13.866666666666667,287,AV,0,5,6,5,6,0,0,15,3301.717979419838,0.2,-0.1680808080808081,"0.39447385620915026,0.2250771604938272,0.31469523809523803,0.2,0.15,0.20143828800281033,11.0","0,0,0"
39.7,284,AV,0,4,1,1,1,0,0,54,2971.291490045772,0.3,-0.7218181818181818,"0.5395815602836879,0.27218461538461536,0.39461904761904765,0.3,0.54,0.18127892044168803,5.0","0,0,0"
17.433333333333334,197,AV,1,0,7,7,1,0,0,17,1823.811293294481,0.2,-0.2113131313131313,"0.5323876811594203,0.23297000000000004,0.3244504504504505,0.2,0.17,0.11127098887652025,8.0","0,0,0"
65.98333333333333,77,AV,0,6,5,4,1,0,0,84,4504.939201911708,0.2,-0.7997979797979798,"0.43379333333333336,0.24048611111111115,0.31847916666666665,0.2,0.84,0.27484698755200676,7.0","0,0,0"
24.716666666666665,64,AV,2,2,0,0,11,0,0,20,4237.057085974603,0.1,-0.1497979797979798,"0.5640460992907803,0.27923636363636367,0.37859649122807015,0.1,0.2,0.2585034611947306,11.0","0,0,0"
21.766666666666666,29,AV,1,3,6,6,0,0,0,40,2472.005569054355,0.4,-0.5276767676767676,"0.47119736842105264,0.24731451612903224,0.35600462962962964,0.4,0.4,0.1508174147118467,6.0","0,0,0"
5.15,54,AV,0,7,6,0,7,0,0,2,1597.8734280578535,0.1,-0.031212121212121215,"0.4580666666666666,0.24633625730994155,0.3662525252525253,0.1,0.02,0.09748648727706105,14.0","0,0,0"
72.9,195,AV,0,6,6,8,2,0,0,91,617.4453946714843,0.2,-0.8836363636363638,"0.37646258503401364,0.2193586956521739,0.32610852713178295,0.2,0.91,0.03767043218503426,8.0","0,0,0"
65.76666666666667,10,AV,0,5,3,3,4,0,0,83,793.0252767736928,0.9,-3.5872727272727274,"0.4184666666666667,0.24216666666666664,0.3415119047619048,0.9,0.83,0.048382586002792785,9.0","0,0,0"
39.733333333333334,249,AV,2,3,1,1,16,0,0,80,2302.618320259251,0.2,-0.4816161616161616,"0.5846407407407407,0.28639937106918234,0.3741486486486486,0.2,0.8,0.1404830743413262,16.0","0,0,0"
12.9,15,AV,1,1,5,2,0,0,0,5,2142.030696222753,0.1,-0.07818181818181819,"0.5026747967479676,0.267683908045977,0.3223970588235294,0.1,0.05,0.13068560034082563,5.0","0,0,0"
67.5,264,AV,0,4,7,9,8,0,0,88,6918.069898529506,0.1,-0.4090909090909091,"0.36109477124183004,0.23734294871794875,0.3225364583333333,0.1,0.88,0.42207243784292864,12.0","0,0,0"
33.55,132,AV,2,1,3,4,9,0,0,41,2780.081336731352,0.2,-0.4066666666666667,"0.556437106918239,0.27644535519125685,0.36866025641025646,0.2,0.41,0.16961316153299416,13.0","0,0,0"
17.25,28,AV,0,4,2,3,3,0,0,24,2335.4036410281064,0.3,-0.3136363636363636,"0.3313074074074074,0.22992204301075264,0.33091071428571434,0.3,0.24,0.14248331146892657,7.0","0,0,0"
25.083333333333332,79,AV,2,1,3,0,6,0,0,12,2105.159940183184,0.1,-0.15202020202020203,"0.43460144927536226,0.26436440677966094,0.3876619047619048,0.1,0.12,0.1284361102207503,6.0","0,0,0"
44.96666666666667,26,AV,2,1,0,7,0,0,0,96,1017.530975349866,0.1,-0.27252525252525256,"0.3858238993710692,0.2173623188405797,0.3544814814814815,0.1,0.96,0.06207971090865948,7.0","0,0,0"
48.13333333333333,190,AV,2,3,0,0,5,0,0,93,783.6834518391023,0.1,-0.29171717171717176,"0.4758461538461539,0.2686818181818182,0.36737037037037035,0.1,0.93,0.04781263992218401,5.0","0,0,0"
23.683333333333334,35,AV,1,0,4,8,15,0,0,44,6130.868263041086,0.1,-0.14353535353535354,"0.4136259259259259,0.23584482758620687,0.33931081081081077,0.1,0.44,0.37404515303114005,19.0","0,0,0"
43.88333333333333,72,AV,2,0,1,7,8,0,0,91,497.26542980048754,0.6,-1.5957575757575757,"0.6103287037037037,0.29696774193548386,0.37920634920634916,0.6,0.91,0.030338235272169726,15.0","0,0,0"
14.916666666666666,143,AV,1,0,4,6,2,0,0,4,9280.176126726552,0.1,-0.0904040404040404,"0.37636821705426365,0.22653144654088048,0.30917916666666667,0.1,0.04,0.5661848779891332,6.0","0,0,0"
27.466666666666665,185,AV,2,3,3,5,2,0,0,30,1040.734547163155,0.2,-0.3329292929292929,"0.47415359477124186,0.22197413793103452,0.3109086021505376,0.2,0.3,0.06349536415668174,7.0","0,0,0"
74.45,42,AV,0,5,9,5,14,0,0,93,7864.29237148983,0.4,-1.8048484848484851,"0.4242063492063492,0.23946783625730986,0.3170325203252032,0.4,0.93,0.4798016067819443,19.0","0,0,0"
22.483333333333334,130,AV,0,4,0,4,6,0,0,30,1778.835052690156,0.7,-0.9538383838383838,"0.5584166666666668,0.26865833333333333,0.3597892156862745,0.7,0.3,0.10852698197932012,10.0","0,0,0"
31.2,91,AV,2,1,0,8,0,0,0,6,3252.767976975094,0.6,-1.1345454545454545,"0.5497777777777778,0.23232352941176468,0.3564362745098039,0.6,0.06,0.19845184132515217,8.0","0,0,0"
64.06666666666666,124,AV,0,8,4,2,4,0,0,82,1059.8377785859489,0.7,-2.7179797979797975,"0.4362727272727273,0.24654569892473116,0.3492254901960784,0.7,0.82,0.064660855048731,12.0","0,0,0"
22.8,222,AV,1,3,9,9,2,0,0,47,1697.366940102563,1.0,-1.3818181818181818,"0.40499305555555554,0.24886477987421382,0.34055747126436786,1.0,0.47,0.10355660073272177,11.0","0,0,0"
55.35,248,AV,0,6,6,2,5,0,0,73,3898.759045987068,0.1,-0.33545454545454545,"0.47281999999999996,0.25710000000000005,0.35369791666666667,0.1,0.73,0.237863849200441,11.0","0,0,0"
24.183333333333334,45,AV,0,6,5,4,0,0,0,32,3101.095365071405,0.4,-0.5862626262626263,"0.4762446808510638,0.23819090909090906,0.3183133333333333,0.4,0.32,0.18919827349493964,6.0","0,0,0"
39.11666666666667,101,AV,2,3,1,9,2,0,0,71,4717.175795221327,0.2,-0.4741414141414142,"0.5041764705882352,0.2563376068376068,0.3604772727272727,0.2,0.71,0.28779557258389693,11.0","0,0,0"
26.083333333333332,146,AV,1,3,5,6,4,0,0,61,1527.6889462703334,0.3,-0.4742424242424242,"0.43308163265306127,0.2491697530864198,0.3232837837837838,0.3,0.61,0.09320452196573949,9.0","0,0,0"
15.033333333333333,133,AV,1,3,9,7,2,0,0,10,1141.0395517097602,0.1,-0.09111111111111111,"0.4741515151515152,0.24557602339181286,0.3470172413793104,0.1,0.1,0.06961498688640157,11.0","0,0,0"
17.65,51,AV,0,6,1,2,1,0,0,16,3097.4575811220984,0.1,-0.10696969696969696,"0.47099122807017546,0.23726344086021506,0.3010396825396826,0.1,0.16,0.1889763317738599,7.0","0,0,0"
23.466666666666665,216,AV,1,3,6,1,0,0,0,43,816.2772675203604,0.1,-0.14222222222222222,"0.45118867924528316,0.24510204081632647,0.3283640350877193,0.1,0.43,0.049801193296892726,6.0","0,0,0"
29.933333333333334,103,AV,1,2,7,3,2,0,0,72,2835.850686157305,0.2,-0.36282828282828283,"0.47243279569892466,0.2387023809523809,0.3225,0.2,0.72,0.17301565754913437,9.0","0,0,0"
12.1,176,AV,0,7,8,1,4,0,0,14,567.9518330451218,0.5,-0.36666666666666664,"0.6029970238095238,0.25375510204081636,0.35408571428571434,0.5,0.14,0.03465082288365841,11.0","0,0,0"
28.1,61,AV,1,2,4,2,14,0,0,58,11185.875164713363,0.1,-0.17030303030303032,"0.456781045751634,0.24867307692307694,0.3529675925925925,0.1,0.58,0.6824518499272147,18.0","0,0,0"
36.21666666666667,268,AV,1,1,6,9,5,0,0,89,11940.25564443948,0.1,-0.21949494949494952,"0.5410615942028985,0.2897339743589743,0.37809722222222225,0.1,0.89,0.7284767113133074,11.0","0,0,0"
15.716666666666667,128,AV,1,0,5,5,1,0,0,13,3941.04555698938,0.3,-0.28575757575757577,"0.49452515723270446,0.24421895424836607,0.3769270833333333,0.3,0.13,0.24044375530841652,6.0","0,0,0"
27.416666666666668,292,AV,1,1,9,3,6,0,0,50,2991.769966736588,0.1,-0.16616161616161618,"0.5221893939393939,0.24205084745762712,0.3382702702702703,0.1,0.5,0.1825283152450044,15.0","0,0,0"
28.866666666666667,115,AV,2,0,3,4,2,0,0,5,10426.353459350525,0.1,-0.17494949494949497,"0.46349659863945575,0.22046726190476193,0.3307,0.1,0.05,0.636113321626821,6.0","0,0,0"
24.55,41,AV,1,1,7,8,5,0,0,47,1997.7276787447236,0.6,-0.8927272727272728,"0.5030362318840581,0.24807333333333326,0.3456712962962963,0.6,0.47,0.12188165252468854,12.0","0,0,0"
25.916666666666668,139,AV,0,6,1,7,1,0,0,35,4412.688598555705,0.4,-0.6282828282828283,"0.5357091503267974,0.2448087431693989,0.3552797619047619,0.4,0.35,0.2692187649954198,7.0","0,0,0"
25.933333333333334,282,AV,1,1,4,4,1,0,0,51,933.6906207466446,0.7,-1.10020202020202,"0.6141590909090909,0.269300505050505,0.34995,0.7,0.51,0.05696459883606839,5.0","0,0,0"
32.916666666666664,193,AV,0,6,5,4,19,0,0,48,1467.6871321740252,0.3,-0.5984848484848484,"0.40232499999999993,0.23864150943396228,0.3458827160493827,0.3,0.48,0.0895438026723409,25.0","0,0,0"
19.866666666666667,102,AV,1,0,6,1,0,0,0,25,4559.760277629775,0.4,-0.4816161616161616,"0.5076418439716313,0.25148076923076923,0.34638211382113826,0.4,0.25,0.27819162925307067,6.0","0,0,0"
36.93333333333333,74,AV,1,1,5,5,5,0,0,98,1751.9448432672848,0.1,-0.22383838383838384,"0.48668859649122803,0.25045757575757577,0.3511801801801802,0.1,0.98,0.10688640644139001,10.0","0,0,0"
28.066666666666666,237,AV,2,1,1,2,8,0,0,4,3352.9358316496982,0.2,-0.3402020202020202,"0.42858653846153844,0.23511437908496732,0.3388024691358024,0.2,0.04,0.20456309652148852,8.0","0,0,0"
25.016666666666666,293,AV,1,1,7,6,0,0,0,48,4735.166802079286,0.4,-0.6064646464646465,"0.3827439024390244,0.24169774011299439,0.32550833333333334,0.4,0.48,0.28889320649554645,7.0","0,0,0"
22.766666666666666,294,AV,1,2,5,4,1,0,0,44,845.7864251007381,0.8,-1.1038383838383838,"0.5735780141843972,0.29113333333333324,0.3807325581395349,0.8,0.44,0.05160155123795496,6.0","0,0,0"
43.766666666666666,175,AV,2,3,3,2,7,0,0,75,1265.4739572733297,0.3,-0.7957575757575758,"0.3902222222222222,0.23257471264367816,0.34035483870967737,0.3,0.75,0.07720674783679542,7.0","0,0,0"
30.233333333333334,223,AV,1,3,4,1,7,0,0,68,1386.7650627050614,0.2,-0.3664646464646465,"0.47261111111111115,0.28074038461538464,0.33239316239316247,0.2,0.68,0.08460673559481392,11.0","0,0,0"
25.983333333333334,234,AV,0,7,2,8,3,0,0,36,2398.572127464108,0.6,-0.9448484848484848,"0.5978333333333333,0.2593030303030303,0.35271794871794876,0.6,0.36,0.14633722989645767,10.0","0,0,0"
25.133333333333333,120,AV,1,0,7,2,1,0,0,48,2198.5025098873134,0.4,-0.6092929292929293,"0.5016162790697674,0.2604969696969697,0.34033333333333343,0.4,0.48,0.13413095380102685,8.0","0,0,0"
17.9,211,AV,1,3,4,4,1,0,0,18,2043.1688306873104,0.1,-0.10848484848484848,"0.4436260162601626,0.24301543209876544,0.3188412698412698,0.1,0.18,0.1246540237293905,5.0","0,0,0"
36.28333333333333,81,AV,0,7,7,2,1,0,0,51,2088.64210540395,0.1,-0.21989898989898993,"0.4368710691823899,0.26653333333333334,0.35975000000000007,0.1,0.51,0.12742835474914976,8.0","0,0,0"
34.15,251,AV,2,0,1,3,17,0,0,42,3773.073658575576,0.6,-1.241818181818182,"0.5580160256410257,0.2771412429378531,0.36803448275862066,0.6,0.42,0.2301957656678827,17.0","0,0,0"
30.066666666666666,73,AV,1,0,7,6,3,0,0,69,2225.3307045190536,0.2,-0.36444444444444446,"0.5391610169491525,0.23186333333333334,0.3463172043010754,0.2,0.69,0.13576774580764567,10.0","0,0,0"
30.933333333333334,288,AV,0,6,7,3,3,0,0,48,1564.4426034616197,0.1,-0.1874747474747475,"0.4068680555555555,0.21762797619047622,0.3268611111111111,0.1,0.48,0.09544686786826742,9.0","0,0,0"
48.416666666666664,256,AV,0,6,4,4,2,0,0,66,2756.9260540590044,0.2,-0.5868686868686869,"0.5035094339622642,0.2543692810457516,0.3506935483870967,0.2,0.66,0.16820045441239434,8.0","0,0,0"
28.5,170,AV,1,1,9,3,1,0,0,66,1519.7273932229994,0.3,-0.5181818181818182,"0.5255064102564102,0.289475,0.36432142857142863,0.3,0.66,0.09271878647115908,10.0","0,0,0"
35.166666666666664,266,AV,2,3,3,6,9,0,0,67,1097.8259349569896,0.5,-1.0656565656565655,"0.4274308943089431,0.23008743169398907,0.32413596491228075,0.5,0.67,0.06697851792347177,15.0","0,0,0"
31.516666666666666,168,AV,1,2,6,3,9,0,0,74,2421.0391237858234,0.3,-0.573030303030303,"0.3663901515151515,0.22419892473118277,0.3007549019607843,0.3,0.74,0.14770794456797756,15.0","0,0,0"
18.75,253,AV,1,1,9,8,4,0,0,22,1122.7546975855585,0.3,-0.34090909090909094,"0.4159201388888889,0.23679464285714286,0.35641666666666666,0.3,0.22,0.06849942531084642,13.0","0,0,0"
18.166666666666668,174,AV,1,0,9,3,8,0,0,23,1824.367004680513,0.3,-0.33030303030303027,"0.4974583333333333,0.2249404761904762,0.3530666666666668,0.3,0.23,0.11130489290797409,17.0","0,0,0"
14.583333333333334,144,AV,1,2,5,4,1,0,0,8,5913.041300376779,0.2,-0.1767676767676768,"0.40979347826086965,0.22968357487922705,0.37646666666666667,0.2,0.08,0.3607554987622251,6.0","0,0,0"
48.35,76,AV,0,4,3,1,3,0,0,65,777.0630287344238,0.1,-0.29303030303030303,"0.47357547169811326,0.2383945578231293,0.3247239583333333,0.1,0.65,0.04740872695797165,7.0","0,0,0"
24.883333333333333,172,AV,2,2,2,4,4,0,0,11,779.2240782816187,0.2,-0.30161616161616167,"0.4681703703703704,0.2556432291666667,0.3203064516129032,0.2,0.11,0.047540572901141116,8.0","0,0,0"
36.13333333333333,3,AV,2,2,2,2,8,0,0,63,1653.1781197118603,0.6,-1.3139393939393937,"0.5469027777777777,0.2761018518518519,0.3672280701754386,0.6,0.63,0.10086063445581676,8.0","0,0,0"
8.9,215,AV,0,5,4,6,1,0,0,7,3793.837230001502,0.1,-0.05393939393939395,"0.5648734567901234,0.2666914893617021,0.35512068965517235,0.1,0.07,0.2314625541419236,6.0","0,0,0"
12.716666666666667,53,AV,1,0,5,0,2,0,0,5,981.8973671489576,0.6,-0.4624242424242424,"0.6368874999999999,0.2715787878787879,0.3639313725490196,0.6,0.05,0.05990569935585715,7.0","0,0,0"
19.45,269,AV,1,1,6,2,0,0,0,12,4196.147454418583,0.1,-0.11787878787878787,"0.5656631205673758,0.28710526315789475,0.3616712962962963,0.1,0.12,0.25600755869947317,6.0","0,0,0"
23.433333333333334,37,AV,1,1,5,4,0,0,0,40,871.0408974081768,0.5,-0.7101010101010101,"0.581040650406504,0.27216935483870974,0.3749428571428572,0.5,0.4,0.0531423302196046,5.0","0,0,0"
17.366666666666667,279,AV,1,3,5,6,7,0,0,17,7081.334819999852,0.4,-0.42101010101010106,"0.521518018018018,0.2606011904761905,0.38523873873873876,0.4,0.17,0.43203325414428906,12.0","0,0,0"
32.75,36,AV,1,3,5,2,2,0,0,76,857.6590975250949,0.2,-0.396969696969697,"0.4456888888888889,0.2471635802469136,0.3232849462365591,0.2,0.76,0.05232590468730706,7.0","0,0,0"
37.666666666666664,0,AV,2,2,3,4,1,0,0,66,4416.224882412617,0.7,-1.5979797979797978,"0.4434583333333333,0.2434166666666667,0.3448947368421053,0.7,0.66,0.26943451418128866,5.0","0,0,0"
36.43333333333333,151,AV,2,1,0,5,0,0,0,56,822.5771428470101,0.1,-0.2208080808080808,"0.4252205128205128,0.2351086956521739,0.3444942528735632,0.1,0.56,0.05018554959514157,5.0","0,0,0"
31.3,299,AV,1,3,4,5,4,0,0,84,6947.27484286379,0.6,-1.1381818181818182,"0.5244930555555556,0.2645517241379311,0.3461715686274511,0.6,0.84,0.4238542356901661,8.0","0,0,0"
22.466666666666665,94,AV,1,2,8,2,2,0,0,34,2382.718205806423,0.1,-0.13616161616161615,"0.4875555555555555,0.25592622950819677,0.342578431372549,0.1,0.34,0.14536997985973107,10.0","0,0,0"
25.266666666666666,8,AV,1,2,4,0,3,0,0,42,881.2906222289953,0.2,-0.30626262626262624,"0.5930366666666667,0.2798304597701149,0.3755729166666667,0.2,0.42,0.05376766740263329,7.0","0,0,0"
25.05,207,AV,1,0,5,0,3,0,0,49,4446.537177105173,0.1,-0.15181818181818185,"0.422325,0.24694666666666662,0.3461709401709402,0.1,0.49,0.27128387163288364,8.0","0,0,0"
30.95,63,AV,2,2,3,1,5,0,0,37,3742.7752140142647,0.2,-0.3751515151515152,"0.5164689265536724,0.24716666666666667,0.35347023809523803,0.2,0.37,0.22834725321478366,5.0","0,0,0"
20.666666666666668,232,AV,1,2,5,1,6,0,0,32,2222.040577514192,0.4,-0.501010101010101,"0.5730968992248063,0.2907205128205128,0.37011458333333336,0.4,0.32,0.13556701468666493,11.0","0,0,0"
51.85,166,AV,0,9,1,8,4,0,0,69,5386.149373461946,0.6,-1.8854545454545455,"0.5486851851851853,0.2601891025641026,0.35808333333333336,0.6,0.69,0.32860974664717757,13.0","0,0,0"
22.2,189,AV,1,0,7,6,4,0,0,41,670.158540600369,0.1,-0.13454545454545455,"0.43233660130718954,0.2278018867924528,0.3295925925925926,0.1,0.41,0.04088646878699221,11.0","0,0,0"
50.03333333333333,158,AV,0,8,7,4,8,0,0,66,1929.5758599688188,0.4,-1.212929292929293,"0.4603015873015873,0.23266333333333333,0.3477416666666666,0.4,0.66,0.11772370027556629,16.0","0,0,0"
16.25,286,AV,1,2,4,4,4,0,0,18,6778.2755320215965,0.6,-0.5909090909090909,"0.4953510638297873,0.2741326530612245,0.35083870967741937,0.6,0.18,0.41354356346985494,8.0","0,0,0"
33.61666666666667,171,AV,2,1,0,3,13,0,0,51,11662.42845360034,0.2,-0.4074747474747475,"0.3477987421383648,0.23516081871345026,0.3329777777777778,0.2,0.51,0.7115264345082908,13.0","0,0,0"
43.75,191,AV,2,2,2,8,1,0,0,87,1546.5147326922538,0.1,-0.26515151515151514,"0.5492958333333333,0.263930303030303,0.36320476190476186,0.1,0.87,0.09435308589844842,9.0","0,0,0"
25.616666666666667,137,AV,1,1,9,3,1,0,0,48,3508.846318545673,0.2,-0.31050505050505056,"0.5239583333333334,0.2701969696969697,0.35904878048780486,0.2,0.48,0.2140752177134773,10.0","0,0,0"
12.133333333333333,180,AV,0,7,0,6,1,0,0,14,4630.913868273173,0.3,-0.22060606060606058,"0.4927787878787878,0.26144753086419753,0.3736344086021505,0.3,0.14,0.28253272003483915,8.0","0,0,0"
24.216666666666665,113,AV,0,8,6,3,9,0,0,35,1454.957177165027,0.4,-0.587070707070707,"0.6052891156462584,0.2428548387096774,0.3308793103448275,0.4,0.35,0.08876714628940657,17.0","0,0,0"
41.833333333333336,204,AV,2,3,2,3,5,0,0,76,2942.323800284961,0.2,-0.5070707070707071,"0.5700333333333333,0.2528050847457627,0.34450000000000003,0.2,0.76,0.17951159753004442,5.0","0,0,0"
29.166666666666668,78,AV,2,2,3,5,7,0,0,30,2909.8477340427667,0.1,-0.1767676767676768,"0.5782007575757575,0.2428061224489796,0.36730180180180183,0.1,0.3,0.17753022806552007,12.0","0,0,0"
58.93333333333333,225,AV,0,5,6,2,1,0,0,76,6248.181898567973,1.0,-3.5717171717171716,"0.4652753623188405,0.2449583333333333,0.3270888888888889,1.0,0.76,0.38120247477915753,6.0","0,0,0"
29.916666666666668,164,AV,1,3,4,4,1,0,0,70,1014.5614647146556,1.0,-1.8131313131313131,"0.40708333333333335,0.24095197740112995,0.33770270270270275,1.0,0.7,0.061898540638426994,5.0","0,0,0"
70.98333333333333,209,AV,0,9,4,3,4,0,0,90,5064.807770076448,0.2,-0.8604040404040405,"0.39719629629629627,0.23656535947712418,0.33859302325581386,0.2,0.9,0.3090046492846745,13.0","0,0,0"
27.8,127,AV,1,0,4,0,2,0,0,65,1579.1767070066765,0.1,-0.1684848484848485,"0.4810718954248366,0.24788888888888885,0.31409313725490196,0.1,0.65,0.09634579764115309,6.0","0,0,0"
22.15,66,AV,2,1,1,7,1,0,0,6,1862.7228332236152,0.4,-0.536969696969697,"0.4883416666666667,0.24315624999999996,0.3325430107526881,0.4,0.06,0.11364498751472468,8.0","0,0,0"
14.95,57,AV,1,2,4,6,2,0,0,12,4021.28082322038,0.1,-0.0906060606060606,"0.6021098484848485,0.2817878787878788,0.36880555555555555,0.1,0.12,0.2453389204217804,6.0","0,0,0"
24.366666666666667,229,AV,2,0,3,1,18,0,0,8,1446.9812594843625,0.2,-0.29535353535353537,"0.5436418439716312,0.2499553571428571,0.3498873873873874,0.2,0.08,0.08828053440648413,18.0","0,0,0"
46.11666666666667,80,AV,2,3,2,1,6,0,0,94,1526.0895405694364,0.1,-0.2794949494949495,"0.5555077519379845,0.25890322580645164,0.35073737373737374,0.1,0.94,0.0931069419942765,6.0","0,0,0"
47.38333333333333,196,AV,2,3,1,7,6,0,0,99,806.3598325453933,0.5,-1.435858585858586,"0.4567945736434109,0.25375141242937854,0.340030701754386,0.5,0.99,0.049196129165071385,13.0","0,0,0"
41.65,7,AV,2,0,1,0,6,0,0,75,1391.0507319816634,0.1,-0.2524242424242424,"0.5977444444444444,0.2672953216374269,0.35084684684684686,0.1,0.75,0.08486820489273883,6.0","0,0,0"
15.8,224,AV,0,7,1,4,2,0,0,15,5611.673516276995,0.1,-0.09575757575757576,"0.43545744680851056,0.24727160493827163,0.3434691358024691,0.1,0.15,0.3423690069822918,9.0","0,0,0"
44.86666666666667,238,AV,2,0,0,3,5,0,0,97,3630.005597296026,0.2,-0.5438383838383839,"0.4339384057971015,0.2412767857142857,0.3224649122807017,0.2,0.97,0.22146716270673647,5.0","0,0,0"
23.333333333333332,39,AV,1,0,8,1,5,0,0,40,1020.5842314575186,0.3,-0.42424242424242425,"0.36385460992907814,0.21145390070921985,0.30613405797101445,0.3,0.4,0.062265990502190276,13.0","0,0,0"
14.25,100,AV,1,2,4,7,5,0,0,0,837.3801312568858,0.3,-0.2590909090909091,"0.3840718390804599,0.22372756410256409,0.33141379310344826,0.3,0.0,0.05108868204352069,9.0","0,0,0"
34.56666666666667,11,AV,0,6,1,0,1,0,0,50,3169.820795106812,0.1,-0.20949494949494954,"0.4894829931972788,0.23427672955974838,0.32056989247311823,0.1,0.5,0.1933912218493663,7.0","0,0,0"
34.11666666666667,267,AV,1,1,4,3,1,0,0,90,11861.36896338871,0.1,-0.20676767676767677,"0.6012638888888888,0.266915300546448,0.36304263565891476,0.1,0.9,0.7236638235754265,5.0","0,0,0"
76.2,85,AV,0,8,3,6,2,0,0,94,3882.59008652233,0.1,-0.46181818181818185,"0.4259591836734693,0.2277407407407407,0.31255072463768113,0.1,0.94,0.23687737866187128,10.0","0,0,0"
37.38333333333333,21,AV,1,1,6,9,5,0,0,93,2857.8751728516777,0.4,-0.9062626262626262,"0.535172514619883,0.26883636363636365,0.3191987179487179,0.4,0.93,0.17435937464475218,11.0","0,0,0"
30.65,70,AV,2,3,3,3,14,0,0,30,1592.2311391495805,0.1,-0.18575757575757576,"0.3741562500000001,0.22101488095238098,0.32049999999999995,0.1,0.3,0.09714225042061717,14.0","0,0,0"
43.516666666666666,169,AV,2,3,3,3,6,0,0,82,3487.44186130441,0.5,-1.3186868686868687,"0.5414281045751634,0.27880054644808744,0.35257142857142854,0.5,0.82,0.21276932870382087,6.0","0,0,0"
63.983333333333334,5,AV,0,6,3,7,1,0,0,81,1100.389953660579,0.3,-1.1633333333333333,"0.45988271604938274,0.2637044025157233,0.33218452380952385,0.3,0.81,0.06713494907273335,7.0","0,0,0"
57.166666666666664,47,AV,0,6,6,6,0,0,0,74,6995.337061486569,0.1,-0.3464646464646465,"0.5123974358974358,0.25717231638418075,0.36471031746031746,0.1,0.74,0.42678651854937344,6.0","0,0,0"
19.683333333333334,201,AV,1,1,9,6,6,0,0,24,5051.78348307234,0.1,-0.1192929292929293,"0.5144281045751632,0.243625,0.3511486486486486,0.1,0.24,0.30821003566445676,15.0","0,0,0"
81.45,186,AV,0,6,1,8,16,0,0,99,15725.918848752755,0.5,-2.4681818181818183,"0.530267361111111,0.2691317204301075,0.35367777777777776,0.5,0.99,0.9594405669743218,22.0","0,0,0"
42.9,187,AV,2,1,1,2,8,0,0,92,6197.036257351283,0.3,-0.78,"0.4435243055555555,0.22190555555555555,0.3331614583333333,0.3,0.92,0.37808207186476134,8.0","0,0,0"
27.316666666666666,108,AV,1,3,4,6,2,0,0,54,2629.980017260476,0.1,-0.16555555555555557,"0.5418921568627453,0.24713945578231292,0.33434188034188034,0.1,0.54,0.16045545847972215,6.0","0,0,0"
19.383333333333333,129,AV,1,0,5,0,8,0,0,24,4967.653125719208,1.0,-1.1747474747474747,"0.4208174603174603,0.23270572916666665,0.33655882352941174,1.0,0.24,0.3030772304824535,13.0","0,0,0"
31.416666666666668,33,AV,0,7,2,8,2,0,0,46,2574.4307659940623,0.1,-0.19040404040404044,"0.5574319727891158,0.255013605442177,0.34204365079365084,0.1,0.46,0.1570663906838983,9.0","0,0,0"
43.733333333333334,245,AV,2,1,2,3,12,0,0,93,1234.5997004771,0.3,-0.7951515151515152,"0.4755162601626015,0.24566666666666667,0.3342373737373737,0.3,0.93,0.07532310499656578,12.0","0,0,0"
14.0,192,AV,1,2,7,0,1,0,0,5,3257.969850357721,1.0,-0.8484848484848485,"0.46952830188679234,0.24151436781609195,0.3217758620689656,1.0,0.05,0.19876920836713918,8.0","0,0,0"
25.666666666666668,87,AV,1,0,7,0,7,0,0,49,5899.132481879994,0.2,-0.3111111111111111,"0.3885492424242425,0.22285714285714284,0.3005175438596491,0.2,0.49,0.3599069197486334,14.0","0,0,0"
60.53333333333333,160,AV,0,7,1,5,0,0,0,76,1047.1205397958274,0.2,-0.7337373737373738,"0.4251382978723404,0.2380416666666667,0.3464774774774774,0.2,0.76,0.06388497448413621,7.0","0,0,0"
18.916666666666668,107,AV,1,1,8,2,5,0,0,21,3065.2253709468137,0.5,-0.5732323232323233,"0.49216987179487176,0.22112424242424245,0.32349494949494945,0.5,0.21,0.18700984000299187,13.0","0,0,0"
81.06666666666666,298,AV,0,9,5,9,2,0,0,100,2747.619709803412,0.1,-0.4913131313131313,"0.5593877551020409,0.27997660818713455,0.36207352941176457,0.1,1.0,0.16763267301310575,11.0","0,0,0"
30.75,34,AV,1,1,9,4,3,0,0,74,2561.5826276178027,0.4,-0.7454545454545455,"0.4108804347826087,0.23445597484276728,0.33047967479674795,0.4,0.74,0.15628252391675798,12.0","0,0,0"
40.2,173,AV,2,3,1,1,5,0,0,81,1323.5149786113286,0.1,-0.24363636363636365,"0.6368333333333334,0.2836666666666667,0.3756021505376344,0.1,0.81,0.0807478388824684,5.0","0,0,0"
14.883333333333333,97,AV,1,3,5,5,2,0,0,9,2872.269398564857,0.3,-0.27060606060606057,"0.5203455284552846,0.2660322580645161,0.3203630952380952,0.3,0.09,0.1752375684223135,7.0","0,0,0"
40.31666666666667,290,AV,2,2,1,0,5,0,0,69,3476.696831582168,0.2,-0.4886868686868687,"0.4892987421383648,0.24220238095238092,0.35054285714285727,0.2,0.69,0.2121137728976378,5.0","0,0,0"
27.166666666666668,155,AV,1,2,7,0,6,0,0,60,1083.524948441525,0.5,-0.8232323232323233,"0.41269444444444436,0.24002040816326528,0.3090675675675676,0.5,0.6,0.0661060126827508,13.0","0,0,0"
30.3,181,AV,1,0,8,1,3,0,0,70,10783.100237376317,0.2,-0.3672727272727273,"0.5500578231292518,0.2535899470899471,0.357422619047619,0.2,0.7,0.6578784937777936,11.0","0,0,0"
29.966666666666665,165,AV,1,1,4,5,7,0,0,65,2187.718469250836,0.2,-0.36323232323232324,"0.5178909090909091,0.23772340425531915,0.3550219298245615,0.2,0.65,0.13347301793336488,11.0","0,0,0"
30.133333333333333,276,AV,2,1,1,2,5,0,0,41,2123.4400354784907,0.3,-0.5478787878787879,"0.3928120567375887,0.23647076023391814,0.33315555555555554,0.3,0.41,0.12955138145947123,5.0","0,0,0"
14.166666666666666,1,AV,1,3,7,6,8,0,0,7,5807.233742044462,0.1,-0.08585858585858586,"0.4387692307692307,0.2235625,0.32945634920634925,0.1,0.07,0.3543001644359528,15.0","0,0,0"
27.233333333333334,69,AV,1,0,5,5,7,0,0,54,14312.770160915026,0.3,-0.4951515151515151,"0.34464912280701754,0.21801912568306014,0.31503070175438597,0.3,0.54,0.8732241626218611,12.0","0,0,0"
19.066666666666666,252,AV,0,8,7,4,8,0,0,23,572.7967315704935,0.1,-0.11555555555555555,"0.5880925925925926,0.2745043859649122,0.36871491228070175,0.1,0.23,0.034946410838347895,16.0","0,0,0"
29.35,182,AV,0,6,5,7,2,0,0,42,1249.5878531833848,0.1,-0.1778787878787879,"0.6480457516339869,0.2757698412698413,0.35287820512820517,0.1,0.42,0.07623753434525571,8.0","0,0,0"
18.45,148,AV,1,3,4,3,1,0,0,18,3580.4564780460023,1.0,-1.1181818181818182,"0.5470833333333333,0.2737610062893081,0.38291428571428576,1.0,0.18,0.2184441638267638,5.0","0,0,0"
78.16666666666667,212,AV,0,9,3,8,2,0,0,94,13430.196447392702,0.1,-0.4737373737373738,"0.5361143790849673,0.2700729166666667,0.3754796747967479,0.1,0.94,0.8193782136351887,11.0","0,0,0"
20.966666666666665,23,AV,0,6,4,9,5,0,0,27,3520.054626539052,0.4,-0.5082828282828283,"0.5044924242424242,0.25891176470588234,0.35098780487804876,0.4,0.27,0.21475903819350242,11.0","0,0,0"
25.7,30,AV,2,1,0,8,4,0,0,26,1783.933402668827,0.1,-0.15575757575757576,"0.522357142857143,0.24824269005847957,0.3290637254901961,0.1,0.26,0.10883803304356732,12.0","0,0,0"
7.266666666666667,109,AV,0,9,6,1,0,0,0,0,1942.5668635563816,0.4,-0.17616161616161619,"0.4646121794871794,0.2534655172413793,0.3282111111111112,0.4,0.0,0.11851628326976159,9.0","0,0,0"
21.933333333333334,163,AV,1,2,6,6,2,0,0,37,5354.15698790508,0.2,-0.2658585858585859,"0.4796507936507936,0.2445638888888889,0.3333703703703705,0.2,0.37,0.3266578866107146,8.0","0,0,0"
35.13333333333333,289,AV,2,1,3,0,7,0,0,53,742.4887258523852,0.3,-0.6387878787878788,"0.6003061224489796,0.2707467948717948,0.37982478632478633,0.3,0.53,0.04529934377477431,7.0","0,0,0"
21.166666666666668,58,AV,0,6,8,3,9,0,0,24,4756.448820673547,0.1,-0.1282828282828283,"0.47215476190476197,0.23983064516129038,0.34468589743589745,0.1,0.24,0.2901916255057689,15.0","0,0,0"
32.81666666666667,291,AV,0,4,0,5,2,0,0,49,743.7553910389753,0.1,-0.19888888888888892,"0.5424300000000001,0.27428273809523807,0.37103431372549023,0.1,0.49,0.04537662319968277,6.0","0,0,0"
78.1,27,AV,0,9,6,2,2,0,0,95,3623.60917519969,0.1,-0.4733333333333334,"0.321960606060606,0.24110256410256412,0.2966212121212121,0.1,0.95,0.2210769160762064,11.0","0,0,0"
43.016666666666666,156,AV,2,1,1,3,7,0,0,66,3822.7735841463273,0.5,-1.3035353535353535,"0.5787350427350427,0.26184615384615384,0.35538888888888887,0.5,0.66,0.23322796526313658,7.0","0,0,0"
34.25,242,AV,2,1,0,8,4,0,0,44,522.2875039790788,0.6,-1.2454545454545454,"0.4428840579710145,0.22695572916666668,0.3265111111111112,0.6,0.44,0.03186483561060942,12.0","0,0,0"
41.46666666666667,18,AV,0,9,0,9,0,0,0,54,2344.9936519099742,0.1,-0.2513131313131313,"0.4947735849056604,0.2649391025641026,0.3789,0.1,0.54,0.1430683994098146,9.0","0,0,0"
33.7,55,AV,1,1,9,4,7,0,0,89,583.3206434887895,0.4,-0.816969696969697,"0.5191257861635221,0.25761607142857146,0.36170967741935484,0.4,0.89,0.03558847621556294,16.0","0,0,0"
38.016666666666666,140,AV,0,8,9,4,3,0,0,53,3227.056348793521,0.3,-0.6912121212121212,"0.4942301587301588,0.26763580246913576,0.33788157894736837,0.3,0.53,0.1968831711979807,11.0","0,0,0"
8.8,9,AV,0,6,8,6,4,0,0,7,2456.6540037696086,0.5,-0.26666666666666666,"0.47784333333333323,0.27116666666666667,0.37635858585858584,0.5,0.07,0.14988081350956411,10.0","0,0,0"
19.1,240,AV,1,3,4,5,3,0,0,28,2675.3892374750885,0.3,-0.3472727272727273,"0.44886752136752134,0.23194680851063826,0.3256159420289855,0.3,0.28,0.16322588152511547,7.0","0,0,0"
43.93333333333333,62,AV,2,1,2,2,6,0,0,86,4950.077303955518,0.1,-0.26626262626262626,"0.5173870056497174,0.26098113207547163,0.3525119047619048,0.1,0.86,0.30200492707301985,6.0","0,0,0"
35.65,121,AV,1,1,6,9,11,0,0,97,2619.168197182975,0.2,-0.43212121212121213,"0.5010069444444445,0.2790928961748634,0.3496774193548388,0.2,0.97,0.1597958277843746,17.0","0,0,0"
20.55,280,AV,1,3,4,6,2,0,0,33,5200.876525735832,0.2,-0.24909090909090914,"0.37795035460992904,0.23173939393939397,0.3294868421052632,0.2,0.33,0.3173062236049365,6.0","0,0,0"
39.46666666666667,183,AV,0,5,9,3,9,0,0,56,3017.17067826153,0.4,-0.9567676767676769,"0.4416045751633987,0.236698717948718,0.34534375000000006,0.4,0.56,0.18407801630231177,14.0","0,0,0"
22.2,119,AV,1,2,6,4,4,0,0,40,2293.603195459698,0.5,-0.6727272727272727,"0.5651099290780143,0.2724650537634409,0.38455913978494627,0.5,0.4,0.1399330602828654,10.0","0,0,0"
28.483333333333334,239,AV,2,3,1,2,8,0,0,31,5912.288420941998,0.7,-1.2083838383838383,"0.5254961240310078,0.23934391534391533,0.3211034482758621,0.7,0.31,0.3607095654798067,8.0","0,0,0"
45.53333333333333,265,AV,2,1,1,4,1,0,0,97,2329.0008356791827,0.2,-0.5519191919191919,"0.5366703703703704,0.269617816091954,0.34912612612612604,0.2,0.97,0.14209267539523954,5.0","0,0,0"
30.816666666666666,162,AV,1,0,6,6,1,0,0,78,2580.565825479665,0.1,-0.18676767676767678,"0.35013178294573644,0.22338418079096045,0.3442156862745099,0.1,0.78,0.15744069154401974,7.0","0,0,0"
27.566666666666666,188,AV,2,2,0,3,5,0,0,21,2436.431929205765,0.1,-0.16707070707070706,"0.5265515873015872,0.2790714285714285,0.35535714285714287,0.1,0.21,0.1486470618368299,5.0","0,0,0"
42.61666666666667,71,AV,2,3,3,5,3,0,0,73,5168.6614957092925,0.1,-0.2582828282828283,"0.5712466666666668,0.26786046511627915,0.3771756756756757,0.1,0.73,0.3153407799974102,8.0","0,0,0"
32.0,136,AV,1,2,9,9,5,0,0,85,1275.9312017726234,0.4,-0.7757575757575759,"0.6155984848484848,0.27351436781609195,0.3816228070175439,0.4,0.85,0.07784474582520468,14.0","0,0,0"
26.083333333333332,220,AV,1,1,9,1,1,0,0,52,802.5586880039084,0.1,-0.15808080808080807,"0.463031914893617,0.23616319444444442,0.31905392156862744,0.1,0.52,0.04896422079080664,10.0","0,0,0"
21.216666666666665,6,AV,1,2,5,5,1,0,0,32,1509.578116022191,0.1,-0.12858585858585858,"0.5107435897435897,0.22670138888888888,0.3586565656565657,0.1,0.32,0.09209957761185,6.0","0,0,0"
23.45,145,AV,1,1,8,1,3,0,0,41,6007.794801579103,0.7,-0.9948484848484848,"0.5815964912280702,0.2601666666666667,0.38020555555555563,0.7,0.41,0.3665364234757957,11.0","0,0,0"
21.716666666666665,194,AV,2,1,2,5,8,0,0,0,959.5289757906356,0.4,-0.5264646464646464,"0.609264367816092,0.28023270440251574,0.3905229885057471,0.4,0.0,0.05854100058731211,13.0","0,0,0"
27.266666666666666,231,AV,1,0,6,6,0,0,0,52,2133.445027811215,0.6,-0.9915151515151515,"0.46040849673202616,0.24310057471264368,0.3390645161290323,0.6,0.52,0.1301617874782613,6.0","0,0,0"
15.583333333333334,13,AV,1,2,9,0,1,0,0,16,902.2448599555772,0.2,-0.1888888888888889,"0.45942553191489366,0.24109016393442625,0.32450595238095237,0.2,0.16,0.05504608845505409,10.0","0,0,0"
19.066666666666666,147,AV,0,6,5,9,18,0,0,25,1279.3396024785957,0.4,-0.4622222222222222,"0.4796405228758171,0.2542013888888889,0.39125806451612893,0.4,0.25,0.07805269284167253,24.0","0,0,0"
24.183333333333334,297,AV,2,3,3,1,5,0,0,5,950.4213588862824,0.3,-0.4396969696969697,"0.56505,0.21778205128205122,0.32983333333333337,0.3,0.05,0.05798534357225696,5.0","0,0,0"
41.56666666666667,230,AV,0,4,6,9,6,0,0,57,3427.0421228311798,0.3,-0.7557575757575757,"0.47193269230769247,0.2348086419753086,0.35624509803921567,0.3,0.57,0.20908433198705015,10.0","0,0,0"
32.86666666666667,250,AV,1,2,8,2,1,0,0,85,437.5592869272848,0.1,-0.1991919191919192,"0.3982483660130719,0.23429781420765022,0.3293988095238095,0.1,0.85,0.02669555492254686,9.0","0,0,0"
27.1,157,AV,1,2,6,6,3,0,0,53,2497.1975937909187,0.2,-0.32848484848484855,"0.5411633333333333,0.2980130718954248,0.39142307692307704,0.2,0.53,0.1523543837582307,9.0","0,0,0"
15.75,84,AV,0,5,5,8,8,0,0,16,4656.548587392589,0.1,-0.09545454545454546,"0.5838666666666668,0.26973214285714286,0.37573333333333325,0.1,0.16,0.28409669792908543,13.0","0,0,0"
29.3,52,AV,1,1,9,8,3,0,0,67,926.7012599248138,0.7,-1.243030303030303,"0.5679397163120568,0.2822517730496454,0.37417391304347825,0.7,0.67,0.05653817692875852,12.0","0,0,0"
29.25,14,AV,0,7,5,7,14,0,0,41,1626.914224999384,0.3,-0.5318181818181817,"0.33099999999999996,0.20784567901234566,0.3297941176470588,0.3,0.41,0.09925827046829748,21.0","0,0,0"
30.8,233,AV,1,0,5,3,0,0,0,76,4549.115907877681,0.2,-0.37333333333333335,"0.4575915032679739,0.26172619047619045,0.3253641975308642,0.2,0.76,0.2775422147261196,5.0","0,0,0"
27.683333333333334,46,AV,0,9,5,2,3,0,0,38,1664.0464513081895,1.0,-1.6777777777777778,"0.5473809523809524,0.26578947368421046,0.3625637254901961,1.0,0.38,0.10152371292704225,12.0","0,0,0"
51.8,202,AV,0,9,6,5,6,0,0,68,4617.1597275219765,0.2,-0.6278787878787879,"0.540390909090909,0.26843877551020406,0.38001851851851853,0.2,0.68,0.28169357793271527,15.0","0,0,0"
27.65,213,AV,0,6,4,7,12,0,0,37,5427.330032863625,0.1,-0.1675757575757576,"0.42267424242424245,0.22850555555555552,0.33229629629629626,0.1,0.37,0.33112218459021436,18.0","0,0,0"
46.81666666666667,285,AV,0,9,6,9,23,0,0,62,1822.2981036688468,0.1,-0.2837373737373738,"0.5469740740740741,0.2770437158469945,0.3864068627450981,0.1,0.62,0.11117866896018841,32.0","0,0,0"
31.366666666666667,159,AV,1,2,7,0,5,0,0,72,904.859336063587,0.1,-0.1901010101010101,"0.47361564625850344,0.2509384057971014,0.3258083333333333,0.1,0.72,0.05520559801780429,12.0","0,0,0"
62.21666666666667,255,AV,0,7,2,5,6,0,0,80,3292.2479258152307,0.5,-1.8853535353535353,"0.34801851851851856,0.2359512195121951,0.3217407407407407,0.5,0.8,0.20086051867263208,13.0","0,0,0"
22.066666666666666,221,AV,1,1,6,9,3,0,0,32,3387.2787239910285,0.1,-0.13373737373737374,"0.411109649122807,0.2414320987654321,0.33649186991869917,0.1,0.32,0.20665836131437007,9.0","0,0,0"
28.166666666666668,254,AV,1,1,6,2,16,0,0,61,6446.254396158338,0.1,-0.17070707070707072,"0.5016955128205128,0.26850340136054424,0.3476010101010101,0.1,0.61,0.39328690629745905,22.0","0,0,0"
23.416666666666668,259,AV,1,0,6,1,0,0,0,46,2898.378436294527,0.1,-0.14191919191919194,"0.3064962962962964,0.19914242424242423,0.28477011494252874,0.1,0.46,0.1768304845630766,6.0","0,0,0"
35.333333333333336,56,AV,2,0,1,3,8,0,0,50,954.0002559944874,0.2,-0.4282828282828283,"0.46738999999999997,0.25165624999999997,0.35516666666666674,0.2,0.5,0.058203692598705815,8.0","0,0,0"
17.5,219,AV,1,0,5,0,9,0,0,20,1718.6657268339234,0.1,-0.10606060606060606,"0.4354363636363637,0.25622,0.34801562500000005,0.1,0.2,0.1048560427693963,14.0","0,0,0"
36.81666666666667,153,AV,1,2,4,6,4,0,0,97,5502.789496653042,0.4,-0.8925252525252527,"0.4628759689922481,0.24540522875816997,0.33304629629629623,0.4,0.97,0.3357259773108819,8.0","0,0,0"
79.86666666666666,167,AV,0,4,0,4,3,0,0,95,5009.92015912814,0.2,-0.968080808080808,"0.3749148936170213,0.23640229885057468,0.3179047619047619,0.2,0.95,0.3056559482596602,7.0","0,0,0"
24.9,123,AV,1,0,7,6,4,0,0,48,3778.090807703549,0.1,-0.1509090909090909,"0.41303594771241825,0.23902564102564106,0.3237820512820513,0.1,0.48,0.23050186265656958,11.0","0,0,0"
20.616666666666667,217,AV,1,3,6,7,2,0,0,32,1885.557658153182,0.6,-0.7496969696969696,"0.4081166666666667,0.22861419753086415,0.32204487179487173,0.6,0.32,0.1150381434624244,8.0","0,0,0"
20.65,31,AV,1,2,7,0,0,0,0,27,861.805442805673,0.4,-0.5006060606060606,"0.4550347222222222,0.2704385964912281,0.3447904761904762,0.4,0.27,0.052578873808229655,7.0","0,0,0"
18.533333333333335,149,AV,1,2,6,0,5,0,0,19,4934.883137056144,0.3,-0.336969696969697,"0.6432884615384615,0.27161290322580645,0.3537948717948718,0.3,0.19,0.30107792876882894,11.0","0,0,0"
53.68333333333333,114,AV,0,6,7,6,12,0,0,71,3783.636689084741,0.5,-1.6267676767676766,"0.5307380952380952,0.27837345679012343,0.3835343137254902,0.5,0.71,0.23084021767594357,18.0","0,0,0"
20.2,22,AV,1,3,5,8,24,0,0,27,2193.4249838744518,0.4,-0.4896969696969697,"0.5200227272727272,0.2693582089552239,0.35537356321839086,0.4,0.27,0.1338211732099237,29.0","0,0,0"
40.55,40,AV,2,1,1,8,0,0,0,68,1659.6531244520008,0.9,-2.211818181818182,"0.36165116279069764,0.24918954248366018,0.3374354838709678,0.9,0.68,0.1012556754247287,8.0","0,0,0"
34.0,198,AV,1,2,4,4,9,0,0,91,3024.224513765153,0.3,-0.6181818181818182,"0.5383305555555556,0.25479166666666664,0.3406369047619047,0.3,0.91,0.1845083718192154,13.0","0,0,0"
44.86666666666667,90,AV,0,7,0,1,4,0,0,62,4662.282088415262,0.2,-0.5438383838383839,"0.5180425531914894,0.27088596491228073,0.36032870370370373,0.2,0.62,0.28444649964972557,11.0","0,0,0"
36.266666666666666,236,AV,1,3,8,4,4,0,0,99,2117.047321722312,0.5,-1.098989898989899,"0.44748148148148137,0.23019512195121952,0.3304333333333333,0.5,0.99,0.1291613610753066,12.0","0,0,0"
53.53333333333333,142,AV,0,8,0,8,5,0,0,71,5004.1281918097375,0.5,-1.6222222222222222,"0.44338596491228066,0.21414583333333329,0.3199666666666667,0.5,0.71,0.30530257950192263,13.0","0,0,0"
10.55,131,AV,0,5,2,1,2,0,0,11,818.0604611907775,0.7,-0.44757575757575757,"0.467546511627907,0.23568154761904758,0.321390350877193,0.7,0.11,0.049909986198765396,7.0","0,0,0"
35.083333333333336,67,AV,1,2,4,7,17,0,0,89,4707.821121085941,0.6,-1.2757575757575756,"0.46988888888888897,0.2318252688172044,0.34688518518518513,0.6,0.89,0.28722484257170267,21.0","0,0,0"
46.6,92,AV,0,8,9,2,4,0,0,62,2622.7149314101284,0.2,-0.5648484848484848,"0.47223939393939396,0.2584320987654321,0.3397741935483871,0.2,0.62,0.16001221454883238,12.0","0,0,0"
22.466666666666665,48,AV,0,6,7,5,2,0,0,29,2034.664800296876,0.5,-0.6808080808080808,"0.47925816993464054,0.23957843137254906,0.3384298245614035,0.5,0.29,0.12413519161421571,8.0","0,0,0"
45.833333333333336,106,AV,2,1,3,0,5,0,0,76,1797.659883656486,0.2,-0.5555555555555557,"0.4572441860465116,0.23764207650273225,0.31804487179487184,0.2,0.76,0.10967548761954628,5.0","0,0,0"
28.85,98,AV,1,2,5,6,3,0,0,59,8493.635575370567,0.2,-0.34969696969696973,"0.5211836158192091,0.262237037037037,0.33575462962962965,0.2,0.59,0.5181979260151864,8.0","0,0,0"
5.216666666666667,226,AV,0,9,2,1,0,0,0,1,3414.9419898187493,0.1,-0.03161616161616162,"0.5601440677966102,0.2702469135802469,0.37358641975308643,0.1,0.01,0.20834610113455965,9.0","0,0,0"
70.91666666666667,43,AV,0,4,6,0,3,0,0,89,2612.3907844155665,0.2,-0.8595959595959597,"0.3753014184397163,0.20826543209876536,0.30583760683760686,0.2,0.89,0.15938233685829767,7.0","0,0,0"
41.63333333333333,152,AV,2,2,0,0,12,0,0,92,968.7072844723906,0.3,-0.756969696969697,"0.6148863636363637,0.2645054644808743,0.3691095238095239,0.3,0.92,0.05910097051785686,12.0","0,0,0"
47.53333333333333,246,AV,2,0,3,8,10,0,0,100,16390.717038727882,0.2,-0.5761616161616162,"0.3817955974842767,0.21200574712643674,0.3187011494252874,0.2,1.0,1.0,18.0","0,0,0"
32.96666666666667,141,AV,1,3,7,3,3,0,0,88,741.34301771214,0.2,-0.39959595959595967,"0.38581944444444444,0.23291666666666663,0.33155392156862745,0.2,0.88,0.045229443956631026,10.0","0,0,0"
20.883333333333333,154,AV,2,1,1,5,0,0,0,0,1552.9853059451273,0.1,-0.12656565656565658,"0.5156925925925926,0.2731005747126437,0.3654009009009009,0.1,0.0,0.09474785650168589,5.0","0,0,0"
37.266666666666666,272,AV,2,2,2,4,2,0,0,68,3361.758609282253,1.0,-2.2585858585858585,"0.5990515873015874,0.2642473118279569,0.34758333333333324,1.0,0.68,0.2051013754516725,6.0","0,0,0"
28.566666666666666,19,AV,1,2,7,6,10,0,0,62,2283.7291705859197,0.4,-0.6925252525252525,"0.4708533333333334,0.2292366666666667,0.32123750000000006,0.4,0.62,0.13933064460755065,17.0","0,0,0"
79.68333333333334,104,AV,0,6,3,2,0,0,0,95,2667.9339807116767,0.1,-0.482929292929293,"0.5686089743589745,0.27139197530864195,0.3708529411764705,0.1,0.95,0.1627710352395139,6.0","0,0,0"
7.1,2,AV,0,4,0,5,14,0,0,2,8475.089255911002,0.5,-0.21515151515151515,"0.6221222222222222,0.2794767441860465,0.3636666666666667,0.5,0.02,0.5170664124019781,18.0","0,0,0"
36.333333333333336,283,AV,0,4,3,5,5,0,0,51,913.5589076746268,0.2,-0.4404040404040404,"0.4664705882352941,0.26211475409836066,0.3774715447154472,0.2,0.51,0.05573636013092506,9.0","0,0,0"
50.1,228,AV,0,9,9,5,4,0,0,68,4577.590037133467,0.1,-0.3036363636363637,"0.5605416666666668,0.28295757575757574,0.36353535353535354,0.1,0.68,0.27927942544048356,13.0","0,0,0"
10.45,125,AV,0,5,7,0,5,0,0,10,5721.231751015957,0.2,-0.12666666666666668,"0.4800065359477124,0.23094186046511628,0.33808796296296295,0.2,0.1,0.34905317061467583,10.0","0,0,0"
13.95,243,AV,1,0,8,5,2,0,0,6,2987.078671303881,0.1,-0.08454545454545455,"0.46038541666666655,0.24302884615384618,0.3104375,0.1,0.06,0.18224209863705357,10.0","0,0,0"
14.6,277,AV,1,3,4,1,7,0,0,9,776.0711537761008,0.4,-0.35393939393939394,"0.38371,0.20843081761006288,0.3157407407407407,0.4,0.09,0.04734821252434563,11.0","0,0,0"
45.4,177,AV,2,2,1,6,0,0,0,86,3971.0791127863904,0.1,-0.27515151515151515,"0.6045851851851852,0.2959043715846994,0.39101111111111114,0.1,0.86,0.2422761068599714,6.0","0,0,0"
19.266666666666666,235,AV,1,2,7,2,11,0,0,22,3159.4556453821087,0.1,-0.11676767676767677,"0.41426041666666663,0.24304074074074078,0.3368063063063063,0.1,0.22,0.19275884257637826,18.0","0,0,0"
30.916666666666668,161,AV,2,3,3,3,7,0,0,20,873.8892656114449,0.1,-0.1873737373737374,"0.6514583333333335,0.2936467661691542,0.3683373983739837,0.1,0.2,0.05331610957267,7.0","0,0,0"
69.51666666666667,258,AV,0,6,3,8,10,0,0,88,1411.5824788559885,0.1,-0.42131313131313136,"0.34311904761904755,0.21353658536585363,0.29698924731182796,0.1,0.88,0.08612084971759994,16.0","0,0,0"
34.65,65,AV,0,8,8,6,1,0,0,50,5480.041794665195,0.1,-0.21000000000000002,"0.3852444444444444,0.24486781609195404,0.31951351351351354,0.1,0.5,0.3343381367463661,9.0","0,0,0"
29.233333333333334,122,AV,1,3,5,4,0,0,0,68,2052.607856914241,0.2,-0.3543434343434344,"0.4404609929078014,0.2615,0.3256111111111111,0.2,0.68,0.12522990007480161,5.0","0,0,0"
27.133333333333333,20,AV,2,2,0,0,9,0,0,31,7336.658338656486,0.2,-0.3288888888888889,"0.5382403100775195,0.2606848484848484,0.3299404761904763,0.2,0.31,0.4476105786782528,9.0","0,0,0"
16.616666666666667,116,AV,1,1,4,4,2,0,0,14,1691.6338586686718,0.3,-0.30212121212121207,"0.5357692307692308,0.24857627118644068,0.3723452380952381,0.3,0.14,0.10320682461125344,6.0","0,0,0"
57.11666666666667,244,AV,0,7,0,0,11,0,0,74,3480.90175047103,0.2,-0.6923232323232323,"0.5066587301587302,0.24073636363636366,0.347979797979798,0.2,0.74,0.2123703156028121,18.0","0,0,0"
