travel_time,id,kind,action,origin,destination,start_time,income,urgency,reward,observation,cost_table
16.033333333333335,150,AV,1,0,0,45,2458.2611968747465,0.5,-0.24050000000000005,"0.3434694835680752,0.14759617321248744,0.18139171974522295,0.5,0.45,0.1182236724414522","0,0,0"
22.3,99,AV,0,0,0,36,1614.9493849180149,0.9,-0.46085286717982554,"0.16579224376731305,0.10053822629969421,0.13679166666666662,0.9,0.36,0.07766678631823196","0,0,0"
10.466666666666667,117,AV,2,0,0,21,1880.1756700095973,0.6,-0.16746666666666668,"0.047578347578347585,0.07054166666666667,0.10604591836734692,0.6,0.21,0.0904221540112152","0,0,0"
9.933333333333334,56,AV,2,0,0,19,1025.7249596144625,0.2,-0.11919999999999999,"0.04097860360360361,0.0665669515669516,0.10385679012345676,0.2,0.19,0.049329571566540366","0,0,0"
20.183333333333334,188,AV,2,0,0,49,3097.4575811220984,0.4,-0.28256666666666663,"0.4285540293040292,0.16700567595459234,0.200104898828541,0.4,0.49,0.14896415846185204","0,0,0"
81.7,177,AV,0,0,0,70,2946.490055333797,0.3,-1.082463211439111,"0.8372336860670194,0.24547174163783153,0.2712657657657657,0.3,0.7,0.14170376833700152","0,0,0"
65.96666666666667,208,AV,0,0,0,61,3456.1529418207683,0.7,-1.1387936761798485,"0.7025603996366937,0.22000111482720183,0.24790069860279434,0.7,0.61,0.1662146780093356","0,0,0"
23.5,221,AV,1,0,0,62,4061.843573313689,0.1,-0.2585,"0.7141403755868546,0.22307868852459012,0.2503647058823529,0.1,0.62,0.19534379207968386","0,0,0"
18.55,191,AV,1,0,0,53,3151.1733449572957,0.3,-0.24115,"0.5403301282051283,0.187971875,0.22025738396624472,0.3,0.53,0.1515474782802132","0,0,0"
25.316666666666666,53,AV,1,0,0,68,1014.5614647146556,0.3,-0.32911666666666667,"0.8119116847826087,0.24133604777415849,0.2657179487179486,0.3,0.68,0.04879269234230884","0,0,0"
50.416666666666664,245,AV,0,0,0,52,4951.479839002994,0.6,-0.8187842561451449,"0.5155916892502256,0.18298136645962731,0.21532847896440127,0.6,0.52,0.23812853220437127","0,0,0"
29.533333333333335,253,AV,0,0,0,40,5480.041794665195,0.2,-0.36534882160541365,"0.24553038194444443,0.11986571125265394,0.1536390728476821,0.2,0.4,0.26354834340696637","0,0,0"
25.15,71,AV,1,0,0,68,1150.4391077840953,0.3,-0.32695,"0.8119116847826087,0.24133604777415849,0.2657179487179486,0.3,0.68,0.05532737384270454","0,0,0"
52.11666666666667,247,AV,0,0,0,52,4968.170350229253,0.1,-0.5853602139091436,"0.5155916892502256,0.18298136645962731,0.21532847896440127,0.1,0.52,0.23893121888982288","0,0,0"
25.25,273,AV,2,0,0,57,7897.119961473183,0.1,-0.27775000000000005,"0.6166053639846745,0.2046348484848484,0.23437318840579713,0.1,0.57,0.37979142523300763","0,0,0"
23.966666666666665,85,AV,1,0,0,63,1434.4967426379471,0.4,-0.3355333333333333,"0.7340043604651164,0.2267725298588491,0.25491021967526273,0.4,0.63,0.06898838627708276","0,0,0"
24.933333333333334,103,AV,1,0,0,66,1653.1781197118603,0.2,-0.29919999999999997,"0.7694140401146131,0.2349536741214058,0.25827859960552263,0.2,0.66,0.07950529779368645","0,0,0"
76.68333333333334,284,AV,0,0,0,67,11049.706566164488,0.8,-1.3857300084478015,"0.7946845238095236,0.23918927444794957,0.26235788923719955,0.8,0.67,0.5314068705608562","0,0,0"
25.8,168,AV,2,0,0,60,2780.081336731352,0.3,-0.33540000000000003,"0.6875503766478342,0.21770347648261754,0.24556927083333338,0.3,0.6,0.13370077424326215","0,0,0"
10.1,34,AV,1,0,0,36,857.6590975250949,0.2,-0.12119999999999999,"0.16579224376731305,0.10053822629969421,0.13679166666666662,0.2,0.36,0.041246881470994735","0,0,0"
69.53333333333333,261,AV,0,0,0,63,5899.132481879994,0.6,-1.1227043203698677,"0.7340043604651164,0.2267725298588491,0.25491021967526273,0.6,0.63,0.2837034189504176","0,0,0"
60.93333333333333,11,AV,0,0,0,57,626.2908344343901,0.4,-0.9488688031520051,"0.6166053639846745,0.2046348484848484,0.23437318840579713,0.4,0.57,0.03011982720037529","0,0,0"
24.066666666666666,124,AV,2,0,0,60,1997.7276787447236,0.5,-0.361,"0.6875503766478342,0.21770347648261754,0.24556927083333338,0.5,0.6,0.09607551183714699","0,0,0"
64.53333333333333,229,AV,0,0,0,60,4547.885280126284,0.4,-0.9166596115859662,"0.6875503766478342,0.21770347648261754,0.24556927083333338,0.4,0.6,0.2187187026108142","0,0,0"
22.633333333333333,166,AV,1,0,0,60,2761.3662775036096,0.1,-0.2489666666666667,"0.6875503766478342,0.21770347648261754,0.24556927083333338,0.1,0.6,0.13280072219237518","0,0,0"
15.4,24,AV,0,0,0,31,779.2240782816187,0.3,-0.27719967399918494,"0.11135449735449734,0.08655303030303033,0.11825690021231425,0.3,0.31,0.03747475341773148","0,0,0"
21.85,250,AV,2,0,0,54,5158.4050556257225,0.1,-0.24035000000000004,"0.5531329739442946,0.1890309050772627,0.2197059123343527,0.1,0.54,0.24808006178999184","0,0,0"
22.016666666666666,282,AV,2,0,0,51,9030.678864893336,0.1,-0.24218333333333333,"0.47722546161321683,0.1761017653167186,0.20746230158730153,0.1,0.51,0.4343069895926497","0,0,0"
26.8,112,AV,1,0,0,82,1804.2001824470888,0.7,-0.4556,"0.8605451582867782,0.2635599033816426,0.2800701459034792,0.7,0.82,0.08676831073101827","0,0,0"
24.916666666666668,176,AV,2,0,0,59,2942.323800284961,0.4,-0.34883333333333333,"0.6738992359121299,0.21490856844305117,0.2430853413654619,0.4,0.59,0.1415034031468308","0,0,0"
21.933333333333334,266,AV,2,0,0,49,6248.181898567973,0.2,-0.2632,"0.4285540293040292,0.16700567595459234,0.200104898828541,0.2,0.49,0.3004900419328989","0,0,0"
3.3333333333333335,175,AV,0,0,0,3,2898.378436294527,0.3,-0.06403456380367449,"nan,nan,nan,0.3,0.03,0.13938996527280403","0,0,0"
13.816666666666666,92,AV,2,0,0,36,1519.7273932229994,0.3,-0.17961666666666667,"0.16579224376731305,0.10053822629969421,0.13679166666666662,0.3,0.36,0.07308733252801383","0,0,0"
27.1,120,AV,2,0,0,69,1929.5758599688188,0.1,-0.29810000000000003,"0.8268953386103783,0.2430189520624303,0.2682065217391304,0.1,0.69,0.09279792753915007","0,0,0"
39.95,234,AV,0,0,0,46,4617.1597275219765,0.2,-0.4923950020230732,"0.37787759710930446,0.15512191358024696,0.18788762214983717,0.2,0.46,0.2220502768096353","0,0,0"
25.166666666666668,190,AV,1,0,0,68,3132.463358685509,0.3,-0.3271666666666667,"0.8119116847826087,0.24133604777415849,0.2657179487179486,0.3,0.68,0.150647670199936","0,0,0"
12.916666666666666,121,AV,2,0,0,28,1945.516475481125,0.3,-0.16791666666666666,"0.08862044444444443,0.08130188679245282,0.11437676438653638,0.3,0.28,0.09356454994251304","0,0,0"
52.266666666666666,86,AV,0,0,0,52,1447.5744631551047,0.7,-0.9299819783095821,"0.5155916892502256,0.18298136645962731,0.21532847896440127,0.7,0.52,0.06961732519889745","0,0,0"
73.1,264,AV,0,0,0,66,6007.794801579103,0.5,-1.1064870255196182,"0.7694140401146131,0.2349536741214058,0.25827859960552263,0.5,0.66,0.2889292503255245","0,0,0"
9.616666666666667,222,AV,1,0,0,32,4104.202624979457,0.1,-0.10578333333333335,"0.12690217391304348,0.08997910447761193,0.123026936026936,0.1,0.32,0.19738094039225168","0,0,0"
74.63333333333334,33,AV,0,0,0,66,835.7777612710734,0.6,-1.265922752459239,"0.7694140401146131,0.2349536741214058,0.25827859960552263,0.6,0.66,0.0401945555695952","0,0,0"
21.2,169,AV,1,0,0,57,2793.3389947689566,0.1,-0.23320000000000002,"0.6166053639846745,0.2046348484848484,0.23437318840579713,0.1,0.57,0.1343383667916745","0,0,0"
68.08333333333333,145,AV,0,0,0,62,2382.718205806423,0.3,-0.9102646576937997,"0.7141403755868546,0.22307868852459012,0.2503647058823529,0.3,0.62,0.11459062895418437","0,0,0"
25.733333333333334,90,AV,0,0,0,38,1503.4428459110418,0.2,-0.34870840101649614,"0.20768836805555554,0.1108947072072072,0.14399583333333335,0.2,0.38,0.0723041696201366","0,0,0"
45.11666666666667,246,AV,0,0,0,50,4959.361066312568,0.9,-0.8693149993344697,"0.4572753846153846,0.17234021632251723,0.20323660714285716,0.9,0.5,0.23850755931388606","0,0,0"
20.85,269,AV,2,0,0,52,7099.697064525982,0.1,-0.22935000000000003,"0.5155916892502256,0.18298136645962731,0.21532847896440127,0.1,0.52,0.3414414470102487","0,0,0"
17.116666666666667,227,AV,1,0,0,49,4304.4895651906745,0.3,-0.22251666666666667,"0.4285540293040292,0.16700567595459234,0.200104898828541,0.3,0.49,0.207013219355909","0,0,0"
28.05,129,AV,2,0,0,78,2123.4400354784907,0.3,-0.36465000000000003,"0.8555970287836584,0.25850363447559704,0.27793593749999995,0.3,0.78,0.1021213203554731","0,0,0"
12.05,159,AV,0,0,0,26,2574.4307659940623,0.1,-0.1558561229661122,"0.07645567375886525,0.07878631138975968,0.11203497267759559,0.1,0.26,0.12381054543309646","0,0,0"
14.916666666666666,5,AV,2,0,0,33,522.2875039790788,0.2,-0.179,"0.13615624999999998,0.09250199004975125,0.12634904601571273,0.2,0.33,0.025118057783764625","0,0,0"
21.25,23,AV,2,0,0,51,779.0639592631991,0.8,-0.3825,"0.47722546161321683,0.1761017653167186,0.20746230158730153,0.8,0.51,0.03746705291039347","0,0,0"
80.3,140,AV,0,0,0,69,2302.618320259251,0.4,-1.1502572928965684,"0.8268953386103783,0.2430189520624303,0.2682065217391304,0.4,0.69,0.11073843349034766","0,0,0"
20.783333333333335,198,AV,0,0,0,35,3301.717979419838,0.5,-0.3299223576556175,"0.1533709377901578,0.09710910910910911,0.13253246753246753,0.5,0.35,0.15878753054770403","0,0,0"
16.916666666666668,238,AV,2,0,0,40,4662.282088415262,0.2,-0.203,"0.24553038194444443,0.11986571125265394,0.1536390728476821,0.2,0.4,0.2242203192855181","0,0,0"
15.916666666666666,20,AV,1,0,0,44,753.5670156580491,0.1,-0.17508333333333334,"0.3361082862523541,0.14563080168776368,0.1794025252525252,0.1,0.44,0.03624084378629158","0,0,0"
20.133333333333333,220,AV,2,0,0,48,4021.28082322038,0.1,-0.2214666666666667,"0.3980366931918657,0.15944462025316458,0.19339685124864278,0.1,0.48,0.1933930322147629","0,0,0"
7.05,100,AV,1,0,0,19,1614.9573615816892,0.1,-0.07755,"0.04097860360360361,0.0665669515669516,0.10385679012345676,0.1,0.19,0.07766716993510497","0,0,0"
11.266666666666667,104,AV,2,0,0,20,1659.6531244520008,0.2,-0.13520000000000001,"0.046699391171993926,0.07010521885521884,0.10557832422586516,0.2,0.2,0.07981669628967558","0,0,0"
19.466666666666665,200,AV,1,0,0,54,3361.758609282253,0.1,-0.21413333333333334,"0.5531329739442946,0.1890309050772627,0.2197059123343527,0.1,0.54,0.16167502833152653","0,0,0"
31.233333333333334,160,AV,0,0,0,40,2580.565825479665,0.1,-0.36681738145471027,"0.24553038194444443,0.11986571125265394,0.1536390728476821,0.1,0.4,0.12410559514707999","0,0,0"
25.566666666666666,167,AV,1,0,0,71,2767.495209174315,0.2,-0.30679999999999996,"0.8396401826484019,0.24572260273972607,0.2722706511175898,0.2,0.71,0.13309547720505432","0,0,0"
6.983333333333333,1,AV,0,0,0,9,477.1303205766694,0.9,-0.2584351403605681,"0.03810377358490566,0.06527898550724638,0.1023888888888889,0.9,0.09,0.022946340609962184","0,0,0"
7.3,52,AV,1,0,0,19,985.8695826897422,0.1,-0.0803,"0.04097860360360361,0.0665669515669516,0.10385679012345676,0.1,0.19,0.04741283097259167","0,0,0"
17.366666666666667,73,AV,1,0,0,49,1244.4027248274256,0.1,-0.19103333333333333,"0.4285540293040292,0.16700567595459234,0.200104898828541,0.1,0.49,0.05984630938009477","0,0,0"
36.55,289,AV,0,0,0,44,13079.31179296209,0.2,-0.44318739733020857,"0.3361082862523541,0.14563080168776368,0.1794025252525252,0.2,0.44,0.6290154500817918","0,0,0"
83.65,82,AV,0,0,0,73,1342.087988935639,0.3,-1.1321564577692733,"0.8422794520547943,0.24838754325259518,0.273315028901734,0.3,0.73,0.06454422784415724","0,0,0"
9.033333333333333,72,AV,1,0,0,31,1194.3606142611325,0.2,-0.1084,"0.11135449735449734,0.08655303030303033,0.11825690021231425,0.2,0.31,0.05743966435173499","0,0,0"
25.266666666666666,54,AV,2,0,0,64,1017.530975349866,0.8,-0.4548,"0.7530294411177646,0.23109066232356143,0.2573922934076137,0.8,0.64,0.048935503225503364","0,0,0"
66.46666666666667,25,AV,0,0,0,61,802.5586880039084,0.2,-0.8723608877666376,"0.7025603996366937,0.22000111482720183,0.24790069860279434,0.2,0.61,0.038596970723144074","0,0,0"
13.0,254,AV,2,0,0,26,5557.427333357366,0.4,-0.182,"0.07645567375886525,0.07878631138975968,0.11203497267759559,0.4,0.26,0.26726999942532587","0,0,0"
20.616666666666667,207,AV,2,0,0,49,3398.605365942332,0.1,-0.22678333333333334,"0.4285540293040292,0.16700567595459234,0.200104898828541,0.1,0.49,0.16344707716647097","0,0,0"
24.116666666666667,87,AV,0,0,0,37,1460.8215047913693,0.4,-0.37870611313785096,"0.1870306666666667,0.10649134199134196,0.14163827549947425,0.4,0.37,0.07025440717912602","0,0,0"
41.6,225,AV,0,0,0,48,4223.122456076251,0.2,-0.5134074970887174,"0.3980366931918657,0.15944462025316458,0.19339685124864278,0.2,0.48,0.20310008007368746","0,0,0"
26.533333333333335,75,AV,1,0,0,78,1260.6549751070208,0.5,-0.398,"0.8555970287836584,0.25850363447559704,0.27793593749999995,0.5,0.78,0.06062791904628244","0,0,0"
32.75,186,AV,0,0,0,42,3048.604611013583,0.1,-0.37993113535721895,"0.30415558510638296,0.1353683333333334,0.17095730452674895,0.1,0.42,0.14661470204800806","0,0,0"
62.71666666666667,142,AV,0,0,0,58,2318.2944376966047,0.8,-1.1547810956125204,"0.6549133937562941,0.21244019607843131,0.24229280648429585,0.8,0.58,0.11149233554738845","0,0,0"
19.8,299,AV,1,0,0,55,20793.30768626012,0.3,-0.2574,"0.5724386213408877,0.19430752688172037,0.223788328387735,0.3,0.55,1.0","0,0,0"
24.466666666666665,59,AV,2,0,0,63,1047.1205397958274,0.4,-0.3425333333333333,"0.7340043604651164,0.2267725298588491,0.25491021967526273,0.4,0.63,0.050358536294239885","0,0,0"
16.233333333333334,115,AV,1,0,0,45,1832.3133019091129,0.4,-0.22726666666666664,"0.3434694835680752,0.14759617321248744,0.18139171974522295,0.4,0.45,0.08812033802202023","0,0,0"
19.05,0,AV,0,0,0,34,381.3218977270381,0.1,-0.3668973759509868,"0.14597337006427916,0.095611620795107,0.1309827956989247,0.1,0.34,0.018338683940074114","0,0,0"
34.88333333333333,241,AV,0,0,0,42,4754.245589533712,0.6,-0.5707536321525798,"0.30415558510638296,0.1353683333333334,0.17095730452674895,0.6,0.42,0.22864306445459084","0,0,0"
7.25,224,AV,1,0,0,21,4200.245935785981,0.5,-0.10874999999999999,"0.047578347578347585,0.07054166666666667,0.10604591836734692,0.5,0.21,0.2019998933869206","0,0,0"
12.933333333333334,233,AV,2,0,0,29,4572.8741748457805,0.2,-0.15519999999999998,"0.09587923351158648,0.08354823151125401,0.1156962962962963,0.2,0.29,0.21992047844641197","0,0,0"
18.233333333333334,197,AV,2,0,0,44,3278.222126324269,0.5,-0.2735,"0.3361082862523541,0.14563080168776368,0.1794025252525252,0.5,0.44,0.1576575586620336","0,0,0"
12.2,14,AV,1,0,0,39,636.6552097563458,0.1,-0.1342,"0.2324557291666667,0.11676061571125265,0.14844260485651212,0.1,0.39,0.030618274848933116","0,0,0"
17.716666666666665,12,AV,1,0,0,50,627.4062491148882,0.3,-0.23031666666666664,"0.4572753846153846,0.17234021632251723,0.20323660714285716,0.3,0.5,0.03017347016557005","0,0,0"
17.3,68,AV,0,0,0,32,1141.0395517097602,0.1,-0.24288362859560358,"0.12690217391304348,0.08997910447761193,0.123026936026936,0.1,0.32,0.054875326664056465","0,0,0"
32.75,171,AV,0,0,0,41,2813.5576138103806,0.9,-0.6435753141522638,"0.2698536155202822,0.12602326839826838,0.1600021231422505,0.9,0.41,0.13531072863744203","0,0,0"
24.016666666666666,203,AV,2,0,0,56,3368.9508766880413,0.3,-0.3122166666666667,"0.58475,0.1961816239316239,0.22485778443113782,0.3,0.56,0.16202092170810273","0,0,0"
16.016666666666666,50,AV,2,0,0,38,979.5720138781878,0.6,-0.25626666666666664,"0.20768836805555554,0.1108947072072072,0.14399583333333335,0.6,0.38,0.04710996579565228","0,0,0"
48.56666666666667,219,AV,0,0,0,51,3942.222625638348,0.2,-0.5980198406071205,"0.47722546161321683,0.1761017653167186,0.20746230158730153,0.2,0.51,0.18959093402168548","0,0,0"
64.23333333333333,172,AV,0,0,0,58,2818.3733061874163,0.2,-0.7920888760577872,"0.6549133937562941,0.21244019607843131,0.24229280648429585,0.2,0.58,0.13554232682517134","0,0,0"
85.36666666666666,206,AV,0,0,0,73,3393.6426315430986,0.1,-0.956713450692278,"0.8422794520547943,0.24838754325259518,0.273315028901734,0.1,0.73,0.1632084073754924","0,0,0"
12.166666666666666,133,AV,2,0,0,26,2212.8825544422834,0.3,-0.15816666666666665,"0.07645567375886525,0.07878631138975968,0.11203497267759559,0.3,0.26,0.1064228254509272","0,0,0"
29.833333333333332,44,AV,2,0,0,74,946.1123250925148,0.1,-0.3281666666666667,"0.8453028624192059,0.25138247863247876,0.27385779816513767,0.1,0.74,0.04550080917225548","0,0,0"
31.25,240,AV,0,0,0,40,4747.153558918807,0.1,-0.3563891529693144,"0.24553038194444443,0.11986571125265394,0.1536390728476821,0.1,0.4,0.22830199170551635","0,0,0"
15.0,135,AV,2,0,0,40,2218.7455195521825,0.2,-0.18,"0.24553038194444443,0.11986571125265394,0.1536390728476821,0.2,0.4,0.1067047894942801","0,0,0"
22.316666666666666,232,AV,1,0,0,59,4569.840806868062,0.1,-0.24548333333333333,"0.6738992359121299,0.21490856844305117,0.2430853413654619,0.1,0.59,0.21977459651057532","0,0,0"
57.25,218,AV,0,0,0,56,3933.772930850901,0.1,-0.645002532633352,"0.58475,0.1961816239316239,0.22485778443113782,0.1,0.56,0.1891845679487672","0,0,0"
17.133333333333333,69,AV,2,0,0,41,1148.2139867956057,0.2,-0.2056,"0.2698536155202822,0.12602326839826838,0.1600021231422505,0.2,0.41,0.05522036244162957","0,0,0"
26.016666666666666,9,AV,1,0,0,75,615.3970356119416,0.1,-0.28618333333333335,"0.8475328703703704,0.25243560606060617,0.27563654618473893,0.1,0.75,0.029595918306859183","0,0,0"
20.616666666666667,259,AV,1,0,0,55,5825.994272151124,0.7,-0.3504833333333333,"0.5724386213408877,0.19430752688172037,0.223788328387735,0.7,0.55,0.28018602716107777","0,0,0"
88.6,131,AV,0,0,0,79,2193.4249838744518,0.4,-1.2677544800670666,"0.8599288337924701,0.2612338308457711,0.2792174392935982,0.4,0.79,0.10548706425018813","0,0,0"
27.816666666666666,6,AV,0,0,0,39,548.7192496267361,0.1,-0.4153288684878131,"0.2324557291666667,0.11676061571125265,0.14844260485651212,0.1,0.39,0.02638922377844295","0,0,0"
25.866666666666667,265,AV,1,0,0,73,6230.691172258436,0.3,-0.33626666666666666,"0.8422794520547943,0.24838754325259518,0.273315028901734,0.3,0.73,0.29964887098629217","0,0,0"
24.366666666666667,127,AV,2,0,0,58,2113.1349678504243,0.2,-0.2924,"0.6549133937562941,0.21244019607843131,0.24229280648429585,0.2,0.58,0.10162572495605159","0,0,0"
11.883333333333333,49,AV,0,0,0,29,978.4447105201264,0.5,-0.23957180935201222,"0.09587923351158648,0.08354823151125401,0.1156962962962963,0.5,0.29,0.04705575107546101","0,0,0"
19.333333333333332,297,AV,1,0,0,54,18628.94525544202,0.3,-0.25133333333333335,"0.5531329739442946,0.1890309050772627,0.2197059123343527,0.3,0.54,0.8959106235777834","0,0,0"
59.4,116,AV,0,0,0,56,1848.7234685638712,0.4,-0.864054826814423,"0.58475,0.1961816239316239,0.22485778443113782,0.4,0.56,0.08890954226515282","0,0,0"
62.61666666666667,29,AV,0,0,0,58,816.2772675203604,0.5,-1.0127544357933236,"0.6549133937562941,0.21244019607843131,0.24229280648429585,0.5,0.58,0.03925673009012141","0,0,0"
23.283333333333335,292,AV,2,0,0,54,14505.369879802229,0.1,-0.2561166666666667,"0.5531329739442946,0.1890309050772627,0.2197059123343527,0.1,0.54,0.6975980011774241","0,0,0"
15.133333333333333,213,AV,1,0,0,42,3783.636689084741,0.2,-0.18159999999999998,"0.30415558510638296,0.1353683333333334,0.17095730452674895,0.2,0.42,0.18196415626480184","0,0,0"
43.333333333333336,210,AV,0,0,0,48,3724.6301341612702,0.1,-0.49277564872362234,"0.3980366931918657,0.15944462025316458,0.19339685124864278,0.1,0.48,0.17912638962306346","0,0,0"
26.866666666666667,105,AV,2,0,0,66,1661.9571573900298,0.2,-0.32239999999999996,"0.7694140401146131,0.2349536741214058,0.25827859960552263,0.2,0.66,0.07992750275552475","0,0,0"
26.333333333333332,7,AV,2,0,0,62,610.4868582393152,0.1,-0.2896666666666667,"0.7141403755868546,0.22307868852459012,0.2503647058823529,0.1,0.62,0.029359776109248604","0,0,0"
13.933333333333334,46,AV,2,0,0,34,948.3478854920526,0.2,-0.1672,"0.14597337006427916,0.095611620795107,0.1309827956989247,0.2,0.34,0.04560832262962691","0,0,0"
21.533333333333335,173,AV,1,0,0,57,2853.537244729806,0.1,-0.2368666666666667,"0.6166053639846745,0.2046348484848484,0.23437318840579713,0.1,0.57,0.13723344490378397","0,0,0"
15.516666666666667,139,AV,1,0,0,43,2294.767722006211,0.1,-0.17068333333333335,"0.3205060185185187,0.14157827476038337,0.1774821610601427,0.1,0.43,0.11036087940556741","0,0,0"
12.45,15,AV,1,0,0,39,639.9143284368583,0.2,-0.1494,"0.2324557291666667,0.11676061571125265,0.14844260485651212,0.2,0.39,0.030775013677102628","0,0,0"
20.633333333333333,231,AV,0,0,0,35,4559.760277629775,0.1,-0.2401252531595489,"0.1533709377901578,0.09710910910910911,0.13253246753246753,0.1,0.35,0.21928979970044837","0,0,0"
26.816666666666666,110,AV,2,0,0,66,1782.711710770346,0.1,-0.2949833333333334,"0.7694140401146131,0.2349536741214058,0.25827859960552263,0.1,0.66,0.08573487862868172","0,0,0"
10.0,61,AV,1,0,0,33,1074.3823512953045,0.3,-0.13,"0.13615624999999998,0.09250199004975125,0.12634904601571273,0.3,0.33,0.0516696221450731","0,0,0"
8.283333333333333,183,AV,1,0,0,23,3001.8426729260827,0.3,-0.10768333333333333,"0.05580261832829807,0.072659793814433,0.10734532374100722,0.3,0.23,0.14436580837543475","0,0,0"
11.15,274,AV,1,0,0,37,7912.643587116454,0.4,-0.1561,"0.1870306666666667,0.10649134199134196,0.14163827549947425,0.4,0.37,0.38053799359420826","0,0,0"
10.716666666666667,10,AV,2,0,0,25,617.4453946714843,0.3,-0.13931666666666667,"0.06448071625344352,0.0756576433121019,0.11015376676986584,0.3,0.25,0.02969442880314238","0,0,0"
24.066666666666666,212,AV,1,0,0,63,3759.463069718096,0.5,-0.361,"0.7340043604651164,0.2267725298588491,0.25491021967526273,0.5,0.63,0.18080158897481655","0,0,0"
10.55,211,AV,2,0,0,13,3729.3449139509553,0.4,-0.1477,"0.039497289972899724,0.06627102803738319,0.1037125,0.4,0.13,0.17935313468261935","0,0,0"
13.45,236,AV,2,0,0,36,4656.548587392589,0.7,-0.22864999999999996,"0.16579224376731305,0.10053822629969421,0.13679166666666662,0.7,0.36,0.22394458148039434","0,0,0"
22.833333333333332,62,AV,2,0,0,50,1076.386102050743,0.3,-0.29683333333333334,"0.4572753846153846,0.17234021632251723,0.20323660714285716,0.3,0.5,0.051765987321103386","0,0,0"
18.283333333333335,157,AV,1,0,0,51,2530.9644311939346,0.1,-0.2011166666666667,"0.47722546161321683,0.1761017653167186,0.20746230158730153,0.1,0.51,0.12172014522087579","0,0,0"
36.38333333333333,144,AV,0,0,0,43,2337.3116255789537,0.1,-0.42588718459990893,"0.3205060185185187,0.14157827476038337,0.1774821610601427,0.1,0.43,0.11240691768935884","0,0,0"
88.56666666666666,91,AV,0,0,0,87,1509.578116022191,0.5,-1.3682462041633876,"0.8534079670329667,0.2677680722891566,0.2824983552631579,0.5,0.87,0.07259922946360745","0,0,0"
26.333333333333332,204,AV,1,0,0,77,3382.383844415393,0.1,-0.2896666666666667,"0.8540069637883009,0.25716560846560843,0.2768563394683026,0.1,0.77,0.16266694531964326","0,0,0"
12.933333333333334,272,AV,1,0,0,41,7572.106998522375,0.1,-0.14226666666666668,"0.2698536155202822,0.12602326839826838,0.1600021231422505,0.1,0.41,0.3641607729166582","0,0,0"
26.433333333333334,38,AV,2,0,0,72,905.8209551718018,0.9,-0.5022333333333333,"0.8404921296296295,0.24624657534246575,0.2725608237547893,0.9,0.72,0.04356310063022602","0,0,0"
26.466666666666665,256,AV,2,0,0,62,5590.116807812239,0.5,-0.397,"0.7141403755868546,0.22307868852459012,0.2503647058823529,0.5,0.62,0.26884211459565416","0,0,0"
29.366666666666667,113,AV,0,0,0,39,1805.1606101798543,0.3,-0.41500470635224457,"0.2324557291666667,0.11676061571125265,0.14844260485651212,0.3,0.39,0.08681450000245393","0,0,0"
10.183333333333334,285,AV,0,0,0,25,11185.875164713363,0.6,-0.16829724086104064,"0.06448071625344352,0.0756576433121019,0.11015376676986584,0.6,0.25,0.5379555448075637","0,0,0"
19.65,136,AV,1,0,0,54,2225.3307045190536,0.7,-0.33404999999999996,"0.5531329739442946,0.1890309050772627,0.2197059123343527,0.7,0.54,0.10702148682143131","0,0,0"
10.483333333333333,143,AV,1,0,0,36,2335.4036410281064,0.2,-0.12579999999999997,"0.16579224376731305,0.10053822629969421,0.13679166666666662,0.2,0.36,0.1123151581396212","0,0,0"
15.383333333333333,242,AV,1,0,0,41,4756.448820673547,0.1,-0.16921666666666665,"0.2698536155202822,0.12602326839826838,0.1600021231422505,0.1,0.41,0.22874902312038267","0,0,0"
46.916666666666664,81,AV,0,0,0,50,1297.4303329633815,0.9,-0.9376619242929143,"0.4572753846153846,0.17234021632251723,0.20323660714285716,0.9,0.5,0.06239653414164128","0,0,0"
19.066666666666666,187,AV,0,0,0,32,3065.2253709468137,0.6,-0.3246410837939354,"0.12690217391304348,0.08997910447761193,0.123026936026936,0.6,0.32,0.14741403422661153","0,0,0"
25.65,189,AV,2,0,0,72,3131.512437779759,0.5,-0.38475000000000004,"0.8404921296296295,0.24624657534246575,0.2725608237547893,0.5,0.72,0.15060193813459566","0,0,0"
80.3,132,AV,0,0,0,69,2198.5025098873134,0.2,-0.990891303844395,"0.8268953386103783,0.2430189520624303,0.2682065217391304,0.2,0.69,0.10573125464497639","0,0,0"
8.533333333333333,80,AV,0,0,0,21,1293.252850487379,0.2,-0.1487946396695652,"0.047578347578347585,0.07054166666666667,0.10604591836734692,0.2,0.21,0.06219562899759039","0,0,0"
15.433333333333334,107,AV,1,0,0,42,1697.366940102563,0.3,-0.20063333333333333,"0.30415558510638296,0.1353683333333334,0.17095730452674895,0.3,0.42,0.08163044406947123","0,0,0"
54.0,138,AV,0,0,0,52,2280.385817754286,0.3,-0.7283113371135976,"0.5155916892502256,0.18298136645962731,0.21532847896440127,0.3,0.52,0.10966921916233309","0,0,0"
73.05,18,AV,0,0,0,65,741.34301771214,0.5,-1.176684194517898,"0.7629831849653808,0.2330798274002158,0.25608097928436907,0.5,0.65,0.03565296242896494","0,0,0"
27.1,260,AV,2,0,0,72,5844.130995646287,0.2,-0.3252,"0.8404921296296295,0.24624657534246575,0.2725608237547893,0.2,0.72,0.28105826566054204","0,0,0"
27.05,3,AV,1,0,0,84,508.6019702527906,0.1,-0.29755000000000004,"0.8611166666666665,0.266327016520894,0.28194781144781145,0.1,0.84,0.024459887668034006","0,0,0"
71.3,244,AV,0,0,0,64,4950.077303955518,0.2,-0.8677210228276747,"0.7530294411177646,0.23109066232356143,0.2573922934076137,0.2,0.64,0.23806108093261413","0,0,0"
27.15,295,AV,1,0,0,82,16390.717038727882,0.2,-0.3257999999999999,"0.8605451582867782,0.2635599033816426,0.2800701459034792,0.2,0.82,0.7882688644846343","0,0,0"
78.35,202,AV,0,0,0,68,3366.895459871004,0.1,-0.8796705711211179,"0.8119116847826087,0.24133604777415849,0.2657179487179486,0.1,0.68,0.16192207178734694","0,0,0"
17.3,42,AV,1,0,0,48,934.0011274976006,0.3,-0.22490000000000002,"0.3980366931918657,0.15944462025316458,0.19339685124864278,0.3,0.48,0.04491835265414619","0,0,0"
12.1,164,AV,1,0,0,38,2750.2432356670683,0.3,-0.1573,"0.20768836805555554,0.1108947072072072,0.14399583333333335,0.3,0.38,0.13226578845290615","0,0,0"
5.2,163,AV,0,0,0,8,2744.255474143275,0.7,-0.11026385362635792,"0.03645893719806763,0.06327118644067796,0.10171296296296292,0.7,0.08,0.13197782265092123","0,0,0"
20.766666666666666,79,AV,2,0,0,50,1291.2118623687816,0.4,-0.2907333333333333,"0.4572753846153846,0.17234021632251723,0.20323660714285716,0.4,0.5,0.062097472987522495","0,0,0"
26.95,278,AV,1,0,0,83,8348.421721831439,0.2,-0.3234,"0.8597337006427916,0.2646996124031008,0.28167292377701936,0.2,0.83,0.4014956084811817","0,0,0"
20.1,216,AV,2,0,0,45,3824.993837156676,0.5,-0.3015,"0.3434694835680752,0.14759617321248744,0.18139171974522295,0.5,0.45,0.18395312063237393","0,0,0"
16.433333333333334,154,AV,1,0,0,48,2520.718778515204,0.1,-0.1807666666666667,"0.3980366931918657,0.15944462025316458,0.19339685124864278,0.1,0.48,0.12122740722876209","0,0,0"
7.216666666666667,93,AV,0,0,0,19,1527.6889462703334,0.2,-0.12587501088914907,"0.04097860360360361,0.0665669515669516,0.10385679012345676,0.2,0.19,0.07347022269476662","0,0,0"
22.35,156,AV,0,0,0,36,2528.765907819195,0.2,-0.29192698865263644,"0.16579224376731305,0.10053822629969421,0.13679166666666662,0.2,0.36,0.12161441296279007","0,0,0"
81.95,279,AV,0,0,0,69,8436.938288223368,0.1,-0.9085615845523904,"0.8268953386103783,0.2430189520624303,0.2682065217391304,0.1,0.69,0.4057525822983113","0,0,0"
15.416666666666666,51,AV,0,0,0,31,979.573716991658,0.2,-0.24625113297676499,"0.11135449735449734,0.08655303030303033,0.11825690021231425,0.2,0.31,0.04711004770246075","0,0,0"
85.28333333333333,192,AV,0,0,0,75,3159.4556453821087,0.1,-0.9571072798400774,"0.8475328703703704,0.25243560606060617,0.27563654618473893,0.1,0.75,0.15194579395705407","0,0,0"
8.45,4,AV,0,0,0,24,513.3463032142733,0.1,-0.20983016378868458,"0.05732712511938872,0.07299177631578949,0.10779966329966331,0.1,0.24,0.024688054010448962","0,0,0"
78.48333333333333,39,AV,0,0,0,67,921.9548251796884,0.1,-0.9283957772275406,"0.7946845238095236,0.23918927444794957,0.26235788923719955,0.1,0.67,0.04433901710543634","0,0,0"
23.2,114,AV,2,0,0,54,1823.811293294481,0.1,-0.2552,"0.5531329739442946,0.1890309050772627,0.2197059123343527,0.1,0.54,0.08771145605177698","0,0,0"
13.0,102,AV,2,0,0,31,1635.9686818612918,0.3,-0.169,"0.11135449735449734,0.08655303030303033,0.11825690021231425,0.3,0.31,0.07867765468320913","0,0,0"
18.816666666666666,226,AV,2,0,0,45,4227.85786318916,0.4,-0.26343333333333335,"0.3434694835680752,0.14759617321248744,0.18139171974522295,0.4,0.45,0.20332781715065273","0,0,0"
9.9,13,AV,1,0,0,35,632.5893922142865,0.2,-0.1188,"0.1533709377901578,0.09710910910910911,0.13253246753246753,0.2,0.35,0.030422739939172414","0,0,0"
13.583333333333334,255,AV,0,0,0,29,5578.433439706214,0.2,-0.1737557077893825,"0.09587923351158648,0.08354823151125401,0.1156962962962963,0.2,0.29,0.2682802334230043","0,0,0"
48.666666666666664,179,AV,0,0,0,51,2965.4163440895786,0.2,-0.6042332465454934,"0.47722546161321683,0.1761017653167186,0.20746230158730153,0.2,0.51,0.14261397892212588","0,0,0"
69.71666666666667,43,AV,0,0,0,63,938.3100494872764,0.4,-1.0399780816953337,"0.7340043604651164,0.2267725298588491,0.25491021967526273,0.4,0.63,0.04512557903941836","0,0,0"
13.633333333333333,8,AV,0,0,0,29,614.9217871931492,0.3,-0.27480671786711924,"0.09587923351158648,0.08354823151125401,0.1156962962962963,0.3,0.29,0.029573062471416202","0,0,0"
22.833333333333332,65,AV,2,0,0,47,1117.0806745336297,0.8,-0.41100000000000003,"0.3917087628865979,0.15792857142857142,0.1908787356321839,0.8,0.47,0.05372308684066549","0,0,0"
23.366666666666667,293,AV,1,0,0,62,14754.343640924068,0.1,-0.25703333333333334,"0.7141403755868546,0.22307868852459012,0.2503647058823529,0.1,0.62,0.7095717460418045","0,0,0"
26.5,252,AV,2,0,0,64,5458.612723313221,0.5,-0.3975,"0.7530294411177646,0.23109066232356143,0.2573922934076137,0.5,0.64,0.2625177680086071","0,0,0"
20.633333333333333,137,AV,2,0,0,48,2276.662146114732,0.1,-0.2269666666666667,"0.3980366931918657,0.15944462025316458,0.19339685124864278,0.1,0.48,0.1094901388690128","0,0,0"
13.05,36,AV,1,0,0,41,870.7377108213431,0.3,-0.16965000000000002,"0.2698536155202822,0.12602326839826838,0.1600021231422505,0.3,0.41,0.04187586332869553","0,0,0"
38.1,31,AV,0,0,0,45,825.4433072334436,0.1,-0.49178821428947805,"0.3434694835680752,0.14759617321248744,0.18139171974522295,0.1,0.45,0.039697546907310144","0,0,0"
18.766666666666666,181,AV,2,0,0,45,2969.8754393798326,0.7,-0.3190333333333333,"0.3434694835680752,0.14759617321248744,0.18139171974522295,0.7,0.45,0.1428284275013291","0,0,0"
18.466666666666665,287,AV,2,0,0,45,11662.42845360034,0.1,-0.20313333333333333,"0.3434694835680752,0.14759617321248744,0.18139171974522295,0.1,0.45,0.5608741345806508","0,0,0"
27.4,290,AV,2,0,0,73,13748.957190518822,0.5,-0.4109999999999999,"0.8422794520547943,0.24838754325259518,0.273315028901734,0.5,0.73,0.6612203021265304","0,0,0"
8.4,185,AV,1,0,0,21,3031.4508351358254,0.1,-0.09240000000000001,"0.047578347578347585,0.07054166666666667,0.10604591836734692,0.1,0.21,0.14578973585520302","0,0,0"
5.3,152,AV,0,0,0,7,2478.182963693478,0.1,-0.08251128741462097,"0.03446969696969697,0.06105434782608695,0.09691156462585035,0.1,0.07,0.1191817579523926","0,0,0"
11.116666666666667,97,AV,1,0,0,36,1588.8002265047048,0.1,-0.12228333333333335,"0.16579224376731305,0.10053822629969421,0.13679166666666662,0.1,0.36,0.07640921062090368","0,0,0"
22.166666666666668,223,AV,1,0,0,58,4159.866430607663,0.9,-0.4211666666666667,"0.6549133937562941,0.21244019607843131,0.24229280648429585,0.9,0.58,0.20005794620912742","0,0,0"
25.483333333333334,28,AV,2,0,0,56,814.1496548969513,0.3,-0.3312833333333334,"0.58475,0.1961816239316239,0.22485778443113782,0.3,0.56,0.039154408100012306","0,0,0"
20.683333333333334,37,AV,1,0,0,56,871.0408974081768,0.2,-0.2482,"0.58475,0.1961816239316239,0.22485778443113782,0.2,0.56,0.04189044429827518","0,0,0"
87.33333333333333,280,AV,0,0,0,77,8480.737499651503,0.5,-1.3170748564028147,"0.8540069637883009,0.25716560846560843,0.2768563394683026,0.5,0.77,0.407858991345347","0,0,0"
60.95,64,AV,0,0,0,57,1111.987968807459,0.1,-0.7244074183202238,"0.6166053639846745,0.2046348484848484,0.23437318840579713,0.1,0.57,0.05347816641708441","0,0,0"
15.316666666666666,214,AV,2,0,0,38,3803.247088152212,0.5,-0.22975,"0.20768836805555554,0.1108947072072072,0.14399583333333335,0.5,0.38,0.18290726735435825","0,0,0"
23.35,118,AV,1,0,0,61,1900.764377468582,0.2,-0.2802,"0.7025603996366937,0.22000111482720183,0.24790069860279434,0.2,0.61,0.09141231429593938","0,0,0"
28.033333333333335,209,AV,2,0,0,76,3531.3895067900216,0.3,-0.36443333333333333,"0.8501712962962962,0.25589664502164505,0.27614106425702806,0.3,0.76,0.16983298473111647","0,0,0"
11.416666666666666,21,AV,1,0,0,37,761.8437659652793,0.2,-0.13699999999999998,"0.1870306666666667,0.10649134199134196,0.14163827549947425,0.2,0.37,0.03663889254467645","0,0,0"
9.033333333333333,199,AV,2,0,0,4,3313.1900178081896,0.2,-0.1084,"0.0333421052631579,0.05775925925925925,0.09089743589743587,0.2,0.04,0.1593392483677569","0,0,0"
20.0,239,AV,2,0,0,48,4669.869929992837,0.2,-0.24,"0.3980366931918657,0.15944462025316458,0.19339685124864278,0.2,0.48,0.224585236772051","0,0,0"
22.7,296,AV,1,0,0,59,17322.90883950548,0.2,-0.2724,"0.6738992359121299,0.21490856844305117,0.2430853413654619,0.2,0.59,0.833100202280572","0,0,0"
87.31666666666666,2,AV,0,0,0,75,497.26542980048754,0.5,-1.4304099059662625,"0.8475328703703704,0.25243560606060617,0.27563654618473893,0.5,0.75,0.023914686268460907","0,0,0"
26.583333333333332,95,AV,2,0,0,65,1567.0706205360798,0.3,-0.3455833333333333,"0.7629831849653808,0.2330798274002158,0.25608097928436907,0.3,0.65,0.07536418179256658","0,0,0"
21.283333333333335,174,AV,2,0,0,49,2857.8751728516777,0.1,-0.2341166666666667,"0.4285540293040292,0.16700567595459234,0.200104898828541,0.1,0.49,0.13744206626346972","0,0,0"
24.016666666666666,41,AV,1,0,0,63,932.1411738504048,0.4,-0.33623333333333333,"0.7340043604651164,0.2267725298588491,0.25491021967526273,0.4,0.63,0.04482890302567631","0,0,0"
28.116666666666667,275,AV,2,0,0,84,8028.27043643778,0.3,-0.3655166666666667,"0.8611166666666665,0.266327016520894,0.28194781144781145,0.3,0.84,0.3860987658900816","0,0,0"
18.566666666666666,60,AV,1,0,0,51,1068.5648373754009,0.1,-0.20423333333333335,"0.47722546161321683,0.1761017653167186,0.20746230158730153,0.1,0.51,0.05138984395837567","0,0,0"
11.6,70,AV,1,0,0,37,1150.2916000513435,0.4,-0.1624,"0.1870306666666667,0.10649134199134196,0.14163827549947425,0.4,0.37,0.05532027984231857","0,0,0"
26.3,101,AV,1,0,0,76,1626.914224999384,0.4,-0.36819999999999997,"0.8501712962962962,0.25589664502164505,0.27614106425702806,0.4,0.76,0.07824220415275356","0,0,0"
17.833333333333332,78,AV,1,0,0,50,1275.9312017726234,0.4,-0.24966666666666662,"0.4572753846153846,0.17234021632251723,0.20323660714285716,0.4,0.5,0.06136258939772906","0,0,0"
20.866666666666667,258,AV,1,0,0,54,5721.231751015957,0.1,-0.22953333333333334,"0.5531329739442946,0.1890309050772627,0.2197059123343527,0.1,0.54,0.2751477464451918","0,0,0"
40.1,119,AV,0,0,0,45,1921.5023446668008,0.1,-0.47232556689380695,"0.3434694835680752,0.14759617321248744,0.18139171974522295,0.1,0.45,0.09240965283924012","0,0,0"
19.216666666666665,196,AV,0,0,0,33,3269.866339895674,0.9,-0.38346604054410605,"0.13615624999999998,0.09250199004975125,0.12634904601571273,0.9,0.33,0.15725570886715387","0,0,0"
25.766666666666666,66,AV,2,0,0,59,1129.1321270070612,0.9,-0.4895666666666666,"0.6738992359121299,0.21490856844305117,0.2430853413654619,0.9,0.59,0.05430267007269716","0,0,0"
8.533333333333333,262,AV,1,0,0,27,5960.007005011629,0.2,-0.10239999999999999,"0.08587037037037035,0.08039719626168224,0.11415376344086021,0.2,0.27,0.2866310206600706","0,0,0"
17.433333333333334,153,AV,2,0,0,41,2496.2043409386315,0.8,-0.3138,"0.2698536155202822,0.12602326839826838,0.1600021231422505,0.8,0.41,0.1200484491742544","0,0,0"
25.8,165,AV,2,0,0,62,2754.938443140308,0.9,-0.49019999999999997,"0.7141403755868546,0.22307868852459012,0.2503647058823529,0.9,0.62,0.13249159223285706","0,0,0"
15.683333333333334,281,AV,1,0,0,43,8987.822610831106,0.2,-0.18819999999999998,"0.3205060185185187,0.14157827476038337,0.1774821610601427,0.2,0.43,0.4322459296252377","0,0,0"
19.066666666666666,158,AV,2,0,0,43,2563.744074524839,0.3,-0.24786666666666665,"0.3205060185185187,0.14157827476038337,0.1774821610601427,0.3,0.43,0.1232965968285517","0,0,0"
21.5,17,AV,1,0,0,57,682.056612603955,0.9,-0.4085,"0.6166053639846745,0.2046348484848484,0.23437318840579713,0.9,0.57,0.03280173712115302","0,0,0"
26.566666666666666,57,AV,1,0,0,80,1038.299283744561,0.8,-0.4782,"0.860921917808219,0.26314558823529405,0.2791864406779661,0.8,0.8,0.04993430094965855","0,0,0"
54.05,294,AV,0,0,0,52,15725.918848752755,0.1,-0.5983653573458608,"0.5155916892502256,0.18298136645962731,0.21532847896440127,0.1,0.52,0.7562971262693423","0,0,0"
23.466666666666665,130,AV,1,0,0,61,2139.4702648744856,0.2,-0.28159999999999996,"0.7025603996366937,0.22000111482720183,0.24790069860279434,0.2,0.61,0.10289225250527183","0,0,0"
3.533333333333333,230,AV,0,0,0,6,4549.115907877681,0.1,-0.052056042627850324,"0.0333034188034188,0.05802150537634409,0.09092222222222224,0.1,0.06,0.21877788644870882","0,0,0"
21.133333333333333,151,AV,1,0,0,56,2476.7926805910606,0.1,-0.23246666666666665,"0.58475,0.1961816239316239,0.22485778443113782,0.1,0.56,0.1191148959060364","0,0,0"
19.816666666666666,276,AV,2,0,0,45,8029.700924090037,0.6,-0.31706666666666666,"0.3434694835680752,0.14759617321248744,0.18139171974522295,0.6,0.45,0.386167561469594","0,0,0"
25.516666666666666,32,AV,1,0,0,69,832.3173438658397,0.2,-0.30619999999999997,"0.8268953386103783,0.2430189520624303,0.2682065217391304,0.2,0.69,0.0400281358033201","0,0,0"
22.0,178,AV,1,0,0,57,2953.761118311176,0.3,-0.28600000000000003,"0.6166053639846745,0.2046348484848484,0.23437318840579713,0.3,0.57,0.14205345118145746","0,0,0"
11.7,271,AV,1,0,0,37,7177.938863287724,0.5,-0.1755,"0.1870306666666667,0.10649134199134196,0.14163827549947425,0.5,0.37,0.345204282627472","0,0,0"
43.38333333333333,96,AV,0,0,0,48,1572.8756307612184,0.1,-0.5153633572419172,"0.3980366931918657,0.15944462025316458,0.19339685124864278,0.1,0.48,0.07564335864661634","0,0,0"
12.883333333333333,277,AV,1,0,0,40,8331.964781214912,0.3,-0.16748333333333335,"0.24553038194444443,0.11986571125265394,0.1536390728476821,0.3,0.4,0.4007041547661289","0,0,0"
13.566666666666666,141,AV,1,0,0,41,2318.1098695731453,0.1,-0.14923333333333333,"0.2698536155202822,0.12602326839826838,0.1600021231422505,0.1,0.41,0.1114834592239942","0,0,0"
24.033333333333335,63,AV,2,0,0,56,1097.8259349569896,0.6,-0.3845333333333334,"0.58475,0.1961816239316239,0.22485778443113782,0.6,0.56,0.05279708026839882","0,0,0"
27.433333333333334,58,AV,2,0,0,83,1040.734547163155,0.1,-0.3017666666666667,"0.8597337006427916,0.2646996124031008,0.28167292377701936,0.1,0.83,0.05005141860382586","0,0,0"
10.3,123,AV,2,0,0,28,1996.532829496936,0.1,-0.11330000000000001,"0.08862044444444443,0.08130188679245282,0.11437676438653638,0.1,0.28,0.0960180486732379","0,0,0"
13.733333333333333,288,AV,2,0,0,38,11940.25564443948,0.1,-0.15106666666666668,"0.20768836805555554,0.1108947072072072,0.14399583333333335,0.1,0.38,0.5742355100304415","0,0,0"
15.533333333333333,268,AV,2,0,0,40,6778.2755320215965,0.2,-0.18639999999999998,"0.24553038194444443,0.11986571125265394,0.1536390728476821,0.2,0.4,0.3259835151913118","0,0,0"
76.6,248,AV,0,0,0,67,5003.647877951615,0.9,-1.4673912514756258,"0.7946845238095236,0.23918927444794957,0.26235788923719955,0.9,0.67,0.24063741822365012","0,0,0"
24.516666666666666,88,AV,2,0,0,56,1475.2077210572677,0.3,-0.31871666666666665,"0.58475,0.1961816239316239,0.22485778443113782,0.3,0.56,0.07094627479744654","0,0,0"
17.05,35,AV,1,0,0,48,863.3540159882258,0.2,-0.2046,"0.3980366931918657,0.15944462025316458,0.19339685124864278,0.2,0.48,0.04152076374836295","0,0,0"
16.033333333333335,89,AV,1,0,0,47,1485.5718097438446,0.2,-0.19240000000000002,"0.3917087628865979,0.15792857142857142,0.1908787356321839,0.2,0.47,0.07144470866102204","0,0,0"
74.75,27,AV,0,0,0,66,807.7368269013535,0.1,-0.8965316199555647,"0.7694140401146131,0.2349536741214058,0.25827859960552263,0.1,0.66,0.0388459998326814","0,0,0"
28.933333333333334,22,AV,2,0,0,88,767.6170681366935,0.2,-0.3472,"0.846680706521739,0.2680689828801611,0.2813953488372093,0.2,0.88,0.036916544482430876","0,0,0"
15.166666666666666,134,AV,1,0,0,42,2218.0502812558643,0.4,-0.21233333333333332,"0.30415558510638296,0.1353683333333334,0.17095730452674895,0.4,0.42,0.10667135381839783","0,0,0"
50.416666666666664,243,AV,0,0,0,51,4924.983441788647,0.4,-0.7180161154094918,"0.47722546161321683,0.1761017653167186,0.20746230158730153,0.4,0.51,0.2368542569609065","0,0,0"
19.3,83,AV,1,0,0,53,1365.417472605012,0.9,-0.36669999999999997,"0.5403301282051283,0.187971875,0.22025738396624472,0.9,0.53,0.06566619862539994","0,0,0"
23.716666666666665,148,AV,2,0,0,57,2421.832203454489,0.6,-0.3794666666666666,"0.6166053639846745,0.2046348484848484,0.23437318840579713,0.6,0.57,0.11647171484192467","0,0,0"
20.166666666666668,30,AV,2,0,0,53,822.5771428470101,0.2,-0.24200000000000002,"0.5403301282051283,0.187971875,0.22025738396624472,0.2,0.53,0.039559706192899544","0,0,0"
21.066666666666666,249,AV,1,0,0,56,5004.1281918097375,0.5,-0.316,"0.58475,0.1961816239316239,0.22485778443113782,0.5,0.56,0.24066051766821034","0,0,0"
25.733333333333334,47,AV,2,0,0,64,954.0002559944874,0.4,-0.3602666666666667,"0.7530294411177646,0.23109066232356143,0.2573922934076137,0.4,0.64,0.045880158673594545","0,0,0"
18.233333333333334,146,AV,2,0,0,41,2392.7441380289174,0.4,-0.2552666666666667,"0.2698536155202822,0.12602326839826838,0.1600021231422505,0.4,0.41,0.1150728000629743","0,0,0"
25.216666666666665,98,AV,2,0,0,63,1594.6992934726818,0.2,-0.3026,"0.7340043604651164,0.2267725298588491,0.25491021967526273,0.2,0.63,0.07669291088913349","0,0,0"
55.93333333333333,128,AV,0,0,0,52,2117.047321722312,0.9,-1.091074693200144,"0.5155916892502256,0.18298136645962731,0.21532847896440127,0.9,0.52,0.10181387943012177","0,0,0"
83.66666666666667,298,AV,0,0,0,70,19040.472291926453,0.5,-1.2581511823383413,"0.8372336860670194,0.24547174163783153,0.2712657657657657,0.5,0.7,0.91570194503052","0,0,0"
24.816666666666666,26,AV,2,0,0,57,806.3598325453933,0.5,-0.37225,"0.6166053639846745,0.2046348484848484,0.23437318840579713,0.5,0.57,0.03877977687399022","0,0,0"
67.91666666666667,147,AV,0,0,0,60,2421.0391237858234,0.2,-0.8397827469661775,"0.6875503766478342,0.21770347648261754,0.24556927083333338,0.2,0.6,0.11643357373995898","0,0,0"
25.7,195,AV,2,0,0,66,3230.862018062417,0.2,-0.3084,"0.7694140401146131,0.2349536741214058,0.25827859960552263,0.2,0.66,0.15537989755219744","0,0,0"
71.31666666666666,283,AV,0,0,0,63,9884.322174397852,0.1,-0.7905535523065079,"0.7340043604651164,0.2267725298588491,0.25491021967526273,0.1,0.63,0.47536074219347274","0,0,0"
23.316666666666666,228,AV,2,0,0,56,4459.768546990965,0.7,-0.3963833333333333,"0.58475,0.1961816239316239,0.22485778443113782,0.7,0.56,0.21448095773323778","0,0,0"
22.933333333333334,40,AV,1,0,0,60,932.0432837729122,0.2,-0.2752,"0.6875503766478342,0.21770347648261754,0.24556927083333338,0.2,0.6,0.04482419525724574","0,0,0"
38.166666666666664,19,AV,0,0,0,44,743.7818724069466,0.1,-0.5005021452873468,"0.3361082862523541,0.14563080168776368,0.1794025252525252,0.1,0.44,0.035770252796212196","0,0,0"
15.05,126,AV,1,0,0,41,2046.5713793034688,0.1,-0.16555,"0.2698536155202822,0.12602326839826838,0.1600021231422505,0.1,0.41,0.09842452245612708","0,0,0"
8.616666666666667,106,AV,1,0,0,30,1682.490559712908,0.1,-0.09478333333333334,"0.10765123456790125,0.08584803921568629,0.11719303797468356,0.1,0.3,0.08091500328370894","0,0,0"
20.483333333333334,48,AV,2,0,0,48,961.7772661313056,0.1,-0.2253166666666667,"0.3980366931918657,0.15944462025316458,0.19339685124864278,0.1,0.48,0.04625417372950396","0,0,0"
34.93333333333333,182,AV,0,0,0,42,2971.291490045772,0.3,-0.47432657260353217,"0.30415558510638296,0.1353683333333334,0.17095730452674895,0.3,0.42,0.14289652877156978","0,0,0"
46.93333333333333,67,AV,0,0,0,50,1135.438045570021,0.1,-0.5691097083756296,"0.4572753846153846,0.17234021632251723,0.20323660714285716,0.1,0.5,0.0546059368091927","0,0,0"
22.816666666666666,170,AV,2,0,0,55,2797.307504072895,0.5,-0.34225,"0.5724386213408877,0.19430752688172037,0.223788328387735,0.5,0.55,0.13452922191505445","0,0,0"
55.733333333333334,74,AV,0,0,0,52,1249.5878531833848,0.2,-0.7168158316577319,"0.5155916892502256,0.18298136645962731,0.21532847896440127,0.2,0.52,0.06009567462944302","0,0,0"
44.916666666666664,291,AV,0,0,0,49,14297.77376075636,0.4,-0.6330297908381152,"0.4285540293040292,0.16700567595459234,0.200104898828541,0.4,0.49,0.6876142062863859","0,0,0"
12.15,180,AV,1,0,0,38,2966.188350320237,0.1,-0.13365000000000002,"0.20768836805555554,0.1108947072072072,0.14399583333333335,0.1,0.38,0.14265110655195307","0,0,0"
50.583333333333336,111,AV,0,0,0,51,1794.439334206041,0.9,-0.9945199610622653,"0.47722546161321683,0.1761017653167186,0.20746230158730153,0.9,0.51,0.08629888814619799","0,0,0"
21.783333333333335,125,AV,1,0,0,57,2044.1603053436156,0.7,-0.3703166666666667,"0.6166053639846745,0.2046348484848484,0.23437318840579713,0.7,0.57,0.09830856813100321","0,0,0"
10.9,251,AV,2,0,0,25,5434.023139443809,0.2,-0.1308,"0.06448071625344352,0.0756576433121019,0.11015376676986584,0.2,0.25,0.26133519598878074","0,0,0"
24.166666666666668,84,AV,0,0,0,37,1389.0632502942228,0.6,-0.42986124401027664,"0.1870306666666667,0.10649134199134196,0.14163827549947425,0.6,0.37,0.0668033807440888","0,0,0"
25.933333333333334,184,AV,0,0,0,38,3017.17067826153,0.4,-0.38295284693226955,"0.20768836805555554,0.1108947072072072,0.14399583333333335,0.4,0.38,0.14510296888720728","0,0,0"
57.333333333333336,108,AV,0,0,0,52,1716.9764066453156,0.3,-0.780278484453511,"0.5155916892502256,0.18298136645962731,0.21532847896440127,0.3,0.52,0.08257351031167907","0,0,0"
25.466666666666665,263,AV,1,0,0,73,5984.209260784091,0.2,-0.3056,"0.8422794520547943,0.24838754325259518,0.273315028901734,0.2,0.73,0.28779496514344177","0,0,0"
27.683333333333334,76,AV,0,0,0,38,1261.43865123121,0.3,-0.40744807216659945,"0.20768836805555554,0.1108947072072072,0.14399583333333335,0.3,0.38,0.060665607909257666","0,0,0"
8.466666666666667,77,AV,1,0,0,24,1275.6237969650936,0.8,-0.1524,"0.05732712511938872,0.07299177631578949,0.10779966329966331,0.8,0.24,0.06134780556380672","0,0,0"
18.716666666666665,16,AV,1,0,0,51,676.2529471816457,0.1,-0.20588333333333333,"0.47722546161321683,0.1761017653167186,0.20746230158730153,0.1,0.51,0.03252262494189429","0,0,0"
8.483333333333333,201,AV,1,0,0,24,3362.377553451843,0.3,-0.11028333333333333,"0.05732712511938872,0.07299177631578949,0.10779966329966331,0.3,0.24,0.16170479484000747","0,0,0"
59.28333333333333,237,AV,0,0,0,56,4660.29795945294,0.1,-0.6649913799408032,"0.58475,0.1961816239316239,0.22485778443113782,0.1,0.56,0.2241248977685445","0,0,0"
24.833333333333332,94,AV,1,0,0,66,1541.4014724042315,0.4,-0.3476666666666666,"0.7694140401146131,0.2349536741214058,0.25827859960552263,0.4,0.66,0.07412969094006937","0,0,0"
25.966666666666665,193,AV,1,0,0,75,3169.820795106812,0.4,-0.3635333333333333,"0.8475328703703704,0.25243560606060617,0.27563654618473893,0.4,0.75,0.15244427884849596","0,0,0"
24.366666666666667,235,AV,1,0,0,65,4635.813442599864,0.4,-0.34113333333333334,"0.7629831849653808,0.2330798274002158,0.25608097928436907,0.4,0.65,0.222947378673338","0,0,0"
22.816666666666666,45,AV,1,0,0,59,946.2003450753726,0.2,-0.2738,"0.6738992359121299,0.21490856844305117,0.2430853413654619,0.2,0.59,0.04550504226418034","0,0,0"
41.583333333333336,217,AV,0,0,0,46,3866.930621896856,0.2,-0.5145161821782487,"0.37787759710930446,0.15512191358024696,0.18788762214983717,0.2,0.46,0.18596996111648273","0,0,0"
7.7,267,AV,1,0,0,21,6434.117121135291,0.4,-0.10779999999999999,"0.047578347578347585,0.07054166666666667,0.10604591836734692,0.4,0.21,0.3094321123996473","0,0,0"
26.7,215,AV,2,0,0,79,3822.7735841463273,0.4,-0.3738,"0.8599288337924701,0.2612338308457711,0.2792174392935982,0.4,0.79,0.18384634334403438","0,0,0"
18.966666666666665,194,AV,1,0,0,53,3225.188153267811,0.1,-0.20863333333333334,"0.5403301282051283,0.187971875,0.22025738396624472,0.1,0.53,0.15510702779620594","0,0,0"
17.35,162,AV,2,0,0,41,2722.266725979925,0.2,-0.20820000000000002,"0.2698536155202822,0.12602326839826838,0.1600021231422505,0.2,0.41,0.13092033105337805","0,0,0"
10.3,122,AV,0,0,0,25,1963.0347272178835,0.4,-0.17476492030838148,"0.06448071625344352,0.0756576433121019,0.11015376676986584,0.4,0.25,0.09440704465288248","0,0,0"
20.666666666666668,109,AV,1,0,0,55,1778.835052690156,0.1,-0.22733333333333336,"0.5724386213408877,0.19430752688172037,0.223788328387735,0.1,0.55,0.08554844085078303","0,0,0"
22.916666666666668,205,AV,2,0,0,55,3386.12741774329,0.9,-0.4354166666666667,"0.5724386213408877,0.19430752688172037,0.223788328387735,0.9,0.55,0.16284698273285247","0,0,0"
24.866666666666667,149,AV,1,0,0,67,2446.4664131825853,0.1,-0.27353333333333335,"0.7946845238095236,0.23918927444794957,0.26235788923719955,0.1,0.67,0.11765643302624577","0,0,0"
22.183333333333334,55,AV,2,0,0,46,1020.7360413649084,0.1,-0.2440166666666667,"0.37787759710930446,0.15512191358024696,0.18788762214983717,0.1,0.46,0.04908964253144747","0,0,0"
17.15,257,AV,0,0,0,31,5654.280440205098,0.2,-0.21641142980694172,"0.11135449735449734,0.08655303030303033,0.11825690021231425,0.2,0.31,0.2719278974523786","0,0,0"
23.983333333333334,286,AV,1,0,0,62,11515.391842589095,0.9,-0.45568333333333333,"0.7141403755868546,0.22307868852459012,0.2503647058823529,0.9,0.62,0.5538027915682833","0,0,0"
14.666666666666666,161,AV,2,0,0,35,2648.588416164911,0.9,-0.2786666666666667,"0.1533709377901578,0.09710910910910911,0.13253246753246753,0.9,0.35,0.1273769645564883","0,0,0"
7.266666666666667,270,AV,1,0,0,8,7128.986247371214,0.4,-0.10173333333333333,"0.03645893719806763,0.06327118644067796,0.10171296296296292,0.4,0.08,0.34285003400790975","0,0,0"
22.05,155,AV,1,0,0,57,2520.757475212996,0.3,-0.28665,"0.6166053639846745,0.2046348484848484,0.23437318840579713,0.3,0.57,0.12122926824569963","0,0,0"
