travel_time,id,kind,action,origin,destination,start_time,income,urgency,reward,observation,cost_table
48.85,242,AV,1,0,0,82,5144.150368411208,0.1,-6.345751148911301,"0.0,0.3556316287878788,0.34655952380952376,0.1,0.82,0.2473945197189757","0,0,0"
52.35,205,AV,1,0,0,91,3487.44186130441,0.7,-32.272047224116186,"0.0,0.29921138211382114,0.3343174603174603,0.7,0.91,0.16771943713451876","0,0,0"
53.083333333333336,137,AV,1,0,0,91,2108.868816674547,0.4,-11.307655187051232,"0.0,0.3252157996146435,0.3225769230769231,0.4,0.91,0.10142055552171977","0,0,0"
28.383333333333333,43,AV,1,0,0,35,946.2003450753726,0.6,-4.069139362786261,"0.0,0.3389925093632959,0.3663194444444445,0.6,0.35,0.04550504226418034","0,0,0"
23.066666666666666,244,AV,1,0,0,23,5307.329693361759,0.1,-3.0914748718908562,"0.0,0.315711111111111,0.3121777777777777,0.1,0.23,0.25524220453241103","0,0,0"
52.05,102,AV,1,0,0,91,1628.9397076974285,0.3,-6.423205438306906,"0.15583333333333335,0.3506656862745098,0.30689999999999995,0.3,0.91,0.07833961446998668","0,0,0"
39.233333333333334,123,AV,1,0,0,59,1927.298426803608,0.4,-7.637812283999484,"0.0,0.35417901234567906,0.3852777777777778,0.4,0.59,0.0926884003201249","0,0,0"
47.46666666666667,157,AV,1,0,0,78,2398.572127464108,0.7,-20.125393069496823,"0.0,0.3956591337099812,0.3983846153846154,0.7,0.78,0.11535308204230756","0,0,0"
41.21666666666667,171,AV,1,0,0,65,2750.2432356670683,0.2,-5.725043368522441,"0.0,0.32924712643678156,0.32466666666666666,0.2,0.65,0.13226578845290615","0,0,0"
18.516666666666666,289,AV,1,0,0,13,10426.353459350525,0.1,-4.875285645344458,"0.0,0.30003846153846153,0.35949999999999993,0.1,0.13,0.5014283257223231","0,0,0"
41.25,131,AV,1,0,0,66,2022.4315636845977,0.1,-2.106699545504789,"0.0,0.3285582329317269,0.3303083333333333,0.1,0.66,0.09726358086938654","0,0,0"
40.78333333333333,295,AV,1,0,0,62,14312.770160915026,0.4,-58.96186630262469,"0.0,0.3165160984848484,0.28209523809523807,0.4,0.62,0.6883354191104801","0,0,0"
52.13333333333333,49,AV,1,0,0,93,975.0940381265832,0.2,-2.567419319242384,"0.0,0.33651190476190473,0.3834824561403509,0.2,0.93,0.04689460920981367","0,0,0"
39.06666666666667,231,AV,1,0,0,61,4577.590037133467,0.1,-4.51593899286231,"0.0,0.3209434697855751,0.3565769230769231,0.1,0.61,0.22014727556589106","0,0,0"
22.066666666666666,101,AV,1,0,0,23,1597.8734280578535,0.3,-2.6711924479148963,"0.0,0.36242178770949723,0.36948484848484847,0.3,0.23,0.07684556262848466","0,0,0"
43.21666666666667,193,AV,1,0,0,67,3236.647802754315,0.1,-3.532250737601826,"0.0,0.3320591085271317,0.35692592592592587,0.1,0.67,0.1556581498042776","0,0,0"
30.35,215,AV,1,0,0,40,3882.59008652233,1.0,-29.756719476250684,"0.0,0.3532791411042945,0.3464509803921568,1.0,0.4,0.18672306229989","0,0,0"
24.466666666666665,66,AV,1,0,0,25,1150.2916000513435,0.1,-0.7107020491899716,"0.0,0.3314532908704883,0.35504761904761906,0.1,0.25,0.05532027984231857","0,0,0"
23.516666666666666,48,AV,1,0,0,24,969.457736312404,0.1,-0.5757175361686878,"0.15583333333333335,0.29858127572016463,0.35531111111111113,0.1,0.24,0.04662354594757456","0,0,0"
37.25,59,AV,1,0,0,54,1104.4445206976068,0.7,-7.272320928583358,"0.0,0.3287426900584795,0.3496515151515151,0.7,0.54,0.05311538391880796","0,0,0"
37.6,127,AV,1,0,0,54,1986.5043233563797,0.1,-1.8861758221767648,"0.0,0.3269492337164751,0.3368636363636363,0.1,0.54,0.0955357537785597","0,0,0"
29.683333333333334,67,AV,1,0,0,36,1167.011530479414,0.4,-3.4990699255620137,"0.0,0.32949999999999996,0.35758974358974355,0.4,0.36,0.0561243813676915","0,0,0"
32.11666666666667,217,AV,1,0,0,45,3919.41152379869,0.1,-3.178748319175116,"0.0,0.3244039215686274,0.36754999999999993,0.1,0.45,0.18849389346499082","0,0,0"
43.733333333333334,146,AV,1,0,0,70,2218.7455195521825,0.2,-4.900663504465427,"0.0,0.3496296296296296,0.37848245614035086,0.2,0.7,0.1067047894942801","0,0,0"
43.86666666666667,128,AV,1,0,0,71,1993.780724220221,0.1,-2.20859884938873,"0.0,0.3130397727272727,0.30553571428571424,0.1,0.71,0.09588569333476842","0,0,0"
38.166666666666664,134,AV,1,0,0,59,2043.1688306873104,0.2,-3.9384315002305907,"0.0,0.3323995983935743,0.33929166666666677,0.2,0.59,0.09826088573860729","0,0,0"
48.78333333333333,82,AV,1,0,0,83,1342.087988935639,0.1,-1.6533213567401581,"0.0,0.31706314699792953,0.32565000000000005,0.1,0.83,0.06454422784415724","0,0,0"
33.516666666666666,1,AV,1,0,0,50,449.0833195935783,0.1,-0.38009535172671977,"0.15583333333333335,0.3223531746031746,0.32589393939393946,0.1,0.5,0.021597493115072083","0,0,0"
29.716666666666665,125,AV,1,0,0,36,1942.5668635563816,0.4,-5.830970905254256,"0.0,0.3512064814814815,0.37545,0.4,0.36,0.09342269603599423","0,0,0"
17.483333333333334,153,AV,1,0,0,12,2318.2944376966047,0.7,-7.164661639733236,"0.0,0.3708149171270718,0.3686851851851853,0.7,0.12,0.11149233554738845","0,0,0"
11.783333333333333,94,AV,1,0,0,0,1527.6889462703334,0.7,-3.182042338001633,"0.0,0.37949722222222215,0.3791166666666667,0.7,0.0,0.07347022269476662","0,0,0"
52.7,6,AV,1,0,0,92,508.6019702527906,0.1,-0.6768516119273249,"0.0,0.3223078431372549,0.3417407407407407,0.1,0.92,0.024459887668034006","0,0,0"
34.35,72,AV,1,0,0,48,1261.43865123121,0.7,-7.659417264862235,"0.0,0.33477182539682543,0.34105555555555556,0.7,0.48,0.060665607909257666","0,0,0"
30.283333333333335,232,AV,1,0,0,39,4645.51881630073,0.1,-3.552570576270382,"0.0,0.3241590909090909,0.3238690476190476,0.1,0.39,0.22341413335457028","0,0,0"
17.1,245,AV,1,0,0,4,5354.15698790508,0.2,-4.62404467137257,"0.0,0.3609477911646586,0.3811875,0.2,0.04,0.2574942413535784","0,0,0"
12.0,203,AV,1,0,0,3,3456.1529418207683,0.8,-8.378552586232168,"0.0,0.2869990689013035,0.34201515151515144,0.8,0.03,0.1662146780093356","0,0,0"
52.0,252,AV,1,0,0,91,5825.994272151124,0.5,-38.25147754442657,"0.0,0.33422709551656915,0.33975438596491225,0.5,0.91,0.28018602716107777","0,0,0"
35.43333333333333,70,AV,1,0,0,50,1249.5878531833848,0.6,-6.708645898656252,"0.0,0.36569475655430705,0.3524861111111111,0.6,0.5,0.06009567462944302","0,0,0"
29.7,188,AV,1,0,0,38,3101.095365071405,0.4,-9.303286095214217,"0.0,0.34020440251572326,0.3661041666666667,0.4,0.38,0.14913910821030935","0,0,0"
54.13333333333333,267,AV,1,0,0,96,6995.337061486569,0.1,-9.562649316375579,"0.0,0.3515246212121212,0.3759166666666666,0.1,0.96,0.3364225243542649","0,0,0"
35.06666666666667,266,AV,1,0,0,52,6947.27484286379,0.5,-30.759819590457525,"0.0,0.33652666666666664,0.38614102564102565,0.5,0.52,0.3341110970744898","0,0,0"
22.983333333333334,163,AV,1,0,0,21,2538.843693606908,0.4,-5.894049584989775,"0.0,0.35744970414201177,0.38782539682539685,0.4,0.21,0.12209907783380393","0,0,0"
47.38333333333333,42,AV,1,0,0,78,932.1411738504048,0.4,-4.461409692351348,"0.0,0.343073754789272,0.36355555555555547,0.4,0.78,0.04482890302567631","0,0,0"
37.46666666666667,186,AV,1,0,0,55,3048.604611013583,0.1,-2.884370019174468,"0.0,0.3321059730250481,0.37358333333333343,0.1,0.55,0.14661470204800806","0,0,0"
33.61666666666667,34,AV,1,0,0,49,832.3173438658397,0.1,-0.70655895731372,"0.0,0.33698366013071895,0.3404252873563218,0.1,0.49,0.0400281358033201","0,0,0"
54.46666666666667,265,AV,1,0,0,93,6918.069898529506,0.3,-28.545773268174777,"0.0,0.3536179775280899,0.33720833333333333,0.3,0.93,0.33270656130870674","0,0,0"
27.516666666666666,281,AV,1,0,0,32,8139.327108000771,0.1,-5.655736134389426,"0.0,0.3221282051282051,0.35435964912280693,0.1,0.32,0.39143974738464077","0,0,0"
43.833333333333336,151,AV,1,0,0,70,2294.767722006211,0.3,-7.620251400096383,"0.0,0.3891896551724138,0.38784375,0.3,0.7,0.11036087940556741","0,0,0"
46.11666666666667,209,AV,1,0,0,77,3630.005597296026,0.8,-33.81894103608789,"0.0,0.3433229166666667,0.3349047619047619,0.8,0.77,0.17457566886747292","0,0,0"
21.466666666666665,30,AV,1,0,0,20,814.1496548969513,0.1,-0.441340385314509,"0.0,0.31806827309236946,0.3325714285714285,0.1,0.2,0.039154408100012306","0,0,0"
54.63333333333333,81,AV,1,0,0,96,1338.7213376931895,0.5,-9.234698116494688,"0.0,0.3315861742424242,0.34427272727272723,0.5,0.96,0.06438231751737097","0,0,0"
11.816666666666666,65,AV,1,0,0,2,1148.9174546898266,0.8,-2.742701937289856,"0.0,0.36944857142857146,0.37348888888888887,0.8,0.02,0.05525419389859809","0,0,0"
36.36666666666667,90,AV,1,0,0,54,1467.6871321740252,0.1,-1.347850724917392,"0.0,0.3074161904761905,0.33114444444444446,0.1,0.54,0.07058459165416232","0,0,0"
23.016666666666666,277,AV,1,0,0,22,7912.643587116454,0.1,-4.59905757315144,"0.0,0.3599702380952381,0.34644871794871795,0.1,0.22,0.38053799359420826","0,0,0"
15.45,118,AV,1,0,0,7,1830.3424648913517,0.3,-2.142332657770559,"0.0,0.3343974358974359,0.33475,0.3,0.07,0.08802555574651609","0,0,0"
27.366666666666667,201,AV,1,0,0,33,3393.6426315430986,0.5,-11.726349328690588,"0.21966666666666665,0.3918892215568863,0.3634027777777778,0.5,0.33,0.1632084073754924","0,0,0"
31.75,89,AV,1,0,0,44,1457.5875839824732,0.4,-4.6745864435801545,"0.0,0.37469062500000005,0.35548484848484846,0.4,0.44,0.07009888017699192","0,0,0"
33.38333333333333,162,AV,1,0,0,50,2530.9644311939346,0.3,-6.400911307678599,"0.0,0.3725967432950192,0.36912121212121213,0.3,0.5,0.12172014522087579","0,0,0"
36.06666666666667,185,AV,1,0,0,53,3046.5766145774583,0.2,-5.549488042041769,"0.0,0.3568381502890173,0.3626274509803922,0.2,0.53,0.14651717083908622","0,0,0"
16.616666666666667,228,AV,1,0,0,8,4559.760277629775,0.1,-1.913333752860642,"0.0,0.3478077651515152,0.3582424242424242,0.1,0.08,0.21928979970044837","0,0,0"
50.266666666666666,275,AV,1,0,0,85,7658.5640246764915,1.0,-97.2147689327622,"0.0,0.3263907721280602,0.3468888888888889,1.0,0.85,0.3683186985078447","0,0,0"
15.633333333333333,256,AV,1,0,0,5,6007.794801579103,0.3,-7.115292328132826,"0.0,0.31783832335329343,0.3391666666666667,0.3,0.05,0.2889292503255245","0,0,0"
27.316666666666666,111,AV,1,0,0,34,1783.933402668827,0.3,-3.6917510694118776,"0.0,0.2771580952380953,0.31209999999999993,0.3,0.34,0.0857936327199939","0,0,0"
35.166666666666664,95,AV,1,0,0,53,1530.6528609905624,0.4,-5.437167570185331,"0.0,0.32265543071161046,0.34615277777777775,0.4,0.53,0.07361276445699849","0,0,0"
28.033333333333335,258,AV,1,0,0,34,6081.635477498837,0.4,-17.221062076015226,"0.21966666666666665,0.3188901734104046,0.34725641025641024,0.4,0.34,0.29248042539751784","0,0,0"
15.116666666666667,191,AV,1,0,0,4,3159.4556453821087,0.4,-4.824286650440358,"0.21716666666666665,0.3403482142857143,0.3545079365079365,0.4,0.04,0.15194579395705407","0,0,0"
37.15,16,AV,2,0,0,42,626.2908344343901,0.8,-4.700344343280322,"0.21716666666666665,0.3095101010101009,0.3538148148148148,0.8,0.42,0.03011982720037529","0,0,0"
39.28333333333333,97,AV,1,0,0,62,1541.4014724042315,0.4,-6.116301802115781,"0.0,0.3467787356321839,0.33737500000000004,0.4,0.62,0.07412969094006937","0,0,0"
38.8,161,AV,1,0,0,59,2472.005569054355,0.2,-4.844132125217625,"0.21966666666666665,0.3569268292682927,0.3711825396825396,0.2,0.59,0.11888467223941558","0,0,0"
27.3,279,AV,1,0,0,29,8011.326014866212,0.3,-16.5688788034733,"0.0,0.3387111111111111,0.35416666666666674,0.3,0.29,0.385283868047601","0,0,0"
31.3,5,AV,1,0,0,41,497.26542980048754,0.2,-0.7860812097351141,"0.0,0.29394032921810703,0.32493518518518527,0.2,0.41,0.023914686268460907","0,0,0"
44.5,38,AV,1,0,0,68,863.3540159882258,1.0,-9.701831745322233,"0.0,0.3648404040404041,0.3873222222222223,1.0,0.68,0.04152076374836295","0,0,0"
24.316666666666666,87,AV,1,0,0,25,1447.5744631551047,0.3,-2.666680734524366,"0.0,0.3325948275862069,0.3408809523809524,0.3,0.25,0.06961732519889745","0,0,0"
28.083333333333332,46,AV,1,0,0,34,961.7772661313056,0.2,-1.364136947332702,"0.0,0.35250098619329395,0.33169444444444446,0.2,0.34,0.04625417372950396","0,0,0"
36.1,147,AV,1,0,0,54,2241.037238818388,0.2,-4.085931531381,"0.0,0.34788323917137476,0.37746153846153846,0.2,0.54,0.10777685169826198","0,0,0"
51.21666666666667,216,AV,1,0,0,89,3898.759045987068,0.4,-20.16984267393647,"0.0,0.3778508771929824,0.374140350877193,0.4,0.89,0.18750066631117593","0,0,0"
41.45,13,AV,1,0,0,65,591.6693204447811,1.0,-6.193104376877823,"0.0,0.38206321839080465,0.37233333333333335,1.0,0.65,0.028454795618483852","0,0,0"
33.13333333333333,17,AV,1,0,0,48,627.4062491148882,0.1,-0.5249510198823223,"0.15583333333333335,0.3505357941834452,0.35624999999999996,0.1,0.48,0.03017347016557005","0,0,0"
26.916666666666668,229,AV,1,0,0,27,4569.840806868062,0.1,-3.1061838817726937,"0.0,0.30265226337448564,0.3172941176470589,0.1,0.27,0.21977459651057532","0,0,0"
47.333333333333336,292,AV,1,0,0,81,11515.391842589095,0.3,-41.29256670827403,"0.0,0.3423456032719836,0.32607843137254894,0.3,0.81,0.5538027915682833","0,0,0"
42.61666666666667,62,AV,2,0,0,82,1122.7546975855585,0.2,-2.416568823001913,"0.0,0.3239788053949904,0.3584705882352941,0.2,0.82,0.05399596420763093","0,0,0"
18.733333333333334,106,AV,1,0,0,13,1691.6338586686718,0.2,-1.600502068302683,"0.0,0.3055159176029963,0.3571666666666667,0.2,0.13,0.08135472644337755","0,0,0"
27.716666666666665,159,AV,1,0,0,28,2411.397471856681,0.1,-1.6877752507145034,"0.0,0.33838241308793465,0.33449122807017545,0.1,0.28,0.11596988359144483","0,0,0"
49.266666666666666,50,AV,1,0,0,84,1011.0784796502788,0.1,-1.2578905664335962,"0.0,0.3207455621301775,0.3146666666666667,0.1,0.84,0.04862518724321976","0,0,0"
54.43333333333333,51,AV,1,0,0,94,1014.5614647146556,0.4,-5.578380039996743,"0.0,0.33254930966469426,0.29345454545454547,0.4,0.94,0.04879269234230884","0,0,0"
28.966666666666665,276,AV,1,0,0,36,7864.29237148983,0.2,-11.505168469401788,"0.0,0.3413575581395349,0.350212962962963,0.2,0.36,0.37821266775590623","0,0,0"
55.53333333333333,144,AV,1,0,0,97,2212.8825544422834,0.2,-6.20650224865462,"0.0,0.3612724719101123,0.37786111111111104,0.2,0.97,0.1064228254509272","0,0,0"
54.86666666666667,213,AV,1,0,0,98,3822.7735841463273,0.2,-10.593072928459353,"0.0,0.3448582834331338,0.3465087719298245,0.2,0.98,0.18384634334403438","0,0,0"
34.0,10,AV,1,0,0,51,541.9839687696077,0.4,-1.8613590846632992,"0.15583333333333335,0.34312026515151506,0.38344871794871793,0.4,0.51,0.026065307980208553","0,0,0"
31.8,19,AV,1,0,0,43,658.4091024775607,0.2,-1.057444922160931,"0.30033333333333334,0.32838585858585856,0.3322698412698412,0.2,0.43,0.03166447168540803","0,0,0"
38.28333333333333,167,AV,1,0,0,58,2629.980017260476,0.3,-7.6276061864233755,"0.0,0.31952352941176465,0.3481666666666667,0.3,0.58,0.12648204205617194","0,0,0"
53.63333333333333,183,AV,1,0,0,95,3017.17067826153,0.4,-16.34554754654142,"0.0,0.3298005617977528,0.35891666666666666,0.4,0.95,0.14510296888720728","0,0,0"
46.75,224,AV,1,0,0,80,4135.471393234625,0.1,-4.882153728124211,"0.0,0.33062596899224805,0.34757407407407404,0.1,0.8,0.198884730396563","0,0,0"
31.233333333333334,233,AV,1,0,0,43,4687.914961676448,0.5,-18.487274070247608,"0.0,0.3487768199233716,0.36148958333333325,0.5,0.43,0.22545306559254863","0,0,0"
26.25,274,AV,2,0,0,25,7572.106998522375,0.2,-10.038778217737997,"0.0,0.33413789682539685,0.3453055555555556,0.2,0.25,0.3641607729166582","0,0,0"
41.11666666666667,290,AV,1,0,0,61,10783.100237376317,0.2,-22.392178691588697,"0.0,0.35004375,0.3637916666666667,0.2,0.61,0.518585133259083","0,0,0"
21.85,296,AV,1,0,0,17,14505.369879802229,0.2,-16.00718847846862,"0.0,0.3420867446393763,0.34920175438596496,0.2,0.17,0.6975980011774241","0,0,0"
24.483333333333334,236,AV,1,0,0,27,4843.3187157075145,0.6,-17.96675553882409,"0.0,0.35148476190476197,0.3519555555555555,0.6,0.27,0.2329268045654853","0,0,0"
46.833333333333336,178,AV,1,0,0,79,2927.9701715656583,0.2,-6.925586011868267,"0.0,0.2973343373493977,0.3470357142857143,0.2,0.79,0.14081310274172557","0,0,0"
36.86666666666667,117,AV,1,0,0,52,1824.367004680513,0.2,-3.3968853656172517,"0.30033333333333334,0.3809310344827586,0.36388888888888893,0.2,0.52,0.08773818154415255","0,0,0"
20.866666666666667,53,AV,1,0,0,17,1020.5842314575186,0.3,-1.6133478002333497,"0.0,0.34398501872659176,0.3746212121212122,0.3,0.17,0.04908234162917255","0,0,0"
16.483333333333334,31,AV,1,0,0,6,818.0604611907775,1.0,-3.405142239552521,"0.0,0.3342928709055877,0.3672166666666667,1.0,0.06,0.03934248814734457","0,0,0"
47.21666666666667,170,AV,1,0,0,75,2744.255474143275,0.1,-3.2720857568383415,"0.0,0.31748373983739847,0.32819047619047625,0.1,0.75,0.13197782265092123","0,0,0"
20.233333333333334,20,AV,1,0,0,15,670.158540600369,0.2,-0.6848253100074478,"0.0,0.35067441860465115,0.37715740740740744,0.2,0.15,0.032229530323508795","0,0,0"
40.06666666666667,44,AV,1,0,0,61,950.4213588862824,0.2,-1.9232432211806592,"0.0,0.3193790476190477,0.2881794871794872,0.2,0.61,0.04570804093445438","0,0,0"
51.56666666666667,142,AV,1,0,0,87,2187.718469250836,0.6,-17.092931676419408,"0.0,0.2932809523809524,0.3362,0.6,0.87,0.10521262428567076","0,0,0"
22.75,165,AV,1,0,0,21,2574.4307659940623,0.3,-4.436992418664008,"0.0,0.31936181434599153,0.3444583333333333,0.3,0.21,0.12381054543309646","0,0,0"
47.733333333333334,155,AV,1,0,0,83,2344.9936519099742,0.7,-19.786377413085503,"0.0,0.3279760536398468,0.3529375,0.7,0.83,0.11277636474640867","0,0,0"
24.333333333333332,158,AV,1,0,0,26,2401.1770329784995,0.4,-5.9018829430111275,"0.30033333333333334,0.35329861111111116,0.35812820512820515,0.4,0.26,0.11547835819142706","0,0,0"
15.883333333333333,63,AV,1,0,0,1,1141.0395517097602,0.7,-3.2036510309157453,"0.0,0.3736005747126437,0.3813333333333333,0.7,0.01,0.054875326664056465","0,0,0"
48.53333333333333,206,AV,1,0,0,81,3583.4963710051925,0.2,-8.783789084484109,"0.0,0.3082630522088353,0.3196,0.2,0.81,0.17233892871085194","0,0,0"
15.066666666666666,202,AV,1,0,0,2,3414.9419898187493,0.7,-9.095013851672158,"0.0,0.271293172690763,0.31981944444444443,0.7,0.02,0.1642327445611401","0,0,0"
26.566666666666666,55,AV,1,0,0,31,1025.7249596144625,0.1,-0.6881336639837766,"0.15583333333333335,0.35843353783231086,0.4125984848484848,0.1,0.31,0.049329571566540366","0,0,0"
51.56666666666667,280,AV,1,0,0,90,8134.997760071039,0.4,-42.373203820976094,"0.0,0.3148176100628931,0.34713725490196073,0.4,0.9,0.39123153866695837","0,0,0"
38.03333333333333,288,AV,1,0,0,56,9667.367812467324,0.1,-9.284904607765336,"0.0,0.3628549019607843,0.37126666666666674,0.1,0.56,0.46492688697408946","0,0,0"
13.766666666666667,8,AV,1,0,0,2,522.2875039790788,0.4,-0.7262785829742747,"0.0,0.385927374301676,0.36907575757575756,0.4,0.02,0.025118057783764625","0,0,0"
55.333333333333336,47,AV,1,0,0,99,968.7072844723906,0.1,-1.3535808857105796,"0.21966666666666665,0.3329388560157791,0.3421145833333334,0.1,0.99,0.04658745492005087","0,0,0"
27.066666666666666,41,AV,1,0,0,32,932.0432837729122,0.4,-2.5482126142208914,"0.0,0.3036666666666666,0.3165686274509804,0.4,0.32,0.04482419525724574","0,0,0"
29.216666666666665,293,AV,1,0,0,38,11940.25564443948,0.2,-17.618912579715833,"0.0,0.3217267441860465,0.3327314814814815,0.2,0.38,0.5742355100304415","0,0,0"
18.666666666666668,211,AV,1,0,0,11,3773.073658575576,0.3,-5.335659719197785,"0.0,0.25316666666666665,0.3215777777777778,0.3,0.11,0.18145615481219285","0,0,0"
43.75,143,AV,1,0,0,69,2187.907521251699,0.7,-16.920370666245777,"0.15583333333333335,0.368110101010101,0.3433214285714286,0.7,0.69,0.10522171624947545","0,0,0"
13.25,109,AV,1,0,0,1,1778.835052690156,0.2,-1.1903820428355842,"0.0,0.3189857954545454,0.31244047619047616,0.2,0.01,0.08554844085078303","0,0,0"
44.21666666666667,298,AV,1,0,0,73,17322.90883950548,0.4,-77.36982685388558,"0.0,0.29618082788671024,0.31879166666666664,0.4,0.73,0.833100202280572","0,0,0"
49.65,113,AV,1,0,0,87,1797.659883656486,0.1,-2.2538841723117304,"0.30033333333333334,0.3223690476190476,0.3447222222222222,0.1,0.87,0.08645377208765831","0,0,0"
30.533333333333335,57,AV,2,0,0,39,1089.3140785512585,0.3,-2.519726504931699,"0.0,0.3449842592592593,0.3796333333333334,0.3,0.39,0.052387724694280345","0,0,0"
41.68333333333333,85,AV,1,0,0,67,1386.7650627050614,0.1,-1.4597219788827267,"0.0,0.29995734126984125,0.33911363636363634,0.1,0.67,0.06669285539507566","0,0,0"
50.45,54,AV,1,0,0,86,1020.7360413649084,0.2,-2.600814812467658,"0.0,0.3263460038986355,0.31815789473684214,0.2,0.86,0.04908964253144747","0,0,0"
20.883333333333333,133,AV,1,0,0,19,2033.019749384408,0.4,-4.28850798986307,"0.0,0.4058990476190476,0.35413333333333336,0.4,0.19,0.0977727920954007","0,0,0"
21.033333333333335,86,AV,1,0,0,20,1404.912317929139,1.0,-7.4621184563407965,"0.0,0.30057803468208094,0.3324848484848485,1.0,0.2,0.06756560039062387","0,0,0"
33.2,9,AV,1,0,0,49,539.5213747330826,0.1,-0.452326001038847,"0.0,0.3254718749999999,0.3478974358974359,0.1,0.49,0.025946875931124203","0,0,0"
40.43333333333333,149,AV,1,0,0,64,2283.7291705859197,0.2,-4.663574888755423,"0.0,0.38213080168776364,0.36761904761904757,0.2,0.64,0.10983000901270609","0,0,0"
30.316666666666666,198,AV,1,0,0,40,3352.9358316496982,0.2,-5.133830200143772,"0.30033333333333334,0.3083639053254437,0.30321296296296296,0.2,0.4,0.16125071981045438","0,0,0"
43.96666666666667,299,AV,1,0,0,71,20793.30768626012,0.2,-46.172344845415985,"0.0,0.32563793103448285,0.3659375,0.2,0.71,1.0","0,0,0"
43.11666666666667,150,AV,2,0,0,87,2293.603195459698,0.1,-2.4972859708140738,"0.0,0.3552965009208103,0.30037037037037034,0.1,0.87,0.11030487453303418","0,0,0"
21.416666666666668,294,AV,1,0,0,21,13351.937436366714,0.6,-43.326362640735425,"0.0,0.2774736346516008,0.2976025641025641,0.6,0.21,0.6421266706493964","0,0,0"
45.083333333333336,249,AV,1,0,0,75,5702.891177591027,0.1,-6.492559189976316,"0.0,0.32486434108527135,0.33536363636363636,0.1,0.75,0.27426570431405706","0,0,0"
32.65,23,AV,1,0,0,47,736.5379020629116,0.3,-1.821815341087429,"0.0,0.3011922348484848,0.32702380952380955,0.3,0.47,0.03542187290142414","0,0,0"
17.9,75,AV,1,0,0,10,1275.9312017726234,0.2,-1.1534933591782806,"0.0,0.2996070707070707,0.36380208333333336,0.2,0.1,0.06136258939772906","0,0,0"
36.13333333333333,237,AV,1,0,0,50,4959.361066312568,0.4,-18.100832982770452,"0.0,0.3204152215799615,0.38132352941176473,0.4,0.5,0.23850755931388606","0,0,0"
45.516666666666666,271,AV,1,0,0,78,7128.986247371214,0.2,-16.388267206709415,"0.0,0.3271534552845528,0.37806060606060604,0.2,0.78,0.34285003400790975","0,0,0"
30.3,221,AV,1,0,0,36,4034.238052294327,0.1,-3.086803358194902,"0.0,0.3212713178294574,0.33482407407407405,0.1,0.36,0.19401617641430308","0,0,0"
15.283333333333333,148,AV,1,0,0,6,2260.56382504795,0.1,-0.8724482439263342,"0.0,0.37019015659955257,0.36958333333333326,0.1,0.06,0.10871593202757703","0,0,0"
41.35,285,AV,1,0,0,62,8981.750106371177,0.2,-18.75734176254789,"0.0,0.33205828220858896,0.32734313725490194,0.2,0.62,0.4319538883323586","0,0,0"
45.55,84,AV,1,0,0,73,1373.5659577718477,0.3,-4.739843134583913,"0.30033333333333334,0.3466045197740113,0.3403472222222222,0.3,0.73,0.0660580788057822","0,0,0"
41.88333333333333,14,AV,1,0,0,67,601.3137559373858,0.4,-2.543941866448907,"0.0,0.297250566893424,0.3480869565217391,0.4,0.67,0.028918619635236016","0,0,0"
42.75,7,AV,1,0,0,64,513.3463032142733,0.3,-1.6625420047280441,"0.20283333333333334,0.34286764705882355,0.33810526315789474,0.3,0.64,0.024688054010448962","0,0,0"
50.75,189,AV,1,0,0,87,3119.7161673652217,0.2,-7.9962421966558095,"0.0,0.3426190476190476,0.3662111111111111,0.2,0.87,0.1500346272193471","0,0,0"
34.766666666666666,283,AV,1,0,0,50,8480.737499651503,0.1,-7.4456306499465645,"0.0,0.3011849593495935,0.34561904761904766,0.1,0.5,0.407858991345347","0,0,0"
43.35,250,AV,1,0,0,70,5807.233742044462,0.2,-12.714322359476135,"0.30033333333333334,0.365612526539278,0.39323484848484846,0.2,0.7,0.27928378830664774","0,0,0"
50.93333333333333,130,AV,1,0,0,86,2011.9739719035176,0.4,-10.351165754439645,"0.0,0.35742395833333335,0.37785714285714284,0.4,0.86,0.09676065021790628","0,0,0"
19.25,154,AV,1,0,0,18,2335.4036410281064,1.0,-11.352656588331074,"0.0,0.33679705882352934,0.38866666666666666,1.0,0.18,0.1123151581396212","0,0,0"
44.9,129,AV,1,0,0,73,2010.868248891871,0.4,-9.11999842174192,"0.20283333333333334,0.3746091954022988,0.39138888888888895,0.4,0.73,0.0967074733482937","0,0,0"
15.433333333333334,227,AV,1,0,0,5,4547.885280126284,0.1,-1.7724502396451765,"0.0,0.35455089820359276,0.3603846153846154,0.1,0.05,0.2187187026108142","0,0,0"
53.13333333333333,145,AV,1,0,0,92,2218.0502812558643,0.1,-2.9760708319207474,"0.0,0.3691536926147704,0.3481739130434783,0.1,0.92,0.10667135381839783","0,0,0"
21.95,40,AV,1,0,0,19,914.1934345695068,0.1,-0.5067309567878958,"0.0,0.3370222222222223,0.34881372549019607,0.1,0.19,0.04396575322999674","0,0,0"
37.833333333333336,255,AV,1,0,0,57,5911.733280178027,0.2,-11.295988675087644,"0.0,0.3433454376163874,0.37133333333333335,0.2,0.57,0.28430942153971994","0,0,0"
37.916666666666664,297,AV,1,0,0,55,15387.119225735782,0.2,-29.466074274872813,"0.0,0.34834086629001887,0.37015384615384617,0.2,0.55,0.7400034404292175","0,0,0"
55.916666666666664,168,AV,1,0,0,100,2675.3892374750885,0.3,-11.333246075415305,"0.0,0.32454331450094165,0.3333461538461539,0.3,1.0,0.1286658802843062","0,0,0"
28.333333333333332,257,AV,1,0,0,34,6020.57275324985,0.1,-4.307648855439708,"0.21716666666666665,0.37129960317460314,0.36154629629629625,0.1,0.34,0.2895437726450875","0,0,0"
34.6,99,AV,2,0,0,34,1564.487892525026,0.4,-5.467806169834939,"0.0,0.30977345309381243,0.3410641025641025,0.4,0.34,0.07523997221273333","0,0,0"
39.18333333333333,223,AV,2,0,0,76,4113.319853961603,0.1,-4.07003997334332,"0.0,0.33934952380952377,0.3371222222222222,0.1,0.76,0.19781940978440954","0,0,0"
27.533333333333335,212,AV,2,0,0,9,3783.636689084741,0.3,-7.89213107369696,"0.0,0.3828510848126232,0.3582000000000001,0.3,0.09,0.18196415626480184","0,0,0"
17.066666666666666,225,AV,1,0,0,13,4237.057085974603,0.1,-1.8260717407567313,"0.0,0.31642261904761904,0.3334375,0.1,0.13,0.20377022982131804","0,0,0"
15.183333333333334,69,AV,1,0,0,3,1244.4027248274256,0.4,-1.9085031688851597,"0.0,0.3104244186046512,0.33659259259259255,0.4,0.03,0.05984630938009477","0,0,0"
32.86666666666667,268,AV,1,0,0,45,7006.371100745904,0.2,-11.630104217736468,"0.0,0.3338333333333333,0.3491777777777778,0.2,0.45,0.33695317774649197","0,0,0"
16.216666666666665,108,AV,1,0,0,6,1751.9448432672848,0.3,-2.152326177397813,"0.0,0.3124246031746032,0.30137878787878786,0.3,0.06,0.0842552262343976","0,0,0"
54.68333333333333,22,AV,1,0,0,97,727.2326469992182,0.1,-1.004229930473247,"0.0,0.3318651685393259,0.3530694444444444,0.1,0.97,0.034974360884380204","0,0,0"
24.416666666666668,33,AV,1,0,0,25,825.4433072334436,0.2,-1.0179077820681777,"0.0,0.28874105461393607,0.30896153846153845,0.2,0.25,0.039697546907310144","0,0,0"
36.166666666666664,181,AV,1,0,0,52,2964.6777926145683,0.3,-8.122917689360621,"0.0,0.3152532956685499,0.33617948717948715,0.3,0.52,0.14257846021167567","0,0,0"
28.633333333333333,160,AV,2,0,0,20,2421.0391237858234,0.1,-1.7505661677878976,"0.0,0.337176406926407,0.34938596491228074,0.1,0.2,0.11643357373995898","0,0,0"
37.016666666666666,287,AV,1,0,0,53,9030.678864893336,0.1,-8.44155629584516,"0.0,0.30099176954732515,0.3345686274509804,0.1,0.53,0.4343069895926497","0,0,0"
18.3,234,AV,1,0,0,15,4689.4303597647895,0.2,-4.334170484025033,"0.0,0.3047160852713179,0.3486851851851852,0.2,0.15,0.22552594471842924","0,0,0"
26.616666666666667,284,AV,1,0,0,27,8493.635575370567,0.1,-5.708895628731816,"0.0,0.31849526515151516,0.32845238095238094,0.1,0.27,0.40847929071828354","0,0,0"
11.833333333333334,196,AV,1,0,0,3,3278.222126324269,0.2,-1.9592068263385785,"0.0,0.3156960227272727,0.3347142857142857,0.2,0.03,0.1576575586620336","0,0,0"
37.88333333333333,77,AV,1,0,0,55,1291.2118623687816,0.1,-1.2352376107593603,"0.21716666666666665,0.33394256120527305,0.3547222222222222,0.1,0.55,0.062097472987522495","0,0,0"
27.483333333333334,166,AV,1,0,0,30,2580.565825479665,0.1,-1.7909735042996497,"0.0,0.33708488612836446,0.38250925925925927,0.1,0.3,0.12410559514707999","0,0,0"
18.883333333333333,197,AV,1,0,0,15,3301.717979419838,0.5,-7.87215166389452,"0.0,0.29384930139720555,0.3399333333333333,0.5,0.15,0.15878753054770403","0,0,0"
49.9,107,AV,1,0,0,85,1717.0377309640771,0.2,-4.32728195833876,"0.0,0.32790490797546007,0.3540784313725491,0.2,0.85,0.08257645954513855","0,0,0"
43.25,140,AV,1,0,0,67,2137.1188228190404,0.8,-18.672805876146164,"0.0,0.3184176245210727,0.3524583333333333,0.8,0.67,0.10277916602134513","0,0,0"
20.1,71,AV,1,0,0,14,1260.6549751070208,0.1,-0.639877904031594,"0.0,0.3689269662921349,0.3758194444444445,0.1,0.14,0.06062791904628244","0,0,0"
29.1,60,AV,1,0,0,37,1111.987968807459,0.1,-0.8171426740479056,"0.0,0.3350784883720931,0.3509444444444445,0.1,0.37,0.05347816641708441","0,0,0"
22.0,192,AV,1,0,0,21,3227.056348793521,0.4,-7.171236330652269,"0.0,0.3169299242424242,0.3505833333333333,0.4,0.21,0.1551968737963661","0,0,0"
44.9,88,AV,1,0,0,73,1454.957177165027,0.1,-1.6496862943108512,"0.0,0.32829961464354523,0.30023809523809525,0.1,0.73,0.06997237760909195","0,0,0"
30.266666666666666,83,AV,1,0,0,38,1348.5865378412918,0.1,-1.030737858888799,"0.0,0.2956194605009633,0.362576923076923,0.1,0.38,0.06485675863549194","0,0,0"
25.5,173,AV,2,0,0,18,2758.442965787371,0.2,-3.552540183211008,"0.0,0.3511889534883721,0.35557407407407404,0.2,0.18,0.13266013312591463","0,0,0"
22.983333333333334,135,AV,1,0,0,22,2088.64210540395,0.2,-2.4244423092188954,"0.0,0.3104878048780488,0.33925000000000005,0.2,0.22,0.10044780450125744","0,0,0"
37.06666666666667,78,AV,2,0,0,62,1291.7462447339112,0.5,-6.0455463979129185,"0.0,0.3534066666666667,0.38596666666666674,0.5,0.62,0.0621231727161656","0,0,0"
54.68333333333333,243,AV,1,0,0,98,5158.4050556257225,0.1,-7.1232015940690205,"0.0,0.24858080808080807,0.3033823529411765,0.1,0.98,0.24808006178999184","0,0,0"
34.95,172,AV,1,0,0,51,2753.3979495063454,0.4,-9.720329124772402,"0.0,0.3249137254901961,0.3605208333333333,0.4,0.51,0.13241750620204337","0,0,0"
18.9,139,AV,1,0,0,15,2131.3254046090938,0.1,-1.017223488563431,"0.20283333333333334,0.3059369114877589,0.34233333333333327,0.1,0.15,0.10250054665508744","0,0,0"
38.266666666666666,120,AV,2,0,0,52,1848.7234685638712,0.4,-7.145907548522977,"0.15583333333333335,0.3683709055876686,0.3848125,0.4,0.52,0.08890954226515282","0,0,0"
20.5,68,AV,1,0,0,16,1200.7903182940884,0.2,-1.2432425012640813,"0.0,0.35071067415730334,0.3274305555555555,0.2,0.16,0.057748884228147654","0,0,0"
46.266666666666666,26,AV,1,0,0,74,783.6834518391023,0.5,-4.578083464447281,"0.0,0.30671267893660525,0.30825490196078437,0.5,0.74,0.037689215379472674","0,0,0"
40.333333333333336,45,AV,1,0,0,64,954.0002559944874,0.2,-1.9433338548035857,"0.21716666666666665,0.35832471264367827,0.3543333333333333,0.2,0.64,0.045880158673594545","0,0,0"
37.233333333333334,169,AV,1,0,0,55,2722.266725979925,0.5,-12.797861670536937,"0.0,0.2703391136801541,0.32312745098039214,0.5,0.55,0.13092033105337805","0,0,0"
24.916666666666668,273,AV,1,0,0,30,7332.887514065835,0.2,-9.227834034956587,"0.0,0.31388123752495006,0.34979166666666667,0.2,0.3,0.3526561345942708","0,0,0"
26.566666666666666,184,AV,1,0,0,28,3024.224513765153,0.2,-4.057755786987924,"0.0,0.3379722222222222,0.3247395833333333,0.2,0.28,0.1454422047418416","0,0,0"
48.46666666666667,58,AV,1,0,0,84,1100.389953660579,0.2,-2.6935471256270747,"0.0,0.2660295238095238,0.31101190476190477,0.2,0.84,0.052920390072797266","0,0,0"
45.06666666666667,286,AV,1,0,0,72,8987.822610831106,0.8,-81.8285263962536,"0.0,0.33925438596491225,0.3497685185185185,0.8,0.72,0.4322459296252377","0,0,0"
33.96666666666667,12,AV,1,0,0,45,572.7967315704935,1.0,-4.913130214396742,"0.0,0.2707619047619048,0.35613157894736847,1.0,0.45,0.027547167589358008","0,0,0"
15.1,259,AV,1,0,0,1,6130.868263041086,1.0,-23.37780575048495,"0.0,0.3374171428571428,0.31829761904761905,1.0,0.01,0.29484814804583803","0,0,0"
32.96666666666667,218,AV,1,0,0,46,3942.222625638348,0.3,-9.84560145645537,"0.0,0.32922595078299766,0.34048809523809526,0.3,0.46,0.18959093402168548","0,0,0"
15.316666666666666,291,AV,1,0,0,1,10838.007207066395,0.1,-4.191973326302196,"0.0,0.34460335195530717,0.38851851851851854,0.1,0.01,0.5212257410218565","0,0,0"
43.983333333333334,156,AV,1,0,0,71,2360.1328348572283,0.1,-2.6213764946078397,"0.0,0.32824019607843125,0.3452833333333334,0.1,0.71,0.11350444433700012","0,0,0"
50.45,104,AV,1,0,0,89,1664.0464513081895,0.2,-4.23995674083324,"0.0,0.337369918699187,0.3731041666666667,0.2,0.89,0.08002798190726358","0,0,0"
13.916666666666666,254,AV,1,0,0,4,5899.132481879994,0.1,-2.073137888202776,"0.0,0.3414490740740741,0.34636666666666666,0.1,0.04,0.2837034189504176","0,0,0"
24.55,114,AV,1,0,0,27,1799.695682844959,0.4,-4.462881718570076,"0.0,0.3195285087719298,0.3479090909090909,0.4,0.27,0.0865516785496407","0,0,0"
29.116666666666667,132,AV,1,0,0,32,2030.86588445069,0.1,-1.4932334596529273,"0.20283333333333334,0.3406577380952382,0.3596228070175439,0.1,0.32,0.09766920756877238","0,0,0"
28.3,164,AV,1,0,0,33,2563.744074524839,0.4,-7.328682556469994,"0.0,0.3505753968253969,0.36036363636363633,0.4,0.33,0.1232965968285517","0,0,0"
56.166666666666664,214,AV,1,0,0,99,3824.993837156676,0.1,-5.425180652869528,"0.0,0.3437594810379242,0.35120512820512817,0.1,0.99,0.18395312063237393","0,0,0"
43.15,3,AV,1,0,0,68,473.5024380788758,0.1,-0.5159502576541286,"0.21966666666666665,0.32807442348008387,0.3851555555555556,0.1,0.68,0.022771867046038015","0,0,0"
16.683333333333334,115,AV,1,0,0,7,1809.16611953512,0.4,-3.048779942179554,"0.0,0.32530368098159507,0.3386470588235294,0.4,0.07,0.08700713454697676","0,0,0"
40.483333333333334,138,AV,1,0,0,62,2123.4400354784907,0.1,-2.1708063325661846,"0.21716666666666665,0.3540284552845528,0.35644927536231885,0.1,0.62,0.1021213203554731","0,0,0"
21.9,240,AV,1,0,0,15,5009.92015912814,0.7,-19.39446364632181,"0.0,0.3495457142857143,0.3471222222222222,0.7,0.15,0.24093906725761643","0,0,0"
15.083333333333334,246,AV,1,0,0,4,5480.041794665195,0.3,-6.261916444661618,"0.0,0.2903628048780488,0.3369027777777777,0.3,0.04,0.26354834340696637","0,0,0"
50.666666666666664,36,AV,1,0,0,91,854.5785374972068,0.3,-3.2802004469589754,"0.0,0.3431760828625235,0.34696153846153843,0.3,0.91,0.04109872995636468","0,0,0"
40.38333333333333,2,AV,1,0,0,62,457.16351791608827,0.7,-3.263447149568507,"0.0,0.3312319688109161,0.34299999999999997,0.7,0.62,0.021986089217454062","0,0,0"
48.9,174,AV,1,0,0,85,2838.632091159661,1.0,-35.05280536810793,"0.0,0.29385019841269844,0.31573611111111105,1.0,0.85,0.13651662034681394","0,0,0"
24.016666666666666,24,AV,1,0,0,23,741.34301771214,1.0,-4.496108116680108,"0.0,0.3051837121212121,0.33891666666666664,1.0,0.23,0.03565296242896494","0,0,0"
40.03333333333333,21,AV,1,0,0,59,699.2977112166509,0.2,-1.4138999177966292,"0.21966666666666665,0.2843865877712031,0.3360641025641026,0.2,0.59,0.03363090287355943","0,0,0"
43.18333333333333,25,AV,2,0,0,94,763.1985099142711,0.1,-0.8322589811396787,"0.21966666666666665,0.30976078431372545,0.3349035087719298,0.1,0.94,0.03670404542797105","0,0,0"
47.31666666666667,238,AV,1,0,0,80,4967.653125719208,0.1,-5.935676441042438,"0.0,0.3836424242424243,0.3516888888888889,0.1,0.8,0.2389063443235514","0,0,0"
11.783333333333333,121,AV,1,0,0,1,1885.557658153182,0.3,-1.6831935155483584,"0.0,0.29775185185185177,0.34295000000000003,0.3,0.01,0.09068098671954573","0,0,0"
25.316666666666666,182,AV,2,0,0,2,2991.769966736588,0.2,-3.825335504606799,"0.0,0.29222156862745097,0.316938596491228,0.2,0.02,0.143881387794473","0,0,0"
51.983333333333334,226,AV,1,0,0,90,4434.023444374438,0.1,-5.820588856483113,"0.0,0.3177892473118279,0.34355555555555545,0.1,0.9,0.2132428140475394","0,0,0"
16.9,35,AV,1,0,0,10,849.0657401736111,0.2,-0.7247076267138397,"0.0,0.36882347140039434,0.36461458333333335,0.2,0.1,0.040833606321069346","0,0,0"
50.166666666666664,116,AV,1,0,0,89,1823.811293294481,0.3,-6.931404031333822,"0.0,0.35210224948875257,0.34327160493827164,0.3,0.89,0.08771145605177698","0,0,0"
49.266666666666666,247,AV,1,0,0,87,5502.789496653042,0.4,-27.384252107923224,"0.0,0.32729585798816574,0.3547142857142857,0.4,0.87,0.26464233491284295","0,0,0"
52.583333333333336,126,AV,1,0,0,95,1950.0200213032829,0.1,-2.589357393607684,"0.0,0.2898238095238095,0.3820666666666667,0.1,0.95,0.09378113625432592","0,0,0"
42.11666666666667,112,AV,1,0,0,67,1794.439334206041,0.3,-5.725439643356901,"0.20283333333333334,0.35222504708097924,0.3456666666666667,0.3,0.67,0.08629888814619799","0,0,0"
19.483333333333334,105,AV,1,0,0,16,1682.490559712908,0.8,-6.622328162641042,"0.21966666666666665,0.34527613412228786,0.37235294117647055,0.8,0.16,0.08091500328370894","0,0,0"
53.5,37,AV,1,0,0,93,861.805442805673,0.1,-1.1643078583359472,"0.0,0.3558501872659176,0.35655555555555557,0.1,0.93,0.04144628915269407","0,0,0"
39.21666666666667,262,AV,1,0,0,61,6446.254396158338,0.2,-12.767707570842232,"0.0,0.3543992467043314,0.38975641025641033,0.2,0.61,0.3100158230437728","0,0,0"
31.383333333333333,253,AV,1,0,0,43,5849.7981009167725,0.1,-4.636014235701297,"0.0,0.31476100628930814,0.34390196078431373,0.1,0.43,0.28133081033481866","0,0,0"
31.633333333333333,52,AV,1,0,0,42,1017.530975349866,0.1,-0.8128256697028813,"0.0,0.32776608187134504,0.3375,0.1,0.42,0.048935503225503364","0,0,0"
45.2,136,AV,1,0,0,73,2105.159940183184,0.8,-19.222874605309077,"0.0,0.363882857142857,0.3971444444444444,0.8,0.73,0.10124218676253416","0,0,0"
34.9,27,AV,1,0,0,50,793.0252767736928,0.2,-1.3978071797677718,"0.21966666666666665,0.30467400419287216,0.3396190476190476,0.2,0.5,0.03813848612925163","0,0,0"
28.85,152,AV,2,0,0,31,2302.618320259251,0.4,-6.710155408028221,"0.0,0.3598333333333334,0.3812857142857143,0.4,0.31,0.11073843349034766","0,0,0"
42.516666666666666,64,AV,2,0,0,75,1148.2139867956057,0.4,-4.931134478645775,"0.0,0.31718711656441717,0.33398333333333335,0.4,0.75,0.05522036244162957","0,0,0"
16.716666666666665,239,AV,1,0,0,8,4968.170350229253,0.1,-2.0972537294949243,"0.0,0.3001067415730337,0.3372361111111111,0.1,0.08,0.23893121888982288","0,0,0"
22.033333333333335,18,AV,1,0,0,22,632.5893922142865,0.6,-2.1118262033012294,"0.21716666666666665,0.34414424951267053,0.36565151515151517,0.6,0.22,0.030422739939172414","0,0,0"
17.883333333333333,179,AV,1,0,0,11,2946.490055333797,0.7,-9.314430473742487,"0.30033333333333334,0.3750138888888888,0.3554603174603174,0.7,0.11,0.14170376833700152","0,0,0"
47.36666666666667,93,AV,1,0,0,82,1507.5005543882637,0.3,-5.409490625721522,"0.0,0.3151936685288641,0.35736363636363644,0.3,0.82,0.07249931454553503","0,0,0"
31.716666666666665,180,AV,1,0,0,43,2953.761118311176,0.1,-2.365743858647377,"0.0,0.3260297619047619,0.3424313725490197,0.1,0.43,0.14205345118145746","0,0,0"
29.383333333333333,122,AV,2,0,0,22,1888.2149669861096,0.1,-1.401061863129845,"0.0,0.32945833333333335,0.3590714285714286,0.1,0.22,0.09080878306984375","0,0,0"
36.18333333333333,29,AV,1,0,0,54,806.3598325453933,0.3,-2.21036262178794,"0.21716666666666665,0.339359496124031,0.3540128205128205,0.3,0.54,0.03877977687399022","0,0,0"
25.483333333333334,4,AV,1,0,0,28,491.8679742725259,0.1,-0.31652615011056073,"0.0,0.3450856610800745,0.42293939393939395,0.1,0.28,0.023655109696546463","0,0,0"
18.083333333333332,79,AV,1,0,0,13,1294.2551843223837,0.1,-0.5910214120327383,"0.0,0.3292105263157896,0.3066842105263158,0.1,0.13,0.062243833633915134","0,0,0"
48.85,264,AV,1,0,0,85,6778.2755320215965,0.1,-8.36158484190038,"0.0,0.38545930232558134,0.36203703703703705,0.1,0.85,0.3259835151913118","0,0,0"
28.666666666666668,119,AV,1,0,0,35,1836.3970218708375,0.1,-1.3293783154957242,"0.0,0.3246156069364162,0.3158137254901961,0.1,0.35,0.08831673390204767","0,0,0"
50.233333333333334,263,AV,1,0,0,83,6563.608435155774,0.1,-8.326058848299455,"0.20283333333333334,0.33885333333333345,0.34329629629629627,0.1,0.83,0.31565966003056356","0,0,0"
15.5,187,AV,1,0,0,7,3097.4575811220984,0.1,-1.2123886996816295,"0.0,0.3507090729783037,0.33538888888888896,0.1,0.07,0.14896415846185204","0,0,0"
27.3,92,AV,1,0,0,32,1496.328062426438,0.1,-1.0315594975818627,"0.15583333333333335,0.3206848484848484,0.3433431372549019,0.1,0.32,0.0719620026310286","0,0,0"
26.45,210,AV,1,0,0,26,3742.7752140142647,0.1,-2.499909202289831,"0.21966666666666665,0.34947023809523814,0.36452380952380947,0.1,0.26,0.17999902999980277","0,0,0"
25.8,190,AV,1,0,0,26,3132.463358685509,0.1,-2.04084733974965,"0.0,0.3041868978805395,0.3615784313725491,0.1,0.26,0.150647670199936","0,0,0"
14.083333333333334,251,AV,1,0,0,3,5825.425317043349,0.1,-2.071752690615164,"0.0,0.3763439306358381,0.37226470588235294,0.1,0.03,0.28015866474638357","0,0,0"
33.666666666666664,235,AV,1,0,0,50,4818.617258984985,0.1,-4.096635885164003,"0.20283333333333334,0.35616760299625466,0.4047727272727273,0.1,0.5,0.23173885231203734","0,0,0"
45.55,56,AV,1,0,0,74,1040.734547163155,0.3,-3.591322622975886,"0.0,0.33184057971014497,0.35108823529411765,0.3,0.74,0.05005141860382586","0,0,0"
22.083333333333332,96,AV,1,0,0,21,1538.317647081207,0.2,-1.715716230961784,"0.0,0.36724950690335306,0.3660555555555555,0.2,0.21,0.07398138238957058","0,0,0"
19.883333333333333,98,AV,1,0,0,11,1564.4426034616197,0.2,-1.5710269578532932,"0.0,0.3261903409090909,0.3364642857142857,0.2,0.11,0.07523779415313409","0,0,0"
54.516666666666666,11,AV,1,0,0,93,566.7055292848979,0.6,-4.681044914876012,"0.0,0.3607764471057884,0.33973076923076934,0.6,0.93,0.027254227073231246","0,0,0"
40.25,270,AV,1,0,0,61,7099.697064525982,0.2,-14.432464992281353,"0.0,0.3708734939759036,0.37540972222222213,0.2,0.61,0.3414414470102487","0,0,0"
53.266666666666666,194,AV,1,0,0,94,3257.969850357721,0.4,-17.529413538288345,"0.0,0.3059540229885057,0.3434666666666667,0.4,0.94,0.15668357817407447","0,0,0"
12.166666666666666,141,AV,1,0,0,1,2139.4702648744856,0.1,-0.657328827171033,"0.15583333333333335,0.3400190763052208,0.34039855072463765,0.1,0.01,0.10289225250527183","0,0,0"
46.35,124,AV,1,0,0,76,1929.5758599688188,0.1,-2.2584808360998676,"0.0,0.32805813953488366,0.2964117647058824,0.1,0.76,0.09279792753915007","0,0,0"
24.2,260,AV,1,0,0,22,6197.036257351283,0.6,-22.7224662769547,"0.0,0.34736607142857145,0.3572083333333333,0.6,0.22,0.2980303254708333","0,0,0"
34.71666666666667,91,AV,1,0,0,50,1485.5718097438446,0.3,-3.9071288885055915,"0.0,0.3399230769230769,0.3659166666666666,0.3,0.5,0.07144470866102204","0,0,0"
29.683333333333334,278,AV,1,0,0,37,7958.958807233507,0.6,-35.79521625172443,"0.0,0.3328901515151516,0.34344047619047624,0.6,0.37,0.38276540352897576","0,0,0"
16.8,15,AV,1,0,0,8,623.7253316558669,0.3,-0.7938322402892852,"0.0,0.3486367041198502,0.33354545454545453,0.3,0.08,0.02999644602325653","0,0,0"
45.93333333333333,248,AV,1,0,0,73,5702.616109653807,0.1,-6.614650672645577,"0.17933333333333334,0.33935767790262167,0.2938611111111111,0.1,0.73,0.27425247563772664","0,0,0"
46.65,199,AV,1,0,0,76,3368.9508766880413,0.1,-3.9687262221590185,"0.0,0.3355865209471767,0.33319047619047615,0.1,0.76,0.16202092170810273","0,0,0"
48.7,110,AV,1,0,0,80,1782.711710770346,1.0,-21.92375260467572,"0.20283333333333334,0.3188760416666667,0.3442936507936508,1.0,0.8,0.08573487862868172","0,0,0"
40.983333333333334,176,AV,1,0,0,65,2853.537244729806,0.1,-2.9532188909051316,"0.0,0.35998761904761906,0.31323333333333336,0.1,0.65,0.13723344490378397","0,0,0"
18.95,282,AV,1,0,0,15,8348.421721831439,0.4,-15.980059760475331,"0.20283333333333334,0.39242254901960777,0.40504385964912276,0.4,0.15,0.4014956084811817","0,0,0"
41.483333333333334,207,AV,1,0,0,65,3608.770587345788,0.5,-18.90199914121142,"0.0,0.3368392857142857,0.4099102564102564,0.5,0.65,0.17355442634701188","0,0,0"
54.083333333333336,73,AV,1,0,0,96,1267.69032506861,0.2,-3.4626726471781484,"0.0,0.2937914110429448,0.3323939393939394,0.2,0.96,0.0609662658868978","0,0,0"
48.916666666666664,261,AV,1,0,0,84,6230.691172258436,0.1,-7.69658189839163,"0.0,0.35067352941176466,0.341625,0.1,0.84,0.29964887098629217","0,0,0"
54.983333333333334,195,AV,1,0,0,99,3274.575105225111,0.3,-13.639928373911163,"0.0,0.34670760233918135,0.36533333333333323,0.3,0.99,0.15748216467690215","0,0,0"
37.4,200,AV,1,0,0,57,3386.12741774329,0.9,-28.782083050817967,"0.0,0.3174316479400749,0.3516527777777778,0.9,0.57,0.16284698273285247","0,0,0"
23.066666666666666,219,AV,1,0,0,22,3958.913906791885,0.1,-2.306034026515138,"0.0,0.3346487758945387,0.359974358974359,0.1,0.22,0.1903936577347851","0,0,0"
42.766666666666666,32,AV,2,0,0,70,822.5771428470101,0.3,-2.6650668542240252,"0.0,0.2942888198757764,0.3558859649122808,0.3,0.7,0.039559706192899544","0,0,0"
42.3,103,AV,2,0,0,73,1661.9571573900298,0.2,-3.550544836242336,"0.0,0.3491241830065359,0.3469166666666667,0.2,0.73,0.07992750275552475","0,0,0"
20.516666666666666,230,AV,1,0,0,18,4572.8741748457805,0.1,-2.3691953321696784,"0.0,0.3376091617933723,0.34478947368421053,0.1,0.18,0.21992047844641197","0,0,0"
17.9,175,AV,1,0,0,13,2850.5966631146844,0.2,-2.577054559078426,"0.0,0.32899333333333347,0.3291888888888889,0.2,0.13,0.13709202528649697","0,0,0"
16.75,220,AV,1,0,0,8,4021.28082322038,0.2,-3.401841100451584,"0.0,0.30862734082397,0.37157575757575756,0.2,0.08,0.1933930322147629","0,0,0"
21.95,39,AV,1,0,0,18,913.5589076746268,0.1,-0.5063792430166176,"0.0,0.32828240740740744,0.35595,0.1,0.18,0.04393523731091094","0,0,0"
24.366666666666667,177,AV,1,0,0,24,2891.134206742707,0.5,-8.894861553572891,"0.0,0.35457945736434104,0.36040740740740745,0.5,0.24,0.13904157291209238","0,0,0"
32.45,204,AV,1,0,0,45,3465.4556083993225,0.1,-2.839748345771667,"0.0,0.3129990253411306,0.3221666666666666,0.1,0.45,0.1666620655399256","0,0,0"
31.35,76,AV,1,0,0,42,1282.6858023855964,0.2,-2.030919187110528,"0.0,0.3511627218934911,0.33563095238095236,0.2,0.42,0.06168743432932387","0,0,0"
48.81666666666667,100,AV,1,0,0,84,1592.2311391495805,0.3,-5.888440664860002,"0.0,0.32834883720930236,0.3517361111111111,0.3,0.84,0.07657421143254188","0,0,0"
30.583333333333332,208,AV,1,0,0,40,3628.2404526711953,0.5,-14.010566562819115,"0.0,0.3209201183431952,0.3417777777777778,0.5,0.4,0.17449077883210845","0,0,0"
31.5,269,AV,1,0,0,43,7081.334819999852,0.1,-5.632879970454428,"0.21966666666666665,0.30311363636363636,0.3652307692307692,0.1,0.43,0.34055836266392014","0,0,0"
25.15,0,AV,1,0,0,26,437.8567856598078,0.8,-2.2246662948170037,"0.0,0.30693465909090906,0.32458333333333333,0.8,0.26,0.021057582192617507","0,0,0"
24.5,74,AV,2,0,0,15,1275.6237969650936,0.6,-4.735270155400726,"0.0,0.3409828282828283,0.36184444444444436,0.6,0.15,0.06134780556380672","0,0,0"
37.2,241,AV,1,0,0,54,5051.78348307234,0.6,-28.47368872277137,"0.21966666666666665,0.31673092369477907,0.33391666666666664,0.6,0.54,0.24295237483598997","0,0,0"
46.766666666666666,80,AV,1,0,0,82,1317.647826688136,0.6,-9.336666165876034,"0.0,0.34501091269841266,0.32625925925925925,0.6,0.82,0.06336884186823323","0,0,0"
39.983333333333334,272,AV,1,0,0,59,7177.938863287724,0.1,-7.247422278210122,"0.0,0.3939498977505112,0.36492156862745095,0.1,0.59,0.345204282627472","0,0,0"
52.6,222,AV,1,0,0,91,4090.160813256426,0.6,-32.59734223898303,"0.0,0.31278585858585856,0.3476458333333333,0.6,0.91,0.19670563601379967","0,0,0"
26.3,28,AV,1,0,0,27,802.5586880039084,0.3,-1.599037385947181,"0.0,0.3116371951219511,0.3121376811594203,0.3,0.27,0.038596970723144074","0,0,0"
25.566666666666666,61,AV,1,0,0,26,1117.0806745336297,0.1,-0.7212128597367794,"0.0,0.2807351738241309,0.34517391304347833,0.1,0.26,0.05372308684066549","0,0,0"
