travel_time,id,kind,action,bid_route_0,bid_route_1,bid_route_2,karma_balance,origin,destination,start_time,income,urgency,reward
118.86666666666666,147,AV,0,5,0,4,2,0,0,71,1141.0395517097602,0.4,-1.5886666666666667
110.18333333333334,101,AV,0,8,8,0,8,0,0,65,2139.4702648744856,0.1,-1.2018333333333335
12.116666666666667,2,AV,1,2,4,6,9,0,0,36,2767.495209174315,0.2,-0.3211666666666667
25.983333333333334,222,AV,1,3,8,3,0,0,0,57,3849.958431883558,0.4,-0.6598333333333334
17.816666666666666,22,AV,2,0,0,4,2,0,0,37,2486.38103050259,1.0,-1.1781666666666666
30.55,89,AV,2,2,1,3,9,0,0,59,3803.247088152212,0.7,-1.0055
27.766666666666666,84,AV,0,4,4,8,9,0,0,33,2421.0391237858234,0.4,-0.6776666666666666
10.7,254,AV,2,1,2,0,6,0,0,16,4843.3187157075145,0.2,-0.307
29.583333333333332,190,AV,2,1,2,6,9,0,0,55,541.9839687696077,0.1,-0.39583333333333337
61.05,208,AV,0,4,7,1,8,0,0,46,4754.245589533712,0.1,-0.7104999999999999
105.15,63,AV,0,5,0,5,8,0,0,61,2756.9260540590044,0.2,-1.2515
96.36666666666666,207,AV,0,4,8,6,5,0,0,58,1011.0784796502788,0.1,-1.0636666666666665
12.283333333333333,133,AV,1,2,6,0,2,0,0,33,2969.8754393798326,0.2,-0.32283333333333336
23.65,109,AV,1,3,9,7,4,0,0,50,595.9176043698985,0.1,-0.3365
17.466666666666665,41,AV,2,2,2,1,10,0,0,37,1848.7234685638712,0.1,-0.2746666666666666
18.85,266,AV,2,0,2,9,6,0,0,37,1527.6889462703334,0.1,-0.2885
30.983333333333334,29,AV,2,0,3,1,5,0,0,60,4416.224882412617,0.1,-0.4098333333333334
64.63333333333334,298,AV,0,4,2,3,1,0,0,47,1234.5997004771,0.3,-0.9463333333333335
84.1,141,AV,0,9,5,4,2,0,0,53,2496.2043409386315,0.1,-0.941
42.1,268,AV,0,7,2,0,4,0,0,39,6007.794801579103,0.1,-0.521
26.816666666666666,46,AV,2,0,2,4,2,0,0,53,566.7055292848979,0.1,-0.36816666666666664
64.73333333333333,49,AV,0,4,0,5,2,0,0,47,1074.3823512953045,0.4,-1.0473333333333334
28.933333333333334,137,AV,1,1,5,3,0,0,0,62,2818.3733061874163,0.1,-0.3893333333333333
124.26666666666667,98,AV,0,8,8,0,2,0,0,78,9095.945853089892,0.3,-1.5426666666666666
16.85,95,AV,1,0,5,0,0,0,0,42,4924.983441788647,0.4,-0.5685
120.55,251,AV,0,9,5,9,2,0,0,72,825.4433072334436,0.4,-1.6055000000000001
120.61666666666666,228,AV,0,4,4,7,7,0,0,76,1279.3396024785957,0.1,-1.3061666666666667
20.65,110,AV,0,9,4,6,19,0,0,30,11185.875164713363,0.1,-0.3065
12.0,239,AV,0,6,3,5,4,0,0,22,3458.1247672483346,0.5,-0.62
8.45,131,AV,1,1,7,3,1,0,0,19,4376.119511966378,0.1,-0.1845
25.9,247,AV,2,1,1,4,14,0,0,49,4687.914961676448,0.4,-0.659
32.13333333333333,235,AV,1,2,7,9,2,0,0,69,6709.13861087917,0.4,-0.7213333333333334
34.88333333333333,111,AV,2,2,1,3,7,0,0,84,449.0833195935783,0.4,-0.7488333333333334
19.066666666666666,135,AV,0,7,4,2,1,0,0,29,2105.159940183184,0.4,-0.5906666666666667
61.1,206,AV,0,5,4,4,5,0,0,46,4950.268578812107,0.4,-1.0110000000000001
40.03333333333333,280,AV,0,4,2,0,3,0,0,39,1684.196745492046,0.5,-0.9003333333333333
30.083333333333332,73,AV,2,3,0,2,10,0,0,59,1022.032321197676,0.2,-0.5008333333333334
38.28333333333333,117,AV,0,6,3,7,1,0,0,38,4266.216809230351,0.9,-1.2828333333333333
31.233333333333334,28,AV,1,1,5,3,2,0,0,66,20239.22920549412,0.4,-0.7123333333333334
92.65,112,AV,0,5,1,2,8,0,0,57,2780.081336731352,0.8,-1.7265000000000001
48.983333333333334,114,AV,0,8,1,9,10,0,0,42,913.5589076746268,0.1,-0.5898333333333333
117.25,45,AV,0,5,0,3,1,0,0,69,7511.51421120444,0.2,-1.3725
99.66666666666667,234,AV,0,4,5,3,3,0,0,59,6947.27484286379,0.1,-1.0966666666666667
14.233333333333333,1,AV,1,0,4,7,9,0,0,37,7612.519032757181,0.1,-0.24233333333333332
18.75,143,AV,2,2,2,5,8,0,0,38,1083.524948441525,0.9,-1.0875
28.5,240,AV,2,1,0,1,7,0,0,56,3759.463069718096,0.7,-0.9849999999999999
16.933333333333334,274,AV,2,3,0,1,16,0,0,29,4645.51881630073,0.1,-0.2693333333333333
48.666666666666664,209,AV,0,4,9,9,5,0,0,42,10426.353459350525,0.1,-0.5866666666666667
26.8,216,AV,2,3,1,2,5,0,0,48,1530.6528609905624,0.3,-0.5680000000000001
11.966666666666667,277,AV,0,9,0,3,7,0,0,23,2850.5966631146844,1.0,-1.1196666666666666
10.316666666666666,174,AV,2,0,2,2,6,0,0,1,2996.640782499388,0.4,-0.5031666666666667
17.783333333333335,270,AV,1,2,5,4,3,0,0,44,1782.711710770346,0.3,-0.47783333333333333
20.8,288,AV,1,1,5,9,4,0,0,48,2744.255474143275,0.1,-0.30800000000000005
25.85,97,AV,1,2,7,4,4,0,0,56,3724.6301341612702,0.2,-0.4585
27.933333333333334,93,AV,2,2,3,5,0,0,0,52,5304.212874057136,0.1,-0.3793333333333333
21.95,269,AV,2,1,2,9,4,0,0,45,4061.843573313689,0.1,-0.3195
32.36666666666667,156,AV,1,1,5,9,8,0,0,73,437.8567856598078,0.1,-0.42366666666666664
26.066666666666666,281,AV,1,1,5,0,0,0,0,56,943.1907669438916,0.2,-0.46066666666666667
57.56666666666667,292,AV,0,9,7,6,2,0,0,45,2222.040577514192,0.7,-1.2756666666666665
84.01666666666667,182,AV,0,9,0,8,0,0,0,53,1805.1606101798543,0.1,-0.9401666666666666
124.06666666666666,295,AV,0,4,9,9,9,0,0,91,5502.789496653042,0.2,-1.4406666666666665
28.466666666666665,195,AV,1,3,5,3,2,0,0,61,2891.134206742707,0.3,-0.5846666666666667
22.016666666666666,53,AV,2,3,1,0,5,0,0,43,4660.29795945294,0.1,-0.32016666666666665
87.28333333333333,255,AV,0,4,3,3,1,0,0,54,7177.938863287724,0.1,-0.9728333333333333
14.816666666666666,257,AV,1,1,5,3,1,0,0,40,601.3137559373858,0.5,-0.6481666666666667
41.55,152,AV,0,9,2,0,1,0,0,39,743.7553910389753,1.0,-1.4155
19.766666666666666,74,AV,2,1,2,3,8,0,0,42,3919.41152379869,0.1,-0.29766666666666663
8.483333333333333,122,AV,0,6,5,2,10,0,0,20,2239.194506681481,0.1,-0.18483333333333335
20.866666666666667,129,AV,0,9,8,0,16,0,0,30,13351.937436366714,0.1,-0.30866666666666664
38.266666666666666,154,AV,0,4,7,7,8,0,0,38,898.3728471886773,0.2,-0.5826666666666667
24.483333333333334,168,AV,0,8,6,3,1,0,0,30,682.056612603955,0.7,-0.9448333333333333
80.63333333333334,32,AV,0,4,5,5,11,0,0,52,1474.807688008607,0.1,-0.9063333333333333
31.516666666666666,140,AV,0,8,3,7,0,0,0,34,11049.706566164488,0.2,-0.5151666666666667
23.133333333333333,199,AV,1,1,5,9,5,0,0,50,600.3305173079323,0.2,-0.43133333333333335
15.4,173,AV,0,5,4,6,1,0,0,25,2991.769966736588,0.3,-0.45399999999999996
27.983333333333334,244,AV,0,5,6,3,13,0,0,33,3097.4575811220984,0.4,-0.6798333333333333
50.5,26,AV,0,5,2,2,2,0,0,42,4429.527615460413,0.4,-0.905
25.55,78,AV,1,1,5,3,1,0,0,55,3558.5090095449787,0.4,-0.6555
8.566666666666666,17,AV,1,3,7,2,5,0,0,19,424.9057127261393,1.0,-1.0856666666666666
32.5,35,AV,1,1,5,3,1,0,0,75,1649.648602545546,0.3,-0.625
68.13333333333334,249,AV,0,5,0,2,7,0,0,48,832.3173438658397,0.2,-0.8813333333333333
94.48333333333333,19,AV,0,6,6,7,4,0,0,57,1587.6148581174584,0.1,-1.0448333333333333
45.21666666666667,90,AV,0,8,2,7,3,0,0,40,2619.168197182975,0.2,-0.6521666666666667
24.6,82,AV,2,1,3,4,2,0,0,47,3393.6426315430986,0.1,-0.34600000000000003
68.16666666666667,96,AV,0,6,2,5,3,0,0,48,572.7967315704935,1.0,-1.6816666666666666
21.483333333333334,256,AV,2,0,3,3,6,0,0,43,4818.617258984985,0.1,-0.31483333333333335
13.716666666666667,246,AV,0,9,4,2,4,0,0,23,5480.041794665195,0.1,-0.23716666666666666
28.516666666666666,123,AV,1,2,5,3,1,0,0,61,1040.734547163155,0.2,-0.4851666666666667
23.583333333333332,273,AV,1,1,4,7,11,0,0,49,5862.8833826120845,0.2,-0.4358333333333333
29.166666666666668,102,AV,2,2,3,6,4,0,0,51,3583.4963710051925,0.1,-0.3916666666666667
27.55,191,AV,1,1,5,9,7,0,0,59,6563.608435155774,0.4,-0.6755
19.75,136,AV,1,2,8,6,0,0,0,47,1592.6375082496468,1.0,-1.1975
13.583333333333334,47,AV,2,0,2,3,23,0,0,27,1310.9401185904849,0.1,-0.23583333333333334
10.933333333333334,128,AV,1,0,7,9,2,0,0,28,2747.619709803412,0.9,-1.0093333333333334
31.766666666666666,287,AV,1,1,5,9,7,0,0,67,9667.367812467324,1.0,-1.3176666666666668
50.43333333333333,210,AV,0,4,4,4,2,0,0,42,491.0984231068265,0.2,-0.7043333333333333
6.8,232,AV,0,8,8,3,9,0,0,14,3368.9508766880413,0.1,-0.168
105.11666666666666,299,AV,0,7,2,8,5,0,0,61,3465.4556083993225,0.3,-1.3511666666666666
26.4,43,AV,1,1,5,3,3,0,0,58,4925.450001742355,0.2,-0.464
29.066666666666666,263,AV,1,2,5,6,1,0,0,62,636.6552097563458,0.7,-0.9906666666666666
32.416666666666664,23,AV,2,1,3,6,0,0,0,60,3323.1633986738134,0.1,-0.4241666666666667
82.13333333333334,5,AV,0,6,4,4,11,0,0,52,632.5893922142865,0.2,-1.0213333333333334
112.18333333333334,291,AV,0,9,7,5,2,0,0,66,807.7368269013535,0.4,-1.5218333333333334
75.03333333333333,172,AV,0,8,2,0,2,0,0,49,985.0802174553831,0.5,-1.2503333333333333
10.1,243,AV,0,5,1,8,22,0,0,21,1148.9174546898266,0.1,-0.201
16.3,44,AV,1,3,8,2,6,0,0,41,6081.635477498837,0.2,-0.363
20.966666666666665,160,AV,1,3,5,3,7,0,0,48,4549.070920567666,0.8,-1.0096666666666667
32.016666666666666,233,AV,1,3,4,9,5,0,0,68,5354.15698790508,0.3,-0.6201666666666666
23.95,237,AV,1,1,5,9,5,0,0,53,5913.041300376779,0.1,-0.3395
26.45,8,AV,1,3,6,3,2,0,0,57,3778.090807703549,0.1,-0.36450000000000005
69.68333333333334,62,AV,0,8,7,0,0,0,0,48,2318.1098695731453,0.2,-0.8968333333333334
20.7,229,AV,1,3,7,4,0,0,0,47,1447.5744631551047,0.6,-0.8069999999999999
6.85,55,AV,0,4,2,8,26,0,0,13,3783.636689084741,0.4,-0.4685
33.15,165,AV,0,6,4,0,0,0,0,36,4864.205776554158,0.3,-0.6315
35.18333333333333,92,AV,2,0,1,0,5,0,0,63,3866.930621896856,0.1,-0.4518333333333333
12.55,189,AV,2,2,0,0,6,0,0,13,13079.31179296209,0.2,-0.3255
23.066666666666666,186,AV,1,0,4,2,2,0,0,49,2212.8825544422834,0.4,-0.6306666666666667
66.28333333333333,24,AV,0,4,0,4,1,0,0,47,2011.9739719035176,0.1,-0.7628333333333333
15.2,68,AV,2,1,2,0,10,0,0,34,12051.378145129962,0.1,-0.252
66.48333333333333,33,AV,0,6,7,8,4,0,0,47,1528.3774584247917,0.1,-0.7648333333333334
16.133333333333333,148,AV,1,2,6,5,9,0,0,40,3017.17067826153,0.1,-0.2613333333333333
25.35,278,AV,2,3,1,3,14,0,0,51,1460.106853854364,0.4,-0.6535
43.56666666666667,283,AV,0,7,7,0,1,0,0,39,2078.9202215407213,0.1,-0.5356666666666667
15.683333333333334,115,AV,2,1,2,3,29,0,0,25,4747.153558918807,0.1,-0.25683333333333336
8.5,65,AV,1,0,6,0,0,0,0,15,4549.115907877681,0.3,-0.385
14.2,276,AV,1,1,5,3,0,0,0,38,7658.5640246764915,0.2,-0.34199999999999997
29.433333333333334,20,AV,0,5,4,6,1,0,0,33,3245.380745418587,0.4,-0.6943333333333334
99.7,192,AV,0,6,3,4,0,0,0,60,2758.442965787371,0.8,-1.7970000000000002
76.78333333333333,221,AV,0,7,8,0,6,0,0,51,1682.490559712908,0.4,-1.1678333333333333
17.083333333333332,14,AV,2,0,1,4,2,0,0,33,388.2787303527966,0.2,-0.37083333333333335
43.61666666666667,296,AV,0,6,6,1,1,0,0,39,1530.0661682302475,0.1,-0.5361666666666667
22.35,21,AV,0,4,5,2,13,0,0,31,1900.764377468582,0.1,-0.3235
21.083333333333332,12,AV,2,2,3,5,7,0,0,44,1664.0464513081895,0.8,-1.0108333333333333
89.08333333333333,196,AV,0,9,1,3,1,0,0,55,1942.5668635563816,1.0,-1.8908333333333331
19.683333333333334,231,AV,1,1,6,5,1,0,0,45,508.6019702527906,0.1,-0.29683333333333334
15.616666666666667,183,AV,0,5,1,1,2,0,0,25,827.3783452591958,0.9,-1.0561666666666667
27.5,250,AV,1,1,5,9,7,0,0,58,3197.7177395395383,0.1,-0.375
90.76666666666667,242,AV,0,7,9,2,5,0,0,56,1323.5149786113286,0.1,-1.0076666666666667
59.266666666666666,145,AV,0,4,2,2,3,0,0,45,1200.7903182940884,0.2,-0.7926666666666666
16.9,285,AV,1,2,9,7,5,0,0,42,2533.2754137277425,0.4,-0.569
52.266666666666666,267,AV,0,5,1,2,2,0,0,42,2675.3892374750885,0.2,-0.7226666666666666
26.116666666666667,166,AV,0,5,2,0,7,0,0,32,1386.7650627050614,0.3,-0.5611666666666666
52.31666666666667,134,AV,0,4,2,4,8,0,0,42,4635.813442599864,0.8,-1.3231666666666668
69.88333333333334,286,AV,0,4,2,5,1,0,0,48,15387.119225735782,0.1,-0.7988333333333334
11.133333333333333,64,AV,1,3,5,3,0,0,0,25,437.5592869272848,1.0,-1.1113333333333333
89.25,214,AV,0,9,2,1,4,0,0,55,4609.601315671212,0.1,-0.9924999999999999
21.5,159,AV,2,0,2,1,6,0,0,45,6130.868263041086,0.1,-0.315
5.3,170,AV,0,5,5,9,15,0,0,1,857.6590975250949,0.1,-0.153
85.56666666666666,36,AV,0,6,2,5,0,0,0,53,8981.750106371177,0.1,-0.9556666666666666
71.45,124,AV,0,5,2,3,1,0,0,48,5341.061461458292,0.1,-0.8145
12.933333333333334,144,AV,2,2,2,1,16,0,0,23,816.2772675203604,0.1,-0.22933333333333333
16.8,175,AV,1,0,8,4,5,0,0,41,658.4091024775607,0.1,-0.268
29.45,289,AV,0,4,3,7,4,0,0,34,1564.4426034616197,0.1,-0.39449999999999996
28.7,54,AV,1,0,5,4,2,0,0,59,902.2448599555772,0.2,-0.487
14.366666666666667,121,AV,1,2,5,5,0,0,0,37,497.26542980048754,0.5,-0.6436666666666666
11.266666666666667,188,AV,1,0,9,4,13,0,0,29,4889.272753955773,1.0,-1.1126666666666667
9.516666666666667,161,AV,2,2,1,5,1,0,0,7,3987.5502105766736,0.4,-0.4951666666666667
28.283333333333335,230,AV,2,2,0,0,6,0,0,55,6446.254396158338,0.6,-0.8828333333333334
16.166666666666668,217,AV,1,3,4,1,4,0,0,39,979.573716991658,0.7,-0.8616666666666666
94.43333333333334,204,AV,0,6,4,7,4,0,0,57,4504.939201911708,0.8,-1.7443333333333335
62.81666666666667,80,AV,0,5,4,6,4,0,0,46,2198.5025098873134,0.2,-0.8281666666666667
91.05,142,AV,0,4,7,6,3,0,0,56,742.4887258523852,0.5,-1.4104999999999999
17.533333333333335,59,AV,2,2,1,5,3,0,0,38,5064.807770076448,0.2,-0.37533333333333335
22.5,76,AV,1,3,6,1,1,0,0,48,2853.537244729806,0.1,-0.325
31.75,86,AV,1,1,5,9,6,0,0,68,1573.7150367511856,0.1,-0.4175
26.15,0,AV,0,8,6,6,4,0,0,31,1261.43865123121,0.2,-0.4615
36.78333333333333,245,AV,0,4,6,5,4,0,0,36,1950.0200213032829,0.2,-0.5678333333333333
21.35,198,AV,2,1,0,3,12,0,0,44,4547.885280126284,0.3,-0.5135000000000001
78.63333333333334,238,AV,0,4,2,6,10,0,0,51,5825.994272151124,0.1,-0.8863333333333334
5.183333333333334,150,AV,0,4,4,5,1,0,0,7,5960.007005011629,0.4,-0.45183333333333336
45.21666666666667,83,AV,0,8,3,5,1,0,0,39,1348.5865378412918,0.1,-0.5521666666666667
82.3,178,AV,0,4,4,0,3,0,0,52,1129.1321270070612,0.5,-1.323
23.15,104,AV,1,1,5,9,4,0,0,48,1572.8756307612184,0.3,-0.5315
117.08333333333333,197,AV,0,5,3,2,1,0,0,70,1014.5614647146556,0.1,-1.2708333333333335
13.083333333333334,181,AV,1,0,7,6,2,0,0,37,779.2240782816187,0.2,-0.3308333333333333
96.3,194,AV,0,6,0,0,2,0,0,57,3942.222625638348,0.2,-1.163
25.65,37,AV,1,2,5,8,4,0,0,54,10783.100237376317,1.0,-1.2565
18.233333333333334,11,AV,2,1,2,9,1,0,0,36,4281.8327360815,0.3,-0.48233333333333334
75.33333333333333,13,AV,0,6,3,3,1,0,0,49,3386.12741774329,0.1,-0.8533333333333333
19.866666666666667,226,AV,1,3,5,7,2,0,0,46,3476.696831582168,0.4,-0.5986666666666667
71.73333333333333,176,AV,0,7,0,5,0,0,0,48,4135.471393234625,0.1,-0.8173333333333334
55.833333333333336,52,AV,0,5,4,9,7,0,0,44,2520.757475212996,0.6,-1.1583333333333332
11.966666666666667,171,AV,2,0,0,0,10,0,0,20,6230.691172258436,0.1,-0.21966666666666668
92.61666666666666,163,AV,0,5,1,0,6,0,0,56,567.9518330451218,0.7,-1.6261666666666665
15.85,169,AV,2,0,2,9,3,0,0,34,978.4447105201264,0.6,-0.7585
13.733333333333333,50,AV,2,1,3,2,6,0,0,27,1454.957177165027,0.2,-0.3373333333333334
27.666666666666668,16,AV,2,2,1,4,3,0,0,55,4021.28082322038,0.2,-0.4766666666666667
20.266666666666666,187,AV,2,0,1,4,1,0,0,39,8987.033628468456,0.8,-1.0026666666666668
28.15,91,AV,2,3,2,2,5,0,0,50,676.2529471816457,0.1,-0.38149999999999995
31.35,113,AV,1,1,6,5,0,0,0,66,2761.3662775036096,0.2,-0.5135000000000001
47.0,153,AV,0,5,4,5,0,0,0,40,4343.557359248321,0.1,-0.57
73.4,264,AV,0,7,2,1,2,0,0,48,640.5426603936758,0.8,-1.5340000000000003
122.43333333333334,118,AV,0,7,7,6,8,0,0,77,1639.6236094811811,0.2,-1.4243333333333332
62.8,100,AV,0,7,6,2,4,0,0,46,506.5869000089976,1.0,-1.6280000000000001
47.016666666666666,79,AV,0,6,6,4,2,0,0,41,6427.339783247283,0.7,-1.1701666666666666
113.46666666666667,27,AV,0,6,2,3,1,0,0,66,2946.490055333797,0.4,-1.5346666666666668
101.45,69,AV,0,5,5,7,5,0,0,60,2276.662146114732,0.1,-1.1145
40.03333333333333,241,AV,0,5,7,5,5,0,0,38,3523.1638559153366,0.4,-0.8003333333333333
33.36666666666667,126,AV,2,1,3,4,1,0,0,67,11940.25564443948,0.2,-0.5336666666666667
11.383333333333333,25,AV,2,2,2,1,15,0,0,18,1804.2001824470888,0.1,-0.21383333333333332
26.8,252,AV,1,1,5,9,7,0,0,57,4756.448820673547,0.1,-0.368
9.016666666666667,31,AV,1,0,6,4,7,0,0,19,5307.329693361759,0.1,-0.19016666666666668
31.166666666666668,290,AV,1,3,5,1,11,0,0,64,1446.9812594843625,0.6,-0.9116666666666666
28.85,218,AV,1,1,5,1,0,0,0,61,16390.717038727882,0.2,-0.48850000000000005
22.366666666666667,88,AV,0,4,1,3,2,0,0,32,2250.3510049999354,0.1,-0.32366666666666666
76.71666666666667,177,AV,0,7,6,0,2,0,0,50,2033.019749384408,0.1,-0.8671666666666666
110.4,215,AV,0,6,1,1,1,0,0,65,932.0432837729122,0.1,-1.2040000000000002
34.63333333333333,279,AV,0,8,7,4,3,0,0,36,583.3206434887895,0.2,-0.5463333333333333
9.966666666666667,87,AV,1,2,8,5,9,0,0,24,3132.463358685509,0.4,-0.4996666666666667
78.68333333333334,227,AV,0,6,4,6,0,0,0,51,1100.389953660579,0.1,-0.8868333333333334
23.966666666666665,261,AV,1,3,6,5,1,0,0,52,5882.279762541917,0.2,-0.43966666666666665
16.266666666666666,106,AV,1,1,5,3,0,0,0,40,3031.4508351358254,0.2,-0.3626666666666667
14.4,225,AV,2,1,2,1,8,0,0,32,8326.33528790118,0.1,-0.24400000000000002
17.083333333333332,297,AV,1,0,9,8,3,0,0,42,5654.280440205098,0.2,-0.37083333333333335
23.383333333333333,119,AV,2,0,0,5,3,0,0,47,3032.1279287666234,0.2,-0.43383333333333335
24.366666666666667,15,AV,0,4,4,7,10,0,0,31,1150.4391077840953,0.2,-0.44366666666666665
28.0,213,AV,2,3,3,4,8,0,0,53,616.3739675020589,0.2,-0.48000000000000004
9.1,185,AV,1,2,5,2,21,0,0,21,2909.5116230827134,0.1,-0.191
22.433333333333334,146,AV,1,0,9,5,2,0,0,48,4434.023444374438,0.3,-0.5243333333333333
16.55,205,AV,2,0,2,1,13,0,0,33,938.3100494872764,0.1,-0.2655
33.05,282,AV,1,2,6,6,1,0,0,74,13748.957190518822,0.1,-0.4305
22.4,30,AV,2,0,0,1,6,0,0,46,776.0711537761008,0.7,-0.9239999999999999
73.55,162,AV,0,6,4,0,5,0,0,48,1503.4428459110418,0.1,-0.8354999999999999
32.81666666666667,149,AV,1,2,7,7,1,0,0,74,4237.057085974603,0.1,-0.4281666666666667
101.45,224,AV,0,5,5,3,2,0,0,60,2108.868816674547,0.1,-1.1145
119.01666666666667,248,AV,0,5,7,1,2,0,0,70,2648.588416164911,0.1,-1.2901666666666667
22.8,125,AV,1,0,7,7,1,0,0,49,627.4062491148882,1.0,-1.228
14.766666666666667,272,AV,2,2,1,1,14,0,0,32,650.412147456106,0.1,-0.24766666666666667
31.633333333333333,258,AV,1,1,7,5,1,0,0,60,1020.5842314575186,1.0,-1.3163333333333334
87.58333333333333,3,AV,0,4,1,4,1,0,0,54,546.8646928603165,0.2,-1.0758333333333332
35.68333333333333,180,AV,2,3,0,3,5,0,0,92,2255.9253983027734,0.1,-0.4568333333333333
18.766666666666666,108,AV,1,3,9,5,2,0,0,44,3064.640983136323,0.1,-0.2876666666666666
13.033333333333333,260,AV,2,2,2,9,2,0,0,22,2392.7441380289174,0.8,-0.9303333333333333
17.3,75,AV,0,4,3,9,7,0,0,26,7336.658338656486,0.3,-0.473
113.68333333333334,105,AV,0,4,2,5,4,0,0,66,779.0639592631991,0.9,-2.0368333333333335
29.35,203,AV,2,2,1,1,7,0,0,52,4689.4303597647895,0.2,-0.49350000000000005
20.116666666666667,253,AV,2,2,0,6,1,0,0,42,1628.9397076974285,0.2,-0.40116666666666667
29.15,70,AV,1,1,5,9,8,0,0,63,8029.700924090037,0.1,-0.39149999999999996
34.65,184,AV,0,7,3,0,1,0,0,36,4113.319853961603,0.2,-0.5465
11.95,61,AV,1,3,4,6,7,0,0,32,905.8209551718018,0.2,-0.3195
80.51666666666667,34,AV,0,7,0,1,0,0,0,51,11515.391842589095,0.3,-1.1051666666666666
97.9,81,AV,0,4,7,6,3,0,0,58,2398.572127464108,0.4,-1.379
21.983333333333334,39,AV,2,2,1,5,0,0,0,45,2105.6010448069283,0.1,-0.31983333333333336
22.2,18,AV,1,1,7,4,10,0,0,47,2158.6935677652164,0.2,-0.42200000000000004
14.583333333333334,40,AV,1,3,4,7,4,0,0,38,2347.541384251396,0.3,-0.4458333333333333
24.316666666666666,294,AV,1,1,5,3,2,0,0,54,1836.592480640456,0.2,-0.4431666666666667
19.066666666666666,72,AV,1,1,9,0,10,0,0,44,3824.993837156676,0.1,-0.29066666666666663
22.083333333333332,138,AV,2,3,1,0,11,0,0,45,761.8437659652793,0.2,-0.42083333333333334
16.7,71,AV,1,0,9,7,3,0,0,40,3158.0604616132755,0.2,-0.367
24.366666666666667,58,AV,1,3,8,7,3,0,0,54,2472.005569054355,0.1,-0.3436666666666667
10.266666666666667,200,AV,1,3,4,0,13,0,0,21,1635.9686818612918,0.1,-0.20266666666666666
54.166666666666664,262,AV,0,9,6,5,1,0,0,43,4200.245935785981,0.1,-0.6416666666666666
15.683333333333334,60,AV,2,1,2,3,7,0,0,33,4164.701887555128,0.4,-0.5568333333333333
18.8,4,AV,1,3,4,8,12,0,0,45,2815.231094880572,0.1,-0.28800000000000003
36.61666666666667,201,AV,2,3,0,0,11,0,0,81,1047.1205397958274,0.3,-0.6661666666666667
85.61666666666666,219,AV,0,7,1,2,0,0,0,53,1592.2311391495805,0.7,-1.5561666666666665
32.5,116,AV,1,1,5,9,4,0,0,70,2131.3254046090938,0.2,-0.525
13.716666666666667,275,AV,0,6,7,2,15,0,0,24,1517.942512651984,0.6,-0.7371666666666666
59.2,66,AV,0,4,6,1,9,0,0,45,1986.5043233563797,0.2,-0.792
31.0,139,AV,2,0,1,8,2,0,0,56,8987.822610831106,0.2,-0.51
106.88333333333334,265,AV,0,5,1,0,3,0,0,63,4959.361066312568,0.2,-1.2688333333333333
32.96666666666667,85,AV,1,1,5,3,3,0,0,78,2326.172138461347,0.4,-0.7296666666666667
24.216666666666665,293,AV,1,1,8,9,2,0,0,53,1089.3140785512585,0.8,-1.0421666666666667
97.91666666666667,51,AV,0,7,9,8,3,0,0,58,2857.8751728516777,0.1,-1.0791666666666668
13.2,77,AV,1,2,4,4,2,0,0,34,1025.7249596144625,0.2,-0.332
55.9,157,AV,0,8,2,4,4,0,0,44,2538.843693606908,0.3,-0.859
108.26666666666667,6,AV,0,5,8,8,6,0,0,64,4159.866430607663,1.0,-2.0826666666666664
33.083333333333336,167,AV,1,3,6,9,5,0,0,81,13460.811009378149,0.2,-0.5308333333333334
115.48333333333333,271,AV,0,7,6,9,2,0,0,68,2909.8477340427667,0.4,-1.5548333333333333
15.25,56,AV,2,0,2,0,12,0,0,28,2218.0502812558643,0.1,-0.2525
10.233333333333333,130,AV,0,7,8,8,9,0,0,21,5557.427333357366,0.4,-0.5023333333333333
17.883333333333333,9,AV,1,0,6,1,0,0,0,42,1297.4303329633815,0.7,-0.8788333333333332
23.25,193,AV,2,3,0,1,6,0,0,45,1594.6992934726818,0.2,-0.4325
10.266666666666667,236,AV,1,0,7,8,7,0,0,26,3352.9358316496982,0.2,-0.3026666666666667
25.05,155,AV,2,2,2,3,5,0,0,46,1526.0895405694364,0.1,-0.35050000000000003
31.35,202,AV,0,6,0,8,2,0,0,34,8493.635575370567,0.3,-0.6134999999999999
103.2,48,AV,0,6,5,8,6,0,0,60,954.0002559944874,0.1,-1.1320000000000001
108.53333333333333,7,AV,0,5,0,9,5,0,0,64,17322.90883950548,0.2,-1.2853333333333332
57.6,212,AV,0,6,4,8,7,0,0,44,3608.770587345788,0.4,-0.9760000000000001
122.43333333333334,120,AV,0,9,1,2,9,0,0,77,7332.887514065835,0.2,-1.4243333333333332
31.433333333333334,220,AV,1,1,5,9,10,0,0,64,1659.6531244520008,0.8,-1.1143333333333334
20.633333333333333,94,AV,1,1,5,9,6,0,0,47,1927.298426803608,0.8,-1.0063333333333333
27.2,259,AV,1,2,4,1,7,0,0,57,2382.718205806423,0.1,-0.372
17.5,57,AV,1,0,7,4,0,0,0,42,4223.122456076251,0.1,-0.275
115.45,99,AV,0,9,7,3,2,0,0,67,777.0630287344238,0.1,-1.2545000000000002
18.783333333333335,132,AV,0,5,7,7,4,0,0,28,743.7818724069466,0.1,-0.2878333333333334
17.433333333333334,179,AV,2,1,2,3,8,0,0,36,4116.183110063293,0.3,-0.47433333333333333
8.55,284,AV,0,4,1,3,8,0,0,16,591.6693204447811,1.0,-1.0855
30.016666666666666,223,AV,2,3,3,5,0,0,0,54,3654.013033637752,0.4,-0.7001666666666666
10.116666666666667,103,AV,1,0,9,1,2,0,0,25,2797.307504072895,0.1,-0.20116666666666666
36.68333333333333,211,AV,0,4,9,6,9,0,0,36,1945.516475481125,0.7,-1.0668333333333333
111.98333333333333,107,AV,0,4,3,3,1,0,0,65,5849.7981009167725,0.4,-1.5198333333333331
17.633333333333333,10,AV,2,0,1,7,0,0,0,37,1104.4445206976068,0.1,-0.2763333333333333
32.983333333333334,127,AV,0,6,6,5,7,0,0,35,2030.86588445069,0.6,-0.9298333333333333
106.75,42,AV,0,4,6,7,4,0,0,62,1059.8377785859489,0.3,-1.3675
54.11666666666667,67,AV,0,8,0,7,6,0,0,43,1507.5005543882637,0.7,-1.2411666666666665
17.35,164,AV,0,6,1,5,0,0,0,27,767.6170681366935,0.1,-0.2735
31.4,158,AV,1,1,5,3,1,0,0,66,4227.85786318916,0.8,-1.114
103.2,38,AV,0,8,8,4,2,0,0,60,10751.672106064549,0.4,-1.432
20.433333333333334,151,AV,2,3,0,2,8,0,0,42,626.2908344343901,0.1,-0.30433333333333334
