travel_time,id,kind,action,origin,destination,start_time,income,urgency,reward,observation,cost_table
46.416666666666664,134,AV,1,0,0,100,2046.5713793034688,0.1,-2.398864179865388,"0.19286507936507935,0.25101990049751244,0.31310000000000004,0.1,1.0,0.09842452245612708","0,0,0"
32.8,92,AV,1,0,0,60,1475.2077210572677,1.0,-12.218892235019792,"0.21257894736842103,0.26522528735632184,0.3218333333333333,1.0,0.6,0.07094627479744654","0,0,0"
15.833333333333334,213,AV,1,0,0,8,3863.855435177377,0.2,-3.089783386715916,"0.23502499999999993,0.2997000000000001,0.3288850574712644,0.2,0.08,0.18582206801713178","0,0,0"
34.86666666666667,4,AV,2,0,0,44,473.5024380788758,0.1,-0.4169053453118721,"0.22505303030303025,0.27438131313131314,0.2959722222222222,0.1,0.44,0.022771867046038015","0,0,0"
28.466666666666665,209,AV,1,0,0,45,3724.6301341612702,0.1,-2.677469810247243,"0.26631578947368423,0.28026328502415454,0.3463333333333333,0.1,0.45,0.17912638962306346","0,0,0"
35.016666666666666,13,AV,2,0,0,63,566.7055292848979,0.4,-2.004458446174361,"0.21465833333333328,0.2891788321167883,0.32719607843137255,0.4,0.63,0.027254227073231246","0,0,0"
30.8,267,AV,0,0,0,75,6434.117121135291,0.1,-7.00431331643856,"0.21345833333333328,0.27734272300469476,0.33934374999999994,0.1,0.75,0.3094321123996473","0,0,0"
29.333333333333332,143,AV,1,0,0,47,2198.5025098873134,0.3,-4.885561133082919,"0.2439367816091954,0.3080090439276486,0.3641614583333333,0.3,0.47,0.10573125464497639","0,0,0"
17.333333333333332,216,AV,1,0,0,12,3942.222625638348,0.2,-3.451103982040304,"0.21629166666666666,0.2726846153846154,0.3322115384615384,0.2,0.12,0.18959093402168548","0,0,0"
24.783333333333335,71,AV,1,0,0,30,1200.7903182940884,0.1,-0.7515047151949956,"0.21549333333333334,0.2685672043010753,0.33907291666666667,0.1,0.3,0.057748884228147654","0,0,0"
20.55,70,AV,1,0,0,19,1167.011530479414,0.3,-1.816824769041815,"0.2271521739130435,0.3137583333333333,0.3642222222222222,0.3,0.19,0.0561243813676915","0,0,0"
39.05,154,AV,0,0,0,98,2456.6540037696086,0.9,-23.802804283455274,"0.20317241379310347,0.30496538461538464,0.35069892473118275,0.9,0.98,0.11814637867321734","0,0,0"
37.03333333333333,286,AV,1,0,0,75,10450.70686878338,0.1,-9.773346238399272,"0.23148148148148145,0.3071827160493827,0.3441547619047619,0.1,0.75,0.5025995395474784","0,0,0"
24.75,261,AV,2,0,0,10,5984.209260784091,0.1,-3.740130787990058,"0.22889506172839508,0.27674516908212565,0.33812666666666674,0.1,0.1,0.28779496514344177","0,0,0"
30.766666666666666,144,AV,0,0,0,77,2212.8825544422834,0.3,-7.157804539773302,"0.17228030303030306,0.2670518518518518,0.3136827956989247,0.3,0.77,0.1064228254509272","0,0,0"
44.55,239,AV,1,0,0,93,4704.305573257116,0.2,-10.584687539828508,"0.24121666666666666,0.27122916666666663,0.3424444444444444,0.2,0.93,0.2262413293853024","0,0,0"
25.883333333333333,94,AV,1,0,0,39,1496.328062426438,0.3,-2.934087728470023,"0.2377733333333333,0.28060911270983213,0.36432692307692305,0.3,0.39,0.0719620026310286","0,0,0"
41.46666666666667,18,AV,1,0,0,87,610.4868582393152,0.2,-1.2785280330803168,"0.24605769230769226,0.27116536458333335,0.32605000000000006,0.2,0.87,0.029359776109248604","0,0,0"
5.083333333333333,40,AV,0,0,0,0,827.8499544782503,0.1,-2.106268617893883,"0.241,0.292134009009009,0.34451515151515144,0.1,0.0,0.03981328834109833","0,0,0"
32.416666666666664,296,AV,2,0,0,50,17322.90883950548,0.5,-70.90289918526548,"0.23136805555555554,0.30368733850129204,0.3302962962962963,0.5,0.5,0.833100202280572","0,0,0"
26.433333333333334,93,AV,1,0,0,42,1490.1599361877834,0.1,-0.9946943008391519,"0.21059027777777778,0.2767080459770115,0.3288015873015873,0.1,0.42,0.07166536265764283","0,0,0"
41.1,244,AV,1,0,0,86,4889.272753955773,0.8,-40.59577983587521,"0.22146296296296294,0.2645478036175711,0.3462171717171717,0.8,0.86,0.2351368443985718","0,0,0"
19.35,2,AV,1,0,0,18,437.8567856598078,0.1,-0.21395274753831522,"0.19591666666666666,0.2790720338983051,0.3143154761904762,0.1,0.18,0.021057582192617507","0,0,0"
18.966666666666665,225,AV,1,0,0,19,4381.240268036911,0.3,-6.29526695079041,"0.22612,0.31675520833333337,0.3501587301587301,0.3,0.19,0.2107043445969861","0,0,0"
20.85,107,AV,1,0,0,26,1659.6531244520008,0.2,-1.7476650325668797,"0.1885,0.2865456790123456,0.3338505747126437,0.2,0.26,0.07981669628967558","0,0,0"
28.266666666666666,89,AV,1,0,0,49,1467.6871321740252,0.1,-1.0476419933363412,"0.2190217391304348,0.2750871794871795,0.3299880952380952,0.1,0.49,0.07058459165416232","0,0,0"
44.03333333333333,74,AV,1,0,0,94,1249.5878531833848,0.7,-9.726379527261582,"0.18793181818181823,0.2947456140350877,0.3637222222222222,0.7,0.94,0.06009567462944302","0,0,0"
34.9,86,AV,1,0,0,68,1454.957177165027,0.2,-2.5645457314676485,"0.2454607843137255,0.3099876126126127,0.3800333333333334,0.2,0.68,0.06997237760909195","0,0,0"
43.25,204,AV,1,0,0,90,3531.3895067900216,0.1,-3.856883741633042,"0.1780576923076923,0.28270143884892085,0.34159649122807023,0.1,0.9,0.16983298473111647","0,0,0"
17.383333333333333,191,AV,1,0,0,6,3245.380745418587,0.5,-7.123173647877918,"0.2523571428571429,0.294744131455399,0.35900617283950625,0.5,0.06,0.156078137946426","0,0,0"
30.016666666666666,59,AV,1,0,0,52,1014.5614647146556,0.4,-3.076136696887365,"0.2457982456140351,0.27135697399527187,0.3005238095238095,0.4,0.52,0.04879269234230884","0,0,0"
40.81666666666667,167,AV,1,0,0,84,2753.3979495063454,0.4,-11.351972354109495,"0.2249513888888889,0.32326881720430106,0.3792115384615385,0.4,0.84,0.13241750620204337","0,0,0"
17.233333333333334,128,AV,1,0,0,11,2010.868248891871,0.3,-2.625300213831054,"0.20128735632183903,0.25696543209876543,0.32709615384615387,0.3,0.11,0.0967074733482937","0,0,0"
32.333333333333336,121,AV,1,0,0,63,1888.2149669861096,0.1,-1.541724341731083,"0.17245161290322578,0.25571358024691354,0.32045833333333335,0.1,0.63,0.09080878306984375","0,0,0"
31.366666666666667,158,AV,1,0,0,58,2533.2754137277425,0.1,-2.0065758958904087,"0.17971604938271607,0.2887487179487179,0.3227474747474747,0.1,0.58,0.12183128590944142","0,0,0"
43.333333333333336,256,AV,1,0,0,91,5807.233742044462,0.1,-6.3547170577927625,"0.19024561403508775,0.2609620098039216,0.30558571428571435,0.1,0.91,0.27928378830664774","0,0,0"
36.85,108,AV,1,0,0,74,1664.0464513081895,0.1,-1.548487669967343,"0.22992063492063494,0.2981240601503759,0.33735897435897433,0.1,0.74,0.08002798190726358","0,0,0"
40.266666666666666,165,AV,1,0,0,84,2648.588416164911,0.3,-8.079532340220233,"0.19012500000000002,0.23915595238095239,0.31717948717948713,0.3,0.84,0.1273769645564883","0,0,0"
37.583333333333336,179,AV,2,0,0,56,2964.6777926145683,0.2,-5.627397661907283,"0.2216,0.2989691780821917,0.36,0.2,0.56,0.14257846021167567","0,0,0"
22.383333333333333,230,AV,0,0,0,50,4559.760277629775,0.3,-9.732017743506045,"0.20114880952380948,0.26783214285714285,0.33319607843137256,0.3,0.5,0.21928979970044837","0,0,0"
43.983333333333334,153,AV,1,0,0,93,2436.431929205765,0.9,-24.355090383234902,"0.22265686274509805,0.27748571428571434,0.32576262626262625,0.9,0.93,0.11717385064309511","0,0,0"
20.966666666666665,193,AV,1,0,0,24,3257.3450634265246,0.2,-3.449276169857381,"0.24688596491228068,0.2902872340425532,0.3619055555555555,0.2,0.24,0.15665353067318508","0,0,0"
35.3,9,AV,1,0,0,69,513.3463032142733,0.7,-3.203229078895124,"0.25461666666666666,0.3106357615894041,0.3712894736842105,0.7,0.69,0.024688054010448962","0,0,0"
11.15,102,AV,1,0,0,0,1581.438059619256,0.2,-0.8905572911492275,"0.21544444444444444,0.3209887955182073,0.3360322580645161,0.2,0.0,0.07605514637116847","0,0,0"
17.55,41,AV,1,0,0,13,845.7864251007381,0.9,-3.373534491026808,"0.192875,0.247662962962963,0.30217948717948717,0.9,0.13,0.040675896199988425","0,0,0"
15.383333333333333,116,AV,1,0,0,9,1832.3133019091129,0.2,-1.423590216887299,"0.21735606060606064,0.25666908212560385,0.3234111111111111,0.2,0.09,0.08812033802202023","0,0,0"
44.18333333333333,258,AV,1,0,0,93,5825.994272151124,0.3,-19.500897494283624,"0.242,0.3393379953379953,0.4038333333333335,0.3,0.93,0.28018602716107777","0,0,0"
24.433333333333334,269,AV,1,0,0,36,6918.069898529506,0.1,-4.268472420557346,"0.21070833333333333,0.29124330900243306,0.3410600000000001,0.1,0.36,0.33270656130870674","0,0,0"
13.683333333333334,82,AV,0,0,0,23,1342.087988935639,0.1,-2.463743366547205,"0.23444696969696965,0.32926715686274505,0.372796875,0.1,0.23,0.06454422784415724","0,0,0"
35.71666666666667,81,AV,1,0,0,70,1317.647826688136,0.3,-3.5653021371119644,"0.24265833333333336,0.2936775362318841,0.3356612903225807,0.3,0.7,0.06336884186823323","0,0,0"
17.166666666666668,237,AV,1,0,0,11,4660.29795945294,0.4,-8.080988044169239,"0.18948039215686271,0.2665974178403756,0.3316666666666667,0.4,0.11,0.2241248977685445","0,0,0"
39.333333333333336,263,AV,1,0,0,79,6020.57275324985,0.3,-17.940090527360667,"0.2247416666666667,0.2991541950113379,0.3679927536231883,0.3,0.79,0.2895437726450875","0,0,0"
39.13333333333333,284,AV,1,0,0,80,8987.822610831106,0.3,-26.64571652807,"0.16257051282051282,0.2798159203980099,0.32029310344827594,0.3,0.8,0.4322459296252377","0,0,0"
43.233333333333334,295,AV,1,0,0,91,14754.343640924068,0.7,-112.75646962622021,"0.21209027777777772,0.26571153846153844,0.326025641025641,0.7,0.91,0.7095717460418045","0,0,0"
42.38333333333333,136,AV,1,0,0,88,2133.445027811215,0.2,-4.566793523336632,"0.22567948717948721,0.28902142857142854,0.3303611111111111,0.2,0.88,0.10260248441477932","0,0,0"
24.483333333333334,220,AV,1,0,0,31,4021.28082322038,0.1,-2.4862211823698392,"0.21584782608695652,0.329029262086514,0.3205869565217392,0.1,0.31,0.1933930322147629","0,0,0"
40.38333333333333,257,AV,1,0,0,86,5825.425317043349,0.1,-5.94065889865153,"0.24605882352941177,0.3225764840182649,0.36731481481481487,0.1,0.86,0.28015866474638357","0,0,0"
12.233333333333333,106,AV,0,0,0,18,1614.9493849180149,0.1,-2.4988942965192855,"0.1938115942028985,0.2898153846153846,0.34495000000000003,0.1,0.18,0.07766678631823196","0,0,0"
39.4,149,AV,2,0,0,72,2344.9936519099742,0.4,-9.332600998510403,"0.2429416666666666,0.3084065656565656,0.34129761904761907,0.4,0.72,0.11277636474640867","0,0,0"
21.85,118,AV,1,0,0,28,1836.592480640456,0.1,-1.0133723662119687,"0.24087499999999998,0.30340114942528734,0.38299333333333324,0.1,0.28,0.0883261339827163","0,0,0"
33.0,129,AV,1,0,0,64,2011.9739719035176,0.8,-13.413159812690118,"0.22097058823529409,0.28575968992248063,0.354061403508772,0.8,0.64,0.09676065021790628","0,0,0"
29.983333333333334,90,AV,1,0,0,49,1474.5167950508735,0.1,-1.1164375901921386,"0.2215555555555556,0.2799643765903308,0.32929687500000004,0.1,0.49,0.07091304650992157","0,0,0"
36.81666666666667,122,AV,1,0,0,73,1900.764377468582,0.1,-1.7671668812407824,"0.26903787878787877,0.3075277777777778,0.36199444444444445,0.1,0.73,0.09141231429593938","0,0,0"
42.8,140,AV,1,0,0,91,2164.09247058771,0.1,-2.3389686298271206,"0.20807638888888888,0.2945095238095238,0.35716666666666674,0.1,0.91,0.10407639338774885","0,0,0"
33.15,96,AV,2,0,0,41,1517.942512651984,0.1,-1.2707018761215472,"0.18266666666666664,0.25495454545454543,0.3045092592592592,0.1,0.41,0.07300149334369807","0,0,0"
26.85,46,AV,1,0,0,44,892.1845339920479,0.3,-1.814784449824734,"0.21424999999999997,0.30585784313725495,0.34039351851851857,0.3,0.44,0.042907292454561666","0,0,0"
16.7,61,AV,1,0,0,11,1068.5648373754009,0.1,-0.4506321410143735,"0.20692105263157892,0.2801754966887417,0.3779,0.1,0.11,0.05138984395837567","0,0,0"
9.35,285,AV,0,0,0,9,9667.56212442905,0.6,-15.695713009607822,"0.20145652173913045,0.2698846153846154,0.3501089743589743,0.6,0.09,0.4649362319020181","0,0,0"
13.016666666666667,160,AV,1,0,0,4,2553.8725848963804,0.3,-2.5184021323283754,"0.2472816091954023,0.3116703980099502,0.35839506172839514,0.3,0.04,0.122821853234247","0,0,0"
38.5,114,AV,1,0,0,71,1823.811293294481,0.4,-7.0925994739229825,"0.2113939393939394,0.30073282442748095,0.34483783783783784,0.4,0.71,0.08771145605177698","0,0,0"
31.133333333333333,67,AV,1,0,0,55,1141.5133047894662,0.2,-1.7949047587093627,"0.19242063492063494,0.2650055096418733,0.3319022988505747,0.2,0.55,0.05489811058505904","0,0,0"
35.8,66,AV,1,0,0,72,1135.438045570021,0.8,-8.211854955839746,"0.26612318840579713,0.307529810298103,0.3574950980392157,0.8,0.72,0.0546059368091927","0,0,0"
37.7,229,AV,0,0,0,82,4547.885280126284,0.2,-10.659357326301057,"0.2538684210526316,0.2941077097505668,0.35297222222222224,0.2,0.82,0.2187187026108142","0,0,0"
26.783333333333335,62,AV,1,0,0,41,1074.3823512953045,0.4,-2.906620266888139,"0.23626811594202898,0.31014388489208633,0.36634523809523806,0.4,0.41,0.0516696221450731","0,0,0"
29.016666666666666,127,AV,0,0,0,67,1997.7276787447236,0.4,-7.85529274191004,"0.21649242424242426,0.27185547785547787,0.3396733333333334,0.4,0.67,0.09607551183714699","0,0,0"
31.45,205,AV,2,0,0,38,3539.477986656502,0.2,-5.6220496303205545,"0.23271666666666668,0.3031364653243848,0.36364516129032254,0.2,0.38,0.17022197911279557","0,0,0"
34.06666666666667,73,AV,1,0,0,65,1239.4416864014672,0.3,-3.198761119955302,"0.23149305555555558,0.29547887323943656,0.35514583333333327,0.3,0.65,0.05960772115253554","0,0,0"
12.966666666666667,19,AV,1,0,0,1,615.3970356119416,0.5,-1.0075313419740963,"0.20521969696969694,0.2704424460431654,0.3422701149425288,0.5,0.01,0.029595918306859183","0,0,0"
40.21666666666667,192,AV,1,0,0,84,3256.7228478661937,0.5,-16.537189040195972,"0.23224242424242422,0.32007857142857143,0.37042857142857144,0.5,0.84,0.15662360683568316","0,0,0"
47.03333333333333,277,AV,2,0,0,91,8028.27043643778,1.0,-95.35260594119282,"0.17804166666666668,0.27005802469135803,0.32617816091954027,1.0,0.91,0.3860987658900816","0,0,0"
30.283333333333335,56,AV,1,0,0,54,975.0940381265832,0.2,-1.4913685751481496,"0.17866666666666664,0.2339751243781094,0.29469696969696973,0.2,0.54,0.04689460920981367","0,0,0"
43.833333333333336,188,AV,1,0,0,92,3169.820795106812,0.1,-3.5086821090618328,"0.21378666666666665,0.3008625304136254,0.3448095238095238,0.1,0.92,0.15244427884849596","0,0,0"
22.1,111,AV,1,0,0,25,1797.659883656486,0.9,-9.02915532472917,"0.2507333333333333,0.32250595238095237,0.3797,0.9,0.25,0.08645377208765831","0,0,0"
30.183333333333334,20,AV,1,0,0,54,623.7253316558669,0.4,-1.9016272316982743,"0.2542894736842105,0.3038107142857143,0.3272380952380952,0.4,0.54,0.02999644602325653","0,0,0"
35.43333333333333,54,AV,1,0,0,70,946.2003450753726,0.1,-0.8466422279588561,"0.2536818181818181,0.3219930069930071,0.3780933333333333,0.1,0.7,0.04550504226418034","0,0,0"
16.833333333333332,178,AV,1,0,0,8,2953.761118311176,0.6,-7.533582650238099,"0.1929561403508772,0.2794291666666668,0.32886805555555554,0.6,0.08,0.14205345118145746","0,0,0"
39.1,156,AV,0,0,0,90,2476.7673195544394,0.2,-6.890990009827201,"0.25229545454545454,0.3179806763285024,0.35827222222222216,0.2,0.9,0.11911367623300487","0,0,0"
24.45,120,AV,1,0,0,38,1880.1756700095973,0.4,-4.643464154720672,"0.22452083333333334,0.27226492537313435,0.3298125,0.4,0.38,0.0904221540112152","0,0,0"
23.266666666666666,8,AV,2,0,0,2,508.6019702527906,0.7,-2.091775443312403,"0.1912083333333333,0.2959955555555556,0.35530833333333334,0.7,0.02,0.024459887668034006","0,0,0"
25.566666666666666,251,AV,2,0,0,9,5370.167679594476,0.8,-27.736825658242175,"0.21264035087719294,0.3046889671361503,0.35213793103448265,0.8,0.09,0.2582642338882426","0,0,0"
35.45,176,AV,1,0,0,65,2949.689674384749,0.8,-21.124545243826134,"0.1926264367816092,0.2794871794871795,0.31510119047619045,0.8,0.65,0.1418576456853883","0,0,0"
37.55,243,AV,0,0,0,86,4864.205776554158,0.1,-6.612397144182035,"0.21593518518518517,0.3147476525821596,0.36940000000000006,0.1,0.86,0.23393131337965753","0,0,0"
28.833333333333332,202,AV,1,0,0,46,3476.696831582168,0.1,-2.53143329908971,"0.1932435897435897,0.25885227272727274,0.3143437500000001,0.1,0.46,0.16720268290357254","0,0,0"
35.2,214,AV,1,0,0,70,3933.772930850901,0.3,-10.490061148935736,"0.18725925925925924,0.2804066193853428,0.3214242424242424,0.3,0.7,0.1891845679487672","0,0,0"
20.816666666666666,168,AV,1,0,0,25,2756.9260540590044,0.1,-1.4492426942422967,"0.21874666666666667,0.2867946009389672,0.3552222222222223,0.1,0.25,0.1325871812054576","0,0,0"
39.43333333333333,27,AV,1,0,0,73,742.6585956180782,0.3,-2.2185987843843087,"0.21033333333333334,0.2713841145833334,0.32673076923076927,0.3,0.73,0.03571623172338353","0,0,0"
47.13333333333333,103,AV,2,0,0,99,1587.6148581174584,0.1,-1.8896358664798705,"0.2451736111111111,0.30136428571428575,0.33779487179487183,0.1,0.99,0.07635220341429991","0,0,0"
34.483333333333334,49,AV,1,0,0,61,926.7012599248138,0.1,-0.8069633446062459,"0.21435897435897439,0.2461834451901566,0.322231884057971,0.1,0.61,0.04456728452766382","0,0,0"
44.56666666666667,283,AV,1,0,0,95,8975.220492497892,0.3,-30.302701511287083,"0.16370833333333334,0.2978277777777778,0.34408823529411764,0.3,0.95,0.43163986355227996","0,0,0"
41.68333333333333,141,AV,1,0,0,87,2187.718469250836,0.4,-9.211252342754781,"0.16570000000000001,0.2432782051282051,0.3241722222222223,0.4,0.87,0.10521262428567076","0,0,0"
26.166666666666668,50,AV,1,0,0,40,931.9887487728153,0.9,-5.542508846868636,"0.20884259259259255,0.2755169270833333,0.3552587719298246,0.9,0.4,0.04482157253839216","0,0,0"
22.633333333333333,124,AV,0,0,0,46,1927.298426803608,0.1,-3.1015451446124995,"0.23738888888888884,0.316436507936508,0.3801944444444445,0.1,0.46,0.0926884003201249","0,0,0"
22.55,79,AV,1,0,0,31,1293.252850487379,0.5,-3.6821782548598985,"0.24025000000000002,0.30649999999999994,0.3834358974358974,0.5,0.31,0.06219562899759039","0,0,0"
39.65,98,AV,1,0,0,76,1530.6528609905624,0.1,-1.532585503491813,"0.22530555555555562,0.28588346883468835,0.3651363636363636,0.1,0.76,0.07361276445699849","0,0,0"
16.6,33,AV,1,0,0,3,793.0252767736928,0.1,-0.3324297877384672,"0.18253205128205127,0.27822351421188635,0.34840476190476194,0.1,0.03,0.03813848612925163","0,0,0"
27.65,207,AV,2,0,0,32,3564.273841812899,1.0,-24.886912052052185,"0.17601666666666665,0.2370986394557823,0.3187738095238095,1.0,0.32,0.17141447121316408","0,0,0"
11.1,299,AV,1,0,0,2,20793.30768626012,0.3,-17.485281463446007,"0.25446111111111114,0.2919076923076923,0.35235000000000005,0.3,0.02,1.0","0,0,0"
33.5,189,AV,2,0,0,48,3225.188153267811,0.2,-5.456757734064225,"0.2083076923076923,0.2972450980392157,0.3637797619047619,0.2,0.48,0.15510702779620594","0,0,0"
45.78333333333333,288,AV,1,0,0,99,11861.36896338871,0.6,-82.28075894552724,"0.24191304347826087,0.30766299019607846,0.34248387096774197,0.6,0.99,0.57044166047841","0,0,0"
33.21666666666667,72,AV,2,0,0,50,1205.4292211271013,0.2,-2.022239425678715,"0.214563492063492,0.27516534391534386,0.33486324786324795,0.2,0.5,0.05797198018301001","0,0,0"
39.81666666666667,95,AV,1,0,0,81,1509.578116022191,0.3,-4.553512776738654,"0.18317543859649124,0.27150118203309687,0.3260987654320988,0.3,0.81,0.07259922946360745","0,0,0"
20.533333333333335,146,AV,1,0,0,25,2225.3307045190536,0.2,-2.3077503602419815,"0.21264666666666668,0.28046666666666664,0.33403999999999995,0.2,0.25,0.10702148682143131","0,0,0"
24.916666666666668,197,AV,1,0,0,26,3278.222126324269,0.6,-12.3761163607444,"0.2559393939393939,0.3188192488262911,0.39713333333333334,0.6,0.26,0.1576575586620336","0,0,0"
39.43333333333333,150,AV,1,0,0,77,2352.9451803313505,0.2,-4.686084424801326,"0.20540833333333336,0.29831205673758865,0.38202777777777774,0.2,0.77,0.11315877280487406","0,0,0"
35.166666666666664,53,AV,1,0,0,68,943.1907669438916,0.2,-1.6751957224340162,"0.2413064516129032,0.29078333333333334,0.3312631578947369,0.2,0.68,0.04536030443906415","0,0,0"
14.266666666666667,76,AV,1,0,0,8,1261.43865123121,0.1,-0.45445769589811275,"0.18727777777777777,0.2776399491094148,0.3525729166666666,0.1,0.08,0.060665607909257666","0,0,0"
39.61666666666667,206,AV,1,0,0,81,3558.5090095449787,0.1,-3.5600066985220598,"0.2183020833333333,0.2750852417302799,0.3354637681159421,0.1,0.81,0.17113722661336772","0,0,0"
45.4,266,AV,1,0,0,97,6427.339783247283,0.5,-36.84358916154377,"0.24404901960784314,0.30824059139784943,0.3603444444444445,0.5,0.97,0.3091061739780037","0,0,0"
29.866666666666667,148,AV,1,0,0,53,2318.1098695731453,1.0,-17.483387568497797,"0.2254848484848485,0.2879761904761905,0.35411764705882354,1.0,0.53,0.1114834592239942","0,0,0"
5.35,274,AV,0,0,0,1,7572.106998522375,0.2,-4.0459986081866015,"0.16240151515151516,0.2884179104477612,0.35253472222222215,0.2,0.01,0.3641607729166582","0,0,0"
14.983333333333333,145,AV,1,0,0,4,2215.952556227922,0.4,-3.353773313213639,"0.22395238095238093,0.29289427860696515,0.33665151515151515,0.4,0.04,0.10657046919438351","0,0,0"
24.966666666666665,282,AV,1,0,0,36,8689.506535985933,0.1,-5.478485181358134,"0.21575925925925926,0.2749083969465649,0.3416011904761905,0.1,0.36,0.4178991946398128","0,0,0"
18.7,195,AV,1,0,0,17,3269.866339895674,0.6,-9.264621296371075,"0.26369333333333334,0.332800505050505,0.3938737373737374,0.6,0.17,0.15725570886715387","0,0,0"
24.716666666666665,218,AV,1,0,0,38,3971.0791127863904,0.2,-4.957163572611293,"0.2243833333333333,0.2958439716312056,0.35619298245614034,0.2,0.38,0.19097871164626756","0,0,0"
24.35,171,AV,1,0,0,36,2813.5576138103806,0.3,-5.1901612042638465,"0.24375925925925926,0.3088872549019608,0.3457098765432099,0.3,0.36,0.13531072863744203","0,0,0"
12.233333333333333,45,AV,0,0,0,17,877.2934597877683,0.1,-2.2710157405236626,"0.22877777777777777,0.2645931758530184,0.36294736842105274,0.1,0.17,0.04219114500803879","0,0,0"
39.75,254,AV,1,0,0,74,5578.433439706214,0.2,-11.199127738804142,"0.2028666666666667,0.29509234234234233,0.3477345679012347,0.2,0.74,0.2682802334230043","0,0,0"
25.083333333333332,271,AV,2,0,0,8,7177.938863287724,0.1,-4.546632150356913,"0.24500757575757576,0.28618750000000004,0.3440483870967742,0.1,0.08,0.345204282627472","0,0,0"
31.316666666666666,289,AV,1,0,0,58,11940.25564443948,0.4,-37.77060665976731,"0.2555576923076923,0.3036914600550965,0.3207647058823529,0.4,0.58,0.5742355100304415","0,0,0"
26.166666666666668,42,AV,1,0,0,40,850.3216016091212,0.1,-0.5618707552720204,"0.21663725490196079,0.27094117647058824,0.3541811594202899,0.1,0.4,0.04089400370730819","0,0,0"
21.233333333333334,232,AV,1,0,0,24,4577.590037133467,1.0,-24.544822000454705,"0.20216071428571433,0.3048496240601503,0.34965517241379307,1.0,0.24,0.22014727556589106","0,0,0"
35.31666666666667,172,AV,1,0,0,62,2815.231094880572,0.1,-2.5107216708972784,"0.22572222222222224,0.3097862903225807,0.35380769230769227,0.1,0.62,0.13539121035278245","0,0,0"
23.833333333333332,276,AV,0,0,0,59,7897.119961473183,0.3,-16.25868881932658,"0.2284722222222222,0.2901034063260341,0.3635287356321839,0.3,0.59,0.37979142523300763","0,0,0"
13.666666666666666,298,AV,0,0,0,23,18628.94525544202,0.1,-8.429181443376454,"0.23357142857142854,0.31230853994490365,0.362577380952381,0.1,0.23,0.8959106235777834","0,0,0"
20.983333333333334,132,AV,1,0,0,16,2035.9911412414244,1.0,-10.788353732419838,"0.21282692307692305,0.26567676767676773,0.34142187500000004,1.0,0.16,0.09791569345106042","0,0,0"
23.033333333333335,22,AV,1,0,0,31,639.9143284368583,0.4,-1.4888242456224552,"0.18230392156862746,0.28285,0.36303846153846153,0.4,0.31,0.030775013677102628","0,0,0"
27.5,280,AV,0,0,0,64,8436.938288223368,1.0,-60.589849223773385,"0.19635714285714287,0.2602762237762238,0.3431916666666666,1.0,0.64,0.4057525822983113","0,0,0"
40.13333333333333,117,AV,1,0,0,77,1836.3970218708375,0.1,-1.861129641694014,"0.25399074074074074,0.3286080459770115,0.35457407407407404,0.1,0.77,0.08831673390204767","0,0,0"
41.86666666666667,84,AV,1,0,0,87,1446.9812594843625,0.2,-3.0596102052396623,"0.23903030303030307,0.3117189054726368,0.3496590909090909,0.2,0.87,0.06958879661269593","0,0,0"
29.85,131,AV,1,0,0,51,2034.664800296876,0.4,-6.134822655440581,"0.2424382716049383,0.3001264775413711,0.3445,0.4,0.51,0.09785190653632031","0,0,0"
45.25,91,AV,1,0,0,97,1474.807688008607,0.4,-6.740913927514088,"0.2699444444444444,0.306084656084656,0.35194252873563214,0.4,0.97,0.07092703624941481","0,0,0"
35.233333333333334,55,AV,1,0,0,62,950.4213588862824,0.2,-1.6912380073111124,"0.23702976190476188,0.2838072139303483,0.36392857142857143,0.2,0.62,0.04570804093445438","0,0,0"
30.433333333333334,228,AV,2,0,0,27,4434.023444374438,0.6,-20.445774771282135,"0.1619351851851852,0.26578605200945626,0.322179012345679,0.6,0.27,0.2132428140475394","0,0,0"
38.4,194,AV,1,0,0,74,3257.969850357721,0.1,-3.159243491255972,"0.19321875,0.25863028169014085,0.32094791666666667,0.1,0.74,0.15668357817407447","0,0,0"
23.966666666666665,43,AV,1,0,0,33,857.6590975250949,0.1,-0.5190714571721744,"0.22354166666666664,0.27888968824940047,0.3332816091954023,0.1,0.33,0.041246881470994735","0,0,0"
34.733333333333334,29,AV,1,0,0,67,767.6170681366935,0.2,-1.3465605808054457,"0.2485185185185185,0.2986049868766404,0.34325000000000006,0.2,0.67,0.036916544482430876","0,0,0"
38.03333333333333,294,AV,1,0,0,75,13460.811009378149,0.4,-51.713082025927505,"0.19121969696969696,0.2724007633587786,0.34267361111111116,0.4,0.75,0.6473626617025839","0,0,0"
46.56666666666667,105,AV,2,0,0,92,1592.2311391495805,0.1,-1.8723458765925625,"0.20924561403508768,0.28385766423357667,0.3218225806451613,0.1,0.92,0.07657421143254188","0,0,0"
44.68333333333333,100,AV,1,0,0,96,1567.0706205360798,0.1,-1.7682307801587664,"0.154,0.2828622685185185,0.37029545454545454,0.1,0.96,0.07536418179256658","0,0,0"
23.666666666666668,133,AV,0,0,0,52,2043.1688306873104,0.3,-5.66325724693937,"0.21693181818181817,0.29029389312977094,0.322520202020202,0.3,0.52,0.09826088573860729","0,0,0"
20.55,11,AV,1,0,0,20,522.440884226393,0.7,-1.897806090807238,"0.2392045454545454,0.29142976190476194,0.341827380952381,0.7,0.2,0.02512543420745","0,0,0"
35.95,68,AV,1,0,0,70,1148.2139867956057,0.6,-6.2542867917124285,"0.22727777777777772,0.2898562801932368,0.32188888888888884,0.6,0.7,0.05522036244162957","0,0,0"
36.416666666666664,34,AV,1,0,0,71,801.7987355487146,0.1,-0.7373443759149584,"0.23671969696969697,0.3097797619047619,0.3588809523809524,0.1,0.71,0.03856042278826712","0,0,0"
23.9,139,AV,1,0,0,34,2147.781038516846,0.4,-5.185047153591174,"0.18535185185185185,0.27955145413870247,0.3664565217391304,0.4,0.34,0.10329193752738362","0,0,0"
15.283333333333333,264,AV,1,0,0,9,6130.868263041086,0.1,-2.3661642244144256,"0.30133333333333334,0.3349933333333333,0.3987095238095239,0.1,0.09,0.29484814804583803","0,0,0"
19.3,217,AV,1,0,0,20,3958.913906791885,0.3,-5.788412000082074,"0.15837254901960782,0.24588380281690136,0.2906444444444445,0.3,0.2,0.1903936577347851","0,0,0"
10.283333333333333,52,AV,0,0,0,15,934.0011274976006,0.6,-3.455249231479847,"0.19864285714285715,0.27587435897435897,0.33988596491228074,0.6,0.15,0.04491835265414619","0,0,0"
28.833333333333332,198,AV,1,0,0,45,3382.383844415393,0.4,-9.851050590637424,"0.2180882352941176,0.32958547008547007,0.37498333333333334,0.4,0.45,0.16266694531964326","0,0,0"
13.8,290,AV,1,0,0,4,12197.400506638176,1.0,-42.506092674648194,"0.2431439393939394,0.32024019607843135,0.3431041666666667,1.0,0.04,0.5866022227285186","0,0,0"
36.78333333333333,75,AV,1,0,0,72,1260.6549751070208,0.1,-1.1709871759516814,"0.24127777777777776,0.2877253521126761,0.3455833333333333,0.1,0.72,0.06062791904628244","0,0,0"
27.35,272,AV,0,0,0,66,7334.728577480919,0.2,-12.131556898692079,"0.19925490196078427,0.2911524822695035,0.3599375000000001,0.2,0.66,0.352744675746206","0,0,0"
47.833333333333336,28,AV,2,0,0,92,763.1985099142711,0.1,-0.9218769879856727,"0.2401597222222222,0.32594131455399067,0.3718819444444444,0.1,0.92,0.03670404542797105","0,0,0"
45.85,249,AV,1,0,0,100,5158.4050556257225,0.2,-11.945094535375725,"0.20936274509803923,0.25332720588235297,0.34925000000000006,0.2,1.0,0.24808006178999184","0,0,0"
26.516666666666666,137,AV,1,0,0,43,2141.869626207308,1.0,-14.342233061009374,"0.24343333333333333,0.31872051282051284,0.349536231884058,1.0,0.43,0.10300764354209123","0,0,0"
18.233333333333334,234,AV,1,0,0,17,4617.1597275219765,0.1,-2.125914453665422,"0.2499791666666667,0.34332111111111124,0.3763194444444444,0.1,0.17,0.2220502768096353","0,0,0"
43.28333333333333,16,AV,1,0,0,91,591.6693204447811,0.2,-1.293405071713044,"0.2523484848484849,0.2749435483870968,0.3815098039215687,0.2,0.91,0.028454795618483852","0,0,0"
38.983333333333334,47,AV,1,0,0,76,905.8209551718018,0.8,-7.133721259753686,"0.2495066666666667,0.31393478260869573,0.34772222222222227,0.8,0.76,0.04356310063022602","0,0,0"
18.783333333333335,196,AV,1,0,0,18,3274.575105225111,0.1,-1.5532180739009684,"0.2318333333333333,0.2766770833333333,0.3395486111111111,0.1,0.18,0.15748216467690215","0,0,0"
27.0,203,AV,1,0,0,44,3480.90175047103,0.3,-7.120026307781652,"0.2043809523809524,0.25907971014492753,0.3021842105263158,0.3,0.44,0.1674049075304721","0,0,0"
18.95,246,AV,0,0,0,39,4951.479839002994,0.1,-4.369458155280473,"0.1929080459770115,0.23742650918635172,0.3181172839506172,0.1,0.39,0.23812853220437127","0,0,0"
25.25,253,AV,1,0,0,43,5568.958209200236,0.1,-3.550914009654191,"0.23829999999999998,0.2901118568232662,0.3412380952380953,0.1,0.43,0.2678245468795767","0,0,0"
35.766666666666666,169,AV,1,0,0,71,2780.081336731352,0.5,-12.554828595592344,"0.19660000000000002,0.2744206896551724,0.34218421052631576,0.5,0.71,0.13370077424326215","0,0,0"
25.633333333333333,138,AV,2,0,0,17,2142.030696222753,0.2,-2.7731003457833285,"0.21373737373737367,0.2979785353535354,0.37625333333333333,0.2,0.17,0.10301538978515534","0,0,0"
10.2,26,AV,0,0,0,17,670.158540600369,0.6,-3.035699562746025,"0.24710000000000004,0.3184716049382717,0.3711888888888889,0.6,0.17,0.032229530323508795","0,0,0"
35.78333333333333,24,AV,0,0,0,82,650.412147456106,0.1,-2.5877251180927017,"0.23296825396825396,0.30501626016260164,0.3743287037037037,0.1,0.82,0.0312798789528752","0,0,0"
35.35,39,AV,1,0,0,70,827.3783452591958,0.7,-5.170069988242122,"0.18489166666666665,0.2591689814814815,0.2929393939393939,0.7,0.7,0.03979060752349248","0,0,0"
26.933333333333334,7,AV,1,0,0,42,506.5869000089976,0.1,-0.3445473191980388,"0.23919607843137258,0.2988688725490196,0.3709022988505747,0.1,0.42,0.02436297811068039","0,0,0"
13.516666666666667,262,AV,1,0,0,3,6007.794801579103,0.2,-4.101280794680684,"0.21544736842105267,0.27373111111111115,0.2980793650793651,0.2,0.03,0.2889292503255245","0,0,0"
24.966666666666665,31,AV,1,0,0,38,777.0630287344238,0.1,-0.4899160004394642,"0.23241666666666672,0.24966784869976358,0.34123333333333344,0.1,0.38,0.037370823365822384","0,0,0"
17.35,130,AV,1,0,0,13,2030.86588445069,0.4,-3.559143746991866,"0.20052173913043478,0.27825510204081627,0.32354629629629633,0.4,0.13,0.09766920756877238","0,0,0"
31.183333333333334,25,AV,1,0,0,56,658.4091024775607,0.4,-2.0738778295210714,"0.1879621212121212,0.28239135802469134,0.34584782608695663,0.4,0.56,0.03166447168540803","0,0,0"
29.966666666666665,32,AV,1,0,0,52,779.2240782816187,0.2,-1.1793307178033254,"0.22245454545454546,0.2689490740740741,0.35113157894736846,0.2,0.52,0.03747475341773148","0,0,0"
22.666666666666668,135,AV,1,0,0,30,2078.9202215407213,0.1,-1.189954335562029,"0.20822222222222225,0.27153125,0.3511666666666667,0.1,0.3,0.09998025580674873","0,0,0"
34.666666666666664,226,AV,1,0,0,69,4412.688598555705,0.2,-7.725919431814702,"0.21004,0.27279753086419756,0.3348333333333333,0.2,0.69,0.21221677018089516","0,0,0"
8.466666666666667,184,AV,0,0,0,14,3001.8426729260827,0.1,-2.641808113571738,"0.21712666666666666,0.27816786570743407,0.34374999999999994,0.1,0.14,0.14436580837543475","0,0,0"
30.466666666666665,63,AV,1,0,0,53,1076.386102050743,0.3,-2.4843861042282294,"0.25169444444444444,0.2602222222222223,0.3203472222222222,0.3,0.53,0.051765987321103386","0,0,0"
37.8,183,AV,1,0,0,74,2991.769966736588,0.1,-2.855780422794015,"0.19746969696969696,0.28117906336088155,0.3690555555555555,0.1,0.74,0.143881387794473","0,0,0"
21.233333333333334,210,AV,1,0,0,29,3759.463069718096,0.3,-6.047419129824311,"0.19561904761904764,0.2689591836734694,0.3230681818181818,0.3,0.29,0.18080158897481655","0,0,0"
27.85,211,AV,1,0,0,44,3793.837230001502,0.1,-2.668140577160148,"0.1651014492753623,0.2892271604938272,0.33016666666666666,0.1,0.44,0.1824547247241673","0,0,0"
24.8,259,AV,1,0,0,38,5899.132481879994,0.6,-22.16643720463998,"0.22370512820512822,0.3216174242424243,0.3723697916666666,0.6,0.38,0.2837034189504176","0,0,0"
30.75,119,AV,1,0,0,56,1869.7531794209297,0.4,-5.807566693655918,"0.21576811594202894,0.24847601918465226,0.3308939393939394,0.4,0.56,0.0899209114602018","0,0,0"
39.15,0,AV,1,0,0,75,419.7646265090227,0.1,-0.41499457393505657,"0.24738461538461537,0.301,0.3347321428571429,0.1,0.75,0.02018748689927752","0,0,0"
32.78333333333333,80,AV,1,0,0,64,1301.8927857652438,0.1,-1.0777875040405027,"0.22476262626262627,0.3175853018372704,0.37759999999999994,0.1,0.64,0.06261114419162438","0,0,0"
32.15,250,AV,0,0,0,77,5168.6614957092925,0.4,-18.785097685560984,"0.22498484848484845,0.28972800925925923,0.33470833333333333,0.4,0.77,0.24857331857425743","0,0,0"
41.6,51,AV,1,0,0,88,932.0432837729122,0.1,-0.9791161768927563,"0.20183333333333334,0.31458396946564887,0.36694047619047615,0.1,0.88,0.04482419525724574","0,0,0"
18.633333333333333,291,AV,1,0,0,14,12726.503958899895,0.2,-11.976625779503438,"0.2736916666666667,0.3417245370370371,0.40241666666666664,0.2,0.14,0.6120480758003385","0,0,0"
28.283333333333335,273,AV,1,0,0,44,7336.658338656486,0.1,-5.240029124873762,"0.24606790123456793,0.30114550264550266,0.35259770114942524,0.1,0.44,0.35283748258601644","0,0,0"
25.283333333333335,10,AV,0,0,0,64,513.7357984527049,1.0,-5.280038746855023,"0.24597999999999998,0.29468014705882356,0.3610919540229885,1.0,0.64,0.024706785769931794","0,0,0"
12.583333333333334,36,AV,1,0,0,3,813.126641713825,0.3,-0.7751396647650731,"0.2232727272727273,0.2626444444444445,0.32902020202020205,0.3,0.03,0.03910520894427614","0,0,0"
27.633333333333333,227,AV,1,0,0,44,4429.527615460413,0.7,-21.636825549256542,"0.23246551724137932,0.28344244604316543,0.3374545454545455,0.7,0.44,0.21302659886033296","0,0,0"
19.566666666666666,238,AV,1,0,0,16,4662.282088415262,0.5,-11.518348425504035,"0.22982666666666662,0.29780133333333336,0.3233480392156862,0.5,0.16,0.2242203192855181","0,0,0"
16.716666666666665,152,AV,1,0,0,12,2417.357356239525,0.2,-2.040917027195491,"0.27765625,0.30580413625304137,0.34793693693693695,0.2,0.12,0.11625650871491097","0,0,0"
13.066666666666666,64,AV,1,0,0,4,1100.389953660579,0.3,-1.0892749036236034,"0.28871875,0.3285731981981982,0.3744423076923077,0.3,0.04,0.052920390072797266","0,0,0"
30.0,151,AV,1,0,0,45,2382.718205806423,0.6,-10.830537299120104,"0.1519259259259259,0.2559868766404199,0.31457142857142856,0.6,0.45,0.11459062895418437","0,0,0"
17.35,222,AV,0,0,0,32,4061.843573313689,0.3,-7.338862575529735,"0.19156410256410258,0.2784415422885572,0.3345869565217391,0.3,0.32,0.19534379207968386","0,0,0"
35.25,241,AV,1,0,0,70,4756.448820673547,0.5,-21.169800622315975,"0.22523456790123458,0.2874014084507042,0.3169126984126984,0.5,0.7,0.22874902312038267","0,0,0"
15.3,85,AV,0,0,0,30,1447.5744631551047,0.2,-3.11858026698349,"0.19875595238095237,0.30307611548556435,0.35714285714285715,0.2,0.3,0.06961732519889745","0,0,0"
20.05,190,AV,1,0,0,24,3236.647802754315,0.3,-4.91627185191091,"0.2159074074074074,0.28261200000000003,0.3318177083333334,0.3,0.24,0.1556581498042776","0,0,0"
45.31666666666667,97,AV,2,0,0,94,1530.0661682302475,0.4,-7.003787729660006,"0.2246742424242424,0.3021226666666667,0.33588,0.4,0.94,0.07358454899608351","0,0,0"
20.283333333333335,164,AV,2,0,0,3,2645.062412614309,0.2,-2.709630434471056,"0.29103030303030303,0.3373579418344519,0.38892105263157895,0.2,0.03,0.1272073905952983","0,0,0"
33.3,83,AV,2,0,0,39,1348.5865378412918,0.3,-3.402116038645077,"0.23958695652173911,0.3144049295774648,0.3528666666666668,0.3,0.39,0.06485675863549194","0,0,0"
26.183333333333334,233,AV,1,0,0,41,4609.601315671212,0.3,-9.143539983484185,"0.19082575757575754,0.23773076923076922,0.3198765432098765,0.3,0.41,0.2216867746691962","0,0,0"
17.283333333333335,242,AV,0,0,0,37,4818.617258984985,0.1,-4.1030749568886495,"0.26295138888888886,0.31316299019607846,0.35718888888888883,0.1,0.37,0.23173885231203734","0,0,0"
23.783333333333335,147,AV,2,0,0,5,2260.56382504795,0.1,-1.357670277080566,"0.2692028985507246,0.312025,0.3670987654320988,0.1,0.05,0.10871593202757703","0,0,0"
15.066666666666666,268,AV,1,0,0,7,6446.254396158338,1.0,-24.52615308976068,"0.2186543209876543,0.2754119047619048,0.34348550724637683,1.0,0.07,0.3100158230437728","0,0,0"
22.316666666666666,157,AV,1,0,0,30,2520.757475212996,1.0,-14.20578391965573,"0.22631609195402297,0.28441035353535354,0.35447701149425287,1.0,0.3,0.12122926824569963","0,0,0"
44.833333333333336,187,AV,2,0,0,75,3119.7161673652217,0.4,-14.128007559280215,"0.2435526315789474,0.2910706018518518,0.34738,0.4,0.75,0.1500346272193471","0,0,0"
25.5,77,AV,0,0,0,64,1275.9312017726234,0.5,-6.1081118238891285,"0.18478030303030302,0.2402018779342723,0.34835256410256416,0.5,0.64,0.06136258939772906","0,0,0"
42.05,38,AV,1,0,0,89,822.5771428470101,0.3,-2.6204067315694526,"0.19370833333333334,0.27063526570048313,0.3411474358974359,0.3,0.89,0.039559706192899544","0,0,0"
43.85,215,AV,1,0,0,92,3941.04555698938,0.1,-4.364011304898594,"0.24762499999999998,0.29047052154195013,0.34402898550724637,0.1,0.92,0.18953432596938674","0,0,0"
34.3,30,AV,1,0,0,66,776.0711537761008,0.6,-4.033218268866705,"0.1902583333333333,0.28008049886621317,0.31901449275362315,0.6,0.66,0.03732312172194307","0,0,0"
39.666666666666664,37,AV,2,0,0,79,816.2772675203604,0.1,-0.8176514716744351,"0.27644444444444444,0.3321713286713286,0.3871083333333333,0.1,0.79,0.03925673009012141","0,0,0"
20.5,270,AV,0,0,0,41,7099.697064525982,1.0,-38.75348227848046,"0.18038541666666663,0.26793377483443703,0.33963043478260874,1.0,0.41,0.3414414470102487","0,0,0"
28.3,248,AV,1,0,0,47,5144.150368411208,0.1,-3.676248874394878,"0.22392982456140345,0.29145486111111113,0.35213333333333324,0.1,0.47,0.2473945197189757","0,0,0"
46.016666666666666,101,AV,1,0,0,99,1573.7150367511856,0.1,-1.8287151584469796,"0.23445833333333332,0.3174094202898551,0.35511979166666663,0.1,0.99,0.07568372769239937","0,0,0"
20.483333333333334,113,AV,1,0,0,25,1805.1606101798543,0.1,-0.9337299620837716,"0.24902777777777782,0.29261733333333323,0.33427956989247315,0.1,0.25,0.08681450000245393","0,0,0"
32.2,186,AV,0,0,0,80,3064.640983136323,1.0,-26.91955546893677,"0.21163492063492065,0.2702114427860696,0.31230128205128205,1.0,0.8,0.14738592961625765","0,0,0"
22.983333333333334,236,AV,2,0,0,1,4645.51881630073,0.3,-8.088599050099376,"0.25305555555555553,0.28628063725490194,0.3473571428571428,0.3,0.01,0.22341413335457028","0,0,0"
40.5,58,AV,2,0,0,75,1011.0784796502788,0.1,-1.0340575360059672,"0.18258888888888886,0.26164084507042257,0.30906111111111106,0.1,0.75,0.04862518724321976","0,0,0"
46.2,278,AV,2,0,0,86,8326.33528790118,0.2,-19.428115671769422,"0.2032037037037037,0.29389267676767683,0.35160666666666673,0.2,0.86,0.40043341894099355","0,0,0"
30.816666666666666,260,AV,1,0,0,55,5911.733280178027,0.2,-9.201005753408394,"0.2489351851851852,0.31033946078431374,0.34877564102564107,0.2,0.55,0.28430942153971994","0,0,0"
39.88333333333333,87,AV,1,0,0,80,1457.5875839824732,0.1,-1.4680164513762874,"0.2127611111111111,0.3096287262872629,0.3657592592592593,0.1,0.8,0.07009888017699192","0,0,0"
21.933333333333334,287,AV,1,0,0,30,10708.821866752483,0.3,-17.793951485664483,"0.20622222222222222,0.272080378250591,0.34973809523809524,0.3,0.3,0.5150129083997876","0,0,0"
43.4,170,AV,1,0,0,92,2793.3389947689566,0.1,-3.06138667608517,"0.23106349206349205,0.26150124378109446,0.3367098765432099,0.1,0.92,0.1343383667916745","0,0,0"
33.11666666666667,21,AV,1,0,0,63,626.2908344343901,0.2,-1.0475083232501121,"0.21710185185185182,0.26132677165354334,0.35741975308641977,0.2,0.63,0.03011982720037529","0,0,0"
7.15,12,AV,0,0,0,4,539.5213747330826,0.2,-2.194827163098058,"0.21629629629629626,0.2700991735537191,0.3590833333333333,0.2,0.04,0.025946875931124203","0,0,0"
31.983333333333334,125,AV,2,0,0,36,1950.0200213032829,0.1,-1.57495303909133,"0.2169313725490196,0.29498321342925654,0.3586875,0.1,0.36,0.09378113625432592","0,0,0"
34.3,281,AV,2,0,0,57,8475.089255911002,0.2,-14.681594014027644,"0.18973333333333336,0.26703688524590163,0.3340637254901961,0.2,0.57,0.40758735376725097","0,0,0"
31.883333333333333,208,AV,1,0,0,60,3608.770587345788,0.2,-5.811092705044185,"0.22678472222222215,0.29437121212121214,0.3548266666666667,0.2,0.6,0.17355442634701188","0,0,0"
40.483333333333334,5,AV,2,0,0,70,491.0984231068265,0.1,-0.5020530596491926,"0.25715000000000005,0.29712773722627733,0.36803205128205135,0.1,0.7,0.023618100136676975","0,0,0"
32.31666666666667,126,AV,1,0,0,62,1996.532829496936,0.1,-1.6293254025229627,"0.20530128205128204,0.29423333333333335,0.3277037037037037,0.1,0.62,0.0960180486732379","0,0,0"
17.35,293,AV,1,0,0,14,13351.937436366714,0.2,-11.699803763684976,"0.22006666666666663,0.31306794871794874,0.3661222222222223,0.2,0.14,0.6421266706493964","0,0,0"
22.333333333333332,23,AV,1,0,0,29,640.5426603936758,0.4,-1.4449952271507163,"0.23067391304347828,0.32158928571428574,0.3868641975308642,0.4,0.29,0.03080523166677017","0,0,0"
12.716666666666667,252,AV,1,0,0,1,5480.041794665195,0.4,-7.039178264864552,"0.1864907407407407,0.2873656330749354,0.34406060606060607,0.4,0.01,0.26354834340696637","0,0,0"
23.233333333333334,6,AV,2,0,0,14,497.26542980048754,0.3,-0.875237385280151,"0.19210606060606064,0.25000000000000006,0.3122666666666667,0.3,0.14,0.023914686268460907","0,0,0"
40.05,180,AV,1,0,0,81,2968.817229463249,0.1,-3.0025537888889677,"0.279275,0.3296311274509804,0.37893055555555555,0.1,0.81,0.14277753565032827","0,0,0"
17.583333333333332,159,AV,1,0,0,16,2538.843693606908,0.1,-1.1273064380283195,"0.23851388888888891,0.2696587301587302,0.30926543209876545,0.1,0.16,0.12209907783380393","0,0,0"
32.483333333333334,297,AV,1,0,0,58,17693.100214811147,0.1,-14.513405858024804,"0.2969920634920636,0.2905419847328245,0.39238505747126445,0.1,0.58,0.8509035927219247","0,0,0"
27.05,181,AV,1,0,0,39,2969.8754393798326,0.2,-4.057329830061842,"0.18464743589743587,0.2955382716049383,0.35125333333333336,0.2,0.39,0.1428284275013291","0,0,0"
14.3,57,AV,1,0,0,5,978.4447105201264,1.0,-3.5332725657671236,"0.19810256410256408,0.2947481481481482,0.3640747126436782,1.0,0.05,0.04705575107546101","0,0,0"
30.85,182,AV,1,0,0,56,2987.078671303881,0.3,-6.981164924979146,"0.25791176470588234,0.27598198198198204,0.33610666666666666,0.3,0.56,0.14365577215392691","0,0,0"
20.766666666666666,161,AV,1,0,0,22,2561.5826276178027,0.3,-4.029964588398714,"0.2144833333333333,0.25514938271604937,0.3446190476190476,0.3,0.22,0.12319264766665551","0,0,0"
26.566666666666666,110,AV,1,0,0,41,1718.6657268339234,0.1,-1.1530105928338694,"0.170547619047619,0.24975378787878785,0.30932183908045974,0.1,0.41,0.08265475376818426","0,0,0"
25.55,123,AV,2,0,0,24,1922.439846447592,0.2,-2.480724145289696,"0.20481333333333335,0.26973756218905476,0.28902941176470587,0.2,0.24,0.09245473954670083","0,0,0"
17.383333333333333,17,AV,1,0,0,15,601.3137559373858,0.1,-0.2639605418529855,"0.23311764705882354,0.28347126436781617,0.3418154761904762,0.1,0.15,0.028918619635236016","0,0,0"
45.71666666666667,265,AV,1,0,0,97,6248.181898567973,1.0,-72.13284068927588,"0.18815833333333332,0.300325117370892,0.3754285714285714,1.0,0.97,0.3004900419328989","0,0,0"
19.183333333333334,201,AV,1,0,0,12,3458.1247672483346,0.5,-8.376055570502595,"0.2485933333333334,0.31367494089834524,0.37585416666666666,0.5,0.12,0.16630950781983606","0,0,0"
30.2,175,AV,1,0,0,52,2942.323800284961,0.5,-11.21946701623811,"0.19425438596491226,0.23666206896551728,0.32455128205128214,0.5,0.52,0.1415034031468308","0,0,0"
40.016666666666666,3,AV,1,0,0,80,457.16351791608827,0.2,-0.9239474802327675,"0.22746969696969696,0.2690580808080808,0.35786538461538453,0.2,0.8,0.021986089217454062","0,0,0"
13.3,247,AV,1,0,0,5,5064.807770076448,0.3,-5.103177525910361,"0.2466217948717949,0.32031878306878303,0.3706488095238095,0.3,0.05,0.24357874401210303","0,0,0"
37.25,224,AV,1,0,0,70,4223.122456076251,0.4,-15.89003146351923,"0.16893650793650788,0.26851629072681704,0.3354107142857143,0.4,0.7,0.20310008007368746","0,0,0"
37.93333333333333,219,AV,2,0,0,67,3987.5502105766736,0.3,-11.45917206978852,"0.2566296296296297,0.27088333333333336,0.3342239583333334,0.3,0.67,0.1917708462137355","0,0,0"
21.616666666666667,174,AV,1,0,0,27,2909.5116230827134,1.0,-15.882308817922052,"0.25243939393939396,0.2993854166666667,0.36104861111111114,1.0,0.27,0.13992538690731113","0,0,0"
32.43333333333333,88,AV,1,0,0,57,1460.106853854364,0.1,-1.195861926599576,"0.23746666666666666,0.3075428240740741,0.33450694444444445,0.1,0.57,0.07022003790282866","0,0,0"
29.366666666666667,60,AV,1,0,0,49,1017.530975349866,0.1,-0.7545831559623166,"0.18313333333333337,0.2563307888040712,0.3435297619047619,0.1,0.49,0.048935503225503364","0,0,0"
43.36666666666667,163,AV,1,0,0,91,2580.565825479665,1.0,-28.260236859840436,"0.1925972222222222,0.30761689814814813,0.3541969696969696,1.0,0.91,0.12410559514707999","0,0,0"
19.433333333333334,255,AV,1,0,0,19,5654.280440205098,0.2,-5.549571543164263,"0.22496666666666665,0.2811473829201102,0.34555952380952376,0.2,0.19,0.2719278974523786","0,0,0"
15.166666666666666,142,AV,1,0,0,6,2193.4249838744518,0.2,-1.680148767109218,"0.21038888888888888,0.2750254452926209,0.33005357142857134,0.2,0.06,0.10548706425018813","0,0,0"
43.65,14,AV,1,0,0,93,571.0932451196882,0.8,-5.036004070600887,"0.23392666666666664,0.2951458333333333,0.3721571428571429,0.8,0.93,0.027465242843352784","0,0,0"
35.5,240,AV,1,0,0,70,4705.31956239884,0.1,-4.2181526380090615,"0.21152898550724636,0.3041583333333333,0.3658209876543209,0.1,0.7,0.2262900945532605","0,0,0"
24.066666666666666,200,AV,1,0,0,37,3456.1529418207683,0.5,-10.50228292927018,"0.19606547619047623,0.2582296296296296,0.3370061728395061,0.5,0.37,0.1662146780093356","0,0,0"
27.25,48,AV,2,0,0,17,923.9636394510808,0.1,-0.6358083125010594,"0.21645512820512813,0.29198320413436696,0.33998000000000006,0.1,0.17,0.04443562579808411","0,0,0"
16.0,212,AV,1,0,0,10,3822.7735841463273,0.1,-1.5445549834934658,"0.22396428571428575,0.2772375328083989,0.34586666666666666,0.1,0.1,0.18384634334403438","0,0,0"
25.233333333333334,162,AV,1,0,0,39,2574.4307659940623,0.1,-1.640441153078708,"0.21795,0.264693853427896,0.32724137931034486,0.1,0.39,0.12381054543309646","0,0,0"
42.31666666666667,275,AV,1,0,0,90,7658.5640246764915,0.2,-16.367924291795973,"0.25475396825396823,0.32239243498817965,0.3667976190476191,0.2,0.9,0.3683186985078447","0,0,0"
40.166666666666664,69,AV,1,0,0,83,1150.2916000513435,1.0,-11.6675200173558,"0.2051825396825397,0.2738578088578088,0.31612820512820516,1.0,0.83,0.05532027984231857","0,0,0"
23.416666666666668,185,AV,2,0,0,3,3048.604611013583,0.2,-3.605462523968085,"0.24194927536231883,0.3135089743589743,0.36986419753086414,0.2,0.03,0.14661470204800806","0,0,0"
31.3,166,AV,1,0,0,57,2675.3892374750885,0.1,-2.1146384629537947,"0.2193968253968254,0.2911763285024154,0.3420111111111111,0.1,0.57,0.1286658802843062","0,0,0"
33.86666666666667,223,AV,1,0,0,66,4090.160813256426,0.1,-3.4979826483741827,"0.21406451612903227,0.3149393939393939,0.3646543209876543,0.1,0.66,0.19670563601379967","0,0,0"
45.4,15,AV,1,0,0,97,572.7967315704935,0.1,-0.6566912023560709,"0.20001666666666665,0.29472945205479456,0.36509027777777775,0.1,0.97,0.027547167589358008","0,0,0"
28.966666666666665,78,AV,0,0,0,72,1291.2118623687816,0.4,-5.777990263967917,"0.22054166666666664,0.3000808457711443,0.36048214285714286,0.4,0.72,0.062097472987522495","0,0,0"
39.81666666666667,109,AV,1,0,0,84,1684.196745492046,0.1,-1.6934116266752939,"0.25172727272727274,0.34430200501253133,0.3742750000000001,0.1,0.84,0.08099705784688291","0,0,0"
15.85,231,AV,1,0,0,10,4572.8741748457805,0.2,-3.6606088722881633,"0.24355999999999997,0.29769402985074633,0.34562318840579714,0.2,0.1,0.21992047844641197","0,0,0"
19.016666666666666,279,AV,0,0,0,37,8331.964781214912,0.5,-22.005832944794225,"0.2463461538461539,0.30910740740740744,0.36305747126436777,0.5,0.37,0.4007041547661289","0,0,0"
43.333333333333336,221,AV,1,0,0,91,4034.238052294327,0.6,-26.4874215554678,"0.22736507936507933,0.29432692307692304,0.34568115942029,0.6,0.91,0.19401617641430308","0,0,0"
27.833333333333332,155,AV,1,0,0,45,2472.005569054355,0.1,-1.737478661751167,"0.21786363636363634,0.29420676691729325,0.36256190476190475,0.1,0.45,0.11888467223941558","0,0,0"
35.71666666666667,44,AV,0,0,0,83,859.2772315809713,0.4,-5.100052369154918,"0.24967460317460316,0.32509782608695653,0.37222580645161285,0.4,0.83,0.041324701415771756","0,0,0"
24.433333333333334,115,AV,1,0,0,34,1830.3424648913517,0.2,-2.2586549272144123,"0.22921296296296298,0.32863888888888887,0.3890493827160494,0.2,0.34,0.08802555574651609","0,0,0"
20.533333333333335,235,AV,0,0,0,42,4635.813442599864,0.3,-9.211265355155344,"0.20554000000000003,0.27809810874704494,0.3799166666666667,0.3,0.42,0.222947378673338","0,0,0"
23.833333333333332,1,AV,1,0,0,30,437.5592869272848,0.2,-0.5266917342643244,"0.20856000000000005,0.2868791666666667,0.34190000000000004,0.2,0.3,0.0210432747655832","0,0,0"
38.36666666666667,199,AV,1,0,0,79,3414.9419898187493,0.7,-23.160090582466047,"0.23866666666666664,0.28624540682414695,0.3297435897435897,0.7,0.79,0.1642327445611401","0,0,0"
32.43333333333333,177,AV,1,0,0,63,2953.464044858564,0.3,-7.256869989008543,"0.23675757575757575,0.2905845771144278,0.3463529411764706,0.3,0.63,0.14203916420715332","0,0,0"
38.766666666666666,112,AV,2,0,0,55,1799.695682844959,0.2,-3.523646597893413,"0.21898666666666666,0.3027611940298508,0.36942424242424243,0.2,0.55,0.0865516785496407","0,0,0"
24.516666666666666,245,AV,1,0,0,37,4950.077303955518,1.0,-30.646311928108442,"0.2034111111111111,0.2609756690997567,0.3239090909090908,1.0,0.37,0.23806108093261413","0,0,0"
30.35,292,AV,2,0,0,32,13079.31179296209,0.1,-10.024169518090895,"0.2567894736842105,0.31845370370370374,0.35261728395061726,0.1,0.32,0.6290154500817918","0,0,0"
28.066666666666666,65,AV,2,0,0,21,1111.987968807459,0.1,-0.7881261529763305,"0.251984126984127,0.3201737588652482,0.3421543209876544,0.1,0.21,0.05347816641708441","0,0,0"
34.083333333333336,104,AV,0,0,0,82,1588.8002265047048,0.2,-4.734929682830069,"0.28037500000000004,0.34096217494089837,0.3881264367816092,0.2,0.82,0.07640921062090368","0,0,0"
33.95,173,AV,0,0,0,81,2857.8751728516777,0.1,-4.450122780765517,"0.19715999999999997,0.2677517241379311,0.33842105263157896,0.1,0.81,0.13744206626346972","0,0,0"
15.45,35,AV,0,0,0,33,806.3598325453933,0.1,-2.314602510424907,"0.19418115942028988,0.27584837092731823,0.3219754901960784,0.1,0.33,0.03877977687399022","0,0,0"
16.916666666666668,99,AV,1,0,0,10,1552.9853059451273,0.1,-0.6634175444167948,"0.20761805555555554,0.2607748756218905,0.331462962962963,0.1,0.1,0.074686785256937","0,0,0"
