travel_time,id,kind,action,origin,destination,start_time,income,urgency,reward,observation,cost_table
21.316666666666666,122,AV,1,0,0,44,1832.3133019091129,0.2,-0.4131666666666667,"0.30084722222222215,0.18242534722222226,0.18958045977011495,0.2,0.44,0.0962325552547376","0,0,0"
39.8,247,AV,1,0,0,67,5304.212874057136,0.2,-0.598,"0.5249484126984126,0.3419830148619958,0.31354419889502766,0.2,0.67,0.2785756987922106","0,0,0"
14.75,58,AV,1,0,0,34,1020.7360413649084,0.4,-0.5475,"0.16220430107526881,0.13398919753086416,0.15266339869281043,0.4,0.34,0.053608756427629224","0,0,0"
42.81666666666667,260,AV,1,0,0,73,5985.732437913218,0.3,-0.7281666666666666,"0.5022992424242425,0.3644320297951584,0.3312282377919321,0.3,0.73,0.31436890567316916","0,0,0"
12.8,160,AV,2,0,0,18,2756.9260540590044,0.1,-0.228,"0.051875,0.07987168141592921,0.11730882352941176,0.1,0.18,0.14479294482773922","0,0,0"
13.983333333333333,264,AV,2,0,0,26,6081.635477498837,0.3,-0.4398333333333333,"0.08230158730158729,0.09864046579330422,0.1285568181818182,0.3,0.26,0.31940570508209365","0,0,0"
11.15,186,AV,1,0,0,27,3251.3322332141274,0.4,-0.5115000000000001,"0.08659114583333333,0.10105629629629628,0.12978021978021978,0.4,0.27,0.17075901182308162","0,0,0"
22.4,142,AV,1,0,0,45,2361.523720441912,0.1,-0.32399999999999995,"0.3436010101010101,0.1955847299813781,0.19732592592592588,0.1,0.45,0.12402653065718573","0,0,0"
24.933333333333334,141,AV,1,0,0,48,2360.1328348572283,0.3,-0.5493333333333333,"0.3858857142857143,0.21939668615984406,0.21656235011990407,0.3,0.48,0.12395348175570059","0,0,0"
22.8,298,AV,1,0,0,46,17693.100214811147,0.4,-0.628,"0.340097435897436,0.19931367041198503,0.20126642335766423,0.4,0.46,0.9292364151236616","0,0,0"
20.133333333333333,98,AV,0,0,0,55,1538.317647081207,0.4,-0.7573479252840754,"0.4248508771929824,0.2730621621621622,0.2657669082125604,0.4,0.55,0.08079199000402343","0,0,0"
10.283333333333333,147,AV,0,0,0,33,2456.6540037696086,0.2,-0.40052718832135054,"0.1558879781420765,0.13211742424242426,0.15084848484848487,0.2,0.33,0.12902274513491346","0,0,0"
43.75,125,AV,1,0,0,78,2011.9739719035176,0.1,-0.5375,"0.4325365853658537,0.3748826815642458,0.3409729166666666,0.1,0.78,0.10566828075775386","0,0,0"
24.1,99,AV,1,0,0,47,1541.4014724042315,0.1,-0.341,"0.35807812499999997,0.20599610136452243,0.20535517241379309,0.1,0.47,0.08095395160223084","0,0,0"
26.933333333333334,132,AV,1,0,0,49,2108.868816674547,0.4,-0.6693333333333333,"0.42886111111111114,0.23113440860215057,0.22839342403628118,0.4,0.49,0.1107571694830674","0,0,0"
28.666666666666668,271,AV,1,0,0,50,7177.938863287724,0.4,-0.6866666666666668,"0.41437222222222225,0.23967375886524825,0.23931439393939397,0.4,0.5,0.3769832361947931","0,0,0"
31.083333333333332,103,AV,1,0,0,53,1564.487892525026,0.2,-0.5108333333333333,"0.4323364779874215,0.25758641975308644,0.2571062801932367,0.2,0.53,0.08216644359123385","0,0,0"
18.283333333333335,20,AV,1,0,0,41,597.1498506777683,0.8,-0.9828333333333334,"0.24052011494252878,0.16341382113821137,0.17686752136752137,0.8,0.41,0.03136213437998447","0,0,0"
26.483333333333334,32,AV,1,0,0,49,761.8437659652793,0.2,-0.4648333333333334,"0.42886111111111114,0.23113440860215057,0.22839342403628118,0.2,0.49,0.04001181033142316","0,0,0"
30.166666666666668,4,AV,2,0,0,60,457.16351791608827,0.1,-0.4016666666666667,"0.566220238095238,0.311234756097561,0.28718229166666664,0.1,0.6,0.02401009338985435","0,0,0"
18.6,151,AV,1,0,0,41,2574.4307659940623,0.2,-0.386,"0.24052011494252878,0.16341382113821137,0.17686752136752137,0.2,0.41,0.13520834601805928","0,0,0"
11.416666666666666,144,AV,1,0,0,27,2417.357356239525,0.2,-0.3141666666666667,"0.08659114583333333,0.10105629629629628,0.12978021978021978,0.2,0.27,0.12695889677403294","0,0,0"
38.65,234,AV,1,0,0,66,4662.282088415262,0.9,-1.2865,"0.5109083333333333,0.337978354978355,0.3103306451612903,0.9,0.66,0.24486168288967095","0,0,0"
15.0,14,AV,1,0,0,35,567.550811201735,0.7,-0.85,"0.17737179487179486,0.13965740740740737,0.15697138047138048,0.7,0.35,0.0298076015395053","0,0,0"
27.233333333333334,22,AV,1,0,0,49,627.4062491148882,0.4,-0.6723333333333333,"0.42886111111111114,0.23113440860215057,0.22839342403628118,0.4,0.49,0.03295119151959908","0,0,0"
41.833333333333336,57,AV,1,0,0,72,1005.9867386644172,0.1,-0.5183333333333333,"0.5053581560283686,0.3573664772727273,0.32743312101910826,0.1,0.72,0.052834127391418545","0,0,0"
14.616666666666667,124,AV,1,0,0,34,1927.298426803608,0.9,-1.0461666666666667,"0.16220430107526881,0.13398919753086416,0.15266339869281043,0.9,0.34,0.10122114605428258","0,0,0"
18.816666666666666,162,AV,1,0,0,41,2780.081336731352,0.1,-0.2881666666666667,"0.24052011494252878,0.16341382113821137,0.17686752136752137,0.1,0.41,0.14600905345767937","0,0,0"
41.65,42,AV,1,0,0,70,863.3540159882258,0.5,-0.9165,"0.528669934640523,0.3551072796934866,0.3240591397849462,0.5,0.7,0.0453430987819722","0,0,0"
11.883333333333333,50,AV,1,0,0,27,914.1934345695068,0.3,-0.41883333333333334,"0.08659114583333333,0.10105629629629628,0.12978021978021978,0.3,0.27,0.048013170080720285","0,0,0"
28.466666666666665,91,AV,2,0,0,56,1474.807688008607,0.9,-1.1846666666666668,"0.41960763888888886,0.28172586520947185,0.2722237136465325,0.9,0.56,0.07745646564838392","0,0,0"
27.25,137,AV,1,0,0,49,2239.194506681481,0.1,-0.37250000000000005,"0.42886111111111114,0.23113440860215057,0.22839342403628118,0.1,0.49,0.11760183635943447","0,0,0"
32.46666666666667,217,AV,1,0,0,55,4164.701887555128,0.1,-0.42466666666666664,"0.4248508771929824,0.2730621621621622,0.2657669082125604,0.1,0.55,0.21872891720868953","0,0,0"
34.78333333333333,279,AV,1,0,0,58,8333.728817076937,0.2,-0.5478333333333334,"0.49627235772357714,0.2992005649717514,0.2805534979423868,0.2,0.58,0.4376849843483456","0,0,0"
8.233333333333333,277,AV,0,0,0,29,7958.958807233507,0.3,-0.41248803143051105,"0.120755376344086,0.11634365781710913,0.14194927536231886,0.3,0.29,0.4180021737490339","0,0,0"
36.31666666666667,207,AV,1,0,0,62,3849.958431883558,0.4,-0.7631666666666668,"0.5468022598870056,0.31696626984126985,0.293375816993464,0.4,0.62,0.20219868356500897","0,0,0"
39.5,120,AV,1,0,0,66,1823.811293294481,0.2,-0.595,"0.5109083333333333,0.337978354978355,0.3103306451612903,0.2,0.66,0.09578603226495669","0,0,0"
23.716666666666665,200,AV,0,0,0,60,3520.054626539052,0.1,-0.40534742675787294,"0.566220238095238,0.311234756097561,0.28718229166666664,0.1,0.6,0.18487223281912113","0,0,0"
42.61666666666667,203,AV,1,0,0,73,3667.3634505223554,0.9,-1.3261666666666667,"0.5022992424242425,0.3644320297951584,0.3312282377919321,0.9,0.73,0.19260884889275526","0,0,0"
7.883333333333334,291,AV,1,0,0,13,11861.36896338871,0.9,-0.9788333333333333,"0.051285714285714275,0.07674603174603176,0.1136875,0.9,0.13,0.622955606433049","0,0,0"
8.616666666666667,77,AV,1,0,0,22,1265.4739572733297,0.1,-0.18616666666666667,"0.055044117647058834,0.08248033126293995,0.11820512820512821,0.1,0.22,0.0664623197298481","0,0,0"
33.61666666666667,44,AV,1,0,0,56,870.7377108213431,0.2,-0.5361666666666667,"0.41960763888888886,0.28172586520947185,0.2722237136465325,0.2,0.56,0.045730888261135916","0,0,0"
42.233333333333334,71,AV,1,0,0,72,1167.011530479414,0.6,-1.0223333333333333,"0.5053581560283686,0.3573664772727273,0.32743312101910826,0.6,0.72,0.061291102058127545","0,0,0"
39.56666666666667,267,AV,1,0,0,66,6254.49597505133,0.2,-0.5956666666666668,"0.5109083333333333,0.337978354978355,0.3103306451612903,0.2,0.66,0.3284842875301661","0,0,0"
12.383333333333333,129,AV,1,0,0,28,2044.1603053436156,0.1,-0.22383333333333333,"0.10543650793650793,0.11057357357357361,0.1361842105263158,0.1,0.28,0.10735869751562734","0,0,0"
42.11666666666667,135,AV,1,0,0,70,2147.781038516846,0.4,-0.8211666666666667,"0.528669934640523,0.3551072796934866,0.3240591397849462,0.4,0.7,0.1128008279199854","0,0,0"
38.583333333333336,128,AV,1,0,0,65,2035.9911412414244,0.9,-1.2858333333333334,"0.4872564102564102,0.32867258382642994,0.30605910852713175,0.9,0.65,0.10692965542166336","0,0,0"
7.566666666666666,228,AV,1,0,0,10,4549.070920567666,0.6,-0.6756666666666666,"0.053,0.07584313725490195,0.11433333333333334,0.6,0.1,0.2389158656792649","0,0,0"
35.63333333333333,78,AV,2,0,0,75,1282.6858023855964,0.9,-1.2563333333333333,"0.5031843971631206,0.3699700374531835,0.3341946236559139,0.9,0.75,0.06736628076864885","0,0,0"
10.45,116,AV,1,0,0,23,1703.2333497257905,0.1,-0.20450000000000002,"0.06179320987654322,0.08538146551724136,0.11863333333333333,0.1,0.23,0.08945331416217002","0,0,0"
16.633333333333333,249,AV,1,0,0,38,5386.149373461946,0.1,-0.2663333333333333,"0.21073895582329322,0.15045287958115183,0.16381603773584907,0.1,0.38,0.28287897962204345","0,0,0"
45.483333333333334,45,AV,1,0,0,87,873.8892656114449,0.8,-1.2548333333333335,"0.3693201754385964,0.3850159680638723,0.35609904761904765,0.8,0.87,0.045896406991017324","0,0,0"
36.6,112,AV,1,0,0,62,1635.9686818612918,0.6,-0.966,"0.5468022598870056,0.31696626984126985,0.293375816993464,0.6,0.62,0.08592059360601972","0,0,0"
37.916666666666664,47,AV,1,0,0,64,892.1845339920479,0.1,-0.47916666666666663,"0.4894666666666667,0.3253516260162601,0.3048586744639376,0.1,0.64,0.046857269100953565","0,0,0"
11.7,208,AV,0,0,0,35,3863.855435177377,0.2,-0.379114125133924,"0.17737179487179486,0.13965740740740737,0.15697138047138048,0.2,0.35,0.2029285500872649","0,0,0"
9.35,262,AV,1,0,0,22,6020.57275324985,0.2,-0.2935,"0.055044117647058834,0.08248033126293995,0.11820512820512821,0.2,0.22,0.3161987087790199","0,0,0"
9.733333333333333,190,AV,1,0,0,23,3323.1633986738134,0.1,-0.19733333333333333,"0.06179320987654322,0.08538146551724136,0.11863333333333333,0.1,0.23,0.17453156348873247","0,0,0"
18.0,101,AV,1,0,0,40,1552.9853059451273,0.6,-0.78,"0.2368098591549296,0.15963917525773197,0.17160724637681163,0.6,0.4,0.08156233112997016","0,0,0"
32.75,89,AV,1,0,0,55,1447.5744631551047,0.3,-0.6275,"0.4248508771929824,0.2730621621621622,0.2657669082125604,0.3,0.55,0.07602618469547658","0,0,0"
33.18333333333333,179,AV,1,0,0,56,3065.2253709468137,0.1,-0.4318333333333333,"0.41960763888888886,0.28172586520947185,0.2722237136465325,0.1,0.56,0.16098473419939963","0,0,0"
9.7,243,AV,1,0,0,22,5009.92015912814,0.3,-0.39699999999999996,"0.055044117647058834,0.08248033126293995,0.11820512820512821,0.3,0.22,0.2631195320324301","0,0,0"
43.516666666666666,240,AV,1,0,0,76,4967.653125719208,0.1,-0.5351666666666667,"0.4459651162790697,0.37089226519337015,0.3371036324786325,0.1,0.76,0.26089967987955814","0,0,0"
17.466666666666665,268,AV,1,0,0,40,6563.608435155774,0.6,-0.7746666666666666,"0.2368098591549296,0.15963917525773197,0.17160724637681163,0.6,0.4,0.34471878294420655","0,0,0"
35.2,297,AV,1,0,0,57,15387.119225735782,0.1,-0.45200000000000007,"0.46558139534883725,0.2925398550724638,0.2779531590413944,0.1,0.57,0.8081269723682344","0,0,0"
33.4,59,AV,1,0,0,56,1022.032321197676,0.1,-0.43399999999999994,"0.41960763888888886,0.28172586520947185,0.2722237136465325,0.1,0.56,0.053676836662871985","0,0,0"
37.85,145,AV,1,0,0,63,2421.0391237858234,0.2,-0.5785,"0.5410584795321638,0.32204437869822483,0.29692316017316017,0.2,0.63,0.12715226212179587","0,0,0"
20.95,215,AV,1,0,0,44,4090.160813256426,0.2,-0.4095,"0.30084722222222215,0.18242534722222226,0.18958045977011495,0.2,0.44,0.21481404192850495","0,0,0"
44.36666666666667,118,AV,1,0,0,80,1799.695682844959,0.1,-0.5436666666666666,"0.37949186991869915,0.3790642458100558,0.34269375,0.1,0.8,0.09451948750284238","0,0,0"
8.3,193,AV,0,0,0,30,3387.2787239910285,0.7,-0.8538533367213497,"0.12746560846560845,0.11981240657698056,0.14276773049645392,0.7,0.3,0.17789888150134298","0,0,0"
7.083333333333333,28,AV,0,0,0,24,679.8949342204361,0.3,-0.7238290506424829,"0.07396354166666666,0.0914970501474926,0.1212037037037037,0.3,0.24,0.03570788181072196","0,0,0"
10.316666666666666,159,AV,1,0,0,23,2744.8905386527767,0.2,-0.3031666666666667,"0.06179320987654322,0.08538146551724136,0.11863333333333333,0.2,0.23,0.14416084310139018","0,0,0"
39.8,293,AV,1,0,0,68,13351.937436366714,0.8,-1.198,"0.5256468253968253,0.3420337552742616,0.3145361111111111,0.8,0.68,0.7012398238686656","0,0,0"
35.21666666666667,105,AV,1,0,0,58,1587.6148581174584,0.4,-0.7521666666666667,"0.49627235772357714,0.2992005649717514,0.2805534979423868,0.4,0.58,0.08338106501647227","0,0,0"
9.016666666666667,24,AV,1,0,0,22,646.5589615252754,0.2,-0.2901666666666667,"0.055044117647058834,0.08248033126293995,0.11820512820512821,0.2,0.22,0.03395708633758153","0,0,0"
19.316666666666666,187,AV,1,0,0,42,3257.969850357721,0.5,-0.6931666666666667,"0.2607876344086022,0.17136447811447808,0.18458611111111112,0.5,0.42,0.17110761752160772","0,0,0"
36.93333333333333,26,AV,1,0,0,62,670.158540600369,0.4,-0.7693333333333333,"0.5468022598870056,0.31696626984126985,0.293375816993464,0.4,0.62,0.03519652928381035","0,0,0"
10.65,154,AV,1,0,0,23,2645.062412614309,0.1,-0.20650000000000002,"0.06179320987654322,0.08538146551724136,0.11863333333333333,0.1,0.23,0.13891789930735432","0,0,0"
23.166666666666668,197,AV,1,0,0,46,3438.9188747307694,0.2,-0.4316666666666667,"0.340097435897436,0.19931367041198503,0.20126642335766423,0.2,0.46,0.18061100701734908","0,0,0"
13.416666666666666,199,AV,0,0,0,41,3508.846318545673,0.1,-0.30256521656368063,"0.24052011494252878,0.16341382113821137,0.17686752136752137,0.1,0.41,0.18428357578259733","0,0,0"
9.15,172,AV,1,0,0,22,2965.4163440895786,0.2,-0.2915,"0.055044117647058834,0.08248033126293995,0.11820512820512821,0.2,0.22,0.15574279348874007","0,0,0"
37.05,284,AV,1,0,0,63,8987.822610831106,0.1,-0.47050000000000003,"0.5410584795321638,0.32204437869822483,0.29692316017316017,0.1,0.63,0.472037797856628","0,0,0"
41.18333333333333,239,AV,1,0,0,69,4934.883137056144,0.1,-0.5118333333333333,"0.528808510638298,0.3500642570281125,0.31822155688622755,0.1,0.69,0.2591786097211798","0,0,0"
32.083333333333336,166,AV,1,0,0,54,2857.6088215719105,0.2,-0.5208333333333334,"0.4034255952380953,0.26930465949820787,0.26364251207729467,0.2,0.54,0.1500807741404395","0,0,0"
8.85,97,AV,1,0,0,17,1530.6528609905624,0.1,-0.1885,"0.05082222222222222,0.07827845528455288,0.11443137254901961,0.1,0.17,0.08038943769475668","0,0,0"
38.61666666666667,290,AV,1,0,0,65,11515.391842589095,0.2,-0.5861666666666667,"0.4872564102564102,0.32867258382642994,0.30605910852713175,0.2,0.65,0.6047849898908156","0,0,0"
12.216666666666667,275,AV,1,0,0,27,7864.29237148983,0.5,-0.6221666666666666,"0.08659114583333333,0.10105629629629628,0.12978021978021978,0.5,0.27,0.41303032040988025","0,0,0"
13.733333333333333,2,AV,1,0,0,29,437.8567856598078,0.2,-0.3373333333333334,"0.120755376344086,0.11634365781710913,0.14194927536231886,0.2,0.29,0.022996109494903022","0,0,0"
10.65,25,AV,1,0,0,25,649.7132696839626,0.1,-0.20650000000000002,"0.07798022598870055,0.09527266081871344,0.12522043010752687,0.1,0.25,0.034122749673570554","0,0,0"
17.083333333333332,108,AV,1,0,0,38,1592.6375082496468,0.3,-0.4708333333333333,"0.21073895582329322,0.15045287958115183,0.16381603773584907,0.3,0.38,0.08364485312294262","0,0,0"
9.783333333333333,73,AV,1,0,0,23,1239.4416864014672,0.2,-0.29783333333333334,"0.06179320987654322,0.08538146551724136,0.11863333333333333,0.2,0.23,0.06509511252654251","0,0,0"
29.133333333333333,241,AV,2,0,0,60,4968.170350229253,0.5,-0.7913333333333333,"0.566220238095238,0.311234756097561,0.28718229166666664,0.5,0.6,0.260926844358575","0,0,0"
28.283333333333335,222,AV,1,0,0,49,4376.119511966378,0.1,-0.38283333333333336,"0.42886111111111114,0.23113440860215057,0.22839342403628118,0.1,0.49,0.22983250860967044","0,0,0"
27.333333333333332,29,AV,0,0,0,69,742.4887258523852,0.2,-0.796570564611798,"0.528808510638298,0.3500642570281125,0.31822155688622755,0.2,0.69,0.03899528932206243","0,0,0"
25.383333333333333,255,AV,1,0,0,48,5825.994272151124,0.1,-0.35383333333333333,"0.3858857142857143,0.21939668615984406,0.21656235011990407,0.1,0.48,0.3059795042280261","0,0,0"
20.716666666666665,109,AV,2,0,0,44,1596.1763216794554,0.4,-0.6071666666666666,"0.30084722222222215,0.18242534722222226,0.18958045977011495,0.4,0.44,0.0838307105625876","0,0,0"
33.85,184,AV,1,0,0,56,3236.647802754315,0.1,-0.4385,"0.41960763888888886,0.28172586520947185,0.2722237136465325,0.1,0.56,0.16998778985785554","0,0,0"
41.43333333333333,272,AV,1,0,0,69,7572.106998522375,0.2,-0.6143333333333333,"0.528808510638298,0.3500642570281125,0.31822155688622755,0.2,0.69,0.3976848306296006","0,0,0"
16.316666666666666,287,AV,1,0,0,36,9280.176126726552,0.3,-0.4631666666666666,"0.18975352112676058,0.1425236928104575,0.15714126984126986,0.3,0.36,0.48739211845399105","0,0,0"
38.266666666666666,258,AV,1,0,0,64,5911.733280178027,0.9,-1.2826666666666666,"0.4894666666666667,0.3253516260162601,0.3048586744639376,0.9,0.64,0.3104824916913811","0,0,0"
38.3,119,AV,1,0,0,64,1822.2981036688468,0.2,-0.583,"0.4894666666666667,0.3253516260162601,0.3048586744639376,0.2,0.64,0.09570655999124235","0,0,0"
11.083333333333334,100,AV,1,0,0,25,1546.5147326922538,0.1,-0.21083333333333334,"0.07798022598870055,0.09527266081871344,0.12522043010752687,0.1,0.25,0.08122249852741349","0,0,0"
37.833333333333336,52,AV,1,0,0,63,959.5289757906356,0.2,-0.5783333333333334,"0.5410584795321638,0.32204437869822483,0.29692316017316017,0.2,0.63,0.05039417936063988","0,0,0"
5.1,80,AV,0,0,0,12,1294.2551843223837,0.8,-1.0364348376635275,"0.05137499999999999,0.07576785714285712,0.11280555555555556,0.8,0.12,0.06797390130239438","0,0,0"
44.61666666666667,140,AV,1,0,0,80,2347.541384251396,0.1,-0.5461666666666667,"0.37949186991869915,0.3790642458100558,0.34269375,0.1,0.8,0.12329218247631395","0,0,0"
46.18333333333333,253,AV,1,0,0,94,5670.319740923212,0.1,-0.5618333333333333,"0.37258796296296304,0.3908713991769547,0.360981684981685,0.1,0.94,0.29780352367244284","0,0,0"
27.6,283,AV,1,0,0,49,8975.220492497892,0.6,-0.876,"0.42886111111111114,0.23113440860215057,0.22839342403628118,0.6,0.49,0.47137593831133945","0,0,0"
23.583333333333332,127,AV,1,0,0,47,2030.86588445069,0.3,-0.5358333333333333,"0.35807812499999997,0.20599610136452243,0.20535517241379309,0.3,0.47,0.10666047844368956","0,0,0"
17.433333333333334,149,AV,1,0,0,38,2472.005569054355,0.1,-0.2743333333333333,"0.21073895582329322,0.15045287958115183,0.16381603773584907,0.1,0.38,0.12982900482476664","0,0,0"
29.95,41,AV,1,0,0,53,861.805442805673,0.4,-0.6995,"0.4323364779874215,0.25758641975308644,0.2571062801932367,0.4,0.53,0.04526176817426404","0,0,0"
21.15,130,AV,2,0,0,44,2052.607856914241,0.5,-0.7115,"0.30084722222222215,0.18242534722222226,0.18958045977011495,0.5,0.44,0.10780236043748707","0,0,0"
14.416666666666666,285,AV,1,0,0,32,9030.678864893336,0.2,-0.3441666666666667,"0.13888484848484847,0.12609740259740262,0.14649113475177306,0.2,0.32,0.47428859570476767","0,0,0"
45.266666666666666,178,AV,1,0,0,83,3046.5766145774583,0.1,-0.5526666666666666,"0.3883552631578948,0.3840747126436781,0.3502906746031746,0.1,0.83,0.16000530700434717","0,0,0"
45.21666666666667,227,AV,1,0,0,82,4547.885280126284,0.2,-0.6521666666666667,"0.3829083333333334,0.38166857142857147,0.34631010101010107,0.2,0.82,0.2388535961922898","0,0,0"
25.45,237,AV,2,0,0,51,4843.3187157075145,0.2,-0.4545,"0.4133395061728394,0.247690350877193,0.24630514705882348,0.2,0.51,0.2543696732649421","0,0,0"
15.75,280,AV,1,0,0,36,8348.421721831439,0.7,-0.8574999999999999,"0.18975352112676058,0.1425236928104575,0.15714126984126986,0.7,0.36,0.43845665138103423","0,0,0"
9.1,106,AV,1,0,0,19,1588.8002265047048,0.7,-0.7909999999999999,"0.05232758620689654,0.08075631313131312,0.11774305555555557,0.7,0.19,0.08344332021524425","0,0,0"
19.183333333333334,181,AV,2,0,0,43,3169.820795106812,0.2,-0.39183333333333337,"0.27894871794871795,0.17657738095238099,0.18752801120448176,0.2,0.43,0.16647805508747177","0,0,0"
20.266666666666666,218,AV,1,0,0,43,4196.147454418583,0.9,-1.1026666666666667,"0.27894871794871795,0.17657738095238099,0.18752801120448176,0.9,0.43,0.22038042912401049","0,0,0"
36.05,121,AV,1,0,0,60,1830.3424648913517,0.2,-0.5605,"0.566220238095238,0.311234756097561,0.28718229166666664,0.2,0.6,0.0961290474747023","0,0,0"
41.016666666666666,192,AV,1,0,0,69,3362.377553451843,0.2,-0.6101666666666667,"0.528808510638298,0.3500642570281125,0.31822155688622755,0.2,0.69,0.17659107935455778","0,0,0"
15.716666666666667,133,AV,1,0,0,34,2123.4400354784907,0.2,-0.3571666666666667,"0.16220430107526881,0.13398919753086416,0.15266339869281043,0.2,0.34,0.11152244560545237","0,0,0"
21.266666666666666,82,AV,1,0,0,44,1348.5865378412918,0.1,-0.31266666666666665,"0.30084722222222215,0.18242534722222226,0.18958045977011495,0.1,0.44,0.07082736799617727","0,0,0"
24.75,171,AV,1,0,0,47,2964.6777926145683,0.6,-0.8474999999999999,"0.35807812499999997,0.20599610136452243,0.20535517241379309,0.6,0.47,0.15570400498267326","0,0,0"
44.81666666666667,221,AV,1,0,0,77,4343.557359248321,0.4,-0.8481666666666667,"0.44246341463414623,0.3719908424908426,0.3389331210191083,0.4,0.77,0.22812235393394506","0,0,0"
31.35,92,AV,2,0,0,65,1475.2077210572677,0.8,-1.1135000000000002,"0.4872564102564102,0.32867258382642994,0.30605910852713175,0.8,0.65,0.07747747526634545","0,0,0"
27.333333333333332,31,AV,1,0,0,49,743.7818724069466,0.1,-0.3733333333333333,"0.42886111111111114,0.23113440860215057,0.22839342403628118,0.1,0.49,0.039063204998456114","0,0,0"
30.316666666666666,161,AV,1,0,0,53,2761.3662775036096,0.1,-0.4031666666666667,"0.4323364779874215,0.25758641975308644,0.2571062801932367,0.1,0.53,0.14502614405602138","0,0,0"
12.6,164,AV,1,0,0,28,2835.850686157305,0.1,-0.226,"0.10543650793650793,0.11057357357357361,0.1361842105263158,0.1,0.28,0.14893804327321036","0,0,0"
11.433333333333334,8,AV,1,0,0,24,497.26542980048754,0.4,-0.5143333333333333,"0.07396354166666666,0.0914970501474926,0.1212037037037037,0.4,0.24,0.026116233997585142","0,0,0"
37.266666666666666,167,AV,1,0,0,63,2891.134206742707,0.1,-0.4726666666666667,"0.5410584795321638,0.32204437869822483,0.29692316017316017,0.1,0.63,0.1518415175010447","0,0,0"
25.516666666666666,180,AV,1,0,0,48,3119.7161673652217,0.3,-0.5551666666666666,"0.3858857142857143,0.21939668615984406,0.21656235011990407,0.3,0.48,0.1638465747873305","0,0,0"
15.75,261,AV,2,0,0,32,6007.794801579103,0.2,-0.35750000000000004,"0.13888484848484847,0.12609740259740262,0.14649113475177306,0.2,0.32,0.31552761451860256","0,0,0"
46.13333333333333,176,AV,1,0,0,83,3031.4508351358254,0.1,-0.5613333333333334,"0.3883552631578948,0.3840747126436781,0.3502906746031746,0.1,0.83,0.15921090552051181","0,0,0"
35.55,74,AV,1,0,0,59,1240.6560786390864,0.2,-0.5555,"0.5332500000000002,0.3029645593869732,0.2820833333333333,0.2,0.59,0.06515889204939258","0,0,0"
28.333333333333332,256,AV,1,0,0,50,5844.130995646287,0.8,-1.0833333333333335,"0.41437222222222225,0.23967375886524825,0.23931439393939397,0.8,0.5,0.30693203960724846","0,0,0"
20.083333333333332,170,AV,1,0,0,42,2942.323800284961,0.2,-0.4008333333333333,"0.2607876344086022,0.17136447811447808,0.18458611111111112,0.2,0.42,0.15452997988566525","0,0,0"
42.166666666666664,183,AV,1,0,0,72,3227.056348793521,0.1,-0.5216666666666666,"0.5053581560283686,0.3573664772727273,0.32743312101910826,0.1,0.72,0.1694840495191844","0,0,0"
31.533333333333335,250,AV,2,0,0,59,5480.041794665195,0.7,-1.0153333333333334,"0.5332500000000002,0.3029645593869732,0.2820833333333333,0.7,0.59,0.2878101819453735","0,0,0"
29.966666666666665,62,AV,1,0,0,52,1046.6558973464134,0.4,-0.6996666666666667,"0.3977993197278911,0.25065745393634836,0.2516186868686869,0.4,0.52,0.054970059633983805","0,0,0"
23.75,281,AV,1,0,0,46,8436.938288223368,0.3,-0.5375,"0.340097435897436,0.19931367041198503,0.20126642335766423,0.3,0.46,0.4431055153921156","0,0,0"
15.1,266,AV,0,0,0,47,6248.181898567973,0.1,-0.28941117366557556,"0.35807812499999997,0.20599610136452243,0.20535517241379309,0.1,0.47,0.3281526740918779","0,0,0"
7.85,69,AV,1,0,0,16,1141.5133047894662,0.3,-0.3785,"0.05103846153846153,0.07818905472636818,0.1152888888888889,0.3,0.16,0.059951942750574055","0,0,0"
44.666666666666664,70,AV,1,0,0,80,1150.2916000513435,0.1,-0.5466666666666666,"0.37949186991869915,0.3790642458100558,0.34269375,0.1,0.8,0.0604129762337403","0,0,0"
13.3,35,AV,1,0,0,30,777.0630287344238,0.2,-0.333,"0.12746560846560845,0.11981240657698056,0.14276773049645392,0.2,0.3,0.04081112153210161","0,0,0"
30.5,220,AV,1,0,0,53,4304.4895651906745,0.2,-0.505,"0.4323364779874215,0.25758641975308644,0.2571062801932367,0.2,0.53,0.22607052489007143","0,0,0"
38.88333333333333,134,AV,1,0,0,65,2131.3254046090938,0.2,-0.5888333333333333,"0.4872564102564102,0.32867258382642994,0.30605910852713175,0.2,0.65,0.11193658287104669","0,0,0"
10.366666666666667,7,AV,0,0,0,29,491.8679742725259,0.1,-0.6916024798388103,"0.120755376344086,0.11634365781710913,0.14194927536231886,0.1,0.29,0.025832761222056865","0,0,0"
16.633333333333333,94,AV,1,0,0,37,1496.328062426438,0.1,-0.2663333333333333,"0.20224418604651162,0.14655670103092783,0.16075499999999998,0.1,0.37,0.07858670937805001","0,0,0"
28.816666666666666,254,AV,0,0,0,70,5721.231751015957,0.5,-0.8301156752796077,"0.528669934640523,0.3551072796934866,0.3240591397849462,0.5,0.7,0.30047740745600493","0,0,0"
35.9,19,AV,1,0,0,59,595.9176043698985,0.5,-0.859,"0.5332500000000002,0.3029645593869732,0.2820833333333333,0.5,0.59,0.03129741716662037","0,0,0"
35.05,276,AV,1,0,0,58,7897.119961473183,0.2,-0.5505,"0.49627235772357714,0.2992005649717514,0.2805534979423868,0.2,0.58,0.4147544157726446","0,0,0"
12.183333333333334,67,AV,1,0,0,27,1122.7546975855585,0.9,-1.0218333333333334,"0.08659114583333333,0.10105629629629628,0.12978021978021978,0.9,0.27,0.05896674622202671","0,0,0"
33.93333333333333,295,AV,1,0,0,56,13460.811009378149,0.4,-0.7393333333333334,"0.41960763888888886,0.28172586520947185,0.2722237136465325,0.4,0.56,0.7069578318750951","0,0,0"
19.983333333333334,152,AV,1,0,0,41,2612.3907844155665,0.1,-0.29983333333333334,"0.24052011494252878,0.16341382113821137,0.17686752136752137,0.1,0.41,0.13720199501160868","0,0,0"
30.933333333333334,9,AV,0,0,0,87,506.5869000089976,0.3,-1.0830921296933207,"0.3693201754385964,0.3850159680638723,0.35609904761904765,0.3,0.87,0.02660579486905904","0,0,0"
36.166666666666664,219,AV,2,0,0,86,4227.85786318916,0.3,-0.6616666666666666,"0.365,0.3837777777777777,0.3543892100192678,0.3,0.86,0.22204585045833433","0,0,0"
27.283333333333335,30,AV,1,0,0,49,743.7553910389753,0.4,-0.6728333333333334,"0.42886111111111114,0.23113440860215057,0.22839342403628118,0.4,0.49,0.03906181420480535","0,0,0"
22.933333333333334,292,AV,1,0,0,46,12197.400506638176,0.2,-0.42933333333333334,"0.340097435897436,0.19931367041198503,0.20126642335766423,0.2,0.46,0.6406038841699384","0,0,0"
25.783333333333335,163,AV,1,0,0,48,2797.307504072895,0.9,-1.1578333333333335,"0.3858857142857143,0.21939668615984406,0.21656235011990407,0.9,0.48,0.1469137666957458","0,0,0"
40.06666666666667,296,AV,1,0,0,68,14312.770160915026,0.2,-0.6006666666666667,"0.5256468253968253,0.3420337552742616,0.3145361111111111,0.2,0.68,0.7517024757302859","0,0,0"
21.383333333333333,39,AV,1,0,0,44,857.6590975250949,0.3,-0.5138333333333334,"0.30084722222222215,0.18242534722222226,0.18958045977011495,0.3,0.44,0.04504400334065031","0,0,0"
12.116666666666667,185,AV,2,0,0,20,3245.380745418587,0.1,-0.22116666666666668,"0.05286111111111111,0.08197651006711411,0.11797278911564626,0.1,0.2,0.1704464414359456","0,0,0"
21.65,38,AV,1,0,0,44,837.3801312568858,0.1,-0.3165,"0.30084722222222215,0.18242534722222226,0.18958045977011495,0.1,0.44,0.04397895800158024","0,0,0"
11.783333333333333,150,AV,0,0,0,39,2533.2754137277425,0.2,-0.4125723414567483,"0.2237905982905983,0.15575434027777776,0.16933939393939393,0.2,0.39,0.13304687903156176","0,0,0"
24.25,53,AV,1,0,0,47,969.457736312404,0.6,-0.8425,"0.35807812499999997,0.20599610136452243,0.20535517241379309,0.6,0.47,0.050915634940603534","0,0,0"
32.63333333333333,177,AV,1,0,0,55,3032.1279287666234,0.7,-1.0263333333333333,"0.4248508771929824,0.2730621621621622,0.2657669082125604,0.7,0.55,0.15924646627869138","0,0,0"
11.8,43,AV,1,0,0,26,863.5619359671642,0.4,-0.518,"0.08230158730158729,0.09864046579330422,0.1285568181818182,0.4,0.26,0.04535401867806252","0,0,0"
27.466666666666665,11,AV,1,0,0,49,539.5213747330826,0.2,-0.4746666666666667,"0.42886111111111114,0.23113440860215057,0.22839342403628118,0.2,0.49,0.028335503786943907","0,0,0"
30.833333333333332,76,AV,1,0,0,53,1261.43865123121,0.1,-0.4083333333333333,"0.4323364779874215,0.25758641975308644,0.2571062801932367,0.1,0.53,0.06625038664435261","0,0,0"
13.683333333333334,54,AV,1,0,0,31,978.4447105201264,0.4,-0.5368333333333334,"0.13108757062146892,0.12306919642857142,0.14474570446735396,0.4,0.31,0.051387628180578626","0,0,0"
10.5,242,AV,1,0,0,23,5004.1281918097375,0.3,-0.40499999999999997,"0.06179320987654322,0.08538146551724136,0.11863333333333333,0.3,0.23,0.2628153396137967","0,0,0"
31.0,143,AV,1,0,0,53,2398.572127464108,0.9,-1.21,"0.4323364779874215,0.25758641975308644,0.2571062801932367,0.9,0.53,0.12597230208838628","0,0,0"
8.1,123,AV,1,0,0,18,1848.7234685638712,0.1,-0.181,"0.051875,0.07987168141592921,0.11730882352941176,0.1,0.18,0.09709441237693286","0,0,0"
25.566666666666666,148,AV,0,0,0,63,2458.2611968747465,0.4,-0.7532966501302296,"0.5410584795321638,0.32204437869822483,0.29692316017316017,0.4,0.63,0.12910715444370038","0,0,0"
14.083333333333334,229,AV,1,0,0,31,4549.115907877681,0.1,-0.24083333333333334,"0.13108757062146892,0.12306919642857142,0.14474570446735396,0.1,0.31,0.2389182283995444","0,0,0"
36.55,273,AV,1,0,0,62,7612.519032757181,0.3,-0.6655,"0.5468022598870056,0.31696626984126985,0.293375816993464,0.3,0.62,0.39980725877188683","0,0,0"
29.05,158,AV,1,0,0,50,2744.255474143275,0.1,-0.39049999999999996,"0.41437222222222225,0.23967375886524825,0.23931439393939397,0.1,0.5,0.14412748970028938","0,0,0"
39.083333333333336,90,AV,2,0,0,87,1454.957177165027,0.2,-0.5908333333333333,"0.3693201754385964,0.3850159680638723,0.35609904761904765,0.2,0.87,0.0764139226620948","0,0,0"
16.583333333333332,232,AV,1,0,0,36,4635.813442599864,0.1,-0.26583333333333337,"0.18975352112676058,0.1425236928104575,0.15714126984126986,0.1,0.36,0.24347155740278267","0,0,0"
24.616666666666667,138,AV,1,0,0,47,2239.257430619588,0.6,-0.8461666666666666,"0.35807812499999997,0.20599610136452243,0.20535517241379309,0.6,0.47,0.1176051411061415","0,0,0"
44.88333333333333,111,AV,1,0,0,81,1626.914224999384,0.1,-0.5488333333333333,"0.3696541666666667,0.38093502824858755,0.3449969325153374,0.1,0.81,0.08544505619691108","0,0,0"
40.36666666666667,95,AV,1,0,0,68,1507.5005543882637,0.2,-0.6036666666666667,"0.5256468253968253,0.3420337552742616,0.3145361111111111,0.2,0.68,0.07917348536713947","0,0,0"
18.466666666666665,93,AV,1,0,0,39,1485.5718097438446,0.3,-0.48466666666666663,"0.2237905982905983,0.15575434027777776,0.16933939393939393,0.3,0.39,0.07802179415338123","0,0,0"
29.016666666666666,257,AV,1,0,0,51,5862.8833826120845,0.2,-0.4901666666666667,"0.4133395061728394,0.247690350877193,0.24630514705882348,0.2,0.51,0.30791690945072125","0,0,0"
18.733333333333334,88,AV,1,0,0,40,1446.9812594843625,0.9,-1.0873333333333335,"0.2368098591549296,0.15963917525773197,0.17160724637681163,0.9,0.4,0.0759950298133052","0,0,0"
34.31666666666667,223,AV,1,0,0,57,4381.240268036911,0.4,-0.7431666666666668,"0.46558139534883725,0.2925398550724638,0.2779531590413944,0.4,0.57,0.23010144921114412","0,0,0"
40.38333333333333,36,AV,1,0,0,68,802.5586880039084,0.1,-0.5038333333333334,"0.5256468253968253,0.3420337552742616,0.3145361111111111,0.1,0.68,0.042150146052007835","0,0,0"
33.0,174,AV,1,0,0,55,3001.8426729260827,0.2,-0.53,"0.4248508771929824,0.2730621621621622,0.2657669082125604,0.2,0.55,0.1576558935567436","0,0,0"
25.733333333333334,173,AV,1,0,0,48,2966.188350320237,0.1,-0.3573333333333334,"0.3858857142857143,0.21939668615984406,0.21656235011990407,0.1,0.48,0.15578333902872574","0,0,0"
9.75,195,AV,1,0,0,22,3398.605365942332,0.3,-0.39749999999999996,"0.055044117647058834,0.08248033126293995,0.11820512820512821,0.3,0.22,0.17849375340250406","0,0,0"
16.133333333333333,278,AV,1,0,0,34,8326.33528790118,0.2,-0.36133333333333334,"0.16220430107526881,0.13398919753086416,0.15266339869281043,0.2,0.34,0.43729667837240127","0,0,0"
46.083333333333336,245,AV,1,0,0,96,5064.807770076448,0.5,-0.9608333333333334,"0.381388888888889,0.3909266247379455,0.3624771062271062,0.5,0.96,0.2660022132026646","0,0,0"
23.016666666666666,16,AV,2,0,0,49,583.3206434887895,0.2,-0.4301666666666667,"0.42886111111111114,0.23113440860215057,0.22839342403628118,0.2,0.49,0.030635828489198207","0,0,0"
30.066666666666666,244,AV,1,0,0,52,5051.78348307234,0.1,-0.4006666666666666,"0.3977993197278911,0.25065745393634836,0.2516186868686869,0.1,0.52,0.26531818148305064","0,0,0"
26.0,214,AV,1,0,0,48,4015.909421979459,0.8,-1.06,"0.3858857142857143,0.21939668615984406,0.21656235011990407,0.8,0.48,0.21091438071535054","0,0,0"
13.133333333333333,10,AV,1,0,0,28,513.3463032142733,0.3,-0.43133333333333335,"0.10543650793650793,0.11057357357357361,0.1361842105263158,0.3,0.28,0.026960796735695607","0,0,0"
34.3,146,AV,1,0,0,56,2421.832203454489,0.1,-0.44299999999999995,"0.41960763888888886,0.28172586520947185,0.2722237136465325,0.1,0.56,0.12719391443254247","0,0,0"
45.81666666666667,274,AV,1,0,0,91,7658.5640246764915,0.4,-0.8581666666666667,"0.37260784313725503,0.3900429447852761,0.3608315118397086,0.4,0.91,0.4022255281936403","0,0,0"
27.783333333333335,236,AV,1,0,0,49,4754.245589533712,0.5,-0.7778333333333334,"0.42886111111111114,0.23113440860215057,0.22839342403628118,0.5,0.49,0.24969157889794616","0,0,0"
17.866666666666667,113,AV,1,0,0,40,1639.6236094811811,0.1,-0.2786666666666667,"0.2368098591549296,0.15963917525773197,0.17160724637681163,0.1,0.4,0.08611254932874826","0,0,0"
15.183333333333334,0,AV,1,0,0,34,388.2787303527966,0.2,-0.35183333333333333,"0.16220430107526881,0.13398919753086416,0.15266339869281043,0.2,0.34,0.02039228462402346","0,0,0"
20.233333333333334,136,AV,1,0,0,42,2164.09247058771,0.2,-0.4023333333333333,"0.2607876344086022,0.17136447811447808,0.18458611111111112,0.2,0.42,0.11365749953089815","0,0,0"
37.9,27,AV,1,0,0,63,676.2529471816457,0.3,-0.679,"0.5410584795321638,0.32204437869822483,0.29692316017316017,0.3,0.63,0.03551660572350354","0,0,0"
14.25,191,AV,1,0,0,32,3352.9358316496982,0.9,-1.0425,"0.13888484848484847,0.12609740259740262,0.14649113475177306,0.9,0.32,0.17609520290478356","0,0,0"
13.35,211,AV,1,0,0,28,3942.222625638348,0.1,-0.2335,"0.10543650793650793,0.11057357357357361,0.1361842105263158,0.1,0.28,0.20704437186203256","0,0,0"
24.933333333333334,248,AV,1,0,0,47,5307.329693361759,0.5,-0.7493333333333333,"0.35807812499999997,0.20599610136452243,0.20535517241379309,0.5,0.47,0.2787393932246195","0,0,0"
21.85,6,AV,1,0,0,44,477.1303205766694,0.3,-0.5185,"0.30084722222222215,0.18242534722222226,0.18958045977011495,0.3,0.44,0.025058743988140585","0,0,0"
31.666666666666668,210,AV,1,0,0,54,3941.04555698938,0.4,-0.7166666666666667,"0.4034255952380953,0.26930465949820787,0.26364251207729467,0.4,0.54,0.20698255256307185","0,0,0"
37.483333333333334,139,AV,1,0,0,62,2344.9936519099742,0.2,-0.5748333333333333,"0.5468022598870056,0.31696626984126985,0.293375816993464,0.2,0.62,0.12315837632369546","0,0,0"
44.13333333333333,299,AV,1,0,0,78,19040.472291926453,0.3,-0.7413333333333334,"0.4325365853658537,0.3748826815642458,0.3409729166666666,0.3,0.78,1.0","0,0,0"
13.966666666666667,3,AV,1,0,0,31,449.0833195935783,0.9,-1.0396666666666667,"0.13108757062146892,0.12306919642857142,0.14474570446735396,0.9,0.31,0.02358572375245118","0,0,0"
19.55,48,AV,1,0,0,42,898.3728471886773,0.1,-0.2955,"0.2607876344086022,0.17136447811447808,0.18458611111111112,0.1,0.42,0.047182277488442635","0,0,0"
19.416666666666668,188,AV,1,0,0,41,3274.575105225111,0.7,-0.8941666666666667,"0.24052011494252878,0.16341382113821137,0.17686752136752137,0.7,0.41,0.17197972061930406","0,0,0"
36.4,189,AV,1,0,0,61,3301.717979419838,0.1,-0.46399999999999997,"0.5335350877192981,0.31442215568862275,0.2910074786324786,0.1,0.61,0.1734052563822082","0,0,0"
43.13333333333333,60,AV,1,0,0,73,1025.7249596144625,0.3,-0.7313333333333334,"0.5022992424242425,0.3644320297951584,0.3312282377919321,0.3,0.73,0.05387077294555297","0,0,0"
28.533333333333335,86,AV,1,0,0,50,1411.5824788559885,0.2,-0.48533333333333334,"0.41437222222222225,0.23967375886524825,0.23931439393939397,0.2,0.5,0.07413589627472256","0,0,0"
14.6,64,AV,1,0,0,32,1074.3823512953045,0.5,-0.646,"0.13888484848484847,0.12609740259740262,0.14649113475177306,0.5,0.32,0.05642624483379356","0,0,0"
32.4,289,AV,1,0,0,54,10838.007207066395,0.9,-1.224,"0.4034255952380953,0.26930465949820787,0.26364251207729467,0.9,0.54,0.5692089482287648","0,0,0"
42.516666666666666,175,AV,1,0,0,72,3024.224513765153,0.3,-0.7251666666666666,"0.5053581560283686,0.3573664772727273,0.32743312101910826,0.3,0.72,0.1588313812492711","0,0,0"
29.716666666666665,66,AV,1,0,0,51,1097.8259349569896,0.6,-0.8971666666666667,"0.4133395061728394,0.247690350877193,0.24630514705882348,0.6,0.51,0.05765749494682913","0,0,0"
15.433333333333334,155,AV,1,0,0,35,2648.588416164911,0.1,-0.2543333333333333,"0.17737179487179486,0.13965740740740737,0.15697138047138048,0.1,0.35,0.1391030839759141","0,0,0"
17.666666666666668,83,AV,1,0,0,39,1373.5659577718477,0.6,-0.7766666666666666,"0.2237905982905983,0.15575434027777776,0.16933939393939393,0.6,0.39,0.07213927977796368","0,0,0"
28.066666666666666,201,AV,1,0,0,49,3608.770587345788,0.2,-0.4806666666666667,"0.42886111111111114,0.23113440860215057,0.22839342403628118,0.2,0.49,0.18953156896617424","0,0,0"
31.45,212,AV,1,0,0,53,3958.913906791885,0.3,-0.6145,"0.4323364779874215,0.25758641975308644,0.2571062801932367,0.3,0.53,0.20792099303495454","0,0,0"
44.083333333333336,259,AV,1,0,0,78,5913.041300376779,0.2,-0.6408333333333334,"0.4325365853658537,0.3748826815642458,0.3409729166666666,0.2,0.78,0.31055118852718944","0,0,0"
20.4,126,AV,1,0,0,43,2015.5588757501516,0.6,-0.8039999999999999,"0.27894871794871795,0.17657738095238099,0.18752801120448176,0.6,0.43,0.10585655885252329","0,0,0"
22.083333333333332,115,AV,0,0,0,57,1682.490559712908,0.3,-0.6634790073993753,"0.46558139534883725,0.2925398550724638,0.2779531590413944,0.3,0.57,0.0883639089365613","0,0,0"
23.733333333333334,21,AV,2,0,0,49,623.7253316558669,0.1,-0.3373333333333334,"0.42886111111111114,0.23113440860215057,0.22839342403628118,0.1,0.49,0.03275787081816973","0,0,0"
13.016666666666667,238,AV,1,0,0,28,4925.450001742355,0.3,-0.4301666666666667,"0.10543650793650793,0.11057357357357361,0.1361842105263158,0.3,0.28,0.25868318423124653","0,0,0"
21.0,165,AV,1,0,0,43,2838.632091159661,0.2,-0.41000000000000003,"0.27894871794871795,0.17657738095238099,0.18752801120448176,0.2,0.43,0.149084121845197","0,0,0"
40.93333333333333,51,AV,1,0,0,68,932.0432837729122,0.1,-0.5093333333333333,"0.5256468253968253,0.3420337552742616,0.3145361111111111,0.1,0.68,0.04895063890658413","0,0,0"
26.05,168,AV,1,0,0,48,2909.8477340427667,0.1,-0.36050000000000004,"0.3858857142857143,0.21939668615984406,0.21656235011990407,0.1,0.48,0.15282434644631168","0,0,0"
20.65,68,AV,1,0,0,43,1141.0395517097602,0.4,-0.6065,"0.27894871794871795,0.17657738095238099,0.18752801120448176,0.4,0.43,0.05992706137828231","0,0,0"
33.21666666666667,81,AV,1,0,0,55,1297.4303329633815,0.1,-0.4321666666666667,"0.4248508771929824,0.2730621621621622,0.2657669082125604,0.1,0.55,0.06814065917437974","0,0,0"
17.133333333333333,23,AV,1,0,0,38,632.5893922142865,0.2,-0.37133333333333335,"0.21073895582329322,0.15045287958115183,0.16381603773584907,0.2,0.38,0.033223408669464424","0,0,0"
35.2,265,AV,1,0,0,59,6130.868263041086,0.7,-1.052,"0.5332500000000002,0.3029645593869732,0.2820833333333333,0.7,0.59,0.3219913964865619","0,0,0"
20.366666666666667,12,AV,2,0,0,46,541.9839687696077,0.2,-0.4036666666666667,"0.340097435897436,0.19931367041198503,0.20126642335766423,0.2,0.46,0.028464838500850628","0,0,0"
17.083333333333332,196,AV,0,0,0,48,3427.0421228311798,0.7,-0.9408645705921648,"0.3858857142857143,0.21939668615984406,0.21656235011990407,0.7,0.48,0.1799872435036349","0,0,0"
39.45,131,AV,1,0,0,65,2088.64210540395,0.3,-0.6945,"0.4872564102564102,0.32867258382642994,0.30605910852713175,0.3,0.65,0.10969486856109009","0,0,0"
32.15,286,AV,2,0,0,64,9095.945853089892,0.1,-0.4215,"0.4894666666666667,0.3253516260162601,0.3048586744639376,0.1,0.64,0.47771639871279653","0,0,0"
26.35,246,AV,1,0,0,48,5200.876525735832,0.2,-0.4635,"0.3858857142857143,0.21939668615984406,0.21656235011990407,0.2,0.48,0.27314850419656395","0,0,0"
28.966666666666665,13,AV,2,0,0,57,566.7055292848979,0.1,-0.3896666666666666,"0.46558139534883725,0.2925398550724638,0.2779531590413944,0.1,0.57,0.02976320758205103","0,0,0"
22.6,85,AV,1,0,0,45,1391.0507319816634,0.2,-0.42600000000000005,"0.3436010101010101,0.1955847299813781,0.19732592592592588,0.2,0.45,0.07305757497262802","0,0,0"
29.683333333333334,34,AV,1,0,0,51,776.0711537761008,0.2,-0.49683333333333335,"0.4133395061728394,0.247690350877193,0.24630514705882348,0.2,0.51,0.04075902855125977","0,0,0"
15.0,61,AV,2,0,0,30,1038.299283744561,0.1,-0.25,"0.12746560846560845,0.11981240657698056,0.14276773049645392,0.1,0.3,0.054531172747475445","0,0,0"
6.716666666666667,56,AV,0,0,0,17,981.8973671489576,0.6,-0.9115913978347165,"0.05082222222222222,0.07827845528455288,0.11443137254901961,0.6,0.17,0.05156896069039748","0,0,0"
42.53333333333333,110,AV,1,0,0,72,1614.9493849180149,0.1,-0.5253333333333333,"0.5053581560283686,0.3573664772727273,0.32743312101910826,0.1,0.72,0.08481666631781955","0,0,0"
29.716666666666665,72,AV,1,0,0,52,1205.4292211271013,0.2,-0.49716666666666665,"0.3977993197278911,0.25065745393634836,0.2516186868686869,0.2,0.52,0.06330878786227523","0,0,0"
36.03333333333333,224,AV,1,0,0,61,4416.224882412617,0.3,-0.6603333333333333,"0.5335350877192981,0.31442215568862275,0.2910074786324786,0.3,0.61,0.23193883086005102","0,0,0"
16.133333333333333,84,AV,1,0,0,37,1386.7650627050614,0.2,-0.36133333333333334,"0.20224418604651162,0.14655670103092783,0.16075499999999998,0.2,0.37,0.07283249288375467","0,0,0"
17.916666666666668,230,AV,2,0,0,39,4572.8741748457805,0.6,-0.7791666666666667,"0.2237905982905983,0.15575434027777776,0.16933939393939393,0.6,0.39,0.24016600558720239","0,0,0"
5.116666666666666,270,AV,0,0,0,14,7128.986247371214,0.2,-0.28483204231365983,"0.051148148148148144,0.07752339181286548,0.11435,0.2,0.14,0.3744122592165977","0,0,0"
45.833333333333336,204,AV,1,0,0,82,3773.073658575576,0.4,-0.8583333333333334,"0.3829083333333334,0.38166857142857147,0.34631010101010107,0.4,0.82,0.19816071790275053","0,0,0"
16.816666666666666,233,AV,1,0,0,37,4639.089550420253,0.1,-0.26816666666666666,"0.20224418604651162,0.14655670103092783,0.16075499999999998,0.1,0.37,0.24364361762115117","0,0,0"
27.433333333333334,209,AV,2,0,0,52,3898.759045987068,0.2,-0.47433333333333333,"0.3977993197278911,0.25065745393634836,0.2516186868686869,0.2,0.52,0.204761677452729","0,0,0"
28.85,79,AV,1,0,0,50,1293.252850487379,0.3,-0.5885,"0.41437222222222225,0.23967375886524825,0.23931439393939397,0.3,0.5,0.0679212590244279","0,0,0"
19.016666666666666,202,AV,1,0,0,41,3630.005597296026,0.7,-0.8901666666666666,"0.24052011494252878,0.16341382113821137,0.17686752136752137,0.7,0.41,0.1906468254380025","0,0,0"
30.75,63,AV,2,0,0,66,1068.5648373754009,0.2,-0.5075000000000001,"0.5109083333333333,0.337978354978355,0.3103306451612903,0.2,0.66,0.05612071071516929","0,0,0"
17.516666666666666,107,AV,1,0,0,38,1592.2311391495805,0.2,-0.37516666666666665,"0.21073895582329322,0.15045287958115183,0.16381603773584907,0.2,0.38,0.08362351073742634","0,0,0"
41.63333333333333,198,AV,1,0,0,71,3480.90175047103,0.8,-1.2163333333333335,"0.5160300000000002,0.3568333333333333,0.3264444444444445,0.8,0.71,0.18281593529310736","0,0,0"
12.516666666666667,65,AV,1,0,0,27,1089.3140785512585,0.1,-0.22516666666666668,"0.08659114583333333,0.10105629629629628,0.12978021978021978,0.1,0.27,0.05721045475395848","0,0,0"
7.6,156,AV,1,0,0,0,2667.9339807116767,0.4,-0.47600000000000003,"0.0,0.0,0.0,0.4,0.0,0.140119107331331","0,0,0"
31.066666666666666,282,AV,1,0,0,53,8689.506535985933,0.1,-0.4106666666666666,"0.4323364779874215,0.25758641975308644,0.2571062801932367,0.1,0.53,0.45637032541837","0,0,0"
16.716666666666665,288,AV,0,0,0,47,10213.823531357188,0.3,-0.4906642333970084,"0.35807812499999997,0.20599610136452243,0.20535517241379309,0.3,0.47,0.5364270053158322","0,0,0"
35.81666666666667,235,AV,1,0,0,59,4705.31956239884,0.8,-1.1581666666666668,"0.5332500000000002,0.3029645593869732,0.2820833333333333,0.8,0.59,0.24712199835473575","0,0,0"
43.68333333333333,114,AV,1,0,0,77,1659.6531244520008,0.4,-0.8368333333333333,"0.44246341463414623,0.3719908424908426,0.3389331210191083,0.4,0.77,0.08716449355910817","0,0,0"
26.416666666666668,263,AV,1,0,0,48,6031.594525491932,0.1,-0.36416666666666664,"0.3858857142857143,0.21939668615984406,0.21656235011990407,0.1,0.48,0.3167775690127944","0,0,0"
21.866666666666667,216,AV,1,0,0,44,4113.319853961603,0.1,-0.31866666666666665,"0.30084722222222215,0.18242534722222226,0.18958045977011495,0.1,0.44,0.21603034792922307","0,0,0"
24.8,194,AV,1,0,0,47,3393.6426315430986,0.1,-0.348,"0.35807812499999997,0.20599610136452243,0.20535517241379309,0.1,0.47,0.17823311205269168","0,0,0"
22.833333333333332,205,AV,1,0,0,45,3773.692032315799,0.5,-0.7283333333333333,"0.3436010101010101,0.1955847299813781,0.19732592592592588,0.5,0.45,0.19819319470956198","0,0,0"
40.11666666666667,153,AV,1,0,0,67,2619.168197182975,0.2,-0.6011666666666666,"0.5249484126984126,0.3419830148619958,0.31354419889502766,0.2,0.67,0.13755794273514713","0,0,0"
11.566666666666666,231,AV,1,0,0,25,4609.601315671212,0.1,-0.21566666666666667,"0.07798022598870055,0.09527266081871344,0.12522043010752687,0.1,0.25,0.2420949042123171","0,0,0"
43.2,15,AV,1,0,0,75,571.0932451196882,0.5,-0.932,"0.5031843971631206,0.3699700374531835,0.3341946236559139,0.5,0.75,0.029993649126121902","0,0,0"
19.95,117,AV,1,0,0,42,1794.439334206041,0.1,-0.2995,"0.2607876344086022,0.17136447811447808,0.18458611111111112,0.1,0.42,0.09424342561959032","0,0,0"
15.133333333333333,46,AV,0,0,0,45,881.2906222289953,0.2,-0.6236612055997854,"0.3436010101010101,0.1955847299813781,0.19732592592592588,0.2,0.45,0.04628512406190052","0,0,0"
39.166666666666664,102,AV,1,0,0,65,1564.4426034616197,0.3,-0.6916666666666667,"0.4872564102564102,0.32867258382642994,0.30605910852713175,0.3,0.65,0.08216406502295508","0,0,0"
31.533333333333335,5,AV,1,0,0,53,465.3670128771111,0.2,-0.5153333333333334,"0.4323364779874215,0.25758641975308644,0.2571062801932367,0.2,0.53,0.0244409385304185","0,0,0"
43.85,49,AV,1,0,0,74,904.859336063587,0.3,-0.7384999999999999,"0.507822463768116,0.3681337099811677,0.3325169851380042,0.3,0.74,0.04752294597478371","0,0,0"
31.25,37,AV,1,0,0,53,832.4581618945489,0.3,-0.6125,"0.4323364779874215,0.25758641975308644,0.2571062801932367,0.3,0.53,0.043720457619506006","0,0,0"
12.866666666666667,182,AV,1,0,0,27,3225.188153267811,0.3,-0.42866666666666664,"0.08659114583333333,0.10105629629629628,0.12978021978021978,0.3,0.27,0.16938593244009792","0,0,0"
22.316666666666666,251,AV,1,0,0,44,5557.427333357366,0.2,-0.4231666666666667,"0.30084722222222215,0.18242534722222226,0.18958045977011495,0.2,0.44,0.2918744476582037","0,0,0"
34.5,252,AV,1,0,0,57,5611.673516276995,0.9,-1.245,"0.46558139534883725,0.2925398550724638,0.2779531590413944,0.9,0.57,0.29472344121718336","0,0,0"
14.533333333333333,96,AV,1,0,0,32,1530.0661682302475,0.8,-0.9453333333333334,"0.13888484848484847,0.12609740259740262,0.14649113475177306,0.8,0.32,0.08035862476368438","0,0,0"
41.28333333333333,17,AV,1,0,0,69,586.8516376274475,0.2,-0.6128333333333333,"0.528808510638298,0.3500642570281125,0.31822155688622755,0.2,0.69,0.03082127526197365","0,0,0"
27.5,104,AV,2,0,0,57,1579.1767070066765,0.1,-0.375,"0.46558139534883725,0.2925398550724638,0.2779531590413944,0.1,0.57,0.08293789580399638","0,0,0"
7.966666666666667,294,AV,1,0,0,17,13430.196447392702,0.3,-0.37966666666666665,"0.05082222222222222,0.07827845528455288,0.11443137254901961,0.3,0.17,0.7053499640913518","0,0,0"
22.2,1,AV,2,0,0,47,419.7646265090227,0.7,-0.9219999999999999,"0.35807812499999997,0.20599610136452243,0.20535517241379309,0.7,0.47,0.022045914621929386","0,0,0"
25.083333333333332,169,AV,1,0,0,47,2927.9701715656583,0.1,-0.35083333333333333,"0.35807812499999997,0.20599610136452243,0.20535517241379309,0.1,0.47,0.1537761315304756","0,0,0"
28.7,87,AV,0,0,0,79,1434.4967426379471,0.4,-0.8543060613289755,"0.37830081300813,0.3779506517690876,0.3423854166666666,0.4,0.79,0.07533934666348602","0,0,0"
22.266666666666666,213,AV,1,0,0,44,3971.0791127863904,0.1,-0.32266666666666666,"0.30084722222222215,0.18242534722222226,0.18958045977011495,0.1,0.44,0.20855990607282407","0,0,0"
32.916666666666664,55,AV,1,0,0,55,979.573716991658,0.9,-1.2291666666666667,"0.4248508771929824,0.2730621621621622,0.2657669082125604,0.9,0.55,0.051446923268128025","0,0,0"
29.1,225,AV,1,0,0,50,4459.768546990965,0.2,-0.49100000000000005,"0.41437222222222225,0.23967375886524825,0.23931439393939397,0.2,0.5,0.23422573130615026","0,0,0"
27.066666666666666,40,AV,0,0,0,68,859.2772315809713,0.3,-0.849971169543378,"0.5256468253968253,0.3420337552742616,0.3145361111111111,0.3,0.68,0.045128987264949426","0,0,0"
40.65,157,AV,1,0,0,68,2675.3892374750885,0.2,-0.6065,"0.5256468253968253,0.3420337552742616,0.3145361111111111,0.2,0.68,0.14051065522200876","0,0,0"
32.05,33,AV,1,0,0,54,763.1985099142711,0.6,-0.9204999999999999,"0.4034255952380953,0.26930465949820787,0.26364251207729467,0.6,0.54,0.04008296108484046","0,0,0"
45.266666666666666,206,AV,1,0,0,85,3824.993837156676,0.1,-0.5526666666666666,"0.3750447154471545,0.3841137724550898,0.35333333333333333,0.1,0.85,0.20088755039855555","0,0,0"
34.1,75,AV,1,0,0,56,1249.5878531833848,0.7,-1.041,"0.41960763888888886,0.28172586520947185,0.2722237136465325,0.7,0.56,0.06562798621929328","0,0,0"
23.916666666666668,226,AV,1,0,0,46,4504.939201911708,0.1,-0.33916666666666667,"0.340097435897436,0.19931367041198503,0.20126642335766423,0.1,0.46,0.2365980808061097","0,0,0"
28.85,18,AV,2,0,0,59,591.6693204447811,0.2,-0.48850000000000005,"0.5332500000000002,0.3029645593869732,0.2820833333333333,0.2,0.59,0.0310742985454022","0,0,0"
23.466666666666665,269,AV,1,0,0,46,6709.13861087917,0.2,-0.43466666666666665,"0.340097435897436,0.19931367041198503,0.20126642335766423,0.2,0.46,0.352361984934795","0,0,0"
