travel_time,id,kind,action,origin,destination,start_time,income,urgency,reward,observation,cost_table
20.733333333333334,122,AV,2,0,0,44,1832.3133019091129,0.6,-0.8073333333333333,"0.2845762273901809,0.15779388560157792,0.1901311475409836,0.6,0.44,0.0962325552547376","0,0,0"
32.35,247,AV,2,0,0,67,5304.212874057136,0.3,-0.6234999999999999,"0.6539761904761905,0.28363583815028903,0.3154779614325069,0.3,0.67,0.2785756987922106","0,0,0"
12.533333333333333,58,AV,1,0,0,34,1020.7360413649084,0.5,-0.6253333333333333,"0.16633212560386468,0.12064792899408283,0.152665191740413,0.5,0.34,0.053608756427629224","0,0,0"
76.33333333333333,260,AV,0,0,0,73,5985.732437913218,0.1,-0.9034286771345124,"0.7192235772357723,0.30094887525562375,0.33150870646766173,0.1,0.73,0.31436890567316916","0,0,0"
12.816666666666666,160,AV,2,0,0,18,2756.9260540590044,0.1,-0.22816666666666666,"0.05763756613756613,0.07946323529411764,0.11547988505747125,0.1,0.18,0.14479294482773922","0,0,0"
10.683333333333334,264,AV,1,0,0,26,6081.635477498837,0.1,-0.20683333333333334,"0.09383483483483483,0.09415846994535519,0.13202513227513227,0.1,0.26,0.31940570508209365","0,0,0"
10.816666666666666,186,AV,1,0,0,27,3251.3322332141274,0.1,-0.20816666666666667,"0.09737237237237237,0.09619385964912283,0.13306162464985993,0.1,0.27,0.17075901182308162","0,0,0"
17.383333333333333,142,AV,1,0,0,45,2361.523720441912,0.2,-0.37383333333333335,"0.31367999999999996,0.1671773255813953,0.19814363143631436,0.2,0.45,0.12402653065718573","0,0,0"
22.266666666666666,141,AV,2,0,0,48,2360.1328348572283,0.4,-0.6226666666666667,"0.36622715053763444,0.1846200396825397,0.21576041666666668,0.4,0.48,0.12395348175570059","0,0,0"
17.616666666666667,298,AV,1,0,0,46,17693.100214811147,0.3,-0.4761666666666666,"0.3253893333333334,0.17083429672447015,0.2026707650273224,0.3,0.46,0.9292364151236616","0,0,0"
23.866666666666667,98,AV,1,0,0,55,1538.317647081207,0.4,-0.6386666666666667,"0.49812872628726285,0.23423175542406313,0.2645338541666666,0.4,0.55,0.08079199000402343","0,0,0"
22.566666666666666,147,AV,0,0,0,33,2456.6540037696086,0.3,-0.6233605216546838,"0.16332033096926712,0.11897928994082839,0.15067575757575757,0.3,0.33,0.12902274513491346","0,0,0"
34.18333333333333,125,AV,2,0,0,78,2011.9739719035176,0.1,-0.4418333333333333,"0.7462403100775192,0.30886826347305385,0.34170698924731174,0.1,0.78,0.10566828075775386","0,0,0"
18.516666666666666,99,AV,1,0,0,47,1541.4014724042315,0.1,-0.2851666666666667,"0.3405510752688172,0.17579651162790697,0.20608198924731178,0.1,0.47,0.08095395160223084","0,0,0"
24.9,132,AV,2,0,0,49,2108.868816674547,0.2,-0.449,"0.3932286501377412,0.19437025948103792,0.2268320707070707,0.2,0.49,0.1107571694830674","0,0,0"
22.616666666666667,271,AV,1,0,0,50,7177.938863287724,0.5,-0.7261666666666666,"0.4313444444444444,0.20692344961240305,0.23954557291666664,0.5,0.5,0.3769832361947931","0,0,0"
24.25,103,AV,1,0,0,53,1564.487892525026,0.5,-0.7424999999999999,"0.46476068376068375,0.22086111111111112,0.2571530864197531,0.5,0.53,0.08216644359123385","0,0,0"
27.55,20,AV,0,0,0,41,597.1498506777683,0.7,-1.3774091685740166,"0.2387286821705426,0.14287545787545788,0.17810550458715596,0.7,0.41,0.03136213437998447","0,0,0"
20.45,32,AV,1,0,0,49,761.8437659652793,0.1,-0.3045,"0.3932286501377412,0.19437025948103792,0.2268320707070707,0.1,0.49,0.04001181033142316","0,0,0"
30.0,4,AV,2,0,0,60,457.16351791608827,0.1,-0.4,"0.5809398907103825,0.2576027131782946,0.2879431216931217,0.1,0.6,0.02401009338985435","0,0,0"
27.6,151,AV,0,0,0,41,2574.4307659940623,0.6,-0.9692244918644488,"0.2387286821705426,0.14287545787545788,0.17810550458715596,0.6,0.41,0.13520834601805928","0,0,0"
10.916666666666666,144,AV,1,0,0,27,2417.357356239525,0.4,-0.5091666666666667,"0.09737237237237237,0.09619385964912283,0.13306162464985993,0.4,0.27,0.12695889677403294","0,0,0"
28.15,234,AV,1,0,0,66,4662.282088415262,0.2,-0.4815,"0.6472661290322581,0.2801570881226053,0.3122308743169399,0.2,0.66,0.24486168288967095","0,0,0"
24.033333333333335,14,AV,0,0,0,35,567.550811201735,0.4,-1.0632029606215454,"0.1819484126984127,0.1250018518518519,0.15714619883040937,0.4,0.35,0.0298076015395053","0,0,0"
21.016666666666666,22,AV,1,0,0,49,627.4062491148882,0.1,-0.3101666666666667,"0.3932286501377412,0.19437025948103792,0.2268320707070707,0.1,0.49,0.03295119151959908","0,0,0"
33.63333333333333,57,AV,2,0,0,72,1005.9867386644172,0.1,-0.43633333333333335,"0.7064063360881542,0.29678834355828226,0.3285208333333334,0.1,0.72,0.052834127391418545","0,0,0"
12.766666666666667,124,AV,1,0,0,34,1927.298426803608,0.3,-0.42766666666666664,"0.16633212560386468,0.12064792899408283,0.152665191740413,0.3,0.34,0.10122114605428258","0,0,0"
18.266666666666666,162,AV,2,0,0,41,2780.081336731352,0.1,-0.2826666666666666,"0.2387286821705426,0.14287545787545788,0.17810550458715596,0.1,0.41,0.14600905345767937","0,0,0"
32.8,42,AV,2,0,0,70,863.3540159882258,0.1,-0.42799999999999994,"0.6931587926509185,0.2937109053497943,0.3248295165394402,0.1,0.7,0.0453430987819722","0,0,0"
13.65,50,AV,0,0,0,27,914.1934345695068,0.4,-0.7990264970460172,"0.09737237237237237,0.09619385964912283,0.13306162464985993,0.4,0.27,0.048013170080720285","0,0,0"
52.11666666666667,91,AV,0,0,0,56,1474.807688008607,0.4,-1.0838997483771813,"0.5135190839694656,0.24009865900383143,0.2718,0.4,0.56,0.07745646564838392","0,0,0"
43.63333333333333,137,AV,0,0,0,49,2239.194506681481,0.6,-1.1435147323961972,"0.3932286501377412,0.19437025948103792,0.2268320707070707,0.6,0.49,0.11760183635943447","0,0,0"
27.6,217,AV,2,0,0,55,4164.701887555128,0.6,-0.876,"0.49812872628726285,0.23423175542406313,0.2645338541666666,0.6,0.55,0.21872891720868953","0,0,0"
25.183333333333334,279,AV,1,0,0,58,8333.728817076937,0.1,-0.35183333333333333,"0.5554782608695652,0.250612426035503,0.28139380530973457,0.1,0.58,0.4376849843483456","0,0,0"
17.083333333333332,277,AV,0,0,0,29,7958.958807233507,0.1,-0.300988031430511,"0.1281901041666667,0.10847690763052206,0.14232936507936508,0.1,0.29,0.4180021737490339","0,0,0"
29.566666666666666,207,AV,2,0,0,62,3849.958431883558,0.1,-0.3956666666666667,"0.596150442477876,0.2648121546961325,0.29469179894179903,0.1,0.62,0.20219868356500897","0,0,0"
32.15,120,AV,2,0,0,66,1823.811293294481,0.8,-1.1215000000000002,"0.6472661290322581,0.2801570881226053,0.3122308743169399,0.8,0.66,0.09578603226495669","0,0,0"
55.516666666666666,200,AV,0,0,0,60,3520.054626539052,0.1,-0.723347426757873,"0.5809398907103825,0.2576027131782946,0.2879431216931217,0.1,0.6,0.18487223281912113","0,0,0"
29.616666666666667,203,AV,1,0,0,73,3667.3634505223554,0.1,-0.39616666666666667,"0.7192235772357723,0.30094887525562375,0.33150870646766173,0.1,0.73,0.19260884889275526","0,0,0"
8.05,291,AV,1,0,0,13,11861.36896338871,0.1,-0.1805,"0.052526666666666666,0.07681666666666667,0.11470370370370368,0.1,0.13,0.622955606433049","0,0,0"
8.216666666666667,77,AV,1,0,0,22,1265.4739572733297,0.6,-0.6821666666666666,"0.060407172995780606,0.08223636363636365,0.11777380952380952,0.6,0.22,0.0664623197298481","0,0,0"
24.35,44,AV,1,0,0,56,870.7377108213431,0.2,-0.4435,"0.5135190839694656,0.24009865900383143,0.2718,0.2,0.56,0.045730888261135916","0,0,0"
73.01666666666667,71,AV,0,0,0,72,1167.011530479414,0.6,-1.5358201617108902,"0.7064063360881542,0.29678834355828226,0.3285208333333334,0.6,0.72,0.061291102058127545","0,0,0"
31.766666666666666,267,AV,2,0,0,66,6254.49597505133,0.4,-0.7176666666666667,"0.6472661290322581,0.2801570881226053,0.3122308743169399,0.4,0.66,0.3284842875301661","0,0,0"
11.083333333333334,129,AV,1,0,0,28,2044.1603053436156,0.6,-0.7108333333333333,"0.11401101928374655,0.10373668639053255,0.13793205128205127,0.6,0.28,0.10735869751562734","0,0,0"
33.8,135,AV,2,0,0,70,2147.781038516846,0.3,-0.6379999999999999,"0.6931587926509185,0.2937109053497943,0.3248295165394402,0.3,0.7,0.1128008279199854","0,0,0"
65.95,128,AV,0,0,0,65,2035.9911412414244,0.4,-1.1773787054317253,"0.6352470238095238,0.27607076350093107,0.30669638242894054,0.4,0.65,0.10692965542166336","0,0,0"
7.55,228,AV,1,0,0,10,4549.070920567666,0.3,-0.3755,"0.05296296296296295,0.07589583333333333,0.11349999999999999,0.3,0.1,0.2389158656792649","0,0,0"
31.383333333333333,78,AV,1,0,0,75,1282.6858023855964,0.1,-0.4138333333333334,"0.7300787401574804,0.3036646216768916,0.3350038461538462,0.1,0.75,0.06736628076864885","0,0,0"
10.083333333333334,116,AV,1,0,0,23,1703.2333497257905,0.1,-0.20083333333333336,"0.06679242424242425,0.08483139534883721,0.11945441595441596,0.1,0.23,0.08945331416217002","0,0,0"
25.783333333333335,249,AV,0,0,0,38,5386.149373461946,0.1,-0.40239206785014825,"0.20884595959595958,0.1321693548387097,0.16297058823529414,0.1,0.38,0.28287897962204345","0,0,0"
83.3,45,AV,0,0,0,87,873.8892656114449,0.2,-1.3076343380612143,"0.7810749999999999,0.3217058823529413,0.3566278195488721,0.2,0.87,0.045896406991017324","0,0,0"
59.11666666666667,112,AV,0,0,0,62,1635.9686818612918,0.6,-1.3378687415052537,"0.596150442477876,0.2648121546961325,0.29469179894179903,0.6,0.62,0.08592059360601972","0,0,0"
30.0,47,AV,2,0,0,64,892.1845339920479,0.4,-0.7,"0.6281275362318841,0.27344722222222223,0.3053706666666667,0.4,0.64,0.046857269100953565","0,0,0"
16.066666666666666,208,AV,2,0,0,35,3863.855435177377,0.1,-0.26066666666666666,"0.1819484126984127,0.1250018518518519,0.15714619883040937,0.1,0.35,0.2029285500872649","0,0,0"
6.75,262,AV,0,0,0,22,6020.57275324985,0.3,-0.40736331696937805,"0.060407172995780606,0.08223636363636365,0.11777380952380952,0.3,0.22,0.3161987087790199","0,0,0"
8.3,190,AV,0,0,0,23,3323.1633986738134,0.3,-0.4552203428503629,"0.06679242424242425,0.08483139534883721,0.11945441595441596,0.3,0.23,0.17453156348873247","0,0,0"
17.666666666666668,101,AV,2,0,0,40,1552.9853059451273,0.1,-0.27666666666666667,"0.23043010752688167,0.13894713261648745,0.1707333333333333,0.1,0.4,0.08156233112997016","0,0,0"
50.4,89,AV,0,0,0,55,1447.5744631551047,0.8,-1.4697945799049956,"0.49812872628726285,0.23423175542406313,0.2645338541666666,0.8,0.55,0.07602618469547658","0,0,0"
52.03333333333333,179,AV,0,0,0,56,3065.2253709468137,0.3,-0.8986310018424082,"0.5135190839694656,0.24009865900383143,0.2718,0.3,0.56,0.16098473419939963","0,0,0"
6.816666666666666,243,AV,0,0,0,22,5009.92015912814,0.2,-0.3160716217112529,"0.060407172995780606,0.08223636363636365,0.11777380952380952,0.2,0.22,0.2631195320324301","0,0,0"
31.75,240,AV,1,0,0,76,4967.653125719208,0.9,-1.2175,"0.736912213740458,0.3059928425357874,0.3386679894179894,0.9,0.76,0.26089967987955814","0,0,0"
14.65,268,AV,1,0,0,40,6563.608435155774,0.1,-0.2465,"0.23043010752688167,0.13894713261648745,0.1707333333333333,0.1,0.4,0.34471878294420655","0,0,0"
26.966666666666665,297,AV,1,0,0,57,15387.119225735782,0.6,-0.8696666666666666,"0.5396819248826292,0.24656976744186046,0.27788522012578615,0.6,0.57,0.8081269723682344","0,0,0"
24.416666666666668,59,AV,1,0,0,56,1022.032321197676,0.2,-0.4441666666666667,"0.5135190839694656,0.24009865900383143,0.2718,0.2,0.56,0.053676836662871985","0,0,0"
64.53333333333333,145,AV,0,0,0,63,2421.0391237858234,0.1,-0.844464321198043,"0.6158716814159293,0.2679812734082397,0.2977842377260982,0.1,0.63,0.12715226212179587","0,0,0"
19.333333333333332,215,AV,2,0,0,44,4090.160813256426,0.2,-0.3933333333333333,"0.2845762273901809,0.15779388560157792,0.1901311475409836,0.2,0.44,0.21481404192850495","0,0,0"
78.2,118,AV,0,0,0,80,1799.695682844959,0.2,-1.1153558791565295,"0.757243169398907,0.3115909909909911,0.3437964601769912,0.2,0.8,0.09451948750284238","0,0,0"
17.166666666666668,193,AV,0,0,0,30,3387.2787239910285,0.4,-0.6425200033880164,"0.1369185463659148,0.11040729783037477,0.1419618644067797,0.4,0.3,0.17789888150134298","0,0,0"
12.283333333333333,28,AV,0,0,0,24,679.8949342204361,0.9,-1.375829050642483,"0.08186666666666666,0.08870588235294118,0.12301977401129945,0.9,0.24,0.03570788181072196","0,0,0"
8.45,159,AV,0,0,0,23,2744.8905386527767,0.1,-0.2719351806093494,"0.06679242424242425,0.08483139534883721,0.11945441595441596,0.1,0.23,0.14416084310139018","0,0,0"
69.38333333333334,293,AV,0,0,0,68,13351.937436366714,0.6,-1.3118082527893153,"0.658155462184874,0.28479071969696973,0.31644133333333335,0.6,0.68,0.7012398238686656","0,0,0"
53.766666666666666,105,AV,0,0,0,58,1587.6148581174584,0.6,-1.288836831630091,"0.5554782608695652,0.250612426035503,0.28139380530973457,0.6,0.58,0.08338106501647227","0,0,0"
11.85,24,AV,2,0,0,22,646.5589615252754,0.1,-0.2185,"0.060407172995780606,0.08223636363636365,0.11777380952380952,0.1,0.22,0.03395708633758153","0,0,0"
19.35,187,AV,2,0,0,42,3257.969850357721,0.4,-0.5935,"0.2604901960784313,0.14973084291187738,0.1848333333333333,0.4,0.42,0.17110761752160772","0,0,0"
60.78333333333333,26,AV,0,0,0,62,670.158540600369,0.7,-1.665957546426243,"0.596150442477876,0.2648121546961325,0.29469179894179903,0.7,0.62,0.03519652928381035","0,0,0"
9.216666666666667,154,AV,1,0,0,23,2645.062412614309,0.2,-0.2921666666666667,"0.06679242424242425,0.08483139534883721,0.11945441595441596,0.2,0.23,0.13891789930735432","0,0,0"
37.96666666666667,197,AV,0,0,0,46,3438.9188747307694,0.9,-1.3494560419739832,"0.3253893333333334,0.17083429672447015,0.2026707650273224,0.9,0.46,0.18061100701734908","0,0,0"
29.316666666666666,199,AV,0,0,0,41,3508.846318545673,0.7,-1.0615652165636806,"0.2387286821705426,0.14287545787545788,0.17810550458715596,0.7,0.41,0.18428357578259733","0,0,0"
10.666666666666666,172,AV,2,0,0,22,2965.4163440895786,0.3,-0.4066666666666666,"0.060407172995780606,0.08223636363636365,0.11777380952380952,0.3,0.22,0.15574279348874007","0,0,0"
62.516666666666666,284,AV,0,0,0,63,8987.822610831106,0.2,-0.8518694633719308,"0.6158716814159293,0.2679812734082397,0.2977842377260982,0.2,0.63,0.472037797856628","0,0,0"
71.28333333333333,239,AV,0,0,0,69,4934.883137056144,0.2,-0.961466703837659,"0.6755305555555556,0.2897008032128514,0.31973009950248754,0.2,0.69,0.2591786097211798","0,0,0"
28.066666666666666,166,AV,2,0,0,54,2857.6088215719105,0.8,-1.0806666666666667,"0.48976111111111104,0.23105719921104534,0.2624631043256998,0.8,0.54,0.1500807741404395","0,0,0"
12.883333333333333,97,AV,2,0,0,17,1530.6528609905624,0.2,-0.3288333333333333,"0.05323684210526316,0.0776195652173913,0.11475396825396826,0.2,0.17,0.08038943769475668","0,0,0"
32.333333333333336,290,AV,2,0,0,65,11515.391842589095,0.2,-0.5233333333333334,"0.6352470238095238,0.27607076350093107,0.30669638242894054,0.2,0.65,0.6047849898908156","0,0,0"
14.016666666666667,275,AV,2,0,0,27,7864.29237148983,0.4,-0.5401666666666667,"0.09737237237237237,0.09619385964912283,0.13306162464985993,0.4,0.27,0.41303032040988025","0,0,0"
11.816666666666666,2,AV,1,0,0,29,437.8567856598078,0.8,-0.9181666666666667,"0.1281901041666667,0.10847690763052206,0.14232936507936508,0.8,0.29,0.022996109494903022","0,0,0"
9.8,25,AV,1,0,0,25,649.7132696839626,0.1,-0.198,"0.08677246376811594,0.09153499079189686,0.128625,0.1,0.25,0.034122749673570554","0,0,0"
14.05,108,AV,1,0,0,38,1592.6375082496468,0.3,-0.4405,"0.20884595959595958,0.1321693548387097,0.16297058823529414,0.3,0.38,0.08364485312294262","0,0,0"
10.116666666666667,73,AV,0,0,0,23,1239.4416864014672,0.3,-0.5948022387417063,"0.06679242424242425,0.08483139534883721,0.11945441595441596,0.3,0.23,0.06509511252654251","0,0,0"
28.866666666666667,241,AV,2,0,0,60,4968.170350229253,0.3,-0.5886666666666667,"0.5809398907103825,0.2576027131782946,0.2879431216931217,0.3,0.6,0.260926844358575","0,0,0"
45.583333333333336,222,AV,0,0,0,49,4376.119511966378,0.1,-0.6106764424723152,"0.3932286501377412,0.19437025948103792,0.2268320707070707,0.1,0.49,0.22983250860967044","0,0,0"
71.46666666666667,29,AV,0,0,0,69,742.4887258523852,0.2,-1.2379038979451313,"0.6755305555555556,0.2897008032128514,0.31973009950248754,0.2,0.69,0.03899528932206243","0,0,0"
41.53333333333333,255,AV,0,0,0,48,5825.994272151124,0.6,-1.0565280185301975,"0.36622715053763444,0.1846200396825397,0.21576041666666668,0.6,0.48,0.3059795042280261","0,0,0"
17.0,109,AV,1,0,0,44,1596.1763216794554,0.8,-0.9700000000000001,"0.2845762273901809,0.15779388560157792,0.1901311475409836,0.8,0.44,0.0838307105625876","0,0,0"
28.383333333333333,184,AV,2,0,0,56,3236.647802754315,0.3,-0.5838333333333333,"0.5135190839694656,0.24009865900383143,0.2718,0.3,0.56,0.16998778985785554","0,0,0"
73.16666666666667,272,AV,0,0,0,69,7572.106998522375,0.4,-1.1633619398643162,"0.6755305555555556,0.2897008032128514,0.31973009950248754,0.4,0.69,0.3976848306296006","0,0,0"
24.233333333333334,287,AV,0,0,0,36,9280.176126726552,0.4,-0.6681949114674821,"0.19271333333333332,0.12632228360957642,0.15715058479532165,0.4,0.36,0.48739211845399105","0,0,0"
27.516666666666666,258,AV,1,0,0,64,5911.733280178027,0.1,-0.37516666666666665,"0.6281275362318841,0.27344722222222223,0.3053706666666667,0.1,0.64,0.3104824916913811","0,0,0"
32.06666666666667,119,AV,2,0,0,64,1822.2981036688468,0.8,-1.1206666666666667,"0.6281275362318841,0.27344722222222223,0.3053706666666667,0.8,0.64,0.09570655999124235","0,0,0"
12.15,100,AV,0,0,0,25,1546.5147326922538,0.9,-1.1766876583692127,"0.08677246376811594,0.09153499079189686,0.128625,0.9,0.25,0.08122249852741349","0,0,0"
31.283333333333335,52,AV,2,0,0,63,959.5289757906356,0.1,-0.4128333333333334,"0.6158716814159293,0.2679812734082397,0.2977842377260982,0.1,0.63,0.05039417936063988","0,0,0"
7.9,80,AV,1,0,0,12,1294.2551843223837,0.4,-0.47900000000000004,"0.05196491228070174,0.0758205128205128,0.11285,0.4,0.12,0.06797390130239438","0,0,0"
35.1,140,AV,2,0,0,80,2347.541384251396,0.2,-0.551,"0.757243169398907,0.3115909909909911,0.3437964601769912,0.2,0.8,0.12329218247631395","0,0,0"
33.18333333333333,253,AV,1,0,0,94,5670.319740923212,0.4,-0.7318333333333333,"0.7809364261168387,0.32595744680851074,0.3601864197530864,0.4,0.94,0.29780352367244284","0,0,0"
21.416666666666668,283,AV,1,0,0,49,8975.220492497892,0.5,-0.7141666666666666,"0.3932286501377412,0.19437025948103792,0.2268320707070707,0.5,0.49,0.47137593831133945","0,0,0"
18.166666666666668,127,AV,1,0,0,47,2030.86588445069,0.6,-0.7816666666666666,"0.3405510752688172,0.17579651162790697,0.20608198924731178,0.6,0.47,0.10666047844368956","0,0,0"
14.6,149,AV,1,0,0,38,2472.005569054355,0.2,-0.346,"0.20884595959595958,0.1321693548387097,0.16297058823529414,0.2,0.38,0.12982900482476664","0,0,0"
46.7,41,AV,0,0,0,53,861.805442805673,0.2,-0.9454851291013686,"0.46476068376068375,0.22086111111111112,0.2571530864197531,0.2,0.53,0.04526176817426404","0,0,0"
17.15,130,AV,1,0,0,44,2052.607856914241,0.9,-1.0715,"0.2845762273901809,0.15779388560157792,0.1901311475409836,0.9,0.44,0.10780236043748707","0,0,0"
12.45,285,AV,1,0,0,32,9030.678864893336,0.4,-0.5245,"0.14975547445255477,0.11528732106339472,0.1454736111111111,0.4,0.32,0.47428859570476767","0,0,0"
81.66666666666667,178,AV,0,0,0,83,3046.5766145774583,0.1,-0.9954436121902529,"0.7696737288135591,0.31765549348230915,0.35049864498644995,0.1,0.83,0.16000530700434717","0,0,0"
80.06666666666666,227,AV,0,0,0,82,4547.885280126284,0.6,-1.4534384463438654,"0.7685125,0.3147881355932204,0.34719647696476963,0.6,0.82,0.2388535961922898","0,0,0"
22.25,237,AV,1,0,0,51,4843.3187157075145,0.1,-0.3225,"0.44663956639566393,0.21348602794411176,0.2471282051282051,0.1,0.51,0.2543696732649421","0,0,0"
15.5,280,AV,2,0,0,36,8348.421721831439,0.7,-0.855,"0.19271333333333332,0.12632228360957642,0.15715058479532165,0.7,0.36,0.43845665138103423","0,0,0"
8.966666666666667,106,AV,1,0,0,19,1588.8002265047048,0.4,-0.4896666666666667,"0.05836519607843137,0.08060674157303373,0.11643468468468468,0.4,0.19,0.08344332021524425","0,0,0"
19.15,181,AV,2,0,0,43,3169.820795106812,0.1,-0.2915,"0.27083850129198966,0.15374019607843134,0.1876652892561984,0.1,0.43,0.16647805508747177","0,0,0"
34.46666666666667,218,AV,0,0,0,43,4196.147454418583,0.5,-0.9018619875191972,"0.27083850129198966,0.15374019607843134,0.1876652892561984,0.5,0.43,0.22038042912401049","0,0,0"
57.333333333333336,121,AV,0,0,0,60,1830.3424648913517,0.4,-1.1044563360519783,"0.5809398907103825,0.2576027131782946,0.2879431216931217,0.4,0.6,0.0961290474747023","0,0,0"
33.45,192,AV,2,0,0,69,3362.377553451843,0.2,-0.5345,"0.6755305555555556,0.2897008032128514,0.31973009950248754,0.2,0.69,0.17659107935455778","0,0,0"
13.6,133,AV,1,0,0,34,2123.4400354784907,0.1,-0.23600000000000002,"0.16633212560386468,0.12064792899408283,0.152665191740413,0.1,0.34,0.11152244560545237","0,0,0"
34.55,82,AV,0,0,0,44,1348.5865378412918,0.2,-0.7234641078014707,"0.2845762273901809,0.15779388560157792,0.1901311475409836,0.2,0.44,0.07082736799617727","0,0,0"
19.766666666666666,171,AV,1,0,0,47,2964.6777926145683,0.6,-0.7976666666666666,"0.3405510752688172,0.17579651162790697,0.20608198924731178,0.6,0.47,0.15570400498267326","0,0,0"
36.85,221,AV,2,0,0,77,4343.557359248321,0.4,-0.7685,"0.7389141414141414,0.307064024390244,0.34022043010752684,0.4,0.77,0.22812235393394506","0,0,0"
66.01666666666667,92,AV,0,0,0,65,1475.2077210572677,0.1,-0.9228556199403075,"0.6352470238095238,0.27607076350093107,0.30669638242894054,0.1,0.65,0.07747747526634545","0,0,0"
21.0,31,AV,1,0,0,49,743.7818724069466,0.2,-0.41000000000000003,"0.3932286501377412,0.19437025948103792,0.2268320707070707,0.2,0.49,0.039063204998456114","0,0,0"
26.183333333333334,161,AV,2,0,0,53,2761.3662775036096,0.3,-0.5618333333333334,"0.46476068376068375,0.22086111111111112,0.2571530864197531,0.3,0.53,0.14502614405602138","0,0,0"
13.866666666666667,164,AV,2,0,0,28,2835.850686157305,0.8,-0.9386666666666668,"0.11401101928374655,0.10373668639053255,0.13793205128205127,0.8,0.28,0.14893804327321036","0,0,0"
10.816666666666666,8,AV,1,0,0,24,497.26542980048754,0.4,-0.5081666666666667,"0.08186666666666666,0.08870588235294118,0.12301977401129945,0.4,0.24,0.026116233997585142","0,0,0"
62.5,167,AV,0,0,0,63,2891.134206742707,0.1,-0.8080124037273232,"0.6158716814159293,0.2679812734082397,0.2977842377260982,0.1,0.63,0.1518415175010447","0,0,0"
20.3,180,AV,1,0,0,48,3119.7161673652217,0.1,-0.30300000000000005,"0.36622715053763444,0.1846200396825397,0.21576041666666668,0.1,0.48,0.1638465747873305","0,0,0"
12.533333333333333,261,AV,1,0,0,32,6007.794801579103,0.5,-0.6253333333333333,"0.14975547445255477,0.11528732106339472,0.1454736111111111,0.5,0.32,0.31552761451860256","0,0,0"
37.68333333333333,176,AV,2,0,0,83,3031.4508351358254,0.1,-0.47683333333333333,"0.7696737288135591,0.31765549348230915,0.35049864498644995,0.1,0.83,0.15921090552051181","0,0,0"
53.81666666666667,74,AV,0,0,0,59,1240.6560786390864,0.2,-0.9316127023023146,"0.5634172749391727,0.252500998003992,0.2831968390804598,0.2,0.59,0.06515889204939258","0,0,0"
25.083333333333332,256,AV,2,0,0,50,5844.130995646287,0.3,-0.5508333333333333,"0.4313444444444444,0.20692344961240305,0.23954557291666664,0.3,0.5,0.30693203960724846","0,0,0"
15.666666666666666,170,AV,1,0,0,42,2942.323800284961,0.1,-0.25666666666666665,"0.2604901960784313,0.14973084291187738,0.1848333333333333,0.1,0.42,0.15452997988566525","0,0,0"
33.85,183,AV,2,0,0,72,3227.056348793521,0.2,-0.5385,"0.7064063360881542,0.29678834355828226,0.3285208333333334,0.2,0.72,0.1694840495191844","0,0,0"
27.2,250,AV,1,0,0,59,5480.041794665195,0.2,-0.47200000000000003,"0.5634172749391727,0.252500998003992,0.2831968390804598,0.2,0.59,0.2878101819453735","0,0,0"
26.283333333333335,62,AV,2,0,0,52,1046.6558973464134,0.7,-0.9628333333333333,"0.45383202099737546,0.21672027290448348,0.2526571038251366,0.7,0.52,0.054970059633983805","0,0,0"
18.366666666666667,281,AV,1,0,0,46,8436.938288223368,0.1,-0.2836666666666667,"0.3253893333333334,0.17083429672447015,0.2026707650273224,0.1,0.46,0.4431055153921156","0,0,0"
21.416666666666668,266,AV,2,0,0,47,6248.181898567973,0.3,-0.5141666666666667,"0.3405510752688172,0.17579651162790697,0.20608198924731178,0.3,0.47,0.3281526740918779","0,0,0"
8.016666666666667,69,AV,1,0,0,16,1141.5133047894662,0.4,-0.4801666666666667,"0.05357619047619047,0.07817156862745098,0.11575462962962964,0.4,0.16,0.059951942750574055","0,0,0"
78.13333333333334,70,AV,0,0,0,80,1150.2916000513435,0.2,-1.1899760809542737,"0.757243169398907,0.3115909909909911,0.3437964601769912,0.2,0.8,0.0604129762337403","0,0,0"
18.75,35,AV,0,0,0,30,777.0630287344238,0.1,-0.596355255140474,"0.1369185463659148,0.11040729783037477,0.1419618644067797,0.1,0.3,0.04081112153210161","0,0,0"
23.066666666666666,220,AV,1,0,0,53,4304.4895651906745,0.7,-0.9306666666666666,"0.46476068376068375,0.22086111111111112,0.2571530864197531,0.7,0.53,0.22607052489007143","0,0,0"
27.966666666666665,134,AV,1,0,0,65,2131.3254046090938,0.1,-0.3796666666666667,"0.6352470238095238,0.27607076350093107,0.30669638242894054,0.1,0.65,0.11193658287104669","0,0,0"
12.566666666666666,7,AV,1,0,0,29,491.8679742725259,0.8,-0.9256666666666667,"0.1281901041666667,0.10847690763052206,0.14232936507936508,0.8,0.29,0.025832761222056865","0,0,0"
14.566666666666666,94,AV,1,0,0,37,1496.328062426438,0.9,-1.0456666666666667,"0.20133715012722647,0.12937753222836096,0.1599151234567901,0.9,0.37,0.07858670937805001","0,0,0"
29.6,254,AV,1,0,0,70,5721.231751015957,0.2,-0.49600000000000005,"0.6931587926509185,0.2937109053497943,0.3248295165394402,0.2,0.7,0.30047740745600493","0,0,0"
26.916666666666668,19,AV,1,0,0,59,595.9176043698985,0.3,-0.5691666666666666,"0.5634172749391727,0.252500998003992,0.2831968390804598,0.3,0.59,0.03129741716662037","0,0,0"
25.383333333333333,276,AV,1,0,0,58,7897.119961473183,0.2,-0.45383333333333337,"0.5554782608695652,0.250612426035503,0.28139380530973457,0.2,0.58,0.4147544157726446","0,0,0"
13.816666666666666,67,AV,0,0,0,27,1122.7546975855585,0.1,-0.4519266273384954,"0.09737237237237237,0.09619385964912283,0.13306162464985993,0.1,0.27,0.05896674622202671","0,0,0"
24.633333333333333,295,AV,1,0,0,56,13460.811009378149,0.1,-0.3463333333333333,"0.5135190839694656,0.24009865900383143,0.2718,0.1,0.56,0.7069578318750951","0,0,0"
17.066666666666666,152,AV,1,0,0,41,2612.3907844155665,0.2,-0.3706666666666667,"0.2387286821705426,0.14287545787545788,0.17810550458715596,0.2,0.41,0.13720199501160868","0,0,0"
40.56666666666667,9,AV,2,0,0,87,506.5869000089976,0.3,-0.7056666666666667,"0.7810749999999999,0.3217058823529413,0.3566278195488721,0.3,0.87,0.02660579486905904","0,0,0"
83.38333333333334,219,AV,0,0,0,86,4227.85786318916,0.1,-0.9905996693281208,"0.7767892156862745,0.32052777777777786,0.35530934343434345,0.1,0.86,0.22204585045833433","0,0,0"
43.483333333333334,30,AV,0,0,0,49,743.7553910389753,0.4,-1.157520069983049,"0.3932286501377412,0.19437025948103792,0.2268320707070707,0.4,0.49,0.03906181420480535","0,0,0"
17.75,292,AV,1,0,0,46,12197.400506638176,0.4,-0.5775,"0.3253893333333334,0.17083429672447015,0.2026707650273224,0.4,0.46,0.6406038841699384","0,0,0"
24.1,163,AV,2,0,0,48,2797.307504072895,0.1,-0.341,"0.36622715053763444,0.1846200396825397,0.21576041666666668,0.1,0.48,0.1469137666957458","0,0,0"
31.65,296,AV,2,0,0,68,14312.770160915026,0.2,-0.5165,"0.658155462184874,0.28479071969696973,0.31644133333333335,0.2,0.68,0.7517024757302859","0,0,0"
19.516666666666666,39,AV,2,0,0,44,857.6590975250949,0.5,-0.6951666666666667,"0.2845762273901809,0.15779388560157792,0.1901311475409836,0.5,0.44,0.04504400334065031","0,0,0"
5.0,185,AV,0,0,0,20,3245.380745418587,0.2,-0.3239512614471511,"0.059677927927927935,0.0813611111111111,0.11768495934959348,0.2,0.2,0.1704464414359456","0,0,0"
17.333333333333332,38,AV,1,0,0,44,837.3801312568858,0.4,-0.5733333333333334,"0.2845762273901809,0.15779388560157792,0.1901311475409836,0.4,0.44,0.04397895800158024","0,0,0"
25.9,150,AV,0,0,0,39,2533.2754137277425,0.1,-0.45373900812341494,"0.21959722222222222,0.13640701754385967,0.16936363636363638,0.1,0.39,0.13304687903156176","0,0,0"
18.816666666666666,53,AV,1,0,0,47,969.457736312404,0.1,-0.2881666666666667,"0.3405510752688172,0.17579651162790697,0.20608198924731178,0.1,0.47,0.050915634940603534","0,0,0"
27.933333333333334,177,AV,2,0,0,55,3032.1279287666234,0.4,-0.6793333333333333,"0.49812872628726285,0.23423175542406313,0.2645338541666666,0.4,0.55,0.15924646627869138","0,0,0"
14.016666666666667,43,AV,2,0,0,26,863.5619359671642,0.1,-0.24016666666666667,"0.09383483483483483,0.09415846994535519,0.13202513227513227,0.1,0.26,0.04535401867806252","0,0,0"
23.066666666666666,11,AV,2,0,0,49,539.5213747330826,0.1,-0.33066666666666666,"0.3932286501377412,0.19437025948103792,0.2268320707070707,0.1,0.49,0.028335503786943907","0,0,0"
26.65,76,AV,2,0,0,53,1261.43865123121,0.4,-0.6665,"0.46476068376068375,0.22086111111111112,0.2571530864197531,0.4,0.53,0.06625038664435261","0,0,0"
20.633333333333333,54,AV,0,0,0,31,978.4447105201264,0.6,-1.0516205707413824,"0.14314567901234565,0.11291617933723198,0.14367836257309943,0.6,0.31,0.051387628180578626","0,0,0"
10.183333333333334,242,AV,0,0,0,23,5004.1281918097375,0.2,-0.3497937353855446,"0.06679242424242425,0.08483139534883721,0.11945441595441596,0.2,0.23,0.2628153396137967","0,0,0"
23.216666666666665,143,AV,1,0,0,53,2398.572127464108,0.6,-0.8321666666666666,"0.46476068376068375,0.22086111111111112,0.2571530864197531,0.6,0.53,0.12597230208838628","0,0,0"
11.05,123,AV,2,0,0,18,1848.7234685638712,0.4,-0.5105000000000001,"0.05763756613756613,0.07946323529411764,0.11547988505747125,0.4,0.18,0.09709441237693286","0,0,0"
27.566666666666666,148,AV,1,0,0,63,2458.2611968747465,0.2,-0.4756666666666667,"0.6158716814159293,0.2679812734082397,0.2977842377260982,0.2,0.63,0.12910715444370038","0,0,0"
20.85,229,AV,0,0,0,31,4549.115907877681,0.9,-1.1612575038447346,"0.14314567901234565,0.11291617933723198,0.14367836257309943,0.9,0.31,0.2389182283995444","0,0,0"
60.68333333333333,273,AV,0,0,0,62,7612.519032757181,0.6,-1.2383603481056136,"0.596150442477876,0.2648121546961325,0.29469179894179903,0.6,0.62,0.39980725877188683","0,0,0"
22.35,158,AV,1,0,0,50,2744.255474143275,0.9,-1.1235,"0.4313444444444444,0.20692344961240305,0.23954557291666664,0.9,0.5,0.14412748970028938","0,0,0"
34.2,90,AV,1,0,0,87,1454.957177165027,0.2,-0.542,"0.7810749999999999,0.3217058823529413,0.3566278195488721,0.2,0.87,0.0764139226620948","0,0,0"
17.0,232,AV,2,0,0,36,4635.813442599864,0.7,-0.87,"0.19271333333333332,0.12632228360957642,0.15715058479532165,0.7,0.36,0.24347155740278267","0,0,0"
22.466666666666665,138,AV,2,0,0,47,2239.257430619588,0.3,-0.5246666666666666,"0.3405510752688172,0.17579651162790697,0.20608198924731178,0.3,0.47,0.1176051411061415","0,0,0"
79.85,111,AV,0,0,0,81,1626.914224999384,0.1,-1.0460185331298526,"0.7634032258064515,0.3140431034482758,0.3462909836065574,0.1,0.81,0.08544505619691108","0,0,0"
28.833333333333332,95,AV,1,0,0,68,1507.5005543882637,0.3,-0.5883333333333334,"0.658155462184874,0.28479071969696973,0.31644133333333335,0.3,0.68,0.07917348536713947","0,0,0"
15.466666666666667,93,AV,1,0,0,39,1485.5718097438446,0.1,-0.2546666666666667,"0.21959722222222222,0.13640701754385967,0.16936363636363638,0.1,0.39,0.07802179415338123","0,0,0"
21.683333333333334,257,AV,1,0,0,51,5862.8833826120845,0.5,-0.7168333333333333,"0.44663956639566393,0.21348602794411176,0.2471282051282051,0.5,0.51,0.30791690945072125","0,0,0"
15.7,88,AV,1,0,0,40,1446.9812594843625,0.8,-0.9570000000000001,"0.23043010752688167,0.13894713261648745,0.1707333333333333,0.8,0.4,0.0759950298133052","0,0,0"
24.833333333333332,223,AV,1,0,0,57,4381.240268036911,0.4,-0.6483333333333333,"0.5396819248826292,0.24656976744186046,0.27788522012578615,0.4,0.57,0.23010144921114412","0,0,0"
32.06666666666667,36,AV,2,0,0,68,802.5586880039084,0.1,-0.42066666666666674,"0.658155462184874,0.28479071969696973,0.31644133333333335,0.1,0.68,0.042150146052007835","0,0,0"
24.033333333333335,174,AV,1,0,0,55,3001.8426729260827,0.4,-0.6403333333333334,"0.49812872628726285,0.23423175542406313,0.2645338541666666,0.4,0.55,0.1576558935567436","0,0,0"
19.466666666666665,173,AV,1,0,0,48,2966.188350320237,0.4,-0.5946666666666667,"0.36622715053763444,0.1846200396825397,0.21576041666666668,0.4,0.48,0.15578333902872574","0,0,0"
8.983333333333333,195,AV,1,0,0,22,3398.605365942332,0.1,-0.18983333333333333,"0.060407172995780606,0.08223636363636365,0.11777380952380952,0.1,0.22,0.17849375340250406","0,0,0"
14.05,278,AV,1,0,0,34,8326.33528790118,0.1,-0.24050000000000002,"0.16633212560386468,0.12064792899408283,0.152665191740413,0.1,0.34,0.43729667837240127","0,0,0"
84.88333333333334,245,AV,0,0,0,96,5064.807770076448,0.8,-1.6962191396452635,"0.7812604166666667,0.3269631578947368,0.3614328358208956,0.8,0.96,0.2660022132026646","0,0,0"
21.033333333333335,16,AV,1,0,0,49,583.3206434887895,0.5,-0.7103333333333334,"0.3932286501377412,0.19437025948103792,0.2268320707070707,0.5,0.49,0.030635828489198207","0,0,0"
26.15,244,AV,2,0,0,52,5051.78348307234,0.6,-0.8614999999999999,"0.45383202099737546,0.21672027290448348,0.2526571038251366,0.6,0.52,0.26531818148305064","0,0,0"
23.433333333333334,214,AV,2,0,0,48,4015.909421979459,0.1,-0.33433333333333337,"0.36622715053763444,0.1846200396825397,0.21576041666666668,0.1,0.48,0.21091438071535054","0,0,0"
11.65,10,AV,1,0,0,28,513.3463032142733,0.1,-0.21650000000000003,"0.11401101928374655,0.10373668639053255,0.13793205128205127,0.1,0.28,0.026960796735695607","0,0,0"
24.833333333333332,146,AV,1,0,0,56,2421.832203454489,0.2,-0.44833333333333336,"0.5135190839694656,0.24009865900383143,0.2718,0.2,0.56,0.12719391443254247","0,0,0"
31.966666666666665,274,AV,1,0,0,91,7658.5640246764915,0.1,-0.41966666666666663,"0.7846850000000001,0.3253306595365419,0.35998997493734336,0.1,0.91,0.4022255281936403","0,0,0"
23.033333333333335,236,AV,2,0,0,49,4754.245589533712,0.8,-1.0303333333333333,"0.3932286501377412,0.19437025948103792,0.2268320707070707,0.8,0.49,0.24969157889794616","0,0,0"
15.333333333333334,113,AV,1,0,0,40,1639.6236094811811,0.3,-0.45333333333333337,"0.23043010752688167,0.13894713261648745,0.1707333333333333,0.3,0.4,0.08611254932874826","0,0,0"
22.583333333333332,0,AV,0,0,0,34,388.2787303527966,0.2,-1.0439459963214193,"0.16633212560386468,0.12064792899408283,0.152665191740413,0.2,0.34,0.02039228462402346","0,0,0"
32.86666666666667,136,AV,0,0,0,42,2164.09247058771,0.2,-0.6395676578497387,"0.2604901960784313,0.14973084291187738,0.1848333333333333,0.2,0.42,0.11365749953089815","0,0,0"
64.43333333333334,27,AV,0,0,0,63,676.2529471816457,0.5,-1.499230123063012,"0.6158716814159293,0.2679812734082397,0.2977842377260982,0.5,0.63,0.03551660572350354","0,0,0"
16.066666666666666,191,AV,2,0,0,32,3352.9358316496982,0.7,-0.8606666666666666,"0.14975547445255477,0.11528732106339472,0.1454736111111111,0.7,0.32,0.17609520290478356","0,0,0"
15.583333333333334,211,AV,0,0,0,28,3942.222625638348,0.6,-0.8167126957618156,"0.11401101928374655,0.10373668639053255,0.13793205128205127,0.6,0.28,0.20704437186203256","0,0,0"
39.96666666666667,248,AV,0,0,0,47,5307.329693361759,0.2,-0.6448871473728464,"0.3405510752688172,0.17579651162790697,0.20608198924731178,0.2,0.47,0.2787393932246195","0,0,0"
17.2,6,AV,1,0,0,44,477.1303205766694,0.1,-0.272,"0.2845762273901809,0.15779388560157792,0.1901311475409836,0.1,0.44,0.025058743988140585","0,0,0"
26.45,210,AV,2,0,0,54,3941.04555698938,0.3,-0.5645,"0.48976111111111104,0.23105719921104534,0.2624631043256998,0.3,0.54,0.20698255256307185","0,0,0"
32.15,139,AV,2,0,0,62,2344.9936519099742,0.3,-0.6214999999999999,"0.596150442477876,0.2648121546961325,0.29469179894179903,0.3,0.62,0.12315837632369546","0,0,0"
31.9,299,AV,1,0,0,78,19040.472291926453,0.3,-0.619,"0.7462403100775192,0.30886826347305385,0.34170698924731174,0.3,0.78,1.0","0,0,0"
11.716666666666667,3,AV,1,0,0,31,449.0833195935783,0.8,-0.9171666666666667,"0.14314567901234565,0.11291617933723198,0.14367836257309943,0.8,0.31,0.02358572375245118","0,0,0"
30.883333333333333,48,AV,0,0,0,42,898.3728471886773,0.2,-0.7759829925767576,"0.2604901960784313,0.14973084291187738,0.1848333333333333,0.2,0.42,0.047182277488442635","0,0,0"
31.35,188,AV,0,0,0,41,3274.575105225111,0.5,-0.8867919515625222,"0.2387286821705426,0.14287545787545788,0.17810550458715596,0.5,0.41,0.17197972061930406","0,0,0"
59.15,189,AV,0,0,0,61,3301.717979419838,0.2,-0.86418943062247,"0.5929325068870525,0.26261206896551725,0.2916333333333334,0.2,0.61,0.1734052563822082","0,0,0"
30.583333333333332,60,AV,1,0,0,73,1025.7249596144625,0.1,-0.4058333333333334,"0.7192235772357723,0.30094887525562375,0.33150870646766173,0.1,0.73,0.05387077294555297","0,0,0"
21.516666666666666,86,AV,1,0,0,50,1411.5824788559885,0.3,-0.5151666666666667,"0.4313444444444444,0.20692344961240305,0.23954557291666664,0.3,0.5,0.07413589627472256","0,0,0"
12.9,64,AV,1,0,0,32,1074.3823512953045,0.2,-0.329,"0.14975547445255477,0.11528732106339472,0.1454736111111111,0.2,0.32,0.05642624483379356","0,0,0"
48.733333333333334,289,AV,0,0,0,54,10838.007207066395,0.2,-0.7094776256755195,"0.48976111111111104,0.23105719921104534,0.2624631043256998,0.2,0.54,0.5692089482287648","0,0,0"
74.58333333333333,175,AV,0,0,0,72,3024.224513765153,0.1,-0.9251925207572856,"0.7064063360881542,0.29678834355828226,0.3285208333333334,0.1,0.72,0.1588313812492711","0,0,0"
23.05,66,AV,1,0,0,51,1097.8259349569896,0.7,-0.9305,"0.44663956639566393,0.21348602794411176,0.2471282051282051,0.7,0.51,0.05765749494682913","0,0,0"
12.866666666666667,155,AV,1,0,0,35,2648.588416164911,0.3,-0.42866666666666664,"0.1819484126984127,0.1250018518518519,0.15714619883040937,0.3,0.35,0.1391030839759141","0,0,0"
15.133333333333333,83,AV,1,0,0,39,1373.5659577718477,0.4,-0.5513333333333333,"0.21959722222222222,0.13640701754385967,0.16936363636363638,0.4,0.39,0.07213927977796368","0,0,0"
45.3,201,AV,0,0,0,49,3608.770587345788,0.6,-1.119504643116291,"0.3932286501377412,0.19437025948103792,0.2268320707070707,0.6,0.49,0.18953156896617424","0,0,0"
27.633333333333333,212,AV,2,0,0,53,3958.913906791885,0.5,-0.7763333333333333,"0.46476068376068375,0.22086111111111112,0.2571530864197531,0.5,0.53,0.20792099303495454","0,0,0"
34.43333333333333,259,AV,2,0,0,78,5913.041300376779,0.2,-0.5443333333333333,"0.7462403100775192,0.30886826347305385,0.34170698924731174,0.2,0.78,0.31055118852718944","0,0,0"
16.583333333333332,126,AV,1,0,0,43,2015.5588757501516,0.1,-0.26583333333333337,"0.27083850129198966,0.15374019607843134,0.1876652892561984,0.1,0.43,0.10585655885252329","0,0,0"
25.15,115,AV,1,0,0,57,1682.490559712908,0.2,-0.4515,"0.5396819248826292,0.24656976744186046,0.27788522012578615,0.2,0.57,0.0883639089365613","0,0,0"
21.35,21,AV,1,0,0,49,623.7253316558669,0.1,-0.3135,"0.3932286501377412,0.19437025948103792,0.2268320707070707,0.1,0.49,0.03275787081816973","0,0,0"
11.233333333333333,238,AV,1,0,0,28,4925.450001742355,0.4,-0.5123333333333333,"0.11401101928374655,0.10373668639053255,0.13793205128205127,0.4,0.28,0.25868318423124653","0,0,0"
20.466666666666665,165,AV,2,0,0,43,2838.632091159661,0.6,-0.8046666666666666,"0.27083850129198966,0.15374019607843134,0.1876652892561984,0.6,0.43,0.149084121845197","0,0,0"
69.66666666666667,51,AV,0,0,0,68,932.0432837729122,0.1,-1.0541654375697516,"0.658155462184874,0.28479071969696973,0.31644133333333335,0.1,0.68,0.04895063890658413","0,0,0"
19.6,168,AV,1,0,0,48,2909.8477340427667,0.1,-0.29600000000000004,"0.36622715053763444,0.1846200396825397,0.21576041666666668,0.1,0.48,0.15282434644631168","0,0,0"
19.266666666666666,68,AV,2,0,0,43,1141.0395517097602,0.1,-0.29266666666666663,"0.27083850129198966,0.15374019607843134,0.1876652892561984,0.1,0.43,0.05992706137828231","0,0,0"
24.233333333333334,81,AV,1,0,0,55,1297.4303329633815,0.1,-0.3423333333333334,"0.49812872628726285,0.23423175542406313,0.2645338541666666,0.1,0.55,0.06814065917437974","0,0,0"
14.783333333333333,23,AV,1,0,0,38,632.5893922142865,0.4,-0.5478333333333334,"0.20884595959595958,0.1321693548387097,0.16297058823529414,0.4,0.38,0.033223408669464424","0,0,0"
55.38333333333333,265,AV,0,0,0,59,6130.868263041086,0.1,-0.6929795014946686,"0.5634172749391727,0.252500998003992,0.2831968390804598,0.1,0.59,0.3219913964865619","0,0,0"
37.983333333333334,12,AV,0,0,0,46,541.9839687696077,0.1,-0.922650858997126,"0.3253893333333334,0.17083429672447015,0.2026707650273224,0.1,0.46,0.028464838500850628","0,0,0"
20.866666666666667,196,AV,1,0,0,48,3427.0421228311798,0.1,-0.30866666666666664,"0.36622715053763444,0.1846200396825397,0.21576041666666668,0.1,0.48,0.1799872435036349","0,0,0"
68.05,131,AV,0,0,0,65,2088.64210540395,0.3,-1.0954071922753292,"0.6352470238095238,0.27607076350093107,0.30669638242894054,0.3,0.65,0.10969486856109009","0,0,0"
28.0,286,AV,1,0,0,64,9095.945853089892,0.4,-0.68,"0.6281275362318841,0.27344722222222223,0.3053706666666667,0.4,0.64,0.47771639871279653","0,0,0"
20.45,246,AV,1,0,0,48,5200.876525735832,0.2,-0.40449999999999997,"0.36622715053763444,0.1846200396825397,0.21576041666666668,0.2,0.48,0.27314850419656395","0,0,0"
28.733333333333334,13,AV,2,0,0,57,566.7055292848979,0.1,-0.3873333333333333,"0.5396819248826292,0.24656976744186046,0.27788522012578615,0.1,0.57,0.02976320758205103","0,0,0"
20.5,85,AV,2,0,0,45,1391.0507319816634,0.1,-0.305,"0.31367999999999996,0.1671773255813953,0.19814363143631436,0.1,0.45,0.07305757497262802","0,0,0"
26.6,34,AV,2,0,0,51,776.0711537761008,0.4,-0.666,"0.44663956639566393,0.21348602794411176,0.2471282051282051,0.4,0.51,0.04075902855125977","0,0,0"
18.866666666666667,61,AV,0,0,0,30,1038.299283744561,0.1,-0.5198138934416434,"0.1369185463659148,0.11040729783037477,0.1419618644067797,0.1,0.3,0.054531172747475445","0,0,0"
11.65,56,AV,2,0,0,17,981.8973671489576,0.3,-0.4165,"0.05323684210526316,0.0776195652173913,0.11475396825396826,0.3,0.17,0.05156896069039748","0,0,0"
74.8,110,AV,0,0,0,72,1614.9493849180149,0.1,-0.9966114687193023,"0.7064063360881542,0.29678834355828226,0.3285208333333334,0.1,0.72,0.08481666631781955","0,0,0"
22.566666666666666,72,AV,1,0,0,52,1205.4292211271013,0.3,-0.5256666666666666,"0.45383202099737546,0.21672027290448348,0.2526571038251366,0.3,0.52,0.06330878786227523","0,0,0"
57.266666666666666,224,AV,0,0,0,61,4416.224882412617,0.1,-0.7270117252608943,"0.5929325068870525,0.26261206896551725,0.2916333333333334,0.1,0.61,0.23193883086005102","0,0,0"
14.05,84,AV,1,0,0,37,1386.7650627050614,0.4,-0.5405,"0.20133715012722647,0.12937753222836096,0.1599151234567901,0.4,0.37,0.07283249288375467","0,0,0"
17.9,230,AV,2,0,0,39,4572.8741748457805,0.8,-0.9790000000000001,"0.21959722222222222,0.13640701754385967,0.16936363636363638,0.8,0.39,0.24016600558720239","0,0,0"
5.05,270,AV,0,0,0,14,7128.986247371214,0.9,-0.9841653756469931,"0.05287222222222223,0.07743589743589742,0.11545238095238095,0.9,0.14,0.3744122592165977","0,0,0"
81.95,204,AV,0,0,0,82,3773.073658575576,0.1,-0.9831086177259009,"0.7685125,0.3147881355932204,0.34719647696476963,0.1,0.82,0.19816071790275053","0,0,0"
13.8,233,AV,1,0,0,37,4639.089550420253,0.3,-0.438,"0.20133715012722647,0.12937753222836096,0.1599151234567901,0.3,0.37,0.24364361762115117","0,0,0"
23.083333333333332,209,AV,1,0,0,52,3898.759045987068,0.1,-0.3308333333333333,"0.45383202099737546,0.21672027290448348,0.2526571038251366,0.1,0.52,0.204761677452729","0,0,0"
21.65,79,AV,1,0,0,50,1293.252850487379,0.1,-0.3165,"0.4313444444444444,0.20692344961240305,0.23954557291666664,0.1,0.5,0.0679212590244279","0,0,0"
29.366666666666667,202,AV,0,0,0,41,3630.005597296026,0.4,-0.7597822671987361,"0.2387286821705426,0.14287545787545788,0.17810550458715596,0.4,0.41,0.1906468254380025","0,0,0"
67.81666666666666,63,AV,0,0,0,66,1068.5648373754009,0.1,-1.0027669825347105,"0.6472661290322581,0.2801570881226053,0.3122308743169399,0.1,0.66,0.05612071071516929","0,0,0"
14.85,107,AV,1,0,0,38,1592.2311391495805,0.1,-0.2485,"0.20884595959595958,0.1321693548387097,0.16297058823529414,0.1,0.38,0.08362351073742634","0,0,0"
34.083333333333336,198,AV,2,0,0,71,3480.90175047103,0.4,-0.7408333333333335,"0.7033567493112948,0.29601321138211384,0.3278592592592593,0.4,0.71,0.18281593529310736","0,0,0"
15.55,65,AV,0,0,0,27,1089.3140785512585,0.1,-0.47582213181269983,"0.09737237237237237,0.09619385964912283,0.13306162464985993,0.1,0.27,0.05721045475395848","0,0,0"
7.6,156,AV,1,0,0,0,2667.9339807116767,0.1,-0.176,"0.0,0.0,0.0,0.1,0.0,0.140119107331331","0,0,0"
26.033333333333335,282,AV,2,0,0,53,8689.506535985933,0.4,-0.6603333333333334,"0.46476068376068375,0.22086111111111112,0.2571530864197531,0.4,0.53,0.45637032541837","0,0,0"
18.8,288,AV,1,0,0,47,10213.823531357188,0.1,-0.28800000000000003,"0.3405510752688172,0.17579651162790697,0.20608198924731178,0.1,0.47,0.5364270053158322","0,0,0"
29.016666666666666,235,AV,2,0,0,59,4705.31956239884,0.1,-0.39016666666666666,"0.5634172749391727,0.252500998003992,0.2831968390804598,0.1,0.59,0.24712199835473575","0,0,0"
34.333333333333336,114,AV,2,0,0,77,1659.6531244520008,0.1,-0.44333333333333336,"0.7389141414141414,0.307064024390244,0.34022043010752684,0.1,0.77,0.08716449355910817","0,0,0"
20.216666666666665,263,AV,1,0,0,48,6031.594525491932,0.6,-0.8021666666666667,"0.36622715053763444,0.1846200396825397,0.21576041666666668,0.6,0.48,0.3167775690127944","0,0,0"
19.65,216,AV,2,0,0,44,4113.319853961603,0.1,-0.2965,"0.2845762273901809,0.15779388560157792,0.1901311475409836,0.1,0.44,0.21603034792922307","0,0,0"
22.866666666666667,194,AV,2,0,0,47,3393.6426315430986,0.3,-0.5286666666666666,"0.3405510752688172,0.17579651162790697,0.20608198924731178,0.3,0.47,0.17823311205269168","0,0,0"
36.36666666666667,205,AV,0,0,0,45,3773.692032315799,0.1,-0.5272648612052707,"0.31367999999999996,0.1671773255813953,0.19814363143631436,0.1,0.45,0.19819319470956198","0,0,0"
28.733333333333334,153,AV,1,0,0,67,2619.168197182975,0.7,-0.9873333333333333,"0.6539761904761905,0.28363583815028903,0.3154779614325069,0.7,0.67,0.13755794273514713","0,0,0"
10.95,231,AV,1,0,0,25,4609.601315671212,0.2,-0.3095,"0.08677246376811594,0.09153499079189686,0.128625,0.2,0.25,0.2420949042123171","0,0,0"
76.41666666666667,15,AV,0,0,0,75,571.0932451196882,0.1,-1.2844132762193703,"0.7300787401574804,0.3036646216768916,0.3350038461538462,0.1,0.75,0.029993649126121902","0,0,0"
32.93333333333333,117,AV,0,0,0,42,1794.439334206041,0.6,-1.0630798442490614,"0.2604901960784313,0.14973084291187738,0.1848333333333333,0.6,0.42,0.09424342561959032","0,0,0"
36.4,46,AV,0,0,0,45,881.2906222289953,0.3,-0.9363278722664521,"0.31367999999999996,0.1671773255813953,0.19814363143631436,0.3,0.45,0.04628512406190052","0,0,0"
28.033333333333335,102,AV,1,0,0,65,1564.4426034616197,0.2,-0.48033333333333333,"0.6352470238095238,0.27607076350093107,0.30669638242894054,0.2,0.65,0.08216406502295508","0,0,0"
23.266666666666666,5,AV,1,0,0,53,465.3670128771111,0.1,-0.33266666666666667,"0.46476068376068375,0.22086111111111112,0.2571530864197531,0.1,0.53,0.0244409385304185","0,0,0"
31.733333333333334,49,AV,1,0,0,74,904.859336063587,0.4,-0.7173333333333334,"0.7259510582010583,0.3022944785276074,0.3331679389312977,0.4,0.74,0.04752294597478371","0,0,0"
48.38333333333333,37,AV,0,0,0,53,832.4581618945489,0.2,-0.9721361105609556,"0.46476068376068375,0.22086111111111112,0.2571530864197531,0.2,0.53,0.043720457619506006","0,0,0"
14.45,182,AV,2,0,0,27,3225.188153267811,0.2,-0.34450000000000003,"0.09737237237237237,0.09619385964912283,0.13306162464985993,0.2,0.27,0.16938593244009792","0,0,0"
17.65,251,AV,1,0,0,44,5557.427333357366,0.1,-0.27649999999999997,"0.2845762273901809,0.15779388560157792,0.1901311475409836,0.1,0.44,0.2918744476582037","0,0,0"
27.9,252,AV,2,0,0,57,5611.673516276995,0.2,-0.479,"0.5396819248826292,0.24656976744186046,0.27788522012578615,0.2,0.57,0.29472344121718336","0,0,0"
14.65,96,AV,2,0,0,32,1530.0661682302475,0.3,-0.4465,"0.14975547445255477,0.11528732106339472,0.1454736111111111,0.3,0.32,0.08035862476368438","0,0,0"
32.53333333333333,17,AV,2,0,0,69,586.8516376274475,0.1,-0.42533333333333334,"0.6755305555555556,0.2897008032128514,0.31973009950248754,0.1,0.69,0.03082127526197365","0,0,0"
27.733333333333334,104,AV,2,0,0,57,1579.1767070066765,0.3,-0.5773333333333333,"0.5396819248826292,0.24656976744186046,0.27788522012578615,0.3,0.57,0.08293789580399638","0,0,0"
8.15,294,AV,1,0,0,17,13430.196447392702,0.1,-0.1815,"0.05323684210526316,0.0776195652173913,0.11475396825396826,0.1,0.17,0.7053499640913518","0,0,0"
22.083333333333332,1,AV,2,0,0,47,419.7646265090227,0.2,-0.42083333333333334,"0.3405510752688172,0.17579651162790697,0.20608198924731178,0.2,0.47,0.022045914621929386","0,0,0"
41.516666666666666,169,AV,0,0,0,47,2927.9701715656583,0.4,-0.8971347148150759,"0.3405510752688172,0.17579651162790697,0.20608198924731178,0.4,0.47,0.1537761315304756","0,0,0"
76.4,87,AV,0,0,0,79,1434.4967426379471,0.7,-1.6313060613289756,"0.7534069444444443,0.31086924493554324,0.343453781512605,0.7,0.79,0.07533934666348602","0,0,0"
21.383333333333333,213,AV,2,0,0,44,3971.0791127863904,0.8,-1.0138333333333334,"0.2845762273901809,0.15779388560157792,0.1901311475409836,0.8,0.44,0.20855990607282407","0,0,0"
28.083333333333332,55,AV,2,0,0,55,979.573716991658,0.1,-0.38083333333333336,"0.49812872628726285,0.23423175542406313,0.2645338541666666,0.1,0.55,0.051446923268128025","0,0,0"
46.833333333333336,225,AV,0,0,0,50,4459.768546990965,0.1,-0.6221477852429351,"0.4313444444444444,0.20692344961240305,0.23954557291666664,0.1,0.5,0.23422573130615026","0,0,0"
32.46666666666667,40,AV,2,0,0,68,859.2772315809713,0.6,-0.9246666666666666,"0.658155462184874,0.28479071969696973,0.31644133333333335,0.6,0.68,0.045128987264949426","0,0,0"
29.033333333333335,157,AV,1,0,0,68,2675.3892374750885,0.9,-1.1903333333333332,"0.658155462184874,0.28479071969696973,0.31644133333333335,0.9,0.68,0.14051065522200876","0,0,0"
50.28333333333333,33,AV,0,0,0,54,763.1985099142711,0.3,-1.1172993561076163,"0.48976111111111104,0.23105719921104534,0.2624631043256998,0.3,0.54,0.04008296108484046","0,0,0"
31.716666666666665,206,AV,1,0,0,85,3824.993837156676,0.4,-0.7171666666666667,"0.7772746031746032,0.3198315315315316,0.3540538461538461,0.4,0.85,0.20088755039855555","0,0,0"
28.15,75,AV,2,0,0,56,1249.5878531833848,0.4,-0.6815,"0.5135190839694656,0.24009865900383143,0.2718,0.4,0.56,0.06562798621929328","0,0,0"
39.86666666666667,226,AV,0,0,0,46,4504.939201911708,0.3,-0.7519415254923205,"0.3253893333333334,0.17083429672447015,0.2026707650273224,0.3,0.46,0.2365980808061097","0,0,0"
26.5,18,AV,1,0,0,59,591.6693204447811,0.2,-0.465,"0.5634172749391727,0.252500998003992,0.2831968390804598,0.2,0.59,0.0310742985454022","0,0,0"
18.7,269,AV,1,0,0,46,6709.13861087917,0.1,-0.28700000000000003,"0.3253893333333334,0.17083429672447015,0.2026707650273224,0.1,0.46,0.352361984934795","0,0,0"
