travel_time,id,kind,action,origin,destination,start_time,income,urgency,reward,observation,cost_table
26.166666666666668,102,AV,1,0,0,12,1783.933402668827,0.5,-5.89388771504642,"0.31571969696969704,0.3529980392156864,0.33122839506172835,0.5,0.12,0.08814235881001646","0,0,0"
25.433333333333334,156,AV,2,0,0,20,2753.3979495063454,0.1,-1.768386056795742,"0.24144047619047618,0.323461038961039,0.32694835680751166,0.1,0.2,0.13604262897318792","0,0,0"
42.18333333333333,212,AV,1,0,0,73,4113.319853961603,0.9,-39.43489602415461,"0.2950656565656566,0.3417831050228311,0.3511981981981982,0.9,0.73,0.20323500525627752","0,0,0"
28.15,251,AV,2,0,0,8,5654.280440205098,0.3,-12.058181393316175,"0.3488666666666667,0.3679272030651341,0.37301587301587313,0.3,0.08,0.2793723210896882","0,0,0"
52.86666666666667,49,AV,0,0,0,79,1068.5648373754009,0.3,-4.77965614160956,"0.2886597222222223,0.34294155844155855,0.33110256410256406,0.3,0.79,0.052796716047137274","0,0,0"
4.766666666666667,27,AV,0,0,0,1,832.3173438658397,0.4,-0.9007453877872562,"0.3523083333333333,0.371404214559387,0.3472861635220126,0.4,0.01,0.04112396452528438","0,0,0"
56.25,99,AV,0,0,0,89,1718.6657268339234,0.3,-7.823859631394559,"0.31696938775510203,0.35779166666666673,0.35245641025641034,0.3,0.89,0.0849175484591763","0,0,0"
30.983333333333334,7,AV,1,0,0,32,610.4868582393152,0.2,-0.9552988800226323,"0.2728873873873873,0.3145906862745098,0.33309374999999997,0.2,0.32,0.03016354289191967","0,0,0"
31.983333333333334,110,AV,1,0,0,48,1880.1756700095973,0.1,-1.5185425550287952,"0.2629722222222223,0.3480225225225225,0.3481348039215687,0.1,0.48,0.09289759263654204","0,0,0"
32.68333333333333,286,AV,1,0,0,38,8987.033628468456,0.6,-44.503972084410705,"0.31963513513513514,0.3606090534979425,0.36394623655913977,0.6,0.38,0.4440403108844108","0,0,0"
32.35,76,AV,0,0,0,38,1411.5824788559885,0.2,-2.8062976359086482,"0.26473412698412696,0.34686529680365297,0.3338833333333333,0.2,0.38,0.06974487341013964","0,0,0"
35.833333333333336,165,AV,0,0,0,41,2872.269398564857,0.1,-3.099065322775439,"0.33306372549019597,0.3292738095238096,0.34909999999999997,0.1,0.41,0.1419159479544386","0,0,0"
38.233333333333334,152,AV,1,0,0,63,2645.062412614309,0.3,-7.661329765829829,"0.2903034188034188,0.3302752525252525,0.3423977777777778,0.3,0.63,0.13068987883670405","0,0,0"
40.28333333333333,238,AV,2,0,0,78,4735.166802079286,0.3,-14.45062899068893,"0.3181666666666667,0.353969298245614,0.3421912568306011,0.3,0.78,0.2339598387864436","0,0,0"
39.416666666666664,200,AV,1,0,0,66,3628.2404526711953,0.2,-7.222886086336176,"0.33682051282051284,0.331109649122807,0.3539022222222223,0.2,0.66,0.1792677189349818","0,0,0"
37.61666666666667,296,AV,0,0,0,45,13748.957190518822,0.2,-26.620704022728102,"0.2806276595744681,0.3299444444444444,0.33898423423423424,0.2,0.45,0.6793221743240372","0,0,0"
33.5,159,AV,1,0,0,52,2815.231094880572,0.3,-7.1447152786741785,"0.28416203703703713,0.3485439814814814,0.3302616033755274,0.3,0.52,0.1390977426213619","0,0,0"
27.666666666666668,191,AV,2,0,0,28,3386.12741774329,0.1,-2.365728751453646,"0.2906021505376344,0.33824615384615386,0.3410315315315316,0.1,0.28,0.16730515689916173","0,0,0"
30.55,144,AV,1,0,0,31,2421.832203454489,0.3,-5.605073773904139,"0.33629844961240307,0.3628357843137255,0.35487214611872153,0.3,0.31,0.119660298268526","0,0,0"
34.3,113,AV,1,0,0,51,1900.764377468582,0.1,-1.6463691451306153,"0.2728080808080808,0.33045625,0.3059999999999999,0.1,0.51,0.09391486000625965","0,0,0"
44.46666666666667,35,AV,2,0,0,84,913.5589076746268,0.3,-3.0774938960554343,"0.30788194444444444,0.35461519607843145,0.34694202898550736,0.3,0.84,0.04513802864718944","0,0,0"
27.116666666666667,209,AV,0,0,0,36,3941.04555698938,0.1,-3.1986873405815324,"0.3369095238095238,0.36256378600823036,0.34553828828828836,0.1,0.36,0.19472310516250035","0,0,0"
19.533333333333335,257,AV,2,0,0,6,5849.7981009167725,0.1,-2.8855064706542333,"0.30522368421052637,0.3394975490196078,0.3626904761904763,0.1,0.06,0.28903265245540044","0,0,0"
42.55,239,AV,0,0,0,56,4754.245589533712,0.1,-5.608412874612611,"0.2918703703703704,0.34317111111111104,0.35828995433789956,0.1,0.56,0.234902502524312","0,0,0"
38.583333333333336,77,AV,2,0,0,57,1434.4967426379471,0.1,-1.3976683329995152,"0.3124583333333334,0.35790208333333323,0.3467657657657658,0.1,0.57,0.07087704418350775","0,0,0"
40.63333333333333,45,AV,2,0,0,81,985.8695826897422,0.3,-3.034785407320191,"0.3311666666666667,0.35313288288288297,0.35406572769953043,0.3,0.81,0.04871082651814225","0,0,0"
44.93333333333333,118,AV,1,0,0,83,2043.1688306873104,0.2,-4.636686167957062,"0.24227350427350428,0.3323066666666667,0.335409090909091,0.2,0.83,0.10095092110191003","0,0,0"
36.68333333333333,232,AV,1,0,0,55,4669.869929992837,0.1,-4.325919072354475,"0.28956097560975613,0.33209722222222227,0.3572965367965368,0.1,0.55,0.23073358587812023","0,0,0"
42.53333333333333,108,AV,1,0,0,74,1838.9541098615327,0.2,-3.9503458656284773,"0.3350490196078431,0.35661190476190474,0.37119341563786007,0.2,0.74,0.09086087672559844","0,0,0"
51.233333333333334,249,AV,1,0,0,90,5502.789496653042,0.4,-28.477398842948578,"0.23187619047619046,0.30258333333333337,0.3317674897119342,0.4,0.9,0.27188730562719554","0,0,0"
39.266666666666666,268,AV,0,0,0,47,6446.254396158338,0.3,-19.675978986551822,"0.2703547008547008,0.32404487179487185,0.3269954337899544,0.3,0.47,0.31850295931272143","0,0,0"
6.566666666666666,63,AV,0,0,0,1,1249.5878531833848,0.3,-1.1216384017099164,"0.33362601626016264,0.3538995983935742,0.33969576719576716,0.3,0.01,0.06174088155709868","0,0,0"
26.3,208,AV,2,0,0,23,3919.41152379869,0.3,-7.809130536053449,"0.26370000000000005,0.3572489451476793,0.32183879781420766,0.3,0.23,0.1936541892976206","0,0,0"
44.016666666666666,0,AV,1,0,0,77,491.0984231068265,0.9,-4.912844452367912,"0.32649537037037035,0.3759036144578313,0.3613142076502733,0.9,0.77,0.024264680147676444","0,0,0"
8.216666666666667,237,AV,0,0,0,2,4705.31956239884,0.4,-4.405256808522944,"0.28913541666666664,0.35490740740740734,0.34694444444444433,0.4,0.02,0.23248511663287746","0,0,0"
36.55,221,AV,1,0,0,51,4266.216809230351,0.3,-11.81289578616434,"0.2737375000000001,0.34426556776556777,0.3547598870056497,0.3,0.51,0.2107894903464134","0,0,0"
45.55,82,AV,2,0,0,90,1460.8215047913693,0.3,-5.040940874488398,"0.33955416666666666,0.3550320512820513,0.36311342592592594,0.3,0.9,0.07217772425813608","0,0,0"
42.4,175,AV,2,0,0,87,2996.640782499388,0.1,-3.2085244741912646,"0.26335365853658543,0.34086497890295364,0.32747857142857145,0.1,0.87,0.14806101319737625","0,0,0"
40.55,101,AV,1,0,0,76,1751.9448432672848,0.6,-10.763842938558847,"0.277991452991453,0.3262060185185185,0.3435193236714976,0.6,0.76,0.08656183619837181","0,0,0"
22.85,67,AV,2,0,0,9,1293.252850487379,0.1,-0.7462330210514297,"0.27168229166666674,0.32865811965811964,0.3270857142857143,0.1,0.09,0.06389832524532672","0,0,0"
22.783333333333335,192,AV,2,0,0,4,3387.2787239910285,0.1,-1.9488257641817075,"0.29382083333333336,0.35514084507042254,0.33599751243781095,0.1,0.04,0.16736204178524355","0,0,0"
44.45,88,AV,0,0,0,58,1526.0895405694364,0.1,-2.212996971674532,"0.3950619047619048,0.3499047619047619,0.37329812206572777,0.1,0.58,0.07540255239340664","0,0,0"
13.283333333333333,298,AV,0,0,0,12,19040.472291926453,0.1,-6.8868924312564745,"0.3181666666666667,0.339859649122807,0.34287793427230057,0.1,0.12,0.9407706241479663","0,0,0"
38.03333333333333,169,AV,1,0,0,65,2949.689674384749,0.1,-2.8329931973678444,"0.24632352941176464,0.32067934782608687,0.3161145833333333,0.1,0.65,0.14574120607241453","0,0,0"
29.183333333333334,274,AV,2,0,0,28,7592.14370769901,0.3,-16.78515610123859,"0.22126960784313723,0.3076596244131456,0.3084430379746836,0.3,0.28,0.37512020001424035","0,0,0"
20.266666666666666,37,AV,0,0,0,22,932.0432837729122,0.2,-1.454010633895506,"0.35734803921568636,0.34073333333333333,0.3436435897435898,0.2,0.22,0.04605132311658888","0,0,0"
44.06666666666667,228,AV,2,0,0,97,4549.115907877681,0.1,-5.062231675264558,"0.2798444444444444,0.33259090909090916,0.33622435897435893,0.1,0.97,0.22476725085176577","0,0,0"
27.333333333333332,36,AV,1,0,0,20,921.9548251796884,0.1,-0.6363661251240273,"0.29565238095238094,0.33952142857142853,0.3409274509803922,0.1,0.2,0.04555286250374671","0,0,0"
46.05,270,AV,0,0,0,68,7130.271245067938,0.1,-8.791641182711578,"0.31646124031007755,0.3475628019323672,0.34537393162393165,0.1,0.68,0.3522995452382328","0,0,0"
45.083333333333336,39,AV,1,0,0,89,948.3478854920526,0.2,-2.1593274665454563,"0.3164375,0.34636746987951805,0.3306549707602339,0.2,0.89,0.04685691712185437","0,0,0"
27.866666666666667,59,AV,1,0,0,25,1205.4292211271013,0.2,-1.6965300149196243,"0.3263817204301075,0.34128310502283116,0.33104605263157894,0.2,0.25,0.059559047871243866","0,0,0"
27.783333333333335,123,AV,1,0,0,20,2105.159940183184,0.2,-2.953957592832802,"0.3069393939393939,0.3530844748858447,0.35943192488262904,0.2,0.2,0.10401383959877876","0,0,0"
36.333333333333336,285,AV,2,0,0,53,8975.220492497892,0.1,-8.234840350860862,"0.3585542635658915,0.34230555555555564,0.3453897435897435,0.1,0.53,0.44345663569349214","0,0,0"
42.983333333333334,280,AV,2,0,0,76,8333.728817076937,0.1,-9.045743526616759,"0.263561403508772,0.33313020833333334,0.3318226495726496,0.1,0.76,0.4117611759055859","0,0,0"
59.5,151,AV,0,0,0,98,2629.980017260476,0.9,-36.06450250613599,"0.3089684684684685,0.35995720720720714,0.360120253164557,0.9,0.98,0.1299446728211638","0,0,0"
25.266666666666666,104,AV,1,0,0,18,1804.2001824470888,0.2,-2.3023295257489784,"0.27002430555555557,0.3452410256410257,0.33475570776255703,0.2,0.18,0.08914372005616313","0,0,0"
31.383333333333333,147,AV,2,0,0,37,2476.7926805910606,0.1,-1.962879047791653,"0.3215707070707072,0.34735714285714286,0.35454375000000005,0.1,0.37,0.12237584027749006","0,0,0"
34.75,260,AV,2,0,0,62,5899.132481879994,0.2,-10.353275441683323,"0.2805925925925926,0.334199530516432,0.3175936073059361,0.2,0.62,0.29147021469961026","0,0,0"
36.15,288,AV,2,0,0,44,9095.945853089892,0.4,-33.21398409991915,"0.3275787037037037,0.3413591549295775,0.338054794520548,0.4,0.44,0.44942155458275634","0,0,0"
4.616666666666666,80,AV,0,0,0,0,1454.957177165027,0.1,-0.6696225328597274,"0.34760370370370375,0.37109307359307364,0.3599971264367816,0.1,0.0,0.07188797371641335","0,0,0"
56.18333333333333,96,AV,0,0,0,87,1653.1781197118603,0.1,-2.8454812464430472,"0.3346260162601626,0.36668750000000006,0.3602662337662337,0.1,0.87,0.08168187152419273","0,0,0"
47.233333333333334,217,AV,2,0,0,91,4223.122456076251,0.2,-10.074351044208836,"0.3105797101449275,0.3443333333333334,0.3338311403508773,0.2,0.91,0.20866024161284988","0,0,0"
38.38333333333333,120,AV,2,0,0,61,2046.5713793034688,0.1,-1.9836927131885054,"0.32860752688172035,0.34575490196078434,0.34488271604938275,0.1,0.61,0.10111903761374018","0,0,0"
37.166666666666664,71,AV,2,0,0,57,1342.087988935639,0.3,-3.7788588577354485,"0.30930303030303036,0.34097389558232927,0.3296071428571429,0.3,0.57,0.06631122041798494","0,0,0"
28.133333333333333,215,AV,2,0,0,28,4159.866430607663,0.3,-8.865977948062795,"0.35484027777777777,0.3774812206572771,0.3788309859154929,0.3,0.28,0.20553482488742356","0,0,0"
37.416666666666664,167,AV,1,0,0,65,2898.378436294527,0.3,-8.215731804900521,"0.33462857142857144,0.35310416666666666,0.35982485875706216,0.3,0.65,0.14320596930182183","0,0,0"
27.616666666666667,227,AV,2,0,0,22,4547.885280126284,0.1,-3.1716523186739285,"0.29778494623655916,0.3366324786324786,0.36159670781893,0.1,0.22,0.2247064467698068","0,0,0"
26.283333333333335,68,AV,1,0,0,15,1294.2551843223837,1.0,-8.590237481803026,"0.22663888888888892,0.3215338164251208,0.30981333333333333,1.0,0.15,0.06394784955402583","0,0,0"
45.983333333333334,279,AV,0,0,0,65,8029.700924090037,0.2,-19.14810172522257,"0.23078333333333334,0.31533333333333335,0.3205324675324676,0.2,0.65,0.39673946287985623","0,0,0"
24.466666666666665,204,AV,2,0,0,18,3783.636689084741,0.1,-2.3377014560506737,"0.34755714285714284,0.35085742971887557,0.3693865740740742,0.1,0.18,0.18694569099783895","0,0,0"
45.416666666666664,258,AV,1,0,0,88,5862.8833826120845,0.4,-26.89622427208406,"0.22696491228070176,0.3241296296296296,0.3280656565656565,0.4,0.88,0.28967918308966784","0,0,0"
37.06666666666667,131,AV,2,0,0,59,2177.5877894542577,0.6,-12.229684958955227,"0.29515277777777776,0.34702941176470586,0.35792753623188406,0.6,0.59,0.1075924269321053","0,0,0"
37.666666666666664,234,AV,0,0,0,44,4687.914961676448,0.1,-4.959043692503693,"0.29461382113821144,0.35161814345991566,0.34846428571428567,0.1,0.44,0.23162517278098077","0,0,0"
41.15,73,AV,2,0,0,78,1373.5659577718477,0.2,-2.8546585435510874,"0.3135142857142858,0.3614848484848486,0.35364950980392157,0.2,0.78,0.06786651526229966","0,0,0"
38.233333333333334,214,AV,2,0,0,52,4135.471393234625,0.2,-7.985497791313326,"0.2634861111111111,0.3396213991769547,0.3299337899543379,0.2,0.52,0.20432949057724065","0,0,0"
24.316666666666666,70,AV,1,0,0,4,1338.7213376931895,0.1,-0.8220515284908938,"0.28844166666666665,0.32389610389610385,0.33777142857142856,0.1,0.04,0.06614487755935793","0,0,0"
48.88333333333333,114,AV,1,0,0,96,1927.298426803608,0.4,-9.516441558611081,"0.38699122807017544,0.3720022831050228,0.3692566137566137,0.4,0.96,0.09522588075045987","0,0,0"
22.15,53,AV,2,0,0,7,1122.7546975855585,0.1,-0.6280054684727303,"0.2753749999999999,0.32696581196581187,0.3381209677419355,0.1,0.07,0.0554741826472708","0,0,0"
47.65,111,AV,0,0,0,71,1885.557658153182,0.3,-7.306577455378721,"0.3209458333333333,0.36299156118143466,0.3732575757575758,0.3,0.71,0.09316351126856799","0,0,0"
37.18333333333333,290,AV,2,0,0,72,10838.007207066395,0.1,-10.176596834581282,"0.3017,0.3580211267605633,0.3517927927927928,0.1,0.72,0.5354950574957825","0,0,0"
46.483333333333334,220,AV,1,0,0,93,4245.708624069837,0.4,-19.934817091802657,"0.33006159420289855,0.3524828431372549,0.35448858447488596,0.4,0.93,0.20977620150263931","0,0,0"
41.55,130,AV,1,0,0,72,2158.6935677652164,0.9,-20.38493585014653,"0.3882747747747748,0.3763960573476703,0.3553055555555556,0.9,0.72,0.10665888240344744","0,0,0"
41.18333333333333,129,AV,2,0,0,79,2142.030696222753,0.2,-4.455351725897662,"0.2809266666666667,0.34012619047619047,0.3559833333333333,0.2,0.79,0.10583558664582342","0,0,0"
32.31666666666667,138,AV,2,0,0,40,2283.7291705859197,0.9,-16.77329871881098,"0.3192006802721089,0.35492892156862754,0.3478121693121693,0.9,0.4,0.1128367660348439","0,0,0"
11.633333333333333,201,AV,0,0,0,9,3667.3634505223554,0.3,-3.7320955662431867,"0.3174166666666667,0.3624647887323944,0.3663493150684931,0.3,0.09,0.1812007469892587","0,0,0"
39.1,143,AV,1,0,0,68,2421.0391237858234,0.6,-14.34282268788268,"0.3346161616161617,0.37427291666666673,0.36994805194805186,0.6,0.68,0.1196211129981477","0,0,0"
26.133333333333333,60,AV,1,0,0,25,1234.5997004771,0.5,-4.073763321439589,"0.28540909090909095,0.32850396825396827,0.3291255707762557,0.5,0.25,0.06100033197617807","0,0,0"
25.7,206,AV,1,0,0,17,3849.958431883558,0.6,-14.991504802940522,"0.3236269841269842,0.3402478632478633,0.3561714285714285,0.6,0.17,0.19022258173935064","0,0,0"
21.3,30,AV,2,0,0,6,854.5785374972068,0.4,-1.8386386715849,"0.3081527777777778,0.3498308080808081,0.35730341880341876,0.4,0.06,0.04222386775802824","0,0,0"
38.916666666666664,235,AV,2,0,0,63,4689.4303597647895,0.2,-9.217020109470358,"0.32242803030303036,0.34611190476190473,0.3345219298245613,0.2,0.63,0.2317000470794511","0,0,0"
47.733333333333334,103,AV,2,0,0,99,1794.439334206041,0.1,-2.162994214295497,"0.34448837209302324,0.36763615023474183,0.34957070707070714,0.1,0.99,0.08866144634198442","0,0,0"
30.683333333333334,42,AV,0,0,0,38,959.5289757906356,0.8,-6.447787354985052,"0.34092000000000006,0.37036206896551715,0.36413034188034193,0.8,0.38,0.04740936357053375","0,0,0"
44.0,107,AV,1,0,0,82,1830.3424648913517,0.5,-10.168569249396398,"0.31409722222222225,0.350094527363184,0.3624777777777778,0.5,0.82,0.09043538399152518","0,0,0"
54.5,287,AV,0,0,0,87,8987.822610831106,0.2,-25.239208701530067,"0.30717391304347824,0.34209236947791166,0.3310737704918033,0.2,0.87,0.4440792937110115","0,0,0"
31.166666666666668,119,AV,1,0,0,28,2044.1603053436156,0.2,-3.2176597398927287,"0.26891249999999994,0.3326822222222222,0.34122619047619046,0.2,0.28,0.10099990886948945","0,0,0"
33.43333333333333,127,AV,1,0,0,50,2133.445027811215,0.5,-9.006083177166028,"0.3062162162162162,0.3434779116465863,0.3529692307692307,0.5,0.5,0.10541137738743885","0,0,0"
34.5,55,AV,2,0,0,39,1148.2139867956057,0.5,-5.001689715208131,"0.27666666666666667,0.3669291666666667,0.35355479452054794,0.5,0.39,0.05673210057248192","0,0,0"
38.15,84,AV,2,0,0,68,1474.5167950508735,0.6,-8.523153898665276,"0.365325,0.38307882882882877,0.38440570175438604,0.6,0.68,0.07285439480326665","0,0,0"
32.15,26,AV,2,0,0,25,825.4433072334436,0.4,-2.680606295712648,"0.35420542635658914,0.37012380952380947,0.36429761904761904,0.4,0.25,0.040784325275063815","0,0,0"
47.15,230,AV,1,0,0,95,4577.590037133467,0.1,-5.450337632597045,"0.28765196078431376,0.3444675925925927,0.35423015873015873,0.1,0.95,0.2261741289975035","0,0,0"
38.15,75,AV,1,0,0,72,1405.7852601227096,0.4,-5.417243199361755,"0.32421666666666665,0.3617462686567165,0.3804264069264069,0.4,0.72,0.0694584386514629","0,0,0"
28.45,92,AV,2,0,0,24,1567.0706205360798,0.1,-1.1258373523800875,"0.2852107843137255,0.3346455696202531,0.3312402597402596,0.1,0.24,0.07742738641996724","0,0,0"
8.183333333333334,203,AV,0,0,0,6,3773.073658575576,0.4,-3.618820145388229,"0.3355952380952381,0.3498202247191012,0.3301186868686869,0.4,0.06,0.1864237822629797","0,0,0"
48.56666666666667,172,AV,1,0,0,100,2968.817229463249,0.1,-3.6410494135757188,"0.3042222222222222,0.33856084656084656,0.33023631840796014,0.1,1.0,0.1466862793696381","0,0,0"
61.38333333333333,278,AV,0,0,0,99,8028.27043643778,0.1,-12.944494956818327,"0.25858914728682164,0.31697014925373135,0.3392500000000001,0.1,0.99,0.39666878392080435","0,0,0"
49.38333333333333,269,AV,2,0,0,92,6783.106781750961,0.1,-8.458899576737416,"0.28448387096774197,0.33252409638554214,0.36155897435897427,0.1,0.92,0.33514649757064985","0,0,0"
39.68333333333333,173,AV,1,0,0,67,2987.078671303881,0.1,-2.9933646112687455,"0.37336458333333333,0.36334552845528456,0.3495746268656717,0.1,0.67,0.14758855888113623","0,0,0"
40.016666666666666,233,AV,2,0,0,76,4679.48341028673,0.1,-4.728720399031329,"0.2814013605442177,0.33590163934426237,0.32984047619047613,0.1,0.76,0.23120857828995","0,0,0"
42.55,74,AV,1,0,0,79,1386.7650627050614,0.3,-4.470216168037906,"0.27803809523809525,0.35054732510288067,0.34217567567567564,0.3,0.79,0.0685186697885022","0,0,0"
43.083333333333336,241,AV,2,0,0,77,4950.077303955518,0.2,-10.771001541014321,"0.3521739130434783,0.3503561643835617,0.34749530516431926,0.2,0.77,0.24457835096861175","0,0,0"
35.583333333333336,291,AV,2,0,0,57,11185.875164713363,0.3,-30.15384277356443,"0.3796798245614035,0.37437061403508776,0.37506359649122806,0.3,0.57,0.5526828641120808","0,0,0"
6.383333333333334,133,AV,0,0,0,2,2198.5025098873134,0.1,-0.8543882412823406,"0.26147967479674794,0.3244879518072289,0.32068205128205124,0.1,0.02,0.10862580227563756","0,0,0"
43.0,10,AV,2,0,0,86,649.7132696839626,0.4,-2.8219869289303428,"0.2844247311827957,0.32150205761316875,0.3497564102564104,0.4,0.86,0.03210168050804979","0,0,0"
40.333333333333336,226,AV,1,0,0,58,4504.939201911708,0.3,-13.76509200584133,"0.36923170731707317,0.3656004016064257,0.36295555555555553,0.3,0.58,0.2225845241521748","0,0,0"
23.6,13,AV,0,0,0,32,676.2529471816457,0.2,-1.3060388663377194,"0.37602777777777774,0.36664035087719293,0.3752083333333334,0.2,0.32,0.033412979334117666","0,0,0"
30.45,266,AV,1,0,0,30,6130.868263041086,0.3,-14.14279837951523,"0.3615526315789473,0.34654320987654313,0.3498990610328639,0.3,0.3,0.3029200470429381","0,0,0"
31.083333333333332,136,AV,2,0,0,35,2276.662146114732,0.1,-1.787026474117835,"0.3437976190476189,0.37828222222222224,0.36713698630136987,0.1,0.35,0.1124875914492194","0,0,0"
57.86666666666667,219,AV,0,0,0,98,4237.057085974603,0.2,-12.883048992006586,"0.3604772727272727,0.3409117647058823,0.34732786885245903,0.2,0.98,0.20934873768929974","0,0,0"
49.43333333333333,244,AV,0,0,0,78,5370.167679594476,0.4,-27.314675652655243,"0.3028,0.34588262910798123,0.35949086757990867,0.4,0.78,0.26533459476493776","0,0,0"
30.983333333333334,205,AV,1,0,0,27,3803.247088152212,0.3,-8.927066081912832,"0.3098632478632478,0.3521738095238095,0.3404511111111111,0.3,0.27,0.18791462113190488","0,0,0"
31.116666666666667,157,AV,2,0,0,38,2758.442965787371,0.3,-6.50254168828917,"0.41942803030303033,0.3857007168458781,0.3872358490566038,0.3,0.38,0.13629189816371895","0,0,0"
47.78333333333333,125,AV,1,0,0,51,2113.1349678504243,0.2,-5.0996279064201735,"0.31854629629629627,0.3481350210970464,0.36266444444444446,0.2,0.51,0.10440787771091574","0,0,0"
31.283333333333335,117,AV,0,0,0,96,2022.4315636845977,0.3,-5.29306066292423,"0.36752380952380953,0.3377146118721462,0.35342888888888885,0.3,0.96,0.09992631355425287","0,0,0"
47.916666666666664,86,AV,1,0,0,97,1490.1599361877834,0.1,-1.8031186096548304,"0.2863333333333333,0.32201351351351354,0.3257777777777778,0.1,0.97,0.0736273067051025","0,0,0"
43.75,210,AV,1,0,0,87,4021.28082322038,0.2,-8.885405859388465,"0.38874479166666664,0.3939646464646465,0.38095138888888896,0.2,0.87,0.19868744913115402","0,0,0"
35.2,58,AV,2,0,0,44,1200.7903182940884,0.1,-1.0673691718169673,"0.3237407407407407,0.36733783783783786,0.36273749999999993,0.1,0.44,0.05932984433854443","0,0,0"
31.316666666666666,47,AV,2,0,0,32,1017.530975349866,0.1,-0.8046888479303023,"0.3103235294117647,0.3476666666666668,0.34826904761904764,0.1,0.32,0.050275184149485695","0,0,0"
46.666666666666664,155,AV,1,0,0,96,2747.619709803412,0.1,-3.237935684953516,"0.3642324561403509,0.3694145833333333,0.3572800925925927,0.1,0.96,0.13575713194935043","0,0,0"
31.6,1,AV,2,0,0,41,513.7357984527049,0.3,-1.229852365992839,"0.310959595959596,0.3293895582329317,0.34906081081081075,0.3,0.41,0.02538317014134346","0,0,0"
29.2,195,AV,1,0,0,29,3508.846318545673,0.1,-2.587331123776102,"0.3236714285714286,0.3487029914529915,0.35220772946859896,0.1,0.29,0.17336857460921315","0,0,0"
34.9,105,AV,2,0,0,27,1805.1606101798543,0.1,-1.5909117498807304,"0.2670748299319728,0.31600625,0.30575409836065576,0.1,0.27,0.08919117382641367","0,0,0"
20.183333333333334,150,AV,0,0,0,24,2574.4307659940623,0.3,-4.436408658609608,"0.32103658536585367,0.36789855072463756,0.36505238095238096,0.3,0.24,0.12720004007342384","0,0,0"
24.383333333333333,292,AV,1,0,0,16,11861.36896338871,0.1,-7.303528111716197,"0.2813047619047619,0.33287500000000003,0.3237206572769953,0.1,0.16,0.5860583346804944","0,0,0"
44.03333333333333,46,AV,1,0,0,94,1011.0784796502788,0.1,-1.124271609106076,"0.3377790697674418,0.3429189814814814,0.3460644444444444,0.1,0.94,0.04995637281363524","0,0,0"
37.166666666666664,265,AV,1,0,0,60,6081.635477498837,0.2,-11.415864574766335,"0.27432945736434106,0.33742948717948723,0.33288164251207725,0.2,0.6,0.3004875045265025","0,0,0"
22.033333333333335,137,AV,0,0,0,25,2280.385817754286,0.1,-1.768800526545104,"0.29345486111111113,0.3160855855855856,0.3141764705882353,0.1,0.25,0.1126715743273096","0,0,0"
29.283333333333335,178,AV,2,0,0,19,3048.604611013583,0.2,-4.5087527790832205,"0.3499074074074074,0.359358024691358,0.35660052910052914,0.2,0.19,0.15062849380578247","0,0,0"
30.633333333333333,163,AV,1,0,0,30,2850.5966631146844,0.4,-8.820533109098973,"0.3482,0.3616089743589743,0.3589590163934427,0.4,0.3,0.14084511984976505","0,0,0"
29.05,282,AV,1,0,0,31,8475.089255911002,0.4,-24.86882251355703,"0.355457264957265,0.35614141414141415,0.36076470588235293,0.4,0.31,0.41874565329841523","0,0,0"
29.5,51,AV,1,0,0,23,1076.386102050743,0.1,-0.8018532830933566,"0.28395299145299147,0.34174537037037034,0.3203383838383837,0.1,0.23,0.05318315688418353","0,0,0"
19.366666666666667,183,AV,2,0,0,3,3159.4556453821087,0.1,-1.5451546548543815,"0.34539473684210525,0.35712222222222223,0.36342741935483874,0.1,0.03,0.15610553214765938","0,0,0"
30.016666666666666,193,AV,1,0,0,29,3389.778327720714,0.2,-5.138881118034517,"0.30956190476190476,0.33288461538461533,0.3276145833333332,0.2,0.29,0.1674855446965603","0,0,0"
16.8,128,AV,0,0,0,19,2139.4702648744856,0.1,-1.4076540517649332,"0.24625268817204304,0.3271559139784946,0.3484646464646465,0.1,0.19,0.10570907830292801","0,0,0"
40.96666666666667,2,AV,0,0,0,54,567.550811201735,0.5,-3.4356900124870893,"0.32050450450450446,0.3482702702702703,0.33960585585585584,0.5,0.54,0.028042115904674286","0,0,0"
50.4,135,AV,2,0,0,82,2260.56382504795,0.2,-5.754162463758418,"0.30110526315789465,0.3616727642276423,0.3524880952380952,0.2,0.82,0.11169218956393358","0,0,0"
30.583333333333332,264,AV,1,0,0,34,6020.57275324985,0.1,-4.649726852783449,"0.3072795698924731,0.35336150234741787,0.364610294117647,0.1,0.34,0.2974704566128196","0,0,0"
15.116666666666667,299,AV,0,0,0,15,20239.22920549412,0.1,-8.226002057821198,"0.31025886524822693,0.32971739130434785,0.3241396396396396,0.1,0.15,1.0","0,0,0"
46.11666666666667,134,AV,2,0,0,91,2222.040577514192,0.4,-10.35081864980096,"0.22499479166666667,0.3120987654320987,0.3108972602739726,0.4,0.91,0.1097887945708426","0,0,0"
9.833333333333334,262,AV,0,0,0,9,5985.732437913218,0.2,-3.4727122376841746,"0.29822789115646264,0.35678000000000004,0.3568636363636364,0.2,0.09,0.2957490316028605","0,0,0"
24.683333333333334,283,AV,2,0,0,1,8639.921150992108,0.6,-32.312432385402296,"0.32844961240310083,0.34904545454545455,0.35957777777777766,0.6,0.01,0.42688983178503276","0,0,0"
13.383333333333333,43,AV,0,0,0,12,969.457736312404,0.2,-1.1552816180630139,"0.29277916666666665,0.3480355555555556,0.34880256410256405,0.2,0.12,0.04789993366196159","0,0,0"
16.666666666666668,29,AV,0,0,0,19,850.3216016091212,0.7,-3.0051562336969058,"0.27434090909090914,0.34068421052631587,0.3297071428571428,0.7,0.19,0.04201353682867991","0,0,0"
24.283333333333335,31,AV,2,0,0,6,859.2772315809713,0.1,-0.5269221070763784,"0.2954953703703703,0.3658058823529412,0.36237566137566146,0.1,0.06,0.042456025516412095","0,0,0"
57.9,93,AV,0,0,0,95,1614.9493849180149,0.2,-5.222503504381467,"0.27482653061224493,0.33719264069264065,0.3466666666666666,0.2,0.95,0.0797930281099649","0,0,0"
59.81666666666667,21,AV,0,0,0,97,777.0630287344238,0.5,-6.368853556666346,"0.30551960784313725,0.34669607843137257,0.35937878787878785,0.5,0.97,0.03839390427593374","0,0,0"
44.766666666666666,281,AV,0,0,0,52,8348.421721831439,0.8,-76.00121462908838,"0.3222714285714286,0.357443661971831,0.3758829365079365,0.8,0.52,0.41248713758156286","0,0,0"
33.25,284,AV,2,0,0,36,8689.506535985933,0.1,-7.296113442462937,"0.31256410256410255,0.3481296296296296,0.36085915492957743,0.1,0.36,0.42933979588645044","0,0,0"
37.21666666666667,242,AV,2,0,0,47,4967.653125719208,0.2,-9.337348004824067,"0.2792291666666667,0.3517986111111111,0.3616027777777778,0.2,0.47,0.24544675468029653","0,0,0"
41.06666666666667,289,AV,0,0,0,51,10783.100237376317,0.3,-34.04742296072632,"0.3261216216216216,0.3449583333333333,0.3540619658119658,0.3,0.51,0.5327821592360418","0,0,0"
31.933333333333334,179,AV,2,0,0,37,3065.2253709468137,0.4,-9.887157930528781,"0.3730317460317461,0.3882229437229438,0.38894808743169407,0.4,0.37,0.15144970887106365","0,0,0"
36.18333333333333,211,AV,2,0,0,38,4034.238052294327,0.2,-7.372332332938538,"0.3852238095238096,0.3752708333333334,0.3740373134328358,0.2,0.38,0.1993276528139321","0,0,0"
36.5,90,AV,1,0,0,46,1538.317647081207,0.4,-5.671575163481218,"0.2701705426356589,0.334203431372549,0.31675821596244125,0.4,0.46,0.07600673086224138","0,0,0"
48.483333333333334,109,AV,1,0,0,80,1862.7228332236152,0.3,-6.841743335666031,"0.26208333333333333,0.31734507042253524,0.3216274509803922,0.3,0.8,0.09203526548916015","0,0,0"
45.1,186,AV,2,0,0,88,3252.767976975094,0.4,-14.818165228442096,"0.3491631944444445,0.33570056497175144,0.34437550200803213,0.4,0.88,0.1607160007897979","0,0,0"
33.833333333333336,62,AV,2,0,0,52,1244.4027248274256,0.1,-1.0631891967170346,"0.39384234234234233,0.36115422885572135,0.37215000000000004,0.1,0.52,0.06148468956958209","0,0,0"
23.633333333333333,87,AV,0,0,0,33,1503.4428459110418,0.1,-1.3972567152785595,"0.36364015151515156,0.36438666666666664,0.36387037037037034,0.1,0.33,0.07428360194186243","0,0,0"
30.616666666666667,154,AV,2,0,0,35,2722.266725979925,0.7,-14.733008345696907,"0.2915990990990991,0.31401990049751244,0.3317267441860466,0.7,0.35,0.13450446646658565","0,0,0"
42.75,231,AV,0,0,0,54,4660.29795945294,0.3,-15.593010436864633,"0.2741944444444444,0.3205164835164835,0.31702657004830914,0.3,0.54,0.23026064442157015","0,0,0"
38.65,48,AV,1,0,0,66,1040.734547163155,0.5,-5.078837152507062,"0.3370619047619048,0.3275164319248826,0.34806250000000005,0.5,0.66,0.05142164934229008","0,0,0"
28.383333333333333,189,AV,2,0,0,22,3313.1900178081896,0.1,-2.3747317341445062,"0.27391666666666664,0.35121025641025655,0.34477572016460906,0.1,0.22,0.16370139317898502","0,0,0"
25.4,25,AV,1,0,0,18,822.5771428470101,0.1,-0.5276126118261125,"0.29887606837606834,0.38163470319634696,0.35573188405797107,0.1,0.18,0.04064271096963091","0,0,0"
25.433333333333334,146,AV,1,0,0,20,2476.7673195544394,0.3,-4.772155214192013,"0.3108815789473684,0.3540363247863248,0.334453125,0.3,0.2,0.12237458721412664","0,0,0"
51.1,23,AV,0,0,0,79,793.0252767736928,0.1,-1.5233230212913058,"0.36609349593495943,0.3498839662447258,0.36763809523809526,0.1,0.79,0.0391825829295129","0,0,0"
35.18333333333333,5,AV,1,0,0,45,591.6693204447811,0.1,-0.5256792657655441,"0.26935526315789476,0.32076470588235295,0.30438541666666663,0.1,0.45,0.02923378723751827","0,0,0"
26.933333333333334,148,AV,2,0,0,18,2520.757475212996,0.1,-1.714454579101095,"0.3114655172413794,0.359362962962963,0.354718309859155,0.1,0.18,0.12454809665027725","0,0,0"
44.31666666666667,252,AV,1,0,0,84,5702.616109653807,0.8,-51.054734799897226,"0.33494308943089446,0.37391111111111114,0.36209909909909915,0.8,0.84,0.28176053800041856","0,0,0"
21.9,271,AV,0,0,0,28,7332.887514065835,0.2,-8.610618007981907,"0.2561619047619048,0.319275641025641,0.3388809523809524,0.2,0.28,0.3623106117141683","0,0,0"
27.616666666666667,149,AV,2,0,0,25,2528.765907819195,0.1,-1.7635375038957941,"0.2912478632478633,0.33214502164502163,0.32660273972602744,0.1,0.25,0.12494378526691811","0,0,0"
45.483333333333334,187,AV,1,0,0,98,3257.969850357721,0.2,-7.48400649968537,"0.31308666666666674,0.3540823529411765,0.35973749999999993,0.2,0.98,0.1609730201322744","0,0,0"
30.683333333333334,202,AV,2,0,0,34,3759.463069718096,0.1,-2.912950972790832,"0.26648484848484844,0.3282965367965368,0.3344777777777779,0.1,0.34,0.18575129672910448","0,0,0"
34.8,56,AV,1,0,0,45,1148.9174546898266,0.1,-1.0096547329092416,"0.252359649122807,0.35026576576576574,0.33628019323671493,0.1,0.45,0.05676685821503235","0,0,0"
38.916666666666664,160,AV,1,0,0,62,2818.3733061874163,0.1,-2.7697397600789637,"0.36925520833333336,0.3686329365079366,0.3622191358024691,0.1,0.62,0.13925299612805134","0,0,0"
38.71666666666667,293,AV,1,0,0,67,12197.400506638176,0.1,-11.925320444831854,"0.36752702702702705,0.3795491452991453,0.3849933333333334,0.1,0.67,0.6026613159421645","0,0,0"
24.95,41,AV,1,0,0,16,954.0002559944874,0.2,-1.2021366862152758,"0.2587047619047619,0.3246422222222223,0.33216666666666667,0.2,0.16,0.04713619507483592","0,0,0"
44.03333333333333,142,AV,2,0,0,73,2382.718205806423,0.3,-7.948410984520922,"0.3843292682926829,0.3662189922480621,0.37318253968253967,0.3,0.73,0.1177277149052501","0,0,0"
32.28333333333333,44,AV,1,0,0,41,981.8973671489576,0.8,-6.403822222786299,"0.32462121212121203,0.3613671171171171,0.3693125,0.8,0.41,0.048514563335367175","0,0,0"
44.7,145,AV,2,0,0,94,2436.431929205765,0.6,-16.50128897507541,"0.2631013071895425,0.33007619047619047,0.3465676328502416,0.6,0.94,0.12038165606348158","0,0,0"
43.95,174,AV,1,0,0,88,2991.769966736588,0.1,-3.3204113645978044,"0.263890243902439,0.33852657004830916,0.3231948356807512,0.1,0.88,0.14782035107959768","0,0,0"
45.38333333333333,38,AV,1,0,0,93,946.2003450753726,0.3,-3.2531610348992923,"0.3379054054054054,0.3579897119341564,0.3450532407407407,0.3,0.93,0.04675080930545112","0,0,0"
30.566666666666666,222,AV,0,0,0,38,4304.4895651906745,0.2,-7.145146348955974,"0.2797131782945737,0.34942000000000006,0.3501449275362319,0.2,0.38,0.21268050880229086","0,0,0"
49.3,197,AV,0,0,0,78,3531.3895067900216,0.2,-9.292803165896366,"0.29844444444444446,0.36964658634538144,0.3547205882352942,0.2,0.78,0.17448241091273348","0,0,0"
51.1,122,AV,0,0,0,79,2088.64210540395,0.1,-3.1951922117712597,"0.37404166666666666,0.3754913419913421,0.36822510822510823,0.1,0.79,0.10319770996204586","0,0,0"
33.9,247,AV,2,0,0,45,5427.330032863625,0.2,-9.29224687444833,"0.2994305555555556,0.33018666666666674,0.34636936936936924,0.2,0.45,0.26815892926348833","0,0,0"
30.633333333333333,184,AV,2,0,0,34,3197.7177395395383,0.5,-12.36827694712473,"0.2731623931623931,0.33460548523206746,0.32361574074074073,0.5,0.34,0.15799602381455757","0,0,0"
26.583333333333332,115,AV,1,0,0,15,1942.5668635563816,0.1,-1.3040379408133116,"0.2487407407407407,0.3502306201550388,0.3466349206349206,0.1,0.15,0.09598027888478354","0,0,0"
45.983333333333334,188,AV,1,0,0,90,3278.222126324269,0.1,-3.8066560801888296,"0.31250793650793657,0.37772564102564105,0.35093150684931507,0.1,0.9,0.16197366475964245","0,0,0"
41.266666666666666,64,AV,1,0,0,68,1265.4739572733297,0.3,-3.9562039371322784,"0.3582280701754387,0.3594649122807018,0.36981140350877195,0.3,0.68,0.06252579801457091","0,0,0"
39.35,297,AV,1,0,0,60,16390.717038727882,0.7,-114.01068202822209,"0.36252916666666657,0.39075675675675675,0.3753706140350878,0.7,0.6,0.8098488767684134","0,0,0"
28.866666666666667,162,AV,2,0,0,40,2838.632091159661,0.4,-8.276954178263523,"0.22143840579710147,0.30546296296296294,0.3117613168724279,0.4,0.4,0.14025396235885745","0,0,0"
41.1,168,AV,1,0,0,77,2909.8477340427667,0.7,-21.14048467384101,"0.29517567567567576,0.3595444444444445,0.34633564814814827,0.7,0.77,0.1437726557913017","0,0,0"
38.233333333333334,69,AV,2,0,0,72,1317.647826688136,0.2,-2.544346897662108,"0.3109949494949495,0.3470277777777778,0.34381592039801,0.2,0.72,0.06510365653304864","0,0,0"
43.18333333333333,54,AV,2,0,0,81,1129.1321270070612,0.2,-2.4626105564606866,"0.2628783783783784,0.2991344086021505,0.3127871794871795,0.2,0.81,0.05578928503366858","0,0,0"
35.68333333333333,253,AV,1,0,0,48,5721.231751015957,0.3,-15.466107549147933,"0.3763504273504273,0.37050649350649356,0.36957207207207204,0.3,0.48,0.2826803181547486","0,0,0"
27.616666666666667,72,AV,2,0,0,22,1348.5865378412918,0.1,-0.940491537543359,"0.27458641975308645,0.35190769230769237,0.3437488584474885,0.1,0.22,0.0666323071965214","0,0,0"
36.56666666666667,32,AV,1,0,0,54,871.0408974081768,0.2,-1.608639502452475,"0.2811788617886179,0.3429894514767932,0.3656190476190476,0.2,0.54,0.0430372564372029","0,0,0"
39.21666666666667,112,AV,0,0,0,47,1888.2149669861096,0.8,-15.459494334405107,"0.31463513513513514,0.3626491228070175,0.3385911458333333,0.8,0.47,0.09329480623074009","0,0,0"
30.683333333333334,181,AV,1,0,0,34,3132.463358685509,0.1,-2.4271317522474845,"0.27812601626016265,0.315140625,0.32687058823529413,0.1,0.34,0.15477187035537765","0,0,0"
27.783333333333335,4,AV,2,0,0,25,586.8516376274475,0.2,-0.8234694275462586,"0.28826449275362326,0.35213461538461543,0.34793434343434343,0.2,0.25,0.028995750365243225","0,0,0"
11.716666666666667,97,AV,0,0,0,8,1697.366940102563,0.3,-2.0066274733486136,"0.3373838383838384,0.3404137254901961,0.34825925925925927,0.3,0.08,0.08386519678534977","0,0,0"
46.85,223,AV,1,0,0,82,4343.557359248321,0.1,-5.138779350524844,"0.32442156862745103,0.3337521929824562,0.3533625,0.1,0.82,0.21461080929254078","0,0,0"
52.78333333333333,294,AV,0,0,0,83,13351.937436366714,0.4,-71.68785498480368,"0.28130341880341875,0.3354699074074074,0.3261904761904762,0.4,0.83,0.6597058267783346","0,0,0"
28.883333333333333,34,AV,0,0,0,36,912.6272274022258,0.3,-2.496948213495022,"0.30250462962962965,0.35552347417840374,0.3527328767123288,0.3,0.36,0.04509199526010037","0,0,0"
44.333333333333336,199,AV,1,0,0,79,3623.60917519969,0.2,-8.113468355245098,"0.334429292929293,0.37106196581196577,0.3562658227848101,0.2,0.79,0.17903889216374055","0,0,0"
33.06666666666667,106,AV,2,0,0,32,1822.2981036688468,0.3,-4.564948784948222,"0.32968055555555553,0.3488047619047619,0.3634768518518518,0.3,0.32,0.09003792017801585","0,0,0"
37.03333333333333,19,AV,2,0,0,54,761.8437659652793,0.1,-0.7124650033564186,"0.2907682926829268,0.3481153846153846,0.3320645161290322,0.1,0.54,0.03764193577878302","0,0,0"
42.71666666666667,52,AV,2,0,0,84,1111.987968807459,0.6,-7.197033242559389,"0.36032843137254905,0.3576354166666667,0.36653070175438596,0.6,0.84,0.05494220938540485","0,0,0"
42.93333333333333,132,AV,1,0,0,82,2187.718469250836,0.1,-2.3718698555514113,"0.353594696969697,0.36281712962962964,0.3615878378378379,0.1,0.82,0.10809297365222585","0,0,0"
32.53333333333333,198,AV,2,0,0,24,3580.4564780460023,0.3,-8.82455940043661,"0.25582407407407415,0.32642723004694835,0.3340045662100457,0.3,0.24,0.17690676071171996","0,0,0"
33.78333333333333,245,AV,1,0,0,36,5386.149373461946,0.3,-13.785006035362834,"0.2715945945945945,0.31347647058823536,0.32270343137254903,0.3,0.36,0.2661242342173697","0,0,0"
43.43333333333333,166,AV,1,0,0,79,2891.134206742707,0.1,-3.1709998917388442,"0.2510392156862745,0.3528770833333334,0.35566008771929825,0.1,0.79,0.14284803919103217","0,0,0"
43.31666666666667,240,AV,1,0,0,75,4756.448820673547,0.1,-5.20286636571151,"0.2890579710144927,0.3372042253521127,0.32915981735159816,0.1,0.75,0.23501136196344702","0,0,0"
47.7,254,AV,0,0,0,74,5807.233742044462,0.1,-7.4950770074626485,"0.2796929824561403,0.34711711711711707,0.33547222222222217,0.1,0.74,0.28692959020732056","0,0,0"
37.983333333333334,94,AV,2,0,0,55,1626.914224999384,0.3,-4.681486766128278,"0.32876190476190476,0.3523020833333333,0.3521288888888888,0.3,0.55,0.0803841988487261","0,0,0"
21.966666666666665,263,AV,1,0,0,6,6007.794801579103,0.4,-13.330426849295046,"0.2789509803921569,0.3403675799086758,0.33981735159817356,0.4,0.06,0.29683911084658465","0,0,0"
36.21666666666667,190,AV,1,0,0,52,3362.377553451843,0.1,-3.0751037136577675,"0.2702373737373738,0.3369812206572769,0.3298294573643411,0.1,0.52,0.1661316999433504","0,0,0"
35.86666666666667,273,AV,0,0,0,43,7362.36439851089,0.3,-20.504808315145755,"0.2521710526315789,0.3335682730923695,0.32199999999999995,0.3,0.43,0.36376703498729634","0,0,0"
15.016666666666667,83,AV,0,0,0,15,1467.6871321740252,0.1,-1.0565598089599315,"0.294439393939394,0.3471953405017921,0.3418072916666667,0.1,0.15,0.07251694801576773","0,0,0"
34.083333333333336,95,AV,0,0,0,40,1649.648602545546,0.5,-7.59918222265497,"0.30387037037037035,0.3381686746987952,0.3440164319248826,0.5,0.4,0.08150748162374356","0,0,0"
23.3,259,AV,2,0,0,7,5882.279762541917,0.1,-3.4610383451319864,"0.29066176470588234,0.34007407407407414,0.3438720238095238,0.1,0.07,0.29063753875296394","0,0,0"
20.1,275,AV,2,0,0,6,7864.29237148983,0.8,-31.933793266049612,"0.3301309523809524,0.34792028985507245,0.3429978902953586,0.8,0.06,0.38856679232403757","0,0,0"
25.816666666666666,276,AV,2,0,0,19,7897.119961473183,0.9,-46.335753107280155,"0.2996944444444445,0.3264907407407407,0.33380714285714286,0.9,0.19,0.390188770594556","0,0,0"
45.18333333333333,207,AV,1,0,0,67,3898.759045987068,0.2,-8.896915634403149,"0.3282905982905983,0.35407077625570776,0.34982051282051296,0.2,0.67,0.19263377109878843","0,0,0"
18.4,79,AV,0,0,0,21,1447.5744631551047,0.6,-4.53566213970514,"0.3214324324324324,0.3385821256038647,0.36184523809523805,0.6,0.21,0.07152320122755207","0,0,0"
42.71666666666667,124,AV,1,0,0,81,2105.6010448069283,0.4,-9.085278582222486,"0.28821904761904765,0.34395270270270273,0.3526831275720164,0.4,0.81,0.104035634135481","0,0,0"
42.5,81,AV,1,0,0,79,1457.5875839824732,0.1,-1.5643301090720987,"0.27187254901960783,0.32230452674897114,0.34165777777777784,0.1,0.79,0.0720179394770033","0,0,0"
44.016666666666666,78,AV,1,0,0,81,1446.9812594843625,0.2,-3.2167319076584184,"0.2574848484848485,0.34921004566210045,0.34541324200913237,0.2,0.81,0.07149389162960644","0,0,0"
28.216666666666665,116,AV,2,0,0,26,1997.7276787447236,0.3,-4.2703951516601215,"0.32136274509803925,0.32900219298245614,0.33158552631578947,0.3,0.26,0.09870571939579707","0,0,0"
28.883333333333333,57,AV,0,0,0,37,1150.2916000513435,0.3,-3.0169890693042656,"0.339437984496124,0.37864666666666674,0.3679398148148148,0.3,0.37,0.05683475335805212","0,0,0"
23.666666666666668,225,AV,1,0,0,7,4459.768546990965,0.2,-5.3306997783898735,"0.3473247863247863,0.3681008771929824,0.37399777777777776,0.2,0.07,0.22035268743240086","0,0,0"
33.35,196,AV,2,0,0,35,3520.054626539052,0.1,-2.9644904493706417,"0.3528476190476191,0.34622362869198314,0.35641885964912284,0.1,0.35,0.17392236585687273","0,0,0"
24.283333333333335,243,AV,2,0,0,0,5003.647877951615,0.1,-3.068314376336491,"0.24861111111111114,0.3204289215686274,0.32128749999999995,0.1,0.0,0.2472252192585145","0,0,0"
27.1,16,AV,2,0,0,25,742.6585956180782,0.1,-0.5082335338699475,"0.2741081081081081,0.3326769547325103,0.3282199074074075,0.1,0.25,0.03669401576896401","0,0,0"
23.5,61,AV,1,0,0,8,1240.6560786390864,0.1,-0.7362479254550134,"0.2747849462365592,0.34820562770562774,0.3211798941798941,0.1,0.08,0.06129957154209703","0,0,0"
41.18333333333333,18,AV,2,0,0,86,753.7709081553346,0.2,-1.567818109471239,"0.321297619047619,0.35594835680751175,0.3382344322344323,0.2,0.86,0.03724306397749163","0,0,0"
35.3,100,AV,2,0,0,42,1723.69240549938,0.6,-9.219142714261833,"0.28403947368421056,0.32350813008130075,0.31621190476190475,0.6,0.42,0.08516591160652838","0,0,0"
23.8,229,AV,1,0,0,9,4569.840806868062,1.0,-27.46520484935855,"0.39654583333333343,0.39471929824561414,0.36011718749999994,1.0,0.09,0.22579124730834796","0,0,0"
34.666666666666664,89,AV,1,0,0,50,1528.3774584247917,0.2,-2.6759470652555275,"0.3165727272727273,0.36573055555555556,0.3613355555555557,0.2,0.5,0.07551559611815158","0,0,0"
43.63333333333333,12,AV,1,0,0,73,658.4091024775607,0.3,-2.176407866523048,"0.30008333333333337,0.3580548780487805,0.3551354166666666,0.3,0.73,0.032531332877974904","0,0,0"
32.9,180,AV,1,0,0,41,3101.095365071405,0.2,-5.152830177315618,"0.3281268115942029,0.35899780701754386,0.35356617647058824,0.2,0.41,0.15322200927639995","0,0,0"
47.016666666666666,126,AV,2,0,0,100,2131.3254046090938,0.5,-12.652502033674775,"0.29654385964912283,0.3383786008230452,0.3401455399061033,0.5,1.0,0.10530664893258515","0,0,0"
25.15,171,AV,1,0,0,18,2965.4163440895786,0.2,-3.766677831002672,"0.3312246376811595,0.35469212962962965,0.35565972222222214,0.2,0.18,0.14651824503694982","0,0,0"
44.25,170,AV,2,0,0,89,2953.464044858564,0.3,-9.900816968559958,"0.2528405797101449,0.34265686274509805,0.3383815789473683,0.3,0.89,0.1459276939290168","0,0,0"
18.95,28,AV,1,0,0,2,844.3352662229099,0.2,-0.8080885502486941,"0.2597095238095238,0.3220098039215686,0.32484496124031004,0.2,0.02,0.04171775800600685","0,0,0"
31.6,24,AV,1,0,0,35,806.3598325453933,1.0,-6.434588562735967,"0.2416274509803921,0.31097727272727277,0.31925287356321835,1.0,0.35,0.039841429945686846","0,0,0"
46.8,216,AV,2,0,0,93,4164.701887555128,0.2,-9.843840825130302,"0.29131300813008126,0.3230717592592592,0.34232338308457727,0.2,0.93,0.20577373996162773","0,0,0"
27.216666666666665,91,AV,0,0,0,34,1546.5147326922538,0.5,-5.814517168532092,"0.2856842105263158,0.332219806763285,0.32689726027397265,0.5,0.34,0.07641174063449208","0,0,0"
34.13333333333333,65,AV,0,0,0,41,1291.2118623687816,0.2,-2.725927520312512,"0.3077592592592593,0.3381469298245613,0.3575064102564103,0.2,0.41,0.0637974820710203","0,0,0"
40.4,14,AV,1,0,0,69,699.2977112166509,0.3,-2.140274813117628,"0.2937054263565892,0.33909920634920643,0.3256190476190476,0.3,0.69,0.034551597993999705","0,0,0"
29.866666666666667,194,AV,1,0,0,34,3465.4556083993225,0.4,-10.454707828706375,"0.3072522522522522,0.3492258771929824,0.35729166666666673,0.4,0.34,0.17122468317412964","0,0,0"
23.083333333333332,85,AV,1,0,0,14,1474.807688008607,0.1,-0.8596837743652865,"0.27843253968253967,0.33678703703703694,0.34988377192982456,0.1,0.14,0.07286876753232566","0,0,0"
28.416666666666668,66,AV,2,0,0,11,1291.7462447339112,0.1,-0.9269475367303531,"0.34523809523809523,0.3758634259259259,0.3706574074074074,0.1,0.11,0.06382388536729725","0,0,0"
40.6,261,AV,2,0,0,77,5984.209260784091,0.4,-24.54130262503375,"0.3550481481481482,0.3702435897435897,0.34618137254901954,0.4,0.77,0.2956737729497932","0,0,0"
46.28333333333333,140,AV,1,0,0,98,2337.3116255789537,0.1,-2.731782148246109,"0.31425396825396823,0.35570000000000007,0.35861415525114154,0.1,0.98,0.11548422135287985","0,0,0"
25.716666666666665,267,AV,1,0,0,6,6248.181898567973,0.6,-24.34581987245046,"0.3244325396825397,0.3738796296296297,0.3577283105022831,0.6,0.06,0.3087163960212402","0,0,0"
47.7,218,AV,0,0,0,77,4227.85786318916,0.1,-5.592646971568761,"0.2754027777777778,0.3379758771929825,0.3304214285714286,0.1,0.77,0.2088942133251532","0,0,0"
27.783333333333335,3,AV,1,0,0,30,586.3474640105957,0.3,-1.2341429577091703,"0.31598717948717947,0.3450765765765766,0.3527467532467533,0.3,0.3,0.02897083965289678","0,0,0"
37.833333333333336,6,AV,2,0,0,58,601.3137559373858,0.4,-2.2979498753836127,"0.3142840909090909,0.33716458333333327,0.32699242424242425,0.4,0.58,0.029710309114645228","0,0,0"
24.666666666666668,20,AV,2,0,0,16,767.6170681366935,0.2,-0.9562906236046351,"0.30025,0.3482489711934157,0.3517674897119341,0.2,0.16,0.03792718884414417","0,0,0"
45.36666666666667,295,AV,2,0,0,45,13430.196447392702,0.2,-30.771881085692712,"0.3133861788617886,0.352283105022831,0.336454761904762,0.2,0.45,0.6635725259609666","0,0,0"
29.05,22,AV,1,0,0,24,779.0639592631991,0.1,-0.5715103034493924,"0.3583687943262411,0.34907042253521126,0.34955384615384616,0.1,0.24,0.0384927682449347","0,0,0"
25.866666666666667,121,AV,1,0,0,14,2078.9202215407213,0.7,-9.505635221724914,"0.2838130081300813,0.33285208333333327,0.3335748792270532,0.7,0.14,0.10271736143866485","0,0,0"
34.583333333333336,255,AV,1,0,0,52,5825.425317043349,0.2,-10.174880078169151,"0.29640540540540544,0.3772383966244726,0.3569178743961352,0.2,0.52,0.28782841766829664","0,0,0"
34.46666666666667,158,AV,2,0,0,50,2780.081336731352,0.3,-7.2591012681318645,"0.3156296296296297,0.35159375,0.35798205128205124,0.3,0.5,0.1373610283526348","0,0,0"
48.833333333333336,139,AV,1,0,0,100,2326.172138461347,0.2,-5.73710805192908,"0.32158796296296294,0.359421052631579,0.3504188034188034,0.2,1.0,0.11493383047561351","0,0,0"
39.78333333333333,9,AV,1,0,0,64,646.5589615252754,0.2,-1.2991045801017107,"0.4179558823529412,0.4022145833333333,0.38699561403508764,0.2,0.64,0.03194582930805295","0,0,0"
25.433333333333334,33,AV,0,0,0,33,877.6907461205365,0.1,-1.063702053274385,"0.31035294117647066,0.3520114155251142,0.3531481481481482,0.1,0.33,0.043365818787322166","0,0,0"
25.333333333333332,153,AV,0,0,0,33,2667.9339807116767,0.1,-2.206759112239793,"0.2704254385964912,0.3419634703196347,0.3534008438818565,0.1,0.33,0.13181994005915215","0,0,0"
18.466666666666665,272,AV,0,0,0,22,7336.658338656486,0.4,-14.185214544160583,"0.2343416666666667,0.297375,0.2926155555555556,0.4,0.22,0.3624969243722426","0,0,0"
24.35,185,AV,1,0,0,17,3245.380745418587,0.9,-17.960232079759685,"0.3599861111111111,0.3589166666666668,0.3571305555555555,0.9,0.17,0.16035100509349434","0,0,0"
33.6,17,AV,1,0,0,42,743.7553910389753,0.6,-3.7863910816529653,"0.3374047619047618,0.3464078947368421,0.35366898148148146,0.6,0.42,0.036748207329806624","0,0,0"
61.25,50,AV,0,0,0,99,1074.3823512953045,0.4,-7.147062526953273,"0.30823015873015874,0.31507692307692303,0.31806666666666666,0.4,0.99,0.05308415357061393","0,0,0"
54.5,236,AV,0,0,0,84,4704.305573257116,0.2,-13.448719885985495,"0.27578378378378376,0.34144888888888886,0.3224081196581198,0.2,0.84,0.2324350164471723","0,0,0"
48.583333333333336,246,AV,2,0,0,94,5394.467136051333,0.5,-33.091059978092666,"0.305787037037037,0.3305876068376068,0.32944298245614034,0.5,0.94,0.2665352065179911","0,0,0"
28.333333333333332,182,AV,1,0,0,25,3151.1733449572957,1.0,-22.546273932775264,"0.281670542635659,0.32992307692307693,0.33531400966183583,1.0,0.25,0.1556963119969945","0,0,0"
37.93333333333333,224,AV,1,0,0,45,4376.119511966378,0.1,-4.191939397826379,"0.30104166666666665,0.33134337349397586,0.32814666666666675,0.1,0.45,0.2162196725742125","0,0,0"
27.5,176,AV,1,0,0,27,3017.17067826153,0.1,-2.0952574154593964,"0.292,0.3376225490196078,0.3462301587301587,0.1,0.27,0.14907537474018487","0,0,0"
33.016666666666666,11,AV,1,0,0,31,650.412147456106,0.3,-1.6268515960991745,"0.25669918699186994,0.33249324324324325,0.32745641025641026,0.3,0.31,0.03213621135727569","0,0,0"
34.833333333333336,8,AV,1,0,0,60,617.4453946714843,0.1,-0.5431232638313983,"0.3067061403508773,0.3620595238095238,0.3381833333333333,0.1,0.6,0.03050735719243069","0,0,0"
29.516666666666666,213,AV,1,0,0,20,4116.183110063293,0.1,-3.068080929260139,"0.240018018018018,0.3166206140350878,0.320991341991342,0.1,0.2,0.2033764758662804","0,0,0"
43.78333333333333,161,AV,1,0,0,78,2835.850686157305,0.4,-12.541716755109833,"0.3676306306306307,0.37246444444444443,0.36976470588235294,0.4,0.78,0.14011653592951495","0,0,0"
30.566666666666666,98,AV,2,0,0,33,1717.0377309640771,1.0,-13.25356565062339,"0.29381851851851853,0.33185539215686277,0.34878109452736317,1.0,0.33,0.0848371108173414","0,0,0"
24.966666666666665,177,AV,2,0,0,21,3022.892107624705,0.1,-1.9058469601101888,"0.24091203703703706,0.32562820512820506,0.3282828947368421,0.1,0.21,0.14935806482215805","0,0,0"
32.2,164,AV,1,0,0,38,2857.712092786687,0.4,-9.29478074623549,"0.2876000000000001,0.3606256038647343,0.3394047619047619,0.4,0.38,0.1411966860877753","0,0,0"
41.86666666666667,141,AV,1,0,0,74,2361.523720441912,0.2,-4.993390223695356,"0.3697210144927537,0.3595619047619048,0.36866216216216224,0.2,0.74,0.1166805166572675","0,0,0"
24.0,248,AV,2,0,0,14,5434.023139443809,0.1,-3.2933473572386727,"0.24257352941176472,0.3009300411522634,0.2933222222222222,0.1,0.14,0.26848962894143685","0,0,0"
42.15,256,AV,2,0,0,70,5844.130995646287,0.2,-12.440915225580355,"0.3503034188034188,0.3746325301204819,0.35659803921568634,0.2,0.7,0.28875264647231946","0,0,0"
33.4,277,AV,1,0,0,34,8011.326014866212,0.4,-27.02810998954863,"0.28322012578616357,0.334251282051282,0.30920689655172423,0.4,0.34,0.395831577058847","0,0,0"
9.916666666666666,40,AV,0,0,0,6,950.4213588862824,0.2,-0.9760106974220017,"0.3321805555555556,0.3536666666666667,0.34790952380952384,0.2,0.06,0.04695936536102284","0,0,0"
42.56666666666667,15,AV,1,0,0,73,727.2326469992182,0.2,-1.5634277613097673,"0.313575,0.34130268199233726,0.35574074074074075,0.2,0.73,0.03593183513143892","0,0,0"
26.8,250,AV,2,0,0,18,5611.673516276995,0.4,-15.191196993557927,"0.32226851851851857,0.3624013157894737,0.33643999999999996,0.4,0.18,0.27726715574492605","0,0,0"
