travel_time,id,kind,action,origin,destination,start_time,income,urgency,reward,observation,cost_table
30.716666666666665,102,AV,1,0,0,57,1783.933402668827,0.1,-1.383749689023,"0.22558888888888887,0.3092159863945579,0.3393641975308643,0.1,0.57,0.08814235881001646","0,0,0"
27.25,156,AV,1,0,0,43,2753.3979495063454,0.1,-1.8946993465668664,"0.25579545454545455,0.31391065292096215,0.3469206349206349,0.1,0.43,0.13604262897318792","0,0,0"
8.25,212,AV,0,0,0,11,4113.319853961603,0.1,-1.3569416362420008,"0.24486231884057974,0.29967049808429125,0.33593888888888884,0.1,0.11,0.20323500525627752","0,0,0"
35.93333333333333,251,AV,1,0,0,66,5654.280440205098,0.2,-10.261471910001845,"0.1761041666666667,0.29424999999999996,0.37204166666666666,0.2,0.66,0.2793723210896882","0,0,0"
28.266666666666666,49,AV,0,0,0,75,1068.5648373754009,0.3,-2.7882398537735855,"0.19425396825396823,0.26343333333333335,0.2826319444444444,0.3,0.75,0.052796716047137274","0,0,0"
22.233333333333334,27,AV,1,0,0,25,832.3173438658397,0.2,-0.9346055022870625,"0.23286538461538459,0.2917590579710145,0.3010984848484849,0.2,0.25,0.04112396452528438","0,0,0"
20.283333333333335,99,AV,1,0,0,21,1718.6657268339234,0.4,-3.521239376358392,"0.21928703703703703,0.29695054945054944,0.32297311827957,0.4,0.21,0.0849175484591763","0,0,0"
26.816666666666666,7,AV,1,0,0,38,610.4868582393152,0.2,-0.8268294233224396,"0.2515476190476191,0.31183725490196074,0.35704838709677417,0.2,0.38,0.03016354289191967","0,0,0"
33.0,110,AV,1,0,0,60,1880.1756700095973,0.1,-1.566813058341331,"0.17513725490196078,0.30683006535947716,0.3053666666666667,0.1,0.6,0.09289759263654204","0,0,0"
20.3,286,AV,1,0,0,11,8987.033628468456,0.2,-9.21397892211665,"0.19832539682539682,0.29241208791208795,0.30488,0.2,0.11,0.4440403108844108","0,0,0"
24.116666666666667,76,AV,1,0,0,24,1411.5824788559885,0.1,-0.8596632352292153,"0.19474444444444444,0.3177881944444444,0.3196136363636364,0.1,0.24,0.06974487341013964","0,0,0"
40.31666666666667,165,AV,1,0,0,83,2872.269398564857,0.1,-2.924250705020366,"0.2879583333333333,0.36109722222222224,0.3968499999999999,0.1,0.83,0.1419159479544386","0,0,0"
26.733333333333334,152,AV,1,0,0,38,2645.062412614309,0.2,-3.571279553731778,"0.2715833333333334,0.33023007246376807,0.37175362318840577,0.2,0.38,0.13068987883670405","0,0,0"
16.433333333333334,238,AV,1,0,0,2,4735.166802079286,0.5,-9.82507253125037,"0.21238095238095236,0.29742176870748305,0.291468253968254,0.5,0.02,0.2339598387864436","0,0,0"
25.15,200,AV,2,0,0,13,3628.2404526711953,0.1,-2.3042991763808227,"0.18678571428571428,0.30278888888888894,0.3784285714285715,0.1,0.13,0.1792677189349818","0,0,0"
32.083333333333336,296,AV,0,0,0,59,13748.957190518822,0.2,-22.778402855007354,"0.27454901960784317,0.31544230769230774,0.360298245614035,0.2,0.59,0.6793221743240372","0,0,0"
39.18333333333333,159,AV,2,0,0,81,2815.231094880572,0.1,-2.785609555582586,"0.22838636363636364,0.3053003663003663,0.3338148148148148,0.1,0.81,0.1390977426213619","0,0,0"
39.43333333333333,191,AV,1,0,0,79,3386.12741774329,0.5,-16.85938019861242,"0.2461287878787879,0.31317525773195876,0.3509603174603175,0.5,0.79,0.16730515689916173","0,0,0"
25.516666666666666,144,AV,2,0,0,15,2421.832203454489,0.2,-3.1210649019266183,"0.19900757575757574,0.26145166666666664,0.2979537037037037,0.2,0.15,0.119660298268526","0,0,0"
23.216666666666665,113,AV,1,0,0,23,1900.764377468582,0.1,-1.1143791152414708,"0.23188095238095235,0.2954351851851852,0.3655416666666666,0.1,0.23,0.09391486000625965","0,0,0"
20.1,35,AV,1,0,0,13,913.5589076746268,0.1,-0.4637003546530303,"0.19606060606060602,0.2931601941747573,0.3534615384615385,0.1,0.13,0.04513802864718944","0,0,0"
42.483333333333334,209,AV,1,0,0,70,3941.04555698938,0.1,-4.227998789884651,"0.16523913043478264,0.30083703703703696,0.31815789473684214,0.1,0.7,0.19472310516250035","0,0,0"
44.38333333333333,257,AV,1,0,0,91,5849.7981009167725,0.1,-6.556402501153773,"0.2061759259259259,0.28593040293040295,0.33579569892473116,0.1,0.91,0.28903265245540044","0,0,0"
16.416666666666668,239,AV,1,0,0,0,4754.245589533712,0.3,-5.912792810215538,"0.25516666666666665,0.2753843137254902,0.30672222222222223,0.3,0.0,0.234902502524312","0,0,0"
37.55,77,AV,2,0,0,67,1434.4967426379471,0.2,-2.720472357881561,"0.24683333333333335,0.33057843137254905,0.3566319444444444,0.2,0.67,0.07087704418350775","0,0,0"
46.266666666666666,45,AV,1,0,0,98,985.8695826897422,0.1,-1.1518408929068704,"0.22829629629629625,0.30119931271477657,0.31936666666666663,0.1,0.98,0.04871082651814225","0,0,0"
18.083333333333332,118,AV,1,0,0,10,2043.1688306873104,0.4,-3.7320508102621743,"0.2508333333333333,0.32816493055555557,0.324875,0.4,0.1,0.10095092110191003","0,0,0"
16.533333333333335,232,AV,1,0,0,4,4669.869929992837,0.1,-1.949710004441454,"0.2608020833333333,0.3141986531986532,0.3745200000000001,0.1,0.04,0.23073358587812023","0,0,0"
43.85,108,AV,2,0,0,84,1838.9541098615327,0.2,-4.07263321805193,"0.21938541666666667,0.2921017543859649,0.3468771929824562,0.2,0.84,0.09086087672559844","0,0,0"
13.183333333333334,249,AV,0,0,0,23,5502.789496653042,0.2,-4.163894353411243,"0.2725694444444445,0.3433564356435644,0.3905777777777778,0.2,0.23,0.27188730562719554","0,0,0"
38.233333333333334,268,AV,1,0,0,72,6446.254396158338,0.2,-12.447565307059957,"0.2806742424242424,0.3443027210884354,0.3569666666666667,0.2,0.72,0.31850295931272143","0,0,0"
30.45,63,AV,2,0,0,28,1249.5878531833848,0.1,-0.9608573265008605,"0.2396590909090909,0.33768596491228076,0.32266666666666666,0.1,0.28,0.06174088155709868","0,0,0"
43.516666666666666,208,AV,1,0,0,92,3919.41152379869,0.3,-12.921191273533305,"0.24318749999999997,0.30211974110032364,0.3671349206349206,0.3,0.92,0.1936541892976206","0,0,0"
35.416666666666664,0,AV,0,0,0,73,491.0984231068265,0.3,-1.8176567539166741,"0.1453240740740741,0.2894166666666666,0.33180128205128206,0.3,0.73,0.024264680147676444","0,0,0"
27.05,237,AV,0,0,0,47,4705.31956239884,0.1,-3.7141134889618344,"0.1746159420289855,0.2737355072463768,0.31009333333333333,0.1,0.47,0.23248511663287746","0,0,0"
43.85,221,AV,1,0,0,81,4266.216809230351,0.3,-14.172242960965974,"0.22814102564102565,0.31885912698412705,0.33355555555555555,0.3,0.81,0.2107894903464134","0,0,0"
17.416666666666668,82,AV,1,0,0,3,1460.8215047913693,0.7,-4.497436577251206,"0.2010833333333333,0.2640416666666667,0.27613333333333334,0.7,0.03,0.07217772425813608","0,0,0"
30.466666666666665,175,AV,0,0,0,56,2996.640782499388,0.2,-5.110992719199395,"0.2223174603174603,0.2932964912280701,0.3213333333333333,0.2,0.56,0.14806101319737625","0,0,0"
27.4,101,AV,1,0,0,31,1751.9448432672848,0.5,-6.061021301202474,"0.27895402298850575,0.3484176029962546,0.37074999999999997,0.5,0.31,0.08656183619837181","0,0,0"
36.31666666666667,67,AV,1,0,0,65,1293.252850487379,0.1,-1.186026077951178,"0.26310526315789473,0.3375343642611684,0.3862083333333334,0.1,0.65,0.06389832524532672","0,0,0"
40.4,192,AV,0,0,0,91,3387.2787239910285,0.1,-3.9557085972029684,"0.23240972222222225,0.3083315018315018,0.35568666666666665,0.1,0.91,0.16736204178524355","0,0,0"
45.333333333333336,88,AV,2,0,0,89,1526.0895405694364,0.1,-1.7470385312916108,"0.29175490196078435,0.332573883161512,0.3405789473684211,0.1,0.89,0.07540255239340664","0,0,0"
35.483333333333334,298,AV,0,0,0,75,19040.472291926453,0.2,-34.62219318982443,"0.2518518518518519,0.3168216666666666,0.3661742424242424,0.2,0.75,0.9407706241479663","0,0,0"
26.95,169,AV,1,0,0,38,2949.689674384749,0.1,-2.0074276950673986,"0.2011083333333334,0.2921267361111111,0.3111052631578948,0.1,0.38,0.14574120607241453","0,0,0"
16.416666666666668,274,AV,1,0,0,0,7592.14370769901,1.0,-31.47416478149632,"0.2406025641025641,0.2892974910394266,0.30729166666666663,1.0,0.0,0.37512020001424035","0,0,0"
19.333333333333332,37,AV,1,0,0,15,932.0432837729122,0.1,-0.4550379668251592,"0.20965999999999999,0.283358843537415,0.3300686274509805,0.1,0.15,0.04605132311658888","0,0,0"
27.016666666666666,228,AV,0,0,0,45,4549.115907877681,0.1,-3.603584548261667,"0.21116666666666667,0.3024113475177305,0.34071999999999997,0.1,0.45,0.22476725085176577","0,0,0"
8.116666666666667,36,AV,0,0,0,11,921.9548251796884,0.3,-1.0669090907354901,"0.2378333333333334,0.286937728937729,0.3146543209876543,0.3,0.11,0.04555286250374671","0,0,0"
22.8,270,AV,2,0,0,6,7130.271245067938,0.5,-20.526538432771336,"0.22925,0.3047340067340067,0.32714666666666664,0.5,0.06,0.3522995452382328","0,0,0"
45.1,39,AV,2,0,0,93,948.3478854920526,0.5,-5.400314347940855,"0.25159523809523815,0.2888530465949821,0.33532051282051284,0.5,0.93,0.04685691712185437","0,0,0"
31.766666666666666,59,AV,1,0,0,58,1205.4292211271013,0.1,-0.9669815216617237,"0.316,0.3231911764705883,0.35944444444444446,0.1,0.58,0.059559047871243866","0,0,0"
37.15,123,AV,2,0,0,62,2105.159940183184,0.3,-5.924749377106461,"0.35620000000000007,0.3496818181818182,0.3474102564102564,0.3,0.62,0.10401383959877876","0,0,0"
23.683333333333334,285,AV,0,0,0,40,8975.220492497892,1.0,-54.17756026868479,"0.279015873015873,0.3282586805555555,0.3594772727272727,1.0,0.4,0.44345663569349214","0,0,0"
46.5,280,AV,1,0,0,83,8333.728817076937,0.2,-19.571635858286747,"0.24091666666666664,0.31887843137254906,0.34304320987654313,0.2,0.83,0.4117611759055859","0,0,0"
11.516666666666667,151,AV,0,0,0,17,2629.980017260476,0.2,-2.0297274342819773,"0.18977333333333335,0.25956540084388185,0.3172083333333333,0.2,0.17,0.1299446728211638","0,0,0"
39.766666666666666,104,AV,1,0,0,70,1804.2001824470888,0.1,-1.811793617558398,"0.3134888888888889,0.3139031746031746,0.3507807017543859,0.1,0.7,0.08914372005616313","0,0,0"
24.916666666666668,147,AV,0,0,0,61,2476.7926805910606,0.2,-3.616839273976125,"0.21848484848484848,0.34367333333333333,0.3573518518518519,0.2,0.61,0.12237584027749006","0,0,0"
29.466666666666665,260,AV,1,0,0,45,5899.132481879994,0.4,-17.55836065313776,"0.22036805555555555,0.33764000000000005,0.3328541666666667,0.4,0.45,0.29147021469961026","0,0,0"
21.2,288,AV,1,0,0,19,9095.945853089892,0.1,-4.8695467698360035,"0.2927619047619048,0.312937037037037,0.3615625,0.1,0.19,0.44942155458275634","0,0,0"
32.766666666666666,80,AV,1,0,0,58,1454.957177165027,0.2,-2.407782668608117,"0.19280555555555556,0.3142393617021277,0.336077380952381,0.2,0.58,0.07188797371641335","0,0,0"
4.65,96,AV,0,0,0,1,1653.1781197118603,0.7,-1.8588623180964914,"0.2715877192982456,0.3326684210526316,0.36551923076923065,0.7,0.01,0.08168187152419273","0,0,0"
28.666666666666668,217,AV,1,0,0,43,4223.122456076251,0.5,-15.285712593541987,"0.16692105263157894,0.29813605442176866,0.3255166666666666,0.5,0.43,0.20866024161284988","0,0,0"
15.066666666666666,120,AV,0,0,0,22,2046.5713793034688,0.4,-3.6146473516672324,"0.25499122807017544,0.3407233009708737,0.3339629629629629,0.4,0.22,0.10111903761374018","0,0,0"
30.9,71,AV,1,0,0,52,1342.087988935639,0.2,-2.0944706493995575,"0.23524999999999996,0.3260395833333334,0.34937333333333326,0.2,0.52,0.06631122041798494","0,0,0"
40.46666666666667,215,AV,1,0,0,76,4159.866430607663,0.2,-8.50181455683115,"0.1984,0.3178400673400674,0.35014102564102556,0.2,0.76,0.20553482488742356","0,0,0"
47.03333333333333,167,AV,1,0,0,82,2898.378436294527,0.3,-10.327302963665598,"0.29000694444444447,0.31696078431372554,0.3309285714285714,0.3,0.82,0.14320596930182183","0,0,0"
35.9,227,AV,2,0,0,46,4547.885280126284,0.2,-8.24591320992594,"0.22657142857142853,0.33201041666666664,0.3320611111111111,0.2,0.46,0.2247064467698068","0,0,0"
23.633333333333333,68,AV,1,0,0,28,1294.2551843223837,0.1,-0.772413237108224,"0.20534374999999996,0.3157809523809524,0.2988684210526315,0.1,0.28,0.06394784955402583","0,0,0"
46.95,279,AV,1,0,0,100,8029.700924090037,0.1,-9.520062080455235,"0.24434057971014492,0.32266111111111107,0.3496666666666667,0.1,1.0,0.39673946287985623","0,0,0"
47.38333333333333,204,AV,2,0,0,100,3783.636689084741,0.3,-13.581918064479696,"0.23267592592592592,0.2909322916666666,0.3541923076923077,0.3,1.0,0.18694569099783895","0,0,0"
37.53333333333333,258,AV,1,0,0,70,5862.8833826120845,0.2,-11.113815974446478,"0.24154761904761904,0.30646491228070183,0.367510752688172,0.2,0.7,0.28967918308966784","0,0,0"
47.516666666666666,131,AV,1,0,0,90,2177.5877894542577,0.2,-5.225844097419267,"0.24331249999999996,0.30571839080459773,0.3449012345679012,0.2,0.9,0.1075924269321053","0,0,0"
22.866666666666667,234,AV,2,0,0,5,4687.914961676448,0.2,-5.413989332845191,"0.18825,0.33017753623188395,0.3383141025641026,0.2,0.05,0.23162517278098077","0,0,0"
18.016666666666666,73,AV,1,0,0,8,1373.5659577718477,0.1,-0.6249262627741445,"0.18350000000000002,0.27900147492625366,0.3187142857142857,0.1,0.08,0.06786651526229966","0,0,0"
21.866666666666667,214,AV,0,0,0,37,4135.471393234625,0.2,-5.067119922494806,"0.20724166666666669,0.29643820224719103,0.3359761904761905,0.2,0.37,0.20432949057724065","0,0,0"
35.666666666666664,70,AV,2,0,0,64,1338.7213376931895,0.5,-6.028753498870844,"0.23207407407407404,0.2989103773584905,0.32479166666666665,0.5,0.64,0.06614487755935793","0,0,0"
27.833333333333332,114,AV,2,0,0,17,1927.298426803608,0.4,-5.418498944043814,"0.2473229166666667,0.29209649122807024,0.3150862068965517,0.4,0.17,0.09522588075045987","0,0,0"
39.0,53,AV,1,0,0,68,1122.7546975855585,0.4,-4.422973051094624,"0.17213333333333336,0.306687265917603,0.34779166666666667,0.4,0.68,0.0554741826472708","0,0,0"
37.71666666666667,111,AV,1,0,0,75,1885.557658153182,0.1,-1.7958825675086916,"0.21619791666666666,0.32790721649484533,0.3631358024691358,0.1,0.75,0.09316351126856799","0,0,0"
13.233333333333333,290,AV,1,0,0,0,10838.007207066395,0.2,-7.2435839414231635,"0.2816296296296297,0.30084323432343235,0.32103968253968257,0.2,0.0,0.5354950574957825","0,0,0"
40.983333333333334,220,AV,1,0,0,82,4245.708624069837,0.4,-17.57609007843052,"0.1786578947368421,0.27475173611111114,0.3177266666666667,0.4,0.82,0.20977620150263931","0,0,0"
35.85,130,AV,1,0,0,46,2158.6935677652164,0.1,-1.9542718283935103,"0.20228125,0.3317344322344322,0.3162564102564102,0.1,0.46,0.10665888240344744","0,0,0"
17.433333333333334,129,AV,1,0,0,6,2142.030696222753,0.2,-1.8859967241153195,"0.22922727272727275,0.32847132616487457,0.3667933333333333,0.2,0.06,0.10583558664582342","0,0,0"
31.116666666666667,138,AV,2,0,0,29,2283.7291705859197,0.3,-5.383487830156455,"0.20757894736842109,0.27167777777777774,0.30781720430107523,0.3,0.29,0.1128367660348439","0,0,0"
31.383333333333333,201,AV,1,0,0,50,3667.3634505223554,0.4,-11.625665618406726,"0.22526984126984126,0.3143894389438944,0.34020370370370373,0.4,0.5,0.1812007469892587","0,0,0"
21.666666666666668,143,AV,1,0,0,24,2421.0391237858234,0.1,-1.3246426182329845,"0.16238888888888892,0.2896914191419142,0.3084122807017543,0.1,0.24,0.1196211129981477","0,0,0"
30.066666666666666,60,AV,1,0,0,48,1234.5997004771,0.2,-1.8747625081318926,"0.2644901960784314,0.37079833333333334,0.34313043478260874,0.2,0.48,0.06100033197617807","0,0,0"
16.883333333333333,206,AV,0,0,0,24,3849.958431883558,1.0,-16.914174627517024,"0.30251754385964913,0.3401340579710145,0.37742424242424244,1.0,0.24,0.19022258173935064","0,0,0"
35.766666666666666,30,AV,1,0,0,62,854.5785374972068,0.3,-2.3155625523598555,"0.2752156862745099,0.3377102272727273,0.3552466666666667,0.3,0.62,0.04222386775802824","0,0,0"
23.683333333333334,235,AV,0,0,0,40,4689.4303597647895,0.7,-20.132055466574226,"0.2184298245614035,0.2958720538720539,0.3084122807017544,0.7,0.4,0.2317000470794511","0,0,0"
42.05,103,AV,1,0,0,89,1794.439334206041,0.3,-5.716376818436668,"0.23936274509803923,0.3588794326241135,0.34434722222222225,0.3,0.89,0.08866144634198442","0,0,0"
44.21666666666667,42,AV,1,0,0,91,959.5289757906356,0.4,-4.285573018135617,"0.26546666666666663,0.30103148148148146,0.3077936507936508,0.4,0.91,0.04740936357053375","0,0,0"
31.316666666666666,107,AV,2,0,0,51,1830.3424648913517,0.7,-10.132362980099305,"0.22112878787878784,0.3064927536231884,0.34580769230769226,0.7,0.51,0.09043538399152518","0,0,0"
41.21666666666667,287,AV,2,0,0,86,8987.822610831106,0.1,-9.354749712367562,"0.22436111111111118,0.249492673992674,0.26722549019607844,0.1,0.86,0.4440792937110115","0,0,0"
23.133333333333333,119,AV,1,0,0,25,2044.1603053436156,0.1,-1.1941475184414723,"0.24756790123456787,0.3374865900383142,0.36112179487179497,0.1,0.25,0.10099990886948945","0,0,0"
25.233333333333334,127,AV,1,0,0,29,2133.445027811215,0.2,-2.7188853300557065,"0.17147916666666668,0.26848109965635736,0.2996533333333333,0.2,0.29,0.10541137738743885","0,0,0"
32.75,55,AV,1,0,0,57,1148.2139867956057,0.5,-4.7479808166106166,"0.287775641025641,0.35007706093189966,0.35939682539682544,0.5,0.57,0.05673210057248192","0,0,0"
33.63333333333333,84,AV,0,0,0,66,1474.5167950508735,0.3,-4.257039005571544,"0.1913888888888889,0.30086217948717947,0.3099930555555555,0.3,0.66,0.07285439480326665","0,0,0"
42.28333333333333,26,AV,2,0,0,88,825.4433072334436,0.2,-1.7627522478545847,"0.21040666666666666,0.30309444444444444,0.3411176470588235,0.2,0.88,0.040784325275063815","0,0,0"
43.75,230,AV,0,0,0,99,4577.590037133467,0.1,-5.557312225368413,"0.2733397435897436,0.3569756944444445,0.3688796296296296,0.1,0.99,0.2261741289975035","0,0,0"
26.133333333333333,75,AV,1,0,0,28,1405.7852601227096,0.3,-2.783170818020718,"0.18110144927536231,0.2675271739130435,0.3251733333333333,0.3,0.28,0.0694584386514629","0,0,0"
44.11666666666667,92,AV,1,0,0,90,1567.0706205360798,0.2,-3.4916127378442794,"0.24874509803921568,0.3212831541218638,0.3508222222222222,0.2,0.9,0.07742738641996724","0,0,0"
32.15,203,AV,2,0,0,22,3773.073658575576,0.3,-9.189721069939754,"0.2407371794871795,0.27681226053639846,0.32192361111111106,0.3,0.22,0.1864237822629797","0,0,0"
21.283333333333335,172,AV,1,0,0,21,2968.817229463249,0.2,-3.1912286212328027,"0.16561111111111113,0.30932417582417576,0.3265952380952381,0.2,0.21,0.1466862793696381","0,0,0"
9.816666666666666,278,AV,0,0,0,13,8028.27043643778,0.2,-4.480346201230515,"0.2773271604938272,0.33551004016064256,0.3539,0.2,0.13,0.39666878392080435","0,0,0"
30.283333333333335,269,AV,1,0,0,52,6783.106781750961,0.8,-41.49799670855723,"0.19281060606060602,0.2945868055555555,0.3123939393939394,0.8,0.52,0.33514649757064985","0,0,0"
39.483333333333334,173,AV,1,0,0,77,2987.078671303881,0.1,-2.97827835535307,"0.21616666666666667,0.2985433333333333,0.3087685185185185,0.1,0.77,0.14758855888113623","0,0,0"
24.683333333333334,233,AV,2,0,0,20,4679.48341028673,0.3,-8.750397639690211,"0.28896969696969693,0.35025925925925916,0.3697017543859649,0.3,0.2,0.23120857828995","0,0,0"
34.4,74,AV,1,0,0,64,1386.7650627050614,0.6,-7.2279875995536536,"0.25071014492753624,0.2866886446886447,0.3434912280701755,0.6,0.64,0.0685186697885022","0,0,0"
27.433333333333334,241,AV,1,0,0,44,4950.077303955518,0.2,-6.858440439655541,"0.18976086956521737,0.2677783882783883,0.3015128205128205,0.2,0.44,0.24457835096861175","0,0,0"
25.166666666666668,291,AV,2,0,0,14,11185.875164713363,0.1,-7.108868475891068,"0.24681666666666668,0.31332437275985664,0.3519814814814815,0.1,0.14,0.5526828641120808","0,0,0"
32.81666666666667,133,AV,2,0,0,29,2198.5025098873134,0.3,-5.465721517636516,"0.28523076923076923,0.33705797101449275,0.33112121212121215,0.3,0.29,0.10862580227563756","0,0,0"
33.2,10,AV,1,0,0,60,649.7132696839626,0.1,-0.5447091048865546,"0.23648148148148146,0.24602020202020203,0.31977083333333334,0.1,0.6,0.03210168050804979","0,0,0"
43.583333333333336,226,AV,2,0,0,97,4504.939201911708,0.1,-4.958087547558551,"0.24908888888888886,0.3213333333333333,0.3622753623188406,0.1,0.97,0.2225845241521748","0,0,0"
20.483333333333334,13,AV,1,0,0,15,676.2529471816457,0.2,-0.699591643170238,"0.1925277777777778,0.2793390804597702,0.30978888888888884,0.2,0.15,0.033412979334117666","0,0,0"
42.61666666666667,266,AV,2,0,0,95,6130.868263041086,0.1,-6.597908311698677,"0.2603888888888889,0.3186796296296296,0.36916666666666664,0.1,0.95,0.3029200470429381","0,0,0"
18.633333333333333,136,AV,0,0,0,27,2276.662146114732,0.2,-2.6425153866635274,"0.2273690476190476,0.3220678294573643,0.34682666666666667,0.2,0.27,0.1124875914492194","0,0,0"
43.53333333333333,219,AV,1,0,0,87,4237.057085974603,0.2,-9.31581911495426,"0.20264035087719295,0.29916312056737593,0.3568508771929825,0.2,0.87,0.20934873768929974","0,0,0"
29.866666666666667,244,AV,1,0,0,47,5370.167679594476,0.3,-12.1506824265572,"0.17468421052631578,0.24823015873015872,0.29324509803921567,0.3,0.47,0.26533459476493776","0,0,0"
24.35,205,AV,1,0,0,25,3803.247088152212,0.2,-4.67722558568214,"0.20997777777777782,0.27643333333333325,0.3094555555555556,0.2,0.25,0.18791462113190488","0,0,0"
40.38333333333333,157,AV,1,0,0,55,2758.442965787371,0.4,-11.252032501856567,"0.2724236111111111,0.2967826086956522,0.31873611111111116,0.4,0.55,0.13629189816371895","0,0,0"
41.68333333333333,125,AV,1,0,0,88,2113.1349678504243,0.8,-17.794446311764013,"0.195530303030303,0.34260374149659867,0.3515964912280702,0.8,0.88,0.10440787771091574","0,0,0"
33.61666666666667,117,AV,0,0,0,71,2022.4315636845977,0.4,-7.367414922477835,"0.1994551282051282,0.2861847389558233,0.31690322580645164,0.4,0.71,0.09992631355425287","0,0,0"
9.9,86,AV,0,0,0,13,1490.1599361877834,0.2,-1.2450799680938918,"0.27643333333333336,0.34842955326460484,0.3442391304347826,0.2,0.13,0.0736273067051025","0,0,0"
28.55,210,AV,1,0,0,40,4021.28082322038,0.3,-8.69754299264711,"0.2346376811594203,0.30166283524904214,0.3716031746031746,0.3,0.4,0.19868744913115402","0,0,0"
45.13333333333333,58,AV,1,0,0,81,1200.7903182940884,0.1,-1.3685775176516797,"0.23438888888888887,0.29542307692307695,0.3347066666666667,0.1,0.81,0.05932984433854443","0,0,0"
22.616666666666667,47,AV,1,0,0,21,1017.530975349866,0.8,-4.649123008585079,"0.2095952380952381,0.3150883534136546,0.3383653846153846,0.8,0.21,0.050275184149485695","0,0,0"
23.916666666666668,155,AV,1,0,0,24,2747.619709803412,0.1,-1.6594420385386772,"0.23911904761904768,0.3352578947368421,0.34175694444444443,0.1,0.24,0.13575713194935043","0,0,0"
43.78333333333333,1,AV,1,0,0,88,513.7357984527049,0.2,-1.1360134196424714,"0.23923999999999995,0.30934035087719297,0.3386083333333334,0.2,0.88,0.02538317014134346","0,0,0"
25.066666666666666,195,AV,1,0,0,29,3508.846318545673,0.1,-2.221087905342042,"0.28624000000000005,0.3579604810996564,0.4000648148148147,0.1,0.29,0.17336857460921315","0,0,0"
40.88333333333333,105,AV,1,0,0,81,1805.1606101798543,0.3,-5.59098355652927,"0.17464912280701753,0.260492337164751,0.2992142857142857,0.3,0.81,0.08919117382641367","0,0,0"
18.566666666666666,150,AV,1,0,0,4,2574.4307659940623,0.1,-1.2070353002177547,"0.2424901960784314,0.2981849593495935,0.33931249999999996,0.1,0.04,0.12720004007342384","0,0,0"
40.31666666666667,292,AV,1,0,0,80,11861.36896338871,0.1,-12.076031785537582,"0.26462698412698415,0.33694501718213055,0.33257017543859646,0.1,0.8,0.5860583346804944","0,0,0"
40.75,46,AV,1,0,0,86,1011.0784796502788,0.1,-1.0404406072158805,"0.22910317460317461,0.3215873015873016,0.35497619047619045,0.1,0.86,0.04995637281363524","0,0,0"
18.933333333333334,265,AV,1,0,0,6,6081.635477498837,0.1,-2.907717972406852,"0.27336805555555554,0.3434732510288066,0.3741199999999999,0.1,0.06,0.3004875045265025","0,0,0"
18.383333333333333,137,AV,0,0,0,26,2280.385817754286,0.8,-8.968907599269285,"0.266578431372549,0.31411851851851863,0.3443913043478261,0.8,0.26,0.1126715743273096","0,0,0"
25.083333333333332,178,AV,1,0,0,31,3048.604611013583,0.8,-15.448316294866812,"0.16338541666666664,0.2794558823529412,0.3171287878787879,0.8,0.31,0.15062849380578247","0,0,0"
24.6,163,AV,1,0,0,28,2850.5966631146844,0.1,-1.7708251998136677,"0.20613636363636365,0.3000156862745098,0.3159655172413794,0.1,0.28,0.14084511984976505","0,0,0"
37.983333333333334,282,AV,1,0,0,57,8475.089255911002,0.1,-8.129094450429786,"0.2335263157894737,0.31849663299663294,0.3445530303030303,0.1,0.57,0.41874565329841523","0,0,0"
30.45,51,AV,1,0,0,54,1076.386102050743,0.5,-4.138378384778425,"0.23802222222222225,0.277523102310231,0.3179469696969697,0.5,0.54,0.05318315688418353","0,0,0"
38.766666666666666,183,AV,0,0,0,84,3159.4556453821087,0.3,-9.77890635247321,"0.21429166666666663,0.32473529411764707,0.34827083333333325,0.3,0.84,0.15610553214765938","0,0,0"
41.083333333333336,193,AV,1,0,0,85,3389.778327720714,1.0,-35.16752347572206,"0.2128968253968254,0.3231323529411765,0.3163235294117647,1.0,0.85,0.1674855446965603","0,0,0"
46.38333333333333,128,AV,1,0,0,68,2139.4702648744856,0.4,-10.023814389134163,"0.21459027777777778,0.31339743589743596,0.29107971014492756,0.4,0.68,0.10570907830292801","0,0,0"
25.133333333333333,2,AV,2,0,0,13,567.550811201735,0.4,-1.4408529011653475,"0.23576388888888886,0.3239140893470791,0.3336720430107527,0.4,0.13,0.028042115904674286","0,0,0"
20.733333333333334,135,AV,1,0,0,22,2260.56382504795,0.4,-4.734244778383249,"0.22948333333333334,0.33002906976744184,0.34850980392156855,0.4,0.22,0.11169218956393358","0,0,0"
30.316666666666666,264,AV,2,0,0,29,6020.57275324985,0.2,-9.218368550640974,"0.3105701754385965,0.36123367697594505,0.4016372549019607,0.2,0.29,0.2974704566128196","0,0,0"
18.916666666666668,299,AV,1,0,0,12,20239.22920549412,0.2,-19.33630062982814,"0.23274999999999996,0.3351265060240964,0.3406025641025641,0.2,0.12,1.0","0,0,0"
26.6,134,AV,1,0,0,36,2222.040577514192,0.4,-5.970331248674498,"0.2349351851851852,0.2750676567656765,0.32519841269841265,0.4,0.36,0.1097887945708426","0,0,0"
22.433333333333334,262,AV,2,0,0,7,5985.732437913218,0.3,-10.172722047261606,"0.24044696969696974,0.32132945736434104,0.3209166666666667,0.3,0.07,0.2957490316028605","0,0,0"
35.9,283,AV,1,0,0,70,8639.921150992108,0.3,-23.49796737277399,"0.28363492063492063,0.35699489795918365,0.4056666666666666,0.3,0.7,0.42688983178503276","0,0,0"
43.56666666666667,43,AV,1,0,0,83,969.457736312404,0.4,-4.266266873267044,"0.27620666666666666,0.3456498316498316,0.34384375,0.4,0.83,0.04789993366196159","0,0,0"
17.166666666666668,29,AV,1,0,0,4,850.3216016091212,0.1,-0.36861584581540185,"0.18793055555555557,0.2695,0.33047530864197533,0.1,0.04,0.04201353682867991","0,0,0"
37.666666666666664,31,AV,2,0,0,64,859.2772315809713,0.6,-4.903955917608573,"0.21865151515151512,0.32749816849816854,0.35950000000000004,0.6,0.64,0.042456025516412095","0,0,0"
21.583333333333332,93,AV,1,0,0,21,1614.9493849180149,0.1,-0.8802017901804835,"0.19388596491228072,0.2641436170212766,0.3071975308641975,0.1,0.21,0.0797930281099649","0,0,0"
34.68333333333333,21,AV,2,0,0,60,777.0630287344238,0.1,-0.6805842436011514,"0.24919607843137254,0.307180701754386,0.3218035714285714,0.1,0.6,0.03839390427593374","0,0,0"
28.6,281,AV,0,0,0,52,8348.421721831439,0.1,-6.529415687989373,"0.28315625000000005,0.3296128472222222,0.36842857142857144,0.1,0.52,0.41248713758156286","0,0,0"
46.53333333333333,284,AV,1,0,0,91,8689.506535985933,0.3,-30.63270485918273,"0.27421794871794875,0.3125325670498085,0.3181578947368421,0.3,0.91,0.42933979588645044","0,0,0"
46.93333333333333,242,AV,1,0,0,83,4967.653125719208,0.8,-47.10071111793027,"0.2503508771929825,0.31666666666666665,0.3448833333333333,0.8,0.83,0.24544675468029653","0,0,0"
34.8,289,AV,2,0,0,39,10783.100237376317,0.7,-66.33240449052703,"0.25310897435897434,0.3117777777777778,0.34454761904761905,0.7,0.39,0.5327821592360418","0,0,0"
20.316666666666666,179,AV,0,0,0,33,3065.2253709468137,0.2,-3.64521020806748,"0.1855294117647059,0.304970695970696,0.29702298850574715,0.2,0.33,0.15144970887106365","0,0,0"
35.05,211,AV,2,0,0,45,4034.238052294327,0.1,-3.5707081750736402,"0.21958333333333332,0.3212304526748971,0.3258555555555555,0.1,0.45,0.1993276528139321","0,0,0"
46.81666666666667,90,AV,1,0,0,100,1538.317647081207,0.5,-9.093296024097455,"0.20868333333333328,0.2512550200803213,0.31946376811594207,0.5,1.0,0.07600673086224138","0,0,0"
45.31666666666667,109,AV,1,0,0,99,1862.7228332236152,0.5,-10.658130015856504,"0.20832352941176474,0.2972859649122807,0.3406111111111112,0.5,0.99,0.09203526548916015","0,0,0"
46.0,186,AV,1,0,0,95,3252.767976975094,0.3,-11.335403556125328,"0.2890438596491228,0.33005718954248364,0.34588596491228074,0.3,0.95,0.1607160007897979","0,0,0"
25.983333333333334,62,AV,1,0,0,31,1244.4027248274256,0.3,-2.449525060613581,"0.2119833333333333,0.3066168582375479,0.31226190476190474,0.3,0.31,0.06148468956958209","0,0,0"
18.3,87,AV,1,0,0,10,1503.4428459110418,0.3,-2.0843184909221257,"0.24493750000000006,0.3560265151515151,0.3639206349206349,0.3,0.1,0.07428360194186243","0,0,0"
39.95,154,AV,1,0,0,84,2722.266725979925,0.5,-13.731635821072981,"0.28629885057471266,0.3333224637681159,0.3624824561403509,0.5,0.84,0.13450446646658565","0,0,0"
32.75,231,AV,1,0,0,48,4660.29795945294,0.6,-23.12496335940663,"0.21153921568627448,0.30953368794326236,0.35275396825396826,0.6,0.48,0.23026064442157015","0,0,0"
37.71666666666667,48,AV,1,0,0,76,1040.734547163155,0.4,-3.964953333720908,"0.23979824561403512,0.30441134751773047,0.34541975308641976,0.4,0.76,0.05142164934229008","0,0,0"
40.1,189,AV,2,0,0,79,3313.1900178081896,0.6,-20.130139350622482,"0.29117333333333334,0.3182946127946128,0.355,0.6,0.79,0.16370139317898502","0,0,0"
36.583333333333336,25,AV,1,0,0,69,822.5771428470101,0.2,-1.5198289802602587,"0.13695555555555555,0.27457653061224485,0.3139305555555556,0.2,0.69,0.04064271096963091","0,0,0"
43.63333333333333,146,AV,1,0,0,79,2476.7673195544394,0.1,-2.729030657657206,"0.249340579710145,0.3250989010989011,0.33384615384615385,0.1,0.79,0.12237458721412664","0,0,0"
6.35,23,AV,0,0,0,4,793.0252767736928,0.1,-0.6271644067553774,"0.2310462962962963,0.33430141843971634,0.33748076923076925,0.1,0.04,0.0391825829295129","0,0,0"
26.183333333333334,5,AV,1,0,0,24,591.6693204447811,0.2,-0.7824179313289152,"0.2029090909090909,0.3149470588235294,0.3326277777777777,0.2,0.24,0.02923378723751827","0,0,0"
46.55,148,AV,1,0,0,93,2520.757475212996,0.1,-2.963163143211236,"0.23157638888888893,0.30148924731182797,0.32721014492753625,0.1,0.93,0.12454809665027725","0,0,0"
30.683333333333334,252,AV,2,0,0,39,5702.616109653807,0.1,-4.418567448599605,"0.25697101449275367,0.2817322097378277,0.305875,0.1,0.39,0.28176053800041856","0,0,0"
11.483333333333333,271,AV,0,0,0,20,7332.887514065835,0.1,-2.626413929794343,"0.184,0.28596875,0.2551666666666666,0.1,0.2,0.3623106117141683","0,0,0"
21.483333333333334,149,AV,1,0,0,17,2528.765907819195,0.2,-2.743753581800457,"0.22915,0.27856013745704467,0.330463768115942,0.2,0.17,0.12494378526691811","0,0,0"
13.25,187,AV,1,0,0,2,3257.969850357721,0.6,-6.540621290490878,"0.2441754385964912,0.34019931271477666,0.3484097222222223,0.6,0.02,0.1609730201322744","0,0,0"
17.383333333333333,202,AV,1,0,0,6,3759.463069718096,0.3,-4.9509090678232,"0.22973333333333337,0.31157189542483665,0.30104629629629626,0.3,0.06,0.18575129672910448","0,0,0"
28.25,56,AV,2,0,0,22,1148.9174546898266,0.6,-4.91771486287691,"0.1413333333333333,0.26942021276595746,0.3154583333333333,0.6,0.22,0.05676685821503235","0,0,0"
48.35,160,AV,1,0,0,96,2818.3733061874163,0.4,-13.764479732743595,"0.1840217391304348,0.3044108527131783,0.37879487179487176,0.4,0.96,0.13925299612805134","0,0,0"
32.06666666666667,293,AV,0,0,0,64,12197.400506638176,0.4,-40.00807840870683,"0.2736428571428571,0.3229014336917562,0.31423684210526315,0.4,0.64,0.6026613159421645","0,0,0"
16.783333333333335,41,AV,1,0,0,0,954.0002559944874,0.3,-1.212977598215213,"0.17205208333333333,0.29151729559748424,0.31390740740740747,0.3,0.0,0.04713619507483592","0,0,0"
21.6,142,AV,1,0,0,23,2382.718205806423,0.1,-1.2996644758944127,"0.25142222222222227,0.2935050505050505,0.3166089743589744,0.1,0.23,0.1177277149052501","0,0,0"
15.0,44,AV,0,0,0,23,981.8973671489576,0.3,-1.61579246266927,"0.23469565217391306,0.3252562724014336,0.3175763888888889,0.3,0.23,0.048514563335367175","0,0,0"
30.45,145,AV,1,0,0,52,2436.431929205765,0.3,-5.620405473054207,"0.2664506172839506,0.34552233676975935,0.39576041666666667,0.3,0.52,0.12038165606348158","0,0,0"
36.15,174,AV,1,0,0,70,2991.769966736588,0.3,-8.193370022539973,"0.24735185185185188,0.3365723905723905,0.34386956521739137,0.3,0.7,0.14782035107959768","0,0,0"
35.21666666666667,38,AV,1,0,0,63,946.2003450753726,0.2,-1.6829304117375947,"0.23766666666666666,0.2922358156028369,0.2742698412698413,0.2,0.63,0.04675080930545112","0,0,0"
30.966666666666665,222,AV,1,0,0,57,4304.4895651906745,0.3,-10.098158601167011,"0.17736507936507936,0.25007407407407406,0.27855,0.3,0.57,0.21268050880229086","0,0,0"
30.466666666666665,197,AV,0,0,0,58,3531.3895067900216,0.2,-5.93382156432,"0.18026984126984127,0.30825362318840577,0.3015,0.2,0.58,0.17448241091273348","0,0,0"
32.85,122,AV,1,0,0,59,2088.64210540395,0.1,-1.7326235647100952,"0.2673888888888889,0.36569507575757576,0.39753571428571427,0.1,0.59,0.10319770996204586","0,0,0"
26.916666666666668,247,AV,1,0,0,36,5427.330032863625,0.9,-33.201280314677106,"0.17042156862745095,0.25837943262411345,0.2962816091954023,0.9,0.36,0.26815892926348833","0,0,0"
9.866666666666667,184,AV,0,0,0,14,3197.7177395395383,0.1,-1.2967377532859459,"0.24038095238095233,0.3370292096219931,0.36495402298850577,0.1,0.14,0.15799602381455757","0,0,0"
25.55,115,AV,1,0,0,33,1942.5668635563816,0.3,-3.760044194232239,"0.24098611111111112,0.32549140893470785,0.33165789473684204,0.3,0.33,0.09598027888478354","0,0,0"
43.86666666666667,188,AV,1,0,0,72,3278.222126324269,0.1,-3.6314312443120698,"0.246280701754386,0.29520695970695965,0.30894444444444447,0.1,0.72,0.16197366475964245","0,0,0"
16.416666666666668,64,AV,1,0,0,3,1265.4739572733297,0.4,-2.0984711244347305,"0.19639130434782612,0.30750000000000005,0.30862121212121213,0.4,0.03,0.06252579801457091","0,0,0"
44.81666666666667,297,AV,1,0,0,98,16390.717038727882,0.2,-37.09986373496573,"0.1945714285714286,0.2811960784313725,0.2888333333333334,0.2,0.98,0.8098488767684134","0,0,0"
40.28333333333333,162,AV,1,0,0,78,2838.632091159661,0.2,-5.77523044135766,"0.25750724637681155,0.302981884057971,0.33897333333333335,0.2,0.78,0.14025396235885745","0,0,0"
28.95,168,AV,1,0,0,43,2909.8477340427667,0.6,-12.763650287960315,"0.2614385964912281,0.3444516129032259,0.3802314814814815,0.6,0.43,0.1437726557913017","0,0,0"
20.283333333333335,69,AV,1,0,0,22,1317.647826688136,0.1,-0.6749063152691338,"0.23210526315789473,0.2890620567375886,0.34629629629629627,0.1,0.22,0.06510365653304864","0,0,0"
36.083333333333336,54,AV,1,0,0,69,1129.1321270070612,0.2,-2.057719743240983,"0.24975694444444443,0.3135391156462585,0.3745833333333334,0.2,0.69,0.05578928503366858","0,0,0"
40.46666666666667,253,AV,0,0,0,91,5721.231751015957,0.2,-12.192887787429921,"0.24277450980392154,0.3013453608247423,0.32821666666666666,0.2,0.91,0.2826803181547486","0,0,0"
25.65,72,AV,1,0,0,35,1348.5865378412918,0.4,-3.49406512077062,"0.20930769230769233,0.297125,0.352488888888889,0.4,0.35,0.0666323071965214","0,0,0"
40.8,32,AV,1,0,0,78,871.0408974081768,0.3,-2.6923082283525464,"0.25384126984126987,0.31875,0.32976881720430107,0.3,0.78,0.0430372564372029","0,0,0"
30.166666666666668,112,AV,2,0,0,33,1888.2149669861096,0.1,-1.4384129167697217,"0.2354270833333333,0.32953535353535357,0.3647666666666667,0.1,0.33,0.09329480623074009","0,0,0"
42.0,181,AV,2,0,0,72,3132.463358685509,0.6,-19.9338577370896,"0.28451190476190474,0.3176952861952862,0.3648974358974359,0.6,0.72,0.15477187035537765","0,0,0"
19.1,4,AV,2,0,0,3,586.8516376274475,0.3,-0.8491565362639583,"0.2439710144927536,0.3281460481099656,0.350525,0.3,0.03,0.028995750365243225","0,0,0"
27.7,97,AV,1,0,0,39,1697.366940102563,0.3,-3.561898806124317,"0.17401785714285714,0.26257291666666666,0.3146805555555556,0.3,0.39,0.08386519678534977","0,0,0"
24.95,223,AV,2,0,0,0,4343.557359248321,1.0,-27.36660507910242,"0.2334333333333333,0.3199663461538461,0.3413333333333333,1.0,0.0,0.21461080929254078","0,0,0"
25.7,294,AV,1,0,0,36,13351.937436366714,0.8,-69.32218022517668,"0.14707246376811592,0.28389236111111105,0.3494916666666667,0.8,0.36,0.6597058267783346","0,0,0"
25.35,34,AV,0,0,0,44,912.6272274022258,0.4,-2.836878809560245,"0.2678245614035088,0.33878616352201263,0.36097777777777784,0.4,0.44,0.04509199526010037","0,0,0"
26.616666666666667,199,AV,2,0,0,8,3623.60917519969,0.3,-7.306696783830689,"0.25914166666666666,0.3203821548821548,0.3699444444444444,0.3,0.08,0.17903889216374055","0,0,0"
29.566666666666666,106,AV,1,0,0,46,1822.2981036688468,0.8,-10.884703151207187,"0.19259649122807018,0.27900877192982454,0.3250641025641025,0.8,0.46,0.09003792017801585","0,0,0"
21.633333333333333,19,AV,1,0,0,21,761.8437659652793,0.1,-0.4161924277032545,"0.2361578947368421,0.3046157894736842,0.3609743589743589,0.1,0.21,0.03764193577878302","0,0,0"
40.666666666666664,52,AV,2,0,0,82,1111.987968807459,0.1,-1.1419405066877948,"0.2264074074074074,0.28930175438596495,0.33549999999999996,0.1,0.82,0.05494220938540485","0,0,0"
20.316666666666666,132,AV,1,0,0,13,2187.718469250836,0.2,-2.244805399004014,"0.23339166666666666,0.3192429718875502,0.3488666666666667,0.2,0.13,0.10809297365222585","0,0,0"
29.166666666666668,198,AV,1,0,0,39,3580.4564780460023,0.5,-13.185603612332711,"0.19727272727272727,0.31874175824175827,0.3325740740740741,0.5,0.39,0.17690676071171996","0,0,0"
27.95,245,AV,2,0,0,24,5386.149373461946,0.1,-3.8015877522288233,"0.23642500000000002,0.30937455197132624,0.31679012345679014,0.1,0.24,0.2661242342173697","0,0,0"
22.116666666666667,166,AV,1,0,0,23,2891.134206742707,0.1,-1.614703321695106,"0.23017361111111115,0.3043863636363636,0.3079940476190476,0.1,0.23,0.14284803919103217","0,0,0"
28.766666666666666,240,AV,1,0,0,51,4756.448820673547,0.3,-10.365695283437551,"0.13519444444444445,0.2706285140562249,0.31075806451612903,0.3,0.51,0.23501136196344702","0,0,0"
23.633333333333333,254,AV,1,0,0,26,5807.233742044462,0.3,-10.397294755327078,"0.1777450980392157,0.2695051020408163,0.32831944444444444,0.3,0.26,0.28692959020732056","0,0,0"
42.1,94,AV,1,0,0,89,1626.914224999384,0.4,-6.9184938255024315,"0.2697239583333334,0.3293776371308017,0.328632183908046,0.4,0.89,0.0803841988487261","0,0,0"
30.516666666666666,263,AV,1,0,0,50,6007.794801579103,0.2,-9.259488452602136,"0.22599999999999998,0.2725449438202247,0.29993939393939395,0.2,0.5,0.29683911084658465","0,0,0"
25.116666666666667,190,AV,2,0,0,12,3362.377553451843,0.4,-8.530476385609306,"0.28874444444444447,0.3354484848484849,0.3524333333333333,0.4,0.12,0.1661316999433504","0,0,0"
43.666666666666664,273,AV,2,0,0,98,7362.36439851089,0.1,-8.118432122937092,"0.18678571428571428,0.2812380952380952,0.3040654761904762,0.1,0.98,0.36376703498729634","0,0,0"
40.86666666666667,83,AV,1,0,0,85,1467.6871321740252,0.1,-1.5146333535735312,"0.22842592592592592,0.3174523809523809,0.33318181818181813,0.1,0.85,0.07251694801576773","0,0,0"
24.766666666666666,95,AV,1,0,0,29,1649.648602545546,0.3,-3.0951740194225774,"0.2634561403508772,0.30570925925925924,0.35667204301075267,0.3,0.29,0.08150748162374356","0,0,0"
30.966666666666665,259,AV,1,0,0,45,5882.279762541917,0.1,-4.599863551684714,"0.21052898550724636,0.2874505494505495,0.33821794871794864,0.1,0.45,0.29063753875296394","0,0,0"
21.683333333333334,275,AV,0,0,0,42,7864.29237148983,0.2,-9.11232691524265,"0.26401282051282055,0.2974122807017544,0.3188020833333334,0.2,0.42,0.38856679232403757","0,0,0"
32.916666666666664,276,AV,1,0,0,58,7897.119961473183,0.1,-6.564314782790209,"0.26353333333333334,0.3403257575757577,0.3394197530864197,0.1,0.58,0.390188770594556","0,0,0"
24.433333333333334,207,AV,1,0,0,27,3898.759045987068,0.3,-7.216642375526567,"0.2312916666666667,0.2833135313531353,0.3294298245614035,0.3,0.27,0.19263377109878843","0,0,0"
44.38333333333333,79,AV,1,0,0,95,1447.5744631551047,0.2,-3.2448575718704076,"0.2154083333333333,0.31876140350877197,0.32366,0.2,0.95,0.07152320122755207","0,0,0"
35.016666666666666,124,AV,1,0,0,61,2105.6010448069283,0.1,-1.8618972201764967,"0.18918055555555555,0.2921685606060606,0.3410448717948718,0.1,0.61,0.104035634135481","0,0,0"
17.8,81,AV,1,0,0,7,1457.5875839824732,0.8,-5.241426059573339,"0.2572894736842105,0.30672278911564627,0.3707083333333333,0.8,0.07,0.0720179394770033","0,0,0"
17.15,78,AV,1,0,0,3,1446.9812594843625,0.4,-2.5066392525410923,"0.1691666666666667,0.2930132575757575,0.3202708333333334,0.4,0.03,0.07149389162960644","0,0,0"
44.916666666666664,116,AV,1,0,0,91,1997.7276787447236,0.1,-2.2659411170947092,"0.19960416666666664,0.27835125448028675,0.3179731182795699,0.1,0.91,0.09870571939579707","0,0,0"
35.93333333333333,57,AV,1,0,0,66,1150.2916000513435,0.1,-1.043783118565108,"0.17325,0.28932007575757573,0.2665,0.1,0.66,0.05683475335805212","0,0,0"
36.916666666666664,225,AV,0,0,0,83,4459.768546990965,0.5,-21.28785212875628,"0.1898690476190476,0.24831547619047623,0.3007258064516129,0.5,0.83,0.22035268743240086","0,0,0"
41.06666666666667,196,AV,1,0,0,88,3520.054626539052,0.1,-3.650427020114573,"0.29112037037037036,0.31026360544217685,0.32929166666666665,0.1,0.88,0.17392236585687273","0,0,0"
40.45,243,AV,1,0,0,79,5003.647877951615,0.2,-10.22209882137085,"0.21390151515151515,0.311312925170068,0.35060526315789475,0.2,0.79,0.2472252192585145","0,0,0"
27.916666666666668,16,AV,2,0,0,23,742.6585956180782,0.2,-1.0470986091416508,"0.19665384615384618,0.32896563573883164,0.33100980392156865,0.2,0.23,0.03669401576896401","0,0,0"
34.5,61,AV,1,0,0,66,1240.6560786390864,0.2,-2.1617492279317414,"0.2186759259259259,0.2900035842293907,0.32953448275862063,0.2,0.66,0.06129957154209703","0,0,0"
37.71666666666667,18,AV,1,0,0,71,753.7709081553346,0.2,-1.4358447518144126,"0.24991304347826085,0.2963670212765958,0.32618115942028986,0.2,0.71,0.03724306397749163","0,0,0"
45.31666666666667,100,AV,1,0,0,93,1723.69240549938,0.2,-3.9450502109030428,"0.23162745098039214,0.29899198717948716,0.3516754385964912,0.2,0.93,0.08516591160652838","0,0,0"
39.266666666666666,229,AV,2,0,0,63,4569.840806868062,0.3,-13.594122400228727,"0.22134057971014495,0.3202465277777778,0.3341984126984127,0.3,0.63,0.22579124730834796","0,0,0"
41.03333333333333,89,AV,1,0,0,88,1528.3774584247917,0.1,-1.583697517946901,"0.2525555555555556,0.3113484848484848,0.31517592592592597,0.1,0.88,0.07551559611815158","0,0,0"
40.5,12,AV,1,0,0,71,658.4091024775607,0.1,-0.6733729457156873,"0.2676041666666667,0.32166493055555556,0.349825,0.1,0.71,0.032531332877974904","0,0,0"
40.71666666666667,180,AV,1,0,0,85,3101.095365071405,0.3,-9.565626233421014,"0.18257142857142855,0.2662962962962963,0.31808620689655176,0.3,0.85,0.15322200927639995","0,0,0"
29.133333333333333,126,AV,1,0,0,43,2131.3254046090938,0.2,-3.1359905784989026,"0.21079999999999996,0.30113333333333336,0.3283030303030302,0.2,0.43,0.10530664893258515","0,0,0"
26.866666666666667,171,AV,1,0,0,39,2965.4163440895786,0.2,-4.02378042649192,"0.21378985507246373,0.2830569105691057,0.3308833333333333,0.2,0.39,0.14651824503694982","0,0,0"
20.45,170,AV,1,0,0,8,2953.464044858564,0.3,-4.5756317967695175,"0.26554166666666673,0.31953942652329753,0.33979629629629626,0.3,0.08,0.1459276939290168","0,0,0"
6.65,28,AV,0,0,0,6,844.3352662229099,0.1,-0.6417886242520796,"0.16524074074074074,0.26687254901960783,0.2949400000000001,0.1,0.06,0.04171775800600685","0,0,0"
42.11666666666667,24,AV,0,0,0,98,806.3598325453933,0.7,-6.5032403526496045,"0.23283333333333334,0.2705879120879121,0.35155555555555557,0.7,0.98,0.039841429945686846","0,0,0"
17.883333333333333,216,AV,1,0,0,9,4164.701887555128,0.6,-11.28465940744104,"0.18408333333333332,0.2801890034364261,0.32013580246913587,0.6,0.09,0.20577373996162773","0,0,0"
38.06666666666667,91,AV,1,0,0,76,1546.5147326922538,0.1,-1.48663284910316,"0.1832314814814815,0.268504329004329,0.3181225490196078,0.1,0.76,0.07641174063449208","0,0,0"
16.816666666666666,65,AV,0,0,0,24,1291.2118623687816,0.1,-1.0483302900379212,"0.24421296296296294,0.31338586956521736,0.3485599999999999,0.1,0.24,0.0637974820710203","0,0,0"
19.916666666666668,14,AV,1,0,0,18,699.2977112166509,0.2,-0.7034181522760083,"0.20928571428571427,0.28451202749140897,0.34003448275862064,0.2,0.18,0.034551597993999705","0,0,0"
18.816666666666666,194,AV,1,0,0,13,3465.4556083993225,0.4,-6.586699296099049,"0.23955128205128207,0.31708974358974357,0.31561538461538463,0.4,0.13,0.17122468317412964","0,0,0"
41.0,85,AV,2,0,0,81,1474.807688008607,0.3,-4.580842061238855,"0.26158333333333333,0.3044024822695035,0.34740579710144925,0.3,0.81,0.07286876753232566","0,0,0"
30.05,66,AV,2,0,0,17,1291.7462447339112,0.1,-0.9802266326831827,"0.26437962962962963,0.347126213592233,0.3644210526315789,0.1,0.17,0.06382388536729725","0,0,0"
19.65,261,AV,1,0,0,11,5984.209260784091,0.5,-14.84718585535447,"0.1671439393939394,0.29364311594202896,0.32882051282051283,0.5,0.11,0.2956737729497932","0,0,0"
42.13333333333333,140,AV,0,0,0,94,2337.3116255789537,0.1,-2.9868366117271026,"0.24433333333333335,0.3559240740740741,0.3900757575757575,0.1,0.94,0.11548422135287985","0,0,0"
39.9,267,AV,1,0,0,74,6248.181898567973,0.2,-12.59103321984152,"0.1831111111111111,0.23518817204301076,0.29317460317460314,0.2,0.74,0.3087163960212402","0,0,0"
44.28333333333333,218,AV,2,0,0,92,4227.85786318916,0.2,-9.455739345533331,"0.21490229885057477,0.31318390804597696,0.3234351851851852,0.2,0.92,0.2088942133251532","0,0,0"
20.183333333333334,3,AV,0,0,0,36,586.3474640105957,0.3,-1.3965489632788275,"0.13600757575757574,0.2620201465201465,0.28550000000000003,0.3,0.36,0.02897083965289678","0,0,0"
42.63333333333333,6,AV,1,0,0,66,601.3137559373858,0.9,-5.826365862453914,"0.31596666666666673,0.3198681318681319,0.33747368421052637,0.9,0.66,0.029710309114645228","0,0,0"
44.46666666666667,20,AV,1,0,0,98,767.6170681366935,0.2,-1.7239076917413287,"0.2560166666666667,0.33510215053763437,0.3519607843137254,0.2,0.98,0.03792718884414417","0,0,0"
13.283333333333333,295,AV,0,0,0,20,13430.196447392702,0.1,-5.004994347042081,"0.26687333333333335,0.3377765567765568,0.38559722222222226,0.1,0.2,0.6635725259609666","0,0,0"
16.65,22,AV,1,0,0,5,779.0639592631991,0.1,-0.3275609828720269,"0.2220987654320988,0.3030630081300813,0.3262115384615385,0.1,0.05,0.0384927682449347","0,0,0"
38.5,121,AV,1,0,0,66,2078.9202215407213,0.3,-6.063517312827105,"0.19528571428571428,0.2776683673469387,0.2960151515151515,0.3,0.66,0.10271736143866485","0,0,0"
18.85,255,AV,1,0,0,9,5825.425317043349,0.3,-8.318883880777815,"0.29409259259259257,0.31080582524271844,0.35843859649122806,0.3,0.09,0.28782841766829664","0,0,0"
35.8,158,AV,1,0,0,69,2780.081336731352,0.6,-15.079835129542786,"0.23261363636363636,0.3112992831541218,0.3445133333333333,0.6,0.69,0.1373610283526348","0,0,0"
28.4,139,AV,1,0,0,37,2326.172138461347,0.3,-5.004794600931989,"0.19522916666666668,0.2804027777777777,0.3166488095238096,0.3,0.37,0.11493383047561351","0,0,0"
33.666666666666664,9,AV,1,0,0,53,646.5589615252754,0.2,-1.0993679312130102,"0.23551449275362316,0.30486559139784947,0.33979861111111115,0.2,0.53,0.03194582930805295","0,0,0"
35.93333333333333,33,AV,1,0,0,63,877.6907461205365,1.0,-7.96423084442709,"0.2365294117647059,0.27864652014652014,0.3298518518518519,1.0,0.63,0.043365818787322166","0,0,0"
37.03333333333333,153,AV,0,0,0,78,2667.9339807116767,0.1,-2.9950123338136976,"0.14173333333333335,0.2393466666666667,0.27506896551724136,0.1,0.78,0.13181994005915215","0,0,0"
31.033333333333335,272,AV,1,0,0,51,7336.658338656486,0.3,-17.248557861841384,"0.2210378787878788,0.30121052631578943,0.3349927536231884,0.3,0.51,0.3624969243722426","0,0,0"
20.0,185,AV,1,0,0,11,3245.380745418587,0.1,-1.639081184554842,"0.15995,0.26232516339869283,0.29088888888888886,0.1,0.11,0.16035100509349434","0,0,0"
36.81666666666667,17,AV,2,0,0,67,743.7553910389753,0.1,-0.6914796543792495,"0.247283950617284,0.31509071729957805,0.37612500000000004,0.1,0.67,0.036748207329806624","0,0,0"
41.11666666666667,50,AV,1,0,0,67,1074.3823512953045,0.1,-1.1155308336050154,"0.27605303030303036,0.31467467948717953,0.39438095238095244,0.1,0.67,0.05308415357061393","0,0,0"
4.783333333333333,236,AV,0,0,0,2,4704.305573257116,0.1,-1.0682389307764275,"0.19380833333333336,0.2564779116465863,0.32725000000000004,0.1,0.02,0.2324350164471723","0,0,0"
21.533333333333335,246,AV,2,0,0,1,5394.467136051333,0.1,-2.9333550251592273,"0.17508333333333337,0.3018968253968254,0.3315763888888889,0.1,0.01,0.2665352065179911","0,0,0"
28.616666666666667,182,AV,1,0,0,44,3151.1733449572957,0.3,-6.831521001630905,"0.2851979166666666,0.3166938775510204,0.3397948717948718,0.3,0.44,0.1556963119969945","0,0,0"
37.733333333333334,224,AV,1,0,0,73,4376.119511966378,0.4,-16.679351136518317,"0.23,0.3096666666666666,0.36872,0.4,0.73,0.2162196725742125","0,0,0"
31.8,176,AV,1,0,0,55,3017.17067826153,0.2,-4.8457589681170035,"0.1896785714285714,0.26051162790697674,0.3285,0.2,0.55,0.14907537474018487","0,0,0"
26.15,11,AV,1,0,0,38,650.412147456106,0.1,-0.4295019610095246,"0.24026315789473685,0.30476268115942023,0.3347586206896553,0.1,0.38,0.03213621135727569","0,0,0"
16.416666666666668,8,AV,1,0,0,5,617.4453946714843,0.2,-0.5119391529894042,"0.23561764705882354,0.32959106529209625,0.34257051282051276,0.2,0.05,0.03050735719243069","0,0,0"
38.81666666666667,213,AV,0,0,0,85,4116.183110063293,0.1,-4.534760296017428,"0.22207333333333334,0.30454029304029306,0.35922222222222217,0.1,0.85,0.2033764758662804","0,0,0"
31.6,161,AV,1,0,0,54,2835.850686157305,0.3,-6.788854672922033,"0.24910833333333338,0.3395225694444445,0.33759722222222216,0.3,0.54,0.14011653592951495","0,0,0"
25.216666666666665,98,AV,1,0,0,31,1717.0377309640771,0.1,-1.0933830332275458,"0.23720138888888886,0.32317415730337085,0.35805555555555557,0.1,0.31,0.0848371108173414","0,0,0"
48.083333333333336,177,AV,2,0,0,82,3022.892107624705,0.4,-14.681891802183967,"0.19209999999999997,0.29565841584158414,0.3076805555555555,0.4,0.82,0.14935806482215805","0,0,0"
42.03333333333333,164,AV,1,0,0,88,2857.712092786687,0.4,-12.133248986545496,"0.22695555555555555,0.30603157894736843,0.3258194444444444,0.4,0.88,0.1411966860877753","0,0,0"
35.35,141,AV,2,0,0,63,2361.523720441912,0.2,-4.216154723112202,"0.23403623188405798,0.318530303030303,0.33068253968253963,0.2,0.63,0.1166805166572675","0,0,0"
36.4,248,AV,2,0,0,65,5434.023139443809,0.1,-4.994910158478652,"0.2388690476190476,0.3040631067961165,0.3144130434782609,0.1,0.65,0.26848962894143685","0,0,0"
30.333333333333332,256,AV,1,0,0,50,5844.130995646287,0.2,-8.953129976495154,"0.22166666666666668,0.32007954545454537,0.3487266666666667,0.2,0.5,0.28875264647231946","0,0,0"
23.966666666666665,277,AV,1,0,0,26,8011.326014866212,0.2,-9.697211119004724,"0.22455128205128208,0.3193653846153846,0.3531521739130435,0.2,0.26,0.395831577058847","0,0,0"
26.7,40,AV,1,0,0,37,950.4213588862824,0.3,-1.9224432032017984,"0.23248333333333335,0.3046105442176871,0.33598484848484844,0.3,0.37,0.04695936536102284","0,0,0"
40.766666666666666,15,AV,2,0,0,81,727.2326469992182,0.6,-4.491947107474969,"0.26676388888888886,0.33379931972789123,0.3486018518518519,0.6,0.81,0.03593183513143892","0,0,0"
22.5,250,AV,1,0,0,25,5611.673516276995,0.2,-6.37690172304204,"0.2651078431372549,0.3018194444444444,0.331984375,0.2,0.25,0.27726715574492605","0,0,0"
