travel_time,id,kind,action,bid_route_0,bid_route_1,bid_route_2,karma_balance,origin,destination,start_time,income,urgency,reward
15.066666666666666,44,AV,1,7,8,3,5,0,0,33,10751.672106064549,0.3,-4.52
30.766666666666666,137,AV,2,4,3,4,4,0,0,40,4968.170350229253,0.4,-12.306666666666667
29.283333333333335,50,AV,2,5,2,3,6,0,0,44,586.8516376274475,0.5,-14.641666666666667
36.55,63,AV,1,7,8,7,3,0,0,89,3863.855435177377,0.5,-18.275
30.9,84,AV,2,3,1,1,10,0,0,42,9280.176126726552,0.9,-27.81
27.05,132,AV,1,4,9,4,3,0,0,53,1141.5133047894662,0.1,-2.705
29.366666666666667,196,AV,0,8,7,7,1,0,0,64,4281.8327360815,0.3,-8.81
27.616666666666667,139,AV,2,3,1,6,10,0,0,33,2318.2944376966047,0.7,-19.331666666666667
24.7,118,AV,1,4,9,4,7,0,0,50,3752.1132597063192,0.2,-4.94
38.1,106,AV,2,2,1,3,9,0,0,58,3933.772930850901,0.1,-3.8100000000000005
29.65,104,AV,2,7,4,8,2,0,0,41,5670.319740923212,0.2,-5.93
36.96666666666667,263,AV,1,4,9,9,0,0,0,75,388.2787303527966,0.2,-7.393333333333334
28.0,287,AV,2,4,0,0,7,0,0,40,2520.718778515204,0.3,-8.4
43.55,103,AV,2,5,6,6,13,0,0,65,4689.4303597647895,0.6,-26.13
16.583333333333332,220,AV,1,0,8,5,3,0,0,34,1723.69240549938,0.5,-8.291666666666666
29.0,148,AV,0,8,5,3,3,0,0,66,1150.2916000513435,0.1,-2.9000000000000004
13.4,252,AV,1,4,9,9,0,0,0,29,1022.032321197676,0.6,-8.04
40.68333333333333,134,AV,2,5,5,5,8,0,0,65,2645.062412614309,0.2,-8.136666666666667
27.166666666666668,221,AV,0,8,5,3,9,0,0,65,1005.9867386644172,0.2,-5.433333333333334
27.666666666666668,46,AV,2,0,3,6,10,0,0,37,1682.490559712908,0.7,-19.366666666666667
13.5,143,AV,1,4,8,4,0,0,0,17,2260.56382504795,0.1,-1.35
37.46666666666667,151,AV,2,4,4,4,5,0,0,57,1234.5997004771,0.1,-3.746666666666667
14.616666666666667,81,AV,1,4,9,9,0,0,0,31,597.1498506777683,0.5,-7.308333333333334
35.5,100,AV,2,4,4,4,5,0,0,47,2953.464044858564,0.1,-3.5500000000000003
7.15,10,AV,0,8,0,9,3,0,0,16,2622.7149314101284,0.3,-2.145
24.1,215,AV,0,8,0,3,8,0,0,56,961.7772661313056,0.2,-4.82
18.783333333333335,73,AV,1,4,9,4,3,0,0,37,522.440884226393,0.2,-3.7566666666666673
28.65,258,AV,2,4,2,6,11,0,0,39,6709.13861087917,0.3,-8.594999999999999
29.883333333333333,282,AV,2,4,6,6,8,0,0,38,1635.9686818612918,0.4,-11.953333333333333
20.916666666666668,67,AV,1,4,9,4,0,0,0,45,4200.245935785981,0.1,-2.091666666666667
22.816666666666666,58,AV,1,4,9,9,1,0,0,48,4679.48341028673,0.7,-15.971666666666666
45.983333333333334,224,AV,2,4,6,6,6,0,0,67,1251.6500609663929,0.3,-13.795
11.9,228,AV,1,4,8,4,0,0,0,17,2472.005569054355,0.1,-1.1900000000000002
25.516666666666666,192,AV,0,8,9,9,2,0,0,61,8689.506535985933,0.1,-2.5516666666666667
28.566666666666666,76,AV,1,7,9,6,2,0,0,57,3793.837230001502,0.3,-8.57
31.233333333333334,129,AV,2,7,2,8,15,0,0,48,2561.5826276178027,0.7,-21.863333333333333
17.216666666666665,198,AV,1,4,9,9,0,0,0,34,1047.1205397958274,0.4,-6.886666666666667
46.31666666666667,141,AV,2,1,6,6,7,0,0,77,541.9839687696077,0.6,-27.790000000000003
42.983333333333334,211,AV,2,0,1,5,8,0,0,65,776.0711537761008,0.1,-4.298333333333334
35.68333333333333,45,AV,2,1,2,6,6,0,0,46,6081.635477498837,0.3,-10.704999999999998
38.38333333333333,61,AV,2,5,0,2,5,0,0,56,381.3218977270381,1.0,-38.38333333333333
35.983333333333334,47,AV,1,4,9,9,7,0,0,81,1594.6992934726818,0.2,-7.196666666666667
26.316666666666666,0,AV,2,4,1,4,5,0,0,36,2750.2432356670683,0.4,-10.526666666666667
34.4,219,AV,2,1,6,6,7,0,0,50,3958.913906791885,0.8,-27.52
33.583333333333336,279,AV,2,4,1,1,6,0,0,44,1460.8215047913693,0.1,-3.358333333333334
12.4,286,AV,1,4,8,4,0,0,0,11,4617.971391102537,0.1,-1.2400000000000002
13.433333333333334,113,AV,1,0,8,1,2,0,0,24,2044.1603053436156,0.9,-12.09
43.8,197,AV,2,6,1,7,9,0,0,66,1997.7276787447236,0.1,-4.38
27.016666666666666,66,AV,2,4,6,6,8,0,0,35,6020.57275324985,0.5,-13.508333333333333
35.28333333333333,208,AV,1,4,9,9,0,0,0,67,566.7055292848979,0.2,-7.056666666666667
35.21666666666667,142,AV,2,4,2,3,8,0,0,51,7912.643587116454,0.4,-14.086666666666668
19.3,171,AV,1,4,9,9,6,0,0,42,10450.70686878338,0.3,-5.79
25.983333333333334,276,AV,1,4,9,4,7,0,0,52,3654.013033637752,0.1,-2.5983333333333336
20.133333333333333,204,AV,1,4,9,4,1,0,0,44,1880.1756700095973,0.2,-4.026666666666666
43.36666666666667,294,AV,2,4,6,6,7,0,0,62,13079.31179296209,0.4,-17.346666666666668
20.35,2,AV,2,5,4,5,9,0,0,22,4687.914961676448,0.3,-6.105
37.766666666666666,195,AV,2,4,6,6,6,0,0,54,2969.8754393798326,0.3,-11.33
26.766666666666666,146,AV,1,4,9,4,8,0,0,54,2476.7926805910606,0.2,-5.3533333333333335
42.15,80,AV,2,6,4,1,9,0,0,65,1174.3503864217532,0.3,-12.645
42.03333333333333,223,AV,2,4,6,6,8,0,0,61,4266.216809230351,0.3,-12.61
43.6,185,AV,2,4,6,6,7,0,0,59,639.9143284368583,0.5,-21.8
27.933333333333334,109,AV,1,4,9,9,0,0,0,54,3628.2404526711953,0.6,-16.759999999999998
15.366666666666667,43,AV,0,9,9,4,2,0,0,37,2117.047321722312,0.1,-1.5366666666666668
33.15,120,AV,2,7,0,0,10,0,0,49,5341.061461458292,0.4,-13.26
43.88333333333333,19,AV,2,4,6,6,7,0,0,76,1148.2139867956057,0.2,-8.776666666666667
20.466666666666665,95,AV,0,8,3,4,1,0,0,49,3256.7228478661937,0.1,-2.0466666666666664
39.416666666666664,262,AV,2,6,7,1,9,0,0,62,1830.3424648913517,0.4,-15.766666666666666
33.416666666666664,65,AV,2,4,4,4,5,0,0,41,2538.843693606908,0.1,-3.341666666666667
27.183333333333334,89,AV,1,4,9,9,0,0,0,54,1111.987968807459,0.8,-21.74666666666667
28.65,206,AV,2,4,6,6,8,0,0,42,1389.0632502942228,0.3,-8.594999999999999
45.86666666666667,51,AV,2,4,6,6,8,0,0,60,3508.846318545673,0.2,-9.173333333333334
32.483333333333334,140,AV,1,4,9,9,7,0,0,63,863.3540159882258,0.5,-16.241666666666667
21.25,275,AV,1,4,9,4,1,0,0,43,1639.6236094811811,0.2,-4.25
45.56666666666667,285,AV,2,3,0,3,6,0,0,61,2198.5025098873134,0.1,-4.5566666666666675
37.28333333333333,35,AV,2,4,6,6,7,0,0,59,4381.240268036911,0.2,-7.456666666666667
19.583333333333332,8,AV,1,5,9,4,0,0,0,43,2294.767722006211,0.1,-1.9583333333333333
42.083333333333336,83,AV,2,4,6,4,7,0,0,55,4412.688598555705,0.1,-4.208333333333334
36.4,194,AV,2,4,6,6,7,0,0,55,4164.701887555128,0.3,-10.92
22.066666666666666,49,AV,2,1,4,3,17,0,0,31,3866.930621896856,0.9,-19.86
24.25,280,AV,2,5,7,3,11,0,0,33,4577.590037133467,0.1,-2.4250000000000003
39.53333333333333,6,AV,2,6,6,2,11,0,0,57,1805.1606101798543,1.0,-39.53333333333333
37.7,242,AV,2,6,2,1,7,0,0,61,1986.5043233563797,0.1,-3.7700000000000005
19.183333333333334,246,AV,1,4,9,9,1,0,0,41,640.5426603936758,0.5,-9.591666666666667
35.61666666666667,64,AV,2,1,2,5,7,0,0,53,1083.524948441525,0.4,-14.246666666666668
35.03333333333333,222,AV,1,4,9,4,3,0,0,69,3387.2787239910285,0.1,-3.5033333333333334
20.4,24,AV,0,8,1,9,5,0,0,48,863.5619359671642,0.1,-2.04
22.4,231,AV,2,4,6,6,7,0,0,24,2043.1688306873104,0.3,-6.72
30.583333333333332,154,AV,0,9,8,0,0,0,0,70,7958.958807233507,0.9,-27.525
34.4,40,AV,2,4,6,6,7,0,0,50,8348.421721831439,0.2,-6.88
16.566666666666666,160,AV,1,4,9,9,3,0,0,33,4707.821121085941,0.3,-4.97
46.583333333333336,261,AV,2,4,6,6,8,0,0,79,753.7709081553346,0.3,-13.975
41.916666666666664,265,AV,2,4,6,6,8,0,0,71,20239.22920549412,0.2,-8.383333333333333
13.883333333333333,254,AV,1,4,9,4,4,0,0,31,591.6693204447811,0.2,-2.776666666666667
42.083333333333336,107,AV,2,4,6,4,6,0,0,52,3783.636689084741,0.1,-4.208333333333334
29.866666666666667,218,AV,1,4,9,9,1,0,0,61,2347.541384251396,0.6,-17.919999999999998
24.75,245,AV,2,3,7,0,10,0,0,30,1475.2077210572677,0.4,-9.9
36.68333333333333,178,AV,2,3,1,3,11,0,0,52,3773.073658575576,0.2,-7.336666666666666
28.966666666666665,25,AV,2,4,6,4,6,0,0,43,1275.9312017726234,0.1,-2.8966666666666665
29.966666666666665,162,AV,1,4,9,9,6,0,0,60,2857.712092786687,0.5,-14.983333333333333
45.55,56,AV,2,4,6,6,8,0,0,66,3398.605365942332,0.3,-13.665
46.5,111,AV,2,4,6,6,8,0,0,81,4429.527615460413,0.4,-18.6
36.86666666666667,36,AV,2,4,6,4,7,0,0,50,2756.9260540590044,0.1,-3.686666666666667
17.0,251,AV,0,9,9,4,8,0,0,42,2280.385817754286,0.1,-1.7000000000000002
38.766666666666666,193,AV,2,1,4,2,4,0,0,56,7658.5640246764915,0.2,-7.753333333333334
18.133333333333333,59,AV,1,4,9,9,10,0,0,39,3159.4556453821087,0.5,-9.066666666666666
21.133333333333333,55,AV,1,3,8,3,0,0,0,44,1822.2981036688468,0.7,-14.793333333333331
30.533333333333335,187,AV,0,9,5,3,3,0,0,69,1596.1763216794554,0.1,-3.0533333333333337
11.95,212,AV,0,9,9,4,3,0,0,32,1148.9174546898266,0.1,-1.195
30.35,108,AV,2,2,4,6,11,0,0,40,8480.737499651503,0.1,-3.035
40.583333333333336,3,AV,2,1,6,6,8,0,0,60,3032.1279287666234,0.8,-32.46666666666667
30.6,156,AV,1,4,9,9,8,0,0,61,5849.7981009167725,1.0,-30.6
23.683333333333334,34,AV,2,3,5,1,7,0,0,25,3046.5766145774583,0.5,-11.841666666666667
15.383333333333333,237,AV,1,4,8,4,0,0,0,32,2158.6935677652164,0.1,-1.5383333333333333
40.7,241,AV,2,4,7,1,9,0,0,46,877.2934597877683,0.1,-4.07
18.583333333333332,270,AV,0,8,4,3,1,0,0,43,1496.328062426438,1.0,-18.583333333333332
36.71666666666667,122,AV,1,4,9,9,0,0,0,70,3119.7161673652217,0.1,-3.671666666666667
29.416666666666668,272,AV,2,1,2,7,9,0,0,45,837.3801312568858,0.5,-14.708333333333334
8.216666666666667,48,AV,0,9,9,4,2,0,0,30,1921.5023446668008,0.1,-0.8216666666666668
40.016666666666666,1,AV,2,4,2,2,12,0,0,54,8139.327108000771,0.1,-4.001666666666667
49.11666666666667,99,AV,2,3,0,4,8,0,0,87,5578.433439706214,0.1,-4.911666666666667
39.18333333333333,203,AV,2,0,4,5,8,0,0,58,3065.2253709468137,0.1,-3.918333333333333
29.916666666666668,243,AV,1,4,9,4,2,0,0,61,3476.696831582168,0.1,-2.991666666666667
22.533333333333335,77,AV,2,5,4,0,5,0,0,25,4967.653125719208,0.3,-6.760000000000001
33.03333333333333,230,AV,2,0,4,0,6,0,0,50,1261.43865123121,0.2,-6.6066666666666665
30.433333333333334,291,AV,2,5,7,4,9,0,0,46,3824.993837156676,0.1,-3.0433333333333334
28.516666666666666,159,AV,1,4,9,9,8,0,0,58,3158.0604616132755,0.5,-14.258333333333333
44.833333333333336,125,AV,2,7,0,8,12,0,0,73,1294.2551843223837,0.2,-8.966666666666667
35.18333333333333,91,AV,1,4,9,9,1,0,0,72,1823.811293294481,0.4,-14.073333333333332
32.833333333333336,78,AV,2,0,0,8,1,0,0,47,473.5024380788758,0.3,-9.85
35.7,158,AV,2,0,3,8,9,0,0,44,3882.59008652233,0.1,-3.5700000000000003
49.6,11,AV,2,4,2,8,10,0,0,73,7081.334819999852,0.2,-9.920000000000002
23.083333333333332,115,AV,2,2,7,0,10,0,0,10,861.805442805673,0.2,-4.616666666666666
12.666666666666666,32,AV,1,4,9,9,1,0,0,19,5051.78348307234,0.8,-10.133333333333333
46.35,94,AV,2,5,2,5,10,0,0,66,3941.04555698938,0.4,-18.540000000000003
36.0,7,AV,2,4,0,8,1,0,0,54,1507.5005543882637,0.4,-14.4
19.55,186,AV,1,4,9,9,2,0,0,43,2141.869626207308,0.3,-5.865
30.583333333333332,5,AV,2,4,4,4,5,0,0,42,3048.604611013583,0.1,-3.0583333333333336
30.466666666666665,234,AV,1,4,9,9,1,0,0,60,985.8695826897422,0.4,-12.186666666666667
38.516666666666666,15,AV,2,0,3,4,11,0,0,54,743.7553910389753,0.5,-19.258333333333333
17.783333333333335,27,AV,1,4,9,4,5,0,0,35,1122.7546975855585,0.2,-3.556666666666667
26.083333333333332,101,AV,1,4,9,4,2,0,0,53,5168.6614957092925,0.1,-2.6083333333333334
29.35,157,AV,2,7,7,5,9,0,0,41,2587.8859091729414,0.4,-11.740000000000002
44.233333333333334,163,AV,2,6,1,3,10,0,0,65,5003.647877951615,0.7,-30.96333333333333
44.43333333333333,271,AV,2,4,6,6,7,0,0,73,497.26542980048754,0.1,-4.443333333333333
29.7,37,AV,1,5,9,4,7,0,0,58,1541.4014724042315,0.1,-2.97
13.016666666666667,225,AV,1,4,9,9,0,0,0,20,5386.149373461946,0.7,-9.111666666666666
15.333333333333334,278,AV,0,9,5,2,0,0,0,38,4196.147454418583,0.2,-3.066666666666667
20.9,117,AV,2,4,6,4,7,0,0,18,881.2906222289953,0.1,-2.09
29.25,264,AV,1,4,9,9,0,0,0,58,17322.90883950548,0.3,-8.775
35.4,116,AV,1,4,9,9,0,0,0,75,3465.4556083993225,0.1,-3.54
30.233333333333334,53,AV,2,4,6,4,8,0,0,34,13430.196447392702,0.1,-3.0233333333333334
27.566666666666666,57,AV,2,4,6,6,6,0,0,33,1899.102970895097,0.8,-22.053333333333335
34.016666666666666,41,AV,1,4,9,9,9,0,0,67,14754.343640924068,0.3,-10.205
27.366666666666667,128,AV,0,8,8,8,4,0,0,63,3531.3895067900216,0.2,-5.473333333333334
26.883333333333333,176,AV,2,4,6,4,8,0,0,40,1104.4445206976068,0.2,-5.376666666666667
37.6,21,AV,2,6,7,4,11,0,0,53,3382.383844415393,0.1,-3.7600000000000002
27.016666666666666,250,AV,2,2,1,0,8,0,0,32,1150.4391077840953,0.4,-10.806666666666667
46.05,114,AV,2,1,6,7,8,0,0,75,4669.869929992837,1.0,-46.05
35.8,166,AV,1,4,9,9,7,0,0,72,1052.4070316009115,0.5,-17.9
33.35,201,AV,2,0,6,6,9,0,0,52,9030.678864893336,0.3,-10.005
38.35,69,AV,2,2,3,1,11,0,0,59,742.6585956180782,0.3,-11.505
42.46666666666667,165,AV,2,4,6,6,8,0,0,56,2446.4664131825853,0.4,-16.986666666666668
46.35,155,AV,2,0,0,4,7,0,0,80,877.6907461205365,0.1,-4.635000000000001
22.4,90,AV,1,4,9,9,2,0,0,47,4227.85786318916,0.8,-17.919999999999998
29.7,30,AV,1,3,9,3,0,0,0,59,5009.92015912814,0.6,-17.82
31.983333333333334,23,AV,0,8,5,7,2,0,0,89,6031.594525491932,0.9,-28.785
27.75,217,AV,1,4,9,4,1,0,0,54,825.4433072334436,0.1,-2.7750000000000004
37.38333333333333,60,AV,2,3,0,6,11,0,0,55,2314.8193170712048,0.2,-7.476666666666667
47.03333333333333,97,AV,2,4,1,4,14,0,0,86,844.3352662229099,0.2,-9.406666666666666
28.033333333333335,205,AV,1,4,9,9,1,0,0,56,1293.252850487379,0.2,-5.606666666666667
44.43333333333333,14,AV,2,4,6,6,8,0,0,63,616.3739675020589,0.4,-17.773333333333333
35.31666666666667,174,AV,1,1,9,9,1,0,0,70,1869.7531794209297,0.9,-31.785000000000004
30.2,164,AV,2,1,3,3,4,0,0,45,2629.980017260476,0.9,-27.18
25.516666666666666,71,AV,0,9,5,4,2,0,0,58,7099.697064525982,0.1,-2.5516666666666667
37.1,13,AV,1,4,9,9,7,0,0,92,18628.94525544202,0.2,-7.420000000000001
24.3,190,AV,2,5,2,2,11,0,0,15,4376.119511966378,0.3,-7.29
30.75,20,AV,2,3,4,1,10,0,0,43,3456.1529418207683,0.1,-3.075
18.366666666666667,152,AV,1,4,9,4,7,0,0,37,2754.938443140308,0.2,-3.673333333333334
42.96666666666667,4,AV,2,4,6,6,7,0,0,69,979.5720138781878,0.1,-4.296666666666667
16.983333333333334,240,AV,0,9,9,4,6,0,0,40,4021.28082322038,0.1,-1.6983333333333335
34.88333333333333,227,AV,2,4,3,8,3,0,0,48,818.0604611907775,0.8,-27.906666666666666
49.8,133,AV,2,3,2,6,11,0,0,69,15387.119225735782,0.1,-4.98
43.9,247,AV,2,3,6,7,9,0,0,59,2971.291490045772,0.2,-8.78
15.1,31,AV,1,4,9,9,2,0,0,32,2239.257430619588,0.4,-6.04
32.43333333333333,68,AV,2,4,6,4,7,0,0,50,3024.224513765153,0.1,-3.243333333333333
32.166666666666664,87,AV,2,2,0,3,12,0,0,45,1097.8259349569896,0.5,-16.083333333333332
26.9,74,AV,2,4,6,6,8,0,0,33,779.2240782816187,0.8,-21.52
32.733333333333334,239,AV,2,4,6,6,8,0,0,49,3151.1733449572957,0.5,-16.366666666666667
41.0,267,AV,2,0,0,1,10,0,0,65,1546.5147326922538,0.2,-8.200000000000001
29.333333333333332,210,AV,1,4,9,4,5,0,0,58,14505.369879802229,0.1,-2.9333333333333336
24.1,257,AV,0,9,3,7,11,0,0,57,636.6552097563458,0.7,-16.87
24.3,179,AV,2,4,1,4,5,0,0,35,2401.1770329784995,0.4,-9.72
20.55,202,AV,1,4,9,9,0,0,0,45,912.6272274022258,0.3,-6.165
22.266666666666666,181,AV,2,5,6,4,6,0,0,2,1391.0507319816634,0.1,-2.2266666666666666
39.18333333333333,135,AV,2,4,6,6,8,0,0,55,491.0984231068265,0.2,-7.836666666666666
14.35,283,AV,1,4,9,9,1,0,0,29,7332.887514065835,0.3,-4.305
23.933333333333334,236,AV,2,7,1,7,7,0,0,31,1824.367004680513,0.2,-4.786666666666667
24.2,180,AV,2,2,7,9,1,0,0,5,2318.1098695731453,0.2,-4.84
29.083333333333332,238,AV,2,4,6,4,8,0,0,41,1552.9853059451273,0.1,-2.908333333333333
43.7,199,AV,2,4,6,6,7,0,0,67,2329.0008356791827,0.4,-17.48
25.6,102,AV,1,4,9,9,2,0,0,47,627.4062491148882,0.8,-20.480000000000004
41.233333333333334,93,AV,2,1,2,4,5,0,0,65,4116.183110063293,0.2,-8.246666666666668
40.96666666666667,191,AV,2,1,3,1,6,0,0,61,5557.427333357366,0.2,-8.193333333333333
16.8,126,AV,1,4,9,4,8,0,0,35,5480.041794665195,0.2,-3.3600000000000003
19.033333333333335,184,AV,0,9,4,0,6,0,0,45,892.1845339920479,0.4,-7.613333333333334
30.85,28,AV,1,4,9,9,0,0,0,62,1530.0661682302475,0.2,-6.170000000000001
43.85,213,AV,2,4,6,6,7,0,0,65,4609.601315671212,0.1,-4.385000000000001
33.68333333333333,259,AV,2,4,6,6,6,0,0,51,1490.1599361877834,0.5,-16.841666666666665
36.86666666666667,105,AV,1,1,9,9,0,0,0,80,2891.134206742707,0.7,-25.806666666666665
31.933333333333334,79,AV,1,6,9,8,2,0,0,62,921.9548251796884,0.3,-9.58
40.85,209,AV,2,3,0,5,11,0,0,59,2909.8477340427667,0.3,-12.255
24.783333333333335,86,AV,2,4,6,4,8,0,0,31,1794.439334206041,0.2,-4.956666666666667
17.816666666666666,232,AV,1,4,9,4,12,0,0,36,1405.7852601227096,0.2,-3.5633333333333335
13.7,62,AV,1,6,9,1,2,0,0,25,8028.27043643778,0.3,-4.109999999999999
27.883333333333333,207,AV,2,4,6,4,7,0,0,34,4416.224882412617,0.2,-5.576666666666667
28.166666666666668,175,AV,1,5,9,0,3,0,0,57,2411.397471856681,0.5,-14.083333333333334
24.483333333333334,110,AV,1,4,9,9,1,0,0,49,1059.8377785859489,0.3,-7.345
27.1,169,AV,1,4,9,9,3,0,0,53,2835.850686157305,0.6,-16.26
35.21666666666667,249,AV,1,2,8,8,9,0,0,67,1444.5182772575097,0.2,-7.043333333333334
29.783333333333335,298,AV,1,4,9,9,3,0,0,59,1993.780724220221,0.8,-23.826666666666668
31.0,52,AV,2,6,7,0,7,0,0,45,946.2003450753726,0.3,-9.299999999999999
28.883333333333333,18,AV,2,6,0,1,6,0,0,41,1527.6889462703334,0.6,-17.33
41.56666666666667,88,AV,2,4,6,6,7,0,0,57,1317.647826688136,0.2,-8.313333333333334
26.3,38,AV,1,4,9,9,12,0,0,51,5307.329693361759,0.6,-15.78
17.15,214,AV,1,4,9,9,1,0,0,32,539.5213747330826,0.3,-5.145
34.45,39,AV,2,4,6,0,6,0,0,44,600.3305173079323,0.1,-3.4450000000000003
8.316666666666666,150,AV,0,9,9,4,3,0,0,27,2857.8751728516777,0.1,-0.8316666666666667
17.366666666666667,289,AV,1,4,9,9,3,0,0,37,870.7377108213431,0.5,-8.683333333333334
22.866666666666667,161,AV,1,4,9,9,0,0,0,48,6918.069898529506,0.5,-11.433333333333334
36.88333333333333,92,AV,1,6,8,8,2,0,0,74,682.056612603955,0.7,-25.81833333333333
12.833333333333334,292,AV,1,3,8,2,3,0,0,12,2458.2611968747465,0.1,-1.2833333333333334
23.783333333333335,172,AV,1,4,9,4,2,0,0,50,6197.036257351283,0.1,-2.3783333333333334
18.983333333333334,273,AV,1,4,9,4,2,0,0,38,5144.150368411208,0.1,-1.8983333333333334
27.666666666666668,260,AV,1,4,9,9,2,0,0,56,4135.471393234625,0.2,-5.533333333333334
19.116666666666667,144,AV,1,4,9,9,1,0,0,41,813.126641713825,0.3,-5.735
36.15,256,AV,1,5,8,8,3,0,0,73,5984.209260784091,0.7,-25.304999999999996
28.666666666666668,145,AV,1,4,9,9,0,0,0,57,5985.732437913218,0.2,-5.733333333333334
32.7,119,AV,1,4,9,4,6,0,0,63,4343.557359248321,0.1,-3.2700000000000005
24.433333333333334,229,AV,1,4,9,4,8,0,0,51,4446.537177105173,0.2,-4.886666666666667
28.216666666666665,138,AV,2,4,6,6,8,0,0,37,10721.15711953896,0.6,-16.93
35.233333333333334,288,AV,1,4,9,9,3,0,0,66,5825.994272151124,0.4,-14.093333333333334
27.95,177,AV,1,4,9,9,1,0,0,53,542.8991684878858,0.2,-5.59
26.366666666666667,299,AV,1,4,9,9,2,0,0,53,10426.353459350525,0.2,-5.273333333333333
26.4,124,AV,2,1,5,1,7,0,0,25,1386.7650627050614,0.8,-21.12
22.4,131,AV,0,9,8,9,1,0,0,52,1404.912317929139,0.2,-4.4799999999999995
29.033333333333335,54,AV,2,0,6,1,15,0,0,36,1310.9401185904849,0.3,-8.71
40.733333333333334,82,AV,2,0,4,7,10,0,0,59,465.3670128771111,0.4,-16.293333333333333
6.8,22,AV,0,9,9,4,7,0,0,24,1046.6558973464134,0.1,-0.68
25.366666666666667,16,AV,2,4,6,4,8,0,0,39,7130.271245067938,0.1,-2.536666666666667
39.78333333333333,26,AV,2,4,6,4,8,0,0,63,1592.6375082496468,0.1,-3.9783333333333335
36.96666666666667,167,AV,2,0,1,3,8,0,0,55,2222.040577514192,0.1,-3.696666666666667
35.81666666666667,295,AV,1,4,9,9,1,0,0,74,3487.44186130441,0.1,-3.581666666666667
49.28333333333333,266,AV,2,4,6,6,8,0,0,74,19040.472291926453,0.1,-4.928333333333334
18.516666666666666,33,AV,1,4,9,9,0,0,0,40,8326.33528790118,0.8,-14.813333333333333
27.166666666666668,226,AV,1,4,8,0,0,0,0,51,1659.6531244520008,0.1,-2.716666666666667
41.61666666666667,189,AV,2,4,6,6,8,0,0,59,2052.607856914241,0.3,-12.485
23.433333333333334,290,AV,1,4,9,9,3,0,0,45,586.3474640105957,0.3,-7.03
37.75,182,AV,1,4,9,9,0,0,0,83,2476.7673195544394,0.3,-11.325
34.63333333333333,284,AV,1,4,9,9,1,0,0,68,4660.29795945294,0.5,-17.316666666666666
31.483333333333334,12,AV,2,0,7,1,10,0,0,49,3031.4508351358254,0.5,-15.741666666666667
10.383333333333333,173,AV,0,9,9,4,2,0,0,25,3942.222625638348,0.1,-1.0383333333333333
11.783333333333333,121,AV,0,9,3,2,1,0,0,31,3427.0421228311798,0.2,-2.356666666666667
15.866666666666667,253,AV,2,4,6,4,6,0,0,0,5611.673516276995,0.1,-1.586666666666667
33.8,149,AV,1,4,9,9,0,0,0,65,2767.495209174315,0.5,-16.9
31.033333333333335,42,AV,2,2,5,7,14,0,0,46,2797.307504072895,0.3,-9.31
24.266666666666666,70,AV,1,4,9,9,4,0,0,50,1929.5758599688188,0.4,-9.706666666666667
28.2,170,AV,1,4,9,4,9,0,0,54,4113.319853961603,0.2,-5.640000000000001
35.45,281,AV,1,4,9,9,9,0,0,70,4459.768546990965,0.8,-28.360000000000003
37.516666666666666,153,AV,2,2,0,0,6,0,0,53,676.2529471816457,0.3,-11.254999999999999
28.4,9,AV,2,1,0,6,6,0,0,35,1454.957177165027,0.1,-2.84
19.916666666666668,123,AV,2,0,4,2,12,0,0,20,658.4091024775607,0.7,-13.941666666666666
14.733333333333333,168,AV,1,4,8,4,0,0,0,21,783.6834518391023,0.1,-1.4733333333333334
24.766666666666666,29,AV,2,4,5,1,6,0,0,30,1567.0706205360798,0.1,-2.4766666666666666
45.65,112,AV,2,4,3,4,4,0,0,65,1592.2311391495805,0.4,-18.26
32.38333333333333,216,AV,2,4,6,6,8,0,0,47,2108.868816674547,0.2,-6.476666666666667
48.18333333333333,85,AV,2,4,6,6,8,0,0,82,3534.445695738256,0.4,-19.273333333333333
23.633333333333333,188,AV,2,4,6,6,6,0,0,34,2177.5877894542577,0.4,-9.453333333333333
12.733333333333333,72,AV,1,4,9,9,0,0,0,23,11861.36896338871,1.0,-12.733333333333333
22.933333333333334,296,AV,1,4,9,9,2,0,0,48,822.5771428470101,0.2,-4.586666666666667
25.683333333333334,244,AV,1,4,9,4,2,0,0,52,3368.9508766880413,0.1,-2.5683333333333334
14.016666666666667,98,AV,0,9,8,5,0,0,0,34,4959.361066312568,0.3,-4.205
22.0,268,AV,0,9,1,8,3,0,0,50,2574.4307659940623,0.1,-2.2
10.216666666666667,96,AV,0,9,9,4,4,0,0,30,1832.3133019091129,0.1,-1.0216666666666667
31.8,297,AV,2,2,1,3,6,0,0,48,2815.231094880572,0.9,-28.62
39.516666666666666,235,AV,2,1,3,4,5,0,0,61,5427.330032863625,0.7,-27.661666666666665
33.11666666666667,147,AV,2,4,4,4,5,0,0,51,904.859336063587,0.1,-3.311666666666667
27.133333333333333,130,AV,1,4,9,4,8,0,0,54,2398.572127464108,0.1,-2.7133333333333334
45.46666666666667,17,AV,2,5,3,4,9,0,0,73,3919.41152379869,0.1,-4.546666666666667
13.9,293,AV,0,8,8,1,2,0,0,35,5913.041300376779,0.1,-1.3900000000000001
22.966666666666665,255,AV,2,4,6,6,8,0,0,20,933.6906207466446,0.5,-11.483333333333333
34.6,136,AV,1,1,9,9,1,0,0,65,854.5785374972068,1.0,-34.6
42.583333333333336,269,AV,2,4,6,6,8,0,0,68,1950.0200213032829,0.1,-4.258333333333334
25.9,183,AV,2,4,2,1,6,0,0,31,4818.617258984985,0.3,-7.77
40.65,75,AV,2,4,6,6,8,0,0,52,7897.119961473183,0.2,-8.13
25.783333333333335,233,AV,1,4,9,4,9,0,0,51,2965.4163440895786,0.1,-2.5783333333333336
46.166666666666664,274,AV,2,1,5,8,5,0,0,81,6563.608435155774,0.1,-4.616666666666666
25.983333333333334,277,AV,2,3,2,6,9,0,0,32,1074.3823512953045,0.2,-5.196666666666667
26.3,200,AV,2,4,6,6,8,0,0,34,8987.033628468456,0.5,-13.15
32.61666666666667,248,AV,1,1,9,9,3,0,0,64,610.4868582393152,1.0,-32.61666666666667
38.9,127,AV,2,1,6,7,8,0,0,54,1945.516475481125,1.0,-38.9
