travel_time,id,kind,action,origin,destination,start_time,income,urgency,reward,observation,cost_table
17.45,242,AV,1,0,0,13,5144.150368411208,,-17.45,"0,0,0,0","0,0,0"
42.516666666666666,205,AV,1,0,0,70,3487.44186130441,,-42.516666666666666,"0,0,0,0","0,0,0"
20.5,137,AV,0,0,0,62,2108.868816674547,,-20.5,"0,0,0,0","0,0,0"
39.81666666666667,43,AV,1,0,0,66,946.2003450753726,,-39.81666666666667,"0,0,0,0","0,0,0"
44.21666666666667,244,AV,1,0,0,75,5307.329693361759,,-44.21666666666667,"0,0,0,0","0,0,0"
45.4,102,AV,1,0,0,76,1628.9397076974285,,-45.4,"0,0,0,0","0,0,0"
42.4,123,AV,1,0,0,69,1927.298426803608,,-42.4,"0,0,0,0","0,0,0"
16.85,157,AV,1,0,0,11,2398.572127464108,,-16.85,"0,0,0,0","0,0,0"
29.65,171,AV,1,0,0,44,2750.2432356670683,,-29.65,"0,0,0,0","0,0,0"
15.5,289,AV,1,0,0,9,10426.353459350525,,-15.5,"0,0,0,0","0,0,0"
21.266666666666666,131,AV,1,0,0,15,2022.4315636845977,,-21.266666666666666,"0,0,0,0","0,0,0"
40.266666666666666,295,AV,1,0,0,65,14312.770160915026,,-40.266666666666666,"0,0,0,0","0,0,0"
29.616666666666667,49,AV,1,0,0,43,975.0940381265832,,-29.616666666666667,"0,0,0,0","0,0,0"
17.35,231,AV,1,0,0,13,4577.590037133467,,-17.35,"0,0,0,0","0,0,0"
37.56666666666667,101,AV,1,0,0,62,1597.8734280578535,,-37.56666666666667,"0,0,0,0","0,0,0"
26.083333333333332,193,AV,2,0,0,17,3236.647802754315,,-26.083333333333332,"0,0,0,0","0,0,0"
29.116666666666667,215,AV,1,0,0,41,3882.59008652233,,-29.116666666666667,"0,0,0,0","0,0,0"
20.866666666666667,66,AV,1,0,0,18,1150.2916000513435,,-20.866666666666667,"0,0,0,0","0,0,0"
35.88333333333333,48,AV,1,0,0,58,969.457736312404,,-35.88333333333333,"0,0,0,0","0,0,0"
38.53333333333333,59,AV,1,0,0,64,1104.4445206976068,,-38.53333333333333,"0,0,0,0","0,0,0"
15.466666666666667,127,AV,1,0,0,8,1986.5043233563797,,-15.466666666666667,"0,0,0,0","0,0,0"
34.2,67,AV,1,0,0,52,1167.011530479414,,-34.2,"0,0,0,0","0,0,0"
26.366666666666667,217,AV,1,0,0,35,3919.41152379869,,-26.366666666666667,"0,0,0,0","0,0,0"
52.53333333333333,146,AV,1,0,0,97,2218.7455195521825,,-52.53333333333333,"0,0,0,0","0,0,0"
35.65,128,AV,1,0,0,55,1993.780724220221,,-35.65,"0,0,0,0","0,0,0"
41.61666666666667,134,AV,1,0,0,68,2043.1688306873104,,-41.61666666666667,"0,0,0,0","0,0,0"
28.266666666666666,82,AV,1,0,0,40,1342.087988935639,,-28.266666666666666,"0,0,0,0","0,0,0"
38.35,1,AV,1,0,0,63,449.0833195935783,,-38.35,"0,0,0,0","0,0,0"
36.53333333333333,125,AV,1,0,0,59,1942.5668635563816,,-36.53333333333333,"0,0,0,0","0,0,0"
45.416666666666664,153,AV,1,0,0,78,2318.2944376966047,,-45.416666666666664,"0,0,0,0","0,0,0"
31.6,94,AV,1,0,0,44,1527.6889462703334,,-31.6,"0,0,0,0","0,0,0"
34.53333333333333,6,AV,1,0,0,52,508.6019702527906,,-34.53333333333333,"0,0,0,0","0,0,0"
18.85,72,AV,1,0,0,16,1261.43865123121,,-18.85,"0,0,0,0","0,0,0"
20.75,232,AV,1,0,0,19,4645.51881630073,,-20.75,"0,0,0,0","0,0,0"
36.5,245,AV,1,0,0,59,5354.15698790508,,-36.5,"0,0,0,0","0,0,0"
26.716666666666665,203,AV,1,0,0,39,3456.1529418207683,,-26.716666666666665,"0,0,0,0","0,0,0"
46.833333333333336,252,AV,2,0,0,99,5825.994272151124,,-46.833333333333336,"0,0,0,0","0,0,0"
15.233333333333333,70,AV,1,0,0,4,1249.5878531833848,,-15.233333333333333,"0,0,0,0","0,0,0"
53.05,188,AV,1,0,0,100,3101.095365071405,,-53.05,"0,0,0,0","0,0,0"
39.28333333333333,267,AV,1,0,0,63,6995.337061486569,,-39.28333333333333,"0,0,0,0","0,0,0"
21.9,266,AV,1,0,0,21,6947.27484286379,,-21.9,"0,0,0,0","0,0,0"
37.7,163,AV,1,0,0,61,2538.843693606908,,-37.7,"0,0,0,0","0,0,0"
22.266666666666666,42,AV,1,0,0,22,932.1411738504048,,-22.266666666666666,"0,0,0,0","0,0,0"
38.31666666666667,186,AV,1,0,0,61,3048.604611013583,,-38.31666666666667,"0,0,0,0","0,0,0"
35.75,34,AV,1,0,0,58,832.3173438658397,,-35.75,"0,0,0,0","0,0,0"
29.15,265,AV,1,0,0,43,6918.069898529506,,-29.15,"0,0,0,0","0,0,0"
49.016666666666666,281,AV,1,0,0,89,8139.327108000771,,-49.016666666666666,"0,0,0,0","0,0,0"
30.683333333333334,151,AV,1,0,0,44,2294.767722006211,,-30.683333333333334,"0,0,0,0","0,0,0"
8.316666666666666,209,AV,0,0,0,15,3630.005597296026,,-8.316666666666666,"0,0,0,0","0,0,0"
12.116666666666667,30,AV,1,0,0,5,814.1496548969513,,-12.116666666666667,"0,0,0,0","0,0,0"
49.416666666666664,81,AV,1,0,0,88,1338.7213376931895,,-49.416666666666664,"0,0,0,0","0,0,0"
21.7,65,AV,2,0,0,7,1148.9174546898266,,-21.7,"0,0,0,0","0,0,0"
40.18333333333333,90,AV,1,0,0,68,1467.6871321740252,,-40.18333333333333,"0,0,0,0","0,0,0"
51.93333333333333,277,AV,1,0,0,95,7912.643587116454,,-51.93333333333333,"0,0,0,0","0,0,0"
35.61666666666667,118,AV,1,0,0,54,1830.3424648913517,,-35.61666666666667,"0,0,0,0","0,0,0"
29.233333333333334,201,AV,1,0,0,40,3393.6426315430986,,-29.233333333333334,"0,0,0,0","0,0,0"
43.016666666666666,89,AV,2,0,0,94,1457.5875839824732,,-43.016666666666666,"0,0,0,0","0,0,0"
25.683333333333334,162,AV,1,0,0,30,2530.9644311939346,,-25.683333333333334,"0,0,0,0","0,0,0"
42.75,185,AV,1,0,0,70,3046.5766145774583,,-42.75,"0,0,0,0","0,0,0"
50.81666666666667,228,AV,1,0,0,92,4559.760277629775,,-50.81666666666667,"0,0,0,0","0,0,0"
11.816666666666666,275,AV,1,0,0,3,7658.5640246764915,,-11.816666666666666,"0,0,0,0","0,0,0"
22.616666666666667,256,AV,1,0,0,25,6007.794801579103,,-22.616666666666667,"0,0,0,0","0,0,0"
15.05,111,AV,1,0,0,1,1783.933402668827,,-15.05,"0,0,0,0","0,0,0"
42.666666666666664,95,AV,1,0,0,72,1530.6528609905624,,-42.666666666666664,"0,0,0,0","0,0,0"
21.4,258,AV,1,0,0,17,6081.635477498837,,-21.4,"0,0,0,0","0,0,0"
46.166666666666664,191,AV,1,0,0,77,3159.4556453821087,,-46.166666666666664,"0,0,0,0","0,0,0"
15.216666666666667,16,AV,1,0,0,7,626.2908344343901,,-15.216666666666667,"0,0,0,0","0,0,0"
43.43333333333333,97,AV,1,0,0,73,1541.4014724042315,,-43.43333333333333,"0,0,0,0","0,0,0"
18.183333333333334,161,AV,1,0,0,12,2472.005569054355,,-18.183333333333334,"0,0,0,0","0,0,0"
32.35,279,AV,1,0,0,49,8011.326014866212,,-32.35,"0,0,0,0","0,0,0"
40.233333333333334,5,AV,1,0,0,69,497.26542980048754,,-40.233333333333334,"0,0,0,0","0,0,0"
46.86666666666667,38,AV,1,0,0,85,863.3540159882258,,-46.86666666666667,"0,0,0,0","0,0,0"
34.13333333333333,87,AV,1,0,0,53,1447.5744631551047,,-34.13333333333333,"0,0,0,0","0,0,0"
43.78333333333333,46,AV,1,0,0,76,961.7772661313056,,-43.78333333333333,"0,0,0,0","0,0,0"
29.883333333333333,147,AV,1,0,0,44,2241.037238818388,,-29.883333333333333,"0,0,0,0","0,0,0"
16.483333333333334,216,AV,1,0,0,10,3898.759045987068,,-16.483333333333334,"0,0,0,0","0,0,0"
33.6,13,AV,1,0,0,50,591.6693204447811,,-33.6,"0,0,0,0","0,0,0"
46.6,17,AV,1,0,0,84,627.4062491148882,,-46.6,"0,0,0,0","0,0,0"
18.516666666666666,229,AV,1,0,0,12,4569.840806868062,,-18.516666666666666,"0,0,0,0","0,0,0"
50.833333333333336,292,AV,1,0,0,96,11515.391842589095,,-50.833333333333336,"0,0,0,0","0,0,0"
31.516666666666666,62,AV,1,0,0,47,1122.7546975855585,,-31.516666666666666,"0,0,0,0","0,0,0"
25.333333333333332,106,AV,1,0,0,28,1691.6338586686718,,-25.333333333333332,"0,0,0,0","0,0,0"
40.416666666666664,159,AV,2,0,0,79,2411.397471856681,,-40.416666666666664,"0,0,0,0","0,0,0"
23.566666666666666,50,AV,1,0,0,25,1011.0784796502788,,-23.566666666666666,"0,0,0,0","0,0,0"
17.533333333333335,51,AV,1,0,0,11,1014.5614647146556,,-17.533333333333335,"0,0,0,0","0,0,0"
36.0,276,AV,1,0,0,58,7864.29237148983,,-36.0,"0,0,0,0","0,0,0"
30.983333333333334,144,AV,1,0,0,46,2212.8825544422834,,-30.983333333333334,"0,0,0,0","0,0,0"
18.7,213,AV,1,0,0,15,3822.7735841463273,,-18.7,"0,0,0,0","0,0,0"
24.55,10,AV,1,0,0,28,541.9839687696077,,-24.55,"0,0,0,0","0,0,0"
25.466666666666665,19,AV,1,0,0,30,658.4091024775607,,-25.466666666666665,"0,0,0,0","0,0,0"
45.45,167,AV,1,0,0,80,2629.980017260476,,-45.45,"0,0,0,0","0,0,0"
47.43333333333333,183,AV,1,0,0,85,3017.17067826153,,-47.43333333333333,"0,0,0,0","0,0,0"
21.133333333333333,224,AV,1,0,0,18,4135.471393234625,,-21.133333333333333,"0,0,0,0","0,0,0"
36.71666666666667,233,AV,2,0,0,49,4687.914961676448,,-36.71666666666667,"0,0,0,0","0,0,0"
20.183333333333334,274,AV,0,0,0,59,7572.106998522375,,-20.183333333333334,"0,0,0,0","0,0,0"
23.55,290,AV,2,0,0,15,10783.100237376317,,-23.55,"0,0,0,0","0,0,0"
37.666666666666664,296,AV,1,0,0,62,14505.369879802229,,-37.666666666666664,"0,0,0,0","0,0,0"
25.166666666666668,236,AV,1,0,0,31,4843.3187157075145,,-25.166666666666668,"0,0,0,0","0,0,0"
30.716666666666665,178,AV,1,0,0,44,2927.9701715656583,,-30.716666666666665,"0,0,0,0","0,0,0"
32.68333333333333,117,AV,1,0,0,51,1824.367004680513,,-32.68333333333333,"0,0,0,0","0,0,0"
50.833333333333336,53,AV,1,0,0,93,1020.5842314575186,,-50.833333333333336,"0,0,0,0","0,0,0"
13.783333333333333,31,AV,1,0,0,7,818.0604611907775,,-13.783333333333333,"0,0,0,0","0,0,0"
11.816666666666666,170,AV,1,0,0,0,2744.255474143275,,-11.816666666666666,"0,0,0,0","0,0,0"
28.566666666666666,20,AV,1,0,0,42,670.158540600369,,-28.566666666666666,"0,0,0,0","0,0,0"
47.516666666666666,44,AV,1,0,0,84,950.4213588862824,,-47.516666666666666,"0,0,0,0","0,0,0"
36.766666666666666,142,AV,1,0,0,60,2187.718469250836,,-36.766666666666666,"0,0,0,0","0,0,0"
51.11666666666667,165,AV,1,0,0,96,2574.4307659940623,,-51.11666666666667,"0,0,0,0","0,0,0"
22.25,155,AV,1,0,0,26,2344.9936519099742,,-22.25,"0,0,0,0","0,0,0"
44.233333333333334,158,AV,1,0,0,77,2401.1770329784995,,-44.233333333333334,"0,0,0,0","0,0,0"
19.716666666666665,63,AV,1,0,0,12,1141.0395517097602,,-19.716666666666665,"0,0,0,0","0,0,0"
27.15,206,AV,1,0,0,38,3583.4963710051925,,-27.15,"0,0,0,0","0,0,0"
30.55,202,AV,1,0,0,47,3414.9419898187493,,-30.55,"0,0,0,0","0,0,0"
30.883333333333333,55,AV,1,0,0,45,1025.7249596144625,,-30.883333333333333,"0,0,0,0","0,0,0"
44.6,280,AV,1,0,0,76,8134.997760071039,,-44.6,"0,0,0,0","0,0,0"
37.85,288,AV,1,0,0,63,9667.367812467324,,-37.85,"0,0,0,0","0,0,0"
54.11666666666667,8,AV,1,0,0,100,522.2875039790788,,-54.11666666666667,"0,0,0,0","0,0,0"
28.75,47,AV,0,0,0,94,968.7072844723906,,-28.75,"0,0,0,0","0,0,0"
41.666666666666664,41,AV,1,0,0,72,932.0432837729122,,-41.666666666666664,"0,0,0,0","0,0,0"
43.166666666666664,293,AV,1,0,0,73,11940.25564443948,,-43.166666666666664,"0,0,0,0","0,0,0"
13.216666666666667,211,AV,1,0,0,2,3773.073658575576,,-13.216666666666667,"0,0,0,0","0,0,0"
43.2,143,AV,1,0,0,76,2187.907521251699,,-43.2,"0,0,0,0","0,0,0"
35.93333333333333,109,AV,1,0,0,60,1778.835052690156,,-35.93333333333333,"0,0,0,0","0,0,0"
29.316666666666666,298,AV,2,0,0,47,17322.90883950548,,-29.316666666666666,"0,0,0,0","0,0,0"
49.03333333333333,113,AV,1,0,0,90,1797.659883656486,,-49.03333333333333,"0,0,0,0","0,0,0"
26.416666666666668,57,AV,1,0,0,35,1089.3140785512585,,-26.416666666666668,"0,0,0,0","0,0,0"
46.233333333333334,85,AV,1,0,0,79,1386.7650627050614,,-46.233333333333334,"0,0,0,0","0,0,0"
47.766666666666666,54,AV,1,0,0,85,1020.7360413649084,,-47.766666666666666,"0,0,0,0","0,0,0"
50.333333333333336,133,AV,1,0,0,90,2033.019749384408,,-50.333333333333336,"0,0,0,0","0,0,0"
19.783333333333335,86,AV,1,0,0,16,1404.912317929139,,-19.783333333333335,"0,0,0,0","0,0,0"
42.5,9,AV,1,0,0,71,539.5213747330826,,-42.5,"0,0,0,0","0,0,0"
22.933333333333334,149,AV,1,0,0,27,2283.7291705859197,,-22.933333333333334,"0,0,0,0","0,0,0"
48.53333333333333,198,AV,1,0,0,86,3352.9358316496982,,-48.53333333333333,"0,0,0,0","0,0,0"
48.15,299,AV,1,0,0,88,20793.30768626012,,-48.15,"0,0,0,0","0,0,0"
31.633333333333333,150,AV,1,0,0,48,2293.603195459698,,-31.633333333333333,"0,0,0,0","0,0,0"
24.683333333333334,294,AV,1,0,0,28,13351.937436366714,,-24.683333333333334,"0,0,0,0","0,0,0"
34.85,249,AV,1,0,0,53,5702.891177591027,,-34.85,"0,0,0,0","0,0,0"
21.116666666666667,23,AV,1,0,0,21,736.5379020629116,,-21.116666666666667,"0,0,0,0","0,0,0"
35.71666666666667,75,AV,1,0,0,57,1275.9312017726234,,-35.71666666666667,"0,0,0,0","0,0,0"
33.766666666666666,237,AV,2,0,0,56,4959.361066312568,,-33.766666666666666,"0,0,0,0","0,0,0"
40.65,271,AV,1,0,0,67,7128.986247371214,,-40.65,"0,0,0,0","0,0,0"
33.6,221,AV,1,0,0,50,4034.238052294327,,-33.6,"0,0,0,0","0,0,0"
26.633333333333333,148,AV,2,0,0,18,2260.56382504795,,-26.633333333333333,"0,0,0,0","0,0,0"
49.2,285,AV,1,0,0,87,8981.750106371177,,-49.2,"0,0,0,0","0,0,0"
28.0,84,AV,2,0,0,13,1373.5659577718477,,-28.0,"0,0,0,0","0,0,0"
52.75,14,AV,1,0,0,100,601.3137559373858,,-52.75,"0,0,0,0","0,0,0"
18.683333333333334,7,AV,1,0,0,13,513.3463032142733,,-18.683333333333334,"0,0,0,0","0,0,0"
23.6,189,AV,1,0,0,28,3119.7161673652217,,-23.6,"0,0,0,0","0,0,0"
36.3,283,AV,1,0,0,58,8480.737499651503,,-36.3,"0,0,0,0","0,0,0"
41.81666666666667,250,AV,1,0,0,73,5807.233742044462,,-41.81666666666667,"0,0,0,0","0,0,0"
20.65,130,AV,1,0,0,17,2011.9739719035176,,-20.65,"0,0,0,0","0,0,0"
46.15,154,AV,1,0,0,81,2335.4036410281064,,-46.15,"0,0,0,0","0,0,0"
50.36666666666667,129,AV,1,0,0,91,2010.868248891871,,-50.36666666666667,"0,0,0,0","0,0,0"
33.71666666666667,227,AV,2,0,0,48,4547.885280126284,,-33.71666666666667,"0,0,0,0","0,0,0"
21.133333333333333,145,AV,1,0,0,17,2218.0502812558643,,-21.133333333333333,"0,0,0,0","0,0,0"
39.63333333333333,40,AV,1,0,0,64,914.1934345695068,,-39.63333333333333,"0,0,0,0","0,0,0"
28.083333333333332,255,AV,1,0,0,35,5911.733280178027,,-28.083333333333332,"0,0,0,0","0,0,0"
50.05,297,AV,1,0,0,91,15387.119225735782,,-50.05,"0,0,0,0","0,0,0"
12.2,168,AV,1,0,0,1,2675.3892374750885,,-12.2,"0,0,0,0","0,0,0"
39.38333333333333,257,AV,1,0,0,62,6020.57275324985,,-39.38333333333333,"0,0,0,0","0,0,0"
29.55,99,AV,1,0,0,42,1564.487892525026,,-29.55,"0,0,0,0","0,0,0"
47.78333333333333,223,AV,1,0,0,86,4113.319853961603,,-47.78333333333333,"0,0,0,0","0,0,0"
51.266666666666666,212,AV,1,0,0,93,3783.636689084741,,-51.266666666666666,"0,0,0,0","0,0,0"
23.166666666666668,225,AV,2,0,0,17,4237.057085974603,,-23.166666666666668,"0,0,0,0","0,0,0"
34.53333333333333,69,AV,1,0,0,55,1244.4027248274256,,-34.53333333333333,"0,0,0,0","0,0,0"
29.45,268,AV,2,0,0,36,7006.371100745904,,-29.45,"0,0,0,0","0,0,0"
53.53333333333333,108,AV,1,0,0,100,1751.9448432672848,,-53.53333333333333,"0,0,0,0","0,0,0"
15.316666666666666,22,AV,1,0,0,9,727.2326469992182,,-15.316666666666666,"0,0,0,0","0,0,0"
49.45,33,AV,1,0,0,93,825.4433072334436,,-49.45,"0,0,0,0","0,0,0"
49.2,181,AV,1,0,0,84,2964.6777926145683,,-49.2,"0,0,0,0","0,0,0"
32.18333333333333,160,AV,1,0,0,48,2421.0391237858234,,-32.18333333333333,"0,0,0,0","0,0,0"
27.55,287,AV,2,0,0,20,9030.678864893336,,-27.55,"0,0,0,0","0,0,0"
15.016666666666667,234,AV,1,0,0,7,4689.4303597647895,,-15.016666666666667,"0,0,0,0","0,0,0"
21.95,284,AV,1,0,0,21,8493.635575370567,,-21.95,"0,0,0,0","0,0,0"
41.25,196,AV,1,0,0,69,3278.222126324269,,-41.25,"0,0,0,0","0,0,0"
46.63333333333333,77,AV,1,0,0,79,1291.2118623687816,,-46.63333333333333,"0,0,0,0","0,0,0"
27.65,166,AV,1,0,0,39,2580.565825479665,,-27.65,"0,0,0,0","0,0,0"
21.75,197,AV,2,0,0,7,3301.717979419838,,-21.75,"0,0,0,0","0,0,0"
18.65,107,AV,1,0,0,12,1717.0377309640771,,-18.65,"0,0,0,0","0,0,0"
20.5,140,AV,1,0,0,18,2137.1188228190404,,-20.5,"0,0,0,0","0,0,0"
21.35,71,AV,1,0,0,24,1260.6549751070208,,-21.35,"0,0,0,0","0,0,0"
27.933333333333334,60,AV,1,0,0,39,1111.987968807459,,-27.933333333333334,"0,0,0,0","0,0,0"
44.18333333333333,192,AV,1,0,0,76,3227.056348793521,,-44.18333333333333,"0,0,0,0","0,0,0"
16.283333333333335,88,AV,1,0,0,11,1454.957177165027,,-16.283333333333335,"0,0,0,0","0,0,0"
33.833333333333336,83,AV,2,0,0,45,1348.5865378412918,,-33.833333333333336,"0,0,0,0","0,0,0"
53.2,173,AV,1,0,0,100,2758.442965787371,,-53.2,"0,0,0,0","0,0,0"
28.366666666666667,135,AV,1,0,0,36,2088.64210540395,,-28.366666666666667,"0,0,0,0","0,0,0"
39.733333333333334,78,AV,1,0,0,66,1291.7462447339112,,-39.733333333333334,"0,0,0,0","0,0,0"
49.083333333333336,243,AV,1,0,0,90,5158.4050556257225,,-49.083333333333336,"0,0,0,0","0,0,0"
23.6,172,AV,0,0,0,70,2753.3979495063454,,-23.6,"0,0,0,0","0,0,0"
15.016666666666667,139,AV,1,0,0,2,2131.3254046090938,,-15.016666666666667,"0,0,0,0","0,0,0"
36.483333333333334,120,AV,2,0,0,60,1848.7234685638712,,-36.483333333333334,"0,0,0,0","0,0,0"
24.233333333333334,68,AV,1,0,0,27,1200.7903182940884,,-24.233333333333334,"0,0,0,0","0,0,0"
19.166666666666668,26,AV,1,0,0,16,783.6834518391023,,-19.166666666666668,"0,0,0,0","0,0,0"
41.71666666666667,45,AV,1,0,0,70,954.0002559944874,,-41.71666666666667,"0,0,0,0","0,0,0"
26.7,169,AV,0,0,0,89,2722.266725979925,,-26.7,"0,0,0,0","0,0,0"
25.616666666666667,273,AV,1,0,0,30,7332.887514065835,,-25.616666666666667,"0,0,0,0","0,0,0"
36.6,184,AV,1,0,0,60,3024.224513765153,,-36.6,"0,0,0,0","0,0,0"
44.68333333333333,58,AV,1,0,0,76,1100.389953660579,,-44.68333333333333,"0,0,0,0","0,0,0"
22.083333333333332,286,AV,1,0,0,21,8987.822610831106,,-22.083333333333332,"0,0,0,0","0,0,0"
31.533333333333335,12,AV,1,0,0,48,572.7967315704935,,-31.533333333333335,"0,0,0,0","0,0,0"
22.866666666666667,259,AV,1,0,0,27,6130.868263041086,,-22.866666666666667,"0,0,0,0","0,0,0"
29.683333333333334,218,AV,1,0,0,43,3942.222625638348,,-29.683333333333334,"0,0,0,0","0,0,0"
52.45,291,AV,1,0,0,96,10838.007207066395,,-52.45,"0,0,0,0","0,0,0"
13.7,156,AV,1,0,0,3,2360.1328348572283,,-13.7,"0,0,0,0","0,0,0"
35.766666666666666,104,AV,1,0,0,56,1664.0464513081895,,-35.766666666666666,"0,0,0,0","0,0,0"
32.3,254,AV,1,0,0,47,5899.132481879994,,-32.3,"0,0,0,0","0,0,0"
25.583333333333332,114,AV,1,0,0,35,1799.695682844959,,-25.583333333333332,"0,0,0,0","0,0,0"
42.53333333333333,132,AV,1,0,0,73,2030.86588445069,,-42.53333333333333,"0,0,0,0","0,0,0"
28.416666666666668,164,AV,1,0,0,41,2563.744074524839,,-28.416666666666668,"0,0,0,0","0,0,0"
47.8,214,AV,1,0,0,88,3824.993837156676,,-47.8,"0,0,0,0","0,0,0"
53.71666666666667,3,AV,1,0,0,98,473.5024380788758,,-53.71666666666667,"0,0,0,0","0,0,0"
38.6,115,AV,1,0,0,64,1809.16611953512,,-38.6,"0,0,0,0","0,0,0"
25.4,138,AV,0,0,0,75,2123.4400354784907,,-25.4,"0,0,0,0","0,0,0"
32.35,240,AV,1,0,0,49,5009.92015912814,,-32.35,"0,0,0,0","0,0,0"
15.266666666666667,246,AV,1,0,0,8,5480.041794665195,,-15.266666666666667,"0,0,0,0","0,0,0"
54.36666666666667,36,AV,1,0,0,100,854.5785374972068,,-54.36666666666667,"0,0,0,0","0,0,0"
45.016666666666666,2,AV,1,0,0,76,457.16351791608827,,-45.016666666666666,"0,0,0,0","0,0,0"
39.916666666666664,174,AV,1,0,0,66,2838.632091159661,,-39.916666666666664,"0,0,0,0","0,0,0"
43.65,24,AV,1,0,0,75,741.34301771214,,-43.65,"0,0,0,0","0,0,0"
35.1,21,AV,1,0,0,56,699.2977112166509,,-35.1,"0,0,0,0","0,0,0"
50.75,25,AV,1,0,0,93,763.1985099142711,,-50.75,"0,0,0,0","0,0,0"
40.233333333333334,238,AV,2,0,0,87,4967.653125719208,,-40.233333333333334,"0,0,0,0","0,0,0"
28.316666666666666,121,AV,1,0,0,41,1885.557658153182,,-28.316666666666666,"0,0,0,0","0,0,0"
11.766666666666667,182,AV,1,0,0,0,2991.769966736588,,-11.766666666666667,"0,0,0,0","0,0,0"
50.03333333333333,226,AV,1,0,0,89,4434.023444374438,,-50.03333333333333,"0,0,0,0","0,0,0"
32.083333333333336,35,AV,2,0,0,22,849.0657401736111,,-32.083333333333336,"0,0,0,0","0,0,0"
21.966666666666665,116,AV,1,0,0,23,1823.811293294481,,-21.966666666666665,"0,0,0,0","0,0,0"
43.88333333333333,247,AV,1,0,0,75,5502.789496653042,,-43.88333333333333,"0,0,0,0","0,0,0"
10.266666666666667,126,AV,0,0,0,18,1950.0200213032829,,-10.266666666666667,"0,0,0,0","0,0,0"
27.283333333333335,112,AV,1,0,0,35,1794.439334206041,,-27.283333333333335,"0,0,0,0","0,0,0"
30.983333333333334,105,AV,1,0,0,47,1682.490559712908,,-30.983333333333334,"0,0,0,0","0,0,0"
16.266666666666666,37,AV,1,0,0,9,861.805442805673,,-16.266666666666666,"0,0,0,0","0,0,0"
26.1,262,AV,1,0,0,33,6446.254396158338,,-26.1,"0,0,0,0","0,0,0"
43.2,253,AV,1,0,0,74,5849.7981009167725,,-43.2,"0,0,0,0","0,0,0"
38.2,52,AV,1,0,0,62,1017.530975349866,,-38.2,"0,0,0,0","0,0,0"
46.2,136,AV,1,0,0,77,2105.159940183184,,-46.2,"0,0,0,0","0,0,0"
26.15,27,AV,1,0,0,34,793.0252767736928,,-26.15,"0,0,0,0","0,0,0"
16.5,152,AV,1,0,0,8,2302.618320259251,,-16.5,"0,0,0,0","0,0,0"
18.05,64,AV,1,0,0,11,1148.2139867956057,,-18.05,"0,0,0,0","0,0,0"
26.483333333333334,239,AV,1,0,0,30,4968.170350229253,,-26.483333333333334,"0,0,0,0","0,0,0"
28.283333333333335,18,AV,1,0,0,41,632.5893922142865,,-28.283333333333335,"0,0,0,0","0,0,0"
22.7,179,AV,1,0,0,25,2946.490055333797,,-22.7,"0,0,0,0","0,0,0"
32.78333333333333,93,AV,2,0,0,53,1507.5005543882637,,-32.78333333333333,"0,0,0,0","0,0,0"
23.633333333333333,180,AV,1,0,0,30,2953.761118311176,,-23.633333333333333,"0,0,0,0","0,0,0"
46.46666666666667,122,AV,1,0,0,82,1888.2149669861096,,-46.46666666666667,"0,0,0,0","0,0,0"
33.03333333333333,29,AV,1,0,0,48,806.3598325453933,,-33.03333333333333,"0,0,0,0","0,0,0"
25.5,4,AV,1,0,0,28,491.8679742725259,,-25.5,"0,0,0,0","0,0,0"
17.05,79,AV,1,0,0,12,1294.2551843223837,,-17.05,"0,0,0,0","0,0,0"
47.483333333333334,264,AV,1,0,0,82,6778.2755320215965,,-47.483333333333334,"0,0,0,0","0,0,0"
35.0,119,AV,1,0,0,57,1836.3970218708375,,-35.0,"0,0,0,0","0,0,0"
18.1,263,AV,1,0,0,13,6563.608435155774,,-18.1,"0,0,0,0","0,0,0"
26.383333333333333,187,AV,1,0,0,32,3097.4575811220984,,-26.383333333333333,"0,0,0,0","0,0,0"
24.283333333333335,92,AV,1,0,0,33,1496.328062426438,,-24.283333333333335,"0,0,0,0","0,0,0"
52.46666666666667,210,AV,1,0,0,98,3742.7752140142647,,-52.46666666666667,"0,0,0,0","0,0,0"
36.46666666666667,190,AV,1,0,0,60,3132.463358685509,,-36.46666666666667,"0,0,0,0","0,0,0"
39.11666666666667,251,AV,1,0,0,63,5825.425317043349,,-39.11666666666667,"0,0,0,0","0,0,0"
19.333333333333332,235,AV,1,0,0,17,4818.617258984985,,-19.333333333333332,"0,0,0,0","0,0,0"
30.316666666666666,56,AV,2,0,0,19,1040.734547163155,,-30.316666666666666,"0,0,0,0","0,0,0"
52.25,96,AV,1,0,0,92,1538.317647081207,,-52.25,"0,0,0,0","0,0,0"
39.13333333333333,98,AV,1,0,0,64,1564.4426034616197,,-39.13333333333333,"0,0,0,0","0,0,0"
44.06666666666667,11,AV,1,0,0,74,566.7055292848979,,-44.06666666666667,"0,0,0,0","0,0,0"
11.7,270,AV,1,0,0,4,7099.697064525982,,-11.7,"0,0,0,0","0,0,0"
28.0,194,AV,2,0,0,16,3257.969850357721,,-28.0,"0,0,0,0","0,0,0"
33.75,141,AV,1,0,0,51,2139.4702648744856,,-33.75,"0,0,0,0","0,0,0"
16.566666666666666,124,AV,1,0,0,11,1929.5758599688188,,-16.566666666666666,"0,0,0,0","0,0,0"
38.233333333333334,260,AV,1,0,0,62,6197.036257351283,,-38.233333333333334,"0,0,0,0","0,0,0"
15.283333333333333,91,AV,1,0,0,0,1485.5718097438446,,-15.283333333333333,"0,0,0,0","0,0,0"
15.716666666666667,278,AV,1,0,0,2,7958.958807233507,,-15.716666666666667,"0,0,0,0","0,0,0"
45.5,15,AV,1,0,0,76,623.7253316558669,,-45.5,"0,0,0,0","0,0,0"
22.0,248,AV,1,0,0,25,5702.616109653807,,-22.0,"0,0,0,0","0,0,0"
49.65,199,AV,1,0,0,90,3368.9508766880413,,-49.65,"0,0,0,0","0,0,0"
32.36666666666667,110,AV,1,0,0,51,1782.711710770346,,-32.36666666666667,"0,0,0,0","0,0,0"
23.816666666666666,176,AV,1,0,0,26,2853.537244729806,,-23.816666666666666,"0,0,0,0","0,0,0"
47.78333333333333,282,AV,1,0,0,85,8348.421721831439,,-47.78333333333333,"0,0,0,0","0,0,0"
41.65,207,AV,1,0,0,70,3608.770587345788,,-41.65,"0,0,0,0","0,0,0"
38.53333333333333,73,AV,2,0,0,65,1267.69032506861,,-38.53333333333333,"0,0,0,0","0,0,0"
52.13333333333333,261,AV,1,0,0,96,6230.691172258436,,-52.13333333333333,"0,0,0,0","0,0,0"
46.75,195,AV,1,0,0,81,3274.575105225111,,-46.75,"0,0,0,0","0,0,0"
26.45,200,AV,1,0,0,36,3386.12741774329,,-26.45,"0,0,0,0","0,0,0"
26.45,219,AV,1,0,0,35,3958.913906791885,,-26.45,"0,0,0,0","0,0,0"
29.316666666666666,32,AV,1,0,0,41,822.5771428470101,,-29.316666666666666,"0,0,0,0","0,0,0"
46.166666666666664,103,AV,1,0,0,82,1661.9571573900298,,-46.166666666666664,"0,0,0,0","0,0,0"
18.766666666666666,230,AV,1,0,0,14,4572.8741748457805,,-18.766666666666666,"0,0,0,0","0,0,0"
27.35,175,AV,1,0,0,39,2850.5966631146844,,-27.35,"0,0,0,0","0,0,0"
50.78333333333333,220,AV,1,0,0,93,4021.28082322038,,-50.78333333333333,"0,0,0,0","0,0,0"
39.65,39,AV,1,0,0,65,913.5589076746268,,-39.65,"0,0,0,0","0,0,0"
52.1,177,AV,1,0,0,95,2891.134206742707,,-52.1,"0,0,0,0","0,0,0"
15.0,204,AV,1,0,0,6,3465.4556083993225,,-15.0,"0,0,0,0","0,0,0"
15.866666666666667,76,AV,1,0,0,9,1282.6858023855964,,-15.866666666666667,"0,0,0,0","0,0,0"
32.666666666666664,100,AV,1,0,0,50,1592.2311391495805,,-32.666666666666664,"0,0,0,0","0,0,0"
52.8,208,AV,1,0,0,98,3628.2404526711953,,-52.8,"0,0,0,0","0,0,0"
32.61666666666667,269,AV,1,0,0,50,7081.334819999852,,-32.61666666666667,"0,0,0,0","0,0,0"
16.733333333333334,0,AV,1,0,0,7,437.8567856598078,,-16.733333333333334,"0,0,0,0","0,0,0"
21.383333333333333,74,AV,1,0,0,20,1275.6237969650936,,-21.383333333333333,"0,0,0,0","0,0,0"
48.28333333333333,241,AV,1,0,0,87,5051.78348307234,,-48.28333333333333,"0,0,0,0","0,0,0"
37.266666666666666,80,AV,1,0,0,60,1317.647826688136,,-37.266666666666666,"0,0,0,0","0,0,0"
34.18333333333333,272,AV,1,0,0,53,7177.938863287724,,-34.18333333333333,"0,0,0,0","0,0,0"
16.75,222,AV,1,0,0,9,4090.160813256426,,-16.75,"0,0,0,0","0,0,0"
52.516666666666666,28,AV,1,0,0,95,802.5586880039084,,-52.516666666666666,"0,0,0,0","0,0,0"
23.8,61,AV,1,0,0,25,1117.0806745336297,,-23.8,"0,0,0,0","0,0,0"
