travel_time,id,kind,action,origin,destination,start_time,income,urgency,reward,observation,cost_table
18.7,242,AV,1,0,0,21,5144.150368411208,,-18.7,"0,0,0,0","0,0,0"
28.166666666666668,205,AV,2,0,0,20,3487.44186130441,,-28.166666666666668,"0,0,0,0","0,0,0"
44.483333333333334,137,AV,2,0,0,88,2108.868816674547,,-44.483333333333334,"0,0,0,0","0,0,0"
26.933333333333334,43,AV,1,0,0,65,946.2003450753726,,-26.933333333333334,"0,0,0,0","0,0,0"
28.416666666666668,244,AV,2,0,0,7,5307.329693361759,,-28.416666666666668,"0,0,0,0","0,0,0"
32.016666666666666,102,AV,2,0,0,53,1628.9397076974285,,-32.016666666666666,"0,0,0,0","0,0,0"
34.06666666666667,123,AV,2,0,0,50,1927.298426803608,,-34.06666666666667,"0,0,0,0","0,0,0"
39.516666666666666,157,AV,2,0,0,66,2398.572127464108,,-39.516666666666666,"0,0,0,0","0,0,0"
36.083333333333336,171,AV,2,0,0,62,2750.2432356670683,,-36.083333333333336,"0,0,0,0","0,0,0"
32.016666666666666,289,AV,2,0,0,30,10426.353459350525,,-32.016666666666666,"0,0,0,0","0,0,0"
42.516666666666666,131,AV,2,0,0,86,2022.4315636845977,,-42.516666666666666,"0,0,0,0","0,0,0"
38.233333333333334,295,AV,2,0,0,69,14312.770160915026,,-38.233333333333334,"0,0,0,0","0,0,0"
42.583333333333336,49,AV,2,0,0,88,975.0940381265832,,-42.583333333333336,"0,0,0,0","0,0,0"
26.1,231,AV,2,0,0,19,4577.590037133467,,-26.1,"0,0,0,0","0,0,0"
23.666666666666668,101,AV,2,0,0,14,1597.8734280578535,,-23.666666666666668,"0,0,0,0","0,0,0"
30.833333333333332,193,AV,2,0,0,31,3236.647802754315,,-30.833333333333332,"0,0,0,0","0,0,0"
24.3,215,AV,2,0,0,1,3882.59008652233,,-24.3,"0,0,0,0","0,0,0"
46.71666666666667,66,AV,2,0,0,89,1150.2916000513435,,-46.71666666666667,"0,0,0,0","0,0,0"
22.5,48,AV,2,0,0,4,969.457736312404,,-22.5,"0,0,0,0","0,0,0"
28.683333333333334,59,AV,2,0,0,0,1104.4445206976068,,-28.683333333333334,"0,0,0,0","0,0,0"
43.083333333333336,127,AV,2,0,0,87,1986.5043233563797,,-43.083333333333336,"0,0,0,0","0,0,0"
29.266666666666666,67,AV,2,0,0,32,1167.011530479414,,-29.266666666666666,"0,0,0,0","0,0,0"
46.0,217,AV,2,0,0,91,3919.41152379869,,-46.0,"0,0,0,0","0,0,0"
27.916666666666668,146,AV,2,0,0,28,2218.7455195521825,,-27.916666666666668,"0,0,0,0","0,0,0"
45.03333333333333,128,AV,2,0,0,98,1993.780724220221,,-45.03333333333333,"0,0,0,0","0,0,0"
33.75,134,AV,1,0,0,84,2043.1688306873104,,-33.75,"0,0,0,0","0,0,0"
24.666666666666668,82,AV,2,0,0,11,1342.087988935639,,-24.666666666666668,"0,0,0,0","0,0,0"
41.21666666666667,1,AV,2,0,0,74,449.0833195935783,,-41.21666666666667,"0,0,0,0","0,0,0"
19.7,125,AV,2,0,0,4,1942.5668635563816,,-19.7,"0,0,0,0","0,0,0"
8.8,153,AV,0,0,0,17,2318.2944376966047,,-8.8,"0,0,0,0","0,0,0"
37.8,94,AV,2,0,0,59,1527.6889462703334,,-37.8,"0,0,0,0","0,0,0"
25.2,6,AV,2,0,0,21,508.6019702527906,,-25.2,"0,0,0,0","0,0,0"
26.9,72,AV,1,0,0,65,1261.43865123121,,-26.9,"0,0,0,0","0,0,0"
11.2,232,AV,1,0,0,2,4645.51881630073,,-11.2,"0,0,0,0","0,0,0"
32.81666666666667,245,AV,2,0,0,57,5354.15698790508,,-32.81666666666667,"0,0,0,0","0,0,0"
43.78333333333333,203,AV,2,0,0,86,3456.1529418207683,,-43.78333333333333,"0,0,0,0","0,0,0"
47.583333333333336,252,AV,2,0,0,94,5825.994272151124,,-47.583333333333336,"0,0,0,0","0,0,0"
28.35,70,AV,2,0,0,30,1249.5878531833848,,-28.35,"0,0,0,0","0,0,0"
38.68333333333333,188,AV,2,0,0,58,3101.095365071405,,-38.68333333333333,"0,0,0,0","0,0,0"
47.31666666666667,267,AV,2,0,0,98,6995.337061486569,,-47.31666666666667,"0,0,0,0","0,0,0"
35.45,266,AV,2,0,0,50,6947.27484286379,,-35.45,"0,0,0,0","0,0,0"
42.86666666666667,163,AV,2,0,0,75,2538.843693606908,,-42.86666666666667,"0,0,0,0","0,0,0"
22.55,42,AV,1,0,0,41,932.1411738504048,,-22.55,"0,0,0,0","0,0,0"
27.716666666666665,186,AV,2,0,0,17,3048.604611013583,,-27.716666666666665,"0,0,0,0","0,0,0"
13.916666666666666,34,AV,1,0,0,12,832.3173438658397,,-13.916666666666666,"0,0,0,0","0,0,0"
18.25,265,AV,1,0,0,30,6918.069898529506,,-18.25,"0,0,0,0","0,0,0"
29.4,281,AV,2,0,0,22,8139.327108000771,,-29.4,"0,0,0,0","0,0,0"
43.28333333333333,151,AV,2,0,0,82,2294.767722006211,,-43.28333333333333,"0,0,0,0","0,0,0"
24.283333333333335,209,AV,2,0,0,21,3630.005597296026,,-24.283333333333335,"0,0,0,0","0,0,0"
26.65,30,AV,1,0,0,59,814.1496548969513,,-26.65,"0,0,0,0","0,0,0"
36.65,81,AV,1,0,0,96,1338.7213376931895,,-36.65,"0,0,0,0","0,0,0"
38.2,65,AV,2,0,0,67,1148.9174546898266,,-38.2,"0,0,0,0","0,0,0"
38.916666666666664,90,AV,2,0,0,70,1467.6871321740252,,-38.916666666666664,"0,0,0,0","0,0,0"
44.28333333333333,277,AV,2,0,0,88,7912.643587116454,,-44.28333333333333,"0,0,0,0","0,0,0"
23.766666666666666,118,AV,1,0,0,53,1830.3424648913517,,-23.766666666666666,"0,0,0,0","0,0,0"
25.233333333333334,201,AV,2,0,0,23,3393.6426315430986,,-25.233333333333334,"0,0,0,0","0,0,0"
20.233333333333334,89,AV,0,0,0,61,1457.5875839824732,,-20.233333333333334,"0,0,0,0","0,0,0"
23.766666666666666,162,AV,1,0,0,52,2530.9644311939346,,-23.766666666666666,"0,0,0,0","0,0,0"
31.583333333333332,185,AV,2,0,0,50,3046.5766145774583,,-31.583333333333332,"0,0,0,0","0,0,0"
29.566666666666666,228,AV,2,0,0,41,4559.760277629775,,-29.566666666666666,"0,0,0,0","0,0,0"
30.566666666666666,275,AV,1,0,0,77,7658.5640246764915,,-30.566666666666666,"0,0,0,0","0,0,0"
23.083333333333332,256,AV,2,0,0,19,6007.794801579103,,-23.083333333333332,"0,0,0,0","0,0,0"
14.283333333333333,111,AV,1,0,0,1,1783.933402668827,,-14.283333333333333,"0,0,0,0","0,0,0"
27.1,95,AV,2,0,0,16,1530.6528609905624,,-27.1,"0,0,0,0","0,0,0"
30.3,258,AV,2,0,0,24,6081.635477498837,,-30.3,"0,0,0,0","0,0,0"
34.666666666666664,191,AV,1,0,0,91,3159.4556453821087,,-34.666666666666664,"0,0,0,0","0,0,0"
42.71666666666667,16,AV,2,0,0,90,626.2908344343901,,-42.71666666666667,"0,0,0,0","0,0,0"
23.6,97,AV,2,0,0,21,1541.4014724042315,,-23.6,"0,0,0,0","0,0,0"
24.783333333333335,161,AV,1,0,0,47,2472.005569054355,,-24.783333333333335,"0,0,0,0","0,0,0"
30.25,279,AV,2,0,0,32,8011.326014866212,,-30.25,"0,0,0,0","0,0,0"
36.3,5,AV,2,0,0,68,497.26542980048754,,-36.3,"0,0,0,0","0,0,0"
42.15,38,AV,2,0,0,96,863.3540159882258,,-42.15,"0,0,0,0","0,0,0"
33.9,87,AV,2,0,0,51,1447.5744631551047,,-33.9,"0,0,0,0","0,0,0"
24.533333333333335,46,AV,2,0,0,13,961.7772661313056,,-24.533333333333335,"0,0,0,0","0,0,0"
32.65,147,AV,2,0,0,49,2241.037238818388,,-32.65,"0,0,0,0","0,0,0"
32.06666666666667,216,AV,2,0,0,41,3898.759045987068,,-32.06666666666667,"0,0,0,0","0,0,0"
38.983333333333334,13,AV,2,0,0,75,591.6693204447811,,-38.983333333333334,"0,0,0,0","0,0,0"
28.016666666666666,17,AV,1,0,0,65,627.4062491148882,,-28.016666666666666,"0,0,0,0","0,0,0"
22.166666666666668,229,AV,2,0,0,1,4569.840806868062,,-22.166666666666668,"0,0,0,0","0,0,0"
37.166666666666664,292,AV,2,0,0,67,11515.391842589095,,-37.166666666666664,"0,0,0,0","0,0,0"
42.43333333333333,62,AV,2,0,0,75,1122.7546975855585,,-42.43333333333333,"0,0,0,0","0,0,0"
29.3,106,AV,2,0,0,41,1691.6338586686718,,-29.3,"0,0,0,0","0,0,0"
32.46666666666667,159,AV,1,0,0,89,2411.397471856681,,-32.46666666666667,"0,0,0,0","0,0,0"
20.966666666666665,50,AV,2,0,0,0,1011.0784796502788,,-20.966666666666665,"0,0,0,0","0,0,0"
32.56666666666667,51,AV,2,0,0,43,1014.5614647146556,,-32.56666666666667,"0,0,0,0","0,0,0"
48.45,276,AV,2,0,0,94,7864.29237148983,,-48.45,"0,0,0,0","0,0,0"
42.833333333333336,144,AV,2,0,0,80,2212.8825544422834,,-42.833333333333336,"0,0,0,0","0,0,0"
28.566666666666666,213,AV,2,0,0,31,3822.7735841463273,,-28.566666666666666,"0,0,0,0","0,0,0"
33.75,10,AV,1,0,0,90,541.9839687696077,,-33.75,"0,0,0,0","0,0,0"
32.083333333333336,19,AV,2,0,0,37,658.4091024775607,,-32.083333333333336,"0,0,0,0","0,0,0"
28.066666666666666,167,AV,2,0,0,28,2629.980017260476,,-28.066666666666666,"0,0,0,0","0,0,0"
6.75,183,AV,0,0,0,14,3017.17067826153,,-6.75,"0,0,0,0","0,0,0"
33.9,224,AV,2,0,0,48,4135.471393234625,,-33.9,"0,0,0,0","0,0,0"
39.483333333333334,233,AV,2,0,0,79,4687.914961676448,,-39.483333333333334,"0,0,0,0","0,0,0"
31.883333333333333,274,AV,1,0,0,81,7572.106998522375,,-31.883333333333333,"0,0,0,0","0,0,0"
33.43333333333333,290,AV,2,0,0,46,10783.100237376317,,-33.43333333333333,"0,0,0,0","0,0,0"
30.933333333333334,296,AV,1,0,0,80,14505.369879802229,,-30.933333333333334,"0,0,0,0","0,0,0"
33.166666666666664,236,AV,2,0,0,52,4843.3187157075145,,-33.166666666666664,"0,0,0,0","0,0,0"
46.233333333333334,178,AV,2,0,0,99,2927.9701715656583,,-46.233333333333334,"0,0,0,0","0,0,0"
34.833333333333336,117,AV,2,0,0,59,1824.367004680513,,-34.833333333333336,"0,0,0,0","0,0,0"
33.96666666666667,53,AV,2,0,0,58,1020.5842314575186,,-33.96666666666667,"0,0,0,0","0,0,0"
23.666666666666668,31,AV,2,0,0,23,818.0604611907775,,-23.666666666666668,"0,0,0,0","0,0,0"
30.783333333333335,170,AV,2,0,0,33,2744.255474143275,,-30.783333333333335,"0,0,0,0","0,0,0"
31.95,20,AV,2,0,0,53,670.158540600369,,-31.95,"0,0,0,0","0,0,0"
20.15,44,AV,1,0,0,38,950.4213588862824,,-20.15,"0,0,0,0","0,0,0"
46.016666666666666,142,AV,2,0,0,81,2187.718469250836,,-46.016666666666666,"0,0,0,0","0,0,0"
22.033333333333335,165,AV,2,0,0,12,2574.4307659940623,,-22.033333333333335,"0,0,0,0","0,0,0"
31.083333333333332,155,AV,2,0,0,33,2344.9936519099742,,-31.083333333333332,"0,0,0,0","0,0,0"
34.166666666666664,158,AV,1,0,0,88,2401.1770329784995,,-34.166666666666664,"0,0,0,0","0,0,0"
29.15,63,AV,2,0,0,32,1141.0395517097602,,-29.15,"0,0,0,0","0,0,0"
42.86666666666667,206,AV,2,0,0,84,3583.4963710051925,,-42.86666666666667,"0,0,0,0","0,0,0"
20.75,202,AV,1,0,0,39,3414.9419898187493,,-20.75,"0,0,0,0","0,0,0"
34.5,55,AV,2,0,0,63,1025.7249596144625,,-34.5,"0,0,0,0","0,0,0"
42.0,280,AV,2,0,0,92,8134.997760071039,,-42.0,"0,0,0,0","0,0,0"
46.166666666666664,288,AV,2,0,0,100,9667.367812467324,,-46.166666666666664,"0,0,0,0","0,0,0"
31.083333333333332,8,AV,2,0,0,34,522.2875039790788,,-31.083333333333332,"0,0,0,0","0,0,0"
31.366666666666667,47,AV,2,0,0,43,968.7072844723906,,-31.366666666666667,"0,0,0,0","0,0,0"
21.983333333333334,41,AV,2,0,0,0,932.0432837729122,,-21.983333333333334,"0,0,0,0","0,0,0"
30.15,293,AV,1,0,0,74,11940.25564443948,,-30.15,"0,0,0,0","0,0,0"
38.0,211,AV,2,0,0,70,3773.073658575576,,-38.0,"0,0,0,0","0,0,0"
30.966666666666665,143,AV,2,0,0,44,2187.907521251699,,-30.966666666666665,"0,0,0,0","0,0,0"
26.116666666666667,109,AV,2,0,0,15,1778.835052690156,,-26.116666666666667,"0,0,0,0","0,0,0"
44.13333333333333,298,AV,2,0,0,85,17322.90883950548,,-44.13333333333333,"0,0,0,0","0,0,0"
31.133333333333333,113,AV,2,0,0,41,1797.659883656486,,-31.133333333333333,"0,0,0,0","0,0,0"
33.21666666666667,57,AV,1,0,0,80,1089.3140785512585,,-33.21666666666667,"0,0,0,0","0,0,0"
35.68333333333333,85,AV,1,0,0,96,1386.7650627050614,,-35.68333333333333,"0,0,0,0","0,0,0"
41.333333333333336,54,AV,2,0,0,69,1020.7360413649084,,-41.333333333333336,"0,0,0,0","0,0,0"
21.283333333333335,133,AV,1,0,0,50,2033.019749384408,,-21.283333333333335,"0,0,0,0","0,0,0"
21.466666666666665,86,AV,2,0,0,12,1404.912317929139,,-21.466666666666665,"0,0,0,0","0,0,0"
26.633333333333333,9,AV,2,0,0,38,539.5213747330826,,-26.633333333333333,"0,0,0,0","0,0,0"
46.55,149,AV,2,0,0,96,2283.7291705859197,,-46.55,"0,0,0,0","0,0,0"
28.95,198,AV,2,0,0,29,3352.9358316496982,,-28.95,"0,0,0,0","0,0,0"
31.45,299,AV,1,0,0,78,20793.30768626012,,-31.45,"0,0,0,0","0,0,0"
31.116666666666667,150,AV,1,0,0,74,2293.603195459698,,-31.116666666666667,"0,0,0,0","0,0,0"
35.4,294,AV,2,0,0,40,13351.937436366714,,-35.4,"0,0,0,0","0,0,0"
18.466666666666665,249,AV,1,0,0,35,5702.891177591027,,-18.466666666666665,"0,0,0,0","0,0,0"
44.53333333333333,23,AV,2,0,0,80,736.5379020629116,,-44.53333333333333,"0,0,0,0","0,0,0"
33.2,75,AV,1,0,0,87,1275.9312017726234,,-33.2,"0,0,0,0","0,0,0"
45.25,237,AV,2,0,0,79,4959.361066312568,,-45.25,"0,0,0,0","0,0,0"
21.483333333333334,271,AV,1,0,0,45,7128.986247371214,,-21.483333333333334,"0,0,0,0","0,0,0"
35.95,221,AV,2,0,0,58,4034.238052294327,,-35.95,"0,0,0,0","0,0,0"
24.916666666666668,148,AV,1,0,0,53,2260.56382504795,,-24.916666666666668,"0,0,0,0","0,0,0"
30.266666666666666,285,AV,0,0,0,100,8981.750106371177,,-30.266666666666666,"0,0,0,0","0,0,0"
34.36666666666667,84,AV,2,0,0,43,1373.5659577718477,,-34.36666666666667,"0,0,0,0","0,0,0"
21.8,14,AV,1,0,0,37,601.3137559373858,,-21.8,"0,0,0,0","0,0,0"
13.433333333333334,7,AV,0,0,0,40,513.3463032142733,,-13.433333333333334,"0,0,0,0","0,0,0"
24.633333333333333,189,AV,2,0,0,19,3119.7161673652217,,-24.633333333333333,"0,0,0,0","0,0,0"
26.366666666666667,283,AV,2,0,0,29,8480.737499651503,,-26.366666666666667,"0,0,0,0","0,0,0"
38.733333333333334,250,AV,2,0,0,83,5807.233742044462,,-38.733333333333334,"0,0,0,0","0,0,0"
34.333333333333336,130,AV,2,0,0,57,2011.9739719035176,,-34.333333333333336,"0,0,0,0","0,0,0"
24.9,154,AV,1,0,0,57,2335.4036410281064,,-24.9,"0,0,0,0","0,0,0"
40.88333333333333,129,AV,2,0,0,65,2010.868248891871,,-40.88333333333333,"0,0,0,0","0,0,0"
17.483333333333334,227,AV,1,0,0,27,4547.885280126284,,-17.483333333333334,"0,0,0,0","0,0,0"
46.63333333333333,145,AV,2,0,0,99,2218.0502812558643,,-46.63333333333333,"0,0,0,0","0,0,0"
37.8,40,AV,2,0,0,72,914.1934345695068,,-37.8,"0,0,0,0","0,0,0"
14.683333333333334,255,AV,1,0,0,21,5911.733280178027,,-14.683333333333334,"0,0,0,0","0,0,0"
28.716666666666665,297,AV,0,0,0,92,15387.119225735782,,-28.716666666666665,"0,0,0,0","0,0,0"
44.7,168,AV,2,0,0,73,2675.3892374750885,,-44.7,"0,0,0,0","0,0,0"
30.516666666666666,257,AV,2,0,0,45,6020.57275324985,,-30.516666666666666,"0,0,0,0","0,0,0"
40.85,99,AV,2,0,0,75,1564.487892525026,,-40.85,"0,0,0,0","0,0,0"
33.35,223,AV,2,0,0,51,4113.319853961603,,-33.35,"0,0,0,0","0,0,0"
47.11666666666667,212,AV,2,0,0,99,3783.636689084741,,-47.11666666666667,"0,0,0,0","0,0,0"
43.81666666666667,225,AV,2,0,0,93,4237.057085974603,,-43.81666666666667,"0,0,0,0","0,0,0"
23.183333333333334,69,AV,2,0,0,4,1244.4027248274256,,-23.183333333333334,"0,0,0,0","0,0,0"
43.8,268,AV,2,0,0,90,7006.371100745904,,-43.8,"0,0,0,0","0,0,0"
20.166666666666668,108,AV,1,0,0,37,1751.9448432672848,,-20.166666666666668,"0,0,0,0","0,0,0"
22.55,22,AV,1,0,0,43,727.2326469992182,,-22.55,"0,0,0,0","0,0,0"
41.05,33,AV,2,0,0,82,825.4433072334436,,-41.05,"0,0,0,0","0,0,0"
28.0,181,AV,2,0,0,21,2964.6777926145683,,-28.0,"0,0,0,0","0,0,0"
37.5,160,AV,1,0,0,98,2421.0391237858234,,-37.5,"0,0,0,0","0,0,0"
40.516666666666666,287,AV,2,0,0,74,9030.678864893336,,-40.516666666666666,"0,0,0,0","0,0,0"
28.55,234,AV,2,0,0,28,4689.4303597647895,,-28.55,"0,0,0,0","0,0,0"
36.416666666666664,284,AV,2,0,0,68,8493.635575370567,,-36.416666666666664,"0,0,0,0","0,0,0"
23.616666666666667,196,AV,1,0,0,47,3278.222126324269,,-23.616666666666667,"0,0,0,0","0,0,0"
30.916666666666668,77,AV,2,0,0,23,1291.2118623687816,,-30.916666666666668,"0,0,0,0","0,0,0"
43.85,166,AV,2,0,0,79,2580.565825479665,,-43.85,"0,0,0,0","0,0,0"
36.11666666666667,197,AV,2,0,0,63,3301.717979419838,,-36.11666666666667,"0,0,0,0","0,0,0"
20.766666666666666,107,AV,1,0,0,41,1717.0377309640771,,-20.766666666666666,"0,0,0,0","0,0,0"
14.533333333333333,140,AV,1,0,0,19,2137.1188228190404,,-14.533333333333333,"0,0,0,0","0,0,0"
45.1,71,AV,2,0,0,91,1260.6549751070208,,-45.1,"0,0,0,0","0,0,0"
37.11666666666667,60,AV,2,0,0,60,1111.987968807459,,-37.11666666666667,"0,0,0,0","0,0,0"
27.916666666666668,192,AV,2,0,0,32,3227.056348793521,,-27.916666666666668,"0,0,0,0","0,0,0"
44.71666666666667,88,AV,2,0,0,93,1454.957177165027,,-44.71666666666667,"0,0,0,0","0,0,0"
27.65,83,AV,2,0,0,31,1348.5865378412918,,-27.65,"0,0,0,0","0,0,0"
37.6,173,AV,1,0,0,94,2758.442965787371,,-37.6,"0,0,0,0","0,0,0"
42.38333333333333,135,AV,2,0,0,71,2088.64210540395,,-42.38333333333333,"0,0,0,0","0,0,0"
14.083333333333334,78,AV,1,0,0,15,1291.7462447339112,,-14.083333333333334,"0,0,0,0","0,0,0"
29.883333333333333,243,AV,2,0,0,42,5158.4050556257225,,-29.883333333333333,"0,0,0,0","0,0,0"
28.55,172,AV,2,0,0,39,2753.3979495063454,,-28.55,"0,0,0,0","0,0,0"
39.8,139,AV,2,0,0,68,2131.3254046090938,,-39.8,"0,0,0,0","0,0,0"
38.2,120,AV,2,0,0,67,1848.7234685638712,,-38.2,"0,0,0,0","0,0,0"
44.4,68,AV,2,0,0,75,1200.7903182940884,,-44.4,"0,0,0,0","0,0,0"
21.833333333333332,26,AV,1,0,0,45,783.6834518391023,,-21.833333333333332,"0,0,0,0","0,0,0"
26.133333333333333,45,AV,2,0,0,32,954.0002559944874,,-26.133333333333333,"0,0,0,0","0,0,0"
35.833333333333336,169,AV,2,0,0,60,2722.266725979925,,-35.833333333333336,"0,0,0,0","0,0,0"
38.083333333333336,273,AV,2,0,0,55,7332.887514065835,,-38.083333333333336,"0,0,0,0","0,0,0"
42.96666666666667,184,AV,2,0,0,74,3024.224513765153,,-42.96666666666667,"0,0,0,0","0,0,0"
23.466666666666665,58,AV,2,0,0,18,1100.389953660579,,-23.466666666666665,"0,0,0,0","0,0,0"
28.783333333333335,286,AV,2,0,0,41,8987.822610831106,,-28.783333333333335,"0,0,0,0","0,0,0"
18.683333333333334,12,AV,1,0,0,31,572.7967315704935,,-18.683333333333334,"0,0,0,0","0,0,0"
36.166666666666664,259,AV,2,0,0,61,6130.868263041086,,-36.166666666666664,"0,0,0,0","0,0,0"
25.483333333333334,218,AV,2,0,0,28,3942.222625638348,,-25.483333333333334,"0,0,0,0","0,0,0"
17.483333333333334,291,AV,1,0,0,24,10838.007207066395,,-17.483333333333334,"0,0,0,0","0,0,0"
38.68333333333333,156,AV,2,0,0,71,2360.1328348572283,,-38.68333333333333,"0,0,0,0","0,0,0"
34.86666666666667,104,AV,2,0,0,52,1664.0464513081895,,-34.86666666666667,"0,0,0,0","0,0,0"
39.733333333333334,254,AV,2,0,0,75,5899.132481879994,,-39.733333333333334,"0,0,0,0","0,0,0"
6.816666666666666,114,AV,0,0,0,7,1799.695682844959,,-6.816666666666666,"0,0,0,0","0,0,0"
42.31666666666667,132,AV,2,0,0,78,2030.86588445069,,-42.31666666666667,"0,0,0,0","0,0,0"
33.416666666666664,164,AV,2,0,0,49,2563.744074524839,,-33.416666666666664,"0,0,0,0","0,0,0"
26.266666666666666,214,AV,2,0,0,31,3824.993837156676,,-26.266666666666666,"0,0,0,0","0,0,0"
48.85,3,AV,2,0,0,100,473.5024380788758,,-48.85,"0,0,0,0","0,0,0"
42.46666666666667,115,AV,2,0,0,85,1809.16611953512,,-42.46666666666667,"0,0,0,0","0,0,0"
27.083333333333332,138,AV,2,0,0,27,2123.4400354784907,,-27.083333333333332,"0,0,0,0","0,0,0"
38.916666666666664,240,AV,2,0,0,66,5009.92015912814,,-38.916666666666664,"0,0,0,0","0,0,0"
14.033333333333333,246,AV,1,0,0,21,5480.041794665195,,-14.033333333333333,"0,0,0,0","0,0,0"
41.53333333333333,36,AV,2,0,0,89,854.5785374972068,,-41.53333333333333,"0,0,0,0","0,0,0"
35.36666666666667,2,AV,1,0,0,91,457.16351791608827,,-35.36666666666667,"0,0,0,0","0,0,0"
39.4,174,AV,2,0,0,57,2838.632091159661,,-39.4,"0,0,0,0","0,0,0"
23.583333333333332,24,AV,2,0,0,11,741.34301771214,,-23.583333333333332,"0,0,0,0","0,0,0"
27.366666666666667,21,AV,2,0,0,22,699.2977112166509,,-27.366666666666667,"0,0,0,0","0,0,0"
28.116666666666667,25,AV,1,0,0,69,763.1985099142711,,-28.116666666666667,"0,0,0,0","0,0,0"
15.55,238,AV,1,0,0,22,4967.653125719208,,-15.55,"0,0,0,0","0,0,0"
25.65,121,AV,2,0,0,2,1885.557658153182,,-25.65,"0,0,0,0","0,0,0"
31.516666666666666,182,AV,1,0,0,80,2991.769966736588,,-31.516666666666666,"0,0,0,0","0,0,0"
31.433333333333334,226,AV,1,0,0,81,4434.023444374438,,-31.433333333333334,"0,0,0,0","0,0,0"
43.36666666666667,35,AV,2,0,0,80,849.0657401736111,,-43.36666666666667,"0,0,0,0","0,0,0"
42.65,116,AV,2,0,0,79,1823.811293294481,,-42.65,"0,0,0,0","0,0,0"
35.416666666666664,247,AV,2,0,0,55,5502.789496653042,,-35.416666666666664,"0,0,0,0","0,0,0"
29.6,126,AV,2,0,0,29,1950.0200213032829,,-29.6,"0,0,0,0","0,0,0"
30.216666666666665,112,AV,2,0,0,44,1794.439334206041,,-30.216666666666665,"0,0,0,0","0,0,0"
30.233333333333334,105,AV,2,0,0,28,1682.490559712908,,-30.233333333333334,"0,0,0,0","0,0,0"
36.516666666666666,37,AV,2,0,0,52,861.805442805673,,-36.516666666666666,"0,0,0,0","0,0,0"
35.85,262,AV,2,0,0,59,6446.254396158338,,-35.85,"0,0,0,0","0,0,0"
29.166666666666668,253,AV,2,0,0,41,5849.7981009167725,,-29.166666666666668,"0,0,0,0","0,0,0"
21.75,52,AV,2,0,0,4,1017.530975349866,,-21.75,"0,0,0,0","0,0,0"
22.666666666666668,136,AV,2,0,0,14,2105.159940183184,,-22.666666666666668,"0,0,0,0","0,0,0"
28.433333333333334,27,AV,2,0,0,1,793.0252767736928,,-28.433333333333334,"0,0,0,0","0,0,0"
31.5,152,AV,2,0,0,50,2302.618320259251,,-31.5,"0,0,0,0","0,0,0"
39.96666666666667,64,AV,2,0,0,75,1148.2139867956057,,-39.96666666666667,"0,0,0,0","0,0,0"
33.3,239,AV,2,0,0,50,4968.170350229253,,-33.3,"0,0,0,0","0,0,0"
20.283333333333335,18,AV,0,0,0,65,632.5893922142865,,-20.283333333333335,"0,0,0,0","0,0,0"
37.45,179,AV,2,0,0,65,2946.490055333797,,-37.45,"0,0,0,0","0,0,0"
12.433333333333334,93,AV,1,0,0,8,1507.5005543882637,,-12.433333333333334,"0,0,0,0","0,0,0"
25.433333333333334,180,AV,2,0,0,31,2953.761118311176,,-25.433333333333334,"0,0,0,0","0,0,0"
31.233333333333334,122,AV,2,0,0,44,1888.2149669861096,,-31.233333333333334,"0,0,0,0","0,0,0"
40.266666666666666,29,AV,2,0,0,74,806.3598325453933,,-40.266666666666666,"0,0,0,0","0,0,0"
26.55,4,AV,1,0,0,63,491.8679742725259,,-26.55,"0,0,0,0","0,0,0"
34.28333333333333,79,AV,2,0,0,51,1294.2551843223837,,-34.28333333333333,"0,0,0,0","0,0,0"
43.56666666666667,264,AV,2,0,0,96,6778.2755320215965,,-43.56666666666667,"0,0,0,0","0,0,0"
31.483333333333334,119,AV,1,0,0,79,1836.3970218708375,,-31.483333333333334,"0,0,0,0","0,0,0"
41.85,263,AV,2,0,0,66,6563.608435155774,,-41.85,"0,0,0,0","0,0,0"
42.083333333333336,187,AV,2,0,0,78,3097.4575811220984,,-42.083333333333336,"0,0,0,0","0,0,0"
36.5,92,AV,2,0,0,66,1496.328062426438,,-36.5,"0,0,0,0","0,0,0"
20.9,210,AV,1,0,0,34,3742.7752140142647,,-20.9,"0,0,0,0","0,0,0"
25.316666666666666,190,AV,1,0,0,52,3132.463358685509,,-25.316666666666666,"0,0,0,0","0,0,0"
40.88333333333333,251,AV,2,0,0,83,5825.425317043349,,-40.88333333333333,"0,0,0,0","0,0,0"
33.233333333333334,235,AV,2,0,0,36,4818.617258984985,,-33.233333333333334,"0,0,0,0","0,0,0"
36.28333333333333,56,AV,2,0,0,63,1040.734547163155,,-36.28333333333333,"0,0,0,0","0,0,0"
43.38333333333333,96,AV,2,0,0,93,1538.317647081207,,-43.38333333333333,"0,0,0,0","0,0,0"
18.283333333333335,98,AV,0,0,0,59,1564.4426034616197,,-18.283333333333335,"0,0,0,0","0,0,0"
44.55,11,AV,2,0,0,82,566.7055292848979,,-44.55,"0,0,0,0","0,0,0"
28.283333333333335,270,AV,2,0,0,37,7099.697064525982,,-28.283333333333335,"0,0,0,0","0,0,0"
40.55,194,AV,2,0,0,88,3257.969850357721,,-40.55,"0,0,0,0","0,0,0"
47.016666666666666,141,AV,2,0,0,100,2139.4702648744856,,-47.016666666666666,"0,0,0,0","0,0,0"
24.333333333333332,124,AV,2,0,0,11,1929.5758599688188,,-24.333333333333332,"0,0,0,0","0,0,0"
37.333333333333336,260,AV,2,0,0,57,6197.036257351283,,-37.333333333333336,"0,0,0,0","0,0,0"
14.216666666666667,91,AV,1,0,0,4,1485.5718097438446,,-14.216666666666667,"0,0,0,0","0,0,0"
17.2,278,AV,1,0,0,24,7958.958807233507,,-17.2,"0,0,0,0","0,0,0"
32.666666666666664,15,AV,2,0,0,45,623.7253316558669,,-32.666666666666664,"0,0,0,0","0,0,0"
41.61666666666667,248,AV,2,0,0,90,5702.616109653807,,-41.61666666666667,"0,0,0,0","0,0,0"
15.15,199,AV,0,0,0,45,3368.9508766880413,,-15.15,"0,0,0,0","0,0,0"
13.616666666666667,110,AV,1,0,0,10,1782.711710770346,,-13.616666666666667,"0,0,0,0","0,0,0"
22.4,176,AV,2,0,0,20,2853.537244729806,,-22.4,"0,0,0,0","0,0,0"
45.68333333333333,282,AV,2,0,0,88,8348.421721831439,,-45.68333333333333,"0,0,0,0","0,0,0"
28.566666666666666,207,AV,2,0,0,34,3608.770587345788,,-28.566666666666666,"0,0,0,0","0,0,0"
39.11666666666667,73,AV,2,0,0,80,1267.69032506861,,-39.11666666666667,"0,0,0,0","0,0,0"
28.433333333333334,261,AV,1,0,0,69,6230.691172258436,,-28.433333333333334,"0,0,0,0","0,0,0"
30.816666666666666,195,AV,2,0,0,46,3274.575105225111,,-30.816666666666666,"0,0,0,0","0,0,0"
47.483333333333334,200,AV,2,0,0,85,3386.12741774329,,-47.483333333333334,"0,0,0,0","0,0,0"
31.5,219,AV,2,0,0,36,3958.913906791885,,-31.5,"0,0,0,0","0,0,0"
37.95,32,AV,2,0,0,66,822.5771428470101,,-37.95,"0,0,0,0","0,0,0"
23.55,103,AV,0,0,0,73,1661.9571573900298,,-23.55,"0,0,0,0","0,0,0"
45.78333333333333,230,AV,2,0,0,92,4572.8741748457805,,-45.78333333333333,"0,0,0,0","0,0,0"
46.233333333333334,175,AV,2,0,0,93,2850.5966631146844,,-46.233333333333334,"0,0,0,0","0,0,0"
33.266666666666666,220,AV,2,0,0,34,4021.28082322038,,-33.266666666666666,"0,0,0,0","0,0,0"
38.15,39,AV,2,0,0,57,913.5589076746268,,-38.15,"0,0,0,0","0,0,0"
46.083333333333336,177,AV,2,0,0,96,2891.134206742707,,-46.083333333333336,"0,0,0,0","0,0,0"
23.55,204,AV,2,0,0,9,3465.4556083993225,,-23.55,"0,0,0,0","0,0,0"
27.45,76,AV,2,0,0,14,1282.6858023855964,,-27.45,"0,0,0,0","0,0,0"
32.15,100,AV,2,0,0,46,1592.2311391495805,,-32.15,"0,0,0,0","0,0,0"
21.2,208,AV,2,0,0,8,3628.2404526711953,,-21.2,"0,0,0,0","0,0,0"
37.46666666666667,269,AV,2,0,0,51,7081.334819999852,,-37.46666666666667,"0,0,0,0","0,0,0"
36.483333333333334,0,AV,2,0,0,70,437.8567856598078,,-36.483333333333334,"0,0,0,0","0,0,0"
32.11666666666667,74,AV,2,0,0,38,1275.6237969650936,,-32.11666666666667,"0,0,0,0","0,0,0"
20.883333333333333,241,AV,1,0,0,42,5051.78348307234,,-20.883333333333333,"0,0,0,0","0,0,0"
11.15,80,AV,1,0,0,4,1317.647826688136,,-11.15,"0,0,0,0","0,0,0"
25.516666666666666,272,AV,1,0,0,56,7177.938863287724,,-25.516666666666666,"0,0,0,0","0,0,0"
27.983333333333334,222,AV,2,0,0,24,4090.160813256426,,-27.983333333333334,"0,0,0,0","0,0,0"
36.81666666666667,28,AV,2,0,0,61,802.5586880039084,,-36.81666666666667,"0,0,0,0","0,0,0"
44.13333333333333,61,AV,2,0,0,90,1117.0806745336297,,-44.13333333333333,"0,0,0,0","0,0,0"
