travel_time,id,kind,action,origin,destination,start_time,income,urgency,reward,observation,cost_table
26.25,242,AV,2,0,0,11,5144.150368411208,,-26.25,"0,0,0,0","0,0,0"
41.083333333333336,205,AV,2,0,0,88,3487.44186130441,,-41.083333333333336,"0,0,0,0","0,0,0"
24.216666666666665,137,AV,2,0,0,2,2108.868816674547,,-24.216666666666665,"0,0,0,0","0,0,0"
35.5,43,AV,2,0,0,47,946.2003450753726,,-35.5,"0,0,0,0","0,0,0"
27.266666666666666,244,AV,2,0,0,21,5307.329693361759,,-27.266666666666666,"0,0,0,0","0,0,0"
39.766666666666666,102,AV,2,0,0,77,1628.9397076974285,,-39.766666666666666,"0,0,0,0","0,0,0"
39.516666666666666,123,AV,2,0,0,77,1927.298426803608,,-39.516666666666666,"0,0,0,0","0,0,0"
41.63333333333333,157,AV,2,0,0,78,2398.572127464108,,-41.63333333333333,"0,0,0,0","0,0,0"
28.983333333333334,171,AV,2,0,0,32,2750.2432356670683,,-28.983333333333334,"0,0,0,0","0,0,0"
21.966666666666665,289,AV,2,0,0,0,10426.353459350525,,-21.966666666666665,"0,0,0,0","0,0,0"
33.86666666666667,131,AV,2,0,0,39,2022.4315636845977,,-33.86666666666667,"0,0,0,0","0,0,0"
35.06666666666667,295,AV,2,0,0,50,14312.770160915026,,-35.06666666666667,"0,0,0,0","0,0,0"
13.766666666666667,49,AV,0,0,0,28,975.0940381265832,,-13.766666666666667,"0,0,0,0","0,0,0"
41.333333333333336,231,AV,2,0,0,74,4577.590037133467,,-41.333333333333336,"0,0,0,0","0,0,0"
42.86666666666667,101,AV,2,0,0,77,1597.8734280578535,,-42.86666666666667,"0,0,0,0","0,0,0"
46.6,193,AV,2,0,0,98,3236.647802754315,,-46.6,"0,0,0,0","0,0,0"
34.21666666666667,215,AV,2,0,0,47,3882.59008652233,,-34.21666666666667,"0,0,0,0","0,0,0"
30.066666666666666,66,AV,2,0,0,26,1150.2916000513435,,-30.066666666666666,"0,0,0,0","0,0,0"
31.516666666666666,48,AV,2,0,0,36,969.457736312404,,-31.516666666666666,"0,0,0,0","0,0,0"
45.85,59,AV,2,0,0,88,1104.4445206976068,,-45.85,"0,0,0,0","0,0,0"
15.066666666666666,127,AV,1,0,0,17,1986.5043233563797,,-15.066666666666666,"0,0,0,0","0,0,0"
27.15,67,AV,0,0,0,85,1167.011530479414,,-27.15,"0,0,0,0","0,0,0"
22.366666666666667,217,AV,1,0,0,36,3919.41152379869,,-22.366666666666667,"0,0,0,0","0,0,0"
46.1,146,AV,2,0,0,93,2218.7455195521825,,-46.1,"0,0,0,0","0,0,0"
46.43333333333333,128,AV,2,0,0,96,1993.780724220221,,-46.43333333333333,"0,0,0,0","0,0,0"
19.95,134,AV,1,0,0,28,2043.1688306873104,,-19.95,"0,0,0,0","0,0,0"
36.983333333333334,82,AV,2,0,0,57,1342.087988935639,,-36.983333333333334,"0,0,0,0","0,0,0"
38.31666666666667,1,AV,2,0,0,66,449.0833195935783,,-38.31666666666667,"0,0,0,0","0,0,0"
27.25,125,AV,2,0,0,23,1942.5668635563816,,-27.25,"0,0,0,0","0,0,0"
15.583333333333334,153,AV,1,0,0,12,2318.2944376966047,,-15.583333333333334,"0,0,0,0","0,0,0"
41.96666666666667,94,AV,2,0,0,76,1527.6889462703334,,-41.96666666666667,"0,0,0,0","0,0,0"
37.766666666666666,6,AV,1,0,0,95,508.6019702527906,,-37.766666666666666,"0,0,0,0","0,0,0"
45.11666666666667,72,AV,2,0,0,95,1261.43865123121,,-45.11666666666667,"0,0,0,0","0,0,0"
18.783333333333335,232,AV,0,0,0,51,4645.51881630073,,-18.783333333333335,"0,0,0,0","0,0,0"
28.866666666666667,245,AV,1,0,0,67,5354.15698790508,,-28.866666666666667,"0,0,0,0","0,0,0"
21.933333333333334,203,AV,0,0,0,67,3456.1529418207683,,-21.933333333333334,"0,0,0,0","0,0,0"
29.016666666666666,252,AV,2,0,0,33,5825.994272151124,,-29.016666666666666,"0,0,0,0","0,0,0"
34.016666666666666,70,AV,2,0,0,55,1249.5878531833848,,-34.016666666666666,"0,0,0,0","0,0,0"
45.45,188,AV,2,0,0,77,3101.095365071405,,-45.45,"0,0,0,0","0,0,0"
23.566666666666666,267,AV,2,0,0,18,6995.337061486569,,-23.566666666666666,"0,0,0,0","0,0,0"
12.15,266,AV,1,0,0,5,6947.27484286379,,-12.15,"0,0,0,0","0,0,0"
20.066666666666666,163,AV,1,0,0,25,2538.843693606908,,-20.066666666666666,"0,0,0,0","0,0,0"
21.433333333333334,42,AV,1,0,0,43,932.1411738504048,,-21.433333333333334,"0,0,0,0","0,0,0"
42.85,186,AV,2,0,0,90,3048.604611013583,,-42.85,"0,0,0,0","0,0,0"
49.03333333333333,34,AV,2,0,0,100,832.3173438658397,,-49.03333333333333,"0,0,0,0","0,0,0"
42.983333333333334,265,AV,2,0,0,84,6918.069898529506,,-42.983333333333334,"0,0,0,0","0,0,0"
19.716666666666665,281,AV,2,0,0,5,8139.327108000771,,-19.716666666666665,"0,0,0,0","0,0,0"
47.03333333333333,151,AV,2,0,0,100,2294.767722006211,,-47.03333333333333,"0,0,0,0","0,0,0"
28.883333333333333,209,AV,2,0,0,26,3630.005597296026,,-28.883333333333333,"0,0,0,0","0,0,0"
42.266666666666666,30,AV,2,0,0,93,814.1496548969513,,-42.266666666666666,"0,0,0,0","0,0,0"
34.233333333333334,81,AV,2,0,0,36,1338.7213376931895,,-34.233333333333334,"0,0,0,0","0,0,0"
8.383333333333333,65,AV,0,0,0,14,1148.9174546898266,,-8.383333333333333,"0,0,0,0","0,0,0"
35.81666666666667,90,AV,2,0,0,33,1467.6871321740252,,-35.81666666666667,"0,0,0,0","0,0,0"
38.4,277,AV,2,0,0,66,7912.643587116454,,-38.4,"0,0,0,0","0,0,0"
28.633333333333333,118,AV,2,0,0,25,1830.3424648913517,,-28.633333333333333,"0,0,0,0","0,0,0"
44.93333333333333,201,AV,2,0,0,68,3393.6426315430986,,-44.93333333333333,"0,0,0,0","0,0,0"
21.216666666666665,89,AV,2,0,0,5,1457.5875839824732,,-21.216666666666665,"0,0,0,0","0,0,0"
27.466666666666665,162,AV,2,0,0,18,2530.9644311939346,,-27.466666666666665,"0,0,0,0","0,0,0"
42.233333333333334,185,AV,2,0,0,93,3046.5766145774583,,-42.233333333333334,"0,0,0,0","0,0,0"
39.68333333333333,228,AV,2,0,0,51,4559.760277629775,,-39.68333333333333,"0,0,0,0","0,0,0"
42.65,275,AV,2,0,0,74,7658.5640246764915,,-42.65,"0,0,0,0","0,0,0"
30.95,256,AV,2,0,0,37,6007.794801579103,,-30.95,"0,0,0,0","0,0,0"
36.483333333333334,111,AV,2,0,0,65,1783.933402668827,,-36.483333333333334,"0,0,0,0","0,0,0"
38.233333333333334,95,AV,2,0,0,54,1530.6528609905624,,-38.233333333333334,"0,0,0,0","0,0,0"
37.78333333333333,258,AV,2,0,0,45,6081.635477498837,,-37.78333333333333,"0,0,0,0","0,0,0"
31.9,191,AV,2,0,0,16,3159.4556453821087,,-31.9,"0,0,0,0","0,0,0"
37.45,16,AV,2,0,0,62,626.2908344343901,,-37.45,"0,0,0,0","0,0,0"
35.11666666666667,97,AV,2,0,0,40,1541.4014724042315,,-35.11666666666667,"0,0,0,0","0,0,0"
27.95,161,AV,2,0,0,25,2472.005569054355,,-27.95,"0,0,0,0","0,0,0"
37.733333333333334,279,AV,2,0,0,50,8011.326014866212,,-37.733333333333334,"0,0,0,0","0,0,0"
19.483333333333334,5,AV,2,0,0,4,497.26542980048754,,-19.483333333333334,"0,0,0,0","0,0,0"
39.016666666666666,38,AV,2,0,0,62,863.3540159882258,,-39.016666666666666,"0,0,0,0","0,0,0"
36.11666666666667,87,AV,1,0,0,97,1447.5744631551047,,-36.11666666666667,"0,0,0,0","0,0,0"
23.75,46,AV,2,0,0,9,961.7772661313056,,-23.75,"0,0,0,0","0,0,0"
38.4,147,AV,2,0,0,48,2241.037238818388,,-38.4,"0,0,0,0","0,0,0"
38.1,216,AV,2,0,0,55,3898.759045987068,,-38.1,"0,0,0,0","0,0,0"
36.86666666666667,13,AV,2,0,0,47,591.6693204447811,,-36.86666666666667,"0,0,0,0","0,0,0"
28.533333333333335,17,AV,2,0,0,24,627.4062491148882,,-28.533333333333335,"0,0,0,0","0,0,0"
34.2,229,AV,2,0,0,45,4569.840806868062,,-34.2,"0,0,0,0","0,0,0"
21.633333333333333,292,AV,2,0,0,9,11515.391842589095,,-21.633333333333333,"0,0,0,0","0,0,0"
41.11666666666667,62,AV,2,0,0,70,1122.7546975855585,,-41.11666666666667,"0,0,0,0","0,0,0"
34.45,106,AV,2,0,0,45,1691.6338586686718,,-34.45,"0,0,0,0","0,0,0"
32.15,159,AV,2,0,0,41,2411.397471856681,,-32.15,"0,0,0,0","0,0,0"
29.666666666666668,50,AV,2,0,0,33,1011.0784796502788,,-29.666666666666668,"0,0,0,0","0,0,0"
41.65,51,AV,2,0,0,69,1014.5614647146556,,-41.65,"0,0,0,0","0,0,0"
29.85,276,AV,1,0,0,72,7864.29237148983,,-29.85,"0,0,0,0","0,0,0"
47.25,144,AV,2,0,0,99,2212.8825544422834,,-47.25,"0,0,0,0","0,0,0"
34.45,213,AV,2,0,0,51,3822.7735841463273,,-34.45,"0,0,0,0","0,0,0"
28.633333333333333,10,AV,0,0,0,93,541.9839687696077,,-28.633333333333333,"0,0,0,0","0,0,0"
27.85,19,AV,2,0,0,12,658.4091024775607,,-27.85,"0,0,0,0","0,0,0"
36.9,167,AV,2,0,0,65,2629.980017260476,,-36.9,"0,0,0,0","0,0,0"
29.65,183,AV,2,0,0,18,3017.17067826153,,-29.65,"0,0,0,0","0,0,0"
44.766666666666666,224,AV,2,0,0,87,4135.471393234625,,-44.766666666666666,"0,0,0,0","0,0,0"
30.6,233,AV,2,0,0,27,4687.914961676448,,-30.6,"0,0,0,0","0,0,0"
25.65,274,AV,2,0,0,23,7572.106998522375,,-25.65,"0,0,0,0","0,0,0"
26.416666666666668,290,AV,1,0,0,57,10783.100237376317,,-26.416666666666668,"0,0,0,0","0,0,0"
43.46666666666667,296,AV,2,0,0,95,14505.369879802229,,-43.46666666666667,"0,0,0,0","0,0,0"
45.38333333333333,236,AV,2,0,0,88,4843.3187157075145,,-45.38333333333333,"0,0,0,0","0,0,0"
20.216666666666665,178,AV,0,0,0,57,2927.9701715656583,,-20.216666666666665,"0,0,0,0","0,0,0"
30.483333333333334,117,AV,2,0,0,37,1824.367004680513,,-30.483333333333334,"0,0,0,0","0,0,0"
35.85,53,AV,2,0,0,48,1020.5842314575186,,-35.85,"0,0,0,0","0,0,0"
31.833333333333332,31,AV,2,0,0,36,818.0604611907775,,-31.833333333333332,"0,0,0,0","0,0,0"
30.383333333333333,170,AV,2,0,0,19,2744.255474143275,,-30.383333333333333,"0,0,0,0","0,0,0"
38.516666666666666,20,AV,2,0,0,64,670.158540600369,,-38.516666666666666,"0,0,0,0","0,0,0"
24.433333333333334,44,AV,2,0,0,7,950.4213588862824,,-24.433333333333334,"0,0,0,0","0,0,0"
33.61666666666667,142,AV,2,0,0,28,2187.718469250836,,-33.61666666666667,"0,0,0,0","0,0,0"
26.566666666666666,165,AV,2,0,0,24,2574.4307659940623,,-26.566666666666666,"0,0,0,0","0,0,0"
25.8,155,AV,1,0,0,51,2344.9936519099742,,-25.8,"0,0,0,0","0,0,0"
26.35,158,AV,2,0,0,27,2401.1770329784995,,-26.35,"0,0,0,0","0,0,0"
25.7,63,AV,2,0,0,2,1141.0395517097602,,-25.7,"0,0,0,0","0,0,0"
49.31666666666667,206,AV,2,0,0,100,3583.4963710051925,,-49.31666666666667,"0,0,0,0","0,0,0"
29.616666666666667,202,AV,2,0,0,33,3414.9419898187493,,-29.616666666666667,"0,0,0,0","0,0,0"
23.616666666666667,55,AV,2,0,0,12,1025.7249596144625,,-23.616666666666667,"0,0,0,0","0,0,0"
41.583333333333336,280,AV,2,0,0,89,8134.997760071039,,-41.583333333333336,"0,0,0,0","0,0,0"
49.25,288,AV,2,0,0,99,9667.367812467324,,-49.25,"0,0,0,0","0,0,0"
28.633333333333333,8,AV,2,0,0,29,522.2875039790788,,-28.633333333333333,"0,0,0,0","0,0,0"
24.633333333333333,47,AV,2,0,0,9,968.7072844723906,,-24.633333333333333,"0,0,0,0","0,0,0"
41.25,41,AV,2,0,0,82,932.0432837729122,,-41.25,"0,0,0,0","0,0,0"
29.466666666666665,293,AV,2,0,0,25,11940.25564443948,,-29.466666666666665,"0,0,0,0","0,0,0"
43.68333333333333,211,AV,2,0,0,96,3773.073658575576,,-43.68333333333333,"0,0,0,0","0,0,0"
22.433333333333334,143,AV,2,0,0,3,2187.907521251699,,-22.433333333333334,"0,0,0,0","0,0,0"
33.21666666666667,109,AV,2,0,0,28,1778.835052690156,,-33.21666666666667,"0,0,0,0","0,0,0"
24.083333333333332,298,AV,2,0,0,15,17322.90883950548,,-24.083333333333332,"0,0,0,0","0,0,0"
41.05,113,AV,2,0,0,82,1797.659883656486,,-41.05,"0,0,0,0","0,0,0"
33.68333333333333,57,AV,2,0,0,45,1089.3140785512585,,-33.68333333333333,"0,0,0,0","0,0,0"
35.3,85,AV,2,0,0,46,1386.7650627050614,,-35.3,"0,0,0,0","0,0,0"
45.5,54,AV,2,0,0,84,1020.7360413649084,,-45.5,"0,0,0,0","0,0,0"
23.75,133,AV,2,0,0,6,2033.019749384408,,-23.75,"0,0,0,0","0,0,0"
38.0,86,AV,2,0,0,57,1404.912317929139,,-38.0,"0,0,0,0","0,0,0"
39.75,9,AV,2,0,0,60,539.5213747330826,,-39.75,"0,0,0,0","0,0,0"
44.56666666666667,149,AV,2,0,0,74,2283.7291705859197,,-44.56666666666667,"0,0,0,0","0,0,0"
26.533333333333335,198,AV,2,0,0,19,3352.9358316496982,,-26.533333333333335,"0,0,0,0","0,0,0"
13.666666666666666,299,AV,0,0,0,31,20793.30768626012,,-13.666666666666666,"0,0,0,0","0,0,0"
34.666666666666664,150,AV,2,0,0,45,2293.603195459698,,-34.666666666666664,"0,0,0,0","0,0,0"
34.11666666666667,294,AV,2,0,0,40,13351.937436366714,,-34.11666666666667,"0,0,0,0","0,0,0"
28.683333333333334,249,AV,0,0,0,89,5702.891177591027,,-28.683333333333334,"0,0,0,0","0,0,0"
28.683333333333334,23,AV,2,0,0,0,736.5379020629116,,-28.683333333333334,"0,0,0,0","0,0,0"
32.483333333333334,75,AV,2,0,0,31,1275.9312017726234,,-32.483333333333334,"0,0,0,0","0,0,0"
13.55,237,AV,1,0,0,6,4959.361066312568,,-13.55,"0,0,0,0","0,0,0"
29.883333333333333,271,AV,1,0,0,71,7128.986247371214,,-29.883333333333333,"0,0,0,0","0,0,0"
36.583333333333336,221,AV,2,0,0,61,4034.238052294327,,-36.583333333333336,"0,0,0,0","0,0,0"
34.68333333333333,148,AV,2,0,0,28,2260.56382504795,,-34.68333333333333,"0,0,0,0","0,0,0"
35.86666666666667,285,AV,2,0,0,43,8981.750106371177,,-35.86666666666667,"0,0,0,0","0,0,0"
33.11666666666667,84,AV,2,0,0,37,1373.5659577718477,,-33.11666666666667,"0,0,0,0","0,0,0"
31.166666666666668,14,AV,2,0,0,34,601.3137559373858,,-31.166666666666668,"0,0,0,0","0,0,0"
23.816666666666666,7,AV,2,0,0,11,513.3463032142733,,-23.816666666666666,"0,0,0,0","0,0,0"
42.416666666666664,189,AV,2,0,0,75,3119.7161673652217,,-42.416666666666664,"0,0,0,0","0,0,0"
10.216666666666667,283,AV,0,0,0,17,8480.737499651503,,-10.216666666666667,"0,0,0,0","0,0,0"
42.2,250,AV,2,0,0,97,5807.233742044462,,-42.2,"0,0,0,0","0,0,0"
42.81666666666667,130,AV,2,0,0,75,2011.9739719035176,,-42.81666666666667,"0,0,0,0","0,0,0"
33.0,154,AV,2,0,0,38,2335.4036410281064,,-33.0,"0,0,0,0","0,0,0"
30.55,129,AV,2,0,0,28,2010.868248891871,,-30.55,"0,0,0,0","0,0,0"
40.1,227,AV,2,0,0,65,4547.885280126284,,-40.1,"0,0,0,0","0,0,0"
34.65,145,AV,2,0,0,36,2218.0502812558643,,-34.65,"0,0,0,0","0,0,0"
32.38333333333333,40,AV,2,0,0,47,914.1934345695068,,-32.38333333333333,"0,0,0,0","0,0,0"
23.216666666666665,255,AV,2,0,0,4,5911.733280178027,,-23.216666666666665,"0,0,0,0","0,0,0"
28.35,297,AV,2,0,0,5,15387.119225735782,,-28.35,"0,0,0,0","0,0,0"
22.183333333333334,168,AV,2,0,0,8,2675.3892374750885,,-22.183333333333334,"0,0,0,0","0,0,0"
31.433333333333334,257,AV,2,0,0,28,6020.57275324985,,-31.433333333333334,"0,0,0,0","0,0,0"
46.166666666666664,99,AV,2,0,0,81,1564.487892525026,,-46.166666666666664,"0,0,0,0","0,0,0"
26.583333333333332,223,AV,2,0,0,21,4113.319853961603,,-26.583333333333332,"0,0,0,0","0,0,0"
42.8,212,AV,2,0,0,85,3783.636689084741,,-42.8,"0,0,0,0","0,0,0"
43.36666666666667,225,AV,2,0,0,68,4237.057085974603,,-43.36666666666667,"0,0,0,0","0,0,0"
33.666666666666664,69,AV,2,0,0,28,1244.4027248274256,,-33.666666666666664,"0,0,0,0","0,0,0"
45.11666666666667,268,AV,2,0,0,93,7006.371100745904,,-45.11666666666667,"0,0,0,0","0,0,0"
28.183333333333334,108,AV,2,0,0,21,1751.9448432672848,,-28.183333333333334,"0,0,0,0","0,0,0"
28.15,22,AV,2,0,0,28,727.2326469992182,,-28.15,"0,0,0,0","0,0,0"
22.866666666666667,33,AV,1,0,0,33,825.4433072334436,,-22.866666666666667,"0,0,0,0","0,0,0"
30.516666666666666,181,AV,2,0,0,23,2964.6777926145683,,-30.516666666666666,"0,0,0,0","0,0,0"
34.666666666666664,160,AV,2,0,0,41,2421.0391237858234,,-34.666666666666664,"0,0,0,0","0,0,0"
30.8,287,AV,2,0,0,37,9030.678864893336,,-30.8,"0,0,0,0","0,0,0"
46.15,234,AV,2,0,0,100,4689.4303597647895,,-46.15,"0,0,0,0","0,0,0"
37.733333333333334,284,AV,2,0,0,56,8493.635575370567,,-37.733333333333334,"0,0,0,0","0,0,0"
43.11666666666667,196,AV,2,0,0,73,3278.222126324269,,-43.11666666666667,"0,0,0,0","0,0,0"
32.333333333333336,77,AV,1,0,0,75,1291.2118623687816,,-32.333333333333336,"0,0,0,0","0,0,0"
20.183333333333334,166,AV,1,0,0,28,2580.565825479665,,-20.183333333333334,"0,0,0,0","0,0,0"
46.18333333333333,197,AV,2,0,0,98,3301.717979419838,,-46.18333333333333,"0,0,0,0","0,0,0"
44.36666666666667,107,AV,2,0,0,90,1717.0377309640771,,-44.36666666666667,"0,0,0,0","0,0,0"
24.966666666666665,140,AV,2,0,0,7,2137.1188228190404,,-24.966666666666665,"0,0,0,0","0,0,0"
46.516666666666666,71,AV,2,0,0,93,1260.6549751070208,,-46.516666666666666,"0,0,0,0","0,0,0"
43.166666666666664,60,AV,2,0,0,82,1111.987968807459,,-43.166666666666664,"0,0,0,0","0,0,0"
46.416666666666664,192,AV,2,0,0,99,3227.056348793521,,-46.416666666666664,"0,0,0,0","0,0,0"
29.266666666666666,88,AV,1,0,0,59,1454.957177165027,,-29.266666666666666,"0,0,0,0","0,0,0"
27.166666666666668,83,AV,1,0,0,60,1348.5865378412918,,-27.166666666666668,"0,0,0,0","0,0,0"
40.71666666666667,173,AV,2,0,0,67,2758.442965787371,,-40.71666666666667,"0,0,0,0","0,0,0"
31.05,135,AV,2,0,0,18,2088.64210540395,,-31.05,"0,0,0,0","0,0,0"
28.65,78,AV,2,0,0,23,1291.7462447339112,,-28.65,"0,0,0,0","0,0,0"
31.066666666666666,243,AV,2,0,0,27,5158.4050556257225,,-31.066666666666666,"0,0,0,0","0,0,0"
26.366666666666667,172,AV,2,0,0,26,2753.3979495063454,,-26.366666666666667,"0,0,0,0","0,0,0"
28.466666666666665,139,AV,2,0,0,2,2131.3254046090938,,-28.466666666666665,"0,0,0,0","0,0,0"
30.633333333333333,120,AV,2,0,0,39,1848.7234685638712,,-30.633333333333333,"0,0,0,0","0,0,0"
38.983333333333334,68,AV,2,0,0,52,1200.7903182940884,,-38.983333333333334,"0,0,0,0","0,0,0"
26.416666666666668,26,AV,2,0,0,20,783.6834518391023,,-26.416666666666668,"0,0,0,0","0,0,0"
40.833333333333336,45,AV,2,0,0,81,954.0002559944874,,-40.833333333333336,"0,0,0,0","0,0,0"
28.116666666666667,169,AV,2,0,0,17,2722.266725979925,,-28.116666666666667,"0,0,0,0","0,0,0"
5.083333333333333,273,AV,0,0,0,2,7332.887514065835,,-5.083333333333333,"0,0,0,0","0,0,0"
49.083333333333336,184,AV,2,0,0,93,3024.224513765153,,-49.083333333333336,"0,0,0,0","0,0,0"
45.15,58,AV,2,0,0,99,1100.389953660579,,-45.15,"0,0,0,0","0,0,0"
43.96666666666667,286,AV,2,0,0,86,8987.822610831106,,-43.96666666666667,"0,0,0,0","0,0,0"
22.6,12,AV,2,0,0,10,572.7967315704935,,-22.6,"0,0,0,0","0,0,0"
24.933333333333334,259,AV,2,0,0,14,6130.868263041086,,-24.933333333333334,"0,0,0,0","0,0,0"
33.666666666666664,218,AV,2,0,0,44,3942.222625638348,,-33.666666666666664,"0,0,0,0","0,0,0"
32.43333333333333,291,AV,2,0,0,47,10838.007207066395,,-32.43333333333333,"0,0,0,0","0,0,0"
42.71666666666667,156,AV,2,0,0,73,2360.1328348572283,,-42.71666666666667,"0,0,0,0","0,0,0"
31.7,104,AV,2,0,0,38,1664.0464513081895,,-31.7,"0,0,0,0","0,0,0"
41.38333333333333,254,AV,2,0,0,68,5899.132481879994,,-41.38333333333333,"0,0,0,0","0,0,0"
39.266666666666666,114,AV,2,0,0,60,1799.695682844959,,-39.266666666666666,"0,0,0,0","0,0,0"
27.7,132,AV,2,0,0,24,2030.86588445069,,-27.7,"0,0,0,0","0,0,0"
44.55,164,AV,2,0,0,80,2563.744074524839,,-44.55,"0,0,0,0","0,0,0"
43.983333333333334,214,AV,2,0,0,90,3824.993837156676,,-43.983333333333334,"0,0,0,0","0,0,0"
25.483333333333334,3,AV,2,0,0,26,473.5024380788758,,-25.483333333333334,"0,0,0,0","0,0,0"
33.71666666666667,115,AV,2,0,0,40,1809.16611953512,,-33.71666666666667,"0,0,0,0","0,0,0"
28.066666666666666,138,AV,1,0,0,67,2123.4400354784907,,-28.066666666666666,"0,0,0,0","0,0,0"
29.716666666666665,240,AV,2,0,0,24,5009.92015912814,,-29.716666666666665,"0,0,0,0","0,0,0"
30.55,246,AV,2,0,0,32,5480.041794665195,,-30.55,"0,0,0,0","0,0,0"
46.45,36,AV,2,0,0,100,854.5785374972068,,-46.45,"0,0,0,0","0,0,0"
38.25,2,AV,2,0,0,60,457.16351791608827,,-38.25,"0,0,0,0","0,0,0"
36.56666666666667,174,AV,2,0,0,57,2838.632091159661,,-36.56666666666667,"0,0,0,0","0,0,0"
37.983333333333334,24,AV,2,0,0,60,741.34301771214,,-37.983333333333334,"0,0,0,0","0,0,0"
43.15,21,AV,2,0,0,69,699.2977112166509,,-43.15,"0,0,0,0","0,0,0"
37.483333333333334,25,AV,2,0,0,59,763.1985099142711,,-37.483333333333334,"0,0,0,0","0,0,0"
30.783333333333335,238,AV,2,0,0,33,4967.653125719208,,-30.783333333333335,"0,0,0,0","0,0,0"
48.56666666666667,121,AV,2,0,0,95,1885.557658153182,,-48.56666666666667,"0,0,0,0","0,0,0"
32.63333333333333,182,AV,2,0,0,29,2991.769966736588,,-32.63333333333333,"0,0,0,0","0,0,0"
25.016666666666666,226,AV,0,0,0,83,4434.023444374438,,-25.016666666666666,"0,0,0,0","0,0,0"
25.183333333333334,35,AV,2,0,0,15,849.0657401736111,,-25.183333333333334,"0,0,0,0","0,0,0"
31.183333333333334,116,AV,2,0,0,34,1823.811293294481,,-31.183333333333334,"0,0,0,0","0,0,0"
30.066666666666666,247,AV,2,0,0,34,5502.789496653042,,-30.066666666666666,"0,0,0,0","0,0,0"
38.766666666666666,126,AV,2,0,0,80,1950.0200213032829,,-38.766666666666666,"0,0,0,0","0,0,0"
34.8,112,AV,2,0,0,50,1794.439334206041,,-34.8,"0,0,0,0","0,0,0"
11.85,105,AV,0,0,0,27,1682.490559712908,,-11.85,"0,0,0,0","0,0,0"
37.05,37,AV,2,0,0,59,861.805442805673,,-37.05,"0,0,0,0","0,0,0"
23.583333333333332,262,AV,0,0,0,69,6446.254396158338,,-23.583333333333332,"0,0,0,0","0,0,0"
45.88333333333333,253,AV,2,0,0,93,5849.7981009167725,,-45.88333333333333,"0,0,0,0","0,0,0"
26.45,52,AV,2,0,0,1,1017.530975349866,,-26.45,"0,0,0,0","0,0,0"
40.6,136,AV,2,0,0,69,2105.159940183184,,-40.6,"0,0,0,0","0,0,0"
28.583333333333332,27,AV,1,0,0,65,793.0252767736928,,-28.583333333333332,"0,0,0,0","0,0,0"
42.7,152,AV,2,0,0,87,2302.618320259251,,-42.7,"0,0,0,0","0,0,0"
22.166666666666668,64,AV,2,0,0,1,1148.2139867956057,,-22.166666666666668,"0,0,0,0","0,0,0"
19.716666666666665,239,AV,1,0,0,28,4968.170350229253,,-19.716666666666665,"0,0,0,0","0,0,0"
19.616666666666667,18,AV,1,0,0,31,632.5893922142865,,-19.616666666666667,"0,0,0,0","0,0,0"
23.75,179,AV,2,0,0,17,2946.490055333797,,-23.75,"0,0,0,0","0,0,0"
30.483333333333334,93,AV,2,0,0,33,1507.5005543882637,,-30.483333333333334,"0,0,0,0","0,0,0"
29.633333333333333,180,AV,2,0,0,12,2953.761118311176,,-29.633333333333333,"0,0,0,0","0,0,0"
21.95,122,AV,0,0,0,63,1888.2149669861096,,-21.95,"0,0,0,0","0,0,0"
42.583333333333336,29,AV,2,0,0,67,806.3598325453933,,-42.583333333333336,"0,0,0,0","0,0,0"
44.4,4,AV,2,0,0,87,491.8679742725259,,-44.4,"0,0,0,0","0,0,0"
15.4,79,AV,0,0,0,33,1294.2551843223837,,-15.4,"0,0,0,0","0,0,0"
35.06666666666667,264,AV,2,0,0,56,6778.2755320215965,,-35.06666666666667,"0,0,0,0","0,0,0"
19.033333333333335,119,AV,2,0,0,4,1836.3970218708375,,-19.033333333333335,"0,0,0,0","0,0,0"
33.35,263,AV,1,0,0,85,6563.608435155774,,-33.35,"0,0,0,0","0,0,0"
23.916666666666668,187,AV,2,0,0,5,3097.4575811220984,,-23.916666666666668,"0,0,0,0","0,0,0"
29.416666666666668,92,AV,2,0,0,27,1496.328062426438,,-29.416666666666668,"0,0,0,0","0,0,0"
38.9,210,AV,2,0,0,65,3742.7752140142647,,-38.9,"0,0,0,0","0,0,0"
28.716666666666665,190,AV,1,0,0,59,3132.463358685509,,-28.716666666666665,"0,0,0,0","0,0,0"
29.533333333333335,251,AV,2,0,0,27,5825.425317043349,,-29.533333333333335,"0,0,0,0","0,0,0"
31.633333333333333,235,AV,2,0,0,36,4818.617258984985,,-31.633333333333333,"0,0,0,0","0,0,0"
43.0,56,AV,2,0,0,78,1040.734547163155,,-43.0,"0,0,0,0","0,0,0"
17.266666666666666,96,AV,0,0,0,39,1538.317647081207,,-17.266666666666666,"0,0,0,0","0,0,0"
20.166666666666668,98,AV,0,0,0,57,1564.4426034616197,,-20.166666666666668,"0,0,0,0","0,0,0"
43.916666666666664,11,AV,2,0,0,94,566.7055292848979,,-43.916666666666664,"0,0,0,0","0,0,0"
20.95,270,AV,2,0,0,0,7099.697064525982,,-20.95,"0,0,0,0","0,0,0"
24.383333333333333,194,AV,2,0,0,14,3257.969850357721,,-24.383333333333333,"0,0,0,0","0,0,0"
25.6,141,AV,1,0,0,46,2139.4702648744856,,-25.6,"0,0,0,0","0,0,0"
44.75,124,AV,2,0,0,82,1929.5758599688188,,-44.75,"0,0,0,0","0,0,0"
21.983333333333334,260,AV,2,0,0,15,6197.036257351283,,-21.983333333333334,"0,0,0,0","0,0,0"
45.35,91,AV,2,0,0,79,1485.5718097438446,,-45.35,"0,0,0,0","0,0,0"
46.4,278,AV,2,0,0,95,7958.958807233507,,-46.4,"0,0,0,0","0,0,0"
41.71666666666667,15,AV,2,0,0,65,623.7253316558669,,-41.71666666666667,"0,0,0,0","0,0,0"
24.366666666666667,248,AV,2,0,0,8,5702.616109653807,,-24.366666666666667,"0,0,0,0","0,0,0"
27.966666666666665,199,AV,2,0,0,15,3368.9508766880413,,-27.966666666666665,"0,0,0,0","0,0,0"
47.733333333333334,110,AV,2,0,0,95,1782.711710770346,,-47.733333333333334,"0,0,0,0","0,0,0"
22.95,176,AV,2,0,0,9,2853.537244729806,,-22.95,"0,0,0,0","0,0,0"
33.8,282,AV,2,0,0,46,8348.421721831439,,-33.8,"0,0,0,0","0,0,0"
36.75,207,AV,2,0,0,49,3608.770587345788,,-36.75,"0,0,0,0","0,0,0"
47.53333333333333,73,AV,2,0,0,99,1267.69032506861,,-47.53333333333333,"0,0,0,0","0,0,0"
35.0,261,AV,2,0,0,57,6230.691172258436,,-35.0,"0,0,0,0","0,0,0"
21.666666666666668,195,AV,2,0,0,5,3274.575105225111,,-21.666666666666668,"0,0,0,0","0,0,0"
26.816666666666666,200,AV,0,0,0,84,3386.12741774329,,-26.816666666666666,"0,0,0,0","0,0,0"
41.11666666666667,219,AV,2,0,0,89,3958.913906791885,,-41.11666666666667,"0,0,0,0","0,0,0"
42.18333333333333,32,AV,2,0,0,60,822.5771428470101,,-42.18333333333333,"0,0,0,0","0,0,0"
29.083333333333332,103,AV,2,0,0,24,1661.9571573900298,,-29.083333333333332,"0,0,0,0","0,0,0"
32.53333333333333,230,AV,2,0,0,38,4572.8741748457805,,-32.53333333333333,"0,0,0,0","0,0,0"
42.65,175,AV,2,0,0,80,2850.5966631146844,,-42.65,"0,0,0,0","0,0,0"
40.233333333333334,220,AV,2,0,0,73,4021.28082322038,,-40.233333333333334,"0,0,0,0","0,0,0"
27.466666666666665,39,AV,2,0,0,11,913.5589076746268,,-27.466666666666665,"0,0,0,0","0,0,0"
43.36666666666667,177,AV,2,0,0,86,2891.134206742707,,-43.36666666666667,"0,0,0,0","0,0,0"
27.383333333333333,204,AV,2,0,0,12,3465.4556083993225,,-27.383333333333333,"0,0,0,0","0,0,0"
30.016666666666666,76,AV,2,0,0,34,1282.6858023855964,,-30.016666666666666,"0,0,0,0","0,0,0"
33.166666666666664,100,AV,2,0,0,49,1592.2311391495805,,-33.166666666666664,"0,0,0,0","0,0,0"
25.45,208,AV,2,0,0,3,3628.2404526711953,,-25.45,"0,0,0,0","0,0,0"
32.21666666666667,269,AV,1,0,0,78,7081.334819999852,,-32.21666666666667,"0,0,0,0","0,0,0"
36.18333333333333,0,AV,2,0,0,52,437.8567856598078,,-36.18333333333333,"0,0,0,0","0,0,0"
36.03333333333333,74,AV,2,0,0,56,1275.6237969650936,,-36.03333333333333,"0,0,0,0","0,0,0"
38.13333333333333,241,AV,2,0,0,67,5051.78348307234,,-38.13333333333333,"0,0,0,0","0,0,0"
31.9,80,AV,2,0,0,43,1317.647826688136,,-31.9,"0,0,0,0","0,0,0"
43.733333333333334,272,AV,2,0,0,90,7177.938863287724,,-43.733333333333334,"0,0,0,0","0,0,0"
32.833333333333336,222,AV,2,0,0,41,4090.160813256426,,-32.833333333333336,"0,0,0,0","0,0,0"
43.18333333333333,28,AV,2,0,0,86,802.5586880039084,,-43.18333333333333,"0,0,0,0","0,0,0"
23.166666666666668,61,AV,2,0,0,13,1117.0806745336297,,-23.166666666666668,"0,0,0,0","0,0,0"
