travel_time,id,kind,action,origin,destination,start_time,income,urgency,reward,observation,cost_table
36.016666666666666,242,AV,2,0,0,54,5144.150368411208,,-36.016666666666666,"0,0,0,0","0,0,0"
23.35,205,AV,1,0,0,47,3487.44186130441,,-23.35,"0,0,0,0","0,0,0"
28.383333333333333,137,AV,2,0,0,2,2108.868816674547,,-28.383333333333333,"0,0,0,0","0,0,0"
29.333333333333332,43,AV,2,0,0,17,946.2003450753726,,-29.333333333333332,"0,0,0,0","0,0,0"
33.31666666666667,244,AV,2,0,0,32,5307.329693361759,,-33.31666666666667,"0,0,0,0","0,0,0"
22.866666666666667,102,AV,1,0,0,34,1628.9397076974285,,-22.866666666666667,"0,0,0,0","0,0,0"
40.03333333333333,123,AV,2,0,0,70,1927.298426803608,,-40.03333333333333,"0,0,0,0","0,0,0"
38.36666666666667,157,AV,2,0,0,52,2398.572127464108,,-38.36666666666667,"0,0,0,0","0,0,0"
38.0,171,AV,2,0,0,53,2750.2432356670683,,-38.0,"0,0,0,0","0,0,0"
25.633333333333333,289,AV,2,0,0,23,10426.353459350525,,-25.633333333333333,"0,0,0,0","0,0,0"
29.083333333333332,131,AV,2,0,0,22,2022.4315636845977,,-29.083333333333332,"0,0,0,0","0,0,0"
49.083333333333336,295,AV,2,0,0,91,14312.770160915026,,-49.083333333333336,"0,0,0,0","0,0,0"
31.8,49,AV,2,0,0,32,975.0940381265832,,-31.8,"0,0,0,0","0,0,0"
16.4,231,AV,1,0,0,20,4577.590037133467,,-16.4,"0,0,0,0","0,0,0"
24.033333333333335,101,AV,1,0,0,47,1597.8734280578535,,-24.033333333333335,"0,0,0,0","0,0,0"
26.233333333333334,193,AV,2,0,0,25,3236.647802754315,,-26.233333333333334,"0,0,0,0","0,0,0"
33.45,215,AV,2,0,0,47,3882.59008652233,,-33.45,"0,0,0,0","0,0,0"
41.3,66,AV,2,0,0,66,1150.2916000513435,,-41.3,"0,0,0,0","0,0,0"
36.61666666666667,48,AV,2,0,0,57,969.457736312404,,-36.61666666666667,"0,0,0,0","0,0,0"
30.583333333333332,59,AV,1,0,0,71,1104.4445206976068,,-30.583333333333332,"0,0,0,0","0,0,0"
38.38333333333333,127,AV,2,0,0,63,1986.5043233563797,,-38.38333333333333,"0,0,0,0","0,0,0"
31.266666666666666,67,AV,1,0,0,69,1167.011530479414,,-31.266666666666666,"0,0,0,0","0,0,0"
30.533333333333335,217,AV,2,0,0,34,3919.41152379869,,-30.533333333333335,"0,0,0,0","0,0,0"
35.45,146,AV,2,0,0,49,2218.7455195521825,,-35.45,"0,0,0,0","0,0,0"
49.3,128,AV,2,0,0,97,1993.780724220221,,-49.3,"0,0,0,0","0,0,0"
22.016666666666666,134,AV,2,0,0,0,2043.1688306873104,,-22.016666666666666,"0,0,0,0","0,0,0"
37.083333333333336,82,AV,2,0,0,55,1342.087988935639,,-37.083333333333336,"0,0,0,0","0,0,0"
25.833333333333332,1,AV,2,0,0,2,449.0833195935783,,-25.833333333333332,"0,0,0,0","0,0,0"
49.3,125,AV,2,0,0,100,1942.5668635563816,,-49.3,"0,0,0,0","0,0,0"
30.666666666666668,153,AV,2,0,0,38,2318.2944376966047,,-30.666666666666668,"0,0,0,0","0,0,0"
37.083333333333336,94,AV,2,0,0,47,1527.6889462703334,,-37.083333333333336,"0,0,0,0","0,0,0"
27.5,6,AV,2,0,0,7,508.6019702527906,,-27.5,"0,0,0,0","0,0,0"
40.63333333333333,72,AV,2,0,0,87,1261.43865123121,,-40.63333333333333,"0,0,0,0","0,0,0"
30.35,232,AV,2,0,0,34,4645.51881630073,,-30.35,"0,0,0,0","0,0,0"
26.85,245,AV,1,0,0,54,5354.15698790508,,-26.85,"0,0,0,0","0,0,0"
29.366666666666667,203,AV,2,0,0,35,3456.1529418207683,,-29.366666666666667,"0,0,0,0","0,0,0"
40.78333333333333,252,AV,2,0,0,86,5825.994272151124,,-40.78333333333333,"0,0,0,0","0,0,0"
21.25,70,AV,1,0,0,30,1249.5878531833848,,-21.25,"0,0,0,0","0,0,0"
34.833333333333336,188,AV,2,0,0,56,3101.095365071405,,-34.833333333333336,"0,0,0,0","0,0,0"
34.88333333333333,267,AV,1,0,0,91,6995.337061486569,,-34.88333333333333,"0,0,0,0","0,0,0"
27.7,266,AV,2,0,0,9,6947.27484286379,,-27.7,"0,0,0,0","0,0,0"
37.2,163,AV,2,0,0,44,2538.843693606908,,-37.2,"0,0,0,0","0,0,0"
38.75,42,AV,2,0,0,65,932.1411738504048,,-38.75,"0,0,0,0","0,0,0"
35.05,186,AV,2,0,0,50,3048.604611013583,,-35.05,"0,0,0,0","0,0,0"
32.5,34,AV,1,0,0,82,832.3173438658397,,-32.5,"0,0,0,0","0,0,0"
42.63333333333333,265,AV,2,0,0,85,6918.069898529506,,-42.63333333333333,"0,0,0,0","0,0,0"
27.116666666666667,281,AV,2,0,0,19,8139.327108000771,,-27.116666666666667,"0,0,0,0","0,0,0"
38.016666666666666,151,AV,2,0,0,55,2294.767722006211,,-38.016666666666666,"0,0,0,0","0,0,0"
37.6,209,AV,2,0,0,47,3630.005597296026,,-37.6,"0,0,0,0","0,0,0"
18.35,30,AV,1,0,0,24,814.1496548969513,,-18.35,"0,0,0,0","0,0,0"
24.333333333333332,81,AV,2,0,0,14,1338.7213376931895,,-24.333333333333332,"0,0,0,0","0,0,0"
16.533333333333335,65,AV,1,0,0,12,1148.9174546898266,,-16.533333333333335,"0,0,0,0","0,0,0"
28.416666666666668,90,AV,2,0,0,33,1467.6871321740252,,-28.416666666666668,"0,0,0,0","0,0,0"
15.066666666666666,277,AV,1,0,0,12,7912.643587116454,,-15.066666666666666,"0,0,0,0","0,0,0"
46.06666666666667,118,AV,2,0,0,81,1830.3424648913517,,-46.06666666666667,"0,0,0,0","0,0,0"
45.85,201,AV,2,0,0,92,3393.6426315430986,,-45.85,"0,0,0,0","0,0,0"
24.433333333333334,89,AV,2,0,0,11,1457.5875839824732,,-24.433333333333334,"0,0,0,0","0,0,0"
23.733333333333334,162,AV,2,0,0,5,2530.9644311939346,,-23.733333333333334,"0,0,0,0","0,0,0"
37.583333333333336,185,AV,2,0,0,51,3046.5766145774583,,-37.583333333333336,"0,0,0,0","0,0,0"
16.15,228,AV,1,0,0,18,4559.760277629775,,-16.15,"0,0,0,0","0,0,0"
29.266666666666666,275,AV,2,0,0,23,7658.5640246764915,,-29.266666666666666,"0,0,0,0","0,0,0"
33.7,256,AV,1,0,0,86,6007.794801579103,,-33.7,"0,0,0,0","0,0,0"
21.7,111,AV,2,0,0,3,1783.933402668827,,-21.7,"0,0,0,0","0,0,0"
44.516666666666666,95,AV,2,0,0,72,1530.6528609905624,,-44.516666666666666,"0,0,0,0","0,0,0"
31.883333333333333,258,AV,1,0,0,71,6081.635477498837,,-31.883333333333333,"0,0,0,0","0,0,0"
36.5,191,AV,1,0,0,95,3159.4556453821087,,-36.5,"0,0,0,0","0,0,0"
22.616666666666667,16,AV,2,0,0,12,626.2908344343901,,-22.616666666666667,"0,0,0,0","0,0,0"
22.783333333333335,97,AV,2,0,0,7,1541.4014724042315,,-22.783333333333335,"0,0,0,0","0,0,0"
30.916666666666668,161,AV,2,0,0,27,2472.005569054355,,-30.916666666666668,"0,0,0,0","0,0,0"
34.45,279,AV,2,0,0,39,8011.326014866212,,-34.45,"0,0,0,0","0,0,0"
24.433333333333334,5,AV,1,0,0,50,497.26542980048754,,-24.433333333333334,"0,0,0,0","0,0,0"
35.81666666666667,38,AV,1,0,0,93,863.3540159882258,,-35.81666666666667,"0,0,0,0","0,0,0"
30.65,87,AV,2,0,0,39,1447.5744631551047,,-30.65,"0,0,0,0","0,0,0"
37.05,46,AV,1,0,0,100,961.7772661313056,,-37.05,"0,0,0,0","0,0,0"
26.983333333333334,147,AV,2,0,0,33,2241.037238818388,,-26.983333333333334,"0,0,0,0","0,0,0"
31.983333333333334,216,AV,2,0,0,49,3898.759045987068,,-31.983333333333334,"0,0,0,0","0,0,0"
34.083333333333336,13,AV,2,0,0,52,591.6693204447811,,-34.083333333333336,"0,0,0,0","0,0,0"
22.3,17,AV,1,0,0,43,627.4062491148882,,-22.3,"0,0,0,0","0,0,0"
36.333333333333336,229,AV,2,0,0,64,4569.840806868062,,-36.333333333333336,"0,0,0,0","0,0,0"
19.033333333333335,292,AV,2,0,0,2,11515.391842589095,,-19.033333333333335,"0,0,0,0","0,0,0"
24.25,62,AV,2,0,0,8,1122.7546975855585,,-24.25,"0,0,0,0","0,0,0"
38.916666666666664,106,AV,2,0,0,82,1691.6338586686718,,-38.916666666666664,"0,0,0,0","0,0,0"
30.5,159,AV,2,0,0,37,2411.397471856681,,-30.5,"0,0,0,0","0,0,0"
30.4,50,AV,2,0,0,20,1011.0784796502788,,-30.4,"0,0,0,0","0,0,0"
38.1,51,AV,2,0,0,64,1014.5614647146556,,-38.1,"0,0,0,0","0,0,0"
27.7,276,AV,2,0,0,32,7864.29237148983,,-27.7,"0,0,0,0","0,0,0"
29.55,144,AV,2,0,0,9,2212.8825544422834,,-29.55,"0,0,0,0","0,0,0"
19.916666666666668,213,AV,1,0,0,34,3822.7735841463273,,-19.916666666666668,"0,0,0,0","0,0,0"
42.55,10,AV,2,0,0,90,541.9839687696077,,-42.55,"0,0,0,0","0,0,0"
46.46666666666667,19,AV,2,0,0,96,658.4091024775607,,-46.46666666666667,"0,0,0,0","0,0,0"
28.166666666666668,167,AV,2,0,0,18,2629.980017260476,,-28.166666666666668,"0,0,0,0","0,0,0"
33.9,183,AV,2,0,0,53,3017.17067826153,,-33.9,"0,0,0,0","0,0,0"
30.683333333333334,224,AV,2,0,0,43,4135.471393234625,,-30.683333333333334,"0,0,0,0","0,0,0"
28.5,233,AV,2,0,0,23,4687.914961676448,,-28.5,"0,0,0,0","0,0,0"
22.183333333333334,274,AV,2,0,0,1,7572.106998522375,,-22.183333333333334,"0,0,0,0","0,0,0"
22.583333333333332,290,AV,1,0,0,38,10783.100237376317,,-22.583333333333332,"0,0,0,0","0,0,0"
42.71666666666667,296,AV,2,0,0,74,14505.369879802229,,-42.71666666666667,"0,0,0,0","0,0,0"
33.35,236,AV,1,0,0,83,4843.3187157075145,,-33.35,"0,0,0,0","0,0,0"
40.6,178,AV,2,0,0,65,2927.9701715656583,,-40.6,"0,0,0,0","0,0,0"
50.3,117,AV,2,0,0,92,1824.367004680513,,-50.3,"0,0,0,0","0,0,0"
25.433333333333334,53,AV,1,0,0,50,1020.5842314575186,,-25.433333333333334,"0,0,0,0","0,0,0"
33.56666666666667,31,AV,2,0,0,44,818.0604611907775,,-33.56666666666667,"0,0,0,0","0,0,0"
23.6,170,AV,2,0,0,4,2744.255474143275,,-23.6,"0,0,0,0","0,0,0"
27.85,20,AV,2,0,0,15,670.158540600369,,-27.85,"0,0,0,0","0,0,0"
38.333333333333336,44,AV,2,0,0,58,950.4213588862824,,-38.333333333333336,"0,0,0,0","0,0,0"
46.45,142,AV,2,0,0,99,2187.718469250836,,-46.45,"0,0,0,0","0,0,0"
27.0,165,AV,1,0,0,58,2574.4307659940623,,-27.0,"0,0,0,0","0,0,0"
42.4,155,AV,2,0,0,74,2344.9936519099742,,-42.4,"0,0,0,0","0,0,0"
33.05,158,AV,2,0,0,28,2401.1770329784995,,-33.05,"0,0,0,0","0,0,0"
23.766666666666666,63,AV,2,0,0,13,1141.0395517097602,,-23.766666666666666,"0,0,0,0","0,0,0"
19.366666666666667,206,AV,1,0,0,24,3583.4963710051925,,-19.366666666666667,"0,0,0,0","0,0,0"
45.166666666666664,202,AV,2,0,0,80,3414.9419898187493,,-45.166666666666664,"0,0,0,0","0,0,0"
42.45,55,AV,2,0,0,81,1025.7249596144625,,-42.45,"0,0,0,0","0,0,0"
43.43333333333333,280,AV,2,0,0,85,8134.997760071039,,-43.43333333333333,"0,0,0,0","0,0,0"
13.15,288,AV,1,0,0,6,9667.367812467324,,-13.15,"0,0,0,0","0,0,0"
27.65,8,AV,2,0,0,23,522.2875039790788,,-27.65,"0,0,0,0","0,0,0"
36.95,47,AV,1,0,0,93,968.7072844723906,,-36.95,"0,0,0,0","0,0,0"
28.95,41,AV,1,0,0,61,932.0432837729122,,-28.95,"0,0,0,0","0,0,0"
41.96666666666667,293,AV,2,0,0,90,11940.25564443948,,-41.96666666666667,"0,0,0,0","0,0,0"
26.816666666666666,211,AV,1,0,0,53,3773.073658575576,,-26.816666666666666,"0,0,0,0","0,0,0"
15.083333333333334,143,AV,1,0,0,11,2187.907521251699,,-15.083333333333334,"0,0,0,0","0,0,0"
40.18333333333333,109,AV,2,0,0,71,1778.835052690156,,-40.18333333333333,"0,0,0,0","0,0,0"
41.36666666666667,298,AV,2,0,0,81,17322.90883950548,,-41.36666666666667,"0,0,0,0","0,0,0"
19.533333333333335,113,AV,2,0,0,2,1797.659883656486,,-19.533333333333335,"0,0,0,0","0,0,0"
31.783333333333335,57,AV,1,0,0,80,1089.3140785512585,,-31.783333333333335,"0,0,0,0","0,0,0"
36.53333333333333,85,AV,2,0,0,50,1386.7650627050614,,-36.53333333333333,"0,0,0,0","0,0,0"
14.35,54,AV,1,0,0,7,1020.7360413649084,,-14.35,"0,0,0,0","0,0,0"
43.11666666666667,133,AV,2,0,0,85,2033.019749384408,,-43.11666666666667,"0,0,0,0","0,0,0"
38.46666666666667,86,AV,2,0,0,63,1404.912317929139,,-38.46666666666667,"0,0,0,0","0,0,0"
23.45,9,AV,2,0,0,7,539.5213747330826,,-23.45,"0,0,0,0","0,0,0"
25.833333333333332,149,AV,1,0,0,53,2283.7291705859197,,-25.833333333333332,"0,0,0,0","0,0,0"
42.5,198,AV,2,0,0,65,3352.9358316496982,,-42.5,"0,0,0,0","0,0,0"
33.266666666666666,299,AV,1,0,0,76,20793.30768626012,,-33.266666666666666,"0,0,0,0","0,0,0"
30.216666666666665,150,AV,1,0,0,69,2293.603195459698,,-30.216666666666665,"0,0,0,0","0,0,0"
38.88333333333333,294,AV,2,0,0,63,13351.937436366714,,-38.88333333333333,"0,0,0,0","0,0,0"
31.716666666666665,249,AV,1,0,0,74,5702.891177591027,,-31.716666666666665,"0,0,0,0","0,0,0"
36.75,23,AV,2,0,0,62,736.5379020629116,,-36.75,"0,0,0,0","0,0,0"
29.95,75,AV,2,0,0,37,1275.9312017726234,,-29.95,"0,0,0,0","0,0,0"
33.96666666666667,237,AV,2,0,0,47,4959.361066312568,,-33.96666666666667,"0,0,0,0","0,0,0"
37.03333333333333,271,AV,1,0,0,97,7128.986247371214,,-37.03333333333333,"0,0,0,0","0,0,0"
14.65,221,AV,1,0,0,9,4034.238052294327,,-14.65,"0,0,0,0","0,0,0"
39.7,148,AV,2,0,0,75,2260.56382504795,,-39.7,"0,0,0,0","0,0,0"
30.216666666666665,285,AV,2,0,0,18,8981.750106371177,,-30.216666666666665,"0,0,0,0","0,0,0"
26.133333333333333,84,AV,2,0,0,10,1373.5659577718477,,-26.133333333333333,"0,0,0,0","0,0,0"
36.55,14,AV,2,0,0,55,601.3137559373858,,-36.55,"0,0,0,0","0,0,0"
25.233333333333334,7,AV,2,0,0,16,513.3463032142733,,-25.233333333333334,"0,0,0,0","0,0,0"
41.25,189,AV,2,0,0,82,3119.7161673652217,,-41.25,"0,0,0,0","0,0,0"
43.95,283,AV,2,0,0,74,8480.737499651503,,-43.95,"0,0,0,0","0,0,0"
41.31666666666667,250,AV,2,0,0,68,5807.233742044462,,-41.31666666666667,"0,0,0,0","0,0,0"
32.11666666666667,130,AV,2,0,0,49,2011.9739719035176,,-32.11666666666667,"0,0,0,0","0,0,0"
26.466666666666665,154,AV,2,0,0,1,2335.4036410281064,,-26.466666666666665,"0,0,0,0","0,0,0"
23.166666666666668,129,AV,2,0,0,3,2010.868248891871,,-23.166666666666668,"0,0,0,0","0,0,0"
31.15,227,AV,2,0,0,37,4547.885280126284,,-31.15,"0,0,0,0","0,0,0"
15.783333333333333,145,AV,1,0,0,3,2218.0502812558643,,-15.783333333333333,"0,0,0,0","0,0,0"
21.85,40,AV,2,0,0,13,914.1934345695068,,-21.85,"0,0,0,0","0,0,0"
30.316666666666666,255,AV,2,0,0,34,5911.733280178027,,-30.316666666666666,"0,0,0,0","0,0,0"
25.1,297,AV,2,0,0,12,15387.119225735782,,-25.1,"0,0,0,0","0,0,0"
32.2,168,AV,1,0,0,65,2675.3892374750885,,-32.2,"0,0,0,0","0,0,0"
43.266666666666666,257,AV,2,0,0,67,6020.57275324985,,-43.266666666666666,"0,0,0,0","0,0,0"
28.6,99,AV,2,0,0,29,1564.487892525026,,-28.6,"0,0,0,0","0,0,0"
36.45,223,AV,1,0,0,97,4113.319853961603,,-36.45,"0,0,0,0","0,0,0"
31.85,212,AV,2,0,0,13,3783.636689084741,,-31.85,"0,0,0,0","0,0,0"
26.083333333333332,225,AV,2,0,0,18,4237.057085974603,,-26.083333333333332,"0,0,0,0","0,0,0"
14.716666666666667,69,AV,1,0,0,6,1244.4027248274256,,-14.716666666666667,"0,0,0,0","0,0,0"
34.96666666666667,268,AV,2,0,0,54,7006.371100745904,,-34.96666666666667,"0,0,0,0","0,0,0"
46.983333333333334,108,AV,2,0,0,100,1751.9448432672848,,-46.983333333333334,"0,0,0,0","0,0,0"
24.1,22,AV,1,0,0,49,727.2326469992182,,-24.1,"0,0,0,0","0,0,0"
29.55,33,AV,2,0,0,46,825.4433072334436,,-29.55,"0,0,0,0","0,0,0"
17.716666666666665,181,AV,1,0,0,20,2964.6777926145683,,-17.716666666666665,"0,0,0,0","0,0,0"
23.316666666666666,160,AV,2,0,0,17,2421.0391237858234,,-23.316666666666666,"0,0,0,0","0,0,0"
34.3,287,AV,2,0,0,33,9030.678864893336,,-34.3,"0,0,0,0","0,0,0"
20.95,234,AV,2,0,0,1,4689.4303597647895,,-20.95,"0,0,0,0","0,0,0"
24.233333333333334,284,AV,2,0,0,1,8493.635575370567,,-24.233333333333334,"0,0,0,0","0,0,0"
29.366666666666667,196,AV,2,0,0,26,3278.222126324269,,-29.366666666666667,"0,0,0,0","0,0,0"
31.4,77,AV,2,0,0,38,1291.2118623687816,,-31.4,"0,0,0,0","0,0,0"
34.95,166,AV,2,0,0,44,2580.565825479665,,-34.95,"0,0,0,0","0,0,0"
32.7,197,AV,2,0,0,39,3301.717979419838,,-32.7,"0,0,0,0","0,0,0"
43.43333333333333,107,AV,2,0,0,78,1717.0377309640771,,-43.43333333333333,"0,0,0,0","0,0,0"
43.05,140,AV,2,0,0,83,2137.1188228190404,,-43.05,"0,0,0,0","0,0,0"
25.516666666666666,71,AV,2,0,0,2,1260.6549751070208,,-25.516666666666666,"0,0,0,0","0,0,0"
44.333333333333336,60,AV,2,0,0,86,1111.987968807459,,-44.333333333333336,"0,0,0,0","0,0,0"
16.633333333333333,192,AV,1,0,0,16,3227.056348793521,,-16.633333333333333,"0,0,0,0","0,0,0"
39.96666666666667,88,AV,2,0,0,57,1454.957177165027,,-39.96666666666667,"0,0,0,0","0,0,0"
46.1,83,AV,2,0,0,90,1348.5865378412918,,-46.1,"0,0,0,0","0,0,0"
47.61666666666667,173,AV,2,0,0,83,2758.442965787371,,-47.61666666666667,"0,0,0,0","0,0,0"
25.216666666666665,135,AV,1,0,0,51,2088.64210540395,,-25.216666666666665,"0,0,0,0","0,0,0"
41.016666666666666,78,AV,2,0,0,82,1291.7462447339112,,-41.016666666666666,"0,0,0,0","0,0,0"
46.43333333333333,243,AV,2,0,0,91,5158.4050556257225,,-46.43333333333333,"0,0,0,0","0,0,0"
32.65,172,AV,2,0,0,45,2753.3979495063454,,-32.65,"0,0,0,0","0,0,0"
43.95,139,AV,2,0,0,84,2131.3254046090938,,-43.95,"0,0,0,0","0,0,0"
41.61666666666667,120,AV,2,0,0,87,1848.7234685638712,,-41.61666666666667,"0,0,0,0","0,0,0"
20.166666666666668,68,AV,1,0,0,35,1200.7903182940884,,-20.166666666666668,"0,0,0,0","0,0,0"
34.11666666666667,26,AV,2,0,0,47,783.6834518391023,,-34.11666666666667,"0,0,0,0","0,0,0"
14.7,45,AV,1,0,0,11,954.0002559944874,,-14.7,"0,0,0,0","0,0,0"
37.416666666666664,169,AV,2,0,0,57,2722.266725979925,,-37.416666666666664,"0,0,0,0","0,0,0"
38.9,273,AV,2,0,0,53,7332.887514065835,,-38.9,"0,0,0,0","0,0,0"
33.93333333333333,184,AV,1,0,0,91,3024.224513765153,,-33.93333333333333,"0,0,0,0","0,0,0"
36.7,58,AV,1,0,0,96,1100.389953660579,,-36.7,"0,0,0,0","0,0,0"
20.1,286,AV,2,0,0,2,8987.822610831106,,-20.1,"0,0,0,0","0,0,0"
32.733333333333334,12,AV,2,0,0,43,572.7967315704935,,-32.733333333333334,"0,0,0,0","0,0,0"
30.716666666666665,259,AV,2,0,0,42,6130.868263041086,,-30.716666666666665,"0,0,0,0","0,0,0"
42.6,218,AV,2,0,0,84,3942.222625638348,,-42.6,"0,0,0,0","0,0,0"
41.666666666666664,291,AV,2,0,0,75,10838.007207066395,,-41.666666666666664,"0,0,0,0","0,0,0"
38.28333333333333,156,AV,2,0,0,60,2360.1328348572283,,-38.28333333333333,"0,0,0,0","0,0,0"
42.733333333333334,104,AV,2,0,0,71,1664.0464513081895,,-42.733333333333334,"0,0,0,0","0,0,0"
47.63333333333333,254,AV,2,0,0,93,5899.132481879994,,-47.63333333333333,"0,0,0,0","0,0,0"
46.916666666666664,114,AV,2,0,0,87,1799.695682844959,,-46.916666666666664,"0,0,0,0","0,0,0"
39.6,132,AV,2,0,0,51,2030.86588445069,,-39.6,"0,0,0,0","0,0,0"
38.38333333333333,164,AV,2,0,0,61,2563.744074524839,,-38.38333333333333,"0,0,0,0","0,0,0"
36.46666666666667,214,AV,2,0,0,62,3824.993837156676,,-36.46666666666667,"0,0,0,0","0,0,0"
28.2,3,AV,2,0,0,20,473.5024380788758,,-28.2,"0,0,0,0","0,0,0"
26.95,115,AV,2,0,0,19,1809.16611953512,,-26.95,"0,0,0,0","0,0,0"
34.166666666666664,138,AV,1,0,0,88,2123.4400354784907,,-34.166666666666664,"0,0,0,0","0,0,0"
45.11666666666667,240,AV,2,0,0,90,5009.92015912814,,-45.11666666666667,"0,0,0,0","0,0,0"
26.716666666666665,246,AV,1,0,0,56,5480.041794665195,,-26.716666666666665,"0,0,0,0","0,0,0"
31.25,36,AV,2,0,0,29,854.5785374972068,,-31.25,"0,0,0,0","0,0,0"
25.666666666666668,2,AV,1,0,0,52,457.16351791608827,,-25.666666666666668,"0,0,0,0","0,0,0"
38.833333333333336,174,AV,2,0,0,80,2838.632091159661,,-38.833333333333336,"0,0,0,0","0,0,0"
21.266666666666666,24,AV,2,0,0,4,741.34301771214,,-21.266666666666666,"0,0,0,0","0,0,0"
44.516666666666666,21,AV,2,0,0,82,699.2977112166509,,-44.516666666666666,"0,0,0,0","0,0,0"
42.53333333333333,25,AV,2,0,0,83,763.1985099142711,,-42.53333333333333,"0,0,0,0","0,0,0"
32.083333333333336,238,AV,2,0,0,35,4967.653125719208,,-32.083333333333336,"0,0,0,0","0,0,0"
43.13333333333333,121,AV,2,0,0,67,1885.557658153182,,-43.13333333333333,"0,0,0,0","0,0,0"
34.55,182,AV,1,0,0,89,2991.769966736588,,-34.55,"0,0,0,0","0,0,0"
25.383333333333333,226,AV,1,0,0,48,4434.023444374438,,-25.383333333333333,"0,0,0,0","0,0,0"
31.516666666666666,35,AV,2,0,0,46,849.0657401736111,,-31.516666666666666,"0,0,0,0","0,0,0"
34.416666666666664,116,AV,2,0,0,45,1823.811293294481,,-34.416666666666664,"0,0,0,0","0,0,0"
23.95,247,AV,1,0,0,48,5502.789496653042,,-23.95,"0,0,0,0","0,0,0"
32.21666666666667,126,AV,2,0,0,23,1950.0200213032829,,-32.21666666666667,"0,0,0,0","0,0,0"
26.566666666666666,112,AV,2,0,0,19,1794.439334206041,,-26.566666666666666,"0,0,0,0","0,0,0"
22.45,105,AV,2,0,0,2,1682.490559712908,,-22.45,"0,0,0,0","0,0,0"
12.066666666666666,37,AV,0,0,0,22,861.805442805673,,-12.066666666666666,"0,0,0,0","0,0,0"
46.266666666666666,262,AV,2,0,0,99,6446.254396158338,,-46.266666666666666,"0,0,0,0","0,0,0"
17.666666666666668,253,AV,1,0,0,21,5849.7981009167725,,-17.666666666666668,"0,0,0,0","0,0,0"
39.166666666666664,52,AV,2,0,0,57,1017.530975349866,,-39.166666666666664,"0,0,0,0","0,0,0"
35.016666666666666,136,AV,2,0,0,48,2105.159940183184,,-35.016666666666666,"0,0,0,0","0,0,0"
21.483333333333334,27,AV,1,0,0,39,793.0252767736928,,-21.483333333333334,"0,0,0,0","0,0,0"
24.533333333333335,152,AV,2,0,0,5,2302.618320259251,,-24.533333333333335,"0,0,0,0","0,0,0"
34.583333333333336,64,AV,1,0,0,92,1148.2139867956057,,-34.583333333333336,"0,0,0,0","0,0,0"
45.45,239,AV,2,0,0,83,4968.170350229253,,-45.45,"0,0,0,0","0,0,0"
24.85,18,AV,2,0,0,5,632.5893922142865,,-24.85,"0,0,0,0","0,0,0"
39.2,179,AV,2,0,0,65,2946.490055333797,,-39.2,"0,0,0,0","0,0,0"
30.916666666666668,93,AV,2,0,0,17,1507.5005543882637,,-30.916666666666668,"0,0,0,0","0,0,0"
31.633333333333333,180,AV,2,0,0,46,2953.761118311176,,-31.633333333333333,"0,0,0,0","0,0,0"
28.616666666666667,122,AV,2,0,0,0,1888.2149669861096,,-28.616666666666667,"0,0,0,0","0,0,0"
46.31666666666667,29,AV,2,0,0,92,806.3598325453933,,-46.31666666666667,"0,0,0,0","0,0,0"
37.4,4,AV,2,0,0,60,491.8679742725259,,-37.4,"0,0,0,0","0,0,0"
34.61666666666667,79,AV,2,0,0,36,1294.2551843223837,,-34.61666666666667,"0,0,0,0","0,0,0"
12.25,264,AV,1,0,0,3,6778.2755320215965,,-12.25,"0,0,0,0","0,0,0"
44.7,119,AV,2,0,0,80,1836.3970218708375,,-44.7,"0,0,0,0","0,0,0"
36.516666666666666,263,AV,2,0,0,56,6563.608435155774,,-36.516666666666666,"0,0,0,0","0,0,0"
41.53333333333333,187,AV,2,0,0,62,3097.4575811220984,,-41.53333333333333,"0,0,0,0","0,0,0"
26.35,92,AV,2,0,0,23,1496.328062426438,,-26.35,"0,0,0,0","0,0,0"
13.55,210,AV,1,0,0,5,3742.7752140142647,,-13.55,"0,0,0,0","0,0,0"
37.06666666666667,190,AV,1,0,0,98,3132.463358685509,,-37.06666666666667,"0,0,0,0","0,0,0"
24.666666666666668,251,AV,2,0,0,7,5825.425317043349,,-24.666666666666668,"0,0,0,0","0,0,0"
39.7,235,AV,2,0,0,58,4818.617258984985,,-39.7,"0,0,0,0","0,0,0"
11.85,56,AV,1,0,0,4,1040.734547163155,,-11.85,"0,0,0,0","0,0,0"
26.95,96,AV,2,0,0,22,1538.317647081207,,-26.95,"0,0,0,0","0,0,0"
33.61666666666667,98,AV,2,0,0,44,1564.4426034616197,,-33.61666666666667,"0,0,0,0","0,0,0"
31.1,11,AV,1,0,0,77,566.7055292848979,,-31.1,"0,0,0,0","0,0,0"
42.916666666666664,270,AV,2,0,0,78,7099.697064525982,,-42.916666666666664,"0,0,0,0","0,0,0"
22.516666666666666,194,AV,1,0,0,40,3257.969850357721,,-22.516666666666666,"0,0,0,0","0,0,0"
31.466666666666665,141,AV,2,0,0,39,2139.4702648744856,,-31.466666666666665,"0,0,0,0","0,0,0"
32.2,124,AV,2,0,0,33,1929.5758599688188,,-32.2,"0,0,0,0","0,0,0"
43.71666666666667,260,AV,2,0,0,94,6197.036257351283,,-43.71666666666667,"0,0,0,0","0,0,0"
45.016666666666666,91,AV,2,0,0,92,1485.5718097438446,,-45.016666666666666,"0,0,0,0","0,0,0"
21.1,278,AV,1,0,0,33,7958.958807233507,,-21.1,"0,0,0,0","0,0,0"
13.266666666666667,15,AV,1,0,0,6,623.7253316558669,,-13.266666666666667,"0,0,0,0","0,0,0"
35.65,248,AV,2,0,0,46,5702.616109653807,,-35.65,"0,0,0,0","0,0,0"
42.36666666666667,199,AV,2,0,0,73,3368.9508766880413,,-42.36666666666667,"0,0,0,0","0,0,0"
43.766666666666666,110,AV,2,0,0,88,1782.711710770346,,-43.766666666666666,"0,0,0,0","0,0,0"
21.6,176,AV,1,0,0,40,2853.537244729806,,-21.6,"0,0,0,0","0,0,0"
30.016666666666666,282,AV,2,0,0,37,8348.421721831439,,-30.016666666666666,"0,0,0,0","0,0,0"
33.983333333333334,207,AV,2,0,0,44,3608.770587345788,,-33.983333333333334,"0,0,0,0","0,0,0"
20.4,73,AV,1,0,0,35,1267.69032506861,,-20.4,"0,0,0,0","0,0,0"
38.28333333333333,261,AV,2,0,0,50,6230.691172258436,,-38.28333333333333,"0,0,0,0","0,0,0"
28.366666666666667,195,AV,1,0,0,65,3274.575105225111,,-28.366666666666667,"0,0,0,0","0,0,0"
27.366666666666667,200,AV,2,0,0,9,3386.12741774329,,-27.366666666666667,"0,0,0,0","0,0,0"
29.733333333333334,219,AV,2,0,0,23,3958.913906791885,,-29.733333333333334,"0,0,0,0","0,0,0"
45.4,32,AV,2,0,0,86,822.5771428470101,,-45.4,"0,0,0,0","0,0,0"
36.35,103,AV,2,0,0,58,1661.9571573900298,,-36.35,"0,0,0,0","0,0,0"
32.0,230,AV,1,0,0,75,4572.8741748457805,,-32.0,"0,0,0,0","0,0,0"
32.31666666666667,175,AV,2,0,0,43,2850.5966631146844,,-32.31666666666667,"0,0,0,0","0,0,0"
22.216666666666665,220,AV,0,0,0,58,4021.28082322038,,-22.216666666666665,"0,0,0,0","0,0,0"
30.483333333333334,39,AV,2,0,0,33,913.5589076746268,,-30.483333333333334,"0,0,0,0","0,0,0"
49.0,177,AV,2,0,0,100,2891.134206742707,,-49.0,"0,0,0,0","0,0,0"
30.85,204,AV,2,0,0,24,3465.4556083993225,,-30.85,"0,0,0,0","0,0,0"
41.03333333333333,76,AV,2,0,0,57,1282.6858023855964,,-41.03333333333333,"0,0,0,0","0,0,0"
40.5,100,AV,2,0,0,68,1592.2311391495805,,-40.5,"0,0,0,0","0,0,0"
26.283333333333335,208,AV,2,0,0,7,3628.2404526711953,,-26.283333333333335,"0,0,0,0","0,0,0"
37.78333333333333,269,AV,2,0,0,57,7081.334819999852,,-37.78333333333333,"0,0,0,0","0,0,0"
34.483333333333334,0,AV,1,0,0,96,437.8567856598078,,-34.483333333333334,"0,0,0,0","0,0,0"
29.45,74,AV,2,0,0,25,1275.6237969650936,,-29.45,"0,0,0,0","0,0,0"
34.65,241,AV,1,0,0,87,5051.78348307234,,-34.65,"0,0,0,0","0,0,0"
36.483333333333334,80,AV,2,0,0,56,1317.647826688136,,-36.483333333333334,"0,0,0,0","0,0,0"
39.06666666666667,272,AV,2,0,0,59,7177.938863287724,,-39.06666666666667,"0,0,0,0","0,0,0"
28.216666666666665,222,AV,2,0,0,27,4090.160813256426,,-28.216666666666665,"0,0,0,0","0,0,0"
31.1,28,AV,2,0,0,28,802.5586880039084,,-31.1,"0,0,0,0","0,0,0"
34.68333333333333,61,AV,1,0,0,92,1117.0806745336297,,-34.68333333333333,"0,0,0,0","0,0,0"
