travel_time,id,kind,action,origin,destination,start_time,income,urgency,reward,observation,cost_table
25.216666666666665,150,AV,2,0,0,60,2458.2611968747465,0.3,-0.32781666666666665,"0.09666666666666666,0.44333333333333336,0.20333333333333334,0.3,0.6,0.1182236724414522","0,0,0"
25.033333333333335,99,AV,2,0,0,61,1614.9493849180149,0.2,-0.3004,"0.09666666666666666,0.44333333333333336,0.22333333333333333,0.2,0.61,0.07766678631823196","0,0,0"
26.283333333333335,117,AV,1,0,0,56,1880.1756700095973,0.1,-0.28911666666666674,"0.09666666666666666,0.39,0.18,0.1,0.56,0.0904221540112152","0,0,0"
30.85,56,AV,0,0,0,69,1025.7249596144625,0.1,-0.3978452130077366,"0.1,0.46,0.31666666666666665,0.1,0.69,0.049329571566540366","0,0,0"
24.966666666666665,188,AV,2,0,0,64,3097.4575811220984,0.4,-0.3495333333333333,"0.09666666666666666,0.45666666666666667,0.2733333333333333,0.4,0.64,0.14896415846185204","0,0,0"
15.183333333333334,177,AV,0,0,0,44,2946.490055333797,0.5,-0.24811321143911103,"0.04,0.22333333333333333,0.10333333333333333,0.5,0.44,0.14170376833700152","0,0,0"
3.3833333333333333,208,AV,0,0,0,0,3456.1529418207683,0.3,-0.061343676179848344,"0.0,0.0,0.0,0.3,0.0,0.1662146780093356","0,0,0"
25.433333333333334,221,AV,2,0,0,61,4061.843573313689,0.1,-0.2797666666666667,"0.09666666666666666,0.44333333333333336,0.22333333333333333,0.1,0.61,0.19534379207968386","0,0,0"
24.933333333333334,191,AV,1,0,0,54,3151.1733449572957,0.2,-0.29919999999999997,"0.09333333333333334,0.3566666666666667,0.17333333333333334,0.2,0.54,0.1515474782802132","0,0,0"
11.883333333333333,53,AV,1,0,0,31,1014.5614647146556,0.2,-0.1426,"0.02666666666666667,0.09666666666666666,0.006666666666666667,0.2,0.31,0.04879269234230884","0,0,0"
32.5,245,AV,1,0,0,76,4951.479839002994,0.6,-0.52,"0.10333333333333333,0.5266666666666666,0.3233333333333333,0.6,0.76,0.23812853220437127","0,0,0"
28.683333333333334,253,AV,1,0,0,61,5480.041794665195,0.8,-0.5163,"0.09666666666666666,0.44333333333333336,0.22333333333333333,0.8,0.61,0.26354834340696637","0,0,0"
23.916666666666668,71,AV,2,0,0,55,1150.4391077840953,0.1,-0.26308333333333334,"0.09666666666666666,0.38333333333333336,0.17333333333333334,0.1,0.55,0.05532737384270454","0,0,0"
17.933333333333334,247,AV,1,0,0,45,4968.170350229253,0.2,-0.2152,"0.056666666666666664,0.22333333333333333,0.10333333333333333,0.2,0.45,0.23893121888982288","0,0,0"
27.65,273,AV,1,0,0,58,7897.119961473183,0.2,-0.33179999999999993,"0.09666666666666666,0.4166666666666667,0.18333333333333332,0.2,0.58,0.37979142523300763","0,0,0"
16.083333333333332,85,AV,2,0,0,42,1434.4967426379471,0.1,-0.17691666666666667,"0.02666666666666667,0.22333333333333333,0.07,0.1,0.42,0.06898838627708276","0,0,0"
20.266666666666666,103,AV,2,0,0,50,1653.1781197118603,0.8,-0.3648,"0.06333333333333334,0.30666666666666664,0.12,0.8,0.5,0.07950529779368645","0,0,0"
19.533333333333335,284,AV,2,0,0,48,11049.706566164488,0.9,-0.37113333333333337,"0.06,0.26666666666666666,0.11666666666666667,0.9,0.48,0.5314068705608562","0,0,0"
23.9,168,AV,2,0,0,60,2780.081336731352,0.5,-0.3585,"0.09666666666666666,0.44333333333333336,0.20333333333333334,0.5,0.6,0.13370077424326215","0,0,0"
19.05,34,AV,2,0,0,42,857.6590975250949,0.5,-0.28575,"0.02666666666666667,0.22333333333333333,0.07,0.5,0.42,0.041246881470994735","0,0,0"
13.066666666666666,261,AV,1,0,0,32,5899.132481879994,0.3,-0.16986666666666667,"0.02666666666666667,0.11333333333333333,0.006666666666666667,0.3,0.32,0.2837034189504176","0,0,0"
16.533333333333335,11,AV,2,0,0,41,626.2908344343901,0.2,-0.19840000000000002,"0.02666666666666667,0.22333333333333333,0.04,0.2,0.41,0.03011982720037529","0,0,0"
20.583333333333332,124,AV,2,0,0,52,1997.7276787447236,0.6,-0.3293333333333333,"0.06333333333333334,0.35,0.13666666666666666,0.6,0.52,0.09607551183714699","0,0,0"
20.366666666666667,229,AV,2,0,0,52,4547.885280126284,0.1,-0.22403333333333333,"0.06333333333333334,0.35,0.13666666666666666,0.1,0.52,0.2187187026108142","0,0,0"
20.066666666666666,166,AV,1,0,0,47,2761.3662775036096,0.1,-0.22073333333333334,"0.06,0.25666666666666665,0.11333333333333333,0.1,0.47,0.13280072219237518","0,0,0"
25.95,24,AV,1,0,0,56,779.2240782816187,0.2,-0.3114,"0.09666666666666666,0.39,0.18,0.2,0.56,0.03747475341773148","0,0,0"
29.416666666666668,250,AV,1,0,0,69,5158.4050556257225,0.1,-0.3235833333333334,"0.1,0.46,0.31666666666666665,0.1,0.69,0.24808006178999184","0,0,0"
16.733333333333334,282,AV,1,0,0,40,9030.678864893336,0.5,-0.251,"0.02666666666666667,0.19666666666666666,0.03333333333333333,0.5,0.4,0.4343069895926497","0,0,0"
27.733333333333334,112,AV,2,0,0,65,1804.2001824470888,0.3,-0.3605333333333333,"0.09666666666666666,0.45666666666666667,0.29,0.3,0.65,0.08676831073101827","0,0,0"
22.516666666666666,176,AV,2,0,0,52,2942.323800284961,0.4,-0.3152333333333333,"0.06333333333333334,0.35,0.13666666666666666,0.4,0.52,0.1415034031468308","0,0,0"
29.716666666666665,266,AV,1,0,0,70,6248.181898567973,0.9,-0.5646166666666665,"0.10333333333333333,0.4866666666666667,0.31666666666666665,0.9,0.7,0.3004900419328989","0,0,0"
11.016666666666667,175,AV,1,0,0,29,2898.378436294527,0.8,-0.19830000000000003,"0.02666666666666667,0.07666666666666666,0.006666666666666667,0.8,0.29,0.13938996527280403","0,0,0"
12.383333333333333,92,AV,1,0,0,31,1519.7273932229994,0.3,-0.1609833333333333,"0.02666666666666667,0.09666666666666666,0.006666666666666667,0.3,0.31,0.07308733252801383","0,0,0"
19.166666666666668,120,AV,2,0,0,52,1929.5758599688188,0.9,-0.3641666666666667,"0.06333333333333334,0.35,0.13666666666666666,0.9,0.52,0.09279792753915007","0,0,0"
15.85,234,AV,2,0,0,40,4617.1597275219765,0.9,-0.30115,"0.02666666666666667,0.19666666666666666,0.03333333333333333,0.9,0.4,0.2220502768096353","0,0,0"
10.783333333333333,190,AV,2,0,0,23,3132.463358685509,0.3,-0.14018333333333335,"0.02666666666666667,0.03333333333333333,0.0033333333333333335,0.3,0.23,0.150647670199936","0,0,0"
7.083333333333333,121,AV,1,0,0,17,1945.516475481125,0.2,-0.08499999999999999,"0.02666666666666667,0.0033333333333333335,0.0033333333333333335,0.2,0.17,0.09356454994251304","0,0,0"
33.31666666666667,86,AV,1,0,0,78,1447.5744631551047,0.7,-0.5663833333333335,"0.10333333333333333,0.5466666666666666,0.3233333333333333,0.7,0.78,0.06961732519889745","0,0,0"
22.716666666666665,264,AV,1,0,0,51,6007.794801579103,0.2,-0.27259999999999995,"0.06333333333333334,0.3233333333333333,0.13666666666666666,0.2,0.51,0.2889292503255245","0,0,0"
17.983333333333334,222,AV,1,0,0,45,4104.202624979457,0.1,-0.1978166666666667,"0.056666666666666664,0.22333333333333333,0.10333333333333333,0.1,0.45,0.19738094039225168","0,0,0"
17.233333333333334,33,AV,1,0,0,40,835.7777612710734,0.1,-0.1895666666666667,"0.02666666666666667,0.19666666666666666,0.03333333333333333,0.1,0.4,0.0401945555695952","0,0,0"
33.666666666666664,169,AV,1,0,0,83,2793.3389947689566,0.1,-0.37033333333333335,"0.10333333333333333,0.56,0.3233333333333333,0.1,0.83,0.1343383667916745","0,0,0"
24.366666666666667,145,AV,1,0,0,54,2382.718205806423,0.1,-0.26803333333333335,"0.09333333333333334,0.3566666666666667,0.17333333333333334,0.1,0.54,0.11459062895418437","0,0,0"
27.266666666666666,90,AV,2,0,0,65,1503.4428459110418,0.3,-0.3544666666666667,"0.09666666666666666,0.45666666666666667,0.29,0.3,0.65,0.0723041696201366","0,0,0"
12.8,246,AV,1,0,0,32,4959.361066312568,0.4,-0.1792,"0.02666666666666667,0.11333333333333333,0.006666666666666667,0.4,0.32,0.23850755931388606","0,0,0"
20.483333333333334,269,AV,1,0,0,49,7099.697064525982,0.6,-0.3277333333333334,"0.06,0.2833333333333333,0.12,0.6,0.49,0.3414414470102487","0,0,0"
15.133333333333333,227,AV,1,0,0,36,4304.4895651906745,0.2,-0.18159999999999998,"0.02666666666666667,0.16,0.006666666666666667,0.2,0.36,0.207013219355909","0,0,0"
15.683333333333334,129,AV,2,0,0,38,2123.4400354784907,0.5,-0.23525,"0.02666666666666667,0.19666666666666666,0.006666666666666667,0.5,0.38,0.1021213203554731","0,0,0"
15.233333333333333,159,AV,0,0,0,44,2574.4307659940623,0.3,-0.2213394562994455,"0.04,0.22333333333333333,0.10333333333333333,0.3,0.44,0.12381054543309646","0,0,0"
29.733333333333334,5,AV,2,0,0,74,522.2875039790788,0.3,-0.38653333333333334,"0.10333333333333333,0.5133333333333333,0.32,0.3,0.74,0.025118057783764625","0,0,0"
17.1,23,AV,0,0,0,44,779.0639592631991,0.4,-0.3164154995447936,"0.04,0.22333333333333333,0.10333333333333333,0.4,0.44,0.03746705291039347","0,0,0"
23.366666666666667,140,AV,2,0,0,55,2302.618320259251,0.2,-0.2804,"0.09666666666666666,0.38333333333333336,0.17333333333333334,0.2,0.55,0.11073843349034766","0,0,0"
14.933333333333334,198,AV,1,0,0,36,3301.717979419838,0.1,-0.1642666666666667,"0.02666666666666667,0.16,0.006666666666666667,0.1,0.36,0.15878753054770403","0,0,0"
13.85,238,AV,1,0,0,33,4662.282088415262,0.4,-0.19389999999999996,"0.02666666666666667,0.13666666666666666,0.006666666666666667,0.4,0.33,0.2242203192855181","0,0,0"
32.81666666666667,20,AV,1,0,0,77,753.5670156580491,0.2,-0.39380000000000004,"0.10333333333333333,0.54,0.3233333333333333,0.2,0.77,0.03624084378629158","0,0,0"
18.766666666666666,220,AV,1,0,0,46,4021.28082322038,0.3,-0.24396666666666667,"0.06,0.24333333333333335,0.10666666666666667,0.3,0.46,0.1933930322147629","0,0,0"
8.583333333333334,100,AV,0,0,0,14,1614.9573615816892,0.1,-0.13156935033952602,"0.023333333333333334,0.0,0.0033333333333333335,0.1,0.14,0.07766716993510497","0,0,0"
17.283333333333335,104,AV,2,0,0,43,1659.6531244520008,0.4,-0.24196666666666666,"0.02666666666666667,0.22333333333333333,0.09666666666666666,0.4,0.43,0.07981669628967558","0,0,0"
23.15,200,AV,2,0,0,59,3361.758609282253,0.2,-0.2778,"0.09666666666666666,0.43333333333333335,0.18666666666666668,0.2,0.59,0.16167502833152653","0,0,0"
20.8,160,AV,0,0,0,53,2580.565825479665,0.1,-0.25205071478804364,"0.06333333333333334,0.35,0.17333333333333334,0.1,0.53,0.12410559514707999","0,0,0"
17.25,167,AV,2,0,0,42,2767.495209174315,0.3,-0.22424999999999998,"0.02666666666666667,0.22333333333333333,0.07,0.3,0.42,0.13309547720505432","0,0,0"
27.833333333333332,1,AV,2,0,0,65,477.1303205766694,0.4,-0.3896666666666666,"0.09666666666666666,0.45666666666666667,0.29,0.4,0.65,0.022946340609962184","0,0,0"
17.033333333333335,52,AV,1,0,0,40,985.8695826897422,0.4,-0.23846666666666666,"0.02666666666666667,0.19666666666666666,0.03333333333333333,0.4,0.4,0.04741283097259167","0,0,0"
14.6,73,AV,1,0,0,35,1244.4027248274256,0.5,-0.21899999999999997,"0.02666666666666667,0.15666666666666668,0.006666666666666667,0.5,0.35,0.05984630938009477","0,0,0"
33.583333333333336,289,AV,1,0,0,77,13079.31179296209,0.1,-0.3694166666666667,"0.10333333333333333,0.54,0.3233333333333333,0.1,0.77,0.6290154500817918","0,0,0"
15.833333333333334,82,AV,2,0,0,41,1342.087988935639,0.6,-0.25333333333333335,"0.02666666666666667,0.22333333333333333,0.04,0.6,0.41,0.06454422784415724","0,0,0"
31.616666666666667,72,AV,1,0,0,74,1194.3606142611325,0.4,-0.44263333333333327,"0.10333333333333333,0.5133333333333333,0.32,0.4,0.74,0.05743966435173499","0,0,0"
21.833333333333332,54,AV,1,0,0,50,1017.530975349866,0.1,-0.24016666666666667,"0.06333333333333334,0.30666666666666664,0.12,0.1,0.5,0.048935503225503364","0,0,0"
8.35,25,AV,1,0,0,21,802.5586880039084,0.8,-0.1503,"0.02666666666666667,0.016666666666666666,0.0033333333333333335,0.8,0.21,0.038596970723144074","0,0,0"
19.983333333333334,254,AV,2,0,0,41,5557.427333357366,0.9,-0.3796833333333333,"0.02666666666666667,0.22333333333333333,0.04,0.9,0.41,0.26726999942532587","0,0,0"
14.333333333333334,207,AV,1,0,0,34,3398.605365942332,0.9,-0.2723333333333333,"0.02666666666666667,0.15,0.006666666666666667,0.9,0.34,0.16344707716647097","0,0,0"
25.083333333333332,87,AV,1,0,0,54,1460.8215047913693,0.1,-0.27591666666666664,"0.09333333333333334,0.3566666666666667,0.17333333333333334,0.1,0.54,0.07025440717912602","0,0,0"
30.716666666666665,225,AV,1,0,0,71,4223.122456076251,0.4,-0.43003333333333327,"0.10333333333333333,0.49333333333333335,0.31666666666666665,0.4,0.71,0.20310008007368746","0,0,0"
20.066666666666666,75,AV,2,0,0,50,1260.6549751070208,0.9,-0.38126666666666664,"0.06333333333333334,0.30666666666666664,0.12,0.9,0.5,0.06062791904628244","0,0,0"
20.233333333333334,186,AV,1,0,0,48,3048.604611013583,0.4,-0.28326666666666667,"0.06,0.26666666666666666,0.11666666666666667,0.4,0.48,0.14661470204800806","0,0,0"
26.516666666666666,142,AV,1,0,0,56,2318.2944376966047,0.2,-0.3182,"0.09666666666666666,0.39,0.18,0.2,0.56,0.11149233554738845","0,0,0"
17.4,299,AV,1,0,0,40,20793.30768626012,0.1,-0.19140000000000001,"0.02666666666666667,0.19666666666666666,0.03333333333333333,0.1,0.4,1.0","0,0,0"
28.3,59,AV,1,0,0,59,1047.1205397958274,0.9,-0.5377000000000001,"0.09666666666666666,0.43333333333333335,0.18666666666666668,0.9,0.59,0.050358536294239885","0,0,0"
9.3,115,AV,1,0,0,23,1832.3133019091129,0.2,-0.11160000000000002,"0.02666666666666667,0.03333333333333333,0.0033333333333333335,0.2,0.23,0.08812033802202023","0,0,0"
29.666666666666668,0,AV,1,0,0,69,381.3218977270381,0.3,-0.3856666666666667,"0.1,0.46,0.31666666666666665,0.3,0.69,0.018338683940074114","0,0,0"
26.35,241,AV,1,0,0,57,4754.245589533712,0.3,-0.34255,"0.09666666666666666,0.41333333333333333,0.18,0.3,0.57,0.22864306445459084","0,0,0"
25.966666666666665,224,AV,1,0,0,55,4200.245935785981,0.5,-0.38949999999999996,"0.09666666666666666,0.38333333333333336,0.17333333333333334,0.5,0.55,0.2019998933869206","0,0,0"
29.233333333333334,233,AV,1,0,0,69,4572.8741748457805,0.1,-0.32156666666666667,"0.1,0.46,0.31666666666666665,0.1,0.69,0.21992047844641197","0,0,0"
22.316666666666666,197,AV,1,0,0,50,3278.222126324269,0.1,-0.24548333333333333,"0.06333333333333334,0.30666666666666664,0.12,0.1,0.5,0.1576575586620336","0,0,0"
10.566666666666666,14,AV,1,0,0,28,636.6552097563458,0.1,-0.11623333333333333,"0.02666666666666667,0.06666666666666667,0.006666666666666667,0.1,0.28,0.030618274848933116","0,0,0"
25.233333333333334,12,AV,2,0,0,62,627.4062491148882,0.5,-0.37850000000000006,"0.09666666666666666,0.44666666666666666,0.24333333333333335,0.5,0.62,0.03017347016557005","0,0,0"
15.783333333333333,68,AV,2,0,0,41,1141.0395517097602,0.1,-0.17361666666666667,"0.02666666666666667,0.22333333333333333,0.04,0.1,0.41,0.054875326664056465","0,0,0"
19.4,171,AV,1,0,0,46,2813.5576138103806,0.1,-0.2134,"0.06,0.24333333333333335,0.10666666666666667,0.1,0.46,0.13531072863744203","0,0,0"
12.25,203,AV,1,0,0,31,3368.9508766880413,0.3,-0.15925,"0.02666666666666667,0.09666666666666666,0.006666666666666667,0.3,0.31,0.16202092170810273","0,0,0"
11.433333333333334,50,AV,1,0,0,30,979.5720138781878,0.1,-0.1257666666666667,"0.02666666666666667,0.08,0.006666666666666667,0.1,0.3,0.04710996579565228","0,0,0"
31.3,219,AV,1,0,0,72,3942.222625638348,0.2,-0.3756,"0.10333333333333333,0.5033333333333333,0.31666666666666665,0.2,0.72,0.18959093402168548","0,0,0"
31.183333333333334,172,AV,1,0,0,70,2818.3733061874163,0.6,-0.4989333333333334,"0.10333333333333333,0.4866666666666667,0.31666666666666665,0.6,0.7,0.13554232682517134","0,0,0"
25.05,206,AV,1,0,0,54,3393.6426315430986,0.3,-0.32565,"0.09333333333333334,0.3566666666666667,0.17333333333333334,0.3,0.54,0.1632084073754924","0,0,0"
17.65,133,AV,1,0,0,40,2212.8825544422834,0.7,-0.30005,"0.02666666666666667,0.19666666666666666,0.03333333333333333,0.7,0.4,0.1064228254509272","0,0,0"
24.966666666666665,44,AV,2,0,0,62,946.1123250925148,0.1,-0.27463333333333334,"0.09666666666666666,0.44666666666666666,0.24333333333333335,0.1,0.62,0.04550080917225548","0,0,0"
20.566666666666666,240,AV,1,0,0,49,4747.153558918807,0.9,-0.39076666666666665,"0.06,0.2833333333333333,0.12,0.9,0.49,0.22830199170551635","0,0,0"
34.0,135,AV,1,0,0,87,2218.7455195521825,0.2,-0.40800000000000003,"0.10333333333333333,0.5666666666666667,0.3233333333333333,0.2,0.87,0.1067047894942801","0,0,0"
30.066666666666666,232,AV,1,0,0,69,4569.840806868062,0.3,-0.39086666666666664,"0.1,0.46,0.31666666666666665,0.3,0.69,0.21977459651057532","0,0,0"
24.55,218,AV,2,0,0,61,3933.772930850901,0.6,-0.39280000000000004,"0.09666666666666666,0.44333333333333336,0.22333333333333333,0.6,0.61,0.1891845679487672","0,0,0"
28.55,69,AV,2,0,0,68,1148.2139867956057,0.1,-0.31405000000000005,"0.1,0.45666666666666667,0.31,0.1,0.68,0.05522036244162957","0,0,0"
26.916666666666668,9,AV,1,0,0,56,615.3970356119416,0.1,-0.29608333333333337,"0.09666666666666666,0.39,0.18,0.1,0.56,0.029595918306859183","0,0,0"
15.8,259,AV,1,0,0,37,5825.994272151124,0.2,-0.1896,"0.02666666666666667,0.17333333333333334,0.006666666666666667,0.2,0.37,0.28018602716107777","0,0,0"
32.416666666666664,131,AV,1,0,0,76,2193.4249838744518,0.7,-0.5510833333333333,"0.10333333333333333,0.5266666666666666,0.3233333333333333,0.7,0.76,0.10548706425018813","0,0,0"
23.166666666666668,6,AV,1,0,0,51,548.7192496267361,0.2,-0.278,"0.06333333333333334,0.3233333333333333,0.13666666666666666,0.2,0.51,0.02638922377844295","0,0,0"
26.65,265,AV,2,0,0,68,6230.691172258436,0.2,-0.3197999999999999,"0.1,0.45666666666666667,0.31,0.2,0.68,0.29964887098629217","0,0,0"
18.95,127,AV,0,0,0,45,2113.1349678504243,0.2,-0.25579383234523567,"0.056666666666666664,0.22333333333333333,0.10333333333333333,0.2,0.45,0.10162572495605159","0,0,0"
19.133333333333333,49,AV,1,0,0,46,978.4447105201264,0.1,-0.2104666666666667,"0.06,0.24333333333333335,0.10666666666666667,0.1,0.46,0.04705575107546101","0,0,0"
27.833333333333332,297,AV,1,0,0,58,18628.94525544202,0.2,-0.33399999999999996,"0.09666666666666666,0.4166666666666667,0.18333333333333332,0.2,0.58,0.8959106235777834","0,0,0"
22.133333333333333,116,AV,0,0,0,53,1848.7234685638712,0.5,-0.36445482681442304,"0.06333333333333334,0.35,0.17333333333333334,0.5,0.53,0.08890954226515282","0,0,0"
10.65,29,AV,1,0,0,27,816.2772675203604,0.2,-0.1278,"0.02666666666666667,0.06,0.006666666666666667,0.2,0.27,0.03925673009012141","0,0,0"
22.166666666666668,292,AV,1,0,0,50,14505.369879802229,0.2,-0.266,"0.06333333333333334,0.30666666666666664,0.12,0.2,0.5,0.6975980011774241","0,0,0"
27.25,213,AV,2,0,0,67,3783.636689084741,0.3,-0.35425000000000006,"0.09666666666666666,0.45666666666666667,0.30333333333333334,0.3,0.67,0.18196415626480184","0,0,0"
34.0,210,AV,1,0,0,84,3724.6301341612702,0.2,-0.40800000000000003,"0.10333333333333333,0.5633333333333334,0.3233333333333333,0.2,0.84,0.17912638962306346","0,0,0"
21.583333333333332,105,AV,1,0,0,49,1661.9571573900298,0.1,-0.23741666666666666,"0.06,0.2833333333333333,0.12,0.1,0.49,0.07992750275552475","0,0,0"
24.566666666666666,7,AV,1,0,0,54,610.4868582393152,0.2,-0.2948,"0.09333333333333334,0.3566666666666667,0.17333333333333334,0.2,0.54,0.029359776109248604","0,0,0"
15.583333333333334,46,AV,1,0,0,36,948.3478854920526,0.1,-0.1714166666666667,"0.02666666666666667,0.16,0.006666666666666667,0.1,0.36,0.04560832262962691","0,0,0"
19.85,173,AV,2,0,0,52,2853.537244729806,0.4,-0.2779,"0.06333333333333334,0.35,0.13666666666666666,0.4,0.52,0.13723344490378397","0,0,0"
21.516666666666666,139,AV,1,0,0,49,2294.767722006211,0.1,-0.23668333333333333,"0.06,0.2833333333333333,0.12,0.1,0.49,0.11036087940556741","0,0,0"
25.533333333333335,15,AV,2,0,0,62,639.9143284368583,0.3,-0.33193333333333336,"0.09666666666666666,0.44666666666666666,0.24333333333333335,0.3,0.62,0.030775013677102628","0,0,0"
25.4,231,AV,1,0,0,54,4559.760277629775,0.2,-0.3048,"0.09333333333333334,0.3566666666666667,0.17333333333333334,0.2,0.54,0.21928979970044837","0,0,0"
14.85,110,AV,1,0,0,34,1782.711710770346,0.1,-0.16335,"0.02666666666666667,0.15,0.006666666666666667,0.1,0.34,0.08573487862868172","0,0,0"
29.5,61,AV,1,0,0,69,1074.3823512953045,0.2,-0.354,"0.1,0.46,0.31666666666666665,0.2,0.69,0.0516696221450731","0,0,0"
13.35,183,AV,2,0,0,39,3001.8426729260827,0.4,-0.1869,"0.02666666666666667,0.19666666666666666,0.013333333333333334,0.4,0.39,0.14436580837543475","0,0,0"
9.3,274,AV,1,0,0,24,7912.643587116454,0.7,-0.15810000000000002,"0.02666666666666667,0.03666666666666667,0.006666666666666667,0.7,0.24,0.38053799359420826","0,0,0"
15.75,10,AV,1,0,0,37,617.4453946714843,0.3,-0.20475000000000002,"0.02666666666666667,0.17333333333333334,0.006666666666666667,0.3,0.37,0.02969442880314238","0,0,0"
25.9,212,AV,2,0,0,60,3759.463069718096,0.6,-0.41440000000000005,"0.09666666666666666,0.44333333333333336,0.20333333333333334,0.6,0.6,0.18080158897481655","0,0,0"
20.95,211,AV,2,0,0,52,3729.3449139509553,0.2,-0.25139999999999996,"0.06333333333333334,0.35,0.13666666666666666,0.2,0.52,0.17935313468261935","0,0,0"
20.316666666666666,236,AV,1,0,0,48,4656.548587392589,0.1,-0.22348333333333334,"0.06,0.26666666666666666,0.11666666666666667,0.1,0.48,0.22394458148039434","0,0,0"
32.71666666666667,62,AV,1,0,0,78,1076.386102050743,0.4,-0.4580333333333333,"0.10333333333333333,0.5466666666666666,0.3233333333333333,0.4,0.78,0.051765987321103386","0,0,0"
25.416666666666668,157,AV,2,0,0,62,2530.9644311939346,0.2,-0.305,"0.09666666666666666,0.44666666666666666,0.24333333333333335,0.2,0.62,0.12172014522087579","0,0,0"
32.516666666666666,144,AV,1,0,0,76,2337.3116255789537,0.8,-0.5853,"0.10333333333333333,0.5266666666666666,0.3233333333333333,0.8,0.76,0.11240691768935884","0,0,0"
7.416666666666667,91,AV,1,0,0,19,1509.578116022191,0.2,-0.08900000000000001,"0.02666666666666667,0.013333333333333334,0.0033333333333333335,0.2,0.19,0.07259922946360745","0,0,0"
18.333333333333332,204,AV,1,0,0,45,3382.383844415393,0.5,-0.27499999999999997,"0.056666666666666664,0.22333333333333333,0.10333333333333333,0.5,0.45,0.16266694531964326","0,0,0"
22.2,272,AV,0,0,0,53,7572.106998522375,0.1,-0.2521238182994124,"0.06333333333333334,0.35,0.17333333333333334,0.1,0.53,0.3641607729166582","0,0,0"
9.933333333333334,38,AV,1,0,0,25,905.8209551718018,0.1,-0.10926666666666666,"0.02666666666666667,0.05,0.006666666666666667,0.1,0.25,0.04356310063022602","0,0,0"
18.366666666666667,256,AV,1,0,0,45,5590.116807812239,0.1,-0.20203333333333334,"0.056666666666666664,0.22333333333333333,0.10333333333333333,0.1,0.45,0.26884211459565416","0,0,0"
10.8,113,AV,1,0,0,27,1805.1606101798543,0.9,-0.20520000000000002,"0.02666666666666667,0.06,0.006666666666666667,0.9,0.27,0.08681450000245393","0,0,0"
17.016666666666666,285,AV,0,0,0,44,11185.875164713363,0.3,-0.22658057419437397,"0.04,0.22333333333333333,0.10333333333333333,0.3,0.44,0.5379555448075637","0,0,0"
27.95,136,AV,1,0,0,59,2225.3307045190536,0.7,-0.47514999999999996,"0.09666666666666666,0.43333333333333335,0.18666666666666668,0.7,0.59,0.10702148682143131","0,0,0"
13.45,143,AV,1,0,0,32,2335.4036410281064,0.3,-0.17484999999999998,"0.02666666666666667,0.11333333333333333,0.006666666666666667,0.3,0.32,0.1123151581396212","0,0,0"
10.5,242,AV,1,0,0,26,4756.448820673547,0.4,-0.147,"0.02666666666666667,0.05333333333333334,0.006666666666666667,0.4,0.26,0.22874902312038267","0,0,0"
25.983333333333334,81,AV,2,0,0,60,1297.4303329633815,0.2,-0.3118,"0.09666666666666666,0.44333333333333336,0.20333333333333334,0.2,0.6,0.06239653414164128","0,0,0"
33.733333333333334,187,AV,1,0,0,82,3065.2253709468137,0.4,-0.4722666666666666,"0.10333333333333333,0.5566666666666666,0.3233333333333333,0.4,0.82,0.14741403422661153","0,0,0"
24.233333333333334,189,AV,2,0,0,59,3131.512437779759,0.1,-0.2665666666666667,"0.09666666666666666,0.43333333333333335,0.18666666666666668,0.1,0.59,0.15060193813459566","0,0,0"
29.35,132,AV,0,0,0,54,2198.5025098873134,0.9,-0.5849413038443952,"0.09333333333333334,0.3566666666666667,0.17333333333333334,0.9,0.54,0.10573125464497639","0,0,0"
10.833333333333334,80,AV,1,0,0,28,1293.252850487379,0.6,-0.17333333333333334,"0.02666666666666667,0.06666666666666667,0.006666666666666667,0.6,0.28,0.06219562899759039","0,0,0"
23.083333333333332,107,AV,1,0,0,51,1697.366940102563,0.1,-0.2539166666666667,"0.06333333333333334,0.3233333333333333,0.13666666666666666,0.1,0.51,0.08163044406947123","0,0,0"
30.466666666666665,138,AV,2,0,0,72,2280.385817754286,0.1,-0.33513333333333334,"0.10333333333333333,0.5033333333333333,0.31666666666666665,0.1,0.72,0.10966921916233309","0,0,0"
27.05,18,AV,2,0,0,64,741.34301771214,0.1,-0.29755000000000004,"0.09666666666666666,0.45666666666666667,0.2733333333333333,0.1,0.64,0.03565296242896494","0,0,0"
25.3,260,AV,1,0,0,54,5844.130995646287,0.4,-0.35419999999999996,"0.09333333333333334,0.3566666666666667,0.17333333333333334,0.4,0.54,0.28105826566054204","0,0,0"
9.6,3,AV,1,0,0,24,508.6019702527906,0.5,-0.14400000000000002,"0.02666666666666667,0.03666666666666667,0.006666666666666667,0.5,0.24,0.024459887668034006","0,0,0"
20.45,244,AV,1,0,0,48,4950.077303955518,0.2,-0.24539999999999998,"0.06,0.26666666666666666,0.11666666666666667,0.2,0.48,0.23806108093261413","0,0,0"
21.3,295,AV,2,0,0,52,16390.717038727882,0.5,-0.3195,"0.06333333333333334,0.35,0.13666666666666666,0.5,0.52,0.7882688644846343","0,0,0"
22.533333333333335,202,AV,1,0,0,50,3366.895459871004,0.2,-0.27040000000000003,"0.06333333333333334,0.30666666666666664,0.12,0.2,0.5,0.16192207178734694","0,0,0"
24.1,42,AV,1,0,0,53,934.0011274976006,0.1,-0.26510000000000006,"0.06333333333333334,0.35,0.17333333333333334,0.1,0.53,0.04491835265414619","0,0,0"
25.066666666666666,164,AV,2,0,0,62,2750.2432356670683,0.3,-0.32586666666666664,"0.09666666666666666,0.44666666666666666,0.24333333333333335,0.3,0.62,0.13226578845290615","0,0,0"
20.85,163,AV,1,0,0,48,2744.255474143275,0.3,-0.27105,"0.06,0.26666666666666666,0.11666666666666667,0.3,0.48,0.13197782265092123","0,0,0"
8.883333333333333,79,AV,1,0,0,22,1291.2118623687816,0.7,-0.15101666666666666,"0.02666666666666667,0.023333333333333334,0.0033333333333333335,0.7,0.22,0.062097472987522495","0,0,0"
31.983333333333334,278,AV,1,0,0,74,8348.421721831439,0.2,-0.38380000000000003,"0.10333333333333333,0.5133333333333333,0.32,0.2,0.74,0.4014956084811817","0,0,0"
3.433333333333333,216,AV,0,0,0,0,3824.993837156676,0.3,-0.0603196331169171,"0.0,0.0,0.0,0.3,0.0,0.18395312063237393","0,0,0"
6.966666666666667,154,AV,0,0,0,13,2520.718778515204,0.1,-0.10043606789912343,"0.013333333333333334,0.0,0.0033333333333333335,0.1,0.13,0.12122740722876209","0,0,0"
13.55,93,AV,1,0,0,32,1527.6889462703334,0.7,-0.23035,"0.02666666666666667,0.11333333333333333,0.006666666666666667,0.7,0.32,0.07347022269476662","0,0,0"
23.966666666666665,156,AV,2,0,0,59,2528.765907819195,0.2,-0.28759999999999997,"0.09666666666666666,0.43333333333333335,0.18666666666666668,0.2,0.59,0.12161441296279007","0,0,0"
19.65,279,AV,1,0,0,46,8436.938288223368,0.1,-0.21615,"0.06,0.24333333333333335,0.10666666666666667,0.1,0.46,0.4057525822983113","0,0,0"
23.966666666666665,51,AV,0,0,0,53,979.573716991658,0.3,-0.37281779964343165,"0.06333333333333334,0.35,0.17333333333333334,0.3,0.53,0.04711004770246075","0,0,0"
23.183333333333334,192,AV,2,0,0,59,3159.4556453821087,0.4,-0.32456666666666667,"0.09666666666666666,0.43333333333333335,0.18666666666666668,0.4,0.59,0.15194579395705407","0,0,0"
15.1,4,AV,2,0,0,39,513.3463032142733,0.3,-0.1963,"0.02666666666666667,0.19666666666666666,0.013333333333333334,0.3,0.39,0.024688054010448962","0,0,0"
24.666666666666668,39,AV,2,0,0,61,921.9548251796884,0.2,-0.296,"0.09666666666666666,0.44333333333333336,0.22333333333333333,0.2,0.61,0.04433901710543634","0,0,0"
8.883333333333333,114,AV,1,0,0,18,1823.811293294481,0.5,-0.13325,"0.02666666666666667,0.006666666666666667,0.0033333333333333335,0.5,0.18,0.08771145605177698","0,0,0"
22.85,102,AV,1,0,0,50,1635.9686818612918,0.1,-0.25135,"0.06333333333333334,0.30666666666666664,0.12,0.1,0.5,0.07867765468320913","0,0,0"
26.616666666666667,226,AV,2,0,0,62,4227.85786318916,0.1,-0.29278333333333334,"0.09666666666666666,0.44666666666666666,0.24333333333333335,0.1,0.62,0.20332781715065273","0,0,0"
27.0,13,AV,2,0,0,64,632.5893922142865,0.1,-0.29700000000000004,"0.09666666666666666,0.45666666666666667,0.2733333333333333,0.1,0.64,0.030422739939172414","0,0,0"
9.583333333333334,255,AV,1,0,0,24,5578.433439706214,0.3,-0.12458333333333335,"0.02666666666666667,0.03666666666666667,0.006666666666666667,0.3,0.24,0.2682802334230043","0,0,0"
15.566666666666666,179,AV,2,0,0,39,2965.4163440895786,0.1,-0.17123333333333335,"0.02666666666666667,0.19666666666666666,0.013333333333333334,0.1,0.39,0.14261397892212588","0,0,0"
20.633333333333333,43,AV,0,0,0,49,938.3100494872764,0.1,-0.2909114150286671,"0.06,0.2833333333333333,0.12,0.1,0.49,0.04512557903941836","0,0,0"
18.716666666666665,8,AV,2,0,0,43,614.9217871931492,0.5,-0.28074999999999994,"0.02666666666666667,0.22333333333333333,0.09666666666666666,0.5,0.43,0.029573062471416202","0,0,0"
15.933333333333334,65,AV,2,0,0,39,1117.0806745336297,0.1,-0.17526666666666668,"0.02666666666666667,0.19666666666666666,0.013333333333333334,0.1,0.39,0.05372308684066549","0,0,0"
30.116666666666667,293,AV,1,0,0,71,14754.343640924068,0.5,-0.45175000000000004,"0.10333333333333333,0.49333333333333335,0.31666666666666665,0.5,0.71,0.7095717460418045","0,0,0"
9.916666666666666,252,AV,1,0,0,24,5458.612723313221,0.3,-0.12891666666666668,"0.02666666666666667,0.03666666666666667,0.006666666666666667,0.3,0.24,0.2625177680086071","0,0,0"
14.983333333333333,137,AV,2,0,0,39,2276.662146114732,0.3,-0.1947833333333333,"0.02666666666666667,0.19666666666666666,0.013333333333333334,0.3,0.39,0.1094901388690128","0,0,0"
26.283333333333335,36,AV,1,0,0,56,870.7377108213431,0.4,-0.36796666666666666,"0.09666666666666666,0.39,0.18,0.4,0.56,0.04187586332869553","0,0,0"
12.8,31,AV,1,0,0,31,825.4433072334436,0.2,-0.1536,"0.02666666666666667,0.09666666666666666,0.006666666666666667,0.2,0.31,0.039697546907310144","0,0,0"
18.55,181,AV,0,0,0,44,2969.8754393798326,0.1,-0.22425286750225767,"0.04,0.22333333333333333,0.10333333333333333,0.1,0.44,0.1428284275013291","0,0,0"
17.5,287,AV,2,0,0,42,11662.42845360034,0.2,-0.21,"0.02666666666666667,0.22333333333333333,0.07,0.2,0.42,0.5608741345806508","0,0,0"
25.716666666666665,290,AV,2,0,0,64,13748.957190518822,0.2,-0.3086,"0.09666666666666666,0.45666666666666667,0.2733333333333333,0.2,0.64,0.6612203021265304","0,0,0"
29.966666666666665,185,AV,1,0,0,69,3031.4508351358254,0.7,-0.5094333333333333,"0.1,0.46,0.31666666666666665,0.7,0.69,0.14578973585520302","0,0,0"
15.383333333333333,152,AV,1,0,0,36,2478.182963693478,0.1,-0.16921666666666665,"0.02666666666666667,0.16,0.006666666666666667,0.1,0.36,0.1191817579523926","0,0,0"
5.3,97,AV,0,0,0,10,1588.8002265047048,0.1,-0.09606434506935937,"0.01,0.0,0.0,0.1,0.1,0.07640921062090368","0,0,0"
32.13333333333333,223,AV,1,0,0,75,4159.866430607663,0.1,-0.35346666666666665,"0.10333333333333333,0.52,0.3233333333333333,0.1,0.75,0.20005794620912742","0,0,0"
17.166666666666668,28,AV,1,0,0,40,814.1496548969513,0.7,-0.2918333333333334,"0.02666666666666667,0.19666666666666666,0.03333333333333333,0.7,0.4,0.039154408100012306","0,0,0"
24.0,37,AV,0,0,0,53,871.0408974081768,0.2,-0.3568831031683275,"0.06333333333333334,0.35,0.17333333333333334,0.2,0.53,0.04189044429827518","0,0,0"
30.833333333333332,280,AV,1,0,0,73,8480.737499651503,0.2,-0.37,"0.10333333333333333,0.51,0.32,0.2,0.73,0.407858991345347","0,0,0"
27.866666666666667,64,AV,1,0,0,58,1111.987968807459,0.4,-0.39013333333333333,"0.09666666666666666,0.4166666666666667,0.18333333333333332,0.4,0.58,0.05347816641708441","0,0,0"
23.283333333333335,214,AV,1,0,0,51,3803.247088152212,0.2,-0.2794,"0.06333333333333334,0.3233333333333333,0.13666666666666666,0.2,0.51,0.18290726735435825","0,0,0"
27.4,118,AV,2,0,0,67,1900.764377468582,0.2,-0.3287999999999999,"0.09666666666666666,0.45666666666666667,0.30333333333333334,0.2,0.67,0.09141231429593938","0,0,0"
7.416666666666667,209,AV,1,0,0,18,3531.3895067900216,0.6,-0.11866666666666668,"0.02666666666666667,0.006666666666666667,0.0033333333333333335,0.6,0.18,0.16983298473111647","0,0,0"
33.15,21,AV,1,0,0,78,761.8437659652793,0.2,-0.39779999999999993,"0.10333333333333333,0.5466666666666666,0.3233333333333333,0.2,0.78,0.03663889254467645","0,0,0"
25.816666666666666,199,AV,0,0,0,53,3313.1900178081896,0.3,-0.35372610188695397,"0.06333333333333334,0.35,0.17333333333333334,0.3,0.53,0.1593392483677569","0,0,0"
25.933333333333334,239,AV,2,0,0,64,4669.869929992837,0.9,-0.49273333333333336,"0.09666666666666666,0.45666666666666667,0.2733333333333333,0.9,0.64,0.224585236772051","0,0,0"
16.233333333333334,296,AV,2,0,0,42,17322.90883950548,0.2,-0.1948,"0.02666666666666667,0.22333333333333333,0.07,0.2,0.42,0.833100202280572","0,0,0"
27.3,2,AV,1,0,0,58,497.26542980048754,0.1,-0.30030000000000007,"0.09666666666666666,0.4166666666666667,0.18333333333333332,0.1,0.58,0.023914686268460907","0,0,0"
30.383333333333333,95,AV,1,0,0,71,1567.0706205360798,0.9,-0.5772833333333334,"0.10333333333333333,0.49333333333333335,0.31666666666666665,0.9,0.71,0.07536418179256658","0,0,0"
11.233333333333333,174,AV,1,0,0,30,2857.8751728516777,0.4,-0.15726666666666664,"0.02666666666666667,0.08,0.006666666666666667,0.4,0.3,0.13744206626346972","0,0,0"
21.233333333333334,41,AV,1,0,0,48,932.1411738504048,0.1,-0.2335666666666667,"0.06,0.26666666666666666,0.11666666666666667,0.1,0.48,0.04482890302567631","0,0,0"
25.283333333333335,275,AV,2,0,0,62,8028.27043643778,0.9,-0.48038333333333333,"0.09666666666666666,0.44666666666666666,0.24333333333333335,0.9,0.62,0.3860987658900816","0,0,0"
30.466666666666665,60,AV,1,0,0,69,1068.5648373754009,0.9,-0.5788666666666666,"0.1,0.46,0.31666666666666665,0.9,0.69,0.05138984395837567","0,0,0"
16.216666666666665,70,AV,1,0,0,37,1150.2916000513435,0.4,-0.2270333333333333,"0.02666666666666667,0.17333333333333334,0.006666666666666667,0.4,0.37,0.05532027984231857","0,0,0"
21.116666666666667,101,AV,1,0,0,49,1626.914224999384,0.3,-0.2745166666666667,"0.06,0.2833333333333333,0.12,0.3,0.49,0.07824220415275356","0,0,0"
25.716666666666665,78,AV,0,0,0,53,1275.9312017726234,0.3,-0.3813411456641575,"0.06333333333333334,0.35,0.17333333333333334,0.3,0.53,0.06136258939772906","0,0,0"
26.133333333333333,258,AV,2,0,0,60,5721.231751015957,0.1,-0.28746666666666665,"0.09666666666666666,0.44333333333333336,0.20333333333333334,0.1,0.6,0.2751477464451918","0,0,0"
19.8,119,AV,1,0,0,47,1921.5023446668008,0.2,-0.2376,"0.06,0.25666666666666665,0.11333333333333333,0.2,0.47,0.09240965283924012","0,0,0"
32.56666666666667,196,AV,1,0,0,76,3269.866339895674,0.1,-0.3582333333333334,"0.10333333333333333,0.5266666666666666,0.3233333333333333,0.1,0.76,0.15725570886715387","0,0,0"
20.95,66,AV,2,0,0,46,1129.1321270070612,0.8,-0.3771,"0.06,0.24333333333333335,0.10666666666666667,0.8,0.46,0.05430267007269716","0,0,0"
18.55,262,AV,1,0,0,45,5960.007005011629,0.1,-0.20405,"0.056666666666666664,0.22333333333333333,0.10333333333333333,0.1,0.45,0.2866310206600706","0,0,0"
16.85,153,AV,2,0,0,41,2496.2043409386315,0.5,-0.25275000000000003,"0.02666666666666667,0.22333333333333333,0.04,0.5,0.41,0.1200484491742544","0,0,0"
16.816666666666666,165,AV,2,0,0,41,2754.938443140308,0.2,-0.20179999999999998,"0.02666666666666667,0.22333333333333333,0.04,0.2,0.41,0.13249159223285706","0,0,0"
17.7,281,AV,2,0,0,41,8987.822610831106,0.5,-0.26549999999999996,"0.02666666666666667,0.22333333333333333,0.04,0.5,0.41,0.4322459296252377","0,0,0"
27.35,158,AV,1,0,0,58,2563.744074524839,0.3,-0.35555000000000003,"0.09666666666666666,0.4166666666666667,0.18333333333333332,0.3,0.58,0.1232965968285517","0,0,0"
6.683333333333334,17,AV,1,0,0,16,682.056612603955,0.2,-0.08020000000000001,"0.02666666666666667,0.0,0.0033333333333333335,0.2,0.16,0.03280173712115302","0,0,0"
29.033333333333335,57,AV,1,0,0,68,1038.299283744561,0.7,-0.49356666666666665,"0.1,0.45666666666666667,0.31,0.7,0.68,0.04993430094965855","0,0,0"
17.883333333333333,294,AV,1,0,0,40,15725.918848752755,0.4,-0.2503666666666666,"0.02666666666666667,0.19666666666666666,0.03333333333333333,0.4,0.4,0.7562971262693423","0,0,0"
25.816666666666666,130,AV,2,0,0,62,2139.4702648744856,0.2,-0.30979999999999996,"0.09666666666666666,0.44666666666666666,0.24333333333333335,0.2,0.62,0.10289225250527183","0,0,0"
17.55,230,AV,1,0,0,40,4549.115907877681,0.3,-0.22815000000000002,"0.02666666666666667,0.19666666666666666,0.03333333333333333,0.3,0.4,0.21877788644870882","0,0,0"
29.1,151,AV,0,0,0,67,2476.7926805910606,0.4,-0.43162487779061176,"0.09666666666666666,0.45666666666666667,0.30333333333333334,0.4,0.67,0.1191148959060364","0,0,0"
19.433333333333334,276,AV,1,0,0,47,8029.700924090037,0.5,-0.2915,"0.06,0.25666666666666665,0.11333333333333333,0.5,0.47,0.386167561469594","0,0,0"
28.7,32,AV,1,0,0,63,832.3173438658397,0.7,-0.48789999999999994,"0.09666666666666666,0.45,0.27,0.7,0.63,0.0400281358033201","0,0,0"
28.816666666666666,178,AV,1,0,0,62,2953.761118311176,0.2,-0.3458,"0.09666666666666666,0.44666666666666666,0.24333333333333335,0.2,0.62,0.14205345118145746","0,0,0"
16.016666666666666,271,AV,1,0,0,37,7177.938863287724,0.2,-0.19219999999999998,"0.02666666666666667,0.17333333333333334,0.006666666666666667,0.2,0.37,0.345204282627472","0,0,0"
29.333333333333332,96,AV,1,0,0,63,1572.8756307612184,0.9,-0.5573333333333333,"0.09666666666666666,0.45,0.27,0.9,0.63,0.07564335864661634","0,0,0"
9.683333333333334,277,AV,2,0,0,12,8331.964781214912,0.4,-0.13556666666666667,"0.013333333333333334,0.0,0.0,0.4,0.12,0.4007041547661289","0,0,0"
13.966666666666667,141,AV,1,0,0,33,2318.1098695731453,0.3,-0.18156666666666665,"0.02666666666666667,0.13666666666666666,0.006666666666666667,0.3,0.33,0.1114834592239942","0,0,0"
14.4,63,AV,1,0,0,33,1097.8259349569896,0.5,-0.21600000000000003,"0.02666666666666667,0.13666666666666666,0.006666666666666667,0.5,0.33,0.05279708026839882","0,0,0"
23.966666666666665,58,AV,1,0,0,51,1040.734547163155,0.9,-0.4553666666666666,"0.06333333333333334,0.3233333333333333,0.13666666666666666,0.9,0.51,0.05005141860382586","0,0,0"
23.433333333333334,123,AV,1,0,0,51,1996.532829496936,0.6,-0.37493333333333334,"0.06333333333333334,0.3233333333333333,0.13666666666666666,0.6,0.51,0.0960180486732379","0,0,0"
11.633333333333333,288,AV,1,0,0,30,11940.25564443948,0.5,-0.1745,"0.02666666666666667,0.08,0.006666666666666667,0.5,0.3,0.5742355100304415","0,0,0"
21.1,268,AV,2,0,0,52,6778.2755320215965,0.2,-0.25320000000000004,"0.06333333333333334,0.35,0.13666666666666666,0.2,0.52,0.3259835151913118","0,0,0"
19.233333333333334,248,AV,1,0,0,45,5003.647877951615,0.1,-0.2115666666666667,"0.056666666666666664,0.22333333333333333,0.10333333333333333,0.1,0.45,0.24063741822365012","0,0,0"
24.75,88,AV,1,0,0,53,1475.2077210572677,0.4,-0.3465,"0.06333333333333334,0.35,0.17333333333333334,0.4,0.53,0.07094627479744654","0,0,0"
11.666666666666666,35,AV,0,0,0,43,863.3540159882258,0.2,-0.20949640459055702,"0.02666666666666667,0.22333333333333333,0.09666666666666666,0.2,0.43,0.04152076374836295","0,0,0"
20.9,89,AV,2,0,0,50,1485.5718097438446,0.2,-0.25079999999999997,"0.06333333333333334,0.30666666666666664,0.12,0.2,0.5,0.07144470866102204","0,0,0"
26.15,27,AV,2,0,0,63,807.7368269013535,0.2,-0.3138,"0.09666666666666666,0.45,0.27,0.2,0.63,0.0388459998326814","0,0,0"
8.8,22,AV,1,0,0,21,767.6170681366935,0.2,-0.10560000000000001,"0.02666666666666667,0.016666666666666666,0.0033333333333333335,0.2,0.21,0.036916544482430876","0,0,0"
27.716666666666665,134,AV,0,0,0,53,2218.0502812558643,0.4,-0.4150841177574032,"0.06333333333333334,0.35,0.17333333333333334,0.4,0.53,0.10667135381839783","0,0,0"
25.666666666666668,243,AV,1,0,0,54,4924.983441788647,0.5,-0.385,"0.09333333333333334,0.3566666666666667,0.17333333333333334,0.5,0.54,0.2368542569609065","0,0,0"
16.65,83,AV,1,0,0,37,1365.417472605012,0.3,-0.21644999999999998,"0.02666666666666667,0.17333333333333334,0.006666666666666667,0.3,0.37,0.06566619862539994","0,0,0"
17.4,148,AV,2,0,0,41,2421.832203454489,0.9,-0.33059999999999995,"0.02666666666666667,0.22333333333333333,0.04,0.9,0.41,0.11647171484192467","0,0,0"
19.3,30,AV,2,0,0,42,822.5771428470101,0.3,-0.2509,"0.02666666666666667,0.22333333333333333,0.07,0.3,0.42,0.039559706192899544","0,0,0"
7.0,249,AV,0,0,0,13,5004.1281918097375,0.4,-0.10999010051305282,"0.013333333333333334,0.0,0.0033333333333333335,0.4,0.13,0.24066051766821034","0,0,0"
25.783333333333335,47,AV,1,0,0,55,954.0002559944874,0.2,-0.3094,"0.09666666666666666,0.38333333333333336,0.17333333333333334,0.2,0.55,0.045880158673594545","0,0,0"
22.516666666666666,146,AV,2,0,0,52,2392.7441380289174,0.1,-0.24768333333333334,"0.06333333333333334,0.35,0.13666666666666666,0.1,0.52,0.1150728000629743","0,0,0"
24.2,98,AV,2,0,0,60,1594.6992934726818,0.1,-0.2662,"0.09666666666666666,0.44333333333333336,0.20333333333333334,0.1,0.6,0.07669291088913349","0,0,0"
11.833333333333334,128,AV,0,0,0,43,2117.047321722312,0.3,-0.18217469320014415,"0.02666666666666667,0.22333333333333333,0.09666666666666666,0.3,0.43,0.10181387943012177","0,0,0"
31.383333333333333,298,AV,1,0,0,72,19040.472291926453,0.1,-0.3452166666666667,"0.10333333333333333,0.5033333333333333,0.31666666666666665,0.1,0.72,0.91570194503052","0,0,0"
13.416666666666666,26,AV,0,0,0,43,806.3598325453933,0.1,-0.22199180158577742,"0.02666666666666667,0.22333333333333333,0.09666666666666666,0.1,0.43,0.03877977687399022","0,0,0"
23.45,147,AV,2,0,0,57,2421.0391237858234,0.2,-0.2814,"0.09666666666666666,0.41333333333333333,0.18,0.2,0.57,0.11643357373995898","0,0,0"
11.516666666666667,195,AV,1,0,0,30,3230.862018062417,0.1,-0.12668333333333337,"0.02666666666666667,0.08,0.006666666666666667,0.1,0.3,0.15537989755219744","0,0,0"
26.15,283,AV,2,0,0,66,9884.322174397852,0.2,-0.3138,"0.09666666666666666,0.45666666666666667,0.3,0.2,0.66,0.47536074219347274","0,0,0"
30.616666666666667,228,AV,1,0,0,69,4459.768546990965,0.4,-0.42863333333333337,"0.1,0.46,0.31666666666666665,0.4,0.69,0.21448095773323778","0,0,0"
21.833333333333332,40,AV,2,0,0,50,932.0432837729122,0.2,-0.26199999999999996,"0.06333333333333334,0.30666666666666664,0.12,0.2,0.5,0.04482419525724574","0,0,0"
21.85,19,AV,1,0,0,49,743.7818724069466,0.4,-0.3059,"0.06,0.2833333333333333,0.12,0.4,0.49,0.035770252796212196","0,0,0"
24.466666666666665,126,AV,2,0,0,61,2046.5713793034688,0.8,-0.44039999999999996,"0.09666666666666666,0.44333333333333336,0.22333333333333333,0.8,0.61,0.09842452245612708","0,0,0"
33.4,106,AV,1,0,0,88,1682.490559712908,0.1,-0.3674,"0.10333333333333333,0.57,0.3233333333333333,0.1,0.88,0.08091500328370894","0,0,0"
22.266666666666666,48,AV,1,0,0,49,961.7772661313056,0.5,-0.33399999999999996,"0.06,0.2833333333333333,0.12,0.5,0.49,0.04625417372950396","0,0,0"
19.3,182,AV,2,0,0,46,2971.291490045772,0.3,-0.2509,"0.06,0.24333333333333335,0.10666666666666667,0.3,0.46,0.14289652877156978","0,0,0"
8.983333333333333,67,AV,1,0,0,22,1135.438045570021,0.2,-0.10779999999999998,"0.02666666666666667,0.023333333333333334,0.0033333333333333335,0.2,0.22,0.0546059368091927","0,0,0"
27.133333333333333,170,AV,1,0,0,56,2797.307504072895,0.1,-0.29846666666666666,"0.09666666666666666,0.39,0.18,0.1,0.56,0.13452922191505445","0,0,0"
5.333333333333333,74,AV,0,0,0,1,1249.5878531833848,0.1,-0.10668249832439855,"0.006666666666666667,0.0,0.0,0.1,0.01,0.06009567462944302","0,0,0"
13.633333333333333,291,AV,1,0,0,32,14297.77376075636,0.1,-0.1499666666666667,"0.02666666666666667,0.11333333333333333,0.006666666666666667,0.1,0.32,0.6876142062863859","0,0,0"
27.483333333333334,180,AV,0,0,0,53,2966.188350320237,0.2,-0.35002798046304856,"0.06333333333333334,0.35,0.17333333333333334,0.2,0.53,0.14265110655195307","0,0,0"
17.35,111,AV,2,0,0,42,1794.439334206041,0.2,-0.20820000000000002,"0.02666666666666667,0.22333333333333333,0.07,0.2,0.42,0.08629888814619799","0,0,0"
9.116666666666667,125,AV,1,0,0,22,2044.1603053436156,0.3,-0.11851666666666667,"0.02666666666666667,0.023333333333333334,0.0033333333333333335,0.3,0.22,0.09830856813100321","0,0,0"
21.633333333333333,251,AV,2,0,0,52,5434.023139443809,0.1,-0.23796666666666666,"0.06333333333333334,0.35,0.13666666666666666,0.1,0.52,0.26133519598878074","0,0,0"
16.833333333333332,84,AV,2,0,0,39,1389.0632502942228,0.2,-0.20199999999999999,"0.02666666666666667,0.19666666666666666,0.013333333333333334,0.2,0.39,0.0668033807440888","0,0,0"
22.383333333333333,184,AV,2,0,0,52,3017.17067826153,0.1,-0.2462166666666667,"0.06333333333333334,0.35,0.13666666666666666,0.1,0.52,0.14510296888720728","0,0,0"
14.9,108,AV,2,0,0,38,1716.9764066453156,0.8,-0.2682,"0.02666666666666667,0.19666666666666666,0.006666666666666667,0.8,0.38,0.08257351031167907","0,0,0"
21.466666666666665,263,AV,2,0,0,50,5984.209260784091,0.2,-0.25759999999999994,"0.06333333333333334,0.30666666666666664,0.12,0.2,0.5,0.28779496514344177","0,0,0"
16.3,76,AV,1,0,0,37,1261.43865123121,0.4,-0.2282,"0.02666666666666667,0.17333333333333334,0.006666666666666667,0.4,0.37,0.060665607909257666","0,0,0"
13.216666666666667,77,AV,1,0,0,31,1275.6237969650936,0.4,-0.1850333333333333,"0.02666666666666667,0.09666666666666666,0.006666666666666667,0.4,0.31,0.06134780556380672","0,0,0"
31.533333333333335,16,AV,1,0,0,75,676.2529471816457,0.1,-0.3468666666666667,"0.10333333333333333,0.52,0.3233333333333333,0.1,0.75,0.03252262494189429","0,0,0"
16.733333333333334,201,AV,2,0,0,41,3362.377553451843,0.1,-0.18406666666666668,"0.02666666666666667,0.22333333333333333,0.04,0.1,0.41,0.16170479484000747","0,0,0"
22.35,237,AV,2,0,0,45,4660.29795945294,0.2,-0.2682,"0.056666666666666664,0.22333333333333333,0.10333333333333333,0.2,0.45,0.2241248977685445","0,0,0"
23.933333333333334,94,AV,1,0,0,51,1541.4014724042315,0.1,-0.2632666666666667,"0.06333333333333334,0.3233333333333333,0.13666666666666666,0.1,0.51,0.07412969094006937","0,0,0"
25.75,193,AV,2,0,0,61,3169.820795106812,0.2,-0.309,"0.09666666666666666,0.44333333333333336,0.22333333333333333,0.2,0.61,0.15244427884849596","0,0,0"
12.066666666666666,235,AV,1,0,0,30,4635.813442599864,0.4,-0.16893333333333332,"0.02666666666666667,0.08,0.006666666666666667,0.4,0.3,0.222947378673338","0,0,0"
13.816666666666666,45,AV,1,0,0,32,946.2003450753726,0.1,-0.15198333333333333,"0.02666666666666667,0.11333333333333333,0.006666666666666667,0.1,0.32,0.04550504226418034","0,0,0"
10.883333333333333,217,AV,1,0,0,28,3866.930621896856,0.2,-0.1306,"0.02666666666666667,0.06666666666666667,0.006666666666666667,0.2,0.28,0.18596996111648273","0,0,0"
18.8,267,AV,2,0,0,47,6434.117121135291,0.9,-0.35719999999999996,"0.06,0.25666666666666665,0.11333333333333333,0.9,0.47,0.3094321123996473","0,0,0"
24.016666666666666,215,AV,1,0,0,51,3822.7735841463273,0.1,-0.2641833333333334,"0.06333333333333334,0.3233333333333333,0.13666666666666666,0.1,0.51,0.18384634334403438","0,0,0"
8.6,194,AV,0,0,0,13,3225.188153267811,0.9,-0.18200356579172197,"0.013333333333333334,0.0,0.0033333333333333335,0.9,0.13,0.15510702779620594","0,0,0"
13.516666666666667,162,AV,0,0,0,43,2722.266725979925,0.3,-0.19775712266878823,"0.02666666666666667,0.22333333333333333,0.09666666666666666,0.3,0.43,0.13092033105337805","0,0,0"
13.716666666666667,122,AV,1,0,0,32,1963.0347272178835,0.6,-0.21946666666666667,"0.02666666666666667,0.11333333333333333,0.006666666666666667,0.6,0.32,0.09440704465288248","0,0,0"
16.466666666666665,109,AV,1,0,0,37,1778.835052690156,0.2,-0.19759999999999997,"0.02666666666666667,0.17333333333333334,0.006666666666666667,0.2,0.37,0.08554844085078303","0,0,0"
28.7,205,AV,1,0,0,59,3386.12741774329,0.9,-0.5452999999999999,"0.09666666666666666,0.43333333333333335,0.18666666666666668,0.9,0.59,0.16284698273285247","0,0,0"
25.55,149,AV,2,0,0,59,2446.4664131825853,0.2,-0.3066,"0.09666666666666666,0.43333333333333335,0.18666666666666668,0.2,0.59,0.11765643302624577","0,0,0"
17.75,55,AV,2,0,0,42,1020.7360413649084,0.9,-0.33725,"0.02666666666666667,0.22333333333333333,0.07,0.9,0.42,0.04908964253144747","0,0,0"
26.783333333333335,257,AV,1,0,0,56,5654.280440205098,0.9,-0.5088833333333334,"0.09666666666666666,0.39,0.18,0.9,0.56,0.2719278974523786","0,0,0"
14.583333333333334,286,AV,1,0,0,33,11515.391842589095,0.7,-0.24791666666666667,"0.02666666666666667,0.13666666666666666,0.006666666666666667,0.7,0.33,0.5538027915682833","0,0,0"
15.45,161,AV,2,0,0,40,2648.588416164911,0.3,-0.20085,"0.02666666666666667,0.19666666666666666,0.03333333333333333,0.3,0.4,0.1273769645564883","0,0,0"
10.366666666666667,270,AV,1,0,0,26,7128.986247371214,0.2,-0.1244,"0.02666666666666667,0.05333333333333334,0.006666666666666667,0.2,0.26,0.34285003400790975","0,0,0"
25.1,155,AV,2,0,0,58,2520.757475212996,0.1,-0.2761,"0.09666666666666666,0.4166666666666667,0.18333333333333332,0.1,0.58,0.12122926824569963","0,0,0"
