travel_time,id,kind,action,origin,destination,start_time,income,urgency,reward,observation,cost_table
16.8,150,AV,1,0,0,44,2458.2611968747465,0.2,-0.2016,"0.3390246376811594,0.15790425531914892,0.19182273603082856,0.2,0.44,0.1182236724414522","0,0,0"
25.983333333333334,99,AV,2,0,0,66,1614.9493849180149,0.6,-0.4157333333333334,"0.7010208333333335,0.23987748015873012,0.26703921568627453,0.6,0.66,0.07766678631823196","0,0,0"
24.666666666666668,117,AV,2,0,0,61,1880.1756700095973,0.1,-0.27133333333333337,"0.6360637254901959,0.22592311365807075,0.25490080563947637,0.1,0.61,0.0904221540112152","0,0,0"
20.616666666666667,56,AV,0,0,0,39,1025.7249596144625,0.2,-0.3058952130077366,"0.20833654876741697,0.11909835271317828,0.15233561643835614,0.2,0.39,0.049329571566540366","0,0,0"
78.2,188,AV,0,0,0,68,3097.4575811220984,0.3,-1.0359707253218509,"0.729979044834308,0.244811339198436,0.26928041543026693,0.3,0.68,0.14896415846185204","0,0,0"
12.05,177,AV,1,0,0,36,2946.490055333797,0.7,-0.20485,"0.1802977582846004,0.1109764890282132,0.1453077994428969,0.7,0.36,0.14170376833700152","0,0,0"
27.85,208,AV,2,0,0,70,3456.1529418207683,0.6,-0.44560000000000005,"0.7585526315789474,0.24908383534136544,0.27489296636085625,0.6,0.7,0.1662146780093356","0,0,0"
52.0,221,AV,0,0,0,55,4061.843573313689,0.1,-0.5867716175960591,"0.5407476979742173,0.20415892672858627,0.23629303482587066,0.1,0.55,0.19534379207968386","0,0,0"
11.0,191,AV,1,0,0,33,3151.1733449572957,0.4,-0.154,"0.13220251937984495,0.09660736196319018,0.1304295238095238,0.4,0.33,0.1515474782802132","0,0,0"
8.416666666666666,53,AV,0,0,0,23,1014.5614647146556,0.3,-0.1685555183644048,"0.05084462151394422,0.07241666666666666,0.10952638888888887,0.3,0.23,0.04879269234230884","0,0,0"
66.05,245,AV,0,0,0,62,4951.479839002994,0.5,-1.0028675894784782,"0.6457130177514793,0.22805752212389374,0.2568556851311954,0.5,0.62,0.23812853220437127","0,0,0"
9.85,253,AV,1,0,0,32,5480.041794665195,0.2,-0.11819999999999999,"0.1175339321357285,0.09217113095238094,0.12462904761904758,0.2,0.32,0.26354834340696637","0,0,0"
12.4,71,AV,1,0,0,38,1150.4391077840953,0.7,-0.2108,"0.19616922290388547,0.1163761467889908,0.15045867393278842,0.7,0.38,0.05532737384270454","0,0,0"
14.1,247,AV,1,0,0,41,4968.170350229253,0.2,-0.1692,"0.26204734299516913,0.13390058479532166,0.16929079079079076,0.2,0.41,0.23893121888982288","0,0,0"
48.8,273,AV,0,0,0,50,7897.119961473183,0.1,-0.544397706542729,"0.45304573170731716,0.1878961499493414,0.2196524334251607,0.1,0.5,0.37979142523300763","0,0,0"
11.783333333333333,85,AV,1,0,0,35,1434.4967426379471,0.1,-0.12961666666666669,"0.17831701285855583,0.11045964360587003,0.1453602739726027,0.1,0.35,0.06898838627708276","0,0,0"
22.266666666666666,103,AV,1,0,0,58,1653.1781197118603,0.4,-0.3117333333333333,"0.5879239848914071,0.21657805907173003,0.2470246913580247,0.4,0.58,0.07950529779368645","0,0,0"
43.45,284,AV,0,0,0,47,11049.706566164488,0.9,-0.8309800084478015,"0.40072064393939383,0.17514117091595846,0.20742222222222217,0.9,0.47,0.5314068705608562","0,0,0"
6.966666666666667,168,AV,0,0,0,22,2780.081336731352,0.9,-0.15394876903441404,"0.04693821138211383,0.07132793209876542,0.10952879581151835,0.9,0.22,0.13370077424326215","0,0,0"
12.3,34,AV,1,0,0,37,857.6590975250949,0.4,-0.17220000000000002,"0.18898323170731712,0.11405981595092021,0.14759517304189435,0.4,0.37,0.041246881470994735","0,0,0"
24.6,261,AV,1,0,0,66,5899.132481879994,0.1,-0.27060000000000006,"0.7010208333333335,0.23987748015873012,0.26703921568627453,0.1,0.66,0.2837034189504176","0,0,0"
13.35,11,AV,2,0,0,29,626.2908344343901,0.4,-0.1869,"0.09305381400208987,0.08579894937917859,0.11896022727272726,0.4,0.29,0.03011982720037529","0,0,0"
87.03333333333333,124,AV,0,0,0,77,1997.7276787447236,0.5,-1.335534123588707,"0.8082298689138575,0.25856269113149843,0.2841142433234422,0.5,0.77,0.09607551183714699","0,0,0"
18.55,229,AV,0,0,0,38,4547.885280126284,0.7,-0.3285429449192997,"0.19616922290388547,0.1163761467889908,0.15045867393278842,0.7,0.38,0.2187187026108142","0,0,0"
26.233333333333334,166,AV,1,0,0,89,2761.3662775036096,0.4,-0.3672666666666667,"0.8509369627507165,0.2690148042024834,0.2905631469979297,0.4,0.89,0.13280072219237518","0,0,0"
21.0,24,AV,2,0,0,48,779.2240782816187,0.3,-0.273,"0.4308800995024874,0.1808787878787879,0.21222722722722726,0.3,0.48,0.03747475341773148","0,0,0"
68.01666666666667,250,AV,0,0,0,63,5158.4050556257225,0.5,-1.0318815022478829,"0.6505417881438291,0.22948520710059167,0.2600368731563422,0.5,0.63,0.24808006178999184","0,0,0"
13.566666666666666,282,AV,0,0,0,30,9030.678864893336,0.2,-0.16944401878282364,"0.10658666666666669,0.08953225806451613,0.12146657250470812,0.2,0.3,0.4343069895926497","0,0,0"
17.583333333333332,112,AV,1,0,0,45,1804.2001824470888,0.3,-0.2285833333333333,"0.35277276995305157,0.16255417956656348,0.19603021442495122,0.3,0.45,0.08676831073101827","0,0,0"
60.8,176,AV,0,0,0,59,2942.323800284961,0.1,-0.6891920452243187,"0.6135243055555556,0.22227439613526573,0.24985103244837756,0.1,0.59,0.1415034031468308","0,0,0"
50.4,266,AV,0,0,0,53,6248.181898567973,0.1,-0.5640027934163939,"0.5149656222802436,0.19925,0.23064953271028038,0.1,0.53,0.3004900419328989","0,0,0"
39.833333333333336,175,AV,0,0,0,46,2898.378436294527,0.2,-0.4987012304703412,"0.37729369918699185,0.16881685499058385,0.2031055226824458,0.2,0.46,0.13938996527280403","0,0,0"
23.016666666666666,92,AV,2,0,0,50,1519.7273932229994,0.9,-0.43731666666666663,"0.45304573170731716,0.1878961499493414,0.2196524334251607,0.9,0.5,0.07308733252801383","0,0,0"
7.783333333333333,120,AV,1,0,0,22,1929.5758599688188,0.3,-0.10118333333333335,"0.04693821138211383,0.07132793209876542,0.10952879581151835,0.3,0.22,0.09279792753915007","0,0,0"
19.583333333333332,234,AV,1,0,0,51,4617.1597275219765,0.6,-0.31333333333333335,"0.47519116234390013,0.19141244725738396,0.22390522875816987,0.6,0.51,0.2220502768096353","0,0,0"
55.516666666666666,190,AV,0,0,0,57,3132.463358685509,0.2,-0.6853542543773531,"0.5791809664694281,0.21506853582554514,0.2476662049861497,0.2,0.57,0.150647670199936","0,0,0"
93.88333333333334,121,AV,0,0,0,96,1945.516475481125,0.9,-1.8146234730885942,"0.8418256262042388,0.26968898385565054,0.29004592363261084,0.9,0.96,0.09356454994251304","0,0,0"
15.266666666666667,86,AV,1,0,0,42,1447.5744631551047,0.1,-0.16793333333333335,"0.2831816530426885,0.14134156378600823,0.17595288753799387,0.1,0.42,0.06961732519889745","0,0,0"
25.433333333333334,264,AV,2,0,0,64,6007.794801579103,0.1,-0.2797666666666667,"0.6667932367149758,0.23370921985815596,0.26411368015414255,0.1,0.64,0.2889292503255245","0,0,0"
25.033333333333335,222,AV,2,0,0,63,4104.202624979457,0.2,-0.3004,"0.6505417881438291,0.22948520710059167,0.2600368731563422,0.2,0.63,0.19738094039225168","0,0,0"
21.983333333333334,33,AV,2,0,0,48,835.7777612710734,0.2,-0.26380000000000003,"0.4308800995024874,0.1808787878787879,0.21222722722722726,0.2,0.48,0.0401945555695952","0,0,0"
39.86666666666667,169,AV,0,0,0,46,2793.3389947689566,0.7,-0.699213003402867,"0.37729369918699185,0.16881685499058385,0.2031055226824458,0.7,0.46,0.1343383667916745","0,0,0"
46.9,145,AV,0,0,0,49,2382.718205806423,0.2,-0.5879813243604664,"0.44350668576886354,0.18493224530168142,0.21549451097804387,0.2,0.49,0.11459062895418437","0,0,0"
21.466666666666665,90,AV,1,0,0,55,1503.4428459110418,0.3,-0.27906666666666663,"0.5407476979742173,0.20415892672858627,0.23629303482587066,0.3,0.55,0.0723041696201366","0,0,0"
50.35,246,AV,0,0,0,54,4959.361066312568,0.2,-0.6162983326678031,"0.5185662100456622,0.20135454545454545,0.23306358974358968,0.2,0.54,0.23850755931388606","0,0,0"
19.5,269,AV,2,0,0,44,7099.697064525982,0.3,-0.2535,"0.3390246376811594,0.15790425531914892,0.19182273603082856,0.3,0.44,0.3414414470102487","0,0,0"
27.966666666666665,227,AV,2,0,0,73,4304.4895651906745,0.3,-0.3635666666666667,"0.7760057471264371,0.2528458197611292,0.27984722222222236,0.3,0.73,0.207013219355909","0,0,0"
25.883333333333333,129,AV,1,0,0,82,2123.4400354784907,0.9,-0.49178333333333324,"0.8403924242424243,0.2649746376811595,0.28888250517598346,0.9,0.82,0.1021213203554731","0,0,0"
24.3,159,AV,2,0,0,54,2574.4307659940623,0.1,-0.26730000000000004,"0.5185662100456622,0.20135454545454545,0.23306358974358968,0.1,0.54,0.12381054543309646","0,0,0"
90.5,5,AV,0,0,0,85,522.2875039790788,0.1,-1.110379256238923,"0.8441938569989932,0.26587072945521695,0.28845477642276424,0.1,0.85,0.025118057783764625","0,0,0"
88.61666666666666,23,AV,0,0,0,79,779.0639592631991,0.2,-1.1404154995447935,"0.8266446446446446,0.2614181034482758,0.28658898721730575,0.2,0.79,0.03746705291039347","0,0,0"
24.1,140,AV,1,0,0,63,2302.618320259251,0.7,-0.4097,"0.6505417881438291,0.22948520710059167,0.2600368731563422,0.7,0.63,0.11073843349034766","0,0,0"
88.75,198,AV,0,0,0,80,3301.717979419838,0.1,-0.9944223576556176,"0.8354782168186422,0.2630192837465565,0.28679014227642274,0.1,0.8,0.15878753054770403","0,0,0"
18.85,238,AV,1,0,0,50,4662.282088415262,0.5,-0.28275,"0.45304573170731716,0.1878961499493414,0.2196524334251607,0.5,0.5,0.2242203192855181","0,0,0"
23.35,20,AV,1,0,0,59,753.5670156580491,0.3,-0.30355000000000004,"0.6135243055555556,0.22227439613526573,0.24985103244837756,0.3,0.59,0.03624084378629158","0,0,0"
17.616666666666667,220,AV,1,0,0,46,4021.28082322038,0.3,-0.22901666666666667,"0.37729369918699185,0.16881685499058385,0.2031055226824458,0.3,0.46,0.1933930322147629","0,0,0"
15.966666666666667,100,AV,1,0,0,43,1614.9573615816892,0.9,-0.3033666666666667,"0.31672513812154707,0.15193512658227848,0.18539717348927873,0.9,0.43,0.07766716993510497","0,0,0"
19.133333333333333,104,AV,1,0,0,50,1659.6531244520008,0.2,-0.22959999999999997,"0.45304573170731716,0.1878961499493414,0.2196524334251607,0.2,0.5,0.07981669628967558","0,0,0"
27.566666666666666,200,AV,0,0,0,41,3361.758609282253,0.4,-0.40378113472940386,"0.26204734299516913,0.13390058479532166,0.16929079079079076,0.4,0.41,0.16167502833152653","0,0,0"
12.116666666666667,160,AV,0,0,0,27,2580.565825479665,0.2,-0.1686507147880436,"0.07778802083333333,0.08208310749774166,0.11707854984894256,0.2,0.27,0.12410559514707999","0,0,0"
26.183333333333334,167,AV,2,0,0,66,2767.495209174315,0.2,-0.31420000000000003,"0.7010208333333335,0.23987748015873012,0.26703921568627453,0.2,0.66,0.13309547720505432","0,0,0"
27.483333333333334,1,AV,0,0,0,42,477.1303205766694,0.1,-0.42806847369390144,"0.2831816530426885,0.14134156378600823,0.17595288753799387,0.1,0.42,0.022946340609962184","0,0,0"
17.516666666666666,52,AV,2,0,0,40,985.8695826897422,0.1,-0.19268333333333335,"0.2342032032032032,0.12621331389698734,0.16220397286821706,0.1,0.4,0.04741283097259167","0,0,0"
15.9,73,AV,1,0,0,42,1244.4027248274256,0.2,-0.1908,"0.2831816530426885,0.14134156378600823,0.17595288753799387,0.2,0.42,0.05984630938009477","0,0,0"
7.15,289,AV,0,0,0,21,13079.31179296209,0.2,-0.09038739733020859,"0.04523015873015873,0.0699694719471947,0.1057245098039216,0.2,0.21,0.6290154500817918","0,0,0"
11.95,82,AV,0,0,0,26,1342.087988935639,0.3,-0.20005645776927322,"0.06599166666666664,0.07847415329768272,0.11447852760736196,0.3,0.26,0.06454422784415724","0,0,0"
17.766666666666666,72,AV,1,0,0,47,1194.3606142611325,0.1,-0.19543333333333335,"0.40072064393939383,0.17514117091595846,0.20742222222222217,0.1,0.47,0.05743966435173499","0,0,0"
13.216666666666667,54,AV,2,0,0,31,1017.530975349866,0.1,-0.14538333333333334,"0.11181256332320164,0.09083679525222553,0.12289736346516004,0.1,0.31,0.048935503225503364","0,0,0"
11.65,25,AV,2,0,0,29,802.5586880039084,0.2,-0.1398,"0.09305381400208987,0.08579894937917859,0.11896022727272726,0.2,0.29,0.038596970723144074","0,0,0"
13.483333333333333,254,AV,2,0,0,31,5557.427333357366,0.1,-0.14831666666666668,"0.11181256332320164,0.09083679525222553,0.12289736346516004,0.1,0.31,0.26726999942532587","0,0,0"
12.583333333333334,207,AV,1,0,0,38,3398.605365942332,0.1,-0.1384166666666667,"0.19616922290388547,0.1163761467889908,0.15045867393278842,0.1,0.38,0.16344707716647097","0,0,0"
9.3,87,AV,1,0,0,28,1460.8215047913693,0.3,-0.12090000000000002,"0.0879848958333333,0.08457596685082869,0.11995611439842208,0.3,0.28,0.07025440717912602","0,0,0"
14.616666666666667,225,AV,1,0,0,41,4223.122456076251,0.2,-0.1754,"0.26204734299516913,0.13390058479532166,0.16929079079079076,0.2,0.41,0.20310008007368746","0,0,0"
26.266666666666666,75,AV,2,0,0,58,1260.6549751070208,0.5,-0.394,"0.5879239848914071,0.21657805907173003,0.2470246913580247,0.5,0.58,0.06062791904628244","0,0,0"
21.483333333333334,186,AV,2,0,0,47,3048.604611013583,0.9,-0.40818333333333334,"0.40072064393939383,0.17514117091595846,0.20742222222222217,0.9,0.47,0.14661470204800806","0,0,0"
19.266666666666666,142,AV,1,0,0,52,2318.2944376966047,0.2,-0.23119999999999996,"0.4951421152030216,0.19559333333333334,0.22898294346978548,0.2,0.52,0.11149233554738845","0,0,0"
26.55,299,AV,2,0,0,66,20793.30768626012,0.7,-0.45135000000000003,"0.7010208333333335,0.23987748015873012,0.26703921568627453,0.7,0.66,1.0","0,0,0"
13.933333333333334,59,AV,0,0,0,33,1047.1205397958274,0.4,-0.25236666004823005,"0.13220251937984495,0.09660736196319018,0.1304295238095238,0.4,0.33,0.050358536294239885","0,0,0"
13.983333333333333,115,AV,2,0,0,32,1832.3133019091129,0.1,-0.15381666666666668,"0.1175339321357285,0.09217113095238094,0.12462904761904758,0.1,0.32,0.08812033802202023","0,0,0"
25.683333333333334,0,AV,1,0,0,84,381.3218977270381,0.6,-0.4109333333333334,"0.8410617469879519,0.26530821917808206,0.28853611971104237,0.6,0.84,0.018338683940074114","0,0,0"
22.133333333333333,241,AV,1,0,0,57,4754.245589533712,0.5,-0.33199999999999996,"0.5791809664694281,0.21506853582554514,0.2476662049861497,0.5,0.57,0.22864306445459084","0,0,0"
22.616666666666667,224,AV,1,0,0,58,4200.245935785981,0.1,-0.24878333333333338,"0.5879239848914071,0.21657805907173003,0.2470246913580247,0.1,0.58,0.2019998933869206","0,0,0"
24.25,233,AV,1,0,0,63,4572.8741748457805,0.1,-0.26675,"0.6505417881438291,0.22948520710059167,0.2600368731563422,0.1,0.63,0.21992047844641197","0,0,0"
15.45,197,AV,0,0,0,34,3278.222126324269,0.3,-0.21915260357228308,"0.1557584745762712,0.10339237199582026,0.14050240153698368,0.3,0.34,0.1576575586620336","0,0,0"
28.833333333333332,14,AV,2,0,0,79,636.6552097563458,0.2,-0.346,"0.8266446446446446,0.2614181034482758,0.28658898721730575,0.2,0.79,0.030618274848933116","0,0,0"
10.65,12,AV,2,0,0,28,627.4062491148882,0.9,-0.20234999999999997,"0.0879848958333333,0.08457596685082869,0.11995611439842208,0.9,0.28,0.03017347016557005","0,0,0"
12.483333333333333,68,AV,2,0,0,29,1141.0395517097602,0.3,-0.16228333333333333,"0.09305381400208987,0.08579894937917859,0.11896022727272726,0.3,0.29,0.054875326664056465","0,0,0"
22.6,171,AV,1,0,0,58,2813.5576138103806,0.1,-0.24860000000000002,"0.5879239848914071,0.21657805907173003,0.2470246913580247,0.1,0.58,0.13531072863744203","0,0,0"
20.15,203,AV,1,0,0,51,3368.9508766880413,0.4,-0.28209999999999996,"0.47519116234390013,0.19141244725738396,0.22390522875816987,0.4,0.51,0.16202092170810273","0,0,0"
32.88333333333333,50,AV,0,0,0,43,979.5720138781878,0.3,-0.4887345728031669,"0.31672513812154707,0.15193512658227848,0.18539717348927873,0.3,0.43,0.04710996579565228","0,0,0"
30.266666666666666,219,AV,2,0,0,80,3942.222625638348,0.6,-0.4842666666666666,"0.8354782168186422,0.2630192837465565,0.28679014227642274,0.6,0.8,0.18959093402168548","0,0,0"
14.6,172,AV,2,0,0,37,2818.3733061874163,0.2,-0.1752,"0.18898323170731712,0.11405981595092021,0.14759517304189435,0.2,0.37,0.13554232682517134","0,0,0"
8.85,206,AV,1,0,0,27,3393.6426315430986,0.2,-0.10619999999999999,"0.07778802083333333,0.08208310749774166,0.11707854984894256,0.2,0.27,0.1632084073754924","0,0,0"
20.083333333333332,133,AV,1,0,0,54,2212.8825544422834,0.2,-0.24099999999999996,"0.5185662100456622,0.20135454545454545,0.23306358974358968,0.2,0.54,0.1064228254509272","0,0,0"
27.016666666666666,44,AV,2,0,0,77,946.1123250925148,0.9,-0.5133166666666666,"0.8082298689138575,0.25856269113149843,0.2841142433234422,0.9,0.77,0.04550080917225548","0,0,0"
28.166666666666668,240,AV,2,0,0,69,4747.153558918807,0.1,-0.30983333333333335,"0.7409567164179104,0.24597167138810205,0.2701501004016064,0.1,0.69,0.22830199170551635","0,0,0"
11.733333333333333,135,AV,2,0,0,27,2218.7455195521825,0.2,-0.14079999999999998,"0.07778802083333333,0.08208310749774166,0.11707854984894256,0.2,0.27,0.1067047894942801","0,0,0"
7.366666666666666,232,AV,1,0,0,16,4569.840806868062,0.9,-0.13996666666666666,"0.03326602564102565,0.06309863945578233,0.09876282051282052,0.9,0.16,0.21977459651057532","0,0,0"
27.366666666666667,218,AV,2,0,0,76,3933.772930850901,0.9,-0.5199666666666667,"0.7933661202185793,0.25566244725738396,0.2828062130177516,0.9,0.76,0.1891845679487672","0,0,0"
90.33333333333333,69,AV,0,0,0,85,1148.2139867956057,0.1,-1.0459217347027614,"0.8441938569989932,0.26587072945521695,0.28845477642276424,0.1,0.85,0.05522036244162957","0,0,0"
85.66666666666667,9,AV,0,0,0,77,615.3970356119416,0.2,-1.1254980322099486,"0.8082298689138575,0.25856269113149843,0.2841142433234422,0.2,0.77,0.029595918306859183","0,0,0"
14.0,259,AV,2,0,0,34,5825.994272151124,0.2,-0.168,"0.1557584745762712,0.10339237199582026,0.14050240153698368,0.2,0.34,0.28018602716107777","0,0,0"
11.283333333333333,131,AV,1,0,0,34,2193.4249838744518,0.2,-0.1354,"0.1557584745762712,0.10339237199582026,0.14050240153698368,0.2,0.34,0.10548706425018813","0,0,0"
15.366666666666667,6,AV,1,0,0,42,548.7192496267361,0.2,-0.1844,"0.2831816530426885,0.14134156378600823,0.17595288753799387,0.2,0.42,0.02638922377844295","0,0,0"
57.18333333333333,265,AV,0,0,0,58,6230.691172258436,0.4,-0.8101964169369326,"0.5879239848914071,0.21657805907173003,0.2470246913580247,0.4,0.58,0.29964887098629217","0,0,0"
29.333333333333332,127,AV,0,0,0,42,2113.1349678504243,0.2,-0.3803938323452357,"0.2831816530426885,0.14134156378600823,0.17595288753799387,0.2,0.42,0.10162572495605159","0,0,0"
21.8,49,AV,1,0,0,55,978.4447105201264,0.9,-0.41419999999999996,"0.5407476979742173,0.20415892672858627,0.23629303482587066,0.9,0.55,0.04705575107546101","0,0,0"
54.05,297,AV,0,0,0,56,18628.94525544202,0.2,-0.6518207942627601,"0.5611326628352491,0.2095820021299254,0.24094011142061286,0.2,0.56,0.8959106235777834","0,0,0"
41.63333333333333,116,AV,0,0,0,46,1848.7234685638712,0.1,-0.49042149348108977,"0.37729369918699185,0.16881685499058385,0.2031055226824458,0.1,0.46,0.08890954226515282","0,0,0"
34.583333333333336,29,AV,0,0,0,45,816.2772675203604,0.4,-0.5576711024599903,"0.35277276995305157,0.16255417956656348,0.19603021442495122,0.4,0.45,0.03925673009012141","0,0,0"
52.083333333333336,292,AV,0,0,0,54,14505.369879802229,0.2,-0.6291363991747323,"0.5185662100456622,0.20135454545454545,0.23306358974358968,0.2,0.54,0.6975980011774241","0,0,0"
25.366666666666667,213,AV,2,0,0,65,3783.636689084741,0.4,-0.3551333333333333,"0.680443502824859,0.23654799578059077,0.2658071428571429,0.4,0.65,0.18196415626480184","0,0,0"
59.11666666666667,210,AV,0,0,0,59,3724.6301341612702,0.4,-0.8437423153902888,"0.6135243055555556,0.22227439613526573,0.24985103244837756,0.4,0.59,0.17912638962306346","0,0,0"
25.766666666666666,105,AV,1,0,0,81,1661.9571573900298,0.1,-0.28343333333333337,"0.8367577577577577,0.2643610354223434,0.28845677083333343,0.1,0.81,0.07992750275552475","0,0,0"
23.566666666666666,7,AV,2,0,0,54,610.4868582393152,0.1,-0.25923333333333337,"0.5185662100456622,0.20135454545454545,0.23306358974358968,0.1,0.54,0.029359776109248604","0,0,0"
18.666666666666668,46,AV,1,0,0,49,948.3478854920526,0.2,-0.224,"0.44350668576886354,0.18493224530168142,0.21549451097804387,0.2,0.49,0.04560832262962691","0,0,0"
6.916666666666667,173,AV,1,0,0,13,2853.537244729806,0.5,-0.10375000000000001,"0.03187083333333335,0.05956451612903227,0.09244623655913976,0.5,0.13,0.13723344490378397","0,0,0"
14.716666666666667,139,AV,1,0,0,41,2294.767722006211,0.2,-0.1766,"0.26204734299516913,0.13390058479532166,0.16929079079079076,0.2,0.41,0.11036087940556741","0,0,0"
83.28333333333333,15,AV,0,0,0,76,639.9143284368583,0.4,-1.2597292178921786,"0.7933661202185793,0.25566244725738396,0.2828062130177516,0.4,0.76,0.030775013677102628","0,0,0"
24.733333333333334,231,AV,1,0,0,66,4559.760277629775,0.4,-0.34626666666666667,"0.7010208333333335,0.23987748015873012,0.26703921568627453,0.4,0.66,0.21928979970044837","0,0,0"
25.766666666666666,110,AV,1,0,0,77,1782.711710770346,0.2,-0.3092,"0.8082298689138575,0.25856269113149843,0.2841142433234422,0.2,0.77,0.08573487862868172","0,0,0"
27.1,61,AV,2,0,0,66,1074.3823512953045,0.7,-0.4607,"0.7010208333333335,0.23987748015873012,0.26703921568627453,0.7,0.66,0.0516696221450731","0,0,0"
19.433333333333334,183,AV,1,0,0,50,3001.8426729260827,0.1,-0.2137666666666667,"0.45304573170731716,0.1878961499493414,0.2196524334251607,0.1,0.5,0.14436580837543475","0,0,0"
15.483333333333333,274,AV,2,0,0,40,7912.643587116454,0.4,-0.21676666666666664,"0.2342032032032032,0.12621331389698734,0.16220397286821706,0.4,0.4,0.38053799359420826","0,0,0"
44.96666666666667,10,AV,0,0,0,47,617.4453946714843,0.5,-0.771674585020467,"0.40072064393939383,0.17514117091595846,0.20742222222222217,0.5,0.47,0.02969442880314238","0,0,0"
29.016666666666666,212,AV,2,0,0,79,3759.463069718096,0.4,-0.40623333333333334,"0.8266446446446446,0.2614181034482758,0.28658898721730575,0.4,0.79,0.18080158897481655","0,0,0"
12.65,211,AV,1,0,0,39,3729.3449139509553,0.3,-0.16445,"0.20833654876741697,0.11909835271317828,0.15233561643835614,0.3,0.39,0.17935313468261935","0,0,0"
14.65,236,AV,2,0,0,32,4656.548587392589,0.2,-0.17579999999999998,"0.1175339321357285,0.09217113095238094,0.12462904761904758,0.2,0.32,0.22394458148039434","0,0,0"
21.45,62,AV,2,0,0,52,1076.386102050743,0.1,-0.23595000000000002,"0.4951421152030216,0.19559333333333334,0.22898294346978548,0.1,0.52,0.051765987321103386","0,0,0"
14.066666666666666,157,AV,2,0,0,33,2530.9644311939346,0.2,-0.16879999999999998,"0.13220251937984495,0.09660736196319018,0.1304295238095238,0.2,0.33,0.12172014522087579","0,0,0"
28.9,144,AV,2,0,0,89,2337.3116255789537,0.4,-0.40459999999999996,"0.8509369627507165,0.2690148042024834,0.2905631469979297,0.4,0.89,0.11240691768935884","0,0,0"
21.116666666666667,91,AV,2,0,0,50,1509.578116022191,0.4,-0.2956333333333333,"0.45304573170731716,0.1878961499493414,0.2196524334251607,0.4,0.5,0.07259922946360745","0,0,0"
12.233333333333333,204,AV,1,0,0,36,3382.383844415393,0.9,-0.2324333333333333,"0.1802977582846004,0.1109764890282132,0.1453077994428969,0.9,0.36,0.16266694531964326","0,0,0"
19.566666666666666,272,AV,2,0,0,44,7572.106998522375,0.9,-0.37176666666666663,"0.3390246376811594,0.15790425531914892,0.19182273603082856,0.9,0.44,0.3641607729166582","0,0,0"
8.6,38,AV,1,0,0,25,905.8209551718018,0.9,-0.1634,"0.057797034764826186,0.07525910746812386,0.11182825203252031,0.9,0.25,0.04356310063022602","0,0,0"
15.5,256,AV,2,0,0,36,5590.116807812239,0.5,-0.23249999999999998,"0.1802977582846004,0.1109764890282132,0.1453077994428969,0.5,0.36,0.26884211459565416","0,0,0"
83.51666666666667,113,AV,0,0,0,76,1805.1606101798543,0.4,-1.202471373018911,"0.7933661202185793,0.25566244725738396,0.2828062130177516,0.4,0.76,0.08681450000245393","0,0,0"
17.016666666666666,285,AV,0,0,0,34,11185.875164713363,0.1,-0.19254724086104064,"0.1557584745762712,0.10339237199582026,0.14050240153698368,0.1,0.34,0.5379555448075637","0,0,0"
7.55,136,AV,1,0,0,20,2225.3307045190536,0.9,-0.14345,"0.03674092409240925,0.06694392523364484,0.10399489795918367,0.9,0.2,0.10702148682143131","0,0,0"
18.85,143,AV,0,0,0,38,2335.4036410281064,0.2,-0.25189149030425695,"0.19616922290388547,0.1163761467889908,0.15045867393278842,0.2,0.38,0.1123151581396212","0,0,0"
57.333333333333336,242,AV,0,0,0,58,4756.448820673547,0.1,-0.6432811196466325,"0.5879239848914071,0.21657805907173003,0.2470246913580247,0.1,0.58,0.22874902312038267","0,0,0"
16.266666666666666,81,AV,1,0,0,43,1297.4303329633815,0.2,-0.19519999999999998,"0.31672513812154707,0.15193512658227848,0.18539717348927873,0.2,0.43,0.06239653414164128","0,0,0"
26.666666666666668,187,AV,2,0,0,53,3065.2253709468137,0.1,-0.29333333333333333,"0.5149656222802436,0.19925,0.23064953271028038,0.1,0.53,0.14741403422661153","0,0,0"
23.533333333333335,189,AV,1,0,0,61,3131.512437779759,0.3,-0.30593333333333333,"0.6360637254901959,0.22592311365807075,0.25490080563947637,0.3,0.61,0.15060193813459566","0,0,0"
22.2,132,AV,2,0,0,49,2198.5025098873134,0.3,-0.2886,"0.44350668576886354,0.18493224530168142,0.21549451097804387,0.3,0.49,0.10573125464497639","0,0,0"
11.116666666666667,80,AV,1,0,0,33,1293.252850487379,0.1,-0.12228333333333335,"0.13220251937984495,0.09660736196319018,0.1304295238095238,0.1,0.33,0.06219562899759039","0,0,0"
11.466666666666667,107,AV,1,0,0,34,1697.366940102563,0.4,-0.16053333333333333,"0.1557584745762712,0.10339237199582026,0.14050240153698368,0.4,0.34,0.08163044406947123","0,0,0"
3.183333333333333,138,AV,0,0,0,12,2280.385817754286,0.2,-0.0645113371135976,"nan,nan,nan,0.2,0.12,0.10966921916233309","0,0,0"
22.033333333333335,18,AV,2,0,0,51,741.34301771214,0.5,-0.3305,"0.47519116234390013,0.19141244725738396,0.22390522875816987,0.5,0.51,0.03565296242896494","0,0,0"
7.6,260,AV,1,0,0,20,5844.130995646287,0.1,-0.08360000000000001,"0.03674092409240925,0.06694392523364484,0.10399489795918367,0.1,0.2,0.28105826566054204","0,0,0"
22.35,3,AV,2,0,0,51,508.6019702527906,0.2,-0.2682,"0.47519116234390013,0.19141244725738396,0.22390522875816987,0.2,0.51,0.024459887668034006","0,0,0"
8.666666666666666,244,AV,1,0,0,23,4950.077303955518,0.2,-0.10399999999999998,"0.05084462151394422,0.07241666666666666,0.10952638888888887,0.2,0.23,0.23806108093261413","0,0,0"
20.75,295,AV,0,0,0,39,16390.717038727882,0.2,-0.2526606086151223,"0.20833654876741697,0.11909835271317828,0.15233561643835614,0.2,0.39,0.7882688644846343","0,0,0"
36.31666666666667,202,AV,0,0,0,45,3366.895459871004,0.4,-0.5262539044544512,"0.35277276995305157,0.16255417956656348,0.19603021442495122,0.4,0.45,0.16192207178734694","0,0,0"
46.88333333333333,42,AV,0,0,0,48,934.0011274976006,0.1,-0.5799564178121001,"0.4308800995024874,0.1808787878787879,0.21222722722722726,0.1,0.48,0.04491835265414619","0,0,0"
11.816666666666666,164,AV,2,0,0,24,2750.2432356670683,0.5,-0.17725000000000002,"0.053846289752650184,0.07373408845738942,0.11119393939393941,0.5,0.24,0.13226578845290615","0,0,0"
32.88333333333333,163,AV,0,0,0,43,2744.255474143275,0.3,-0.4493471869596912,"0.31672513812154707,0.15193512658227848,0.18539717348927873,0.3,0.43,0.13197782265092123","0,0,0"
21.55,79,AV,1,0,0,56,1291.2118623687816,0.2,-0.2586,"0.5611326628352491,0.2095820021299254,0.24094011142061286,0.2,0.56,0.062097472987522495","0,0,0"
59.18333333333333,278,AV,0,0,0,58,8348.421721831439,0.2,-0.7173869871934113,"0.5879239848914071,0.21657805907173003,0.2470246913580247,0.2,0.58,0.4014956084811817","0,0,0"
17.183333333333334,216,AV,0,0,0,37,3824.993837156676,0.2,-0.22188629978358376,"0.18898323170731712,0.11405981595092021,0.14759517304189435,0.2,0.37,0.18395312063237393","0,0,0"
24.366666666666667,154,AV,2,0,0,56,2520.718778515204,0.1,-0.26803333333333335,"0.5611326628352491,0.2095820021299254,0.24094011142061286,0.1,0.56,0.12122740722876209","0,0,0"
14.933333333333334,93,AV,1,0,0,41,1527.6889462703334,0.3,-0.19413333333333335,"0.26204734299516913,0.13390058479532166,0.16929079079079076,0.3,0.41,0.07347022269476662","0,0,0"
55.63333333333333,156,AV,0,0,0,57,2528.765907819195,0.3,-0.7469603219859698,"0.5791809664694281,0.21506853582554514,0.2476662049861497,0.3,0.57,0.12161441296279007","0,0,0"
16.1,279,AV,1,0,0,43,8436.938288223368,0.1,-0.1771,"0.31672513812154707,0.15193512658227848,0.18539717348927873,0.1,0.43,0.4057525822983113","0,0,0"
14.633333333333333,51,AV,1,0,0,41,979.573716991658,0.5,-0.21949999999999997,"0.26204734299516913,0.13390058479532166,0.16929079079079076,0.5,0.41,0.04711004770246075","0,0,0"
61.016666666666666,192,AV,0,0,0,60,3159.4556453821087,0.1,-0.690173946506744,"0.6210525793650794,0.22365266106442575,0.25101223241590215,0.1,0.6,0.15194579395705407","0,0,0"
25.4,4,AV,1,0,0,73,513.3463032142733,0.9,-0.4826,"0.7760057471264371,0.2528458197611292,0.27984722222222236,0.9,0.73,0.024688054010448962","0,0,0"
78.28333333333333,39,AV,0,0,0,68,921.9548251796884,0.1,-0.9261957772275404,"0.729979044834308,0.244811339198436,0.26928041543026693,0.1,0.68,0.04433901710543634","0,0,0"
23.366666666666667,114,AV,2,0,0,55,1823.811293294481,0.4,-0.32713333333333333,"0.5407476979742173,0.20415892672858627,0.23629303482587066,0.4,0.55,0.08771145605177698","0,0,0"
29.65,102,AV,2,0,0,67,1635.9686818612918,0.3,-0.38545,"0.7162394871794868,0.24250977653631284,0.26647823936696347,0.3,0.67,0.07867765468320913","0,0,0"
79.98333333333333,226,AV,0,0,0,71,4227.85786318916,0.2,-0.9739915839986969,"0.7656228310502283,0.25041037735849053,0.2771864490603363,0.2,0.71,0.20332781715065273","0,0,0"
20.033333333333335,13,AV,2,0,0,41,632.5893922142865,0.9,-0.3806333333333334,"0.26204734299516913,0.13390058479532166,0.16929079079079076,0.9,0.41,0.030422739939172414","0,0,0"
13.15,255,AV,2,0,0,30,5578.433439706214,0.6,-0.21040000000000003,"0.10658666666666669,0.08953225806451613,0.12146657250470812,0.6,0.3,0.2682802334230043","0,0,0"
54.03333333333333,179,AV,0,0,0,55,2965.4163440895786,0.2,-0.6686332465454934,"0.5407476979742173,0.20415892672858627,0.23629303482587066,0.2,0.55,0.14261397892212588","0,0,0"
69.6,43,AV,0,0,0,64,938.3100494872764,0.5,-1.1079447483620004,"0.6667932367149758,0.23370921985815596,0.26411368015414255,0.5,0.64,0.04512557903941836","0,0,0"
71.36666666666666,8,AV,0,0,0,65,614.9217871931492,0.2,-0.9539733845337858,"0.680443502824859,0.23654799578059077,0.2658071428571429,0.2,0.65,0.029573062471416202","0,0,0"
22.783333333333335,65,AV,1,0,0,58,1117.0806745336297,0.3,-0.29618333333333335,"0.5879239848914071,0.21657805907173003,0.2470246913580247,0.3,0.58,0.05372308684066549","0,0,0"
4.883333333333334,293,AV,0,0,0,20,14754.343640924068,0.2,-0.06266659906128107,"0.03674092409240925,0.06694392523364484,0.10399489795918367,0.2,0.2,0.7095717460418045","0,0,0"
24.766666666666666,252,AV,1,0,0,67,5458.612723313221,0.6,-0.39626666666666666,"0.7162394871794868,0.24250977653631284,0.26647823936696347,0.6,0.67,0.2625177680086071","0,0,0"
76.4,137,AV,0,0,0,67,2276.662146114732,0.3,-1.019554371509358,"0.7162394871794868,0.24250977653631284,0.26647823936696347,0.3,0.67,0.1094901388690128","0,0,0"
18.883333333333333,36,AV,1,0,0,49,870.7377108213431,0.3,-0.24548333333333333,"0.44350668576886354,0.18493224530168142,0.21549451097804387,0.3,0.49,0.04187586332869553","0,0,0"
26.55,31,AV,1,0,0,85,825.4433072334436,0.2,-0.3186,"0.8441938569989932,0.26587072945521695,0.28845477642276424,0.2,0.85,0.039697546907310144","0,0,0"
64.26666666666667,181,AV,0,0,0,61,2969.8754393798326,0.2,-0.7914028675022575,"0.6360637254901959,0.22592311365807075,0.25490080563947637,0.2,0.61,0.1428284275013291","0,0,0"
41.65,287,AV,0,0,0,46,11662.42845360034,0.2,-0.5049447260953165,"0.37729369918699185,0.16881685499058385,0.2031055226824458,0.2,0.46,0.5608741345806508","0,0,0"
22.35,290,AV,0,0,0,40,13748.957190518822,0.3,-0.2949139673299278,"0.2342032032032032,0.12621331389698734,0.16220397286821706,0.3,0.4,0.6612203021265304","0,0,0"
19.9,185,AV,1,0,0,52,3031.4508351358254,0.1,-0.2189,"0.4951421152030216,0.19559333333333334,0.22898294346978548,0.1,0.52,0.14578973585520302","0,0,0"
23.033333333333335,152,AV,2,0,0,52,2478.182963693478,0.1,-0.25336666666666674,"0.4951421152030216,0.19559333333333334,0.22898294346978548,0.1,0.52,0.1191817579523926","0,0,0"
11.6,97,AV,1,0,0,34,1588.8002265047048,0.4,-0.1624,"0.1557584745762712,0.10339237199582026,0.14050240153698368,0.4,0.34,0.07640921062090368","0,0,0"
87.3,223,AV,0,0,0,78,4159.866430607663,0.3,-1.1493235400344899,"0.8240077745383868,0.2608703703703703,0.2850467661691542,0.3,0.78,0.20005794620912742","0,0,0"
23.933333333333334,28,AV,0,0,0,40,814.1496548969513,0.5,-0.4326965245137816,"0.2342032032032032,0.12621331389698734,0.16220397286821706,0.5,0.4,0.039154408100012306","0,0,0"
15.533333333333333,37,AV,0,0,0,33,871.0408974081768,0.3,-0.2708164365016608,"0.13220251937984495,0.09660736196319018,0.1304295238095238,0.3,0.33,0.04189044429827518","0,0,0"
29.333333333333332,280,AV,0,0,0,42,8480.737499651503,0.1,-0.3297415230694814,"0.2831816530426885,0.14134156378600823,0.17595288753799387,0.1,0.42,0.407858991345347","0,0,0"
7.866666666666666,64,AV,1,0,0,22,1111.987968807459,0.2,-0.0944,"0.04693821138211383,0.07132793209876542,0.10952879581151835,0.2,0.22,0.05347816641708441","0,0,0"
23.8,214,AV,1,0,0,60,3803.247088152212,0.5,-0.35700000000000004,"0.6210525793650794,0.22365266106442575,0.25101223241590215,0.5,0.6,0.18290726735435825","0,0,0"
26.1,118,AV,1,0,0,84,1900.764377468582,0.1,-0.2871,"0.8410617469879519,0.26530821917808206,0.28853611971104237,0.1,0.84,0.09141231429593938","0,0,0"
28.916666666666668,209,AV,2,0,0,80,3531.3895067900216,0.3,-0.3759166666666667,"0.8354782168186422,0.2630192837465565,0.28679014227642274,0.3,0.8,0.16983298473111647","0,0,0"
73.15,21,AV,0,0,0,65,761.8437659652793,0.4,-1.1028563050069435,"0.680443502824859,0.23654799578059077,0.2658071428571429,0.4,0.65,0.03663889254467645","0,0,0"
24.016666666666666,199,AV,0,0,0,40,3313.1900178081896,0.6,-0.402376101886954,"0.2342032032032032,0.12621331389698734,0.16220397286821706,0.6,0.4,0.1593392483677569","0,0,0"
22.283333333333335,239,AV,0,0,0,39,4669.869929992837,0.2,-0.28024832359347795,"0.20833654876741697,0.11909835271317828,0.15233561643835614,0.2,0.39,0.224585236772051","0,0,0"
22.133333333333333,296,AV,2,0,0,51,17322.90883950548,0.1,-0.2434666666666667,"0.47519116234390013,0.19141244725738396,0.22390522875816987,0.1,0.51,0.833100202280572","0,0,0"
24.116666666666667,2,AV,1,0,0,62,497.26542980048754,0.2,-0.2894,"0.6457130177514793,0.22805752212389374,0.2568556851311954,0.2,0.62,0.023914686268460907","0,0,0"
25.216666666666665,95,AV,1,0,0,72,1567.0706205360798,0.2,-0.3026,"0.7691613333333334,0.250917194092827,0.27676849037487333,0.2,0.72,0.07536418179256658","0,0,0"
17.8,174,AV,1,0,0,44,2857.8751728516777,0.3,-0.23140000000000002,"0.3390246376811594,0.15790425531914892,0.19182273603082856,0.3,0.44,0.13744206626346972","0,0,0"
25.0,41,AV,1,0,0,69,932.1411738504048,0.2,-0.3,"0.7409567164179104,0.24597167138810205,0.2701501004016064,0.2,0.69,0.04482890302567631","0,0,0"
22.8,275,AV,2,0,0,52,8028.27043643778,0.1,-0.2508,"0.4951421152030216,0.19559333333333334,0.22898294346978548,0.1,0.52,0.3860987658900816","0,0,0"
36.65,60,AV,0,0,0,45,1068.5648373754009,0.3,-0.532600078967011,"0.35277276995305157,0.16255417956656348,0.19603021442495122,0.3,0.45,0.05138984395837567","0,0,0"
69.68333333333334,70,AV,0,0,0,64,1150.2916000513435,0.8,-1.3064606869052353,"0.6667932367149758,0.23370921985815596,0.26411368015414255,0.8,0.64,0.05532027984231857","0,0,0"
25.216666666666665,101,AV,1,0,0,69,1626.914224999384,0.5,-0.37825,"0.7409567164179104,0.24597167138810205,0.2701501004016064,0.5,0.69,0.07824220415275356","0,0,0"
28.933333333333334,78,AV,2,0,0,70,1275.9312017726234,0.2,-0.3472,"0.7585526315789474,0.24908383534136544,0.27489296636085625,0.2,0.7,0.06136258939772906","0,0,0"
68.01666666666667,258,AV,0,0,0,62,5721.231751015957,0.9,-1.3028039188199019,"0.6457130177514793,0.22805752212389374,0.2568556851311954,0.9,0.62,0.2751477464451918","0,0,0"
74.85,119,AV,0,0,0,65,1921.5023446668008,0.3,-1.0042755668938068,"0.680443502824859,0.23654799578059077,0.2658071428571429,0.3,0.65,0.09240965283924012","0,0,0"
11.166666666666666,196,AV,1,0,0,33,3269.866339895674,0.3,-0.14516666666666667,"0.13220251937984495,0.09660736196319018,0.1304295238095238,0.3,0.33,0.15725570886715387","0,0,0"
73.11666666666666,66,AV,0,0,0,65,1129.1321270070612,0.4,-1.0767714901219805,"0.680443502824859,0.23654799578059077,0.2658071428571429,0.4,0.65,0.05430267007269716","0,0,0"
79.96666666666667,262,AV,0,0,0,69,5960.007005011629,0.4,-1.12960043559505,"0.7409567164179104,0.24597167138810205,0.2701501004016064,0.4,0.69,0.2866310206600706","0,0,0"
7.683333333333334,153,AV,1,0,0,20,2496.2043409386315,0.4,-0.10756666666666667,"0.03674092409240925,0.06694392523364484,0.10399489795918367,0.4,0.2,0.1200484491742544","0,0,0"
10.15,165,AV,0,0,0,25,2754.938443140308,0.1,-0.13342907101677634,"0.057797034764826186,0.07525910746812386,0.11182825203252031,0.1,0.25,0.13249159223285706","0,0,0"
71.53333333333333,281,AV,0,0,0,64,8987.822610831106,0.2,-0.865075699176316,"0.6667932367149758,0.23370921985815596,0.26411368015414255,0.2,0.64,0.4322459296252377","0,0,0"
25.466666666666665,158,AV,1,0,0,74,2563.744074524839,0.7,-0.4329333333333333,"0.786412655971479,0.2543025477707007,0.28126706827309245,0.7,0.74,0.1232965968285517","0,0,0"
66.11666666666666,17,AV,0,0,0,61,682.056612603955,0.2,-0.8813692372909222,"0.6360637254901959,0.22592311365807075,0.25490080563947637,0.2,0.61,0.03280173712115302","0,0,0"
28.333333333333332,57,AV,2,0,0,76,1038.299283744561,0.9,-0.5383333333333333,"0.7933661202185793,0.25566244725738396,0.2828062130177516,0.9,0.76,0.04993430094965855","0,0,0"
27.6,294,AV,2,0,0,69,15725.918848752755,0.4,-0.3864,"0.7409567164179104,0.24597167138810205,0.2701501004016064,0.4,0.69,0.7562971262693423","0,0,0"
12.916666666666666,130,AV,1,0,0,39,2139.4702648744856,0.1,-0.14208333333333334,"0.20833654876741697,0.11909835271317828,0.15233561643835614,0.1,0.39,0.10289225250527183","0,0,0"
25.866666666666667,230,AV,0,0,0,40,4549.115907877681,0.2,-0.3235893759611836,"0.2342032032032032,0.12621331389698734,0.16220397286821706,0.2,0.4,0.21877788644870882","0,0,0"
14.883333333333333,151,AV,2,0,0,32,2476.7926805910606,0.2,-0.17859999999999998,"0.1175339321357285,0.09217113095238094,0.12462904761904758,0.2,0.32,0.1191148959060364","0,0,0"
78.43333333333334,276,AV,0,0,0,69,8029.700924090037,0.2,-0.948672258377643,"0.7409567164179104,0.24597167138810205,0.2701501004016064,0.2,0.69,0.386167561469594","0,0,0"
13.6,32,AV,2,0,0,33,832.3173438658397,0.5,-0.20400000000000001,"0.13220251937984495,0.09660736196319018,0.1304295238095238,0.5,0.33,0.0400281358033201","0,0,0"
17.933333333333334,178,AV,1,0,0,47,2953.761118311176,0.1,-0.1972666666666667,"0.40072064393939383,0.17514117091595846,0.20742222222222217,0.1,0.47,0.14205345118145746","0,0,0"
15.916666666666666,271,AV,1,0,0,42,7177.938863287724,0.3,-0.20691666666666667,"0.2831816530426885,0.14134156378600823,0.17595288753799387,0.3,0.42,0.345204282627472","0,0,0"
17.6,96,AV,2,0,0,39,1572.8756307612184,0.5,-0.264,"0.20833654876741697,0.11909835271317828,0.15233561643835614,0.5,0.39,0.07564335864661634","0,0,0"
22.816666666666666,277,AV,1,0,0,58,8331.964781214912,0.1,-0.25098333333333334,"0.5879239848914071,0.21657805907173003,0.2470246913580247,0.1,0.58,0.4007041547661289","0,0,0"
22.05,141,AV,2,0,0,47,2318.1098695731453,0.2,-0.2646,"0.40072064393939383,0.17514117091595846,0.20742222222222217,0.2,0.47,0.1114834592239942","0,0,0"
62.516666666666666,63,AV,0,0,0,60,1097.8259349569896,0.3,-0.8673701395802489,"0.6210525793650794,0.22365266106442575,0.25101223241590215,0.3,0.6,0.05279708026839882","0,0,0"
23.233333333333334,58,AV,2,0,0,47,1040.734547163155,0.2,-0.2788,"0.40072064393939383,0.17514117091595846,0.20742222222222217,0.2,0.47,0.05005141860382586","0,0,0"
27.766666666666666,123,AV,2,0,0,67,1996.532829496936,0.1,-0.3054333333333334,"0.7162394871794868,0.24250977653631284,0.26647823936696347,0.1,0.67,0.0960180486732379","0,0,0"
6.85,288,AV,1,0,0,19,11940.25564443948,0.9,-0.13015,"0.03396244131455399,0.06596190476190475,0.1013095238095238,0.9,0.19,0.5742355100304415","0,0,0"
62.8,268,AV,0,0,0,60,6778.2755320215965,0.2,-0.7624518089470619,"0.6210525793650794,0.22365266106442575,0.25101223241590215,0.2,0.6,0.3259835151913118","0,0,0"
92.06666666666666,248,AV,0,0,0,86,5003.647877951615,0.6,-1.4850579181422927,"0.8468539215686276,0.2681638655462185,0.2902739938080495,0.6,0.86,0.24063741822365012","0,0,0"
13.35,88,AV,1,0,0,40,1475.2077210572677,0.2,-0.1602,"0.2342032032032032,0.12621331389698734,0.16220397286821706,0.2,0.4,0.07094627479744654","0,0,0"
43.583333333333336,35,AV,0,0,0,46,863.3540159882258,0.4,-0.6796630712572237,"0.37729369918699185,0.16881685499058385,0.2031055226824458,0.4,0.46,0.04152076374836295","0,0,0"
24.133333333333333,89,AV,2,0,0,52,1485.5718097438446,0.3,-0.3137333333333333,"0.4951421152030216,0.19559333333333334,0.22898294346978548,0.3,0.52,0.07144470866102204","0,0,0"
45.21666666666667,27,AV,0,0,0,47,807.7368269013535,0.9,-0.9333982866222312,"0.40072064393939383,0.17514117091595846,0.20742222222222217,0.9,0.47,0.0388459998326814","0,0,0"
19.016666666666666,22,AV,2,0,0,42,767.6170681366935,0.1,-0.20918333333333333,"0.2831816530426885,0.14134156378600823,0.17595288753799387,0.1,0.42,0.036916544482430876","0,0,0"
13.316666666666666,134,AV,1,0,0,39,2218.0502812558643,0.1,-0.14648333333333333,"0.20833654876741697,0.11909835271317828,0.15233561643835614,0.1,0.39,0.10667135381839783","0,0,0"
19.183333333333334,243,AV,2,0,0,43,4924.983441788647,0.1,-0.21101666666666669,"0.31672513812154707,0.15193512658227848,0.18539717348927873,0.1,0.43,0.2368542569609065","0,0,0"
15.35,83,AV,2,0,0,34,1365.417472605012,0.1,-0.16885,"0.1557584745762712,0.10339237199582026,0.14050240153698368,0.1,0.34,0.06566619862539994","0,0,0"
18.95,148,AV,1,0,0,49,2421.832203454489,0.2,-0.2274,"0.44350668576886354,0.18493224530168142,0.21549451097804387,0.2,0.49,0.11647171484192467","0,0,0"
21.75,30,AV,1,0,0,56,822.5771428470101,0.2,-0.261,"0.5611326628352491,0.2095820021299254,0.24094011142061286,0.2,0.56,0.039559706192899544","0,0,0"
26.383333333333333,249,AV,0,0,0,40,5004.1281918097375,0.1,-0.3022067671797195,"0.2342032032032032,0.12621331389698734,0.16220397286821706,0.1,0.4,0.24066051766821034","0,0,0"
7.433333333333334,47,AV,1,0,0,19,954.0002559944874,0.1,-0.08176666666666667,"0.03396244131455399,0.06596190476190475,0.1013095238095238,0.1,0.19,0.045880158673594545","0,0,0"
85.31666666666666,146,AV,0,0,0,76,2392.7441380289174,0.7,-1.475459144426711,"0.7933661202185793,0.25566244725738396,0.2828062130177516,0.7,0.76,0.1150728000629743","0,0,0"
64.33333333333333,98,AV,0,0,0,61,1594.6992934726818,0.2,-0.8096246482616427,"0.6360637254901959,0.22592311365807075,0.25490080563947637,0.2,0.61,0.07669291088913349","0,0,0"
15.3,128,AV,2,0,0,34,2117.047321722312,0.7,-0.2601,"0.1557584745762712,0.10339237199582026,0.14050240153698368,0.7,0.34,0.10181387943012177","0,0,0"
38.083333333333336,298,AV,0,0,0,45,19040.472291926453,0.9,-0.7267345156716749,"0.35277276995305157,0.16255417956656348,0.19603021442495122,0.9,0.45,0.91570194503052","0,0,0"
11.15,26,AV,2,0,0,25,806.3598325453933,0.4,-0.1561,"0.057797034764826186,0.07525910746812386,0.11182825203252031,0.4,0.25,0.03877977687399022","0,0,0"
22.983333333333334,147,AV,1,0,0,58,2421.0391237858234,0.2,-0.2758,"0.5879239848914071,0.21657805907173003,0.2470246913580247,0.2,0.58,0.11643357373995898","0,0,0"
82.06666666666666,195,AV,0,0,0,72,3230.862018062417,0.7,-1.4137042285509454,"0.7691613333333334,0.250917194092827,0.27676849037487333,0.7,0.72,0.15537989755219744","0,0,0"
20.0,283,AV,2,0,0,46,9884.322174397852,0.3,-0.26,"0.37729369918699185,0.16881685499058385,0.2031055226824458,0.3,0.46,0.47536074219347274","0,0,0"
8.466666666666667,228,AV,0,0,0,24,4459.768546990965,0.8,-0.16585361297740045,"0.053846289752650184,0.07373408845738942,0.11119393939393941,0.8,0.24,0.21448095773323778","0,0,0"
11.383333333333333,40,AV,2,0,0,26,932.0432837729122,0.5,-0.17074999999999999,"0.06599166666666664,0.07847415329768272,0.11447852760736196,0.5,0.26,0.04482419525724574","0,0,0"
27.65,19,AV,2,0,0,77,743.7818724069466,0.1,-0.30415,"0.8082298689138575,0.25856269113149843,0.2841142433234422,0.1,0.77,0.035770252796212196","0,0,0"
25.616666666666667,126,AV,1,0,0,76,2046.5713793034688,0.5,-0.38425,"0.7933661202185793,0.25566244725738396,0.2828062130177516,0.5,0.76,0.09842452245612708","0,0,0"
22.433333333333334,106,AV,2,0,0,48,1682.490559712908,0.3,-0.29163333333333336,"0.4308800995024874,0.1808787878787879,0.21222722722722726,0.3,0.48,0.08091500328370894","0,0,0"
16.25,48,AV,1,0,0,43,961.7772661313056,0.7,-0.27625,"0.31672513812154707,0.15193512658227848,0.18539717348927873,0.7,0.43,0.04625417372950396","0,0,0"
24.3,182,AV,1,0,0,65,2971.291490045772,0.4,-0.34019999999999995,"0.680443502824859,0.23654799578059077,0.2658071428571429,0.4,0.65,0.14289652877156978","0,0,0"
8.783333333333333,67,AV,1,0,0,26,1135.438045570021,0.1,-0.09661666666666667,"0.06599166666666664,0.07847415329768272,0.11447852760736196,0.1,0.26,0.0546059368091927","0,0,0"
5.033333333333333,170,AV,0,0,0,20,2797.307504072895,0.1,-0.07681586376517646,"0.03674092409240925,0.06694392523364484,0.10399489795918367,0.1,0.2,0.13452922191505445","0,0,0"
28.166666666666668,74,AV,2,0,0,75,1249.5878531833848,0.5,-0.4225,"0.7887124887690924,0.25499206349206355,0.28203293413173663,0.5,0.75,0.06009567462944302","0,0,0"
31.233333333333334,291,AV,0,0,0,42,14297.77376075636,0.5,-0.47269645750478195,"0.2831816530426885,0.14134156378600823,0.17595288753799387,0.5,0.42,0.6876142062863859","0,0,0"
23.283333333333335,180,AV,2,0,0,52,2966.188350320237,0.3,-0.30268333333333336,"0.4951421152030216,0.19559333333333334,0.22898294346978548,0.3,0.52,0.14265110655195307","0,0,0"
26.133333333333333,111,AV,2,0,0,65,1794.439334206041,0.9,-0.49653333333333327,"0.680443502824859,0.23654799578059077,0.2658071428571429,0.9,0.65,0.08629888814619799","0,0,0"
92.08333333333333,125,AV,0,0,0,89,2044.1603053436156,0.1,-1.0422685721131988,"0.8509369627507165,0.2690148042024834,0.2905631469979297,0.1,0.89,0.09830856813100321","0,0,0"
15.033333333333333,251,AV,2,0,0,33,5434.023139443809,0.9,-0.2856333333333333,"0.13220251937984495,0.09660736196319018,0.1304295238095238,0.9,0.33,0.26133519598878074","0,0,0"
22.466666666666665,84,AV,1,0,0,56,1389.0632502942228,0.2,-0.26959999999999995,"0.5611326628352491,0.2095820021299254,0.24094011142061286,0.2,0.56,0.0668033807440888","0,0,0"
23.266666666666666,184,AV,2,0,0,50,3017.17067826153,0.5,-0.349,"0.45304573170731716,0.1878961499493414,0.2196524334251607,0.5,0.5,0.14510296888720728","0,0,0"
21.95,108,AV,1,0,0,56,1716.9764066453156,0.6,-0.3512,"0.5611326628352491,0.2095820021299254,0.24094011142061286,0.6,0.56,0.08257351031167907","0,0,0"
18.05,263,AV,1,0,0,48,5984.209260784091,0.5,-0.27075,"0.4308800995024874,0.1808787878787879,0.21222722722722726,0.5,0.48,0.28779496514344177","0,0,0"
13.166666666666666,76,AV,2,0,0,26,1261.43865123121,0.1,-0.14483333333333334,"0.06599166666666664,0.07847415329768272,0.11447852760736196,0.1,0.26,0.060665607909257666","0,0,0"
24.45,77,AV,1,0,0,63,1275.6237969650936,0.2,-0.2934,"0.6505417881438291,0.22948520710059167,0.2600368731563422,0.2,0.63,0.06134780556380672","0,0,0"
23.283333333333335,16,AV,2,0,0,44,676.2529471816457,0.1,-0.2561166666666667,"0.3390246376811594,0.15790425531914892,0.19182273603082856,0.1,0.44,0.03252262494189429","0,0,0"
74.78333333333333,201,AV,0,0,0,64,3362.377553451843,0.1,-0.8404611826516143,"0.6667932367149758,0.23370921985815596,0.26411368015414255,0.1,0.64,0.16170479484000747","0,0,0"
18.666666666666668,237,AV,2,0,0,42,4660.29795945294,0.2,-0.224,"0.2831816530426885,0.14134156378600823,0.17595288753799387,0.2,0.42,0.2241248977685445","0,0,0"
16.866666666666667,94,AV,1,0,0,43,1541.4014724042315,0.1,-0.18553333333333333,"0.31672513812154707,0.15193512658227848,0.18539717348927873,0.1,0.43,0.07412969094006937","0,0,0"
81.93333333333334,193,AV,0,0,0,72,3169.820795106812,0.6,-1.3298618481858515,"0.7691613333333334,0.250917194092827,0.27676849037487333,0.6,0.72,0.15244427884849596","0,0,0"
26.75,235,AV,2,0,0,73,4635.813442599864,0.3,-0.34775000000000006,"0.7760057471264371,0.2528458197611292,0.27984722222222236,0.3,0.73,0.222947378673338","0,0,0"
48.833333333333336,45,AV,0,0,0,51,946.2003450753726,0.9,-0.9912448511078491,"0.47519116234390013,0.19141244725738396,0.22390522875816987,0.9,0.51,0.04550504226418034","0,0,0"
16.866666666666667,217,AV,2,0,0,40,3866.930621896856,0.2,-0.2024,"0.2342032032032032,0.12621331389698734,0.16220397286821706,0.2,0.4,0.18596996111648273","0,0,0"
34.36666666666667,267,AV,0,0,0,44,6434.117121135291,0.9,-0.6622919554157489,"0.3390246376811594,0.15790425531914892,0.19182273603082856,0.9,0.44,0.3094321123996473","0,0,0"
25.016666666666666,215,AV,2,0,0,55,3822.7735841463273,0.6,-0.40026666666666666,"0.5407476979742173,0.20415892672858627,0.23629303482587066,0.6,0.55,0.18384634334403438","0,0,0"
10.1,194,AV,0,0,0,24,3225.188153267811,0.2,-0.13980356579172196,"0.053846289752650184,0.07373408845738942,0.11119393939393941,0.2,0.24,0.15510702779620594","0,0,0"
24.883333333333333,162,AV,2,0,0,54,2722.266725979925,0.1,-0.27371666666666666,"0.5185662100456622,0.20135454545454545,0.23306358974358968,0.1,0.54,0.13092033105337805","0,0,0"
31.2,122,AV,0,0,0,42,1963.0347272178835,0.4,-0.46736492030838145,"0.2831816530426885,0.14134156378600823,0.17595288753799387,0.4,0.42,0.09440704465288248","0,0,0"
17.65,109,AV,2,0,0,39,1778.835052690156,0.5,-0.26475,"0.20833654876741697,0.11909835271317828,0.15233561643835614,0.5,0.39,0.08554844085078303","0,0,0"
16.5,205,AV,2,0,0,37,3386.12741774329,0.6,-0.264,"0.18898323170731712,0.11405981595092021,0.14759517304189435,0.6,0.37,0.16284698273285247","0,0,0"
15.1,149,AV,1,0,0,41,2446.4664131825853,0.2,-0.1812,"0.26204734299516913,0.13390058479532166,0.16929079079079076,0.2,0.41,0.11765643302624577","0,0,0"
9.25,55,AV,1,0,0,29,1020.7360413649084,0.2,-0.111,"0.09305381400208987,0.08579894937917859,0.11896022727272726,0.2,0.29,0.04908964253144747","0,0,0"
5.95,257,AV,1,0,0,12,5654.280440205098,0.1,-0.06545000000000001,"nan,nan,nan,0.1,0.12,0.2719278974523786","0,0,0"
11.05,286,AV,1,0,0,32,11515.391842589095,0.5,-0.16575,"0.1175339321357285,0.09217113095238094,0.12462904761904758,0.5,0.32,0.5538027915682833","0,0,0"
9.366666666666667,161,AV,1,0,0,29,2648.588416164911,0.6,-0.14986666666666668,"0.09305381400208987,0.08579894937917859,0.11896022727272726,0.6,0.29,0.1273769645564883","0,0,0"
76.71666666666667,270,AV,0,0,0,67,7128.986247371214,0.9,-1.466033010578415,"0.7162394871794868,0.24250977653631284,0.26647823936696347,0.9,0.67,0.34285003400790975","0,0,0"
38.25,155,AV,0,0,0,45,2520.757475212996,0.3,-0.5210523691648203,"0.35277276995305157,0.16255417956656348,0.19603021442495122,0.3,0.45,0.12122926824569963","0,0,0"
