travel_time,id,kind,action,bid_route_0,bid_route_1,bid_route_2,karma_balance,origin,destination,start_time,income,urgency,reward
35.0,134,AV,1,0,5,1,8,0,0,76,4818.617258984985,0.4,-14.0
37.43333333333333,92,AV,2,1,2,6,9,0,0,55,4090.160813256426,0.3,-11.229999999999999
15.25,213,AV,1,1,5,1,5,0,0,32,2909.5116230827134,0.1,-1.5250000000000001
35.28333333333333,4,AV,2,2,1,0,5,0,0,50,2574.4307659940623,0.6,-21.169999999999998
39.15,209,AV,2,1,1,0,28,0,0,52,1205.4292211271013,0.1,-3.915
24.35,13,AV,1,1,4,2,6,0,0,45,3257.969850357721,0.6,-14.61
30.283333333333335,267,AV,2,2,3,7,2,0,0,43,8028.27043643778,0.2,-6.0566666666666675
15.016666666666667,143,AV,1,3,6,6,1,0,0,35,4061.843573313689,0.1,-1.501666666666667
27.266666666666666,216,AV,1,2,4,5,3,0,0,53,801.7987355487146,0.5,-13.633333333333333
26.983333333333334,71,AV,2,3,2,2,9,0,0,40,419.7646265090227,0.3,-8.095
18.05,70,AV,1,3,6,1,2,0,0,37,13079.31179296209,0.1,-1.8050000000000002
20.7,154,AV,1,1,7,7,1,0,0,44,17322.90883950548,0.2,-4.14
45.333333333333336,286,AV,2,3,0,8,0,0,0,79,6020.57275324985,0.5,-22.666666666666668
82.23333333333333,261,AV,0,5,5,2,7,0,0,57,5984.209260784091,0.2,-16.44666666666667
24.116666666666667,144,AV,2,0,1,2,5,0,0,34,3269.866339895674,0.3,-7.234999999999999
113.11666666666666,239,AV,0,5,2,2,3,0,0,100,4645.51881630073,0.4,-45.24666666666667
25.933333333333334,94,AV,0,4,8,1,7,0,0,34,2968.817229463249,0.7,-18.153333333333332
43.71666666666667,18,AV,0,9,8,2,2,0,0,42,3539.477986656502,0.3,-13.115
40.916666666666664,40,AV,2,1,3,3,7,0,0,58,776.0711537761008,0.2,-8.183333333333334
83.95,296,AV,0,9,5,6,1,0,0,58,626.2908344343901,0.3,-25.185
43.15,93,AV,2,1,1,1,12,0,0,55,13460.811009378149,0.1,-4.315
27.566666666666666,244,AV,0,8,8,3,0,0,0,38,601.3137559373858,0.3,-8.27
34.56666666666667,2,AV,0,9,6,3,7,0,0,41,2352.9451803313505,0.4,-13.826666666666668
37.28333333333333,225,AV,2,2,2,4,3,0,0,55,2815.231094880572,0.1,-3.7283333333333335
23.266666666666666,107,AV,1,0,4,6,11,0,0,47,5825.994272151124,0.1,-2.3266666666666667
28.066666666666666,89,AV,2,3,3,2,8,0,0,42,1467.6871321740252,0.5,-14.033333333333333
16.133333333333333,74,AV,1,0,4,1,2,0,0,37,2078.9202215407213,0.3,-4.84
5.1,86,AV,0,5,2,0,0,0,0,11,8331.964781214912,0.1,-0.51
39.65,204,AV,2,0,1,3,6,0,0,63,742.6585956180782,0.3,-11.895
25.85,191,AV,2,2,2,2,5,0,0,34,7572.106998522375,0.1,-2.5850000000000004
37.53333333333333,59,AV,2,2,3,3,7,0,0,55,2215.952556227922,0.3,-11.26
92.55,167,AV,0,6,8,4,9,0,0,62,658.4091024775607,0.4,-37.02
8.583333333333334,128,AV,0,8,1,6,3,0,0,18,3119.7161673652217,0.9,-7.7250000000000005
48.71666666666667,121,AV,0,5,4,6,13,0,0,44,5144.150368411208,1.0,-48.71666666666667
96.05,158,AV,0,6,2,5,6,0,0,66,3225.188153267811,0.1,-9.605
43.11666666666667,256,AV,2,2,1,0,10,0,0,61,2991.769966736588,0.6,-25.87
33.88333333333333,108,AV,2,1,2,7,0,0,0,45,1799.695682844959,0.1,-3.3883333333333336
48.68333333333333,165,AV,0,6,3,2,2,0,0,44,3971.0791127863904,0.1,-4.868333333333333
5.0,179,AV,0,5,3,8,3,0,0,12,4547.885280126284,0.7,-3.5
40.15,230,AV,2,2,3,1,10,0,0,57,4950.077303955518,0.3,-12.045
44.55,153,AV,2,3,2,4,2,0,0,54,13351.937436366714,0.4,-17.82
38.166666666666664,193,AV,2,1,1,0,5,0,0,54,6248.181898567973,0.7,-26.716666666666665
45.9,9,AV,2,0,1,3,23,0,0,82,813.126641713825,0.1,-4.59
36.65,102,AV,2,1,0,9,1,0,0,52,1141.5133047894662,0.2,-7.33
22.316666666666666,41,AV,1,2,7,7,4,0,0,46,4662.282088415262,0.1,-2.231666666666667
62.833333333333336,116,AV,0,6,2,2,0,0,0,51,1836.3970218708375,0.1,-6.283333333333334
50.46666666666667,258,AV,0,6,4,6,3,0,0,46,12197.400506638176,0.2,-10.093333333333334
38.916666666666664,269,AV,2,0,2,5,1,0,0,57,3793.837230001502,0.4,-15.566666666666666
89.01666666666667,82,AV,0,4,4,3,1,0,0,60,1301.8927857652438,0.2,-17.803333333333335
31.333333333333332,81,AV,2,3,2,6,2,0,0,40,2035.9911412414244,0.1,-3.1333333333333333
13.733333333333333,237,AV,0,5,0,1,3,0,0,26,650.412147456106,0.1,-1.3733333333333333
33.333333333333336,263,AV,2,0,2,1,12,0,0,46,437.8567856598078,0.2,-6.666666666666668
24.066666666666666,284,AV,1,1,8,2,9,0,0,48,3531.3895067900216,1.0,-24.066666666666666
30.216666666666665,295,AV,2,3,1,1,13,0,0,36,806.3598325453933,0.4,-12.086666666666666
99.48333333333333,136,AV,0,9,4,2,3,0,0,69,1614.9493849180149,0.4,-39.79333333333334
26.166666666666668,220,AV,1,0,5,0,4,0,0,50,1074.3823512953045,0.2,-5.233333333333334
47.166666666666664,257,AV,2,3,1,4,1,0,0,60,2043.1688306873104,0.1,-4.716666666666667
23.616666666666667,106,AV,2,0,2,6,2,0,0,34,1587.6148581174584,0.1,-2.361666666666667
38.25,149,AV,0,8,0,5,0,0,0,41,513.7357984527049,0.6,-22.95
17.883333333333333,118,AV,1,0,4,3,1,0,0,39,7334.728577480919,0.1,-1.7883333333333333
21.05,129,AV,2,2,2,0,15,0,0,28,2011.9739719035176,0.3,-6.315
60.983333333333334,90,AV,0,6,8,3,17,0,0,50,2476.7673195544394,0.3,-18.294999999999998
32.666666666666664,122,AV,2,1,2,4,2,0,0,51,5568.958209200236,0.3,-9.799999999999999
29.483333333333334,140,AV,0,9,3,9,7,0,0,38,566.7055292848979,0.5,-14.741666666666667
18.5,96,AV,1,1,4,3,1,0,0,39,1291.2118623687816,0.2,-3.7
40.166666666666664,46,AV,0,7,2,2,10,0,0,41,5158.4050556257225,0.3,-12.049999999999999
84.1,61,AV,0,6,2,1,5,0,0,57,2010.868248891871,0.1,-8.41
35.516666666666666,285,AV,2,1,3,3,10,0,0,49,777.0630287344238,0.3,-10.655
36.46666666666667,160,AV,0,8,2,7,8,0,0,41,4660.29795945294,0.1,-3.646666666666667
23.316666666666666,114,AV,2,0,1,5,1,0,0,34,892.1845339920479,0.1,-2.3316666666666666
11.833333333333334,67,AV,0,5,1,7,8,0,0,23,2436.431929205765,0.3,-3.5500000000000003
18.8,66,AV,0,6,0,5,5,0,0,32,1581.438059619256,0.3,-5.64
37.483333333333334,229,AV,2,0,2,6,3,0,0,53,793.0252767736928,0.1,-3.7483333333333335
13.566666666666666,62,AV,1,3,6,1,4,0,0,23,3456.1529418207683,0.1,-1.3566666666666667
101.43333333333334,127,AV,0,7,8,4,8,0,0,70,3724.6301341612702,0.1,-10.143333333333334
18.95,205,AV,2,0,3,4,6,0,0,10,975.0940381265832,0.2,-3.79
67.95,73,AV,0,8,5,8,6,0,0,52,8975.220492497892,0.1,-6.795000000000001
32.766666666666666,19,AV,0,7,3,0,0,0,0,40,10450.70686878338,0.6,-19.66
43.75,192,AV,0,8,0,0,0,0,0,42,2813.5576138103806,0.3,-13.125
16.733333333333334,277,AV,1,1,9,0,9,0,0,37,2645.062412614309,0.3,-5.0200000000000005
103.01666666666667,56,AV,0,9,9,3,3,0,0,70,8436.938288223368,0.5,-51.50833333333333
20.1,188,AV,1,2,5,0,0,0,0,42,1239.4416864014672,0.3,-6.03
26.5,111,AV,1,2,8,8,0,0,0,52,539.5213747330826,0.9,-23.85
27.866666666666667,20,AV,1,2,5,8,8,0,0,49,1100.389953660579,0.1,-2.786666666666667
33.333333333333336,54,AV,2,1,3,2,6,0,0,36,1317.647826688136,0.2,-6.666666666666668
16.083333333333332,178,AV,1,1,9,5,2,0,0,28,2780.081336731352,0.5,-8.041666666666666
22.283333333333335,156,AV,2,3,0,4,1,0,0,23,3048.604611013583,0.3,-6.6850000000000005
45.233333333333334,120,AV,0,9,6,4,2,0,0,42,1517.942512651984,0.6,-27.14
111.5,8,AV,0,9,2,3,2,0,0,87,4429.527615460413,0.4,-44.6
33.6,251,AV,1,3,5,0,0,0,0,62,1111.987968807459,0.2,-6.720000000000001
15.533333333333333,176,AV,1,2,5,0,4,0,0,32,1592.2311391495805,0.1,-1.5533333333333335
33.483333333333334,243,AV,1,2,4,8,16,0,0,63,1718.6657268339234,0.2,-6.696666666666667
36.71666666666667,202,AV,2,3,3,2,6,0,0,54,4434.023444374438,0.2,-7.343333333333334
24.666666666666668,214,AV,0,6,6,7,5,0,0,33,1474.807688008607,1.0,-24.666666666666668
16.633333333333333,168,AV,1,2,6,9,8,0,0,34,7658.5640246764915,0.1,-1.6633333333333333
17.666666666666668,27,AV,0,5,2,4,0,0,0,26,2949.689674384749,0.2,-3.5333333333333337
91.08333333333333,103,AV,0,7,2,7,0,0,0,61,2318.1098695731453,0.2,-18.216666666666665
36.88333333333333,49,AV,1,0,5,7,8,0,0,85,1446.9812594843625,0.5,-18.441666666666666
23.5,283,AV,2,3,1,3,7,0,0,36,767.6170681366935,0.6,-14.1
19.316666666666666,141,AV,1,1,9,8,1,0,0,41,1530.6528609905624,0.5,-9.658333333333333
47.5,50,AV,2,0,1,2,5,0,0,76,2142.030696222753,0.1,-4.75
23.183333333333334,124,AV,1,1,7,3,0,0,0,45,2553.8725848963804,0.3,-6.955
34.45,79,AV,1,1,9,3,2,0,0,72,1836.592480640456,0.3,-10.335
26.8,98,AV,2,0,0,0,18,0,0,39,4756.448820673547,0.1,-2.68
71.68333333333334,33,AV,0,4,9,7,15,0,0,54,2260.56382504795,0.3,-21.505
31.966666666666665,207,AV,1,3,5,9,15,0,0,63,2164.09247058771,0.3,-9.59
20.45,299,AV,1,1,4,5,6,0,0,42,2987.078671303881,0.2,-4.09
45.36666666666667,189,AV,0,9,7,6,6,0,0,42,1950.0200213032829,0.1,-4.536666666666667
15.433333333333334,288,AV,0,6,3,4,2,0,0,26,1567.0706205360798,0.1,-1.5433333333333334
97.63333333333334,72,AV,0,4,2,4,2,0,0,67,978.4447105201264,0.2,-19.52666666666667
74.95,95,AV,0,4,6,9,9,0,0,55,2417.357356239525,0.1,-7.495000000000001
20.5,146,AV,1,1,5,4,3,0,0,43,3822.7735841463273,0.5,-10.25
15.833333333333334,197,AV,1,3,4,5,2,0,0,29,1068.5648373754009,0.8,-12.666666666666668
18.05,150,AV,1,2,5,3,0,0,0,40,1573.7150367511856,1.0,-18.05
34.06666666666667,53,AV,1,2,8,6,0,0,0,64,522.440884226393,0.5,-17.033333333333335
37.61666666666667,76,AV,2,0,1,8,5,0,0,58,2147.781038516846,0.3,-11.285
34.516666666666666,206,AV,0,4,6,5,5,0,0,40,822.5771428470101,0.4,-13.806666666666667
36.78333333333333,266,AV,1,2,5,0,5,0,0,84,3476.696831582168,0.4,-14.713333333333333
108.41666666666667,148,AV,0,6,3,9,6,0,0,77,1447.5744631551047,0.7,-75.89166666666667
45.833333333333336,274,AV,2,2,1,7,0,0,0,82,827.8499544782503,0.1,-4.583333333333334
36.9,145,AV,1,3,9,7,2,0,0,92,1509.578116022191,0.1,-3.69
37.916666666666664,282,AV,2,0,0,7,5,0,0,52,670.158540600369,0.3,-11.374999999999998
33.43333333333333,195,AV,2,3,2,2,5,0,0,45,1150.2916000513435,0.4,-13.373333333333333
47.25,218,AV,2,3,1,5,10,0,0,60,2034.664800296876,0.1,-4.7250000000000005
59.15,171,AV,0,9,5,4,3,0,0,49,4034.238052294327,0.3,-17.744999999999997
106.6,45,AV,0,5,0,3,0,0,0,76,7897.119961473183,0.4,-42.64
22.516666666666666,254,AV,0,7,0,4,2,0,0,32,2648.588416164911,0.1,-2.2516666666666665
32.766666666666666,271,AV,0,7,9,4,8,0,0,39,5578.433439706214,0.2,-6.553333333333334
5.2,289,AV,0,6,4,1,1,0,0,11,1490.1599361877834,0.1,-0.52
54.06666666666667,42,AV,0,6,1,4,6,0,0,47,1460.106853854364,0.4,-21.62666666666667
8.5,232,AV,0,4,0,3,1,0,0,16,2969.8754393798326,0.3,-2.55
54.083333333333336,172,AV,0,5,1,0,0,0,0,47,3278.222126324269,0.2,-10.816666666666668
33.916666666666664,276,AV,1,0,6,2,5,0,0,63,1457.5875839824732,0.1,-3.3916666666666666
44.333333333333336,298,AV,2,1,3,2,6,0,0,73,639.9143284368583,0.6,-26.6
48.45,132,AV,2,1,0,1,7,0,0,89,923.9636394510808,0.5,-24.225
33.8,22,AV,2,3,1,4,3,0,0,43,3564.273841812899,0.5,-16.9
62.8,280,AV,0,7,2,7,6,0,0,50,1588.8002265047048,0.1,-6.28
19.9,117,AV,1,2,7,4,0,0,0,41,850.3216016091212,0.8,-15.92
26.533333333333335,84,AV,1,1,5,7,6,0,0,51,2198.5025098873134,0.1,-2.6533333333333338
6.916666666666667,131,AV,0,8,0,7,3,0,0,11,6918.069898529506,0.2,-1.3833333333333335
80.41666666666667,91,AV,0,7,5,6,3,0,0,56,1342.087988935639,0.4,-32.16666666666667
77.1,55,AV,0,7,0,6,2,0,0,55,2344.9936519099742,0.4,-30.84
23.166666666666668,228,AV,1,2,7,1,9,0,0,45,2756.9260540590044,0.4,-9.266666666666667
57.61666666666667,194,AV,0,4,7,6,7,0,0,48,827.3783452591958,0.1,-5.761666666666667
88.98333333333333,43,AV,0,8,9,4,2,0,0,61,1167.011530479414,0.3,-26.695
40.71666666666667,29,AV,2,0,3,4,7,0,0,56,6446.254396158338,0.2,-8.143333333333334
23.65,294,AV,1,2,9,3,1,0,0,46,4223.122456076251,0.8,-18.919999999999998
47.233333333333334,105,AV,0,5,6,1,1,0,0,43,610.4868582393152,0.1,-4.723333333333334
22.633333333333333,100,AV,1,2,7,4,5,0,0,46,457.16351791608827,0.5,-11.316666666666666
31.133333333333333,133,AV,0,9,3,9,11,0,0,39,932.0432837729122,0.2,-6.226666666666667
52.13333333333333,11,AV,0,7,3,1,1,0,0,47,5480.041794665195,0.4,-20.853333333333335
75.15,68,AV,0,5,2,1,6,0,0,55,437.5592869272848,0.6,-45.09
64.41666666666667,34,AV,0,6,0,1,0,0,0,51,2046.5713793034688,0.6,-38.65
33.05,139,AV,1,1,6,4,0,0,0,58,4572.8741748457805,0.3,-9.915
44.266666666666666,264,AV,2,2,2,8,3,0,0,69,20793.30768626012,0.2,-8.853333333333333
55.78333333333333,217,AV,0,8,4,7,3,0,0,48,5911.733280178027,0.1,-5.578333333333333
46.233333333333334,52,AV,2,1,0,0,9,0,0,77,4705.31956239884,1.0,-46.233333333333334
25.183333333333334,198,AV,2,3,2,2,5,0,0,27,591.6693204447811,0.4,-10.073333333333334
33.45,290,AV,1,2,5,6,3,0,0,64,4889.272753955773,0.3,-10.035
111.48333333333333,75,AV,0,6,2,0,1,0,0,96,1805.1606101798543,0.1,-11.148333333333333
39.88333333333333,272,AV,2,3,0,0,6,0,0,57,5064.807770076448,0.3,-11.965
25.533333333333335,28,AV,2,0,2,0,13,0,0,38,4635.813442599864,0.8,-20.42666666666667
39.666666666666664,249,AV,2,1,1,1,5,0,0,55,2538.843693606908,0.3,-11.899999999999999
32.43333333333333,137,AV,1,0,7,5,1,0,0,63,779.2240782816187,0.1,-3.243333333333333
92.76666666666667,234,AV,0,9,4,3,2,0,0,62,9667.56212442905,0.2,-18.553333333333335
101.21666666666667,16,AV,0,8,0,7,3,0,0,69,4412.688598555705,0.2,-20.243333333333336
29.783333333333335,47,AV,1,3,6,6,0,0,0,58,3236.647802754315,0.5,-14.891666666666667
31.066666666666666,196,AV,2,2,3,4,2,0,0,46,2133.445027811215,0.1,-3.106666666666667
42.61666666666667,203,AV,2,0,1,8,2,0,0,60,1014.5614647146556,0.2,-8.523333333333333
44.583333333333336,246,AV,2,0,2,0,14,0,0,62,1922.439846447592,0.1,-4.458333333333334
24.816666666666666,253,AV,0,6,3,2,1,0,0,31,1664.0464513081895,0.2,-4.963333333333334
27.616666666666667,169,AV,0,8,0,5,10,0,0,38,2953.464044858564,0.1,-2.7616666666666667
29.833333333333332,138,AV,2,0,2,9,0,0,0,44,1830.3424648913517,0.1,-2.9833333333333334
10.383333333333333,26,AV,0,9,5,3,4,0,0,17,1927.298426803608,0.1,-1.0383333333333333
24.866666666666667,24,AV,1,3,5,5,6,0,0,50,1474.5167950508735,0.2,-4.973333333333334
17.2,39,AV,1,2,6,5,1,0,0,37,6427.339783247283,0.5,-8.6
28.683333333333334,7,AV,2,2,3,3,5,0,0,41,2964.6777926145683,0.3,-8.605
105.03333333333333,262,AV,0,5,6,6,10,0,0,72,2753.3979495063454,0.2,-21.006666666666668
35.86666666666667,31,AV,1,1,5,1,16,0,0,75,934.0011274976006,0.4,-14.346666666666668
42.06666666666667,130,AV,0,6,1,1,5,0,0,41,2193.4249838744518,1.0,-42.06666666666667
36.56666666666667,25,AV,2,0,1,7,12,0,0,50,2520.757475212996,0.2,-7.313333333333334
35.083333333333336,32,AV,2,0,2,3,7,0,0,52,1275.9312017726234,0.2,-7.0166666666666675
57.65,135,AV,0,4,6,5,4,0,0,48,1293.252850487379,0.3,-17.294999999999998
44.71666666666667,226,AV,2,3,1,1,12,0,0,62,6434.117121135291,0.1,-4.471666666666667
80.41666666666667,184,AV,0,6,5,4,0,0,0,56,2472.005569054355,0.2,-16.083333333333336
17.833333333333332,63,AV,1,1,8,3,0,0,0,38,3257.3450634265246,0.1,-1.7833333333333332
104.88333333333334,183,AV,0,9,5,6,8,0,0,71,3558.5090095449787,0.7,-73.41833333333334
35.516666666666666,210,AV,1,0,9,8,15,0,0,78,14754.343640924068,0.3,-10.655
44.35,211,AV,2,0,3,3,5,0,0,69,905.8209551718018,0.4,-17.740000000000002
20.833333333333332,259,AV,1,1,4,5,1,0,0,42,3245.380745418587,0.4,-8.333333333333334
38.8,119,AV,0,4,0,6,4,0,0,40,3256.7228478661937,0.6,-23.279999999999998
76.95,0,AV,0,5,5,6,2,0,0,55,1869.7531794209297,0.5,-38.475
15.933333333333334,80,AV,1,2,4,5,3,0,0,35,4021.28082322038,1.0,-15.933333333333334
47.05,250,AV,0,6,6,4,7,0,0,42,2580.565825479665,0.2,-9.41
90.98333333333333,51,AV,0,6,2,2,11,0,0,61,2225.3307045190536,0.1,-9.098333333333334
64.5,291,AV,0,5,0,1,3,0,0,51,7177.938863287724,0.6,-38.699999999999996
18.616666666666667,273,AV,1,0,7,5,1,0,0,39,2561.5826276178027,0.2,-3.7233333333333336
32.35,10,AV,2,3,3,5,1,0,0,46,950.4213588862824,0.2,-6.470000000000001
33.8,36,AV,1,2,7,4,0,0,0,65,2953.761118311176,0.2,-6.76
66.21666666666667,227,AV,0,7,7,6,0,0,0,51,1261.43865123121,0.2,-13.243333333333334
10.233333333333333,238,AV,0,9,1,6,1,0,0,19,5654.280440205098,0.1,-1.0233333333333332
61.083333333333336,152,AV,0,6,2,1,0,0,0,49,1348.5865378412918,0.3,-18.325
20.75,64,AV,0,9,8,4,10,0,0,32,1454.957177165027,0.1,-2.075
35.15,151,AV,1,2,8,5,0,0,0,80,1832.3133019091129,0.1,-3.515
73.15,222,AV,0,6,4,7,7,0,0,54,8326.33528790118,0.2,-14.630000000000003
11.3,241,AV,1,3,5,0,2,0,0,9,946.2003450753726,0.4,-4.5200000000000005
99.56666666666666,85,AV,0,9,4,6,13,0,0,68,3933.772930850901,0.2,-19.913333333333334
27.683333333333334,190,AV,1,3,7,4,1,0,0,53,2793.3389947689566,0.4,-11.073333333333334
46.36666666666667,97,AV,2,1,1,0,5,0,0,76,3759.463069718096,0.3,-13.91
33.38333333333333,164,AV,1,2,6,5,15,0,0,61,615.3970356119416,0.8,-26.706666666666667
26.316666666666666,83,AV,1,0,4,3,1,0,0,48,1017.530975349866,0.2,-5.263333333333334
29.266666666666666,233,AV,1,1,4,3,3,0,0,55,8475.089255911002,0.2,-5.8533333333333335
29.283333333333335,242,AV,2,1,2,7,4,0,0,40,1552.9853059451273,0.1,-2.9283333333333337
78.56666666666666,147,AV,0,6,6,6,0,0,0,55,8689.506535985933,0.2,-15.713333333333333
22.483333333333334,268,AV,1,1,7,2,2,0,0,44,3064.640983136323,1.0,-22.483333333333334
69.95,157,AV,0,4,0,9,13,0,0,52,943.1907669438916,0.6,-41.97
17.916666666666668,187,AV,1,0,8,6,5,0,0,39,5807.233742044462,0.1,-1.791666666666667
35.43333333333333,77,AV,1,0,6,2,4,0,0,81,4617.1597275219765,0.2,-7.086666666666666
108.31666666666666,38,AV,0,5,3,3,3,0,0,76,3942.222625638348,0.6,-64.99
59.233333333333334,215,AV,0,6,7,2,3,0,0,49,877.2934597877683,0.2,-11.846666666666668
15.066666666666666,30,AV,1,3,5,4,5,0,0,35,1997.7276787447236,0.5,-7.533333333333333
36.516666666666666,37,AV,0,8,2,6,2,0,0,40,6007.794801579103,0.1,-3.651666666666667
28.666666666666668,270,AV,2,2,3,1,6,0,0,46,491.0984231068265,0.4,-11.466666666666669
50.05,248,AV,0,9,6,6,3,0,0,62,1135.438045570021,0.1,-5.005
41.18333333333333,101,AV,2,3,3,1,5,0,0,68,857.6590975250949,0.1,-4.118333333333333
29.4,113,AV,0,6,0,3,2,0,0,38,1880.1756700095973,0.1,-2.94
29.316666666666666,186,AV,1,1,6,4,1,0,0,55,2675.3892374750885,0.1,-2.9316666666666666
45.7,236,AV,2,1,2,2,7,0,0,86,1823.811293294481,0.8,-36.56
106.6,58,AV,0,4,5,4,3,0,0,75,3169.820795106812,0.4,-42.64
12.783333333333333,278,AV,1,1,7,0,1,0,0,21,1659.6531244520008,0.6,-7.67
34.63333333333333,260,AV,1,2,5,1,6,0,0,72,1996.532829496936,1.0,-34.63333333333333
22.716666666666665,87,AV,1,3,6,6,3,0,0,44,1496.328062426438,0.6,-13.629999999999999
52.1,287,AV,0,9,5,1,5,0,0,46,1200.7903182940884,0.4,-20.840000000000003
36.06666666666667,170,AV,2,2,1,5,1,0,0,50,7336.658338656486,0.1,-3.6066666666666674
66.38333333333334,21,AV,0,8,7,3,5,0,0,51,497.26542980048754,0.1,-6.6383333333333345
94.28333333333333,12,AV,0,6,0,2,6,0,0,65,2533.2754137277425,0.6,-56.57
14.583333333333334,125,AV,1,3,7,5,0,0,0,29,926.7012599248138,0.2,-2.916666666666667
15.45,281,AV,0,8,8,2,10,0,0,26,18628.94525544202,0.1,-1.545
109.95,208,AV,0,7,2,9,5,0,0,79,640.5426603936758,0.7,-76.965
33.5,5,AV,1,1,4,3,1,0,0,65,3274.575105225111,0.4,-13.4
21.6,126,AV,1,2,9,1,0,0,0,43,508.6019702527906,0.1,-2.16
13.733333333333333,293,AV,0,9,5,4,6,0,0,23,859.2772315809713,0.2,-2.7466666666666666
45.55,23,AV,2,2,1,6,5,0,0,62,623.7253316558669,0.1,-4.555
48.45,252,AV,2,2,2,6,0,0,0,96,4951.479839002994,0.1,-4.845000000000001
97.66666666666667,6,AV,0,6,0,1,1,0,0,67,3480.90175047103,0.1,-9.766666666666667
16.1,180,AV,1,0,8,8,3,0,0,36,5168.6614957092925,0.1,-1.6100000000000003
43.46666666666667,159,AV,2,2,0,3,7,0,0,65,473.5024380788758,0.4,-17.386666666666667
21.883333333333333,297,AV,1,1,7,3,0,0,0,44,506.5869000089976,0.6,-13.129999999999999
32.333333333333336,181,AV,1,2,8,1,8,0,0,61,6130.868263041086,0.1,-3.233333333333334
40.016666666666666,57,AV,0,5,2,0,1,0,0,41,4609.601315671212,0.1,-4.001666666666667
78.65,182,AV,0,7,1,6,1,0,0,55,4704.305573257116,0.3,-23.595000000000002
38.88333333333333,161,AV,2,3,3,2,7,0,0,60,1888.2149669861096,0.1,-3.8883333333333336
16.966666666666665,110,AV,0,6,3,2,2,0,0,29,1148.2139867956057,0.4,-6.786666666666666
26.0,123,AV,2,0,1,1,5,0,0,20,1475.2077210572677,0.3,-7.8
41.7,17,AV,0,6,5,3,6,0,0,41,2857.8751728516777,0.2,-8.340000000000002
25.833333333333332,265,AV,0,9,5,4,4,0,0,35,7099.697064525982,0.1,-2.5833333333333335
94.15,201,AV,0,8,9,5,1,0,0,63,4577.590037133467,1.0,-94.15
36.21666666666667,175,AV,2,1,3,0,5,0,0,50,12726.503958899895,0.3,-10.865
12.883333333333333,3,AV,1,2,8,1,21,0,0,12,3458.1247672483346,0.1,-1.2883333333333333
109.91666666666667,247,AV,0,7,4,7,1,0,0,82,5899.132481879994,0.5,-54.958333333333336
15.066666666666666,224,AV,1,1,7,7,1,0,0,28,2187.718469250836,0.1,-1.5066666666666668
87.25,219,AV,0,8,6,0,0,0,0,59,11940.25564443948,0.3,-26.175
36.0,174,AV,2,1,0,6,3,0,0,52,931.9887487728153,0.2,-7.2
35.233333333333334,88,AV,1,3,8,7,5,0,0,75,5825.425317043349,0.3,-10.57
18.983333333333334,60,AV,1,3,6,6,3,0,0,39,2030.86588445069,0.1,-1.8983333333333334
37.266666666666666,163,AV,2,3,2,4,3,0,0,52,2382.718205806423,0.1,-3.7266666666666666
21.95,255,AV,1,0,4,6,2,0,0,43,3382.383844415393,0.1,-2.195
34.983333333333334,142,AV,1,1,5,6,1,0,0,74,8987.822610831106,0.1,-3.4983333333333335
71.95,14,AV,0,7,9,6,3,0,0,53,1900.764377468582,0.7,-50.365
22.45,240,AV,0,4,9,2,5,0,0,33,3414.9419898187493,0.4,-8.98
35.25,200,AV,1,1,4,6,2,0,0,65,2212.8825544422834,0.4,-14.100000000000001
30.433333333333334,48,AV,1,0,4,5,8,0,0,59,10708.821866752483,0.2,-6.086666666666667
67.95,212,AV,0,8,2,8,1,0,0,52,513.3463032142733,0.4,-27.180000000000003
47.68333333333333,162,AV,2,2,3,1,7,0,0,85,816.2772675203604,1.0,-47.68333333333333
31.3,275,AV,0,4,7,4,6,0,0,38,3958.913906791885,0.2,-6.260000000000001
21.583333333333332,69,AV,1,0,9,2,5,0,0,42,4381.240268036911,0.1,-2.158333333333333
29.316666666666666,185,AV,1,1,8,8,2,0,0,56,1530.0661682302475,0.9,-26.385
12.25,166,AV,0,6,7,4,5,0,0,21,1249.5878531833848,0.2,-2.45
16.516666666666666,223,AV,1,0,8,1,2,0,0,18,2456.6540037696086,0.4,-6.6066666666666665
103.06666666666666,15,AV,0,4,4,2,8,0,0,70,11861.36896338871,0.2,-20.613333333333333
42.166666666666664,78,AV,2,2,3,4,3,0,0,67,2141.869626207308,0.4,-16.866666666666667
20.8,109,AV,0,5,8,6,6,0,0,31,5370.167679594476,0.4,-8.32
69.96666666666667,231,AV,0,6,4,9,13,0,0,52,845.7864251007381,0.1,-6.996666666666667
7.0,279,AV,0,7,3,5,8,0,0,11,3001.8426729260827,0.1,-0.7000000000000001
82.06666666666666,221,AV,0,7,3,5,1,0,0,57,1076.386102050743,0.3,-24.619999999999997
85.56666666666666,155,AV,0,5,6,1,8,0,0,58,3987.5502105766736,0.2,-17.113333333333333
73.78333333333333,44,AV,0,6,7,5,6,0,0,53,1684.196745492046,0.4,-29.513333333333335
18.816666666666666,115,AV,0,9,1,5,3,0,0,31,3941.04555698938,0.3,-5.645
37.06666666666667,235,AV,2,2,1,0,5,0,0,51,763.1985099142711,1.0,-37.06666666666667
31.866666666666667,1,AV,2,3,0,0,6,0,0,49,571.0932451196882,0.2,-6.373333333333334
16.75,199,AV,1,1,7,7,4,0,0,36,4864.205776554158,0.1,-1.675
96.05,177,AV,0,8,3,1,4,0,0,65,4559.760277629775,0.3,-28.814999999999998
55.85,112,AV,0,9,3,2,4,0,0,47,1797.659883656486,0.4,-22.340000000000003
21.666666666666668,245,AV,1,0,4,5,2,0,0,42,1260.6549751070208,0.2,-4.333333333333334
106.7,292,AV,0,6,1,7,3,0,0,73,572.7967315704935,0.6,-64.02
85.63333333333334,65,AV,0,8,8,0,0,0,0,58,3863.855435177377,0.1,-8.563333333333334
18.95,104,AV,1,0,5,4,1,0,0,40,2942.323800284961,0.1,-1.895
35.3,173,AV,1,2,6,8,7,0,0,68,1011.0784796502788,0.3,-10.589999999999998
87.31666666666666,35,AV,0,8,3,8,6,0,0,58,3608.770587345788,0.4,-34.92666666666667
27.4,99,AV,1,3,5,0,0,0,0,54,17693.100214811147,0.3,-8.219999999999999
