travel_time,id,kind,action,origin,destination,start_time,income,urgency,reward,observation,cost_table
31.7,122,AV,1,0,0,71,397.9556521399297,0.2,-0.517,"71.0,85.0,89.0,93.0,0.2","0,0,0"
34.333333333333336,247,AV,0,0,0,44,2173.6079829399528,0.2,-0.6123430173137514,"44.0,34.0,47.0,45.0,0.2","0,0,0"
39.016666666666666,58,AV,2,0,0,77,169.82949868332335,0.1,-0.49016666666666664,"77.0,87.0,96.0,95.0,0.1","0,0,0"
17.0,260,AV,1,0,0,39,2613.1748785475797,0.1,-0.27,"39.0,23.0,30.0,35.0,0.1","0,0,0"
50.2,160,AV,0,0,0,51,740.6719232962039,0.2,-0.9045188147168544,"51.0,51.0,60.0,54.0,0.2","0,0,0"
18.8,264,AV,1,0,0,42,2675.827545963706,0.1,-0.28800000000000003,"42.0,28.0,39.0,41.0,0.1","0,0,0"
24.083333333333332,186,AV,1,0,0,48,981.7831876113738,0.3,-0.5408333333333333,"48.0,45.0,52.0,52.0,0.3","0,0,0"
34.96666666666667,142,AV,2,0,0,67,575.6795480601505,0.6,-0.9496666666666667,"67.0,83.0,87.0,87.0,0.6","0,0,0"
25.283333333333335,141,AV,1,0,0,48,575.1506531095453,0.6,-0.8528333333333333,"48.0,45.0,52.0,52.0,0.6","0,0,0"
15.316666666666666,298,AV,0,0,0,29,14168.539128501588,0.1,-0.2637535026586892,"29.0,11.0,11.0,16.0,0.1","0,0,0"
16.616666666666667,98,AV,2,0,0,36,312.60936307776603,0.2,-0.3661666666666667,"36.0,20.0,22.0,24.0,0.2","0,0,0"
18.716666666666665,147,AV,0,0,0,34,612.7031314304811,0.1,-0.5319834340459915,"34.0,15.0,19.0,20.0,0.1","0,0,0"
60.65,125,AV,0,0,0,56,453.4807464542579,0.2,-1.1372747929164406,"56.0,63.0,72.0,65.0,0.2","0,0,0"
26.316666666666666,99,AV,1,0,0,56,313.48458442864603,0.1,-0.36316666666666664,"56.0,63.0,72.0,65.0,0.1","0,0,0"
32.166666666666664,132,AV,1,0,0,76,485.2868445916232,0.1,-0.42166666666666663,"76.0,87.0,94.0,95.0,0.1","0,0,0"
35.78333333333333,271,AV,2,0,0,69,3393.532030022936,0.3,-0.6578333333333333,"69.0,84.0,89.0,90.0,0.3","0,0,0"
25.1,103,AV,2,0,0,51,320.06022134041564,0.2,-0.451,"51.0,51.0,60.0,54.0,0.2","0,0,0"
32.86666666666667,20,AV,2,0,0,64,64.56471790970987,0.1,-0.42866666666666664,"64.0,78.0,81.0,81.0,0.1","0,0,0"
32.06666666666667,32,AV,1,0,0,71,103.84352821458296,0.6,-0.9206666666666667,"71.0,85.0,89.0,93.0,0.6","0,0,0"
30.333333333333332,4,AV,1,0,0,66,31.53579693808168,0.2,-0.5033333333333334,"66.0,82.0,85.0,86.0,0.2","0,0,0"
16.783333333333335,151,AV,2,0,0,33,660.8996867055231,0.2,-0.36783333333333335,"33.0,13.0,18.0,19.0,0.2","0,0,0"
34.65,144,AV,2,0,0,56,597.206522047073,0.6,-0.9464999999999999,"56.0,63.0,72.0,65.0,0.6","0,0,0"
27.266666666666666,234,AV,0,0,0,41,1774.068670084103,0.1,-0.4572180724433602,"41.0,25.0,39.0,38.0,0.1","0,0,0"
32.93333333333333,14,AV,1,0,0,77,57.1800058113267,0.6,-0.9293333333333333,"77.0,87.0,96.0,95.0,0.6","0,0,0"
21.316666666666666,22,AV,1,0,0,49,71.85667082931167,0.4,-0.6131666666666666,"49.0,47.0,56.0,53.0,0.4","0,0,0"
10.9,57,AV,1,0,0,24,165.91794752010054,0.1,-0.20900000000000002,"24.0,7.0,7.0,13.0,0.1","0,0,0"
34.15,124,AV,1,0,0,75,426.8196993348628,0.2,-0.5415,"75.0,87.0,92.0,95.0,0.2","0,0,0"
52.55,162,AV,0,0,0,51,751.2181641591902,0.1,-0.8251756829860327,"51.0,51.0,60.0,54.0,0.1","0,0,0"
50.483333333333334,42,AV,0,0,0,51,128.9179362306729,0.2,-1.86836421496027,"51.0,51.0,60.0,54.0,0.2","0,0,0"
68.35,50,AV,0,0,0,57,141.89801529692187,0.3,-2.0405972376613213,"57.0,71.0,74.0,67.0,0.3","0,0,0"
14.433333333333334,91,AV,2,0,0,22,294.6191790764749,0.3,-0.44433333333333336,"22.0,7.0,6.0,11.0,0.3","0,0,0"
18.7,137,AV,2,0,0,37,530.5096238130133,0.3,-0.487,"37.0,20.0,26.0,28.0,0.3","0,0,0"
13.583333333333334,217,AV,1,0,0,30,1479.2287287157783,0.2,-0.3358333333333333,"30.0,12.0,13.0,16.0,0.2","0,0,0"
36.88333333333333,279,AV,0,0,0,44,4143.239939929384,0.8,-1.2050368847024961,"44.0,34.0,47.0,45.0,0.8","0,0,0"
71.41666666666667,277,AV,0,0,0,63,3900.46937082072,0.1,-0.8526235767816762,"63.0,76.0,80.0,81.0,0.1","0,0,0"
16.433333333333334,207,AV,1,0,0,35,1301.0825687704812,0.1,-0.2643333333333333,"35.0,19.0,21.0,22.0,0.1","0,0,0"
34.28333333333333,120,AV,2,0,0,73,395.41168599267854,1.0,-1.3428333333333333,"73.0,86.0,92.0,93.0,1.0","0,0,0"
33.166666666666664,200,AV,2,0,0,57,1122.0957719017076,0.1,-0.43166666666666664,"57.0,71.0,74.0,67.0,0.1","0,0,0"
25.283333333333335,203,AV,1,0,0,51,1201.0672562607265,0.6,-0.8528333333333333,"51.0,51.0,60.0,54.0,0.6","0,0,0"
15.383333333333333,291,AV,2,0,0,31,6720.448741009474,0.3,-0.4538333333333333,"31.0,12.0,15.0,16.0,0.3","0,0,0"
25.15,77,AV,1,0,0,53,236.21837928927107,0.8,-1.0515,"53.0,54.0,66.0,60.0,0.8","0,0,0"
24.316666666666666,44,AV,2,0,0,47,130.78465666521578,0.2,-0.4431666666666667,"47.0,39.0,52.0,49.0,0.2","0,0,0"
17.2,71,AV,1,0,0,39,209.2283135825785,0.2,-0.372,"39.0,23.0,30.0,35.0,0.2","0,0,0"
24.95,267,AV,1,0,0,50,2788.8558725412254,0.3,-0.5495,"50.0,49.0,58.0,54.0,0.3","0,0,0"
32.95,129,AV,2,0,0,64,463.8834396174824,0.2,-0.5295000000000001,"64.0,78.0,81.0,81.0,0.2","0,0,0"
22.5,135,AV,1,0,0,49,498.4869343397567,0.6,-0.825,"49.0,47.0,56.0,53.0,0.6","0,0,0"
35.9,128,AV,2,0,0,64,461.2287786839295,0.1,-0.45899999999999996,"64.0,78.0,81.0,81.0,0.1","0,0,0"
35.46666666666667,228,AV,2,0,0,66,1705.6832407711313,0.2,-0.5546666666666666,"66.0,82.0,85.0,86.0,0.2","0,0,0"
39.8,78,AV,0,0,0,47,240.96836675608216,0.3,-1.3204883457496976,"47.0,39.0,52.0,49.0,0.3","0,0,0"
22.683333333333334,116,AV,1,0,0,48,359.9620037790098,0.6,-0.8268333333333333,"48.0,45.0,52.0,52.0,0.6","0,0,0"
30.116666666666667,249,AV,1,0,0,65,2225.755620366848,0.3,-0.6011666666666666,"65.0,81.0,83.0,86.0,0.3","0,0,0"
27.083333333333332,45,AV,1,0,0,60,131.58589862126638,0.5,-0.7708333333333333,"60.0,75.0,75.0,76.0,0.5","0,0,0"
29.383333333333333,112,AV,0,0,0,41,340.52598406956804,0.1,-0.8343283528539454,"41.0,25.0,39.0,38.0,0.1","0,0,0"
53.53333333333333,47,AV,0,0,0,53,136.2460599181302,0.5,-2.1362826018122494,"53.0,54.0,66.0,60.0,0.5","0,0,0"
29.95,208,AV,2,0,0,55,1308.8239993104885,0.2,-0.4995,"55.0,58.0,70.0,62.0,0.2","0,0,0"
81.78333333333333,262,AV,0,0,0,81,2635.9632479235806,0.4,-1.2747385273333478,"81.0,87.0,99.0,102.0,0.4","0,0,0"
16.083333333333332,190,AV,1,0,0,36,1018.822300794707,0.5,-0.6608333333333334,"36.0,20.0,22.0,24.0,0.5","0,0,0"
10.416666666666666,101,AV,1,0,0,18,316.7820495087218,0.4,-0.5041666666666667,"18.0,4.0,5.0,8.0,0.4","0,0,0"
14.6,89,AV,1,0,0,33,286.94580140418327,0.3,-0.44599999999999995,"33.0,13.0,18.0,19.0,0.3","0,0,0"
32.733333333333334,179,AV,2,0,0,64,887.7053219697848,0.2,-0.5273333333333334,"64.0,78.0,81.0,81.0,0.2","0,0,0"
6.9,243,AV,0,0,0,0,1988.145286520141,1.0,-1.1444472024841532,"0.0,0.0,0.0,0.0,1.0","0,0,0"
55.416666666666664,240,AV,0,0,0,55,1961.8187008233435,0.1,-0.730626331332442,"55.0,58.0,70.0,62.0,0.1","0,0,0"
60.483333333333334,268,AV,0,0,0,56,2991.533314975396,0.2,-0.8549748441261802,"56.0,63.0,72.0,65.0,0.2","0,0,0"
30.966666666666665,297,AV,2,0,0,58,10811.962905776472,0.2,-0.5096666666666667,"58.0,73.0,74.0,71.0,0.2","0,0,0"
13.883333333333333,59,AV,1,0,0,32,170.17527463906896,0.6,-0.7388333333333333,"32.0,12.0,15.0,18.0,0.6","0,0,0"
12.966666666666667,145,AV,2,0,0,15,598.645261160854,0.2,-0.32966666666666666,"15.0,4.0,2.0,4.0,0.2","0,0,0"
62.46666666666667,215,AV,0,0,0,56,1436.3967163814054,0.1,-0.8290946413962961,"56.0,63.0,72.0,65.0,0.1","0,0,0"
29.266666666666666,118,AV,1,0,0,62,388.2431385130586,0.2,-0.49266666666666664,"62.0,76.0,78.0,79.0,0.2","0,0,0"
28.6,193,AV,2,0,0,54,1052.171326299679,0.8,-1.086,"54.0,58.0,69.0,60.0,0.8","0,0,0"
33.63333333333333,28,AV,1,0,0,85,84.2883779482098,0.7,-1.0363333333333333,"85.0,88.0,99.0,105.0,0.7","0,0,0"
20.6,159,AV,2,0,0,37,735.2281135508055,0.6,-0.806,"37.0,20.0,26.0,28.0,0.6","0,0,0"
79.53333333333333,293,AV,0,0,0,71,8213.476830708638,0.4,-1.2135960012742935,"71.0,85.0,89.0,93.0,0.4","0,0,0"
69.78333333333333,105,AV,0,0,0,59,326.6611525075772,0.9,-2.0570247579901744,"59.0,73.0,75.0,73.0,0.9","0,0,0"
15.733333333333333,24,AV,2,0,0,28,76.40640328900129,0.1,-0.2573333333333333,"28.0,9.0,11.0,14.0,0.1","0,0,0"
20.533333333333335,187,AV,0,0,0,34,985.1950096193456,0.8,-1.1575874541271,"34.0,15.0,19.0,20.0,0.8","0,0,0"
10.1,26,AV,0,0,0,19,81.98663065503159,0.4,-2.3305665866687786,"19.0,4.0,6.0,8.0,0.4","0,0,0"
14.65,154,AV,1,0,0,32,691.0512815321945,0.3,-0.4465,"32.0,12.0,15.0,18.0,0.3","0,0,0"
34.45,197,AV,2,0,0,60,1079.244486159708,0.3,-0.6445000000000001,"60.0,75.0,75.0,76.0,0.3","0,0,0"
82.93333333333334,199,AV,0,0,0,92,1116.1541548808557,0.3,-1.2637233719709728,"92.0,89.0,105.0,105.0,0.3","0,0,0"
71.38333333333334,172,AV,0,0,0,61,838.6771865066347,0.2,-1.0926864157985894,"61.0,75.0,77.0,78.0,0.2","0,0,0"
14.7,284,AV,1,0,0,34,4571.829841275072,0.6,-0.747,"34.0,15.0,19.0,20.0,0.6","0,0,0"
20.966666666666665,239,AV,1,0,0,45,1941.4706511681436,0.5,-0.7096666666666667,"45.0,36.0,47.0,47.0,0.5","0,0,0"
30.85,166,AV,0,0,0,42,787.1715220388722,0.1,-0.5990556740816554,"42.0,28.0,39.0,41.0,0.1","0,0,0"
28.083333333333332,97,AV,1,0,0,62,310.4321718130521,0.3,-0.5808333333333333,"62.0,76.0,78.0,79.0,0.3","0,0,0"
20.066666666666666,290,AV,0,0,0,34,6424.431240070765,0.1,-0.3240150370351458,"34.0,15.0,19.0,20.0,0.1","0,0,0"
26.0,275,AV,0,0,0,38,3839.265238466288,0.2,-0.49906997581128887,"38.0,22.0,28.0,34.0,0.2","0,0,0"
13.183333333333334,2,AV,1,0,0,30,28.11720881153488,0.1,-0.23183333333333334,"30.0,12.0,13.0,16.0,0.1","0,0,0"
11.966666666666667,25,AV,1,0,0,26,77.15448782916947,1.0,-1.1196666666666666,"26.0,7.0,9.0,14.0,1.0","0,0,0"
26.166666666666668,108,AV,1,0,0,55,328.0978092896951,0.1,-0.3616666666666667,"55.0,58.0,70.0,62.0,0.1","0,0,0"
29.883333333333333,73,AV,1,0,0,65,229.05165371744263,0.2,-0.49883333333333335,"65.0,81.0,83.0,86.0,0.2","0,0,0"
16.733333333333334,241,AV,0,0,0,33,1962.140690822222,0.2,-0.4437804508624762,"33.0,13.0,18.0,19.0,0.2","0,0,0"
22.483333333333334,222,AV,0,0,0,34,1602.6509836919151,0.2,-0.5184282591945184,"34.0,15.0,19.0,20.0,0.2","0,0,0"
51.75,29,AV,0,0,0,53,99.17747128700466,0.2,-2.2299402553672962,"53.0,54.0,66.0,60.0,0.2","0,0,0"
21.583333333333332,255,AV,2,0,0,43,2509.234015229867,0.4,-0.6158333333333333,"43.0,31.0,43.0,44.0,0.4","0,0,0"
39.8,109,AV,2,0,0,84,329.1128778114398,0.7,-1.0979999999999999,"84.0,88.0,99.0,104.0,0.7","0,0,0"
36.18333333333333,184,AV,0,0,0,46,974.2582375089823,0.6,-1.1157966196828797,"46.0,36.0,51.0,47.0,0.6","0,0,0"
27.2,272,AV,1,0,0,58,3649.940303633233,0.2,-0.47200000000000003,"58.0,73.0,74.0,71.0,0.2","0,0,0"
23.066666666666666,287,AV,2,0,0,44,4767.396236288532,0.2,-0.43066666666666664,"44.0,34.0,47.0,45.0,0.2","0,0,0"
69.23333333333333,258,AV,0,0,0,59,2564.994093090583,0.1,-0.8508130001692377,"59.0,73.0,75.0,73.0,0.1","0,0,0"
31.516666666666666,119,AV,2,0,0,52,394.9614303329756,0.1,-0.4151666666666667,"52.0,54.0,63.0,56.0,0.1","0,0,0"
17.516666666666666,100,AV,1,0,0,40,314.9423294142533,0.1,-0.27516666666666667,"40.0,23.0,33.0,36.0,0.1","0,0,0"
19.233333333333334,52,AV,1,0,0,42,153.68200915591763,0.2,-0.39233333333333337,"42.0,28.0,39.0,41.0,0.2","0,0,0"
64.26666666666667,80,AV,0,0,0,56,244.16786121034767,0.2,-1.4569981321447412,"56.0,63.0,72.0,65.0,0.2","0,0,0"
24.183333333333334,140,AV,1,0,0,52,570.3765755106751,0.3,-0.5418333333333334,"52.0,54.0,63.0,56.0,0.3","0,0,0"
24.183333333333334,253,AV,0,0,0,37,2408.3566638692173,0.3,-0.604116466994696,"37.0,20.0,26.0,28.0,0.3","0,0,0"
26.033333333333335,283,AV,1,0,0,53,4563.469026318328,0.1,-0.3603333333333334,"53.0,54.0,66.0,60.0,0.1","0,0,0"
81.2,127,AV,0,0,0,86,459.5666621971018,0.1,-1.2383944327094534,"86.0,88.0,101.0,105.0,0.1","0,0,0"
44.833333333333336,149,AV,0,0,0,48,618.838378223228,0.4,-1.0907229544015533,"48.0,45.0,52.0,52.0,0.4","0,0,0"
9.866666666666667,41,AV,0,0,0,20,128.5262902949931,0.3,-1.5657430652441136,"20.0,5.0,6.0,9.0,0.3","0,0,0"
13.266666666666667,130,AV,1,0,0,23,466.6387223384215,0.3,-0.43266666666666664,"23.0,7.0,6.0,13.0,0.3","0,0,0"
29.616666666666667,285,AV,2,0,0,54,4600.328226155114,0.2,-0.4961666666666667,"54.0,58.0,69.0,60.0,0.2","0,0,0"
44.916666666666664,178,AV,0,0,0,48,878.4535902283369,0.1,-0.7199212764361029,"48.0,45.0,52.0,52.0,0.1","0,0,0"
15.983333333333333,227,AV,2,0,0,31,1704.9720883013536,0.6,-0.7598333333333334,"31.0,12.0,15.0,16.0,0.6","0,0,0"
26.383333333333333,237,AV,1,0,0,55,1884.8122502233111,0.1,-0.36383333333333334,"55.0,58.0,70.0,62.0,0.1","0,0,0"
57.35,280,AV,0,0,0,55,4152.796729507043,0.1,-0.7096202364985019,"55.0,58.0,70.0,62.0,0.1","0,0,0"
20.966666666666665,106,AV,1,0,0,46,326.9991342543757,0.6,-0.8096666666666666,"46.0,36.0,51.0,47.0,0.6","0,0,0"
37.733333333333334,181,AV,0,0,0,46,940.2113898373724,0.6,-1.1368719239325658,"46.0,36.0,51.0,47.0,0.6","0,0,0"
32.516666666666666,218,AV,0,0,0,43,1497.3933785558863,0.3,-0.7253407439319626,"43.0,31.0,43.0,44.0,0.3","0,0,0"
8.2,121,AV,0,0,0,9,397.3653918103196,0.6,-1.05948632138453,"9.0,3.0,1.0,1.0,0.6","0,0,0"
19.75,192,AV,1,0,0,39,1039.194260487611,0.4,-0.5975,"39.0,23.0,30.0,35.0,0.4","0,0,0"
25.183333333333334,133,AV,1,0,0,52,490.2004672300651,0.4,-0.6518333333333334,"52.0,54.0,63.0,56.0,0.4","0,0,0"
57.266666666666666,82,AV,0,0,0,55,259.2429388604687,0.3,-1.451274518665806,"55.0,58.0,70.0,62.0,0.3","0,0,0"
28.633333333333333,171,AV,2,0,0,55,838.3186745101701,0.7,-0.9863333333333333,"55.0,58.0,70.0,62.0,0.7","0,0,0"
21.25,221,AV,1,0,0,45,1583.4751570053518,0.4,-0.6125,"45.0,36.0,47.0,47.0,0.4","0,0,0"
12.566666666666666,92,AV,1,0,0,29,294.7319045075301,0.1,-0.22566666666666668,"29.0,11.0,11.0,16.0,0.1","0,0,0"
10.85,31,AV,1,0,0,16,99.4900475674065,0.8,-0.9085000000000001,"16.0,4.0,2.0,6.0,0.8","0,0,0"
31.616666666666667,161,AV,2,0,0,59,742.687316527077,0.2,-0.5161666666666667,"59.0,73.0,75.0,73.0,0.2","0,0,0"
30.7,164,AV,0,0,0,42,776.9842538847105,0.1,-0.6000541053438865,"42.0,28.0,39.0,41.0,0.1","0,0,0"
32.25,8,AV,1,0,0,68,39.84596978092326,0.1,-0.4225,"68.0,83.0,87.0,88.0,0.1","0,0,0"
78.1,167,AV,0,0,0,69,803.0093289227823,0.2,-1.167797331733644,"69.0,84.0,89.0,90.0,0.2","0,0,0"
28.116666666666667,180,AV,1,0,0,61,914.92948847025,0.3,-0.5811666666666666,"61.0,75.0,77.0,78.0,0.3","0,0,0"
21.1,261,AV,2,0,0,41,2627.59696502592,0.4,-0.611,"41.0,25.0,39.0,38.0,0.4","0,0,0"
32.31666666666667,176,AV,1,0,0,71,870.9853842808059,0.1,-0.4231666666666667,"71.0,85.0,89.0,93.0,0.1","0,0,0"
16.716666666666665,74,AV,2,0,0,19,229.3862477303203,0.6,-0.7671666666666667,"19.0,4.0,6.0,8.0,0.6","0,0,0"
17.683333333333334,256,AV,1,0,0,40,2521.0429629773625,0.2,-0.37683333333333335,"40.0,23.0,33.0,36.0,0.2","0,0,0"
20.666666666666668,170,AV,1,0,0,43,827.5066221596593,0.9,-1.1066666666666667,"43.0,31.0,43.0,44.0,0.9","0,0,0"
32.63333333333333,183,AV,0,0,0,42,969.3554624124304,0.2,-0.6810753302749875,"42.0,28.0,39.0,41.0,0.2","0,0,0"
18.766666666666666,250,AV,0,0,0,33,2285.8845778904138,0.6,-0.8532867777828768,"33.0,13.0,18.0,19.0,0.6","0,0,0"
28.316666666666666,62,AV,2,0,0,52,176.73917313488258,0.2,-0.4831666666666667,"52.0,54.0,63.0,56.0,0.2","0,0,0"
26.266666666666666,281,AV,1,0,0,56,4210.301272219099,0.1,-0.3626666666666667,"56.0,63.0,72.0,65.0,0.1","0,0,0"
11.816666666666666,266,AV,0,0,0,27,2784.710072629219,0.6,-0.7720322383376075,"27.0,7.0,10.0,14.0,0.6","0,0,0"
24.633333333333333,69,AV,1,0,0,51,202.2958965901006,0.1,-0.3463333333333333,"51.0,51.0,60.0,54.0,0.1","0,0,0"
62.15,70,AV,0,0,0,56,204.67968930853365,0.3,-1.6543523924710983,"56.0,63.0,72.0,65.0,0.3","0,0,0"
39.61666666666667,35,AV,2,0,0,81,107.53285984632323,0.1,-0.49616666666666664,"81.0,87.0,99.0,102.0,0.1","0,0,0"
16.233333333333334,220,AV,2,0,0,24,1560.5125355967298,0.1,-0.2623333333333333,"24.0,7.0,7.0,13.0,0.1","0,0,0"
18.6,134,AV,2,0,0,22,492.873449571689,0.3,-0.486,"22.0,7.0,6.0,11.0,0.3","0,0,0"
25.716666666666665,7,AV,0,0,0,40,38.6447498905098,0.2,-4.338677102754036,"40.0,23.0,33.0,36.0,0.2","0,0,0"
17.9,94,AV,1,0,0,40,300.7016368165509,0.4,-0.579,"40.0,23.0,33.0,36.0,0.4","0,0,0"
10.416666666666666,254,AV,1,0,0,16,2441.319773046456,0.1,-0.20416666666666666,"16.0,4.0,2.0,6.0,0.1","0,0,0"
28.366666666666667,19,AV,2,0,0,52,64.26058588256491,0.2,-0.4836666666666667,"52.0,54.0,63.0,56.0,0.2","0,0,0"
12.866666666666667,276,AV,1,0,0,29,3860.4395495039207,0.2,-0.32866666666666666,"29.0,11.0,11.0,16.0,0.2","0,0,0"
46.38333333333333,67,AV,0,0,0,49,197.20755896428443,0.4,-1.6244532648805108,"49.0,47.0,56.0,53.0,0.4","0,0,0"
24.45,295,AV,2,0,0,48,8339.102086219797,0.4,-0.6445000000000001,"48.0,45.0,52.0,52.0,0.4","0,0,0"
39.483333333333334,152,AV,0,0,0,47,676.986575139749,0.1,-0.7164034582195408,"47.0,39.0,52.0,49.0,0.1","0,0,0"
35.95,9,AV,2,0,0,74,41.97637947099244,0.4,-0.7595000000000001,"74.0,87.0,92.0,94.0,0.4","0,0,0"
28.55,219,AV,2,0,0,52,1515.779668517339,0.1,-0.38550000000000006,"52.0,54.0,63.0,56.0,0.1","0,0,0"
13.383333333333333,30,AV,2,0,0,3,99.48363440118514,0.6,-0.7338333333333333,"3.0,1.0,0.0,0.0,0.6","0,0,0"
29.516666666666666,292,AV,2,0,0,57,7023.139561346669,0.3,-0.5951666666666666,"57.0,71.0,74.0,67.0,0.3","0,0,0"
20.4,163,AV,1,0,0,45,759.1228248988516,0.1,-0.304,"45.0,36.0,47.0,47.0,0.1","0,0,0"
22.8,296,AV,2,0,0,41,9383.31062614728,0.1,-0.328,"41.0,25.0,39.0,38.0,0.1","0,0,0"
11.383333333333333,39,AV,1,0,0,16,127.48192867963044,0.1,-0.21383333333333332,"16.0,4.0,2.0,6.0,0.1","0,0,0"
29.8,185,AV,1,0,0,63,978.7281937768014,0.3,-0.598,"63.0,76.0,80.0,81.0,0.3","0,0,0"
30.883333333333333,38,AV,2,0,0,57,122.3951650093391,0.3,-0.6088333333333333,"57.0,71.0,74.0,67.0,0.3","0,0,0"
35.666666666666664,150,AV,2,0,0,77,643.7584247618538,0.1,-0.45666666666666667,"77.0,87.0,96.0,95.0,0.1","0,0,0"
37.45,53,AV,2,0,0,79,156.28310263609694,0.6,-0.9745,"79.0,87.0,98.0,99.0,0.6","0,0,0"
16.683333333333334,177,AV,2,0,0,32,871.3191239918823,0.2,-0.36683333333333334,"32.0,12.0,15.0,18.0,0.2","0,0,0"
13.15,43,AV,1,0,0,32,128.9705579675829,0.6,-0.7315,"32.0,12.0,15.0,18.0,0.6","0,0,0"
34.016666666666666,11,AV,1,0,0,85,50.01254647187068,0.1,-0.4401666666666667,"85.0,88.0,99.0,105.0,0.1","0,0,0"
13.866666666666667,76,AV,2,0,0,17,235.10474159069176,0.2,-0.33866666666666667,"17.0,4.0,5.0,7.0,0.2","0,0,0"
35.7,54,AV,2,0,0,70,158.6453765370725,0.3,-0.657,"70.0,85.0,89.0,91.0,0.3","0,0,0"
37.733333333333334,242,AV,0,0,0,46,1984.527452647332,0.7,-1.1529180776007417,"46.0,36.0,51.0,47.0,0.7","0,0,0"
20.2,143,AV,2,0,0,37,589.8964011874154,0.1,-0.302,"37.0,20.0,26.0,28.0,0.1","0,0,0"
58.75,123,AV,0,0,0,55,402.8749697044063,0.3,-1.259823949810177,"55.0,58.0,70.0,62.0,0.3","0,0,0"
36.46666666666667,148,AV,1,0,0,87,613.3437180047252,0.1,-0.4646666666666667,"87.0,89.0,102.0,105.0,0.1","0,0,0"
17.133333333333333,229,AV,2,0,0,36,1705.7102265514764,0.2,-0.37133333333333335,"36.0,20.0,22.0,24.0,0.2","0,0,0"
16.1,273,AV,1,0,0,36,3676.2069809995824,0.1,-0.261,"36.0,20.0,22.0,24.0,0.1","0,0,0"
19.75,158,AV,1,0,0,42,734.9413774948675,0.1,-0.2975,"42.0,28.0,39.0,41.0,0.1","0,0,0"
20.016666666666666,90,AV,2,0,0,37,289.0246334581028,0.2,-0.40016666666666667,"37.0,20.0,26.0,28.0,0.2","0,0,0"
64.15,232,AV,0,0,0,56,1758.0246378660397,0.8,-1.526823036304017,"56.0,63.0,72.0,65.0,0.8","0,0,0"
16.766666666666666,138,AV,0,0,0,32,530.5321885458407,0.1,-0.5504016321192656,"32.0,12.0,15.0,18.0,0.1","0,0,0"
16.883333333333333,111,AV,1,0,0,40,337.92224372141624,0.2,-0.36883333333333335,"40.0,23.0,33.0,36.0,0.2","0,0,0"
15.033333333333333,95,AV,2,0,0,15,303.86275141798745,0.6,-0.7503333333333333,"15.0,4.0,2.0,4.0,0.6","0,0,0"
18.133333333333333,93,AV,1,0,0,40,297.660864959905,0.3,-0.4813333333333333,"40.0,23.0,33.0,36.0,0.3","0,0,0"
32.916666666666664,257,AV,2,0,0,62,2533.176014567522,0.2,-0.5291666666666667,"62.0,76.0,78.0,79.0,0.2","0,0,0"
26.833333333333332,88,AV,2,0,0,47,286.7789589449951,0.4,-0.6683333333333333,"47.0,39.0,52.0,49.0,0.4","0,0,0"
17.433333333333334,223,AV,2,0,0,35,1605.6798114547482,0.3,-0.47433333333333333,"35.0,19.0,21.0,22.0,0.3","0,0,0"
8.566666666666666,36,AV,0,0,0,7,113.76740875199872,0.2,-1.6041462000010738,"7.0,2.0,1.0,1.0,0.2","0,0,0"
22.783333333333335,174,AV,2,0,0,39,856.4335097815854,0.3,-0.5278333333333334,"39.0,23.0,30.0,35.0,0.3","0,0,0"
22.116666666666667,173,AV,2,0,0,42,839.0520067047356,0.4,-0.6211666666666666,"42.0,28.0,39.0,41.0,0.4","0,0,0"
65.95,195,AV,0,0,0,56,1058.1013598754355,0.4,-1.2012633562229413,"56.0,63.0,72.0,65.0,0.4","0,0,0"
14.95,278,AV,2,0,0,14,4138.432886103193,0.2,-0.34950000000000003,"14.0,4.0,2.0,3.0,0.2","0,0,0"
33.88333333333333,245,AV,1,0,0,87,2022.4666550741224,0.1,-0.4388333333333333,"87.0,89.0,102.0,105.0,0.1","0,0,0"
20.85,16,AV,2,0,0,36,61.15000286461345,0.2,-0.40850000000000003,"36.0,20.0,22.0,24.0,0.2","0,0,0"
30.716666666666665,244,AV,1,0,0,66,2014.3195486686295,0.5,-0.8071666666666666,"66.0,82.0,85.0,86.0,0.5","0,0,0"
13.933333333333334,214,AV,1,0,0,34,1394.1294719570767,0.2,-0.3393333333333334,"34.0,15.0,19.0,20.0,0.2","0,0,0"
21.65,10,AV,2,0,0,37,43.56224756281427,0.3,-0.5165,"37.0,20.0,26.0,28.0,0.3","0,0,0"
9.983333333333333,146,AV,1,0,0,3,598.9553426177345,0.2,-0.29983333333333334,"3.0,1.0,0.0,0.0,0.2","0,0,0"
26.033333333333335,274,AV,1,0,0,54,3705.971408141423,0.5,-0.7603333333333333,"54.0,58.0,69.0,60.0,0.5","0,0,0"
20.983333333333334,236,AV,1,0,0,48,1830.1128661190853,0.3,-0.5098333333333334,"48.0,45.0,52.0,52.0,0.3","0,0,0"
33.25,113,AV,1,0,0,75,341.5752338740841,0.1,-0.4325,"75.0,87.0,92.0,95.0,0.1","0,0,0"
34.05,0,AV,0,0,0,43,21.71863738525853,0.2,-7.447010631362726,"43.0,31.0,43.0,44.0,0.2","0,0,0"
16.766666666666666,136,AV,1,0,0,37,504.0935527256924,0.2,-0.3676666666666667,"37.0,20.0,26.0,28.0,0.2","0,0,0"
21.016666666666666,27,AV,2,0,0,40,83.42618279991096,0.4,-0.6101666666666667,"40.0,23.0,33.0,36.0,0.4","0,0,0"
19.283333333333335,191,AV,1,0,0,42,1034.2754485085857,0.1,-0.2928333333333334,"42.0,28.0,39.0,41.0,0.1","0,0,0"
14.916666666666666,211,AV,2,0,0,21,1352.582175252403,0.3,-0.44916666666666666,"21.0,7.0,6.0,9.0,0.3","0,0,0"
21.483333333333334,248,AV,1,0,0,45,2175.5990460655344,0.1,-0.31483333333333335,"45.0,36.0,47.0,47.0,0.1","0,0,0"
41.61666666666667,6,AV,0,0,0,47,35.49250048789561,0.4,-5.042411589904919,"47.0,39.0,52.0,49.0,0.4","0,0,0"
19.3,210,AV,1,0,0,43,1351.9199105161697,0.1,-0.29300000000000004,"43.0,31.0,43.0,44.0,0.1","0,0,0"
26.733333333333334,139,AV,2,0,0,46,569.4160626285604,0.5,-0.7673333333333334,"46.0,36.0,51.0,47.0,0.5","0,0,0"
13.483333333333333,299,AV,0,0,0,28,16264.851250324373,0.9,-1.0440556740539106,"28.0,9.0,11.0,14.0,0.9","0,0,0"
36.083333333333336,3,AV,2,0,0,68,30.054552993917728,0.1,-0.4608333333333333,"68.0,83.0,87.0,88.0,0.1","0,0,0"
37.25,48,AV,2,0,0,79,137.827807757833,0.6,-0.9724999999999999,"79.0,87.0,98.0,99.0,0.6","0,0,0"
46.46666666666667,188,AV,0,0,0,50,993.7293377338834,0.1,-0.7156132014062593,"50.0,49.0,58.0,54.0,0.1","0,0,0"
29.683333333333334,189,AV,1,0,0,64,1007.7329331621582,0.1,-0.39683333333333337,"64.0,78.0,81.0,81.0,0.1","0,0,0"
17.216666666666665,60,AV,2,0,0,28,171.15878971364504,1.0,-1.1721666666666666,"28.0,9.0,11.0,14.0,1.0","0,0,0"
12.666666666666666,86,AV,2,0,0,13,276.83741534969,0.1,-0.22666666666666666,"13.0,4.0,2.0,2.0,0.1","0,0,0"
37.81666666666667,64,AV,2,0,0,83,184.16464873139336,0.3,-0.6781666666666667,"83.0,88.0,99.0,103.0,0.3","0,0,0"
26.266666666666666,289,AV,2,0,0,46,5882.974714238432,0.4,-0.6626666666666667,"46.0,36.0,51.0,47.0,0.4","0,0,0"
73.05,175,AV,0,0,0,64,867.4229261987472,0.3,-1.2034260265892849,"64.0,78.0,81.0,81.0,0.3","0,0,0"
32.43333333333333,66,AV,2,0,0,59,190.47208263928968,1.0,-1.3243333333333334,"59.0,73.0,75.0,73.0,1.0","0,0,0"
24.866666666666667,155,AV,1,0,0,51,692.58252298672,0.3,-0.5486666666666666,"51.0,51.0,60.0,54.0,0.3","0,0,0"
59.1,83,AV,0,0,0,55,266.20563928630355,0.4,-1.5544741638161743,"55.0,58.0,70.0,62.0,0.4","0,0,0"
66.0,201,AV,0,0,0,56,1169.4570636721417,0.5,-1.2882646491774516,"56.0,63.0,72.0,65.0,0.5","0,0,0"
74.6,212,AV,0,0,0,64,1361.9532728152676,0.1,-0.9561359371088686,"64.0,78.0,81.0,81.0,0.1","0,0,0"
48.3,259,AV,0,0,0,50,2565.843684647137,0.1,-0.6414603032903107,"50.0,49.0,58.0,54.0,0.1","0,0,0"
29.433333333333334,126,AV,0,0,0,41,454.6325435698745,0.6,-1.2242701188132443,"41.0,25.0,39.0,38.0,0.6","0,0,0"
78.21666666666667,115,AV,0,0,0,68,353.9488125043377,0.2,-1.4059567591907423,"68.0,83.0,87.0,88.0,0.2","0,0,0"
36.18333333333333,21,AV,2,0,0,79,70.98092886176617,0.1,-0.4618333333333333,"79.0,87.0,98.0,99.0,0.1","0,0,0"
30.466666666666665,238,AV,1,0,0,60,1935.6326423628057,0.4,-0.7046666666666667,"60.0,75.0,75.0,76.0,0.4","0,0,0"
24.233333333333334,165,AV,1,0,0,50,778.2824569303161,0.4,-0.6423333333333334,"50.0,49.0,58.0,54.0,0.4","0,0,0"
20.516666666666666,51,AV,1,0,0,43,146.51648076713536,0.2,-0.4051666666666667,"43.0,31.0,43.0,44.0,0.2","0,0,0"
20.716666666666665,168,AV,1,0,0,43,811.9223311028298,0.2,-0.4071666666666667,"43.0,31.0,43.0,44.0,0.2","0,0,0"
16.45,68,AV,1,0,0,37,202.1671703328395,0.2,-0.3645,"37.0,20.0,26.0,28.0,0.2","0,0,0"
35.18333333333333,81,AV,1,0,0,91,245.0458802045612,0.1,-0.4518333333333333,"91.0,89.0,104.0,105.0,0.1","0,0,0"
33.71666666666667,23,AV,1,0,0,79,73.09160502322729,0.7,-1.0371666666666666,"79.0,87.0,98.0,99.0,0.7","0,0,0"
76.41666666666667,265,AV,0,0,0,66,2707.974408753956,0.9,-1.7195586229255964,"66.0,82.0,85.0,86.0,0.9","0,0,0"
23.183333333333334,12,AV,2,0,0,42,50.6389294692178,0.1,-0.3318333333333333,"42.0,28.0,39.0,41.0,0.1","0,0,0"
16.416666666666668,196,AV,2,0,0,34,1072.9923340312846,0.8,-0.9641666666666667,"34.0,15.0,19.0,20.0,0.8","0,0,0"
32.5,131,AV,2,0,0,58,478.5239287445675,0.1,-0.42500000000000004,"58.0,73.0,74.0,71.0,0.1","0,0,0"
53.56666666666667,286,AV,0,0,0,53,4643.870520802318,0.7,-1.2679673088417815,"53.0,54.0,66.0,60.0,0.7","0,0,0"
20.6,246,AV,2,0,0,40,2108.112350525404,0.4,-0.6060000000000001,"40.0,23.0,33.0,36.0,0.4","0,0,0"
33.4,13,AV,1,0,0,76,56.9655073659875,0.1,-0.43399999999999994,"76.0,87.0,94.0,95.0,0.1","0,0,0"
74.33333333333333,85,AV,0,0,0,64,271.08983460321,0.8,-2.096655445981167,"64.0,78.0,81.0,81.0,0.8","0,0,0"
20.116666666666667,34,AV,2,0,0,38,107.2916859288986,0.1,-0.3011666666666667,"38.0,22.0,28.0,34.0,0.1","0,0,0"
13.1,61,AV,1,0,0,25,174.5089400609995,0.1,-0.231,"25.0,7.0,8.0,14.0,0.1","0,0,0"
11.033333333333333,56,AV,1,0,0,9,159.55488147859677,0.3,-0.4103333333333333,"9.0,3.0,1.0,1.0,0.3","0,0,0"
26.133333333333333,110,AV,1,0,0,53,334.4893823354989,0.7,-0.9613333333333333,"53.0,54.0,66.0,60.0,0.7","0,0,0"
55.36666666666667,72,AV,0,0,0,53,219.7200008165888,0.2,-1.4363537203828753,"53.0,54.0,66.0,60.0,0.2","0,0,0"
41.333333333333336,224,AV,0,0,0,47,1626.375456099421,0.8,-1.3055629593015885,"47.0,39.0,52.0,49.0,0.8","0,0,0"
16.316666666666666,84,AV,1,0,0,36,269.8898673920239,0.1,-0.26316666666666666,"36.0,20.0,22.0,24.0,0.1","0,0,0"
31.1,230,AV,2,0,0,56,1720.0254515592144,0.2,-0.511,"56.0,63.0,72.0,65.0,0.2","0,0,0"
27.016666666666666,270,AV,0,0,0,40,3361.647791920232,0.2,-0.5147876410473045,"40.0,23.0,33.0,36.0,0.2","0,0,0"
28.316666666666666,204,AV,2,0,0,49,1258.6658106662562,0.1,-0.38316666666666666,"49.0,47.0,56.0,53.0,0.1","0,0,0"
37.9,233,AV,2,0,0,77,1760.003078768232,0.7,-1.079,"77.0,87.0,96.0,95.0,0.7","0,0,0"
73.2,209,AV,0,0,0,63,1328.242730468568,0.1,-0.9449311657870576,"63.0,76.0,80.0,81.0,0.1","0,0,0"
12.3,79,AV,2,0,0,21,243.89016058691595,0.1,-0.22300000000000003,"21.0,7.0,6.0,9.0,0.1","0,0,0"
32.53333333333333,202,AV,2,0,0,60,1180.8933350413256,0.4,-0.7253333333333334,"60.0,75.0,75.0,76.0,0.4","0,0,0"
20.216666666666665,63,AV,2,0,0,34,182.60447896210496,0.2,-0.4021666666666667,"34.0,15.0,19.0,20.0,0.2","0,0,0"
67.68333333333334,107,AV,0,0,0,57,327.9812238700901,0.3,-1.434176586797786,"57.0,71.0,74.0,67.0,0.3","0,0,0"
11.733333333333333,198,AV,0,0,0,20,1101.3648052025387,0.4,-0.6535279886296004,"20.0,5.0,6.0,9.0,0.4","0,0,0"
15.466666666666667,65,AV,0,0,0,28,188.1809522587269,0.1,-1.051771783840096,"28.0,9.0,11.0,14.0,0.1","0,0,0"
16.6,156,AV,1,0,0,38,701.0129653895691,0.1,-0.266,"38.0,22.0,28.0,34.0,0.1","0,0,0"
34.18333333333333,282,AV,2,0,0,64,4375.144415198794,0.6,-0.9418333333333333,"64.0,78.0,81.0,81.0,0.6","0,0,0"
32.06666666666667,288,AV,2,0,0,57,5418.173617588036,0.3,-0.6206666666666667,"57.0,71.0,74.0,67.0,0.3","0,0,0"
23.9,235,AV,0,0,0,37,1800.236182483737,0.1,-0.42232240039362445,"37.0,20.0,26.0,28.0,0.1","0,0,0"
76.41666666666667,114,AV,0,0,0,65,347.3466033944039,0.1,-1.296011972001864,"65.0,81.0,83.0,86.0,0.1","0,0,0"
19.183333333333334,263,AV,1,0,0,40,2643.144867813206,0.1,-0.29183333333333333,"40.0,23.0,33.0,36.0,0.1","0,0,0"
29.483333333333334,216,AV,2,0,0,51,1449.6721998199296,0.2,-0.49483333333333335,"51.0,51.0,60.0,54.0,0.2","0,0,0"
48.55,194,AV,0,0,0,49,1055.5009210143155,0.7,-1.3276126187704818,"49.0,47.0,56.0,53.0,0.7","0,0,0"
16.7,205,AV,1,0,0,38,1259.0053412109537,0.2,-0.367,"38.0,22.0,28.0,34.0,0.2","0,0,0"
13.616666666666667,153,AV,2,0,0,11,679.8899681104378,0.1,-0.23616666666666666,"11.0,4.0,2.0,1.0,0.1","0,0,0"
22.066666666666666,231,AV,0,0,0,35,1742.1574128439938,0.1,-0.40676680830377154,"35.0,19.0,21.0,22.0,0.1","0,0,0"
16.283333333333335,15,AV,1,0,0,36,58.07880344506588,0.3,-0.4628333333333333,"36.0,20.0,22.0,24.0,0.3","0,0,0"
29.75,117,AV,2,0,0,55,386.6869563383244,0.2,-0.4975,"55.0,58.0,70.0,62.0,0.2","0,0,0"
18.916666666666668,46,AV,2,0,0,36,133.4659453520906,0.1,-0.2891666666666667,"36.0,20.0,22.0,24.0,0.1","0,0,0"
32.38333333333333,102,AV,2,0,0,59,320.04731439316066,1.0,-1.3238333333333334,"59.0,73.0,75.0,73.0,1.0","0,0,0"
30.633333333333333,5,AV,1,0,0,64,33.11520495706996,0.6,-0.9063333333333333,"64.0,78.0,81.0,81.0,0.6","0,0,0"
33.666666666666664,49,AV,2,0,0,61,139.4956714174783,0.2,-0.5366666666666666,"61.0,75.0,77.0,78.0,0.2","0,0,0"
33.95,37,AV,2,0,0,68,121.1666687229946,0.3,-0.6395,"68.0,83.0,87.0,88.0,0.3","0,0,0"
6.833333333333333,182,AV,0,0,0,6,968.3977162602168,0.2,-0.42322837023952703,"6.0,1.0,1.0,1.0,0.2","0,0,0"
43.56666666666667,251,AV,0,0,0,47,2335.546972870862,0.2,-0.6998914507289712,"47.0,39.0,52.0,49.0,0.2","0,0,0"
24.916666666666668,252,AV,2,0,0,47,2370.492766377288,0.9,-1.1491666666666667,"47.0,39.0,52.0,49.0,0.9","0,0,0"
33.083333333333336,96,AV,1,0,0,78,310.2654622498719,0.1,-0.4308333333333334,"78.0,87.0,97.0,98.0,0.1","0,0,0"
11.8,17,AV,1,0,0,27,62.02784652287068,0.3,-0.418,"27.0,7.0,10.0,14.0,0.3","0,0,0"
43.583333333333336,104,AV,0,0,0,47,324.2513705164505,0.1,-0.9984373919101341,"47.0,39.0,52.0,49.0,0.1","0,0,0"
36.36666666666667,294,AV,2,0,0,78,8303.39937180809,0.2,-0.5636666666666668,"78.0,87.0,97.0,98.0,0.2","0,0,0"
17.683333333333334,1,AV,2,0,0,35,25.36437593022136,0.6,-0.7768333333333333,"35.0,19.0,21.0,22.0,0.6","0,0,0"
25.866666666666667,169,AV,1,0,0,52,820.6009539766088,0.3,-0.5586666666666666,"52.0,54.0,63.0,56.0,0.3","0,0,0"
34.583333333333336,87,AV,0,0,0,43,283.2688492566928,0.1,-0.9753656147458684,"43.0,31.0,43.0,44.0,0.1","0,0,0"
21.583333333333332,213,AV,2,0,0,41,1368.7940705071314,0.2,-0.41583333333333333,"41.0,25.0,39.0,38.0,0.2","0,0,0"
23.083333333333332,55,AV,2,0,0,42,158.9425618344063,0.2,-0.43083333333333335,"42.0,28.0,39.0,41.0,0.2","0,0,0"
35.43333333333333,225,AV,2,0,0,70,1652.2580580022411,0.1,-0.45433333333333326,"70.0,85.0,89.0,91.0,0.1","0,0,0"
24.216666666666665,40,AV,2,0,0,44,127.88883641009588,0.5,-0.7421666666666666,"44.0,34.0,47.0,45.0,0.5","0,0,0"
79.48333333333333,157,AV,0,0,0,73,704.2816100207141,0.6,-1.607816318925685,"73.0,86.0,92.0,93.0,0.6","0,0,0"
34.2,33,AV,2,0,0,62,104.17042076097816,0.3,-0.642,"62.0,76.0,78.0,79.0,0.3","0,0,0"
13.116666666666667,206,AV,0,0,0,27,1287.2808357341378,0.1,-0.3476913564127506,"27.0,7.0,10.0,14.0,0.1","0,0,0"
17.95,75,AV,2,0,0,37,231.84237642249164,0.2,-0.3795,"37.0,20.0,26.0,28.0,0.2","0,0,0"
37.88333333333333,226,AV,1,0,0,86,1679.218473323897,0.3,-0.6788333333333334,"86.0,88.0,101.0,105.0,0.3","0,0,0"
15.266666666666667,18,AV,2,0,0,16,63.21977046916082,0.4,-0.5526666666666666,"16.0,4.0,2.0,6.0,0.4","0,0,0"
30.716666666666665,269,AV,1,0,0,68,3086.929619222636,0.1,-0.4071666666666667,"68.0,83.0,87.0,88.0,0.1","0,0,0"
