travel_time,id,kind,action,bid_route_0,bid_route_1,bid_route_2,karma_balance,origin,destination,start_time,income,urgency,reward
15.466666666666667,44,AV,1,2,7,7,10,0,0,33,10751.672106064549,0.3,-4.64
29.483333333333334,137,AV,0,5,3,2,2,0,0,40,4968.170350229253,0.1,-2.9483333333333337
28.983333333333334,50,AV,2,1,0,5,0,0,0,44,586.8516376274475,0.2,-5.796666666666667
37.13333333333333,63,AV,1,1,5,2,13,0,0,89,3863.855435177377,0.2,-7.426666666666667
30.55,84,AV,2,0,0,5,19,0,0,42,9280.176126726552,0.4,-12.22
47.016666666666666,132,AV,0,4,5,4,3,0,0,53,1141.5133047894662,0.7,-32.91166666666666
62.983333333333334,196,AV,0,5,5,7,10,0,0,64,4281.8327360815,0.3,-18.895
27.516666666666666,139,AV,2,0,1,1,5,0,0,33,2318.2944376966047,0.7,-19.261666666666663
25.233333333333334,118,AV,1,1,8,5,3,0,0,50,3752.1132597063192,0.3,-7.57
37.75,106,AV,2,2,1,5,3,0,0,58,3933.772930850901,0.1,-3.7750000000000004
19.266666666666666,104,AV,1,0,5,4,0,0,0,41,5670.319740923212,0.1,-1.9266666666666667
37.233333333333334,263,AV,1,0,4,3,16,0,0,75,388.2787303527966,1.0,-37.233333333333334
18.4,287,AV,1,1,5,0,2,0,0,40,2520.718778515204,1.0,-18.4
62.55,103,AV,0,7,3,5,11,0,0,65,4689.4303597647895,0.2,-12.51
16.333333333333332,220,AV,1,2,9,6,0,0,0,34,1723.69240549938,0.3,-4.8999999999999995
38.7,148,AV,2,2,3,5,1,0,0,66,1150.2916000513435,0.4,-15.480000000000002
21.483333333333334,252,AV,2,1,2,0,4,0,0,29,1022.032321197676,0.2,-4.296666666666667
60.65,134,AV,0,4,3,4,1,0,0,65,2645.062412614309,0.4,-24.26
32.38333333333333,221,AV,1,0,4,3,12,0,0,65,1005.9867386644172,0.8,-25.906666666666666
17.716666666666665,46,AV,1,2,4,4,2,0,0,37,1682.490559712908,0.9,-15.944999999999999
24.833333333333332,143,AV,2,0,1,7,13,0,0,17,2260.56382504795,0.7,-17.383333333333333
29.216666666666665,151,AV,1,0,4,3,1,0,0,57,1234.5997004771,0.8,-23.373333333333335
15.366666666666667,81,AV,1,0,3,4,2,0,0,31,597.1498506777683,0.2,-3.0733333333333337
23.5,100,AV,1,2,4,4,1,0,0,47,2953.464044858564,0.7,-16.45
15.433333333333334,10,AV,1,0,4,3,5,0,0,16,2622.7149314101284,0.2,-3.086666666666667
42.56666666666667,215,AV,2,2,0,5,0,0,0,56,961.7772661313056,1.0,-42.56666666666667
30.05,73,AV,2,0,0,3,5,0,0,37,522.440884226393,0.2,-6.010000000000001
27.65,258,AV,0,6,4,4,5,0,0,39,6709.13861087917,0.1,-2.765
18.633333333333333,282,AV,1,2,7,4,1,0,0,38,1635.9686818612918,0.1,-1.8633333333333333
20.716666666666665,67,AV,1,1,5,0,1,0,0,45,4200.245935785981,0.4,-8.286666666666667
39.78333333333333,58,AV,0,8,3,6,2,0,0,48,4679.48341028673,1.0,-39.78333333333333
34.81666666666667,224,AV,1,1,9,4,0,0,0,67,1251.6500609663929,0.4,-13.92666666666667
21.1,228,AV,2,0,2,5,1,0,0,17,2472.005569054355,0.3,-6.33
31.8,192,AV,1,1,7,7,3,0,0,61,8689.506535985933,1.0,-31.8
38.8,76,AV,2,1,3,7,8,0,0,57,3793.837230001502,1.0,-38.8
22.616666666666667,129,AV,1,0,4,3,6,0,0,48,2561.5826276178027,0.9,-20.355
28.3,198,AV,2,0,0,5,0,0,0,34,1047.1205397958274,0.4,-11.32
73.0,141,AV,0,7,7,4,7,0,0,77,541.9839687696077,1.0,-73.0
42.61666666666667,211,AV,2,1,3,1,15,0,0,65,776.0711537761008,1.0,-42.61666666666667
23.333333333333332,45,AV,1,1,5,0,19,0,0,46,6081.635477498837,0.2,-4.666666666666667
38.06666666666667,61,AV,2,1,2,5,0,0,0,56,381.3218977270381,0.5,-19.033333333333335
36.2,47,AV,1,3,8,2,3,0,0,81,1594.6992934726818,0.5,-18.1
26.15,0,AV,2,2,1,5,0,0,0,36,2750.2432356670683,0.4,-10.46
41.65,219,AV,0,7,7,4,5,0,0,50,3958.913906791885,0.1,-4.165
36.56666666666667,279,AV,0,8,1,4,2,0,0,44,1460.8215047913693,0.4,-14.626666666666669
12.766666666666667,286,AV,1,0,4,3,2,0,0,11,4617.971391102537,0.1,-1.2766666666666668
24.033333333333335,113,AV,2,2,1,2,23,0,0,24,2044.1603053436156,0.1,-2.4033333333333338
33.983333333333334,197,AV,1,2,6,6,13,0,0,66,1997.7276787447236,0.4,-13.593333333333334
18.966666666666665,66,AV,0,4,0,5,8,0,0,35,6020.57275324985,1.0,-18.966666666666665
66.18333333333334,208,AV,0,6,4,4,11,0,0,67,566.7055292848979,1.0,-66.18333333333334
26.333333333333332,142,AV,1,0,5,4,12,0,0,51,7912.643587116454,0.5,-13.166666666666666
19.333333333333332,171,AV,1,0,4,7,7,0,0,42,10450.70686878338,0.2,-3.8666666666666667
45.11666666666667,276,AV,0,6,3,3,2,0,0,52,3654.013033637752,0.8,-36.093333333333334
19.966666666666665,204,AV,1,2,9,0,1,0,0,44,1880.1756700095973,0.4,-7.986666666666666
59.166666666666664,294,AV,0,4,5,6,3,0,0,62,13079.31179296209,0.1,-5.916666666666667
6.65,2,AV,0,8,5,0,5,0,0,22,4687.914961676448,0.4,-2.66
28.45,195,AV,1,1,4,8,10,0,0,54,2969.8754393798326,0.5,-14.225
50.266666666666666,146,AV,0,7,4,5,3,0,0,54,2476.7926805910606,0.3,-15.079999999999998
64.21666666666667,80,AV,0,3,5,8,8,0,0,65,1174.3503864217532,0.2,-12.843333333333334
32.28333333333333,223,AV,1,2,7,4,2,0,0,61,4266.216809230351,0.3,-9.684999999999999
43.266666666666666,185,AV,2,0,0,5,3,0,0,59,639.9143284368583,1.0,-43.266666666666666
28.983333333333334,109,AV,1,1,5,2,6,0,0,54,3628.2404526711953,0.9,-26.085
24.2,43,AV,0,3,7,2,10,0,0,37,2117.047321722312,0.4,-9.68
24.1,120,AV,1,0,4,3,5,0,0,49,5341.061461458292,0.1,-2.41
35.983333333333334,19,AV,1,1,7,2,0,0,0,76,1148.2139867956057,0.3,-10.795
24.733333333333334,95,AV,1,1,7,5,9,0,0,49,3256.7228478661937,0.2,-4.946666666666667
58.86666666666667,262,AV,0,4,9,7,10,0,0,62,1830.3424648913517,0.3,-17.66
33.1,65,AV,0,6,4,4,7,0,0,41,2538.843693606908,0.3,-9.93
36.28333333333333,89,AV,2,1,2,5,6,0,0,54,1111.987968807459,1.0,-36.28333333333333
19.416666666666668,206,AV,1,2,6,6,0,0,0,42,1389.0632502942228,0.5,-9.708333333333334
33.85,51,AV,1,0,5,3,2,0,0,60,3508.846318545673,0.9,-30.465000000000003
43.06666666666667,140,AV,2,3,2,9,2,0,0,63,863.3540159882258,0.8,-34.45333333333334
21.1,275,AV,1,1,6,5,0,0,0,43,1639.6236094811811,0.4,-8.440000000000001
33.85,285,AV,1,2,4,4,7,0,0,61,2198.5025098873134,0.2,-6.7700000000000005
55.36666666666667,35,AV,0,3,4,2,2,0,0,59,4381.240268036911,0.3,-16.61
19.833333333333332,8,AV,1,0,5,4,0,0,0,43,2294.767722006211,0.2,-3.966666666666667
52.333333333333336,83,AV,0,9,3,7,0,0,0,55,4412.688598555705,1.0,-52.333333333333336
50.28333333333333,194,AV,0,4,5,6,2,0,0,55,4164.701887555128,1.0,-50.28333333333333
13.433333333333334,49,AV,0,9,8,1,6,0,0,31,3866.930621896856,0.3,-4.03
24.716666666666665,280,AV,2,0,2,5,1,0,0,33,4577.590037133467,0.4,-9.886666666666667
52.21666666666667,6,AV,0,7,6,7,3,0,0,57,1805.1606101798543,0.8,-41.77333333333334
31.2,242,AV,1,1,5,2,0,0,0,61,1986.5043233563797,0.2,-6.24
31.2,246,AV,0,5,7,7,4,0,0,41,640.5426603936758,0.1,-3.12
46.78333333333333,64,AV,0,6,8,9,9,0,0,53,1083.524948441525,1.0,-46.78333333333333
69.5,222,AV,0,3,1,0,8,0,0,69,3387.2787239910285,0.2,-13.9
39.88333333333333,24,AV,0,5,5,9,12,0,0,48,863.5619359671642,0.8,-31.906666666666666
10.1,231,AV,0,6,0,7,5,0,0,24,2043.1688306873104,0.1,-1.01
34.81666666666667,154,AV,1,2,4,4,13,0,0,70,7958.958807233507,0.1,-3.4816666666666674
25.666666666666668,40,AV,1,1,7,0,21,0,0,50,8348.421721831439,0.5,-12.833333333333334
26.483333333333334,160,AV,2,3,2,3,2,0,0,33,4707.821121085941,0.2,-5.296666666666667
37.03333333333333,261,AV,1,0,4,3,9,0,0,79,753.7709081553346,1.0,-37.03333333333333
34.5,265,AV,1,1,5,2,0,0,0,71,20239.22920549412,0.1,-3.45
23.016666666666666,254,AV,2,1,2,5,2,0,0,31,591.6693204447811,0.9,-20.715
29.0,107,AV,1,3,3,0,2,0,0,52,3783.636689084741,0.4,-11.600000000000001
38.233333333333334,218,AV,2,2,3,2,7,0,0,61,2347.541384251396,0.4,-15.293333333333335
24.733333333333334,245,AV,2,3,1,1,6,0,0,30,1475.2077210572677,0.2,-4.946666666666667
27.316666666666666,178,AV,1,0,6,1,1,0,0,52,3773.073658575576,0.6,-16.39
19.533333333333335,25,AV,1,0,4,1,15,0,0,43,1275.9312017726234,0.2,-3.906666666666667
31.283333333333335,162,AV,1,2,4,9,6,0,0,60,2857.712092786687,0.8,-25.02666666666667
34.45,56,AV,1,0,5,5,5,0,0,66,3398.605365942332,0.7,-24.115000000000002
37.21666666666667,111,AV,1,0,4,3,1,0,0,81,4429.527615460413,0.2,-7.443333333333334
26.533333333333335,36,AV,1,0,9,1,14,0,0,50,2756.9260540590044,1.0,-26.533333333333335
34.46666666666667,251,AV,0,4,2,8,10,0,0,42,2280.385817754286,0.6,-20.68
29.783333333333335,193,AV,1,0,5,5,0,0,0,56,7658.5640246764915,0.2,-5.956666666666667
25.9,59,AV,0,3,2,1,2,0,0,39,3159.4556453821087,0.1,-2.59
30.883333333333333,55,AV,2,1,1,7,1,0,0,44,1822.2981036688468,0.2,-6.176666666666667
34.516666666666666,187,AV,1,1,9,3,2,0,0,69,1596.1763216794554,0.2,-6.903333333333333
26.583333333333332,212,AV,2,2,2,0,6,0,0,32,1148.9174546898266,0.8,-21.266666666666666
19.233333333333334,108,AV,1,1,4,4,2,0,0,40,8480.737499651503,0.3,-5.7700000000000005
31.683333333333334,3,AV,1,1,8,7,4,0,0,60,3032.1279287666234,0.2,-6.336666666666667
32.1,156,AV,1,0,5,4,7,0,0,61,5849.7981009167725,0.2,-6.420000000000001
23.733333333333334,34,AV,2,1,1,5,0,0,0,25,3046.5766145774583,1.0,-23.733333333333334
15.4,237,AV,0,4,7,1,3,0,0,32,2158.6935677652164,0.1,-1.54
25.95,241,AV,1,2,6,3,0,0,0,46,877.2934597877683,0.8,-20.76
28.583333333333332,270,AV,2,1,2,2,5,0,0,43,1496.328062426438,0.5,-14.291666666666666
36.53333333333333,122,AV,1,0,4,3,4,0,0,70,3119.7161673652217,1.0,-36.53333333333333
20.116666666666667,272,AV,1,1,4,4,6,0,0,45,837.3801312568858,0.7,-14.081666666666665
11.733333333333333,48,AV,0,4,4,6,14,0,0,30,1921.5023446668008,0.2,-2.3466666666666667
39.6,1,AV,2,1,3,5,6,0,0,54,8139.327108000771,0.2,-7.920000000000001
74.65,99,AV,0,8,9,0,2,0,0,87,5578.433439706214,0.3,-22.395
38.56666666666667,203,AV,2,2,0,0,14,0,0,58,3065.2253709468137,0.1,-3.8566666666666674
57.03333333333333,243,AV,0,7,7,8,1,0,0,61,3476.696831582168,0.5,-28.516666666666666
13.833333333333334,77,AV,1,0,4,3,2,0,0,25,4967.653125719208,0.6,-8.3
32.88333333333333,230,AV,2,2,0,2,7,0,0,50,1261.43865123121,0.2,-6.576666666666667
38.166666666666664,291,AV,0,7,5,0,1,0,0,46,3824.993837156676,0.1,-3.8166666666666664
37.25,159,AV,2,2,3,3,5,0,0,58,3158.0604616132755,0.3,-11.174999999999999
35.483333333333334,125,AV,1,2,4,1,18,0,0,73,1294.2551843223837,0.9,-31.935000000000002
34.983333333333334,91,AV,1,1,5,0,3,0,0,72,1823.811293294481,0.3,-10.495
22.666666666666668,78,AV,1,0,8,0,8,0,0,47,473.5024380788758,0.1,-2.266666666666667
38.4,158,AV,0,4,9,1,7,0,0,44,3882.59008652233,0.5,-19.2
37.31666666666667,11,AV,1,1,9,3,17,0,0,73,7081.334819999852,1.0,-37.31666666666667
5.2,115,AV,0,7,8,0,7,0,0,10,861.805442805673,0.5,-2.6
22.533333333333335,32,AV,2,2,3,3,2,0,0,19,5051.78348307234,0.8,-18.026666666666667
34.81666666666667,94,AV,1,2,7,7,0,0,0,66,3941.04555698938,0.1,-3.4816666666666674
28.333333333333332,7,AV,1,0,6,5,0,0,0,54,1507.5005543882637,1.0,-28.333333333333332
19.85,186,AV,1,1,5,2,1,0,0,43,2141.869626207308,0.1,-1.9850000000000003
34.666666666666664,5,AV,0,5,5,0,0,0,0,42,3048.604611013583,0.2,-6.933333333333334
32.35,234,AV,1,1,5,3,1,0,0,60,985.8695826897422,0.2,-6.470000000000001
38.016666666666666,15,AV,2,0,0,5,7,0,0,54,743.7553910389753,0.2,-7.6033333333333335
17.583333333333332,27,AV,1,3,3,1,2,0,0,35,1122.7546975855585,0.2,-3.5166666666666666
26.916666666666668,101,AV,1,0,7,6,0,0,0,53,5168.6614957092925,0.2,-5.383333333333334
19.15,157,AV,1,0,4,3,1,0,0,41,2587.8859091729414,0.2,-3.83
34.03333333333333,163,AV,1,2,5,0,2,0,0,65,5003.647877951615,0.2,-6.806666666666667
35.516666666666666,271,AV,1,2,7,7,11,0,0,73,497.26542980048754,0.6,-21.31
30.683333333333334,37,AV,1,2,7,1,3,0,0,58,1541.4014724042315,1.0,-30.683333333333334
12.683333333333334,225,AV,1,3,4,2,2,0,0,20,5386.149373461946,0.1,-1.2683333333333335
17.733333333333334,278,AV,1,2,6,2,0,0,0,38,4196.147454418583,0.3,-5.32
21.016666666666666,117,AV,2,3,0,1,6,0,0,18,881.2906222289953,0.2,-4.203333333333333
53.85,264,AV,0,7,6,4,1,0,0,58,17322.90883950548,0.2,-10.770000000000001
71.06666666666666,116,AV,0,8,2,5,3,0,0,75,3465.4556083993225,0.9,-63.96
19.083333333333332,53,AV,0,3,2,3,8,0,0,34,13430.196447392702,0.8,-15.266666666666666
27.466666666666665,57,AV,2,0,0,8,2,0,0,33,1899.102970895097,1.0,-27.466666666666665
34.43333333333333,41,AV,1,3,4,0,2,0,0,67,14754.343640924068,0.1,-3.4433333333333334
34.016666666666666,128,AV,1,2,3,2,6,0,0,63,3531.3895067900216,0.4,-13.606666666666667
18.383333333333333,176,AV,1,0,7,0,1,0,0,40,1104.4445206976068,0.2,-3.6766666666666667
28.216666666666665,21,AV,1,2,6,5,6,0,0,53,3382.383844415393,1.0,-28.216666666666665
16.316666666666666,250,AV,1,0,9,1,2,0,0,32,1150.4391077840953,1.0,-16.316666666666666
45.85,114,AV,2,1,2,2,15,0,0,75,4669.869929992837,0.4,-18.34
44.63333333333333,166,AV,2,1,2,5,2,0,0,72,1052.4070316009115,0.7,-31.243333333333332
44.88333333333333,201,AV,0,7,4,4,3,0,0,52,9030.678864893336,0.9,-40.395
30.7,69,AV,1,0,9,1,8,0,0,59,742.6585956180782,0.7,-21.49
30.9,165,AV,1,0,7,6,3,0,0,56,2446.4664131825853,0.3,-9.27
46.0,155,AV,2,2,3,2,9,0,0,80,877.6907461205365,0.1,-4.6000000000000005
31.116666666666667,90,AV,2,0,1,5,14,0,0,47,4227.85786318916,0.1,-3.111666666666667
55.56666666666667,30,AV,0,8,8,0,2,0,0,59,5009.92015912814,1.0,-55.56666666666667
45.45,23,AV,2,2,0,7,4,0,0,89,6031.594525491932,0.6,-27.27
37.21666666666667,217,AV,2,1,1,7,0,0,0,54,825.4433072334436,0.6,-22.330000000000002
37.083333333333336,60,AV,2,2,1,2,7,0,0,55,2314.8193170712048,0.2,-7.416666666666668
46.833333333333336,97,AV,2,1,3,4,2,0,0,86,844.3352662229099,0.2,-9.366666666666667
29.016666666666666,205,AV,1,2,4,0,14,0,0,56,1293.252850487379,0.2,-5.803333333333334
33.63333333333333,14,AV,1,0,4,3,1,0,0,63,616.3739675020589,0.7,-23.543333333333333
71.26666666666667,174,AV,0,5,1,5,1,0,0,70,1869.7531794209297,0.5,-35.63333333333333
21.0,164,AV,1,0,3,4,4,0,0,45,2629.980017260476,0.1,-2.1
30.85,71,AV,1,1,5,7,3,0,0,58,7099.697064525982,0.1,-3.0850000000000004
76.1,13,AV,0,6,0,2,0,0,0,92,18628.94525544202,1.0,-76.1
6.916666666666667,190,AV,0,6,1,4,4,0,0,15,4376.119511966378,0.4,-2.766666666666667
36.35,20,AV,0,5,3,0,0,0,0,43,3456.1529418207683,0.2,-7.2700000000000005
24.2,152,AV,0,6,0,6,0,0,0,37,2754.938443140308,0.2,-4.84
42.4,4,AV,2,0,3,0,6,0,0,69,979.5720138781878,0.1,-4.24
29.45,240,AV,0,8,3,9,10,0,0,40,4021.28082322038,1.0,-29.45
41.7,227,AV,0,9,9,4,1,0,0,48,818.0604611907775,0.4,-16.680000000000003
49.416666666666664,133,AV,2,1,1,3,7,0,0,69,15387.119225735782,0.4,-19.766666666666666
32.233333333333334,247,AV,1,1,5,2,1,0,0,59,2971.291490045772,0.4,-12.893333333333334
24.5,31,AV,2,1,2,5,9,0,0,32,2239.257430619588,0.4,-9.8
24.583333333333332,68,AV,1,1,7,8,6,0,0,50,3024.224513765153,1.0,-24.583333333333332
21.55,87,AV,1,3,8,7,2,0,0,45,1097.8259349569896,0.7,-15.084999999999999
16.283333333333335,74,AV,1,0,8,5,0,0,0,33,779.2240782816187,0.4,-6.5133333333333345
24.416666666666668,239,AV,1,2,3,3,19,0,0,49,3151.1733449572957,0.1,-2.441666666666667
33.0,267,AV,1,2,3,3,2,0,0,65,1546.5147326922538,0.8,-26.400000000000002
30.433333333333334,210,AV,1,2,5,0,0,0,0,58,14505.369879802229,0.6,-18.259999999999998
31.25,257,AV,1,1,5,2,0,0,0,57,636.6552097563458,0.9,-28.125
20.416666666666668,179,AV,0,4,7,0,18,0,0,35,2401.1770329784995,0.2,-4.083333333333334
20.316666666666666,202,AV,1,1,6,1,8,0,0,45,912.6272274022258,0.6,-12.19
5.25,181,AV,0,5,5,2,0,0,0,2,1391.0507319816634,1.0,-5.25
29.283333333333335,135,AV,1,1,4,2,1,0,0,55,491.0984231068265,1.0,-29.283333333333335
24.733333333333334,283,AV,2,0,0,5,1,0,0,29,7332.887514065835,1.0,-24.733333333333334
13.6,236,AV,0,6,6,4,2,0,0,31,1824.367004680513,0.1,-1.36
12.933333333333334,180,AV,1,1,7,2,24,0,0,5,2318.1098695731453,0.4,-5.173333333333334
28.733333333333334,238,AV,2,1,2,2,12,0,0,41,1552.9853059451273,0.4,-11.493333333333334
67.71666666666667,199,AV,0,3,4,2,4,0,0,67,2329.0008356791827,0.2,-13.543333333333335
38.666666666666664,102,AV,2,2,3,5,0,0,0,47,627.4062491148882,0.5,-19.333333333333332
33.46666666666667,93,AV,1,2,4,4,5,0,0,65,4116.183110063293,1.0,-33.46666666666667
57.28333333333333,191,AV,0,5,6,4,7,0,0,61,5557.427333357366,0.2,-11.456666666666667
20.633333333333333,126,AV,0,7,0,4,0,0,0,35,5480.041794665195,1.0,-20.633333333333333
26.383333333333333,184,AV,1,2,5,0,9,0,0,45,892.1845339920479,0.1,-2.6383333333333336
39.78333333333333,28,AV,2,1,2,5,0,0,0,62,1530.0661682302475,0.7,-27.84833333333333
43.35,213,AV,2,2,2,0,7,0,0,65,4609.601315671212,0.5,-21.675
25.8,259,AV,1,2,9,7,1,0,0,51,1490.1599361877834,1.0,-25.8
37.2,105,AV,1,0,7,3,1,0,0,80,2891.134206742707,0.8,-29.760000000000005
33.0,79,AV,1,3,4,4,6,0,0,62,921.9548251796884,1.0,-33.0
40.3,209,AV,2,3,0,7,1,0,0,59,2909.8477340427667,0.3,-12.089999999999998
15.4,86,AV,1,0,7,2,0,0,0,31,1794.439334206041,0.5,-7.7
17.716666666666665,232,AV,1,3,4,4,2,0,0,36,1405.7852601227096,0.1,-1.7716666666666665
14.016666666666667,62,AV,1,0,6,1,2,0,0,25,8028.27043643778,0.3,-4.205
17.2,207,AV,0,6,6,2,2,0,0,34,4416.224882412617,0.7,-12.04
29.383333333333333,175,AV,1,1,7,9,3,0,0,57,2411.397471856681,0.7,-20.56833333333333
34.6,110,AV,2,1,1,1,6,0,0,49,1059.8377785859489,0.8,-27.680000000000003
27.966666666666665,169,AV,1,0,4,2,2,0,0,53,2835.850686157305,0.6,-16.779999999999998
67.83333333333333,249,AV,0,4,5,6,4,0,0,67,1444.5182772575097,0.1,-6.783333333333333
30.883333333333333,298,AV,1,2,7,7,1,0,0,59,1993.780724220221,0.9,-27.795
30.816666666666666,52,AV,2,0,0,5,2,0,0,45,946.2003450753726,1.0,-30.816666666666666
32.96666666666667,18,AV,0,5,0,1,5,0,0,41,1527.6889462703334,0.8,-26.373333333333335
30.65,88,AV,1,1,5,0,1,0,0,57,1317.647826688136,0.1,-3.065
27.25,38,AV,1,1,5,2,3,0,0,51,5307.329693361759,0.2,-5.45
15.633333333333333,214,AV,0,3,8,4,6,0,0,32,539.5213747330826,0.8,-12.506666666666668
34.266666666666666,39,AV,2,2,2,9,12,0,0,44,600.3305173079323,1.0,-34.266666666666666
11.85,150,AV,0,5,0,2,5,0,0,27,2857.8751728516777,0.2,-2.37
17.783333333333335,289,AV,1,1,5,2,2,0,0,37,870.7377108213431,0.7,-12.448333333333334
22.916666666666668,161,AV,1,2,4,1,3,0,0,48,6918.069898529506,0.1,-2.291666666666667
36.95,92,AV,1,2,4,0,8,0,0,74,682.056612603955,0.1,-3.6950000000000003
23.433333333333334,292,AV,2,3,1,5,6,0,0,12,2458.2611968747465,0.4,-9.373333333333333
24.783333333333335,172,AV,1,1,5,0,0,0,0,50,6197.036257351283,1.0,-24.783333333333335
18.866666666666667,273,AV,1,2,4,0,21,0,0,38,5144.150368411208,0.3,-5.66
29.066666666666666,260,AV,1,0,8,5,0,0,0,56,4135.471393234625,0.4,-11.626666666666667
19.2,144,AV,1,1,3,5,6,0,0,41,813.126641713825,0.8,-15.36
45.88333333333333,256,AV,2,3,3,9,5,0,0,73,5984.209260784091,0.1,-4.588333333333334
53.766666666666666,145,AV,0,6,5,1,5,0,0,57,5985.732437913218,0.5,-26.883333333333333
43.266666666666666,119,AV,2,2,2,0,6,0,0,63,4343.557359248321,0.2,-8.653333333333334
25.916666666666668,229,AV,1,1,5,0,4,0,0,51,4446.537177105173,0.2,-5.183333333333334
25.983333333333334,138,AV,0,4,2,9,18,0,0,37,10721.15711953896,0.6,-15.59
35.416666666666664,288,AV,1,0,5,4,5,0,0,66,5825.994272151124,0.2,-7.083333333333333
48.78333333333333,177,AV,0,3,4,4,2,0,0,53,542.8991684878858,0.1,-4.878333333333334
27.4,299,AV,1,0,6,0,6,0,0,53,10426.353459350525,0.1,-2.74
10.35,124,AV,0,3,2,9,7,0,0,25,1386.7650627050614,1.0,-10.35
28.233333333333334,131,AV,1,1,4,1,5,0,0,52,1404.912317929139,0.5,-14.116666666666667
18.2,54,AV,1,1,8,7,11,0,0,36,1310.9401185904849,0.1,-1.82
31.166666666666668,82,AV,1,0,4,3,7,0,0,59,465.3670128771111,0.1,-3.116666666666667
13.766666666666667,22,AV,1,1,3,3,1,0,0,24,1046.6558973464134,1.0,-13.766666666666667
27.416666666666668,16,AV,0,7,3,9,11,0,0,39,7130.271245067938,0.7,-19.191666666666666
60.6,26,AV,0,7,8,6,10,0,0,63,1592.6375082496468,0.8,-48.480000000000004
37.13333333333333,167,AV,2,0,0,5,5,0,0,55,2222.040577514192,0.2,-7.426666666666667
35.68333333333333,295,AV,1,2,7,4,3,0,0,74,3487.44186130441,0.4,-14.273333333333333
73.11666666666666,266,AV,0,6,4,4,3,0,0,74,19040.472291926453,0.3,-21.935
31.066666666666666,33,AV,0,4,1,6,2,0,0,40,8326.33528790118,0.3,-9.32
27.7,226,AV,1,0,4,3,9,0,0,51,1659.6531244520008,1.0,-27.7
41.083333333333336,189,AV,2,0,0,3,7,0,0,59,2052.607856914241,0.4,-16.433333333333334
23.083333333333332,290,AV,1,2,8,5,1,0,0,45,586.3474640105957,0.6,-13.85
38.11666666666667,182,AV,1,0,9,1,3,0,0,83,2476.7673195544394,0.8,-30.493333333333336
69.46666666666667,284,AV,0,4,5,6,4,0,0,68,4660.29795945294,0.7,-48.626666666666665
23.75,12,AV,1,1,5,2,0,0,0,49,3031.4508351358254,0.8,-19.0
15.733333333333333,173,AV,1,2,3,3,2,0,0,25,3942.222625638348,0.3,-4.72
15.45,121,AV,1,1,5,3,1,0,0,31,3427.0421228311798,0.3,-4.635
8.766666666666667,253,AV,1,0,3,5,2,0,0,0,5611.673516276995,0.2,-1.7533333333333336
64.4,149,AV,0,4,5,6,3,0,0,65,2767.495209174315,0.1,-6.440000000000001
21.2,42,AV,1,0,4,3,2,0,0,46,2797.307504072895,0.6,-12.719999999999999
43.18333333333333,70,AV,0,7,0,6,5,0,0,50,1929.5758599688188,0.3,-12.954999999999998
38.516666666666666,170,AV,2,1,3,1,23,0,0,54,4113.319853961603,0.2,-7.703333333333333
35.233333333333334,281,AV,1,1,7,0,13,0,0,70,4459.768546990965,1.0,-35.233333333333334
48.71666666666667,153,AV,0,6,1,0,4,0,0,53,676.2529471816457,0.2,-9.743333333333334
17.65,9,AV,1,1,5,0,3,0,0,35,1454.957177165027,0.8,-14.12
11.683333333333334,123,AV,1,1,5,2,0,0,0,20,658.4091024775607,0.1,-1.1683333333333334
8.716666666666667,168,AV,0,4,0,1,1,0,0,21,783.6834518391023,1.0,-8.716666666666667
14.933333333333334,29,AV,1,2,4,0,1,0,0,30,1567.0706205360798,0.8,-11.946666666666667
45.31666666666667,112,AV,2,0,2,8,3,0,0,65,1592.2311391495805,1.0,-45.31666666666667
32.53333333333333,216,AV,2,1,1,1,5,0,0,47,2108.868816674547,0.3,-9.76
37.733333333333334,85,AV,1,2,8,5,2,0,0,82,3534.445695738256,0.4,-15.093333333333334
16.883333333333333,188,AV,0,7,7,5,5,0,0,34,2177.5877894542577,0.7,-11.818333333333332
12.55,72,AV,1,1,4,0,2,0,0,23,11861.36896338871,0.1,-1.2550000000000001
31.616666666666667,296,AV,2,0,0,5,13,0,0,48,822.5771428470101,0.1,-3.161666666666667
26.383333333333333,244,AV,1,2,6,2,0,0,0,52,3368.9508766880413,0.6,-15.829999999999998
22.85,98,AV,0,6,2,6,5,0,0,34,4959.361066312568,0.1,-2.285
25.216666666666665,268,AV,1,0,4,3,7,0,0,50,2574.4307659940623,0.2,-5.043333333333333
15.05,96,AV,1,1,5,2,17,0,0,30,1832.3133019091129,0.3,-4.515
23.533333333333335,297,AV,1,0,4,3,0,0,0,48,2815.231094880572,0.2,-4.706666666666667
39.03333333333333,235,AV,2,2,1,0,6,0,0,61,5427.330032863625,1.0,-39.03333333333333
43.21666666666667,147,AV,0,5,3,4,2,0,0,51,904.859336063587,0.2,-8.643333333333334
28.366666666666667,130,AV,1,2,4,1,13,0,0,54,2398.572127464108,0.2,-5.673333333333334
36.166666666666664,17,AV,1,0,4,3,6,0,0,73,3919.41152379869,0.3,-10.85
22.733333333333334,293,AV,0,3,0,7,11,0,0,35,5913.041300376779,0.6,-13.64
8.466666666666667,255,AV,0,4,1,4,3,0,0,20,933.6906207466446,0.5,-4.233333333333333
66.18333333333334,136,AV,0,9,8,3,7,0,0,65,854.5785374972068,0.7,-46.32833333333333
41.983333333333334,269,AV,2,0,1,8,4,0,0,68,1950.0200213032829,0.1,-4.198333333333333
15.85,183,AV,1,2,5,0,2,0,0,31,4818.617258984985,0.2,-3.17
29.233333333333334,75,AV,1,1,7,0,5,0,0,52,7897.119961473183,0.2,-5.846666666666668
35.71666666666667,233,AV,2,0,0,5,3,0,0,51,2965.4163440895786,1.0,-35.71666666666667
74.56666666666666,274,AV,0,4,0,5,4,0,0,81,6563.608435155774,0.6,-44.739999999999995
25.8,277,AV,2,0,2,5,2,0,0,32,1074.3823512953045,1.0,-25.8
16.316666666666666,200,AV,1,0,6,4,0,0,0,34,8987.033628468456,0.4,-6.526666666666667
41.85,248,AV,2,1,2,5,8,0,0,64,610.4868582393152,0.6,-25.11
29.166666666666668,127,AV,1,0,4,3,5,0,0,54,1945.516475481125,0.3,-8.75
