travel_time,id,kind,action,origin,destination,start_time,income,urgency,reward,observation,cost_table
22.283333333333335,43,AV,1,0,0,52,968.7072844723906,0.5,-0.7228333333333333,"0.4696309771309771,0.20463781094527364,0.2376447844685751,0.5,0.52,0.04658745492005087","0,0,0"
16.683333333333334,278,AV,2,0,0,38,8436.938288223368,0.6,-0.7668333333333333,"0.20686490528414758,0.12626740455566254,0.15908493248045474,0.6,0.38,0.4057525822983113","0,0,0"
20.55,86,AV,0,0,0,39,1592.2311391495805,0.1,-0.49391485549656544,"0.23558447009443864,0.13443885601577915,0.16770368542283653,0.1,0.39,0.07657421143254188","0,0,0"
30.566666666666666,168,AV,2,0,0,62,2964.6777926145683,0.4,-0.7056666666666667,"0.639014103887169,0.26308878968253974,0.29648504486540384,0.4,0.62,0.14257846021167567","0,0,0"
32.25,89,AV,1,0,0,79,1653.1781197118603,0.3,-0.6225,"0.8065830731876521,0.3131927031509122,0.3465581854043396,0.3,0.79,0.07950529779368645","0,0,0"
10.35,22,AV,1,0,0,30,753.5670156580491,0.8,-0.9035000000000001,"0.08859345794392523,0.09168389694041865,0.12611405295315686,0.8,0.3,0.03624084378629158","0,0,0"
33.65,123,AV,2,0,0,68,2193.4249838744518,0.1,-0.4365,"0.7655730027548209,0.3009116766467065,0.33330033003300324,0.1,0.68,0.10548706425018813","0,0,0"
10.833333333333334,247,AV,1,0,0,32,5354.15698790508,0.2,-0.30833333333333335,"0.11104883559263123,0.09943816942551117,0.13500938967136147,0.2,0.32,0.2574942413535784","0,0,0"
34.46666666666667,255,AV,2,0,0,79,5807.233742044462,0.3,-0.6446666666666667,"0.8065830731876521,0.3131927031509122,0.3465581854043396,0.3,0.79,0.27928378830664774","0,0,0"
18.983333333333334,73,AV,1,0,0,45,1446.9812594843625,0.3,-0.48983333333333334,"0.36953881278538814,0.1778497882046269,0.2113548280423281,0.3,0.45,0.06958879661269593","0,0,0"
20.25,84,AV,2,0,0,39,1581.438059619256,0.5,-0.7025,"0.23558447009443864,0.13443885601577915,0.16770368542283653,0.5,0.39,0.07605514637116847","0,0,0"
18.533333333333335,47,AV,2,0,0,40,1025.7249596144625,0.5,-0.6853333333333333,"0.26810261780104705,0.14687574552683902,0.1807872096826954,0.5,0.4,0.049329571566540366","0,0,0"
27.266666666666666,244,AV,2,0,0,56,5051.78348307234,0.2,-0.4726666666666667,"0.5399934210526315,0.22907843137254902,0.2647971536351166,0.2,0.56,0.24295237483598997","0,0,0"
31.233333333333334,297,AV,1,0,0,74,17693.100214811147,0.4,-0.7123333333333334,"0.7863878472222224,0.3086329243353784,0.34268378119001924,0.4,0.74,0.8509035927219247","0,0,0"
13.433333333333334,125,AV,2,0,0,27,2239.257430619588,0.2,-0.33433333333333337,"0.0742290580465763,0.08681411468178955,0.12199671166493595,0.2,0.27,0.10769125645648253","0,0,0"
27.866666666666667,80,AV,2,0,0,55,1526.0895405694364,0.5,-0.7786666666666666,"0.5230311785830886,0.22303838383838376,0.2585897832817336,0.5,0.55,0.07339330344146505","0,0,0"
8.383333333333333,267,AV,1,0,0,17,7081.334819999852,0.5,-0.5838333333333333,"0.0522714776632302,0.07970518867924531,0.11759210526315782,0.5,0.17,0.34055836266392014","0,0,0"
17.766666666666666,78,AV,1,0,0,43,1496.328062426438,0.3,-0.4776666666666667,"0.32294963273872007,0.16367869071476307,0.1975186264982183,0.3,0.43,0.0719620026310286","0,0,0"
26.883333333333333,151,AV,1,0,0,62,2744.8905386527767,0.1,-0.36883333333333335,"0.639014103887169,0.26308878968253974,0.29648504486540384,0.1,0.62,0.13200836442518263","0,0,0"
20.966666666666665,282,AV,1,0,0,51,9030.678864893336,0.1,-0.30966666666666665,"0.4434620187304891,0.19751865160848733,0.23092950558213715,0.1,0.51,0.4343069895926497","0,0,0"
16.8,137,AV,0,0,0,37,2446.4664131825853,0.3,-0.5906258404298848,"0.17782182774490468,0.1189854026307347,0.15129935275080908,0.3,0.37,0.11765643302624577","0,0,0"
27.416666666666668,288,AV,0,0,0,42,11515.391842589095,0.1,-0.4002187545244559,"0.3069259845288327,0.1592776089159068,0.19297623604465702,0.1,0.42,0.5538027915682833","0,0,0"
15.766666666666667,145,AV,1,0,0,41,2563.744074524839,0.9,-1.0576666666666668,"0.2824613220815753,0.15249404170804376,0.18692146341463423,0.9,0.41,0.1232965968285517","0,0,0"
69.78333333333333,140,AV,0,0,0,67,2478.182963693478,0.1,-0.9188897704064382,"0.7431743455497378,0.29343500948766593,0.32432046000686576,0.1,0.67,0.1191817579523926","0,0,0"
25.4,41,AV,1,0,0,59,938.3100494872764,0.6,-0.854,"0.5968535513361464,0.24852221108884442,0.28424693745970353,0.6,0.59,0.04512557903941836","0,0,0"
22.533333333333335,218,AV,2,0,0,42,4164.701887555128,0.4,-0.6253333333333334,"0.3069259845288327,0.1592776089159068,0.19297623604465702,0.4,0.42,0.2002904949224166","0,0,0"
13.916666666666666,93,AV,1,0,0,39,1682.490559712908,0.2,-0.33916666666666667,"0.23558447009443864,0.13443885601577915,0.16770368542283653,0.2,0.39,0.08091500328370894","0,0,0"
44.88333333333333,156,AV,0,0,0,56,2797.307504072895,0.9,-1.4560793188258823,"0.5399934210526315,0.22907843137254902,0.2647971536351166,0.9,0.56,0.13452922191505445","0,0,0"
31.183333333333334,15,AV,1,0,0,70,639.9143284368583,0.1,-0.4118333333333334,"0.7755371134020619,0.30491840796019903,0.3384409618573798,0.1,0.7,0.030775013677102628","0,0,0"
22.2,239,AV,0,0,0,39,4924.983441788647,0.5,-0.7829139103807924,"0.23558447009443864,0.13443885601577915,0.16770368542283653,0.5,0.39,0.2368542569609065","0,0,0"
39.81666666666667,23,AV,0,0,0,52,753.7709081553346,0.3,-1.0961655768848586,"0.4696309771309771,0.20463781094527364,0.2376447844685751,0.3,0.52,0.036250649465136044","0,0,0"
22.533333333333335,256,AV,1,0,0,54,5849.7981009167725,0.2,-0.42533333333333334,"0.5130733722060254,0.22013597829772802,0.25547090220385676,0.2,0.54,0.28133081033481866","0,0,0"
29.7,298,AV,2,0,0,59,19040.472291926453,0.3,-0.597,"0.5968535513361464,0.24852221108884442,0.28424693745970353,0.3,0.59,0.91570194503052","0,0,0"
15.833333333333334,70,AV,2,0,0,37,1391.0507319816634,0.2,-0.35833333333333334,"0.17782182774490468,0.1189854026307347,0.15129935275080908,0.2,0.37,0.06689896350164852","0,0,0"
20.616666666666667,116,AV,1,0,0,49,2078.9202215407213,0.5,-0.7061666666666666,"0.4169361559139784,0.19098481781376517,0.22502866666666665,0.5,0.49,0.09998025580674873","0,0,0"
30.916666666666668,249,AV,2,0,0,65,5480.041794665195,0.6,-0.9091666666666667,"0.6998518320882252,0.2816966854283927,0.31374326168543165,0.6,0.65,0.26354834340696637","0,0,0"
24.566666666666666,107,AV,1,0,0,58,1945.516475481125,0.5,-0.7456666666666667,"0.57840350877193,0.2412108646737384,0.27572299077733853,0.5,0.58,0.09356454994251304","0,0,0"
13.783333333333333,34,AV,0,0,0,35,877.2934597877683,0.9,-1.379794163717929,"0.13171061702861084,0.10652824302134649,0.14244121576486293,0.9,0.35,0.04219114500803879","0,0,0"
30.5,9,AV,1,0,0,69,572.7967315704935,0.9,-1.205,"0.7716221308667354,0.3038370332996974,0.3365943241469816,0.9,0.69,0.027547167589358008","0,0,0"
28.933333333333334,4,AV,2,0,0,56,513.3463032142733,0.1,-0.3893333333333333,"0.5399934210526315,0.22907843137254902,0.2647971536351166,0.1,0.56,0.024688054010448962","0,0,0"
15.016666666666667,72,AV,2,0,0,36,1434.4967426379471,0.2,-0.3501666666666667,"0.1613386270491803,0.11460693359374996,0.14764914965986392,0.2,0.36,0.06898838627708276","0,0,0"
24.666666666666668,88,AV,1,0,0,56,1645.9523587482854,0.4,-0.6466666666666667,"0.5399934210526315,0.22907843137254902,0.2647971536351166,0.4,0.56,0.07915779363164543","0,0,0"
13.9,236,AV,2,0,0,31,4717.175795221327,0.3,-0.439,"0.10005493005800072,0.09545353037766834,0.13038832658569496,0.3,0.31,0.2268602892044136","0,0,0"
9.6,182,AV,1,0,0,24,3225.188153267811,0.5,-0.596,"0.06573300970873786,0.0845736040609137,0.12100114784205694,0.5,0.24,0.15510702779620594","0,0,0"
32.18333333333333,129,AV,1,0,0,83,2335.4036410281064,0.1,-0.4218333333333333,"0.8239271365338778,0.3163846809962471,0.34816634114583345,0.1,0.83,0.1123151581396212","0,0,0"
6.683333333333334,27,AV,0,0,0,20,832.3173438658397,0.1,-0.5272727765469025,"0.05735888364779876,0.0819008916323731,0.11943967517401394,0.1,0.2,0.0400281358033201","0,0,0"
15.35,138,AV,2,0,0,37,2472.005569054355,0.2,-0.35350000000000004,"0.17782182774490468,0.1189854026307347,0.15129935275080908,0.2,0.37,0.11888467223941558","0,0,0"
20.15,199,AV,2,0,0,38,3456.1529418207683,0.1,-0.3015,"0.20686490528414758,0.12626740455566254,0.15908493248045474,0.1,0.38,0.1662146780093356","0,0,0"
36.016666666666666,279,AV,2,0,0,83,8795.495569618428,0.1,-0.4601666666666666,"0.8239271365338778,0.3163846809962471,0.34816634114583345,0.1,0.83,0.42299646128116253","0,0,0"
20.433333333333334,215,AV,2,0,0,41,4061.843573313689,0.5,-0.7043333333333334,"0.2824613220815753,0.15249404170804376,0.18692146341463423,0.5,0.41,0.19534379207968386","0,0,0"
21.516666666666666,258,AV,2,0,0,47,5913.041300376779,0.6,-0.8151666666666666,"0.3936967353951893,0.18528664007976062,0.21959582919563053,0.6,0.47,0.2843723273658871","0,0,0"
11.966666666666667,257,AV,0,0,0,33,5862.871835726062,0.4,-0.5708361290744779,"0.12586951983298536,0.10430945371279035,0.14036208042539045,0.4,0.33,0.2819595575743898","0,0,0"
15.7,169,AV,2,0,0,36,2965.4163440895786,0.6,-0.757,"0.1613386270491803,0.11460693359374996,0.14764914965986392,0.6,0.36,0.14261397892212588","0,0,0"
38.21666666666667,250,AV,0,0,0,51,5487.970610754926,0.2,-0.6368316824399075,"0.4434620187304891,0.19751865160848733,0.23092950558213715,0.2,0.51,0.2639296591749704","0,0,0"
8.65,28,AV,0,0,0,22,844.3352662229099,0.1,-0.5418090958074445,"0.06131666666666663,0.08312375719518576,0.11999445417396384,0.1,0.22,0.04060610649169747","0,0,0"
66.35,162,AV,0,0,0,66,2857.8751728516777,0.2,-0.9684730942939157,"0.715721073630758,0.2862303696914145,0.3164518900343643,0.2,0.66,0.13744206626346972","0,0,0"
22.55,55,AV,0,0,0,39,1117.0806745336297,0.2,-0.694057147965385,"0.23558447009443864,0.13443885601577915,0.16770368542283653,0.2,0.39,0.05372308684066549","0,0,0"
18.766666666666666,246,AV,0,0,0,38,5158.4050556257225,0.5,-0.7458241779060801,"0.20686490528414758,0.12626740455566254,0.15908493248045474,0.5,0.38,0.24808006178999184","0,0,0"
10.833333333333334,97,AV,1,0,0,35,1778.835052690156,0.1,-0.20833333333333334,"0.13171061702861084,0.10652824302134649,0.14244121576486293,0.1,0.35,0.08554844085078303","0,0,0"
11.083333333333334,20,AV,2,0,0,22,742.4887258523852,0.4,-0.5108333333333334,"0.06131666666666663,0.08312375719518576,0.11999445417396384,0.4,0.22,0.035708062279240435","0,0,0"
26.216666666666665,252,AV,2,0,0,55,5578.433439706214,0.6,-0.8621666666666666,"0.5230311785830886,0.22303838383838376,0.2585897832817336,0.6,0.55,0.2682802334230043","0,0,0"
28.633333333333333,53,AV,2,0,0,56,1100.389953660579,0.1,-0.3863333333333333,"0.5399934210526315,0.22907843137254902,0.2647971536351166,0.1,0.56,0.052920390072797266","0,0,0"
17.0,294,AV,0,0,0,37,14297.77376075636,0.3,-0.4909822875239096,"0.17782182774490468,0.1189854026307347,0.15129935275080908,0.3,0.37,0.6876142062863859","0,0,0"
19.183333333333334,133,AV,1,0,0,45,2392.7441380289174,0.1,-0.29183333333333333,"0.36953881278538814,0.1778497882046269,0.2113548280423281,0.1,0.45,0.1150728000629743","0,0,0"
17.15,7,AV,2,0,0,37,567.550811201735,0.6,-0.7715,"0.17782182774490468,0.1189854026307347,0.15129935275080908,0.6,0.37,0.027294878706419726","0,0,0"
11.666666666666666,273,AV,2,0,0,16,7958.958807233507,0.1,-0.21666666666666667,"0.0515780141843972,0.08017601246105921,0.11968041237113403,0.1,0.16,0.38276540352897576","0,0,0"
23.566666666666666,112,AV,1,0,0,55,2034.664800296876,0.2,-0.43566666666666665,"0.5230311785830886,0.22303838383838376,0.2585897832817336,0.2,0.55,0.09785190653632031","0,0,0"
19.933333333333334,2,AV,1,0,0,49,437.8567856598078,0.4,-0.5993333333333334,"0.4169361559139784,0.19098481781376517,0.22502866666666665,0.4,0.49,0.021057582192617507","0,0,0"
58.8,52,AV,0,0,0,63,1089.3140785512585,0.6,-1.4634026647658747,"0.6711280701754386,0.2715528893241919,0.3023866864882721,0.6,0.63,0.052387724694280345","0,0,0"
44.916666666666664,38,AV,0,0,0,54,905.8209551718018,0.3,-1.0803579449067475,"0.5130733722060254,0.22013597829772802,0.25547090220385676,0.3,0.54,0.04356310063022602","0,0,0"
35.233333333333334,30,AV,2,0,0,73,850.3216016091212,0.9,-1.2523333333333333,"0.781012833675565,0.3066745711402625,0.3405857142857145,0.9,0.73,0.04089400370730819","0,0,0"
37.53333333333333,3,AV,2,0,0,100,449.0833195935783,0.4,-0.7753333333333333,"0.8471112217795482,0.3212723829201103,0.35462499999999986,0.4,1.0,0.021597493115072083","0,0,0"
53.55,99,AV,0,0,0,61,1797.659883656486,0.5,-1.202383626167255,"0.6267407407407407,0.25865925559947306,0.2950732931726909,0.5,0.61,0.08645377208765831","0,0,0"
19.216666666666665,254,AV,2,0,0,41,5702.891177591027,0.2,-0.39216666666666666,"0.2824613220815753,0.15249404170804376,0.18692146341463423,0.2,0.41,0.27426570431405706","0,0,0"
12.066666666666666,132,AV,2,0,0,29,2352.9451803313505,0.7,-0.8206666666666667,"0.08267436974789914,0.08960777777777777,0.12462968643490115,0.7,0.29,0.11315877280487406","0,0,0"
31.0,98,AV,1,0,0,75,1782.711710770346,0.1,-0.41000000000000003,"0.7888108437935847,0.3094845710410308,0.3439357989113031,0.1,0.75,0.08573487862868172","0,0,0"
21.3,111,AV,1,0,0,52,2022.4315636845977,0.2,-0.41300000000000003,"0.4696309771309771,0.20463781094527364,0.2376447844685751,0.2,0.52,0.09726358086938654","0,0,0"
11.9,241,AV,0,0,0,28,4950.268578812107,0.4,-0.5796027723998745,"0.07720668745668746,0.08786708054759633,0.12318262959148644,0.4,0.28,0.238070279798878","0,0,0"
34.43333333333333,131,AV,0,0,0,48,2347.541384251396,0.7,-1.172126607612784,"0.4085362021857923,0.18859865996649916,0.2227568549719194,0.7,0.48,0.11289889130061848","0,0,0"
8.6,46,AV,1,0,0,10,985.8695826897422,0.1,-0.186,"0.0,0.0,0.0,0.1,0.1,0.04741283097259167","0,0,0"
30.016666666666666,225,AV,1,0,0,67,4549.070920567666,0.4,-0.7001666666666666,"0.7431743455497378,0.29343500948766593,0.32432046000686576,0.4,0.67,0.21877572290115335","0,0,0"
19.383333333333333,204,AV,1,0,0,46,3742.7752140142647,0.5,-0.6938333333333333,"0.3778500517063082,0.18043745938921377,0.21385562310030398,0.5,0.46,0.17999902999980277","0,0,0"
16.966666666666665,64,AV,2,0,0,38,1261.43865123121,0.6,-0.7696666666666666,"0.20686490528414758,0.12626740455566254,0.15908493248045474,0.6,0.38,0.060665607909257666","0,0,0"
17.75,164,AV,1,0,0,44,2927.9701715656583,0.1,-0.27749999999999997,"0.3420727335401586,0.1698992817499183,0.20421841397849452,0.1,0.44,0.14081310274172557","0,0,0"
46.833333333333336,210,AV,0,0,0,58,3866.930621896856,0.3,-0.8459142442245766,"0.57840350877193,0.2412108646737384,0.27572299077733853,0.3,0.58,0.18596996111648273","0,0,0"
12.433333333333334,285,AV,2,0,0,21,9884.322174397852,0.4,-0.5243333333333333,"0.05982163187855785,0.08274818537130095,0.11956537216828472,0.4,0.21,0.47536074219347274","0,0,0"
18.983333333333334,266,AV,2,0,0,39,6995.337061486569,0.2,-0.38983333333333337,"0.23558447009443864,0.13443885601577915,0.16770368542283653,0.2,0.39,0.3364225243542649","0,0,0"
10.55,37,AV,1,0,0,32,904.859336063587,0.6,-0.7055,"0.11104883559263123,0.09943816942551117,0.13500938967136147,0.6,0.32,0.043516854062689764","0,0,0"
74.63333333333334,248,AV,0,0,0,78,5434.023139443809,0.2,-1.0015410481887226,"0.8052467082467085,0.3127012516469039,0.3460397614314114,0.2,0.78,0.26133519598878074","0,0,0"
59.03333333333333,165,AV,0,0,0,63,2942.323800284961,0.2,-0.8922935594549264,"0.6711280701754386,0.2715528893241919,0.3023866864882721,0.2,0.63,0.1415034031468308","0,0,0"
14.716666666666667,286,AV,2,0,0,34,10721.15711953896,0.1,-0.24716666666666667,"0.12881799379524295,0.10536287952987272,0.14111525537634398,0.1,0.34,0.5156061402690313","0,0,0"
10.833333333333334,155,AV,1,0,0,32,2767.495209174315,0.2,-0.30833333333333335,"0.11104883559263123,0.09943816942551117,0.13500938967136147,0.2,0.32,0.13309547720505432","0,0,0"
31.183333333333334,144,AV,1,0,0,77,2533.2754137277425,0.3,-0.6118333333333333,"0.8037855902777781,0.3124953426480372,0.3461881139489193,0.3,0.77,0.12183128590944142","0,0,0"
32.86666666666667,108,AV,0,0,0,47,1963.0347272178835,0.2,-0.6814912682085741,"0.3936967353951893,0.18528664007976062,0.21959582919563053,0.2,0.47,0.09440704465288248","0,0,0"
27.966666666666665,142,AV,2,0,0,56,2520.757475212996,0.4,-0.6796666666666666,"0.5399934210526315,0.22907843137254902,0.2647971536351166,0.4,0.56,0.12122926824569963","0,0,0"
26.083333333333332,44,AV,1,0,0,61,978.4447105201264,0.3,-0.5608333333333333,"0.6267407407407407,0.25865925559947306,0.2950732931726909,0.3,0.61,0.04705575107546101","0,0,0"
25.066666666666666,45,AV,1,0,0,57,979.5720138781878,0.2,-0.45066666666666666,"0.5704729299363058,0.2381148255813955,0.27316550695825054,0.2,0.57,0.04710996579565228","0,0,0"
15.666666666666666,128,AV,1,0,0,40,2280.385817754286,0.5,-0.6566666666666666,"0.26810261780104705,0.14687574552683902,0.1807872096826954,0.5,0.4,0.10966921916233309","0,0,0"
62.45,110,AV,0,0,0,65,2015.5588757501516,0.2,-0.9733420921906069,"0.6998518320882252,0.2816966854283927,0.31374326168543165,0.2,0.65,0.09693305683549329","0,0,0"
36.21666666666667,92,AV,0,0,0,49,1664.0464513081895,0.3,-0.8424500955121506,"0.4169361559139784,0.19098481781376517,0.22502866666666665,0.3,0.49,0.08002798190726358","0,0,0"
25.8,268,AV,2,0,0,53,7177.938863287724,0.9,-1.158,"0.4897357887655567,0.21155253798900733,0.24516736256089078,0.9,0.53,0.345204282627472","0,0,0"
31.433333333333334,135,AV,2,0,0,59,2417.357356239525,0.2,-0.5143333333333333,"0.5968535513361464,0.24852221108884442,0.28424693745970353,0.2,0.59,0.11625650871491097","0,0,0"
28.7,104,AV,1,0,0,66,1900.764377468582,0.3,-0.587,"0.715721073630758,0.2862303696914145,0.3164518900343643,0.3,0.66,0.09141231429593938","0,0,0"
60.93333333333333,299,AV,0,0,0,63,20793.30768626012,0.2,-0.8237610523151591,"0.6711280701754386,0.2715528893241919,0.3023866864882721,0.2,0.63,1.0","0,0,0"
20.666666666666668,191,AV,1,0,0,49,3301.717979419838,0.1,-0.30666666666666664,"0.4169361559139784,0.19098481781376517,0.22502866666666665,0.1,0.49,0.15878753054770403","0,0,0"
43.233333333333334,192,AV,0,0,0,53,3352.9358316496982,0.1,-0.6218071601713481,"0.4897357887655567,0.21155253798900733,0.24516736256089078,0.1,0.53,0.16125071981045438","0,0,0"
19.266666666666666,147,AV,2,0,0,39,2587.8859091729414,0.6,-0.7926666666666666,"0.23558447009443864,0.13443885601577915,0.16770368542283653,0.6,0.39,0.12445763551524679","0,0,0"
64.21666666666667,1,AV,0,0,0,65,419.7646265090227,0.1,-1.4568529004614326,"0.6998518320882252,0.2816966854283927,0.31374326168543165,0.1,0.65,0.02018748689927752","0,0,0"
32.13333333333333,54,AV,2,0,0,64,1104.4445206976068,0.3,-0.6213333333333333,"0.6874712397284746,0.2775888568683957,0.3088238899933733,0.3,0.64,0.05311538391880796","0,0,0"
8.966666666666667,35,AV,1,0,0,22,877.6907461205365,0.1,-0.18966666666666668,"0.06131666666666663,0.08312375719518576,0.11999445417396384,0.1,0.22,0.04221025145992046","0,0,0"
25.866666666666667,174,AV,0,0,0,41,3032.1279287666234,0.1,-0.4576070831160579,"0.2824613220815753,0.15249404170804376,0.18692146341463423,0.1,0.41,0.1458222989106348","0,0,0"
18.116666666666667,5,AV,1,0,0,44,522.2875039790788,0.1,-0.2811666666666667,"0.3420727335401586,0.1698992817499183,0.20421841397849452,0.1,0.44,0.025118057783764625","0,0,0"
19.216666666666665,69,AV,2,0,0,39,1373.5659577718477,0.1,-0.2921666666666667,"0.23558447009443864,0.13443885601577915,0.16770368542283653,0.1,0.39,0.0660580788057822","0,0,0"
30.216666666666665,102,AV,1,0,0,66,1869.7531794209297,0.1,-0.4021666666666667,"0.715721073630758,0.2862303696914145,0.3164518900343643,0.1,0.66,0.0899209114602018","0,0,0"
29.516666666666666,189,AV,0,0,0,43,3278.222126324269,0.5,-0.886679684528082,"0.32294963273872007,0.16367869071476307,0.1975186264982183,0.5,0.43,0.1576575586620336","0,0,0"
13.933333333333334,209,AV,2,0,0,31,3863.855435177377,0.4,-0.5393333333333333,"0.10005493005800072,0.09545353037766834,0.13038832658569496,0.4,0.31,0.18582206801713178","0,0,0"
23.933333333333334,281,AV,0,0,0,41,8987.033628468456,0.6,-0.8727147595527348,"0.2824613220815753,0.15249404170804376,0.18692146341463423,0.6,0.41,0.432207985572538","0,0,0"
4.966666666666667,223,AV,0,0,0,19,4446.537177105173,0.3,-0.4171348982480135,"0.05615668662674651,0.08196042216358843,0.12028434343434342,0.3,0.19,0.21384462944504845","0,0,0"
31.566666666666666,176,AV,1,0,0,80,3064.640983136323,0.9,-1.2156666666666667,"0.8144438202247188,0.31507360406091356,0.34758694225721803,0.9,0.8,0.14738592961625765","0,0,0"
36.083333333333336,293,AV,2,0,0,68,13460.811009378149,0.4,-0.7608333333333334,"0.7655730027548209,0.3009116766467065,0.33330033003300324,0.4,0.68,0.6473626617025839","0,0,0"
10.516666666666667,275,AV,1,0,0,31,8029.700924090037,0.4,-0.5051666666666667,"0.10005493005800072,0.09545353037766834,0.13038832658569496,0.4,0.31,0.386167561469594","0,0,0"
31.766666666666666,173,AV,2,0,0,64,3024.224513765153,0.3,-0.6176666666666666,"0.6874712397284746,0.2775888568683957,0.3088238899933733,0.3,0.64,0.1454422047418416","0,0,0"
25.633333333333333,296,AV,1,0,0,61,17322.90883950548,0.5,-0.7563333333333333,"0.6267407407407407,0.25865925559947306,0.2950732931726909,0.5,0.61,0.833100202280572","0,0,0"
25.233333333333334,31,AV,1,0,0,58,859.2772315809713,0.5,-0.7523333333333333,"0.57840350877193,0.2412108646737384,0.27572299077733853,0.5,0.58,0.041324701415771756","0,0,0"
23.8,48,AV,1,0,0,53,1040.734547163155,0.5,-0.738,"0.4897357887655567,0.21155253798900733,0.24516736256089078,0.5,0.53,0.05005141860382586","0,0,0"
15.816666666666666,75,AV,1,0,0,41,1460.106853854364,0.4,-0.5581666666666667,"0.2824613220815753,0.15249404170804376,0.18692146341463423,0.4,0.41,0.07022003790282866","0,0,0"
23.933333333333334,263,AV,1,0,0,55,6709.13861087917,0.1,-0.3393333333333334,"0.5230311785830886,0.22303838383838376,0.2585897832817336,0.1,0.55,0.32265855495960655","0,0,0"
31.75,200,AV,2,0,0,62,3508.846318545673,0.3,-0.6174999999999999,"0.639014103887169,0.26308878968253974,0.29648504486540384,0.3,0.62,0.1687488287813036","0,0,0"
30.6,81,AV,1,0,0,67,1530.0661682302475,0.2,-0.506,"0.7431743455497378,0.29343500948766593,0.32432046000686576,0.2,0.67,0.07358454899608351","0,0,0"
20.583333333333332,202,AV,1,0,0,48,3583.4963710051925,0.1,-0.3058333333333333,"0.4085362021857923,0.18859865996649916,0.2227568549719194,0.1,0.48,0.17233892871085194","0,0,0"
29.4,150,AV,2,0,0,61,2722.266725979925,0.1,-0.394,"0.6267407407407407,0.25865925559947306,0.2950732931726909,0.1,0.61,0.13092033105337805","0,0,0"
25.283333333333335,240,AV,1,0,0,60,4934.883137056144,0.2,-0.45283333333333337,"0.6097813897488824,0.25361304203906004,0.28976859229747676,0.2,0.6,0.23733035703199037","0,0,0"
14.166666666666666,146,AV,2,0,0,35,2574.4307659940623,0.2,-0.3416666666666667,"0.13171061702861084,0.10652824302134649,0.14244121576486293,0.2,0.35,0.12381054543309646","0,0,0"
12.033333333333333,115,AV,1,0,0,32,2052.607856914241,0.4,-0.5203333333333333,"0.11104883559263123,0.09943816942551117,0.13500938967136147,0.4,0.32,0.09871483113148809","0,0,0"
35.06666666666667,21,AV,2,0,0,70,743.7818724069466,0.3,-0.6506666666666667,"0.7755371134020619,0.30491840796019903,0.3384409618573798,0.3,0.7,0.035770252796212196","0,0,0"
15.583333333333334,0,AV,2,0,0,35,417.8295094645922,0.9,-1.0558333333333334,"0.13171061702861084,0.10652824302134649,0.14244121576486293,0.9,0.35,0.02009442248289757","0,0,0"
17.0,100,AV,1,0,0,43,1830.3424648913517,0.4,-0.5700000000000001,"0.32294963273872007,0.16367869071476307,0.1975186264982183,0.4,0.43,0.08802555574651609","0,0,0"
11.1,160,AV,2,0,0,13,2857.6088215719105,0.1,-0.21100000000000002,"0.053047101449275366,0.0859102564102564,0.127359477124183,0.1,0.13,0.13742925679208662","0,0,0"
11.433333333333334,229,AV,2,0,0,19,4617.971391102537,0.1,-0.21433333333333335,"0.05615668662674651,0.08196042216358843,0.12028434343434342,0.1,0.19,0.22208931165646234","0,0,0"
8.483333333333333,193,AV,0,0,0,26,3361.758609282253,0.7,-0.8740723403136861,"0.06923256262042389,0.08570332979100251,0.12179927701674269,0.7,0.26,0.16167502833152653","0,0,0"
55.65,265,AV,0,0,0,62,6947.27484286379,0.2,-0.7996823998309437,"0.639014103887169,0.26308878968253974,0.29648504486540384,0.2,0.62,0.3341110970744898","0,0,0"
13.683333333333334,161,AV,0,0,0,35,2857.712092786687,0.9,-1.1418124180904181,"0.13171061702861084,0.10652824302134649,0.14244121576486293,0.9,0.35,0.13743422335230565","0,0,0"
22.433333333333334,87,AV,1,0,0,53,1628.9397076974285,0.5,-0.7243333333333333,"0.4897357887655567,0.21155253798900733,0.24516736256089078,0.5,0.53,0.07833961446998668","0,0,0"
12.616666666666667,67,AV,1,0,0,37,1323.5149786113286,0.1,-0.22616666666666668,"0.17782182774490468,0.1189854026307347,0.15129935275080908,0.1,0.37,0.06365100726547157","0,0,0"
34.25,33,AV,2,0,0,73,870.7377108213431,0.6,-0.9425,"0.781012833675565,0.3066745711402625,0.3405857142857145,0.6,0.73,0.04187586332869553","0,0,0"
18.4,207,AV,1,0,0,44,3822.7735841463273,0.1,-0.28400000000000003,"0.3420727335401586,0.1698992817499183,0.20421841397849452,0.1,0.44,0.18384634334403438","0,0,0"
31.766666666666666,68,AV,1,0,0,76,1365.417472605012,0.4,-0.7176666666666667,"0.8022143357868914,0.3121157407407406,0.34586385896180194,0.4,0.76,0.06566619862539994","0,0,0"
74.68333333333334,49,AV,0,0,0,80,1059.8377785859489,0.3,-1.329895520831749,"0.8144438202247188,0.31507360406091356,0.34758694225721803,0.3,0.8,0.05097013878586871","0,0,0"
16.233333333333334,179,AV,2,0,0,36,3159.4556453821087,0.2,-0.36233333333333334,"0.1613386270491803,0.11460693359374996,0.14764914965986392,0.2,0.36,0.15194579395705407","0,0,0"
12.833333333333334,198,AV,2,0,0,17,3427.0421228311798,0.4,-0.5283333333333333,"0.0522714776632302,0.07970518867924531,0.11759210526315782,0.4,0.17,0.16481466895696031","0,0,0"
11.716666666666667,8,AV,1,0,0,35,571.0932451196882,0.2,-0.3171666666666667,"0.13171061702861084,0.10652824302134649,0.14244121576486293,0.2,0.35,0.027465242843352784","0,0,0"
20.483333333333334,177,AV,0,0,0,38,3097.4575811220984,0.2,-0.5016869599425864,"0.20686490528414758,0.12626740455566254,0.15908493248045474,0.2,0.38,0.14896415846185204","0,0,0"
37.1,234,AV,2,0,0,93,4705.31956239884,0.4,-0.771,"0.8384532866199534,0.3196468459152016,0.35209418145956606,0.4,0.93,0.2262900945532605","0,0,0"
18.716666666666665,154,AV,1,0,0,44,2758.442965787371,0.6,-0.7871666666666666,"0.3420727335401586,0.1698992817499183,0.20421841397849452,0.6,0.44,0.13266013312591463","0,0,0"
15.25,194,AV,0,0,0,36,3368.9508766880413,0.2,-0.44154849342740343,"0.1613386270491803,0.11460693359374996,0.14764914965986392,0.2,0.36,0.16202092170810273","0,0,0"
16.316666666666666,50,AV,1,0,0,42,1062.4074567339185,0.2,-0.36316666666666664,"0.3069259845288327,0.1592776089159068,0.19297623604465702,0.2,0.42,0.05109372076651086","0,0,0"
22.266666666666666,178,AV,1,0,0,52,3158.0604616132755,0.1,-0.32266666666666666,"0.4696309771309771,0.20463781094527364,0.2376447844685751,0.1,0.52,0.15187869622590497","0,0,0"
10.2,188,AV,0,0,0,26,3269.866339895674,0.9,-1.093746869387197,"0.06923256262042389,0.08570332979100251,0.12179927701674269,0.9,0.26,0.15725570886715387","0,0,0"
6.533333333333333,195,AV,0,0,0,24,3387.2787239910285,0.2,-0.35390000423502044,"0.06573300970873786,0.0845736040609137,0.12100114784205694,0.2,0.24,0.16290235180953377","0,0,0"
53.666666666666664,14,AV,0,0,0,61,627.4062491148882,0.2,-1.214825754854303,"0.6267407407407407,0.25865925559947306,0.2950732931726909,0.2,0.61,0.03017347016557005","0,0,0"
50.86666666666667,65,AV,0,0,0,58,1267.69032506861,0.9,-1.6453175222167107,"0.57840350877193,0.2412108646737384,0.27572299077733853,0.9,0.58,0.0609662658868978","0,0,0"
20.6,197,AV,2,0,0,41,3414.9419898187493,0.5,-0.706,"0.2824613220815753,0.15249404170804376,0.18692146341463423,0.5,0.41,0.1642327445611401","0,0,0"
23.466666666666665,233,AV,1,0,0,54,4689.4303597647895,0.9,-1.1346666666666667,"0.5130733722060254,0.22013597829772802,0.25547090220385676,0.9,0.54,0.22552594471842924","0,0,0"
15.3,139,AV,0,0,0,35,2476.7673195544394,0.6,-0.8741256292149271,"0.13171061702861084,0.10652824302134649,0.14244121576486293,0.6,0.35,0.11911367623300487","0,0,0"
28.933333333333334,159,AV,1,0,0,66,2835.850686157305,0.6,-0.8893333333333333,"0.715721073630758,0.2862303696914145,0.3164518900343643,0.6,0.66,0.13638285591431848","0,0,0"
22.3,118,AV,1,0,0,53,2108.868816674547,0.4,-0.623,"0.4897357887655567,0.21155253798900733,0.24516736256089078,0.4,0.53,0.10142055552171977","0,0,0"
19.683333333333334,39,AV,1,0,0,46,913.5589076746268,0.2,-0.39683333333333337,"0.3778500517063082,0.18043745938921377,0.21385562310030398,0.2,0.46,0.04393523731091094","0,0,0"
14.816666666666666,238,AV,1,0,0,40,4889.272753955773,0.5,-0.6481666666666667,"0.26810261780104705,0.14687574552683902,0.1807872096826954,0.5,0.4,0.2351368443985718","0,0,0"
9.033333333333333,85,AV,1,0,0,25,1587.6148581174584,0.9,-0.9903333333333334,"0.06810020202020199,0.08516666666666665,0.12143948532368314,0.9,0.25,0.07635220341429991","0,0,0"
19.683333333333334,126,AV,2,0,0,39,2241.037238818388,0.6,-0.7968333333333333,"0.23558447009443864,0.13443885601577915,0.16770368542283653,0.6,0.39,0.10777685169826198","0,0,0"
69.71666666666667,11,AV,0,0,0,67,597.1498506777683,0.4,-1.5995531273841874,"0.7431743455497378,0.29343500948766593,0.32432046000686576,0.4,0.67,0.02871836745206032","0,0,0"
52.0,149,AV,0,0,0,60,2622.7149314101284,0.9,-1.5343852869433667,"0.6097813897488824,0.25361304203906004,0.28976859229747676,0.9,0.6,0.1261326466660798","0,0,0"
31.583333333333332,186,AV,1,0,0,75,3251.3322332141274,0.4,-0.7158333333333333,"0.7888108437935847,0.3094845710410308,0.3439357989113031,0.4,0.75,0.15636435925788542","0,0,0"
20.8,36,AV,1,0,0,50,881.2906222289953,0.3,-0.508,"0.44055601659751026,0.19662748117727585,0.23005102367242497,0.3,0.5,0.04238337812946123","0,0,0"
67.7,18,AV,0,0,0,66,727.2326469992182,0.2,-1.2895227342830258,"0.715721073630758,0.2862303696914145,0.3164518900343643,0.2,0.66,0.034974360884380204","0,0,0"
12.05,245,AV,1,0,0,35,5144.150368411208,0.3,-0.4205,"0.13171061702861084,0.10652824302134649,0.14244121576486293,0.3,0.35,0.2473945197189757","0,0,0"
22.883333333333333,220,AV,2,0,0,51,4200.245935785981,0.3,-0.5288333333333333,"0.4434620187304891,0.19751865160848733,0.23092950558213715,0.3,0.51,0.2019998933869206","0,0,0"
17.116666666666667,214,AV,2,0,0,38,4034.238052294327,0.2,-0.37116666666666664,"0.20686490528414758,0.12626740455566254,0.15908493248045474,0.2,0.38,0.19401617641430308","0,0,0"
36.21666666666667,230,AV,2,0,0,98,4639.089550420253,0.3,-0.6621666666666667,"0.8439769076305222,0.3207971682019789,0.35354617676266137,0.3,0.98,0.22310493454996042","0,0,0"
24.316666666666666,227,AV,1,0,0,55,4559.760277629775,0.2,-0.4431666666666667,"0.5230311785830886,0.22303838383838376,0.2585897832817336,0.2,0.55,0.21928979970044837","0,0,0"
35.03333333333333,59,AV,2,0,0,80,1194.3606142611325,0.4,-0.7503333333333333,"0.8144438202247188,0.31507360406091356,0.34758694225721803,0.4,0.8,0.05743966435173499","0,0,0"
21.683333333333334,12,AV,1,0,0,52,610.4868582393152,0.1,-0.3168333333333333,"0.4696309771309771,0.20463781094527364,0.2376447844685751,0.1,0.52,0.029359776109248604","0,0,0"
12.783333333333333,264,AV,1,0,0,37,6918.069898529506,0.6,-0.7278333333333333,"0.17782182774490468,0.1189854026307347,0.15129935275080908,0.6,0.37,0.33270656130870674","0,0,0"
20.983333333333334,127,AV,1,0,0,51,2271.53748778668,0.3,-0.5098333333333334,"0.4434620187304891,0.19751865160848733,0.23092950558213715,0.3,0.51,0.10924368176822945","0,0,0"
32.166666666666664,185,AV,2,0,0,63,3245.380745418587,0.2,-0.5216666666666667,"0.6711280701754386,0.2715528893241919,0.3023866864882721,0.2,0.63,0.156078137946426","0,0,0"
51.96666666666667,287,AV,0,0,0,60,11049.706566164488,0.1,-0.6468167089056738,"0.6097813897488824,0.25361304203906004,0.28976859229747676,0.1,0.6,0.5314068705608562","0,0,0"
26.65,40,AV,1,0,0,60,931.9887487728153,0.2,-0.46649999999999997,"0.6097813897488824,0.25361304203906004,0.28976859229747676,0.2,0.6,0.04482157253839216","0,0,0"
13.95,134,AV,1,0,0,38,2411.397471856681,0.5,-0.6395,"0.20686490528414758,0.12626740455566254,0.15908493248045474,0.5,0.38,0.11596988359144483","0,0,0"
29.216666666666665,82,AV,1,0,0,66,1538.317647081207,0.2,-0.49216666666666664,"0.715721073630758,0.2862303696914145,0.3164518900343643,0.2,0.66,0.07398138238957058","0,0,0"
64.48333333333333,74,AV,0,0,0,65,1447.5744631551047,0.2,-1.0520765582145777,"0.6998518320882252,0.2816966854283927,0.31374326168543165,0.2,0.65,0.06961732519889745","0,0,0"
21.466666666666665,167,AV,1,0,0,51,2953.761118311176,0.4,-0.6146666666666667,"0.4434620187304891,0.19751865160848733,0.23092950558213715,0.4,0.51,0.14205345118145746","0,0,0"
62.4,224,AV,0,0,0,64,4547.885280126284,0.5,-1.1899647245964986,"0.6874712397284746,0.2775888568683957,0.3088238899933733,0.5,0.64,0.2187187026108142","0,0,0"
23.9,58,AV,2,0,0,49,1148.9174546898266,0.4,-0.639,"0.4169361559139784,0.19098481781376517,0.22502866666666665,0.4,0.49,0.05525419389859809","0,0,0"
15.4,42,AV,2,0,0,31,961.7772661313056,0.2,-0.354,"0.10005493005800072,0.09545353037766834,0.13038832658569496,0.2,0.31,0.04625417372950396","0,0,0"
20.0,32,AV,2,0,0,40,861.805442805673,0.9,-1.1,"0.26810261780104705,0.14687574552683902,0.1807872096826954,0.9,0.4,0.04144628915269407","0,0,0"
16.333333333333332,277,AV,2,0,0,36,8348.421721831439,0.1,-0.2633333333333333,"0.1613386270491803,0.11460693359374996,0.14764914965986392,0.1,0.36,0.4014956084811817","0,0,0"
19.433333333333334,216,AV,1,0,0,46,4113.319853961603,0.5,-0.6943333333333334,"0.3778500517063082,0.18043745938921377,0.21385562310030398,0.5,0.46,0.19781940978440954","0,0,0"
31.866666666666667,148,AV,1,0,0,79,2619.168197182975,0.5,-0.8186666666666667,"0.8065830731876521,0.3131927031509122,0.3465581854043396,0.5,0.79,0.12596207571697113","0,0,0"
32.166666666666664,196,AV,2,0,0,66,3393.6426315430986,0.2,-0.5216666666666667,"0.715721073630758,0.2862303696914145,0.3164518900343643,0.2,0.66,0.1632084073754924","0,0,0"
23.533333333333335,90,AV,2,0,0,49,1659.6531244520008,0.3,-0.5353333333333333,"0.4169361559139784,0.19098481781376517,0.22502866666666665,0.3,0.49,0.07981669628967558","0,0,0"
8.55,66,AV,1,0,0,20,1317.647826688136,0.3,-0.3855,"0.05735888364779876,0.0819008916323731,0.11943967517401394,0.3,0.2,0.06336884186823323","0,0,0"
71.35,253,AV,0,0,0,67,5654.280440205098,0.3,-1.0665571490347086,"0.7431743455497378,0.29343500948766593,0.32432046000686576,0.3,0.67,0.2719278974523786","0,0,0"
35.2,91,AV,2,0,0,93,1661.9571573900298,0.6,-0.952,"0.8384532866199534,0.3196468459152016,0.35209418145956606,0.6,0.93,0.07992750275552475","0,0,0"
15.616666666666667,289,AV,2,0,0,38,11940.25564443948,0.3,-0.45616666666666666,"0.20686490528414758,0.12626740455566254,0.15908493248045474,0.3,0.38,0.5742355100304415","0,0,0"
30.4,211,AV,1,0,0,66,3958.913906791885,0.2,-0.504,"0.715721073630758,0.2862303696914145,0.3164518900343643,0.2,0.66,0.1903936577347851","0,0,0"
39.78333333333333,153,AV,0,0,0,52,2756.9260540590044,0.6,-1.1066501801103121,"0.4696309771309771,0.20463781094527364,0.2376447844685751,0.6,0.52,0.1325871812054576","0,0,0"
18.766666666666666,184,AV,1,0,0,44,3230.862018062417,0.2,-0.38766666666666666,"0.3420727335401586,0.1698992817499183,0.20421841397849452,0.2,0.44,0.15537989755219744","0,0,0"
71.38333333333334,57,AV,0,0,0,67,1141.5133047894662,0.2,-1.1766423595105011,"0.7431743455497378,0.29343500948766593,0.32432046000686576,0.2,0.67,0.05489811058505904","0,0,0"
22.85,96,AV,2,0,0,44,1723.69240549938,0.1,-0.3285,"0.3420727335401586,0.1698992817499183,0.20421841397849452,0.1,0.44,0.08289649879217476","0,0,0"
26.783333333333335,79,AV,2,0,0,57,1503.4428459110418,0.2,-0.4678333333333334,"0.5704729299363058,0.2381148255813955,0.27316550695825054,0.2,0.57,0.0723041696201366","0,0,0"
18.9,152,AV,2,0,0,39,2747.619709803412,0.4,-0.589,"0.23558447009443864,0.13443885601577915,0.16770368542283653,0.4,0.39,0.13213961680656489","0,0,0"
19.933333333333334,208,AV,1,0,0,47,3849.958431883558,0.5,-0.6993333333333334,"0.3936967353951893,0.18528664007976062,0.21959582919563053,0.5,0.47,0.18515372782308936","0,0,0"
29.516666666666666,62,AV,0,0,0,43,1249.5878531833848,0.4,-0.935245824955326,"0.32294963273872007,0.16367869071476307,0.1975186264982183,0.4,0.43,0.06009567462944302","0,0,0"
19.966666666666665,25,AV,1,0,0,46,802.5586880039084,0.4,-0.5996666666666667,"0.3778500517063082,0.18043745938921377,0.21385562310030398,0.4,0.46,0.038596970723144074","0,0,0"
14.783333333333333,16,AV,1,0,0,39,649.7132696839626,0.5,-0.6478333333333334,"0.23558447009443864,0.13443885601577915,0.16770368542283653,0.5,0.39,0.0312462682458781","0,0,0"
17.0,228,AV,1,0,0,43,4617.1597275219765,0.1,-0.27,"0.32294963273872007,0.16367869071476307,0.1975186264982183,0.1,0.43,0.2220502768096353","0,0,0"
25.916666666666668,29,AV,0,0,0,41,845.7864251007381,0.2,-0.8138661405489394,"0.2824613220815753,0.15249404170804376,0.18692146341463423,0.2,0.41,0.040675896199988425","0,0,0"
19.716666666666665,26,AV,2,0,0,40,806.3598325453933,0.1,-0.2971666666666667,"0.26810261780104705,0.14687574552683902,0.1807872096826954,0.1,0.4,0.03877977687399022","0,0,0"
24.35,259,AV,1,0,0,57,5960.007005011629,0.2,-0.4435,"0.5704729299363058,0.2381148255813955,0.27316550695825054,0.2,0.57,0.2866310206600706","0,0,0"
29.683333333333334,130,AV,2,0,0,59,2344.9936519099742,0.3,-0.5968333333333333,"0.5968535513361464,0.24852221108884442,0.28424693745970353,0.3,0.59,0.11277636474640867","0,0,0"
12.116666666666667,175,AV,1,0,0,32,3046.5766145774583,0.1,-0.22116666666666668,"0.11104883559263123,0.09943816942551117,0.13500938967136147,0.1,0.32,0.14651717083908622","0,0,0"
14.05,10,AV,2,0,0,30,588.8906571209208,0.8,-0.9405000000000001,"0.08859345794392523,0.09168389694041865,0.12611405295315686,0.8,0.3,0.02832116303987798","0,0,0"
18.25,180,AV,1,0,0,44,3169.820795106812,0.2,-0.3825,"0.3420727335401586,0.1698992817499183,0.20421841397849452,0.2,0.44,0.15244427884849596","0,0,0"
66.05,113,AV,0,0,0,65,2035.9911412414244,0.1,-0.9078483817896565,"0.6998518320882252,0.2816966854283927,0.31374326168543165,0.1,0.65,0.09791569345106042","0,0,0"
15.583333333333334,280,AV,2,0,0,35,8981.750106371177,0.2,-0.35583333333333333,"0.13171061702861084,0.10652824302134649,0.14244121576486293,0.2,0.35,0.4319538883323586","0,0,0"
33.86666666666667,231,AV,2,0,0,72,4645.51881630073,0.2,-0.5386666666666666,"0.7796174948240168,0.30599717232202284,0.33971343873517795,0.2,0.72,0.22341413335457028","0,0,0"
46.96666666666667,232,AV,0,0,0,58,4687.914961676448,0.1,-0.6336610015580821,"0.57840350877193,0.2412108646737384,0.27572299077733853,0.1,0.58,0.22545306559254863","0,0,0"
34.31666666666667,63,AV,2,0,0,67,1260.3927948639828,0.1,-0.4431666666666667,"0.7431743455497378,0.29343500948766593,0.32432046000686576,0.1,0.67,0.06061531017005197","0,0,0"
60.833333333333336,203,AV,0,0,0,63,3667.3634505223554,0.3,-0.9901359700360768,"0.6711280701754386,0.2715528893241919,0.3023866864882721,0.3,0.63,0.1763722975611855","0,0,0"
29.983333333333334,101,AV,2,0,0,60,1836.592480640456,0.2,-0.49983333333333335,"0.6097813897488824,0.25361304203906004,0.28976859229747676,0.2,0.6,0.0883261339827163","0,0,0"
24.333333333333332,51,AV,2,0,0,51,1076.386102050743,0.7,-0.9433333333333332,"0.4434620187304891,0.19751865160848733,0.23092950558213715,0.7,0.51,0.051765987321103386","0,0,0"
29.133333333333333,276,AV,1,0,0,63,8326.33528790118,0.1,-0.3913333333333333,"0.6711280701754386,0.2715528893241919,0.3023866864882721,0.1,0.63,0.40043341894099355","0,0,0"
20.2,94,AV,1,0,0,48,1703.2333497257905,0.6,-0.8019999999999999,"0.4085362021857923,0.18859865996649916,0.2227568549719194,0.6,0.48,0.08191257376772525","0,0,0"
25.633333333333333,61,AV,1,0,0,59,1234.5997004771,0.2,-0.4563333333333333,"0.5968535513361464,0.24852221108884442,0.28424693745970353,0.2,0.59,0.059374858445099786","0,0,0"
41.43333333333333,283,AV,0,0,0,52,9095.945853089892,0.1,-0.5473150600108387,"0.4696309771309771,0.20463781094527364,0.2376447844685751,0.1,0.52,0.4374458354742832","0,0,0"
12.8,262,AV,2,0,0,28,6427.339783247283,0.1,-0.228,"0.07720668745668746,0.08786708054759633,0.12318262959148644,0.1,0.28,0.3091061739780037","0,0,0"
36.083333333333336,206,AV,2,0,0,100,3773.073658575576,0.6,-0.9608333333333333,"0.8471112217795482,0.3212723829201103,0.35462499999999986,0.6,1.0,0.18145615481219285","0,0,0"
26.416666666666668,217,AV,1,0,0,62,4135.471393234625,0.3,-0.5641666666666667,"0.639014103887169,0.26308878968253974,0.29648504486540384,0.3,0.62,0.198884730396563","0,0,0"
24.3,181,AV,1,0,0,56,3197.7177395395383,0.4,-0.643,"0.5399934210526315,0.22907843137254902,0.2647971536351166,0.4,0.56,0.15378590976425258","0,0,0"
55.7,170,AV,0,0,0,62,2969.8754393798326,0.5,-1.1580143375112883,"0.639014103887169,0.26308878968253974,0.29648504486540384,0.5,0.62,0.1428284275013291","0,0,0"
36.266666666666666,172,AV,0,0,0,49,2991.769966736588,0.6,-1.0629417557729455,"0.4169361559139784,0.19098481781376517,0.22502866666666665,0.6,0.49,0.143881387794473","0,0,0"
26.816666666666666,284,AV,1,0,0,62,9667.367812467324,0.4,-0.6681666666666667,"0.639014103887169,0.26308878968253974,0.29648504486540384,0.4,0.62,0.46492688697408946","0,0,0"
32.11666666666667,158,AV,2,0,0,65,2818.3733061874163,0.1,-0.4211666666666667,"0.6998518320882252,0.2816966854283927,0.31374326168543165,0.1,0.65,0.13554232682517134","0,0,0"
76.2,219,AV,0,0,0,100,4196.147454418583,0.1,-0.9334941510656631,"0.8471112217795482,0.3212723829201103,0.35462499999999986,0.1,1.0,0.20180278759551706","0,0,0"
5.216666666666667,109,AV,0,0,0,18,2010.868248891871,0.6,-0.8013559535159274,"0.054469434832756625,0.08056635802469138,0.11831494661921706,0.6,0.18,0.0967074733482937","0,0,0"
16.483333333333334,213,AV,1,0,0,42,4015.909421979459,0.4,-0.5648333333333333,"0.3069259845288327,0.1592776089159068,0.19297623604465702,0.4,0.42,0.19313470865595408","0,0,0"
23.433333333333334,187,AV,2,0,0,46,3256.7228478661937,0.1,-0.33433333333333337,"0.3778500517063082,0.18043745938921377,0.21385562310030398,0.1,0.46,0.15662360683568316","0,0,0"
31.25,157,AV,0,0,0,43,2813.5576138103806,0.7,-1.1191265707613187,"0.32294963273872007,0.16367869071476307,0.1975186264982183,0.7,0.43,0.13531072863744203","0,0,0"
28.666666666666668,76,AV,2,0,0,56,1485.5718097438446,0.6,-0.8866666666666667,"0.5399934210526315,0.22907843137254902,0.2647971536351166,0.6,0.56,0.07144470866102204","0,0,0"
30.733333333333334,260,AV,2,0,0,62,6130.868263041086,0.1,-0.4073333333333333,"0.639014103887169,0.26308878968253974,0.29648504486540384,0.1,0.62,0.29484814804583803","0,0,0"
57.516666666666666,105,AV,0,0,0,62,1921.5023446668008,0.2,-0.9312945011357012,"0.639014103887169,0.26308878968253974,0.29648504486540384,0.2,0.62,0.09240965283924012","0,0,0"
27.783333333333335,243,AV,2,0,0,56,5009.92015912814,0.1,-0.37783333333333335,"0.5399934210526315,0.22907843137254902,0.2647971536351166,0.1,0.56,0.24093906725761643","0,0,0"
10.483333333333333,6,AV,1,0,0,30,541.9839687696077,0.1,-0.2048333333333333,"0.08859345794392523,0.09168389694041865,0.12611405295315686,0.1,0.3,0.026065307980208553","0,0,0"
15.633333333333333,212,AV,2,0,0,29,3971.0791127863904,0.1,-0.2563333333333333,"0.08267436974789914,0.08960777777777777,0.12462968643490115,0.1,0.29,0.19097871164626756","0,0,0"
31.433333333333334,143,AV,2,0,0,64,2528.765907819195,0.1,-0.41433333333333333,"0.6874712397284746,0.2775888568683957,0.3088238899933733,0.1,0.64,0.12161441296279007","0,0,0"
22.9,103,AV,2,0,0,46,1888.2149669861096,0.1,-0.32899999999999996,"0.3778500517063082,0.18043745938921377,0.21385562310030398,0.1,0.46,0.09080878306984375","0,0,0"
43.61666666666667,120,AV,0,0,0,53,2147.781038516846,0.1,-0.6758457096510323,"0.4897357887655567,0.21155253798900733,0.24516736256089078,0.1,0.53,0.10329193752738362","0,0,0"
27.7,237,AV,1,0,0,64,4735.166802079286,0.1,-0.377,"0.6874712397284746,0.2775888568683957,0.3088238899933733,0.1,0.64,0.22772551984156938","0,0,0"
24.633333333333333,136,AV,2,0,0,51,2421.0391237858234,0.4,-0.6463333333333333,"0.4434620187304891,0.19751865160848733,0.23092950558213715,0.4,0.51,0.11643357373995898","0,0,0"
20.6,270,AV,2,0,0,41,7592.14370769901,0.4,-0.6060000000000001,"0.2824613220815753,0.15249404170804376,0.18692146341463423,0.4,0.41,0.36512438628106175","0,0,0"
17.166666666666668,292,AV,2,0,0,38,13430.196447392702,0.3,-0.4716666666666667,"0.20686490528414758,0.12626740455566254,0.15908493248045474,0.3,0.38,0.6458903340456582","0,0,0"
41.7,56,AV,0,0,0,52,1129.1321270070612,0.2,-0.8826907839432363,"0.4696309771309771,0.20463781094527364,0.2376447844685751,0.2,0.52,0.05430267007269716","0,0,0"
37.93333333333333,121,AV,0,0,0,49,2187.718469250836,0.1,-0.6164624951595038,"0.4169361559139784,0.19098481781376517,0.22502866666666665,0.1,0.49,0.10521262428567076","0,0,0"
17.5,106,AV,1,0,0,43,1927.298426803608,0.3,-0.475,"0.32294963273872007,0.16367869071476307,0.1975186264982183,0.3,0.43,0.0926884003201249","0,0,0"
67.86666666666666,119,AV,0,0,0,66,2141.869626207308,0.1,-0.9187312141672639,"0.715721073630758,0.2862303696914145,0.3164518900343643,0.1,0.66,0.10300764354209123","0,0,0"
48.61666666666667,17,AV,0,0,0,58,720.4688823460104,0.3,-1.2025621659741896,"0.57840350877193,0.2412108646737384,0.27572299077733853,0.3,0.58,0.034649075232127916","0,0,0"
73.15,122,AV,0,0,0,67,2187.907521251699,0.2,-1.0686173128141954,"0.7431743455497378,0.29343500948766593,0.32432046000686576,0.2,0.67,0.10522171624947545","0,0,0"
27.733333333333334,291,AV,0,0,0,41,13351.937436366714,0.4,-0.6998019826533106,"0.2824613220815753,0.15249404170804376,0.18692146341463423,0.4,0.41,0.6421266706493964","0,0,0"
18.633333333333333,271,AV,0,0,0,37,7658.5640246764915,0.9,-1.125505167509215,"0.17782182774490468,0.1189854026307347,0.15129935275080908,0.9,0.37,0.3683186985078447","0,0,0"
17.2,272,AV,2,0,0,37,7912.643587116454,0.1,-0.272,"0.17782182774490468,0.1189854026307347,0.15129935275080908,0.1,0.37,0.38053799359420826","0,0,0"
36.28333333333333,95,AV,2,0,0,100,1717.0377309640771,0.8,-1.1628333333333334,"0.8471112217795482,0.3212723829201103,0.35462499999999986,0.8,1.0,0.08257645954513855","0,0,0"
17.816666666666666,222,AV,1,0,0,43,4429.527615460413,0.5,-0.6781666666666667,"0.32294963273872007,0.16367869071476307,0.1975186264982183,0.5,0.43,0.21302659886033296","0,0,0"
7.683333333333334,251,AV,1,0,0,16,5557.427333357366,0.3,-0.37683333333333335,"0.0515780141843972,0.08017601246105921,0.11968041237113403,0.3,0.16,0.26726999942532587","0,0,0"
27.666666666666668,171,AV,2,0,0,56,2987.078671303881,0.6,-0.8766666666666667,"0.5399934210526315,0.22907843137254902,0.2647971536351166,0.6,0.56,0.14365577215392691","0,0,0"
14.2,261,AV,2,0,0,30,6254.49597505133,0.3,-0.44199999999999995,"0.08859345794392523,0.09168389694041865,0.12611405295315686,0.3,0.3,0.3007937010033377","0,0,0"
18.866666666666667,183,AV,2,0,0,37,3227.056348793521,0.2,-0.3886666666666667,"0.17782182774490468,0.1189854026307347,0.15129935275080908,0.2,0.37,0.1551968737963661","0,0,0"
50.6,77,AV,0,0,0,59,1490.1599361877834,0.1,-0.80732067217394,"0.5968535513361464,0.24852221108884442,0.28424693745970353,0.1,0.59,0.07166536265764283","0,0,0"
32.95,83,AV,0,0,0,45,1546.5147326922538,0.9,-1.4234845729615162,"0.36953881278538814,0.1778497882046269,0.2113548280423281,0.9,0.45,0.07437559988179109","0,0,0"
57.4,295,AV,0,0,0,62,15725.918848752755,0.3,-0.8930767867293041,"0.639014103887169,0.26308878968253974,0.29648504486540384,0.3,0.62,0.7562971262693423","0,0,0"
12.116666666666667,190,AV,1,0,0,35,3292.2479258152307,0.6,-0.7211666666666666,"0.13171061702861084,0.10652824302134649,0.14244121576486293,0.6,0.35,0.15833209297387038","0,0,0"
36.28333333333333,269,AV,2,0,0,86,7572.106998522375,0.2,-0.5628333333333333,"0.8323095,0.31814985994397743,0.35051572632944233,0.2,0.86,0.3641607729166582","0,0,0"
13.366666666666667,235,AV,1,0,0,37,4707.821121085941,0.1,-0.2336666666666667,"0.17782182774490468,0.1189854026307347,0.15129935275080908,0.1,0.37,0.2264104005057739","0,0,0"
22.716666666666665,166,AV,2,0,0,47,2946.490055333797,0.6,-0.8271666666666666,"0.3936967353951893,0.18528664007976062,0.21959582919563053,0.6,0.47,0.14170376833700152","0,0,0"
10.183333333333334,114,AV,0,0,0,26,2046.5713793034688,0.1,-0.3484199625776562,"0.06923256262042389,0.08570332979100251,0.12179927701674269,0.1,0.26,0.09842452245612708","0,0,0"
31.15,274,AV,0,0,0,44,8028.27043643778,0.3,-0.6488679489717231,"0.3420727335401586,0.1698992817499183,0.20421841397849452,0.3,0.44,0.3860987658900816","0,0,0"
23.9,24,AV,0,0,0,40,767.6170681366935,0.5,-1.1298198663797525,"0.26810261780104705,0.14687574552683902,0.1807872096826954,0.5,0.4,0.036916544482430876","0,0,0"
32.4,13,AV,1,0,0,85,614.9217871931492,0.1,-0.42400000000000004,"0.8302642642642643,0.3177133402995473,0.3500128580729167,0.1,0.85,0.029573062471416202","0,0,0"
32.43333333333333,205,AV,2,0,0,65,3758.845856207275,0.4,-0.7243333333333333,"0.6998518320882252,0.2816966854283927,0.31374326168543165,0.4,0.65,0.18077190569786353","0,0,0"
48.46666666666667,60,AV,0,0,0,58,1200.7903182940884,0.9,-1.6345021253887166,"0.57840350877193,0.2412108646737384,0.27572299077733853,0.9,0.58,0.057748884228147654","0,0,0"
22.766666666666666,124,AV,2,0,0,47,2218.7455195521825,0.1,-0.32766666666666666,"0.3936967353951893,0.18528664007976062,0.21959582919563053,0.1,0.47,0.1067047894942801","0,0,0"
18.766666666666666,290,AV,1,0,0,44,12726.503958899895,0.4,-0.5876666666666667,"0.3420727335401586,0.1698992817499183,0.20421841397849452,0.4,0.44,0.6120480758003385","0,0,0"
12.683333333333334,163,AV,1,0,0,36,2891.134206742707,0.1,-0.22683333333333333,"0.1613386270491803,0.11460693359374996,0.14764914965986392,0.1,0.36,0.13904157291209238","0,0,0"
24.033333333333335,226,AV,1,0,0,55,4549.115907877681,0.6,-0.8403333333333334,"0.5230311785830886,0.22303838383838376,0.2585897832817336,0.6,0.55,0.21877788644870882","0,0,0"
73.11666666666666,201,AV,0,0,0,75,3558.5090095449787,0.2,-1.0154716379890127,"0.7888108437935847,0.3094845710410308,0.3439357989113031,0.2,0.75,0.17113722661336772","0,0,0"
26.783333333333335,117,AV,2,0,0,53,2105.6010448069283,0.3,-0.5678333333333334,"0.4897357887655567,0.21155253798900733,0.24516736256089078,0.3,0.53,0.10126340054104405","0,0,0"
34.63333333333333,221,AV,0,0,0,47,4227.85786318916,0.1,-0.5172912533268177,"0.3936967353951893,0.18528664007976062,0.21959582919563053,0.1,0.47,0.20332781715065273","0,0,0"
12.266666666666667,141,AV,1,0,0,35,2520.718778515204,0.9,-1.0226666666666666,"0.13171061702861084,0.10652824302134649,0.14244121576486293,0.9,0.35,0.12122740722876209","0,0,0"
21.716666666666665,242,AV,1,0,0,51,4959.361066312568,0.1,-0.31716666666666665,"0.4434620187304891,0.19751865160848733,0.23092950558213715,0.1,0.51,0.23850755931388606","0,0,0"
32.5,71,AV,1,0,0,88,1404.912317929139,0.2,-0.525,"0.8353852074966532,0.3188728754769339,0.3510395894428152,0.2,0.88,0.06756560039062387","0,0,0"
25.366666666666667,19,AV,2,0,0,53,736.5379020629116,0.2,-0.45366666666666666,"0.4897357887655567,0.21155253798900733,0.24516736256089078,0.2,0.53,0.03542187290142414","0,0,0"
