travel_time,id,kind,action,bid_route_0,bid_route_1,bid_route_2,karma_balance,origin,destination,start_time,income,urgency,reward
42.416666666666664,101,AV,2,2,0,1,4,0,0,61,2574.4307659940623,0.2,-8.483333333333333
27.433333333333334,255,AV,2,2,0,5,5,0,0,16,2553.8725848963804,0.4,-10.973333333333334
27.466666666666665,99,AV,1,2,9,7,1,0,0,54,1275.6237969650936,0.4,-10.986666666666666
22.383333333333333,52,AV,1,4,7,5,3,0,0,47,1474.807688008607,0.9,-20.145
24.233333333333334,299,AV,2,2,0,1,2,0,0,16,1457.5875839824732,0.1,-2.423333333333334
34.93333333333333,278,AV,2,2,0,1,4,0,0,50,417.8295094645922,0.2,-6.986666666666666
43.86666666666667,199,AV,2,2,0,1,29,0,0,63,1444.5182772575097,0.3,-13.16
40.8,157,AV,2,2,0,7,0,0,0,63,969.457736312404,0.4,-16.32
43.483333333333334,23,AV,2,3,0,1,20,0,0,75,1527.6889462703334,0.1,-4.348333333333334
20.466666666666665,40,AV,2,2,0,3,4,0,0,25,4113.319853961603,0.2,-4.093333333333333
15.866666666666667,162,AV,1,2,7,7,1,0,0,18,3628.2404526711953,0.3,-4.76
31.683333333333334,239,AV,2,2,0,1,10,0,0,52,5480.041794665195,0.1,-3.1683333333333334
44.93333333333333,106,AV,2,2,0,1,13,0,0,83,763.1985099142711,0.3,-13.479999999999999
34.11666666666667,251,AV,2,2,0,1,12,0,0,49,1348.5865378412918,0.1,-3.411666666666667
43.05,4,AV,2,2,0,7,25,0,0,71,491.0984231068265,0.6,-25.83
9.966666666666667,26,AV,0,8,5,3,0,0,0,34,1260.6549751070208,0.7,-6.976666666666667
35.233333333333334,229,AV,2,2,0,1,2,0,0,46,4547.885280126284,0.6,-21.14
32.233333333333334,282,AV,2,2,0,7,1,0,0,46,1869.7531794209297,0.2,-6.446666666666667
41.3,39,AV,2,2,0,5,8,0,0,61,595.9176043698985,0.3,-12.389999999999999
33.21666666666667,258,AV,2,2,0,1,6,0,0,49,2968.817229463249,0.1,-3.321666666666667
41.15,167,AV,2,2,0,7,4,0,0,68,873.8892656114449,0.4,-16.46
17.366666666666667,116,AV,1,2,7,7,6,0,0,37,2857.712092786687,0.9,-15.63
26.533333333333335,68,AV,2,2,0,3,4,0,0,34,1503.4428459110418,0.1,-2.6533333333333338
44.083333333333336,179,AV,2,2,0,1,7,0,0,68,2965.4163440895786,0.2,-8.816666666666668
45.43333333333333,6,AV,2,3,0,1,28,0,0,80,3206.59631480788,0.1,-4.543333333333333
34.36666666666667,169,AV,2,2,0,7,3,0,0,54,1804.2001824470888,0.2,-6.873333333333334
47.05,264,AV,2,2,0,7,5,0,0,75,2044.1603053436156,0.6,-28.229999999999997
28.883333333333333,12,AV,2,2,0,5,5,0,0,45,985.8695826897422,1.0,-28.883333333333333
29.1,93,AV,2,2,0,5,5,0,0,46,923.9636394510808,0.4,-11.64
25.983333333333334,297,AV,2,2,0,1,2,0,0,39,632.5893922142865,0.1,-2.5983333333333336
40.233333333333334,187,AV,2,2,0,5,8,0,0,64,2667.9339807116767,0.3,-12.07
46.166666666666664,22,AV,2,3,0,1,33,0,0,82,1434.2863071033526,0.1,-4.616666666666666
11.466666666666667,166,AV,1,2,9,7,0,0,0,13,3742.7752140142647,0.2,-2.2933333333333334
36.93333333333333,245,AV,2,2,0,3,3,0,0,55,586.3474640105957,0.2,-7.386666666666667
47.06666666666667,0,AV,2,2,0,7,4,0,0,80,4967.653125719208,0.9,-42.36000000000001
40.25,242,AV,2,3,0,1,6,0,0,57,802.5586880039084,0.1,-4.025
34.56666666666667,79,AV,2,2,0,5,5,0,0,49,1899.102970895097,0.5,-17.283333333333335
43.43333333333333,244,AV,2,2,0,5,5,0,0,60,813.126641713825,0.5,-21.716666666666665
26.7,32,AV,2,2,0,3,3,0,0,43,8987.033628468456,0.4,-10.68
41.166666666666664,215,AV,2,2,0,1,4,0,0,58,806.3598325453933,0.1,-4.116666666666666
34.18333333333333,91,AV,2,2,0,5,12,0,0,52,1240.6560786390864,0.2,-6.836666666666666
23.033333333333335,102,AV,2,2,0,3,3,0,0,25,1635.9686818612918,0.4,-9.213333333333335
36.4,214,AV,2,5,5,0,5,0,0,56,1260.3927948639828,0.1,-3.64
16.683333333333334,226,AV,1,2,7,7,1,0,0,34,658.4091024775607,0.3,-5.005
22.95,147,AV,1,2,7,7,4,0,0,51,646.5589615252754,0.7,-16.064999999999998
29.15,89,AV,2,2,0,5,5,0,0,44,2561.5826276178027,0.5,-14.575
23.4,262,AV,2,2,0,3,4,0,0,30,1460.8215047913693,0.2,-4.68
43.75,217,AV,2,2,0,1,11,0,0,66,3523.1638559153366,0.2,-8.75
43.45,153,AV,2,2,0,5,5,0,0,57,8134.997760071039,0.2,-8.690000000000001
39.36666666666667,143,AV,2,2,0,5,6,0,0,63,640.5426603936758,0.8,-31.493333333333336
25.05,63,AV,2,2,0,5,6,0,0,39,6427.339783247283,0.1,-2.5050000000000003
30.75,8,AV,2,2,0,5,6,0,0,41,4459.768546990965,0.6,-18.45
30.7,33,AV,2,2,0,5,6,0,0,36,1293.252850487379,0.1,-3.0700000000000003
44.916666666666664,100,AV,2,2,0,1,51,0,0,75,10783.100237376317,0.1,-4.491666666666666
35.233333333333334,56,AV,2,2,0,7,3,0,0,55,3382.383844415393,0.2,-7.046666666666667
33.166666666666664,19,AV,2,2,0,5,6,0,0,46,2088.64210540395,0.4,-13.266666666666666
22.316666666666666,81,AV,2,2,0,5,6,0,0,18,961.7772661313056,0.4,-8.926666666666668
32.86666666666667,73,AV,2,2,0,5,5,0,0,44,8331.964781214912,0.6,-19.72
43.266666666666666,95,AV,2,2,0,1,21,0,0,73,4223.122456076251,0.3,-12.979999999999999
19.783333333333335,121,AV,1,2,7,7,0,0,0,43,1794.439334206041,1.0,-19.783333333333335
18.05,256,AV,1,2,7,7,0,0,0,41,5721.231751015957,1.0,-18.05
24.3,287,AV,2,2,0,3,4,0,0,20,2446.4664131825853,0.2,-4.86
32.516666666666666,193,AV,2,2,0,3,3,0,0,42,7958.958807233507,0.3,-9.754999999999999
32.03333333333333,270,AV,2,2,0,1,2,0,0,48,1297.4303329633815,0.3,-9.61
39.233333333333334,133,AV,2,2,0,5,5,0,0,51,2969.8754393798326,0.5,-19.616666666666667
27.45,275,AV,2,2,0,3,3,0,0,40,5611.673516276995,0.1,-2.745
34.85,172,AV,2,2,0,1,8,0,0,50,7099.697064525982,0.1,-3.4850000000000003
21.283333333333335,206,AV,1,2,7,7,0,0,0,45,2850.5966631146844,0.5,-10.641666666666667
29.483333333333334,97,AV,2,2,0,5,8,0,0,44,3520.054626539052,0.1,-2.9483333333333337
36.65,3,AV,2,2,0,5,6,0,0,51,2756.9260540590044,0.4,-14.66
36.21666666666667,7,AV,2,2,0,3,4,0,0,50,1888.2149669861096,0.5,-18.108333333333334
31.7,246,AV,2,2,0,7,1,0,0,49,4645.51881630073,0.3,-9.51
41.083333333333336,66,AV,2,2,0,5,10,0,0,59,7336.658338656486,0.2,-8.216666666666667
29.833333333333332,254,AV,2,2,0,5,8,0,0,44,1552.9853059451273,0.1,-2.9833333333333334
48.46666666666667,90,AV,2,2,0,7,13,0,0,77,3389.778327720714,1.0,-48.46666666666667
52.166666666666664,27,AV,2,2,0,1,24,0,0,70,1718.6657268339234,0.2,-10.433333333333334
40.833333333333336,189,AV,2,2,0,1,17,0,0,55,849.0657401736111,0.1,-4.083333333333334
44.766666666666666,250,AV,2,0,0,1,2,0,0,51,1597.8734280578535,0.3,-13.43
45.93333333333333,252,AV,2,2,0,6,6,0,0,69,5003.647877951615,0.3,-13.78
31.216666666666665,85,AV,2,2,0,5,5,0,0,41,6130.868263041086,0.5,-15.608333333333333
37.916666666666664,51,AV,2,2,0,5,5,0,0,60,20793.30768626012,0.2,-7.583333333333333
26.75,42,AV,2,2,0,7,0,0,0,37,4549.115907877681,0.2,-5.3500000000000005
39.21666666666667,149,AV,2,2,0,7,7,0,0,54,1703.2333497257905,0.2,-7.843333333333334
45.45,141,AV,2,2,0,1,23,0,0,83,4559.760277629775,0.3,-13.635
20.8,160,AV,1,2,9,7,0,0,0,42,3849.958431883558,0.2,-4.16
27.166666666666668,291,AV,1,2,7,7,1,0,0,54,2747.619709803412,1.0,-27.166666666666668
33.583333333333336,113,AV,2,2,0,1,4,0,0,48,3031.4508351358254,0.1,-3.358333333333334
25.4,120,AV,2,2,0,7,1,0,0,32,3119.7161673652217,0.1,-2.54
31.216666666666665,203,AV,2,2,0,1,3,0,0,48,12051.378145129962,0.1,-3.1216666666666666
35.06666666666667,98,AV,2,1,4,4,8,0,0,47,617.4453946714843,0.5,-17.533333333333335
33.56666666666667,28,AV,2,2,0,3,6,0,0,25,465.3670128771111,0.1,-3.3566666666666674
33.4,257,AV,2,2,0,5,8,0,0,53,6783.106781750961,0.1,-3.34
45.36666666666667,159,AV,2,2,0,7,6,0,0,91,2222.040577514192,1.0,-45.36666666666667
36.916666666666664,112,AV,2,3,0,1,5,0,0,52,2078.9202215407213,0.1,-3.6916666666666664
34.85,237,AV,2,2,0,5,6,0,0,52,2675.3892374750885,0.3,-10.455
15.6,86,AV,1,2,9,7,0,0,0,32,11861.36896338871,0.2,-3.12
35.78333333333333,170,AV,2,2,0,5,5,0,0,57,2909.8477340427667,0.2,-7.156666666666666
46.266666666666666,49,AV,2,2,0,7,20,0,0,73,870.7377108213431,1.0,-46.266666666666666
43.56666666666667,186,AV,2,2,0,1,9,0,0,59,816.2772675203604,0.1,-4.356666666666667
27.816666666666666,103,AV,2,2,0,7,1,0,0,45,1267.69032506861,0.3,-8.344999999999999
25.15,44,AV,1,2,7,7,1,0,0,53,5911.733280178027,0.9,-22.634999999999998
44.78333333333333,30,AV,2,0,3,1,7,0,0,67,2793.3389947689566,0.1,-4.4783333333333335
22.433333333333334,82,AV,2,2,0,5,5,0,0,23,946.1123250925148,0.2,-4.486666666666667
35.733333333333334,50,AV,2,2,0,1,8,0,0,49,1097.8259349569896,0.1,-3.5733333333333337
37.71666666666667,138,AV,2,2,0,1,10,0,0,57,1365.417472605012,0.1,-3.771666666666667
49.06666666666667,92,AV,2,2,0,1,35,0,0,69,1111.987968807459,0.2,-9.813333333333334
28.783333333333335,71,AV,2,2,0,3,4,0,0,43,2421.0391237858234,0.6,-17.27
29.15,273,AV,2,2,0,3,4,0,0,42,1261.43865123121,0.7,-20.404999999999998
19.1,41,AV,1,2,7,7,0,0,0,41,614.9217871931492,0.5,-9.55
50.03333333333333,267,AV,2,2,0,1,57,0,0,85,4689.4303597647895,0.4,-20.013333333333335
32.11666666666667,148,AV,2,2,0,1,2,0,0,40,3778.090807703549,0.5,-16.058333333333334
23.683333333333334,174,AV,2,2,0,3,3,0,0,31,3465.4556083993225,0.2,-4.736666666666667
24.85,115,AV,2,2,0,5,6,0,0,34,968.7072844723906,0.3,-7.455
28.6,80,AV,1,2,7,7,9,0,0,57,1485.5718097438446,1.0,-28.6
39.38333333333333,241,AV,2,2,0,1,3,0,0,56,2797.307504072895,0.1,-3.9383333333333335
37.11666666666667,216,AV,2,2,0,3,3,0,0,53,1836.3970218708375,0.2,-7.423333333333334
27.816666666666666,140,AV,1,2,9,7,6,0,0,56,4577.590037133467,0.5,-13.908333333333333
45.733333333333334,57,AV,2,2,0,1,51,0,0,77,1572.8756307612184,0.1,-4.573333333333333
42.15,36,AV,2,2,0,1,14,0,0,64,17693.100214811147,0.2,-8.43
42.583333333333336,290,AV,2,2,0,5,13,0,0,64,2497.1975937909187,0.3,-12.775
25.9,150,AV,1,2,7,7,1,0,0,50,676.2529471816457,0.7,-18.13
46.63333333333333,185,AV,2,2,0,6,6,0,0,71,2326.172138461347,0.4,-18.653333333333332
25.516666666666666,207,AV,2,2,0,3,3,0,0,37,626.2908344343901,0.1,-2.5516666666666667
39.53333333333333,298,AV,2,2,0,5,8,0,0,57,13430.196447392702,0.2,-7.906666666666666
38.38333333333333,191,AV,2,2,0,5,12,0,0,55,1614.9493849180149,0.1,-3.8383333333333334
50.7,178,AV,2,2,0,1,25,0,0,93,2255.9253983027734,0.3,-15.21
13.666666666666666,183,AV,1,2,7,7,0,0,0,28,3987.5502105766736,0.4,-5.466666666666667
44.4,35,AV,2,1,1,5,12,0,0,67,1809.16611953512,0.2,-8.88
38.166666666666664,171,AV,2,2,0,5,6,0,0,57,2815.231094880572,0.4,-15.266666666666666
34.96666666666667,260,AV,2,2,0,7,4,0,0,54,1945.516475481125,0.2,-6.993333333333334
28.25,195,AV,2,2,0,5,5,0,0,31,437.8567856598078,1.0,-28.25
43.666666666666664,231,AV,2,3,0,1,6,0,0,64,720.4688823460104,0.1,-4.366666666666666
42.666666666666664,83,AV,2,3,0,1,15,0,0,68,8348.421721831439,0.1,-4.266666666666667
29.433333333333334,127,AV,2,2,0,3,4,0,0,38,5590.116807812239,0.2,-5.886666666666667
14.8,139,AV,1,2,9,7,0,0,0,26,19040.472291926453,0.1,-1.4800000000000002
36.85,182,AV,2,2,0,5,9,0,0,54,508.6019702527906,0.1,-3.6850000000000005
23.333333333333332,225,AV,2,2,0,1,2,0,0,12,2280.385817754286,0.2,-4.666666666666667
45.266666666666666,263,AV,2,2,0,1,52,0,0,75,3197.7177395395383,0.3,-13.58
38.11666666666667,31,AV,2,2,0,7,0,0,0,53,1596.1763216794554,0.3,-11.435
42.56666666666667,259,AV,2,2,0,5,6,0,0,65,5899.132481879994,1.0,-42.56666666666667
26.566666666666666,70,AV,2,2,0,1,2,0,0,29,4950.268578812107,0.7,-18.596666666666664
38.71666666666667,29,AV,2,2,0,7,1,0,0,55,2382.718205806423,0.4,-15.486666666666668
43.7,177,AV,2,2,0,7,0,0,0,65,1942.5668635563816,0.4,-17.48
40.55,9,AV,2,2,0,1,10,0,0,59,985.0802174553831,0.1,-4.055
25.516666666666666,168,AV,2,2,0,5,5,0,0,29,2818.3733061874163,0.6,-15.309999999999999
20.7,188,AV,1,2,7,7,2,0,0,44,4164.701887555128,0.7,-14.489999999999998
44.65,212,AV,2,2,0,1,4,0,0,61,857.6590975250949,0.2,-8.93
36.733333333333334,292,AV,2,2,0,5,6,0,0,51,567.550811201735,0.5,-18.366666666666667
30.433333333333334,213,AV,2,2,0,5,5,0,0,46,1614.9573615816892,0.9,-27.39
35.7,269,AV,2,2,0,5,6,0,0,54,5912.288420941998,0.3,-10.71
23.9,202,AV,2,2,0,7,0,0,0,28,473.5024380788758,0.1,-2.39
27.066666666666666,78,AV,2,2,0,5,5,0,0,38,9280.176126726552,0.1,-2.706666666666667
32.483333333333334,59,AV,2,2,0,5,5,0,0,44,3971.0791127863904,1.0,-32.483333333333334
29.366666666666667,119,AV,2,2,0,5,6,0,0,45,3941.04555698938,0.3,-8.81
29.716666666666665,211,AV,2,2,0,7,0,0,0,33,807.7368269013535,0.2,-5.943333333333333
31.283333333333335,272,AV,2,2,0,5,6,0,0,29,1052.4070316009115,0.4,-12.513333333333335
20.116666666666667,58,AV,1,2,7,7,2,0,0,43,2141.869626207308,0.8,-16.093333333333334
46.766666666666666,118,AV,2,2,0,1,72,0,0,72,4549.070920567666,0.6,-28.06
23.1,67,AV,2,2,0,5,6,0,0,5,6563.608435155774,0.3,-6.930000000000001
37.3,221,AV,2,2,0,7,3,0,0,56,6709.13861087917,0.3,-11.19
43.233333333333334,227,AV,2,2,0,5,5,0,0,66,4951.479839002994,0.6,-25.94
31.883333333333333,277,AV,2,2,0,7,2,0,0,48,1167.011530479414,0.2,-6.376666666666667
37.11666666666667,289,AV,2,2,0,1,2,0,0,56,2276.662146114732,0.5,-18.558333333333334
32.95,123,AV,2,2,0,7,2,0,0,48,2411.397471856681,0.2,-6.590000000000001
26.75,228,AV,2,2,0,3,6,0,0,31,2946.490055333797,0.1,-2.6750000000000003
31.05,43,AV,1,2,9,7,3,0,0,62,5882.279762541917,0.7,-21.735
16.85,154,AV,1,2,9,7,1,0,0,35,3958.913906791885,0.2,-3.3700000000000006
23.2,261,AV,2,2,0,1,2,0,0,3,10751.672106064549,0.5,-11.6
32.016666666666666,249,AV,2,2,0,5,5,0,0,45,2417.357356239525,0.1,-3.2016666666666667
44.31666666666667,2,AV,2,2,0,1,34,0,0,65,1628.9397076974285,0.4,-17.72666666666667
34.56666666666667,210,AV,2,2,0,5,5,0,0,52,946.2003450753726,0.2,-6.913333333333334
27.133333333333333,117,AV,2,2,0,7,0,0,0,31,1104.4445206976068,0.1,-2.7133333333333334
26.7,164,AV,1,2,9,7,8,0,0,54,1150.2916000513435,0.6,-16.02
42.63333333333333,145,AV,2,2,0,1,8,0,0,68,457.16351791608827,0.2,-8.526666666666667
19.55,253,AV,2,2,0,3,3,0,0,10,4687.914961676448,0.1,-1.955
30.4,84,AV,1,1,7,6,0,0,0,64,2113.1349678504243,0.2,-6.08
36.71666666666667,296,AV,2,2,0,1,7,0,0,56,1100.389953660579,0.1,-3.671666666666667
40.3,55,AV,2,2,0,1,26,0,0,64,6434.117121135291,0.2,-8.06
39.68333333333333,124,AV,2,3,0,1,7,0,0,64,8029.700924090037,0.1,-3.9683333333333333
23.516666666666666,218,AV,2,2,0,3,3,0,0,26,3824.993837156676,0.3,-7.055
27.733333333333334,94,AV,1,2,7,7,1,0,0,56,2302.618320259251,0.6,-16.64
28.066666666666666,232,AV,2,2,0,3,4,0,0,33,636.6552097563458,0.2,-5.613333333333333
43.55,111,AV,2,2,0,7,0,0,0,55,832.4581618945489,0.4,-17.419999999999998
34.65,285,AV,2,2,0,1,4,0,0,48,2530.9644311939346,0.1,-3.465
38.13333333333333,284,AV,2,2,0,5,5,0,0,52,2046.5713793034688,0.4,-15.253333333333334
41.016666666666666,247,AV,2,3,0,1,3,0,0,62,8475.089255911002,0.1,-4.101666666666667
34.71666666666667,77,AV,2,4,3,8,3,0,0,52,4635.813442599864,0.4,-13.886666666666668
16.116666666666667,280,AV,1,2,7,7,4,0,0,35,2212.8825544422834,0.5,-8.058333333333334
26.65,60,AV,2,2,2,3,3,0,0,40,1265.4739572733297,0.1,-2.665
42.333333333333336,14,AV,2,2,0,1,6,0,0,61,3274.575105225111,0.2,-8.466666666666667
40.583333333333336,114,AV,2,2,0,1,13,0,0,68,938.3100494872764,0.2,-8.116666666666667
37.266666666666666,24,AV,2,2,0,3,3,0,0,55,1089.3140785512585,0.6,-22.36
39.516666666666666,271,AV,2,2,0,3,4,0,0,52,2139.4702648744856,0.4,-15.806666666666667
39.733333333333334,48,AV,2,2,0,5,6,0,0,58,2744.255474143275,0.8,-31.78666666666667
31.85,87,AV,2,4,5,0,6,0,0,46,1921.5023446668008,0.4,-12.740000000000002
23.633333333333333,276,AV,2,2,0,3,6,0,0,25,583.3206434887895,0.2,-4.726666666666667
46.083333333333336,230,AV,2,3,0,1,42,0,0,78,1122.7546975855585,0.1,-4.608333333333333
14.866666666666667,107,AV,1,2,7,7,0,0,0,32,1474.5167950508735,0.4,-5.946666666666667
37.6,125,AV,2,2,0,1,2,0,0,57,2337.3116255789537,0.2,-7.5200000000000005
20.183333333333334,209,AV,2,2,0,1,2,0,0,10,1691.6338586686718,0.2,-4.036666666666667
35.0,137,AV,2,2,0,3,3,0,0,46,2137.1188228190404,1.0,-35.0
30.016666666666666,11,AV,2,2,0,7,1,0,0,44,877.6907461205365,0.3,-9.004999999999999
23.45,184,AV,2,2,0,5,5,0,0,12,1020.5842314575186,0.3,-7.034999999999999
19.416666666666668,34,AV,1,2,7,7,0,0,0,44,2318.2944376966047,0.6,-11.65
31.033333333333335,69,AV,2,2,0,5,6,0,0,32,3438.9188747307694,0.4,-12.413333333333334
44.68333333333333,223,AV,2,3,0,1,6,0,0,68,2052.607856914241,0.1,-4.468333333333333
32.36666666666667,155,AV,2,2,0,5,6,0,0,48,11515.391842589095,0.3,-9.709999999999999
29.85,192,AV,2,2,0,3,3,0,0,31,1405.7852601227096,0.4,-11.940000000000001
42.13333333333333,175,AV,2,2,0,5,8,0,0,54,3257.3450634265246,0.1,-4.213333333333334
36.4,144,AV,2,2,0,1,4,0,0,50,877.2934597877683,0.2,-7.28
42.6,176,AV,2,2,0,5,5,0,0,66,5807.233742044462,0.3,-12.78
24.683333333333334,38,AV,2,2,0,5,5,0,0,29,1083.524948441525,0.6,-14.809999999999999
38.266666666666666,10,AV,2,2,0,5,6,0,0,57,571.0932451196882,0.6,-22.959999999999997
29.783333333333335,128,AV,2,2,0,5,7,0,0,44,1249.5878531833848,0.1,-2.9783333333333335
44.6,75,AV,2,2,0,5,8,0,0,61,2909.5116230827134,0.3,-13.38
45.833333333333336,122,AV,2,2,0,1,68,0,0,91,978.4447105201264,0.3,-13.75
36.25,21,AV,2,2,0,5,5,0,0,56,4609.601315671212,0.4,-14.5
39.166666666666664,5,AV,2,2,0,5,5,0,0,56,1922.439846447592,0.2,-7.833333333333333
33.03333333333333,15,AV,2,2,0,3,3,0,0,41,3758.845856207275,0.2,-6.6066666666666665
40.03333333333333,61,AV,2,2,0,7,16,0,0,60,1900.764377468582,0.3,-12.01
21.433333333333334,204,AV,1,2,7,7,0,0,0,47,4159.866430607663,0.5,-10.716666666666667
44.1,132,AV,2,3,0,1,4,0,0,65,4569.840806868062,0.1,-4.41
16.816666666666666,105,AV,1,2,7,7,1,0,0,34,777.0630287344238,0.7,-11.771666666666667
29.283333333333335,129,AV,2,2,0,5,6,0,0,44,4818.617258984985,0.2,-5.856666666666667
33.0,235,AV,2,2,0,1,2,0,0,51,1848.7234685638712,0.3,-9.9
18.55,109,AV,1,2,7,7,2,0,0,38,954.0002559944874,0.6,-11.13
42.13333333333333,190,AV,2,3,0,1,35,0,0,81,14754.343640924068,0.1,-4.213333333333334
30.583333333333332,62,AV,2,2,0,5,6,0,0,39,1490.1599361877834,0.1,-3.0583333333333336
40.666666666666664,293,AV,2,2,0,7,0,0,0,60,7912.643587116454,0.4,-16.266666666666666
35.3,236,AV,2,2,0,7,0,0,0,48,1567.0706205360798,0.3,-10.589999999999998
32.45,288,AV,2,2,0,1,2,0,0,35,2891.134206742707,0.2,-6.490000000000001
28.083333333333332,47,AV,2,2,0,5,5,0,0,38,2436.431929205765,0.1,-2.8083333333333336
26.366666666666667,74,AV,2,0,6,8,0,0,0,37,3269.866339895674,0.5,-13.183333333333334
25.1,240,AV,2,2,0,7,0,0,0,33,1434.4967426379471,0.2,-5.0200000000000005
39.416666666666664,233,AV,2,2,0,7,5,0,0,57,1509.578116022191,0.5,-19.708333333333332
44.45,25,AV,2,5,1,5,6,0,0,74,2344.9936519099742,0.1,-4.445
45.28333333333333,274,AV,2,2,0,6,7,0,0,66,2835.850686157305,0.3,-13.584999999999999
27.283333333333335,283,AV,2,2,0,7,0,0,0,28,2476.7926805910606,0.1,-2.7283333333333335
36.4,108,AV,2,2,0,5,5,0,0,53,1117.0806745336297,0.3,-10.92
49.28333333333333,18,AV,2,3,0,1,24,0,0,77,546.8646928603165,0.1,-4.928333333333334
32.71666666666667,286,AV,2,2,0,7,5,0,0,50,7081.334819999852,0.3,-9.815
32.4,200,AV,2,2,0,5,6,0,0,51,2218.7455195521825,0.2,-6.48
44.21666666666667,194,AV,2,2,0,1,23,0,0,73,1716.9764066453156,0.2,-8.843333333333334
16.016666666666666,130,AV,1,2,7,7,0,0,0,13,5557.427333357366,0.2,-3.203333333333333
27.933333333333334,104,AV,2,2,0,5,6,0,0,35,3064.640983136323,0.4,-11.173333333333334
32.8,76,AV,2,2,0,5,5,0,0,51,736.5379020629116,0.8,-26.24
38.25,46,AV,2,2,0,3,3,0,0,54,3487.44186130441,0.2,-7.65
40.46666666666667,180,AV,2,2,0,1,16,0,0,62,541.9839687696077,0.1,-4.046666666666667
34.233333333333334,220,AV,2,2,0,5,6,0,0,46,8795.495569618428,0.1,-3.423333333333334
45.06666666666667,20,AV,2,2,0,1,20,0,0,72,3097.4575811220984,0.2,-9.013333333333334
49.45,181,AV,2,3,0,1,36,0,0,77,1135.438045570021,0.1,-4.945
32.28333333333333,16,AV,2,2,0,7,0,0,0,43,4227.85786318916,0.2,-6.456666666666667
33.36666666666667,142,AV,2,2,0,7,5,0,0,45,5849.7981009167725,0.2,-6.673333333333334
43.88333333333333,295,AV,2,2,0,1,29,0,0,78,3759.463069718096,0.2,-8.776666666666667
34.06666666666667,265,AV,2,2,0,1,8,0,0,50,2645.062412614309,0.1,-3.406666666666667
23.15,197,AV,2,2,0,5,5,0,0,11,3245.380745418587,0.6,-13.889999999999999
22.45,88,AV,2,2,0,3,3,0,0,30,837.3801312568858,0.1,-2.245
22.566666666666666,163,AV,2,2,0,5,6,0,0,24,3361.758609282253,0.4,-9.026666666666667
44.016666666666666,222,AV,2,1,0,1,2,0,0,75,4630.913868273173,0.2,-8.803333333333333
35.63333333333333,126,AV,2,2,0,7,1,0,0,49,615.3970356119416,0.4,-14.253333333333334
40.85,281,AV,2,2,0,1,2,0,0,57,3539.477986656502,0.1,-4.085
43.083333333333336,146,AV,2,2,0,1,10,0,0,67,2853.537244729806,0.2,-8.616666666666667
50.86666666666667,224,AV,2,2,0,1,50,0,0,83,931.9887487728153,0.2,-10.173333333333334
21.0,266,AV,2,2,0,3,3,0,0,23,1993.780724220221,0.1,-2.1
31.516666666666666,205,AV,2,2,0,5,5,0,0,40,2401.1770329784995,0.1,-3.151666666666667
21.05,161,AV,2,2,0,1,2,0,0,8,1020.7360413649084,0.1,-2.105
41.5,152,AV,2,2,0,7,0,0,0,57,5702.891177591027,0.3,-12.45
47.016666666666666,208,AV,2,3,0,1,41,0,0,80,2294.767722006211,0.1,-4.701666666666667
50.016666666666666,72,AV,2,2,0,1,10,0,0,80,1251.6500609663929,0.3,-15.004999999999999
48.0,110,AV,2,2,0,1,10,0,0,64,892.1845339920479,0.2,-9.600000000000001
44.81666666666667,294,AV,2,2,0,7,1,0,0,65,9667.56212442905,0.5,-22.408333333333335
26.483333333333334,198,AV,2,2,0,7,1,0,0,27,2753.3979495063454,0.1,-2.6483333333333334
44.6,165,AV,2,2,0,1,34,0,0,66,4304.4895651906745,0.1,-4.46
43.43333333333333,13,AV,2,6,2,2,6,0,0,61,943.1907669438916,0.1,-4.343333333333333
35.31666666666667,37,AV,2,2,0,5,5,0,0,45,861.805442805673,0.1,-3.531666666666667
37.75,173,AV,2,2,0,5,5,0,0,52,11185.875164713363,0.6,-22.65
44.6,65,AV,2,2,0,1,30,0,0,69,12197.400506638176,0.2,-8.92
26.55,158,AV,1,2,7,7,6,0,0,51,548.7192496267361,1.0,-26.55
25.55,238,AV,2,2,0,2,2,0,0,24,1310.9401185904849,0.1,-2.555
34.916666666666664,135,AV,2,2,0,3,3,0,0,36,2105.159940183184,0.3,-10.475
45.05,156,AV,2,3,0,1,64,0,0,98,2476.7673195544394,0.1,-4.505
41.56666666666667,219,AV,2,2,0,7,19,0,0,65,818.0604611907775,0.5,-20.783333333333335
16.033333333333335,96,AV,1,2,7,7,1,0,0,27,424.9057127261393,0.4,-6.413333333333334
38.5,234,AV,2,2,0,5,5,0,0,60,2857.8751728516777,0.6,-23.099999999999998
24.4,17,AV,2,2,0,7,1,0,0,19,1530.0661682302475,0.1,-2.44
31.0,248,AV,2,2,0,5,6,0,0,44,4343.557359248321,0.5,-15.5
46.68333333333333,136,AV,2,2,0,3,3,0,0,65,3480.90175047103,1.0,-46.68333333333333
21.65,134,AV,1,2,7,7,1,0,0,46,7130.271245067938,1.0,-21.65
29.983333333333334,201,AV,2,2,0,5,5,0,0,37,932.0432837729122,0.3,-8.995
19.7,268,AV,2,2,0,3,6,0,0,14,5144.150368411208,0.1,-1.97
19.7,1,AV,2,2,1,3,6,0,0,0,10838.007207066395,0.1,-1.97
18.516666666666666,151,AV,1,2,7,7,1,0,0,39,4116.183110063293,0.5,-9.258333333333333
48.85,131,AV,2,3,0,1,11,0,0,93,6081.635477498837,0.2,-9.770000000000001
34.86666666666667,279,AV,2,2,0,5,5,0,0,46,4925.450001742355,0.2,-6.973333333333334
40.35,54,AV,2,2,0,1,6,0,0,61,3608.770587345788,0.2,-8.07
38.86666666666667,45,AV,2,2,0,3,3,0,0,57,3387.2787239910285,0.4,-15.546666666666667
24.45,243,AV,2,2,5,5,5,0,0,35,1929.5758599688188,0.2,-4.890000000000001
40.8,53,AV,2,2,0,1,25,0,0,67,1046.6558973464134,0.3,-12.239999999999998
42.31666666666667,64,AV,2,3,0,1,7,0,0,62,650.412147456106,0.1,-4.231666666666667
10.633333333333333,196,AV,1,2,7,7,1,0,0,6,1282.6858023855964,0.2,-2.1266666666666665
