travel_time,id,kind,action,origin,destination,start_time,income,urgency,reward,observation,cost_table
34.88333333333333,242,AV,1,0,0,62,5144.150368411208,0.3,-13.594326668036183,"0.29742307692307685,0.2925283950617284,0.3139347826086956,0.3,0.62,0.2473945197189757","0,0,0"
27.35,205,AV,0,0,0,33,3487.44186130441,0.2,-5.3172492377108895,"0.2529482758620689,0.35028446115288225,0.3662916666666667,0.2,0.33,0.16771943713451876","0,0,0"
45.516666666666666,137,AV,2,0,0,97,2108.868816674547,0.1,-2.4239565397046245,"0.26903508771929824,0.31845465686274504,0.3479895833333333,0.1,0.97,0.10142055552171977","0,0,0"
43.06666666666667,43,AV,1,0,0,87,946.2003450753726,0.1,-1.0290326985163145,"0.2838333333333333,0.3355107526881721,0.34270430107526884,0.1,0.87,0.04550504226418034","0,0,0"
24.75,244,AV,1,0,0,24,5307.329693361759,0.1,-3.3170810583511,"0.32774324324324317,0.3246561679790026,0.3584375,0.1,0.24,0.25524220453241103","0,0,0"
13.383333333333333,102,AV,0,0,0,11,1628.9397076974285,0.5,-3.252606450507229,"0.25321014492753624,0.3096071428571429,0.35428395061728396,0.5,0.11,0.07833961446998668","0,0,0"
23.716666666666665,123,AV,1,0,0,20,1927.298426803608,0.6,-6.925620356923066,"0.2815128205128205,0.3041079234972678,0.3318933333333333,0.6,0.2,0.0926884003201249","0,0,0"
44.88333333333333,157,AV,1,0,0,98,2398.572127464108,0.5,-13.592918222350256,"0.33381196581196576,0.3454037940379404,0.37218181818181817,0.5,0.98,0.11535308204230756","0,0,0"
23.85,171,AV,2,0,0,6,2750.2432356670683,0.5,-8.281982471042877,"0.30849999999999994,0.3119769647696477,0.3428225806451613,0.5,0.06,0.13226578845290615","0,0,0"
6.4,289,AV,0,0,0,3,10426.353459350525,0.4,-7.2402689030144805,"0.29592156862745095,0.3145089743589744,0.3457179487179488,0.4,0.03,0.5014283257223231","0,0,0"
22.033333333333335,131,AV,1,0,0,23,2022.4315636845977,0.3,-3.375826423221008,"0.23889705882352938,0.27990277777777783,0.3161250000000001,0.3,0.23,0.09726358086938654","0,0,0"
14.6,295,AV,1,0,0,1,14312.770160915026,0.1,-5.276930412862611,"0.253264705882353,0.30010000000000003,0.3218910256410257,0.1,0.01,0.6883354191104801","0,0,0"
36.78333333333333,49,AV,1,0,0,72,975.0940381265832,0.1,-0.9057376019130342,"0.3070064102564103,0.3150445292620866,0.3432321428571429,0.1,0.72,0.04689460920981367","0,0,0"
38.8,231,AV,1,0,0,78,4577.590037133467,0.1,-4.485113470726731,"0.3212361111111111,0.32502692307692316,0.3203771929824562,0.1,0.78,0.22014727556589106","0,0,0"
19.333333333333332,101,AV,1,0,0,10,1597.8734280578535,0.3,-2.340319667357462,"0.2436180555555556,0.2972416666666667,0.3158846153846154,0.3,0.1,0.07684556262848466","0,0,0"
39.21666666666667,193,AV,1,0,0,70,3236.647802754315,0.1,-3.2053166161114914,"0.25158928571428574,0.3077663934426229,0.3202575757575758,0.1,0.7,0.1556581498042776","0,0,0"
30.166666666666668,215,AV,1,0,0,50,3882.59008652233,0.4,-11.830787974083194,"0.2258170731707317,0.28454269972451784,0.3210347222222223,0.4,0.5,0.18672306229989","0,0,0"
29.466666666666665,66,AV,2,0,0,33,1150.2916000513435,0.4,-3.423763550321171,"0.3021190476190477,0.3111098765432099,0.333406862745098,0.4,0.33,0.05532027984231857","0,0,0"
30.866666666666667,48,AV,1,0,0,49,969.457736312404,0.1,-0.7556547675297022,"0.2579702380952381,0.3375096618357488,0.3475208333333334,0.1,0.49,0.04662354594757456","0,0,0"
28.783333333333335,59,AV,0,0,0,40,1104.4445206976068,0.1,-1.3027675451366865,"0.24969607843137254,0.31495255474452555,0.33463541666666674,0.1,0.4,0.05311538391880796","0,0,0"
20.05,127,AV,1,0,0,13,1986.5043233563797,0.2,-2.0115864486512836,"0.22714583333333332,0.2967357723577236,0.3389347826086957,0.2,0.13,0.0955357537785597","0,0,0"
31.283333333333335,67,AV,2,0,0,45,1167.011530479414,0.1,-0.9219194624199748,"0.24013131313131314,0.2843387533875339,0.32076111111111105,0.1,0.45,0.0561243813676915","0,0,0"
23.816666666666666,217,AV,1,0,0,29,3919.41152379869,0.3,-7.071766499379201,"0.3168518518518518,0.3379730769230769,0.3886875000000001,0.3,0.29,0.18849389346499082","0,0,0"
29.483333333333334,146,AV,2,0,0,45,2218.7455195521825,0.1,-1.6519195387574963,"0.27845833333333336,0.328202842377261,0.34349206349206346,0.1,0.45,0.1067047894942801","0,0,0"
30.633333333333333,128,AV,0,0,0,44,1993.780724220221,0.1,-2.0423270080457767,"0.3507453703703704,0.3437567567567567,0.3900909090909091,0.1,0.44,0.09588569333476842","0,0,0"
51.016666666666666,134,AV,0,0,0,86,2043.1688306873104,0.4,-11.028854866555317,"0.3046813725490196,0.34960902255639104,0.3584202898550724,0.4,0.86,0.09826088573860729","0,0,0"
29.733333333333334,82,AV,2,0,0,32,1342.087988935639,0.1,-1.0076956953961196,"0.2601388888888889,0.3133370927318296,0.3195714285714285,0.1,0.32,0.06454422784415724","0,0,0"
38.666666666666664,1,AV,1,0,0,80,449.0833195935783,0.4,-1.7539954569984877,"0.23445495495495494,0.3149461538461539,0.34909420289855075,0.4,0.8,0.021597493115072083","0,0,0"
43.5,125,AV,1,0,0,91,1942.5668635563816,0.4,-8.535521067141676,"0.27756462585034014,0.3126408045977012,0.33958666666666665,0.4,0.91,0.09342269603599423","0,0,0"
26.483333333333334,153,AV,1,0,0,39,2318.2944376966047,0.1,-1.5504081908669636,"0.20994999999999997,0.30577170868347336,0.3436666666666667,0.1,0.39,0.11149233554738845","0,0,0"
40.95,94,AV,2,0,0,79,1527.6889462703334,0.8,-12.638154010054576,"0.33333333333333326,0.34193452380952377,0.36403333333333326,0.8,0.79,0.07347022269476662","0,0,0"
18.816666666666666,6,AV,1,0,0,11,508.6019702527906,1.0,-2.416715590973908,"0.2229747474747475,0.2735805555555556,0.28648,1.0,0.11,0.024459887668034006","0,0,0"
15.116666666666667,72,AV,0,0,0,12,1261.43865123121,0.1,-0.9815340305836312,"0.26154301075268815,0.3215666666666667,0.3315416666666667,0.1,0.12,0.060665607909257666","0,0,0"
30.933333333333334,232,AV,1,0,0,51,4645.51881630073,0.2,-7.257645558126393,"0.21862820512820508,0.28721866666666673,0.3158229166666666,0.2,0.51,0.22341413335457028","0,0,0"
28.45,245,AV,1,0,0,47,5354.15698790508,0.4,-15.386441040999953,"0.26004666666666676,0.28410791366906474,0.3249230769230769,0.4,0.47,0.2574942413535784","0,0,0"
45.38333333333333,203,AV,2,0,0,80,3456.1529418207683,0.4,-15.843610202993185,"0.3087298850574713,0.31666391184573006,0.3444,0.4,0.8,0.1662146780093356","0,0,0"
21.6,252,AV,1,0,0,17,5825.994272151124,0.4,-12.711260230147909,"0.2471541666666667,0.30187467700258397,0.3272222222222223,0.4,0.17,0.28018602716107777","0,0,0"
40.21666666666667,70,AV,1,0,0,85,1249.5878531833848,0.1,-1.2690469232876718,"0.22464000000000003,0.2964018087855297,0.32625396825396835,0.1,0.85,0.06009567462944302","0,0,0"
32.983333333333334,188,AV,1,0,0,58,3101.095365071405,0.1,-2.5829409627425552,"0.2850322580645161,0.3253498622589532,0.36538888888888893,0.1,0.58,0.14913910821030935","0,0,0"
35.333333333333336,267,AV,1,0,0,67,6995.337061486569,0.1,-6.241630711427411,"0.27340740740740743,0.3186853333333334,0.3614393939393939,0.1,0.67,0.3364225243542649","0,0,0"
30.283333333333335,266,AV,2,0,0,34,6947.27484286379,0.1,-5.312793934967806,"0.27132323232323236,0.32108807588075877,0.3261933333333334,0.1,0.34,0.3341110970744898","0,0,0"
33.65,163,AV,2,0,0,48,2538.843693606908,0.1,-2.1573760174210213,"0.33292929292929285,0.3696987654320988,0.3670757575757576,0.1,0.48,0.12209907783380393","0,0,0"
22.416666666666668,42,AV,1,0,0,18,932.1411738504048,0.1,-0.5276640904161594,"0.22051893939393946,0.31452564102564096,0.35483333333333333,0.1,0.18,0.04482890302567631","0,0,0"
15.95,186,AV,1,0,0,3,3048.604611013583,0.1,-1.227910190547138,"0.3157586206896552,0.3237285353535354,0.36435632183908045,0.1,0.03,0.14661470204800806","0,0,0"
40.46666666666667,34,AV,1,0,0,81,832.3173438658397,0.2,-1.7010660866214302,"0.2666862745098039,0.3104225721784777,0.3542701149425288,0.2,0.81,0.0400281358033201","0,0,0"
36.78333333333333,265,AV,1,0,0,72,6918.069898529506,1.0,-64.26001795477534,"0.2879494949494949,0.3412456140350877,0.36440972222222223,1.0,0.72,0.33270656130870674","0,0,0"
28.033333333333335,281,AV,2,0,0,1,8139.327108000771,0.1,-5.761931058778324,"0.22317708333333336,0.3091400462962963,0.29820238095238094,0.1,0.01,0.39143974738464077","0,0,0"
52.733333333333334,151,AV,0,0,0,89,2294.767722006211,0.8,-24.946616405480313,"0.24035416666666667,0.3044180107526882,0.30787500000000007,0.8,0.89,0.11036087940556741","0,0,0"
43.06666666666667,209,AV,1,0,0,89,3630.005597296026,0.4,-15.791135460291134,"0.27718627450980393,0.31915027322404366,0.3372303921568627,0.4,0.89,0.17457566886747292","0,0,0"
32.5,30,AV,0,0,0,47,814.1496548969513,0.1,-1.1681783783876494,"0.22326262626262625,0.26502112676056333,0.2982666666666666,0.1,0.47,0.039154408100012306","0,0,0"
36.75,81,AV,1,0,0,71,1338.7213376931895,0.3,-3.7271219060776297,"0.29834761904761903,0.3323255208333334,0.3509938271604938,0.3,0.71,0.06438231751737097","0,0,0"
37.81666666666667,65,AV,1,0,0,73,1148.9174546898266,0.3,-3.291532455418203,"0.16909677419354832,0.27771544715447155,0.2868035714285714,0.3,0.73,0.05525419389859809","0,0,0"
54.6,90,AV,0,0,0,95,1467.6871321740252,0.2,-4.547258455388979,"0.2521875,0.29785172413793104,0.30148717948717946,0.2,0.95,0.07058459165416232","0,0,0"
34.0,277,AV,0,0,0,56,7912.643587116454,0.1,-7.2936838879282675,"0.28610215053763444,0.3319651741293532,0.31962,0.1,0.56,0.38053799359420826","0,0,0"
40.11666666666667,118,AV,1,0,0,86,1830.3424648913517,0.1,-1.8542231957043283,"0.26187499999999997,0.303931129476584,0.34219696969696967,0.1,0.86,0.08802555574651609","0,0,0"
18.433333333333334,201,AV,1,0,0,6,3393.6426315430986,0.1,-1.5797006525617285,"0.2293777777777778,0.301271164021164,0.3451666666666667,0.1,0.06,0.1632084073754924","0,0,0"
28.333333333333332,89,AV,1,0,0,32,1457.5875839824732,0.7,-7.300207175669795,"0.26835937499999996,0.32842424242424245,0.33277083333333335,0.7,0.32,0.07009888017699192","0,0,0"
22.983333333333334,162,AV,1,0,0,19,2530.9644311939346,0.2,-2.937878746310131,"0.315367816091954,0.309967365967366,0.34644444444444455,0.2,0.19,0.12172014522087579","0,0,0"
33.53333333333333,185,AV,2,0,0,35,3046.5766145774583,0.1,-2.579845180357679,"0.3011616161616162,0.3282408759124088,0.3190333333333333,0.1,0.35,0.14651717083908622","0,0,0"
18.866666666666667,228,AV,1,0,0,13,4559.760277629775,0.2,-4.344822082724669,"0.2867839506172839,0.2937558139534884,0.34015686274509804,0.2,0.13,0.21928979970044837","0,0,0"
42.666666666666664,275,AV,0,0,0,70,7658.5640246764915,1.0,-83.01651474398913,"0.3382541666666667,0.3564931129476584,0.36759027777777775,1.0,0.7,0.3683186985078447","0,0,0"
24.766666666666666,256,AV,1,0,0,27,6007.794801579103,0.9,-33.81660255737328,"0.26635238095238095,0.30774626865671634,0.34551587301587294,0.9,0.27,0.2889292503255245","0,0,0"
30.266666666666666,111,AV,1,0,0,52,1783.933402668827,0.1,-1.3634777185381273,"0.24663636363636365,0.2955560344827586,0.33468000000000003,0.1,0.52,0.0857936327199939","0,0,0"
22.316666666666666,95,AV,1,0,0,17,1530.6528609905624,0.8,-6.900822157799203,"0.2613455284552845,0.3112454068241469,0.34559090909090906,0.8,0.17,0.07361276445699849","0,0,0"
24.5,258,AV,1,0,0,30,6081.635477498837,0.6,-22.575768060412347,"0.2876875,0.31306561679790024,0.35080434782608694,0.6,0.3,0.29248042539751784","0,0,0"
35.1,191,AV,1,0,0,69,3159.4556453821087,0.4,-11.201706379082024,"0.24658333333333338,0.3019283950617284,0.3375666666666667,0.4,0.69,0.15194579395705407","0,0,0"
26.066666666666666,16,AV,2,0,0,1,626.2908344343901,0.4,-1.649021658342401,"0.29480000000000006,0.3037486338797814,0.32391666666666674,0.4,0.01,0.03011982720037529","0,0,0"
33.15,97,AV,1,0,0,63,1541.4014724042315,0.7,-9.032379082611158,"0.30039743589743584,0.3250958005249343,0.37054166666666666,0.7,0.63,0.07412969094006937","0,0,0"
34.983333333333334,161,AV,1,0,0,61,2472.005569054355,0.1,-2.1838130006082035,"0.2513548387096774,0.2969770114942529,0.31572857142857147,0.1,0.61,0.11888467223941558","0,0,0"
18.35,279,AV,1,0,0,8,8011.326014866212,0.7,-25.986232995191035,"0.29029444444444447,0.33016025641025637,0.32898333333333335,0.7,0.08,0.385283868047601","0,0,0"
33.05,5,AV,1,0,0,60,497.26542980048754,0.2,-0.8300314371164704,"0.2232115384615385,0.33019012345679016,0.36450000000000005,0.2,0.6,0.023914686268460907","0,0,0"
52.88333333333333,38,AV,0,0,0,86,863.3540159882258,0.1,-1.6529555104085187,"0.24641397849462368,0.3277453333333334,0.39023684210526305,0.1,0.86,0.04152076374836295","0,0,0"
40.2,87,AV,1,0,0,79,1447.5744631551047,0.2,-2.939014819133092,"0.2976782945736435,0.32979894179894176,0.33651587301587305,0.2,0.79,0.06961732519889745","0,0,0"
29.266666666666666,46,AV,1,0,0,47,961.7772661313056,0.2,-1.4216169017900442,"0.2424473684210526,0.31394362745098037,0.34859375,0.2,0.47,0.04625417372950396","0,0,0"
37.46666666666667,147,AV,1,0,0,77,2241.037238818388,0.1,-2.1203079599594847,"0.24416666666666664,0.3149651162790698,0.35911333333333334,0.1,0.77,0.10777685169826198","0,0,0"
23.883333333333333,216,AV,0,0,0,29,3898.759045987068,0.1,-2.8513980273145907,"0.30714414414414415,0.3469653846153846,0.34666666666666673,0.1,0.29,0.18750066631117593","0,0,0"
56.25,13,AV,0,0,0,100,591.6693204447811,0.4,-3.861757502527166,"0.22887499999999997,0.2903415300546448,0.3234761904761904,0.4,1.0,0.028454795618483852","0,0,0"
36.666666666666664,17,AV,2,0,0,43,627.4062491148882,0.2,-1.16186342428683,"0.31681944444444443,0.3243687664041995,0.35951851851851857,0.2,0.43,0.03017347016557005","0,0,0"
20.35,229,AV,0,0,0,23,4569.840806868062,0.2,-5.196780829281064,"0.27283333333333337,0.32547671568627445,0.34587500000000004,0.2,0.23,0.21977459651057532","0,0,0"
21.983333333333334,292,AV,0,0,0,28,11515.391842589095,0.4,-26.07037346864481,"0.26577477477477474,0.30868194444444447,0.312453125,0.4,0.28,0.5538027915682833","0,0,0"
39.15,62,AV,1,0,0,79,1122.7546975855585,0.1,-1.1099961214766316,"0.29979279279279275,0.3331967418546366,0.3606166666666667,0.1,0.79,0.05399596420763093","0,0,0"
26.0,106,AV,1,0,0,32,1691.6338586686718,0.8,-8.885349560683935,"0.3202333333333333,0.3504477611940298,0.3615384615384616,0.8,0.32,0.08135472644337755","0,0,0"
40.13333333333333,159,AV,1,0,0,82,2411.397471856681,0.5,-12.219371027421902,"0.31888505747126433,0.34093307086614166,0.3659861111111111,0.5,0.82,0.11596988359144483","0,0,0"
41.083333333333336,50,AV,1,0,0,88,1011.0784796502788,0.4,-4.195805475316393,"0.3863333333333333,0.3699857142857143,0.3304666666666667,0.4,0.88,0.04862518724321976","0,0,0"
41.68333333333333,51,AV,1,0,0,86,1014.5614647146556,0.8,-8.54349570118301,"0.29476811594202895,0.3139183673469388,0.3222333333333333,0.8,0.86,0.04879269234230884","0,0,0"
32.11666666666667,276,AV,1,0,0,57,7864.29237148983,0.1,-6.378152946069402,"0.30536904761904765,0.32921866666666666,0.3598181818181818,0.1,0.57,0.37821266775590623","0,0,0"
43.28333333333333,144,AV,1,0,0,91,2212.8825544422834,0.1,-2.418710435137462,"0.24345454545454548,0.3053125,0.3429635416666666,0.1,0.91,0.1064228254509272","0,0,0"
23.65,213,AV,0,0,0,32,3822.7735841463273,0.3,-7.349136004928837,"0.23554504504504503,0.28457124681933843,0.3182575757575758,0.3,0.32,0.18384634334403438","0,0,0"
33.5,10,AV,1,0,0,66,541.9839687696077,0.1,-0.45849653923691563,"0.33620370370370367,0.3265620437956204,0.38089743589743597,0.1,0.66,0.026065307980208553","0,0,0"
44.28333333333333,19,AV,1,0,0,99,658.4091024775607,0.1,-0.7362765089574407,"0.2898563218390805,0.3274233870967742,0.3477870370370371,0.1,0.99,0.03166447168540803","0,0,0"
28.933333333333334,167,AV,1,0,0,48,2629.980017260476,0.1,-1.9215678913990686,"0.28707471264367823,0.32396085858585855,0.3589375,0.1,0.48,0.12648204205617194","0,0,0"
21.95,183,AV,1,0,0,19,3017.17067826153,0.4,-6.689585493721271,"0.2756881720430108,0.3092175572519084,0.3472583333333333,0.4,0.19,0.14510296888720728","0,0,0"
15.483333333333333,224,AV,0,0,0,12,4135.471393234625,0.1,-2.116941466462528,"0.3183287037037037,0.3530440771349862,0.359969696969697,0.1,0.12,0.198884730396563","0,0,0"
40.983333333333334,233,AV,1,0,0,91,4687.914961676448,0.5,-24.2583815041296,"0.36271666666666663,0.34581442080378255,0.33166666666666667,0.5,0.91,0.22545306559254863","0,0,0"
21.016666666666666,274,AV,1,0,0,16,7572.106998522375,0.2,-8.03739640163023,"0.3083709677419355,0.3472540322580645,0.35667204301075267,0.2,0.16,0.3641607729166582","0,0,0"
44.18333333333333,290,AV,1,0,0,96,10783.100237376317,0.6,-72.18686547799145,"0.3132988505747127,0.36855917874396127,0.38751851851851854,0.6,0.96,0.518585133259083","0,0,0"
43.233333333333334,296,AV,2,0,0,84,14505.369879802229,0.7,-110.85374843326971,"0.28339922480620156,0.3172513661202186,0.36606,0.7,0.84,0.6975980011774241","0,0,0"
33.0,236,AV,1,0,0,55,4843.3187157075145,0.1,-4.036098929756262,"0.26356666666666667,0.3113989501312336,0.33118115942028986,0.1,0.55,0.2329268045654853","0,0,0"
15.633333333333333,178,AV,1,0,0,2,2927.9701715656583,0.2,-2.311814832431471,"0.30614285714285705,0.31678535353535353,0.3371521739130434,0.2,0.02,0.14081310274172557","0,0,0"
46.016666666666666,117,AV,0,0,0,76,1824.367004680513,0.5,-11.099910142935387,"0.2045,0.2884711286089239,0.33006451612903226,0.5,0.76,0.08773818154415255","0,0,0"
39.733333333333334,53,AV,1,0,0,83,1020.5842314575186,0.1,-1.0240205420011466,"0.27944444444444444,0.3111011396011396,0.3490740740740741,0.1,0.83,0.04908234162917255","0,0,0"
34.766666666666666,31,AV,1,0,0,67,818.0604611907775,1.0,-7.182130143282667,"0.30100854700854707,0.33917692307692304,0.33850833333333336,1.0,0.67,0.03934248814734457","0,0,0"
41.266666666666666,170,AV,1,0,0,87,2744.255474143275,0.1,-2.8597544419102476,"0.20144444444444443,0.30399494949494943,0.3052936507936508,0.1,0.87,0.13197782265092123","0,0,0"
36.733333333333334,20,AV,1,0,0,72,670.158540600369,0.2,-1.2432907605077552,"0.1992598039215686,0.27556830601092897,0.2969097222222221,0.2,0.72,0.032229530323508795","0,0,0"
44.983333333333334,44,AV,1,0,0,100,950.4213588862824,0.1,-1.0796242624722545,"0.19593103448275861,0.2781178861788618,0.3317777777777778,0.1,1.0,0.04570804093445438","0,0,0"
26.616666666666667,142,AV,1,0,0,31,2187.718469250836,1.0,-14.704488196100945,"0.3363693693693694,0.32495795795795795,0.3787500000000001,1.0,0.31,0.10521262428567076","0,0,0"
22.733333333333334,165,AV,1,0,0,21,2574.4307659940623,0.2,-2.955827916511701,"0.27757723577235777,0.32990437158469943,0.34059259259259256,0.2,0.21,0.12381054543309646","0,0,0"
19.85,155,AV,1,0,0,3,2344.9936519099742,0.2,-2.3509153530511613,"0.24164074074074077,0.2945666666666667,0.3218,0.2,0.03,0.11277636474640867","0,0,0"
31.666666666666668,158,AV,1,0,0,52,2401.1770329784995,0.6,-11.520798895603914,"0.212234375,0.28830779569892473,0.31793055555555555,0.6,0.52,0.11547835819142706","0,0,0"
25.366666666666667,63,AV,1,0,0,31,1141.0395517097602,0.1,-0.7309184333763701,"0.28665555555555555,0.2776044776119403,0.31328846153846146,0.1,0.31,0.054875326664056465","0,0,0"
8.233333333333333,206,AV,0,0,0,4,3583.4963710051925,0.5,-4.225267692080314,"0.2436891891891892,0.2760330687830688,0.3443333333333334,0.5,0.04,0.17233892871085194","0,0,0"
27.6,202,AV,2,0,0,11,3414.9419898187493,0.2,-4.760222167626136,"0.3135698924731183,0.321828165374677,0.35113999999999995,0.2,0.11,0.1642327445611401","0,0,0"
24.2,55,AV,1,0,0,20,1025.7249596144625,0.2,-1.2536638395287873,"0.28855000000000003,0.32571805555555566,0.3504506172839506,0.2,0.2,0.049329571566540366","0,0,0"
28.733333333333334,280,AV,2,0,0,26,8134.997760071039,0.4,-23.610666899600123,"0.27391666666666664,0.3353991935483871,0.34864285714285714,0.4,0.26,0.39123153866695837","0,0,0"
21.116666666666667,288,AV,1,0,0,17,9667.367812467324,0.9,-46.39604173634888,"0.2769642857142857,0.3101565656565657,0.3388333333333333,0.9,0.17,0.46492688697408946","0,0,0"
9.966666666666667,8,AV,0,0,0,6,522.2875039790788,0.2,-0.7629022957739808,"0.29795726495726493,0.33984417344173445,0.3535416666666667,0.2,0.06,0.025118057783764625","0,0,0"
44.3,47,AV,1,0,0,97,968.7072844723906,0.1,-1.0836801187405785,"0.2835674603174603,0.30892011019283755,0.3478086419753087,0.1,0.97,0.04658745492005087","0,0,0"
39.36666666666667,41,AV,0,0,0,62,932.0432837729122,0.4,-4.206205784969055,"0.2824655172413793,0.31614251207729466,0.34505797101449276,0.4,0.62,0.04482419525724574","0,0,0"
35.81666666666667,293,AV,2,0,0,60,11940.25564443948,1.0,-107.99498897264498,"0.2639234234234234,0.2901170798898071,0.3280681818181818,1.0,0.6,0.5742355100304415","0,0,0"
14.316666666666666,211,AV,1,0,0,2,3773.073658575576,0.2,-2.7281736302326767,"0.29167901234567906,0.3199948717948718,0.3199791666666667,0.2,0.02,0.18145615481219285","0,0,0"
25.366666666666667,143,AV,0,0,0,32,2187.907521251699,0.2,-3.3030263024790294,"0.213820987654321,0.2896185446009389,0.34164035087719297,0.2,0.32,0.10522171624947545","0,0,0"
43.766666666666666,109,AV,1,0,0,95,1778.835052690156,0.2,-3.9320040811147723,"0.2508666666666666,0.3294597701149426,0.32858333333333334,0.2,0.95,0.08554844085078303","0,0,0"
43.85,298,AV,1,0,0,97,17322.90883950548,0.1,-19.182059409401905,"0.30347967479674803,0.32551574803149597,0.34192424242424246,0.1,0.97,0.833100202280572","0,0,0"
17.366666666666667,113,AV,1,0,0,4,1797.659883656486,0.3,-2.3651030287500743,"0.24310648148148148,0.27900260416666667,0.30564743589743587,0.3,0.04,0.08645377208765831","0,0,0"
44.733333333333334,57,AV,2,0,0,82,1089.3140785512585,0.1,-1.2305214591041995,"0.27026086956521733,0.31687062937062943,0.3177638888888889,0.1,0.82,0.052387724694280345","0,0,0"
37.45,85,AV,1,0,0,79,1386.7650627050614,0.4,-5.245894100838844,"0.31391880341880346,0.33581766381766387,0.38140972222222225,0.4,0.79,0.06669285539507566","0,0,0"
32.53333333333333,54,AV,1,0,0,56,1020.7360413649084,0.8,-6.7086759351659975,"0.35593333333333343,0.3140756501182034,0.3323541666666667,0.8,0.56,0.04908964253144747","0,0,0"
6.483333333333333,133,AV,0,0,0,3,2033.019749384408,0.5,-2.164235442993549,"0.32791975308641974,0.37377114427860697,0.3837017543859649,0.5,0.03,0.0977727920954007","0,0,0"
35.38333333333333,86,AV,1,0,0,69,1404.912317929139,0.1,-1.255315172964462,"0.22276262626262627,0.28895959595959597,0.34140579710144936,0.1,0.69,0.06756560039062387","0,0,0"
19.3,9,AV,1,0,0,2,539.5213747330826,0.4,-1.0517941951867165,"0.25013565891472866,0.2967108262108262,0.3322753623188406,0.4,0.02,0.025946875931124203","0,0,0"
54.5,149,AV,0,0,0,95,2283.7291705859197,1.0,-31.930111059831475,"0.3265202020202021,0.33145663956639576,0.38401851851851854,1.0,0.95,0.10983000901270609","0,0,0"
40.68333333333333,198,AV,2,0,0,81,3352.9358316496982,0.2,-6.889323539610197,"0.29713440860215057,0.3293482384823849,0.3483076923076924,0.2,0.81,0.16125071981045438","0,0,0"
26.733333333333334,299,AV,1,0,0,42,20793.30768626012,0.3,-42.111698899951044,"0.255895061728395,0.33077487562189056,0.3886111111111111,0.3,0.42,1.0","0,0,0"
24.716666666666665,150,AV,1,0,0,21,2293.603195459698,0.1,-1.4315713547418907,"0.31584,0.32578477690288715,0.34277536231884054,0.1,0.21,0.11030487453303418","0,0,0"
39.75,294,AV,1,0,0,81,13351.937436366714,0.1,-13.402512956959013,"0.2624504504504504,0.3204962121212121,0.34621428571428564,0.1,0.81,0.6421266706493964","0,0,0"
13.65,249,AV,0,0,0,9,5702.891177591027,0.1,-2.4657693074272102,"0.27411574074074074,0.31090027322404373,0.3244097222222222,0.1,0.09,0.27426570431405706","0,0,0"
31.566666666666666,23,AV,1,0,0,54,736.5379020629116,0.4,-2.3484895395743344,"0.30533870967741933,0.307952,0.3492361111111111,0.4,0.54,0.03542187290142414","0,0,0"
40.733333333333334,75,AV,2,0,0,74,1275.9312017726234,1.0,-13.124477513183045,"0.35026190476190466,0.32397751322751317,0.35059770114942523,1.0,0.74,0.06136258939772906","0,0,0"
32.4,237,AV,1,0,0,51,4959.361066312568,0.7,-28.403613379790162,"0.2664883720930233,0.29574152542372883,0.31785416666666666,0.7,0.51,0.23850755931388606","0,0,0"
42.61666666666667,271,AV,0,0,0,70,7128.986247371214,0.1,-8.172061378168431,"0.3381666666666666,0.3122910256410257,0.3539305555555556,0.1,0.7,0.34285003400790975","0,0,0"
26.55,221,AV,1,0,0,33,4034.238052294327,0.2,-5.409546479212848,"0.24354347826086953,0.30106306306306296,0.3288188405797101,0.2,0.33,0.19401617641430308","0,0,0"
22.733333333333334,148,AV,1,0,0,20,2260.56382504795,1.0,-12.97731084749749,"0.2646127450980392,0.30575757575757573,0.3359375,1.0,0.2,0.10871593202757703","0,0,0"
49.35,285,AV,0,0,0,84,8981.750106371177,0.7,-78.85216096580614,"0.26855555555555555,0.3222829736211031,0.329679012345679,0.7,0.84,0.4319538883323586","0,0,0"
27.8,84,AV,1,0,0,44,1373.5659577718477,0.4,-3.857084204652259,"0.24258558558558557,0.31321317829457374,0.3668444444444445,0.4,0.44,0.0660580788057822","0,0,0"
18.066666666666666,14,AV,1,0,0,7,601.3137559373858,0.1,-0.27433674723742685,"0.24324786324786324,0.3330946666666667,0.3247884615384616,0.1,0.07,0.028918619635236016","0,0,0"
35.71666666666667,7,AV,1,0,0,69,513.3463032142733,0.6,-2.778033150980272,"0.2543666666666667,0.2950110294117647,0.2920877192982456,0.6,0.69,0.024688054010448962","0,0,0"
38.416666666666664,189,AV,1,0,0,73,3119.7161673652217,0.3,-9.079476976990955,"0.330078947368421,0.33877500000000005,0.34946969696969704,0.3,0.73,0.1500346272193471","0,0,0"
34.43333333333333,283,AV,1,0,0,64,8480.737499651503,0.5,-36.87121985328284,"0.2764950980392157,0.32237096774193547,0.34517857142857145,0.5,0.64,0.407858991345347","0,0,0"
37.78333333333333,250,AV,2,0,0,54,5807.233742044462,0.1,-5.540824450006228,"0.23632857142857144,0.30171391076115484,0.32300000000000006,0.1,0.54,0.27928378830664774","0,0,0"
21.75,130,AV,1,0,0,19,2011.9739719035176,0.4,-4.4202458473637884,"0.23204487179487177,0.2965960648148148,0.3305263157894736,0.4,0.19,0.09676065021790628","0,0,0"
33.016666666666666,154,AV,1,0,0,58,2335.4036410281064,0.1,-1.9471526148470872,"0.2943627450980392,0.33486507936507937,0.3551222222222223,0.1,0.58,0.1123151581396212","0,0,0"
32.21666666666667,129,AV,0,0,0,48,2010.868248891871,0.2,-3.7718925295521775,"0.228421568627451,0.31391796875,0.332,0.2,0.48,0.0967074733482937","0,0,0"
26.033333333333335,227,AV,1,0,0,33,4547.885280126284,0.3,-8.969440413582394,"0.2563809523809524,0.29739305555555556,0.3419,0.3,0.33,0.2187187026108142","0,0,0"
41.03333333333333,145,AV,1,0,0,85,2218.0502812558643,0.6,-13.789999475888731,"0.3276075268817204,0.34098661800486624,0.36914393939393947,0.6,0.85,0.10667135381839783","0,0,0"
30.9,40,AV,1,0,0,54,914.1934345695068,0.3,-2.1400437218331634,"0.24105172413793105,0.2858562801932367,0.32687179487179485,0.3,0.54,0.04396575322999674","0,0,0"
42.31666666666667,255,AV,1,0,0,92,5911.733280178027,0.2,-12.634588214117855,"0.2878289473684211,0.3333097222222222,0.3646140350877194,0.2,0.92,0.28430942153971994","0,0,0"
41.733333333333334,297,AV,1,0,0,88,15387.119225735782,0.1,-16.216054941600337,"0.2649027777777778,0.3213073286052009,0.3519333333333334,0.1,0.88,0.7400034404292175","0,0,0"
16.95,168,AV,1,0,0,6,2675.3892374750885,0.4,-4.580590664161894,"0.21967948717948718,0.27033475783475786,0.31520138888888893,0.4,0.06,0.1286658802843062","0,0,0"
24.85,257,AV,2,0,0,12,6020.57275324985,0.2,-7.556122874659535,"0.2847170542635659,0.3125884955752213,0.3314754901960784,0.2,0.12,0.2895437726450875","0,0,0"
30.916666666666668,99,AV,1,0,0,56,1564.487892525026,0.4,-4.885732391639602,"0.25815217391304346,0.30501481481481485,0.3218266666666667,0.4,0.56,0.07523997221273333","0,0,0"
46.11666666666667,223,AV,0,0,0,75,4113.319853961603,0.1,-5.290217186831548,"0.2572333333333333,0.30945466666666666,0.32791666666666663,0.1,0.75,0.19781940978440954","0,0,0"
25.25,212,AV,1,0,0,28,3783.636689084741,0.3,-7.237638363590129,"0.2805761904761905,0.3081062992125984,0.3113611111111112,0.3,0.28,0.18196415626480184","0,0,0"
14.216666666666667,225,AV,1,0,0,2,4237.057085974603,0.6,-9.126792157414991,"0.21145679012345678,0.3110827338129496,0.30280555555555555,0.6,0.02,0.20377022982131804","0,0,0"
25.433333333333334,69,AV,0,0,0,33,1244.4027248274256,0.8,-6.893799858877614,"0.2968924731182796,0.33356235011990415,0.3615350877192984,0.8,0.33,0.05984630938009477","0,0,0"
27.633333333333333,268,AV,1,0,0,40,7006.371100745904,0.6,-29.334755770294716,"0.2716543209876543,0.3006854636591479,0.33163333333333334,0.6,0.4,0.33695317774649197","0,0,0"
18.35,108,AV,1,0,0,4,1751.9448432672848,0.1,-0.8118229261099666,"0.30814682539682536,0.31802617079889806,0.36060144927536236,0.1,0.04,0.0842552262343976","0,0,0"
27.85,22,AV,1,0,0,42,727.2326469992182,0.4,-2.0458009312048717,"0.2577361111111111,0.28604427083333334,0.32968589743589743,0.4,0.42,0.034974360884380204","0,0,0"
44.266666666666666,33,AV,0,0,0,74,825.4433072334436,0.6,-6.036306626292996,"0.3021936936936937,0.31584765624999994,0.3236200000000001,0.6,0.74,0.039697546907310144","0,0,0"
21.85,181,AV,1,0,0,14,2964.6777926145683,0.1,-1.6358133779956643,"0.26043627450980383,0.3107561983471074,0.3426604938271606,0.1,0.14,0.14257846021167567","0,0,0"
28.3,160,AV,1,0,0,44,2421.0391237858234,0.1,-1.730187050584313,"0.24252450980392165,0.3168211678832117,0.3418611111111111,0.1,0.44,0.11643357373995898","0,0,0"
17.566666666666666,287,AV,1,0,0,4,9030.678864893336,0.2,-8.012066939055199,"0.28001470588235294,0.28913231552162855,0.31827333333333335,0.2,0.04,0.4343069895926497","0,0,0"
19.983333333333334,234,AV,1,0,0,15,4689.4303597647895,0.1,-2.366425505622047,"0.26787280701754385,0.3089503816793894,0.3611315789473684,0.1,0.15,0.22552594471842924","0,0,0"
31.733333333333334,284,AV,2,0,0,32,8493.635575370567,0.3,-20.419043100385803,"0.24063440860215057,0.2892404371584699,0.2909333333333334,0.3,0.32,0.40847929071828354","0,0,0"
39.15,196,AV,0,0,0,61,3278.222126324269,0.4,-13.463878408645973,"0.2289404761904762,0.2849299516908212,0.3157013888888889,0.4,0.61,0.1576575586620336","0,0,0"
33.8,77,AV,1,0,0,63,1291.2118623687816,0.2,-2.2041899468719603,"0.24579761904761901,0.29532828282828283,0.3384222222222222,0.2,0.63,0.062097472987522495","0,0,0"
41.63333333333333,166,AV,1,0,0,86,2580.565825479665,0.2,-5.426139252565828,"0.18477083333333333,0.28097967479674796,0.33380000000000004,0.2,0.86,0.12410559514707999","0,0,0"
34.86666666666667,197,AV,1,0,0,67,3301.717979419838,0.3,-8.721204561800883,"0.2490958333333333,0.31484090909090906,0.3448703703703704,0.3,0.67,0.15878753054770403","0,0,0"
20.083333333333332,107,AV,1,0,0,8,1717.0377309640771,0.1,-0.8708040681025728,"0.26477956989247314,0.33670933333333336,0.3598402777777778,0.1,0.08,0.08257645954513855","0,0,0"
15.116666666666667,140,AV,1,0,0,1,2137.1188228190404,0.2,-1.6316218622027525,"0.2593943089430894,0.3056814516129032,0.34261333333333327,0.2,0.01,0.10277916602134513","0,0,0"
26.783333333333335,71,AV,1,0,0,29,1260.6549751070208,0.1,-0.8526399600155651,"0.28390860215053765,0.3493160493827162,0.36131250000000004,0.1,0.29,0.06062791904628244","0,0,0"
42.43333333333333,60,AV,1,0,0,91,1111.987968807459,0.4,-4.766197590208402,"0.2430885416666667,0.27709641873278235,0.29325438596491227,0.4,0.91,0.05347816641708441","0,0,0"
34.96666666666667,192,AV,1,0,0,68,3227.056348793521,0.1,-2.8494798904750875,"0.3218869047619048,0.3236833333333333,0.33522395833333335,0.1,0.68,0.1551968737963661","0,0,0"
46.2,88,AV,1,0,0,99,1454.957177165027,0.1,-1.6974500400258647,"0.28591975308641976,0.333707671957672,0.341283950617284,0.1,0.99,0.06997237760909195","0,0,0"
31.283333333333335,83,AV,2,0,0,39,1348.5865378412918,0.6,-6.392163968505316,"0.27886559139784944,0.29835792349726775,0.3367716049382715,0.6,0.39,0.06485675863549194","0,0,0"
15.783333333333333,173,AV,1,0,0,3,2758.442965787371,0.2,-2.198859838889428,"0.31080246913580245,0.321109756097561,0.33879444444444445,0.2,0.03,0.13266013312591463","0,0,0"
26.25,135,AV,1,0,0,27,2088.64210540395,0.4,-5.53806618857108,"0.2682944444444445,0.3186461538461538,0.3278571428571428,0.4,0.27,0.10044780450125744","0,0,0"
20.566666666666666,78,AV,1,0,0,16,1291.7462447339112,1.0,-6.708816776101206,"0.290104761904762,0.3376896135265702,0.32280392156862747,1.0,0.16,0.0621231727161656","0,0,0"
43.766666666666666,243,AV,1,0,0,93,5158.4050556257225,0.2,-11.402333060667631,"0.2772530864197531,0.29791851851851847,0.3430773809523809,0.2,0.93,0.24808006178999184","0,0,0"
16.433333333333334,172,AV,1,0,0,3,2753.3979495063454,0.1,-1.1426137955442999,"0.24965384615384617,0.284295652173913,0.34652564102564104,0.1,0.03,0.13241750620204337","0,0,0"
8.183333333333334,139,AV,0,0,0,7,2131.3254046090938,0.3,-1.8213141081604358,"0.2613020833333334,0.3362472222222222,0.3329294871794872,0.3,0.07,0.10250054665508744","0,0,0"
27.15,120,AV,0,0,0,39,1848.7234685638712,0.5,-6.83748007216024,"0.22223232323232323,0.2869397435897436,0.30779012345679013,0.5,0.39,0.08890954226515282","0,0,0"
41.516666666666666,68,AV,2,0,0,97,1200.7903182940884,0.2,-2.5178187566250623,"0.28001470588235294,0.3251666666666667,0.3647894736842106,0.2,0.97,0.057748884228147654","0,0,0"
21.116666666666667,26,AV,1,0,0,13,783.6834518391023,0.1,-0.4178985410269961,"0.2825765765765766,0.2971308641975309,0.3367129629629629,0.1,0.13,0.037689215379472674","0,0,0"
40.43333333333333,45,AV,2,0,0,81,954.0002559944874,0.1,-0.9740760189573344,"0.2642560975609756,0.31075064599483204,0.34100833333333336,0.1,0.81,0.045880158673594545","0,0,0"
37.31666666666667,169,AV,0,0,0,61,2722.266725979925,0.8,-21.02240807902038,"0.2865500000000001,0.31918717948717945,0.3492619047619048,0.8,0.61,0.13092033105337805","0,0,0"
14.3,273,AV,1,0,0,2,7332.887514065835,0.4,-10.591948631428428,"0.23421078431372547,0.29354743589743587,0.2952435897435898,0.4,0.02,0.3526561345942708","0,0,0"
33.93333333333333,184,AV,0,0,0,51,3024.224513765153,0.1,-3.091465113647244,"0.24833809523809525,0.29890025252525254,0.3194492753623188,0.1,0.51,0.1454422047418416","0,0,0"
18.1,58,AV,1,0,0,2,1100.389953660579,0.8,-4.023648113385149,"0.2908676470588235,0.30167607526881723,0.33408333333333323,0.8,0.02,0.052920390072797266","0,0,0"
40.3,286,AV,1,0,0,77,8987.822610831106,0.3,-27.4400947891283,"0.25479674796747964,0.30704325699745544,0.3342685185185185,0.3,0.77,0.4322459296252377","0,0,0"
34.983333333333334,12,AV,1,0,0,64,572.7967315704935,0.2,-1.0120373228673958,"0.22216666666666668,0.28760367454068236,0.30765873015873013,0.2,0.64,0.027547167589358008","0,0,0"
20.033333333333335,259,AV,1,0,0,13,6130.868263041086,0.1,-3.1015587761680914,"0.32721604938271603,0.3118217948717949,0.33636538461538457,0.1,0.13,0.29484814804583803","0,0,0"
44.56666666666667,218,AV,1,0,0,100,3942.222625638348,0.1,-4.436659638449892,"0.25007657657657656,0.2996230769230769,0.3185072463768116,0.1,1.0,0.18959093402168548","0,0,0"
25.066666666666666,291,AV,1,0,0,27,10838.007207066395,0.6,-41.162532422797625,"0.2493191489361702,0.32332275132275134,0.33010784313725494,0.6,0.27,0.5212257410218565","0,0,0"
31.6,156,AV,1,0,0,55,2360.1328348572283,0.1,-1.8833383227648592,"0.3265185185185186,0.3378421052631579,0.34135,0.1,0.55,0.11350444433700012","0,0,0"
37.13333333333333,104,AV,1,0,0,73,1664.0464513081895,0.2,-3.120787452453406,"0.24455392156862746,0.3166817042606516,0.3432028985507246,0.2,0.73,0.08002798190726358","0,0,0"
26.4,254,AV,1,0,0,29,5899.132481879994,0.5,-19.66377493959998,"0.3076130952380952,0.33320772946859917,0.34122916666666675,0.5,0.29,0.2837034189504176","0,0,0"
31.1,114,AV,1,0,0,56,1799.695682844959,0.1,-1.4133973670827837,"0.2865353535353535,0.3171858974358975,0.36937037037037035,0.1,0.56,0.0865516785496407","0,0,0"
47.5,132,AV,0,0,0,82,2030.86588445069,0.3,-7.808040114500589,"0.2611927083333333,0.3227294685990339,0.3412314814814814,0.3,0.82,0.09766920756877238","0,0,0"
29.7,164,AV,1,0,0,51,2563.744074524839,0.1,-1.9228080558936296,"0.32384684684684684,0.31811975308641977,0.3611203703703703,0.1,0.51,0.1232965968285517","0,0,0"
42.68333333333333,214,AV,2,0,0,93,3824.993837156676,0.4,-16.491261308010518,"0.2496944444444444,0.32476151761517613,0.34345061728395065,0.4,0.93,0.18395312063237393","0,0,0"
38.31666666666667,3,AV,2,0,0,63,473.5024380788758,0.5,-2.290787258298265,"0.3321989247311828,0.30749248120300743,0.32797435897435895,0.5,0.63,0.022771867046038015","0,0,0"
44.53333333333333,115,AV,1,0,0,99,1809.16611953512,0.5,-10.172752254625086,"0.2761628787878788,0.32835972222222226,0.35345512820512826,0.5,0.99,0.08700713454697676","0,0,0"
24.6,138,AV,1,0,0,24,2123.4400354784907,0.1,-1.3191066887063354,"0.19697311827956987,0.2759494535519125,0.31531249999999994,0.1,0.24,0.1021213203554731","0,0,0"
16.85,240,AV,0,0,0,15,5009.92015912814,0.1,-2.6317463303360897,"0.2605166666666667,0.30485897435897436,0.3165769230769231,0.1,0.15,0.24093906725761643","0,0,0"
14.95,246,AV,1,0,0,0,5480.041794665195,0.1,-2.0688541623799157,"0.2782904761904762,0.32698783454987834,0.3245185185185185,0.1,0.0,0.26354834340696637","0,0,0"
40.8,36,AV,2,0,0,67,854.5785374972068,0.4,-3.521899427261216,"0.21668333333333334,0.27695658263305317,0.3089848484848485,0.4,0.67,0.04109872995636468","0,0,0"
37.15,2,AV,1,0,0,76,457.16351791608827,0.7,-3.0021558796484533,"0.2785611111111111,0.3295546666666666,0.34186419753086417,0.7,0.76,0.021986089217454062","0,0,0"
29.2,174,AV,1,0,0,43,2838.632091159661,0.4,-8.372531016349706,"0.26340277777777776,0.31749255952380956,0.3123583333333334,0.4,0.43,0.13651662034681394","0,0,0"
28.35,24,AV,1,0,0,38,741.34301771214,1.0,-5.3073420586210025,"0.24776881720430108,0.3124685792349727,0.37307692307692314,1.0,0.38,0.03565296242896494","0,0,0"
22.716666666666665,21,AV,1,0,0,25,699.2977112166509,0.2,-0.8023087377005851,"0.2112845528455285,0.2502231638418079,0.3257894736842106,0.2,0.25,0.03363090287355943","0,0,0"
40.833333333333336,25,AV,0,0,0,68,763.1985099142711,0.1,-1.2869681604755743,"0.27068115942028986,0.2995401002506266,0.32139855072463774,0.1,0.68,0.03670404542797105","0,0,0"
44.38333333333333,238,AV,2,0,0,90,4967.653125719208,0.1,-5.567702135433607,"0.20733333333333334,0.3034786967418546,0.3258263888888889,0.1,0.9,0.2389063443235514","0,0,0"
35.6,121,AV,0,0,0,61,1885.557658153182,0.5,-8.975486443213798,"0.25045,0.3130446859903382,0.33031578947368423,0.5,0.61,0.09068098671954573","0,0,0"
18.5,182,AV,0,0,0,22,2991.769966736588,0.2,-3.295340625486206,"0.30248437499999997,0.3299652278177458,0.31519298245614036,0.2,0.22,0.143881387794473","0,0,0"
27.183333333333334,226,AV,1,0,0,37,4434.023444374438,0.3,-9.131177067897362,"0.33076829268292685,0.34034626436781606,0.37638888888888894,0.3,0.37,0.2132428140475394","0,0,0"
40.86666666666667,35,AV,1,0,0,82,849.0657401736111,0.2,-1.7524488172606856,"0.2814144144144144,0.3113464912280701,0.33784848484848484,0.2,0.82,0.040833606321069346","0,0,0"
20.366666666666667,116,AV,0,0,0,22,1823.811293294481,0.1,-1.438003956399771,"0.21736486486486492,0.2691097883597883,0.3071736111111111,0.1,0.22,0.08771145605177698","0,0,0"
22.816666666666666,247,AV,2,0,0,9,5502.789496653042,0.6,-19.02353237605559,"0.2497587719298245,0.3345468750000001,0.35161904761904766,0.6,0.09,0.26464233491284295","0,0,0"
18.716666666666665,126,AV,0,0,0,18,1950.0200213032829,0.1,-1.4216635033348428,"0.31719658119658123,0.33392187500000003,0.37126666666666674,0.1,0.18,0.09378113625432592","0,0,0"
44.2,112,AV,0,0,0,72,1794.439334206041,1.0,-20.528843073713894,"0.28541666666666665,0.29701171875,0.304280303030303,1.0,0.72,0.08629888814619799","0,0,0"
24.416666666666668,105,AV,1,0,0,31,1682.490559712908,0.5,-5.186971106859028,"0.2722611111111111,0.3091924019607843,0.35978333333333323,0.5,0.31,0.08091500328370894","0,0,0"
30.583333333333332,37,AV,0,0,0,44,861.805442805673,0.2,-1.8311557134245875,"0.2693333333333333,0.2902427536231884,0.30559090909090914,0.2,0.44,0.04144628915269407","0,0,0"
30.916666666666668,262,AV,1,0,0,51,6446.254396158338,0.4,-20.130979637834542,"0.29080459770114947,0.34291915422885566,0.3760802469135803,0.4,0.51,0.3100158230437728","0,0,0"
37.03333333333333,253,AV,1,0,0,72,5849.7981009167725,0.1,-5.470644520301796,"0.29740277777777774,0.32312903225806444,0.3512611111111111,0.1,0.72,0.28133081033481866","0,0,0"
36.333333333333336,52,AV,1,0,0,70,1017.530975349866,0.1,-0.9335932349590521,"0.24955555555555553,0.3000721393034826,0.3032463768115942,0.1,0.7,0.048935503225503364","0,0,0"
36.71666666666667,136,AV,1,0,0,70,2105.159940183184,1.0,-19.518801970637856,"0.3070909090909091,0.31208333333333343,0.36526923076923073,1.0,0.7,0.10124218676253416","0,0,0"
29.216666666666665,27,AV,1,0,0,49,793.0252767736928,0.3,-1.7552693310407617,"0.2838918918918919,0.31707812500000004,0.3547,0.3,0.49,0.03813848612925163","0,0,0"
18.333333333333332,152,AV,1,0,0,12,2302.618320259251,0.2,-2.132054000240047,"0.26212903225806455,0.3135604938271605,0.3454111111111111,0.2,0.12,0.11073843349034766","0,0,0"
26.583333333333332,64,AV,1,0,0,36,1148.2139867956057,0.6,-4.6247507801489665,"0.26674761904761907,0.3351680327868853,0.35149275362318844,0.6,0.36,0.05522036244162957","0,0,0"
43.0,239,AV,1,0,0,95,4968.170350229253,0.1,-5.394730430804492,"0.23922435897435895,0.31384237726098196,0.3317070707070707,0.1,0.95,0.23893121888982288","0,0,0"
35.53333333333333,18,AV,0,0,0,60,632.5893922142865,0.2,-1.63525301700409,"0.24575213675213675,0.3050654205607477,0.32849999999999996,0.2,0.6,0.030422739939172414","0,0,0"
31.316666666666666,179,AV,2,0,0,29,2946.490055333797,0.1,-2.330157749988302,"0.2951150793650794,0.3073168044077136,0.32927450980392164,0.1,0.29,0.14170376833700152","0,0,0"
19.483333333333334,93,AV,1,0,0,8,1507.5005543882637,0.1,-0.7416953485184683,"0.23335416666666667,0.2908684895833334,0.3228106060606061,0.1,0.08,0.07249931454553503","0,0,0"
46.0,180,AV,1,0,0,100,2953.761118311176,0.5,-17.155683262918444,"0.29199479166666664,0.32533964646464647,0.3406858974358975,0.5,1.0,0.14205345118145746","0,0,0"
17.666666666666668,122,AV,1,0,0,8,1888.2149669861096,0.1,-0.8423854650695608,"0.2598464912280702,0.30656693989071043,0.3297416666666667,0.1,0.08,0.09080878306984375","0,0,0"
21.2,29,AV,2,0,0,6,806.3598325453933,0.2,-0.8633751742405222,"0.251008547008547,0.29035217391304347,0.3388478260869565,0.2,0.06,0.03877977687399022","0,0,0"
33.75,4,AV,1,0,0,63,491.8679742725259,0.7,-2.934439619239501,"0.2865833333333333,0.2923569651741294,0.3120984848484849,0.7,0.63,0.023655109696546463","0,0,0"
29.833333333333332,79,AV,2,0,0,30,1294.2551843223837,0.2,-1.9500982996103255,"0.3219015151515152,0.3401463768115942,0.34827333333333327,0.2,0.3,0.062243833633915134","0,0,0"
39.083333333333336,264,AV,1,0,0,75,6778.2755320215965,0.1,-6.689838435433773,"0.3139962962962963,0.32133743169398904,0.3753695652173913,0.1,0.75,0.3259835151913118","0,0,0"
17.083333333333332,119,AV,0,0,0,15,1836.3970218708375,0.4,-3.668866914844459,"0.3335537634408602,0.34174479166666666,0.3440714285714286,0.4,0.15,0.08831673390204767","0,0,0"
22.633333333333333,263,AV,1,0,0,14,6563.608435155774,0.2,-7.502845332442375,"0.29464999999999997,0.32593187347931873,0.33277536231884064,0.2,0.14,0.31565966003056356","0,0,0"
44.68333333333333,187,AV,1,0,0,91,3097.4575811220984,0.1,-3.495068928867149,"0.23716666666666672,0.27742493638676846,0.32802777777777775,0.1,0.91,0.14896415846185204","0,0,0"
40.93333333333333,92,AV,0,0,0,66,1496.328062426438,0.6,-9.780256872018516,"0.2300752688172043,0.2829469696969697,0.32027160493827167,0.6,0.66,0.0719620026310286","0,0,0"
37.483333333333334,210,AV,0,0,0,61,3742.7752140142647,0.1,-4.042719468147341,"0.3073952380952381,0.33439275362318843,0.3588583333333333,0.1,0.61,0.17999902999980277","0,0,0"
28.533333333333335,190,AV,1,0,0,50,3132.463358685509,0.2,-4.51412228120336,"0.24277619047619045,0.3070330788804071,0.28696969696969693,0.2,0.5,0.150647670199936","0,0,0"
39.1,251,AV,1,0,0,77,5825.425317043349,0.5,-28.7593598354034,"0.2798010752688172,0.298841975308642,0.30134313725490197,0.5,0.77,0.28015866474638357","0,0,0"
24.1,235,AV,1,0,0,25,4818.617258984985,0.1,-2.932542321756014,"0.27486979166666675,0.3202461538461538,0.338029761904762,0.1,0.25,0.23173885231203734","0,0,0"
17.483333333333334,56,AV,1,0,0,2,1040.734547163155,0.1,-0.45948255049417075,"0.2138333333333333,0.294855791962175,0.3247733333333334,0.1,0.02,0.05005141860382586","0,0,0"
30.8,96,AV,1,0,0,48,1538.317647081207,0.2,-2.392938562126322,"0.2600493827160493,0.3385142857142857,0.3551376811594203,0.2,0.48,0.07398138238957058","0,0,0"
28.616666666666667,98,AV,1,0,0,47,1564.4426034616197,0.3,-3.391600947151011,"0.2817471264367816,0.33790710382513667,0.32138888888888884,0.3,0.47,0.07523779415313409","0,0,0"
27.766666666666666,11,AV,1,0,0,41,566.7055292848979,0.4,-1.5894468211929964,"0.29925396825396816,0.32086000000000003,0.36015942028985504,0.4,0.41,0.027254227073231246","0,0,0"
26.566666666666666,270,AV,1,0,0,40,7099.697064525982,0.1,-4.763012256251859,"0.2430697674418604,0.31976509186351704,0.33325000000000005,0.1,0.4,0.3414414470102487","0,0,0"
11.833333333333334,194,AV,0,0,0,8,3257.969850357721,0.1,-1.473551596697804,"0.2621927083333333,0.31213848039215686,0.35209848484848477,0.1,0.08,0.15668357817407447","0,0,0"
41.75,141,AV,2,0,0,69,2139.4702648744856,0.3,-6.766885118068921,"0.21106666666666665,0.28643309002433087,0.33324637681159425,0.3,0.69,0.10289225250527183","0,0,0"
47.71666666666667,124,AV,0,0,0,78,1929.5758599688188,0.2,-5.150147884756506,"0.3313333333333333,0.33134313725490194,0.3579202898550725,0.2,0.78,0.09279792753915007","0,0,0"
21.95,260,AV,0,0,0,26,6197.036257351283,0.1,-3.9349733800217335,"0.18707083333333338,0.2752248677248677,0.323695652173913,0.1,0.26,0.2980303254708333","0,0,0"
29.716666666666665,91,AV,1,0,0,47,1485.5718097438446,0.1,-1.11480409796855,"0.2580789473684211,0.29709287531806616,0.3471269841269842,0.1,0.47,0.07144470866102204","0,0,0"
56.13333333333333,278,AV,0,0,0,99,7958.958807233507,0.1,-11.781891103856251,"0.2640476190476191,0.3161120689655172,0.3290919540229886,0.1,0.99,0.38276540352897576","0,0,0"
40.5,15,AV,1,0,0,85,623.7253316558669,0.4,-2.551603629501274,"0.2136794871794872,0.2899538461538461,0.30994642857142857,0.4,0.85,0.02999644602325653","0,0,0"
33.88333333333333,248,AV,1,0,0,66,5702.616109653807,0.2,-9.758769824011946,"0.2746333333333333,0.3172588383838383,0.31866071428571424,0.2,0.66,0.27425247563772664","0,0,0"
32.43333333333333,199,AV,2,0,0,44,3368.9508766880413,0.2,-5.518500341780243,"0.2994259259259259,0.33987170263788974,0.36352083333333335,0.2,0.44,0.16202092170810273","0,0,0"
39.21666666666667,110,AV,1,0,0,73,1782.711710770346,0.3,-5.296364463942708,"0.2516324786324786,0.30357377049180334,0.33488888888888885,0.3,0.73,0.08573487862868172","0,0,0"
31.833333333333332,176,AV,2,0,0,50,2853.537244729806,0.1,-2.293878845721351,"0.2591744186046512,0.2921818181818182,0.32031333333333334,0.1,0.5,0.13723344490378397","0,0,0"
51.28333333333333,282,AV,0,0,0,83,8348.421721831439,0.1,-11.311487221412179,"0.30168279569892476,0.3258271144278607,0.3606944444444445,0.1,0.83,0.4014956084811817","0,0,0"
32.96666666666667,207,AV,1,0,0,56,3608.770587345788,0.2,-6.008542274217146,"0.2589375,0.2857163742690058,0.30478735632183906,0.2,0.56,0.17355442634701188","0,0,0"
32.06666666666667,73,AV,1,0,0,60,1267.69032506861,0.1,-1.0265303810740767,"0.2790814814814815,0.33348706896551733,0.3424066666666667,0.1,0.6,0.0609662658868978","0,0,0"
45.78333333333333,261,AV,1,0,0,94,6230.691172258436,0.1,-7.20358108173145,"0.28076422764227643,0.30778099173553713,0.3328730158730158,0.1,0.94,0.29964887098629217","0,0,0"
38.96666666666667,195,AV,2,0,0,53,3274.575105225111,1.0,-32.222039545523195,"0.26978333333333326,0.27698863636363635,0.32309259259259265,1.0,0.53,0.15748216467690215","0,0,0"
33.63333333333333,200,AV,1,0,0,58,3386.12741774329,0.4,-11.503712338393871,"0.2972,0.3160655737704918,0.3070933333333333,0.4,0.58,0.16284698273285247","0,0,0"
4.8,219,AV,0,0,0,2,3958.913906791885,0.4,-2.419473409353641,"0.3025438596491228,0.30808914728682163,0.3459275362318841,0.4,0.02,0.1903936577347851","0,0,0"
41.68333333333333,32,AV,2,0,0,74,822.5771428470101,0.5,-4.329262277483949,"0.3110347222222223,0.3273272506082725,0.32502898550724635,0.5,0.74,0.039559706192899544","0,0,0"
28.383333333333333,103,AV,1,0,0,42,1661.9571573900298,0.2,-2.38241838302628,"0.3178055555555555,0.32130392156862747,0.34846794871794873,0.2,0.42,0.07992750275552475","0,0,0"
25.433333333333334,230,AV,1,0,0,32,4572.8741748457805,0.2,-5.873910766679008,"0.30718018018018023,0.31739646464646465,0.3372539682539683,0.2,0.32,0.21992047844641197","0,0,0"
49.333333333333336,175,AV,0,0,0,82,2850.5966631146844,0.2,-7.602496736380022,"0.19394623655913976,0.3084111922141119,0.3280833333333333,0.2,0.82,0.13709202528649697","0,0,0"
25.05,220,AV,1,0,0,31,4021.28082322038,0.1,-2.5437647631734985,"0.29307407407407415,0.32398671497584536,0.3328,0.1,0.31,0.1933930322147629","0,0,0"
33.083333333333336,39,AV,1,0,0,61,913.5589076746268,0.1,-0.7632215621776659,"0.3237297297297298,0.3231566416040101,0.3525000000000001,0.1,0.61,0.04393523731091094","0,0,0"
40.65,177,AV,1,0,0,89,2891.134206742707,0.5,-14.838965341425634,"0.25683333333333336,0.28241789215686275,0.30435119047619047,0.5,0.89,0.13904157291209238","0,0,0"
11.783333333333333,204,AV,0,0,0,9,3465.4556083993225,0.2,-2.5623544740221558,"0.30576495726495734,0.3375961538461539,0.359579365079365,0.2,0.09,0.1666620655399256","0,0,0"
31.9,76,AV,2,0,0,30,1282.6858023855964,0.1,-1.033274674143953,"0.267079365079365,0.2814397759103641,0.31868115942028985,0.1,0.3,0.06168743432932387","0,0,0"
9.9,100,AV,0,0,0,9,1592.2311391495805,0.1,-0.8980577847873952,"0.2668888888888889,0.3069821882951654,0.35589682539682543,0.1,0.09,0.07657421143254188","0,0,0"
40.68333333333333,208,AV,1,0,0,79,3628.2404526711953,0.2,-7.454995744924569,"0.2968849206349206,0.3016551282051282,0.35070370370370374,0.2,0.79,0.17449077883210845","0,0,0"
29.7,269,AV,1,0,0,49,7081.334819999852,0.4,-21.24400445999956,"0.31721969696969693,0.32498928571428576,0.35957575757575744,0.4,0.49,0.34055836266392014","0,0,0"
21.133333333333333,0,AV,1,0,0,18,437.8567856598078,0.2,-0.4673420910914448,"0.2501720430107527,0.287801282051282,0.31367816091954026,0.2,0.18,0.021057582192617507","0,0,0"
28.816666666666666,74,AV,0,0,0,42,1275.6237969650936,0.1,-1.4282632764952217,"0.30291666666666667,0.32331118881118875,0.3482105263157895,0.1,0.42,0.06134780556380672","0,0,0"
40.13333333333333,241,AV,1,0,0,87,5051.78348307234,0.1,-5.119820971059847,"0.28138888888888886,0.32431842818428186,0.32348412698412704,0.1,0.87,0.24295237483598997","0,0,0"
42.81666666666667,80,AV,1,0,0,93,1317.647826688136,0.1,-1.4246789843273664,"0.29574999999999996,0.3012257217847769,0.32629629629629625,0.1,0.93,0.06336884186823323","0,0,0"
21.75,272,AV,1,0,0,16,7177.938863287724,0.5,-19.7121427116803,"0.22057352941176467,0.27660972222222224,0.32666666666666666,0.5,0.16,0.345204282627472","0,0,0"
20.05,222,AV,1,0,0,8,4090.160813256426,0.6,-12.425412773604748,"0.3027474747474747,0.32475333333333334,0.37438020833333335,0.6,0.08,0.19670563601379967","0,0,0"
33.0,28,AV,1,0,0,59,802.5586880039084,0.7,-4.681592346689465,"0.2929563492063492,0.3351825980392157,0.3607777777777778,0.7,0.59,0.038596970723144074","0,0,0"
20.616666666666667,61,AV,1,0,0,14,1117.0806745336297,0.2,-1.1631555508401514,"0.2614942528735632,0.29804353233830844,0.3375061728395062,0.2,0.14,0.05372308684066549","0,0,0"
