travel_time,id,kind,action,bid_route_0,bid_route_1,bid_route_2,karma_balance,origin,destination,start_time,income,urgency,reward
45.06666666666667,122,AV,0,6,3,0,1,0,0,45,3942.222625638348,0.2,-9.013333333333334
50.68333333333333,247,AV,2,1,2,4,10,0,0,78,2612.3907844155665,0.1,-5.068333333333333
12.616666666666667,58,AV,1,0,5,7,2,0,0,20,19040.472291926453,0.7,-8.831666666666667
37.5,260,AV,2,2,0,3,2,0,0,56,679.8949342204361,0.2,-7.5
39.05,160,AV,2,1,0,1,8,0,0,56,10213.823531357188,0.2,-7.81
28.433333333333334,264,AV,1,1,7,1,8,0,0,58,4639.089550420253,0.7,-19.903333333333332
22.216666666666665,186,AV,1,2,6,0,5,0,0,46,10838.007207066395,0.5,-11.108333333333333
29.633333333333333,142,AV,2,0,1,7,8,0,0,41,4934.883137056144,0.1,-2.9633333333333334
16.75,141,AV,1,2,4,1,8,0,0,37,3119.7161673652217,0.1,-1.675
21.366666666666667,298,AV,1,0,3,3,6,0,0,46,2761.3662775036096,0.2,-4.273333333333333
36.88333333333333,98,AV,2,2,0,6,1,0,0,49,2675.3892374750885,0.2,-7.376666666666667
43.516666666666666,147,AV,0,7,0,1,1,0,0,44,2030.86588445069,0.1,-4.351666666666667
34.95,125,AV,1,1,3,1,7,0,0,68,863.3540159882258,0.2,-6.990000000000001
48.65,99,AV,0,7,7,1,0,0,0,46,777.0630287344238,0.1,-4.865
87.16666666666667,132,AV,0,4,6,2,3,0,0,63,5721.231751015957,0.5,-43.583333333333336
22.716666666666665,271,AV,1,1,9,7,2,0,0,42,3169.820795106812,0.3,-6.8149999999999995
55.93333333333333,103,AV,0,6,5,1,2,0,0,48,1386.7650627050614,0.7,-39.15333333333333
16.816666666666666,20,AV,1,0,9,3,0,0,0,35,3480.90175047103,0.3,-5.045
27.466666666666665,32,AV,2,1,2,6,0,0,0,37,2458.2611968747465,0.9,-24.72
21.366666666666667,4,AV,1,0,7,4,0,0,0,45,7612.519032757181,0.1,-2.1366666666666667
94.2,151,AV,0,8,0,4,3,0,0,68,2015.5588757501516,0.4,-37.68
33.0,144,AV,0,5,7,8,12,0,0,40,4015.909421979459,0.3,-9.9
45.233333333333334,234,AV,0,7,3,7,0,0,0,45,7177.938863287724,0.2,-9.046666666666667
41.61666666666667,14,AV,0,8,6,1,2,0,0,43,2398.572127464108,0.2,-8.323333333333334
68.03333333333333,22,AV,0,4,6,6,2,0,0,56,1373.5659577718477,0.6,-40.82
42.81666666666667,57,AV,2,1,0,1,13,0,0,60,3398.605365942332,1.0,-42.81666666666667
62.78333333333333,124,AV,0,9,8,6,7,0,0,53,2044.1603053436156,0.8,-50.22666666666667
28.466666666666665,162,AV,1,1,5,5,6,0,0,59,4227.85786318916,0.4,-11.386666666666667
35.5,42,AV,1,0,4,3,9,0,0,68,3773.073658575576,0.2,-7.1000000000000005
44.71666666666667,50,AV,2,1,0,8,3,0,0,73,4572.8741748457805,0.1,-4.471666666666667
20.866666666666667,91,AV,2,0,1,5,4,0,0,20,2744.255474143275,0.3,-6.26
34.516666666666666,137,AV,1,0,3,2,3,0,0,63,4196.147454418583,0.1,-3.4516666666666667
34.21666666666667,217,AV,1,0,7,4,2,0,0,66,1446.9812594843625,0.4,-13.686666666666667
50.46666666666667,279,AV,0,7,3,3,1,0,0,46,477.1303205766694,0.1,-5.046666666666667
25.216666666666665,277,AV,1,2,6,4,8,0,0,50,3608.770587345788,0.4,-10.086666666666666
35.18333333333333,207,AV,2,2,2,7,6,0,0,52,4609.601315671212,0.2,-7.036666666666666
39.1,120,AV,2,2,0,6,0,0,0,59,2965.4163440895786,0.7,-27.37
29.433333333333334,200,AV,1,1,9,9,6,0,0,59,9280.176126726552,0.4,-11.773333333333333
35.3,203,AV,1,0,3,5,3,0,0,66,4376.119511966378,0.4,-14.12
35.65,291,AV,2,2,0,6,0,0,0,54,5911.733280178027,0.1,-3.565
90.75,77,AV,0,4,5,3,2,0,0,64,857.6590975250949,0.6,-54.449999999999996
25.6,44,AV,2,1,2,3,2,0,0,38,742.4887258523852,0.1,-2.5600000000000005
39.03333333333333,71,AV,2,2,2,6,11,0,0,60,2780.081336731352,0.3,-11.709999999999999
34.96666666666667,267,AV,1,2,8,4,6,0,0,70,2744.8905386527767,0.3,-10.49
25.766666666666666,129,AV,1,0,7,2,3,0,0,55,1046.6558973464134,0.5,-12.883333333333333
39.416666666666664,135,AV,2,0,1,9,0,0,0,59,2456.6540037696086,0.2,-7.883333333333333
28.633333333333333,128,AV,2,1,0,4,1,0,0,43,8326.33528790118,0.1,-2.8633333333333333
10.3,228,AV,0,6,6,2,5,0,0,24,2927.9701715656583,0.4,-4.12
71.55,78,AV,0,5,6,3,6,0,0,57,802.5586880039084,0.1,-7.155
96.06666666666666,116,AV,0,5,8,7,4,0,0,72,2052.607856914241,0.3,-28.819999999999997
80.16666666666667,249,AV,0,5,2,1,3,0,0,61,4504.939201911708,0.8,-64.13333333333334
16.166666666666668,45,AV,1,2,6,0,6,0,0,36,3667.3634505223554,0.5,-8.083333333333334
45.95,112,AV,2,1,1,5,0,0,0,85,3427.0421228311798,0.2,-9.190000000000001
24.15,47,AV,1,0,3,5,3,0,0,52,2239.257430619588,0.4,-9.66
36.9,208,AV,2,1,2,5,5,0,0,55,2756.9260540590044,0.1,-3.69
45.2,262,AV,2,1,0,3,9,0,0,75,2964.6777926145683,0.4,-18.080000000000002
14.966666666666667,190,AV,1,0,3,2,2,0,0,32,506.5869000089976,0.1,-1.4966666666666668
69.78333333333333,101,AV,0,9,9,1,4,0,0,56,1530.6528609905624,0.4,-27.913333333333334
97.71666666666667,89,AV,0,5,1,0,0,0,0,75,1564.487892525026,0.3,-29.314999999999998
28.216666666666665,179,AV,1,0,4,3,11,0,0,56,979.573716991658,0.1,-2.8216666666666668
50.516666666666666,243,AV,0,9,0,6,4,0,0,46,4459.768546990965,0.3,-15.155
29.833333333333332,240,AV,1,1,7,6,3,0,0,59,2417.357356239525,0.8,-23.866666666666667
27.416666666666668,268,AV,1,0,7,3,1,0,0,55,670.158540600369,0.2,-5.483333333333334
12.4,297,AV,1,0,9,6,0,0,0,23,1249.5878531833848,0.1,-1.2400000000000002
64.45,59,AV,0,6,4,9,3,0,0,55,6020.57275324985,0.6,-38.67
22.116666666666667,145,AV,1,1,9,1,4,0,0,48,2645.062412614309,0.5,-11.058333333333334
69.8,215,AV,0,8,0,4,6,0,0,56,13460.811009378149,0.1,-6.98
22.416666666666668,118,AV,0,5,5,8,3,0,0,36,863.5619359671642,0.4,-8.966666666666667
24.483333333333334,193,AV,1,2,5,4,1,0,0,50,3257.969850357721,0.2,-4.896666666666667
13.966666666666667,28,AV,0,4,2,1,2,0,0,25,3323.1633986738134,0.1,-1.3966666666666667
28.566666666666666,159,AV,2,2,0,3,12,0,0,36,497.26542980048754,0.3,-8.57
36.18333333333333,293,AV,2,1,2,4,8,0,0,54,1507.5005543882637,0.7,-25.32833333333333
15.516666666666667,105,AV,0,3,5,1,4,0,0,28,969.457736312404,0.2,-3.1033333333333335
12.483333333333333,24,AV,1,0,5,1,2,0,0,17,837.3801312568858,0.2,-2.4966666666666666
30.3,187,AV,2,2,0,6,1,0,0,40,388.2787303527966,0.4,-12.120000000000001
21.083333333333332,26,AV,1,0,4,4,7,0,0,42,3024.224513765153,0.7,-14.758333333333331
24.15,154,AV,2,2,0,5,9,0,0,37,2421.832203454489,1.0,-24.15
99.61666666666666,197,AV,0,4,4,7,7,0,0,79,1659.6531244520008,0.3,-29.884999999999998
27.816666666666666,199,AV,1,0,5,0,1,0,0,57,2533.2754137277425,0.2,-5.5633333333333335
32.28333333333333,172,AV,1,1,8,1,9,0,0,63,597.1498506777683,0.2,-6.456666666666667
15.45,284,AV,1,0,7,4,5,0,0,32,5009.92015912814,0.5,-7.725
37.63333333333333,239,AV,2,1,0,6,6,0,0,55,2108.868816674547,1.0,-37.63333333333333
12.066666666666666,166,AV,0,5,3,6,5,0,0,24,1541.4014724042315,0.8,-9.653333333333334
24.616666666666667,97,AV,1,1,4,5,2,0,0,54,2239.194506681481,0.1,-2.461666666666667
18.65,290,AV,1,1,6,0,1,0,0,41,7864.29237148983,0.4,-7.46
78.48333333333333,275,AV,0,8,4,7,8,0,0,60,2472.005569054355,0.1,-7.848333333333334
45.233333333333334,2,AV,2,2,1,4,3,0,0,70,4662.282088415262,0.1,-4.523333333333333
22.433333333333334,25,AV,0,5,5,0,4,0,0,36,4968.170350229253,0.3,-6.7299999999999995
48.61666666666667,108,AV,0,9,4,0,0,0,0,46,6248.181898567973,0.2,-9.723333333333334
41.25,73,AV,2,1,2,4,7,0,0,60,539.5213747330826,0.1,-4.125
29.533333333333335,241,AV,2,2,0,3,3,0,0,35,457.16351791608827,0.7,-20.673333333333332
42.516666666666666,222,AV,2,0,2,0,11,0,0,51,1205.4292211271013,0.1,-4.251666666666667
33.9,29,AV,2,2,0,4,1,0,0,50,3971.0791127863904,0.2,-6.78
36.63333333333333,255,AV,1,2,5,7,7,0,0,83,776.0711537761008,0.1,-3.6633333333333336
29.966666666666665,109,AV,2,2,2,6,1,0,0,26,1454.957177165027,0.1,-2.9966666666666666
26.033333333333335,184,AV,0,9,7,1,5,0,0,37,419.7646265090227,0.2,-5.206666666666667
5.016666666666667,272,AV,0,3,1,5,13,0,0,18,1434.4967426379471,0.7,-3.5116666666666663
66.38333333333334,287,AV,0,5,8,5,5,0,0,55,1447.5744631551047,0.1,-6.6383333333333345
31.383333333333333,258,AV,1,0,7,7,8,0,0,60,8975.220492497892,0.1,-3.1383333333333336
31.166666666666668,119,AV,0,4,7,8,9,0,0,39,4635.813442599864,0.4,-12.466666666666669
25.733333333333334,100,AV,0,3,2,2,13,0,0,37,1639.6236094811811,1.0,-25.733333333333334
80.03333333333333,52,AV,0,9,7,3,2,0,0,60,1475.2077210572677,0.8,-64.02666666666667
15.833333333333334,80,AV,1,1,3,5,4,0,0,33,1038.299283744561,0.2,-3.166666666666667
16.816666666666666,140,AV,1,0,6,3,1,0,0,38,5307.329693361759,0.4,-6.726666666666667
19.75,253,AV,1,2,8,4,2,0,0,43,3508.846318545673,0.3,-5.925
32.31666666666667,283,AV,1,0,4,0,10,0,0,59,2966.188350320237,0.3,-9.695
33.13333333333333,127,AV,1,1,8,6,1,0,0,65,870.7377108213431,1.0,-33.13333333333333
57.53333333333333,149,AV,0,7,0,1,7,0,0,48,6563.608435155774,0.4,-23.013333333333335
28.216666666666665,41,AV,1,1,5,2,1,0,0,54,449.0833195935783,0.6,-16.93
12.183333333333334,130,AV,1,1,7,6,3,0,0,14,4705.31956239884,0.3,-3.655
27.716666666666665,285,AV,0,5,5,4,1,0,0,38,676.2529471816457,0.3,-8.315
34.766666666666666,178,AV,0,6,3,3,7,0,0,41,981.8973671489576,0.7,-24.336666666666666
13.566666666666666,227,AV,0,7,3,7,0,0,0,25,3046.5766145774583,0.1,-1.3566666666666667
28.25,237,AV,1,2,6,0,2,0,0,57,2011.9739719035176,0.1,-2.825
94.25,280,AV,0,6,0,8,9,0,0,69,567.550811201735,0.3,-28.275
25.633333333333333,106,AV,2,2,3,1,6,0,0,41,4967.653125719208,1.0,-25.633333333333333
75.31666666666666,181,AV,0,8,6,2,0,0,0,59,5670.319740923212,0.1,-7.531666666666666
38.31666666666667,218,AV,0,3,4,5,12,0,0,41,3032.1279287666234,0.2,-7.663333333333334
24.133333333333333,121,AV,0,3,5,5,13,0,0,36,4113.319853961603,0.1,-2.4133333333333336
36.78333333333333,192,AV,1,0,5,4,0,0,0,71,1141.0395517097602,0.5,-18.391666666666666
34.78333333333333,133,AV,0,3,1,6,6,0,0,40,2360.1328348572283,0.2,-6.956666666666667
19.05,82,AV,0,9,3,7,8,0,0,28,623.7253316558669,0.1,-1.9050000000000002
32.88333333333333,171,AV,1,1,4,5,6,0,0,60,1592.2311391495805,0.8,-26.30666666666667
22.6,221,AV,1,0,6,7,4,0,0,47,1150.2916000513435,0.4,-9.040000000000001
18.683333333333334,92,AV,1,2,6,3,7,0,0,40,3225.188153267811,0.4,-7.473333333333334
21.483333333333334,31,AV,1,0,4,3,1,0,0,46,5825.994272151124,0.2,-4.296666666666667
29.133333333333333,161,AV,1,1,8,1,4,0,0,57,2667.9339807116767,0.1,-2.9133333333333336
27.133333333333333,164,AV,1,1,7,6,6,0,0,53,5200.876525735832,0.6,-16.279999999999998
83.73333333333333,8,AV,0,9,4,3,0,0,0,62,5862.8833826120845,0.5,-41.86666666666667
54.0,167,AV,0,5,7,0,5,0,0,47,586.8516376274475,0.1,-5.4
25.466666666666665,180,AV,1,2,7,4,4,0,0,50,1823.811293294481,0.3,-7.639999999999999
19.066666666666666,261,AV,1,2,3,8,5,0,0,40,1485.5718097438446,0.3,-5.72
38.36666666666667,176,AV,0,9,0,4,5,0,0,42,1799.695682844959,0.1,-3.836666666666667
35.0,74,AV,1,1,3,8,8,0,0,70,3773.692032315799,0.2,-7.0
39.983333333333334,256,AV,2,1,2,4,4,0,0,63,2164.09247058771,0.1,-3.9983333333333335
29.666666666666668,170,AV,2,1,0,2,7,0,0,42,1265.4739572733297,0.2,-5.933333333333334
32.8,183,AV,1,2,5,3,10,0,0,64,2891.134206742707,0.6,-19.679999999999996
45.25,250,AV,2,1,0,2,5,0,0,65,6081.635477498837,0.1,-4.525
30.066666666666666,62,AV,2,0,2,6,6,0,0,42,5611.673516276995,0.2,-6.013333333333334
31.383333333333333,281,AV,2,0,1,1,16,0,0,52,583.3206434887895,0.4,-12.553333333333335
18.916666666666668,266,AV,0,5,3,5,3,0,0,30,632.5893922142865,0.5,-9.458333333333334
36.516666666666666,69,AV,0,5,0,6,7,0,0,41,5304.212874057136,0.4,-14.606666666666667
35.0,70,AV,1,1,3,8,10,0,0,68,2857.6088215719105,0.1,-3.5
20.933333333333334,35,AV,1,1,7,5,1,0,0,44,9030.678864893336,0.4,-8.373333333333333
30.45,220,AV,2,0,1,5,7,0,0,42,6031.594525491932,0.1,-3.045
29.0,134,AV,1,2,5,7,8,0,0,59,3245.380745418587,0.3,-8.7
59.43333333333333,7,AV,0,6,8,6,4,0,0,49,1822.2981036688468,0.3,-17.83
35.666666666666664,94,AV,1,2,3,4,4,0,0,76,1564.4426034616197,0.1,-3.5666666666666664
85.68333333333334,254,AV,0,5,2,3,8,0,0,62,13351.937436366714,0.1,-8.568333333333333
32.93333333333333,19,AV,1,2,6,0,8,0,0,61,12197.400506638176,0.3,-9.879999999999999
24.383333333333333,276,AV,1,0,5,4,1,0,0,52,2123.4400354784907,0.2,-4.876666666666667
57.5,67,AV,0,3,4,1,5,0,0,48,3301.717979419838,0.1,-5.75
38.1,295,AV,1,1,5,2,4,0,0,72,1927.298426803608,0.1,-3.8100000000000005
76.68333333333334,152,AV,0,3,7,4,10,0,0,59,892.1845339920479,0.3,-23.005
6.866666666666666,9,AV,0,7,3,4,3,0,0,19,3824.993837156676,0.2,-1.3733333333333333
82.08333333333333,219,AV,0,5,4,7,10,0,0,61,5557.427333357366,0.2,-16.416666666666668
43.233333333333334,30,AV,2,2,0,6,2,0,0,64,6007.794801579103,0.4,-17.293333333333333
29.483333333333334,292,AV,0,5,4,4,2,0,0,38,3958.913906791885,0.3,-8.845
29.533333333333335,163,AV,1,0,5,1,2,0,0,59,1167.011530479414,0.5,-14.766666666666667
28.05,296,AV,2,2,0,6,2,0,0,41,1068.5648373754009,0.4,-11.22
24.15,39,AV,0,3,4,7,9,0,0,36,2838.632091159661,0.1,-2.415
16.183333333333334,185,AV,1,2,6,6,3,0,0,37,1579.1767070066765,0.6,-9.709999999999999
52.36666666666667,38,AV,0,5,0,3,1,0,0,46,1832.3133019091129,1.0,-52.36666666666667
25.116666666666667,150,AV,1,1,9,5,5,0,0,53,7658.5640246764915,0.2,-5.023333333333333
71.56666666666666,53,AV,0,3,4,0,2,0,0,56,2942.323800284961,0.2,-14.313333333333333
52.21666666666667,177,AV,0,8,0,9,6,0,0,47,3863.855435177377,0.1,-5.221666666666668
17.233333333333334,43,AV,0,5,6,4,2,0,0,28,4164.701887555128,0.4,-6.893333333333334
59.166666666666664,11,AV,0,9,4,7,0,0,0,48,1089.3140785512585,0.2,-11.833333333333334
8.533333333333333,76,AV,0,3,1,1,4,0,0,23,3941.04555698938,0.4,-3.4133333333333336
33.55,54,AV,1,1,4,4,10,0,0,65,2131.3254046090938,0.3,-10.065
23.183333333333334,242,AV,2,0,2,6,12,0,0,25,2361.523720441912,0.5,-11.591666666666667
20.766666666666666,143,AV,0,7,3,7,1,0,0,31,1682.490559712908,0.1,-2.0766666666666667
32.18333333333333,123,AV,2,1,0,8,5,0,0,44,7572.106998522375,0.2,-6.4366666666666665
22.783333333333335,148,AV,2,0,2,6,10,0,0,17,914.1934345695068,0.2,-4.5566666666666675
23.366666666666667,229,AV,2,0,2,4,1,0,0,34,6254.49597505133,0.3,-7.01
16.783333333333335,273,AV,1,2,5,7,2,0,0,38,13430.196447392702,0.5,-8.391666666666667
38.21666666666667,158,AV,1,1,7,8,2,0,0,85,9095.945853089892,0.4,-15.286666666666669
41.63333333333333,90,AV,1,2,4,2,5,0,0,83,4549.115907877681,0.8,-33.306666666666665
22.916666666666668,232,AV,1,1,3,8,7,0,0,49,743.7818724069466,0.6,-13.75
34.8,138,AV,1,2,8,7,2,0,0,66,1848.7234685638712,0.1,-3.48
73.21666666666667,111,AV,0,3,2,2,5,0,0,58,1830.3424648913517,0.3,-21.965
38.56666666666667,95,AV,2,2,0,6,7,0,0,57,4925.450001742355,0.4,-15.42666666666667
83.56666666666666,93,AV,0,6,8,1,2,0,0,61,1391.0507319816634,0.3,-25.069999999999997
31.166666666666668,257,AV,0,8,3,7,3,0,0,39,1626.914224999384,0.1,-3.116666666666667
38.15,88,AV,2,2,1,4,4,0,0,54,8348.421721831439,0.8,-30.52
12.233333333333333,223,AV,1,0,6,2,0,0,0,11,1546.5147326922538,0.2,-2.4466666666666668
30.65,36,AV,1,0,3,5,3,0,0,59,3065.2253709468137,0.7,-21.455
36.55,174,AV,2,2,2,7,2,0,0,55,8689.506535985933,0.3,-10.964999999999998
36.93333333333333,173,AV,2,0,2,6,2,0,0,55,5064.807770076448,0.8,-29.546666666666667
60.9,195,AV,0,4,0,3,8,0,0,50,17693.100214811147,0.1,-6.09
38.93333333333333,278,AV,2,2,1,4,6,0,0,57,3236.647802754315,0.4,-15.573333333333332
32.93333333333333,245,AV,2,1,0,3,12,0,0,44,2909.8477340427667,0.5,-16.466666666666665
87.33333333333333,16,AV,0,8,9,9,13,0,0,63,1293.252850487379,0.4,-34.93333333333333
21.533333333333335,244,AV,1,2,6,6,3,0,0,46,1703.2333497257905,0.9,-19.380000000000003
25.45,214,AV,2,2,2,2,8,0,0,31,1411.5824788559885,0.8,-20.36
36.2,10,AV,1,0,3,1,3,0,0,76,591.6693204447811,0.8,-28.960000000000004
26.85,146,AV,1,2,5,8,4,0,0,54,2421.0391237858234,0.2,-5.370000000000001
37.2,274,AV,2,1,0,6,4,0,0,54,1474.807688008607,0.1,-3.7200000000000006
25.083333333333332,236,AV,1,1,9,1,0,0,0,52,14312.770160915026,0.9,-22.575
36.13333333333333,113,AV,2,2,1,7,8,0,0,51,2147.781038516846,0.3,-10.84
37.06666666666667,0,AV,2,1,2,1,6,0,0,50,3393.6426315430986,0.2,-7.413333333333334
45.06666666666667,136,AV,2,1,0,0,16,0,0,72,5913.041300376779,0.1,-4.506666666666667
15.033333333333333,27,AV,1,1,5,4,9,0,0,30,2035.9911412414244,0.2,-3.006666666666667
15.983333333333333,191,AV,1,2,6,7,17,0,0,35,859.2772315809713,0.8,-12.786666666666667
24.15,211,AV,2,1,1,2,7,0,0,34,1592.6375082496468,0.4,-9.66
41.8,248,AV,0,6,2,3,10,0,0,43,7897.119961473183,0.1,-4.18
76.73333333333333,6,AV,0,4,6,1,2,0,0,59,4549.070920567666,0.4,-30.693333333333335
33.25,210,AV,1,0,4,6,3,0,0,60,3001.8426729260827,0.3,-9.975
22.583333333333332,139,AV,1,1,3,5,3,0,0,48,2797.307504072895,0.1,-2.2583333333333333
20.9,299,AV,1,2,6,9,3,0,0,43,1538.317647081207,0.1,-2.09
18.7,3,AV,1,2,8,0,2,0,0,41,595.9176043698985,0.1,-1.87
29.383333333333333,48,AV,1,0,7,2,2,0,0,58,1097.8259349569896,0.1,-2.9383333333333335
26.55,188,AV,1,2,6,7,4,0,0,54,2088.64210540395,0.1,-2.6550000000000002
36.61666666666667,189,AV,0,9,2,8,2,0,0,40,978.4447105201264,0.2,-7.323333333333334
46.81666666666667,60,AV,0,6,8,5,2,0,0,45,1496.328062426438,0.4,-18.72666666666667
43.45,86,AV,0,4,5,4,1,0,0,44,832.4581618945489,0.3,-13.035
26.883333333333333,64,AV,1,0,4,3,12,0,0,55,1022.032321197676,0.4,-10.753333333333334
28.683333333333334,289,AV,1,1,5,0,2,0,0,55,465.3670128771111,0.2,-5.736666666666667
34.25,175,AV,2,0,3,2,7,0,0,51,541.9839687696077,0.1,-3.4250000000000003
29.683333333333334,66,AV,1,2,3,2,7,0,0,59,3387.2787239910285,0.2,-5.936666666666667
39.86666666666667,155,AV,1,1,9,2,0,0,0,83,2347.541384251396,0.1,-3.986666666666667
78.55,83,AV,0,4,3,2,2,0,0,59,7128.986247371214,0.6,-47.129999999999995
13.416666666666666,201,AV,1,0,5,5,0,0,0,25,4416.224882412617,0.1,-1.3416666666666668
89.0,212,AV,0,3,4,7,4,0,0,63,437.8567856598078,0.1,-8.9
47.583333333333336,259,AV,2,0,1,5,0,0,0,71,11515.391842589095,0.4,-19.033333333333335
61.35,126,AV,0,7,3,7,6,0,0,50,743.7553910389753,0.1,-6.135000000000001
12.166666666666666,115,AV,1,1,6,4,6,0,0,25,1587.6148581174584,0.3,-3.6499999999999995
8.45,21,AV,0,5,1,0,0,0,0,24,763.1985099142711,0.5,-4.225
39.7,238,AV,0,7,1,0,6,0,0,42,3630.005597296026,0.2,-7.940000000000001
62.6,165,AV,0,3,8,0,12,0,0,52,3520.054626539052,0.4,-25.040000000000003
32.5,51,AV,1,1,5,2,0,0,0,63,1588.8002265047048,0.1,-3.25
27.866666666666667,168,AV,0,4,8,7,10,0,0,37,491.8679742725259,0.4,-11.146666666666668
73.2,68,AV,0,5,3,2,5,0,0,58,8436.938288223368,0.1,-7.32
95.8,81,AV,0,6,9,6,8,0,0,70,861.805442805673,0.1,-9.58
29.5,23,AV,0,9,9,9,0,0,0,38,4843.3187157075145,0.5,-14.75
34.75,265,AV,2,2,1,4,10,0,0,49,2574.4307659940623,0.1,-3.475
32.06666666666667,12,AV,1,1,3,4,3,0,0,61,5480.041794665195,0.1,-3.206666666666667
9.916666666666666,196,AV,0,4,4,8,11,0,0,24,3352.9358316496982,0.4,-3.966666666666667
22.9,131,AV,2,0,1,2,11,0,0,25,881.2906222289953,0.1,-2.29
46.083333333333336,286,AV,2,0,2,0,6,0,0,75,1348.5865378412918,0.3,-13.825000000000001
92.53333333333333,246,AV,0,3,1,7,5,0,0,66,566.7055292848979,0.1,-9.253333333333334
56.05,13,AV,0,6,7,6,2,0,0,47,904.859336063587,0.1,-5.605
12.85,85,AV,1,1,6,2,3,0,0,23,4343.557359248321,0.8,-10.280000000000001
85.63333333333334,34,AV,0,9,1,6,3,0,0,61,3227.056348793521,0.2,-17.12666666666667
89.11666666666666,61,AV,0,9,4,8,5,0,0,63,4090.160813256426,0.1,-8.911666666666667
31.466666666666665,56,AV,1,0,4,3,3,0,0,60,3274.575105225111,0.3,-9.44
44.416666666666664,110,AV,2,0,2,4,10,0,0,72,649.7132696839626,0.8,-35.53333333333333
31.166666666666668,72,AV,2,2,0,6,5,0,0,47,3031.4508351358254,0.2,-6.233333333333334
34.416666666666664,224,AV,2,1,0,8,1,0,0,53,627.4062491148882,0.6,-20.65
35.583333333333336,84,AV,1,0,4,3,11,0,0,71,1005.9867386644172,1.0,-35.583333333333336
90.8,230,AV,0,7,9,8,2,0,0,63,1614.9493849180149,0.1,-9.08
82.08333333333333,270,AV,0,7,1,2,0,0,0,60,5985.732437913218,0.1,-8.208333333333334
38.78333333333333,204,AV,2,0,0,2,11,0,0,57,5051.78348307234,0.3,-11.635
34.733333333333334,233,AV,1,2,7,6,0,0,0,68,2835.850686157305,0.9,-31.26
33.083333333333336,209,AV,2,2,2,7,3,0,0,47,1074.3823512953045,0.2,-6.616666666666667
22.633333333333333,79,AV,1,0,3,6,3,0,0,48,959.5289757906356,0.6,-13.58
27.466666666666665,202,AV,1,1,8,1,10,0,0,55,873.8892656114449,0.2,-5.493333333333333
32.93333333333333,63,AV,2,1,0,8,3,0,0,49,1530.0661682302475,0.2,-6.586666666666666
35.68333333333333,107,AV,1,3,6,4,1,0,0,70,513.3463032142733,0.2,-7.136666666666667
12.066666666666666,198,AV,0,8,7,0,11,0,0,24,2619.168197182975,0.2,-2.4133333333333336
20.583333333333332,65,AV,0,5,3,5,5,0,0,35,1794.439334206041,0.4,-8.233333333333333
32.6,156,AV,1,2,3,7,9,0,0,62,1025.7249596144625,0.3,-9.78
28.216666666666665,282,AV,1,2,6,5,8,0,0,54,1596.1763216794554,0.2,-5.6433333333333335
46.983333333333334,288,AV,0,7,6,6,2,0,0,45,1552.9853059451273,0.7,-32.888333333333335
12.166666666666666,235,AV,1,1,7,6,0,0,0,18,2648.588416164911,0.8,-9.733333333333334
39.983333333333334,114,AV,0,8,3,8,0,0,0,42,1122.7546975855585,0.4,-15.993333333333334
17.05,263,AV,0,3,3,1,2,0,0,29,15387.119225735782,0.4,-6.82
97.7,216,AV,0,9,0,1,11,0,0,78,898.3728471886773,0.1,-9.770000000000001
15.333333333333334,194,AV,1,1,3,3,2,0,0,30,932.0432837729122,0.9,-13.8
64.91666666666667,205,AV,0,9,0,9,0,0,0,54,1282.6858023855964,0.4,-25.96666666666667
27.566666666666666,153,AV,2,1,2,7,6,0,0,39,1240.6560786390864,0.3,-8.27
38.0,231,AV,1,0,3,6,4,0,0,77,1635.9686818612918,0.2,-7.6000000000000005
75.46666666666667,15,AV,0,3,6,1,3,0,0,57,4304.4895651906745,0.1,-7.546666666666667
99.25,117,AV,0,7,9,8,5,0,0,92,5386.149373461946,0.7,-69.475
24.7,46,AV,2,2,2,7,4,0,0,21,3438.9188747307694,0.2,-4.94
66.41666666666667,102,AV,0,7,3,2,2,0,0,55,2344.9936519099742,0.6,-39.85
19.1,5,AV,1,0,6,7,4,0,0,41,4547.885280126284,0.4,-7.640000000000001
31.833333333333332,49,AV,2,0,1,5,2,0,0,37,7958.958807233507,0.6,-19.099999999999998
92.43333333333334,37,AV,0,5,2,7,2,0,0,67,6130.868263041086,0.2,-18.486666666666668
15.966666666666667,182,AV,1,0,7,3,4,0,0,27,4381.240268036911,0.3,-4.79
33.45,251,AV,1,0,3,7,6,0,0,61,1297.4303329633815,0.3,-10.035
33.85,252,AV,1,0,3,5,6,0,0,67,3362.377553451843,0.3,-10.155
16.766666666666666,96,AV,1,2,3,1,8,0,0,37,1261.43865123121,0.1,-1.6766666666666667
29.75,17,AV,2,1,0,3,6,0,0,46,3898.759045987068,0.6,-17.849999999999998
22.35,104,AV,1,0,7,7,11,0,0,46,1020.7360413649084,0.1,-2.2350000000000003
6.666666666666667,294,AV,0,4,6,2,2,0,0,23,6709.13861087917,0.4,-2.666666666666667
36.766666666666666,1,AV,1,1,4,3,3,0,0,72,5004.1281918097375,0.1,-3.6766666666666667
38.483333333333334,169,AV,2,1,0,5,0,0,0,52,646.5589615252754,0.5,-19.241666666666667
14.583333333333334,87,AV,1,2,8,4,5,0,0,28,3849.958431883558,0.2,-2.916666666666667
38.266666666666666,213,AV,0,4,0,0,2,0,0,41,1294.2551843223837,0.8,-30.613333333333333
15.4,55,AV,0,4,0,7,10,0,0,27,571.0932451196882,1.0,-15.4
16.433333333333334,225,AV,1,1,5,6,8,0,0,32,1239.4416864014672,0.4,-6.573333333333334
67.93333333333334,40,AV,0,3,9,8,8,0,0,55,11861.36896338871,0.1,-6.793333333333334
37.7,157,AV,1,2,6,6,0,0,0,80,761.8437659652793,0.1,-3.7700000000000005
29.083333333333332,33,AV,1,0,3,5,2,0,0,56,3251.3322332141274,0.4,-11.633333333333333
33.766666666666666,206,AV,1,1,4,5,3,0,0,65,4754.245589533712,0.1,-3.376666666666667
36.733333333333334,75,AV,1,2,7,7,1,0,0,79,5844.130995646287,0.1,-3.673333333333334
33.15,226,AV,0,5,4,7,5,0,0,38,8333.728817076937,0.3,-9.944999999999999
54.05,18,AV,0,9,4,0,3,0,0,47,1141.5133047894662,0.1,-5.405
16.016666666666666,269,AV,1,0,5,4,7,0,0,30,8987.822610831106,0.1,-1.6016666666666666
