travel_time,id,kind,action,bid_route_0,bid_route_1,bid_route_2,karma_balance,origin,destination,start_time,income,urgency,reward
18.8,146,AV,0,5,3,5,0,0,0,33,1653.1781197118603,0.2,-3.7600000000000002
20.466666666666665,7,AV,0,6,2,1,1,0,0,34,827.3783452591958,0.4,-8.186666666666666
36.233333333333334,111,AV,2,2,0,4,3,0,0,45,4925.450001742355,0.3,-10.87
25.333333333333332,198,AV,1,1,7,2,12,0,0,47,2964.6777926145683,0.7,-17.73333333333333
21.883333333333333,288,AV,1,2,8,8,2,0,0,41,2218.0502812558643,0.2,-4.376666666666667
37.733333333333334,61,AV,1,1,7,5,6,0,0,65,3580.4564780460023,0.3,-11.32
46.78333333333333,108,AV,0,7,5,3,0,0,0,78,3368.9508766880413,0.1,-4.678333333333334
46.65,47,AV,2,1,2,4,3,0,0,67,586.8516376274475,0.5,-23.325
23.516666666666666,231,AV,2,1,2,9,5,0,0,28,2015.5588757501516,0.1,-2.3516666666666666
32.35,213,AV,1,2,5,0,2,0,0,55,2022.4315636845977,0.1,-3.2350000000000003
27.283333333333335,255,AV,1,1,7,5,11,0,0,49,3608.770587345788,0.5,-13.641666666666667
42.766666666666666,267,AV,2,0,1,9,3,0,0,64,2392.7441380289174,0.3,-12.83
41.666666666666664,221,AV,1,2,5,0,5,0,0,84,2530.9644311939346,0.3,-12.499999999999998
19.033333333333335,112,AV,1,2,3,2,8,0,0,38,11185.875164713363,0.2,-3.806666666666667
38.016666666666666,72,AV,0,4,3,2,0,0,0,54,2756.9260540590044,0.7,-26.611666666666665
26.983333333333334,45,AV,1,1,8,0,9,0,0,48,3520.054626539052,0.2,-5.396666666666667
34.9,280,AV,1,1,5,0,1,0,0,58,2850.5966631146844,0.3,-10.469999999999999
15.116666666666667,74,AV,1,1,8,4,0,0,0,27,1963.0347272178835,0.2,-3.0233333333333334
13.983333333333333,212,AV,1,2,5,2,15,0,0,21,614.9217871931492,0.3,-4.194999999999999
24.266666666666666,263,AV,2,2,1,1,15,0,0,32,1323.5149786113286,0.3,-7.279999999999999
37.6,283,AV,2,1,2,8,1,0,0,52,767.6170681366935,1.0,-37.6
32.416666666666664,279,AV,1,1,7,5,0,0,0,56,3252.767976975094,0.9,-29.174999999999997
31.716666666666665,294,AV,1,0,3,0,5,0,0,54,3257.3450634265246,0.6,-19.029999999999998
25.85,30,AV,1,2,4,0,4,0,0,46,3487.44186130441,0.4,-10.340000000000002
27.8,249,AV,0,4,4,4,1,0,0,42,1475.2077210572677,0.1,-2.7800000000000002
35.766666666666666,137,AV,1,1,5,5,5,0,0,59,3151.1733449572957,0.1,-3.5766666666666667
45.9,51,AV,2,2,0,3,1,0,0,66,3024.224513765153,0.1,-4.59
24.55,210,AV,1,0,3,0,12,0,0,45,857.6590975250949,0.3,-7.365
33.11666666666667,177,AV,1,1,5,0,2,0,0,56,1148.9174546898266,0.3,-9.935
19.25,37,AV,1,2,5,0,0,0,0,37,2187.907521251699,0.1,-1.925
24.0,46,AV,1,0,9,1,15,0,0,41,1239.4416864014672,0.6,-14.399999999999999
35.8,207,AV,1,2,6,1,4,0,0,61,4999.976398121604,0.3,-10.739999999999998
28.283333333333335,76,AV,1,2,4,4,3,0,0,50,898.3728471886773,0.5,-14.141666666666667
36.86666666666667,125,AV,1,1,5,0,20,0,0,64,506.5869000089976,0.2,-7.373333333333334
39.166666666666664,21,AV,1,0,3,0,12,0,0,70,835.7777612710734,0.5,-19.583333333333332
13.466666666666667,22,AV,0,3,6,5,5,0,0,29,4504.939201911708,0.1,-1.3466666666666667
32.733333333333334,144,AV,2,2,2,4,5,0,0,34,2446.4664131825853,0.1,-3.2733333333333334
37.233333333333334,79,AV,2,2,0,3,11,0,0,47,4164.701887555128,0.5,-18.616666666666667
34.56666666666667,16,AV,1,1,4,3,24,0,0,59,2294.767722006211,0.1,-3.456666666666667
30.233333333333334,66,AV,1,1,5,0,3,0,0,52,1546.5147326922538,0.4,-12.093333333333334
41.5,81,AV,0,5,5,4,2,0,0,59,617.4453946714843,0.1,-4.15
21.916666666666668,156,AV,1,1,5,0,1,0,0,41,1391.0507319816634,0.1,-2.191666666666667
15.45,282,AV,0,4,3,1,1,0,0,32,1490.1599361877834,0.1,-1.545
42.53333333333333,254,AV,1,2,4,3,6,0,0,75,905.8209551718018,0.1,-4.253333333333333
39.75,154,AV,1,1,5,0,8,0,0,70,832.4581618945489,1.0,-39.75
39.166666666666664,53,AV,1,0,4,6,2,0,0,67,2761.3662775036096,0.5,-19.583333333333332
39.666666666666664,234,AV,1,0,4,6,6,0,0,65,1526.0895405694364,0.1,-3.966666666666667
32.38333333333333,262,AV,2,0,2,2,7,0,0,38,4549.115907877681,0.3,-9.715
38.083333333333336,233,AV,2,2,0,4,5,0,0,46,2271.53748778668,0.7,-26.658333333333335
20.033333333333335,298,AV,1,2,5,0,3,0,0,38,5702.616109653807,0.3,-6.010000000000001
46.416666666666664,142,AV,2,0,1,9,2,0,0,71,572.7967315704935,0.1,-4.641666666666667
47.483333333333334,236,AV,2,0,1,9,5,0,0,69,1597.8734280578535,0.2,-9.496666666666668
14.033333333333333,58,AV,1,1,5,0,1,0,0,22,4505.18942297478,0.5,-7.016666666666667
25.95,278,AV,1,2,4,8,6,0,0,47,1614.9493849180149,0.1,-2.595
41.78333333333333,41,AV,1,1,5,0,3,0,0,75,921.9548251796884,0.5,-20.891666666666666
39.1,277,AV,2,0,3,0,5,0,0,59,1703.2333497257905,0.1,-3.91
14.766666666666667,272,AV,1,2,5,0,10,0,0,22,626.2908344343901,0.1,-1.4766666666666668
26.05,12,AV,0,6,3,6,7,0,0,39,1260.6549751070208,0.3,-7.8149999999999995
12.583333333333334,64,AV,1,0,3,0,11,0,0,8,1661.9571573900298,0.1,-1.2583333333333335
36.483333333333334,34,AV,1,2,4,3,0,0,0,60,779.0639592631991,0.4,-14.593333333333334
36.733333333333334,291,AV,1,1,5,0,0,0,0,60,979.573716991658,0.3,-11.02
27.65,165,AV,1,0,5,1,0,0,0,48,4645.51881630073,0.2,-5.53
10.3,116,AV,0,3,0,8,8,0,0,22,3101.095365071405,0.3,-3.0900000000000003
14.333333333333334,151,AV,1,2,4,4,2,0,0,25,946.1123250925148,0.4,-5.733333333333334
24.266666666666666,153,AV,0,7,1,7,1,0,0,38,3362.377553451843,0.1,-2.4266666666666667
23.783333333333335,106,AV,1,0,7,7,5,0,0,44,3898.759045987068,0.1,-2.3783333333333334
36.38333333333333,261,AV,2,2,0,4,1,0,0,48,11515.391842589095,0.6,-21.83
20.616666666666667,230,AV,1,1,4,9,15,0,0,39,5386.149373461946,0.9,-18.555
12.216666666666667,281,AV,1,2,6,4,0,0,0,8,1649.648602545546,0.2,-2.4433333333333334
15.416666666666666,14,AV,0,3,1,5,2,0,0,29,4609.601315671212,0.3,-4.625
32.5,105,AV,1,1,5,0,0,0,0,56,2528.765907819195,0.5,-16.25
26.15,113,AV,1,0,4,6,6,0,0,47,1310.9401185904849,0.1,-2.615
25.55,273,AV,1,1,5,0,1,0,0,44,4968.170350229253,0.4,-10.22
16.9,246,AV,1,2,5,8,5,0,0,31,17693.100214811147,0.5,-8.45
22.383333333333333,130,AV,1,1,5,6,13,0,0,42,12197.400506638176,0.1,-2.2383333333333333
24.516666666666666,33,AV,2,2,0,4,3,0,0,10,813.126641713825,0.2,-4.903333333333333
40.61666666666667,269,AV,1,2,4,4,3,0,0,72,522.440884226393,0.2,-8.123333333333333
33.083333333333336,4,AV,1,1,4,9,6,0,0,56,961.7772661313056,0.4,-13.233333333333334
35.43333333333333,227,AV,1,2,9,2,0,0,0,58,6918.069898529506,0.5,-17.716666666666665
31.183333333333334,251,AV,1,1,5,0,0,0,0,53,783.6834518391023,0.1,-3.1183333333333336
39.88333333333333,152,AV,0,6,3,6,1,0,0,54,3523.1638559153366,0.6,-23.93
10.9,67,AV,1,1,7,2,4,0,0,5,959.5289757906356,0.8,-8.72
46.65,24,AV,0,5,1,8,15,0,0,85,601.3137559373858,0.1,-4.665
34.65,215,AV,0,8,2,3,0,0,0,49,4090.160813256426,0.3,-10.395
16.333333333333332,182,AV,1,2,3,2,3,0,0,25,2255.9253983027734,0.2,-3.2666666666666666
23.333333333333332,270,AV,1,2,6,1,2,0,0,42,2949.689674384749,0.2,-4.666666666666667
32.05,159,AV,1,2,5,0,0,0,0,55,591.6693204447811,0.6,-19.229999999999997
26.55,193,AV,1,2,3,2,15,0,0,47,4061.843573313689,0.1,-2.6550000000000002
13.016666666666667,48,AV,1,1,5,2,1,0,0,20,2744.255474143275,0.6,-7.8100000000000005
24.55,77,AV,1,1,7,2,8,0,0,45,5341.061461458292,0.1,-2.455
43.45,118,AV,2,1,0,1,4,0,0,57,6230.691172258436,0.1,-4.345000000000001
16.383333333333333,217,AV,1,2,5,0,9,0,0,30,1509.578116022191,0.3,-4.915
22.3,266,AV,1,2,8,5,2,0,0,39,912.6272274022258,0.2,-4.46
22.3,224,AV,1,3,6,5,14,0,0,42,4021.28082322038,0.1,-2.23
37.983333333333334,237,AV,0,5,0,5,2,0,0,53,2966.188350320237,0.3,-11.395
36.733333333333334,160,AV,1,1,5,0,12,0,0,61,1052.4070316009115,0.6,-22.04
29.133333333333333,222,AV,1,2,7,8,9,0,0,49,2078.9202215407213,0.4,-11.653333333333334
31.783333333333335,73,AV,1,2,6,3,1,0,0,54,1089.3140785512585,0.1,-3.1783333333333337
29.383333333333333,285,AV,1,2,4,3,0,0,0,51,5394.467136051333,1.0,-29.383333333333333
32.78333333333333,284,AV,0,8,3,0,2,0,0,48,2942.323800284961,0.4,-13.113333333333333
31.066666666666666,247,AV,0,7,6,3,6,0,0,46,546.8646928603165,0.1,-3.106666666666667
40.9,62,AV,2,0,1,9,3,0,0,66,7592.14370769901,0.1,-4.09
10.45,131,AV,0,9,0,5,14,0,0,18,3941.04555698938,0.1,-1.045
18.116666666666667,15,AV,1,1,7,9,7,0,0,35,1348.5865378412918,0.6,-10.87
18.95,256,AV,0,6,3,6,8,0,0,33,1885.557658153182,0.1,-1.895
13.916666666666666,203,AV,1,2,6,1,0,0,0,19,3245.380745418587,0.1,-1.3916666666666666
40.03333333333333,209,AV,1,1,5,0,0,0,0,72,9095.945853089892,0.4,-16.013333333333332
21.166666666666668,57,AV,1,2,9,6,8,0,0,41,5844.130995646287,0.2,-4.233333333333333
17.283333333333335,245,AV,1,0,3,1,3,0,0,33,4934.883137056144,0.1,-1.7283333333333335
18.066666666666666,119,AV,1,1,5,5,0,0,0,34,1564.4426034616197,1.0,-18.066666666666666
24.366666666666667,289,AV,1,1,5,0,2,0,0,44,849.0657401736111,0.7,-17.056666666666665
25.916666666666668,135,AV,1,2,4,3,11,0,0,46,1682.490559712908,0.5,-12.958333333333334
32.766666666666666,293,AV,0,8,0,9,9,0,0,47,2909.8477340427667,0.3,-9.83
27.75,229,AV,0,3,0,1,3,0,0,40,7572.106998522375,0.2,-5.550000000000001
28.183333333333334,101,AV,2,2,0,4,4,0,0,38,8348.421721831439,0.1,-2.8183333333333334
15.0,26,AV,1,0,9,9,2,0,0,26,6778.2755320215965,0.3,-4.5
27.833333333333332,253,AV,2,2,0,4,2,0,0,26,5064.807770076448,0.6,-16.7
28.0,211,AV,1,2,7,7,10,0,0,49,1778.835052690156,1.0,-28.0
23.433333333333334,96,AV,2,0,2,2,14,0,0,29,6081.635477498837,0.2,-4.6866666666666665
6.783333333333333,158,AV,0,6,3,6,0,0,0,11,1697.366940102563,0.2,-1.3566666666666667
15.716666666666667,192,AV,1,0,4,3,8,0,0,29,5670.319740923212,0.4,-6.286666666666667
31.316666666666666,19,AV,2,2,0,3,5,0,0,46,2314.8193170712048,0.1,-3.131666666666667
34.666666666666664,242,AV,0,4,4,9,12,0,0,49,615.3970356119416,0.4,-13.866666666666667
39.9,2,AV,1,2,5,2,0,0,0,73,1467.6871321740252,0.9,-35.91
17.366666666666667,8,AV,1,1,8,0,13,0,0,33,1025.7249596144625,0.5,-8.683333333333334
20.816666666666666,290,AV,1,1,4,2,17,0,0,38,1485.5718097438446,0.3,-6.245
15.166666666666666,190,AV,1,1,4,4,8,0,0,22,17322.90883950548,0.5,-7.583333333333333
31.716666666666665,248,AV,1,1,5,0,0,0,0,52,3274.575105225111,0.1,-3.171666666666667
29.3,275,AV,1,2,6,1,3,0,0,51,1460.106853854364,0.2,-5.86
26.116666666666667,200,AV,2,2,0,3,12,0,0,31,850.3216016091212,0.6,-15.67
46.53333333333333,220,AV,2,1,1,1,6,0,0,60,1275.6237969650936,0.2,-9.306666666666667
35.75,149,AV,1,1,7,5,1,0,0,59,7336.658338656486,0.3,-10.725
28.5,225,AV,2,2,2,5,9,0,0,41,6709.13861087917,0.1,-2.85
40.36666666666667,98,AV,2,1,2,4,0,0,0,54,4412.688598555705,0.6,-24.22
22.783333333333335,168,AV,0,4,3,2,4,0,0,34,1587.6148581174584,0.7,-15.948333333333334
40.1,36,AV,2,2,0,3,13,0,0,57,1541.4014724042315,0.4,-16.040000000000003
44.61666666666667,206,AV,2,0,1,9,11,0,0,67,3465.4556083993225,0.3,-13.385
42.583333333333336,195,AV,1,1,4,4,2,0,0,75,4639.089550420253,0.1,-4.258333333333334
39.416666666666664,134,AV,2,2,0,3,2,0,0,52,539.5213747330826,0.7,-27.591666666666665
27.383333333333333,258,AV,1,2,5,0,7,0,0,48,720.4688823460104,0.1,-2.7383333333333333
41.9,91,AV,2,2,1,1,15,0,0,69,946.2003450753726,0.3,-12.569999999999999
16.316666666666666,219,AV,1,1,5,2,0,0,0,29,6031.594525491932,0.3,-4.895
45.13333333333333,186,AV,0,7,4,2,3,0,0,66,3758.845856207275,0.1,-4.513333333333334
22.616666666666667,44,AV,1,1,7,7,2,0,0,42,1174.3503864217532,1.0,-22.616666666666667
18.05,175,AV,1,1,8,4,8,0,0,32,3534.445695738256,0.2,-3.6100000000000003
33.666666666666664,40,AV,1,3,4,8,6,0,0,57,2421.832203454489,0.3,-10.1
34.03333333333333,54,AV,1,1,5,2,3,0,0,58,3583.4963710051925,0.4,-13.613333333333333
36.583333333333336,292,AV,1,2,4,7,5,0,0,62,779.2240782816187,0.3,-10.975
29.833333333333332,265,AV,2,2,2,3,6,0,0,44,2250.3510049999354,0.5,-14.916666666666666
23.6,89,AV,1,0,4,6,3,0,0,43,541.9839687696077,0.4,-9.440000000000001
36.5,189,AV,1,1,7,5,0,0,0,59,1022.032321197676,0.3,-10.95
38.166666666666664,179,AV,1,2,4,3,6,0,0,63,763.1985099142711,0.1,-3.8166666666666664
22.066666666666666,75,AV,2,1,1,4,9,0,0,17,2987.078671303881,0.6,-13.24
33.81666666666667,139,AV,1,1,6,1,5,0,0,56,4034.238052294327,0.2,-6.7633333333333345
39.766666666666666,70,AV,1,1,6,7,1,0,0,67,3387.2787239910285,0.2,-7.953333333333333
35.38333333333333,136,AV,1,1,4,8,7,0,0,57,3393.6426315430986,0.3,-10.615
29.316666666666666,140,AV,0,6,3,6,1,0,0,45,5654.280440205098,0.2,-5.863333333333333
14.0,174,AV,1,1,9,4,12,0,0,21,1848.7234685638712,0.1,-1.4000000000000001
38.1,90,AV,1,1,4,4,2,0,0,61,2280.385817754286,0.1,-3.8100000000000005
29.15,208,AV,1,1,5,0,11,0,0,50,8981.750106371177,0.9,-26.235
30.95,180,AV,0,7,1,7,8,0,0,45,2187.718469250836,0.5,-15.475
35.166666666666664,169,AV,1,1,7,7,4,0,0,59,753.5670156580491,0.4,-14.066666666666666
47.266666666666666,132,AV,2,2,0,3,12,0,0,77,1950.0200213032829,0.5,-23.633333333333333
6.783333333333333,104,AV,0,5,4,3,1,0,0,10,870.7377108213431,0.1,-0.6783333333333333
12.033333333333333,121,AV,0,4,2,1,1,0,0,23,1342.087988935639,0.3,-3.61
17.333333333333332,171,AV,0,9,0,9,0,0,0,32,2142.030696222753,0.2,-3.466666666666667
34.5,59,AV,1,2,3,2,1,0,0,57,14754.343640924068,0.2,-6.9
44.016666666666666,1,AV,2,0,1,9,0,0,0,70,5009.92015912814,0.2,-8.803333333333333
18.483333333333334,148,AV,1,2,4,4,1,0,0,33,2123.4400354784907,0.3,-5.545
23.416666666666668,276,AV,1,0,4,6,3,0,0,44,3942.222625638348,1.0,-23.416666666666668
28.033333333333335,78,AV,1,2,6,3,9,0,0,49,2033.019749384408,0.9,-25.23
33.7,183,AV,2,2,3,2,5,0,0,51,8987.822610831106,1.0,-33.7
21.716666666666665,271,AV,1,0,3,0,5,0,0,40,5985.732437913218,0.1,-2.1716666666666664
16.35,260,AV,1,2,4,4,9,0,0,30,1823.811293294481,0.3,-4.905
44.483333333333334,56,AV,2,1,0,1,6,0,0,71,679.8949342204361,0.1,-4.448333333333333
47.833333333333336,161,AV,2,0,3,0,5,0,0,65,9280.176126726552,0.3,-14.35
32.46666666666667,239,AV,1,2,4,4,1,0,0,55,1626.914224999384,0.6,-19.48
34.483333333333334,199,AV,1,2,6,1,7,0,0,56,1111.987968807459,0.3,-10.345
15.65,150,AV,1,2,5,0,4,0,0,26,950.4213588862824,0.4,-6.260000000000001
42.56666666666667,100,AV,1,2,4,3,1,0,0,91,8134.997760071039,0.4,-17.026666666666667
8.466666666666667,216,AV,0,8,6,7,11,0,0,12,595.9176043698985,0.2,-1.6933333333333334
26.6,164,AV,1,0,5,0,3,0,0,47,1265.4739572733297,1.0,-26.6
12.1,86,AV,0,5,6,9,7,0,0,25,2744.8905386527767,0.3,-3.63
31.466666666666665,63,AV,1,2,5,2,2,0,0,53,5882.279762541917,0.1,-3.1466666666666665
21.483333333333334,170,AV,1,2,4,4,7,0,0,38,2996.640782499388,0.1,-2.1483333333333334
32.28333333333333,95,AV,1,2,4,4,3,0,0,53,3278.222126324269,0.3,-9.684999999999999
27.583333333333332,87,AV,1,1,5,0,9,0,0,47,4689.4303597647895,0.1,-2.7583333333333333
40.1,257,AV,1,2,4,3,14,0,0,70,932.1411738504048,0.5,-20.05
25.0,127,AV,1,2,6,3,2,0,0,45,4951.479839002994,0.4,-10.0
37.63333333333333,197,AV,1,2,3,2,3,0,0,64,2302.618320259251,0.3,-11.29
22.666666666666668,184,AV,1,0,3,6,7,0,0,43,1588.8002265047048,0.1,-2.266666666666667
43.11666666666667,196,AV,0,8,0,1,4,0,0,59,18628.94525544202,0.5,-21.558333333333334
16.25,20,AV,1,2,5,2,6,0,0,26,5168.6614957092925,0.1,-1.625
12.516666666666667,39,AV,1,2,5,0,2,0,0,5,10751.672106064549,0.7,-8.761666666666667
8.416666666666666,84,AV,0,8,5,9,3,0,0,18,2629.980017260476,0.1,-0.8416666666666667
18.616666666666667,27,AV,1,0,3,5,2,0,0,37,640.5426603936758,0.1,-1.8616666666666668
41.5,94,AV,1,1,5,0,6,0,0,74,2046.5713793034688,0.3,-12.45
29.85,68,AV,2,2,2,0,6,0,0,39,597.1498506777683,0.2,-5.970000000000001
18.266666666666666,166,AV,1,1,5,2,4,0,0,36,13430.196447392702,0.2,-3.6533333333333333
36.31666666666667,23,AV,0,4,0,0,1,0,0,50,2225.3307045190536,0.7,-25.421666666666667
42.25,250,AV,2,0,1,9,0,0,0,62,2909.5116230827134,1.0,-42.25
26.516666666666666,274,AV,2,2,1,4,4,0,0,32,8029.700924090037,0.3,-7.954999999999999
28.033333333333335,243,AV,1,2,6,3,1,0,0,49,2891.134206742707,0.2,-5.606666666666667
38.11666666666667,99,AV,1,1,5,0,7,0,0,64,1294.2551843223837,0.4,-15.246666666666668
26.716666666666665,172,AV,1,1,4,4,2,0,0,48,437.5592869272848,0.5,-13.358333333333333
43.15,42,AV,0,3,6,3,3,0,0,60,3001.8426729260827,0.3,-12.944999999999999
23.95,129,AV,1,1,5,0,2,0,0,44,513.3463032142733,0.3,-7.185
5.383333333333334,25,AV,0,5,3,5,9,0,0,7,2318.1098695731453,0.6,-3.23
37.333333333333336,10,AV,2,1,0,1,8,0,0,49,2241.037238818388,0.1,-3.733333333333334
38.13333333333333,9,AV,1,2,4,7,4,0,0,65,3778.090807703549,0.1,-3.8133333333333335
44.18333333333333,244,AV,2,0,1,9,1,0,0,77,3623.60917519969,0.3,-13.254999999999999
42.86666666666667,117,AV,1,1,4,8,11,0,0,79,742.6585956180782,0.3,-12.86
33.916666666666664,110,AV,1,1,7,5,5,0,0,57,742.4887258523852,0.4,-13.566666666666666
41.28333333333333,60,AV,1,1,5,0,1,0,0,80,2563.744074524839,0.2,-8.256666666666666
31.05,11,AV,1,2,9,4,6,0,0,52,4679.48341028673,0.2,-6.210000000000001
33.666666666666664,218,AV,2,2,2,5,0,0,0,47,3759.463069718096,0.1,-3.3666666666666667
25.183333333333334,80,AV,1,1,4,3,9,0,0,41,2476.7673195544394,0.6,-15.11
19.266666666666666,141,AV,1,0,4,6,7,0,0,35,4747.153558918807,0.4,-7.706666666666667
10.45,297,AV,0,8,6,5,8,0,0,16,2403.836358207942,0.5,-5.225
16.933333333333334,13,AV,1,1,5,3,19,0,0,31,1645.9523587482854,0.2,-3.3866666666666667
20.066666666666666,115,AV,1,2,3,2,7,0,0,38,6254.49597505133,1.0,-20.066666666666666
20.8,6,AV,0,7,9,8,4,0,0,34,2035.9911412414244,0.4,-8.32
42.18333333333333,122,AV,2,0,2,1,5,0,0,48,491.8679742725259,0.2,-8.436666666666666
16.166666666666668,194,AV,1,1,5,6,1,0,0,31,2968.817229463249,0.2,-3.233333333333334
26.733333333333334,235,AV,1,2,7,8,11,0,0,47,8436.938288223368,0.2,-5.346666666666668
29.666666666666668,28,AV,1,2,4,4,1,0,0,51,7958.958807233507,0.3,-8.9
30.483333333333334,32,AV,1,2,4,4,6,0,0,52,1148.2139867956057,0.2,-6.096666666666668
31.65,82,AV,1,1,5,0,13,0,0,53,3630.005597296026,0.1,-3.165
32.65,18,AV,2,2,1,9,2,0,0,42,1496.328062426438,0.1,-3.265
13.05,299,AV,1,0,7,2,0,0,0,8,16390.717038727882,0.1,-1.3050000000000002
12.05,85,AV,1,2,4,3,4,0,0,6,3822.7735841463273,0.1,-1.205
35.016666666666666,102,AV,1,2,4,3,1,0,0,58,1421.705549214182,0.5,-17.508333333333333
22.083333333333332,5,AV,1,2,4,4,11,0,0,41,3065.2253709468137,0.1,-2.2083333333333335
30.316666666666666,204,AV,1,1,5,0,0,0,0,51,938.3100494872764,0.5,-15.158333333333333
24.416666666666668,157,AV,0,6,6,0,12,0,0,37,20239.22920549412,0.8,-19.533333333333335
36.21666666666667,71,AV,0,8,8,6,3,0,0,52,1567.0706205360798,0.1,-3.621666666666667
17.316666666666666,138,AV,0,4,1,3,2,0,0,32,3206.59631480788,0.4,-6.926666666666667
12.716666666666667,29,AV,1,1,7,6,8,0,0,21,5984.209260784091,0.3,-3.815
27.35,295,AV,2,0,1,9,7,0,0,14,727.2326469992182,0.2,-5.470000000000001
20.566666666666666,286,AV,1,0,4,5,3,0,0,40,1986.5043233563797,0.2,-4.113333333333333
24.483333333333334,55,AV,2,2,0,4,8,0,0,32,1020.7360413649084,0.3,-7.345
35.233333333333334,31,AV,2,2,0,4,6,0,0,49,5370.167679594476,0.1,-3.5233333333333334
20.35,49,AV,1,0,4,4,0,0,0,38,2612.3907844155665,0.7,-14.245
25.916666666666668,109,AV,0,9,4,2,15,0,0,39,670.158540600369,0.1,-2.591666666666667
27.966666666666665,120,AV,1,0,3,0,3,0,0,48,14505.369879802229,0.2,-5.593333333333334
22.416666666666668,69,AV,0,3,2,5,3,0,0,35,5590.116807812239,0.1,-2.2416666666666667
18.483333333333334,181,AV,1,1,5,0,6,0,0,36,985.8695826897422,1.0,-18.483333333333334
31.15,52,AV,1,0,4,6,2,0,0,52,4754.245589533712,0.3,-9.344999999999999
29.35,128,AV,1,0,4,6,3,0,0,51,4459.768546990965,0.2,-5.870000000000001
35.2,223,AV,1,1,5,0,1,0,0,57,2382.718205806423,0.1,-3.5200000000000005
27.233333333333334,228,AV,2,2,1,3,5,0,0,27,4630.913868273173,0.2,-5.446666666666667
21.95,201,AV,1,1,5,0,14,0,0,41,1141.5133047894662,0.4,-8.78
34.31666666666667,167,AV,2,2,2,6,2,0,0,47,4237.057085974603,0.3,-10.295
36.516666666666666,65,AV,1,1,5,0,2,0,0,61,3958.913906791885,0.1,-3.651666666666667
37.13333333333333,114,AV,1,2,6,1,6,0,0,63,5912.288420941998,0.3,-11.139999999999999
39.88333333333333,50,AV,2,1,0,1,4,0,0,59,4429.527615460413,0.4,-15.953333333333333
21.25,38,AV,1,1,5,0,8,0,0,39,7099.697064525982,0.1,-2.125
36.1,103,AV,2,2,0,8,3,0,0,48,2486.38103050259,0.1,-3.6100000000000003
28.916666666666668,17,AV,1,0,3,0,6,0,0,50,1317.647826688136,0.1,-2.891666666666667
40.06666666666667,191,AV,1,2,4,3,1,0,0,67,1628.9397076974285,0.4,-16.026666666666667
41.61666666666667,187,AV,1,1,7,5,1,0,0,83,658.4091024775607,0.3,-12.485
41.36666666666667,3,AV,0,6,3,6,4,0,0,55,931.9887487728153,0.2,-8.273333333333333
20.7,83,AV,1,1,4,4,3,0,0,39,1899.102970895097,0.3,-6.21
24.516666666666666,214,AV,1,2,6,1,16,0,0,44,1573.7150367511856,0.9,-22.065
18.2,188,AV,1,1,5,2,12,0,0,35,1338.7213376931895,0.4,-7.28
18.983333333333334,232,AV,1,1,4,3,2,0,0,36,2108.868816674547,0.2,-3.796666666666667
19.95,133,AV,1,1,4,4,3,0,0,38,1824.367004680513,0.1,-1.995
39.65,123,AV,1,1,5,0,13,0,0,64,676.2529471816457,0.5,-19.825
40.55,35,AV,1,1,3,0,6,0,0,76,1594.6992934726818,0.6,-24.33
26.7,264,AV,1,2,4,0,9,0,0,47,3159.4556453821087,0.1,-2.67
32.71666666666667,252,AV,1,1,4,4,0,0,0,53,7362.36439851089,0.1,-3.271666666666667
44.766666666666666,126,AV,0,3,1,2,4,0,0,63,1405.7852601227096,0.2,-8.953333333333333
16.116666666666667,147,AV,1,1,5,6,1,0,0,31,1167.011530479414,0.3,-4.835
25.75,0,AV,1,2,4,4,5,0,0,44,914.1934345695068,1.0,-25.75
16.933333333333334,155,AV,1,1,5,2,3,0,0,33,1862.7228332236152,0.3,-5.08
40.666666666666664,202,AV,1,1,7,5,4,0,0,72,1365.417472605012,0.1,-4.066666666666666
41.18333333333333,268,AV,1,1,5,0,0,0,0,73,2010.868248891871,0.1,-4.118333333333333
39.583333333333336,185,AV,2,3,0,6,1,0,0,56,548.7192496267361,0.1,-3.958333333333334
24.966666666666665,145,AV,1,1,4,4,8,0,0,44,8028.27043643778,0.6,-14.979999999999999
37.55,241,AV,1,0,4,6,3,0,0,62,4864.205776554158,0.3,-11.264999999999999
38.416666666666664,296,AV,1,2,3,2,3,0,0,64,8333.728817076937,0.3,-11.524999999999999
36.56666666666667,163,AV,1,1,9,4,8,0,0,61,10450.70686878338,0.8,-29.253333333333337
39.766666666666666,143,AV,1,2,4,3,0,0,0,69,2793.3389947689566,0.3,-11.93
39.93333333333333,93,AV,0,9,6,5,5,0,0,54,1929.5758599688188,0.6,-23.959999999999997
20.4,97,AV,2,1,2,2,6,0,0,12,1717.0377309640771,0.3,-6.119999999999999
41.56666666666667,92,AV,1,2,4,0,3,0,0,89,1117.0806745336297,1.0,-41.56666666666667
25.716666666666665,162,AV,1,2,6,1,0,0,0,46,616.3739675020589,0.6,-15.429999999999998
39.266666666666666,88,AV,1,1,5,0,0,0,0,65,854.5785374972068,0.5,-19.633333333333333
39.983333333333334,173,AV,2,0,0,9,2,0,0,49,7332.887514065835,0.1,-3.9983333333333335
35.05,178,AV,1,1,5,2,5,0,0,58,3783.636689084741,0.4,-14.02
29.316666666666666,240,AV,0,3,4,8,14,0,0,42,5004.1281918097375,0.2,-5.863333333333333
40.55,205,AV,1,1,7,5,3,0,0,70,1244.4027248274256,0.6,-24.33
14.533333333333333,226,AV,1,0,5,0,2,0,0,25,3131.512437779759,0.3,-4.359999999999999
13.6,107,AV,0,3,4,8,5,0,0,28,1997.7276787447236,0.5,-6.8
5.25,43,AV,0,8,4,9,8,0,0,0,3022.892107624705,0.3,-1.575
29.316666666666666,238,AV,1,1,5,0,0,0,0,50,4669.869929992837,0.2,-5.863333333333333
13.083333333333334,124,AV,1,2,4,4,3,0,0,17,6783.106781750961,0.4,-5.233333333333334
18.616666666666667,259,AV,1,1,4,3,1,0,0,36,19040.472291926453,0.3,-5.585
21.15,176,AV,1,2,5,0,3,0,0,40,2813.5576138103806,0.1,-2.1149999999999998
35.766666666666666,287,AV,1,1,5,0,1,0,0,60,583.3206434887895,0.1,-3.5766666666666667
