travel_time,id,kind,action,origin,destination,start_time,income,urgency,reward,observation,cost_table
73.11666666666666,43,AV,0,0,0,72,968.7072844723906,0.1,-1.1408577413687588,"0.6952003367003367,0.2999970238095238,0.3296124031007752,0.1,0.72,0.04658745492005087","0,0,0"
23.5,278,AV,2,0,0,51,8436.938288223368,0.1,-0.33499999999999996,"0.41190214067278286,0.19716101694915258,0.2302979351032449,0.1,0.51,0.4057525822983113","0,0,0"
21.033333333333335,86,AV,2,0,0,46,1592.2311391495805,0.2,-0.4103333333333333,"0.2926920289855073,0.1588621103117506,0.19185015290519875,0.2,0.46,0.07657421143254188","0,0,0"
20.733333333333334,168,AV,1,0,0,51,2964.6777926145683,0.1,-0.30733333333333335,"0.41190214067278286,0.19716101694915258,0.2302979351032449,0.1,0.51,0.14257846021167567","0,0,0"
15.866666666666667,89,AV,2,0,0,40,1653.1781197118603,0.1,-0.2586666666666667,"0.18739197530864196,0.12371980676328503,0.15211879432624117,0.1,0.4,0.07950529779368645","0,0,0"
24.766666666666666,22,AV,2,0,0,53,753.5670156580491,0.6,-0.8476666666666666,"0.4483666666666666,0.20751515151515157,0.24157142857142858,0.6,0.53,0.03624084378629158","0,0,0"
22.183333333333334,123,AV,1,0,0,53,2193.4249838744518,0.1,-0.3218333333333333,"0.4483666666666666,0.20751515151515157,0.24157142857142858,0.1,0.53,0.10548706425018813","0,0,0"
26.333333333333332,247,AV,1,0,0,63,5354.15698790508,0.4,-0.6633333333333333,"0.626359375,0.27084974747474744,0.3020029761904762,0.4,0.63,0.2574942413535784","0,0,0"
25.683333333333334,255,AV,0,0,0,43,5807.233742044462,0.7,-1.0084930414363489,"0.22525566343042067,0.1368531746031746,0.1714249249249249,0.7,0.43,0.27928378830664774","0,0,0"
21.75,73,AV,2,0,0,49,1446.9812594843625,0.1,-0.3175,"0.36127370030581046,0.18158838383838383,0.21304713804713804,0.1,0.49,0.06958879661269593","0,0,0"
14.95,84,AV,2,0,0,36,1581.438059619256,0.5,-0.6495,"0.1442405498281787,0.11296491228070174,0.1451348484848485,0.5,0.36,0.07605514637116847","0,0,0"
48.7,47,AV,0,0,0,53,1025.7249596144625,0.2,-0.9794760650386831,"0.4483666666666666,0.20751515151515157,0.24157142857142858,0.2,0.53,0.049329571566540366","0,0,0"
36.75,244,AV,2,0,0,87,5051.78348307234,0.3,-0.6675,"0.7760699999999998,0.3217415458937198,0.3508856209150326,0.3,0.87,0.24295237483598997","0,0,0"
29.333333333333332,297,AV,1,0,0,67,17693.100214811147,0.1,-0.3933333333333333,"0.6580442176870749,0.2827257217847769,0.3135666666666667,0.1,0.67,0.8509035927219247","0,0,0"
79.95,125,AV,0,0,0,76,2239.257430619588,0.1,-1.0334729840338153,"0.7372412698412698,0.3089119241192412,0.33982886904761905,0.1,0.76,0.10769125645648253","0,0,0"
25.966666666666665,80,AV,0,0,0,44,1526.0895405694364,0.5,-0.9562475303871923,"0.24536477987421373,0.1417387005649718,0.17741235632183905,0.5,0.44,0.07339330344146505","0,0,0"
18.133333333333333,267,AV,1,0,0,48,7081.334819999852,0.2,-0.3813333333333333,"0.3311929824561403,0.17288461538461541,0.2045017361111111,0.2,0.48,0.34055836266392014","0,0,0"
6.533333333333333,78,AV,0,0,0,25,1496.328062426438,0.3,-0.5658241264509345,"0.0696,0.0848993399339934,0.12035964912280703,0.3,0.25,0.0719620026310286","0,0,0"
26.233333333333334,151,AV,2,0,0,55,2744.8905386527767,0.3,-0.5623333333333334,"0.4910851063829788,0.2293210382513661,0.26548790322580645,0.3,0.55,0.13200836442518263","0,0,0"
45.233333333333334,282,AV,0,0,0,51,9030.678864893336,0.7,-1.1855534272474517,"0.41190214067278286,0.19716101694915258,0.2302979351032449,0.7,0.51,0.4343069895926497","0,0,0"
14.283333333333333,137,AV,1,0,0,42,2446.4664131825853,0.1,-0.24283333333333335,"0.2083977987421384,0.13034814814814816,0.16451851851851854,0.1,0.42,0.11765643302624577","0,0,0"
10.516666666666667,288,AV,1,0,0,30,11515.391842589095,0.5,-0.6051666666666666,"0.10229473684210527,0.09619312169312169,0.12869887955182072,0.5,0.3,0.5538027915682833","0,0,0"
13.616666666666667,145,AV,0,0,0,36,2563.744074524839,0.1,-0.3531830268334285,"0.1442405498281787,0.11296491228070174,0.1451348484848485,0.1,0.36,0.1232965968285517","0,0,0"
29.716666666666665,140,AV,1,0,0,69,2478.182963693478,0.1,-0.39716666666666667,"0.6631296296296297,0.28865311653116527,0.3187598870056497,0.1,0.69,0.1191817579523926","0,0,0"
27.333333333333332,41,AV,1,0,0,62,938.3100494872764,0.2,-0.47333333333333333,"0.6196462585034014,0.2685714285714285,0.29868042813455653,0.2,0.62,0.04512557903941836","0,0,0"
22.466666666666665,218,AV,1,0,0,53,4164.701887555128,0.9,-1.1246666666666667,"0.4483666666666666,0.20751515151515157,0.24157142857142858,0.9,0.53,0.2002904949224166","0,0,0"
86.66666666666667,93,AV,0,0,0,99,1682.490559712908,0.4,-1.4449737592492191,"0.7866518151815182,0.32461070559610705,0.3546993464052288,0.4,0.99,0.08091500328370894","0,0,0"
25.966666666666665,156,AV,2,0,0,54,2797.307504072895,0.2,-0.45966666666666667,"0.47478114478114475,0.22021982758620687,0.2565573333333333,0.2,0.54,0.13452922191505445","0,0,0"
32.86666666666667,15,AV,2,0,0,69,639.9143284368583,0.2,-0.5286666666666666,"0.6631296296296297,0.28865311653116527,0.3187598870056497,0.2,0.69,0.030775013677102628","0,0,0"
16.0,239,AV,1,0,0,45,4924.983441788647,0.5,-0.66,"0.2727843137254902,0.15255216284987277,0.18496728971962617,0.5,0.45,0.2368542569609065","0,0,0"
18.0,23,AV,1,0,0,47,753.7709081553346,0.3,-0.48,"0.3116358695652174,0.16698134328358216,0.20005847953216374,0.3,0.47,0.036250649465136044","0,0,0"
19.333333333333332,256,AV,1,0,0,50,5849.7981009167725,0.1,-0.29333333333333333,"0.3808688271604938,0.18710206718346256,0.21829773462783172,0.1,0.5,0.28133081033481866","0,0,0"
12.566666666666666,298,AV,1,0,0,38,19040.472291926453,0.1,-0.22566666666666668,"0.16492592592592595,0.11833838383838381,0.14822324159021408,0.1,0.38,0.91570194503052","0,0,0"
28.0,70,AV,2,0,0,54,1391.0507319816634,0.6,-0.88,"0.47478114478114475,0.22021982758620687,0.2565573333333333,0.6,0.54,0.06689896350164852","0,0,0"
34.86666666666667,116,AV,2,0,0,80,2078.9202215407213,0.5,-0.8486666666666667,"0.7512616666666666,0.3153137254901961,0.34617467948717945,0.5,0.8,0.09998025580674873","0,0,0"
19.533333333333335,249,AV,2,0,0,43,5480.041794665195,0.3,-0.49533333333333335,"0.22525566343042067,0.1368531746031746,0.1714249249249249,0.3,0.43,0.26354834340696637","0,0,0"
31.033333333333335,107,AV,0,0,0,46,1945.516475481125,0.2,-0.6645340321096365,"0.2926920289855073,0.1588621103117506,0.19185015290519875,0.2,0.46,0.09356454994251304","0,0,0"
34.15,34,AV,2,0,0,76,877.2934597877683,0.5,-0.8414999999999999,"0.7372412698412698,0.3089119241192412,0.33982886904761905,0.5,0.76,0.04219114500803879","0,0,0"
69.55,9,AV,0,0,0,65,572.7967315704935,0.4,-1.619246005284388,"0.6524330065359477,0.28028933333333333,0.3130648967551623,0.4,0.65,0.027547167589358008","0,0,0"
60.9,4,AV,0,0,0,60,513.3463032142733,0.2,-1.3934008189434228,"0.5596342182890853,0.2518111888111888,0.2851884920634921,0.2,0.6,0.024688054010448962","0,0,0"
24.35,72,AV,1,0,0,56,1434.4967426379471,0.9,-1.1435,"0.49694270833333326,0.233023631840796,0.2669863636363637,0.9,0.56,0.06898838627708276","0,0,0"
16.65,88,AV,1,0,0,47,1645.9523587482854,0.1,-0.26649999999999996,"0.3116358695652174,0.16698134328358216,0.20005847953216374,0.1,0.47,0.07915779363164543","0,0,0"
32.166666666666664,236,AV,1,0,0,82,4717.175795221327,0.4,-0.7216666666666667,"0.7499914089347081,0.3159047619047619,0.34532878787878785,0.4,0.82,0.2268602892044136","0,0,0"
35.416666666666664,182,AV,2,0,0,70,3225.188153267811,0.3,-0.6541666666666666,"0.681579861111111,0.29326785714285714,0.32330176767676766,0.3,0.7,0.15510702779620594","0,0,0"
20.6,129,AV,0,0,0,41,2335.4036410281064,0.1,-0.4344574515212848,"0.19086818181818185,0.1245347721822542,0.1539725274725275,0.1,0.41,0.1123151581396212","0,0,0"
12.6,27,AV,1,0,0,39,832.3173438658397,0.4,-0.526,"0.17866831683168313,0.12179016786570744,0.150295,0.4,0.39,0.0400281358033201","0,0,0"
32.233333333333334,138,AV,2,0,0,67,2472.005569054355,0.1,-0.42233333333333334,"0.6580442176870749,0.2827257217847769,0.3135666666666667,0.1,0.67,0.11888467223941558","0,0,0"
22.533333333333335,199,AV,1,0,0,53,3456.1529418207683,0.1,-0.32533333333333336,"0.4483666666666666,0.20751515151515157,0.24157142857142858,0.1,0.53,0.1662146780093356","0,0,0"
50.31666666666667,279,AV,0,0,0,54,8795.495569618428,0.2,-0.7372750347086297,"0.47478114478114475,0.22021982758620687,0.2565573333333333,0.2,0.54,0.42299646128116253","0,0,0"
78.33333333333333,215,AV,0,0,0,75,4061.843573313689,0.6,-1.4571914213136288,"0.7304848484848485,0.3072097222222222,0.3378374655647383,0.6,0.75,0.19534379207968386","0,0,0"
21.7,258,AV,1,0,0,52,5913.041300376779,0.4,-0.617,"0.43999676375404534,0.20425431034482763,0.23780027548209362,0.4,0.52,0.2843723273658871","0,0,0"
29.366666666666667,257,AV,2,0,0,58,5862.871835726062,0.9,-1.1936666666666667,"0.5349916666666669,0.24126071428571427,0.2740883333333333,0.9,0.58,0.2819595575743898","0,0,0"
25.933333333333334,169,AV,1,0,0,61,2965.4163440895786,0.8,-1.0593333333333335,"0.5916750841750842,0.26194212962962965,0.2950756013745704,0.8,0.61,0.14261397892212588","0,0,0"
32.25,250,AV,2,0,0,69,5487.970610754926,0.4,-0.7225,"0.6631296296296297,0.28865311653116527,0.3187598870056497,0.4,0.69,0.2639296591749704","0,0,0"
15.466666666666667,28,AV,1,0,0,44,844.3352662229099,0.7,-0.8546666666666667,"0.24536477987421373,0.1417387005649718,0.17741235632183905,0.7,0.44,0.04060610649169747","0,0,0"
11.066666666666666,162,AV,2,0,0,24,2857.8751728516777,0.1,-0.21066666666666667,"0.06496491228070177,0.08382738095238096,0.11903551912568304,0.1,0.24,0.13744206626346972","0,0,0"
31.95,55,AV,2,0,0,68,1117.0806745336297,0.8,-1.1195,"0.6654466666666667,0.2883265582655826,0.3190099715099715,0.8,0.68,0.05372308684066549","0,0,0"
11.783333333333333,246,AV,2,0,0,20,5158.4050556257225,0.1,-0.21783333333333332,"0.06015625,0.081490990990991,0.11787745098039216,0.1,0.2,0.24808006178999184","0,0,0"
11.95,97,AV,1,0,0,36,1778.835052690156,0.1,-0.2195,"0.1442405498281787,0.11296491228070174,0.1451348484848485,0.1,0.36,0.08554844085078303","0,0,0"
16.45,20,AV,1,0,0,45,742.4887258523852,0.6,-0.7645,"0.2727843137254902,0.15255216284987277,0.18496728971962617,0.6,0.45,0.035708062279240435","0,0,0"
17.116666666666667,252,AV,0,0,0,38,5578.433439706214,0.3,-0.5249452056135793,"0.16492592592592595,0.11833838383838381,0.14822324159021408,0.3,0.38,0.2682802334230043","0,0,0"
74.81666666666666,53,AV,0,0,0,72,1100.389953660579,0.4,-1.4207972909303779,"0.6952003367003367,0.2999970238095238,0.3296124031007752,0.4,0.72,0.052920390072797266","0,0,0"
39.81666666666667,294,AV,0,0,0,50,14297.77376075636,0.6,-1.0191489541905763,"0.3808688271604938,0.18710206718346256,0.21829773462783172,0.6,0.5,0.6876142062863859","0,0,0"
15.05,133,AV,1,0,0,43,2392.7441380289174,0.2,-0.35050000000000003,"0.22525566343042067,0.1368531746031746,0.1714249249249249,0.2,0.43,0.1150728000629743","0,0,0"
35.36666666666667,7,AV,2,0,0,76,567.550811201735,0.2,-0.5536666666666668,"0.7372412698412698,0.3089119241192412,0.33982886904761905,0.2,0.76,0.027294878706419726","0,0,0"
16.533333333333335,273,AV,2,0,0,34,7958.958807233507,0.1,-0.26533333333333337,"0.12516666666666668,0.10735353535353537,0.14043851132686086,0.1,0.34,0.38276540352897576","0,0,0"
22.816666666666666,112,AV,2,0,0,48,2034.664800296876,0.4,-0.6281666666666667,"0.3311929824561403,0.17288461538461541,0.2045017361111111,0.4,0.48,0.09785190653632031","0,0,0"
23.466666666666665,2,AV,2,0,0,50,437.8567856598078,0.6,-0.8346666666666667,"0.3808688271604938,0.18710206718346256,0.21829773462783172,0.6,0.5,0.021057582192617507","0,0,0"
29.666666666666668,52,AV,1,0,0,67,1089.3140785512585,0.4,-0.6966666666666668,"0.6580442176870749,0.2827257217847769,0.3135666666666667,0.4,0.67,0.052387724694280345","0,0,0"
35.3,38,AV,2,0,0,78,905.8209551718018,0.1,-0.45299999999999996,"0.750164983164983,0.3145097323600973,0.345775641025641,0.1,0.78,0.04356310063022602","0,0,0"
27.466666666666665,30,AV,0,0,0,44,850.3216016091212,0.1,-0.7274743566421885,"0.24536477987421373,0.1417387005649718,0.17741235632183905,0.1,0.44,0.04089400370730819","0,0,0"
20.666666666666668,3,AV,2,0,0,47,449.0833195935783,0.2,-0.4066666666666667,"0.3116358695652174,0.16698134328358216,0.20005847953216374,0.2,0.47,0.021597493115072083","0,0,0"
62.733333333333334,99,AV,0,0,0,60,1797.659883656486,0.3,-1.0942169595005882,"0.5596342182890853,0.2518111888111888,0.2851884920634921,0.3,0.6,0.08645377208765831","0,0,0"
28.616666666666667,254,AV,1,0,0,62,5702.891177591027,0.1,-0.38616666666666666,"0.6196462585034014,0.2685714285714285,0.29868042813455653,0.1,0.62,0.27426570431405706","0,0,0"
30.45,132,AV,1,0,0,71,2352.9451803313505,0.2,-0.5045,"0.6905166666666667,0.29689085545722715,0.32661548556430453,0.2,0.71,0.11315877280487406","0,0,0"
17.766666666666666,98,AV,2,0,0,45,1782.711710770346,0.2,-0.3776666666666667,"0.2727843137254902,0.15255216284987277,0.18496728971962617,0.2,0.45,0.08573487862868172","0,0,0"
35.45,111,AV,2,0,0,74,2022.4315636845977,0.5,-0.8545,"0.7182326388888889,0.30413276836158193,0.3338399470899471,0.5,0.74,0.09726358086938654","0,0,0"
9.533333333333333,241,AV,1,0,0,27,4950.268578812107,0.2,-0.29533333333333334,"0.0763846153846154,0.08732231404958676,0.12143478260869565,0.2,0.27,0.238070279798878","0,0,0"
17.25,131,AV,2,0,0,39,2347.541384251396,0.1,-0.27249999999999996,"0.17866831683168313,0.12179016786570744,0.150295,0.1,0.39,0.11289889130061848","0,0,0"
23.95,46,AV,1,0,0,53,985.8695826897422,0.2,-0.4395,"0.4483666666666666,0.20751515151515157,0.24157142857142858,0.2,0.53,0.04741283097259167","0,0,0"
66.16666666666667,225,AV,0,0,0,61,4549.070920567666,0.3,-1.0276141986437157,"0.5916750841750842,0.26194212962962965,0.2950756013745704,0.3,0.61,0.21877572290115335","0,0,0"
32.016666666666666,204,AV,1,0,0,76,3742.7752140142647,0.3,-0.6201666666666666,"0.7372412698412698,0.3089119241192412,0.33982886904761905,0.3,0.76,0.17999902999980277","0,0,0"
12.066666666666666,64,AV,1,0,0,36,1261.43865123121,0.1,-0.22066666666666668,"0.1442405498281787,0.11296491228070174,0.1451348484848485,0.1,0.36,0.060665607909257666","0,0,0"
8.6,164,AV,1,0,0,16,2927.9701715656583,0.3,-0.386,"0.05506666666666666,0.07966666666666666,0.11490384615384615,0.3,0.16,0.14081310274172557","0,0,0"
13.616666666666667,210,AV,0,0,0,35,3866.930621896856,0.2,-0.41374757755791,"0.13245876288659797,0.10906892230576441,0.14128939393939394,0.2,0.35,0.18596996111648273","0,0,0"
14.35,285,AV,2,0,0,38,9884.322174397852,0.4,-0.5435,"0.16492592592592595,0.11833838383838381,0.14822324159021408,0.4,0.38,0.47536074219347274","0,0,0"
22.55,266,AV,2,0,0,46,6995.337061486569,0.1,-0.3255,"0.2926920289855073,0.1588621103117506,0.19185015290519875,0.1,0.46,0.3364225243542649","0,0,0"
15.566666666666666,37,AV,1,0,0,44,904.859336063587,0.2,-0.3556666666666667,"0.24536477987421373,0.1417387005649718,0.17741235632183905,0.2,0.44,0.043516854062689764","0,0,0"
67.73333333333333,248,AV,0,0,0,64,5434.023139443809,0.1,-0.8325410481887224,"0.6345561056105611,0.2734363143631436,0.30496695402298846,0.1,0.64,0.26133519598878074","0,0,0"
15.866666666666667,165,AV,1,0,0,44,2942.323800284961,0.2,-0.3586666666666667,"0.24536477987421373,0.1417387005649718,0.17741235632183905,0.2,0.44,0.1415034031468308","0,0,0"
17.083333333333332,286,AV,0,0,0,38,10721.15711953896,0.1,-0.2988153875701153,"0.16492592592592595,0.11833838383838381,0.14822324159021408,0.1,0.38,0.5156061402690313","0,0,0"
62.583333333333336,155,AV,0,0,0,60,2767.495209174315,0.3,-1.0342346049978668,"0.5596342182890853,0.2518111888111888,0.2851884920634921,0.3,0.6,0.13309547720505432","0,0,0"
22.666666666666668,144,AV,1,0,0,53,2533.2754137277425,0.2,-0.4266666666666667,"0.4483666666666666,0.20751515151515157,0.24157142857142858,0.2,0.53,0.12183128590944142","0,0,0"
71.31666666666666,108,AV,0,0,0,70,1963.0347272178835,0.7,-1.565991268208574,"0.681579861111111,0.29326785714285714,0.32330176767676766,0.7,0.7,0.09440704465288248","0,0,0"
17.566666666666666,142,AV,2,0,0,44,2520.757475212996,0.7,-0.8756666666666666,"0.24536477987421373,0.1417387005649718,0.17741235632183905,0.7,0.44,0.12122926824569963","0,0,0"
10.716666666666667,44,AV,1,0,0,31,978.4447105201264,0.4,-0.5071666666666667,"0.10842631578947368,0.0993467741935484,0.13035812672176308,0.4,0.31,0.04705575107546101","0,0,0"
29.716666666666665,45,AV,2,0,0,60,979.5720138781878,0.2,-0.49716666666666665,"0.5596342182890853,0.2518111888111888,0.2851884920634921,0.2,0.6,0.04710996579565228","0,0,0"
31.033333333333335,128,AV,2,0,0,61,2280.385817754286,0.4,-0.7103333333333334,"0.5916750841750842,0.26194212962962965,0.2950756013745704,0.4,0.61,0.10966921916233309","0,0,0"
76.58333333333333,110,AV,0,0,0,74,2015.5588757501516,0.3,-1.21467542552394,"0.7182326388888889,0.30413276836158193,0.3338399470899471,0.3,0.74,0.09693305683549329","0,0,0"
10.366666666666667,92,AV,0,0,0,28,1664.0464513081895,0.2,-0.4839500955121506,"0.09146527777777778,0.09132545931758532,0.12477207977207978,0.2,0.28,0.08002798190726358","0,0,0"
68.13333333333334,268,AV,0,0,0,64,7177.938863287724,0.9,-1.6231280610001262,"0.6345561056105611,0.2734363143631436,0.30496695402298846,0.9,0.64,0.345204282627472","0,0,0"
28.716666666666665,135,AV,2,0,0,60,2417.357356239525,0.1,-0.38716666666666666,"0.5596342182890853,0.2518111888111888,0.2851884920634921,0.1,0.6,0.11625650871491097","0,0,0"
64.48333333333333,104,AV,0,0,0,60,1900.764377468582,0.1,-0.9026645740468914,"0.5596342182890853,0.2518111888111888,0.2851884920634921,0.1,0.6,0.09141231429593938","0,0,0"
46.65,299,AV,0,0,0,52,20793.30768626012,0.3,-0.7809277189818258,"0.43999676375404534,0.20425431034482763,0.23780027548209362,0.3,0.52,1.0","0,0,0"
48.583333333333336,191,AV,0,0,0,53,3301.717979419838,0.1,-0.6766951216114208,"0.4483666666666666,0.20751515151515157,0.24157142857142858,0.1,0.53,0.15878753054770403","0,0,0"
38.166666666666664,192,AV,0,0,0,49,3352.9358316496982,0.6,-1.0711404935046813,"0.36127370030581046,0.18158838383838383,0.21304713804713804,0.6,0.49,0.16125071981045438","0,0,0"
51.983333333333334,147,AV,0,0,0,54,2587.8859091729414,0.1,-0.7357580728810195,"0.47478114478114475,0.22021982758620687,0.2565573333333333,0.1,0.54,0.12445763551524679","0,0,0"
27.433333333333334,1,AV,2,0,0,57,419.7646265090227,0.3,-0.5743333333333334,"0.5098481481481482,0.23625117370892024,0.269983024691358,0.3,0.57,0.02018748689927752","0,0,0"
14.0,54,AV,2,0,0,30,1104.4445206976068,0.3,-0.44,"0.10229473684210527,0.09619312169312169,0.12869887955182072,0.3,0.3,0.05311538391880796","0,0,0"
27.433333333333334,35,AV,2,0,0,54,877.6907461205365,0.9,-1.1743333333333332,"0.47478114478114475,0.22021982758620687,0.2565573333333333,0.9,0.54,0.04221025145992046","0,0,0"
80.08333333333333,174,AV,0,0,0,76,3032.1279287666234,0.1,-0.9997737497827246,"0.7372412698412698,0.3089119241192412,0.33982886904761905,0.1,0.76,0.1458222989106348","0,0,0"
20.266666666666666,5,AV,2,0,0,48,522.2875039790788,0.1,-0.30266666666666664,"0.3311929824561403,0.17288461538461541,0.2045017361111111,0.1,0.48,0.025118057783764625","0,0,0"
13.716666666666667,69,AV,0,0,0,36,1373.5659577718477,0.9,-1.2555762729200497,"0.1442405498281787,0.11296491228070174,0.1451348484848485,0.9,0.36,0.0660580788057822","0,0,0"
21.533333333333335,102,AV,2,0,0,48,1869.7531794209297,0.1,-0.31533333333333335,"0.3311929824561403,0.17288461538461541,0.2045017361111111,0.1,0.48,0.0899209114602018","0,0,0"
69.36666666666666,189,AV,0,0,0,65,3278.222126324269,0.2,-0.985179684528082,"0.6524330065359477,0.28028933333333333,0.3130648967551623,0.2,0.65,0.1576575586620336","0,0,0"
86.75,209,AV,0,0,0,86,3863.855435177377,0.5,-1.445142656417405,"0.7712966666666666,0.32141726618705035,0.3509141914191419,0.5,0.86,0.18582206801713178","0,0,0"
33.95,281,AV,2,0,0,73,8987.033628468456,0.2,-0.5395000000000001,"0.7158814432989691,0.3040381355932204,0.33407466666666663,0.2,0.73,0.432207985572538","0,0,0"
27.45,223,AV,1,0,0,62,4446.537177105173,0.1,-0.37449999999999994,"0.6196462585034014,0.2685714285714285,0.29868042813455653,0.1,0.62,0.21384462944504845","0,0,0"
14.5,176,AV,1,0,0,42,3064.640983136323,0.9,-1.045,"0.2083977987421384,0.13034814814814816,0.16451851851851854,0.9,0.42,0.14738592961625765","0,0,0"
32.016666666666666,293,AV,2,0,0,61,13460.811009378149,0.5,-0.8201666666666667,"0.5916750841750842,0.26194212962962965,0.2950756013745704,0.5,0.61,0.6473626617025839","0,0,0"
13.816666666666666,275,AV,2,0,0,31,8029.700924090037,0.2,-0.33816666666666667,"0.10842631578947368,0.0993467741935484,0.13035812672176308,0.2,0.31,0.386167561469594","0,0,0"
28.933333333333334,173,AV,1,0,0,65,3024.224513765153,0.7,-0.9893333333333333,"0.6524330065359477,0.28028933333333333,0.3130648967551623,0.7,0.65,0.1454422047418416","0,0,0"
8.316666666666666,296,AV,1,0,0,0,17322.90883950548,0.1,-0.18316666666666667,"0.0,0.0,0.0,0.1,0.0,0.833100202280572","0,0,0"
25.65,31,AV,2,0,0,52,859.2772315809713,0.2,-0.4565,"0.43999676375404534,0.20425431034482763,0.23780027548209362,0.2,0.52,0.041324701415771756","0,0,0"
24.133333333333333,48,AV,1,0,0,54,1040.734547163155,0.2,-0.44133333333333336,"0.47478114478114475,0.22021982758620687,0.2565573333333333,0.2,0.54,0.05005141860382586","0,0,0"
22.466666666666665,75,AV,2,0,0,50,1460.106853854364,0.1,-0.32466666666666666,"0.3808688271604938,0.18710206718346256,0.21829773462783172,0.1,0.5,0.07022003790282866","0,0,0"
57.5,263,AV,0,0,0,58,6709.13861087917,0.4,-1.0197151292288904,"0.5349916666666669,0.24126071428571427,0.2740883333333333,0.4,0.58,0.32265855495960655","0,0,0"
19.933333333333334,200,AV,2,0,0,46,3508.846318545673,0.6,-0.7993333333333333,"0.2926920289855073,0.1588621103117506,0.19185015290519875,0.6,0.46,0.1687488287813036","0,0,0"
20.116666666666667,81,AV,1,0,0,50,1530.0661682302475,0.3,-0.5011666666666666,"0.3808688271604938,0.18710206718346256,0.21829773462783172,0.3,0.5,0.07358454899608351","0,0,0"
31.7,202,AV,2,0,0,61,3583.4963710051925,0.2,-0.517,"0.5916750841750842,0.26194212962962965,0.2950756013745704,0.2,0.61,0.17233892871085194","0,0,0"
30.15,150,AV,2,0,0,60,2722.266725979925,0.3,-0.6014999999999999,"0.5596342182890853,0.2518111888111888,0.2851884920634921,0.3,0.6,0.13092033105337805","0,0,0"
36.733333333333334,240,AV,2,0,0,85,4934.883137056144,0.3,-0.6673333333333333,"0.7662677304964539,0.31906354916067153,0.34930841121495326,0.3,0.85,0.23733035703199037","0,0,0"
27.7,146,AV,0,0,0,44,2574.4307659940623,0.1,-0.49353061483056093,"0.24536477987421373,0.1417387005649718,0.17741235632183905,0.1,0.44,0.12381054543309646","0,0,0"
29.066666666666666,115,AV,2,0,0,55,2052.607856914241,0.1,-0.3906666666666667,"0.4910851063829788,0.2293210382513661,0.26548790322580645,0.1,0.55,0.09871483113148809","0,0,0"
11.216666666666667,21,AV,1,0,0,30,743.7818724069466,0.9,-1.0121666666666667,"0.10229473684210527,0.09619312169312169,0.12869887955182072,0.9,0.3,0.035770252796212196","0,0,0"
16.483333333333334,0,AV,1,0,0,45,417.8295094645922,0.1,-0.26483333333333337,"0.2727843137254902,0.15255216284987277,0.18496728971962617,0.1,0.45,0.02009442248289757","0,0,0"
28.316666666666666,100,AV,2,0,0,60,1830.3424648913517,0.1,-0.38316666666666666,"0.5596342182890853,0.2518111888111888,0.2851884920634921,0.1,0.6,0.08802555574651609","0,0,0"
18.633333333333333,160,AV,0,0,0,38,2857.6088215719105,0.4,-0.6913162119328529,"0.16492592592592595,0.11833838383838381,0.14822324159021408,0.4,0.38,0.13742925679208662","0,0,0"
19.366666666666667,229,AV,1,0,0,49,4617.971391102537,0.2,-0.3936666666666667,"0.36127370030581046,0.18158838383838383,0.21304713804713804,0.2,0.49,0.22208931165646234","0,0,0"
29.933333333333334,193,AV,2,0,0,60,3361.758609282253,0.1,-0.3993333333333333,"0.5596342182890853,0.2518111888111888,0.2851884920634921,0.1,0.6,0.16167502833152653","0,0,0"
10.35,265,AV,1,0,0,28,6947.27484286379,0.3,-0.40349999999999997,"0.09146527777777778,0.09132545931758532,0.12477207977207978,0.3,0.28,0.3341110970744898","0,0,0"
31.15,161,AV,0,0,0,45,2857.712092786687,0.2,-0.6164790847570849,"0.2727843137254902,0.15255216284987277,0.18496728971962617,0.2,0.45,0.13743422335230565","0,0,0"
43.21666666666667,87,AV,0,0,0,51,1628.9397076974285,0.2,-0.816335545712572,"0.41190214067278286,0.19716101694915258,0.2302979351032449,0.2,0.51,0.07833961446998668","0,0,0"
19.816666666666666,67,AV,2,0,0,46,1323.5149786113286,0.1,-0.2981666666666667,"0.2926920289855073,0.1588621103117506,0.19185015290519875,0.1,0.46,0.06365100726547157","0,0,0"
34.4,33,AV,2,0,0,71,870.7377108213431,0.4,-0.744,"0.6905166666666667,0.29689085545722715,0.32661548556430453,0.4,0.71,0.04187586332869553","0,0,0"
14.466666666666667,207,AV,1,0,0,41,3822.7735841463273,0.6,-0.7446666666666666,"0.19086818181818185,0.1245347721822542,0.1539725274725275,0.6,0.41,0.18384634334403438","0,0,0"
24.066666666666666,68,AV,1,0,0,56,1365.417472605012,0.6,-0.8406666666666667,"0.49694270833333326,0.233023631840796,0.2669863636363637,0.6,0.56,0.06566619862539994","0,0,0"
83.36666666666666,49,AV,0,0,0,82,1059.8377785859489,0.3,-1.416728854165082,"0.7499914089347081,0.3159047619047619,0.34532878787878785,0.3,0.82,0.05097013878586871","0,0,0"
33.9,179,AV,1,0,0,87,3159.4556453821087,0.1,-0.43899999999999995,"0.7760699999999998,0.3217415458937198,0.3508856209150326,0.1,0.87,0.15194579395705407","0,0,0"
11.8,198,AV,1,0,0,35,3427.0421228311798,0.5,-0.618,"0.13245876288659797,0.10906892230576441,0.14128939393939394,0.5,0.35,0.16481466895696031","0,0,0"
8.433333333333334,8,AV,0,0,0,25,571.0932451196882,0.1,-0.7096415952742128,"0.0696,0.0848993399339934,0.12035964912280703,0.1,0.25,0.027465242843352784","0,0,0"
11.216666666666667,177,AV,1,0,0,33,3097.4575811220984,0.9,-1.0121666666666667,"0.12045454545454543,0.10545989974937342,0.13565895061728395,0.9,0.33,0.14896415846185204","0,0,0"
23.816666666666666,234,AV,0,0,0,42,4705.31956239884,0.1,-0.4019242916316872,"0.2083977987421384,0.13034814814814816,0.16451851851851854,0.1,0.42,0.2262900945532605","0,0,0"
54.016666666666666,154,AV,0,0,0,55,2758.442965787371,0.1,-0.7489236733261709,"0.4910851063829788,0.2293210382513661,0.26548790322580645,0.1,0.55,0.13266013312591463","0,0,0"
76.51666666666667,194,AV,0,0,0,74,3368.9508766880413,0.3,-1.15421516009407,"0.7182326388888889,0.30413276836158193,0.3338399470899471,0.3,0.74,0.16202092170810273","0,0,0"
12.866666666666667,50,AV,2,0,0,27,1062.4074567339185,0.6,-0.7286666666666667,"0.0763846153846154,0.08732231404958676,0.12143478260869565,0.6,0.27,0.05109372076651086","0,0,0"
34.96666666666667,178,AV,2,0,0,67,3158.0604616132755,0.1,-0.44966666666666666,"0.6580442176870749,0.2827257217847769,0.3135666666666667,0.1,0.67,0.15187869622590497","0,0,0"
29.25,188,AV,1,0,0,67,3269.866339895674,0.2,-0.4925,"0.6580442176870749,0.2827257217847769,0.3135666666666667,0.2,0.67,0.15725570886715387","0,0,0"
34.05,195,AV,2,0,0,80,3387.2787239910285,0.8,-1.1405,"0.7512616666666666,0.3153137254901961,0.34617467948717945,0.8,0.8,0.16290235180953377","0,0,0"
21.85,14,AV,2,0,0,46,627.4062491148882,0.2,-0.41850000000000004,"0.2926920289855073,0.1588621103117506,0.19185015290519875,0.2,0.46,0.03017347016557005","0,0,0"
73.18333333333334,65,AV,0,0,0,70,1267.69032506861,0.3,-1.2684841888833773,"0.681579861111111,0.29326785714285714,0.32330176767676766,0.3,0.7,0.0609662658868978","0,0,0"
46.766666666666666,197,AV,0,0,0,52,3414.9419898187493,0.9,-1.4555158895508078,"0.43999676375404534,0.20425431034482763,0.23780027548209362,0.9,0.52,0.1642327445611401","0,0,0"
13.35,233,AV,2,0,0,34,4689.4303597647895,0.2,-0.3335,"0.12516666666666668,0.10735353535353537,0.14043851132686086,0.2,0.34,0.22552594471842924","0,0,0"
22.266666666666666,139,AV,2,0,0,46,2476.7673195544394,0.1,-0.32266666666666666,"0.2926920289855073,0.1588621103117506,0.19185015290519875,0.1,0.46,0.11911367623300487","0,0,0"
29.35,159,AV,0,0,0,44,2835.850686157305,0.2,-0.5992883623649143,"0.24536477987421373,0.1417387005649718,0.17741235632183905,0.2,0.44,0.13638285591431848","0,0,0"
16.783333333333335,118,AV,1,0,0,45,2108.868816674547,0.1,-0.26783333333333337,"0.2727843137254902,0.15255216284987277,0.18496728971962617,0.1,0.45,0.10142055552171977","0,0,0"
11.65,39,AV,2,0,0,25,913.5589076746268,0.8,-0.9165000000000001,"0.0696,0.0848993399339934,0.12035964912280703,0.8,0.25,0.04393523731091094","0,0,0"
14.6,238,AV,2,0,0,33,4889.272753955773,0.3,-0.44599999999999995,"0.12045454545454543,0.10545989974937342,0.13565895061728395,0.3,0.33,0.2351368443985718","0,0,0"
11.933333333333334,85,AV,2,0,0,27,1587.6148581174584,0.4,-0.5193333333333333,"0.0763846153846154,0.08732231404958676,0.12143478260869565,0.4,0.27,0.07635220341429991","0,0,0"
28.5,126,AV,2,0,0,55,2241.037238818388,0.3,-0.585,"0.4910851063829788,0.2293210382513661,0.26548790322580645,0.3,0.55,0.10777685169826198","0,0,0"
33.95,11,AV,2,0,0,76,597.1498506777683,0.4,-0.7395,"0.7372412698412698,0.3089119241192412,0.33982886904761905,0.4,0.76,0.02871836745206032","0,0,0"
8.516666666666667,149,AV,0,0,0,26,2622.7149314101284,0.1,-0.2995519536100334,"0.07336601307189544,0.08638114754098362,0.12057040229885058,0.1,0.26,0.1261326466660798","0,0,0"
8.866666666666667,186,AV,1,0,0,24,3251.3322332141274,0.6,-0.6886666666666666,"0.06496491228070177,0.08382738095238096,0.11903551912568304,0.6,0.24,0.15636435925788542","0,0,0"
28.366666666666667,36,AV,2,0,0,53,881.2906222289953,0.3,-0.5836666666666667,"0.4483666666666666,0.20751515151515157,0.24157142857142858,0.3,0.53,0.04238337812946123","0,0,0"
18.133333333333333,18,AV,1,0,0,48,727.2326469992182,0.1,-0.2813333333333333,"0.3311929824561403,0.17288461538461541,0.2045017361111111,0.1,0.48,0.034974360884380204","0,0,0"
26.933333333333334,245,AV,2,0,0,53,5144.150368411208,0.2,-0.4693333333333333,"0.4483666666666666,0.20751515151515157,0.24157142857142858,0.2,0.53,0.2473945197189757","0,0,0"
41.483333333333334,220,AV,0,0,0,50,4200.245935785981,0.2,-0.686257722425412,"0.3808688271604938,0.18710206718346256,0.21829773462783172,0.2,0.5,0.2019998933869206","0,0,0"
10.416666666666666,214,AV,0,0,0,27,4034.238052294327,0.1,-0.2785301514464966,"0.0763846153846154,0.08732231404958676,0.12143478260869565,0.1,0.27,0.19401617641430308","0,0,0"
20.45,230,AV,0,0,0,40,4639.089550420253,0.1,-0.369167861385177,"0.18739197530864196,0.12371980676328503,0.15211879432624117,0.1,0.4,0.22310493454996042","0,0,0"
29.316666666666666,227,AV,0,0,0,44,4559.760277629775,0.5,-0.8589595991310777,"0.24536477987421373,0.1417387005649718,0.17741235632183905,0.5,0.44,0.21928979970044837","0,0,0"
26.033333333333335,59,AV,1,0,0,61,1194.3606142611325,0.1,-0.3603333333333334,"0.5916750841750842,0.26194212962962965,0.2950756013745704,0.1,0.61,0.05743966435173499","0,0,0"
59.75,12,AV,0,0,0,58,610.4868582393152,0.3,-1.3889110696260032,"0.5349916666666669,0.24126071428571427,0.2740883333333333,0.3,0.58,0.029359776109248604","0,0,0"
29.116666666666667,264,AV,2,0,0,57,6918.069898529506,0.4,-0.6911666666666667,"0.5098481481481482,0.23625117370892024,0.269983024691358,0.4,0.57,0.33270656130870674","0,0,0"
59.266666666666666,127,AV,0,0,0,58,2271.53748778668,0.6,-1.324735805570604,"0.5349916666666669,0.24126071428571427,0.2740883333333333,0.6,0.58,0.10924368176822945","0,0,0"
10.716666666666667,185,AV,1,0,0,31,3245.380745418587,0.1,-0.20716666666666667,"0.10842631578947368,0.0993467741935484,0.13035812672176308,0.1,0.31,0.156078137946426","0,0,0"
20.483333333333334,287,AV,2,0,0,45,11049.706566164488,0.4,-0.6048333333333333,"0.2727843137254902,0.15255216284987277,0.18496728971962617,0.4,0.45,0.5314068705608562","0,0,0"
14.5,40,AV,2,0,0,27,931.9887487728153,0.2,-0.345,"0.0763846153846154,0.08732231404958676,0.12143478260869565,0.2,0.27,0.04482157253839216","0,0,0"
55.416666666666664,134,AV,0,0,0,57,2411.397471856681,0.3,-0.978575854078235,"0.5098481481481482,0.23625117370892024,0.269983024691358,0.3,0.57,0.11596988359144483","0,0,0"
20.166666666666668,82,AV,1,0,0,50,1538.317647081207,0.4,-0.6016666666666667,"0.3808688271604938,0.18710206718346256,0.21829773462783172,0.4,0.5,0.07398138238957058","0,0,0"
83.41666666666667,74,AV,0,0,0,82,1447.5744631551047,0.3,-1.3414098915479111,"0.7499914089347081,0.3159047619047619,0.34532878787878785,0.3,0.82,0.06961732519889745","0,0,0"
38.15,167,AV,0,0,0,49,2953.761118311176,0.3,-0.7830654238727085,"0.36127370030581046,0.18158838383838383,0.21304713804713804,0.3,0.49,0.14205345118145746","0,0,0"
29.85,224,AV,2,0,0,58,4547.885280126284,0.3,-0.5985,"0.5349916666666669,0.24126071428571427,0.2740883333333333,0.3,0.58,0.2187187026108142","0,0,0"
15.95,58,AV,1,0,0,44,1148.9174546898266,0.3,-0.4595,"0.24536477987421373,0.1417387005649718,0.17741235632183905,0.3,0.44,0.05525419389859809","0,0,0"
34.8,42,AV,2,0,0,67,961.7772661313056,0.8,-1.1480000000000001,"0.6580442176870749,0.2827257217847769,0.3135666666666667,0.8,0.67,0.04625417372950396","0,0,0"
50.233333333333334,32,AV,0,0,0,53,861.805442805673,0.5,-1.350439744710044,"0.4483666666666666,0.20751515151515157,0.24157142857142858,0.5,0.53,0.04144628915269407","0,0,0"
32.7,277,AV,0,0,0,47,8348.421721831439,0.1,-0.4629349359670569,"0.3116358695652174,0.16698134328358216,0.20005847953216374,0.1,0.47,0.4014956084811817","0,0,0"
52.18333333333333,216,AV,0,0,0,54,4113.319853961603,0.2,-0.7947671217697139,"0.47478114478114475,0.22021982758620687,0.2565573333333333,0.2,0.54,0.19781940978440954","0,0,0"
22.783333333333335,148,AV,1,0,0,53,2619.168197182975,0.1,-0.32783333333333337,"0.4483666666666666,0.20751515151515157,0.24157142857142858,0.1,0.53,0.12596207571697113","0,0,0"
81.73333333333333,196,AV,0,0,0,77,3393.6426315430986,0.1,-1.005733920128057,"0.7458058419243986,0.31306965174129353,0.3450198776758409,0.1,0.77,0.1632084073754924","0,0,0"
25.733333333333334,90,AV,1,0,0,59,1659.6531244520008,0.4,-0.6573333333333333,"0.5549234234234234,0.24879577464788732,0.283264367816092,0.4,0.59,0.07981669628967558","0,0,0"
11.766666666666667,66,AV,1,0,0,32,1317.647826688136,0.2,-0.31766666666666665,"0.11798771929824561,0.10387338501291989,0.13361494252873563,0.2,0.32,0.06336884186823323","0,0,0"
21.916666666666668,253,AV,2,0,0,50,5654.280440205098,0.2,-0.4191666666666667,"0.3808688271604938,0.18710206718346256,0.21829773462783172,0.2,0.5,0.2719278974523786","0,0,0"
24.0,91,AV,0,0,0,42,1661.9571573900298,0.1,-0.5205100683047245,"0.2083977987421384,0.13034814814814816,0.16451851851851854,0.1,0.42,0.07992750275552475","0,0,0"
5.166666666666667,289,AV,0,0,0,12,11940.25564443948,0.6,-0.6767917568601676,"0.05280303030303031,0.0800769230769231,0.11811666666666666,0.6,0.12,0.5742355100304415","0,0,0"
20.816666666666666,211,AV,2,0,0,46,3958.913906791885,0.2,-0.4081666666666667,"0.2926920289855073,0.1588621103117506,0.19185015290519875,0.2,0.46,0.1903936577347851","0,0,0"
15.333333333333334,153,AV,0,0,0,36,2756.9260540590044,0.3,-0.5621501801103124,"0.1442405498281787,0.11296491228070174,0.1451348484848485,0.3,0.36,0.1325871812054576","0,0,0"
13.316666666666666,184,AV,1,0,0,41,3230.862018062417,0.5,-0.6331666666666667,"0.19086818181818185,0.1245347721822542,0.1539725274725275,0.5,0.41,0.15537989755219744","0,0,0"
13.633333333333333,57,AV,2,0,0,23,1141.5133047894662,0.4,-0.5363333333333333,"0.06370422535211268,0.08279385964912284,0.11786842105263158,0.4,0.23,0.05489811058505904","0,0,0"
81.88333333333334,96,AV,0,0,0,77,1723.69240549938,0.2,-1.192878307391849,"0.7458058419243986,0.31306965174129353,0.3450198776758409,0.2,0.77,0.08289649879217476","0,0,0"
41.53333333333333,79,AV,0,0,0,50,1503.4428459110418,0.6,-1.2148753384158137,"0.3808688271604938,0.18710206718346256,0.21829773462783172,0.6,0.5,0.0723041696201366","0,0,0"
34.5,152,AV,0,0,0,47,2747.619709803412,0.1,-0.5541854156270645,"0.3116358695652174,0.16698134328358216,0.20005847953216374,0.1,0.47,0.13213961680656489","0,0,0"
85.25,208,AV,0,0,0,82,3849.958431883558,0.4,-1.330422919249086,"0.7499914089347081,0.3159047619047619,0.34532878787878785,0.4,0.82,0.18515372782308936","0,0,0"
27.583333333333332,62,AV,1,0,0,63,1249.5878531833848,0.4,-0.6758333333333333,"0.626359375,0.27084974747474744,0.3020029761904762,0.4,0.63,0.06009567462944302","0,0,0"
45.05,25,AV,0,0,0,51,802.5586880039084,0.1,-0.9243044388331872,"0.41190214067278286,0.19716101694915258,0.2302979351032449,0.1,0.51,0.038596970723144074","0,0,0"
28.866666666666667,16,AV,1,0,0,64,649.7132696839626,0.2,-0.4886666666666667,"0.6345561056105611,0.2734363143631436,0.30496695402298846,0.2,0.64,0.0312462682458781","0,0,0"
24.333333333333332,228,AV,1,0,0,58,4617.1597275219765,0.1,-0.3433333333333333,"0.5349916666666669,0.24126071428571427,0.2740883333333333,0.1,0.58,0.2220502768096353","0,0,0"
11.883333333333333,29,AV,2,0,0,22,845.7864251007381,0.1,-0.21883333333333332,"0.061750000000000006,0.08166666666666667,0.11737414965986394,0.1,0.22,0.040675896199988425","0,0,0"
14.583333333333334,26,AV,1,0,0,42,806.3598325453933,0.9,-1.0458333333333334,"0.2083977987421384,0.13034814814814816,0.16451851851851854,0.9,0.42,0.03877977687399022","0,0,0"
32.5,259,AV,2,0,0,63,5960.007005011629,0.2,-0.525,"0.626359375,0.27084974747474744,0.3020029761904762,0.2,0.63,0.2866310206600706","0,0,0"
21.283333333333335,130,AV,1,0,0,51,2344.9936519099742,0.2,-0.4128333333333334,"0.41190214067278286,0.19716101694915258,0.2302979351032449,0.2,0.51,0.11277636474640867","0,0,0"
74.9,175,AV,0,0,0,72,3046.5766145774583,0.4,-1.2474711819044828,"0.6952003367003367,0.2999970238095238,0.3296124031007752,0.4,0.72,0.14651717083908622","0,0,0"
11.116666666666667,10,AV,2,0,0,14,588.8906571209208,0.2,-0.3111666666666667,"0.054619999999999995,0.0796875,0.11641228070175438,0.2,0.14,0.02832116303987798","0,0,0"
11.2,180,AV,2,0,0,13,3169.820795106812,0.4,-0.512,"0.05314912280701755,0.08008333333333333,0.11766666666666666,0.4,0.13,0.15244427884849596","0,0,0"
15.416666666666666,113,AV,0,0,0,36,2035.9911412414244,0.6,-0.9015150484563232,"0.1442405498281787,0.11296491228070174,0.1451348484848485,0.6,0.36,0.09791569345106042","0,0,0"
20.25,280,AV,1,0,0,50,8981.750106371177,0.3,-0.5025,"0.3808688271604938,0.18710206718346256,0.21829773462783172,0.3,0.5,0.4319538883323586","0,0,0"
18.366666666666667,231,AV,1,0,0,48,4645.51881630073,0.3,-0.4836666666666667,"0.3311929824561403,0.17288461538461541,0.2045017361111111,0.3,0.48,0.22341413335457028","0,0,0"
20.216666666666665,232,AV,2,0,0,42,4687.914961676448,0.4,-0.6021666666666667,"0.2083977987421384,0.13034814814814816,0.16451851851851854,0.4,0.42,0.22545306559254863","0,0,0"
22.216666666666665,63,AV,0,0,0,41,1260.3927948639828,0.3,-0.7601877036183853,"0.19086818181818185,0.1245347721822542,0.1539725274725275,0.3,0.41,0.06061531017005197","0,0,0"
14.033333333333333,203,AV,2,0,0,34,3667.3634505223554,0.1,-0.24033333333333334,"0.12516666666666668,0.10735353535353537,0.14043851132686086,0.1,0.34,0.1763722975611855","0,0,0"
11.366666666666667,101,AV,1,0,0,35,1836.592480640456,0.3,-0.4136666666666666,"0.13245876288659797,0.10906892230576441,0.14128939393939394,0.3,0.35,0.0883261339827163","0,0,0"
25.6,51,AV,1,0,0,58,1076.386102050743,0.2,-0.456,"0.5349916666666669,0.24126071428571427,0.2740883333333333,0.2,0.58,0.051765987321103386","0,0,0"
18.733333333333334,276,AV,1,0,0,49,8326.33528790118,0.4,-0.5873333333333334,"0.36127370030581046,0.18158838383838383,0.21304713804713804,0.4,0.49,0.40043341894099355","0,0,0"
85.25,94,AV,0,0,0,85,1703.2333497257905,0.1,-1.128635583564224,"0.7662677304964539,0.31906354916067153,0.34930841121495326,0.1,0.85,0.08191257376772525","0,0,0"
24.333333333333332,61,AV,2,0,0,51,1234.5997004771,0.1,-0.3433333333333333,"0.41190214067278286,0.19716101694915258,0.2302979351032449,0.1,0.51,0.059374858445099786","0,0,0"
66.25,283,AV,0,0,0,63,9095.945853089892,0.1,-0.7954817266775054,"0.626359375,0.27084974747474744,0.3020029761904762,0.1,0.63,0.4374458354742832","0,0,0"
39.8,262,AV,0,0,0,49,6427.339783247283,0.2,-0.644675609212686,"0.36127370030581046,0.18158838383838383,0.21304713804713804,0.2,0.49,0.3091061739780037","0,0,0"
28.4,206,AV,1,0,0,64,3773.073658575576,0.6,-0.8839999999999999,"0.6345561056105611,0.2734363143631436,0.30496695402298846,0.6,0.64,0.18145615481219285","0,0,0"
12.183333333333334,217,AV,0,0,0,31,4135.471393234625,0.3,-0.4943764539291574,"0.10842631578947368,0.0993467741935484,0.13035812672176308,0.3,0.31,0.198884730396563","0,0,0"
31.916666666666668,181,AV,2,0,0,61,3197.7177395395383,0.2,-0.5191666666666667,"0.5916750841750842,0.26194212962962965,0.2950756013745704,0.2,0.61,0.15378590976425258","0,0,0"
29.15,170,AV,1,0,0,66,2969.8754393798326,0.2,-0.4915,"0.653658249158249,0.28109788359788357,0.3125695652173913,0.2,0.66,0.1428284275013291","0,0,0"
18.066666666666666,172,AV,1,0,0,47,2991.769966736588,0.3,-0.4806666666666667,"0.3116358695652174,0.16698134328358216,0.20005847953216374,0.3,0.47,0.143881387794473","0,0,0"
13.316666666666666,284,AV,2,0,0,25,9667.367812467324,0.1,-0.23316666666666666,"0.0696,0.0848993399339934,0.12035964912280703,0.1,0.25,0.46492688697408946","0,0,0"
36.233333333333334,158,AV,0,0,0,48,2818.3733061874163,0.1,-0.5687777136222696,"0.3311929824561403,0.17288461538461541,0.2045017361111111,0.1,0.48,0.13554232682517134","0,0,0"
23.916666666666668,219,AV,2,0,0,50,4196.147454418583,0.2,-0.4391666666666667,"0.3808688271604938,0.18710206718346256,0.21829773462783172,0.2,0.5,0.20180278759551706","0,0,0"
22.716666666666665,109,AV,0,0,0,41,2010.868248891871,0.8,-1.1763559535159276,"0.19086818181818185,0.1245347721822542,0.1539725274725275,0.8,0.41,0.0967074733482937","0,0,0"
20.416666666666668,213,AV,1,0,0,50,4015.909421979459,0.1,-0.3041666666666667,"0.3808688271604938,0.18710206718346256,0.21829773462783172,0.1,0.5,0.19313470865595408","0,0,0"
16.4,187,AV,1,0,0,44,3256.7228478661937,0.6,-0.764,"0.24536477987421373,0.1417387005649718,0.17741235632183905,0.6,0.44,0.15662360683568316","0,0,0"
20.566666666666666,157,AV,1,0,0,50,2813.5576138103806,0.5,-0.7056666666666667,"0.3808688271604938,0.18710206718346256,0.21829773462783172,0.5,0.5,0.13531072863744203","0,0,0"
12.25,76,AV,1,0,0,36,1485.5718097438446,0.2,-0.3225,"0.1442405498281787,0.11296491228070174,0.1451348484848485,0.2,0.36,0.07144470866102204","0,0,0"
78.3,260,AV,0,0,0,75,6130.868263041086,0.1,-0.931932710201669,"0.7304848484848485,0.3072097222222222,0.3378374655647383,0.1,0.75,0.29484814804583803","0,0,0"
10.483333333333333,105,AV,1,0,0,28,1921.5023446668008,0.9,-1.0048333333333332,"0.09146527777777778,0.09132545931758532,0.12477207977207978,0.9,0.28,0.09240965283924012","0,0,0"
36.46666666666667,243,AV,0,0,0,48,5009.92015912814,0.7,-1.1245478604723995,"0.3311929824561403,0.17288461538461541,0.2045017361111111,0.7,0.48,0.24093906725761643","0,0,0"
21.333333333333332,6,AV,1,0,0,51,541.9839687696077,0.3,-0.5133333333333333,"0.41190214067278286,0.19716101694915258,0.2302979351032449,0.3,0.51,0.026065307980208553","0,0,0"
30.266666666666666,212,AV,1,0,0,69,3971.0791127863904,0.2,-0.5026666666666666,"0.6631296296296297,0.28865311653116527,0.3187598870056497,0.2,0.69,0.19097871164626756","0,0,0"
28.45,143,AV,1,0,0,64,2528.765907819195,0.9,-1.1844999999999999,"0.6345561056105611,0.2734363143631436,0.30496695402298846,0.9,0.64,0.12161441296279007","0,0,0"
9.366666666666667,103,AV,1,0,0,25,1888.2149669861096,0.1,-0.19366666666666668,"0.0696,0.0848993399339934,0.12035964912280703,0.1,0.25,0.09080878306984375","0,0,0"
54.016666666666666,120,AV,0,0,0,56,2147.781038516846,0.9,-1.5798457096510323,"0.49694270833333326,0.233023631840796,0.2669863636363637,0.9,0.56,0.10329193752738362","0,0,0"
30.483333333333334,237,AV,1,0,0,72,4735.166802079286,0.2,-0.5048333333333334,"0.6952003367003367,0.2999970238095238,0.3296124031007752,0.2,0.72,0.22772551984156938","0,0,0"
13.35,136,AV,1,0,0,41,2421.0391237858234,0.4,-0.5335000000000001,"0.19086818181818185,0.1245347721822542,0.1539725274725275,0.4,0.41,0.11643357373995898","0,0,0"
11.933333333333334,270,AV,0,0,0,28,7592.14370769901,0.2,-0.3588478646106822,"0.09146527777777778,0.09132545931758532,0.12477207977207978,0.2,0.28,0.36512438628106175","0,0,0"
32.81666666666667,292,AV,0,0,0,46,13430.196447392702,0.3,-0.6505043890652278,"0.2926920289855073,0.1588621103117506,0.19185015290519875,0.3,0.46,0.6458903340456582","0,0,0"
15.216666666666667,56,AV,1,0,0,43,1129.1321270070612,0.1,-0.25216666666666665,"0.22525566343042067,0.1368531746031746,0.1714249249249249,0.1,0.43,0.05430267007269716","0,0,0"
13.583333333333334,121,AV,1,0,0,41,2187.718469250836,0.4,-0.5358333333333334,"0.19086818181818185,0.1245347721822542,0.1539725274725275,0.4,0.41,0.10521262428567076","0,0,0"
24.433333333333334,106,AV,1,0,0,56,1927.298426803608,0.1,-0.3443333333333334,"0.49694270833333326,0.233023631840796,0.2669863636363637,0.1,0.56,0.0926884003201249","0,0,0"
55.416666666666664,119,AV,0,0,0,57,2141.869626207308,0.2,-0.8942312141672639,"0.5098481481481482,0.23625117370892024,0.269983024691358,0.2,0.57,0.10300764354209123","0,0,0"
33.3,17,AV,1,0,0,87,720.4688823460104,0.4,-0.733,"0.7760699999999998,0.3217415458937198,0.3508856209150326,0.4,0.87,0.034649075232127916","0,0,0"
64.36666666666666,122,AV,0,0,0,60,2187.907521251699,0.6,-1.3807839794808618,"0.5596342182890853,0.2518111888111888,0.2851884920634921,0.6,0.6,0.10522171624947545","0,0,0"
34.65,291,AV,0,0,0,47,13351.937436366714,0.1,-0.4689686493199773,"0.3116358695652174,0.16698134328358216,0.20005847953216374,0.1,0.47,0.6421266706493964","0,0,0"
18.65,271,AV,1,0,0,48,7658.5640246764915,0.4,-0.5865,"0.3311929824561403,0.17288461538461541,0.2045017361111111,0.4,0.48,0.3683186985078447","0,0,0"
31.6,272,AV,2,0,0,59,7912.643587116454,0.4,-0.716,"0.5549234234234234,0.24879577464788732,0.283264367816092,0.4,0.59,0.38053799359420826","0,0,0"
57.2,95,AV,0,0,0,57,1717.0377309640771,0.9,-1.6467195152383503,"0.5098481481481482,0.23625117370892024,0.269983024691358,0.9,0.57,0.08257645954513855","0,0,0"
29.516666666666666,222,AV,2,0,0,60,4429.527615460413,0.2,-0.49516666666666664,"0.5596342182890853,0.2518111888111888,0.2851884920634921,0.2,0.6,0.21302659886033296","0,0,0"
21.566666666666666,251,AV,1,0,0,51,5557.427333357366,0.1,-0.31566666666666665,"0.41190214067278286,0.19716101694915258,0.2302979351032449,0.1,0.51,0.26726999942532587","0,0,0"
25.7,171,AV,2,0,0,53,2987.078671303881,0.2,-0.457,"0.4483666666666666,0.20751515151515157,0.24157142857142858,0.2,0.53,0.14365577215392691","0,0,0"
29.966666666666665,261,AV,1,0,0,69,6254.49597505133,0.6,-0.8996666666666666,"0.6631296296296297,0.28865311653116527,0.3187598870056497,0.6,0.69,0.3007937010033377","0,0,0"
28.816666666666666,183,AV,1,0,0,64,3227.056348793521,0.6,-0.8881666666666667,"0.6345561056105611,0.2734363143631436,0.30496695402298846,0.6,0.64,0.1551968737963661","0,0,0"
6.683333333333334,77,AV,0,0,0,21,1490.1599361877834,0.3,-0.5681540055072734,"0.06096111111111112,0.08125170068027211,0.11722727272727275,0.3,0.21,0.07166536265764283","0,0,0"
11.95,83,AV,1,0,0,35,1546.5147326922538,0.1,-0.2195,"0.13245876288659797,0.10906892230576441,0.14128939393939394,0.1,0.35,0.07437559988179109","0,0,0"
9.416666666666666,295,AV,1,0,0,24,15725.918848752755,0.3,-0.39416666666666667,"0.06496491228070177,0.08382738095238096,0.11903551912568304,0.3,0.24,0.7562971262693423","0,0,0"
8.55,190,AV,1,0,0,22,3292.2479258152307,0.1,-0.1855,"0.061750000000000006,0.08166666666666667,0.11737414965986394,0.1,0.22,0.15833209297387038","0,0,0"
37.55,269,AV,2,0,0,98,7572.106998522375,0.7,-1.0755,"0.7846156462585034,0.3236369047619047,0.35385784313725493,0.7,0.98,0.3641607729166582","0,0,0"
23.75,235,AV,1,0,0,54,4707.821121085941,0.1,-0.3375,"0.47478114478114475,0.22021982758620687,0.2565573333333333,0.1,0.54,0.2264104005057739","0,0,0"
60.93333333333333,166,AV,0,0,0,59,2946.490055333797,0.3,-1.0111493905288884,"0.5549234234234234,0.24879577464788732,0.283264367816092,0.3,0.59,0.14170376833700152","0,0,0"
14.616666666666667,114,AV,1,0,0,42,2046.5713793034688,0.1,-0.24616666666666667,"0.2083977987421384,0.13034814814814816,0.16451851851851854,0.1,0.42,0.09842452245612708","0,0,0"
33.416666666666664,274,AV,1,0,0,85,8028.27043643778,0.4,-0.7341666666666666,"0.7662677304964539,0.31906354916067153,0.34930841121495326,0.4,0.85,0.3860987658900816","0,0,0"
71.48333333333333,24,AV,0,0,0,66,767.6170681366935,0.1,-1.205653199713086,"0.653658249158249,0.28109788359788357,0.3125695652173913,0.1,0.66,0.036916544482430876","0,0,0"
13.133333333333333,13,AV,2,0,0,16,614.9217871931492,0.2,-0.33133333333333337,"0.05506666666666666,0.07966666666666666,0.11490384615384615,0.2,0.16,0.029573062471416202","0,0,0"
16.783333333333335,205,AV,2,0,0,41,3758.845856207275,0.7,-0.8678333333333333,"0.19086818181818185,0.1245347721822542,0.1539725274725275,0.7,0.41,0.18077190569786353","0,0,0"
22.616666666666667,60,AV,2,0,0,49,1200.7903182940884,0.2,-0.4261666666666667,"0.36127370030581046,0.18158838383838383,0.21304713804713804,0.2,0.49,0.057748884228147654","0,0,0"
22.4,124,AV,1,0,0,51,2218.7455195521825,0.1,-0.32399999999999995,"0.41190214067278286,0.19716101694915258,0.2302979351032449,0.1,0.51,0.1067047894942801","0,0,0"
43.25,290,AV,0,0,0,50,12726.503958899895,0.3,-0.7560728524478401,"0.3808688271604938,0.18710206718346256,0.21829773462783172,0.3,0.5,0.6120480758003385","0,0,0"
19.866666666666667,163,AV,2,0,0,46,2891.134206742707,0.6,-0.7986666666666666,"0.2926920289855073,0.1588621103117506,0.19185015290519875,0.6,0.46,0.13904157291209238","0,0,0"
11.216666666666667,226,AV,2,0,0,20,4549.115907877681,0.7,-0.8121666666666666,"0.06015625,0.081490990990991,0.11787745098039216,0.7,0.2,0.21877788644870882","0,0,0"
29.866666666666667,201,AV,2,0,0,61,3558.5090095449787,0.1,-0.3986666666666667,"0.5916750841750842,0.26194212962962965,0.2950756013745704,0.1,0.61,0.17113722661336772","0,0,0"
15.383333333333333,117,AV,1,0,0,43,2105.6010448069283,0.6,-0.7538333333333334,"0.22525566343042067,0.1368531746031746,0.1714249249249249,0.6,0.43,0.10126340054104405","0,0,0"
18.683333333333334,221,AV,0,0,0,39,4227.85786318916,0.2,-0.45779125332681764,"0.17866831683168313,0.12179016786570744,0.150295,0.2,0.39,0.20332781715065273","0,0,0"
32.45,141,AV,1,0,0,84,2520.718778515204,0.2,-0.5245,"0.7644192439862543,0.3185507246376812,0.3480031746031746,0.2,0.84,0.12122740722876209","0,0,0"
18.766666666666666,242,AV,1,0,0,48,4959.361066312568,0.1,-0.2876666666666666,"0.3311929824561403,0.17288461538461541,0.2045017361111111,0.1,0.48,0.23850755931388606","0,0,0"
5.066666666666666,71,AV,0,0,0,10,1404.912317929139,0.5,-0.7642031245448383,"0.05456666666666666,0.084,0.12556666666666666,0.5,0.1,0.06756560039062387","0,0,0"
36.28333333333333,19,AV,2,0,0,72,736.5379020629116,0.2,-0.5628333333333333,"0.6952003367003367,0.2999970238095238,0.3296124031007752,0.2,0.72,0.03542187290142414","0,0,0"
