travel_time,id,kind,action,origin,destination,start_time,income,urgency,reward,observation,cost_table
48.45,43,AV,1,0,0,72,968.7072844723906,0.4,-0.8845000000000001,"0.26649999999999996,0.39942187500000004,0.331515903307888,0.4,0.72,0.04658745492005087","0,0,0"
31.0,278,AV,1,0,0,51,8436.938288223368,0.1,-0.41000000000000003,"0.16473333333333331,0.25559375,0.23071419518377695,0.1,0.51,0.4057525822983113","0,0,0"
24.4,86,AV,1,0,0,46,1592.2311391495805,0.1,-0.344,"0.12696666666666667,0.17639814814814814,0.19276307922272043,0.1,0.46,0.07657421143254188","0,0,0"
30.716666666666665,168,AV,1,0,0,51,2964.6777926145683,0.3,-0.6071666666666666,"0.16473333333333331,0.25559375,0.23071419518377695,0.3,0.51,0.14257846021167567","0,0,0"
17.933333333333334,89,AV,1,0,0,40,1653.1781197118603,0.1,-0.2793333333333333,"0.09025,0.1405375816993464,0.15416493055555558,0.1,0.4,0.07950529779368645","0,0,0"
33.333333333333336,22,AV,1,0,0,53,753.5670156580491,0.4,-0.7333333333333334,"0.17809999999999998,0.2508604651162791,0.24262618083670712,0.4,0.53,0.03624084378629158","0,0,0"
33.166666666666664,123,AV,1,0,0,53,2193.4249838744518,0.3,-0.6316666666666666,"0.17809999999999998,0.2508604651162791,0.24262618083670712,0.3,0.53,0.10548706425018813","0,0,0"
42.9,247,AV,1,0,0,63,5354.15698790508,0.1,-0.529,"0.2375925925925926,0.35797222222222225,0.30206066411238824,0.1,0.63,0.2574942413535784","0,0,0"
19.883333333333333,255,AV,1,0,0,43,5807.233742044462,0.1,-0.29883333333333334,"0.11193333333333336,0.15905128205128208,0.17118550724637685,0.1,0.43,0.27928378830664774","0,0,0"
27.666666666666668,73,AV,1,0,0,49,1446.9812594843625,0.1,-0.3766666666666667,"0.14686666666666667,0.2056160714285715,0.214534170153417,0.1,0.49,0.06958879661269593","0,0,0"
14.983333333333333,84,AV,1,0,0,36,1581.438059619256,0.1,-0.24983333333333332,"0.07929166666666668,0.12334057971014493,0.14655340699815836,0.1,0.36,0.07605514637116847","0,0,0"
33.71666666666667,47,AV,1,0,0,53,1025.7249596144625,0.4,-0.7371666666666667,"0.17809999999999998,0.2508604651162791,0.24262618083670712,0.4,0.53,0.049329571566540366","0,0,0"
52.766666666666666,244,AV,1,0,0,87,5051.78348307234,0.5,-1.0276666666666667,"0.2894,0.4476428571428572,0.3540524344569289,0.5,0.87,0.24295237483598997","0,0,0"
45.61666666666667,297,AV,1,0,0,67,17693.100214811147,0.9,-1.3561666666666667,"0.24736666666666665,0.3721969696969697,0.31472964376590334,0.9,0.67,0.8509035927219247","0,0,0"
50.05,125,AV,1,0,0,76,2239.257430619588,0.4,-0.9005,"0.2721458333333333,0.4307884615384615,0.3422061403508772,0.4,0.76,0.10769125645648253","0,0,0"
21.116666666666667,80,AV,1,0,0,44,1526.0895405694364,0.4,-0.6111666666666666,"0.11591666666666667,0.16808950617283952,0.17751666666666666,0.4,0.44,0.07339330344146505","0,0,0"
26.633333333333333,267,AV,1,0,0,48,7081.334819999852,0.2,-0.4663333333333333,"0.14025,0.19592328042328042,0.20507860262008734,0.2,0.48,0.34055836266392014","0,0,0"
9.633333333333333,78,AV,1,0,0,25,1496.328062426438,0.4,-0.49633333333333335,"0.05467948717948719,0.0868359375,0.1204006734006734,0.4,0.25,0.0719620026310286","0,0,0"
36.38333333333333,151,AV,1,0,0,55,2744.8905386527767,0.1,-0.4638333333333333,"0.1991666666666667,0.30122043010752686,0.26569038461538463,0.1,0.55,0.13200836442518263","0,0,0"
32.083333333333336,282,AV,1,0,0,51,9030.678864893336,0.1,-0.4208333333333334,"0.16473333333333331,0.25559375,0.23071419518377695,0.1,0.51,0.4343069895926497","0,0,0"
19.05,137,AV,1,0,0,42,2446.4664131825853,0.9,-1.0905,"0.10016666666666668,0.1528744292237443,0.16524585218702867,0.9,0.42,0.11765643302624577","0,0,0"
12.666666666666666,288,AV,1,0,0,30,11515.391842589095,0.6,-0.7266666666666666,"0.06642857142857143,0.10122016460905352,0.1325852417302799,0.6,0.3,0.5538027915682833","0,0,0"
15.383333333333333,145,AV,1,0,0,36,2563.744074524839,0.9,-1.0538333333333334,"0.07929166666666668,0.12334057971014493,0.14655340699815836,0.9,0.36,0.1232965968285517","0,0,0"
46.8,140,AV,1,0,0,69,2478.182963693478,0.2,-0.6679999999999999,"0.2536111111111111,0.3852083333333334,0.3194584905660378,0.2,0.69,0.1191817579523926","0,0,0"
43.03333333333333,41,AV,1,0,0,62,938.3100494872764,0.5,-0.9303333333333332,"0.2348333333333333,0.35502222222222224,0.29874651457541185,0.5,0.62,0.04512557903941836","0,0,0"
33.766666666666666,218,AV,1,0,0,53,4164.701887555128,0.6,-0.9376666666666666,"0.17809999999999998,0.2508604651162791,0.24262618083670712,0.6,0.53,0.2002904949224166","0,0,0"
53.25,93,AV,1,0,0,99,1682.490559712908,0.5,-1.0325,"0.298625,0.4520357142857142,0.35784017412935326,0.5,0.99,0.08091500328370894","0,0,0"
35.06666666666667,156,AV,1,0,0,54,2797.307504072895,0.1,-0.45066666666666666,"0.19116666666666668,0.29050537634408596,0.25653205128205125,0.1,0.54,0.13452922191505445","0,0,0"
46.95,15,AV,1,0,0,69,639.9143284368583,0.1,-0.5695,"0.2536111111111111,0.3852083333333334,0.3194584905660378,0.1,0.69,0.030775013677102628","0,0,0"
22.8,239,AV,1,0,0,45,4924.983441788647,0.1,-0.328,"0.12380000000000001,0.1751666666666667,0.1853439716312057,0.1,0.45,0.2368542569609065","0,0,0"
25.9,23,AV,1,0,0,47,753.7709081553346,0.1,-0.359,"0.1366111111111111,0.18470833333333336,0.2021438053097345,0.1,0.47,0.036250649465136044","0,0,0"
29.016666666666666,256,AV,1,0,0,50,5849.7981009167725,0.2,-0.4901666666666667,"0.15466666666666667,0.21233962264150946,0.22079698216735255,0.2,0.5,0.28133081033481866","0,0,0"
16.8,298,AV,1,0,0,38,19040.472291926453,0.5,-0.668,"0.08230555555555555,0.13203492063492062,0.14968077601410937,0.5,0.38,0.91570194503052","0,0,0"
36.166666666666664,70,AV,1,0,0,54,1391.0507319816634,0.9,-1.2616666666666667,"0.19116666666666668,0.29050537634408596,0.25653205128205125,0.9,0.54,0.06689896350164852","0,0,0"
51.61666666666667,116,AV,1,0,0,80,2078.9202215407213,0.1,-0.6161666666666666,"0.27795238095238095,0.46881060606060593,0.3480590405904059,0.1,0.8,0.09998025580674873","0,0,0"
20.55,249,AV,1,0,0,43,5480.041794665195,0.9,-1.1055000000000001,"0.11193333333333336,0.15905128205128208,0.17118550724637685,0.9,0.43,0.26354834340696637","0,0,0"
23.666666666666668,107,AV,1,0,0,46,1945.516475481125,0.1,-0.33666666666666667,"0.12696666666666667,0.17639814814814814,0.19276307922272043,0.1,0.46,0.09356454994251304","0,0,0"
50.11666666666667,34,AV,1,0,0,76,877.2934597877683,0.1,-0.6011666666666666,"0.2721458333333333,0.4307884615384615,0.3422061403508772,0.1,0.76,0.04219114500803879","0,0,0"
45.266666666666666,9,AV,1,0,0,65,572.7967315704935,0.8,-1.2526666666666668,"0.2419583333333333,0.3798505747126437,0.3130456273764259,0.8,0.65,0.027547167589358008","0,0,0"
39.983333333333334,4,AV,1,0,0,60,513.3463032142733,0.8,-1.1998333333333333,"0.22003333333333333,0.3296464646464646,0.286925572519084,0.8,0.6,0.024688054010448962","0,0,0"
37.3,72,AV,1,0,0,56,1434.4967426379471,0.7,-1.073,"0.1990208333333333,0.30659444444444445,0.26857951653944023,0.7,0.56,0.06898838627708276","0,0,0"
25.333333333333332,88,AV,1,0,0,47,1645.9523587482854,0.5,-0.7533333333333333,"0.1366111111111111,0.18470833333333336,0.2021438053097345,0.5,0.47,0.07915779363164543","0,0,0"
51.233333333333334,236,AV,1,0,0,82,4717.175795221327,0.1,-0.6123333333333333,"0.2803333333333333,0.46451388888888884,0.34746309963099636,0.1,0.82,0.2268602892044136","0,0,0"
48.4,182,AV,1,0,0,70,3225.188153267811,0.1,-0.584,"0.25966666666666666,0.3915312500000001,0.32506226415094347,0.1,0.7,0.15510702779620594","0,0,0"
18.233333333333334,129,AV,1,0,0,41,2335.4036410281064,0.2,-0.38233333333333336,"0.09025,0.1430656565656566,0.15545555555555557,0.2,0.41,0.1123151581396212","0,0,0"
17.333333333333332,27,AV,1,0,0,39,832.3173438658397,0.4,-0.5733333333333334,"0.08856666666666665,0.13881423611111113,0.1516189279731993,0.4,0.39,0.0400281358033201","0,0,0"
45.916666666666664,138,AV,1,0,0,67,2472.005569054355,0.5,-0.9591666666666667,"0.24736666666666665,0.3721969696969697,0.31472964376590334,0.5,0.67,0.11888467223941558","0,0,0"
34.0,199,AV,1,0,0,53,3456.1529418207683,0.3,-0.64,"0.17809999999999998,0.2508604651162791,0.24262618083670712,0.3,0.53,0.1662146780093356","0,0,0"
35.56666666666667,279,AV,1,0,0,54,8795.495569618428,0.5,-0.8556666666666667,"0.19116666666666668,0.29050537634408596,0.25653205128205125,0.5,0.54,0.42299646128116253","0,0,0"
49.9,215,AV,1,0,0,75,4061.843573313689,0.3,-0.7989999999999999,"0.2721458333333333,0.4336,0.3399712858926342,0.3,0.75,0.19534379207968386","0,0,0"
32.9,258,AV,1,0,0,52,5913.041300376779,0.1,-0.42899999999999994,"0.17746296296296296,0.2517307692307693,0.23840542328042327,0.1,0.52,0.2843723273658871","0,0,0"
38.88333333333333,257,AV,1,0,0,58,5862.871835726062,0.4,-0.7888333333333333,"0.21202777777777776,0.3191182795698925,0.2756894803548796,0.4,0.58,0.2819595575743898","0,0,0"
41.25,169,AV,1,0,0,61,2965.4163440895786,0.2,-0.6125,"0.2262,0.34519354838709676,0.2960675505050505,0.2,0.61,0.14261397892212588","0,0,0"
47.05,250,AV,1,0,0,69,5487.970610754926,0.6,-1.0705,"0.2536111111111111,0.3852083333333334,0.3194584905660378,0.6,0.69,0.2639296591749704","0,0,0"
21.483333333333334,28,AV,1,0,0,44,844.3352662229099,0.1,-0.31483333333333335,"0.11591666666666667,0.16808950617283952,0.17751666666666666,0.1,0.44,0.04060610649169747","0,0,0"
9.566666666666666,162,AV,1,0,0,24,2857.8751728516777,0.2,-0.2956666666666667,"0.053569444444444454,0.08545345345345347,0.11881712962962966,0.2,0.24,0.13744206626346972","0,0,0"
46.4,55,AV,1,0,0,68,1117.0806745336297,0.2,-0.6639999999999999,"0.2536111111111111,0.3845520833333334,0.31984465408805024,0.2,0.68,0.05372308684066549","0,0,0"
8.966666666666667,246,AV,1,0,0,20,5158.4050556257225,0.3,-0.38966666666666666,"0.053569444444444454,0.08185310734463278,0.1187205882352941,0.3,0.2,0.24808006178999184","0,0,0"
15.383333333333333,97,AV,1,0,0,36,1778.835052690156,0.5,-0.6538333333333333,"0.07929166666666668,0.12334057971014493,0.14655340699815836,0.5,0.36,0.08554844085078303","0,0,0"
23.4,20,AV,1,0,0,45,742.4887258523852,0.5,-0.734,"0.12380000000000001,0.1751666666666667,0.1853439716312057,0.5,0.45,0.035708062279240435","0,0,0"
16.666666666666668,252,AV,1,0,0,38,5578.433439706214,0.1,-0.2666666666666667,"0.08230555555555555,0.13203492063492062,0.14968077601410937,0.1,0.38,0.2682802334230043","0,0,0"
48.766666666666666,53,AV,1,0,0,72,1100.389953660579,0.2,-0.6876666666666666,"0.26649999999999996,0.39942187500000004,0.331515903307888,0.2,0.72,0.052920390072797266","0,0,0"
29.15,294,AV,1,0,0,50,14297.77376075636,0.6,-0.8915,"0.15466666666666667,0.21233962264150946,0.22079698216735255,0.6,0.5,0.6876142062863859","0,0,0"
20.916666666666668,133,AV,1,0,0,43,2392.7441380289174,0.1,-0.3091666666666667,"0.11193333333333336,0.15905128205128208,0.17118550724637685,0.1,0.43,0.1150728000629743","0,0,0"
50.43333333333333,7,AV,1,0,0,76,567.550811201735,0.1,-0.6043333333333333,"0.2721458333333333,0.4307884615384615,0.3422061403508772,0.1,0.76,0.027294878706419726","0,0,0"
14.7,273,AV,1,0,0,34,7958.958807233507,0.1,-0.247,"0.07187037037037038,0.11550246913580248,0.14270405982905982,0.1,0.34,0.38276540352897576","0,0,0"
27.133333333333333,112,AV,1,0,0,48,2034.664800296876,0.2,-0.4713333333333333,"0.14025,0.19592328042328042,0.20507860262008734,0.2,0.48,0.09785190653632031","0,0,0"
29.566666666666666,2,AV,1,0,0,50,437.8567856598078,0.1,-0.3956666666666667,"0.15466666666666667,0.21233962264150946,0.22079698216735255,0.1,0.5,0.021057582192617507","0,0,0"
46.11666666666667,52,AV,1,0,0,67,1089.3140785512585,0.1,-0.5611666666666667,"0.24736666666666665,0.3721969696969697,0.31472964376590334,0.1,0.67,0.052387724694280345","0,0,0"
50.916666666666664,38,AV,1,0,0,78,905.8209551718018,0.6,-1.1091666666666666,"0.27795238095238095,0.4603985507246376,0.34779506172839514,0.6,0.78,0.04356310063022602","0,0,0"
21.733333333333334,30,AV,1,0,0,44,850.3216016091212,0.3,-0.5173333333333333,"0.11591666666666667,0.16808950617283952,0.17751666666666666,0.3,0.44,0.04089400370730819","0,0,0"
25.8,3,AV,1,0,0,47,449.0833195935783,0.5,-0.758,"0.1366111111111111,0.18470833333333336,0.2021438053097345,0.5,0.47,0.021597493115072083","0,0,0"
39.96666666666667,99,AV,1,0,0,60,1797.659883656486,0.2,-0.5996666666666667,"0.22003333333333333,0.3296464646464646,0.286925572519084,0.2,0.6,0.08645377208765831","0,0,0"
43.6,254,AV,1,0,0,62,5702.891177591027,0.5,-0.9359999999999999,"0.2348333333333333,0.35502222222222224,0.29874651457541185,0.5,0.62,0.27426570431405706","0,0,0"
48.36666666666667,132,AV,1,0,0,71,2352.9451803313505,0.1,-0.5836666666666667,"0.2653333333333333,0.39310101010101006,0.3282175572519084,0.1,0.71,0.11315877280487406","0,0,0"
22.416666666666668,98,AV,1,0,0,45,1782.711710770346,0.6,-0.8241666666666667,"0.12380000000000001,0.1751666666666667,0.1853439716312057,0.6,0.45,0.08573487862868172","0,0,0"
49.65,111,AV,1,0,0,74,2022.4315636845977,0.1,-0.5965,"0.2702407407407407,0.42939333333333335,0.3361842105263158,0.1,0.74,0.09726358086938654","0,0,0"
11.283333333333333,241,AV,1,0,0,27,4950.268578812107,0.2,-0.31283333333333335,"0.05508333333333333,0.09123333333333332,0.12224867724867725,0.2,0.27,0.238070279798878","0,0,0"
17.35,131,AV,1,0,0,39,2347.541384251396,0.1,-0.2735,"0.08856666666666665,0.13881423611111113,0.1516189279731993,0.1,0.39,0.11289889130061848","0,0,0"
34.61666666666667,46,AV,1,0,0,53,985.8695826897422,0.9,-1.2461666666666666,"0.17809999999999998,0.2508604651162791,0.24262618083670712,0.9,0.53,0.04741283097259167","0,0,0"
41.95,225,AV,1,0,0,61,4549.070920567666,0.1,-0.5195000000000001,"0.2262,0.34519354838709676,0.2960675505050505,0.1,0.61,0.21877572290115335","0,0,0"
50.85,204,AV,1,0,0,76,3742.7752140142647,0.1,-0.6085,"0.2721458333333333,0.4307884615384615,0.3422061403508772,0.1,0.76,0.17999902999980277","0,0,0"
15.5,64,AV,1,0,0,36,1261.43865123121,0.2,-0.355,"0.07929166666666668,0.12334057971014493,0.14655340699815836,0.2,0.36,0.060665607909257666","0,0,0"
9.05,164,AV,1,0,0,16,2927.9701715656583,0.4,-0.49050000000000005,"0.053569444444444454,0.0784125,0.11456521739130436,0.4,0.16,0.14081310274172557","0,0,0"
14.833333333333334,210,AV,1,0,0,35,3866.930621896856,0.3,-0.44833333333333336,"0.0721875,0.11821584699453551,0.1433686274509804,0.3,0.35,0.18596996111648273","0,0,0"
16.183333333333334,285,AV,1,0,0,38,9884.322174397852,0.3,-0.4618333333333333,"0.08230555555555555,0.13203492063492062,0.14968077601410937,0.3,0.38,0.47536074219347274","0,0,0"
25.233333333333334,266,AV,1,0,0,46,6995.337061486569,0.2,-0.45233333333333337,"0.12696666666666667,0.17639814814814814,0.19276307922272043,0.2,0.46,0.3364225243542649","0,0,0"
21.266666666666666,37,AV,1,0,0,44,904.859336063587,0.1,-0.31266666666666665,"0.11591666666666667,0.16808950617283952,0.17751666666666666,0.1,0.44,0.043516854062689764","0,0,0"
43.65,248,AV,1,0,0,64,5434.023139443809,0.6,-1.0365,"0.23760416666666664,0.35981770833333326,0.3058641025641025,0.6,0.64,0.26133519598878074","0,0,0"
21.75,165,AV,1,0,0,44,2942.323800284961,0.2,-0.4175,"0.11591666666666667,0.16808950617283952,0.17751666666666666,0.2,0.44,0.1415034031468308","0,0,0"
16.85,286,AV,1,0,0,38,10721.15711953896,0.4,-0.5685,"0.08230555555555555,0.13203492063492062,0.14968077601410937,0.4,0.38,0.5156061402690313","0,0,0"
40.05,155,AV,1,0,0,60,2767.495209174315,0.2,-0.6005,"0.22003333333333333,0.3296464646464646,0.286925572519084,0.2,0.6,0.13309547720505432","0,0,0"
33.833333333333336,144,AV,1,0,0,53,2533.2754137277425,0.9,-1.2383333333333333,"0.17809999999999998,0.2508604651162791,0.24262618083670712,0.9,0.53,0.12183128590944142","0,0,0"
47.766666666666666,108,AV,1,0,0,70,1963.0347272178835,0.4,-0.8776666666666667,"0.25966666666666666,0.3915312500000001,0.32506226415094347,0.4,0.7,0.09440704465288248","0,0,0"
21.9,142,AV,1,0,0,44,2520.757475212996,0.2,-0.419,"0.11591666666666667,0.16808950617283952,0.17751666666666666,0.2,0.44,0.12122926824569963","0,0,0"
13.366666666666667,44,AV,1,0,0,31,978.4447105201264,0.1,-0.2336666666666667,"0.06616666666666667,0.10577215189873418,0.1334154411764706,0.1,0.31,0.04705575107546101","0,0,0"
40.13333333333333,45,AV,1,0,0,60,979.5720138781878,0.9,-1.3013333333333335,"0.22003333333333333,0.3296464646464646,0.286925572519084,0.9,0.6,0.04710996579565228","0,0,0"
42.11666666666667,128,AV,1,0,0,61,2280.385817754286,0.3,-0.7211666666666667,"0.2262,0.34519354838709676,0.2960675505050505,0.3,0.61,0.10966921916233309","0,0,0"
49.75,110,AV,1,0,0,74,2015.5588757501516,0.4,-0.8975,"0.2702407407407407,0.42939333333333335,0.3361842105263158,0.4,0.74,0.09693305683549329","0,0,0"
11.816666666666666,92,AV,1,0,0,28,1664.0464513081895,0.1,-0.21816666666666668,"0.06627777777777777,0.09739121756487026,0.12601706036745405,0.1,0.28,0.08002798190726358","0,0,0"
44.85,268,AV,1,0,0,64,7177.938863287724,0.1,-0.5485,"0.23760416666666664,0.35981770833333326,0.3058641025641025,0.1,0.64,0.345204282627472","0,0,0"
40.3,135,AV,1,0,0,60,2417.357356239525,0.4,-0.8029999999999999,"0.22003333333333333,0.3296464646464646,0.286925572519084,0.4,0.6,0.11625650871491097","0,0,0"
40.93333333333333,104,AV,1,0,0,60,1900.764377468582,0.5,-0.9093333333333333,"0.22003333333333333,0.3296464646464646,0.286925572519084,0.5,0.6,0.09141231429593938","0,0,0"
32.35,299,AV,1,0,0,52,20793.30768626012,0.3,-0.6234999999999999,"0.17746296296296296,0.2517307692307693,0.23840542328042327,0.3,0.52,1.0","0,0,0"
34.233333333333334,191,AV,1,0,0,53,3301.717979419838,0.2,-0.5423333333333333,"0.17809999999999998,0.2508604651162791,0.24262618083670712,0.2,0.53,0.15878753054770403","0,0,0"
28.4,192,AV,1,0,0,49,3352.9358316496982,0.6,-0.8839999999999999,"0.14686666666666667,0.2056160714285715,0.214534170153417,0.6,0.49,0.16125071981045438","0,0,0"
35.333333333333336,147,AV,1,0,0,54,2587.8859091729414,0.2,-0.5533333333333333,"0.19116666666666668,0.29050537634408596,0.25653205128205125,0.2,0.54,0.12445763551524679","0,0,0"
37.733333333333334,1,AV,1,0,0,57,419.7646265090227,0.3,-0.6773333333333333,"0.2063611111111111,0.3112388888888889,0.272447601010101,0.3,0.57,0.02018748689927752","0,0,0"
12.85,54,AV,1,0,0,30,1104.4445206976068,0.1,-0.2285,"0.06642857142857143,0.10122016460905352,0.1325852417302799,0.1,0.3,0.05311538391880796","0,0,0"
36.35,35,AV,1,0,0,54,877.6907461205365,0.2,-0.5635,"0.19116666666666668,0.29050537634408596,0.25653205128205125,0.2,0.54,0.04221025145992046","0,0,0"
50.93333333333333,174,AV,1,0,0,76,3032.1279287666234,0.7,-1.2093333333333334,"0.2721458333333333,0.4307884615384615,0.3422061403508772,0.7,0.76,0.1458222989106348","0,0,0"
26.25,5,AV,1,0,0,48,522.2875039790788,0.9,-1.1625,"0.14025,0.19592328042328042,0.20507860262008734,0.9,0.48,0.025118057783764625","0,0,0"
15.733333333333333,69,AV,1,0,0,36,1373.5659577718477,0.2,-0.35733333333333334,"0.07929166666666668,0.12334057971014493,0.14655340699815836,0.2,0.36,0.0660580788057822","0,0,0"
15.05,102,AV,0,0,0,48,1869.7531794209297,0.1,-0.4109489850863156,"0.14025,0.19592328042328042,0.20507860262008734,0.1,0.48,0.0899209114602018","0,0,0"
44.833333333333336,189,AV,1,0,0,65,3278.222126324269,0.3,-0.7483333333333333,"0.2419583333333333,0.3798505747126437,0.3130456273764259,0.3,0.65,0.1576575586620336","0,0,0"
52.43333333333333,209,AV,1,0,0,86,3863.855435177377,0.1,-0.6243333333333333,"0.29083333333333333,0.4566153846153847,0.3540820987654321,0.1,0.86,0.18582206801713178","0,0,0"
48.95,281,AV,1,0,0,73,8987.033628468456,0.9,-1.3895,"0.2702407407407407,0.41925308641975306,0.3365915404040404,0.9,0.73,0.432207985572538","0,0,0"
43.45,223,AV,1,0,0,62,4446.537177105173,0.2,-0.6345000000000001,"0.2348333333333333,0.35502222222222224,0.29874651457541185,0.2,0.62,0.21384462944504845","0,0,0"
19.6,176,AV,1,0,0,42,3064.640983136323,0.4,-0.5960000000000001,"0.10016666666666668,0.1528744292237443,0.16524585218702867,0.4,0.42,0.14738592961625765","0,0,0"
42.583333333333336,293,AV,1,0,0,61,13460.811009378149,0.3,-0.7258333333333333,"0.2262,0.34519354838709676,0.2960675505050505,0.3,0.61,0.6473626617025839","0,0,0"
12.9,275,AV,1,0,0,31,8029.700924090037,0.1,-0.229,"0.06616666666666667,0.10577215189873418,0.1334154411764706,0.1,0.31,0.386167561469594","0,0,0"
45.06666666666667,173,AV,1,0,0,65,3024.224513765153,0.2,-0.6506666666666667,"0.2419583333333333,0.3798505747126437,0.3130456273764259,0.2,0.65,0.1454422047418416","0,0,0"
8.366666666666667,296,AV,1,0,0,0,17322.90883950548,0.1,-0.18366666666666667,"0.0,0.0,0.0,0.1,0.0,0.833100202280572","0,0,0"
33.03333333333333,31,AV,1,0,0,52,859.2772315809713,0.5,-0.8303333333333334,"0.17746296296296296,0.2517307692307693,0.23840542328042327,0.5,0.52,0.041324701415771756","0,0,0"
36.3,48,AV,1,0,0,54,1040.734547163155,0.4,-0.763,"0.19116666666666668,0.29050537634408596,0.25653205128205125,0.4,0.54,0.05005141860382586","0,0,0"
29.25,75,AV,1,0,0,50,1460.106853854364,0.6,-0.8925,"0.15466666666666667,0.21233962264150946,0.22079698216735255,0.6,0.5,0.07022003790282866","0,0,0"
38.733333333333334,263,AV,1,0,0,58,6709.13861087917,0.2,-0.5873333333333334,"0.21202777777777776,0.3191182795698925,0.2756894803548796,0.2,0.58,0.32265855495960655","0,0,0"
24.05,200,AV,1,0,0,46,3508.846318545673,0.1,-0.3405,"0.12696666666666667,0.17639814814814814,0.19276307922272043,0.1,0.46,0.1687488287813036","0,0,0"
30.466666666666665,81,AV,1,0,0,50,1530.0661682302475,0.9,-1.2046666666666668,"0.15466666666666667,0.21233962264150946,0.22079698216735255,0.9,0.5,0.07358454899608351","0,0,0"
43.0,202,AV,1,0,0,61,3583.4963710051925,0.1,-0.53,"0.2262,0.34519354838709676,0.2960675505050505,0.1,0.61,0.17233892871085194","0,0,0"
41.3,150,AV,1,0,0,60,2722.266725979925,0.2,-0.613,"0.22003333333333333,0.3296464646464646,0.286925572519084,0.2,0.6,0.13092033105337805","0,0,0"
52.21666666666667,240,AV,1,0,0,85,4934.883137056144,0.2,-0.7221666666666666,"0.28644444444444445,0.4627708333333333,0.3514371184371184,0.2,0.85,0.23733035703199037","0,0,0"
22.05,146,AV,1,0,0,44,2574.4307659940623,0.2,-0.4205,"0.11591666666666667,0.16808950617283952,0.17751666666666666,0.2,0.44,0.12381054543309646","0,0,0"
37.016666666666666,115,AV,1,0,0,55,2052.607856914241,0.1,-0.4701666666666666,"0.1991666666666667,0.30122043010752686,0.26569038461538463,0.1,0.55,0.09871483113148809","0,0,0"
13.666666666666666,21,AV,1,0,0,30,743.7818724069466,0.2,-0.33666666666666667,"0.06642857142857143,0.10122016460905352,0.1325852417302799,0.2,0.3,0.035770252796212196","0,0,0"
23.566666666666666,0,AV,1,0,0,45,417.8295094645922,0.5,-0.7356666666666667,"0.12380000000000001,0.1751666666666667,0.1853439716312057,0.5,0.45,0.02009442248289757","0,0,0"
40.7,100,AV,1,0,0,60,1830.3424648913517,0.1,-0.507,"0.22003333333333333,0.3296464646464646,0.286925572519084,0.1,0.6,0.08802555574651609","0,0,0"
16.916666666666668,160,AV,1,0,0,38,2857.6088215719105,0.1,-0.26916666666666667,"0.08230555555555555,0.13203492063492062,0.14968077601410937,0.1,0.38,0.13742925679208662","0,0,0"
28.716666666666665,229,AV,1,0,0,49,4617.971391102537,0.9,-1.1871666666666667,"0.14686666666666667,0.2056160714285715,0.214534170153417,0.9,0.49,0.22208931165646234","0,0,0"
41.05,193,AV,1,0,0,60,3361.758609282253,0.4,-0.8105,"0.22003333333333333,0.3296464646464646,0.286925572519084,0.4,0.6,0.16167502833152653","0,0,0"
12.183333333333334,265,AV,1,0,0,28,6947.27484286379,0.1,-0.22183333333333333,"0.06627777777777777,0.09739121756487026,0.12601706036745405,0.1,0.28,0.3341110970744898","0,0,0"
24.083333333333332,161,AV,1,0,0,45,2857.712092786687,0.3,-0.5408333333333333,"0.12380000000000001,0.1751666666666667,0.1853439716312057,0.3,0.45,0.13743422335230565","0,0,0"
31.366666666666667,87,AV,1,0,0,51,1628.9397076974285,0.6,-0.9136666666666666,"0.16473333333333331,0.25559375,0.23071419518377695,0.6,0.51,0.07833961446998668","0,0,0"
24.516666666666666,67,AV,1,0,0,46,1323.5149786113286,0.5,-0.7451666666666666,"0.12696666666666667,0.17639814814814814,0.19276307922272043,0.5,0.46,0.06365100726547157","0,0,0"
47.983333333333334,33,AV,1,0,0,71,870.7377108213431,0.4,-0.8798333333333334,"0.2653333333333333,0.39310101010101006,0.3282175572519084,0.4,0.71,0.04187586332869553","0,0,0"
18.766666666666666,207,AV,1,0,0,41,3822.7735841463273,0.5,-0.6876666666666666,"0.09025,0.1430656565656566,0.15545555555555557,0.5,0.41,0.18384634334403438","0,0,0"
36.9,68,AV,1,0,0,56,1365.417472605012,0.3,-0.669,"0.1990208333333333,0.30659444444444445,0.26857951653944023,0.3,0.56,0.06566619862539994","0,0,0"
51.916666666666664,49,AV,1,0,0,82,1059.8377785859489,0.1,-0.6191666666666666,"0.2803333333333333,0.46451388888888884,0.34746309963099636,0.1,0.82,0.05097013878586871","0,0,0"
53.266666666666666,179,AV,1,0,0,87,3159.4556453821087,0.2,-0.7326666666666666,"0.2894,0.4476428571428572,0.3540524344569289,0.2,0.87,0.15194579395705407","0,0,0"
14.916666666666666,198,AV,1,0,0,35,3427.0421228311798,0.9,-1.0491666666666668,"0.0721875,0.11821584699453551,0.1433686274509804,0.9,0.35,0.16481466895696031","0,0,0"
10.85,8,AV,1,0,0,25,571.0932451196882,0.1,-0.20850000000000002,"0.05467948717948719,0.0868359375,0.1204006734006734,0.1,0.25,0.027465242843352784","0,0,0"
13.716666666666667,177,AV,1,0,0,33,3097.4575811220984,0.6,-0.7371666666666666,"0.07054166666666667,0.11159823399558501,0.14052955082742322,0.6,0.33,0.14896415846185204","0,0,0"
18.95,234,AV,1,0,0,42,4705.31956239884,0.1,-0.2895,"0.10016666666666668,0.1528744292237443,0.16524585218702867,0.1,0.42,0.2262900945532605","0,0,0"
37.266666666666666,154,AV,1,0,0,55,2758.442965787371,0.1,-0.4726666666666667,"0.1991666666666667,0.30122043010752686,0.26569038461538463,0.1,0.55,0.13266013312591463","0,0,0"
49.266666666666666,194,AV,1,0,0,74,3368.9508766880413,0.4,-0.8926666666666667,"0.2702407407407407,0.42939333333333335,0.3361842105263158,0.4,0.74,0.16202092170810273","0,0,0"
11.55,50,AV,1,0,0,27,1062.4074567339185,0.3,-0.4155,"0.05508333333333333,0.09123333333333332,0.12224867724867725,0.3,0.27,0.05109372076651086","0,0,0"
46.75,178,AV,1,0,0,67,3158.0604616132755,0.7,-1.1675,"0.24736666666666665,0.3721969696969697,0.31472964376590334,0.7,0.67,0.15187869622590497","0,0,0"
46.016666666666666,188,AV,1,0,0,67,3269.866339895674,0.1,-0.5601666666666667,"0.24736666666666665,0.3721969696969697,0.31472964376590334,0.1,0.67,0.15725570886715387","0,0,0"
51.166666666666664,195,AV,1,0,0,80,3387.2787239910285,0.6,-1.1116666666666666,"0.27795238095238095,0.46881060606060593,0.3480590405904059,0.6,0.8,0.16290235180953377","0,0,0"
24.633333333333333,14,AV,1,0,0,46,627.4062491148882,0.4,-0.6463333333333333,"0.12696666666666667,0.17639814814814814,0.19276307922272043,0.4,0.46,0.03017347016557005","0,0,0"
47.81666666666667,65,AV,1,0,0,70,1267.69032506861,0.9,-1.3781666666666668,"0.25966666666666666,0.3915312500000001,0.32506226415094347,0.9,0.7,0.0609662658868978","0,0,0"
33.083333333333336,197,AV,1,0,0,52,3414.9419898187493,0.6,-0.9308333333333334,"0.17746296296296296,0.2517307692307693,0.23840542328042327,0.6,0.52,0.1642327445611401","0,0,0"
8.1,233,AV,0,0,0,34,4689.4303597647895,0.3,-0.44497365500381314,"0.07187037037037038,0.11550246913580248,0.14270405982905982,0.3,0.34,0.22552594471842924","0,0,0"
24.966666666666665,139,AV,1,0,0,46,2476.7673195544394,0.9,-1.1496666666666666,"0.12696666666666667,0.17639814814814814,0.19276307922272043,0.9,0.46,0.11911367623300487","0,0,0"
22.333333333333332,159,AV,1,0,0,44,2835.850686157305,0.5,-0.7233333333333334,"0.11591666666666667,0.16808950617283952,0.17751666666666666,0.5,0.44,0.13638285591431848","0,0,0"
23.25,118,AV,1,0,0,45,2108.868816674547,0.1,-0.3325,"0.12380000000000001,0.1751666666666667,0.1853439716312057,0.1,0.45,0.10142055552171977","0,0,0"
10.383333333333333,39,AV,1,0,0,25,913.5589076746268,0.7,-0.8038333333333333,"0.05467948717948719,0.0868359375,0.1204006734006734,0.7,0.25,0.04393523731091094","0,0,0"
13.933333333333334,238,AV,1,0,0,33,4889.272753955773,0.3,-0.43933333333333335,"0.07054166666666667,0.11159823399558501,0.14052955082742322,0.3,0.33,0.2351368443985718","0,0,0"
11.283333333333333,85,AV,1,0,0,27,1587.6148581174584,0.2,-0.31283333333333335,"0.05508333333333333,0.09123333333333332,0.12224867724867725,0.2,0.27,0.07635220341429991","0,0,0"
37.516666666666666,126,AV,1,0,0,55,2241.037238818388,0.2,-0.5751666666666666,"0.1991666666666667,0.30122043010752686,0.26569038461538463,0.2,0.55,0.10777685169826198","0,0,0"
50.36666666666667,11,AV,1,0,0,76,597.1498506777683,0.9,-1.4036666666666666,"0.2721458333333333,0.4307884615384615,0.3422061403508772,0.9,0.76,0.02871836745206032","0,0,0"
11.033333333333333,149,AV,1,0,0,26,2622.7149314101284,0.2,-0.31033333333333335,"0.05508333333333333,0.08986268939393939,0.12093750000000002,0.2,0.26,0.1261326466660798","0,0,0"
10.266666666666667,186,AV,1,0,0,24,3251.3322332141274,0.2,-0.3026666666666667,"0.053569444444444454,0.08545345345345347,0.11881712962962966,0.2,0.24,0.15636435925788542","0,0,0"
35.2,36,AV,1,0,0,53,881.2906222289953,0.2,-0.552,"0.17809999999999998,0.2508604651162791,0.24262618083670712,0.2,0.53,0.04238337812946123","0,0,0"
26.65,18,AV,1,0,0,48,727.2326469992182,0.4,-0.6665,"0.14025,0.19592328042328042,0.20507860262008734,0.4,0.48,0.034974360884380204","0,0,0"
34.78333333333333,245,AV,1,0,0,53,5144.150368411208,0.2,-0.5478333333333334,"0.17809999999999998,0.2508604651162791,0.24262618083670712,0.2,0.53,0.2473945197189757","0,0,0"
29.616666666666667,220,AV,1,0,0,50,4200.245935785981,0.1,-0.39616666666666667,"0.15466666666666667,0.21233962264150946,0.22079698216735255,0.1,0.5,0.2019998933869206","0,0,0"
12.566666666666666,214,AV,1,0,0,27,4034.238052294327,0.1,-0.22566666666666668,"0.05508333333333333,0.09123333333333332,0.12224867724867725,0.1,0.27,0.19401617641430308","0,0,0"
17.366666666666667,230,AV,1,0,0,40,4639.089550420253,0.3,-0.4736666666666667,"0.09025,0.1405375816993464,0.15416493055555558,0.3,0.4,0.22310493454996042","0,0,0"
22.216666666666665,227,AV,1,0,0,44,4559.760277629775,0.2,-0.4221666666666667,"0.11591666666666667,0.16808950617283952,0.17751666666666666,0.2,0.44,0.21928979970044837","0,0,0"
41.95,59,AV,1,0,0,61,1194.3606142611325,0.2,-0.6195,"0.2262,0.34519354838709676,0.2960675505050505,0.2,0.61,0.05743966435173499","0,0,0"
32.78333333333333,12,AV,2,0,0,58,610.4868582393152,0.3,-0.6278333333333332,"0.21202777777777776,0.3191182795698925,0.2756894803548796,0.3,0.58,0.029359776109248604","0,0,0"
38.11666666666667,264,AV,1,0,0,57,6918.069898529506,0.2,-0.5811666666666666,"0.2063611111111111,0.3112388888888889,0.272447601010101,0.2,0.57,0.33270656130870674","0,0,0"
39.11666666666667,127,AV,1,0,0,58,2271.53748778668,0.2,-0.5911666666666666,"0.21202777777777776,0.3191182795698925,0.2756894803548796,0.2,0.58,0.10924368176822945","0,0,0"
13.05,185,AV,1,0,0,31,3245.380745418587,0.2,-0.3305,"0.06616666666666667,0.10577215189873418,0.1334154411764706,0.2,0.31,0.156078137946426","0,0,0"
23.566666666666666,287,AV,1,0,0,45,11049.706566164488,0.1,-0.33566666666666667,"0.12380000000000001,0.1751666666666667,0.1853439716312057,0.1,0.45,0.5314068705608562","0,0,0"
12.083333333333334,40,AV,1,0,0,27,931.9887487728153,0.8,-0.9208333333333334,"0.05508333333333333,0.09123333333333332,0.12224867724867725,0.8,0.27,0.04482157253839216","0,0,0"
37.95,134,AV,1,0,0,57,2411.397471856681,0.7,-1.0795,"0.2063611111111111,0.3112388888888889,0.272447601010101,0.7,0.57,0.11596988359144483","0,0,0"
30.166666666666668,82,AV,1,0,0,50,1538.317647081207,0.5,-0.8016666666666667,"0.15466666666666667,0.21233962264150946,0.22079698216735255,0.5,0.5,0.07398138238957058","0,0,0"
51.46666666666667,74,AV,1,0,0,82,1447.5744631551047,0.1,-0.6146666666666667,"0.2803333333333333,0.46451388888888884,0.34746309963099636,0.1,0.82,0.06961732519889745","0,0,0"
28.45,167,AV,1,0,0,49,2953.761118311176,0.2,-0.4845,"0.14686666666666667,0.2056160714285715,0.214534170153417,0.2,0.49,0.14205345118145746","0,0,0"
39.516666666666666,224,AV,1,0,0,58,4547.885280126284,0.2,-0.5951666666666666,"0.21202777777777776,0.3191182795698925,0.2756894803548796,0.2,0.58,0.2187187026108142","0,0,0"
23.1,58,AV,1,0,0,44,1148.9174546898266,0.9,-1.131,"0.11591666666666667,0.16808950617283952,0.17751666666666666,0.9,0.44,0.05525419389859809","0,0,0"
47.0,42,AV,1,0,0,67,961.7772661313056,0.4,-0.87,"0.24736666666666665,0.3721969696969697,0.31472964376590334,0.4,0.67,0.04625417372950396","0,0,0"
34.9,32,AV,1,0,0,53,861.805442805673,0.2,-0.5489999999999999,"0.17809999999999998,0.2508604651162791,0.24262618083670712,0.2,0.53,0.04144628915269407","0,0,0"
25.166666666666668,277,AV,1,0,0,47,8348.421721831439,0.2,-0.4516666666666667,"0.1366111111111111,0.18470833333333336,0.2021438053097345,0.2,0.47,0.4014956084811817","0,0,0"
35.85,216,AV,1,0,0,54,4113.319853961603,0.1,-0.4585,"0.19116666666666668,0.29050537634408596,0.25653205128205125,0.1,0.54,0.19781940978440954","0,0,0"
34.416666666666664,148,AV,1,0,0,53,2619.168197182975,0.4,-0.7441666666666666,"0.17809999999999998,0.2508604651162791,0.24262618083670712,0.4,0.53,0.12596207571697113","0,0,0"
51.13333333333333,196,AV,1,0,0,77,3393.6426315430986,0.5,-1.0113333333333334,"0.277,0.4578623188405797,0.34689925373134334,0.5,0.77,0.1632084073754924","0,0,0"
39.75,90,AV,1,0,0,59,1659.6531244520008,0.5,-0.8975,"0.21761111111111117,0.3271262626262626,0.2846992337164751,0.5,0.59,0.07981669628967558","0,0,0"
14.383333333333333,66,AV,1,0,0,32,1317.647826688136,0.1,-0.24383333333333335,"0.06845238095238095,0.10931970649895177,0.139181592039801,0.1,0.32,0.06336884186823323","0,0,0"
29.766666666666666,253,AV,1,0,0,50,5654.280440205098,0.2,-0.49766666666666665,"0.15466666666666667,0.21233962264150946,0.22079698216735255,0.2,0.5,0.2719278974523786","0,0,0"
19.783333333333335,91,AV,1,0,0,42,1661.9571573900298,0.9,-1.0978333333333334,"0.10016666666666668,0.1528744292237443,0.16524585218702867,0.9,0.42,0.07992750275552475","0,0,0"
8.333333333333334,289,AV,1,0,0,12,11940.25564443948,0.2,-0.2833333333333333,"0.054500000000000014,0.0777888888888889,0.11566666666666668,0.2,0.12,0.5742355100304415","0,0,0"
25.116666666666667,211,AV,1,0,0,46,3958.913906791885,0.1,-0.3511666666666666,"0.12696666666666667,0.17639814814814814,0.19276307922272043,0.1,0.46,0.1903936577347851","0,0,0"
16.15,153,AV,1,0,0,36,2756.9260540590044,0.5,-0.6615,"0.07929166666666668,0.12334057971014493,0.14655340699815836,0.5,0.36,0.1325871812054576","0,0,0"
17.866666666666667,184,AV,1,0,0,41,3230.862018062417,0.1,-0.2786666666666667,"0.09025,0.1430656565656566,0.15545555555555557,0.1,0.41,0.15537989755219744","0,0,0"
10.266666666666667,57,AV,1,0,0,23,1141.5133047894662,0.1,-0.20266666666666666,"0.053569444444444454,0.08414115646258503,0.11835714285714286,0.1,0.23,0.05489811058505904","0,0,0"
34.13333333333333,96,AV,0,0,0,77,1723.69240549938,0.3,-0.815378307391849,"0.277,0.4578623188405797,0.34689925373134334,0.3,0.77,0.08289649879217476","0,0,0"
29.766666666666666,79,AV,1,0,0,50,1503.4428459110418,0.2,-0.49766666666666665,"0.15466666666666667,0.21233962264150946,0.22079698216735255,0.2,0.5,0.0723041696201366","0,0,0"
26.133333333333333,152,AV,1,0,0,47,2747.619709803412,0.2,-0.4613333333333333,"0.1366111111111111,0.18470833333333336,0.2021438053097345,0.2,0.47,0.13213961680656489","0,0,0"
52.4,208,AV,1,0,0,82,3849.958431883558,0.1,-0.624,"0.2803333333333333,0.46451388888888884,0.34746309963099636,0.1,0.82,0.18515372782308936","0,0,0"
43.583333333333336,62,AV,1,0,0,63,1249.5878531833848,0.2,-0.6358333333333334,"0.2375925925925926,0.35797222222222225,0.30206066411238824,0.2,0.63,0.06009567462944302","0,0,0"
31.216666666666665,25,AV,1,0,0,51,802.5586880039084,0.7,-1.0121666666666667,"0.16473333333333331,0.25559375,0.23071419518377695,0.7,0.51,0.038596970723144074","0,0,0"
44.36666666666667,16,AV,1,0,0,64,649.7132696839626,0.1,-0.5436666666666666,"0.23760416666666664,0.35981770833333326,0.3058641025641025,0.1,0.64,0.0312462682458781","0,0,0"
38.85,228,AV,1,0,0,58,4617.1597275219765,0.1,-0.48850000000000005,"0.21202777777777776,0.3191182795698925,0.2756894803548796,0.1,0.58,0.2220502768096353","0,0,0"
9.55,29,AV,1,0,0,22,845.7864251007381,0.1,-0.1955,"0.053569444444444454,0.08270299145299147,0.11763333333333337,0.1,0.22,0.040675896199988425","0,0,0"
19.666666666666668,26,AV,1,0,0,42,806.3598325453933,0.1,-0.2966666666666667,"0.10016666666666668,0.1528744292237443,0.16524585218702867,0.1,0.42,0.03877977687399022","0,0,0"
44.28333333333333,259,AV,1,0,0,63,5960.007005011629,0.1,-0.5428333333333333,"0.2375925925925926,0.35797222222222225,0.30206066411238824,0.1,0.63,0.2866310206600706","0,0,0"
31.833333333333332,130,AV,1,0,0,51,2344.9936519099742,0.1,-0.41833333333333333,"0.16473333333333331,0.25559375,0.23071419518377695,0.1,0.51,0.11277636474640867","0,0,0"
48.666666666666664,175,AV,1,0,0,72,3046.5766145774583,0.1,-0.5866666666666667,"0.26649999999999996,0.39942187500000004,0.331515903307888,0.1,0.72,0.14651717083908622","0,0,0"
8.516666666666667,10,AV,1,0,0,14,588.8906571209208,0.1,-0.18516666666666667,"0.05390909090909091,0.0788397435897436,0.11456521739130436,0.1,0.14,0.02832116303987798","0,0,0"
8.4,180,AV,1,0,0,13,3169.820795106812,0.1,-0.184,"0.05426666666666668,0.07902272727272727,0.11617948717948717,0.1,0.13,0.15244427884849596","0,0,0"
16.083333333333332,113,AV,1,0,0,36,2035.9911412414244,0.9,-1.0608333333333333,"0.07929166666666668,0.12334057971014493,0.14655340699815836,0.9,0.36,0.09791569345106042","0,0,0"
30.566666666666666,280,AV,1,0,0,50,8981.750106371177,0.5,-0.8056666666666666,"0.15466666666666667,0.21233962264150946,0.22079698216735255,0.5,0.5,0.4319538883323586","0,0,0"
27.05,231,AV,1,0,0,48,4645.51881630073,0.1,-0.37050000000000005,"0.14025,0.19592328042328042,0.20507860262008734,0.1,0.48,0.22341413335457028","0,0,0"
20.883333333333333,232,AV,1,0,0,42,4687.914961676448,0.6,-0.8088333333333333,"0.10016666666666668,0.1528744292237443,0.16524585218702867,0.6,0.42,0.22545306559254863","0,0,0"
18.25,63,AV,1,0,0,41,1260.3927948639828,0.1,-0.2825,"0.09025,0.1430656565656566,0.15545555555555557,0.1,0.41,0.06061531017005197","0,0,0"
14.15,203,AV,1,0,0,34,3667.3634505223554,0.2,-0.3415,"0.07187037037037038,0.11550246913580248,0.14270405982905982,0.2,0.34,0.1763722975611855","0,0,0"
14.333333333333334,101,AV,1,0,0,35,1836.592480640456,0.1,-0.24333333333333335,"0.0721875,0.11821584699453551,0.1433686274509804,0.1,0.35,0.0883261339827163","0,0,0"
39.31666666666667,51,AV,1,0,0,58,1076.386102050743,0.2,-0.5931666666666667,"0.21202777777777776,0.3191182795698925,0.2756894803548796,0.2,0.58,0.051765987321103386","0,0,0"
27.916666666666668,276,AV,1,0,0,49,8326.33528790118,0.2,-0.4791666666666667,"0.14686666666666667,0.2056160714285715,0.214534170153417,0.2,0.49,0.40043341894099355","0,0,0"
52.5,94,AV,1,0,0,85,1703.2333497257905,0.2,-0.7250000000000001,"0.28644444444444445,0.4627708333333333,0.3514371184371184,0.2,0.85,0.08191257376772525","0,0,0"
32.166666666666664,61,AV,1,0,0,51,1234.5997004771,0.2,-0.5216666666666667,"0.16473333333333331,0.25559375,0.23071419518377695,0.2,0.51,0.059374858445099786","0,0,0"
44.06666666666667,283,AV,1,0,0,63,9095.945853089892,0.3,-0.7406666666666667,"0.2375925925925926,0.35797222222222225,0.30206066411238824,0.3,0.63,0.4374458354742832","0,0,0"
28.883333333333333,262,AV,1,0,0,49,6427.339783247283,0.1,-0.38883333333333336,"0.14686666666666667,0.2056160714285715,0.214534170153417,0.1,0.49,0.3091061739780037","0,0,0"
44.36666666666667,206,AV,1,0,0,64,3773.073658575576,0.1,-0.5436666666666666,"0.23760416666666664,0.35981770833333326,0.3058641025641025,0.1,0.64,0.18145615481219285","0,0,0"
14.15,217,AV,1,0,0,31,4135.471393234625,0.1,-0.24150000000000002,"0.06616666666666667,0.10577215189873418,0.1334154411764706,0.1,0.31,0.198884730396563","0,0,0"
42.85,181,AV,1,0,0,61,3197.7177395395383,0.9,-1.3285,"0.2262,0.34519354838709676,0.2960675505050505,0.9,0.61,0.15378590976425258","0,0,0"
45.43333333333333,170,AV,1,0,0,66,2969.8754393798326,0.1,-0.5543333333333333,"0.24473809523809517,0.3697323232323232,0.31338205128205127,0.1,0.66,0.1428284275013291","0,0,0"
26.083333333333332,172,AV,1,0,0,47,2991.769966736588,0.9,-1.1608333333333334,"0.1366111111111111,0.18470833333333336,0.2021438053097345,0.9,0.47,0.143881387794473","0,0,0"
10.733333333333333,284,AV,1,0,0,25,9667.367812467324,0.6,-0.7073333333333333,"0.05467948717948719,0.0868359375,0.1204006734006734,0.6,0.25,0.46492688697408946","0,0,0"
27.216666666666665,158,AV,1,0,0,48,2818.3733061874163,0.1,-0.37216666666666665,"0.14025,0.19592328042328042,0.20507860262008734,0.1,0.48,0.13554232682517134","0,0,0"
16.833333333333332,219,AV,0,0,0,50,4196.147454418583,0.2,-0.4398274843989965,"0.15466666666666667,0.21233962264150946,0.22079698216735255,0.2,0.5,0.20180278759551706","0,0,0"
19.883333333333333,109,AV,1,0,0,41,2010.868248891871,0.3,-0.49883333333333335,"0.09025,0.1430656565656566,0.15545555555555557,0.3,0.41,0.0967074733482937","0,0,0"
30.9,213,AV,1,0,0,50,4015.909421979459,0.1,-0.40900000000000003,"0.15466666666666667,0.21233962264150946,0.22079698216735255,0.1,0.5,0.19313470865595408","0,0,0"
22.716666666666665,187,AV,1,0,0,44,3256.7228478661937,0.5,-0.7271666666666666,"0.11591666666666667,0.16808950617283952,0.17751666666666666,0.5,0.44,0.15662360683568316","0,0,0"
30.416666666666668,157,AV,1,0,0,50,2813.5576138103806,0.3,-0.6041666666666667,"0.15466666666666667,0.21233962264150946,0.22079698216735255,0.3,0.5,0.13531072863744203","0,0,0"
16.166666666666668,76,AV,1,0,0,36,1485.5718097438446,0.6,-0.7616666666666667,"0.07929166666666668,0.12334057971014493,0.14655340699815836,0.6,0.36,0.07144470866102204","0,0,0"
49.9,260,AV,1,0,0,75,6130.868263041086,0.3,-0.7989999999999999,"0.2721458333333333,0.4336,0.3399712858926342,0.3,0.75,0.29484814804583803","0,0,0"
12.616666666666667,105,AV,1,0,0,28,1921.5023446668008,0.1,-0.22616666666666668,"0.06627777777777777,0.09739121756487026,0.12601706036745405,0.1,0.28,0.09240965283924012","0,0,0"
27.783333333333335,243,AV,1,0,0,48,5009.92015912814,0.1,-0.37783333333333335,"0.14025,0.19592328042328042,0.20507860262008734,0.1,0.48,0.24093906725761643","0,0,0"
32.333333333333336,6,AV,1,0,0,51,541.9839687696077,0.8,-1.1233333333333335,"0.16473333333333331,0.25559375,0.23071419518377695,0.8,0.51,0.026065307980208553","0,0,0"
47.5,212,AV,1,0,0,69,3971.0791127863904,0.4,-0.875,"0.2536111111111111,0.3852083333333334,0.3194584905660378,0.4,0.69,0.19097871164626756","0,0,0"
44.56666666666667,143,AV,1,0,0,64,2528.765907819195,0.4,-0.8456666666666668,"0.23760416666666664,0.35981770833333326,0.3058641025641025,0.4,0.64,0.12161441296279007","0,0,0"
11.083333333333334,103,AV,1,0,0,25,1888.2149669861096,0.7,-0.8108333333333333,"0.05467948717948719,0.0868359375,0.1204006734006734,0.7,0.25,0.09080878306984375","0,0,0"
37.8,120,AV,1,0,0,56,2147.781038516846,0.2,-0.578,"0.1990208333333333,0.30659444444444445,0.26857951653944023,0.2,0.56,0.10329193752738362","0,0,0"
48.833333333333336,237,AV,1,0,0,72,4735.166802079286,0.2,-0.6883333333333334,"0.26649999999999996,0.39942187500000004,0.331515903307888,0.2,0.72,0.22772551984156938","0,0,0"
18.55,136,AV,1,0,0,41,2421.0391237858234,0.3,-0.4855,"0.09025,0.1430656565656566,0.15545555555555557,0.3,0.41,0.11643357373995898","0,0,0"
12.416666666666666,270,AV,1,0,0,28,7592.14370769901,0.6,-0.7241666666666666,"0.06627777777777777,0.09739121756487026,0.12601706036745405,0.6,0.28,0.36512438628106175","0,0,0"
25.283333333333335,292,AV,1,0,0,46,13430.196447392702,0.3,-0.5528333333333333,"0.12696666666666667,0.17639814814814814,0.19276307922272043,0.3,0.46,0.6458903340456582","0,0,0"
20.783333333333335,56,AV,1,0,0,43,1129.1321270070612,0.2,-0.4078333333333334,"0.11193333333333336,0.15905128205128208,0.17118550724637685,0.2,0.43,0.05430267007269716","0,0,0"
18.9,121,AV,1,0,0,41,2187.718469250836,0.1,-0.289,"0.09025,0.1430656565656566,0.15545555555555557,0.1,0.41,0.10521262428567076","0,0,0"
37.516666666666666,106,AV,1,0,0,56,1927.298426803608,0.2,-0.5751666666666666,"0.1990208333333333,0.30659444444444445,0.26857951653944023,0.2,0.56,0.0926884003201249","0,0,0"
38.18333333333333,119,AV,1,0,0,57,2141.869626207308,0.3,-0.6818333333333333,"0.2063611111111111,0.3112388888888889,0.272447601010101,0.3,0.57,0.10300764354209123","0,0,0"
53.11666666666667,17,AV,1,0,0,87,720.4688823460104,0.2,-0.7311666666666667,"0.2894,0.4476428571428572,0.3540524344569289,0.2,0.87,0.034649075232127916","0,0,0"
41.43333333333333,122,AV,1,0,0,60,2187.907521251699,0.3,-0.7143333333333333,"0.22003333333333333,0.3296464646464646,0.286925572519084,0.3,0.6,0.10522171624947545","0,0,0"
26.416666666666668,291,AV,1,0,0,47,13351.937436366714,0.5,-0.7641666666666667,"0.1366111111111111,0.18470833333333336,0.2021438053097345,0.5,0.47,0.6421266706493964","0,0,0"
27.483333333333334,271,AV,1,0,0,48,7658.5640246764915,0.6,-0.8748333333333334,"0.14025,0.19592328042328042,0.20507860262008734,0.6,0.48,0.3683186985078447","0,0,0"
41.016666666666666,272,AV,1,0,0,59,7912.643587116454,0.6,-1.0101666666666667,"0.21761111111111117,0.3271262626262626,0.2846992337164751,0.6,0.59,0.38053799359420826","0,0,0"
38.11666666666667,95,AV,1,0,0,57,1717.0377309640771,0.1,-0.48116666666666663,"0.2063611111111111,0.3112388888888889,0.272447601010101,0.1,0.57,0.08257645954513855","0,0,0"
41.65,222,AV,1,0,0,60,4429.527615460413,0.1,-0.5165,"0.22003333333333333,0.3296464646464646,0.286925572519084,0.1,0.6,0.21302659886033296","0,0,0"
32.11666666666667,251,AV,1,0,0,51,5557.427333357366,0.1,-0.4211666666666667,"0.16473333333333331,0.25559375,0.23071419518377695,0.1,0.51,0.26726999942532587","0,0,0"
35.21666666666667,171,AV,1,0,0,53,2987.078671303881,0.2,-0.5521666666666667,"0.17809999999999998,0.2508604651162791,0.24262618083670712,0.2,0.53,0.14365577215392691","0,0,0"
47.55,261,AV,1,0,0,69,6254.49597505133,0.2,-0.6755,"0.2536111111111111,0.3852083333333334,0.3194584905660378,0.2,0.69,0.3007937010033377","0,0,0"
44.9,183,AV,1,0,0,64,3227.056348793521,0.9,-1.349,"0.23760416666666664,0.35981770833333326,0.3058641025641025,0.9,0.64,0.1551968737963661","0,0,0"
9.266666666666667,77,AV,1,0,0,21,1490.1599361877834,0.9,-0.9926666666666667,"0.053569444444444454,0.08212990196078432,0.11751818181818184,0.9,0.21,0.07166536265764283","0,0,0"
15.2,83,AV,1,0,0,35,1546.5147326922538,0.2,-0.352,"0.0721875,0.11821584699453551,0.1433686274509804,0.2,0.35,0.07437559988179109","0,0,0"
10.55,295,AV,1,0,0,24,15725.918848752755,0.1,-0.20550000000000002,"0.053569444444444454,0.08545345345345347,0.11881712962962966,0.1,0.24,0.7562971262693423","0,0,0"
9.45,190,AV,1,0,0,22,3292.2479258152307,0.5,-0.5945,"0.053569444444444454,0.08270299145299147,0.11763333333333337,0.5,0.22,0.15833209297387038","0,0,0"
53.31666666666667,269,AV,1,0,0,98,7572.106998522375,0.4,-0.9331666666666667,"0.294875,0.45532098765432105,0.3568283767038414,0.4,0.98,0.3641607729166582","0,0,0"
36.45,235,AV,1,0,0,54,4707.821121085941,0.1,-0.4645,"0.19116666666666668,0.29050537634408596,0.25653205128205125,0.1,0.54,0.2264104005057739","0,0,0"
39.65,166,AV,1,0,0,59,2946.490055333797,0.2,-0.5965,"0.21761111111111117,0.3271262626262626,0.2846992337164751,0.2,0.59,0.14170376833700152","0,0,0"
20.016666666666666,114,AV,1,0,0,42,2046.5713793034688,0.4,-0.6001666666666667,"0.10016666666666668,0.1528744292237443,0.16524585218702867,0.4,0.42,0.09842452245612708","0,0,0"
53.1,274,AV,1,0,0,85,8028.27043643778,0.1,-0.631,"0.28644444444444445,0.4627708333333333,0.3514371184371184,0.1,0.85,0.3860987658900816","0,0,0"
46.0,24,AV,1,0,0,66,767.6170681366935,0.5,-0.96,"0.24473809523809517,0.3697323232323232,0.31338205128205127,0.5,0.66,0.036916544482430876","0,0,0"
9.383333333333333,13,AV,1,0,0,16,614.9217871931492,0.9,-0.9938333333333333,"0.053569444444444454,0.0784125,0.11456521739130436,0.9,0.16,0.029573062471416202","0,0,0"
18.716666666666665,205,AV,1,0,0,41,3758.845856207275,0.3,-0.48716666666666664,"0.09025,0.1430656565656566,0.15545555555555557,0.3,0.41,0.18077190569786353","0,0,0"
28.666666666666668,60,AV,1,0,0,49,1200.7903182940884,0.2,-0.4866666666666667,"0.14686666666666667,0.2056160714285715,0.214534170153417,0.2,0.49,0.057748884228147654","0,0,0"
32.916666666666664,124,AV,1,0,0,51,2218.7455195521825,0.1,-0.4291666666666667,"0.16473333333333331,0.25559375,0.23071419518377695,0.1,0.51,0.1067047894942801","0,0,0"
31.183333333333334,290,AV,1,0,0,50,12726.503958899895,0.2,-0.5118333333333334,"0.15466666666666667,0.21233962264150946,0.22079698216735255,0.2,0.5,0.6120480758003385","0,0,0"
13.166666666666666,163,AV,0,0,0,46,2891.134206742707,0.2,-0.4354321713258207,"0.12696666666666667,0.17639814814814814,0.19276307922272043,0.2,0.46,0.13904157291209238","0,0,0"
8.533333333333333,226,AV,1,0,0,20,4549.115907877681,0.5,-0.5853333333333334,"0.053569444444444454,0.08185310734463278,0.1187205882352941,0.5,0.2,0.21877788644870882","0,0,0"
42.4,201,AV,1,0,0,61,3558.5090095449787,0.4,-0.8240000000000001,"0.2262,0.34519354838709676,0.2960675505050505,0.4,0.61,0.17113722661336772","0,0,0"
21.25,117,AV,1,0,0,43,2105.6010448069283,0.2,-0.4125,"0.11193333333333336,0.15905128205128208,0.17118550724637685,0.2,0.43,0.10126340054104405","0,0,0"
17.566666666666666,221,AV,1,0,0,39,4227.85786318916,0.2,-0.3756666666666667,"0.08856666666666665,0.13881423611111113,0.1516189279731993,0.2,0.39,0.20332781715065273","0,0,0"
51.833333333333336,141,AV,1,0,0,84,2520.718778515204,0.1,-0.6183333333333333,"0.28644444444444445,0.4614374999999999,0.3503449328449328,0.1,0.84,0.12122740722876209","0,0,0"
27.95,242,AV,1,0,0,48,4959.361066312568,0.4,-0.6795,"0.14025,0.19592328042328042,0.20507860262008734,0.4,0.48,0.23850755931388606","0,0,0"
8.116666666666667,71,AV,1,0,0,10,1404.912317929139,0.6,-0.6811666666666667,"0.054500000000000014,0.08395833333333334,0.12575,0.6,0.1,0.06756560039062387","0,0,0"
49.5,19,AV,1,0,0,72,736.5379020629116,0.2,-0.6950000000000001,"0.26649999999999996,0.39942187500000004,0.331515903307888,0.2,0.72,0.03542187290142414","0,0,0"
