travel_time,id,kind,action,bid_route_0,bid_route_1,bid_route_2,karma_balance,origin,destination,start_time,income,urgency,reward
20.85,242,AV,2,0,2,5,23,0,0,47,3131.512437779759,0.5,-10.425
25.383333333333333,296,AV,1,2,6,2,4,0,0,59,6130.868263041086,0.3,-7.614999999999999
52.166666666666664,162,AV,0,5,0,3,3,0,0,66,2043.1688306873104,0.1,-5.216666666666667
37.1,90,AV,2,0,2,5,0,0,0,86,975.0940381265832,0.4,-14.840000000000002
26.583333333333332,234,AV,2,3,2,4,2,0,0,56,892.1845339920479,0.4,-10.633333333333333
25.15,12,AV,2,3,2,5,3,0,0,53,2580.565825479665,1.0,-25.15
9.283333333333333,6,AV,1,3,5,0,4,0,0,25,3523.1638559153366,0.3,-2.7849999999999997
20.833333333333332,121,AV,2,3,2,0,8,0,0,44,1573.7150367511856,0.1,-2.0833333333333335
25.75,67,AV,2,0,2,1,7,0,0,55,2137.1188228190404,0.3,-7.725
16.933333333333334,141,AV,2,3,2,5,1,0,0,37,2891.134206742707,0.9,-15.24
14.066666666666666,218,AV,2,3,2,0,3,0,0,22,5702.891177591027,0.1,-1.4066666666666667
20.566666666666666,128,AV,2,3,2,5,0,0,0,46,753.5670156580491,0.9,-18.51
50.266666666666666,84,AV,0,5,3,0,1,0,0,63,2255.9253983027734,0.4,-20.10666666666667
33.88333333333333,298,AV,2,0,2,4,0,0,0,68,4381.240268036911,0.2,-6.776666666666667
32.03333333333333,139,AV,1,0,4,3,2,0,0,80,904.859336063587,1.0,-32.03333333333333
18.233333333333334,285,AV,2,0,2,1,15,0,0,40,2927.9701715656583,0.3,-5.47
27.483333333333334,38,AV,2,0,2,4,0,0,0,58,13079.31179296209,0.2,-5.496666666666667
23.0,100,AV,2,0,2,1,10,0,0,52,4889.272753955773,0.2,-4.6000000000000005
17.133333333333333,69,AV,2,3,2,1,12,0,0,39,3608.770587345788,0.1,-1.7133333333333334
24.2,226,AV,0,9,0,5,11,0,0,35,3758.845856207275,0.4,-9.68
24.9,78,AV,2,0,2,1,9,0,0,54,9667.367812467324,0.4,-9.96
33.766666666666666,56,AV,2,3,2,5,1,0,0,67,5427.330032863625,0.4,-13.506666666666668
36.666666666666664,17,AV,2,3,2,3,3,0,0,77,2347.541384251396,1.0,-36.666666666666664
55.56666666666667,208,AV,0,4,2,1,6,0,0,68,9280.176126726552,0.1,-5.5566666666666675
15.65,178,AV,2,0,2,0,3,0,0,33,2239.257430619588,0.6,-9.39
14.9,135,AV,2,1,0,2,6,0,0,31,4925.450001742355,0.1,-1.4900000000000002
15.966666666666667,11,AV,1,3,5,1,24,0,0,41,2964.6777926145683,0.2,-3.1933333333333334
33.03333333333333,7,AV,2,1,0,2,7,0,0,66,8139.327108000771,1.0,-33.03333333333333
36.45,260,AV,2,0,2,5,0,0,0,93,5611.673516276995,0.3,-10.935
9.233333333333333,290,AV,1,3,5,0,0,0,0,23,1963.0347272178835,0.6,-5.539999999999999
36.333333333333336,32,AV,0,4,2,1,19,0,0,48,4617.971391102537,0.1,-3.6333333333333337
29.283333333333335,25,AV,0,8,9,7,5,0,0,39,2436.431929205765,0.1,-2.9283333333333337
30.9,248,AV,1,3,6,5,0,0,0,70,1830.3424648913517,0.2,-6.18
32.9,289,AV,0,4,5,1,25,0,0,43,1434.2863071033526,0.1,-3.29
28.9,264,AV,2,0,2,1,14,0,0,61,13430.196447392702,0.3,-8.67
29.333333333333332,75,AV,2,0,2,1,3,0,0,61,2991.769966736588,0.3,-8.799999999999999
16.55,281,AV,2,0,2,1,11,0,0,38,1661.9571573900298,0.3,-4.965
45.15,203,AV,0,7,2,1,15,0,0,57,20239.22920549412,0.1,-4.515
20.633333333333333,164,AV,2,3,2,1,16,0,0,45,3520.054626539052,0.1,-2.0633333333333335
20.733333333333334,175,AV,0,4,5,1,9,0,0,32,4754.245589533712,0.1,-2.0733333333333337
15.516666666666667,157,AV,0,5,3,5,1,0,0,26,7958.958807233507,0.1,-1.5516666666666667
32.35,47,AV,2,0,1,2,3,0,0,66,1848.7234685638712,0.3,-9.705
27.916666666666668,46,AV,2,3,2,5,8,0,0,55,636.6552097563458,0.8,-22.333333333333336
34.15,24,AV,2,0,2,5,1,0,0,74,586.8516376274475,0.3,-10.245
26.95,154,AV,2,0,2,4,5,0,0,57,861.805442805673,0.3,-8.084999999999999
30.366666666666667,183,AV,2,0,2,4,2,0,0,64,1799.695682844959,0.2,-6.073333333333334
24.1,27,AV,0,4,2,9,16,0,0,36,3230.862018062417,0.1,-2.41
57.05,227,AV,0,4,2,2,0,0,0,75,1011.0784796502788,0.3,-17.115
43.266666666666666,297,AV,0,5,2,0,10,0,0,56,2486.38103050259,1.0,-43.266666666666666
32.03333333333333,194,AV,2,0,2,1,7,0,0,66,1205.4292211271013,0.1,-3.203333333333333
23.016666666666666,76,AV,2,3,2,1,13,0,0,48,1447.5744631551047,0.1,-2.3016666666666667
12.483333333333333,21,AV,2,3,0,4,3,0,0,23,5985.732437913218,0.5,-6.241666666666666
27.783333333333335,171,AV,0,6,5,3,14,0,0,38,2034.664800296876,0.2,-5.5566666666666675
32.81666666666667,286,AV,2,3,2,3,3,0,0,66,8326.33528790118,0.5,-16.408333333333335
20.766666666666666,13,AV,1,0,4,5,16,0,0,53,5009.92015912814,0.1,-2.0766666666666667
9.283333333333333,284,AV,1,3,5,0,0,0,0,23,3531.3895067900216,0.4,-3.7133333333333334
58.8,91,AV,0,5,0,6,2,0,0,84,3458.1247672483346,0.3,-17.639999999999997
13.683333333333334,279,AV,2,0,2,1,3,0,0,26,4843.3187157075145,0.8,-10.946666666666667
26.35,23,AV,1,2,6,4,0,0,0,61,632.5893922142865,0.2,-5.2700000000000005
11.933333333333334,222,AV,2,3,2,0,4,0,0,26,1822.2981036688468,0.3,-3.58
10.916666666666666,223,AV,1,3,5,0,5,0,0,29,1659.6531244520008,0.2,-2.183333333333333
14.95,1,AV,2,0,2,1,18,0,0,34,1546.5147326922538,0.6,-8.969999999999999
29.466666666666665,87,AV,2,3,2,3,3,0,0,63,600.3305173079323,0.6,-17.68
22.166666666666668,145,AV,2,0,2,1,14,0,0,49,1782.711710770346,0.2,-4.433333333333334
32.3,249,AV,2,0,2,4,1,0,0,66,3197.7177395395383,0.1,-3.23
25.966666666666665,64,AV,0,4,5,1,14,0,0,36,4934.883137056144,0.1,-2.5966666666666667
21.5,282,AV,2,0,2,1,10,0,0,48,3534.445695738256,0.2,-4.3
33.7,81,AV,2,0,2,1,3,0,0,68,3628.2404526711953,0.2,-6.740000000000001
20.016666666666666,273,AV,2,0,2,5,22,0,0,45,1836.592480640456,0.3,-6.005
25.483333333333334,159,AV,2,3,2,5,2,0,0,53,2241.037238818388,0.7,-17.83833333333333
22.35,206,AV,0,6,8,4,2,0,0,35,6778.2755320215965,0.2,-4.470000000000001
13.75,278,AV,1,3,5,1,20,0,0,38,658.4091024775607,0.2,-2.75
29.466666666666665,96,AV,2,1,2,3,19,0,0,59,736.5379020629116,0.2,-5.8933333333333335
35.266666666666666,213,AV,2,0,2,5,1,0,0,77,3236.647802754315,0.3,-10.58
32.68333333333333,245,AV,2,0,2,1,3,0,0,65,10721.15711953896,0.2,-6.536666666666666
22.516666666666666,60,AV,2,3,2,7,9,0,0,50,2818.3733061874163,0.9,-20.265
48.333333333333336,122,AV,0,5,4,1,4,0,0,62,2250.3510049999354,0.3,-14.5
35.61666666666667,193,AV,2,0,2,1,3,0,0,81,4818.617258984985,0.1,-3.561666666666667
31.133333333333333,36,AV,1,0,4,2,2,0,0,75,5912.288420941998,0.9,-28.02
21.066666666666666,270,AV,2,3,2,5,2,0,0,46,8134.997760071039,0.8,-16.853333333333335
39.733333333333334,133,AV,0,8,8,4,4,0,0,53,8480.737499651503,0.1,-3.9733333333333336
16.083333333333332,176,AV,2,0,2,1,19,0,0,36,2478.182963693478,0.4,-6.433333333333334
14.783333333333333,52,AV,2,0,2,2,8,0,0,28,1129.1321270070612,0.1,-1.4783333333333335
35.46666666666667,88,AV,2,0,2,5,1,0,0,84,4446.537177105173,0.3,-10.64
14.183333333333334,83,AV,2,0,2,0,3,0,0,27,2198.5025098873134,0.5,-7.091666666666667
29.366666666666667,225,AV,0,9,7,7,6,0,0,39,2158.6935677652164,0.4,-11.746666666666668
28.283333333333335,65,AV,1,1,5,7,2,0,0,65,4034.238052294327,0.6,-16.97
53.45,101,AV,0,4,0,3,2,0,0,66,2946.490055333797,0.3,-16.035
17.85,129,AV,2,3,1,0,9,0,0,40,985.8695826897422,0.8,-14.280000000000001
27.65,148,AV,2,0,2,1,9,0,0,56,3958.913906791885,0.2,-5.53
25.45,103,AV,2,0,2,4,1,0,0,53,1111.987968807459,0.3,-7.635
33.2,215,AV,2,0,2,4,0,0,0,69,2046.5713793034688,0.1,-3.3200000000000003
24.566666666666666,257,AV,2,0,3,9,6,0,0,50,1017.530975349866,0.6,-14.739999999999998
19.95,263,AV,2,0,2,5,19,0,0,44,5721.231751015957,0.4,-7.98
30.95,268,AV,0,9,0,8,10,0,0,42,3849.958431883558,0.5,-15.475
20.95,190,AV,1,0,5,5,9,0,0,50,5825.994272151124,0.5,-10.475
12.083333333333334,40,AV,0,4,5,0,2,0,0,23,497.26542980048754,0.1,-1.2083333333333335
20.166666666666668,288,AV,2,0,2,5,16,0,0,43,2294.767722006211,0.7,-14.116666666666667
28.4,151,AV,2,0,2,1,3,0,0,60,4266.216809230351,0.3,-8.52
27.416666666666668,185,AV,2,0,2,1,12,0,0,50,3024.224513765153,0.2,-5.483333333333334
13.883333333333333,192,AV,1,0,5,5,11,0,0,38,2761.3662775036096,0.2,-2.776666666666667
32.2,254,AV,2,3,2,5,1,0,0,66,2421.832203454489,0.4,-12.880000000000003
29.4,118,AV,2,3,2,5,5,0,0,58,2113.1349678504243,1.0,-29.4
28.6,109,AV,2,3,2,4,0,0,0,57,8348.421721831439,0.4,-11.440000000000001
5.15,29,AV,0,4,5,0,2,0,0,12,12051.378145129962,0.1,-0.515
28.25,142,AV,2,0,2,1,10,0,0,56,473.5024380788758,0.2,-5.65
31.083333333333332,106,AV,0,8,6,8,2,0,0,42,2996.640782499388,0.3,-9.325
10.633333333333333,41,AV,2,3,2,0,3,0,0,22,2382.718205806423,0.6,-6.38
25.583333333333332,173,AV,2,0,2,1,6,0,0,55,926.7012599248138,0.2,-5.116666666666667
17.233333333333334,247,AV,2,0,2,1,22,0,0,38,5004.1281918097375,0.3,-5.17
14.133333333333333,174,AV,2,0,2,5,4,0,0,29,913.5589076746268,1.0,-14.133333333333333
10.1,73,AV,1,3,5,0,1,0,0,28,1485.5718097438446,0.2,-2.02
35.96666666666667,86,AV,2,0,2,4,3,0,0,76,3987.5502105766736,0.1,-3.596666666666667
26.85,165,AV,2,1,3,8,13,0,0,49,2318.1098695731453,0.7,-18.794999999999998
28.616666666666667,232,AV,2,3,2,5,0,0,0,58,1446.9812594843625,1.0,-28.616666666666667
35.96666666666667,66,AV,2,0,2,1,3,0,0,77,2987.078671303881,0.1,-3.596666666666667
28.333333333333332,93,AV,2,0,2,4,1,0,0,56,1614.9573615816892,0.2,-5.666666666666667
55.5,54,AV,0,6,8,1,3,0,0,67,2496.2043409386315,0.1,-5.550000000000001
15.8,269,AV,2,0,2,1,10,0,0,32,2352.9451803313505,0.4,-6.32
8.383333333333333,123,AV,1,2,6,0,5,0,0,21,4113.319853961603,0.6,-5.029999999999999
15.6,144,AV,2,0,2,4,5,0,0,33,5590.116807812239,0.8,-12.48
27.3,184,AV,2,0,2,4,0,0,0,56,11940.25564443948,0.3,-8.19
18.116666666666667,134,AV,2,0,2,5,20,0,0,38,2968.817229463249,0.6,-10.87
27.4,216,AV,2,3,2,4,5,0,0,54,969.457736312404,0.4,-10.96
17.65,8,AV,2,3,2,5,15,0,0,40,1900.764377468582,1.0,-17.65
12.683333333333334,202,AV,2,3,2,0,3,0,0,20,5307.329693361759,0.3,-3.8049999999999997
14.333333333333334,179,AV,2,0,2,4,2,0,0,33,743.7553910389753,0.7,-10.033333333333333
36.38333333333333,105,AV,2,3,2,3,4,0,0,75,1684.196745492046,0.9,-32.745
21.016666666666666,120,AV,2,0,2,1,14,0,0,45,1567.0706205360798,0.4,-8.406666666666666
31.35,5,AV,2,0,2,1,7,0,0,63,6197.036257351283,0.1,-3.1350000000000002
17.133333333333333,209,AV,2,3,2,0,8,0,0,35,2753.3979495063454,0.2,-3.4266666666666667
14.533333333333333,233,AV,2,0,2,5,3,0,0,27,2793.3389947689566,1.0,-14.533333333333333
6.833333333333333,280,AV,0,4,5,0,2,0,0,17,2446.4664131825853,0.2,-1.3666666666666667
16.183333333333334,246,AV,1,1,6,3,10,0,0,41,1572.8756307612184,0.5,-8.091666666666667
8.6,274,AV,0,4,2,0,0,0,0,18,1293.252850487379,0.2,-1.72
46.75,4,AV,0,8,7,6,1,0,0,58,679.8949342204361,0.2,-9.35
36.65,9,AV,2,0,2,1,3,0,0,84,2667.9339807116767,0.2,-7.33
20.216666666666665,211,AV,1,0,4,8,5,0,0,50,2417.357356239525,0.8,-16.173333333333332
14.716666666666667,196,AV,2,1,3,4,6,0,0,29,4281.8327360815,0.1,-1.4716666666666667
14.683333333333334,35,AV,2,3,2,0,4,0,0,28,912.6272274022258,0.2,-2.936666666666667
34.3,235,AV,2,3,2,5,1,0,0,73,2337.3116255789537,0.5,-17.15
25.216666666666665,117,AV,2,0,2,1,9,0,0,52,3251.3322332141274,0.2,-5.043333333333333
13.083333333333334,0,AV,2,3,2,1,4,0,0,26,5051.78348307234,0.1,-1.3083333333333336
16.866666666666667,89,AV,1,2,7,3,19,0,0,44,3132.463358685509,0.3,-5.06
28.716666666666665,33,AV,2,3,0,1,5,0,0,57,763.1985099142711,0.7,-20.101666666666663
21.916666666666668,72,AV,2,0,2,1,22,0,0,47,7099.697064525982,0.3,-6.575
16.366666666666667,224,AV,2,0,2,1,12,0,0,32,591.6693204447811,0.3,-4.91
22.433333333333334,236,AV,0,4,2,0,2,0,0,33,4237.057085974603,0.1,-2.2433333333333336
32.7,110,AV,2,0,2,4,2,0,0,67,13351.937436366714,0.2,-6.540000000000001
18.5,59,AV,2,0,2,1,22,0,0,40,3017.17067826153,0.4,-7.4
22.416666666666668,267,AV,2,0,2,1,7,0,0,49,4021.28082322038,0.3,-6.7250000000000005
19.883333333333333,187,AV,2,0,2,1,13,0,0,42,4200.245935785981,0.3,-5.965
46.833333333333336,16,AV,0,7,2,1,7,0,0,58,5578.433439706214,0.1,-4.683333333333334
16.666666666666668,250,AV,2,3,1,1,3,0,0,37,2283.7291705859197,0.5,-8.333333333333334
5.35,108,AV,0,4,6,0,6,0,0,9,2177.5877894542577,0.3,-1.6049999999999998
22.683333333333334,119,AV,2,3,0,3,5,0,0,49,5341.061461458292,0.3,-6.805
26.616666666666667,34,AV,2,0,2,1,5,0,0,55,7177.938863287724,0.1,-2.661666666666667
28.866666666666667,191,AV,2,3,2,5,5,0,0,60,2953.464044858564,0.6,-17.32
34.5,124,AV,0,4,2,1,22,0,0,45,6947.27484286379,0.1,-3.45
35.13333333333333,230,AV,2,0,2,4,2,0,0,73,2010.868248891871,0.1,-3.5133333333333336
36.03333333333333,112,AV,2,0,2,5,3,0,0,85,898.3728471886773,0.2,-7.206666666666667
17.966666666666665,39,AV,2,0,2,1,21,0,0,39,4864.205776554158,0.3,-5.39
25.05,43,AV,2,3,2,5,6,0,0,52,3667.3634505223554,0.6,-15.03
30.116666666666667,132,AV,2,3,2,7,7,0,0,60,1391.0507319816634,0.5,-15.058333333333334
29.85,240,AV,1,3,5,1,2,0,0,64,2857.6088215719105,0.3,-8.955
18.2,80,AV,2,3,2,1,15,0,0,38,1723.69240549938,0.1,-1.82
14.3,79,AV,1,3,5,1,18,0,0,39,4569.840806868062,0.1,-1.4300000000000002
25.55,137,AV,2,3,2,4,4,0,0,50,2215.952556227922,0.5,-12.775
52.05,253,AV,0,4,2,1,6,0,0,63,2538.843693606908,0.1,-5.205
48.483333333333334,126,AV,0,4,3,7,3,0,0,62,3245.380745418587,0.1,-4.848333333333334
39.63333333333333,167,AV,2,0,2,5,2,0,0,89,3778.090807703549,0.4,-15.853333333333333
34.46666666666667,150,AV,2,2,0,2,3,0,0,70,4227.85786318916,0.3,-10.34
57.03333333333333,265,AV,0,4,6,0,2,0,0,69,2218.0502812558643,0.3,-17.11
29.266666666666666,158,AV,2,3,2,3,3,0,0,62,1338.7213376931895,1.0,-29.266666666666666
32.266666666666666,48,AV,2,0,2,1,3,0,0,65,2815.231094880572,0.2,-6.453333333333333
20.583333333333332,28,AV,2,0,2,5,20,0,0,42,742.4887258523852,0.6,-12.35
43.31666666666667,14,AV,0,4,3,2,3,0,0,55,548.7192496267361,0.2,-8.663333333333334
33.28333333333333,131,AV,2,3,3,2,3,0,0,69,8981.750106371177,0.4,-13.313333333333333
15.6,299,AV,2,3,2,1,17,0,0,37,699.2977112166509,0.2,-3.12
28.883333333333333,2,AV,2,3,2,7,8,0,0,56,863.3540159882258,1.0,-28.883333333333333
39.75,283,AV,0,4,2,1,9,0,0,53,1597.8734280578535,0.1,-3.975
22.983333333333334,19,AV,2,0,2,0,3,0,0,47,1797.659883656486,0.1,-2.2983333333333333
12.15,95,AV,1,3,5,1,10,0,0,32,1122.7546975855585,0.2,-2.43
35.483333333333334,293,AV,2,0,2,1,3,0,0,69,871.0408974081768,0.1,-3.548333333333334
14.383333333333333,107,AV,1,3,5,1,22,0,0,39,2222.040577514192,0.1,-1.4383333333333335
22.966666666666665,287,AV,2,3,2,7,8,0,0,50,4950.268578812107,0.7,-16.076666666666664
36.11666666666667,186,AV,2,0,2,5,4,0,0,75,1975.501985353583,0.3,-10.834999999999999
36.38333333333333,70,AV,0,6,8,2,15,0,0,47,844.3352662229099,0.4,-14.553333333333335
10.766666666666667,181,AV,1,3,5,1,6,0,0,30,17693.100214811147,0.2,-2.1533333333333338
37.15,45,AV,2,3,2,5,0,0,0,80,1832.3133019091129,0.6,-22.29
34.68333333333333,42,AV,0,6,1,4,12,0,0,46,1474.807688008607,0.3,-10.405
20.55,182,AV,2,3,2,1,18,0,0,44,13460.811009378149,0.1,-2.055
28.583333333333332,138,AV,2,0,2,4,0,0,0,58,1996.532829496936,0.3,-8.575
20.1,58,AV,2,0,2,1,10,0,0,45,4135.471393234625,0.2,-4.0200000000000005
15.316666666666666,166,AV,2,3,2,0,3,0,0,29,2850.5966631146844,0.1,-1.5316666666666667
17.65,207,AV,1,3,7,4,6,0,0,45,10708.821866752483,0.1,-1.765
29.883333333333333,205,AV,2,0,2,4,2,0,0,62,567.9518330451218,0.3,-8.965
26.35,149,AV,2,3,0,4,10,0,0,53,1167.011530479414,0.7,-18.445
6.833333333333333,199,AV,0,4,5,0,3,0,0,15,3558.5090095449787,0.2,-1.3666666666666667
60.483333333333334,204,AV,0,4,2,4,1,0,0,84,4747.153558918807,0.1,-6.048333333333334
13.833333333333334,20,AV,2,3,2,0,4,0,0,24,3398.605365942332,0.4,-5.533333333333334
17.383333333333333,57,AV,0,4,2,0,0,0,0,26,588.8906571209208,0.1,-1.7383333333333333
21.85,200,AV,2,0,2,1,13,0,0,49,1526.0895405694364,0.3,-6.555000000000001
25.6,272,AV,2,3,2,1,11,0,0,50,4416.224882412617,0.1,-2.5600000000000005
35.63333333333333,161,AV,2,0,2,4,2,0,0,71,3583.4963710051925,0.2,-7.126666666666667
44.983333333333334,241,AV,0,6,7,2,8,0,0,56,8331.964781214912,0.2,-8.996666666666668
27.683333333333334,99,AV,2,0,2,1,5,0,0,57,1942.5668635563816,0.1,-2.7683333333333335
35.766666666666666,85,AV,2,0,2,1,4,0,0,79,1386.7650627050614,0.2,-7.153333333333333
22.95,217,AV,2,3,2,5,6,0,0,48,1117.0806745336297,1.0,-22.95
26.65,198,AV,2,3,2,5,3,0,0,55,1068.5648373754009,0.5,-13.325
10.883333333333333,221,AV,2,1,3,3,4,0,0,0,1150.2916000513435,0.2,-2.1766666666666667
13.783333333333333,256,AV,0,4,2,2,0,0,0,24,424.9057127261393,0.1,-1.3783333333333334
21.933333333333334,220,AV,2,2,2,3,21,0,0,43,835.7777612710734,0.2,-4.386666666666667
14.0,49,AV,2,0,2,1,12,0,0,32,793.0252767736928,0.3,-4.2
36.71666666666667,113,AV,2,0,2,5,3,0,0,75,4968.170350229253,0.3,-11.015
8.45,71,AV,0,4,5,0,2,0,0,22,2472.005569054355,0.2,-1.69
35.9,231,AV,2,3,2,3,3,0,0,85,3414.9419898187493,0.9,-32.31
26.25,212,AV,2,3,2,5,9,0,0,52,2052.607856914241,1.0,-26.25
24.383333333333333,261,AV,2,0,0,6,8,0,0,49,4639.089550420253,0.1,-2.4383333333333335
26.083333333333332,116,AV,0,4,2,0,3,0,0,35,10450.70686878338,0.1,-2.6083333333333334
58.61666666666667,102,AV,0,5,0,7,2,0,0,82,954.0002559944874,0.2,-11.723333333333334
23.433333333333334,170,AV,2,0,2,1,14,0,0,44,7658.5640246764915,0.2,-4.6866666666666665
15.633333333333333,68,AV,0,4,5,0,2,0,0,24,806.3598325453933,0.2,-3.126666666666667
27.85,259,AV,0,9,4,2,9,0,0,37,1836.3970218708375,0.3,-8.355
20.716666666666665,97,AV,0,4,1,8,7,0,0,30,783.6834518391023,0.2,-4.1433333333333335
20.833333333333332,168,AV,2,2,0,5,11,0,0,42,870.7377108213431,0.5,-10.416666666666666
23.15,271,AV,1,1,5,6,3,0,0,55,3773.073658575576,0.1,-2.315
31.25,53,AV,2,3,2,5,1,0,0,62,5568.958209200236,0.7,-21.875
32.85,258,AV,0,6,5,4,6,0,0,43,2619.168197182975,0.2,-6.57
41.71666666666667,262,AV,0,7,6,1,2,0,0,54,19040.472291926453,0.2,-8.343333333333334
32.1,244,AV,2,0,2,4,1,0,0,66,1251.6500609663929,0.1,-3.2100000000000004
33.916666666666664,136,AV,2,0,2,4,0,0,0,70,9667.56212442905,0.2,-6.783333333333333
25.5,210,AV,2,3,2,5,12,0,0,55,2744.255474143275,0.5,-12.75
21.316666666666666,295,AV,2,0,2,5,21,0,0,46,3366.895459871004,0.5,-10.658333333333333
32.96666666666667,228,AV,2,3,2,3,4,0,0,67,4689.4303597647895,0.7,-23.076666666666668
35.2,277,AV,2,3,2,5,1,0,0,75,8029.700924090037,1.0,-35.2
53.516666666666666,55,AV,0,6,2,2,0,0,0,66,14505.369879802229,0.3,-16.055
18.133333333333333,147,AV,2,0,2,1,15,0,0,40,859.2772315809713,0.5,-9.066666666666666
20.0,92,AV,2,0,2,5,15,0,0,44,1581.438059619256,0.5,-10.0
17.516666666666666,3,AV,2,3,2,1,21,0,0,41,2276.662146114732,0.1,-1.7516666666666667
27.716666666666665,177,AV,1,2,7,0,0,0,0,63,934.0011274976006,0.4,-11.086666666666666
38.36666666666667,239,AV,2,0,2,4,2,0,0,69,623.7253316558669,0.1,-3.836666666666667
32.38333333333333,127,AV,2,2,3,4,12,0,0,62,5960.007005011629,0.4,-12.953333333333333
31.2,37,AV,2,3,2,5,1,0,0,62,1581.4824060924602,0.7,-21.84
23.466666666666665,115,AV,2,0,2,5,12,0,0,49,2898.378436294527,0.5,-11.733333333333333
25.066666666666666,125,AV,2,0,2,1,15,0,0,51,5502.789496653042,0.4,-10.026666666666667
36.016666666666666,152,AV,2,0,2,1,3,0,0,75,2476.7926805910606,0.2,-7.203333333333333
16.833333333333332,153,AV,2,0,2,1,12,0,0,36,15725.918848752755,0.4,-6.733333333333333
24.4,276,AV,2,3,2,5,6,0,0,52,4434.023444374438,0.6,-14.639999999999999
18.6,292,AV,2,0,2,1,12,0,0,40,1083.524948441525,0.2,-3.7200000000000006
38.083333333333336,252,AV,0,7,0,5,1,0,0,51,586.3474640105957,0.3,-11.425
12.666666666666666,31,AV,1,1,9,6,1,0,0,37,857.6590975250949,0.2,-2.533333333333333
33.18333333333333,195,AV,2,3,2,5,2,0,0,65,1097.8259349569896,0.6,-19.909999999999997
19.683333333333334,201,AV,2,0,2,1,26,0,0,45,4061.843573313689,0.2,-3.936666666666667
24.816666666666666,22,AV,2,1,1,2,5,0,0,53,617.4453946714843,0.3,-7.444999999999999
25.283333333333335,18,AV,1,1,4,4,5,0,0,60,650.412147456106,0.5,-12.641666666666667
13.766666666666667,214,AV,0,5,3,4,0,0,0,24,7130.271245067938,0.1,-1.376666666666667
26.466666666666665,10,AV,1,0,5,4,1,0,0,62,1824.367004680513,0.3,-7.9399999999999995
29.083333333333332,143,AV,2,0,2,4,2,0,0,60,1929.5758599688188,0.2,-5.816666666666666
14.166666666666666,130,AV,2,3,2,5,3,0,0,30,508.6019702527906,1.0,-14.166666666666666
32.38333333333333,238,AV,2,3,2,5,0,0,0,65,3759.463069718096,0.4,-12.953333333333333
19.233333333333334,188,AV,2,3,2,0,8,0,0,39,9884.322174397852,0.1,-1.9233333333333336
30.116666666666667,255,AV,2,0,2,1,3,0,0,63,1301.8927857652438,0.1,-3.0116666666666667
17.05,82,AV,2,2,2,4,5,0,0,37,3101.095365071405,0.4,-6.82
41.45,98,AV,0,9,1,1,2,0,0,53,457.16351791608827,0.4,-16.580000000000002
19.35,146,AV,2,3,2,1,18,0,0,40,7864.29237148983,0.1,-1.9350000000000003
30.183333333333334,30,AV,2,0,2,1,5,0,0,62,2105.6010448069283,0.1,-3.0183333333333335
17.433333333333334,140,AV,0,4,5,0,3,0,0,24,417.8295094645922,0.2,-3.486666666666667
19.116666666666667,291,AV,0,4,3,4,3,0,0,26,5862.871835726062,0.1,-1.9116666666666668
35.18333333333333,104,AV,2,0,2,4,1,0,0,67,583.3206434887895,0.1,-3.518333333333333
26.1,180,AV,2,3,2,5,6,0,0,55,1653.1781197118603,0.6,-15.66
15.833333333333334,243,AV,1,3,5,1,23,0,0,40,2722.266725979925,0.1,-1.5833333333333335
16.083333333333332,44,AV,1,2,8,2,14,0,0,38,10213.823531357188,0.1,-1.6083333333333334
27.0,275,AV,2,0,2,4,2,0,0,55,1921.5023446668008,0.3,-8.1
28.366666666666667,219,AV,2,0,2,1,9,0,0,55,1342.087988935639,0.1,-2.836666666666667
10.283333333333333,160,AV,0,4,5,0,2,0,0,22,4164.701887555128,0.2,-2.0566666666666666
10.566666666666666,94,AV,1,0,9,5,4,0,0,28,3323.1633986738134,0.1,-1.0566666666666666
36.88333333333333,15,AV,2,0,2,5,2,0,0,73,2044.1603053436156,0.2,-7.376666666666667
33.06666666666667,62,AV,2,1,2,2,4,0,0,68,3158.0604616132755,0.8,-26.453333333333337
29.283333333333335,111,AV,2,0,2,4,0,0,0,57,1405.7852601227096,0.2,-5.856666666666667
19.116666666666667,155,AV,0,4,5,0,1,0,0,26,1265.4739572733297,0.1,-1.9116666666666668
50.21666666666667,63,AV,0,5,6,5,2,0,0,62,1240.6560786390864,1.0,-50.21666666666667
8.2,189,AV,1,2,4,2,0,0,0,20,807.7368269013535,0.1,-0.82
27.233333333333334,51,AV,2,3,2,5,3,0,0,57,1664.0464513081895,0.4,-10.893333333333334
28.166666666666668,197,AV,2,0,2,4,0,0,0,54,4660.29795945294,0.3,-8.45
15.416666666666666,77,AV,2,3,0,1,11,0,0,29,1244.4027248274256,1.0,-15.416666666666666
30.783333333333335,74,AV,2,3,1,1,4,0,0,63,3362.377553451843,0.1,-3.0783333333333336
21.45,266,AV,2,3,2,1,12,0,0,45,1588.8002265047048,0.1,-2.145
30.833333333333332,114,AV,2,2,1,5,7,0,0,64,2142.030696222753,0.9,-27.75
14.966666666666667,172,AV,2,0,2,1,17,0,0,34,4967.653125719208,0.3,-4.49
24.966666666666665,61,AV,2,0,2,1,9,0,0,51,627.4062491148882,0.2,-4.993333333333333
10.383333333333333,251,AV,0,4,5,0,1,0,0,22,8975.220492497892,0.3,-3.1149999999999998
21.983333333333334,169,AV,2,3,2,1,9,0,0,46,3866.930621896856,0.1,-2.1983333333333337
23.683333333333334,26,AV,2,0,2,1,12,0,0,51,3151.1733449572957,0.3,-7.1049999999999995
33.18333333333333,294,AV,2,0,2,5,6,0,0,68,1645.9523587482854,0.3,-9.954999999999998
25.516666666666666,237,AV,2,3,2,1,11,0,0,49,1541.4014724042315,0.1,-2.5516666666666667
32.083333333333336,50,AV,2,3,2,5,0,0,0,66,8028.27043643778,0.5,-16.041666666666668
38.18333333333333,229,AV,0,5,9,0,4,0,0,48,437.8567856598078,0.3,-11.454999999999998
12.166666666666666,156,AV,0,4,5,0,3,0,0,22,4504.939201911708,0.4,-4.866666666666667
20.4,163,AV,2,0,2,1,20,0,0,46,3368.9508766880413,0.4,-8.16
