travel_time,id,kind,action,bid_route_0,bid_route_1,bid_route_2,karma_balance,origin,destination,start_time,income,urgency,reward
20.783333333333335,242,AV,2,2,0,0,15,0,0,47,3131.512437779759,0.8,-16.62666666666667
29.166666666666668,296,AV,2,2,0,0,6,0,0,59,6130.868263041086,0.1,-2.916666666666667
25.666666666666668,162,AV,0,6,5,1,9,0,0,66,2043.1688306873104,0.7,-17.966666666666665
36.78333333333333,90,AV,2,0,0,0,1,0,0,86,975.0940381265832,0.1,-3.6783333333333332
26.2,234,AV,2,2,0,0,11,0,0,56,892.1845339920479,0.4,-10.48
25.3,12,AV,2,2,0,0,4,0,0,53,2580.565825479665,0.3,-7.59
12.366666666666667,6,AV,2,3,0,0,4,0,0,25,3523.1638559153366,0.2,-2.4733333333333336
20.783333333333335,121,AV,2,2,0,0,15,0,0,44,1573.7150367511856,0.4,-8.313333333333334
25.366666666666667,67,AV,2,2,0,0,14,0,0,55,2137.1188228190404,1.0,-25.366666666666667
16.933333333333334,141,AV,2,2,0,0,6,0,0,37,2891.134206742707,0.6,-10.16
14.083333333333334,218,AV,2,1,0,0,1,0,0,22,5702.891177591027,0.2,-2.816666666666667
20.433333333333334,128,AV,2,2,0,0,15,0,0,46,753.5670156580491,0.3,-6.13
30.783333333333335,84,AV,2,2,0,0,15,0,0,63,2255.9253983027734,0.3,-9.235
33.7,298,AV,2,2,0,0,11,0,0,68,4381.240268036911,0.8,-26.960000000000004
35.733333333333334,139,AV,2,2,0,0,15,0,0,80,904.859336063587,0.3,-10.72
18.2,285,AV,2,2,0,0,9,0,0,40,2927.9701715656583,1.0,-18.2
23.7,38,AV,1,0,7,7,8,0,0,58,13079.31179296209,0.5,-11.85
22.9,100,AV,2,2,0,0,14,0,0,52,4889.272753955773,0.2,-4.58
17.2,69,AV,2,2,0,0,11,0,0,39,3608.770587345788,0.3,-5.159999999999999
16.6,226,AV,2,3,0,0,3,0,0,35,3758.845856207275,0.2,-3.3200000000000003
24.666666666666668,78,AV,2,2,0,0,11,0,0,54,9667.367812467324,0.1,-2.466666666666667
33.8,56,AV,2,2,0,0,16,0,0,67,5427.330032863625,0.5,-16.9
36.56666666666667,17,AV,2,2,0,0,15,0,0,77,2347.541384251396,0.1,-3.656666666666667
34.13333333333333,208,AV,2,2,0,0,16,0,0,68,9280.176126726552,0.1,-3.4133333333333336
15.5,178,AV,2,3,0,0,5,0,0,33,2239.257430619588,0.2,-3.1
14.85,135,AV,2,3,0,0,5,0,0,31,4925.450001742355,0.2,-2.97
19.616666666666667,11,AV,2,2,0,0,9,0,0,41,2964.6777926145683,0.5,-9.808333333333334
32.666666666666664,7,AV,2,2,0,0,11,0,0,66,8139.327108000771,0.1,-3.2666666666666666
35.95,260,AV,2,2,0,0,13,0,0,93,5611.673516276995,0.2,-7.190000000000001
13.15,290,AV,2,3,3,3,5,0,0,23,1963.0347272178835,0.4,-5.260000000000001
22.033333333333335,32,AV,2,2,0,0,14,0,0,48,4617.971391102537,0.6,-13.22
17.466666666666665,25,AV,2,3,0,0,10,0,0,39,2436.431929205765,0.1,-1.7466666666666666
34.666666666666664,248,AV,2,2,0,0,15,0,0,70,1830.3424648913517,0.6,-20.799999999999997
16.65,289,AV,1,3,5,0,11,0,0,43,1434.2863071033526,0.1,-1.665
28.35,264,AV,2,2,0,0,8,0,0,61,13430.196447392702,0.2,-5.670000000000001
28.95,75,AV,2,2,0,0,15,0,0,61,2991.769966736588,0.6,-17.369999999999997
16.533333333333335,281,AV,2,2,1,2,6,0,0,38,1661.9571573900298,0.1,-1.6533333333333335
28.633333333333333,203,AV,2,2,0,0,16,0,0,57,20239.22920549412,0.2,-5.726666666666667
20.8,164,AV,2,2,0,0,16,0,0,45,3520.054626539052,0.2,-4.16
15.3,175,AV,2,1,0,0,1,0,0,32,4754.245589533712,0.4,-6.120000000000001
12.8,157,AV,2,3,0,0,4,0,0,26,7958.958807233507,0.2,-2.5600000000000005
32.21666666666667,47,AV,2,2,0,0,14,0,0,66,1848.7234685638712,0.1,-3.221666666666667
27.716666666666665,46,AV,2,2,0,0,12,0,0,55,636.6552097563458,0.2,-5.543333333333333
33.78333333333333,24,AV,2,2,0,0,7,0,0,74,586.8516376274475,0.1,-3.3783333333333334
26.266666666666666,154,AV,2,2,0,0,12,0,0,57,861.805442805673,0.4,-10.506666666666668
29.766666666666666,183,AV,2,2,0,0,11,0,0,64,1799.695682844959,0.5,-14.883333333333333
15.383333333333333,27,AV,2,2,0,0,6,0,0,36,3230.862018062417,0.5,-7.691666666666666
34.38333333333333,227,AV,2,2,0,0,9,0,0,75,1011.0784796502788,0.5,-17.191666666666666
26.766666666666666,297,AV,2,2,0,0,16,0,0,56,2486.38103050259,0.2,-5.3533333333333335
31.416666666666668,194,AV,2,2,0,0,15,0,0,66,1205.4292211271013,0.2,-6.283333333333334
22.666666666666668,76,AV,2,2,0,0,9,0,0,48,1447.5744631551047,0.2,-4.533333333333334
9.016666666666667,21,AV,1,3,5,0,0,0,0,23,5985.732437913218,0.3,-2.705
17.966666666666665,171,AV,2,2,0,0,8,0,0,38,2034.664800296876,0.2,-3.5933333333333333
32.56666666666667,286,AV,2,2,0,0,7,0,0,66,8326.33528790118,0.2,-6.5133333333333345
24.25,13,AV,2,2,0,0,14,0,0,53,5009.92015912814,0.3,-7.2749999999999995
9.2,284,AV,1,2,5,0,0,0,0,23,3531.3895067900216,1.0,-9.2
36.5,91,AV,2,0,0,0,0,0,0,84,3458.1247672483346,0.3,-10.95
13.966666666666667,279,AV,2,3,0,0,4,0,0,26,4843.3187157075145,0.4,-5.586666666666667
30.133333333333333,23,AV,2,2,0,0,6,0,0,61,632.5893922142865,0.7,-21.09333333333333
11.933333333333334,222,AV,2,3,0,0,4,0,0,26,1822.2981036688468,0.2,-2.3866666666666667
14.883333333333333,223,AV,2,2,0,0,4,0,0,29,1659.6531244520008,0.5,-7.441666666666666
15.233333333333333,1,AV,2,2,0,0,4,0,0,34,1546.5147326922538,0.6,-9.139999999999999
28.933333333333334,87,AV,2,2,0,0,11,0,0,63,600.3305173079323,0.1,-2.8933333333333335
21.9,145,AV,2,3,1,1,7,0,0,49,1782.711710770346,0.2,-4.38
31.833333333333332,249,AV,2,2,0,0,9,0,0,66,3197.7177395395383,0.6,-19.099999999999998
15.983333333333333,64,AV,2,0,0,1,1,0,0,36,4934.883137056144,0.6,-9.59
21.266666666666666,282,AV,2,2,0,0,13,0,0,48,3534.445695738256,0.2,-4.253333333333333
33.25,81,AV,2,2,0,0,9,0,0,68,3628.2404526711953,0.2,-6.65
19.9,273,AV,2,3,0,0,5,0,0,45,1836.592480640456,0.1,-1.99
25.0,159,AV,2,2,0,0,15,0,0,53,2241.037238818388,0.5,-12.5
15.283333333333333,206,AV,2,3,0,0,5,0,0,35,6778.2755320215965,0.1,-1.5283333333333333
17.6,278,AV,2,2,0,0,10,0,0,38,658.4091024775607,0.5,-8.8
29.133333333333333,96,AV,2,2,0,0,6,0,0,59,736.5379020629116,0.4,-11.653333333333334
34.61666666666667,213,AV,2,2,0,0,15,0,0,77,3236.647802754315,0.1,-3.461666666666667
32.15,245,AV,2,2,0,2,13,0,0,65,10721.15711953896,1.0,-32.15
22.266666666666666,60,AV,2,2,0,0,13,0,0,50,2818.3733061874163,0.5,-11.133333333333333
28.7,122,AV,2,2,0,2,15,0,0,62,2250.3510049999354,1.0,-28.7
28.583333333333332,193,AV,0,8,4,4,6,0,0,81,4818.617258984985,0.1,-2.8583333333333334
34.65,36,AV,2,2,0,0,14,0,0,75,5912.288420941998,0.5,-17.325
20.916666666666668,270,AV,2,3,0,0,14,0,0,46,8134.997760071039,0.1,-2.091666666666667
25.183333333333334,133,AV,2,2,0,0,14,0,0,53,8480.737499651503,0.2,-5.036666666666667
16.15,176,AV,2,2,0,0,6,0,0,36,2478.182963693478,0.3,-4.845
14.85,52,AV,2,3,0,0,4,0,0,28,1129.1321270070612,0.1,-1.485
28.55,88,AV,0,7,5,1,1,0,0,84,4446.537177105173,0.4,-11.420000000000002
14.183333333333334,83,AV,2,3,0,0,4,0,0,27,2198.5025098873134,0.1,-1.4183333333333334
17.933333333333334,225,AV,2,2,0,0,11,0,0,39,2158.6935677652164,0.6,-10.76
32.03333333333333,65,AV,2,2,0,0,10,0,0,65,4034.238052294327,0.1,-3.203333333333333
31.033333333333335,101,AV,2,2,0,0,9,0,0,66,2946.490055333797,0.1,-3.1033333333333335
18.15,129,AV,2,2,0,0,2,0,0,40,985.8695826897422,0.4,-7.26
27.416666666666668,148,AV,2,2,0,0,10,0,0,56,3958.913906791885,0.3,-8.225
25.433333333333334,103,AV,2,2,0,0,16,0,0,53,1111.987968807459,0.3,-7.63
32.21666666666667,215,AV,2,2,0,0,9,0,0,69,2046.5713793034688,0.8,-25.773333333333337
24.416666666666668,257,AV,2,2,0,0,14,0,0,50,1017.530975349866,0.4,-9.766666666666667
19.866666666666667,263,AV,2,2,0,0,14,0,0,44,5721.231751015957,0.4,-7.946666666666667
15.05,268,AV,1,2,5,0,11,0,0,42,3849.958431883558,0.2,-3.0100000000000002
25.1,190,AV,2,2,0,0,5,0,0,50,5825.994272151124,0.1,-2.5100000000000002
12.55,40,AV,2,3,0,0,4,0,0,23,497.26542980048754,0.3,-3.765
20.066666666666666,288,AV,2,2,0,0,14,0,0,43,2294.767722006211,0.2,-4.013333333333334
28.233333333333334,151,AV,2,2,0,0,5,0,0,60,4266.216809230351,0.6,-16.94
27.283333333333335,185,AV,2,2,0,0,13,0,0,50,3024.224513765153,0.5,-13.641666666666667
13.766666666666667,192,AV,1,3,6,9,4,0,0,38,2761.3662775036096,0.1,-1.376666666666667
32.06666666666667,254,AV,2,2,0,0,8,0,0,66,2421.832203454489,0.1,-3.206666666666667
29.233333333333334,118,AV,2,2,0,0,15,0,0,58,2113.1349678504243,0.1,-2.923333333333334
28.75,109,AV,2,0,2,1,4,0,0,57,8348.421721831439,0.1,-2.875
11.916666666666666,29,AV,2,2,0,0,2,0,0,12,12051.378145129962,0.1,-1.1916666666666667
28.15,142,AV,2,2,0,0,16,0,0,56,473.5024380788758,0.3,-8.444999999999999
19.3,106,AV,2,2,0,0,13,0,0,42,2996.640782499388,0.5,-9.65
10.783333333333333,41,AV,2,1,0,0,1,0,0,22,2382.718205806423,0.3,-3.235
25.45,173,AV,2,2,0,0,8,0,0,55,926.7012599248138,0.4,-10.18
17.35,247,AV,2,2,0,0,11,0,0,38,5004.1281918097375,0.2,-3.4700000000000006
14.016666666666667,174,AV,2,3,0,0,4,0,0,29,913.5589076746268,0.1,-1.4016666666666668
13.6,73,AV,2,2,0,0,4,0,0,28,1485.5718097438446,0.6,-8.16
36.03333333333333,86,AV,2,2,0,2,15,0,0,76,3987.5502105766736,0.9,-32.43
26.616666666666667,165,AV,2,2,0,0,15,0,0,49,2318.1098695731453,0.1,-2.661666666666667
27.733333333333334,232,AV,2,2,0,0,16,0,0,58,1446.9812594843625,0.4,-11.093333333333334
35.083333333333336,66,AV,2,2,0,0,14,0,0,77,2987.078671303881,0.7,-24.558333333333334
28.266666666666666,93,AV,2,2,0,0,12,0,0,56,1614.9573615816892,0.4,-11.306666666666667
33.666666666666664,54,AV,2,2,0,0,14,0,0,67,2496.2043409386315,0.2,-6.733333333333333
15.833333333333334,269,AV,2,2,0,0,4,0,0,32,2352.9451803313505,1.0,-15.833333333333334
8.65,123,AV,1,3,5,0,0,0,0,21,4113.319853961603,0.2,-1.7300000000000002
15.666666666666666,144,AV,2,2,0,0,2,0,0,33,5590.116807812239,0.2,-3.1333333333333333
26.566666666666666,184,AV,2,2,0,0,16,0,0,56,11940.25564443948,0.2,-5.3133333333333335
18.1,134,AV,2,3,0,0,10,0,0,38,2968.817229463249,0.1,-1.8100000000000003
27.333333333333332,216,AV,2,2,0,0,7,0,0,54,969.457736312404,0.1,-2.7333333333333334
17.833333333333332,8,AV,2,2,0,0,11,0,0,40,1900.764377468582,0.3,-5.35
8.6,202,AV,1,3,5,0,0,0,0,20,5307.329693361759,0.3,-2.5799999999999996
8.05,179,AV,0,5,1,2,0,0,0,33,743.7553910389753,0.4,-3.2200000000000006
36.5,105,AV,2,2,0,0,14,0,0,75,1684.196745492046,0.5,-18.25
21.0,120,AV,2,2,0,0,13,0,0,45,1567.0706205360798,0.2,-4.2
25.483333333333334,5,AV,0,5,1,2,0,0,0,63,6197.036257351283,0.2,-5.096666666666668
17.15,209,AV,2,2,0,0,5,0,0,35,2753.3979495063454,0.3,-5.145
14.516666666666667,233,AV,2,3,0,0,3,0,0,27,2793.3389947689566,0.1,-1.4516666666666669
11.516666666666667,280,AV,2,3,0,0,3,0,0,17,2446.4664131825853,0.5,-5.758333333333334
20.116666666666667,246,AV,2,2,0,0,15,0,0,41,1572.8756307612184,0.2,-4.023333333333333
12.15,274,AV,2,0,0,0,0,0,0,18,1293.252850487379,0.4,-4.86
28.716666666666665,4,AV,2,2,0,2,9,0,0,58,679.8949342204361,1.0,-28.716666666666665
36.36666666666667,9,AV,2,2,0,0,14,0,0,84,2667.9339807116767,0.1,-3.6366666666666667
23.7,211,AV,2,2,0,0,15,0,0,50,2417.357356239525,0.2,-4.74
14.683333333333334,196,AV,2,2,0,0,2,0,0,29,4281.8327360815,1.0,-14.683333333333334
14.8,35,AV,2,3,0,0,4,0,0,28,912.6272274022258,0.2,-2.9600000000000004
33.81666666666667,235,AV,2,2,0,0,12,0,0,73,2337.3116255789537,0.4,-13.526666666666669
25.4,117,AV,2,2,0,0,11,0,0,52,3251.3322332141274,0.1,-2.54
13.1,0,AV,2,3,0,0,4,0,0,26,5051.78348307234,0.6,-7.859999999999999
20.833333333333332,89,AV,2,2,0,0,15,0,0,44,3132.463358685509,0.2,-4.166666666666667
28.7,33,AV,2,2,0,0,15,0,0,57,763.1985099142711,0.1,-2.87
21.766666666666666,72,AV,2,2,0,0,9,0,0,47,7099.697064525982,0.1,-2.1766666666666667
16.383333333333333,224,AV,2,1,0,0,1,0,0,32,591.6693204447811,0.9,-14.745
16.166666666666668,236,AV,2,2,0,0,4,0,0,33,4237.057085974603,1.0,-16.166666666666668
32.45,110,AV,2,2,0,0,15,0,0,67,13351.937436366714,0.1,-3.2450000000000006
18.55,59,AV,2,0,1,8,7,0,0,40,3017.17067826153,0.8,-14.840000000000002
22.066666666666666,267,AV,2,2,0,0,14,0,0,49,4021.28082322038,0.1,-2.2066666666666666
19.85,187,AV,2,2,0,0,14,0,0,42,4200.245935785981,0.5,-9.925
29.25,16,AV,2,2,0,0,15,0,0,58,5578.433439706214,0.1,-2.9250000000000003
16.616666666666667,250,AV,2,3,0,0,4,0,0,37,2283.7291705859197,0.2,-3.3233333333333337
8.533333333333333,108,AV,1,3,5,0,0,0,0,9,2177.5877894542577,0.2,-1.7066666666666668
16.766666666666666,119,AV,0,5,8,0,10,0,0,49,5341.061461458292,1.0,-16.766666666666666
26.783333333333335,34,AV,2,2,0,0,6,0,0,55,7177.938863287724,0.2,-5.356666666666667
28.516666666666666,191,AV,2,2,0,0,13,0,0,60,2953.464044858564,0.1,-2.8516666666666666
20.6,124,AV,2,3,0,0,3,0,0,45,6947.27484286379,0.1,-2.06
34.266666666666666,230,AV,2,2,0,0,8,0,0,73,2010.868248891871,0.2,-6.8533333333333335
35.416666666666664,112,AV,2,2,0,0,9,0,0,85,898.3728471886773,0.2,-7.083333333333333
18.05,39,AV,2,2,0,0,11,0,0,39,4864.205776554158,0.5,-9.025
25.116666666666667,43,AV,2,2,0,0,9,0,0,52,3667.3634505223554,0.1,-2.5116666666666667
29.916666666666668,132,AV,2,2,0,0,7,0,0,60,1391.0507319816634,0.4,-11.966666666666669
34.68333333333333,240,AV,2,2,0,0,16,0,0,64,2857.6088215719105,0.6,-20.81
18.233333333333334,80,AV,2,2,0,0,5,0,0,38,1723.69240549938,0.4,-7.293333333333334
18.116666666666667,79,AV,2,2,0,0,10,0,0,39,4569.840806868062,0.4,-7.246666666666667
25.166666666666668,137,AV,2,2,0,0,5,0,0,50,2215.952556227922,0.2,-5.033333333333334
31.683333333333334,253,AV,2,2,0,0,13,0,0,63,2538.843693606908,0.5,-15.841666666666667
23.7,126,AV,0,6,6,6,1,0,0,62,3245.380745418587,0.2,-4.74
39.36666666666667,167,AV,2,3,0,0,14,0,0,89,3778.090807703549,0.1,-3.936666666666667
33.81666666666667,150,AV,2,2,0,0,16,0,0,70,4227.85786318916,0.3,-10.145000000000001
33.03333333333333,265,AV,2,2,0,0,13,0,0,69,2218.0502812558643,0.4,-13.213333333333333
28.966666666666665,158,AV,2,2,3,7,3,0,0,62,1338.7213376931895,0.7,-20.276666666666664
31.166666666666668,48,AV,2,2,0,0,6,0,0,65,2815.231094880572,0.3,-9.35
16.533333333333335,28,AV,1,3,5,0,10,0,0,42,742.4887258523852,0.1,-1.6533333333333335
26.85,14,AV,2,2,0,0,14,0,0,55,548.7192496267361,0.7,-18.794999999999998
32.75,131,AV,2,2,0,0,10,0,0,69,8981.750106371177,0.3,-9.825
12.383333333333333,299,AV,1,2,5,0,5,0,0,37,699.2977112166509,0.9,-11.145
28.733333333333334,2,AV,2,2,0,0,15,0,0,56,863.3540159882258,0.3,-8.62
24.866666666666667,283,AV,2,2,0,0,15,0,0,53,1597.8734280578535,0.3,-7.46
22.883333333333333,19,AV,2,3,0,0,16,0,0,47,1797.659883656486,0.1,-2.2883333333333336
12.15,95,AV,1,2,6,0,1,0,0,32,1122.7546975855585,0.4,-4.86
35.3,293,AV,2,2,0,0,2,0,0,69,871.0408974081768,0.4,-14.12
17.533333333333335,107,AV,2,2,0,0,12,0,0,39,2222.040577514192,0.3,-5.260000000000001
22.6,287,AV,2,2,0,0,16,0,0,50,4950.268578812107,0.1,-2.2600000000000002
35.88333333333333,186,AV,2,2,0,0,15,0,0,75,1975.501985353583,0.3,-10.764999999999999
22.933333333333334,70,AV,2,3,0,0,16,0,0,47,844.3352662229099,0.1,-2.2933333333333334
10.333333333333334,181,AV,1,2,5,0,0,0,0,30,17693.100214811147,0.6,-6.2
37.03333333333333,45,AV,2,2,0,0,15,0,0,80,1832.3133019091129,0.2,-7.406666666666666
22.283333333333335,42,AV,2,2,0,0,14,0,0,46,1474.807688008607,0.4,-8.913333333333334
20.416666666666668,182,AV,2,3,0,0,7,0,0,44,13460.811009378149,0.1,-2.041666666666667
28.783333333333335,138,AV,2,2,0,0,6,0,0,58,1996.532829496936,0.3,-8.635
20.0,58,AV,2,3,0,0,14,0,0,45,4135.471393234625,0.1,-2.0
15.383333333333333,166,AV,2,3,0,0,4,0,0,29,2850.5966631146844,0.1,-1.5383333333333333
21.416666666666668,207,AV,2,2,0,0,15,0,0,45,10708.821866752483,0.2,-4.283333333333334
29.716666666666665,205,AV,2,2,0,0,14,0,0,62,567.9518330451218,0.1,-2.9716666666666667
26.35,149,AV,2,2,0,0,15,0,0,53,1167.011530479414,0.1,-2.6350000000000002
11.633333333333333,199,AV,2,3,0,0,4,0,0,15,3558.5090095449787,0.2,-2.3266666666666667
36.7,204,AV,2,2,0,0,14,0,0,84,4747.153558918807,0.5,-18.35
9.75,20,AV,1,3,5,0,0,0,0,24,3398.605365942332,0.4,-3.9000000000000004
14.433333333333334,57,AV,2,3,0,0,4,0,0,26,588.8906571209208,0.2,-2.8866666666666667
21.666666666666668,200,AV,2,2,0,0,14,0,0,49,1526.0895405694364,0.1,-2.166666666666667
25.233333333333334,272,AV,2,2,0,0,14,0,0,50,4416.224882412617,0.1,-2.5233333333333334
27.3,161,AV,0,8,1,0,8,0,0,71,3583.4963710051925,0.3,-8.19
27.55,241,AV,2,2,0,0,9,0,0,56,8331.964781214912,0.8,-22.040000000000003
27.333333333333332,99,AV,2,2,0,0,15,0,0,57,1942.5668635563816,0.4,-10.933333333333334
35.266666666666666,85,AV,2,2,0,0,15,0,0,79,1386.7650627050614,0.3,-10.58
22.75,217,AV,2,2,0,0,15,0,0,48,1117.0806745336297,0.1,-2.275
26.166666666666668,198,AV,2,2,0,0,15,0,0,55,1068.5648373754009,0.2,-5.233333333333334
10.883333333333333,221,AV,2,2,2,0,2,0,0,0,1150.2916000513435,0.1,-1.0883333333333334
13.433333333333334,256,AV,2,3,0,0,4,0,0,24,424.9057127261393,0.4,-5.373333333333334
21.866666666666667,220,AV,2,2,0,0,14,0,0,43,835.7777612710734,0.4,-8.746666666666668
13.916666666666666,49,AV,2,2,0,0,3,0,0,32,793.0252767736928,0.4,-5.566666666666666
36.583333333333336,113,AV,2,2,0,0,14,0,0,75,4968.170350229253,0.3,-10.975
8.6,71,AV,1,3,5,0,0,0,0,22,2472.005569054355,0.2,-1.72
35.65,231,AV,2,2,0,0,14,0,0,85,3414.9419898187493,0.1,-3.565
26.1,212,AV,2,2,0,0,2,0,0,52,2052.607856914241,0.2,-5.220000000000001
24.266666666666666,261,AV,2,2,0,0,15,0,0,49,4639.089550420253,0.3,-7.279999999999999
17.683333333333334,116,AV,2,3,0,0,3,0,0,35,10450.70686878338,0.2,-3.536666666666667
35.56666666666667,102,AV,2,2,0,2,7,0,0,82,954.0002559944874,0.9,-32.010000000000005
23.383333333333333,170,AV,2,3,0,0,13,0,0,44,7658.5640246764915,0.1,-2.3383333333333334
13.966666666666667,68,AV,2,3,0,0,4,0,0,24,806.3598325453933,0.4,-5.586666666666667
18.716666666666665,259,AV,2,2,0,0,9,0,0,37,1836.3970218708375,0.3,-5.614999999999999
15.233333333333333,97,AV,2,2,0,0,2,0,0,30,783.6834518391023,0.4,-6.093333333333334
20.816666666666666,168,AV,2,3,0,0,14,0,0,42,870.7377108213431,0.1,-2.0816666666666666
26.8,271,AV,2,2,0,0,14,0,0,55,3773.073658575576,0.1,-2.68
31.033333333333335,53,AV,2,2,0,0,7,0,0,62,5568.958209200236,0.5,-15.516666666666667
19.333333333333332,258,AV,2,2,0,0,14,0,0,43,2619.168197182975,0.2,-3.8666666666666667
27.3,262,AV,2,2,0,0,15,0,0,54,19040.472291926453,0.5,-13.65
31.966666666666665,244,AV,2,2,0,0,5,0,0,66,1251.6500609663929,0.1,-3.1966666666666668
33.666666666666664,136,AV,2,2,0,0,8,0,0,70,9667.56212442905,0.1,-3.3666666666666667
25.2,210,AV,2,2,0,0,14,0,0,55,2744.255474143275,0.1,-2.52
21.25,295,AV,2,2,0,0,13,0,0,46,3366.895459871004,0.3,-6.375
32.766666666666666,228,AV,2,2,0,0,15,0,0,67,4689.4303597647895,0.2,-6.553333333333334
34.766666666666666,277,AV,2,2,0,0,16,0,0,75,8029.700924090037,0.6,-20.86
30.883333333333333,55,AV,2,2,0,0,14,0,0,66,14505.369879802229,1.0,-30.883333333333333
18.083333333333332,147,AV,2,3,0,0,8,0,0,40,859.2772315809713,0.1,-1.8083333333333333
19.816666666666666,92,AV,2,2,0,0,15,0,0,44,1581.438059619256,0.2,-3.9633333333333334
17.6,3,AV,2,2,0,0,13,0,0,41,2276.662146114732,0.3,-5.28
31.7,177,AV,2,2,0,0,14,0,0,63,934.0011274976006,0.2,-6.34
38.13333333333333,239,AV,2,2,0,0,13,0,0,69,623.7253316558669,0.3,-11.44
32.21666666666667,127,AV,2,2,0,0,7,0,0,62,5960.007005011629,0.2,-6.443333333333334
23.833333333333332,37,AV,0,9,2,0,5,0,0,62,1581.4824060924602,0.1,-2.3833333333333333
23.35,115,AV,2,2,0,0,15,0,0,49,2898.378436294527,0.5,-11.675
25.2,125,AV,2,2,0,0,14,0,0,51,5502.789496653042,0.1,-2.52
35.78333333333333,152,AV,2,2,0,0,15,0,0,75,2476.7926805910606,0.1,-3.578333333333333
16.866666666666667,153,AV,2,1,0,0,1,0,0,36,15725.918848752755,0.6,-10.12
24.166666666666668,276,AV,2,2,0,0,16,0,0,52,4434.023444374438,0.6,-14.5
18.6,292,AV,2,3,0,0,9,0,0,40,1083.524948441525,0.1,-1.8600000000000003
24.066666666666666,252,AV,2,2,0,0,14,0,0,51,586.3474640105957,0.1,-2.4066666666666667
15.966666666666667,31,AV,2,3,0,0,8,0,0,37,857.6590975250949,0.1,-1.5966666666666667
32.95,195,AV,2,2,0,0,10,0,0,65,1097.8259349569896,0.1,-3.2950000000000004
19.416666666666668,201,AV,2,2,0,0,14,0,0,45,4061.843573313689,0.2,-3.8833333333333337
24.616666666666667,22,AV,2,2,0,0,12,0,0,53,617.4453946714843,0.1,-2.461666666666667
27.983333333333334,18,AV,2,2,0,0,5,0,0,60,650.412147456106,0.5,-13.991666666666667
13.083333333333334,214,AV,2,3,0,0,4,0,0,24,7130.271245067938,0.1,-1.3083333333333336
26.216666666666665,10,AV,1,2,6,3,5,0,0,62,1824.367004680513,0.2,-5.243333333333333
21.766666666666666,143,AV,0,7,9,3,7,0,0,60,1929.5758599688188,0.6,-13.059999999999999
14.05,130,AV,2,3,0,0,5,0,0,30,508.6019702527906,0.3,-4.215
31.7,238,AV,2,2,0,0,14,0,0,65,3759.463069718096,0.3,-9.51
19.116666666666667,188,AV,2,3,0,0,10,0,0,39,9884.322174397852,0.1,-1.9116666666666668
29.65,255,AV,2,2,0,0,15,0,0,63,1301.8927857652438,0.2,-5.93
13.316666666666666,82,AV,1,3,6,0,4,0,0,37,3101.095365071405,0.1,-1.3316666666666668
25.216666666666665,98,AV,2,2,0,0,14,0,0,53,457.16351791608827,0.1,-2.5216666666666665
19.266666666666666,146,AV,2,2,0,0,8,0,0,40,7864.29237148983,0.2,-3.8533333333333335
29.933333333333334,30,AV,2,2,0,0,15,0,0,62,2105.6010448069283,0.1,-2.9933333333333336
14.7,140,AV,2,3,0,0,4,0,0,24,417.8295094645922,0.1,-1.47
10.6,291,AV,1,3,5,0,0,0,0,26,5862.871835726062,0.2,-2.12
34.93333333333333,104,AV,2,2,0,0,15,0,0,67,583.3206434887895,0.1,-3.493333333333333
25.616666666666667,180,AV,2,2,0,0,16,0,0,55,1653.1781197118603,0.2,-5.123333333333334
19.5,243,AV,2,2,0,0,9,0,0,40,2722.266725979925,0.2,-3.9000000000000004
20.883333333333333,44,AV,2,3,0,0,9,0,0,38,10213.823531357188,0.1,-2.0883333333333334
26.633333333333333,275,AV,2,2,0,0,15,0,0,55,1921.5023446668008,0.3,-7.989999999999999
28.266666666666666,219,AV,2,2,0,0,2,0,0,55,1342.087988935639,0.4,-11.306666666666667
8.966666666666667,160,AV,1,3,5,0,0,0,0,22,4164.701887555128,0.2,-1.7933333333333334
14.383333333333333,94,AV,2,0,0,0,0,0,0,28,3323.1633986738134,0.2,-2.876666666666667
36.916666666666664,15,AV,2,2,0,0,6,0,0,73,2044.1603053436156,0.2,-7.383333333333333
32.95,62,AV,2,2,0,0,16,0,0,68,3158.0604616132755,0.2,-6.590000000000001
29.15,111,AV,2,2,0,0,15,0,0,57,1405.7852601227096,0.1,-2.915
14.35,155,AV,2,3,0,0,4,0,0,26,1265.4739572733297,0.1,-1.435
30.616666666666667,63,AV,2,2,0,2,15,0,0,62,1240.6560786390864,1.0,-30.616666666666667
12.1,189,AV,2,1,0,0,1,0,0,20,807.7368269013535,0.3,-3.63
27.033333333333335,51,AV,2,2,0,0,15,0,0,57,1664.0464513081895,0.8,-21.62666666666667
20.566666666666666,197,AV,0,8,0,2,6,0,0,54,4660.29795945294,0.2,-4.113333333333333
15.45,77,AV,2,3,3,3,3,0,0,29,1244.4027248274256,0.6,-9.27
30.166666666666668,74,AV,2,2,0,0,11,0,0,63,3362.377553451843,0.1,-3.016666666666667
21.466666666666665,266,AV,2,2,0,0,15,0,0,45,1588.8002265047048,0.3,-6.4399999999999995
30.216666666666665,114,AV,2,2,0,0,14,0,0,64,2142.030696222753,0.1,-3.0216666666666665
14.766666666666667,172,AV,2,2,0,0,4,0,0,34,4967.653125719208,0.4,-5.906666666666667
24.75,61,AV,2,2,0,0,15,0,0,51,627.4062491148882,0.3,-7.425
13.116666666666667,251,AV,2,1,1,5,0,0,0,22,8975.220492497892,0.1,-1.3116666666666668
21.75,169,AV,2,2,0,0,15,0,0,46,3866.930621896856,0.5,-10.875
23.366666666666667,26,AV,2,2,0,0,14,0,0,51,3151.1733449572957,0.3,-7.01
32.983333333333334,294,AV,2,2,0,0,15,0,0,68,1645.9523587482854,0.6,-19.79
25.4,237,AV,2,2,0,0,13,0,0,49,1541.4014724042315,0.3,-7.619999999999999
31.65,50,AV,2,2,0,0,6,0,0,66,8028.27043643778,0.2,-6.33
23.666666666666668,229,AV,2,2,0,0,6,0,0,48,437.8567856598078,0.3,-7.1000000000000005
13.65,156,AV,2,1,0,0,1,0,0,22,4504.939201911708,0.1,-1.3650000000000002
19.966666666666665,163,AV,2,2,0,0,14,0,0,46,3368.9508766880413,0.3,-5.989999999999999
