travel_time,id,kind,action,bid_route_0,bid_route_1,bid_route_2,karma_balance,origin,destination,start_time,income,urgency,reward
18.416666666666668,242,AV,1,1,9,3,4,0,0,47,3131.512437779759,0.3,-5.525
25.966666666666665,296,AV,1,3,6,4,1,0,0,59,6130.868263041086,0.5,-12.983333333333333
29.3,162,AV,1,0,6,4,1,0,0,66,2043.1688306873104,0.1,-2.93
36.5,90,AV,2,0,1,7,2,0,0,86,975.0940381265832,0.1,-3.6500000000000004
64.3,234,AV,0,6,0,5,5,0,0,56,892.1845339920479,0.1,-6.43
59.166666666666664,12,AV,0,5,1,3,1,0,0,53,2580.565825479665,0.7,-41.416666666666664
9.733333333333333,6,AV,1,0,5,3,0,0,0,25,3523.1638559153366,0.3,-2.9199999999999995
17.416666666666668,121,AV,1,0,6,1,0,0,0,44,1573.7150367511856,0.2,-3.483333333333334
22.733333333333334,67,AV,1,3,6,4,0,0,0,55,2137.1188228190404,0.3,-6.82
16.65,141,AV,2,0,1,6,2,0,0,37,2891.134206742707,0.3,-4.994999999999999
10.55,218,AV,0,9,7,1,18,0,0,22,5702.891177591027,0.3,-3.165
20.4,128,AV,2,1,3,0,6,0,0,46,753.5670156580491,0.1,-2.04
74.93333333333334,84,AV,0,4,0,0,2,0,0,63,2255.9253983027734,0.3,-22.48
33.333333333333336,298,AV,2,2,0,7,6,0,0,68,4381.240268036911,0.1,-3.333333333333334
88.73333333333333,139,AV,0,6,3,2,2,0,0,80,904.859336063587,0.5,-44.36666666666667
15.516666666666667,285,AV,1,0,4,4,17,0,0,40,2927.9701715656583,0.3,-4.655
25.133333333333333,38,AV,1,3,5,1,6,0,0,58,13079.31179296209,0.2,-5.026666666666667
21.533333333333335,100,AV,1,3,6,4,4,0,0,52,4889.272753955773,0.5,-10.766666666666667
17.016666666666666,69,AV,2,3,3,3,17,0,0,39,3608.770587345788,0.5,-8.508333333333333
12.616666666666667,226,AV,1,2,6,6,17,0,0,35,3758.845856207275,0.1,-1.2616666666666667
22.4,78,AV,1,3,6,8,6,0,0,54,9667.367812467324,0.3,-6.72
82.03333333333333,56,AV,0,4,0,5,3,0,0,67,5427.330032863625,0.4,-32.81333333333333
32.7,17,AV,1,0,5,0,1,0,0,77,2347.541384251396,0.3,-9.81
30.55,208,AV,1,0,6,4,1,0,0,68,9280.176126726552,0.1,-3.055
12.25,178,AV,1,0,4,2,7,0,0,33,2239.257430619588,0.5,-6.125
11.783333333333333,135,AV,1,3,4,0,16,0,0,31,4925.450001742355,0.1,-1.1783333333333335
16.983333333333334,11,AV,1,0,4,2,9,0,0,41,2964.6777926145683,0.3,-5.095
28.333333333333332,7,AV,1,2,4,3,1,0,0,66,8139.327108000771,0.2,-5.666666666666667
92.01666666666667,260,AV,0,5,7,2,9,0,0,93,5611.673516276995,0.1,-9.201666666666666
9.283333333333333,290,AV,1,3,4,2,8,0,0,23,1963.0347272178835,0.4,-3.7133333333333334
46.95,32,AV,0,8,1,4,4,0,0,48,4617.971391102537,0.4,-18.78
32.833333333333336,25,AV,0,5,6,2,6,0,0,39,2436.431929205765,0.3,-9.85
83.76666666666667,248,AV,0,6,0,4,1,0,0,70,1830.3424648913517,0.3,-25.13
17.316666666666666,289,AV,1,3,4,4,1,0,0,43,1434.2863071033526,0.5,-8.658333333333333
26.216666666666665,264,AV,1,0,6,4,0,0,0,61,13430.196447392702,0.1,-2.6216666666666666
28.85,75,AV,2,1,1,1,10,0,0,61,2991.769966736588,0.8,-23.080000000000002
29.283333333333335,281,AV,0,8,0,0,7,0,0,38,1661.9571573900298,0.2,-5.856666666666667
24.816666666666666,203,AV,1,2,4,1,1,0,0,57,20239.22920549412,0.3,-7.444999999999999
41.666666666666664,164,AV,0,7,0,0,5,0,0,45,3520.054626539052,0.2,-8.333333333333334
15.1,175,AV,2,2,0,4,4,0,0,32,4754.245589533712,0.2,-3.02
15.383333333333333,157,AV,0,4,2,0,15,0,0,26,7958.958807233507,0.1,-1.5383333333333333
28.583333333333332,47,AV,1,3,6,0,4,0,0,66,1848.7234685638712,0.7,-20.008333333333333
27.6,46,AV,2,1,3,6,0,0,0,55,636.6552097563458,0.3,-8.28
87.06666666666666,24,AV,0,5,3,0,1,0,0,74,586.8516376274475,0.4,-34.82666666666667
66.0,154,AV,0,7,0,3,1,0,0,57,861.805442805673,0.3,-19.8
27.6,183,AV,1,3,4,3,1,0,0,64,1799.695682844959,0.1,-2.7600000000000002
24.116666666666667,27,AV,0,7,8,2,8,0,0,36,3230.862018062417,0.6,-14.469999999999999
30.9,227,AV,1,2,6,6,0,0,0,75,1011.0784796502788,0.3,-9.27
24.016666666666666,297,AV,1,3,6,4,0,0,0,56,2486.38103050259,0.2,-4.803333333333334
28.25,194,AV,1,1,9,8,7,0,0,66,1205.4292211271013,0.4,-11.3
22.616666666666667,76,AV,2,3,2,8,1,0,0,48,1447.5744631551047,0.3,-6.785
8.7,21,AV,1,0,4,4,8,0,0,23,5985.732437913218,1.0,-8.7
14.15,171,AV,1,3,4,0,1,0,0,38,2034.664800296876,1.0,-14.15
32.2,286,AV,2,2,1,3,5,0,0,66,8326.33528790118,0.1,-3.2200000000000006
22.083333333333332,13,AV,1,0,6,2,1,0,0,53,5009.92015912814,0.1,-2.2083333333333335
12.05,284,AV,0,7,0,2,3,0,0,23,3531.3895067900216,0.1,-1.205
33.166666666666664,91,AV,1,3,6,4,1,0,0,84,3458.1247672483346,0.3,-9.95
10.366666666666667,279,AV,1,3,4,2,2,0,0,26,4843.3187157075145,0.2,-2.0733333333333337
26.933333333333334,23,AV,1,0,6,4,3,0,0,61,632.5893922142865,0.1,-2.6933333333333334
12.033333333333333,222,AV,2,2,1,4,1,0,0,26,1822.2981036688468,0.2,-2.4066666666666667
19.05,223,AV,0,5,8,0,18,0,0,29,1659.6531244520008,0.2,-3.8100000000000005
22.35,1,AV,0,6,1,6,3,0,0,34,1546.5147326922538,0.4,-8.940000000000001
74.81666666666666,87,AV,0,7,1,2,2,0,0,63,600.3305173079323,1.0,-74.81666666666666
48.63333333333333,145,AV,0,5,0,3,0,0,0,49,1782.711710770346,0.4,-19.453333333333333
28.633333333333333,249,AV,1,3,4,4,1,0,0,66,3197.7177395395383,0.1,-2.8633333333333333
25.8,64,AV,0,8,3,7,0,0,0,36,4934.883137056144,0.3,-7.74
19.05,282,AV,1,0,4,2,9,0,0,48,3534.445695738256,0.1,-1.9050000000000002
32.733333333333334,81,AV,2,2,1,0,5,0,0,68,3628.2404526711953,0.6,-19.64
43.516666666666666,273,AV,0,4,5,4,16,0,0,45,1836.592480640456,0.3,-13.055
59.21666666666667,159,AV,0,4,3,2,1,0,0,53,2241.037238818388,0.4,-23.686666666666667
24.016666666666666,206,AV,0,4,4,5,3,0,0,35,6778.2755320215965,0.1,-2.401666666666667
29.45,278,AV,0,5,4,6,1,0,0,38,658.4091024775607,0.1,-2.9450000000000003
26.283333333333335,96,AV,1,0,6,4,4,0,0,59,736.5379020629116,0.1,-2.628333333333334
32.11666666666667,213,AV,1,2,6,7,1,0,0,77,3236.647802754315,0.4,-12.846666666666668
28.05,245,AV,1,3,4,4,1,0,0,65,10721.15711953896,1.0,-28.05
52.016666666666666,60,AV,0,4,5,5,1,0,0,50,2818.3733061874163,0.1,-5.201666666666667
71.26666666666667,122,AV,0,7,6,9,10,0,0,62,2250.3510049999354,0.6,-42.76
32.53333333333333,193,AV,1,3,4,4,1,0,0,81,4818.617258984985,0.1,-3.2533333333333334
34.266666666666666,36,AV,2,3,3,9,3,0,0,75,5912.288420941998,0.5,-17.133333333333333
18.033333333333335,270,AV,1,0,5,4,6,0,0,46,8134.997760071039,0.3,-5.41
60.93333333333333,133,AV,0,5,5,2,2,0,0,53,8480.737499651503,0.7,-42.65333333333333
12.633333333333333,176,AV,1,0,4,2,2,0,0,36,2478.182963693478,0.2,-2.526666666666667
10.883333333333333,52,AV,1,0,4,4,17,0,0,28,1129.1321270070612,0.5,-5.441666666666666
32.75,88,AV,1,3,6,4,1,0,0,84,4446.537177105173,0.2,-6.550000000000001
10.683333333333334,83,AV,1,2,9,4,4,0,0,27,2198.5025098873134,0.3,-3.205
14.183333333333334,225,AV,1,0,4,2,8,0,0,39,2158.6935677652164,0.1,-1.4183333333333334
31.65,65,AV,2,2,3,3,6,0,0,65,4034.238052294327,0.2,-6.33
80.25,101,AV,0,5,0,1,0,0,0,66,2946.490055333797,0.8,-64.2
15.616666666666667,129,AV,1,0,4,4,13,0,0,40,985.8695826897422,0.4,-6.246666666666667
24.266666666666666,148,AV,1,3,4,2,2,0,0,56,3958.913906791885,0.9,-21.84
22.383333333333333,103,AV,1,3,4,4,1,0,0,53,1111.987968807459,0.3,-6.715
30.05,215,AV,1,0,6,4,5,0,0,69,2046.5713793034688,0.1,-3.0050000000000003
21.15,257,AV,1,0,6,2,0,0,0,50,1017.530975349866,0.2,-4.2299999999999995
19.6,263,AV,2,0,2,4,1,0,0,44,5721.231751015957,0.1,-1.9600000000000002
16.483333333333334,268,AV,1,2,5,5,5,0,0,42,3849.958431883558,0.1,-1.6483333333333334
21.683333333333334,190,AV,1,3,4,4,1,0,0,50,5825.994272151124,0.4,-8.673333333333334
13.766666666666667,40,AV,0,4,4,0,17,0,0,23,497.26542980048754,0.1,-1.376666666666667
38.25,288,AV,0,7,2,1,5,0,0,43,2294.767722006211,0.2,-7.65
69.65,151,AV,0,6,0,7,5,0,0,60,4266.216809230351,0.4,-27.860000000000003
54.38333333333333,185,AV,0,5,3,7,2,0,0,50,3024.224513765153,0.4,-21.753333333333334
17.316666666666666,192,AV,2,3,2,0,5,0,0,38,2761.3662775036096,0.2,-3.4633333333333334
29.416666666666668,254,AV,1,3,6,4,7,0,0,66,2421.832203454489,0.7,-20.591666666666665
25.783333333333335,118,AV,1,0,6,2,2,0,0,58,2113.1349678504243,0.1,-2.5783333333333336
24.933333333333334,109,AV,1,3,6,4,4,0,0,57,8348.421721831439,0.6,-14.959999999999999
5.183333333333334,29,AV,0,5,7,7,8,0,0,12,12051.378145129962,0.3,-1.555
28.05,142,AV,2,1,1,5,2,0,0,56,473.5024380788758,0.2,-5.61
19.1,106,AV,2,1,1,5,0,0,0,42,2996.640782499388,0.9,-17.19
10.05,41,AV,0,6,7,3,6,0,0,22,2382.718205806423,0.4,-4.0200000000000005
22.866666666666667,173,AV,1,3,6,0,0,0,0,55,926.7012599248138,0.1,-2.2866666666666666
31.1,247,AV,0,5,5,5,3,0,0,38,5004.1281918097375,0.3,-9.33
11.016666666666667,174,AV,1,1,4,1,1,0,0,29,913.5589076746268,0.3,-3.305
13.6,73,AV,2,2,1,6,1,0,0,28,1485.5718097438446,0.1,-1.36
32.45,86,AV,1,2,4,5,1,0,0,76,3987.5502105766736,0.1,-3.2450000000000006
21.416666666666668,165,AV,1,0,6,2,2,0,0,49,2318.1098695731453,0.2,-4.283333333333334
25.35,232,AV,1,0,6,4,1,0,0,58,1446.9812594843625,0.1,-2.535
34.65,66,AV,2,1,2,7,0,0,0,77,2987.078671303881,1.0,-34.65
28.116666666666667,93,AV,2,0,3,5,1,0,0,56,1614.9573615816892,0.2,-5.623333333333334
30.083333333333332,54,AV,1,3,6,4,2,0,0,67,2496.2043409386315,0.3,-9.024999999999999
12.05,269,AV,1,3,5,9,7,0,0,32,2352.9451803313505,0.5,-6.025
8.616666666666667,123,AV,0,6,7,2,1,0,0,21,4113.319853961603,0.4,-3.446666666666667
12.383333333333333,144,AV,1,3,4,2,3,0,0,33,5590.116807812239,0.1,-1.2383333333333333
64.36666666666666,184,AV,0,6,0,1,2,0,0,56,11940.25564443948,0.2,-12.873333333333333
31.233333333333334,134,AV,0,8,8,9,6,0,0,38,2968.817229463249,0.6,-18.74
62.88333333333333,216,AV,0,4,8,2,11,0,0,54,969.457736312404,0.3,-18.865
15.7,8,AV,1,3,7,7,0,0,0,40,1900.764377468582,0.2,-3.14
8.6,202,AV,1,2,5,9,7,0,0,20,5307.329693361759,0.5,-4.3
22.35,179,AV,0,9,7,9,7,0,0,33,743.7553910389753,0.4,-8.940000000000001
31.833333333333332,105,AV,1,3,6,4,5,0,0,75,1684.196745492046,0.3,-9.549999999999999
20.766666666666666,120,AV,2,2,1,2,4,0,0,45,1567.0706205360798,0.2,-4.153333333333333
27.7,5,AV,1,3,6,4,5,0,0,63,6197.036257351283,0.3,-8.309999999999999
13.066666666666666,209,AV,1,1,9,1,1,0,0,35,2753.3979495063454,0.1,-1.3066666666666666
17.333333333333332,233,AV,0,6,3,9,9,0,0,27,2793.3389947689566,0.1,-1.7333333333333334
6.883333333333334,280,AV,0,7,8,5,8,0,0,17,2446.4664131825853,0.1,-0.6883333333333335
16.9,246,AV,1,2,8,4,6,0,0,41,1572.8756307612184,0.2,-3.38
12.133333333333333,274,AV,2,2,3,0,7,0,0,18,1293.252850487379,0.5,-6.066666666666666
25.783333333333335,4,AV,1,0,4,4,1,0,0,58,679.8949342204361,0.1,-2.5783333333333336
33.28333333333333,9,AV,1,3,8,2,4,0,0,84,2667.9339807116767,0.4,-13.313333333333333
21.2,211,AV,1,0,4,2,9,0,0,50,2417.357356239525,0.1,-2.12
11.366666666666667,196,AV,1,3,9,6,7,0,0,29,4281.8327360815,0.3,-3.41
10.983333333333333,35,AV,1,0,4,0,17,0,0,28,912.6272274022258,0.3,-3.2949999999999995
30.716666666666665,235,AV,1,3,6,4,4,0,0,73,2337.3116255789537,0.5,-15.358333333333333
55.68333333333333,117,AV,0,6,8,4,10,0,0,52,3251.3322332141274,0.1,-5.568333333333333
13.15,0,AV,2,2,1,7,15,0,0,26,5051.78348307234,0.1,-1.3150000000000002
17.683333333333334,89,AV,1,3,6,4,9,0,0,44,3132.463358685509,0.8,-14.146666666666668
25.116666666666667,33,AV,1,0,6,7,5,0,0,57,763.1985099142711,0.3,-7.535
18.883333333333333,72,AV,1,0,4,2,9,0,0,47,7099.697064525982,0.2,-3.776666666666667
16.2,224,AV,2,0,0,6,5,0,0,32,591.6693204447811,0.1,-1.62
16.033333333333335,236,AV,2,2,2,0,6,0,0,33,4237.057085974603,0.2,-3.206666666666667
29.533333333333335,110,AV,1,3,4,4,1,0,0,67,13351.937436366714,0.2,-5.906666666666667
15.966666666666667,59,AV,1,2,6,6,9,0,0,40,3017.17067826153,0.2,-3.1933333333333334
50.43333333333333,267,AV,0,5,3,2,6,0,0,49,4021.28082322038,0.8,-40.346666666666664
19.75,187,AV,2,2,3,1,11,0,0,42,4200.245935785981,0.2,-3.95
68.08333333333333,16,AV,0,6,5,6,0,0,0,58,5578.433439706214,0.2,-13.616666666666667
27.6,250,AV,0,9,0,3,8,0,0,37,2283.7291705859197,0.1,-2.7600000000000002
7.083333333333333,108,AV,0,4,4,0,3,0,0,9,2177.5877894542577,0.2,-1.4166666666666667
19.416666666666668,119,AV,1,0,9,4,1,0,0,49,5341.061461458292,0.8,-15.533333333333335
26.433333333333334,34,AV,2,2,2,5,9,0,0,55,7177.938863287724,0.3,-7.93
28.416666666666668,191,AV,2,1,2,3,6,0,0,60,2953.464044858564,0.2,-5.683333333333334
20.333333333333332,124,AV,2,2,1,8,5,0,0,45,6947.27484286379,0.7,-14.23333333333333
87.1,230,AV,0,4,7,4,6,0,0,73,2010.868248891871,0.8,-69.67999999999999
90.43333333333334,112,AV,0,7,8,1,2,0,0,85,898.3728471886773,0.1,-9.043333333333335
32.916666666666664,39,AV,0,9,5,5,2,0,0,39,4864.205776554158,0.2,-6.583333333333333
55.71666666666667,43,AV,0,8,4,7,4,0,0,52,3667.3634505223554,0.5,-27.858333333333334
26.816666666666666,132,AV,1,3,6,4,6,0,0,60,1391.0507319816634,0.4,-10.726666666666667
80.63333333333334,240,AV,0,6,0,3,0,0,0,64,2857.6088215719105,0.7,-56.443333333333335
31.283333333333335,80,AV,0,4,0,0,17,0,0,38,1723.69240549938,0.6,-18.77
34.61666666666667,79,AV,0,4,0,8,18,0,0,39,4569.840806868062,0.5,-17.308333333333334
25.033333333333335,137,AV,2,0,1,0,7,0,0,50,2215.952556227922,0.1,-2.503333333333334
76.8,253,AV,0,7,6,7,0,0,0,63,2538.843693606908,0.1,-7.68
26.966666666666665,126,AV,1,3,6,0,5,0,0,62,3245.380745418587,0.8,-21.573333333333334
39.13333333333333,167,AV,2,1,3,3,9,0,0,89,3778.090807703549,0.2,-7.826666666666667
85.33333333333333,150,AV,0,6,2,6,0,0,0,70,4227.85786318916,0.5,-42.666666666666664
30.433333333333334,265,AV,1,0,6,4,5,0,0,69,2218.0502812558643,0.1,-3.0433333333333334
71.33333333333333,158,AV,0,9,8,2,10,0,0,62,1338.7213376931895,0.4,-28.53333333333333
30.883333333333333,48,AV,2,2,1,3,6,0,0,65,2815.231094880572,0.4,-12.353333333333333
36.55,28,AV,0,8,3,3,1,0,0,42,742.4887258523852,0.2,-7.31
23.85,14,AV,1,0,6,2,2,0,0,55,548.7192496267361,0.3,-7.155
32.31666666666667,131,AV,2,1,0,1,15,0,0,69,8981.750106371177,0.3,-9.695
12.9,299,AV,1,0,4,2,4,0,0,37,699.2977112166509,0.5,-6.45
24.716666666666665,2,AV,1,3,4,4,1,0,0,56,863.3540159882258,0.2,-4.943333333333333
24.75,283,AV,2,1,3,2,9,0,0,53,1597.8734280578535,0.1,-2.475
47.0,19,AV,0,7,7,8,10,0,0,47,1797.659883656486,0.3,-14.1
12.216666666666667,95,AV,1,1,5,3,6,0,0,32,1122.7546975855585,0.5,-6.108333333333333
30.933333333333334,293,AV,1,3,4,4,1,0,0,69,871.0408974081768,0.3,-9.28
14.233333333333333,107,AV,1,0,4,2,8,0,0,39,2222.040577514192,0.3,-4.27
21.233333333333334,287,AV,1,0,6,2,6,0,0,50,4950.268578812107,0.1,-2.1233333333333335
32.083333333333336,186,AV,1,3,4,4,1,0,0,75,1975.501985353583,0.5,-16.041666666666668
22.733333333333334,70,AV,2,3,2,6,0,0,0,47,844.3352662229099,0.2,-4.546666666666667
10.983333333333333,181,AV,1,0,4,0,19,0,0,30,17693.100214811147,0.2,-2.1966666666666668
88.96666666666667,45,AV,0,5,4,6,3,0,0,80,1832.3133019091129,0.6,-53.38
19.216666666666665,42,AV,1,0,4,2,8,0,0,46,1474.807688008607,0.1,-1.9216666666666666
17.483333333333334,182,AV,1,0,6,2,1,0,0,44,13460.811009378149,0.3,-5.245
69.66666666666667,138,AV,0,6,4,6,3,0,0,58,1996.532829496936,0.2,-13.933333333333335
17.666666666666668,58,AV,1,0,6,2,5,0,0,45,4135.471393234625,0.3,-5.3
11.633333333333333,166,AV,1,0,4,2,2,0,0,29,2850.5966631146844,0.4,-4.653333333333333
45.21666666666667,207,AV,0,7,1,3,7,0,0,45,10708.821866752483,0.6,-27.13
73.11666666666666,205,AV,0,4,8,3,4,0,0,62,567.9518330451218,0.3,-21.935
22.833333333333332,149,AV,1,0,4,2,1,0,0,53,1167.011530479414,0.1,-2.283333333333333
7.85,199,AV,1,2,7,4,7,0,0,15,3558.5090095449787,0.2,-1.57
90.51666666666667,204,AV,0,4,5,3,1,0,0,84,4747.153558918807,1.0,-90.51666666666667
9.716666666666667,20,AV,1,3,7,3,1,0,0,24,3398.605365942332,0.1,-0.9716666666666667
10.6,57,AV,1,2,9,6,18,0,0,26,588.8906571209208,0.1,-1.06
19.166666666666668,200,AV,1,0,4,2,10,0,0,49,1526.0895405694364,0.1,-1.916666666666667
25.116666666666667,272,AV,2,2,2,3,19,0,0,50,4416.224882412617,0.1,-2.5116666666666667
35.06666666666667,161,AV,2,3,1,4,1,0,0,71,3583.4963710051925,0.3,-10.520000000000001
24.35,241,AV,1,0,6,2,2,0,0,56,8331.964781214912,0.1,-2.4350000000000005
66.11666666666666,99,AV,0,6,9,3,9,0,0,57,1942.5668635563816,0.1,-6.611666666666666
34.983333333333334,85,AV,2,0,0,3,5,0,0,79,1386.7650627050614,0.3,-10.495
48.68333333333333,217,AV,0,7,7,2,0,0,0,48,1117.0806745336297,0.6,-29.209999999999997
23.5,198,AV,1,0,8,6,1,0,0,55,1068.5648373754009,0.1,-2.35
5.233333333333333,221,AV,0,6,5,0,1,0,0,0,1150.2916000513435,0.4,-2.0933333333333333
13.816666666666666,256,AV,0,5,5,2,2,0,0,24,424.9057127261393,0.1,-1.3816666666666668
40.2,220,AV,0,8,8,7,7,0,0,43,835.7777612710734,0.1,-4.0200000000000005
20.516666666666666,49,AV,0,8,8,3,4,0,0,32,793.0252767736928,0.1,-2.0516666666666667
36.13333333333333,113,AV,2,2,1,6,3,0,0,75,4968.170350229253,0.1,-3.6133333333333333
8.4,71,AV,1,3,4,2,3,0,0,22,2472.005569054355,0.5,-4.2
33.266666666666666,231,AV,1,3,6,4,4,0,0,85,3414.9419898187493,0.2,-6.653333333333333
57.65,212,AV,0,6,5,0,0,0,0,52,2052.607856914241,0.1,-5.765000000000001
20.016666666666666,261,AV,1,0,4,2,7,0,0,49,4639.089550420253,0.1,-2.0016666666666665
13.533333333333333,116,AV,1,3,4,0,13,0,0,35,10450.70686878338,0.3,-4.06
32.71666666666667,102,AV,1,0,4,0,7,0,0,82,954.0002559944874,0.3,-9.815
43.766666666666666,170,AV,0,5,2,4,7,0,0,44,7658.5640246764915,0.4,-17.506666666666668
14.016666666666667,68,AV,2,3,2,5,11,0,0,24,806.3598325453933,0.3,-4.205
14.166666666666666,259,AV,1,0,8,1,6,0,0,37,1836.3970218708375,0.4,-5.666666666666667
11.7,97,AV,1,3,4,0,8,0,0,30,783.6834518391023,0.1,-1.17
38.3,168,AV,0,5,5,1,6,0,0,42,870.7377108213431,0.1,-3.83
24.0,271,AV,1,3,6,4,1,0,0,55,3773.073658575576,0.6,-14.399999999999999
27.333333333333332,53,AV,1,3,6,4,0,0,0,62,5568.958209200236,1.0,-27.333333333333332
39.81666666666667,258,AV,0,8,4,0,4,0,0,43,2619.168197182975,0.3,-11.945
23.366666666666667,262,AV,1,0,6,2,1,0,0,54,19040.472291926453,0.1,-2.336666666666667
29.116666666666667,244,AV,1,3,6,4,0,0,0,66,1251.6500609663929,0.2,-5.823333333333334
33.68333333333333,136,AV,2,0,0,4,1,0,0,70,9667.56212442905,0.1,-3.368333333333333
23.533333333333335,210,AV,1,3,6,4,0,0,0,55,2744.255474143275,0.3,-7.0600000000000005
18.233333333333334,295,AV,1,3,6,4,6,0,0,46,3366.895459871004,0.7,-12.763333333333334
29.766666666666666,228,AV,1,3,6,4,7,0,0,67,4689.4303597647895,0.3,-8.93
31.75,277,AV,1,3,4,4,1,0,0,75,8029.700924090037,0.2,-6.3500000000000005
28.633333333333333,55,AV,1,3,6,4,0,0,0,66,14505.369879802229,0.2,-5.726666666666667
34.61666666666667,147,AV,0,4,9,8,10,0,0,40,859.2772315809713,0.3,-10.385
41.56666666666667,92,AV,0,5,4,0,2,0,0,44,1581.438059619256,0.5,-20.783333333333335
16.033333333333335,3,AV,1,0,4,2,9,0,0,41,2276.662146114732,0.1,-1.6033333333333335
76.83333333333333,177,AV,0,6,0,0,0,0,0,63,934.0011274976006,1.0,-76.83333333333333
86.0,239,AV,0,6,1,5,0,0,0,69,623.7253316558669,0.1,-8.6
31.95,127,AV,2,0,1,6,9,0,0,62,5960.007005011629,0.4,-12.780000000000001
27.433333333333334,37,AV,1,3,6,4,0,0,0,62,1581.4824060924602,0.5,-13.716666666666667
19.7,115,AV,1,1,5,1,1,0,0,49,2898.378436294527,0.1,-1.97
54.18333333333333,125,AV,0,6,5,4,7,0,0,51,5502.789496653042,0.8,-43.346666666666664
32.15,152,AV,1,3,6,0,0,0,0,75,2476.7926805910606,0.4,-12.86
25.933333333333334,153,AV,0,7,6,2,0,0,0,36,15725.918848752755,0.1,-2.5933333333333337
57.35,276,AV,0,6,9,9,3,0,0,52,4434.023444374438,0.2,-11.47
16.083333333333332,292,AV,1,1,8,5,0,0,0,40,1083.524948441525,0.4,-6.433333333333334
22.033333333333335,252,AV,1,0,6,4,6,0,0,51,586.3474640105957,0.3,-6.61
27.633333333333333,31,AV,0,9,8,9,2,0,0,37,857.6590975250949,0.3,-8.29
32.61666666666667,195,AV,2,3,2,0,7,0,0,65,1097.8259349569896,0.2,-6.523333333333333
17.733333333333334,201,AV,1,0,4,2,10,0,0,45,4061.843573313689,0.1,-1.7733333333333334
60.916666666666664,22,AV,0,5,0,2,2,0,0,53,617.4453946714843,0.3,-18.275
25.833333333333332,18,AV,1,0,6,4,2,0,0,60,650.412147456106,0.1,-2.5833333333333335
9.683333333333334,214,AV,1,3,4,0,16,0,0,24,7130.271245067938,0.3,-2.905
29.55,10,AV,2,1,0,7,3,0,0,62,1824.367004680513,0.1,-2.955
26.45,143,AV,1,3,6,4,0,0,0,60,1929.5758599688188,0.3,-7.935
20.533333333333335,130,AV,0,5,1,0,1,0,0,30,508.6019702527906,0.4,-8.213333333333335
28.1,238,AV,1,2,7,0,5,0,0,65,3759.463069718096,0.9,-25.290000000000003
17.233333333333334,188,AV,1,0,4,2,7,0,0,39,9884.322174397852,0.2,-3.446666666666667
29.866666666666667,255,AV,2,1,2,2,5,0,0,63,1301.8927857652438,0.4,-11.946666666666667
13.433333333333334,82,AV,1,0,4,0,13,0,0,37,3101.095365071405,0.2,-2.686666666666667
25.0,98,AV,2,2,1,6,0,0,0,53,457.16351791608827,0.1,-2.5
36.46666666666667,146,AV,0,4,1,5,1,0,0,40,7864.29237148983,0.1,-3.646666666666667
27.45,30,AV,1,0,6,4,3,0,0,62,2105.6010448069283,0.1,-2.745
10.416666666666666,140,AV,1,0,4,4,8,0,0,24,417.8295094645922,0.8,-8.333333333333334
15.616666666666667,291,AV,0,4,4,0,14,0,0,26,5862.871835726062,0.1,-1.5616666666666668
30.4,104,AV,1,3,6,4,4,0,0,67,583.3206434887895,0.8,-24.32
62.71666666666667,180,AV,0,9,1,9,0,0,0,55,1653.1781197118603,0.1,-6.271666666666667
16.55,243,AV,1,0,4,6,10,0,0,40,2722.266725979925,0.1,-1.6550000000000002
15.883333333333333,44,AV,1,1,5,1,11,0,0,38,10213.823531357188,0.2,-3.1766666666666667
62.81666666666667,275,AV,0,5,5,5,3,0,0,55,1921.5023446668008,0.1,-6.281666666666667
28.183333333333334,219,AV,2,3,0,0,7,0,0,55,1342.087988935639,0.7,-19.72833333333333
12.05,160,AV,0,7,3,7,0,0,0,22,4164.701887555128,0.2,-2.41
18.95,94,AV,0,6,6,2,7,0,0,28,3323.1633986738134,0.2,-3.79
31.85,15,AV,1,3,6,4,0,0,0,73,2044.1603053436156,0.9,-28.665000000000003
81.93333333333334,62,AV,0,4,2,1,2,0,0,68,3158.0604616132755,0.8,-65.54666666666667
68.08333333333333,111,AV,0,4,2,2,6,0,0,57,1405.7852601227096,0.5,-34.041666666666664
17.283333333333335,155,AV,0,6,9,4,14,0,0,26,1265.4739572733297,0.3,-5.1850000000000005
73.21666666666667,63,AV,0,5,1,4,2,0,0,62,1240.6560786390864,0.4,-29.28666666666667
8.616666666666667,189,AV,0,8,0,7,13,0,0,20,807.7368269013535,0.5,-4.308333333333334
25.033333333333335,51,AV,1,0,6,4,2,0,0,57,1664.0464513081895,0.2,-5.006666666666668
23.633333333333333,197,AV,1,0,6,2,2,0,0,54,4660.29795945294,0.1,-2.3633333333333333
15.266666666666667,77,AV,2,2,0,1,6,0,0,29,1244.4027248274256,0.1,-1.5266666666666668
78.33333333333333,74,AV,0,9,7,1,3,0,0,63,3362.377553451843,0.2,-15.666666666666666
45.25,266,AV,0,5,7,7,27,0,0,45,1588.8002265047048,1.0,-45.25
78.35,114,AV,0,4,1,5,2,0,0,64,2142.030696222753,0.8,-62.68
14.916666666666666,172,AV,2,0,2,2,5,0,0,34,4967.653125719208,0.1,-1.4916666666666667
21.966666666666665,61,AV,1,1,5,9,7,0,0,51,627.4062491148882,0.1,-2.1966666666666668
13.15,251,AV,2,0,2,3,6,0,0,22,8975.220492497892,0.4,-5.260000000000001
18.766666666666666,169,AV,1,3,4,4,1,0,0,46,3866.930621896856,0.3,-5.63
21.466666666666665,26,AV,1,1,4,1,3,0,0,51,3151.1733449572957,0.1,-2.1466666666666665
83.58333333333333,294,AV,0,7,7,6,2,0,0,68,1645.9523587482854,0.2,-16.716666666666665
52.483333333333334,237,AV,0,4,0,7,6,0,0,49,1541.4014724042315,0.1,-5.248333333333334
29.216666666666665,50,AV,1,3,4,4,1,0,0,66,8028.27043643778,0.7,-20.451666666666664
50.55,229,AV,0,7,2,2,2,0,0,48,437.8567856598078,1.0,-50.55
13.65,156,AV,2,2,2,6,0,0,0,22,4504.939201911708,0.1,-1.3650000000000002
18.183333333333334,163,AV,1,3,4,4,1,0,0,46,3368.9508766880413,0.6,-10.91
