travel_time,id,kind,action,origin,destination,start_time,income,urgency,reward,observation,cost_table
47.28333333333333,102,AV,2,0,0,100,1783.933402668827,,-47.28333333333333,"0,0,0,0","0,0,0"
36.166666666666664,156,AV,1,0,0,82,2753.3979495063454,,-36.166666666666664,"0,0,0,0","0,0,0"
28.333333333333332,212,AV,1,0,0,56,4113.319853961603,,-28.333333333333332,"0,0,0,0","0,0,0"
37.166666666666664,251,AV,1,0,0,88,5654.280440205098,,-37.166666666666664,"0,0,0,0","0,0,0"
39.21666666666667,49,AV,1,0,0,99,1068.5648373754009,,-39.21666666666667,"0,0,0,0","0,0,0"
39.416666666666664,27,AV,2,0,0,68,832.3173438658397,,-39.416666666666664,"0,0,0,0","0,0,0"
33.85,99,AV,2,0,0,43,1718.6657268339234,,-33.85,"0,0,0,0","0,0,0"
30.333333333333332,7,AV,1,0,0,59,610.4868582393152,,-30.333333333333332,"0,0,0,0","0,0,0"
32.36666666666667,110,AV,1,0,0,69,1880.1756700095973,,-32.36666666666667,"0,0,0,0","0,0,0"
45.46666666666667,286,AV,2,0,0,49,8987.033628468456,,-45.46666666666667,"0,0,0,0","0,0,0"
30.883333333333333,76,AV,2,0,0,34,1411.5824788559885,,-30.883333333333333,"0,0,0,0","0,0,0"
36.11666666666667,165,AV,1,0,0,83,2872.269398564857,,-36.11666666666667,"0,0,0,0","0,0,0"
16.833333333333332,152,AV,1,0,0,14,2645.062412614309,,-16.833333333333332,"0,0,0,0","0,0,0"
38.53333333333333,238,AV,1,0,0,97,4735.166802079286,,-38.53333333333333,"0,0,0,0","0,0,0"
30.383333333333333,200,AV,2,0,0,21,3628.2404526711953,,-30.383333333333333,"0,0,0,0","0,0,0"
43.15,296,AV,2,0,0,82,13748.957190518822,,-43.15,"0,0,0,0","0,0,0"
34.733333333333334,159,AV,1,0,0,78,2815.231094880572,,-34.733333333333334,"0,0,0,0","0,0,0"
38.733333333333334,191,AV,2,0,0,57,3386.12741774329,,-38.733333333333334,"0,0,0,0","0,0,0"
26.25,144,AV,1,0,0,39,2421.832203454489,,-26.25,"0,0,0,0","0,0,0"
36.083333333333336,113,AV,1,0,0,81,1900.764377468582,,-36.083333333333336,"0,0,0,0","0,0,0"
36.63333333333333,35,AV,1,0,0,87,913.5589076746268,,-36.63333333333333,"0,0,0,0","0,0,0"
15.233333333333333,209,AV,1,0,0,11,3941.04555698938,,-15.233333333333333,"0,0,0,0","0,0,0"
45.15,257,AV,2,0,0,63,5849.7981009167725,,-45.15,"0,0,0,0","0,0,0"
24.183333333333334,239,AV,2,0,0,18,4754.245589533712,,-24.183333333333334,"0,0,0,0","0,0,0"
22.833333333333332,77,AV,1,0,0,33,1434.4967426379471,,-22.833333333333332,"0,0,0,0","0,0,0"
16.65,45,AV,1,0,0,13,985.8695826897422,,-16.65,"0,0,0,0","0,0,0"
33.46666666666667,118,AV,2,0,0,40,2043.1688306873104,,-33.46666666666667,"0,0,0,0","0,0,0"
31.333333333333332,232,AV,1,0,0,69,4669.869929992837,,-31.333333333333332,"0,0,0,0","0,0,0"
31.35,108,AV,1,0,0,67,1838.9541098615327,,-31.35,"0,0,0,0","0,0,0"
35.31666666666667,249,AV,2,0,0,35,5502.789496653042,,-35.31666666666667,"0,0,0,0","0,0,0"
28.816666666666666,268,AV,1,0,0,57,6446.254396158338,,-28.816666666666666,"0,0,0,0","0,0,0"
22.383333333333333,63,AV,1,0,0,33,1249.5878531833848,,-22.383333333333333,"0,0,0,0","0,0,0"
20.166666666666668,208,AV,1,0,0,26,3919.41152379869,,-20.166666666666668,"0,0,0,0","0,0,0"
27.316666666666666,0,AV,1,0,0,50,491.0984231068265,,-27.316666666666666,"0,0,0,0","0,0,0"
30.966666666666665,237,AV,1,0,0,61,4705.31956239884,,-30.966666666666665,"0,0,0,0","0,0,0"
30.866666666666667,221,AV,1,0,0,60,4266.216809230351,,-30.866666666666667,"0,0,0,0","0,0,0"
40.71666666666667,82,AV,2,0,0,64,1460.8215047913693,,-40.71666666666667,"0,0,0,0","0,0,0"
18.65,175,AV,0,0,0,51,2996.640782499388,,-18.65,"0,0,0,0","0,0,0"
25.233333333333334,101,AV,0,0,0,75,1751.9448432672848,,-25.233333333333334,"0,0,0,0","0,0,0"
16.516666666666666,67,AV,1,0,0,7,1293.252850487379,,-16.516666666666666,"0,0,0,0","0,0,0"
29.383333333333333,192,AV,1,0,0,58,3387.2787239910285,,-29.383333333333333,"0,0,0,0","0,0,0"
37.233333333333334,88,AV,2,0,0,63,1526.0895405694364,,-37.233333333333334,"0,0,0,0","0,0,0"
23.283333333333335,298,AV,1,0,0,36,19040.472291926453,,-23.283333333333335,"0,0,0,0","0,0,0"
27.15,169,AV,1,0,0,55,2949.689674384749,,-27.15,"0,0,0,0","0,0,0"
25.75,274,AV,2,0,0,16,7592.14370769901,,-25.75,"0,0,0,0","0,0,0"
13.55,37,AV,0,0,0,33,932.0432837729122,,-13.55,"0,0,0,0","0,0,0"
27.05,228,AV,2,0,0,14,4549.115907877681,,-27.05,"0,0,0,0","0,0,0"
11.95,36,AV,1,0,0,2,921.9548251796884,,-11.95,"0,0,0,0","0,0,0"
27.8,270,AV,1,0,0,55,7130.271245067938,,-27.8,"0,0,0,0","0,0,0"
31.4,39,AV,2,0,0,51,948.3478854920526,,-31.4,"0,0,0,0","0,0,0"
32.86666666666667,59,AV,1,0,0,70,1205.4292211271013,,-32.86666666666667,"0,0,0,0","0,0,0"
21.166666666666668,123,AV,1,0,0,31,2105.159940183184,,-21.166666666666668,"0,0,0,0","0,0,0"
31.0,285,AV,2,0,0,39,8975.220492497892,,-31.0,"0,0,0,0","0,0,0"
18.75,280,AV,0,0,0,50,8333.728817076937,,-18.75,"0,0,0,0","0,0,0"
16.25,151,AV,1,0,0,14,2629.980017260476,,-16.25,"0,0,0,0","0,0,0"
10.866666666666667,104,AV,1,0,0,2,1804.2001824470888,,-10.866666666666667,"0,0,0,0","0,0,0"
35.5,147,AV,2,0,0,59,2476.7926805910606,,-35.5,"0,0,0,0","0,0,0"
28.15,260,AV,1,0,0,56,5899.132481879994,,-28.15,"0,0,0,0","0,0,0"
30.983333333333334,288,AV,1,0,0,65,9095.945853089892,,-30.983333333333334,"0,0,0,0","0,0,0"
10.85,80,AV,1,0,0,3,1454.957177165027,,-10.85,"0,0,0,0","0,0,0"
19.5,96,AV,1,0,0,22,1653.1781197118603,,-19.5,"0,0,0,0","0,0,0"
32.21666666666667,217,AV,2,0,0,50,4223.122456076251,,-32.21666666666667,"0,0,0,0","0,0,0"
27.05,120,AV,2,0,0,11,2046.5713793034688,,-27.05,"0,0,0,0","0,0,0"
36.516666666666666,71,AV,2,0,0,62,1342.087988935639,,-36.516666666666666,"0,0,0,0","0,0,0"
28.416666666666668,215,AV,2,0,0,20,4159.866430607663,,-28.416666666666668,"0,0,0,0","0,0,0"
44.666666666666664,167,AV,2,0,0,95,2898.378436294527,,-44.666666666666664,"0,0,0,0","0,0,0"
20.183333333333334,227,AV,0,0,0,56,4547.885280126284,,-20.183333333333334,"0,0,0,0","0,0,0"
14.4,68,AV,1,0,0,8,1294.2551843223837,,-14.4,"0,0,0,0","0,0,0"
49.916666666666664,279,AV,2,0,0,90,8029.700924090037,,-49.916666666666664,"0,0,0,0","0,0,0"
38.96666666666667,204,AV,1,0,0,99,3783.636689084741,,-38.96666666666667,"0,0,0,0","0,0,0"
24.65,258,AV,2,0,0,2,5862.8833826120845,,-24.65,"0,0,0,0","0,0,0"
16.583333333333332,131,AV,1,0,0,18,2177.5877894542577,,-16.583333333333332,"0,0,0,0","0,0,0"
25.766666666666666,234,AV,2,0,0,12,4687.914961676448,,-25.766666666666666,"0,0,0,0","0,0,0"
11.266666666666667,73,AV,1,0,0,4,1373.5659577718477,,-11.266666666666667,"0,0,0,0","0,0,0"
23.15,214,AV,1,0,0,33,4135.471393234625,,-23.15,"0,0,0,0","0,0,0"
31.4,70,AV,2,0,0,38,1338.7213376931895,,-31.4,"0,0,0,0","0,0,0"
16.783333333333335,114,AV,1,0,0,11,1927.298426803608,,-16.783333333333335,"0,0,0,0","0,0,0"
16.716666666666665,53,AV,1,0,0,18,1122.7546975855585,,-16.716666666666665,"0,0,0,0","0,0,0"
39.13333333333333,111,AV,2,0,0,73,1885.557658153182,,-39.13333333333333,"0,0,0,0","0,0,0"
25.366666666666667,290,AV,2,0,0,15,10838.007207066395,,-25.366666666666667,"0,0,0,0","0,0,0"
43.71666666666667,220,AV,2,0,0,98,4245.708624069837,,-43.71666666666667,"0,0,0,0","0,0,0"
37.016666666666666,130,AV,1,0,0,93,2158.6935677652164,,-37.016666666666666,"0,0,0,0","0,0,0"
36.35,129,AV,1,0,0,86,2142.030696222753,,-36.35,"0,0,0,0","0,0,0"
26.8,138,AV,2,0,0,16,2283.7291705859197,,-26.8,"0,0,0,0","0,0,0"
37.016666666666666,201,AV,1,0,0,97,3667.3634505223554,,-37.016666666666666,"0,0,0,0","0,0,0"
28.7,143,AV,1,0,0,56,2421.0391237858234,,-28.7,"0,0,0,0","0,0,0"
30.516666666666666,60,AV,2,0,0,33,1234.5997004771,,-30.516666666666666,"0,0,0,0","0,0,0"
39.31666666666667,206,AV,1,0,0,88,3849.958431883558,,-39.31666666666667,"0,0,0,0","0,0,0"
32.46666666666667,30,AV,1,0,0,68,854.5785374972068,,-32.46666666666667,"0,0,0,0","0,0,0"
25.133333333333333,235,AV,1,0,0,44,4689.4303597647895,,-25.133333333333333,"0,0,0,0","0,0,0"
24.3,103,AV,1,0,0,38,1794.439334206041,,-24.3,"0,0,0,0","0,0,0"
47.05,42,AV,2,0,0,94,959.5289757906356,,-47.05,"0,0,0,0","0,0,0"
23.783333333333335,107,AV,2,0,0,7,1830.3424648913517,,-23.783333333333335,"0,0,0,0","0,0,0"
42.81666666666667,287,AV,2,0,0,80,8987.822610831106,,-42.81666666666667,"0,0,0,0","0,0,0"
33.96666666666667,119,AV,1,0,0,75,2044.1603053436156,,-33.96666666666667,"0,0,0,0","0,0,0"
20.616666666666667,127,AV,1,0,0,26,2133.445027811215,,-20.616666666666667,"0,0,0,0","0,0,0"
23.183333333333334,55,AV,1,0,0,35,1148.2139867956057,,-23.183333333333334,"0,0,0,0","0,0,0"
39.43333333333333,84,AV,1,0,0,100,1474.5167950508735,,-39.43333333333333,"0,0,0,0","0,0,0"
28.833333333333332,26,AV,1,0,0,59,825.4433072334436,,-28.833333333333332,"0,0,0,0","0,0,0"
37.4,230,AV,2,0,0,58,4577.590037133467,,-37.4,"0,0,0,0","0,0,0"
43.3,75,AV,2,0,0,85,1405.7852601227096,,-43.3,"0,0,0,0","0,0,0"
20.75,92,AV,1,0,0,27,1567.0706205360798,,-20.75,"0,0,0,0","0,0,0"
19.316666666666666,203,AV,1,0,0,23,3773.073658575576,,-19.316666666666666,"0,0,0,0","0,0,0"
34.733333333333334,172,AV,1,0,0,77,2968.817229463249,,-34.733333333333334,"0,0,0,0","0,0,0"
26.966666666666665,278,AV,0,0,0,81,8028.27043643778,,-26.966666666666665,"0,0,0,0","0,0,0"
35.53333333333333,269,AV,1,0,0,81,6783.106781750961,,-35.53333333333333,"0,0,0,0","0,0,0"
28.533333333333335,173,AV,0,0,0,92,2987.078671303881,,-28.533333333333335,"0,0,0,0","0,0,0"
14.316666666666666,233,AV,1,0,0,4,4679.48341028673,,-14.316666666666666,"0,0,0,0","0,0,0"
24.35,74,AV,2,0,0,0,1386.7650627050614,,-24.35,"0,0,0,0","0,0,0"
19.616666666666667,241,AV,1,0,0,24,4950.077303955518,,-19.616666666666667,"0,0,0,0","0,0,0"
44.983333333333334,291,AV,2,0,0,88,11185.875164713363,,-44.983333333333334,"0,0,0,0","0,0,0"
33.11666666666667,133,AV,1,0,0,74,2198.5025098873134,,-33.11666666666667,"0,0,0,0","0,0,0"
36.0,10,AV,2,0,0,59,649.7132696839626,,-36.0,"0,0,0,0","0,0,0"
37.46666666666667,226,AV,1,0,0,94,4504.939201911708,,-37.46666666666667,"0,0,0,0","0,0,0"
40.56666666666667,13,AV,2,0,0,68,676.2529471816457,,-40.56666666666667,"0,0,0,0","0,0,0"
14.3,266,AV,1,0,0,7,6130.868263041086,,-14.3,"0,0,0,0","0,0,0"
28.15,136,AV,1,0,0,52,2276.662146114732,,-28.15,"0,0,0,0","0,0,0"
15.366666666666667,219,AV,1,0,0,6,4237.057085974603,,-15.366666666666667,"0,0,0,0","0,0,0"
21.916666666666668,244,AV,0,0,0,63,5370.167679594476,,-21.916666666666668,"0,0,0,0","0,0,0"
30.083333333333332,205,AV,1,0,0,58,3803.247088152212,,-30.083333333333332,"0,0,0,0","0,0,0"
35.38333333333333,157,AV,2,0,0,47,2758.442965787371,,-35.38333333333333,"0,0,0,0","0,0,0"
34.5,125,AV,1,0,0,80,2113.1349678504243,,-34.5,"0,0,0,0","0,0,0"
33.93333333333333,117,AV,2,0,0,54,2022.4315636845977,,-33.93333333333333,"0,0,0,0","0,0,0"
25.666666666666668,86,AV,1,0,0,39,1490.1599361877834,,-25.666666666666668,"0,0,0,0","0,0,0"
41.766666666666666,210,AV,2,0,0,77,4021.28082322038,,-41.766666666666666,"0,0,0,0","0,0,0"
27.0,58,AV,2,0,0,7,1200.7903182940884,,-27.0,"0,0,0,0","0,0,0"
33.06666666666667,47,AV,2,0,0,44,1017.530975349866,,-33.06666666666667,"0,0,0,0","0,0,0"
50.71666666666667,155,AV,2,0,0,80,2747.619709803412,,-50.71666666666667,"0,0,0,0","0,0,0"
35.61666666666667,1,AV,1,0,0,82,513.7357984527049,,-35.61666666666667,"0,0,0,0","0,0,0"
33.71666666666667,195,AV,1,0,0,73,3508.846318545673,,-33.71666666666667,"0,0,0,0","0,0,0"
32.55,105,AV,1,0,0,70,1805.1606101798543,,-32.55,"0,0,0,0","0,0,0"
24.5,150,AV,2,0,0,15,2574.4307659940623,,-24.5,"0,0,0,0","0,0,0"
33.15,292,AV,1,0,0,72,11861.36896338871,,-33.15,"0,0,0,0","0,0,0"
25.283333333333335,46,AV,2,0,0,3,1011.0784796502788,,-25.283333333333335,"0,0,0,0","0,0,0"
37.233333333333334,265,AV,1,0,0,90,6081.635477498837,,-37.233333333333334,"0,0,0,0","0,0,0"
30.366666666666667,137,AV,1,0,0,60,2280.385817754286,,-30.366666666666667,"0,0,0,0","0,0,0"
22.65,178,AV,1,0,0,26,3048.604611013583,,-22.65,"0,0,0,0","0,0,0"
21.816666666666666,163,AV,1,0,0,29,2850.5966631146844,,-21.816666666666666,"0,0,0,0","0,0,0"
30.816666666666666,282,AV,2,0,0,32,8475.089255911002,,-30.816666666666666,"0,0,0,0","0,0,0"
35.35,51,AV,2,0,0,47,1076.386102050743,,-35.35,"0,0,0,0","0,0,0"
26.383333333333333,183,AV,1,0,0,52,3159.4556453821087,,-26.383333333333333,"0,0,0,0","0,0,0"
27.433333333333334,193,AV,1,0,0,48,3389.778327720714,,-27.433333333333334,"0,0,0,0","0,0,0"
38.766666666666666,128,AV,2,0,0,58,2139.4702648744856,,-38.766666666666666,"0,0,0,0","0,0,0"
30.516666666666666,2,AV,2,0,0,20,567.550811201735,,-30.516666666666666,"0,0,0,0","0,0,0"
21.183333333333334,135,AV,2,0,0,6,2260.56382504795,,-21.183333333333334,"0,0,0,0","0,0,0"
28.766666666666666,264,AV,2,0,0,21,6020.57275324985,,-28.766666666666666,"0,0,0,0","0,0,0"
42.6,299,AV,2,0,0,95,20239.22920549412,,-42.6,"0,0,0,0","0,0,0"
24.3,134,AV,1,0,0,34,2222.040577514192,,-24.3,"0,0,0,0","0,0,0"
13.966666666666667,262,AV,1,0,0,3,5985.732437913218,,-13.966666666666667,"0,0,0,0","0,0,0"
41.6,283,AV,2,0,0,72,8639.921150992108,,-41.6,"0,0,0,0","0,0,0"
23.816666666666666,43,AV,2,0,0,2,969.457736312404,,-23.816666666666666,"0,0,0,0","0,0,0"
35.916666666666664,29,AV,1,0,0,84,850.3216016091212,,-35.916666666666664,"0,0,0,0","0,0,0"
36.6,31,AV,2,0,0,50,859.2772315809713,,-36.6,"0,0,0,0","0,0,0"
38.2,93,AV,1,0,0,96,1614.9493849180149,,-38.2,"0,0,0,0","0,0,0"
45.31666666666667,21,AV,2,0,0,92,777.0630287344238,,-45.31666666666667,"0,0,0,0","0,0,0"
39.06666666666667,281,AV,1,0,0,99,8348.421721831439,,-39.06666666666667,"0,0,0,0","0,0,0"
44.96666666666667,284,AV,2,0,0,86,8689.506535985933,,-44.96666666666667,"0,0,0,0","0,0,0"
30.116666666666667,242,AV,1,0,0,59,4967.653125719208,,-30.116666666666667,"0,0,0,0","0,0,0"
22.283333333333335,289,AV,1,0,0,32,10783.100237376317,,-22.283333333333335,"0,0,0,0","0,0,0"
32.35,179,AV,2,0,0,24,3065.2253709468137,,-32.35,"0,0,0,0","0,0,0"
23.266666666666666,211,AV,1,0,0,33,4034.238052294327,,-23.266666666666666,"0,0,0,0","0,0,0"
23.35,90,AV,0,0,0,69,1538.317647081207,,-23.35,"0,0,0,0","0,0,0"
36.25,109,AV,2,0,0,53,1862.7228332236152,,-36.25,"0,0,0,0","0,0,0"
17.1,186,AV,1,0,0,17,3252.767976975094,,-17.1,"0,0,0,0","0,0,0"
19.633333333333333,62,AV,1,0,0,24,1244.4027248274256,,-19.633333333333333,"0,0,0,0","0,0,0"
33.06666666666667,87,AV,1,0,0,73,1503.4428459110418,,-33.06666666666667,"0,0,0,0","0,0,0"
43.81666666666667,154,AV,2,0,0,81,2722.266725979925,,-43.81666666666667,"0,0,0,0","0,0,0"
23.716666666666665,231,AV,1,0,0,37,4660.29795945294,,-23.716666666666665,"0,0,0,0","0,0,0"
36.733333333333334,48,AV,1,0,0,79,1040.734547163155,,-36.733333333333334,"0,0,0,0","0,0,0"
36.2,189,AV,2,0,0,48,3313.1900178081896,,-36.2,"0,0,0,0","0,0,0"
35.28333333333333,25,AV,2,0,0,62,822.5771428470101,,-35.28333333333333,"0,0,0,0","0,0,0"
19.55,146,AV,2,0,0,1,2476.7673195544394,,-19.55,"0,0,0,0","0,0,0"
32.78333333333333,23,AV,1,0,0,73,793.0252767736928,,-32.78333333333333,"0,0,0,0","0,0,0"
47.333333333333336,5,AV,2,0,0,90,591.6693204447811,,-47.333333333333336,"0,0,0,0","0,0,0"
32.21666666666667,148,AV,2,0,0,38,2520.757475212996,,-32.21666666666667,"0,0,0,0","0,0,0"
30.65,252,AV,1,0,0,63,5702.616109653807,,-30.65,"0,0,0,0","0,0,0"
41.516666666666666,271,AV,2,0,0,74,7332.887514065835,,-41.516666666666666,"0,0,0,0","0,0,0"
25.116666666666667,149,AV,2,0,0,20,2528.765907819195,,-25.116666666666667,"0,0,0,0","0,0,0"
22.833333333333332,187,AV,1,0,0,35,3257.969850357721,,-22.833333333333332,"0,0,0,0","0,0,0"
31.2,202,AV,2,0,0,39,3759.463069718096,,-31.2,"0,0,0,0","0,0,0"
35.95,56,AV,2,0,0,51,1148.9174546898266,,-35.95,"0,0,0,0","0,0,0"
32.05,160,AV,2,0,0,42,2818.3733061874163,,-32.05,"0,0,0,0","0,0,0"
27.05,293,AV,2,0,0,14,12197.400506638176,,-27.05,"0,0,0,0","0,0,0"
32.63333333333333,41,AV,1,0,0,52,954.0002559944874,,-32.63333333333333,"0,0,0,0","0,0,0"
15.866666666666667,142,AV,1,0,0,13,2382.718205806423,,-15.866666666666667,"0,0,0,0","0,0,0"
32.25,44,AV,2,0,0,27,981.8973671489576,,-32.25,"0,0,0,0","0,0,0"
26.15,145,AV,1,0,0,42,2436.431929205765,,-26.15,"0,0,0,0","0,0,0"
35.88333333333333,174,AV,2,0,0,58,2991.769966736588,,-35.88333333333333,"0,0,0,0","0,0,0"
18.566666666666666,38,AV,1,0,0,19,946.2003450753726,,-18.566666666666666,"0,0,0,0","0,0,0"
38.833333333333336,222,AV,2,0,0,49,4304.4895651906745,,-38.833333333333336,"0,0,0,0","0,0,0"
17.75,197,AV,1,0,0,20,3531.3895067900216,,-17.75,"0,0,0,0","0,0,0"
33.666666666666664,122,AV,1,0,0,73,2088.64210540395,,-33.666666666666664,"0,0,0,0","0,0,0"
24.3,247,AV,1,0,0,37,5427.330032863625,,-24.3,"0,0,0,0","0,0,0"
19.55,184,AV,1,0,0,22,3197.7177395395383,,-19.55,"0,0,0,0","0,0,0"
38.166666666666664,115,AV,1,0,0,95,1942.5668635563816,,-38.166666666666664,"0,0,0,0","0,0,0"
43.45,188,AV,2,0,0,73,3278.222126324269,,-43.45,"0,0,0,0","0,0,0"
16.566666666666666,64,AV,1,0,0,15,1265.4739572733297,,-16.566666666666666,"0,0,0,0","0,0,0"
27.55,297,AV,2,0,0,20,16390.717038727882,,-27.55,"0,0,0,0","0,0,0"
17.25,162,AV,1,0,0,18,2838.632091159661,,-17.25,"0,0,0,0","0,0,0"
33.2,168,AV,1,0,0,77,2909.8477340427667,,-33.2,"0,0,0,0","0,0,0"
36.6,69,AV,1,0,0,92,1317.647826688136,,-36.6,"0,0,0,0","0,0,0"
45.5,54,AV,2,0,0,86,1129.1321270070612,,-45.5,"0,0,0,0","0,0,0"
25.25,253,AV,2,0,0,17,5721.231751015957,,-25.25,"0,0,0,0","0,0,0"
18.45,72,AV,1,0,0,22,1348.5865378412918,,-18.45,"0,0,0,0","0,0,0"
13.416666666666666,32,AV,1,0,0,3,871.0408974081768,,-13.416666666666666,"0,0,0,0","0,0,0"
34.71666666666667,112,AV,1,0,0,75,1888.2149669861096,,-34.71666666666667,"0,0,0,0","0,0,0"
17.033333333333335,181,AV,1,0,0,18,3132.463358685509,,-17.033333333333335,"0,0,0,0","0,0,0"
26.25,4,AV,1,0,0,48,586.8516376274475,,-26.25,"0,0,0,0","0,0,0"
18.7,97,AV,1,0,0,23,1697.366940102563,,-18.7,"0,0,0,0","0,0,0"
28.1,223,AV,1,0,0,53,4343.557359248321,,-28.1,"0,0,0,0","0,0,0"
21.733333333333334,294,AV,1,0,0,32,13351.937436366714,,-21.733333333333334,"0,0,0,0","0,0,0"
42.3,34,AV,2,0,0,81,912.6272274022258,,-42.3,"0,0,0,0","0,0,0"
32.266666666666666,199,AV,2,0,0,25,3623.60917519969,,-32.266666666666666,"0,0,0,0","0,0,0"
43.416666666666664,106,AV,2,0,0,79,1822.2981036688468,,-43.416666666666664,"0,0,0,0","0,0,0"
48.983333333333334,19,AV,2,0,0,93,761.8437659652793,,-48.983333333333334,"0,0,0,0","0,0,0"
20.666666666666668,52,AV,1,0,0,28,1111.987968807459,,-20.666666666666668,"0,0,0,0","0,0,0"
15.066666666666666,132,AV,1,0,0,9,2187.718469250836,,-15.066666666666666,"0,0,0,0","0,0,0"
36.21666666666667,198,AV,2,0,0,49,3580.4564780460023,,-36.21666666666667,"0,0,0,0","0,0,0"
44.46666666666667,245,AV,2,0,0,87,5386.149373461946,,-44.46666666666667,"0,0,0,0","0,0,0"
33.81666666666667,166,AV,2,0,0,49,2891.134206742707,,-33.81666666666667,"0,0,0,0","0,0,0"
41.63333333333333,240,AV,2,0,0,77,4756.448820673547,,-41.63333333333333,"0,0,0,0","0,0,0"
22.55,254,AV,1,0,0,33,5807.233742044462,,-22.55,"0,0,0,0","0,0,0"
24.95,94,AV,1,0,0,39,1626.914224999384,,-24.95,"0,0,0,0","0,0,0"
18.183333333333334,263,AV,1,0,0,19,6007.794801579103,,-18.183333333333334,"0,0,0,0","0,0,0"
30.983333333333334,190,AV,1,0,0,63,3362.377553451843,,-30.983333333333334,"0,0,0,0","0,0,0"
22.066666666666666,273,AV,1,0,0,31,7362.36439851089,,-22.066666666666666,"0,0,0,0","0,0,0"
34.13333333333333,83,AV,1,0,0,74,1467.6871321740252,,-34.13333333333333,"0,0,0,0","0,0,0"
31.316666666666666,95,AV,1,0,0,55,1649.648602545546,,-31.316666666666666,"0,0,0,0","0,0,0"
36.083333333333336,259,AV,2,0,0,50,5882.279762541917,,-36.083333333333336,"0,0,0,0","0,0,0"
19.033333333333335,275,AV,1,0,0,22,7864.29237148983,,-19.033333333333335,"0,0,0,0","0,0,0"
37.96666666666667,276,AV,1,0,0,99,7897.119961473183,,-37.96666666666667,"0,0,0,0","0,0,0"
14.233333333333333,207,AV,1,0,0,7,3898.759045987068,,-14.233333333333333,"0,0,0,0","0,0,0"
34.46666666666667,79,AV,1,0,0,79,1447.5744631551047,,-34.46666666666667,"0,0,0,0","0,0,0"
36.13333333333333,124,AV,1,0,0,85,2105.6010448069283,,-36.13333333333333,"0,0,0,0","0,0,0"
13.95,81,AV,1,0,0,6,1457.5875839824732,,-13.95,"0,0,0,0","0,0,0"
24.883333333333333,78,AV,1,0,0,37,1446.9812594843625,,-24.883333333333333,"0,0,0,0","0,0,0"
42.916666666666664,116,AV,2,0,0,85,1997.7276787447236,,-42.916666666666664,"0,0,0,0","0,0,0"
13.766666666666667,57,AV,1,0,0,2,1150.2916000513435,,-13.766666666666667,"0,0,0,0","0,0,0"
35.55,225,AV,1,0,0,83,4459.768546990965,,-35.55,"0,0,0,0","0,0,0"
26.083333333333332,196,AV,1,0,0,52,3520.054626539052,,-26.083333333333332,"0,0,0,0","0,0,0"
20.7,243,AV,1,0,0,22,5003.647877951615,,-20.7,"0,0,0,0","0,0,0"
35.13333333333333,16,AV,2,0,0,43,742.6585956180782,,-35.13333333333333,"0,0,0,0","0,0,0"
30.683333333333334,61,AV,2,0,0,36,1240.6560786390864,,-30.683333333333334,"0,0,0,0","0,0,0"
18.75,18,AV,1,0,0,20,753.7709081553346,,-18.75,"0,0,0,0","0,0,0"
15.233333333333333,100,AV,1,0,0,10,1723.69240549938,,-15.233333333333333,"0,0,0,0","0,0,0"
51.06666666666667,229,AV,2,0,0,96,4569.840806868062,,-51.06666666666667,"0,0,0,0","0,0,0"
24.183333333333334,89,AV,1,0,0,42,1528.3774584247917,,-24.183333333333334,"0,0,0,0","0,0,0"
32.78333333333333,12,AV,1,0,0,71,658.4091024775607,,-32.78333333333333,"0,0,0,0","0,0,0"
17.716666666666665,180,AV,1,0,0,19,3101.095365071405,,-17.716666666666665,"0,0,0,0","0,0,0"
28.15,126,AV,1,0,0,56,2131.3254046090938,,-28.15,"0,0,0,0","0,0,0"
29.933333333333334,171,AV,1,0,0,61,2965.4163440895786,,-29.933333333333334,"0,0,0,0","0,0,0"
31.066666666666666,170,AV,2,0,0,32,2953.464044858564,,-31.066666666666666,"0,0,0,0","0,0,0"
33.35,28,AV,1,0,0,70,844.3352662229099,,-33.35,"0,0,0,0","0,0,0"
29.3,24,AV,2,0,0,29,806.3598325453933,,-29.3,"0,0,0,0","0,0,0"
25.116666666666667,216,AV,1,0,0,37,4164.701887555128,,-25.116666666666667,"0,0,0,0","0,0,0"
41.06666666666667,91,AV,2,0,0,73,1546.5147326922538,,-41.06666666666667,"0,0,0,0","0,0,0"
34.266666666666666,65,AV,2,0,0,52,1291.2118623687816,,-34.266666666666666,"0,0,0,0","0,0,0"
26.5,14,AV,2,0,0,20,699.2977112166509,,-26.5,"0,0,0,0","0,0,0"
25.033333333333335,194,AV,1,0,0,40,3465.4556083993225,,-25.033333333333335,"0,0,0,0","0,0,0"
34.15,85,AV,1,0,0,77,1474.807688008607,,-34.15,"0,0,0,0","0,0,0"
20.966666666666665,66,AV,1,0,0,28,1291.7462447339112,,-20.966666666666665,"0,0,0,0","0,0,0"
20.633333333333333,261,AV,1,0,0,23,5984.209260784091,,-20.633333333333333,"0,0,0,0","0,0,0"
31.35,140,AV,2,0,0,32,2337.3116255789537,,-31.35,"0,0,0,0","0,0,0"
37.28333333333333,267,AV,2,0,0,69,6248.181898567973,,-37.28333333333333,"0,0,0,0","0,0,0"
22.866666666666667,218,AV,2,0,0,8,4227.85786318916,,-22.866666666666667,"0,0,0,0","0,0,0"
25.783333333333335,3,AV,1,0,0,42,586.3474640105957,,-25.783333333333335,"0,0,0,0","0,0,0"
14.666666666666666,6,AV,1,0,0,7,601.3137559373858,,-14.666666666666666,"0,0,0,0","0,0,0"
28.616666666666667,20,AV,1,0,0,56,767.6170681366935,,-28.616666666666667,"0,0,0,0","0,0,0"
40.416666666666664,295,AV,2,0,0,64,13430.196447392702,,-40.416666666666664,"0,0,0,0","0,0,0"
30.966666666666665,22,AV,1,0,0,67,779.0639592631991,,-30.966666666666665,"0,0,0,0","0,0,0"
26.366666666666667,121,AV,1,0,0,53,2078.9202215407213,,-26.366666666666667,"0,0,0,0","0,0,0"
43.05,255,AV,2,0,0,74,5825.425317043349,,-43.05,"0,0,0,0","0,0,0"
26.166666666666668,158,AV,1,0,0,45,2780.081336731352,,-26.166666666666668,"0,0,0,0","0,0,0"
12.716666666666667,139,AV,1,0,0,5,2326.172138461347,,-12.716666666666667,"0,0,0,0","0,0,0"
23.466666666666665,9,AV,1,0,0,36,646.5589615252754,,-23.466666666666665,"0,0,0,0","0,0,0"
13.966666666666667,33,AV,1,0,0,3,877.6907461205365,,-13.966666666666667,"0,0,0,0","0,0,0"
34.733333333333334,153,AV,1,0,0,81,2667.9339807116767,,-34.733333333333334,"0,0,0,0","0,0,0"
34.4,272,AV,1,0,0,78,7336.658338656486,,-34.4,"0,0,0,0","0,0,0"
8.566666666666666,185,AV,0,0,0,12,3245.380745418587,,-8.566666666666666,"0,0,0,0","0,0,0"
30.416666666666668,17,AV,1,0,0,62,743.7553910389753,,-30.416666666666668,"0,0,0,0","0,0,0"
37.06666666666667,50,AV,1,0,0,97,1074.3823512953045,,-37.06666666666667,"0,0,0,0","0,0,0"
18.816666666666666,236,AV,1,0,0,20,4704.305573257116,,-18.816666666666666,"0,0,0,0","0,0,0"
13.383333333333333,246,AV,1,0,0,2,5394.467136051333,,-13.383333333333333,"0,0,0,0","0,0,0"
25.783333333333335,182,AV,2,0,0,21,3151.1733449572957,,-25.783333333333335,"0,0,0,0","0,0,0"
17.8,224,AV,1,0,0,20,4376.119511966378,,-17.8,"0,0,0,0","0,0,0"
17.316666666666666,176,AV,1,0,0,20,3017.17067826153,,-17.316666666666666,"0,0,0,0","0,0,0"
28.083333333333332,11,AV,1,0,0,57,650.412147456106,,-28.083333333333332,"0,0,0,0","0,0,0"
20.333333333333332,8,AV,1,0,0,25,617.4453946714843,,-20.333333333333332,"0,0,0,0","0,0,0"
20.033333333333335,213,AV,1,0,0,24,4116.183110063293,,-20.033333333333335,"0,0,0,0","0,0,0"
26.6,161,AV,1,0,0,49,2835.850686157305,,-26.6,"0,0,0,0","0,0,0"
34.65,98,AV,2,0,0,43,1717.0377309640771,,-34.65,"0,0,0,0","0,0,0"
24.233333333333334,177,AV,1,0,0,36,3022.892107624705,,-24.233333333333334,"0,0,0,0","0,0,0"
32.18333333333333,164,AV,2,0,0,37,2857.712092786687,,-32.18333333333333,"0,0,0,0","0,0,0"
27.416666666666668,141,AV,1,0,0,52,2361.523720441912,,-27.416666666666668,"0,0,0,0","0,0,0"
47.7,248,AV,2,0,0,89,5434.023139443809,,-47.7,"0,0,0,0","0,0,0"
37.516666666666666,256,AV,1,0,0,97,5844.130995646287,,-37.516666666666666,"0,0,0,0","0,0,0"
42.166666666666664,277,AV,2,0,0,70,8011.326014866212,,-42.166666666666664,"0,0,0,0","0,0,0"
45.86666666666667,40,AV,2,0,0,88,950.4213588862824,,-45.86666666666667,"0,0,0,0","0,0,0"
15.333333333333334,15,AV,1,0,0,12,727.2326469992182,,-15.333333333333334,"0,0,0,0","0,0,0"
34.03333333333333,250,AV,2,0,0,32,5611.673516276995,,-34.03333333333333,"0,0,0,0","0,0,0"
