travel_time,id,kind,action,origin,destination,start_time,income,urgency,reward,observation,cost_table
24.8,102,AV,1,0,0,35,1783.933402668827,,-24.8,"0,0,0,0","0,0,0"
6.783333333333333,156,AV,0,0,0,4,2753.3979495063454,,-6.783333333333333,"0,0,0,0","0,0,0"
41.583333333333336,212,AV,1,0,0,91,4113.319853961603,,-41.583333333333336,"0,0,0,0","0,0,0"
30.183333333333334,251,AV,2,0,0,35,5654.280440205098,,-30.183333333333334,"0,0,0,0","0,0,0"
13.733333333333333,49,AV,1,0,0,5,1068.5648373754009,,-13.733333333333333,"0,0,0,0","0,0,0"
16.2,27,AV,1,0,0,12,832.3173438658397,,-16.2,"0,0,0,0","0,0,0"
33.03333333333333,99,AV,1,0,0,65,1718.6657268339234,,-33.03333333333333,"0,0,0,0","0,0,0"
45.93333333333333,7,AV,2,0,0,89,610.4868582393152,,-45.93333333333333,"0,0,0,0","0,0,0"
18.7,110,AV,0,0,0,49,1880.1756700095973,,-18.7,"0,0,0,0","0,0,0"
22.583333333333332,286,AV,1,0,0,28,8987.033628468456,,-22.583333333333332,"0,0,0,0","0,0,0"
24.25,76,AV,2,0,0,14,1411.5824788559885,,-24.25,"0,0,0,0","0,0,0"
17.283333333333335,165,AV,1,0,0,13,2872.269398564857,,-17.283333333333335,"0,0,0,0","0,0,0"
48.7,152,AV,2,0,0,82,2645.062412614309,,-48.7,"0,0,0,0","0,0,0"
28.15,238,AV,2,0,0,23,4735.166802079286,,-28.15,"0,0,0,0","0,0,0"
42.63333333333333,200,AV,2,0,0,81,3628.2404526711953,,-42.63333333333333,"0,0,0,0","0,0,0"
45.18333333333333,296,AV,2,0,0,91,13748.957190518822,,-45.18333333333333,"0,0,0,0","0,0,0"
37.05,159,AV,1,0,0,75,2815.231094880572,,-37.05,"0,0,0,0","0,0,0"
27.783333333333335,191,AV,1,0,0,51,3386.12741774329,,-27.783333333333335,"0,0,0,0","0,0,0"
24.683333333333334,144,AV,1,0,0,41,2421.832203454489,,-24.683333333333334,"0,0,0,0","0,0,0"
19.633333333333333,113,AV,1,0,0,18,1900.764377468582,,-19.633333333333333,"0,0,0,0","0,0,0"
25.466666666666665,35,AV,1,0,0,39,913.5589076746268,,-25.466666666666665,"0,0,0,0","0,0,0"
29.2,209,AV,1,0,0,53,3941.04555698938,,-29.2,"0,0,0,0","0,0,0"
36.61666666666667,257,AV,1,0,0,71,5849.7981009167725,,-36.61666666666667,"0,0,0,0","0,0,0"
41.45,239,AV,2,0,0,81,4754.245589533712,,-41.45,"0,0,0,0","0,0,0"
16.766666666666666,77,AV,1,0,0,12,1434.4967426379471,,-16.766666666666666,"0,0,0,0","0,0,0"
13.716666666666667,45,AV,1,0,0,3,985.8695826897422,,-13.716666666666667,"0,0,0,0","0,0,0"
43.85,118,AV,1,0,0,98,2043.1688306873104,,-43.85,"0,0,0,0","0,0,0"
35.916666666666664,232,AV,1,0,0,71,4669.869929992837,,-35.916666666666664,"0,0,0,0","0,0,0"
41.083333333333336,108,AV,2,0,0,83,1838.9541098615327,,-41.083333333333336,"0,0,0,0","0,0,0"
33.56666666666667,249,AV,1,0,0,67,5502.789496653042,,-33.56666666666667,"0,0,0,0","0,0,0"
29.25,268,AV,1,0,0,51,6446.254396158338,,-29.25,"0,0,0,0","0,0,0"
28.65,63,AV,0,0,0,90,1249.5878531833848,,-28.65,"0,0,0,0","0,0,0"
18.466666666666665,208,AV,1,0,0,16,3919.41152379869,,-18.466666666666665,"0,0,0,0","0,0,0"
40.05,0,AV,1,0,0,86,491.0984231068265,,-40.05,"0,0,0,0","0,0,0"
22.833333333333332,237,AV,1,0,0,22,4705.31956239884,,-22.833333333333332,"0,0,0,0","0,0,0"
38.516666666666666,221,AV,1,0,0,83,4266.216809230351,,-38.516666666666666,"0,0,0,0","0,0,0"
37.11666666666667,82,AV,1,0,0,75,1460.8215047913693,,-37.11666666666667,"0,0,0,0","0,0,0"
24.366666666666667,175,AV,2,0,0,3,2996.640782499388,,-24.366666666666667,"0,0,0,0","0,0,0"
15.883333333333333,101,AV,1,0,0,7,1751.9448432672848,,-15.883333333333333,"0,0,0,0","0,0,0"
16.95,67,AV,1,0,0,11,1293.252850487379,,-16.95,"0,0,0,0","0,0,0"
41.266666666666666,192,AV,1,0,0,88,3387.2787239910285,,-41.266666666666666,"0,0,0,0","0,0,0"
12.616666666666667,88,AV,1,0,0,3,1526.0895405694364,,-12.616666666666667,"0,0,0,0","0,0,0"
31.983333333333334,298,AV,1,0,0,61,19040.472291926453,,-31.983333333333334,"0,0,0,0","0,0,0"
25.983333333333334,169,AV,1,0,0,40,2949.689674384749,,-25.983333333333334,"0,0,0,0","0,0,0"
43.18333333333333,274,AV,2,0,0,88,7592.14370769901,,-43.18333333333333,"0,0,0,0","0,0,0"
26.983333333333334,37,AV,1,0,0,45,932.0432837729122,,-26.983333333333334,"0,0,0,0","0,0,0"
21.033333333333335,228,AV,1,0,0,19,4549.115907877681,,-21.033333333333335,"0,0,0,0","0,0,0"
33.36666666666667,36,AV,1,0,0,65,921.9548251796884,,-33.36666666666667,"0,0,0,0","0,0,0"
27.816666666666666,270,AV,1,0,0,51,7130.271245067938,,-27.816666666666666,"0,0,0,0","0,0,0"
34.916666666666664,39,AV,2,0,0,35,948.3478854920526,,-34.916666666666664,"0,0,0,0","0,0,0"
41.266666666666666,59,AV,1,0,0,87,1205.4292211271013,,-41.266666666666666,"0,0,0,0","0,0,0"
29.016666666666666,123,AV,1,0,0,54,2105.159940183184,,-29.016666666666666,"0,0,0,0","0,0,0"
18.9,285,AV,1,0,0,19,8975.220492497892,,-18.9,"0,0,0,0","0,0,0"
44.88333333333333,280,AV,2,0,0,88,8333.728817076937,,-44.88333333333333,"0,0,0,0","0,0,0"
38.8,151,AV,1,0,0,84,2629.980017260476,,-38.8,"0,0,0,0","0,0,0"
15.883333333333333,104,AV,1,0,0,12,1804.2001824470888,,-15.883333333333333,"0,0,0,0","0,0,0"
30.566666666666666,147,AV,0,0,0,90,2476.7926805910606,,-30.566666666666666,"0,0,0,0","0,0,0"
39.583333333333336,260,AV,1,0,0,84,5899.132481879994,,-39.583333333333336,"0,0,0,0","0,0,0"
43.083333333333336,288,AV,1,0,0,99,9095.945853089892,,-43.083333333333336,"0,0,0,0","0,0,0"
13.383333333333333,80,AV,1,0,0,2,1454.957177165027,,-13.383333333333333,"0,0,0,0","0,0,0"
16.9,96,AV,1,0,0,12,1653.1781197118603,,-16.9,"0,0,0,0","0,0,0"
34.333333333333336,217,AV,1,0,0,70,4223.122456076251,,-34.333333333333336,"0,0,0,0","0,0,0"
6.983333333333333,120,AV,0,0,0,6,2046.5713793034688,,-6.983333333333333,"0,0,0,0","0,0,0"
32.8,71,AV,1,0,0,66,1342.087988935639,,-32.8,"0,0,0,0","0,0,0"
24.3,215,AV,2,0,0,0,4159.866430607663,,-24.3,"0,0,0,0","0,0,0"
23.2,167,AV,2,0,0,6,2898.378436294527,,-23.2,"0,0,0,0","0,0,0"
17.55,227,AV,1,0,0,15,4547.885280126284,,-17.55,"0,0,0,0","0,0,0"
28.95,68,AV,1,0,0,50,1294.2551843223837,,-28.95,"0,0,0,0","0,0,0"
24.866666666666667,279,AV,1,0,0,39,8029.700924090037,,-24.866666666666667,"0,0,0,0","0,0,0"
32.46666666666667,204,AV,2,0,0,40,3783.636689084741,,-32.46666666666667,"0,0,0,0","0,0,0"
28.133333333333333,258,AV,1,0,0,49,5862.8833826120845,,-28.133333333333333,"0,0,0,0","0,0,0"
35.88333333333333,131,AV,2,0,0,50,2177.5877894542577,,-35.88333333333333,"0,0,0,0","0,0,0"
39.96666666666667,234,AV,1,0,0,84,4687.914961676448,,-39.96666666666667,"0,0,0,0","0,0,0"
24.616666666666667,73,AV,2,0,0,14,1373.5659577718477,,-24.616666666666667,"0,0,0,0","0,0,0"
32.86666666666667,214,AV,1,0,0,64,4135.471393234625,,-32.86666666666667,"0,0,0,0","0,0,0"
42.3,70,AV,2,0,0,69,1338.7213376931895,,-42.3,"0,0,0,0","0,0,0"
32.81666666666667,114,AV,1,0,0,64,1927.298426803608,,-32.81666666666667,"0,0,0,0","0,0,0"
41.733333333333334,53,AV,1,0,0,88,1122.7546975855585,,-41.733333333333334,"0,0,0,0","0,0,0"
40.833333333333336,111,AV,1,0,0,85,1885.557658153182,,-40.833333333333336,"0,0,0,0","0,0,0"
19.45,290,AV,1,0,0,19,10838.007207066395,,-19.45,"0,0,0,0","0,0,0"
38.13333333333333,220,AV,1,0,0,80,4245.708624069837,,-38.13333333333333,"0,0,0,0","0,0,0"
20.533333333333335,130,AV,0,0,0,51,2158.6935677652164,,-20.533333333333335,"0,0,0,0","0,0,0"
35.7,129,AV,1,0,0,70,2142.030696222753,,-35.7,"0,0,0,0","0,0,0"
15.216666666666667,138,AV,1,0,0,6,2283.7291705859197,,-15.216666666666667,"0,0,0,0","0,0,0"
15.4,201,AV,1,0,0,9,3667.3634505223554,,-15.4,"0,0,0,0","0,0,0"
42.25,143,AV,1,0,0,98,2421.0391237858234,,-42.25,"0,0,0,0","0,0,0"
42.85,60,AV,2,0,0,78,1234.5997004771,,-42.85,"0,0,0,0","0,0,0"
37.516666666666666,206,AV,2,0,0,68,3849.958431883558,,-37.516666666666666,"0,0,0,0","0,0,0"
38.06666666666667,30,AV,1,0,0,83,854.5785374972068,,-38.06666666666667,"0,0,0,0","0,0,0"
35.86666666666667,235,AV,1,0,0,73,4689.4303597647895,,-35.86666666666667,"0,0,0,0","0,0,0"
33.65,103,AV,1,0,0,67,1794.439334206041,,-33.65,"0,0,0,0","0,0,0"
14.833333333333334,42,AV,1,0,0,8,959.5289757906356,,-14.833333333333334,"0,0,0,0","0,0,0"
48.88333333333333,107,AV,2,0,0,92,1830.3424648913517,,-48.88333333333333,"0,0,0,0","0,0,0"
38.1,287,AV,2,0,0,67,8987.822610831106,,-38.1,"0,0,0,0","0,0,0"
38.416666666666664,119,AV,1,0,0,81,2044.1603053436156,,-38.416666666666664,"0,0,0,0","0,0,0"
24.366666666666667,127,AV,2,0,0,4,2133.445027811215,,-24.366666666666667,"0,0,0,0","0,0,0"
39.36666666666667,55,AV,1,0,0,84,1148.2139867956057,,-39.36666666666667,"0,0,0,0","0,0,0"
42.483333333333334,84,AV,2,0,0,75,1474.5167950508735,,-42.483333333333334,"0,0,0,0","0,0,0"
27.783333333333335,26,AV,2,0,0,17,825.4433072334436,,-27.783333333333335,"0,0,0,0","0,0,0"
13.416666666666666,230,AV,1,0,0,2,4577.590037133467,,-13.416666666666666,"0,0,0,0","0,0,0"
33.3,75,AV,1,0,0,66,1405.7852601227096,,-33.3,"0,0,0,0","0,0,0"
22.883333333333333,92,AV,1,0,0,29,1567.0706205360798,,-22.883333333333333,"0,0,0,0","0,0,0"
47.416666666666664,203,AV,2,0,0,89,3773.073658575576,,-47.416666666666664,"0,0,0,0","0,0,0"
31.216666666666665,172,AV,1,0,0,60,2968.817229463249,,-31.216666666666665,"0,0,0,0","0,0,0"
28.333333333333332,278,AV,2,0,0,21,8028.27043643778,,-28.333333333333332,"0,0,0,0","0,0,0"
25.316666666666666,269,AV,2,0,0,2,6783.106781750961,,-25.316666666666666,"0,0,0,0","0,0,0"
32.05,173,AV,1,0,0,60,2987.078671303881,,-32.05,"0,0,0,0","0,0,0"
27.766666666666666,233,AV,1,0,0,46,4679.48341028673,,-27.766666666666666,"0,0,0,0","0,0,0"
38.13333333333333,74,AV,1,0,0,82,1386.7650627050614,,-38.13333333333333,"0,0,0,0","0,0,0"
23.55,241,AV,1,0,0,33,4950.077303955518,,-23.55,"0,0,0,0","0,0,0"
32.96666666666667,291,AV,1,0,0,65,11185.875164713363,,-32.96666666666667,"0,0,0,0","0,0,0"
26.6,133,AV,1,0,0,42,2198.5025098873134,,-26.6,"0,0,0,0","0,0,0"
22.083333333333332,10,AV,1,0,0,27,649.7132696839626,,-22.083333333333332,"0,0,0,0","0,0,0"
24.4,226,AV,1,0,0,30,4504.939201911708,,-24.4,"0,0,0,0","0,0,0"
13.416666666666666,13,AV,1,0,0,5,676.2529471816457,,-13.416666666666666,"0,0,0,0","0,0,0"
44.28333333333333,266,AV,1,0,0,100,6130.868263041086,,-44.28333333333333,"0,0,0,0","0,0,0"
47.35,136,AV,2,0,0,93,2276.662146114732,,-47.35,"0,0,0,0","0,0,0"
23.616666666666667,219,AV,1,0,0,33,4237.057085974603,,-23.616666666666667,"0,0,0,0","0,0,0"
15.366666666666667,244,AV,0,0,0,33,5370.167679594476,,-15.366666666666667,"0,0,0,0","0,0,0"
37.25,205,AV,2,0,0,61,3803.247088152212,,-37.25,"0,0,0,0","0,0,0"
32.78333333333333,157,AV,1,0,0,64,2758.442965787371,,-32.78333333333333,"0,0,0,0","0,0,0"
24.866666666666667,125,AV,1,0,0,36,2113.1349678504243,,-24.866666666666667,"0,0,0,0","0,0,0"
14.55,117,AV,1,0,0,8,2022.4315636845977,,-14.55,"0,0,0,0","0,0,0"
36.35,86,AV,1,0,0,73,1490.1599361877834,,-36.35,"0,0,0,0","0,0,0"
24.75,210,AV,1,0,0,34,4021.28082322038,,-24.75,"0,0,0,0","0,0,0"
42.38333333333333,58,AV,2,0,0,87,1200.7903182940884,,-42.38333333333333,"0,0,0,0","0,0,0"
34.05,47,AV,1,0,0,68,1017.530975349866,,-34.05,"0,0,0,0","0,0,0"
42.15,155,AV,1,0,0,93,2747.619709803412,,-42.15,"0,0,0,0","0,0,0"
28.333333333333332,1,AV,2,0,0,15,513.7357984527049,,-28.333333333333332,"0,0,0,0","0,0,0"
26.866666666666667,195,AV,0,0,0,84,3508.846318545673,,-26.866666666666667,"0,0,0,0","0,0,0"
23.7,105,AV,0,0,0,74,1805.1606101798543,,-23.7,"0,0,0,0","0,0,0"
34.35,150,AV,1,0,0,69,2574.4307659940623,,-34.35,"0,0,0,0","0,0,0"
30.65,292,AV,2,0,0,25,11861.36896338871,,-30.65,"0,0,0,0","0,0,0"
45.483333333333334,46,AV,2,0,0,49,1011.0784796502788,,-45.483333333333334,"0,0,0,0","0,0,0"
26.966666666666665,265,AV,1,0,0,43,6081.635477498837,,-26.966666666666665,"0,0,0,0","0,0,0"
21.483333333333334,137,AV,1,0,0,27,2280.385817754286,,-21.483333333333334,"0,0,0,0","0,0,0"
29.55,178,AV,1,0,0,55,3048.604611013583,,-29.55,"0,0,0,0","0,0,0"
41.61666666666667,163,AV,1,0,0,91,2850.5966631146844,,-41.61666666666667,"0,0,0,0","0,0,0"
8.633333333333333,282,AV,0,0,0,12,8475.089255911002,,-8.633333333333333,"0,0,0,0","0,0,0"
37.68333333333333,51,AV,1,0,0,80,1076.386102050743,,-37.68333333333333,"0,0,0,0","0,0,0"
17.233333333333334,183,AV,1,0,0,13,3159.4556453821087,,-17.233333333333334,"0,0,0,0","0,0,0"
19.716666666666665,193,AV,1,0,0,21,3389.778327720714,,-19.716666666666665,"0,0,0,0","0,0,0"
19.666666666666668,128,AV,1,0,0,21,2139.4702648744856,,-19.666666666666668,"0,0,0,0","0,0,0"
19.833333333333332,2,AV,1,0,0,19,567.550811201735,,-19.833333333333332,"0,0,0,0","0,0,0"
14.7,135,AV,1,0,0,8,2260.56382504795,,-14.7,"0,0,0,0","0,0,0"
26.116666666666667,264,AV,1,0,0,40,6020.57275324985,,-26.116666666666667,"0,0,0,0","0,0,0"
21.983333333333334,299,AV,0,0,0,68,20239.22920549412,,-21.983333333333334,"0,0,0,0","0,0,0"
38.06666666666667,134,AV,1,0,0,81,2222.040577514192,,-38.06666666666667,"0,0,0,0","0,0,0"
36.31666666666667,262,AV,1,0,0,73,5985.732437913218,,-36.31666666666667,"0,0,0,0","0,0,0"
27.85,283,AV,1,0,0,48,8639.921150992108,,-27.85,"0,0,0,0","0,0,0"
26.583333333333332,43,AV,2,0,0,17,969.457736312404,,-26.583333333333332,"0,0,0,0","0,0,0"
29.516666666666666,29,AV,1,0,0,50,850.3216016091212,,-29.516666666666666,"0,0,0,0","0,0,0"
27.2,31,AV,1,0,0,43,859.2772315809713,,-27.2,"0,0,0,0","0,0,0"
47.28333333333333,93,AV,2,0,0,100,1614.9493849180149,,-47.28333333333333,"0,0,0,0","0,0,0"
40.43333333333333,21,AV,1,0,0,86,777.0630287344238,,-40.43333333333333,"0,0,0,0","0,0,0"
31.983333333333334,281,AV,1,0,0,64,8348.421721831439,,-31.983333333333334,"0,0,0,0","0,0,0"
25.1,284,AV,1,0,0,35,8689.506535985933,,-25.1,"0,0,0,0","0,0,0"
13.85,242,AV,1,0,0,7,4967.653125719208,,-13.85,"0,0,0,0","0,0,0"
29.366666666666667,289,AV,1,0,0,55,10783.100237376317,,-29.366666666666667,"0,0,0,0","0,0,0"
28.25,179,AV,2,0,0,23,3065.2253709468137,,-28.25,"0,0,0,0","0,0,0"
42.266666666666666,211,AV,1,0,0,95,4034.238052294327,,-42.266666666666666,"0,0,0,0","0,0,0"
25.116666666666667,90,AV,1,0,0,36,1538.317647081207,,-25.116666666666667,"0,0,0,0","0,0,0"
25.933333333333334,109,AV,1,0,0,42,1862.7228332236152,,-25.933333333333334,"0,0,0,0","0,0,0"
27.683333333333334,186,AV,1,0,0,46,3252.767976975094,,-27.683333333333334,"0,0,0,0","0,0,0"
46.3,62,AV,2,0,0,90,1244.4027248274256,,-46.3,"0,0,0,0","0,0,0"
40.0,87,AV,1,0,0,85,1503.4428459110418,,-40.0,"0,0,0,0","0,0,0"
42.983333333333334,154,AV,1,0,0,96,2722.266725979925,,-42.983333333333334,"0,0,0,0","0,0,0"
20.733333333333334,231,AV,1,0,0,23,4660.29795945294,,-20.733333333333334,"0,0,0,0","0,0,0"
30.05,48,AV,1,0,0,58,1040.734547163155,,-30.05,"0,0,0,0","0,0,0"
23.333333333333332,189,AV,1,0,0,30,3313.1900178081896,,-23.333333333333332,"0,0,0,0","0,0,0"
35.016666666666666,25,AV,1,0,0,69,822.5771428470101,,-35.016666666666666,"0,0,0,0","0,0,0"
32.61666666666667,146,AV,1,0,0,61,2476.7673195544394,,-32.61666666666667,"0,0,0,0","0,0,0"
13.166666666666666,23,AV,1,0,0,1,793.0252767736928,,-13.166666666666666,"0,0,0,0","0,0,0"
13.733333333333333,5,AV,0,0,0,27,591.6693204447811,,-13.733333333333333,"0,0,0,0","0,0,0"
39.75,148,AV,2,0,0,81,2520.757475212996,,-39.75,"0,0,0,0","0,0,0"
24.766666666666666,252,AV,1,0,0,33,5702.616109653807,,-24.766666666666666,"0,0,0,0","0,0,0"
13.733333333333333,271,AV,1,0,0,1,7332.887514065835,,-13.733333333333333,"0,0,0,0","0,0,0"
23.25,149,AV,1,0,0,27,2528.765907819195,,-23.25,"0,0,0,0","0,0,0"
22.933333333333334,187,AV,1,0,0,29,3257.969850357721,,-22.933333333333334,"0,0,0,0","0,0,0"
20.583333333333332,202,AV,0,0,0,53,3759.463069718096,,-20.583333333333332,"0,0,0,0","0,0,0"
35.06666666666667,56,AV,1,0,0,68,1148.9174546898266,,-35.06666666666667,"0,0,0,0","0,0,0"
23.716666666666665,160,AV,1,0,0,34,2818.3733061874163,,-23.716666666666665,"0,0,0,0","0,0,0"
40.016666666666666,293,AV,1,0,0,87,12197.400506638176,,-40.016666666666666,"0,0,0,0","0,0,0"
42.7,41,AV,1,0,0,94,954.0002559944874,,-42.7,"0,0,0,0","0,0,0"
34.53333333333333,142,AV,2,0,0,45,2382.718205806423,,-34.53333333333333,"0,0,0,0","0,0,0"
42.5,44,AV,2,0,0,71,981.8973671489576,,-42.5,"0,0,0,0","0,0,0"
30.933333333333334,145,AV,1,0,0,58,2436.431929205765,,-30.933333333333334,"0,0,0,0","0,0,0"
37.11666666666667,174,AV,1,0,0,78,2991.769966736588,,-37.11666666666667,"0,0,0,0","0,0,0"
32.083333333333336,38,AV,1,0,0,62,946.2003450753726,,-32.083333333333336,"0,0,0,0","0,0,0"
35.983333333333334,222,AV,1,0,0,72,4304.4895651906745,,-35.983333333333334,"0,0,0,0","0,0,0"
37.916666666666664,197,AV,1,0,0,75,3531.3895067900216,,-37.916666666666664,"0,0,0,0","0,0,0"
45.03333333333333,122,AV,2,0,0,67,2088.64210540395,,-45.03333333333333,"0,0,0,0","0,0,0"
42.43333333333333,247,AV,1,0,0,92,5427.330032863625,,-42.43333333333333,"0,0,0,0","0,0,0"
17.233333333333334,184,AV,0,0,0,39,3197.7177395395383,,-17.233333333333334,"0,0,0,0","0,0,0"
31.883333333333333,115,AV,1,0,0,60,1942.5668635563816,,-31.883333333333333,"0,0,0,0","0,0,0"
5.166666666666667,188,AV,0,0,0,1,3278.222126324269,,-5.166666666666667,"0,0,0,0","0,0,0"
38.25,64,AV,2,0,0,55,1265.4739572733297,,-38.25,"0,0,0,0","0,0,0"
49.36666666666667,297,AV,2,0,0,54,16390.717038727882,,-49.36666666666667,"0,0,0,0","0,0,0"
21.833333333333332,162,AV,1,0,0,23,2838.632091159661,,-21.833333333333332,"0,0,0,0","0,0,0"
29.816666666666666,168,AV,1,0,0,56,2909.8477340427667,,-29.816666666666666,"0,0,0,0","0,0,0"
8.75,69,AV,0,0,0,10,1317.647826688136,,-8.75,"0,0,0,0","0,0,0"
34.3,54,AV,1,0,0,69,1129.1321270070612,,-34.3,"0,0,0,0","0,0,0"
30.466666666666665,253,AV,2,0,0,24,5721.231751015957,,-30.466666666666665,"0,0,0,0","0,0,0"
25.216666666666665,72,AV,1,0,0,30,1348.5865378412918,,-25.216666666666665,"0,0,0,0","0,0,0"
18.3,32,AV,1,0,0,19,871.0408974081768,,-18.3,"0,0,0,0","0,0,0"
27.616666666666667,112,AV,1,0,0,47,1888.2149669861096,,-27.616666666666667,"0,0,0,0","0,0,0"
21.6,181,AV,1,0,0,22,3132.463358685509,,-21.6,"0,0,0,0","0,0,0"
42.833333333333336,4,AV,1,0,0,97,586.8516376274475,,-42.833333333333336,"0,0,0,0","0,0,0"
30.75,97,AV,1,0,0,60,1697.366940102563,,-30.75,"0,0,0,0","0,0,0"
15.983333333333333,223,AV,1,0,0,8,4343.557359248321,,-15.983333333333333,"0,0,0,0","0,0,0"
11.916666666666666,294,AV,0,0,0,18,13351.937436366714,,-11.916666666666666,"0,0,0,0","0,0,0"
21.433333333333334,34,AV,1,0,0,21,912.6272274022258,,-21.433333333333334,"0,0,0,0","0,0,0"
20.916666666666668,199,AV,1,0,0,24,3623.60917519969,,-20.916666666666668,"0,0,0,0","0,0,0"
29.166666666666668,106,AV,1,0,0,46,1822.2981036688468,,-29.166666666666668,"0,0,0,0","0,0,0"
42.21666666666667,19,AV,1,0,0,93,761.8437659652793,,-42.21666666666667,"0,0,0,0","0,0,0"
27.05,52,AV,2,0,0,10,1111.987968807459,,-27.05,"0,0,0,0","0,0,0"
37.06666666666667,132,AV,2,0,0,58,2187.718469250836,,-37.06666666666667,"0,0,0,0","0,0,0"
36.25,198,AV,2,0,0,54,3580.4564780460023,,-36.25,"0,0,0,0","0,0,0"
22.166666666666668,245,AV,2,0,0,5,5386.149373461946,,-22.166666666666668,"0,0,0,0","0,0,0"
17.516666666666666,166,AV,1,0,0,13,2891.134206742707,,-17.516666666666666,"0,0,0,0","0,0,0"
22.85,240,AV,2,0,0,7,4756.448820673547,,-22.85,"0,0,0,0","0,0,0"
35.06666666666667,254,AV,1,0,0,70,5807.233742044462,,-35.06666666666667,"0,0,0,0","0,0,0"
18.733333333333334,94,AV,1,0,0,18,1626.914224999384,,-18.733333333333334,"0,0,0,0","0,0,0"
17.633333333333333,263,AV,1,0,0,15,6007.794801579103,,-17.633333333333333,"0,0,0,0","0,0,0"
24.833333333333332,190,AV,2,0,0,10,3362.377553451843,,-24.833333333333332,"0,0,0,0","0,0,0"
38.016666666666666,273,AV,1,0,0,81,7362.36439851089,,-38.016666666666666,"0,0,0,0","0,0,0"
22.3,83,AV,1,0,0,27,1467.6871321740252,,-22.3,"0,0,0,0","0,0,0"
36.4,95,AV,1,0,0,73,1649.648602545546,,-36.4,"0,0,0,0","0,0,0"
29.216666666666665,259,AV,1,0,0,55,5882.279762541917,,-29.216666666666665,"0,0,0,0","0,0,0"
16.15,275,AV,1,0,0,8,7864.29237148983,,-16.15,"0,0,0,0","0,0,0"
23.716666666666665,276,AV,2,0,0,7,7897.119961473183,,-23.716666666666665,"0,0,0,0","0,0,0"
30.983333333333334,207,AV,2,0,0,37,3898.759045987068,,-30.983333333333334,"0,0,0,0","0,0,0"
38.45,79,AV,2,0,0,61,1447.5744631551047,,-38.45,"0,0,0,0","0,0,0"
16.733333333333334,124,AV,1,0,0,10,2105.6010448069283,,-16.733333333333334,"0,0,0,0","0,0,0"
20.25,81,AV,1,0,0,20,1457.5875839824732,,-20.25,"0,0,0,0","0,0,0"
43.6,78,AV,2,0,0,85,1446.9812594843625,,-43.6,"0,0,0,0","0,0,0"
22.0,116,AV,1,0,0,26,1997.7276787447236,,-22.0,"0,0,0,0","0,0,0"
20.116666666666667,57,AV,1,0,0,22,1150.2916000513435,,-20.116666666666667,"0,0,0,0","0,0,0"
17.783333333333335,225,AV,1,0,0,16,4459.768546990965,,-17.783333333333335,"0,0,0,0","0,0,0"
34.016666666666666,196,AV,1,0,0,69,3520.054626539052,,-34.016666666666666,"0,0,0,0","0,0,0"
11.933333333333334,243,AV,0,0,0,20,5003.647877951615,,-11.933333333333334,"0,0,0,0","0,0,0"
39.766666666666666,16,AV,1,0,0,84,742.6585956180782,,-39.766666666666666,"0,0,0,0","0,0,0"
37.78333333333333,61,AV,1,0,0,74,1240.6560786390864,,-37.78333333333333,"0,0,0,0","0,0,0"
39.13333333333333,18,AV,1,0,0,86,753.7709081553346,,-39.13333333333333,"0,0,0,0","0,0,0"
41.833333333333336,100,AV,1,0,0,84,1723.69240549938,,-41.833333333333336,"0,0,0,0","0,0,0"
29.816666666666666,229,AV,1,0,0,54,4569.840806868062,,-29.816666666666666,"0,0,0,0","0,0,0"
17.05,89,AV,1,0,0,13,1528.3774584247917,,-17.05,"0,0,0,0","0,0,0"
29.083333333333332,12,AV,0,0,0,89,658.4091024775607,,-29.083333333333332,"0,0,0,0","0,0,0"
10.9,180,AV,1,0,0,2,3101.095365071405,,-10.9,"0,0,0,0","0,0,0"
38.56666666666667,126,AV,2,0,0,63,2131.3254046090938,,-38.56666666666667,"0,0,0,0","0,0,0"
21.483333333333334,171,AV,1,0,0,24,2965.4163440895786,,-21.483333333333334,"0,0,0,0","0,0,0"
41.9,170,AV,1,0,0,94,2953.464044858564,,-41.9,"0,0,0,0","0,0,0"
14.85,28,AV,1,0,0,4,844.3352662229099,,-14.85,"0,0,0,0","0,0,0"
23.2,24,AV,1,0,0,30,806.3598325453933,,-23.2,"0,0,0,0","0,0,0"
25.916666666666668,216,AV,2,0,0,14,4164.701887555128,,-25.916666666666668,"0,0,0,0","0,0,0"
10.533333333333333,91,AV,0,0,0,15,1546.5147326922538,,-10.533333333333333,"0,0,0,0","0,0,0"
32.28333333333333,65,AV,2,0,0,29,1291.2118623687816,,-32.28333333333333,"0,0,0,0","0,0,0"
33.8,14,AV,1,0,0,55,699.2977112166509,,-33.8,"0,0,0,0","0,0,0"
41.18333333333333,194,AV,1,0,0,88,3465.4556083993225,,-41.18333333333333,"0,0,0,0","0,0,0"
22.033333333333335,85,AV,0,0,0,57,1474.807688008607,,-22.033333333333335,"0,0,0,0","0,0,0"
31.016666666666666,66,AV,1,0,0,58,1291.7462447339112,,-31.016666666666666,"0,0,0,0","0,0,0"
13.166666666666666,261,AV,1,0,0,1,5984.209260784091,,-13.166666666666666,"0,0,0,0","0,0,0"
19.1,140,AV,2,0,0,2,2337.3116255789537,,-19.1,"0,0,0,0","0,0,0"
10.583333333333334,267,AV,1,0,0,1,6248.181898567973,,-10.583333333333334,"0,0,0,0","0,0,0"
23.333333333333332,218,AV,1,0,0,30,4227.85786318916,,-23.333333333333332,"0,0,0,0","0,0,0"
28.933333333333334,3,AV,1,0,0,51,586.3474640105957,,-28.933333333333334,"0,0,0,0","0,0,0"
25.283333333333335,6,AV,2,0,0,14,601.3137559373858,,-25.283333333333335,"0,0,0,0","0,0,0"
38.63333333333333,20,AV,1,0,0,83,767.6170681366935,,-38.63333333333333,"0,0,0,0","0,0,0"
16.7,295,AV,1,0,0,8,13430.196447392702,,-16.7,"0,0,0,0","0,0,0"
18.866666666666667,22,AV,1,0,0,20,779.0639592631991,,-18.866666666666667,"0,0,0,0","0,0,0"
27.766666666666666,121,AV,1,0,0,49,2078.9202215407213,,-27.766666666666666,"0,0,0,0","0,0,0"
26.983333333333334,255,AV,1,0,0,42,5825.425317043349,,-26.983333333333334,"0,0,0,0","0,0,0"
23.166666666666668,158,AV,1,0,0,27,2780.081336731352,,-23.166666666666668,"0,0,0,0","0,0,0"
50.983333333333334,139,AV,2,0,0,94,2326.172138461347,,-50.983333333333334,"0,0,0,0","0,0,0"
30.1,9,AV,1,0,0,56,646.5589615252754,,-30.1,"0,0,0,0","0,0,0"
23.166666666666668,33,AV,1,0,0,29,877.6907461205365,,-23.166666666666668,"0,0,0,0","0,0,0"
28.816666666666666,153,AV,1,0,0,52,2667.9339807116767,,-28.816666666666666,"0,0,0,0","0,0,0"
31.983333333333334,272,AV,1,0,0,62,7336.658338656486,,-31.983333333333334,"0,0,0,0","0,0,0"
23.783333333333335,185,AV,0,0,0,71,3245.380745418587,,-23.783333333333335,"0,0,0,0","0,0,0"
14.983333333333333,17,AV,1,0,0,9,743.7553910389753,,-14.983333333333333,"0,0,0,0","0,0,0"
41.9,50,AV,1,0,0,90,1074.3823512953045,,-41.9,"0,0,0,0","0,0,0"
20.066666666666666,236,AV,1,0,0,21,4704.305573257116,,-20.066666666666666,"0,0,0,0","0,0,0"
25.35,246,AV,2,0,0,15,5394.467136051333,,-25.35,"0,0,0,0","0,0,0"
43.61666666666667,182,AV,2,0,0,81,3151.1733449572957,,-43.61666666666667,"0,0,0,0","0,0,0"
38.666666666666664,224,AV,1,0,0,84,4376.119511966378,,-38.666666666666664,"0,0,0,0","0,0,0"
30.75,176,AV,1,0,0,56,3017.17067826153,,-30.75,"0,0,0,0","0,0,0"
43.983333333333334,11,AV,1,0,0,100,650.412147456106,,-43.983333333333334,"0,0,0,0","0,0,0"
25.933333333333334,8,AV,1,0,0,44,617.4453946714843,,-25.933333333333334,"0,0,0,0","0,0,0"
26.55,213,AV,1,0,0,38,4116.183110063293,,-26.55,"0,0,0,0","0,0,0"
41.46666666666667,161,AV,1,0,0,88,2835.850686157305,,-41.46666666666667,"0,0,0,0","0,0,0"
28.583333333333332,98,AV,2,0,0,17,1717.0377309640771,,-28.583333333333332,"0,0,0,0","0,0,0"
36.4,177,AV,1,0,0,74,3022.892107624705,,-36.4,"0,0,0,0","0,0,0"
43.8,164,AV,1,0,0,99,2857.712092786687,,-43.8,"0,0,0,0","0,0,0"
10.55,141,AV,0,0,0,15,2361.523720441912,,-10.55,"0,0,0,0","0,0,0"
42.61666666666667,248,AV,1,0,0,98,5434.023139443809,,-42.61666666666667,"0,0,0,0","0,0,0"
18.516666666666666,256,AV,1,0,0,15,5844.130995646287,,-18.516666666666666,"0,0,0,0","0,0,0"
31.966666666666665,277,AV,2,0,0,37,8011.326014866212,,-31.966666666666665,"0,0,0,0","0,0,0"
17.8,40,AV,1,0,0,15,950.4213588862824,,-17.8,"0,0,0,0","0,0,0"
13.666666666666666,15,AV,0,0,0,22,727.2326469992182,,-13.666666666666666,"0,0,0,0","0,0,0"
18.9,250,AV,0,0,0,49,5611.673516276995,,-18.9,"0,0,0,0","0,0,0"
