travel_time,id,kind,action,bid_route_0,bid_route_1,bid_route_2,karma_balance,origin,destination,start_time,income,urgency,reward
20.783333333333335,242,AV,2,2,1,8,0,0,0,47,3131.512437779759,0.1,-0.30783333333333335
30.333333333333332,296,AV,1,3,8,0,10,0,0,59,6130.868263041086,0.5,-0.8033333333333333
34.95,162,AV,1,3,8,0,7,0,0,66,2043.1688306873104,0.1,-0.4495
40.766666666666666,90,AV,1,3,8,0,3,0,0,86,975.0940381265832,0.1,-0.5076666666666667
27.616666666666667,234,AV,1,0,4,6,6,0,0,56,892.1845339920479,0.5,-0.7761666666666667
24.816666666666666,12,AV,2,2,3,0,6,0,0,53,2580.565825479665,0.2,-0.4481666666666667
9.633333333333333,6,AV,1,1,4,0,11,0,0,25,3523.1638559153366,0.1,-0.19633333333333333
19.316666666666666,121,AV,1,3,8,0,6,0,0,44,1573.7150367511856,0.1,-0.2931666666666667
26.133333333333333,67,AV,1,3,8,0,0,0,0,55,2137.1188228190404,0.6,-0.8613333333333333
16.966666666666665,141,AV,2,0,3,0,11,0,0,37,2891.134206742707,0.1,-0.26966666666666667
14.033333333333333,218,AV,2,2,1,8,3,0,0,22,5702.891177591027,0.1,-0.24033333333333334
20.85,128,AV,1,3,8,0,0,0,0,46,753.5670156580491,0.2,-0.40850000000000003
32.85,84,AV,1,0,7,7,0,0,0,63,2255.9253983027734,0.1,-0.4285
36.06666666666667,298,AV,0,7,6,1,1,0,0,68,4381.240268036911,0.1,-0.46066666666666667
39.55,139,AV,1,3,8,0,2,0,0,80,904.859336063587,0.4,-0.7955
16.183333333333334,285,AV,1,3,8,0,0,0,0,40,2927.9701715656583,0.2,-0.36183333333333334
26.9,38,AV,2,0,3,0,7,0,0,58,13079.31179296209,0.5,-0.7689999999999999
22.883333333333333,100,AV,2,1,1,0,10,0,0,52,4889.272753955773,1.0,-1.2288333333333332
15.316666666666666,69,AV,1,3,4,6,9,0,0,39,3608.770587345788,0.1,-0.25316666666666665
13.5,226,AV,1,3,8,0,1,0,0,35,3758.845856207275,0.1,-0.23500000000000001
25.766666666666666,78,AV,1,3,8,0,6,0,0,54,9667.367812467324,0.2,-0.45766666666666667
35.75,56,AV,1,3,8,0,3,0,0,67,5427.330032863625,0.2,-0.5575
39.56666666666667,17,AV,1,3,8,0,2,0,0,77,2347.541384251396,0.4,-0.7956666666666667
36.2,208,AV,1,3,8,0,3,0,0,68,9280.176126726552,0.3,-0.662
12.85,178,AV,1,3,8,0,1,0,0,33,2239.257430619588,0.1,-0.2285
14.983333333333333,135,AV,2,2,3,4,9,0,0,31,4925.450001742355,0.1,-0.24983333333333332
17.566666666666666,11,AV,1,1,7,5,1,0,0,41,2964.6777926145683,0.1,-0.27566666666666667
34.46666666666667,7,AV,1,3,4,6,6,0,0,66,8139.327108000771,0.6,-0.9446666666666667
40.333333333333336,260,AV,1,0,9,5,1,0,0,93,5611.673516276995,0.1,-0.5033333333333334
9.25,290,AV,1,3,8,0,8,0,0,23,1963.0347272178835,0.1,-0.1925
22.183333333333334,32,AV,1,3,8,0,1,0,0,48,4617.971391102537,0.2,-0.42183333333333334
11.65,25,AV,0,6,1,0,3,0,0,39,2436.431929205765,0.3,-0.4165
37.46666666666667,248,AV,1,0,6,5,0,0,0,70,1830.3424648913517,0.6,-0.9746666666666667
18.35,289,AV,1,3,9,3,3,0,0,43,1434.2863071033526,0.2,-0.38350000000000006
30.733333333333334,264,AV,1,1,4,0,5,0,0,61,13430.196447392702,0.3,-0.6073333333333333
31.0,75,AV,1,3,8,0,0,0,0,61,2991.769966736588,0.5,-0.81
14.55,281,AV,1,3,8,0,1,0,0,38,1661.9571573900298,0.2,-0.34550000000000003
29.166666666666668,203,AV,1,3,8,0,6,0,0,57,20239.22920549412,0.4,-0.6916666666666667
19.516666666666666,164,AV,1,3,8,0,0,0,0,45,3520.054626539052,0.2,-0.39516666666666667
15.233333333333333,175,AV,2,0,0,5,4,0,0,32,4754.245589533712,0.2,-0.35233333333333333
10.033333333333333,157,AV,1,0,6,0,2,0,0,26,7958.958807233507,0.1,-0.20033333333333334
35.03333333333333,47,AV,1,3,8,0,0,0,0,66,1848.7234685638712,0.3,-0.6503333333333333
27.266666666666666,46,AV,1,3,8,0,0,0,0,55,636.6552097563458,0.3,-0.5726666666666667
37.31666666666667,24,AV,1,0,6,5,1,0,0,74,586.8516376274475,0.1,-0.47316666666666674
28.516666666666666,154,AV,1,2,7,1,3,0,0,57,861.805442805673,0.2,-0.4851666666666667
32.31666666666667,183,AV,0,5,5,0,4,0,0,64,1799.695682844959,0.1,-0.4231666666666667
15.7,27,AV,2,0,3,0,10,0,0,36,3230.862018062417,0.1,-0.257
38.333333333333336,227,AV,1,3,8,0,3,0,0,75,1011.0784796502788,0.2,-0.5833333333333334
27.566666666666666,297,AV,1,0,7,7,1,0,0,56,2486.38103050259,0.1,-0.3756666666666667
34.083333333333336,194,AV,1,3,8,1,6,0,0,66,1205.4292211271013,0.1,-0.4408333333333334
22.866666666666667,76,AV,1,0,5,4,1,0,0,48,1447.5744631551047,0.1,-0.32866666666666666
12.483333333333333,21,AV,2,0,3,0,9,0,0,23,5985.732437913218,0.1,-0.22483333333333333
14.9,171,AV,1,3,9,5,5,0,0,38,2034.664800296876,0.4,-0.549
35.38333333333333,286,AV,1,3,8,0,4,0,0,66,8326.33528790118,0.1,-0.4538333333333333
22.0,13,AV,0,5,8,9,7,0,0,53,5009.92015912814,0.1,-0.32
9.3,284,AV,1,3,8,0,11,0,0,23,3531.3895067900216,0.2,-0.29300000000000004
36.333333333333336,91,AV,2,0,3,0,8,0,0,84,3458.1247672483346,0.1,-0.4633333333333334
10.6,279,AV,1,3,8,0,11,0,0,26,4843.3187157075145,0.2,-0.306
31.45,23,AV,1,2,5,6,4,0,0,61,632.5893922142865,0.2,-0.5145
10.183333333333334,222,AV,1,3,4,6,10,0,0,26,1822.2981036688468,0.5,-0.6018333333333333
11.35,223,AV,1,3,8,0,8,0,0,29,1659.6531244520008,0.1,-0.2135
12.883333333333333,1,AV,1,3,8,0,18,0,0,34,1546.5147326922538,0.2,-0.3288333333333333
32.06666666666667,87,AV,1,3,8,0,7,0,0,63,600.3305173079323,0.2,-0.5206666666666667
22.533333333333335,145,AV,1,3,8,5,2,0,0,49,1782.711710770346,0.1,-0.32533333333333336
34.516666666666666,249,AV,1,3,8,0,5,0,0,66,3197.7177395395383,0.1,-0.4451666666666667
13.85,64,AV,1,0,6,5,3,0,0,36,4934.883137056144,0.1,-0.2385
22.366666666666667,282,AV,1,3,8,0,4,0,0,48,3534.445695738256,0.1,-0.32366666666666666
33.0,81,AV,2,3,0,0,8,0,0,68,3628.2404526711953,0.4,-0.73
19.9,273,AV,1,2,5,6,3,0,0,45,1836.592480640456,0.8,-0.999
25.433333333333334,159,AV,1,2,5,6,7,0,0,53,2241.037238818388,0.6,-0.8543333333333334
13.483333333333333,206,AV,1,1,4,0,4,0,0,35,6778.2755320215965,0.5,-0.6348333333333334
14.983333333333333,278,AV,1,3,8,0,1,0,0,38,658.4091024775607,0.1,-0.24983333333333332
30.65,96,AV,1,0,5,3,2,0,0,59,736.5379020629116,0.1,-0.4065
34.45,213,AV,2,0,2,5,9,0,0,77,3236.647802754315,0.3,-0.6445000000000001
33.666666666666664,245,AV,1,3,8,0,3,0,0,65,10721.15711953896,0.1,-0.43666666666666665
23.716666666666665,60,AV,1,0,6,5,0,0,0,50,2818.3733061874163,0.1,-0.3371666666666666
28.85,122,AV,0,8,1,3,0,0,0,62,2250.3510049999354,0.1,-0.38850000000000007
39.75,193,AV,1,3,8,0,2,0,0,81,4818.617258984985,0.1,-0.49750000000000005
34.5,36,AV,2,0,1,2,8,0,0,75,5912.288420941998,0.1,-0.44499999999999995
21.216666666666665,270,AV,1,2,5,2,2,0,0,46,8134.997760071039,0.5,-0.7121666666666666
22.15,133,AV,0,6,7,6,2,0,0,53,8480.737499651503,0.2,-0.4215
16.233333333333334,176,AV,2,0,3,0,9,0,0,36,2478.182963693478,0.3,-0.4623333333333333
11.1,52,AV,1,0,6,5,2,0,0,28,1129.1321270070612,0.4,-0.511
39.93333333333333,88,AV,1,0,6,5,4,0,0,84,4446.537177105173,0.4,-0.7993333333333333
8.4,83,AV,0,5,7,8,7,0,0,27,2198.5025098873134,0.4,-0.48400000000000004
15.683333333333334,225,AV,1,1,7,0,0,0,0,39,2158.6935677652164,0.2,-0.35683333333333334
33.8,65,AV,1,1,4,0,4,0,0,65,4034.238052294327,0.4,-0.738
34.13333333333333,101,AV,0,4,6,0,2,0,0,66,2946.490055333797,0.1,-0.44133333333333336
16.316666666666666,129,AV,1,3,8,0,8,0,0,40,985.8695826897422,0.8,-0.9631666666666667
28.15,148,AV,1,0,4,4,4,0,0,56,3958.913906791885,0.1,-0.38149999999999995
23.95,103,AV,0,5,5,0,1,0,0,53,1111.987968807459,0.2,-0.4395
32.016666666666666,215,AV,2,2,2,4,4,0,0,69,2046.5713793034688,0.1,-0.4201666666666667
18.716666666666665,257,AV,0,9,2,7,4,0,0,50,1017.530975349866,0.1,-0.2871666666666667
19.016666666666666,263,AV,1,3,8,0,3,0,0,44,5721.231751015957,0.4,-0.5901666666666667
17.816666666666666,268,AV,1,1,4,1,9,0,0,42,3849.958431883558,0.2,-0.37816666666666665
24.566666666666666,190,AV,1,1,4,1,2,0,0,50,5825.994272151124,0.2,-0.44566666666666666
9.45,40,AV,1,3,8,0,5,0,0,23,497.26542980048754,0.2,-0.2945
20.183333333333334,288,AV,2,0,2,5,2,0,0,43,2294.767722006211,0.5,-0.7018333333333333
30.333333333333332,151,AV,1,3,8,0,0,0,0,60,4266.216809230351,0.1,-0.4033333333333333
25.116666666666667,185,AV,1,3,8,0,1,0,0,50,3024.224513765153,0.4,-0.6511666666666667
15.133333333333333,192,AV,1,3,8,0,5,0,0,38,2761.3662775036096,0.2,-0.35133333333333333
35.43333333333333,254,AV,1,1,9,5,0,0,0,66,2421.832203454489,0.1,-0.45433333333333326
30.116666666666667,118,AV,1,3,8,0,2,0,0,58,2113.1349678504243,0.3,-0.6011666666666666
28.4,109,AV,2,1,1,0,8,0,0,57,8348.421721831439,0.3,-0.584
5.15,29,AV,0,9,2,8,0,0,0,12,12051.378145129962,0.1,-0.15150000000000002
28.116666666666667,142,AV,2,3,2,3,8,0,0,56,473.5024380788758,0.3,-0.5811666666666666
17.766666666666666,106,AV,1,2,4,6,6,0,0,42,2996.640782499388,0.3,-0.4776666666666667
8.15,41,AV,1,3,8,0,1,0,0,22,2382.718205806423,0.1,-0.1815
26.416666666666668,173,AV,1,3,4,6,6,0,0,55,926.7012599248138,1.0,-1.2641666666666667
15.25,247,AV,1,3,8,0,3,0,0,38,5004.1281918097375,0.2,-0.35250000000000004
14.266666666666667,174,AV,2,0,3,5,1,0,0,29,913.5589076746268,0.6,-0.7426666666666666
13.883333333333333,73,AV,2,0,3,5,2,0,0,28,1485.5718097438446,0.1,-0.23883333333333334
39.13333333333333,86,AV,1,3,8,0,5,0,0,76,3987.5502105766736,0.6,-0.9913333333333333
24.2,165,AV,1,0,6,0,4,0,0,49,2318.1098695731453,0.2,-0.442
29.55,232,AV,1,3,8,0,2,0,0,58,1446.9812594843625,0.1,-0.39549999999999996
39.18333333333333,66,AV,1,3,8,0,1,0,0,77,2987.078671303881,0.3,-0.6918333333333333
28.533333333333335,93,AV,1,3,8,0,4,0,0,56,1614.9573615816892,0.1,-0.3853333333333333
36.05,54,AV,1,3,8,0,2,0,0,67,2496.2043409386315,0.2,-0.5605
12.283333333333333,269,AV,1,3,6,0,0,0,0,32,2352.9451803313505,0.3,-0.42283333333333334
8.766666666666667,123,AV,1,3,8,0,0,0,0,21,4113.319853961603,0.5,-0.5876666666666667
12.666666666666666,144,AV,1,3,8,0,1,0,0,33,5590.116807812239,1.0,-1.1266666666666667
28.2,184,AV,1,3,8,0,4,0,0,56,11940.25564443948,0.1,-0.382
18.166666666666668,134,AV,2,0,3,5,2,0,0,38,2968.817229463249,0.3,-0.4816666666666667
26.3,216,AV,1,3,8,0,1,0,0,54,969.457736312404,0.5,-0.763
16.733333333333334,8,AV,1,1,4,0,3,0,0,40,1900.764377468582,0.1,-0.2673333333333333
8.733333333333333,202,AV,1,1,4,5,4,0,0,20,5307.329693361759,0.6,-0.6873333333333334
12.15,179,AV,1,3,8,5,1,0,0,33,743.7553910389753,0.4,-0.5215000000000001
38.28333333333333,105,AV,1,3,9,3,1,0,0,75,1684.196745492046,0.3,-0.6828333333333333
20.183333333333334,120,AV,1,3,8,0,9,0,0,45,1567.0706205360798,0.3,-0.5018333333333334
31.033333333333335,5,AV,2,1,1,0,6,0,0,63,6197.036257351283,1.0,-1.3103333333333333
13.9,209,AV,1,0,4,0,4,0,0,35,2753.3979495063454,1.0,-1.139
14.583333333333334,233,AV,2,0,3,9,1,0,0,27,2793.3389947689566,0.4,-0.5458333333333334
5.066666666666666,280,AV,0,5,5,0,8,0,0,17,2446.4664131825853,0.4,-0.45066666666666666
15.316666666666666,246,AV,0,6,7,6,3,0,0,41,1572.8756307612184,0.4,-0.5531666666666667
12.15,274,AV,2,0,3,5,3,0,0,18,1293.252850487379,0.3,-0.4215
29.816666666666666,4,AV,1,3,8,0,6,0,0,58,679.8949342204361,0.4,-0.6981666666666667
40.28333333333333,9,AV,1,0,5,8,3,0,0,84,2667.9339807116767,0.6,-1.0028333333333332
24.55,211,AV,1,0,9,0,0,0,0,50,2417.357356239525,0.1,-0.34550000000000003
11.466666666666667,196,AV,1,1,6,0,0,0,0,29,4281.8327360815,0.2,-0.31466666666666665
11.216666666666667,35,AV,1,3,7,8,4,0,0,28,912.6272274022258,0.5,-0.6121666666666666
37.516666666666666,235,AV,1,0,7,7,0,0,0,73,2337.3116255789537,0.4,-0.7751666666666667
24.9,117,AV,2,0,3,0,7,0,0,52,3251.3322332141274,0.2,-0.449
6.65,0,AV,0,9,2,6,0,0,0,26,5051.78348307234,1.0,-1.0665
20.783333333333335,89,AV,2,3,1,5,4,0,0,44,3132.463358685509,0.3,-0.5078333333333334
28.95,33,AV,1,3,6,0,1,0,0,57,763.1985099142711,0.1,-0.38949999999999996
21.833333333333332,72,AV,1,3,8,0,3,0,0,47,7099.697064525982,0.1,-0.31833333333333336
12.733333333333333,224,AV,1,3,8,0,1,0,0,32,591.6693204447811,0.3,-0.42733333333333334
13.35,236,AV,1,1,7,5,1,0,0,33,4237.057085974603,0.9,-1.0335
35.7,110,AV,1,3,8,0,2,0,0,67,13351.937436366714,0.2,-0.557
16.516666666666666,59,AV,1,0,6,5,2,0,0,40,3017.17067826153,0.2,-0.36516666666666664
23.183333333333334,267,AV,1,0,8,5,0,0,0,49,4021.28082322038,0.6,-0.8318333333333333
18.166666666666668,187,AV,1,3,8,0,7,0,0,42,4200.245935785981,0.6,-0.7816666666666666
27.35,16,AV,0,5,4,2,2,0,0,58,5578.433439706214,0.3,-0.5735
14.333333333333334,250,AV,1,3,8,0,5,0,0,37,2283.7291705859197,0.4,-0.5433333333333333
8.6,108,AV,1,3,4,6,7,0,0,9,2177.5877894542577,0.3,-0.386
16.75,119,AV,0,5,4,2,2,0,0,49,5341.061461458292,0.1,-0.2675
26.9,34,AV,1,3,4,6,9,0,0,55,7177.938863287724,0.2,-0.469
28.65,191,AV,2,3,2,2,7,0,0,60,2953.464044858564,0.2,-0.4865
20.266666666666666,124,AV,1,3,8,0,4,0,0,45,6947.27484286379,0.6,-0.8026666666666666
38.0,230,AV,1,3,7,0,0,0,0,73,2010.868248891871,0.2,-0.5800000000000001
39.81666666666667,112,AV,1,0,7,7,1,0,0,85,898.3728471886773,0.7,-1.0981666666666667
15.866666666666667,39,AV,1,1,5,0,1,0,0,39,4864.205776554158,0.8,-0.9586666666666668
25.3,43,AV,1,3,8,0,0,0,0,52,3667.3634505223554,0.1,-0.353
27.4,132,AV,0,6,7,6,4,0,0,60,1391.0507319816634,0.2,-0.474
34.6,240,AV,1,3,9,5,1,0,0,64,2857.6088215719105,0.4,-0.746
15.65,80,AV,1,3,9,5,5,0,0,38,1723.69240549938,0.4,-0.5565
11.733333333333333,79,AV,0,8,1,3,1,0,0,39,4569.840806868062,0.6,-0.7173333333333333
24.916666666666668,137,AV,1,3,8,0,4,0,0,50,2215.952556227922,0.4,-0.6491666666666667
30.916666666666668,253,AV,0,5,5,0,3,0,0,63,2538.843693606908,0.3,-0.6091666666666666
31.483333333333334,126,AV,1,3,8,0,11,0,0,62,3245.380745418587,0.2,-0.5148333333333334
41.266666666666666,167,AV,1,3,6,0,1,0,0,89,3778.090807703549,0.1,-0.5126666666666667
36.983333333333334,150,AV,1,3,8,0,4,0,0,70,4227.85786318916,0.6,-0.9698333333333333
36.6,265,AV,1,3,7,0,0,0,0,69,2218.0502812558643,0.5,-0.866
31.716666666666665,158,AV,1,3,4,6,9,0,0,62,1338.7213376931895,0.2,-0.5171666666666667
32.45,48,AV,0,6,5,0,3,0,0,65,2815.231094880572,1.0,-1.3245
18.566666666666666,28,AV,1,0,4,4,2,0,0,42,742.4887258523852,0.3,-0.4856666666666667
27.233333333333334,14,AV,1,3,8,0,3,0,0,55,548.7192496267361,0.3,-0.5723333333333334
36.71666666666667,131,AV,1,2,6,4,1,0,0,69,8981.750106371177,0.3,-0.6671666666666667
9.966666666666667,299,AV,0,6,3,1,0,0,0,37,699.2977112166509,0.4,-0.4996666666666667
28.75,2,AV,1,3,8,0,6,0,0,56,863.3540159882258,0.4,-0.6875
24.933333333333334,283,AV,2,2,1,8,5,0,0,53,1597.8734280578535,0.2,-0.44933333333333336
22.183333333333334,19,AV,1,3,4,6,12,0,0,47,1797.659883656486,0.2,-0.42183333333333334
10.166666666666666,95,AV,0,9,6,6,0,0,0,32,1122.7546975855585,0.2,-0.30166666666666664
37.43333333333333,293,AV,1,3,8,0,1,0,0,69,871.0408974081768,0.2,-0.5743333333333334
13.383333333333333,107,AV,0,9,2,7,1,0,0,39,2222.040577514192,0.1,-0.23383333333333334
18.616666666666667,287,AV,0,9,4,8,2,0,0,50,4950.268578812107,0.1,-0.2861666666666667
38.6,186,AV,1,3,4,6,7,0,0,75,1975.501985353583,0.5,-0.886
22.5,70,AV,1,3,8,0,2,0,0,47,844.3352662229099,0.3,-0.525
13.4,181,AV,2,1,1,0,9,0,0,30,17693.100214811147,0.2,-0.334
39.9,45,AV,1,3,8,0,4,0,0,80,1832.3133019091129,0.2,-0.599
21.583333333333332,42,AV,1,0,7,7,1,0,0,46,1474.807688008607,0.7,-0.9158333333333333
19.366666666666667,182,AV,1,3,8,0,5,0,0,44,13460.811009378149,0.7,-0.8936666666666666
30.083333333333332,138,AV,1,3,8,0,2,0,0,58,1996.532829496936,0.2,-0.5008333333333334
20.533333333333335,58,AV,1,1,4,1,3,0,0,45,4135.471393234625,0.2,-0.4053333333333333
11.85,166,AV,1,0,4,4,2,0,0,29,2850.5966631146844,0.5,-0.6185
20.883333333333333,207,AV,1,1,4,1,3,0,0,45,10708.821866752483,0.1,-0.3088333333333333
29.116666666666667,205,AV,0,6,0,3,5,0,0,62,567.9518330451218,0.1,-0.39116666666666666
25.883333333333333,149,AV,1,3,8,0,6,0,0,53,1167.011530479414,0.1,-0.35883333333333334
7.85,199,AV,1,3,8,0,2,0,0,15,3558.5090095449787,0.1,-0.1785
39.3,204,AV,0,8,4,8,0,0,0,84,4747.153558918807,1.0,-1.393
13.766666666666667,20,AV,2,0,2,5,3,0,0,24,3398.605365942332,0.8,-0.9376666666666668
10.816666666666666,57,AV,1,3,8,0,11,0,0,26,588.8906571209208,0.2,-0.3081666666666667
16.783333333333335,200,AV,0,6,2,8,2,0,0,49,1526.0895405694364,0.1,-0.26783333333333337
25.033333333333335,272,AV,1,0,6,5,6,0,0,50,4416.224882412617,0.7,-0.9503333333333333
37.833333333333336,161,AV,0,7,4,4,0,0,0,71,3583.4963710051925,0.7,-1.0783333333333334
25.6,241,AV,0,7,5,4,0,0,0,56,8331.964781214912,0.4,-0.656
29.233333333333334,99,AV,1,3,8,0,8,0,0,57,1942.5668635563816,0.4,-0.6923333333333334
35.0,85,AV,2,0,3,0,10,0,0,79,1386.7650627050614,0.1,-0.44999999999999996
23.2,217,AV,1,0,7,7,3,0,0,48,1117.0806745336297,0.1,-0.33199999999999996
26.366666666666667,198,AV,2,2,2,8,2,0,0,55,1068.5648373754009,0.2,-0.46366666666666667
7.266666666666667,221,AV,1,3,8,0,7,0,0,0,1150.2916000513435,0.9,-0.9726666666666667
13.4,256,AV,2,2,3,4,3,0,0,24,424.9057127261393,0.2,-0.334
19.216666666666665,220,AV,1,3,4,6,7,0,0,43,835.7777612710734,0.3,-0.49216666666666664
11.833333333333334,49,AV,1,1,4,0,3,0,0,32,793.0252767736928,0.1,-0.21833333333333335
39.016666666666666,113,AV,1,0,6,5,4,0,0,75,4968.170350229253,0.2,-0.5901666666666667
10.8,71,AV,2,0,3,0,10,0,0,22,2472.005569054355,0.1,-0.20800000000000002
40.31666666666667,231,AV,1,3,8,0,6,0,0,85,3414.9419898187493,0.1,-0.5031666666666667
26.033333333333335,212,AV,2,0,3,0,9,0,0,52,2052.607856914241,0.3,-0.5603333333333333
24.216666666666665,261,AV,1,3,8,0,0,0,0,49,4639.089550420253,0.4,-0.6421666666666667
14.283333333333333,116,AV,1,3,8,0,13,0,0,35,10450.70686878338,0.2,-0.3428333333333333
35.1,102,AV,2,3,1,4,2,0,0,82,954.0002559944874,0.2,-0.551
20.316666666666666,170,AV,1,3,8,0,9,0,0,44,7658.5640246764915,1.0,-1.2031666666666667
10.1,68,AV,1,0,8,5,0,0,0,24,806.3598325453933,0.5,-0.601
18.866666666666667,259,AV,2,0,0,5,3,0,0,37,1836.3970218708375,0.2,-0.3886666666666667
15.216666666666667,97,AV,2,0,3,0,7,0,0,30,783.6834518391023,0.4,-0.5521666666666667
18.783333333333335,168,AV,1,3,8,0,5,0,0,42,870.7377108213431,0.1,-0.2878333333333334
27.383333333333333,271,AV,1,1,5,9,4,0,0,55,3773.073658575576,0.9,-1.1738333333333333
31.8,53,AV,1,3,4,6,3,0,0,62,5568.958209200236,0.1,-0.41800000000000004
18.683333333333334,258,AV,1,0,5,4,4,0,0,43,2619.168197182975,0.2,-0.38683333333333336
26.583333333333332,262,AV,1,3,8,0,0,0,0,54,19040.472291926453,0.5,-0.7658333333333334
35.05,244,AV,1,3,8,0,2,0,0,66,1251.6500609663929,0.2,-0.5505
33.333333333333336,136,AV,2,3,2,3,7,0,0,70,9667.56212442905,0.4,-0.7333333333333334
25.383333333333333,210,AV,0,6,7,8,3,0,0,55,2744.255474143275,0.2,-0.45383333333333337
21.066666666666666,295,AV,1,0,7,3,4,0,0,46,3366.895459871004,0.1,-0.31066666666666665
35.95,228,AV,0,5,3,0,3,0,0,67,4689.4303597647895,0.7,-1.0594999999999999
38.583333333333336,277,AV,1,3,8,0,2,0,0,75,8029.700924090037,0.5,-0.8858333333333334
34.61666666666667,55,AV,1,3,4,6,4,0,0,66,14505.369879802229,0.1,-0.4461666666666667
16.6,147,AV,1,3,4,8,4,0,0,40,859.2772315809713,0.4,-0.5660000000000001
19.6,92,AV,1,2,5,6,1,0,0,44,1581.438059619256,0.4,-0.5960000000000001
17.066666666666666,3,AV,1,3,8,0,2,0,0,41,2276.662146114732,1.0,-1.1706666666666667
33.53333333333333,177,AV,1,3,8,0,0,0,0,63,934.0011274976006,1.0,-1.3353333333333333
38.516666666666666,239,AV,1,3,4,6,10,0,0,69,623.7253316558669,0.3,-0.6851666666666667
32.81666666666667,127,AV,1,3,8,0,0,0,0,62,5960.007005011629,0.1,-0.4281666666666667
32.25,37,AV,1,3,8,0,6,0,0,62,1581.4824060924602,0.7,-1.0225
23.45,115,AV,1,1,5,0,3,0,0,49,2898.378436294527,0.4,-0.6345000000000001
25.266666666666666,125,AV,1,3,8,0,0,0,0,51,5502.789496653042,0.2,-0.45266666666666666
39.016666666666666,152,AV,1,2,5,6,4,0,0,75,2476.7926805910606,0.3,-0.6901666666666666
14.233333333333333,153,AV,1,3,8,0,7,0,0,36,15725.918848752755,0.1,-0.24233333333333332
20.45,276,AV,0,9,2,7,0,0,0,52,4434.023444374438,0.5,-0.7045
16.966666666666665,292,AV,1,1,6,4,1,0,0,40,1083.524948441525,0.1,-0.26966666666666667
25.066666666666666,252,AV,1,3,7,0,0,0,0,51,586.3474640105957,0.1,-0.3506666666666667
14.383333333333333,31,AV,1,3,8,0,8,0,0,37,857.6590975250949,0.3,-0.4438333333333333
34.083333333333336,195,AV,1,3,8,0,3,0,0,65,1097.8259349569896,0.4,-0.7408333333333335
15.166666666666666,201,AV,0,7,0,2,2,0,0,45,4061.843573313689,0.3,-0.45166666666666666
23.85,22,AV,0,5,5,0,1,0,0,53,617.4453946714843,0.3,-0.5385
30.516666666666666,18,AV,1,3,8,0,4,0,0,60,650.412147456106,0.2,-0.5051666666666667
9.583333333333334,214,AV,1,3,8,0,2,0,0,24,7130.271245067938,0.4,-0.49583333333333335
30.716666666666665,10,AV,0,4,2,3,5,0,0,62,1824.367004680513,0.1,-0.4071666666666667
31.133333333333333,143,AV,1,3,8,0,6,0,0,60,1929.5758599688188,0.4,-0.7113333333333334
11.416666666666666,130,AV,1,3,9,5,2,0,0,30,508.6019702527906,0.5,-0.6141666666666666
31.666666666666668,238,AV,2,3,1,2,9,0,0,65,3759.463069718096,0.6,-0.9166666666666666
13.6,188,AV,0,5,5,0,3,0,0,39,9884.322174397852,0.3,-0.436
32.88333333333333,255,AV,1,3,8,0,2,0,0,63,1301.8927857652438,0.5,-0.8288333333333333
17.083333333333332,82,AV,2,1,1,4,5,0,0,37,3101.095365071405,0.2,-0.37083333333333335
25.516666666666666,98,AV,1,3,4,6,2,0,0,53,457.16351791608827,0.4,-0.6551666666666667
17.25,146,AV,1,3,8,0,1,0,0,40,7864.29237148983,0.2,-0.3725
31.916666666666668,30,AV,1,3,8,0,0,0,0,62,2105.6010448069283,0.6,-0.9191666666666667
10.516666666666667,140,AV,1,2,5,6,2,0,0,24,417.8295094645922,0.5,-0.6051666666666666
11.016666666666667,291,AV,1,1,8,1,3,0,0,26,5862.871835726062,0.7,-0.8101666666666666
36.53333333333333,104,AV,1,1,5,0,2,0,0,67,583.3206434887895,0.3,-0.6653333333333333
27.433333333333334,180,AV,1,3,8,0,4,0,0,55,1653.1781197118603,0.5,-0.7743333333333333
17.75,243,AV,1,3,8,0,6,0,0,40,2722.266725979925,0.3,-0.4775
16.55,44,AV,1,1,4,0,2,0,0,38,10213.823531357188,0.1,-0.2655
26.6,275,AV,2,0,3,0,9,0,0,55,1921.5023446668008,0.1,-0.366
28.166666666666668,219,AV,1,3,8,0,11,0,0,55,1342.087988935639,0.1,-0.3816666666666667
6.75,160,AV,0,8,8,0,2,0,0,22,4164.701887555128,0.5,-0.5675
8.416666666666666,94,AV,0,4,2,5,5,0,0,28,3323.1633986738134,0.1,-0.18416666666666667
37.983333333333334,15,AV,0,8,2,6,1,0,0,73,2044.1603053436156,0.1,-0.47983333333333333
36.28333333333333,62,AV,1,0,4,4,14,0,0,68,3158.0604616132755,0.8,-1.1628333333333334
29.666666666666668,111,AV,1,3,5,2,2,0,0,57,1405.7852601227096,0.4,-0.6966666666666668
14.066666666666666,155,AV,2,1,3,1,6,0,0,26,1265.4739572733297,0.3,-0.44066666666666665
32.7,63,AV,1,2,5,6,5,0,0,62,1240.6560786390864,0.1,-0.42700000000000005
12.15,189,AV,2,1,0,3,7,0,0,20,807.7368269013535,0.5,-0.6214999999999999
29.016666666666666,51,AV,1,3,8,0,8,0,0,57,1664.0464513081895,0.1,-0.39016666666666666
26.983333333333334,197,AV,1,2,5,6,2,0,0,54,4660.29795945294,0.5,-0.7698333333333334
12.033333333333333,77,AV,1,3,8,0,1,0,0,29,1244.4027248274256,0.2,-0.32033333333333336
32.95,74,AV,1,0,6,5,3,0,0,63,3362.377553451843,0.1,-0.4295
20.533333333333335,266,AV,1,3,9,3,1,0,0,45,1588.8002265047048,0.3,-0.5053333333333333
33.11666666666667,114,AV,1,3,8,0,8,0,0,64,2142.030696222753,0.8,-1.1311666666666667
12.966666666666667,172,AV,1,3,8,0,9,0,0,34,4967.653125719208,0.3,-0.42966666666666664
20.383333333333333,61,AV,0,8,0,0,4,0,0,51,627.4062491148882,0.2,-0.4038333333333334
9.116666666666667,251,AV,1,3,8,0,8,0,0,22,8975.220492497892,0.4,-0.4911666666666667
21.8,169,AV,1,0,7,3,1,0,0,46,3866.930621896856,0.4,-0.618
23.416666666666668,26,AV,2,0,3,0,7,0,0,51,3151.1733449572957,0.4,-0.6341666666666668
36.56666666666667,294,AV,1,3,8,0,1,0,0,68,1645.9523587482854,0.7,-1.0656666666666665
24.483333333333334,237,AV,1,0,9,0,0,0,0,49,1541.4014724042315,0.4,-0.6448333333333334
34.166666666666664,50,AV,0,4,6,0,5,0,0,66,8028.27043643778,1.0,-1.3416666666666666
23.15,229,AV,1,3,8,0,1,0,0,48,437.8567856598078,0.1,-0.3315
13.683333333333334,156,AV,2,0,3,0,8,0,0,22,4504.939201911708,0.3,-0.4368333333333333
21.383333333333333,163,AV,1,3,8,0,5,0,0,46,3368.9508766880413,1.0,-1.2138333333333333
