travel_time,id,kind,action,origin,destination,start_time,income,urgency,reward,observation,cost_table
21.65,109,AV,1,0,0,33,1659.6531244520008,,-21.65,"0,0,0,0","0,0,0"
27.816666666666666,84,AV,1,0,0,62,1444.5182772575097,,-27.816666666666666,"0,0,0,0","0,0,0"
30.383333333333333,174,AV,2,0,0,18,2758.442965787371,,-30.383333333333333,"0,0,0,0","0,0,0"
41.81666666666667,6,AV,2,0,0,74,508.6019702527906,,-41.81666666666667,"0,0,0,0","0,0,0"
35.11666666666667,121,AV,2,0,0,59,1822.2981036688468,,-35.11666666666667,"0,0,0,0","0,0,0"
18.45,235,AV,1,0,0,13,4381.240268036911,,-18.45,"0,0,0,0","0,0,0"
39.766666666666666,131,AV,2,0,0,65,1975.501985353583,,-39.766666666666666,"0,0,0,0","0,0,0"
37.06666666666667,187,AV,2,0,0,57,2968.817229463249,,-37.06666666666667,"0,0,0,0","0,0,0"
51.46666666666667,278,AV,2,0,0,93,7332.887514065835,,-51.46666666666667,"0,0,0,0","0,0,0"
29.383333333333333,199,AV,2,0,0,13,3387.2787239910285,,-29.383333333333333,"0,0,0,0","0,0,0"
27.083333333333332,99,AV,2,0,0,13,1581.4824060924602,,-27.083333333333332,"0,0,0,0","0,0,0"
26.316666666666666,149,AV,1,0,0,63,2193.4249838744518,,-26.316666666666666,"0,0,0,0","0,0,0"
32.31666666666667,94,AV,2,0,0,26,1519.7273932229994,,-32.31666666666667,"0,0,0,0","0,0,0"
34.53333333333333,198,AV,2,0,0,56,3366.895459871004,,-34.53333333333333,"0,0,0,0","0,0,0"
36.36666666666667,258,AV,1,0,0,95,5168.6614957092925,,-36.36666666666667,"0,0,0,0","0,0,0"
41.8,74,AV,2,0,0,91,1301.8927857652438,,-41.8,"0,0,0,0","0,0,0"
31.2,178,AV,2,0,0,46,2835.850686157305,,-31.2,"0,0,0,0","0,0,0"
22.783333333333335,202,AV,2,0,0,6,3458.1247672483346,,-22.783333333333335,"0,0,0,0","0,0,0"
15.216666666666667,76,AV,1,0,0,6,1317.647826688136,,-15.216666666666667,"0,0,0,0","0,0,0"
33.233333333333334,157,AV,2,0,0,50,2302.618320259251,,-33.233333333333334,"0,0,0,0","0,0,0"
31.033333333333335,41,AV,1,0,0,65,912.6272274022258,,-31.033333333333335,"0,0,0,0","0,0,0"
27.85,30,AV,2,0,0,19,827.3783452591958,,-27.85,"0,0,0,0","0,0,0"
38.93333333333333,136,AV,2,0,0,64,2043.1688306873104,,-38.93333333333333,"0,0,0,0","0,0,0"
37.3,169,AV,2,0,0,65,2612.3907844155665,,-37.3,"0,0,0,0","0,0,0"
34.9,184,AV,1,0,0,86,2909.8477340427667,,-34.9,"0,0,0,0","0,0,0"
22.75,216,AV,1,0,0,34,3758.845856207275,,-22.75,"0,0,0,0","0,0,0"
43.516666666666666,91,AV,2,0,0,84,1475.2077210572677,,-43.516666666666666,"0,0,0,0","0,0,0"
33.583333333333336,226,AV,2,0,0,46,4015.909421979459,,-33.583333333333336,"0,0,0,0","0,0,0"
21.833333333333332,15,AV,1,0,0,29,616.3739675020589,,-21.833333333333332,"0,0,0,0","0,0,0"
39.68333333333333,154,AV,2,0,0,78,2260.56382504795,,-39.68333333333333,"0,0,0,0","0,0,0"
34.483333333333334,151,AV,2,0,0,62,2215.952556227922,,-34.483333333333334,"0,0,0,0","0,0,0"
29.35,119,AV,2,0,0,17,1805.1606101798543,,-29.35,"0,0,0,0","0,0,0"
16.85,132,AV,1,0,0,13,1993.780724220221,,-16.85,"0,0,0,0","0,0,0"
21.916666666666668,66,AV,2,0,0,1,1194.3606142611325,,-21.916666666666668,"0,0,0,0","0,0,0"
14.433333333333334,13,AV,1,0,0,8,610.4868582393152,,-14.433333333333334,"0,0,0,0","0,0,0"
44.85,122,AV,2,0,0,90,1824.367004680513,,-44.85,"0,0,0,0","0,0,0"
34.1,225,AV,1,0,0,90,3942.222625638348,,-34.1,"0,0,0,0","0,0,0"
25.7,110,AV,2,0,0,1,1684.196745492046,,-25.7,"0,0,0,0","0,0,0"
25.266666666666666,293,AV,2,0,0,12,13430.196447392702,,-25.266666666666666,"0,0,0,0","0,0,0"
34.6,125,AV,2,0,0,31,1885.557658153182,,-34.6,"0,0,0,0","0,0,0"
42.31666666666667,96,AV,2,0,0,84,1546.5147326922538,,-42.31666666666667,"0,0,0,0","0,0,0"
30.366666666666667,259,AV,1,0,0,75,5304.212874057136,,-30.366666666666667,"0,0,0,0","0,0,0"
35.666666666666664,231,AV,2,0,0,52,4223.122456076251,,-35.666666666666664,"0,0,0,0","0,0,0"
8.366666666666667,179,AV,0,0,0,11,2838.632091159661,,-8.366666666666667,"0,0,0,0","0,0,0"
24.066666666666666,72,AV,2,0,0,12,1291.2118623687816,,-24.066666666666666,"0,0,0,0","0,0,0"
30.616666666666667,159,AV,2,0,0,19,2397.5381966938494,,-30.616666666666667,"0,0,0,0","0,0,0"
34.81666666666667,114,AV,1,0,0,88,1778.835052690156,,-34.81666666666667,"0,0,0,0","0,0,0"
23.75,14,AV,2,0,0,1,615.3970356119416,,-23.75,"0,0,0,0","0,0,0"
34.88333333333333,40,AV,2,0,0,51,902.2448599555772,,-34.88333333333333,"0,0,0,0","0,0,0"
27.6,223,AV,2,0,0,18,3919.41152379869,,-27.6,"0,0,0,0","0,0,0"
34.9,1,AV,1,0,0,91,419.7646265090227,,-34.9,"0,0,0,0","0,0,0"
29.866666666666667,240,AV,1,0,0,71,4572.8741748457805,,-29.866666666666667,"0,0,0,0","0,0,0"
13.45,28,AV,1,0,0,4,813.126641713825,,-13.45,"0,0,0,0","0,0,0"
35.516666666666666,51,AV,2,0,0,56,968.7072844723906,,-35.516666666666666,"0,0,0,0","0,0,0"
23.583333333333332,145,AV,1,0,0,45,2123.4400354784907,,-23.583333333333332,"0,0,0,0","0,0,0"
33.56666666666667,35,AV,2,0,0,47,859.2772315809713,,-33.56666666666667,"0,0,0,0","0,0,0"
27.766666666666666,247,AV,2,0,0,4,4818.617258984985,,-27.766666666666666,"0,0,0,0","0,0,0"
37.45,155,AV,2,0,0,53,2276.662146114732,,-37.45,"0,0,0,0","0,0,0"
18.883333333333333,17,AV,1,0,0,26,632.5893922142865,,-18.883333333333333,"0,0,0,0","0,0,0"
40.166666666666664,25,AV,2,0,0,79,753.7709081553346,,-40.166666666666664,"0,0,0,0","0,0,0"
30.516666666666666,210,AV,2,0,0,28,3628.2404526711953,,-30.516666666666666,"0,0,0,0","0,0,0"
28.683333333333334,105,AV,2,0,0,27,1597.8734280578535,,-28.683333333333334,"0,0,0,0","0,0,0"
17.9,38,AV,1,0,0,12,877.2934597877683,,-17.9,"0,0,0,0","0,0,0"
16.466666666666665,59,AV,1,0,0,10,1040.734547163155,,-16.466666666666665,"0,0,0,0","0,0,0"
34.88333333333333,173,AV,2,0,0,58,2750.2432356670683,,-34.88333333333333,"0,0,0,0","0,0,0"
37.083333333333336,200,AV,2,0,0,71,3414.9419898187493,,-37.083333333333336,"0,0,0,0","0,0,0"
32.13333333333333,98,AV,1,0,0,79,1579.1767070066765,,-32.13333333333333,"0,0,0,0","0,0,0"
35.86666666666667,224,AV,2,0,0,61,3933.772930850901,,-35.86666666666667,"0,0,0,0","0,0,0"
34.65,153,AV,2,0,0,60,2225.3307045190536,,-34.65,"0,0,0,0","0,0,0"
20.05,291,AV,2,0,0,1,11185.875164713363,,-20.05,"0,0,0,0","0,0,0"
25.316666666666666,246,AV,2,0,0,7,4735.166802079286,,-25.316666666666666,"0,0,0,0","0,0,0"
23.85,97,AV,2,0,0,1,1567.0706205360798,,-23.85,"0,0,0,0","0,0,0"
13.45,142,AV,1,0,0,3,2105.6010448069283,,-13.45,"0,0,0,0","0,0,0"
28.583333333333332,266,AV,1,0,0,66,5557.427333357366,,-28.583333333333332,"0,0,0,0","0,0,0"
42.666666666666664,137,AV,2,0,0,86,2044.1603053436156,,-42.666666666666664,"0,0,0,0","0,0,0"
34.86666666666667,255,AV,2,0,0,38,5003.647877951615,,-34.86666666666667,"0,0,0,0","0,0,0"
32.53333333333333,195,AV,1,0,0,79,3274.575105225111,,-32.53333333333333,"0,0,0,0","0,0,0"
40.53333333333333,42,AV,2,0,0,61,923.9636394510808,,-40.53333333333333,"0,0,0,0","0,0,0"
30.016666666666666,93,AV,2,0,0,33,1517.942512651984,,-30.016666666666666,"0,0,0,0","0,0,0"
31.75,124,AV,2,0,0,27,1880.1756700095973,,-31.75,"0,0,0,0","0,0,0"
15.75,2,AV,1,0,0,3,449.0833195935783,,-15.75,"0,0,0,0","0,0,0"
42.63333333333333,253,AV,2,0,0,58,4951.479839002994,,-42.63333333333333,"0,0,0,0","0,0,0"
49.46666666666667,148,AV,2,0,0,94,2187.718469250836,,-49.46666666666667,"0,0,0,0","0,0,0"
40.9,296,AV,2,0,0,87,14312.770160915026,,-40.9,"0,0,0,0","0,0,0"
33.583333333333336,283,AV,1,0,0,84,8436.938288223368,,-33.583333333333336,"0,0,0,0","0,0,0"
26.6,87,AV,2,0,0,19,1460.106853854364,,-26.6,"0,0,0,0","0,0,0"
42.53333333333333,172,AV,2,0,0,74,2747.619709803412,,-42.53333333333333,"0,0,0,0","0,0,0"
35.9,233,AV,1,0,0,92,4266.216809230351,,-35.9,"0,0,0,0","0,0,0"
31.566666666666666,113,AV,2,0,0,26,1717.0377309640771,,-31.566666666666666,"0,0,0,0","0,0,0"
35.0,262,AV,1,0,0,96,5394.467136051333,,-35.0,"0,0,0,0","0,0,0"
37.3,90,AV,2,0,0,44,1474.807688008607,,-37.3,"0,0,0,0","0,0,0"
38.45,130,AV,2,0,0,58,1945.516475481125,,-38.45,"0,0,0,0","0,0,0"
22.1,49,AV,1,0,0,34,950.4213588862824,,-22.1,"0,0,0,0","0,0,0"
40.81666666666667,205,AV,2,0,0,82,3487.44186130441,,-40.81666666666667,"0,0,0,0","0,0,0"
43.71666666666667,133,AV,2,0,0,90,2011.9739719035176,,-43.71666666666667,"0,0,0,0","0,0,0"
39.31666666666667,250,AV,2,0,0,79,4889.272753955773,,-39.31666666666667,"0,0,0,0","0,0,0"
47.95,243,AV,2,0,0,95,4662.282088415262,,-47.95,"0,0,0,0","0,0,0"
29.783333333333335,138,AV,1,0,0,62,2052.607856914241,,-29.783333333333335,"0,0,0,0","0,0,0"
48.86666666666667,71,AV,2,0,0,99,1275.9312017726234,,-48.86666666666667,"0,0,0,0","0,0,0"
44.15,248,AV,2,0,0,85,4843.3187157075145,,-44.15,"0,0,0,0","0,0,0"
30.933333333333334,58,AV,2,0,0,24,1022.032321197676,,-30.933333333333334,"0,0,0,0","0,0,0"
39.4,33,AV,2,0,0,71,854.5785374972068,,-39.4,"0,0,0,0","0,0,0"
22.666666666666668,107,AV,1,0,0,34,1626.914224999384,,-22.666666666666668,"0,0,0,0","0,0,0"
30.266666666666666,61,AV,2,0,0,28,1074.3823512953045,,-30.266666666666666,"0,0,0,0","0,0,0"
37.31666666666667,0,AV,2,0,0,66,388.2787303527966,,-37.31666666666667,"0,0,0,0","0,0,0"
36.81666666666667,143,AV,2,0,0,56,2108.868816674547,,-36.81666666666667,"0,0,0,0","0,0,0"
23.633333333333333,19,AV,1,0,0,41,640.5426603936758,,-23.633333333333333,"0,0,0,0","0,0,0"
37.21666666666667,65,AV,2,0,0,59,1150.4391077840953,,-37.21666666666667,"0,0,0,0","0,0,0"
15.1,150,AV,1,0,0,4,2198.5025098873134,,-15.1,"0,0,0,0","0,0,0"
45.65,282,AV,2,0,0,92,8348.421721831439,,-45.65,"0,0,0,0","0,0,0"
34.9,83,AV,2,0,0,52,1434.2863071033526,,-34.9,"0,0,0,0","0,0,0"
25.2,214,AV,1,0,0,46,3724.6301341612702,,-25.2,"0,0,0,0","0,0,0"
29.95,10,AV,1,0,0,71,583.3206434887895,,-29.95,"0,0,0,0","0,0,0"
43.55,20,AV,2,0,0,92,646.5589615252754,,-43.55,"0,0,0,0","0,0,0"
30.266666666666666,12,AV,2,0,0,22,597.1498506777683,,-30.266666666666666,"0,0,0,0","0,0,0"
36.083333333333336,75,AV,2,0,0,58,1310.9401185904849,,-36.083333333333336,"0,0,0,0","0,0,0"
35.2,152,AV,2,0,0,29,2218.0502812558643,,-35.2,"0,0,0,0","0,0,0"
29.85,251,AV,1,0,0,70,4934.883137056144,,-29.85,"0,0,0,0","0,0,0"
45.68333333333333,289,AV,2,0,0,94,10838.007207066395,,-45.68333333333333,"0,0,0,0","0,0,0"
40.766666666666666,241,AV,2,0,0,80,4617.1597275219765,,-40.766666666666666,"0,0,0,0","0,0,0"
12.433333333333334,103,AV,1,0,0,2,1594.6992934726818,,-12.433333333333334,"0,0,0,0","0,0,0"
28.9,55,AV,2,0,0,29,1014.5614647146556,,-28.9,"0,0,0,0","0,0,0"
45.1,158,AV,2,0,0,95,2352.9451803313505,,-45.1,"0,0,0,0","0,0,0"
34.18333333333333,275,AV,2,0,0,33,7081.334819999852,,-34.18333333333333,"0,0,0,0","0,0,0"
44.733333333333334,77,AV,2,0,0,83,1323.5149786113286,,-44.733333333333334,"0,0,0,0","0,0,0"
43.166666666666664,272,AV,2,0,0,79,5985.732437913218,,-43.166666666666664,"0,0,0,0","0,0,0"
11.85,88,AV,0,0,0,24,1460.8215047913693,,-11.85,"0,0,0,0","0,0,0"
34.93333333333333,45,AV,2,0,0,43,943.1907669438916,,-34.93333333333333,"0,0,0,0","0,0,0"
43.81666666666667,80,AV,2,0,0,97,1391.0507319816634,,-43.81666666666667,"0,0,0,0","0,0,0"
32.45,160,AV,1,0,0,77,2401.1770329784995,,-32.45,"0,0,0,0","0,0,0"
28.55,197,AV,2,0,0,13,3361.758609282253,,-28.55,"0,0,0,0","0,0,0"
27.866666666666667,123,AV,2,0,0,10,1830.3424648913517,,-27.866666666666667,"0,0,0,0","0,0,0"
25.066666666666666,167,AV,2,0,0,0,2496.2043409386315,,-25.066666666666666,"0,0,0,0","0,0,0"
40.06666666666667,106,AV,2,0,0,89,1614.9493849180149,,-40.06666666666667,"0,0,0,0","0,0,0"
36.78333333333333,196,AV,2,0,0,23,3278.222126324269,,-36.78333333333333,"0,0,0,0","0,0,0"
28.283333333333335,192,AV,2,0,0,17,3230.862018062417,,-28.283333333333335,"0,0,0,0","0,0,0"
29.1,156,AV,2,0,0,14,2293.603195459698,,-29.1,"0,0,0,0","0,0,0"
46.86666666666667,22,AV,2,0,0,79,736.5379020629116,,-46.86666666666667,"0,0,0,0","0,0,0"
42.3,126,AV,2,0,0,81,1899.102970895097,,-42.3,"0,0,0,0","0,0,0"
23.466666666666665,164,AV,2,0,0,0,2436.431929205765,,-23.466666666666665,"0,0,0,0","0,0,0"
17.116666666666667,176,AV,1,0,0,15,2793.3389947689566,,-17.116666666666667,"0,0,0,0","0,0,0"
24.95,116,AV,1,0,0,51,1794.439334206041,,-24.95,"0,0,0,0","0,0,0"
43.21666666666667,168,AV,2,0,0,86,2520.757475212996,,-43.21666666666667,"0,0,0,0","0,0,0"
25.25,227,AV,1,0,0,55,4021.28082322038,,-25.25,"0,0,0,0","0,0,0"
29.716666666666665,92,AV,2,0,0,14,1507.5005543882637,,-29.716666666666665,"0,0,0,0","0,0,0"
22.766666666666666,43,AV,2,0,0,4,926.7012599248138,,-22.766666666666666,"0,0,0,0","0,0,0"
24.616666666666667,244,AV,2,0,0,0,4705.31956239884,,-24.616666666666667,"0,0,0,0","0,0,0"
26.5,242,AV,2,0,0,17,4656.548587392589,,-26.5,"0,0,0,0","0,0,0"
29.5,89,AV,1,0,0,64,1467.6871321740252,,-29.5,"0,0,0,0","0,0,0"
31.266666666666666,100,AV,2,0,0,46,1587.6148581174584,,-31.266666666666666,"0,0,0,0","0,0,0"
37.766666666666666,237,AV,2,0,0,75,4429.527615460413,,-37.766666666666666,"0,0,0,0","0,0,0"
24.866666666666667,26,AV,2,0,0,9,776.0711537761008,,-24.866666666666667,"0,0,0,0","0,0,0"
37.983333333333334,213,AV,2,0,0,50,3667.3634505223554,,-37.983333333333334,"0,0,0,0","0,0,0"
23.766666666666666,268,AV,1,0,0,43,5578.433439706214,,-23.766666666666666,"0,0,0,0","0,0,0"
39.233333333333334,46,AV,2,0,0,69,946.1123250925148,,-39.233333333333334,"0,0,0,0","0,0,0"
24.4,297,AV,1,0,0,43,17322.90883950548,,-24.4,"0,0,0,0","0,0,0"
37.416666666666664,270,AV,2,0,0,34,5862.871835726062,,-37.416666666666664,"0,0,0,0","0,0,0"
34.81666666666667,85,AV,2,0,0,44,1446.9812594843625,,-34.81666666666667,"0,0,0,0","0,0,0"
48.983333333333334,298,AV,2,0,0,98,18628.94525544202,,-48.983333333333334,"0,0,0,0","0,0,0"
38.766666666666666,62,AV,2,0,0,60,1117.0806745336297,,-38.766666666666666,"0,0,0,0","0,0,0"
24.516666666666666,5,AV,2,0,0,1,477.1303205766694,,-24.516666666666666,"0,0,0,0","0,0,0"
23.933333333333334,18,AV,2,0,0,9,636.6552097563458,,-23.933333333333334,"0,0,0,0","0,0,0"
36.333333333333336,190,AV,2,0,0,58,3031.4508351358254,,-36.333333333333336,"0,0,0,0","0,0,0"
24.55,292,AV,2,0,0,7,11662.42845360034,,-24.55,"0,0,0,0","0,0,0"
37.416666666666664,79,AV,2,0,0,43,1386.7650627050614,,-37.416666666666664,"0,0,0,0","0,0,0"
22.65,3,AV,2,0,0,4,457.16351791608827,,-22.65,"0,0,0,0","0,0,0"
31.65,39,AV,2,0,0,18,892.1845339920479,,-31.65,"0,0,0,0","0,0,0"
39.0,264,AV,2,0,0,72,5458.612723313221,,-39.0,"0,0,0,0","0,0,0"
22.083333333333332,56,AV,1,0,0,32,1017.530975349866,,-22.083333333333332,"0,0,0,0","0,0,0"
43.9,252,AV,2,0,0,86,4950.268578812107,,-43.9,"0,0,0,0","0,0,0"
37.21666666666667,222,AV,2,0,0,58,3882.59008652233,,-37.21666666666667,"0,0,0,0","0,0,0"
25.416666666666668,245,AV,1,0,0,59,4717.175795221327,,-25.416666666666668,"0,0,0,0","0,0,0"
38.75,273,AV,2,0,0,67,6434.117121135291,,-38.75,"0,0,0,0","0,0,0"
32.55,166,AV,1,0,0,89,2458.2611968747465,,-32.55,"0,0,0,0","0,0,0"
36.21666666666667,232,AV,2,0,0,69,4245.708624069837,,-36.21666666666667,"0,0,0,0","0,0,0"
38.516666666666666,81,AV,2,0,0,78,1404.912317929139,,-38.516666666666666,"0,0,0,0","0,0,0"
24.25,57,AV,2,0,0,8,1020.7360413649084,,-24.25,"0,0,0,0","0,0,0"
17.683333333333334,191,AV,1,0,0,16,3032.1279287666234,,-17.683333333333334,"0,0,0,0","0,0,0"
37.733333333333334,108,AV,2,0,0,68,1635.9686818612918,,-37.733333333333334,"0,0,0,0","0,0,0"
25.8,212,AV,1,0,0,59,3651.018124108644,,-25.8,"0,0,0,0","0,0,0"
29.016666666666666,257,AV,2,0,0,31,5051.78348307234,,-29.016666666666666,"0,0,0,0","0,0,0"
37.65,69,AV,2,0,0,70,1240.6560786390864,,-37.65,"0,0,0,0","0,0,0"
22.4,112,AV,1,0,0,41,1716.9764066453156,,-22.4,"0,0,0,0","0,0,0"
25.233333333333334,24,AV,1,0,0,52,753.5670156580491,,-25.233333333333334,"0,0,0,0","0,0,0"
33.516666666666666,50,AV,2,0,0,54,954.0002559944874,,-33.516666666666666,"0,0,0,0","0,0,0"
26.616666666666667,54,AV,2,0,0,9,985.8695826897422,,-26.616666666666667,"0,0,0,0","0,0,0"
36.916666666666664,163,AV,2,0,0,41,2421.0391237858234,,-36.916666666666664,"0,0,0,0","0,0,0"
46.38333333333333,230,AV,2,0,0,99,4200.245935785981,,-46.38333333333333,"0,0,0,0","0,0,0"
44.983333333333334,128,AV,2,0,0,75,1927.298426803608,,-44.983333333333334,"0,0,0,0","0,0,0"
20.5,208,AV,0,0,0,60,3564.273841812899,,-20.5,"0,0,0,0","0,0,0"
27.116666666666667,104,AV,2,0,0,18,1596.1763216794554,,-27.116666666666667,"0,0,0,0","0,0,0"
38.233333333333334,280,AV,2,0,0,77,8139.327108000771,,-38.233333333333334,"0,0,0,0","0,0,0"
35.35,144,AV,1,0,0,92,2113.1349678504243,,-35.35,"0,0,0,0","0,0,0"
41.65,170,AV,2,0,0,71,2629.980017260476,,-41.65,"0,0,0,0","0,0,0"
28.616666666666667,209,AV,2,0,0,27,3580.4564780460023,,-28.616666666666667,"0,0,0,0","0,0,0"
22.233333333333334,281,AV,1,0,0,38,8333.728817076937,,-22.233333333333334,"0,0,0,0","0,0,0"
36.81666666666667,37,AV,1,0,0,97,873.8892656114449,,-36.81666666666667,"0,0,0,0","0,0,0"
38.71666666666667,162,AV,2,0,0,63,2411.397471856681,,-38.71666666666667,"0,0,0,0","0,0,0"
37.21666666666667,217,AV,2,0,0,60,3759.463069718096,,-37.21666666666667,"0,0,0,0","0,0,0"
11.783333333333333,207,AV,1,0,0,2,3531.3895067900216,,-11.783333333333333,"0,0,0,0","0,0,0"
34.45,21,AV,2,0,0,47,676.2529471816457,,-34.45,"0,0,0,0","0,0,0"
38.3,32,AV,2,0,0,76,849.0657401736111,,-38.3,"0,0,0,0","0,0,0"
22.766666666666666,267,AV,2,0,0,6,5568.958209200236,,-22.766666666666666,"0,0,0,0","0,0,0"
30.233333333333334,82,AV,1,0,0,65,1421.705549214182,,-30.233333333333334,"0,0,0,0","0,0,0"
24.1,115,AV,2,0,0,7,1782.711710770346,,-24.1,"0,0,0,0","0,0,0"
23.066666666666666,203,AV,1,0,0,43,3465.4556083993225,,-23.066666666666666,"0,0,0,0","0,0,0"
46.516666666666666,165,AV,2,0,0,95,2456.6540037696086,,-46.516666666666666,"0,0,0,0","0,0,0"
18.483333333333334,215,AV,0,0,0,55,3742.7752140142647,,-18.483333333333334,"0,0,0,0","0,0,0"
30.6,139,AV,2,0,0,36,2078.9202215407213,,-30.6,"0,0,0,0","0,0,0"
11.783333333333333,234,AV,1,0,0,2,4304.4895651906745,,-11.783333333333333,"0,0,0,0","0,0,0"
15.766666666666667,117,AV,1,0,0,12,1797.659883656486,,-15.766666666666667,"0,0,0,0","0,0,0"
46.416666666666664,288,AV,2,0,0,94,10450.70686878338,,-46.416666666666664,"0,0,0,0","0,0,0"
42.266666666666666,260,AV,2,0,0,90,5307.329693361759,,-42.266666666666666,"0,0,0,0","0,0,0"
24.8,220,AV,2,0,0,5,3863.855435177377,,-24.8,"0,0,0,0","0,0,0"
25.4,135,AV,0,0,0,80,2035.9911412414244,,-25.4,"0,0,0,0","0,0,0"
46.68333333333333,78,AV,2,0,0,97,1338.7213376931895,,-46.68333333333333,"0,0,0,0","0,0,0"
37.85,276,AV,2,0,0,61,7099.697064525982,,-37.85,"0,0,0,0","0,0,0"
18.516666666666666,175,AV,1,0,0,16,2767.495209174315,,-18.516666666666666,"0,0,0,0","0,0,0"
37.0,177,AV,2,0,0,53,2813.5576138103806,,-37.0,"0,0,0,0","0,0,0"
29.833333333333332,294,AV,1,0,0,75,13748.957190518822,,-29.833333333333332,"0,0,0,0","0,0,0"
44.18333333333333,286,AV,2,0,0,93,8987.822610831106,,-44.18333333333333,"0,0,0,0","0,0,0"
26.8,239,AV,1,0,0,54,4459.768546990965,,-26.8,"0,0,0,0","0,0,0"
26.45,271,AV,2,0,0,12,5912.288420941998,,-26.45,"0,0,0,0","0,0,0"
23.333333333333332,211,AV,1,0,0,40,3630.005597296026,,-23.333333333333332,"0,0,0,0","0,0,0"
33.233333333333334,118,AV,2,0,0,48,1804.2001824470888,,-33.233333333333334,"0,0,0,0","0,0,0"
23.2,140,AV,2,0,0,6,2088.64210540395,,-23.2,"0,0,0,0","0,0,0"
35.916666666666664,101,AV,2,0,0,56,1588.8002265047048,,-35.916666666666664,"0,0,0,0","0,0,0"
45.53333333333333,70,AV,2,0,0,93,1244.4027248274256,,-45.53333333333333,"0,0,0,0","0,0,0"
14.1,290,AV,1,0,0,6,11049.706566164488,,-14.1,"0,0,0,0","0,0,0"
23.833333333333332,285,AV,2,0,0,9,8689.506535985933,,-23.833333333333332,"0,0,0,0","0,0,0"
42.05,68,AV,2,0,0,79,1234.5997004771,,-42.05,"0,0,0,0","0,0,0"
47.15,44,AV,2,0,0,96,938.3100494872764,,-47.15,"0,0,0,0","0,0,0"
38.31666666666667,102,AV,2,0,0,69,1592.6375082496468,,-38.31666666666667,"0,0,0,0","0,0,0"
30.65,180,AV,1,0,0,76,2853.537244729806,,-30.65,"0,0,0,0","0,0,0"
37.8,279,AV,2,0,0,68,7592.14370769901,,-37.8,"0,0,0,0","0,0,0"
28.283333333333335,256,AV,2,0,0,5,5009.92015912814,,-28.283333333333335,"0,0,0,0","0,0,0"
44.78333333333333,182,AV,2,0,0,91,2872.269398564857,,-44.78333333333333,"0,0,0,0","0,0,0"
36.333333333333336,53,AV,1,0,0,97,979.5720138781878,,-36.333333333333336,"0,0,0,0","0,0,0"
24.566666666666666,181,AV,2,0,0,8,2857.712092786687,,-24.566666666666666,"0,0,0,0","0,0,0"
25.333333333333332,63,AV,2,0,0,3,1129.1321270070612,,-25.333333333333332,"0,0,0,0","0,0,0"
25.683333333333334,16,AV,2,0,0,18,626.2908344343901,,-25.683333333333334,"0,0,0,0","0,0,0"
28.4,284,AV,2,0,0,30,8493.635575370567,,-28.4,"0,0,0,0","0,0,0"
34.166666666666664,204,AV,2,0,0,52,3476.696831582168,,-34.166666666666664,"0,0,0,0","0,0,0"
22.75,221,AV,2,0,0,3,3866.930621896856,,-22.75,"0,0,0,0","0,0,0"
24.983333333333334,274,AV,2,0,0,8,6995.337061486569,,-24.983333333333334,"0,0,0,0","0,0,0"
24.8,219,AV,1,0,0,54,3778.090807703549,,-24.8,"0,0,0,0","0,0,0"
18.8,29,AV,1,0,0,24,822.5771428470101,,-18.8,"0,0,0,0","0,0,0"
29.716666666666665,95,AV,2,0,0,9,1541.4014724042315,,-29.716666666666665,"0,0,0,0","0,0,0"
43.25,206,AV,2,0,0,90,3523.1638559153366,,-43.25,"0,0,0,0","0,0,0"
37.78333333333333,11,AV,2,0,0,63,588.8906571209208,,-37.78333333333333,"0,0,0,0","0,0,0"
34.1,64,AV,2,0,0,41,1135.438045570021,,-34.1,"0,0,0,0","0,0,0"
19.566666666666666,218,AV,1,0,0,30,3773.692032315799,,-19.566666666666666,"0,0,0,0","0,0,0"
45.083333333333336,48,AV,2,0,0,97,948.3478854920526,,-45.083333333333336,"0,0,0,0","0,0,0"
28.583333333333332,287,AV,2,0,0,26,10071.894878668398,,-28.583333333333332,"0,0,0,0","0,0,0"
26.25,4,AV,2,0,0,7,473.5024380788758,,-26.25,"0,0,0,0","0,0,0"
32.06666666666667,228,AV,2,0,0,19,4113.319853961603,,-32.06666666666667,"0,0,0,0","0,0,0"
37.0,249,AV,2,0,0,65,4864.205776554158,,-37.0,"0,0,0,0","0,0,0"
23.6,229,AV,1,0,0,41,4159.866430607663,,-23.6,"0,0,0,0","0,0,0"
24.2,295,AV,1,0,0,52,14297.77376075636,,-24.2,"0,0,0,0","0,0,0"
23.783333333333335,120,AV,2,0,0,9,1809.16611953512,,-23.783333333333335,"0,0,0,0","0,0,0"
32.35,189,AV,2,0,0,7,3024.224513765153,,-32.35,"0,0,0,0","0,0,0"
31.466666666666665,188,AV,2,0,0,28,2971.291490045772,,-31.466666666666665,"0,0,0,0","0,0,0"
29.1,186,AV,2,0,0,26,2965.4163440895786,,-29.1,"0,0,0,0","0,0,0"
25.066666666666666,129,AV,2,0,0,14,1929.5758599688188,,-25.066666666666666,"0,0,0,0","0,0,0"
35.86666666666667,67,AV,1,0,0,91,1200.7903182940884,,-35.86666666666667,"0,0,0,0","0,0,0"
49.35,238,AV,2,0,0,91,4446.537177105173,,-49.35,"0,0,0,0","0,0,0"
38.15,86,AV,2,0,0,64,1457.5875839824732,,-38.15,"0,0,0,0","0,0,0"
43.06666666666667,7,AV,2,0,0,86,541.9839687696077,,-43.06666666666667,"0,0,0,0","0,0,0"
17.783333333333335,171,AV,1,0,0,13,2744.8905386527767,,-17.783333333333335,"0,0,0,0","0,0,0"
19.2,299,AV,1,0,0,28,20793.30768626012,,-19.2,"0,0,0,0","0,0,0"
19.083333333333332,127,AV,1,0,0,16,1921.5023446668008,,-19.083333333333332,"0,0,0,0","0,0,0"
15.183333333333334,141,AV,1,0,0,8,2105.159940183184,,-15.183333333333334,"0,0,0,0","0,0,0"
35.31666666666667,36,AV,1,0,0,88,863.3540159882258,,-35.31666666666667,"0,0,0,0","0,0,0"
44.75,254,AV,2,0,0,95,4968.170350229253,,-44.75,"0,0,0,0","0,0,0"
32.75,261,AV,2,0,0,44,5370.167679594476,,-32.75,"0,0,0,0","0,0,0"
41.55,60,AV,2,0,0,72,1062.4074567339185,,-41.55,"0,0,0,0","0,0,0"
34.11666666666667,277,AV,2,0,0,34,7128.986247371214,,-34.11666666666667,"0,0,0,0","0,0,0"
23.333333333333332,263,AV,2,0,0,1,5427.330032863625,,-23.333333333333332,"0,0,0,0","0,0,0"
18.466666666666665,269,AV,1,0,0,24,5702.616109653807,,-18.466666666666665,"0,0,0,0","0,0,0"
45.15,147,AV,2,0,0,97,2158.6935677652164,,-45.15,"0,0,0,0","0,0,0"
35.75,193,AV,2,0,0,39,3236.647802754315,,-35.75,"0,0,0,0","0,0,0"
40.016666666666666,111,AV,2,0,0,67,1697.366940102563,,-40.016666666666666,"0,0,0,0","0,0,0"
17.7,52,AV,1,0,0,10,978.4447105201264,,-17.7,"0,0,0,0","0,0,0"
47.38333333333333,9,AV,2,0,0,91,567.9518330451218,,-47.38333333333333,"0,0,0,0","0,0,0"
47.4,185,AV,2,0,0,100,2953.464044858564,,-47.4,"0,0,0,0","0,0,0"
29.316666666666666,34,AV,2,0,0,22,857.6590975250949,,-29.316666666666666,"0,0,0,0","0,0,0"
37.916666666666664,73,AV,2,0,0,69,1293.252850487379,,-37.916666666666664,"0,0,0,0","0,0,0"
36.03333333333333,134,AV,2,0,0,59,2022.4315636845977,,-36.03333333333333,"0,0,0,0","0,0,0"
18.316666666666666,194,AV,1,0,0,19,3256.7228478661937,,-18.316666666666666,"0,0,0,0","0,0,0"
42.93333333333333,161,AV,2,0,0,85,2403.836358207942,,-42.93333333333333,"0,0,0,0","0,0,0"
28.3,236,AV,1,0,0,68,4412.688598555705,,-28.3,"0,0,0,0","0,0,0"
22.15,8,AV,1,0,0,30,566.7055292848979,,-22.15,"0,0,0,0","0,0,0"
18.316666666666666,146,AV,1,0,0,15,2133.445027811215,,-18.316666666666666,"0,0,0,0","0,0,0"
31.366666666666667,201,AV,2,0,0,29,3438.9188747307694,,-31.366666666666667,"0,0,0,0","0,0,0"
34.71666666666667,27,AV,1,0,0,93,801.7987355487146,,-34.71666666666667,"0,0,0,0","0,0,0"
35.78333333333333,31,AV,1,0,0,97,845.7864251007381,,-35.78333333333333,"0,0,0,0","0,0,0"
34.516666666666666,47,AV,2,0,0,33,946.2003450753726,,-34.516666666666666,"0,0,0,0","0,0,0"
22.883333333333333,23,AV,1,0,0,34,741.34301771214,,-22.883333333333333,"0,0,0,0","0,0,0"
29.916666666666668,265,AV,2,0,0,11,5502.789496653042,,-29.916666666666668,"0,0,0,0","0,0,0"
37.53333333333333,183,AV,2,0,0,66,2891.134206742707,,-37.53333333333333,"0,0,0,0","0,0,0"
