travel_time,id,kind,action,origin,destination,start_time,income,urgency,reward,observation,cost_table
27.433333333333334,109,AV,1,0,0,37,1659.6531244520008,,-27.433333333333334,"0,0,0,0","0,0,0"
50.31666666666667,84,AV,1,0,0,94,1444.5182772575097,,-50.31666666666667,"0,0,0,0","0,0,0"
14.633333333333333,174,AV,1,0,0,4,2758.442965787371,,-14.633333333333333,"0,0,0,0","0,0,0"
28.483333333333334,6,AV,1,0,0,40,508.6019702527906,,-28.483333333333334,"0,0,0,0","0,0,0"
17.516666666666666,121,AV,1,0,0,18,1822.2981036688468,,-17.516666666666666,"0,0,0,0","0,0,0"
16.85,235,AV,1,0,0,12,4381.240268036911,,-16.85,"0,0,0,0","0,0,0"
49.416666666666664,131,AV,1,0,0,91,1975.501985353583,,-49.416666666666664,"0,0,0,0","0,0,0"
37.18333333333333,187,AV,1,0,0,63,2968.817229463249,,-37.18333333333333,"0,0,0,0","0,0,0"
43.0,278,AV,1,0,0,77,7332.887514065835,,-43.0,"0,0,0,0","0,0,0"
31.733333333333334,199,AV,1,0,0,50,3387.2787239910285,,-31.733333333333334,"0,0,0,0","0,0,0"
39.68333333333333,99,AV,1,0,0,70,1581.4824060924602,,-39.68333333333333,"0,0,0,0","0,0,0"
24.55,149,AV,1,0,0,28,2193.4249838744518,,-24.55,"0,0,0,0","0,0,0"
23.633333333333333,94,AV,1,0,0,26,1519.7273932229994,,-23.633333333333333,"0,0,0,0","0,0,0"
29.233333333333334,198,AV,1,0,0,43,3366.895459871004,,-29.233333333333334,"0,0,0,0","0,0,0"
31.183333333333334,258,AV,1,0,0,45,5168.6614957092925,,-31.183333333333334,"0,0,0,0","0,0,0"
31.183333333333334,74,AV,1,0,0,47,1301.8927857652438,,-31.183333333333334,"0,0,0,0","0,0,0"
17.3,178,AV,1,0,0,14,2835.850686157305,,-17.3,"0,0,0,0","0,0,0"
14.666666666666666,202,AV,1,0,0,4,3458.1247672483346,,-14.666666666666666,"0,0,0,0","0,0,0"
30.3,76,AV,1,0,0,40,1317.647826688136,,-30.3,"0,0,0,0","0,0,0"
22.716666666666665,157,AV,1,0,0,25,2302.618320259251,,-22.716666666666665,"0,0,0,0","0,0,0"
33.61666666666667,41,AV,1,0,0,50,912.6272274022258,,-33.61666666666667,"0,0,0,0","0,0,0"
43.68333333333333,30,AV,1,0,0,78,827.3783452591958,,-43.68333333333333,"0,0,0,0","0,0,0"
52.61666666666667,136,AV,1,0,0,100,2043.1688306873104,,-52.61666666666667,"0,0,0,0","0,0,0"
41.95,169,AV,1,0,0,74,2612.3907844155665,,-41.95,"0,0,0,0","0,0,0"
14.316666666666666,184,AV,1,0,0,4,2909.8477340427667,,-14.316666666666666,"0,0,0,0","0,0,0"
38.95,216,AV,2,0,0,54,3758.845856207275,,-38.95,"0,0,0,0","0,0,0"
51.7,91,AV,1,0,0,95,1475.2077210572677,,-51.7,"0,0,0,0","0,0,0"
29.516666666666666,226,AV,1,0,0,42,4015.909421979459,,-29.516666666666666,"0,0,0,0","0,0,0"
51.95,15,AV,1,0,0,96,616.3739675020589,,-51.95,"0,0,0,0","0,0,0"
21.116666666666667,154,AV,1,0,0,23,2260.56382504795,,-21.116666666666667,"0,0,0,0","0,0,0"
35.46666666666667,151,AV,1,0,0,56,2215.952556227922,,-35.46666666666667,"0,0,0,0","0,0,0"
44.8,119,AV,1,0,0,82,1805.1606101798543,,-44.8,"0,0,0,0","0,0,0"
32.78333333333333,132,AV,1,0,0,50,1993.780724220221,,-32.78333333333333,"0,0,0,0","0,0,0"
36.13333333333333,66,AV,1,0,0,59,1194.3606142611325,,-36.13333333333333,"0,0,0,0","0,0,0"
20.4,13,AV,1,0,0,20,610.4868582393152,,-20.4,"0,0,0,0","0,0,0"
14.85,122,AV,1,0,0,5,1824.367004680513,,-14.85,"0,0,0,0","0,0,0"
26.033333333333335,225,AV,1,0,0,35,3942.222625638348,,-26.033333333333335,"0,0,0,0","0,0,0"
22.2,110,AV,1,0,0,24,1684.196745492046,,-22.2,"0,0,0,0","0,0,0"
38.46666666666667,293,AV,1,0,0,57,13430.196447392702,,-38.46666666666667,"0,0,0,0","0,0,0"
28.033333333333335,125,AV,1,0,0,38,1885.557658153182,,-28.033333333333335,"0,0,0,0","0,0,0"
52.0,96,AV,1,0,0,98,1546.5147326922538,,-52.0,"0,0,0,0","0,0,0"
15.65,259,AV,1,0,0,9,5304.212874057136,,-15.65,"0,0,0,0","0,0,0"
21.3,231,AV,1,0,0,22,4223.122456076251,,-21.3,"0,0,0,0","0,0,0"
26.333333333333332,179,AV,1,0,0,38,2838.632091159661,,-26.333333333333332,"0,0,0,0","0,0,0"
48.35,72,AV,1,0,0,85,1291.2118623687816,,-48.35,"0,0,0,0","0,0,0"
14.033333333333333,159,AV,1,0,0,1,2397.5381966938494,,-14.033333333333333,"0,0,0,0","0,0,0"
22.266666666666666,114,AV,2,0,0,3,1778.835052690156,,-22.266666666666666,"0,0,0,0","0,0,0"
22.966666666666665,14,AV,1,0,0,25,615.3970356119416,,-22.966666666666665,"0,0,0,0","0,0,0"
41.93333333333333,40,AV,1,0,0,74,902.2448599555772,,-41.93333333333333,"0,0,0,0","0,0,0"
46.35,223,AV,1,0,0,84,3919.41152379869,,-46.35,"0,0,0,0","0,0,0"
22.733333333333334,1,AV,1,0,0,27,419.7646265090227,,-22.733333333333334,"0,0,0,0","0,0,0"
39.03333333333333,240,AV,1,0,0,65,4572.8741748457805,,-39.03333333333333,"0,0,0,0","0,0,0"
38.28333333333333,28,AV,1,0,0,66,813.126641713825,,-38.28333333333333,"0,0,0,0","0,0,0"
27.416666666666668,51,AV,1,0,0,40,968.7072844723906,,-27.416666666666668,"0,0,0,0","0,0,0"
46.56666666666667,145,AV,1,0,0,83,2123.4400354784907,,-46.56666666666667,"0,0,0,0","0,0,0"
28.45,35,AV,1,0,0,39,859.2772315809713,,-28.45,"0,0,0,0","0,0,0"
46.43333333333333,247,AV,1,0,0,81,4818.617258984985,,-46.43333333333333,"0,0,0,0","0,0,0"
35.5,155,AV,1,0,0,57,2276.662146114732,,-35.5,"0,0,0,0","0,0,0"
43.25,17,AV,1,0,0,74,632.5893922142865,,-43.25,"0,0,0,0","0,0,0"
33.93333333333333,25,AV,1,0,0,51,753.7709081553346,,-33.93333333333333,"0,0,0,0","0,0,0"
15.4,210,AV,1,0,0,8,3628.2404526711953,,-15.4,"0,0,0,0","0,0,0"
35.31666666666667,105,AV,2,0,0,55,1597.8734280578535,,-35.31666666666667,"0,0,0,0","0,0,0"
35.86666666666667,38,AV,2,0,0,63,877.2934597877683,,-35.86666666666667,"0,0,0,0","0,0,0"
29.6,59,AV,1,0,0,43,1040.734547163155,,-29.6,"0,0,0,0","0,0,0"
18.816666666666666,173,AV,1,0,0,17,2750.2432356670683,,-18.816666666666666,"0,0,0,0","0,0,0"
34.233333333333334,200,AV,1,0,0,54,3414.9419898187493,,-34.233333333333334,"0,0,0,0","0,0,0"
20.85,98,AV,1,0,0,20,1579.1767070066765,,-20.85,"0,0,0,0","0,0,0"
43.05,224,AV,1,0,0,77,3933.772930850901,,-43.05,"0,0,0,0","0,0,0"
13.616666666666667,153,AV,1,0,0,0,2225.3307045190536,,-13.616666666666667,"0,0,0,0","0,0,0"
37.6,291,AV,1,0,0,64,11185.875164713363,,-37.6,"0,0,0,0","0,0,0"
31.216666666666665,246,AV,1,0,0,50,4735.166802079286,,-31.216666666666665,"0,0,0,0","0,0,0"
52.21666666666667,97,AV,1,0,0,98,1567.0706205360798,,-52.21666666666667,"0,0,0,0","0,0,0"
30.566666666666666,142,AV,1,0,0,45,2105.6010448069283,,-30.566666666666666,"0,0,0,0","0,0,0"
46.65,266,AV,1,0,0,85,5557.427333357366,,-46.65,"0,0,0,0","0,0,0"
52.56666666666667,137,AV,1,0,0,99,2044.1603053436156,,-52.56666666666667,"0,0,0,0","0,0,0"
43.666666666666664,255,AV,2,0,0,100,5003.647877951615,,-43.666666666666664,"0,0,0,0","0,0,0"
20.333333333333332,195,AV,1,0,0,22,3274.575105225111,,-20.333333333333332,"0,0,0,0","0,0,0"
46.65,42,AV,1,0,0,82,923.9636394510808,,-46.65,"0,0,0,0","0,0,0"
35.68333333333333,93,AV,2,0,0,67,1517.942512651984,,-35.68333333333333,"0,0,0,0","0,0,0"
13.616666666666667,124,AV,1,0,0,3,1880.1756700095973,,-13.616666666666667,"0,0,0,0","0,0,0"
46.71666666666667,2,AV,2,0,0,93,449.0833195935783,,-46.71666666666667,"0,0,0,0","0,0,0"
22.233333333333334,253,AV,1,0,0,25,4951.479839002994,,-22.233333333333334,"0,0,0,0","0,0,0"
34.15,148,AV,1,0,0,52,2187.718469250836,,-34.15,"0,0,0,0","0,0,0"
52.416666666666664,296,AV,1,0,0,98,14312.770160915026,,-52.416666666666664,"0,0,0,0","0,0,0"
39.0,283,AV,1,0,0,68,8436.938288223368,,-39.0,"0,0,0,0","0,0,0"
31.083333333333332,87,AV,1,0,0,46,1460.106853854364,,-31.083333333333332,"0,0,0,0","0,0,0"
31.933333333333334,172,AV,2,0,0,48,2747.619709803412,,-31.933333333333334,"0,0,0,0","0,0,0"
40.63333333333333,233,AV,1,0,0,72,4266.216809230351,,-40.63333333333333,"0,0,0,0","0,0,0"
51.88333333333333,113,AV,1,0,0,97,1717.0377309640771,,-51.88333333333333,"0,0,0,0","0,0,0"
15.533333333333333,262,AV,1,0,0,7,5394.467136051333,,-15.533333333333333,"0,0,0,0","0,0,0"
40.05,90,AV,1,0,0,69,1474.807688008607,,-40.05,"0,0,0,0","0,0,0"
40.733333333333334,130,AV,1,0,0,71,1945.516475481125,,-40.733333333333334,"0,0,0,0","0,0,0"
40.81666666666667,49,AV,2,0,0,83,950.4213588862824,,-40.81666666666667,"0,0,0,0","0,0,0"
34.18333333333333,205,AV,1,0,0,53,3487.44186130441,,-34.18333333333333,"0,0,0,0","0,0,0"
17.666666666666668,133,AV,1,0,0,15,2011.9739719035176,,-17.666666666666668,"0,0,0,0","0,0,0"
14.8,250,AV,1,0,0,3,4889.272753955773,,-14.8,"0,0,0,0","0,0,0"
40.166666666666664,243,AV,1,0,0,71,4662.282088415262,,-40.166666666666664,"0,0,0,0","0,0,0"
34.166666666666664,138,AV,1,0,0,52,2052.607856914241,,-34.166666666666664,"0,0,0,0","0,0,0"
50.13333333333333,71,AV,1,0,0,91,1275.9312017726234,,-50.13333333333333,"0,0,0,0","0,0,0"
49.483333333333334,248,AV,1,0,0,91,4843.3187157075145,,-49.483333333333334,"0,0,0,0","0,0,0"
25.583333333333332,58,AV,1,0,0,32,1022.032321197676,,-25.583333333333332,"0,0,0,0","0,0,0"
52.55,33,AV,1,0,0,93,854.5785374972068,,-52.55,"0,0,0,0","0,0,0"
16.483333333333334,107,AV,1,0,0,3,1626.914224999384,,-16.483333333333334,"0,0,0,0","0,0,0"
29.233333333333334,61,AV,1,0,0,41,1074.3823512953045,,-29.233333333333334,"0,0,0,0","0,0,0"
48.166666666666664,0,AV,1,0,0,90,388.2787303527966,,-48.166666666666664,"0,0,0,0","0,0,0"
19.566666666666666,143,AV,1,0,0,19,2108.868816674547,,-19.566666666666666,"0,0,0,0","0,0,0"
22.983333333333334,19,AV,1,0,0,27,640.5426603936758,,-22.983333333333334,"0,0,0,0","0,0,0"
21.733333333333334,65,AV,1,0,0,25,1150.4391077840953,,-21.733333333333334,"0,0,0,0","0,0,0"
36.483333333333334,150,AV,1,0,0,64,2198.5025098873134,,-36.483333333333334,"0,0,0,0","0,0,0"
44.916666666666664,282,AV,2,0,0,98,8348.421721831439,,-44.916666666666664,"0,0,0,0","0,0,0"
16.75,83,AV,1,0,0,13,1434.2863071033526,,-16.75,"0,0,0,0","0,0,0"
24.683333333333334,214,AV,1,0,0,33,3724.6301341612702,,-24.683333333333334,"0,0,0,0","0,0,0"
24.6,10,AV,1,0,0,32,583.3206434887895,,-24.6,"0,0,0,0","0,0,0"
17.383333333333333,20,AV,1,0,0,15,646.5589615252754,,-17.383333333333333,"0,0,0,0","0,0,0"
46.86666666666667,12,AV,1,0,0,84,597.1498506777683,,-46.86666666666667,"0,0,0,0","0,0,0"
52.25,75,AV,1,0,0,98,1310.9401185904849,,-52.25,"0,0,0,0","0,0,0"
48.21666666666667,152,AV,1,0,0,87,2218.0502812558643,,-48.21666666666667,"0,0,0,0","0,0,0"
39.0,251,AV,1,0,0,64,4934.883137056144,,-39.0,"0,0,0,0","0,0,0"
16.216666666666665,289,AV,1,0,0,6,10838.007207066395,,-16.216666666666665,"0,0,0,0","0,0,0"
38.0,241,AV,1,0,0,63,4617.1597275219765,,-38.0,"0,0,0,0","0,0,0"
14.6,103,AV,1,0,0,1,1594.6992934726818,,-14.6,"0,0,0,0","0,0,0"
24.9,55,AV,1,0,0,31,1014.5614647146556,,-24.9,"0,0,0,0","0,0,0"
14.183333333333334,158,AV,1,0,0,2,2352.9451803313505,,-14.183333333333334,"0,0,0,0","0,0,0"
20.316666666666666,275,AV,1,0,0,19,7081.334819999852,,-20.316666666666666,"0,0,0,0","0,0,0"
35.06666666666667,77,AV,1,0,0,53,1323.5149786113286,,-35.06666666666667,"0,0,0,0","0,0,0"
37.333333333333336,272,AV,1,0,0,65,5985.732437913218,,-37.333333333333336,"0,0,0,0","0,0,0"
48.63333333333333,88,AV,1,0,0,87,1460.8215047913693,,-48.63333333333333,"0,0,0,0","0,0,0"
43.85,45,AV,1,0,0,80,943.1907669438916,,-43.85,"0,0,0,0","0,0,0"
32.28333333333333,80,AV,1,0,0,48,1391.0507319816634,,-32.28333333333333,"0,0,0,0","0,0,0"
21.766666666666666,160,AV,1,0,0,22,2401.1770329784995,,-21.766666666666666,"0,0,0,0","0,0,0"
24.5,197,AV,1,0,0,30,3361.758609282253,,-24.5,"0,0,0,0","0,0,0"
21.483333333333334,123,AV,1,0,0,24,1830.3424648913517,,-21.483333333333334,"0,0,0,0","0,0,0"
49.916666666666664,167,AV,1,0,0,91,2496.2043409386315,,-49.916666666666664,"0,0,0,0","0,0,0"
35.96666666666667,106,AV,2,0,0,55,1614.9493849180149,,-35.96666666666667,"0,0,0,0","0,0,0"
26.05,196,AV,1,0,0,37,3278.222126324269,,-26.05,"0,0,0,0","0,0,0"
13.1,192,AV,1,0,0,3,3230.862018062417,,-13.1,"0,0,0,0","0,0,0"
49.9,156,AV,1,0,0,92,2293.603195459698,,-49.9,"0,0,0,0","0,0,0"
39.516666666666666,22,AV,1,0,0,67,736.5379020629116,,-39.516666666666666,"0,0,0,0","0,0,0"
38.2,126,AV,2,0,0,78,1899.102970895097,,-38.2,"0,0,0,0","0,0,0"
26.4,164,AV,1,0,0,33,2436.431929205765,,-26.4,"0,0,0,0","0,0,0"
45.45,176,AV,1,0,0,79,2793.3389947689566,,-45.45,"0,0,0,0","0,0,0"
16.05,116,AV,1,0,0,8,1794.439334206041,,-16.05,"0,0,0,0","0,0,0"
39.68333333333333,168,AV,2,0,0,80,2520.757475212996,,-39.68333333333333,"0,0,0,0","0,0,0"
30.8,227,AV,1,0,0,46,4021.28082322038,,-30.8,"0,0,0,0","0,0,0"
45.583333333333336,92,AV,1,0,0,83,1507.5005543882637,,-45.583333333333336,"0,0,0,0","0,0,0"
16.85,43,AV,1,0,0,8,926.7012599248138,,-16.85,"0,0,0,0","0,0,0"
34.2,244,AV,1,0,0,52,4705.31956239884,,-34.2,"0,0,0,0","0,0,0"
44.666666666666664,242,AV,1,0,0,81,4656.548587392589,,-44.666666666666664,"0,0,0,0","0,0,0"
25.066666666666666,89,AV,1,0,0,34,1467.6871321740252,,-25.066666666666666,"0,0,0,0","0,0,0"
18.916666666666668,100,AV,1,0,0,15,1587.6148581174584,,-18.916666666666668,"0,0,0,0","0,0,0"
20.45,237,AV,1,0,0,21,4429.527615460413,,-20.45,"0,0,0,0","0,0,0"
24.716666666666665,26,AV,1,0,0,26,776.0711537761008,,-24.716666666666665,"0,0,0,0","0,0,0"
16.716666666666665,213,AV,1,0,0,9,3667.3634505223554,,-16.716666666666665,"0,0,0,0","0,0,0"
37.666666666666664,268,AV,2,0,0,71,5578.433439706214,,-37.666666666666664,"0,0,0,0","0,0,0"
37.25,46,AV,1,0,0,59,946.1123250925148,,-37.25,"0,0,0,0","0,0,0"
30.233333333333334,297,AV,1,0,0,43,17322.90883950548,,-30.233333333333334,"0,0,0,0","0,0,0"
41.81666666666667,270,AV,1,0,0,73,5862.871835726062,,-41.81666666666667,"0,0,0,0","0,0,0"
49.1,85,AV,1,0,0,93,1446.9812594843625,,-49.1,"0,0,0,0","0,0,0"
37.5,298,AV,2,0,0,53,18628.94525544202,,-37.5,"0,0,0,0","0,0,0"
40.85,62,AV,1,0,0,72,1117.0806745336297,,-40.85,"0,0,0,0","0,0,0"
31.216666666666665,5,AV,1,0,0,48,477.1303205766694,,-31.216666666666665,"0,0,0,0","0,0,0"
44.71666666666667,18,AV,2,0,0,92,636.6552097563458,,-44.71666666666667,"0,0,0,0","0,0,0"
24.733333333333334,190,AV,2,0,0,13,3031.4508351358254,,-24.733333333333334,"0,0,0,0","0,0,0"
48.333333333333336,292,AV,1,0,0,89,11662.42845360034,,-48.333333333333336,"0,0,0,0","0,0,0"
26.666666666666668,79,AV,1,0,0,39,1386.7650627050614,,-26.666666666666668,"0,0,0,0","0,0,0"
45.35,3,AV,1,0,0,82,457.16351791608827,,-45.35,"0,0,0,0","0,0,0"
41.1,39,AV,1,0,0,71,892.1845339920479,,-41.1,"0,0,0,0","0,0,0"
19.1,264,AV,1,0,0,19,5458.612723313221,,-19.1,"0,0,0,0","0,0,0"
41.9,56,AV,1,0,0,73,1017.530975349866,,-41.9,"0,0,0,0","0,0,0"
35.983333333333334,252,AV,1,0,0,55,4950.268578812107,,-35.983333333333334,"0,0,0,0","0,0,0"
43.71666666666667,222,AV,1,0,0,79,3882.59008652233,,-43.71666666666667,"0,0,0,0","0,0,0"
40.61666666666667,245,AV,1,0,0,71,4717.175795221327,,-40.61666666666667,"0,0,0,0","0,0,0"
30.616666666666667,273,AV,2,0,0,44,6434.117121135291,,-30.616666666666667,"0,0,0,0","0,0,0"
17.283333333333335,166,AV,1,0,0,13,2458.2611968747465,,-17.283333333333335,"0,0,0,0","0,0,0"
27.416666666666668,232,AV,1,0,0,29,4245.708624069837,,-27.416666666666668,"0,0,0,0","0,0,0"
51.65,81,AV,1,0,0,97,1404.912317929139,,-51.65,"0,0,0,0","0,0,0"
28.433333333333334,57,AV,1,0,0,40,1020.7360413649084,,-28.433333333333334,"0,0,0,0","0,0,0"
41.36666666666667,191,AV,1,0,0,69,3032.1279287666234,,-41.36666666666667,"0,0,0,0","0,0,0"
39.13333333333333,108,AV,1,0,0,68,1635.9686818612918,,-39.13333333333333,"0,0,0,0","0,0,0"
42.15,212,AV,1,0,0,77,3651.018124108644,,-42.15,"0,0,0,0","0,0,0"
46.583333333333336,257,AV,1,0,0,85,5051.78348307234,,-46.583333333333336,"0,0,0,0","0,0,0"
44.56666666666667,69,AV,1,0,0,80,1240.6560786390864,,-44.56666666666667,"0,0,0,0","0,0,0"
30.133333333333333,112,AV,1,0,0,46,1716.9764066453156,,-30.133333333333333,"0,0,0,0","0,0,0"
43.55,24,AV,2,0,0,83,753.5670156580491,,-43.55,"0,0,0,0","0,0,0"
17.183333333333334,50,AV,1,0,0,15,954.0002559944874,,-17.183333333333334,"0,0,0,0","0,0,0"
48.266666666666666,54,AV,1,0,0,90,985.8695826897422,,-48.266666666666666,"0,0,0,0","0,0,0"
27.733333333333334,163,AV,2,0,0,17,2421.0391237858234,,-27.733333333333334,"0,0,0,0","0,0,0"
46.8,230,AV,1,0,0,88,4200.245935785981,,-46.8,"0,0,0,0","0,0,0"
39.03333333333333,128,AV,1,0,0,68,1927.298426803608,,-39.03333333333333,"0,0,0,0","0,0,0"
41.13333333333333,208,AV,1,0,0,72,3564.273841812899,,-41.13333333333333,"0,0,0,0","0,0,0"
26.033333333333335,104,AV,1,0,0,35,1596.1763216794554,,-26.033333333333335,"0,0,0,0","0,0,0"
43.93333333333333,280,AV,2,0,0,80,8139.327108000771,,-43.93333333333333,"0,0,0,0","0,0,0"
53.583333333333336,144,AV,1,0,0,100,2113.1349678504243,,-53.583333333333336,"0,0,0,0","0,0,0"
31.233333333333334,170,AV,1,0,0,47,2629.980017260476,,-31.233333333333334,"0,0,0,0","0,0,0"
21.716666666666665,209,AV,1,0,0,23,3580.4564780460023,,-21.716666666666665,"0,0,0,0","0,0,0"
28.016666666666666,281,AV,2,0,0,25,8333.728817076937,,-28.016666666666666,"0,0,0,0","0,0,0"
37.2,37,AV,1,0,0,65,873.8892656114449,,-37.2,"0,0,0,0","0,0,0"
32.2,162,AV,1,0,0,50,2411.397471856681,,-32.2,"0,0,0,0","0,0,0"
31.466666666666665,217,AV,1,0,0,49,3759.463069718096,,-31.466666666666665,"0,0,0,0","0,0,0"
41.9,207,AV,1,0,0,73,3531.3895067900216,,-41.9,"0,0,0,0","0,0,0"
26.566666666666666,21,AV,1,0,0,39,676.2529471816457,,-26.566666666666666,"0,0,0,0","0,0,0"
49.916666666666664,32,AV,1,0,0,93,849.0657401736111,,-49.916666666666664,"0,0,0,0","0,0,0"
37.28333333333333,267,AV,2,0,0,70,5568.958209200236,,-37.28333333333333,"0,0,0,0","0,0,0"
21.783333333333335,82,AV,1,0,0,25,1421.705549214182,,-21.783333333333335,"0,0,0,0","0,0,0"
31.333333333333332,115,AV,2,0,0,36,1782.711710770346,,-31.333333333333332,"0,0,0,0","0,0,0"
48.13333333333333,203,AV,1,0,0,89,3465.4556083993225,,-48.13333333333333,"0,0,0,0","0,0,0"
48.333333333333336,165,AV,1,0,0,90,2456.6540037696086,,-48.333333333333336,"0,0,0,0","0,0,0"
50.36666666666667,215,AV,1,0,0,96,3742.7752140142647,,-50.36666666666667,"0,0,0,0","0,0,0"
50.166666666666664,139,AV,1,0,0,93,2078.9202215407213,,-50.166666666666664,"0,0,0,0","0,0,0"
36.266666666666666,234,AV,1,0,0,56,4304.4895651906745,,-36.266666666666666,"0,0,0,0","0,0,0"
20.266666666666666,117,AV,1,0,0,20,1797.659883656486,,-20.266666666666666,"0,0,0,0","0,0,0"
39.93333333333333,288,AV,1,0,0,70,10450.70686878338,,-39.93333333333333,"0,0,0,0","0,0,0"
41.68333333333333,260,AV,2,0,0,73,5307.329693361759,,-41.68333333333333,"0,0,0,0","0,0,0"
36.71666666666667,220,AV,1,0,0,60,3863.855435177377,,-36.71666666666667,"0,0,0,0","0,0,0"
43.55,135,AV,1,0,0,74,2035.9911412414244,,-43.55,"0,0,0,0","0,0,0"
13.4,78,AV,1,0,0,0,1338.7213376931895,,-13.4,"0,0,0,0","0,0,0"
48.8,276,AV,2,0,0,100,7099.697064525982,,-48.8,"0,0,0,0","0,0,0"
33.06666666666667,175,AV,1,0,0,52,2767.495209174315,,-33.06666666666667,"0,0,0,0","0,0,0"
45.016666666666666,177,AV,1,0,0,77,2813.5576138103806,,-45.016666666666666,"0,0,0,0","0,0,0"
41.583333333333336,294,AV,1,0,0,72,13748.957190518822,,-41.583333333333336,"0,0,0,0","0,0,0"
24.966666666666665,286,AV,1,0,0,32,8987.822610831106,,-24.966666666666665,"0,0,0,0","0,0,0"
43.06666666666667,239,AV,2,0,0,82,4459.768546990965,,-43.06666666666667,"0,0,0,0","0,0,0"
32.36666666666667,271,AV,1,0,0,48,5912.288420941998,,-32.36666666666667,"0,0,0,0","0,0,0"
46.45,211,AV,1,0,0,83,3630.005597296026,,-46.45,"0,0,0,0","0,0,0"
28.266666666666666,118,AV,2,0,0,6,1804.2001824470888,,-28.266666666666666,"0,0,0,0","0,0,0"
43.21666666666667,140,AV,1,0,0,79,2088.64210540395,,-43.21666666666667,"0,0,0,0","0,0,0"
49.583333333333336,101,AV,1,0,0,94,1588.8002265047048,,-49.583333333333336,"0,0,0,0","0,0,0"
10.95,70,AV,1,0,0,0,1244.4027248274256,,-10.95,"0,0,0,0","0,0,0"
19.75,290,AV,1,0,0,16,11049.706566164488,,-19.75,"0,0,0,0","0,0,0"
30.65,285,AV,1,0,0,44,8689.506535985933,,-30.65,"0,0,0,0","0,0,0"
12.583333333333334,68,AV,1,0,0,0,1234.5997004771,,-12.583333333333334,"0,0,0,0","0,0,0"
34.083333333333336,44,AV,1,0,0,51,938.3100494872764,,-34.083333333333336,"0,0,0,0","0,0,0"
13.866666666666667,102,AV,1,0,0,1,1592.6375082496468,,-13.866666666666667,"0,0,0,0","0,0,0"
44.93333333333333,180,AV,1,0,0,80,2853.537244729806,,-44.93333333333333,"0,0,0,0","0,0,0"
28.95,279,AV,1,0,0,40,7592.14370769901,,-28.95,"0,0,0,0","0,0,0"
26.733333333333334,256,AV,1,0,0,36,5009.92015912814,,-26.733333333333334,"0,0,0,0","0,0,0"
33.1,182,AV,1,0,0,51,2872.269398564857,,-33.1,"0,0,0,0","0,0,0"
51.86666666666667,53,AV,1,0,0,96,979.5720138781878,,-51.86666666666667,"0,0,0,0","0,0,0"
18.5,181,AV,1,0,0,19,2857.712092786687,,-18.5,"0,0,0,0","0,0,0"
35.333333333333336,63,AV,1,0,0,55,1129.1321270070612,,-35.333333333333336,"0,0,0,0","0,0,0"
16.716666666666665,16,AV,1,0,0,12,626.2908344343901,,-16.716666666666665,"0,0,0,0","0,0,0"
39.75,284,AV,1,0,0,67,8493.635575370567,,-39.75,"0,0,0,0","0,0,0"
35.65,204,AV,1,0,0,62,3476.696831582168,,-35.65,"0,0,0,0","0,0,0"
30.15,221,AV,1,0,0,43,3866.930621896856,,-30.15,"0,0,0,0","0,0,0"
22.9,274,AV,1,0,0,24,6995.337061486569,,-22.9,"0,0,0,0","0,0,0"
32.88333333333333,219,AV,1,0,0,48,3778.090807703549,,-32.88333333333333,"0,0,0,0","0,0,0"
32.233333333333334,29,AV,1,0,0,50,822.5771428470101,,-32.233333333333334,"0,0,0,0","0,0,0"
24.15,95,AV,1,0,0,26,1541.4014724042315,,-24.15,"0,0,0,0","0,0,0"
40.55,206,AV,1,0,0,71,3523.1638559153366,,-40.55,"0,0,0,0","0,0,0"
30.266666666666666,11,AV,2,0,0,34,588.8906571209208,,-30.266666666666666,"0,0,0,0","0,0,0"
35.416666666666664,64,AV,1,0,0,54,1135.438045570021,,-35.416666666666664,"0,0,0,0","0,0,0"
25.333333333333332,218,AV,1,0,0,34,3773.692032315799,,-25.333333333333332,"0,0,0,0","0,0,0"
20.816666666666666,48,AV,1,0,0,19,948.3478854920526,,-20.816666666666666,"0,0,0,0","0,0,0"
34.766666666666666,287,AV,1,0,0,54,10071.894878668398,,-34.766666666666666,"0,0,0,0","0,0,0"
14.95,4,AV,1,0,0,7,473.5024380788758,,-14.95,"0,0,0,0","0,0,0"
28.533333333333335,228,AV,1,0,0,37,4113.319853961603,,-28.533333333333335,"0,0,0,0","0,0,0"
14.783333333333333,249,AV,1,0,0,6,4864.205776554158,,-14.783333333333333,"0,0,0,0","0,0,0"
32.416666666666664,229,AV,1,0,0,50,4159.866430607663,,-32.416666666666664,"0,0,0,0","0,0,0"
48.36666666666667,295,AV,1,0,0,91,14297.77376075636,,-48.36666666666667,"0,0,0,0","0,0,0"
25.616666666666667,120,AV,1,0,0,34,1809.16611953512,,-25.616666666666667,"0,0,0,0","0,0,0"
46.56666666666667,189,AV,1,0,0,88,3024.224513765153,,-46.56666666666667,"0,0,0,0","0,0,0"
43.166666666666664,188,AV,2,0,0,85,2971.291490045772,,-43.166666666666664,"0,0,0,0","0,0,0"
36.1,186,AV,1,0,0,61,2965.4163440895786,,-36.1,"0,0,0,0","0,0,0"
23.033333333333335,129,AV,1,0,0,28,1929.5758599688188,,-23.033333333333335,"0,0,0,0","0,0,0"
42.15,67,AV,1,0,0,74,1200.7903182940884,,-42.15,"0,0,0,0","0,0,0"
46.95,238,AV,1,0,0,84,4446.537177105173,,-46.95,"0,0,0,0","0,0,0"
16.783333333333335,86,AV,1,0,0,13,1457.5875839824732,,-16.783333333333335,"0,0,0,0","0,0,0"
24.066666666666666,7,AV,1,0,0,28,541.9839687696077,,-24.066666666666666,"0,0,0,0","0,0,0"
16.716666666666665,171,AV,1,0,0,6,2744.8905386527767,,-16.716666666666665,"0,0,0,0","0,0,0"
43.75,299,AV,1,0,0,75,20793.30768626012,,-43.75,"0,0,0,0","0,0,0"
24.2,127,AV,1,0,0,28,1921.5023446668008,,-24.2,"0,0,0,0","0,0,0"
12.666666666666666,141,AV,1,0,0,1,2105.159940183184,,-12.666666666666666,"0,0,0,0","0,0,0"
29.233333333333334,36,AV,1,0,0,40,863.3540159882258,,-29.233333333333334,"0,0,0,0","0,0,0"
32.95,254,AV,2,0,0,50,4968.170350229253,,-32.95,"0,0,0,0","0,0,0"
51.61666666666667,261,AV,1,0,0,96,5370.167679594476,,-51.61666666666667,"0,0,0,0","0,0,0"
24.433333333333334,60,AV,1,0,0,29,1062.4074567339185,,-24.433333333333334,"0,0,0,0","0,0,0"
23.95,277,AV,2,0,0,9,7128.986247371214,,-23.95,"0,0,0,0","0,0,0"
34.916666666666664,263,AV,1,0,0,54,5427.330032863625,,-34.916666666666664,"0,0,0,0","0,0,0"
13.633333333333333,269,AV,1,0,0,0,5702.616109653807,,-13.633333333333333,"0,0,0,0","0,0,0"
38.65,147,AV,1,0,0,67,2158.6935677652164,,-38.65,"0,0,0,0","0,0,0"
21.333333333333332,193,AV,1,0,0,22,3236.647802754315,,-21.333333333333332,"0,0,0,0","0,0,0"
41.31666666666667,111,AV,1,0,0,68,1697.366940102563,,-41.31666666666667,"0,0,0,0","0,0,0"
38.96666666666667,52,AV,1,0,0,67,978.4447105201264,,-38.96666666666667,"0,0,0,0","0,0,0"
51.61666666666667,9,AV,1,0,0,96,567.9518330451218,,-51.61666666666667,"0,0,0,0","0,0,0"
39.68333333333333,185,AV,1,0,0,68,2953.464044858564,,-39.68333333333333,"0,0,0,0","0,0,0"
46.4,34,AV,1,0,0,84,857.6590975250949,,-46.4,"0,0,0,0","0,0,0"
34.71666666666667,73,AV,2,0,0,49,1293.252850487379,,-34.71666666666667,"0,0,0,0","0,0,0"
18.9,134,AV,1,0,0,19,2022.4315636845977,,-18.9,"0,0,0,0","0,0,0"
28.516666666666666,194,AV,1,0,0,40,3256.7228478661937,,-28.516666666666666,"0,0,0,0","0,0,0"
20.016666666666666,161,AV,1,0,0,12,2403.836358207942,,-20.016666666666666,"0,0,0,0","0,0,0"
35.333333333333336,236,AV,1,0,0,55,4412.688598555705,,-35.333333333333336,"0,0,0,0","0,0,0"
31.7,8,AV,2,0,0,34,566.7055292848979,,-31.7,"0,0,0,0","0,0,0"
17.566666666666666,146,AV,1,0,0,16,2133.445027811215,,-17.566666666666666,"0,0,0,0","0,0,0"
50.016666666666666,201,AV,1,0,0,92,3438.9188747307694,,-50.016666666666666,"0,0,0,0","0,0,0"
21.633333333333333,27,AV,1,0,0,22,801.7987355487146,,-21.633333333333333,"0,0,0,0","0,0,0"
31.35,31,AV,1,0,0,48,845.7864251007381,,-31.35,"0,0,0,0","0,0,0"
19.933333333333334,47,AV,1,0,0,18,946.2003450753726,,-19.933333333333334,"0,0,0,0","0,0,0"
50.63333333333333,23,AV,1,0,0,95,741.34301771214,,-50.63333333333333,"0,0,0,0","0,0,0"
34.11666666666667,265,AV,1,0,0,52,5502.789496653042,,-34.11666666666667,"0,0,0,0","0,0,0"
53.0,183,AV,1,0,0,100,2891.134206742707,,-53.0,"0,0,0,0","0,0,0"
