travel_time,id,kind,action,bid_route_0,bid_route_1,bid_route_2,karma_balance,origin,destination,start_time,income,urgency,reward
36.81666666666667,217,AV,1,2,4,6,4,0,0,78,4705.31956239884,0.3,-11.045
15.1,183,AV,1,1,7,0,7,0,0,28,9884.322174397852,0.2,-3.02
27.5,225,AV,1,2,5,6,13,0,0,53,3245.380745418587,0.2,-5.5
38.05,107,AV,2,2,2,4,1,0,0,51,6563.608435155774,0.1,-3.8049999999999997
22.466666666666665,283,AV,0,3,3,5,12,0,0,28,948.3478854920526,0.1,-2.2466666666666666
92.53333333333333,73,AV,0,7,5,0,8,0,0,50,3257.969850357721,0.1,-9.253333333333334
55.78333333333333,221,AV,0,5,5,3,7,0,0,40,4113.319853961603,0.1,-5.578333333333333
41.9,299,AV,0,8,4,9,1,0,0,36,1062.4074567339185,0.1,-4.19
145.43333333333334,211,AV,0,6,0,3,0,0,0,68,807.7368269013535,0.1,-14.543333333333335
25.35,194,AV,2,1,1,5,2,0,0,27,4569.840806868062,0.1,-2.535
31.05,99,AV,0,7,7,2,0,0,0,32,4227.85786318916,0.2,-6.210000000000001
32.833333333333336,125,AV,0,4,4,2,6,0,0,33,1467.6871321740252,0.4,-13.133333333333335
76.83333333333333,156,AV,0,9,6,5,0,0,0,47,2574.4307659940623,0.6,-46.099999999999994
40.15,8,AV,1,1,6,2,1,0,0,76,1234.5997004771,0.3,-12.045
24.083333333333332,79,AV,0,6,2,0,2,0,0,30,753.7709081553346,0.1,-2.408333333333333
44.81666666666667,278,AV,2,0,1,8,4,0,0,79,1723.69240549938,0.1,-4.481666666666667
48.65,290,AV,0,8,1,0,2,0,0,39,2909.8477340427667,0.1,-4.865
40.15,188,AV,0,6,1,6,0,0,0,35,1822.2981036688468,0.5,-20.075
43.65,102,AV,0,5,4,4,2,0,0,36,1564.4426034616197,0.3,-13.094999999999999
37.46666666666667,248,AV,2,0,1,2,8,0,0,49,4635.813442599864,0.1,-3.746666666666667
48.3,223,AV,2,0,1,4,1,0,0,76,2022.4315636845977,0.3,-14.489999999999998
20.35,263,AV,1,2,6,0,9,0,0,42,3292.2479258152307,0.1,-2.035
87.81666666666666,103,AV,0,8,1,6,0,0,0,49,1888.2149669861096,0.1,-8.781666666666666
115.88333333333334,19,AV,0,6,4,2,7,0,0,56,1697.366940102563,0.1,-11.588333333333335
15.433333333333334,277,AV,0,8,3,3,0,0,0,21,1074.3823512953045,0.1,-1.5433333333333334
34.733333333333334,10,AV,0,8,0,6,4,0,0,34,5960.007005011629,0.3,-10.42
148.93333333333334,288,AV,0,6,4,5,0,0,0,69,5899.132481879994,0.3,-44.68
126.2,184,AV,0,8,3,2,0,0,0,60,3531.3895067900216,0.2,-25.240000000000002
50.63333333333333,158,AV,0,4,8,6,4,0,0,39,857.6590975250949,0.3,-15.19
131.4,247,AV,0,8,7,8,8,0,0,62,13460.811009378149,0.2,-26.28
22.383333333333333,66,AV,0,4,2,5,1,0,0,28,7592.14370769901,1.0,-22.383333333333333
101.8,224,AV,0,5,2,1,2,0,0,51,1541.4014724042315,0.3,-30.54
36.18333333333333,97,AV,1,1,5,5,0,0,0,76,5862.871835726062,0.3,-10.854999999999999
37.983333333333334,293,AV,2,2,1,2,8,0,0,47,14297.77376075636,0.7,-26.58833333333333
31.25,13,AV,2,0,0,6,0,0,0,45,8139.327108000771,0.1,-3.125
141.8,5,AV,0,3,6,2,7,0,0,65,3032.1279287666234,0.1,-14.180000000000001
24.5,68,AV,2,0,0,5,8,0,0,28,8639.921150992108,0.2,-4.9
103.46666666666667,177,AV,0,6,2,8,14,0,0,52,1244.4027248274256,0.1,-10.346666666666668
156.1,168,AV,0,7,8,3,4,0,0,74,457.16351791608827,0.6,-93.66
127.91666666666667,2,AV,0,5,4,0,4,0,0,61,4660.29795945294,0.3,-38.375
87.86666666666666,40,AV,0,8,2,3,3,0,0,49,8689.506535985933,0.1,-8.786666666666667
28.25,244,AV,1,0,5,2,2,0,0,57,4967.653125719208,0.1,-2.825
115.51666666666667,60,AV,0,4,0,1,6,0,0,56,7336.658338656486,0.2,-23.103333333333335
94.56666666666666,275,AV,0,6,1,2,10,0,0,50,943.1907669438916,0.8,-75.65333333333334
156.33333333333334,271,AV,0,6,7,2,15,0,0,74,2222.040577514192,0.1,-15.633333333333335
85.85,18,AV,0,6,7,4,4,0,0,49,541.9839687696077,0.2,-17.169999999999998
131.33333333333334,205,AV,0,8,6,7,6,0,0,62,2329.0008356791827,0.5,-65.66666666666667
164.45,9,AV,0,4,0,2,1,0,0,97,1150.4391077840953,0.1,-16.445
161.75,37,AV,0,6,8,4,4,0,0,80,3783.636689084741,0.3,-48.525
41.733333333333334,249,AV,0,7,2,9,4,0,0,36,10071.894878668398,0.2,-8.346666666666668
28.483333333333334,215,AV,2,0,3,7,6,0,0,35,2052.607856914241,0.7,-19.938333333333333
17.016666666666666,281,AV,1,0,4,4,3,0,0,36,4459.768546990965,0.1,-1.7016666666666667
117.43333333333334,75,AV,0,4,8,6,4,0,0,56,508.6019702527906,0.1,-11.743333333333334
40.233333333333334,291,AV,0,8,3,7,8,0,0,35,3169.820795106812,0.1,-4.023333333333333
101.76666666666667,210,AV,0,4,1,3,6,0,0,51,1239.4416864014672,0.1,-10.176666666666668
149.03333333333333,170,AV,0,9,8,3,0,0,0,69,2280.385817754286,0.4,-59.61333333333334
5.2,117,AV,0,9,6,0,1,0,0,3,5502.789496653042,0.3,-1.56
38.016666666666666,7,AV,2,1,2,0,6,0,0,59,586.8516376274475,1.0,-38.016666666666666
18.183333333333334,266,AV,1,0,7,7,0,0,0,37,2318.2944376966047,0.4,-7.273333333333333
154.35,171,AV,0,7,7,8,1,0,0,73,1503.4428459110418,0.3,-46.305
82.23333333333333,25,AV,0,9,4,1,4,0,0,48,491.8679742725259,0.3,-24.669999999999998
21.533333333333335,47,AV,2,0,1,5,1,0,0,26,3628.2404526711953,0.2,-4.3066666666666675
38.85,26,AV,2,1,2,6,0,0,0,49,2580.565825479665,0.6,-23.31
82.28333333333333,203,AV,0,7,1,1,1,0,0,48,1261.43865123121,0.3,-24.685
11.516666666666667,282,AV,1,0,4,4,1,0,0,9,3064.640983136323,0.1,-1.1516666666666668
27.066666666666666,198,AV,2,0,2,5,5,0,0,34,7612.519032757181,0.4,-10.826666666666668
31.383333333333333,265,AV,2,1,1,8,6,0,0,42,2158.6935677652164,0.3,-9.415
57.8,145,AV,0,6,2,0,11,0,0,40,3046.5766145774583,0.6,-34.68
21.716666666666665,112,AV,1,0,5,2,1,0,0,45,1104.4445206976068,0.1,-2.1716666666666664
19.233333333333334,113,AV,1,1,4,4,3,0,0,38,1411.5824788559885,0.3,-5.7700000000000005
35.833333333333336,45,AV,1,2,5,2,10,0,0,72,4416.224882412617,0.2,-7.166666666666668
113.8,132,AV,0,9,7,7,1,0,0,55,1260.6549751070208,0.1,-11.38
107.45,174,AV,0,7,6,9,6,0,0,52,3580.4564780460023,0.4,-42.980000000000004
35.53333333333333,41,AV,2,0,0,5,1,0,0,48,8981.750106371177,0.2,-7.1066666666666665
150.8,164,AV,0,6,9,3,3,0,0,69,11940.25564443948,0.3,-45.24
150.71666666666667,219,AV,0,6,2,1,2,0,0,69,5341.061461458292,0.1,-15.071666666666667
28.966666666666665,135,AV,2,0,0,6,0,0,0,42,767.6170681366935,0.1,-2.8966666666666665
68.2,212,AV,0,4,5,5,7,0,0,44,1921.5023446668008,0.2,-13.64
103.58333333333333,286,AV,0,4,8,7,10,0,0,51,2818.3733061874163,0.1,-10.358333333333334
17.216666666666665,195,AV,0,3,6,7,12,0,0,27,2193.4249838744518,0.5,-8.608333333333333
137.0,33,AV,0,5,1,1,0,0,0,64,566.7055292848979,0.4,-54.800000000000004
31.516666666666666,154,AV,2,2,0,3,3,0,0,46,2675.3892374750885,0.4,-12.606666666666667
145.63333333333333,131,AV,0,5,2,4,10,0,0,68,646.5589615252754,0.2,-29.126666666666665
37.983333333333334,65,AV,2,1,0,2,6,0,0,50,3382.383844415393,0.2,-7.596666666666668
13.766666666666667,228,AV,0,4,3,2,5,0,0,19,4549.070920567666,0.3,-4.13
55.766666666666666,128,AV,0,4,7,8,12,0,0,40,7362.36439851089,0.2,-11.153333333333334
19.6,173,AV,1,1,4,3,2,0,0,40,2458.2611968747465,0.2,-3.9200000000000004
17.033333333333335,178,AV,1,1,4,4,1,0,0,32,849.0657401736111,0.1,-1.7033333333333336
25.333333333333332,147,AV,1,1,4,3,3,0,0,49,4021.28082322038,0.1,-2.533333333333333
96.23333333333333,31,AV,0,7,8,3,3,0,0,50,572.7967315704935,0.2,-19.24666666666667
69.81666666666666,220,AV,0,3,9,3,7,0,0,45,4951.479839002994,0.6,-41.88999999999999
45.55,78,AV,0,3,8,6,9,0,0,38,2891.134206742707,0.1,-4.555
15.9,63,AV,1,1,4,2,2,0,0,31,3236.647802754315,0.1,-1.59
112.18333333333334,85,AV,0,4,6,4,5,0,0,54,7334.728577480919,0.3,-33.655
20.783333333333335,185,AV,0,6,3,2,1,0,0,27,3508.846318545673,0.2,-4.156666666666667
105.21666666666667,23,AV,0,8,8,9,2,0,0,52,5913.041300376779,1.0,-105.21666666666667
43.516666666666666,22,AV,0,3,3,0,3,0,0,37,3987.5502105766736,0.1,-4.351666666666667
57.81666666666667,57,AV,0,8,9,4,3,0,0,40,2411.397471856681,0.1,-5.781666666666667
129.66666666666666,101,AV,0,4,2,7,5,0,0,61,2857.6088215719105,0.3,-38.9
136.61666666666667,160,AV,0,8,8,1,5,0,0,64,1824.367004680513,0.3,-40.985
142.1,16,AV,0,3,6,0,3,0,0,67,736.5379020629116,0.4,-56.84
71.83333333333333,179,AV,0,7,7,1,0,0,0,45,3438.9188747307694,0.3,-21.549999999999997
66.4,110,AV,0,4,5,6,3,0,0,43,601.3137559373858,0.2,-13.280000000000001
17.266666666666666,133,AV,0,6,2,1,23,0,0,24,8975.220492497892,0.2,-3.453333333333333
96.28333333333333,20,AV,0,8,2,2,11,0,0,50,1260.3927948639828,0.3,-28.884999999999998
8.65,46,AV,0,6,5,5,0,0,0,16,2347.541384251396,0.3,-2.595
83.88333333333334,86,AV,0,6,1,0,2,0,0,48,3742.7752140142647,0.1,-8.388333333333334
61.13333333333333,17,AV,0,6,5,2,2,0,0,41,779.2240782816187,0.1,-6.113333333333333
36.75,196,AV,0,3,0,1,5,0,0,34,3393.6426315430986,0.2,-7.3500000000000005
11.65,59,AV,1,2,7,3,1,0,0,12,2987.078671303881,0.2,-2.33
73.23333333333333,252,AV,0,6,1,6,0,0,0,46,1691.6338586686718,0.2,-14.646666666666668
19.1,214,AV,1,3,4,7,13,0,0,39,1022.032321197676,0.3,-5.73
147.45,14,AV,0,4,0,3,4,0,0,68,4669.869929992837,0.1,-14.745
70.01666666666667,124,AV,0,5,3,5,1,0,0,45,2497.1975937909187,0.2,-14.003333333333334
15.2,39,AV,1,1,3,7,6,0,0,30,424.9057127261393,0.7,-10.639999999999999
143.58333333333334,208,AV,0,3,6,2,10,0,0,67,777.0630287344238,0.2,-28.71666666666667
38.6,150,AV,2,3,1,9,1,0,0,56,2964.6777926145683,0.2,-7.720000000000001
50.6,207,AV,0,5,4,3,0,0,0,39,3251.3322332141274,0.5,-25.3
19.283333333333335,62,AV,1,1,5,2,0,0,0,40,904.859336063587,0.1,-1.9283333333333337
62.95,137,AV,0,3,6,7,7,0,0,42,1265.4739572733297,0.5,-31.475
23.6,267,AV,2,0,2,1,7,0,0,32,2326.172138461347,0.5,-11.8
33.5,256,AV,2,2,1,3,6,0,0,45,1782.711710770346,0.3,-10.049999999999999
36.55,143,AV,2,3,2,4,3,0,0,55,1083.524948441525,0.4,-14.62
21.25,116,AV,1,1,7,6,6,0,0,43,7864.29237148983,0.1,-2.125
78.68333333333334,149,AV,0,8,1,7,0,0,0,47,682.056612603955,0.1,-7.868333333333334
19.616666666666667,264,AV,1,1,8,7,10,0,0,42,4104.202624979457,0.3,-5.885
38.78333333333333,268,AV,2,2,2,6,1,0,0,56,4925.450001742355,0.1,-3.8783333333333334
25.95,136,AV,0,5,6,9,5,0,0,29,950.4213588862824,0.1,-2.595
32.983333333333334,29,AV,1,1,7,4,4,0,0,61,1434.2863071033526,0.4,-13.193333333333335
119.03333333333333,197,AV,0,5,3,0,5,0,0,57,3773.692032315799,0.1,-11.903333333333334
22.05,172,AV,2,0,1,0,6,0,0,14,2857.8751728516777,0.1,-2.205
104.98333333333333,239,AV,0,8,6,2,4,0,0,52,5307.329693361759,0.1,-10.498333333333335
133.21666666666667,42,AV,0,3,4,6,9,0,0,62,6230.691172258436,0.5,-66.60833333333333
119.23333333333333,38,AV,0,4,1,3,5,0,0,58,871.0408974081768,0.1,-11.923333333333334
49.3,255,AV,0,5,5,0,3,0,0,38,571.0932451196882,0.2,-9.86
84.01666666666667,134,AV,0,7,2,7,1,0,0,48,816.2772675203604,0.4,-33.60666666666667
73.58333333333333,32,AV,0,7,7,9,9,0,0,46,2105.6010448069283,0.1,-7.358333333333333
52.35,153,AV,0,6,3,6,26,0,0,39,11662.42845360034,0.5,-26.175
98.13333333333334,100,AV,0,9,6,9,6,0,0,50,4015.909421979459,0.2,-19.62666666666667
154.2,144,AV,0,6,3,6,0,0,0,71,2337.3116255789537,0.2,-30.84
143.76666666666668,298,AV,0,9,9,3,0,0,0,67,4446.537177105173,0.3,-43.13
34.75,146,AV,0,5,8,3,6,0,0,34,14754.343640924068,0.4,-13.9
138.38333333333333,169,AV,0,6,8,6,11,0,0,64,938.3100494872764,0.2,-27.676666666666666
40.15,27,AV,2,0,1,0,9,0,0,61,591.6693204447811,0.5,-20.075
93.4,142,AV,0,5,0,5,1,0,0,49,1797.659883656486,0.2,-18.680000000000003
107.15,82,AV,0,6,1,9,4,0,0,53,4237.057085974603,0.2,-21.430000000000003
38.13333333333333,104,AV,2,3,1,2,8,0,0,55,522.440884226393,0.2,-7.626666666666667
31.983333333333334,34,AV,1,0,6,6,1,0,0,62,588.8906571209208,0.1,-3.1983333333333337
52.35,120,AV,0,7,2,0,8,0,0,39,3097.4575811220984,0.6,-31.41
31.7,55,AV,1,2,5,1,7,0,0,60,5200.876525735832,0.2,-6.34
38.06666666666667,250,AV,1,3,4,1,4,0,0,94,9280.176126726552,0.4,-15.226666666666668
11.65,241,AV,1,2,3,2,3,0,0,16,20239.22920549412,0.4,-4.66
38.2,4,AV,1,2,5,3,1,0,0,83,5354.15698790508,0.1,-3.8200000000000003
6.7,159,AV,0,4,5,1,4,0,0,16,873.8892656114449,0.2,-1.34
40.96666666666667,213,AV,2,0,0,4,3,0,0,56,615.3970356119416,0.2,-8.193333333333333
36.333333333333336,96,AV,0,3,7,3,13,0,0,34,546.8646928603165,0.3,-10.9
44.15,139,AV,2,0,2,4,8,0,0,70,3654.013033637752,0.1,-4.415
19.383333333333333,123,AV,1,0,3,9,7,0,0,39,926.7012599248138,0.7,-13.568333333333332
138.46666666666667,152,AV,0,3,8,2,10,0,0,64,437.8567856598078,0.2,-27.693333333333335
26.416666666666668,227,AV,2,0,1,6,13,0,0,36,776.0711537761008,0.2,-5.283333333333334
45.6,240,AV,2,3,1,3,2,0,0,63,742.6585956180782,0.3,-13.68
42.38333333333333,129,AV,2,2,1,3,8,0,0,74,4707.821121085941,0.1,-4.238333333333333
33.18333333333333,6,AV,2,0,0,1,6,0,0,44,9095.945853089892,0.4,-13.273333333333333
98.28333333333333,35,AV,0,8,2,4,1,0,0,50,1661.9571573900298,0.3,-29.485
108.71666666666667,72,AV,0,4,3,4,3,0,0,53,3487.44186130441,0.5,-54.358333333333334
159.45,216,AV,0,6,8,5,3,0,0,77,17322.90883950548,0.5,-79.725
20.366666666666667,81,AV,1,0,9,1,5,0,0,41,5702.891177591027,0.1,-2.0366666666666666
54.06666666666667,28,AV,0,8,1,6,3,0,0,39,539.5213747330826,0.6,-32.44
32.016666666666666,11,AV,1,3,4,5,2,0,0,67,3933.772930850901,0.3,-9.604999999999999
46.75,285,AV,2,1,3,3,5,0,0,75,3389.778327720714,0.3,-14.025
5.25,191,AV,0,7,3,3,1,0,0,3,1421.705549214182,0.1,-0.525
25.966666666666665,24,AV,1,0,4,3,10,0,0,53,5844.130995646287,0.3,-7.789999999999999
43.766666666666666,237,AV,2,0,1,7,0,0,0,74,1373.5659577718477,0.5,-21.883333333333333
64.71666666666667,126,AV,0,7,6,3,0,0,0,42,4617.971391102537,0.2,-12.943333333333335
38.1,246,AV,1,0,8,7,7,0,0,85,1664.0464513081895,0.2,-7.620000000000001
85.9,279,AV,0,8,3,1,1,0,0,48,3942.222625638348,0.1,-8.590000000000002
26.066666666666666,3,AV,0,5,6,6,7,0,0,31,3301.717979419838,0.7,-18.246666666666666
54.18333333333333,176,AV,0,6,2,4,14,0,0,39,1490.1599361877834,0.1,-5.418333333333333
8.366666666666667,180,AV,0,4,0,0,2,0,0,16,3414.9419898187493,0.3,-2.5100000000000002
35.81666666666667,206,AV,1,1,5,4,15,0,0,69,3539.477986656502,0.3,-10.745000000000001
19.216666666666665,92,AV,0,8,9,9,1,0,0,25,11515.391842589095,0.1,-1.9216666666666666
37.416666666666664,259,AV,2,3,1,2,8,0,0,50,932.1411738504048,0.4,-14.966666666666667
140.35,94,AV,0,8,6,1,0,0,0,64,4381.240268036911,0.1,-14.035
59.43333333333333,258,AV,0,7,2,2,2,0,0,40,4687.914961676448,0.7,-41.60333333333333
38.18333333333333,192,AV,2,0,2,2,5,0,0,46,1526.0895405694364,0.3,-11.454999999999998
126.18333333333334,71,AV,0,3,1,3,4,0,0,60,2198.5025098873134,0.5,-63.09166666666667
33.06666666666667,235,AV,0,5,5,1,9,0,0,33,2476.7926805910606,0.1,-3.306666666666667
99.85,297,AV,0,9,0,2,3,0,0,50,2965.4163440895786,0.4,-39.94
34.43333333333333,50,AV,2,1,1,1,16,0,0,47,3101.095365071405,0.2,-6.886666666666667
159.5,182,AV,0,4,6,4,3,0,0,76,11185.875164713363,0.1,-15.950000000000001
25.016666666666666,189,AV,1,2,5,3,3,0,0,47,1348.5865378412918,0.1,-2.501666666666667
19.6,84,AV,1,0,4,1,1,0,0,39,923.9636394510808,0.3,-5.88
89.18333333333334,165,AV,0,7,9,5,4,0,0,49,8475.089255911002,0.2,-17.83666666666667
38.4,254,AV,0,6,2,9,8,0,0,34,4577.590037133467,0.5,-19.2
12.166666666666666,251,AV,0,9,4,0,1,0,0,17,1945.516475481125,0.1,-1.2166666666666668
11.883333333333333,201,AV,1,0,6,8,4,0,0,18,3119.7161673652217,0.6,-7.13
89.35,51,AV,0,3,8,1,8,0,0,49,548.7192496267361,0.3,-26.804999999999996
66.48333333333333,0,AV,0,6,4,8,7,0,0,42,2398.572127464108,0.4,-26.593333333333334
17.416666666666668,111,AV,1,2,5,3,4,0,0,35,3197.7177395395383,0.7,-12.191666666666666
16.25,292,AV,1,1,8,0,0,0,0,20,859.2772315809713,0.4,-6.5
78.68333333333334,269,AV,0,6,1,1,1,0,0,47,3724.6301341612702,0.1,-7.868333333333334
13.0,53,AV,1,0,8,6,3,0,0,24,3158.0604616132755,0.2,-2.6
46.5,274,AV,2,0,2,6,0,0,0,79,1386.7650627050614,0.2,-9.3
162.75,187,AV,0,8,8,1,4,0,0,88,1848.7234685638712,0.3,-48.824999999999996
39.7,89,AV,2,0,0,2,16,0,0,49,1581.4824060924602,0.6,-23.82
91.01666666666667,70,AV,0,5,5,5,0,0,0,49,1594.6992934726818,0.2,-18.203333333333333
134.68333333333334,295,AV,0,7,5,9,6,0,0,63,1832.3133019091129,0.1,-13.468333333333334
19.183333333333334,202,AV,0,5,4,0,2,0,0,26,417.8295094645922,0.2,-3.836666666666667
31.666666666666668,186,AV,0,6,6,2,0,0,0,31,2520.718778515204,0.3,-9.5
20.916666666666668,257,AV,0,6,1,9,11,0,0,26,1040.734547163155,0.1,-2.091666666666667
64.7,273,AV,0,7,4,5,5,0,0,42,2239.257430619588,0.3,-19.41
70.28333333333333,130,AV,0,9,6,3,6,0,0,44,877.2934597877683,0.3,-21.084999999999997
30.5,122,AV,1,1,6,5,2,0,0,60,1628.9397076974285,0.1,-3.0500000000000003
27.216666666666665,243,AV,1,0,5,8,9,0,0,53,3257.3450634265246,0.1,-2.7216666666666667
161.61666666666667,114,AV,0,7,2,2,0,0,0,80,3803.247088152212,0.2,-32.32333333333334
75.05,108,AV,0,5,5,8,7,0,0,46,1141.0395517097602,0.1,-7.505
14.05,260,AV,0,9,9,1,3,0,0,18,12051.378145129962,0.2,-2.8100000000000005
38.15,162,AV,2,1,1,5,1,0,0,58,1596.1763216794554,0.1,-3.815
30.833333333333332,233,AV,1,2,4,1,2,0,0,61,2927.9701715656583,0.1,-3.0833333333333335
71.81666666666666,155,AV,0,6,3,1,2,0,0,45,4572.8741748457805,0.2,-14.363333333333333
31.816666666666666,121,AV,1,2,4,6,3,0,0,61,2744.255474143275,0.1,-3.1816666666666666
18.566666666666666,93,AV,1,0,5,6,3,0,0,37,1475.2077210572677,0.1,-1.8566666666666667
26.283333333333335,76,AV,2,3,2,7,1,0,0,33,4196.147454418583,0.2,-5.256666666666668
23.316666666666666,161,AV,1,2,5,2,9,0,0,47,4245.708624069837,0.2,-4.663333333333333
127.88333333333334,175,AV,0,7,4,6,5,0,0,60,640.5426603936758,0.1,-12.788333333333334
124.55,98,AV,0,4,0,0,2,0,0,59,863.3540159882258,0.3,-37.364999999999995
47.35,280,AV,0,3,4,2,2,0,0,38,954.0002559944874,0.3,-14.205
30.316666666666666,261,AV,2,0,2,1,7,0,0,43,1338.7213376931895,0.2,-6.0633333333333335
30.933333333333334,166,AV,2,1,1,7,3,0,0,40,2397.5381966938494,0.2,-6.186666666666667
157.7,67,AV,0,4,7,0,8,0,0,75,2187.718469250836,0.1,-15.77
6.65,294,AV,0,6,3,2,1,0,0,13,1150.2916000513435,0.4,-2.66
108.71666666666667,163,AV,0,7,0,9,14,0,0,53,1297.4303329633815,0.1,-10.871666666666668
61.11666666666667,48,AV,0,9,9,2,4,0,0,41,870.7377108213431,0.3,-18.335
120.96666666666667,238,AV,0,9,9,2,12,0,0,58,437.5592869272848,0.6,-72.58
29.483333333333334,49,AV,2,2,1,0,7,0,0,41,2563.744074524839,1.0,-29.483333333333334
147.36666666666667,272,AV,0,8,2,6,6,0,0,68,649.7132696839626,0.4,-58.94666666666667
133.2,245,AV,0,4,3,3,2,0,0,62,881.2906222289953,0.4,-53.28
117.6,289,AV,0,4,0,1,11,0,0,56,1552.9853059451273,0.2,-23.52
10.183333333333334,95,AV,0,4,6,1,4,0,0,17,7332.887514065835,0.3,-3.055
27.65,61,AV,0,3,3,8,5,0,0,31,1167.011530479414,0.6,-16.59
140.36666666666667,234,AV,0,6,1,0,6,0,0,64,3159.4556453821087,0.5,-70.18333333333334
20.666666666666668,36,AV,1,2,6,2,1,0,0,42,7081.334819999852,0.1,-2.066666666666667
40.35,222,AV,2,2,2,4,9,0,0,60,3534.445695738256,0.2,-8.07
45.45,88,AV,2,0,0,4,18,0,0,75,6778.2755320215965,0.1,-4.545000000000001
31.783333333333335,200,AV,1,2,5,2,14,0,0,60,3206.59631480788,0.3,-9.535
110.11666666666666,232,AV,0,3,5,1,2,0,0,53,3366.895459871004,0.1,-11.011666666666667
91.05,157,AV,0,9,3,6,6,0,0,49,4662.282088415262,0.2,-18.21
80.31666666666666,262,AV,0,8,1,8,2,0,0,47,8987.822610831106,0.1,-8.031666666666666
24.683333333333334,80,AV,1,2,6,7,1,0,0,48,3151.1733449572957,0.1,-2.4683333333333337
23.316666666666666,90,AV,1,2,4,3,3,0,0,46,1005.9867386644172,0.5,-11.658333333333333
94.63333333333334,105,AV,0,3,7,1,6,0,0,49,4818.617258984985,0.3,-28.39
47.733333333333334,141,AV,0,9,5,6,6,0,0,37,985.8695826897422,0.3,-14.32
45.4,44,AV,0,3,5,7,5,0,0,37,3941.04555698938,0.1,-4.54
129.85,209,AV,0,4,8,6,18,0,0,61,7572.106998522375,0.1,-12.985
41.833333333333336,119,AV,2,0,1,3,14,0,0,60,2131.3254046090938,0.4,-16.733333333333334
38.78333333333333,193,AV,2,2,3,2,8,0,0,60,3778.090807703549,0.8,-31.026666666666667
12.0,151,AV,0,4,2,2,1,0,0,18,1927.298426803608,0.4,-4.800000000000001
123.0,74,AV,0,6,3,1,18,0,0,58,3017.17067826153,0.5,-61.5
24.0,287,AV,1,0,5,6,7,0,0,43,473.5024380788758,0.2,-4.800000000000001
157.66666666666666,106,AV,0,5,4,2,0,0,0,74,2318.1098695731453,0.2,-31.53333333333333
21.666666666666668,69,AV,1,1,9,4,2,0,0,41,844.3352662229099,0.3,-6.5
25.516666666666666,270,AV,1,0,9,4,1,0,0,49,542.8991684878858,0.3,-7.654999999999999
112.16666666666667,83,AV,0,5,1,3,0,0,0,54,1454.957177165027,0.2,-22.433333333333337
24.3,230,AV,0,6,2,9,3,0,0,28,1434.4967426379471,0.6,-14.58
152.41666666666666,138,AV,0,5,5,5,0,0,0,70,2382.718205806423,0.1,-15.241666666666667
120.98333333333333,12,AV,0,3,8,9,12,0,0,58,5882.279762541917,0.1,-12.098333333333334
33.28333333333333,181,AV,2,3,1,5,0,0,0,42,1517.942512651984,0.2,-6.656666666666666
10.466666666666667,148,AV,0,7,3,7,0,0,0,16,832.3173438658397,0.3,-3.14
33.333333333333336,52,AV,1,0,5,7,3,0,0,66,1718.6657268339234,0.6,-20.0
31.45,190,AV,2,2,2,5,0,0,0,42,388.2787303527966,0.6,-18.869999999999997
38.36666666666667,226,AV,2,1,1,0,5,0,0,51,8795.495569618428,0.2,-7.673333333333334
122.5,15,AV,0,5,3,7,2,0,0,58,3882.59008652233,0.3,-36.75
162.85,167,AV,0,4,2,4,4,0,0,94,2520.757475212996,0.2,-32.57
25.55,87,AV,2,2,1,6,0,0,0,22,742.4887258523852,0.4,-10.22
27.7,127,AV,0,7,5,5,0,0,0,31,465.3670128771111,0.3,-8.309999999999999
75.21666666666667,43,AV,0,4,3,6,2,0,0,46,2530.9644311939346,0.2,-15.043333333333335
43.28333333333333,199,AV,2,1,2,2,12,0,0,63,3752.1132597063192,0.4,-17.313333333333333
152.73333333333332,276,AV,0,6,6,5,2,0,0,70,6130.868263041086,0.6,-91.63999999999999
15.5,296,AV,0,3,9,8,6,0,0,22,863.5619359671642,1.0,-15.5
59.43333333333333,64,AV,0,4,3,1,4,0,0,40,4754.245589533712,0.1,-5.943333333333333
76.86666666666666,253,AV,0,5,2,0,0,0,0,46,1148.2139867956057,0.1,-7.6866666666666665
18.6,56,AV,1,0,4,1,1,0,0,37,1751.9448432672848,0.1,-1.8600000000000003
80.41666666666667,30,AV,0,6,3,2,0,0,0,47,1592.2311391495805,0.7,-56.291666666666664
110.33333333333333,109,AV,0,9,7,4,3,0,0,53,2722.266725979925,0.2,-22.066666666666666
62.96666666666667,58,AV,0,4,5,0,2,0,0,41,1509.578116022191,0.8,-50.373333333333335
33.55,242,AV,1,2,5,1,9,0,0,68,597.1498506777683,0.7,-23.484999999999996
68.03333333333333,118,AV,0,4,6,3,26,0,0,43,837.3801312568858,0.2,-13.606666666666667
100.01666666666667,21,AV,0,6,6,1,1,0,0,50,720.4688823460104,0.3,-30.005
49.21666666666667,54,AV,2,2,0,8,5,0,0,99,5434.023139443809,0.5,-24.608333333333334
124.63333333333334,77,AV,0,3,5,0,3,0,0,59,3456.1529418207683,0.2,-24.92666666666667
39.06666666666667,115,AV,1,1,8,4,5,0,0,85,1174.3503864217532,0.5,-19.533333333333335
35.81666666666667,231,AV,1,0,4,4,2,0,0,77,2113.1349678504243,0.5,-17.908333333333335
38.266666666666666,204,AV,0,4,2,1,1,0,0,34,1301.8927857652438,0.2,-7.653333333333333
29.383333333333333,236,AV,0,4,0,1,3,0,0,31,627.4062491148882,0.1,-2.9383333333333335
20.216666666666665,284,AV,1,1,3,2,2,0,0,37,818.0604611907775,0.1,-2.0216666666666665
38.4,229,AV,2,2,3,7,0,0,0,52,2360.1328348572283,0.1,-3.84
29.933333333333334,140,AV,2,1,2,7,11,0,0,43,10783.100237376317,0.4,-11.973333333333334
113.75,218,AV,0,3,8,7,8,0,0,54,1986.5043233563797,0.3,-34.125
135.01666666666668,91,AV,0,7,0,0,6,0,0,63,793.0252767736928,0.6,-81.01
29.45,1,AV,0,8,9,5,1,0,0,31,1794.439334206041,0.1,-2.9450000000000003
