travel_time,id,kind,action,origin,destination,start_time,income,urgency,reward,observation,cost_table
24.3,150,AV,2,0,0,51,2458.2611968747465,0.2,-0.29159999999999997,"0.04666666666666667,0.15666666666666668,0.33666666666666667,0.2,0.51,0.1182236724414522","0,0,0"
24.833333333333332,99,AV,1,0,0,59,1614.9493849180149,0.6,-0.3973333333333333,"0.05,0.15666666666666668,0.5,0.6,0.59,0.07766678631823196","0,0,0"
26.35,117,AV,1,0,0,64,1880.1756700095973,0.2,-0.3162,"0.05,0.18333333333333332,0.5233333333333333,0.2,0.64,0.0904221540112152","0,0,0"
27.466666666666665,56,AV,1,0,0,68,1025.7249596144625,0.1,-0.30213333333333336,"0.05333333333333334,0.22,0.5633333333333334,0.1,0.68,0.049329571566540366","0,0,0"
27.766666666666666,188,AV,2,0,0,53,3097.4575811220984,0.1,-0.3054333333333334,"0.05,0.15666666666666668,0.38,0.1,0.53,0.14896415846185204","0,0,0"
16.733333333333334,177,AV,0,0,0,43,2946.490055333797,0.3,-0.26844136193111084,"0.02666666666666667,0.15333333333333332,0.15333333333333332,0.3,0.43,0.14170376833700152","0,0,0"
24.466666666666665,208,AV,2,0,0,53,3456.1529418207683,0.9,-0.4648666666666666,"0.05,0.15666666666666668,0.38,0.9,0.53,0.1662146780093356","0,0,0"
26.35,221,AV,2,0,0,54,4061.843573313689,0.9,-0.50065,"0.05,0.15666666666666668,0.4,0.9,0.54,0.19534379207968386","0,0,0"
18.85,191,AV,0,0,0,47,3151.1733449572957,0.5,-0.3303513165826118,"0.03333333333333333,0.15333333333333332,0.2633333333333333,0.5,0.47,0.1515474782802132","0,0,0"
20.083333333333332,53,AV,2,0,0,43,1014.5614647146556,0.1,-0.22091666666666665,"0.02666666666666667,0.15333333333333332,0.15333333333333332,0.1,0.43,0.04879269234230884","0,0,0"
33.75,245,AV,2,0,0,80,4951.479839002994,0.1,-0.3712500000000001,"0.05333333333333334,0.28,0.61,0.1,0.8,0.23812853220437127","0,0,0"
14.966666666666667,253,AV,2,0,0,38,5480.041794665195,0.3,-0.19456666666666667,"0.0033333333333333335,0.15,0.05,0.3,0.38,0.26354834340696637","0,0,0"
16.55,71,AV,2,0,0,39,1150.4391077840953,0.7,-0.28135,"0.006666666666666667,0.15,0.09,0.7,0.39,0.05532737384270454","0,0,0"
18.633333333333333,247,AV,2,0,0,46,4968.170350229253,0.4,-0.26086666666666664,"0.03333333333333333,0.15333333333333332,0.22333333333333333,0.4,0.46,0.23893121888982288","0,0,0"
14.583333333333334,273,AV,2,0,0,38,7897.119961473183,0.5,-0.21875,"0.0033333333333333335,0.15,0.05,0.5,0.38,0.37979142523300763","0,0,0"
14.116666666666667,85,AV,2,0,0,37,1434.4967426379471,0.5,-0.21175,"0.0033333333333333335,0.15,0.043333333333333335,0.5,0.37,0.06898838627708276","0,0,0"
13.25,103,AV,0,0,0,42,1653.1781197118603,0.4,-0.2762343245180042,"0.013333333333333334,0.15333333333333332,0.15333333333333332,0.4,0.42,0.07950529779368645","0,0,0"
25.883333333333333,284,AV,1,0,0,64,11049.706566164488,0.7,-0.4400166666666666,"0.05,0.18333333333333332,0.5233333333333333,0.7,0.64,0.5314068705608562","0,0,0"
9.866666666666667,168,AV,1,0,0,28,2780.081336731352,0.8,-0.1776,"0.0,0.06666666666666667,0.02,0.8,0.28,0.13370077424326215","0,0,0"
30.85,34,AV,2,0,0,69,857.6590975250949,0.6,-0.49360000000000004,"0.05333333333333334,0.25333333333333335,0.5633333333333334,0.6,0.69,0.041246881470994735","0,0,0"
15.433333333333334,261,AV,2,0,0,38,5899.132481879994,0.1,-0.16976666666666668,"0.0033333333333333335,0.15,0.05,0.1,0.38,0.2837034189504176","0,0,0"
20.833333333333332,11,AV,2,0,0,46,626.2908344343901,0.5,-0.3125,"0.03333333333333333,0.15333333333333332,0.22333333333333333,0.5,0.46,0.03011982720037529","0,0,0"
14.7,124,AV,2,0,0,34,1997.7276787447236,0.1,-0.1617,"0.0,0.12666666666666668,0.02,0.1,0.34,0.09607551183714699","0,0,0"
31.016666666666666,229,AV,2,0,0,66,4547.885280126284,0.3,-0.40321666666666667,"0.05333333333333334,0.21,0.54,0.3,0.66,0.2187187026108142","0,0,0"
26.983333333333334,166,AV,1,0,0,67,2761.3662775036096,0.2,-0.32380000000000003,"0.05333333333333334,0.21,0.5633333333333334,0.2,0.67,0.13280072219237518","0,0,0"
31.566666666666666,24,AV,1,0,0,100,779.2240782816187,0.1,-0.34723333333333334,"0.056666666666666664,0.30333333333333334,0.6366666666666667,0.1,1.0,0.03747475341773148","0,0,0"
15.7,250,AV,2,0,0,39,5158.4050556257225,0.2,-0.18839999999999998,"0.006666666666666667,0.15,0.09,0.2,0.39,0.24808006178999184","0,0,0"
16.366666666666667,282,AV,2,0,0,41,9030.678864893336,0.3,-0.2127666666666667,"0.006666666666666667,0.15,0.13,0.3,0.41,0.4343069895926497","0,0,0"
15.383333333333333,112,AV,2,0,0,38,1804.2001824470888,0.4,-0.21536666666666665,"0.0033333333333333335,0.15,0.05,0.4,0.38,0.08676831073101827","0,0,0"
34.03333333333333,176,AV,2,0,0,81,2942.323800284961,0.4,-0.4764666666666666,"0.05333333333333334,0.28,0.6133333333333333,0.4,0.81,0.1415034031468308","0,0,0"
11.233333333333333,266,AV,2,0,0,27,6248.181898567973,0.2,-0.13479999999999998,"0.0,0.06666666666666667,0.013333333333333334,0.2,0.27,0.3004900419328989","0,0,0"
14.1,175,AV,2,0,0,35,2898.378436294527,0.5,-0.21149999999999997,"0.0,0.14,0.023333333333333334,0.5,0.35,0.13938996527280403","0,0,0"
20.65,92,AV,2,0,0,47,1519.7273932229994,0.2,-0.24779999999999996,"0.03333333333333333,0.15333333333333332,0.2633333333333333,0.2,0.47,0.07308733252801383","0,0,0"
27.616666666666667,120,AV,2,0,0,62,1929.5758599688188,0.3,-0.3590166666666667,"0.05,0.17666666666666667,0.5066666666666667,0.3,0.62,0.09279792753915007","0,0,0"
17.483333333333334,234,AV,2,0,0,41,4617.1597275219765,0.1,-0.1923166666666667,"0.006666666666666667,0.15,0.13,0.1,0.41,0.2220502768096353","0,0,0"
16.816666666666666,190,AV,2,0,0,41,3132.463358685509,0.1,-0.18498333333333333,"0.006666666666666667,0.15,0.13,0.1,0.41,0.150647670199936","0,0,0"
8.3,121,AV,0,0,0,36,1945.516475481125,0.3,-0.1850003493881516,"0.0,0.15,0.02666666666666667,0.3,0.36,0.09356454994251304","0,0,0"
25.533333333333335,86,AV,2,0,0,51,1447.5744631551047,0.7,-0.4340666666666667,"0.04666666666666667,0.15666666666666668,0.33666666666666667,0.7,0.51,0.06961732519889745","0,0,0"
27.616666666666667,264,AV,1,0,0,67,6007.794801579103,0.3,-0.3590166666666667,"0.05333333333333334,0.21,0.5633333333333334,0.3,0.67,0.2889292503255245","0,0,0"
30.816666666666666,222,AV,2,0,0,62,4104.202624979457,0.4,-0.4314333333333333,"0.05,0.17666666666666667,0.5066666666666667,0.4,0.62,0.19738094039225168","0,0,0"
22.8,33,AV,2,0,0,49,835.7777612710734,0.2,-0.2736,"0.04,0.15333333333333332,0.31333333333333335,0.2,0.49,0.0401945555695952","0,0,0"
18.116666666666667,169,AV,2,0,0,43,2793.3389947689566,0.4,-0.2536333333333333,"0.02666666666666667,0.15333333333333332,0.15333333333333332,0.4,0.43,0.1343383667916745","0,0,0"
25.483333333333334,145,AV,2,0,0,53,2382.718205806423,0.2,-0.3058,"0.05,0.15666666666666668,0.38,0.2,0.53,0.11459062895418437","0,0,0"
25.433333333333334,90,AV,2,0,0,52,1503.4428459110418,0.2,-0.3052,"0.04666666666666667,0.15666666666666668,0.35333333333333333,0.2,0.52,0.0723041696201366","0,0,0"
11.216666666666667,246,AV,2,0,0,25,4959.361066312568,0.2,-0.1346,"0.0,0.06666666666666667,0.0033333333333333335,0.2,0.25,0.23850755931388606","0,0,0"
27.233333333333334,269,AV,2,0,0,55,7099.697064525982,0.3,-0.3540333333333333,"0.05,0.15666666666666668,0.4166666666666667,0.3,0.55,0.3414414470102487","0,0,0"
26.283333333333335,227,AV,1,0,0,64,4304.4895651906745,0.1,-0.28911666666666674,"0.05,0.18333333333333332,0.5233333333333333,0.1,0.64,0.207013219355909","0,0,0"
23.966666666666665,129,AV,2,0,0,54,2123.4400354784907,0.2,-0.28759999999999997,"0.05,0.15666666666666668,0.4,0.2,0.54,0.1021213203554731","0,0,0"
26.766666666666666,159,AV,2,0,0,58,2574.4307659940623,0.5,-0.40149999999999997,"0.05,0.15666666666666668,0.47,0.5,0.58,0.12381054543309646","0,0,0"
18.55,5,AV,2,0,0,43,522.2875039790788,0.4,-0.2597,"0.02666666666666667,0.15333333333333332,0.15333333333333332,0.4,0.43,0.025118057783764625","0,0,0"
11.65,23,AV,1,0,0,33,779.0639592631991,0.4,-0.1631,"0.0,0.11333333333333333,0.02,0.4,0.33,0.03746705291039347","0,0,0"
29.8,140,AV,2,0,0,66,2302.618320259251,0.9,-0.5661999999999999,"0.05333333333333334,0.21,0.54,0.9,0.66,0.11073843349034766","0,0,0"
33.333333333333336,198,AV,2,0,0,76,3301.717979419838,0.1,-0.36666666666666675,"0.05333333333333334,0.27666666666666667,0.5866666666666667,0.1,0.76,0.15878753054770403","0,0,0"
26.466666666666665,238,AV,2,0,0,55,4662.282088415262,0.8,-0.4764,"0.05,0.15666666666666668,0.4166666666666667,0.8,0.55,0.2242203192855181","0,0,0"
7.483333333333333,20,AV,1,0,0,18,753.5670156580491,0.1,-0.08231666666666668,"0.0,0.03,0.0,0.1,0.18,0.03624084378629158","0,0,0"
26.65,220,AV,1,0,0,64,4021.28082322038,0.5,-0.39974999999999994,"0.05,0.18333333333333332,0.5233333333333333,0.5,0.64,0.1933930322147629","0,0,0"
27.8,100,AV,1,0,0,68,1614.9573615816892,0.1,-0.30580000000000007,"0.05333333333333334,0.22,0.5633333333333334,0.1,0.68,0.07766716993510497","0,0,0"
21.766666666666666,104,AV,2,0,0,52,1659.6531244520008,0.9,-0.41356666666666664,"0.04666666666666667,0.15666666666666668,0.35333333333333333,0.9,0.52,0.07981669628967558","0,0,0"
29.65,200,AV,1,0,0,74,3361.758609282253,0.1,-0.32615,"0.05333333333333334,0.2633333333333333,0.5833333333333334,0.1,0.74,0.16167502833152653","0,0,0"
22.466666666666665,160,AV,2,0,0,52,2580.565825479665,0.1,-0.24713333333333334,"0.04666666666666667,0.15666666666666668,0.35333333333333333,0.1,0.52,0.12410559514707999","0,0,0"
31.25,167,AV,1,0,0,95,2767.495209174315,0.5,-0.46875,"0.056666666666666664,0.3,0.6366666666666667,0.5,0.95,0.13309547720505432","0,0,0"
33.583333333333336,1,AV,2,0,0,79,477.1303205766694,0.3,-0.4365833333333334,"0.05333333333333334,0.28,0.5966666666666667,0.3,0.79,0.022946340609962184","0,0,0"
8.983333333333333,52,AV,1,0,0,23,985.8695826897422,0.6,-0.14373333333333332,"0.0,0.05,0.0,0.6,0.23,0.04741283097259167","0,0,0"
28.0,73,AV,2,0,0,58,1244.4027248274256,0.1,-0.30800000000000005,"0.05,0.15666666666666668,0.47,0.1,0.58,0.05984630938009477","0,0,0"
19.25,289,AV,2,0,0,45,13079.31179296209,0.1,-0.21175000000000002,"0.03333333333333333,0.15333333333333332,0.19666666666666666,0.1,0.45,0.6290154500817918","0,0,0"
11.35,82,AV,1,0,0,32,1342.087988935639,0.3,-0.14755,"0.0,0.10666666666666667,0.02,0.3,0.32,0.06454422784415724","0,0,0"
29.45,72,AV,1,0,0,70,1194.3606142611325,0.5,-0.44175,"0.05333333333333334,0.25333333333333335,0.5733333333333334,0.5,0.7,0.05743966435173499","0,0,0"
8.616666666666667,54,AV,1,0,0,22,1017.530975349866,0.1,-0.09478333333333334,"0.0,0.04,0.0,0.1,0.22,0.048935503225503364","0,0,0"
23.733333333333334,25,AV,2,0,0,52,802.5586880039084,0.2,-0.2848,"0.04666666666666667,0.15666666666666668,0.35333333333333333,0.2,0.52,0.038596970723144074","0,0,0"
13.733333333333333,254,AV,0,0,0,42,5557.427333357366,0.3,-0.20552423955709168,"0.013333333333333334,0.15333333333333332,0.15333333333333332,0.3,0.42,0.26726999942532587","0,0,0"
30.15,207,AV,2,0,0,65,3398.605365942332,0.7,-0.51255,"0.05,0.21,0.5233333333333333,0.7,0.65,0.16344707716647097","0,0,0"
24.983333333333334,87,AV,1,0,0,61,1460.8215047913693,0.9,-0.47468333333333335,"0.05,0.17333333333333334,0.5,0.9,0.61,0.07025440717912602","0,0,0"
20.083333333333332,225,AV,2,0,0,46,4223.122456076251,0.4,-0.2811666666666666,"0.03333333333333333,0.15333333333333332,0.22333333333333333,0.4,0.46,0.20310008007368746","0,0,0"
18.966666666666665,75,AV,2,0,0,44,1260.6549751070208,0.5,-0.2845,"0.03333333333333333,0.15333333333333332,0.16666666666666666,0.5,0.44,0.06062791904628244","0,0,0"
10.333333333333334,186,AV,1,0,0,29,3048.604611013583,0.4,-0.14466666666666667,"0.0,0.08,0.02,0.4,0.29,0.14661470204800806","0,0,0"
32.53333333333333,142,AV,2,0,0,79,2318.2944376966047,0.4,-0.4554666666666666,"0.05333333333333334,0.28,0.5966666666666667,0.4,0.79,0.11149233554738845","0,0,0"
29.833333333333332,299,AV,2,0,0,62,20793.30768626012,0.2,-0.358,"0.05,0.17666666666666667,0.5066666666666667,0.2,0.62,1.0","0,0,0"
28.4,59,AV,1,0,0,68,1047.1205397958274,0.9,-0.5396,"0.05333333333333334,0.22,0.5633333333333334,0.9,0.68,0.050358536294239885","0,0,0"
32.916666666666664,115,AV,2,0,0,84,1832.3133019091129,0.5,-0.49375,"0.05333333333333334,0.28,0.63,0.5,0.84,0.08812033802202023","0,0,0"
20.283333333333335,0,AV,2,0,0,46,381.3218977270381,0.5,-0.30425,"0.03333333333333333,0.15333333333333332,0.22333333333333333,0.5,0.46,0.018338683940074114","0,0,0"
31.283333333333335,241,AV,1,0,0,89,4754.245589533712,0.9,-0.5943833333333334,"0.056666666666666664,0.29333333333333333,0.6366666666666667,0.9,0.89,0.22864306445459084","0,0,0"
22.533333333333335,224,AV,2,0,0,46,4200.245935785981,0.4,-0.3154666666666667,"0.03333333333333333,0.15333333333333332,0.22333333333333333,0.4,0.46,0.2019998933869206","0,0,0"
13.1,233,AV,1,0,0,35,4572.8741748457805,0.2,-0.1572,"0.0,0.14,0.023333333333333334,0.2,0.35,0.21992047844641197","0,0,0"
19.9,197,AV,2,0,0,44,3278.222126324269,0.4,-0.27859999999999996,"0.03333333333333333,0.15333333333333332,0.16666666666666666,0.4,0.44,0.1576575586620336","0,0,0"
30.133333333333333,14,AV,2,0,0,66,636.6552097563458,0.1,-0.3314666666666667,"0.05333333333333334,0.21,0.54,0.1,0.66,0.030618274848933116","0,0,0"
18.616666666666667,12,AV,2,0,0,44,627.4062491148882,0.9,-0.3537166666666667,"0.03333333333333333,0.15333333333333332,0.16666666666666666,0.9,0.44,0.03017347016557005","0,0,0"
9.45,68,AV,1,0,0,23,1141.0395517097602,0.1,-0.10395,"0.0,0.05,0.0,0.1,0.23,0.054875326664056465","0,0,0"
28.433333333333334,171,AV,2,0,0,61,2813.5576138103806,0.1,-0.3127666666666667,"0.05,0.17333333333333334,0.5,0.1,0.61,0.13531072863744203","0,0,0"
19.0,203,AV,2,0,0,45,3368.9508766880413,0.2,-0.22799999999999998,"0.03333333333333333,0.15333333333333332,0.19666666666666666,0.2,0.45,0.16202092170810273","0,0,0"
23.0,50,AV,2,0,0,51,979.5720138781878,0.7,-0.391,"0.04666666666666667,0.15666666666666668,0.33666666666666667,0.7,0.51,0.04710996579565228","0,0,0"
19.333333333333332,219,AV,2,0,0,44,3942.222625638348,0.2,-0.23199999999999998,"0.03333333333333333,0.15333333333333332,0.16666666666666666,0.2,0.44,0.18959093402168548","0,0,0"
31.85,172,AV,2,0,0,77,2818.3733061874163,0.1,-0.35035000000000005,"0.05333333333333334,0.27666666666666667,0.5933333333333334,0.1,0.77,0.13554232682517134","0,0,0"
17.4,206,AV,2,0,0,39,3393.6426315430986,0.6,-0.2784,"0.006666666666666667,0.15,0.09,0.6,0.39,0.1632084073754924","0,0,0"
15.3,133,AV,2,0,0,38,2212.8825544422834,0.5,-0.22949999999999998,"0.0033333333333333335,0.15,0.05,0.5,0.38,0.1064228254509272","0,0,0"
29.533333333333335,44,AV,2,0,0,65,946.1123250925148,0.3,-0.38393333333333335,"0.05,0.21,0.5233333333333333,0.3,0.65,0.04550080917225548","0,0,0"
26.833333333333332,240,AV,2,0,0,57,4747.153558918807,0.1,-0.2951666666666667,"0.05,0.15666666666666668,0.4533333333333333,0.1,0.57,0.22830199170551635","0,0,0"
27.983333333333334,135,AV,2,0,0,61,2218.7455195521825,0.3,-0.36378333333333335,"0.05,0.17333333333333334,0.5,0.3,0.61,0.1067047894942801","0,0,0"
31.066666666666666,232,AV,1,0,0,92,4569.840806868062,0.2,-0.37279999999999996,"0.056666666666666664,0.2966666666666667,0.6366666666666667,0.2,0.92,0.21977459651057532","0,0,0"
19.433333333333334,218,AV,2,0,0,44,3933.772930850901,0.3,-0.2526333333333333,"0.03333333333333333,0.15333333333333332,0.16666666666666666,0.3,0.44,0.1891845679487672","0,0,0"
17.333333333333332,69,AV,2,0,0,40,1148.2139867956057,0.2,-0.20799999999999996,"0.006666666666666667,0.15,0.10666666666666667,0.2,0.4,0.05522036244162957","0,0,0"
24.966666666666665,9,AV,2,0,0,53,615.3970356119416,0.4,-0.3495333333333333,"0.05,0.15666666666666668,0.38,0.4,0.53,0.029595918306859183","0,0,0"
11.8,259,AV,1,0,0,32,5825.994272151124,0.3,-0.1534,"0.0,0.10666666666666667,0.02,0.3,0.32,0.28018602716107777","0,0,0"
10.083333333333334,131,AV,1,0,0,28,2193.4249838744518,0.1,-0.11091666666666669,"0.0,0.06666666666666667,0.02,0.1,0.28,0.10548706425018813","0,0,0"
10.366666666666667,6,AV,1,0,0,29,548.7192496267361,0.1,-0.11403333333333335,"0.0,0.08,0.02,0.1,0.29,0.02638922377844295","0,0,0"
6.733333333333333,265,AV,1,0,0,12,6230.691172258436,0.5,-0.10099999999999999,"0.0,0.006666666666666667,0.0,0.5,0.12,0.29964887098629217","0,0,0"
25.883333333333333,127,AV,1,0,0,63,2113.1349678504243,0.3,-0.3364833333333333,"0.05,0.17666666666666667,0.5233333333333333,0.3,0.63,0.10162572495605159","0,0,0"
8.266666666666667,49,AV,0,0,0,38,978.4447105201264,0.2,-0.2525045233800306,"0.0033333333333333335,0.15,0.05,0.2,0.38,0.04705575107546101","0,0,0"
20.633333333333333,297,AV,2,0,0,46,18628.94525544202,0.7,-0.35076666666666667,"0.03333333333333333,0.15333333333333332,0.22333333333333333,0.7,0.46,0.8959106235777834","0,0,0"
21.283333333333335,116,AV,2,0,0,45,1848.7234685638712,0.2,-0.2554,"0.03333333333333333,0.15333333333333332,0.19666666666666666,0.2,0.45,0.08890954226515282","0,0,0"
19.566666666666666,29,AV,2,0,0,44,816.2772675203604,0.9,-0.37176666666666663,"0.03333333333333333,0.15333333333333332,0.16666666666666666,0.9,0.44,0.03925673009012141","0,0,0"
25.133333333333333,292,AV,1,0,0,60,14505.369879802229,0.4,-0.35186666666666666,"0.05,0.16333333333333333,0.5,0.4,0.6,0.6975980011774241","0,0,0"
20.183333333333334,213,AV,2,0,0,45,3783.636689084741,0.5,-0.30275,"0.03333333333333333,0.15333333333333332,0.19666666666666666,0.5,0.45,0.18196415626480184","0,0,0"
24.166666666666668,210,AV,2,0,0,52,3724.6301341612702,0.2,-0.29,"0.04666666666666667,0.15666666666666668,0.35333333333333333,0.2,0.52,0.17912638962306346","0,0,0"
22.366666666666667,105,AV,2,0,0,48,1661.9571573900298,0.3,-0.2907666666666667,"0.03666666666666667,0.15333333333333332,0.29,0.3,0.48,0.07992750275552475","0,0,0"
18.7,7,AV,0,0,0,48,610.4868582393152,0.4,-0.5075055348130015,"0.03666666666666667,0.15333333333333332,0.29,0.4,0.48,0.029359776109248604","0,0,0"
11.0,46,AV,2,0,0,25,948.3478854920526,0.4,-0.154,"0.0,0.06666666666666667,0.0033333333333333335,0.4,0.25,0.04560832262962691","0,0,0"
14.4,173,AV,2,0,0,38,2853.537244729806,0.3,-0.18720000000000003,"0.0033333333333333335,0.15,0.05,0.3,0.38,0.13723344490378397","0,0,0"
22.9,139,AV,2,0,0,48,2294.767722006211,0.1,-0.2519,"0.03666666666666667,0.15333333333333332,0.29,0.1,0.48,0.11036087940556741","0,0,0"
26.183333333333334,15,AV,2,0,0,58,639.9143284368583,0.2,-0.31420000000000003,"0.05,0.15666666666666668,0.47,0.2,0.58,0.030775013677102628","0,0,0"
27.516666666666666,231,AV,2,0,0,58,4559.760277629775,0.2,-0.3302,"0.05,0.15666666666666668,0.47,0.2,0.58,0.21928979970044837","0,0,0"
26.65,110,AV,1,0,0,64,1782.711710770346,0.5,-0.39974999999999994,"0.05,0.18333333333333332,0.5233333333333333,0.5,0.64,0.08573487862868172","0,0,0"
32.233333333333334,61,AV,2,0,0,69,1074.3823512953045,0.4,-0.45126666666666665,"0.05333333333333334,0.25333333333333335,0.5633333333333334,0.4,0.69,0.0516696221450731","0,0,0"
7.8,183,AV,1,0,0,17,3001.8426729260827,0.4,-0.10919999999999999,"0.0,0.02666666666666667,0.0,0.4,0.17,0.14436580837543475","0,0,0"
16.2,274,AV,2,0,0,38,7912.643587116454,0.3,-0.2106,"0.0033333333333333335,0.15,0.05,0.3,0.38,0.38053799359420826","0,0,0"
35.4,10,AV,2,0,0,82,617.4453946714843,0.3,-0.4602,"0.05333333333333334,0.28,0.62,0.3,0.82,0.02969442880314238","0,0,0"
23.733333333333334,212,AV,2,0,0,49,3759.463069718096,0.2,-0.2848,"0.04,0.15333333333333332,0.31333333333333335,0.2,0.49,0.18080158897481655","0,0,0"
33.916666666666664,211,AV,2,0,0,83,3729.3449139509553,0.9,-0.6444166666666665,"0.05333333333333334,0.28,0.6266666666666667,0.9,0.83,0.17935313468261935","0,0,0"
20.8,236,AV,2,0,0,41,4656.548587392589,0.5,-0.31200000000000006,"0.006666666666666667,0.15,0.13,0.5,0.41,0.22394458148039434","0,0,0"
16.266666666666666,62,AV,2,0,0,38,1076.386102050743,0.5,-0.244,"0.0033333333333333335,0.15,0.05,0.5,0.38,0.051765987321103386","0,0,0"
5.8,157,AV,1,0,0,5,2530.9644311939346,0.6,-0.0928,"0.0,0.0033333333333333335,0.0,0.6,0.05,0.12172014522087579","0,0,0"
17.233333333333334,144,AV,2,0,0,40,2337.3116255789537,0.5,-0.2585,"0.006666666666666667,0.15,0.10666666666666667,0.5,0.4,0.11240691768935884","0,0,0"
29.266666666666666,91,AV,2,0,0,65,1509.578116022191,0.1,-0.3219333333333333,"0.05,0.21,0.5233333333333333,0.1,0.65,0.07259922946360745","0,0,0"
9.4,204,AV,1,0,0,23,3382.383844415393,0.3,-0.1222,"0.0,0.05,0.0,0.3,0.23,0.16266694531964326","0,0,0"
31.233333333333334,272,AV,2,0,0,72,7572.106998522375,0.1,-0.3435666666666667,"0.05333333333333334,0.26,0.5766666666666667,0.1,0.72,0.3641607729166582","0,0,0"
12.15,38,AV,1,0,0,33,905.8209551718018,0.3,-0.15795,"0.0,0.11333333333333333,0.02,0.3,0.33,0.04356310063022602","0,0,0"
14.15,256,AV,2,0,0,36,5590.116807812239,0.3,-0.18395000000000003,"0.0,0.15,0.02666666666666667,0.3,0.36,0.26884211459565416","0,0,0"
13.583333333333334,113,AV,2,0,0,36,1805.1606101798543,0.1,-0.14941666666666667,"0.0,0.15,0.02666666666666667,0.1,0.36,0.08681450000245393","0,0,0"
7.583333333333333,285,AV,1,0,0,15,11185.875164713363,0.2,-0.091,"0.0,0.016666666666666666,0.0,0.2,0.15,0.5379555448075637","0,0,0"
8.9,136,AV,1,0,0,21,2225.3307045190536,0.6,-0.14240000000000003,"0.0,0.03666666666666667,0.0,0.6,0.21,0.10702148682143131","0,0,0"
23.9,143,AV,1,0,0,59,2335.4036410281064,0.1,-0.2629,"0.05,0.15666666666666668,0.5,0.1,0.59,0.1123151581396212","0,0,0"
15.983333333333333,242,AV,2,0,0,38,4756.448820673547,0.1,-0.17581666666666668,"0.0033333333333333335,0.15,0.05,0.1,0.38,0.22874902312038267","0,0,0"
28.166666666666668,81,AV,2,0,0,57,1297.4303329633815,0.1,-0.30983333333333335,"0.05,0.15666666666666668,0.4533333333333333,0.1,0.57,0.06239653414164128","0,0,0"
26.7,187,AV,1,0,0,64,3065.2253709468137,0.2,-0.3204,"0.05,0.18333333333333332,0.5233333333333333,0.2,0.64,0.14741403422661153","0,0,0"
12.55,189,AV,1,0,0,34,3131.512437779759,0.1,-0.13805,"0.0,0.12666666666666668,0.02,0.1,0.34,0.15060193813459566","0,0,0"
5.75,132,AV,1,0,0,0,2198.5025098873134,0.2,-0.069,"0.0,0.0,0.0,0.2,0.0,0.10573125464497639","0,0,0"
22.216666666666665,80,AV,2,0,0,48,1293.252850487379,0.3,-0.28881666666666667,"0.03666666666666667,0.15333333333333332,0.29,0.3,0.48,0.06219562899759039","0,0,0"
26.6,107,AV,2,0,0,57,1697.366940102563,0.9,-0.5054,"0.05,0.15666666666666668,0.4533333333333333,0.9,0.57,0.08163044406947123","0,0,0"
20.933333333333334,138,AV,2,0,0,47,2280.385817754286,0.5,-0.314,"0.03333333333333333,0.15333333333333332,0.2633333333333333,0.5,0.47,0.10966921916233309","0,0,0"
16.766666666666666,18,AV,2,0,0,41,741.34301771214,0.2,-0.2012,"0.006666666666666667,0.15,0.13,0.2,0.41,0.03565296242896494","0,0,0"
16.916666666666668,260,AV,0,0,0,43,5844.130995646287,0.3,-0.2455834424647701,"0.02666666666666667,0.15333333333333332,0.15333333333333332,0.3,0.43,0.28105826566054204","0,0,0"
27.083333333333332,3,AV,2,0,0,55,508.6019702527906,0.2,-0.32499999999999996,"0.05,0.15666666666666668,0.4166666666666667,0.2,0.55,0.024459887668034006","0,0,0"
30.566666666666666,244,AV,1,0,0,87,4950.077303955518,0.9,-0.5807666666666665,"0.056666666666666664,0.28,0.6366666666666667,0.9,0.87,0.23806108093261413","0,0,0"
30.816666666666666,295,AV,1,0,0,77,16390.717038727882,0.3,-0.4006166666666667,"0.05333333333333334,0.27666666666666667,0.5933333333333334,0.3,0.77,0.7882688644846343","0,0,0"
8.666666666666666,202,AV,1,0,0,22,3366.895459871004,0.1,-0.09533333333333333,"0.0,0.04,0.0,0.1,0.22,0.16192207178734694","0,0,0"
8.016666666666667,42,AV,1,0,0,19,934.0011274976006,0.4,-0.11223333333333334,"0.0,0.03333333333333333,0.0,0.4,0.19,0.04491835265414619","0,0,0"
19.35,164,AV,1,0,0,49,2750.2432356670683,0.1,-0.21285,"0.04,0.15333333333333332,0.31333333333333335,0.1,0.49,0.13226578845290615","0,0,0"
32.483333333333334,163,AV,2,0,0,70,2744.255474143275,0.1,-0.3573166666666667,"0.05333333333333334,0.25333333333333335,0.5733333333333334,0.1,0.7,0.13197782265092123","0,0,0"
14.083333333333334,79,AV,2,0,0,36,1291.2118623687816,0.1,-0.15491666666666667,"0.0,0.15,0.02666666666666667,0.1,0.36,0.062097472987522495","0,0,0"
27.366666666666667,278,AV,2,0,0,54,8348.421721831439,0.3,-0.3557666666666667,"0.05,0.15666666666666668,0.4,0.3,0.54,0.4014956084811817","0,0,0"
23.033333333333335,216,AV,2,0,0,48,3824.993837156676,0.3,-0.2994333333333334,"0.03666666666666667,0.15333333333333332,0.29,0.3,0.48,0.18395312063237393","0,0,0"
7.066666666666666,154,AV,1,0,0,13,2520.718778515204,0.4,-0.09893333333333333,"0.0,0.013333333333333334,0.0,0.4,0.13,0.12122740722876209","0,0,0"
28.166666666666668,93,AV,1,0,0,68,1527.6889462703334,0.9,-0.5351666666666667,"0.05333333333333334,0.22,0.5633333333333334,0.9,0.68,0.07347022269476662","0,0,0"
29.75,156,AV,2,0,0,62,2528.765907819195,0.3,-0.38675,"0.05,0.17666666666666667,0.5066666666666667,0.3,0.62,0.12161441296279007","0,0,0"
26.05,279,AV,1,0,0,63,8436.938288223368,0.1,-0.28655,"0.05,0.17666666666666667,0.5233333333333333,0.1,0.63,0.4057525822983113","0,0,0"
24.0,51,AV,2,0,0,52,979.573716991658,0.2,-0.288,"0.04666666666666667,0.15666666666666668,0.35333333333333333,0.2,0.52,0.04711004770246075","0,0,0"
33.4,192,AV,2,0,0,69,3159.4556453821087,0.1,-0.3674,"0.05333333333333334,0.25333333333333335,0.5633333333333334,0.1,0.69,0.15194579395705407","0,0,0"
16.216666666666665,4,AV,2,0,0,39,513.3463032142733,0.5,-0.24324999999999997,"0.006666666666666667,0.15,0.09,0.5,0.39,0.024688054010448962","0,0,0"
23.433333333333334,39,AV,2,0,0,51,921.9548251796884,0.1,-0.2577666666666667,"0.04666666666666667,0.15666666666666668,0.33666666666666667,0.1,0.51,0.04433901710543634","0,0,0"
16.433333333333334,114,AV,2,0,0,39,1823.811293294481,0.2,-0.1972,"0.006666666666666667,0.15,0.09,0.2,0.39,0.08771145605177698","0,0,0"
24.65,102,AV,1,0,0,60,1635.9686818612918,0.9,-0.46835,"0.05,0.16333333333333333,0.5,0.9,0.6,0.07867765468320913","0,0,0"
17.45,226,AV,2,0,0,40,4227.85786318916,0.6,-0.2792,"0.006666666666666667,0.15,0.10666666666666667,0.6,0.4,0.20332781715065273","0,0,0"
12.016666666666667,13,AV,2,0,0,24,632.5893922142865,0.1,-0.13218333333333335,"0.0,0.06666666666666667,0.0,0.1,0.24,0.030422739939172414","0,0,0"
26.533333333333335,255,AV,2,0,0,58,5578.433439706214,0.3,-0.34493333333333337,"0.05,0.15666666666666668,0.47,0.3,0.58,0.2682802334230043","0,0,0"
28.55,179,AV,1,0,0,68,2965.4163440895786,0.3,-0.37115000000000004,"0.05333333333333334,0.22,0.5633333333333334,0.3,0.68,0.14261397892212588","0,0,0"
13.883333333333333,43,AV,1,0,0,41,938.3100494872764,0.2,-0.1666,"0.006666666666666667,0.15,0.13,0.2,0.41,0.04512557903941836","0,0,0"
29.683333333333334,8,AV,1,0,0,74,614.9217871931492,0.1,-0.3265166666666667,"0.05333333333333334,0.2633333333333333,0.5833333333333334,0.1,0.74,0.029573062471416202","0,0,0"
25.766666666666666,65,AV,2,0,0,55,1117.0806745336297,0.1,-0.28343333333333337,"0.05,0.15666666666666668,0.4166666666666667,0.1,0.55,0.05372308684066549","0,0,0"
32.93333333333333,293,AV,2,0,0,76,14754.343640924068,0.1,-0.3622666666666667,"0.05333333333333334,0.27666666666666667,0.5866666666666667,0.1,0.76,0.7095717460418045","0,0,0"
29.666666666666668,252,AV,1,0,0,72,5458.612723313221,0.5,-0.44500000000000006,"0.05333333333333334,0.26,0.5766666666666667,0.5,0.72,0.2625177680086071","0,0,0"
30.0,137,AV,1,0,0,75,2276.662146114732,0.3,-0.39,"0.05333333333333334,0.27,0.5833333333333334,0.3,0.75,0.1094901388690128","0,0,0"
10.65,36,AV,1,0,0,30,870.7377108213431,0.1,-0.11715,"0.0,0.09,0.02,0.1,0.3,0.04187586332869553","0,0,0"
17.55,31,AV,2,0,0,41,825.4433072334436,0.3,-0.22815000000000002,"0.006666666666666667,0.15,0.13,0.3,0.41,0.039697546907310144","0,0,0"
27.766666666666666,181,AV,2,0,0,56,2969.8754393798326,0.4,-0.3887333333333333,"0.05,0.15666666666666668,0.43666666666666665,0.4,0.56,0.1428284275013291","0,0,0"
7.15,287,AV,1,0,0,12,11662.42845360034,0.3,-0.09295000000000002,"0.0,0.006666666666666667,0.0,0.3,0.12,0.5608741345806508","0,0,0"
23.566666666666666,290,AV,0,0,0,65,13748.957190518822,0.1,-0.27014325165815284,"0.05,0.21,0.5233333333333333,0.1,0.65,0.6612203021265304","0,0,0"
12.85,185,AV,1,0,0,34,3031.4508351358254,0.3,-0.16705,"0.0,0.12666666666666668,0.02,0.3,0.34,0.14578973585520302","0,0,0"
20.566666666666666,152,AV,0,0,0,52,2478.182963693478,0.9,-0.4512948852032191,"0.04666666666666667,0.15666666666666668,0.35333333333333333,0.9,0.52,0.1191817579523926","0,0,0"
25.166666666666668,97,AV,2,0,0,53,1588.8002265047048,0.1,-0.2768333333333334,"0.05,0.15666666666666668,0.38,0.1,0.53,0.07640921062090368","0,0,0"
21.533333333333335,223,AV,2,0,0,46,4159.866430607663,0.2,-0.2584,"0.03333333333333333,0.15333333333333332,0.22333333333333333,0.2,0.46,0.20005794620912742","0,0,0"
28.483333333333334,28,AV,1,0,0,68,814.1496548969513,0.4,-0.39876666666666666,"0.05333333333333334,0.22,0.5633333333333334,0.4,0.68,0.039154408100012306","0,0,0"
26.933333333333334,37,AV,2,0,0,56,871.0408974081768,0.3,-0.3501333333333333,"0.05,0.15666666666666668,0.43666666666666665,0.3,0.56,0.04189044429827518","0,0,0"
25.9,280,AV,2,0,0,55,8480.737499651503,0.1,-0.28490000000000004,"0.05,0.15666666666666668,0.4166666666666667,0.1,0.55,0.407858991345347","0,0,0"
14.183333333333334,64,AV,2,0,0,38,1111.987968807459,0.7,-0.24111666666666667,"0.0033333333333333335,0.15,0.05,0.7,0.38,0.05347816641708441","0,0,0"
21.4,214,AV,2,0,0,47,3803.247088152212,0.2,-0.2568,"0.03333333333333333,0.15333333333333332,0.2633333333333333,0.2,0.47,0.18290726735435825","0,0,0"
27.883333333333333,118,AV,2,0,0,54,1900.764377468582,0.8,-0.5019,"0.05,0.15666666666666668,0.4,0.8,0.54,0.09141231429593938","0,0,0"
10.916666666666666,209,AV,1,0,0,30,3531.3895067900216,0.1,-0.12008333333333333,"0.0,0.09,0.02,0.1,0.3,0.16983298473111647","0,0,0"
12.966666666666667,21,AV,1,0,0,34,761.8437659652793,0.1,-0.14263333333333336,"0.0,0.12666666666666668,0.02,0.1,0.34,0.03663889254467645","0,0,0"
31.066666666666666,199,AV,2,0,0,66,3313.1900178081896,0.3,-0.40386666666666665,"0.05333333333333334,0.21,0.54,0.3,0.66,0.1593392483677569","0,0,0"
28.9,239,AV,1,0,0,68,4669.869929992837,0.4,-0.40459999999999996,"0.05333333333333334,0.22,0.5633333333333334,0.4,0.68,0.224585236772051","0,0,0"
33.016666666666666,296,AV,2,0,0,75,17322.90883950548,0.1,-0.36318333333333336,"0.05333333333333334,0.27,0.5833333333333334,0.1,0.75,0.833100202280572","0,0,0"
13.633333333333333,2,AV,2,0,0,36,497.26542980048754,0.2,-0.1636,"0.0,0.15,0.02666666666666667,0.2,0.36,0.023914686268460907","0,0,0"
17.383333333333333,95,AV,2,0,0,40,1567.0706205360798,0.1,-0.1912166666666667,"0.006666666666666667,0.15,0.10666666666666667,0.1,0.4,0.07536418179256658","0,0,0"
30.85,174,AV,2,0,0,66,2857.8751728516777,0.1,-0.33935000000000004,"0.05333333333333334,0.21,0.54,0.1,0.66,0.13744206626346972","0,0,0"
32.666666666666664,41,AV,2,0,0,73,932.1411738504048,0.1,-0.35933333333333334,"0.05333333333333334,0.2633333333333333,0.58,0.1,0.73,0.04482890302567631","0,0,0"
22.45,275,AV,2,0,0,50,8028.27043643778,0.4,-0.31429999999999997,"0.04666666666666667,0.15666666666666668,0.32,0.4,0.5,0.3860987658900816","0,0,0"
27.35,60,AV,2,0,0,58,1068.5648373754009,0.1,-0.30085000000000006,"0.05,0.15666666666666668,0.47,0.1,0.58,0.05138984395837567","0,0,0"
28.15,70,AV,2,0,0,58,1150.2916000513435,0.3,-0.36595,"0.05,0.15666666666666668,0.47,0.3,0.58,0.05532027984231857","0,0,0"
27.666666666666668,101,AV,2,0,0,57,1626.914224999384,0.1,-0.30433333333333334,"0.05,0.15666666666666668,0.4533333333333333,0.1,0.57,0.07824220415275356","0,0,0"
13.2,78,AV,1,0,0,35,1275.9312017726234,0.3,-0.1716,"0.0,0.14,0.023333333333333334,0.3,0.35,0.06136258939772906","0,0,0"
24.583333333333332,258,AV,2,0,0,54,5721.231751015957,0.1,-0.2704166666666667,"0.05,0.15666666666666668,0.4,0.1,0.54,0.2751477464451918","0,0,0"
12.566666666666666,119,AV,2,0,0,27,1921.5023446668008,0.1,-0.13823333333333335,"0.0,0.06666666666666667,0.013333333333333334,0.1,0.27,0.09240965283924012","0,0,0"
35.016666666666666,196,AV,2,0,0,79,3269.866339895674,0.2,-0.4202,"0.05333333333333334,0.28,0.5966666666666667,0.2,0.79,0.15725570886715387","0,0,0"
23.2,66,AV,2,0,0,50,1129.1321270070612,0.5,-0.348,"0.04666666666666667,0.15666666666666668,0.32,0.5,0.5,0.05430267007269716","0,0,0"
9.533333333333333,262,AV,1,0,0,23,5960.007005011629,0.1,-0.10486666666666666,"0.0,0.05,0.0,0.1,0.23,0.2866310206600706","0,0,0"
33.4,153,AV,2,0,0,66,2496.2043409386315,0.7,-0.5678,"0.05333333333333334,0.21,0.54,0.7,0.66,0.1200484491742544","0,0,0"
30.616666666666667,165,AV,1,0,0,87,2754.938443140308,0.4,-0.42863333333333337,"0.056666666666666664,0.28,0.6366666666666667,0.4,0.87,0.13249159223285706","0,0,0"
7.716666666666667,281,AV,1,0,0,16,8987.822610831106,0.2,-0.09259999999999999,"0.0,0.023333333333333334,0.0,0.2,0.16,0.4322459296252377","0,0,0"
22.066666666666666,158,AV,2,0,0,47,2563.744074524839,0.2,-0.2648,"0.03333333333333333,0.15333333333333332,0.2633333333333333,0.2,0.47,0.1232965968285517","0,0,0"
18.533333333333335,17,AV,2,0,0,41,682.056612603955,0.1,-0.2038666666666667,"0.006666666666666667,0.15,0.13,0.1,0.41,0.03280173712115302","0,0,0"
13.1,57,AV,1,0,0,35,1038.299283744561,0.3,-0.1703,"0.0,0.14,0.023333333333333334,0.3,0.35,0.04993430094965855","0,0,0"
24.9,294,AV,2,0,0,53,15725.918848752755,0.5,-0.3735,"0.05,0.15666666666666668,0.38,0.5,0.53,0.7562971262693423","0,0,0"
27.333333333333332,130,AV,2,0,0,58,2139.4702648744856,0.3,-0.35533333333333333,"0.05,0.15666666666666668,0.47,0.3,0.58,0.10289225250527183","0,0,0"
28.766666666666666,230,AV,1,0,0,68,4549.115907877681,0.4,-0.40273333333333333,"0.05333333333333334,0.22,0.5633333333333334,0.4,0.68,0.21877788644870882","0,0,0"
11.016666666666667,151,AV,1,0,0,31,2476.7926805910606,0.5,-0.16525,"0.0,0.09666666666666666,0.02,0.5,0.31,0.1191148959060364","0,0,0"
26.8,276,AV,1,0,0,64,8029.700924090037,0.3,-0.34840000000000004,"0.05,0.18333333333333332,0.5233333333333333,0.3,0.64,0.386167561469594","0,0,0"
32.96666666666667,32,AV,2,0,0,84,832.3173438658397,0.1,-0.36263333333333336,"0.05333333333333334,0.28,0.63,0.1,0.84,0.0400281358033201","0,0,0"
11.116666666666667,178,AV,1,0,0,31,2953.761118311176,0.2,-0.13340000000000002,"0.0,0.09666666666666666,0.02,0.2,0.31,0.14205345118145746","0,0,0"
26.183333333333334,271,AV,2,0,0,56,7177.938863287724,0.4,-0.3665666666666667,"0.05,0.15666666666666668,0.43666666666666665,0.4,0.56,0.345204282627472","0,0,0"
11.75,96,AV,0,0,0,41,1572.8756307612184,0.9,-0.318616726438126,"0.006666666666666667,0.15,0.13,0.9,0.41,0.07564335864661634","0,0,0"
27.866666666666667,277,AV,1,0,0,67,8331.964781214912,0.2,-0.3344,"0.05333333333333334,0.21,0.5633333333333334,0.2,0.67,0.4007041547661289","0,0,0"
13.066666666666666,141,AV,1,0,0,34,2318.1098695731453,0.9,-0.24826666666666664,"0.0,0.12666666666666668,0.02,0.9,0.34,0.1114834592239942","0,0,0"
26.75,63,AV,0,0,0,85,1097.8259349569896,0.9,-0.6448836822839558,"0.05333333333333334,0.28,0.6366666666666667,0.9,0.85,0.05279708026839882","0,0,0"
24.45,58,AV,2,0,0,52,1040.734547163155,0.3,-0.31785,"0.04666666666666667,0.15666666666666668,0.35333333333333333,0.3,0.52,0.05005141860382586","0,0,0"
27.983333333333334,123,AV,2,0,0,62,1996.532829496936,0.1,-0.3078166666666667,"0.05,0.17666666666666667,0.5066666666666667,0.1,0.62,0.0960180486732379","0,0,0"
23.25,288,AV,2,0,0,51,11940.25564443948,0.9,-0.44175,"0.04666666666666667,0.15666666666666668,0.33666666666666667,0.9,0.51,0.5742355100304415","0,0,0"
25.366666666666667,268,AV,1,0,0,60,6778.2755320215965,0.2,-0.30439999999999995,"0.05,0.16333333333333333,0.5,0.2,0.6,0.3259835151913118","0,0,0"
19.666666666666668,248,AV,2,0,0,45,5003.647877951615,0.1,-0.21633333333333338,"0.03333333333333333,0.15333333333333332,0.19666666666666666,0.1,0.45,0.24063741822365012","0,0,0"
20.583333333333332,88,AV,2,0,0,44,1475.2077210572677,0.1,-0.22641666666666665,"0.03333333333333333,0.15333333333333332,0.16666666666666666,0.1,0.44,0.07094627479744654","0,0,0"
26.95,35,AV,1,0,0,64,863.3540159882258,0.2,-0.3234,"0.05,0.18333333333333332,0.5233333333333333,0.2,0.64,0.04152076374836295","0,0,0"
27.1,89,AV,2,0,0,56,1485.5718097438446,0.2,-0.3252,"0.05,0.15666666666666668,0.43666666666666665,0.2,0.56,0.07144470866102204","0,0,0"
30.866666666666667,27,AV,1,0,0,88,807.7368269013535,0.2,-0.37039999999999995,"0.056666666666666664,0.29,0.6366666666666667,0.2,0.88,0.0388459998326814","0,0,0"
34.05,22,AV,2,0,0,82,767.6170681366935,0.9,-0.6469499999999999,"0.05333333333333334,0.28,0.62,0.9,0.82,0.036916544482430876","0,0,0"
30.9,134,AV,1,0,0,87,2218.0502812558643,0.1,-0.33990000000000004,"0.056666666666666664,0.28,0.6366666666666667,0.1,0.87,0.10667135381839783","0,0,0"
19.733333333333334,243,AV,2,0,0,45,4924.983441788647,0.3,-0.25653333333333334,"0.03333333333333333,0.15333333333333332,0.19666666666666666,0.3,0.45,0.2368542569609065","0,0,0"
20.716666666666665,83,AV,2,0,0,47,1365.417472605012,0.3,-0.26931666666666665,"0.03333333333333333,0.15333333333333332,0.2633333333333333,0.3,0.47,0.06566619862539994","0,0,0"
15.45,148,AV,2,0,0,40,2421.832203454489,0.5,-0.23175,"0.006666666666666667,0.15,0.10666666666666667,0.5,0.4,0.11647171484192467","0,0,0"
9.583333333333334,30,AV,1,0,0,23,822.5771428470101,0.3,-0.12458333333333335,"0.0,0.05,0.0,0.3,0.23,0.039559706192899544","0,0,0"
29.683333333333334,249,AV,2,0,0,65,5004.1281918097375,0.1,-0.3265166666666667,"0.05,0.21,0.5233333333333333,0.1,0.65,0.24066051766821034","0,0,0"
15.183333333333334,47,AV,0,0,0,42,954.0002559944874,0.3,-0.35461599554434514,"0.013333333333333334,0.15333333333333332,0.15333333333333332,0.3,0.42,0.045880158673594545","0,0,0"
11.416666666666666,146,AV,1,0,0,31,2392.7441380289174,0.2,-0.13699999999999998,"0.0,0.09666666666666666,0.02,0.2,0.31,0.1150728000629743","0,0,0"
20.766666666666666,98,AV,2,0,0,46,1594.6992934726818,0.5,-0.3115,"0.03333333333333333,0.15333333333333332,0.22333333333333333,0.5,0.46,0.07669291088913349","0,0,0"
29.283333333333335,128,AV,1,0,0,68,2117.047321722312,0.1,-0.3221166666666667,"0.05333333333333334,0.22,0.5633333333333334,0.1,0.68,0.10181387943012177","0,0,0"
22.816666666666666,298,AV,2,0,0,45,19040.472291926453,0.1,-0.25098333333333334,"0.03333333333333333,0.15333333333333332,0.19666666666666666,0.1,0.45,0.91570194503052","0,0,0"
23.933333333333334,26,AV,2,0,0,50,806.3598325453933,0.4,-0.3350666666666667,"0.04666666666666667,0.15666666666666668,0.32,0.4,0.5,0.03877977687399022","0,0,0"
17.083333333333332,147,AV,2,0,0,40,2421.0391237858234,0.5,-0.25625,"0.006666666666666667,0.15,0.10666666666666667,0.5,0.4,0.11643357373995898","0,0,0"
15.766666666666667,195,AV,2,0,0,40,3230.862018062417,0.4,-0.22073333333333334,"0.006666666666666667,0.15,0.10666666666666667,0.4,0.4,0.15537989755219744","0,0,0"
22.133333333333333,283,AV,2,0,0,50,9884.322174397852,0.3,-0.28773333333333334,"0.04666666666666667,0.15666666666666668,0.32,0.3,0.5,0.47536074219347274","0,0,0"
26.0,228,AV,2,0,0,57,4459.768546990965,0.1,-0.28600000000000003,"0.05,0.15666666666666668,0.4533333333333333,0.1,0.57,0.21448095773323778","0,0,0"
33.6,40,AV,2,0,0,81,932.0432837729122,0.2,-0.4032,"0.05333333333333334,0.28,0.6133333333333333,0.2,0.81,0.04482419525724574","0,0,0"
20.766666666666666,19,AV,2,0,0,46,743.7818724069466,0.9,-0.3945666666666666,"0.03333333333333333,0.15333333333333332,0.22333333333333333,0.9,0.46,0.035770252796212196","0,0,0"
10.4,126,AV,1,0,0,28,2046.5713793034688,0.1,-0.11440000000000002,"0.0,0.06666666666666667,0.02,0.1,0.28,0.09842452245612708","0,0,0"
8.716666666666667,106,AV,1,0,0,22,1682.490559712908,0.2,-0.1046,"0.0,0.04,0.0,0.2,0.22,0.08091500328370894","0,0,0"
15.033333333333333,48,AV,2,0,0,37,961.7772661313056,0.2,-0.18039999999999998,"0.0033333333333333335,0.15,0.043333333333333335,0.2,0.37,0.04625417372950396","0,0,0"
22.383333333333333,182,AV,2,0,0,48,2971.291490045772,0.1,-0.2462166666666667,"0.03666666666666667,0.15333333333333332,0.29,0.1,0.48,0.14289652877156978","0,0,0"
29.266666666666666,67,AV,1,0,0,68,1135.438045570021,0.2,-0.35119999999999996,"0.05333333333333334,0.22,0.5633333333333334,0.2,0.68,0.0546059368091927","0,0,0"
32.61666666666667,170,AV,2,0,0,79,2797.307504072895,0.3,-0.42401666666666665,"0.05333333333333334,0.28,0.5966666666666667,0.3,0.79,0.13452922191505445","0,0,0"
15.25,74,AV,0,0,0,42,1249.5878531833848,0.5,-0.34878957914432973,"0.013333333333333334,0.15333333333333332,0.15333333333333332,0.5,0.42,0.06009567462944302","0,0,0"
24.466666666666665,291,AV,2,0,0,50,14297.77376075636,0.9,-0.4648666666666666,"0.04666666666666667,0.15666666666666668,0.32,0.9,0.5,0.6876142062863859","0,0,0"
11.75,180,AV,0,0,0,41,2966.188350320237,0.1,-0.1798199511576214,"0.006666666666666667,0.15,0.13,0.1,0.41,0.14265110655195307","0,0,0"
26.15,111,AV,2,0,0,55,1794.439334206041,0.4,-0.3661,"0.05,0.15666666666666668,0.4166666666666667,0.4,0.55,0.08629888814619799","0,0,0"
7.366666666666666,125,AV,1,0,0,15,2044.1603053436156,0.1,-0.08103333333333333,"0.0,0.016666666666666666,0.0,0.1,0.15,0.09830856813100321","0,0,0"
12.05,251,AV,1,0,0,33,5434.023139443809,0.2,-0.1446,"0.0,0.11333333333333333,0.02,0.2,0.33,0.26133519598878074","0,0,0"
19.383333333333333,84,AV,2,0,0,44,1389.0632502942228,0.4,-0.27136666666666664,"0.03333333333333333,0.15333333333333332,0.16666666666666666,0.4,0.44,0.0668033807440888","0,0,0"
22.266666666666666,184,AV,2,0,0,48,3017.17067826153,0.5,-0.33399999999999996,"0.03666666666666667,0.15333333333333332,0.29,0.5,0.48,0.14510296888720728","0,0,0"
14.016666666666667,108,AV,2,0,0,36,1716.9764066453156,0.9,-0.26631666666666665,"0.0,0.15,0.02666666666666667,0.9,0.36,0.08257351031167907","0,0,0"
15.666666666666666,263,AV,2,0,0,38,5984.209260784091,0.1,-0.17233333333333334,"0.0033333333333333335,0.15,0.05,0.1,0.38,0.28779496514344177","0,0,0"
20.55,76,AV,0,0,0,49,1261.43865123121,0.2,-0.36551184708316536,"0.04,0.15333333333333332,0.31333333333333335,0.2,0.49,0.060665607909257666","0,0,0"
12.066666666666666,77,AV,2,0,0,26,1275.6237969650936,0.1,-0.13273333333333334,"0.0,0.06666666666666667,0.01,0.1,0.26,0.06134780556380672","0,0,0"
16.1,16,AV,2,0,0,38,676.2529471816457,0.2,-0.1932,"0.0033333333333333335,0.15,0.05,0.2,0.38,0.03252262494189429","0,0,0"
12.616666666666667,201,AV,1,0,0,33,3362.377553451843,0.2,-0.1514,"0.0,0.11333333333333333,0.02,0.2,0.33,0.16170479484000747","0,0,0"
26.766666666666666,237,AV,2,0,0,56,4660.29795945294,0.1,-0.2944333333333334,"0.05,0.15666666666666668,0.43666666666666665,0.1,0.56,0.2241248977685445","0,0,0"
29.45,94,AV,2,0,0,65,1541.4014724042315,0.4,-0.41229999999999994,"0.05,0.21,0.5233333333333333,0.4,0.65,0.07412969094006937","0,0,0"
25.116666666666667,193,AV,2,0,0,52,3169.820795106812,0.2,-0.30139999999999995,"0.04666666666666667,0.15666666666666668,0.35333333333333333,0.2,0.52,0.15244427884849596","0,0,0"
21.783333333333335,235,AV,2,0,0,47,4635.813442599864,0.9,-0.4138833333333333,"0.03333333333333333,0.15333333333333332,0.2633333333333333,0.9,0.47,0.222947378673338","0,0,0"
10.616666666666667,45,AV,1,0,0,29,946.2003450753726,0.9,-0.20171666666666668,"0.0,0.08,0.02,0.9,0.29,0.04550504226418034","0,0,0"
20.333333333333332,217,AV,2,0,0,46,3866.930621896856,0.9,-0.38633333333333325,"0.03333333333333333,0.15333333333333332,0.22333333333333333,0.9,0.46,0.18596996111648273","0,0,0"
30.8,267,AV,2,0,0,66,6434.117121135291,0.3,-0.40040000000000003,"0.05333333333333334,0.21,0.54,0.3,0.66,0.3094321123996473","0,0,0"
20.566666666666666,215,AV,0,0,0,49,3822.7735841463273,0.2,-0.2860385258237827,"0.04,0.15333333333333332,0.31333333333333335,0.2,0.49,0.18384634334403438","0,0,0"
23.4,194,AV,2,0,0,45,3225.188153267811,0.2,-0.2808,"0.03333333333333333,0.15333333333333332,0.19666666666666666,0.2,0.45,0.15510702779620594","0,0,0"
28.7,162,AV,2,0,0,58,2722.266725979925,0.1,-0.3157,"0.05,0.15666666666666668,0.47,0.1,0.58,0.13092033105337805","0,0,0"
30.233333333333334,122,AV,1,0,0,75,1963.0347272178835,0.2,-0.3628,"0.05333333333333334,0.27,0.5833333333333334,0.2,0.75,0.09440704465288248","0,0,0"
22.6,109,AV,2,0,0,47,1778.835052690156,0.1,-0.24860000000000002,"0.03333333333333333,0.15333333333333332,0.2633333333333333,0.1,0.47,0.08554844085078303","0,0,0"
23.816666666666666,205,AV,2,0,0,47,3386.12741774329,0.4,-0.3334333333333333,"0.03333333333333333,0.15333333333333332,0.2633333333333333,0.4,0.47,0.16284698273285247","0,0,0"
23.433333333333334,149,AV,2,0,0,48,2446.4664131825853,0.5,-0.35150000000000003,"0.03666666666666667,0.15333333333333332,0.29,0.5,0.48,0.11765643302624577","0,0,0"
21.316666666666666,55,AV,2,0,0,46,1020.7360413649084,0.7,-0.36238333333333334,"0.03333333333333333,0.15333333333333332,0.22333333333333333,0.7,0.46,0.04908964253144747","0,0,0"
29.6,257,AV,1,0,0,70,5654.280440205098,0.6,-0.4736000000000001,"0.05333333333333334,0.25333333333333335,0.5733333333333334,0.6,0.7,0.2719278974523786","0,0,0"
9.916666666666666,286,AV,1,0,0,28,11515.391842589095,0.2,-0.119,"0.0,0.06666666666666667,0.02,0.2,0.28,0.5538027915682833","0,0,0"
19.583333333333332,161,AV,2,0,0,43,2648.588416164911,0.1,-0.21541666666666667,"0.02666666666666667,0.15333333333333332,0.15333333333333332,0.1,0.43,0.1273769645564883","0,0,0"
18.566666666666666,270,AV,2,0,0,44,7128.986247371214,0.2,-0.2228,"0.03333333333333333,0.15333333333333332,0.16666666666666666,0.2,0.44,0.34285003400790975","0,0,0"
21.2,155,AV,2,0,0,46,2520.757475212996,0.5,-0.318,"0.03333333333333333,0.15333333333333332,0.22333333333333333,0.5,0.46,0.12122926824569963","0,0,0"
