travel_time,id,kind,action,origin,destination,start_time,income,urgency,reward,observation,cost_table
18.25,109,AV,1,0,0,19,1659.6531244520008,0.3,-2.294596175852198,"0.17751111111111112,0.2526902654867257,0.3392231182795698,0.3,0.19,0.07981669628967558","0,0,0"
14.633333333333333,84,AV,1,0,0,5,1444.5182772575097,0.4,-2.135163379515309,"0.15056666666666665,0.2247871287128713,0.34125603864734294,0.4,0.05,0.06947034589460839","0,0,0"
21.833333333333332,174,AV,0,0,0,66,2758.442965787371,0.1,-7.520858705884451,"0.1749722222222222,0.22754090909090913,0.34886764705882345,0.1,0.66,0.13266013312591463","0,0,0"
31.4,6,AV,1,0,0,63,508.6019702527906,0.3,-1.2098562019649712,"0.1934259259259259,0.23256465517241373,0.32764150943396225,0.3,0.63,0.024459887668034006","0,0,0"
35.68333333333333,121,AV,2,0,0,52,1822.2981036688468,0.7,-11.49443673387416,"0.18082407407407408,0.27168730158730164,0.3603713450292397,0.7,0.52,0.08763868313616077","0,0,0"
35.36666666666667,235,AV,1,0,0,87,4381.240268036911,0.1,-3.9128753572282515,"0.16613888888888892,0.24628216374269002,0.33165804597701154,0.1,0.87,0.2107043445969861","0,0,0"
37.18333333333333,131,AV,2,0,0,70,1975.501985353583,0.4,-7.419772608289298,"0.2498703703703704,0.28046218487394947,0.37534677419354845,0.4,0.7,0.09500662497573499","0,0,0"
34.266666666666666,187,AV,2,0,0,38,2968.817229463249,0.1,-2.568976525158434,"0.1650079365079365,0.25865533980582517,0.3391944444444445,0.1,0.38,0.14277753565032827","0,0,0"
31.85,278,AV,1,0,0,65,7332.887514065835,0.3,-17.69336873659067,"0.20383333333333337,0.27856250000000005,0.35491388888888886,0.3,0.65,0.3526561345942708","0,0,0"
45.916666666666664,199,AV,2,0,0,91,3387.2787239910285,0.2,-7.855179195787277,"0.20778571428571432,0.29879127725856697,0.38223188405797104,0.2,0.91,0.16290235180953377","0,0,0"
37.56666666666667,99,AV,1,0,0,93,1581.4824060924602,0.2,-3.000556686306739,"0.1894537037037037,0.29476543209876543,0.37836458333333334,0.2,0.93,0.0760572790993459","0,0,0"
15.366666666666667,149,AV,1,0,0,6,2193.4249838744518,0.1,-0.8511522875135709,"0.19509375,0.2778717948717949,0.37989999999999996,0.1,0.06,0.10548706425018813","0,0,0"
30.5,94,AV,1,0,0,64,1519.7273932229994,0.5,-5.85248554208352,"0.21502941176470589,0.29098672566371675,0.3726972222222221,0.5,0.64,0.07308733252801383","0,0,0"
35.21666666666667,198,AV,1,0,0,83,3366.895459871004,0.3,-8.982639023620493,"0.20043181818181816,0.24714077669902912,0.350247311827957,0.3,0.83,0.16192207178734694","0,0,0"
37.916666666666664,258,AV,2,0,0,76,5168.6614957092925,0.3,-14.846849624669998,"0.19533333333333336,0.2876723163841807,0.3773954802259887,0.3,0.76,0.24857331857425743","0,0,0"
34.55,74,AV,2,0,0,52,1301.8927857652438,0.3,-3.4076057384991794,"0.16804166666666667,0.27269736842105263,0.35375277777777775,0.3,0.52,0.06261114419162438","0,0,0"
37.25,178,AV,2,0,0,69,2835.850686157305,0.7,-18.67293097008882,"0.16899358974358974,0.25440359477124186,0.33510483870967744,0.7,0.69,0.13638285591431848","0,0,0"
13.616666666666667,202,AV,0,0,0,30,3458.1247672483346,0.3,-9.567282746012486,"0.19020588235294117,0.23483333333333328,0.32789617486338796,0.3,0.3,0.16630950781983606","0,0,0"
36.85,76,AV,2,0,0,57,1317.647826688136,0.1,-1.226144505390349,"0.20440579710144932,0.27430841121495325,0.3615055555555556,0.1,0.57,0.06336884186823323","0,0,0"
6.816666666666666,157,AV,0,0,0,7,2302.618320259251,0.5,-7.9818411047685895,"0.22158974358974362,0.2887094801223241,0.38489655172413784,0.5,0.07,0.11073843349034766","0,0,0"
13.183333333333334,41,AV,1,0,0,4,912.6272274022258,0.2,-0.6076499468646134,"0.18742307692307686,0.27870289855072466,0.34350617283950613,0.2,0.04,0.04389043057374056","0,0,0"
25.133333333333333,30,AV,0,0,0,81,827.3783452591958,0.3,-7.5753617988016,"0.18201666666666663,0.2656746666666667,0.3590345911949685,0.3,0.81,0.03979060752349248","0,0,0"
20.733333333333334,136,AV,1,0,0,25,2043.1688306873104,0.2,-2.139479819339238,"0.1864117647058824,0.27003465346534655,0.3677083333333332,0.2,0.25,0.09826088573860729","0,0,0"
39.75,169,AV,1,0,0,100,2612.3907844155665,0.4,-10.489144816214019,"0.18694117647058822,0.2908696369636964,0.38112096774193543,0.4,1.0,0.12563613369419777","0,0,0"
28.2,184,AV,1,0,0,58,2909.8477340427667,0.3,-6.216492886364092,"0.1773,0.24153630363036302,0.32770056497175143,0.3,0.58,0.13994155128890565","0,0,0"
38.36666666666667,216,AV,1,0,0,97,3758.845856207275,1.0,-36.41777424658732,"0.18726190476190474,0.27120446735395193,0.36213080168776374,1.0,0.97,0.18077190569786353","0,0,0"
23.733333333333334,91,AV,1,0,0,40,1475.2077210572677,0.3,-2.6523936802847845,"0.21020833333333336,0.2468423423423423,0.35729674796747973,0.3,0.4,0.07094627479744654","0,0,0"
25.933333333333334,226,AV,1,0,0,45,4015.909421979459,0.2,-5.259894832154914,"0.20532291666666666,0.2626238095238096,0.3432213930348258,0.2,0.45,0.19313470865595408","0,0,0"
39.06666666666667,15,AV,1,0,0,98,616.3739675020589,0.7,-4.256508442244858,"0.18494444444444447,0.2728580858085808,0.36796376811594206,0.7,0.98,0.02964290130277584","0,0,0"
13.433333333333334,154,AV,1,0,0,0,2260.56382504795,0.3,-2.3005232866018277,"0.16613636363636364,0.2348333333333333,0.3255847457627119,0.3,0.0,0.10871593202757703","0,0,0"
18.65,151,AV,0,0,0,59,2215.952556227922,0.3,-9.130872361640208,"0.17061764705882354,0.2535395833333334,0.35792857142857143,0.3,0.59,0.10657046919438351","0,0,0"
34.65,119,AV,2,0,0,61,1805.1606101798543,0.3,-4.738546601722118,"0.21808333333333332,0.28331333333333336,0.3775681818181818,0.3,0.61,0.08681450000245393","0,0,0"
15.133333333333333,132,AV,1,0,0,7,1993.780724220221,0.5,-3.809665188535271,"0.2128125,0.2758262711864407,0.375645061728395,0.5,0.07,0.09588569333476842","0,0,0"
16.166666666666668,66,AV,1,0,0,12,1194.3606142611325,0.8,-3.9007737233444404,"0.18258974358974359,0.24524104683195588,0.3284196428571429,0.8,0.12,0.05743966435173499","0,0,0"
23.616666666666667,13,AV,1,0,0,38,610.4868582393152,1.0,-3.6408244028834584,"0.17446296296296296,0.2407811447811448,0.3488949771689498,1.0,0.38,0.029359776109248604","0,0,0"
39.2,122,AV,1,0,0,98,1824.367004680513,0.2,-3.611878110276572,"0.13130208333333332,0.26320061728395067,0.335070987654321,0.2,0.98,0.08773818154415255","0,0,0"
35.416666666666664,225,AV,2,0,0,64,3942.222625638348,0.3,-10.57730186803218,"0.16184523809523813,0.2563399339933993,0.34850000000000003,0.3,0.64,0.18959093402168548","0,0,0"
25.15,110,AV,1,0,0,49,1684.196745492046,0.1,-1.0696350542708324,"0.19071052631578947,0.26866987179487184,0.35871393034825877,0.1,0.49,0.08099705784688291","0,0,0"
43.483333333333334,293,AV,2,0,0,67,13430.196447392702,0.1,-14.74721487005369,"0.21760256410256415,0.2727126436781609,0.35742349726775957,0.1,0.67,0.6458903340456582","0,0,0"
23.516666666666666,125,AV,0,0,0,70,1885.557658153182,0.1,-7.119748255746692,"0.18071666666666666,0.2754392523364486,0.34836559139784945,0.1,0.7,0.09068098671954573","0,0,0"
28.55,96,AV,1,0,0,58,1546.5147326922538,0.1,-1.11497463682737,"0.19284615384615386,0.26509210526315785,0.3550952380952381,0.1,0.58,0.07437559988179109","0,0,0"
28.866666666666667,259,AV,2,0,0,30,5304.212874057136,0.1,-3.866539014253771,"0.1522291666666667,0.22542134831460675,0.3256794871794872,0.1,0.3,0.25509230922226356","0,0,0"
23.883333333333333,231,AV,1,0,0,39,4223.122456076251,0.4,-10.188105184439845,"0.15691666666666668,0.26456887052341593,0.3545952380952381,0.4,0.39,0.20310008007368746","0,0,0"
18.516666666666666,179,AV,1,0,0,17,2838.632091159661,0.2,-2.6546466778437567,"0.17454761904761903,0.2552015873015872,0.3510234741784037,0.2,0.17,0.13651662034681394","0,0,0"
14.6,72,AV,1,0,0,4,1291.2118623687816,0.2,-0.9521057166961723,"0.1881893939393939,0.23414797507788163,0.3311448087431695,0.2,0.04,0.062097472987522495","0,0,0"
18.55,159,AV,1,0,0,16,2397.5381966938494,0.2,-2.246178462054086,"0.26106250000000003,0.3082783018867924,0.3956111111111111,0.2,0.16,0.11530335783364105","0,0,0"
17.35,114,AV,1,0,0,16,1778.835052690156,0.3,-2.3380900124374397,"0.15691666666666665,0.23620312499999996,0.32547222222222216,0.3,0.16,0.08554844085078303","0,0,0"
38.666666666666664,14,AV,1,0,0,97,615.3970356119416,1.0,-6.008927283752965,"0.18038888888888888,0.26866190476190477,0.3611766169154229,1.0,0.97,0.029595918306859183","0,0,0"
38.8,40,AV,2,0,0,72,902.2448599555772,0.3,-2.652053073202757,"0.16329999999999997,0.2571833333333333,0.3361304347826086,0.3,0.72,0.04339111764078622","0,0,0"
33.13333333333333,223,AV,2,0,0,50,3919.41152379869,0.1,-3.2793729416295436,"0.22661111111111112,0.2745363636363636,0.3671055555555555,0.1,0.5,0.18849389346499082","0,0,0"
33.333333333333336,1,AV,2,0,0,39,419.7646265090227,0.4,-1.4133489108047905,"0.1602380952380952,0.2448672839506173,0.3253448275862069,0.4,0.39,0.02018748689927752","0,0,0"
16.3,240,AV,1,0,0,6,4572.8741748457805,0.4,-7.529075661614772,"0.1701111111111111,0.26721241830065356,0.362681592039801,0.4,0.06,0.21992047844641197","0,0,0"
31.8,28,AV,1,0,0,71,813.126641713825,0.2,-1.3059306669949313,"0.17313636363636362,0.24482721712538222,0.3467499999999999,0.2,0.71,0.03910520894427614","0,0,0"
28.916666666666668,51,AV,2,0,0,18,968.7072844723906,0.3,-2.122104972928785,"0.1747,0.2702993827160494,0.33485879629629633,0.3,0.18,0.04658745492005087","0,0,0"
34.13333333333333,145,AV,1,0,0,77,2123.4400354784907,0.3,-5.490915647297916,"0.18930303030303033,0.2890064102564103,0.38225476190476193,0.3,0.77,0.1021213203554731","0,0,0"
28.816666666666666,35,AV,2,0,0,30,859.2772315809713,0.8,-5.002324354893937,"0.207051282051282,0.2839108187134503,0.3777275132275132,0.8,0.3,0.041324701415771756","0,0,0"
33.61666666666667,247,AV,1,0,0,78,4818.617258984985,0.7,-28.633862407242844,"0.1837063492063492,0.26010734463276836,0.3539042553191489,0.7,0.78,0.23173885231203734","0,0,0"
24.466666666666665,155,AV,1,0,0,41,2276.662146114732,0.3,-4.219873775879327,"0.2020833333333333,0.2612899159663865,0.3570382513661203,0.3,0.41,0.1094901388690128","0,0,0"
22.95,17,AV,2,0,0,9,632.5893922142865,0.7,-2.56630014796023,"0.1825714285714286,0.24756515151515152,0.3444077380952381,0.7,0.09,0.030422739939172414","0,0,0"
42.85,25,AV,2,0,0,79,753.7709081553346,0.2,-1.631266839113944,"0.17479629629629628,0.2574125683060109,0.35453389830508464,0.2,0.79,0.036250649465136044","0,0,0"
27.483333333333334,210,AV,1,0,0,51,3628.2404526711953,0.8,-20.144675105908423,"0.21905833333333327,0.27538301282051286,0.37262698412698414,0.8,0.51,0.17449077883210845","0,0,0"
28.85,105,AV,2,0,0,35,1597.8734280578535,0.4,-4.656429131259503,"0.22663541666666664,0.2590133928571428,0.3538006535947713,0.4,0.35,0.07684556262848466","0,0,0"
25.066666666666666,38,AV,1,0,0,41,877.2934597877683,0.1,-0.5553238061956244,"0.20938095238095236,0.28723076923076923,0.3873474576271186,0.1,0.41,0.04219114500803879","0,0,0"
25.15,59,AV,1,0,0,39,1040.734547163155,0.1,-0.660971562150337,"0.16608333333333333,0.2592693452380953,0.3469842767295597,0.1,0.39,0.05005141860382586","0,0,0"
34.8,173,AV,2,0,0,45,2750.2432356670683,0.3,-7.250641257667725,"0.17106410256410257,0.284493769470405,0.3555238095238096,0.3,0.45,0.13226578845290615","0,0,0"
46.75,200,AV,2,0,0,80,3414.9419898187493,0.1,-4.0315287379804685,"0.18462280701754386,0.2722021604938271,0.35262893081761004,0.1,0.8,0.1642327445611401","0,0,0"
39.31666666666667,98,AV,1,0,0,100,1579.1767070066765,0.6,-9.407267302597853,"0.13924358974358975,0.23887578616352198,0.3316062801932367,0.6,1.0,0.0759463925044581","0,0,0"
21.45,224,AV,1,0,0,29,3933.772930850901,0.1,-2.1307936708775714,"0.21035897435897438,0.29028968253968257,0.35767251461988303,0.1,0.29,0.1891845679487672","0,0,0"
32.6,153,AV,1,0,0,73,2225.3307045190536,0.2,-3.6639283316828863,"0.18091228070175436,0.22981289308176098,0.33398717948717954,0.2,0.73,0.10702148682143131","0,0,0"
34.68333333333333,291,AV,1,0,0,83,11185.875164713363,0.3,-29.391169466879422,"0.16141666666666665,0.26412648809523803,0.34951322751322755,0.3,0.83,0.5379555448075637","0,0,0"
35.766666666666666,246,AV,2,0,0,53,4735.166802079286,0.3,-12.830388834926953,"0.18640476190476188,0.2500017361111111,0.3541805555555555,0.3,0.53,0.22772551984156938","0,0,0"
46.11666666666667,97,AV,2,0,0,93,1567.0706205360798,0.2,-3.64990269951459,"0.1507361111111111,0.23134006734006735,0.3204329004329004,0.2,0.93,0.07536418179256658","0,0,0"
30.0,142,AV,2,0,0,41,2105.6010448069283,0.4,-6.380609226687661,"0.19116666666666668,0.2624871794871795,0.3665190476190476,0.4,0.41,0.10126340054104405","0,0,0"
23.533333333333335,266,AV,2,0,0,14,5557.427333357366,0.2,-6.605292419781651,"0.2522745098039215,0.3039216666666667,0.3784748858447488,0.2,0.14,0.26726999942532587","0,0,0"
35.21666666666667,137,AV,2,0,0,55,2044.1603053436156,0.1,-1.8178917193565067,"0.19839814814814816,0.26876168224299063,0.36270256410256413,0.1,0.55,0.09830856813100321","0,0,0"
17.666666666666668,255,AV,1,0,0,17,5003.647877951615,0.8,-17.85813720750408,"0.1669545454545455,0.24487962962962964,0.34597417840375577,0.8,0.17,0.24063741822365012","0,0,0"
43.0,195,AV,2,0,0,83,3274.575105225111,0.3,-10.667176479142407,"0.1884761904761905,0.2845968253968254,0.3640117370892019,0.3,0.83,0.15748216467690215","0,0,0"
31.333333333333332,42,AV,1,0,0,70,923.9636394510808,0.3,-2.1932470229394343,"0.16700000000000004,0.24668260869565212,0.3325081967213116,0.3,0.7,0.04443562579808411","0,0,0"
25.916666666666668,93,AV,1,0,0,42,1517.942512651984,0.4,-3.973738395915548,"0.16449999999999998,0.2606404320987654,0.3542238805970149,0.4,0.42,0.07300149334369807","0,0,0"
25.983333333333334,124,AV,1,0,0,53,1880.1756700095973,0.4,-4.934669814048759,"0.17445238095238097,0.2418378787878788,0.3485940860215053,0.4,0.53,0.0904221540112152","0,0,0"
27.65,2,AV,1,0,0,58,449.0833195935783,0.3,-0.9406934686941242,"0.21962745098039213,0.30535863095238097,0.3960819672131147,0.3,0.58,0.021597493115072083","0,0,0"
17.716666666666665,253,AV,1,0,0,15,4951.479839002994,0.4,-8.860981597407715,"0.1851025641025641,0.25470440251572324,0.35802923976608186,0.4,0.15,0.23812853220437127","0,0,0"
24.266666666666666,148,AV,2,0,0,10,2187.718469250836,0.1,-1.3406220922681888,"0.17505882352941174,0.2657803738317757,0.3421432291666667,0.1,0.1,0.10521262428567076","0,0,0"
26.8,296,AV,1,0,0,46,14312.770160915026,0.1,-9.68642020991219,"0.16622619047619047,0.24726234567901234,0.3503793103448276,0.1,0.46,0.6883354191104801","0,0,0"
28.55,283,AV,2,0,0,5,8436.938288223368,0.3,-18.248074858240695,"0.1908571428571429,0.2689227272727273,0.356537558685446,0.3,0.05,0.4057525822983113","0,0,0"
20.033333333333335,87,AV,1,0,0,24,1460.106853854364,0.2,-1.4773135002802573,"0.21291666666666667,0.26709523809523805,0.3466497175141243,0.2,0.24,0.07022003790282866","0,0,0"
20.733333333333334,172,AV,1,0,0,24,2747.619709803412,0.1,-1.4385685686007765,"0.1540350877192982,0.23938226299694187,0.3443448275862069,0.1,0.24,0.13213961680656489","0,0,0"
24.15,233,AV,2,0,0,16,4266.216809230351,0.1,-2.601745857144267,"0.2121764705882353,0.24587272727272727,0.3353427672955975,0.1,0.16,0.20517259079705716","0,0,0"
17.016666666666666,113,AV,1,0,0,14,1717.0377309640771,0.4,-2.951339264838927,"0.18338888888888893,0.23918750000000005,0.3451021505376344,0.4,0.14,0.08257645954513855","0,0,0"
19.333333333333332,262,AV,1,0,0,25,5394.467136051333,0.3,-7.9009872194691235,"0.18087777777777778,0.24509201388888888,0.33730324074074075,0.3,0.25,0.2594328529854781","0,0,0"
19.283333333333335,90,AV,1,0,0,19,1474.807688008607,1.0,-7.181618245058748,"0.16045833333333334,0.23711054421768707,0.3194537037037037,1.0,0.19,0.07092703624941481","0,0,0"
26.566666666666666,130,AV,1,0,0,53,1945.516475481125,0.3,-3.9155975529253952,"0.2126833333333333,0.291233630952381,0.380089947089947,0.3,0.53,0.09356454994251304","0,0,0"
40.35,49,AV,1,0,0,100,950.4213588862824,0.2,-1.9368435268212876,"0.19338095238095238,0.24768350168350167,0.3404713541666667,0.2,1.0,0.04570804093445438","0,0,0"
28.9,205,AV,2,0,0,32,3487.44186130441,0.5,-12.725640125214325,"0.15601041666666668,0.256287037037037,0.3451031746031746,0.5,0.32,0.16771943713451876","0,0,0"
28.7,133,AV,0,0,0,94,2011.9739719035176,0.7,-16.207211387763046,"0.20354999999999998,0.2604285714285714,0.34422674418604643,0.7,0.94,0.09676065021790628","0,0,0"
31.916666666666668,250,AV,1,0,0,69,4889.272753955773,0.4,-15.76255441721432,"0.21057291666666664,0.2884781931464175,0.36009701492537305,0.4,0.69,0.2351368443985718","0,0,0"
16.783333333333335,243,AV,0,0,0,51,4662.282088415262,0.4,-13.903902463020486,"0.179875,0.26391423948220066,0.35632666666666674,0.4,0.51,0.2242203192855181","0,0,0"
35.1,138,AV,1,0,0,81,2052.607856914241,0.3,-5.458070892249232,"0.1296969696969697,0.25847849462365596,0.3529212121212121,0.3,0.81,0.09871483113148809","0,0,0"
13.9,71,AV,1,0,0,5,1275.9312017726234,0.4,-1.7914589600645925,"0.17839583333333334,0.2758487654320988,0.3686919191919192,0.4,0.05,0.06136258939772906","0,0,0"
29.1,248,AV,1,0,0,59,4843.3187157075145,0.2,-7.118210839751954,"0.2131458333333333,0.25851023391812866,0.3525361111111111,0.2,0.59,0.2329268045654853","0,0,0"
16.266666666666666,58,AV,1,0,0,12,1022.032321197676,0.4,-1.6792988981295145,"0.14666666666666667,0.2488092948717949,0.3384047619047619,0.4,0.12,0.049151983735277405","0,0,0"
23.35,33,AV,1,0,0,39,854.5785374972068,0.5,-2.519496066989871,"0.19245555555555557,0.274858024691358,0.376547263681592,0.5,0.39,0.04109872995636468","0,0,0"
19.016666666666666,107,AV,1,0,0,23,1626.914224999384,0.1,-0.7812748866684752,"0.14084848484848486,0.24109876543209882,0.3406432291666666,0.1,0.23,0.07824220415275356","0,0,0"
38.25,61,AV,1,0,0,98,1074.3823512953045,0.9,-9.339801122055773,"0.15160606060606058,0.2573162393162393,0.33790277777777783,0.9,0.98,0.0516696221450731","0,0,0"
25.833333333333332,0,AV,1,0,0,50,388.2787303527966,0.3,-0.7598889293520639,"0.16054901960784312,0.22347306397306396,0.3268848039215686,0.3,0.5,0.01867325469383425","0,0,0"
28.416666666666668,143,AV,1,0,0,55,2108.868816674547,0.2,-3.026617283190322,"0.23057692307692307,0.23835784313725492,0.3304055555555556,0.2,0.55,0.10142055552171977","0,0,0"
29.016666666666666,19,AV,1,0,0,64,640.5426603936758,0.7,-3.2854770211354065,"0.14958333333333335,0.27212621359223294,0.3459082125603865,0.7,0.64,0.03080523166677017","0,0,0"
34.71666666666667,65,AV,1,0,0,84,1150.4391077840953,0.2,-2.0171419709716085,"0.19854166666666667,0.2574254385964912,0.3722768817204301,0.2,0.84,0.05532737384270454","0,0,0"
29.35,150,AV,2,0,0,22,2198.5025098873134,0.5,-8.147228366817254,"0.18406349206349204,0.28430685358255453,0.3576344086021505,0.5,0.22,0.10573125464497639","0,0,0"
25.6,282,AV,2,0,0,8,8348.421721831439,0.8,-43.17567597553229,"0.17420833333333335,0.2647461059190031,0.3383934426229508,0.8,0.08,0.4014956084811817","0,0,0"
34.15,83,AV,2,0,0,50,1434.2863071033526,0.4,-4.947563372482777,"0.16966666666666666,0.23900623052959502,0.36597368421052634,0.4,0.5,0.06897826592789302","0,0,0"
37.483333333333334,214,AV,2,0,0,70,3724.6301341612702,0.1,-3.5255442641955796,"0.16519841269841268,0.2474320388349515,0.3633358974358974,0.1,0.7,0.17912638962306346","0,0,0"
32.483333333333334,10,AV,2,0,0,46,583.3206434887895,0.9,-4.306408841513829,"0.18566666666666667,0.23268055555555547,0.3374879227053139,0.9,0.46,0.028053287735180215","0,0,0"
21.8,20,AV,0,0,0,68,646.5589615252754,0.5,-7.779669868844824,"0.21799074074074073,0.259826984126984,0.3579207650273225,0.5,0.68,0.031094570006892704","0,0,0"
11.966666666666667,12,AV,0,0,0,22,597.1498506777683,0.2,-6.36090369763185,"0.169421568627451,0.26172368421052633,0.3499802259887005,0.2,0.22,0.02871836745206032","0,0,0"
37.15,75,AV,2,0,0,45,1310.9401185904849,0.2,-2.459667949779622,"0.14411904761904762,0.26116820987654316,0.3374885057471266,0.2,0.45,0.06304625211008313","0,0,0"
22.966666666666665,152,AV,1,0,0,37,2218.0502812558643,0.5,-6.431972406503747,"0.16491666666666668,0.26061842105263155,0.329406862745098,0.5,0.37,0.10667135381839783","0,0,0"
32.4,251,AV,1,0,0,68,4934.883137056144,0.4,-16.15052663036556,"0.1822647058823529,0.2784935275080906,0.34984166666666666,0.4,0.68,0.23733035703199037","0,0,0"
35.56666666666667,289,AV,2,0,0,56,10838.007207066395,0.1,-9.73413610264297,"0.11943939393939393,0.23861467889908256,0.341252380952381,0.1,0.56,0.5212257410218565","0,0,0"
34.483333333333334,241,AV,1,0,0,75,4617.1597275219765,0.1,-4.020582271146032,"0.13441666666666668,0.22870238095238096,0.33759343434343436,0.1,0.75,0.2220502768096353","0,0,0"
34.333333333333336,103,AV,2,0,0,46,1594.6992934726818,0.6,-8.295657940792234,"0.15246825396825398,0.2554072327044025,0.3278304093567252,0.6,0.46,0.07669291088913349","0,0,0"
26.966666666666665,55,AV,1,0,0,48,1014.5614647146556,0.5,-3.454462226238032,"0.14660869565217394,0.2237827715355805,0.3025437158469945,0.5,0.48,0.04879269234230884","0,0,0"
37.516666666666666,158,AV,1,0,0,92,2352.9451803313505,0.1,-2.2291580811977565,"0.17306666666666667,0.25402553763440855,0.3533954248366013,0.1,0.92,0.11315877280487406","0,0,0"
23.616666666666667,275,AV,0,0,0,73,7081.334819999852,0.2,-14.446339595908915,"0.16908333333333336,0.23969696969696966,0.3346078431372549,0.2,0.73,0.34055836266392014","0,0,0"
36.68333333333333,77,AV,2,0,0,67,1323.5149786113286,0.4,-4.904135467884737,"0.1775333333333333,0.271196261682243,0.36041176470588243,0.4,0.67,0.06365100726547157","0,0,0"
37.86666666666667,272,AV,1,0,0,93,5985.732437913218,0.7,-40.06611476960093,"0.2051862745098039,0.2607237654320988,0.3502102564102565,0.7,0.93,0.2878682183820371","0,0,0"
31.816666666666666,88,AV,1,0,0,72,1460.8215047913693,0.2,-2.3473975190628993,"0.20992424242424246,0.2694619047619048,0.3674867724867725,0.2,0.72,0.07025440717912602","0,0,0"
35.483333333333334,45,AV,1,0,0,84,943.1907669438916,0.7,-5.915981481382499,"0.20752941176470593,0.3057861635220126,0.4073179487179487,0.7,0.84,0.04536030443906415","0,0,0"
25.016666666666666,80,AV,1,0,0,47,1391.0507319816634,0.5,-4.393870262425245,"0.14748484848484847,0.21833933933933924,0.3159195402298851,0.5,0.47,0.06689896350164852","0,0,0"
39.35,160,AV,1,0,0,100,2401.1770329784995,0.1,-2.3860180870632313,"0.21012280701754388,0.26534782608695645,0.3702738095238095,0.1,1.0,0.11547835819142706","0,0,0"
24.583333333333332,197,AV,2,0,0,16,3361.758609282253,0.3,-6.260850945317327,"0.23257142857142857,0.28103581267217626,0.36345277777777774,0.3,0.16,0.16167502833152653","0,0,0"
21.766666666666666,123,AV,1,0,0,30,1830.3424648913517,1.0,-10.060720787660374,"0.20858333333333337,0.26145108695652175,0.3510785714285714,1.0,0.3,0.08802555574651609","0,0,0"
38.88333333333333,167,AV,2,0,0,71,2496.2043409386315,0.1,-2.451028925677537,"0.15738888888888888,0.24207798165137615,0.32148941798941794,0.1,0.71,0.1200484491742544","0,0,0"
20.166666666666668,106,AV,1,0,0,28,1614.9493849180149,0.1,-0.8224279275045446,"0.1811388888888889,0.2518613707165109,0.35814084507042254,0.1,0.28,0.07766678631823196","0,0,0"
22.183333333333334,196,AV,1,0,0,33,3278.222126324269,0.2,-3.6728229378262647,"0.17778888888888889,0.24370491803278685,0.35744339622641513,0.2,0.33,0.1576575586620336","0,0,0"
27.45,192,AV,1,0,0,56,3230.862018062417,0.5,-11.197874039875423,"0.19944166666666668,0.2676307189542484,0.3386151960784314,0.5,0.56,0.15537989755219744","0,0,0"
23.383333333333333,156,AV,1,0,0,35,2293.603195459698,0.1,-1.3543456579250657,"0.16993137254901963,0.2651285714285714,0.34925490196078435,0.1,0.35,0.11030487453303418","0,0,0"
37.96666666666667,22,AV,1,0,0,90,736.5379020629116,0.1,-0.7061588135098117,"0.129625,0.24155929487179484,0.3271904761904762,0.1,0.9,0.03542187290142414","0,0,0"
28.416666666666668,126,AV,2,0,0,34,1899.102970895097,0.3,-4.088346673454724,"0.1731060606060606,0.27348209366391185,0.34264197530864204,0.3,0.34,0.09133241327208338","0,0,0"
31.15,164,AV,2,0,0,38,2436.431929205765,0.3,-5.749610196572695,"0.15024509803921565,0.2733348909657321,0.3579116161616161,0.3,0.38,0.11717385064309511","0,0,0"
15.166666666666666,176,AV,0,0,0,41,2793.3389947689566,0.1,-7.06983942981471,"0.17653921568627454,0.24745486111111106,0.3486298701298702,0.1,0.41,0.1343383667916745","0,0,0"
23.416666666666668,116,AV,1,0,0,34,1794.439334206041,1.0,-10.611057510772255,"0.20791666666666667,0.25261620795107037,0.35123387096774195,1.0,0.34,0.08629888814619799","0,0,0"
21.15,168,AV,1,0,0,28,2520.757475212996,0.7,-9.424195560739493,"0.15523529411764703,0.25597619047619047,0.3549051724137931,0.7,0.28,0.12122926824569963","0,0,0"
34.516666666666666,227,AV,1,0,0,81,4021.28082322038,0.8,-28.040648433971068,"0.1991666666666667,0.28459708737864076,0.3679565217391304,0.8,0.81,0.1933930322147629","0,0,0"
13.666666666666666,92,AV,1,0,0,3,1507.5005543882637,0.1,-0.5202653428444345,"0.2054444444444444,0.2742195512820512,0.35934482758620695,0.1,0.03,0.07249931454553503","0,0,0"
25.05,43,AV,1,0,0,48,926.7012599248138,0.1,-0.5862087515433483,"0.1616372549019608,0.23925084175084174,0.3303333333333333,0.1,0.48,0.04456728452766382","0,0,0"
25.166666666666668,244,AV,1,0,0,43,4705.31956239884,0.4,-11.9613342411149,"0.18533333333333335,0.28284242424242423,0.3699916666666666,0.4,0.43,0.2262900945532605","0,0,0"
14.633333333333333,242,AV,1,0,0,5,4656.548587392589,0.1,-1.7207279712671268,"0.1587017543859649,0.2507317460317461,0.3368888888888889,0.1,0.05,0.22394458148039434","0,0,0"
15.233333333333333,89,AV,1,0,0,11,1467.6871321740252,0.4,-2.2583603346920187,"0.19110714285714292,0.24077999999999997,0.31512938596491225,0.4,0.11,0.07058459165416232","0,0,0"
42.233333333333334,100,AV,2,0,0,73,1587.6148581174584,0.1,-1.6931885734299832,"0.14510714285714285,0.2514594594594594,0.3270123456790124,0.1,0.73,0.07635220341429991","0,0,0"
38.43333333333333,237,AV,1,0,0,94,4429.527615460413,0.1,-4.299028064499878,"0.19925490196078427,0.24053058103975533,0.3266666666666667,0.1,0.94,0.21302659886033296","0,0,0"
43.7,26,AV,2,0,0,100,776.0711537761008,0.1,-0.856421955050899,"0.17509375,0.248059829059829,0.343625730994152,0.1,1.0,0.03732312172194307","0,0,0"
39.166666666666664,213,AV,2,0,0,78,3667.3634505223554,0.7,-25.39062658295149,"0.15193333333333334,0.23105940594059407,0.3347595628415301,0.7,0.78,0.1763722975611855","0,0,0"
37.916666666666664,268,AV,1,0,0,94,5578.433439706214,0.1,-5.341303062008264,"0.17774358974358975,0.2270116666666667,0.31874462365591394,0.1,0.94,0.2682802334230043","0,0,0"
32.016666666666666,46,AV,2,0,0,24,946.1123250925148,0.3,-2.2948002228569706,"0.18434615384615383,0.26448082595870204,0.3607864583333333,0.3,0.24,0.04550080917225548","0,0,0"
39.56666666666667,297,AV,2,0,0,77,17322.90883950548,0.7,-121.15829086485778,"0.20972222222222223,0.2618857142857143,0.3593190476190477,0.7,0.77,0.833100202280572","0,0,0"
29.066666666666666,270,AV,2,0,0,19,5862.871835726062,0.5,-21.51693704020676,"0.1879215686274509,0.258625,0.34208743169398914,0.5,0.19,0.2819595575743898","0,0,0"
29.033333333333335,85,AV,1,0,0,60,1446.9812594843625,0.1,-1.0608759907498988,"0.16410256410256407,0.2510078616352201,0.3344084507042253,0.1,0.6,0.06958879661269593","0,0,0"
32.28333333333333,298,AV,1,0,0,72,18628.94525544202,0.2,-30.37396208736632,"0.1741111111111111,0.26440408805031446,0.3620601851851852,0.2,0.72,0.8959106235777834","0,0,0"
33.93333333333333,62,AV,1,0,0,80,1117.0806745336297,0.3,-2.871687188573826,"0.20777777777777778,0.2595794392523364,0.35412121212121206,0.3,0.8,0.05372308684066549","0,0,0"
32.46666666666667,5,AV,1,0,0,72,477.1303205766694,0.4,-1.5647304115881349,"0.1695595238095238,0.27416156462585034,0.3716717171717172,0.4,0.72,0.022946340609962184","0,0,0"
12.683333333333334,18,AV,1,0,0,2,636.6552097563458,0.6,-1.2234712490519677,"0.1610357142857143,0.2354883720930233,0.3436382978723404,0.6,0.02,0.030618274848933116","0,0,0"
20.716666666666665,190,AV,1,0,0,29,3031.4508351358254,0.1,-1.5858978906034642,"0.1840701754385965,0.27275079365079363,0.35246969696969693,0.1,0.29,0.14578973585520302","0,0,0"
22.816666666666666,292,AV,2,0,0,5,11662.42845360034,0.7,-47.0374797436246,"0.1730277777777778,0.2413102310231023,0.3306060606060607,0.7,0.05,0.5608741345806508","0,0,0"
32.63333333333333,79,AV,1,0,0,77,1386.7650627050614,0.2,-2.2855942700138976,"0.16965555555555556,0.24764603174603173,0.3358232323232322,0.2,0.77,0.06669285539507566","0,0,0"
27.45,3,AV,2,0,0,24,457.16351791608827,1.0,-3.168974385554703,"0.1577575757575758,0.26765327380952375,0.3794122807017544,1.0,0.24,0.021986089217454062","0,0,0"
14.733333333333333,39,AV,1,0,0,6,892.1845339920479,0.1,-0.3319407104583209,"0.19694736842105265,0.26177884615384617,0.35927611940298504,0.1,0.06,0.042907292454561666","0,0,0"
44.55,264,AV,2,0,0,92,5458.612723313221,0.1,-6.140939313727373,"0.21384848484848487,0.26500314465408814,0.3315317460317461,0.1,0.92,0.2625177680086071","0,0,0"
46.833333333333336,56,AV,2,0,0,79,1017.530975349866,0.4,-4.813572459146673,"0.1391666666666667,0.247021021021021,0.3274921875,0.4,0.79,0.048935503225503364","0,0,0"
13.65,252,AV,1,0,0,4,4950.268578812107,0.3,-5.1190277349079745,"0.21035714285714285,0.23296511627906974,0.3177581699346405,0.3,0.04,0.238070279798878","0,0,0"
37.95,222,AV,1,0,0,95,3882.59008652233,0.3,-11.162446498751699,"0.16754761904761906,0.2497163742690058,0.3360527777777778,0.3,0.95,0.18672306229989","0,0,0"
48.63333333333333,245,AV,2,0,0,100,4717.175795221327,0.3,-17.379695669767464,"0.19632051282051285,0.24654361370716507,0.3491142857142857,0.3,1.0,0.2268602892044136","0,0,0"
10.883333333333333,273,AV,1,0,0,1,6434.117121135291,0.2,-3.5365980472233542,"0.15568888888888888,0.238421568627451,0.3246160714285714,0.2,0.01,0.3094321123996473","0,0,0"
38.65,166,AV,1,0,0,98,2458.2611968747465,0.1,-2.399287759070933,"0.23917948717948717,0.28163126843657815,0.36828385416666665,0.1,0.98,0.1182236724414522","0,0,0"
44.733333333333334,232,AV,2,0,0,87,4245.708624069837,0.1,-4.796078260523335,"0.21721428571428572,0.25669420289855066,0.34444527363184085,0.1,0.87,0.2041863030226467","0,0,0"
33.61666666666667,81,AV,2,0,0,54,1404.912317929139,0.3,-3.5779143248271126,"0.17793333333333336,0.225826164874552,0.3370902777777778,0.3,0.54,0.06756560039062387","0,0,0"
40.11666666666667,57,AV,2,0,0,63,1020.7360413649084,0.1,-1.0340537254062856,"0.16058333333333333,0.23682380952380952,0.32429104477611953,0.1,0.63,0.04908964253144747","0,0,0"
38.1,191,AV,2,0,0,75,3032.1279287666234,0.2,-5.8345491962630485,"0.15578333333333333,0.24789644012944978,0.32274242424242433,0.2,0.75,0.1458222989106348","0,0,0"
13.5,108,AV,1,0,0,4,1635.9686818612918,0.7,-3.9040161726235376,"0.18299999999999997,0.27403003003003,0.35966374269005863,0.7,0.04,0.07867765468320913","0,0,0"
43.46666666666667,212,AV,2,0,0,82,3651.018124108644,0.1,-4.007514843297704,"0.1572638888888889,0.24840058479532165,0.3467980769230769,0.1,0.82,0.17558621164064137","0,0,0"
41.583333333333336,257,AV,2,0,0,92,5051.78348307234,0.6,-31.828787349155274,"0.15251041666666668,0.28326572327044025,0.36544852941176464,0.6,0.92,0.24295237483598997","0,0,0"
45.5,69,AV,2,0,0,93,1240.6560786390864,0.1,-1.4255013024767282,"0.14281666666666668,0.26588785046728974,0.3499383561643836,0.1,0.93,0.05966612418566248","0,0,0"
25.216666666666665,112,AV,2,0,0,11,1716.9764066453156,0.1,-1.0933439828511629,"0.20996666666666666,0.2792424242424243,0.3726989247311829,0.1,0.11,0.08257351031167907","0,0,0"
29.75,24,AV,2,0,0,15,753.5670156580491,0.1,-0.5661267352481555,"0.13804545454545455,0.23690625,0.3202288135593221,0.1,0.15,0.03624084378629158","0,0,0"
31.616666666666667,50,AV,1,0,0,68,954.0002559944874,0.1,-0.7616744468104136,"0.21830952380952376,0.2574983164983165,0.3520627705627706,0.1,0.68,0.045880158673594545","0,0,0"
13.666666666666666,54,AV,1,0,0,0,985.8695826897422,0.1,-0.34024118594511304,"0.15130208333333334,0.24609190031152642,0.33854970760233916,0.1,0.0,0.04741283097259167","0,0,0"
18.066666666666666,163,AV,1,0,0,14,2421.0391237858234,0.2,-2.209096304868546,"0.15933333333333335,0.2569935897435897,0.3499333333333333,0.2,0.14,0.11643357373995898","0,0,0"
43.266666666666666,230,AV,2,0,0,87,4200.245935785981,0.2,-9.17831519301381,"0.22993333333333332,0.28733779761904765,0.35379901960784316,0.2,0.87,0.2019998933869206","0,0,0"
37.483333333333334,128,AV,2,0,0,70,1927.298426803608,0.4,-7.297128218655412,"0.17340740740740743,0.22988379204892964,0.3100608465608466,0.4,0.7,0.0926884003201249","0,0,0"
23.75,208,AV,2,0,0,1,3564.273841812899,0.2,-4.275328471871533,"0.15985416666666666,0.24662134502923977,0.34977777777777774,0.2,0.01,0.17141447121316408","0,0,0"
37.53333333333333,104,AV,1,0,0,92,1596.1763216794554,0.4,-6.051496761653424,"0.2058333333333333,0.276248427672956,0.36591666666666667,0.4,0.92,0.07676394471545202","0,0,0"
15.966666666666667,280,AV,1,0,0,12,8139.327108000771,0.7,-22.972360095224396,"0.23582291666666666,0.31318898809523804,0.4055080645161291,0.7,0.12,0.39143974738464077","0,0,0"
34.65,144,AV,1,0,0,78,2113.1349678504243,0.6,-11.093958581214729,"0.1676153846153846,0.25528107344632767,0.33710734463276837,0.6,0.78,0.10162572495605159","0,0,0"
26.95,170,AV,0,0,0,88,2629.980017260476,0.2,-9.579695023493425,"0.17693137254901964,0.2580324074074074,0.3429285714285715,0.2,0.88,0.12648204205617194","0,0,0"
35.63333333333333,209,AV,1,0,0,83,3580.4564780460023,0.9,-28.996272538114972,"0.17948888888888892,0.275715,0.35164047619047606,0.9,0.83,0.17219273297301851","0,0,0"
24.866666666666667,281,AV,1,0,0,43,8333.728817076937,0.2,-10.466265484073055,"0.18203333333333332,0.2719984848484849,0.36629487179487186,0.2,0.43,0.4007889914784327","0,0,0"
37.516666666666666,37,AV,2,0,0,74,873.8892656114449,0.2,-1.6558289031072073,"0.12135714285714284,0.2570051546391752,0.33581856540084387,0.2,0.74,0.04202742915158692","0,0,0"
16.283333333333335,162,AV,1,0,0,13,2411.397471856681,0.6,-5.949331641424185,"0.20320833333333332,0.25807142857142856,0.35505476190476193,0.6,0.13,0.11596988359144483","0,0,0"
37.68333333333333,217,AV,1,0,0,97,3759.463069718096,0.4,-14.31001010207511,"0.1715888888888889,0.25463,0.34484358974358975,0.4,0.97,0.18080158897481655","0,0,0"
37.083333333333336,207,AV,1,0,0,84,3531.3895067900216,0.2,-6.613923950006565,"0.19170370370370374,0.24171122112211227,0.3206103286384977,0.2,0.84,0.16983298473111647","0,0,0"
10.166666666666666,21,AV,0,0,0,21,676.2529471816457,0.3,-6.520851386086874,"0.16771568627450978,0.23579288025889966,0.322763440860215,0.3,0.21,0.03252262494189429","0,0,0"
30.75,32,AV,1,0,0,59,849.0657401736111,0.2,-1.3186248237544718,"0.18203125,0.2349078947368421,0.3336222222222222,0.2,0.59,0.040833606321069346","0,0,0"
19.1,267,AV,1,0,0,24,5568.958209200236,0.1,-2.6860379241344576,"0.18575490196078434,0.2683270440251572,0.3543396226415094,0.1,0.24,0.2678245468795767","0,0,0"
20.483333333333334,82,AV,1,0,0,29,1421.705549214182,0.1,-0.7353855723839352,"0.18868749999999998,0.25355392156862744,0.3414054726368159,0.1,0.29,0.06837322712988189","0,0,0"
14.7,115,AV,1,0,0,10,1782.711710770346,0.3,-1.9852925869942488,"0.19904166666666667,0.22687614678899082,0.3415857843137255,0.3,0.1,0.08573487862868172","0,0,0"
37.53333333333333,203,AV,2,0,0,72,3465.4556083993225,0.1,-3.284598497523264,"0.17361538461538462,0.25689379084967323,0.3554307692307692,0.1,0.72,0.1666620655399256","0,0,0"
27.4,165,AV,1,0,0,56,2456.6540037696086,0.1,-1.699806053113315,"0.16978333333333331,0.2624548286604361,0.3412743589743589,0.1,0.56,0.11814637867321734","0,0,0"
34.71666666666667,215,AV,1,0,0,87,3742.7752140142647,0.1,-3.2812292806362433,"0.19636458333333334,0.26444607843137247,0.35589814814814813,0.1,0.87,0.17999902999980277","0,0,0"
30.683333333333334,139,AV,1,0,0,64,2078.9202215407213,0.2,-3.221626370249553,"0.21935897435897433,0.2776769005847953,0.3652169312169313,0.2,0.64,0.09998025580674873","0,0,0"
29.666666666666668,234,AV,1,0,0,63,4304.4895651906745,1.0,-32.24743866178199,"0.18298333333333333,0.2518712737127371,0.3412368421052631,1.0,0.63,0.207013219355909","0,0,0"
44.63333333333333,117,AV,2,0,0,96,1797.659883656486,0.2,-4.052300646828342,"0.1938452380952381,0.2852842261904761,0.3495052083333334,0.2,0.96,0.08645377208765831","0,0,0"
21.8,288,AV,1,0,0,31,10450.70686878338,0.4,-23.012667650452293,"0.16325,0.26917717717717715,0.3593948717948718,0.4,0.31,0.5025995395474784","0,0,0"
23.75,260,AV,1,0,0,36,5307.329693361759,0.1,-3.183057581246005,"0.18969444444444444,0.2502157894736842,0.3552153846153846,0.1,0.36,0.25524220453241103","0,0,0"
20.033333333333335,220,AV,1,0,0,26,3863.855435177377,0.4,-7.818778170173749,"0.1907246376811594,0.24990793650793652,0.34482795698924734,0.4,0.26,0.18582206801713178","0,0,0"
43.333333333333336,135,AV,2,0,0,93,2035.9911412414244,0.6,-13.367618604110362,"0.20023529411764707,0.2599617737003058,0.3486927083333333,0.6,0.93,0.09791569345106042","0,0,0"
29.616666666666667,78,AV,2,0,0,20,1338.7213376931895,0.6,-6.007342972426257,"0.1329285714285714,0.22926363636363634,0.3089153846153846,0.6,0.2,0.06438231751737097","0,0,0"
13.616666666666667,276,AV,0,0,0,28,7099.697064525982,0.2,-10.882535775856674,"0.15797222222222224,0.22615384615384618,0.331110119047619,0.2,0.28,0.3414414470102487","0,0,0"
30.083333333333332,175,AV,2,0,0,25,2767.495209174315,0.5,-10.512055666160855,"0.18875555555555554,0.24794954128440366,0.3268363095238096,0.5,0.25,0.13309547720505432","0,0,0"
21.95,177,AV,2,0,0,8,2813.5576138103806,0.2,-3.1190701829867606,"0.1900666666666667,0.25995125786163525,0.3378285024154589,0.2,0.08,0.13531072863744203","0,0,0"
33.9,294,AV,2,0,0,54,13748.957190518822,0.2,-23.539881250433744,"0.20903571428571432,0.27153703703703713,0.3393090277777778,0.2,0.54,0.6612203021265304","0,0,0"
35.516666666666666,286,AV,2,0,0,53,8987.822610831106,0.2,-16.122095945859503,"0.19083333333333333,0.28625783475783473,0.3719339080459769,0.2,0.53,0.4322459296252377","0,0,0"
16.166666666666668,239,AV,1,0,0,10,4459.768546990965,0.2,-3.6413935105902664,"0.1785263157894737,0.24570560747663545,0.3229783950617284,0.2,0.1,0.21448095773323778","0,0,0"
37.43333333333333,271,AV,1,0,0,93,5912.288420941998,0.4,-22.355218507467555,"0.17816666666666667,0.2471127450980393,0.3529039548022599,0.4,0.93,0.28433611958951305","0,0,0"
27.4,211,AV,1,0,0,54,3630.005597296026,0.5,-12.558352697716048,"0.1425595238095238,0.23747175141242938,0.3469506172839506,0.5,0.54,0.17457566886747292","0,0,0"
24.05,118,AV,1,0,0,40,1804.2001824470888,0.4,-4.382930746247726,"0.19272916666666667,0.3044806547619048,0.3958235294117646,0.4,0.4,0.08676831073101827","0,0,0"
28.466666666666665,140,AV,1,0,0,62,2088.64210540395,0.6,-9.00858766674229,"0.1881666666666667,0.27116216216216216,0.34565384615384614,0.6,0.62,0.10044780450125744","0,0,0"
36.15,101,AV,1,0,0,89,1588.8002265047048,0.7,-10.152674174672109,"0.21280555555555553,0.272535,0.3630972222222221,0.7,0.89,0.07640921062090368","0,0,0"
36.93333333333333,70,AV,1,0,0,85,1244.4027248274256,0.5,-5.803022807696917,"0.18096153846153842,0.26005942028985507,0.3254944444444445,0.5,0.85,0.05984630938009477","0,0,0"
41.63333333333333,290,AV,2,0,0,74,11049.706566164488,0.3,-34.85122096247335,"0.20244117647058826,0.2534449404761905,0.31519125683060106,0.3,0.74,0.5314068705608562","0,0,0"
23.966666666666665,285,AV,2,0,0,10,8689.506535985933,0.4,-21.036212792504664,"0.15400980392156866,0.2556825396825397,0.3511274509803922,0.4,0.1,0.4178991946398128","0,0,0"
30.583333333333332,68,AV,1,0,0,65,1234.5997004771,0.6,-5.720935480746157,"0.15352083333333336,0.25430769230769235,0.34587500000000004,0.6,0.65,0.059374858445099786","0,0,0"
33.15,44,AV,1,0,0,76,938.3100494872764,0.7,-5.498354721806122,"0.2125079365079365,0.2775359195402298,0.3755534591194969,0.7,0.76,0.04512557903941836","0,0,0"
18.466666666666665,102,AV,1,0,0,23,1592.6375082496468,0.4,-2.9707783823915968,"0.20905555555555558,0.2650075075075074,0.3546748633879782,0.4,0.23,0.07659375469647073","0,0,0"
35.96666666666667,180,AV,2,0,0,71,2853.537244729806,0.2,-5.183445601116937,"0.12686666666666668,0.23509275362318835,0.32209166666666667,0.2,0.71,0.13723344490378397","0,0,0"
44.03333333333333,279,AV,2,0,0,77,7592.14370769901,0.4,-33.768423696533304,"0.13518181818181818,0.24734672619047618,0.3431695906432748,0.4,0.77,0.36512438628106175","0,0,0"
33.68333333333333,256,AV,1,0,0,77,5009.92015912814,0.1,-4.261384108416654,"0.1486969696969697,0.24825314465408801,0.32160696517412934,0.1,0.77,0.24093906725761643","0,0,0"
18.916666666666668,182,AV,1,0,0,20,2872.269398564857,0.8,-10.976517735256273,"0.1925357142857143,0.27599999999999997,0.3460518518518518,0.8,0.2,0.13813431907530546","0,0,0"
26.966666666666665,53,AV,0,0,0,86,979.5720138781878,0.2,-7.3341309077903265,"0.18507142857142855,0.2442694704049844,0.33520967741935487,0.2,0.86,0.04710996579565228","0,0,0"
29.0,181,AV,2,0,0,20,2857.712092786687,0.5,-10.463844784193679,"0.2004513888888889,0.26238316151202745,0.351593220338983,0.5,0.2,0.13743422335230565","0,0,0"
34.03333333333333,63,AV,1,0,0,81,1129.1321270070612,0.6,-5.822443947849542,"0.22366666666666668,0.269231884057971,0.37840395480225986,0.6,0.81,0.05430267007269716","0,0,0"
22.883333333333333,16,AV,1,0,0,34,626.2908344343901,0.4,-1.4476385785831947,"0.16774999999999998,0.24182063492063488,0.33749453551912567,0.4,0.34,0.03011982720037529","0,0,0"
36.85,284,AV,2,0,0,26,8493.635575370567,0.2,-15.807599543050777,"0.2036111111111111,0.2807013201320132,0.35693790849673207,0.2,0.26,0.40847929071828354","0,0,0"
38.53333333333333,204,AV,2,0,0,66,3476.696831582168,0.2,-6.766096864156543,"0.22483333333333333,0.2918276836158192,0.3716475409836066,0.2,0.66,0.16720268290357254","0,0,0"
37.35,221,AV,1,0,0,91,3866.930621896856,0.6,-21.88331192846175,"0.19218518518518518,0.26914869281045745,0.3380846153846154,0.6,0.91,0.18596996111648273","0,0,0"
15.35,274,AV,0,0,0,31,6995.337061486569,0.4,-16.846305443820086,"0.16996969696969697,0.2783879056047197,0.3458621794871795,0.4,0.31,0.3364225243542649","0,0,0"
34.38333333333333,219,AV,2,0,0,46,3778.090807703549,0.2,-6.560775535599682,"0.18934523809523807,0.29061755952380947,0.3660182291666667,0.2,0.46,0.18169744153788722","0,0,0"
29.966666666666665,29,AV,1,0,0,63,822.5771428470101,0.1,-0.6224720971544294,"0.1965263157894737,0.2675675675675676,0.3477499999999999,0.1,0.63,0.039559706192899544","0,0,0"
31.916666666666668,95,AV,1,0,0,64,1541.4014724042315,0.3,-3.7269997722905344,"0.1917575757575757,0.25751014492753616,0.3485624999999999,0.3,0.64,0.07412969094006937","0,0,0"
23.316666666666666,206,AV,2,0,0,4,3523.1638559153366,0.1,-2.0744554858693416,"0.20256666666666667,0.2524489489489489,0.35334057971014493,0.1,0.04,0.16943739346690792","0,0,0"
47.21666666666667,11,AV,2,0,0,96,588.8906571209208,0.1,-0.7021579257674953,"0.2032916666666667,0.2768042813455657,0.35883080808080803,0.1,0.96,0.02832116303987798","0,0,0"
19.733333333333334,64,AV,1,0,0,22,1135.438045570021,0.1,-0.5658075109237816,"0.18317857142857147,0.25098787878787876,0.3443194444444444,0.1,0.22,0.0546059368091927","0,0,0"
42.46666666666667,218,AV,2,0,0,84,3773.692032315799,0.1,-4.046871758560883,"0.15157407407407406,0.2419255319148936,0.32701436781609194,0.1,0.84,0.18148589388735847","0,0,0"
27.933333333333334,48,AV,1,0,0,61,948.3478854920526,0.1,-0.6689524646821045,"0.19460833333333333,0.23267326732673269,0.3230185185185185,0.1,0.61,0.04560832262962691","0,0,0"
29.716666666666665,287,AV,2,0,0,38,10071.894878668398,0.1,-7.55816017199737,"0.1509871794871795,0.23002006172839506,0.31195410628019327,0.1,0.38,0.48438156307972796","0,0,0"
16.666666666666668,4,AV,1,0,0,7,473.5024380788758,0.8,-1.5942843032958782,"0.16675490196078432,0.23067948717948716,0.32016169154228846,0.8,0.07,0.022771867046038015","0,0,0"
14.616666666666667,228,AV,1,0,0,3,4113.319853961603,0.3,-4.554774636268089,"0.15707142857142858,0.2749754901960785,0.37553809523809517,0.3,0.03,0.19781940978440954","0,0,0"
17.783333333333335,249,AV,1,0,0,20,4864.205776554158,0.6,-13.106332231270926,"0.20760714285714282,0.27977529761904757,0.36438541666666674,0.6,0.2,0.23393131337965753","0,0,0"
34.233333333333334,229,AV,2,0,0,42,4159.866430607663,0.4,-14.384453953650068,"0.19724999999999998,0.260431746031746,0.3636560846560846,0.4,0.42,0.20005794620912742","0,0,0"
35.65,295,AV,1,0,0,84,14297.77376075636,0.1,-12.871606933610208,"0.2455833333333333,0.2920920634920635,0.36455555555555547,0.1,0.84,0.6876142062863859","0,0,0"
27.616666666666667,120,AV,1,0,0,54,1809.16611953512,0.2,-2.5233907913044566,"0.2093333333333333,0.26928531073446327,0.357186274509804,0.2,0.54,0.08700713454697676","0,0,0"
18.233333333333334,189,AV,1,0,0,20,3024.224513765153,0.4,-5.569868043870501,"0.19678205128205128,0.2443836477987421,0.3439453125,0.4,0.2,0.1454422047418416","0,0,0"
12.6,188,AV,1,0,0,0,2971.291490045772,0.2,-1.8908218573018551,"0.1783703703703704,0.23058908045977008,0.3300476190476191,0.2,0.0,0.14289652877156978","0,0,0"
38.68333333333333,186,AV,1,0,0,99,2965.4163440895786,0.1,-2.896772447235653,"0.18885555555555553,0.24870467836257312,0.3512923497267759,0.1,0.99,0.14261397892212588","0,0,0"
36.06666666666667,129,AV,1,0,0,88,1929.5758599688188,0.5,-8.78704158453814,"0.19524999999999998,0.25780890804597695,0.3651868686868686,0.5,0.88,0.09279792753915007","0,0,0"
29.283333333333335,67,AV,2,0,0,22,1200.7903182940884,0.4,-3.5518326418227493,"0.2211190476190476,0.2763014492753623,0.3714508196721312,0.4,0.22,0.057748884228147654","0,0,0"
16.25,238,AV,1,0,0,12,4446.537177105173,0.1,-1.824652250706037,"0.18185714285714286,0.2393851132686084,0.33444642857142853,0.1,0.12,0.21384462944504845","0,0,0"
24.75,86,AV,1,0,0,45,1457.5875839824732,0.1,-0.9109922399890459,"0.20079999999999998,0.2803187134502924,0.36757828282828287,0.1,0.45,0.07009888017699192","0,0,0"
37.55,7,AV,1,0,0,93,541.9839687696077,1.0,-5.1392671786108,"0.18815625,0.2538253968253968,0.32887681159420284,1.0,0.93,0.026065307980208553","0,0,0"
30.866666666666667,171,AV,1,0,0,68,2744.8905386527767,0.2,-4.2790717824789075,"0.1656282051282051,0.2516235119047619,0.3455564102564103,0.2,0.68,0.13200836442518263","0,0,0"
32.18333333333333,299,AV,2,0,0,11,20793.30768626012,0.5,-84.49469095574135,"0.1976770833333333,0.24253594771241826,0.3271090909090909,0.5,0.11,1.0","0,0,0"
25.166666666666668,127,AV,2,0,0,17,1921.5023446668008,0.2,-2.4423135862347385,"0.16610416666666666,0.24412421383647798,0.33870888888888884,0.2,0.17,0.09240965283924012","0,0,0"
30.666666666666668,141,AV,1,0,0,67,2105.159940183184,0.2,-3.2605170790715983,"0.17993939393939395,0.2655491071428571,0.33622955974842766,0.2,0.67,0.10124218676253416","0,0,0"
21.75,36,AV,1,0,0,36,863.3540159882258,0.1,-0.4741906527208058,"0.181125,0.2706633663366336,0.3555746268656717,0.1,0.36,0.04152076374836295","0,0,0"
29.283333333333335,254,AV,1,0,0,63,4968.170350229253,0.3,-11.021559728980803,"0.15371666666666667,0.2547690058479532,0.3232320261437909,0.3,0.63,0.23893121888982288","0,0,0"
28.516666666666666,261,AV,1,0,0,63,5370.167679594476,0.1,-3.867153577351073,"0.1796372549019608,0.274021021021021,0.34439247311827953,0.1,0.63,0.2582642338882426","0,0,0"
38.0,60,AV,2,0,0,76,1062.4074567339185,0.1,-1.0194819029264877,"0.1519027777777778,0.2351697247706422,0.32491787439613523,0.1,0.76,0.05109372076651086","0,0,0"
8.55,277,AV,0,0,0,11,7128.986247371214,0.3,-10.61763881931999,"0.15780555555555553,0.2489198113207547,0.32546031746031745,0.3,0.11,0.34285003400790975","0,0,0"
51.333333333333336,263,AV,2,0,0,93,5427.330032863625,0.4,-28.141711281515093,"0.188,0.267426523297491,0.3489782608695653,0.4,0.93,0.26101330845259973","0,0,0"
19.3,269,AV,1,0,0,25,5702.616109653807,1.0,-27.793053261696585,"0.1700227272727273,0.26180693069306926,0.3344726775956283,1.0,0.25,0.27425247563772664","0,0,0"
18.5,147,AV,1,0,0,15,2158.6935677652164,0.2,-2.0169611618008334,"0.22021568627450985,0.3017859327217126,0.38171875000000005,0.2,0.15,0.10381674721197177","0,0,0"
23.716666666666665,193,AV,1,0,0,44,3236.647802754315,0.4,-7.753787581345773,"0.18317647058823527,0.2373420289855072,0.32298275862068965,0.4,0.44,0.1556581498042776","0,0,0"
32.86666666666667,111,AV,1,0,0,75,1697.366940102563,0.6,-8.45254445929862,"0.2056555555555555,0.27167166666666664,0.3868757062146893,0.6,0.75,0.08163044406947123","0,0,0"
25.6,52,AV,1,0,0,47,978.4447105201264,0.1,-0.6325299138715968,"0.16254166666666667,0.22740412979351032,0.3270054644808743,0.1,0.47,0.04705575107546101","0,0,0"
17.333333333333332,9,AV,1,0,0,14,567.9518330451218,0.2,-0.4971968908812514,"0.17223529411764704,0.2552183908045977,0.3409824561403509,0.2,0.14,0.02731416480795959","0,0,0"
21.1,185,AV,1,0,0,34,2953.464044858564,0.1,-1.5736891754170637,"0.16466666666666666,0.22562426900584792,0.3205765027322405,0.1,0.34,0.14203916420715332","0,0,0"
13.8,34,AV,1,0,0,3,857.6590975250949,0.1,-0.29888120065268464,"0.1970555555555556,0.26778448275862066,0.337858024691358,0.1,0.03,0.041246881470994735","0,0,0"
36.61666666666667,73,AV,2,0,0,56,1293.252850487379,0.1,-1.195823448030628,"0.19947222222222222,0.2989686609686609,0.37883636363636364,0.1,0.56,0.06219562899759039","0,0,0"
26.583333333333332,134,AV,2,0,0,22,2022.4315636845977,0.3,-4.072952454642592,"0.13770833333333335,0.24990277777777778,0.3348676470588235,0.3,0.22,0.09726358086938654","0,0,0"
27.483333333333334,194,AV,1,0,0,57,3256.7228478661937,0.1,-2.2602424141966977,"0.15470833333333334,0.24027166666666663,0.3387904040404041,0.1,0.57,0.15662360683568316","0,0,0"
31.85,161,AV,1,0,0,73,2403.836358207942,0.4,-7.733554344335651,"0.14954166666666668,0.23174999999999993,0.3329011299435029,0.4,0.73,0.11560625151506597","0,0,0"
29.933333333333334,236,AV,1,0,0,62,4412.688598555705,0.2,-6.671034278624618,"0.17557692307692307,0.2362908496732026,0.3187076923076923,0.2,0.62,0.21221677018089516","0,0,0"
27.733333333333334,8,AV,1,0,0,57,566.7055292848979,0.3,-1.1906540413258462,"0.14662499999999998,0.27048470948012227,0.33888020833333327,0.3,0.57,0.027254227073231246","0,0,0"
25.183333333333334,146,AV,1,0,0,45,2133.445027811215,0.2,-2.713497842611739,"0.1383333333333333,0.25777887788778875,0.3204371980676328,0.2,0.45,0.10260248441477932","0,0,0"
23.616666666666667,201,AV,2,0,0,12,3438.9188747307694,0.3,-6.15271217865341,"0.20446825396825394,0.2860954545454545,0.3605977011494253,0.3,0.12,0.16538585041970746","0,0,0"
26.45,27,AV,1,0,0,54,801.7987355487146,0.1,-0.535544862506654,"0.1899855072463768,0.2506419141914192,0.32681250000000006,0.1,0.54,0.03856042278826712","0,0,0"
11.9,31,AV,0,0,0,27,845.7864251007381,0.3,-6.76248927717415,"0.17040476190476192,0.26021815718157176,0.34729722222222215,0.3,0.27,0.040675896199988425","0,0,0"
21.766666666666666,47,AV,1,0,0,30,946.2003450753726,0.2,-1.0401832076333641,"0.1587777777777778,0.25283480825958704,0.3457769230769231,0.2,0.3,0.04550504226418034","0,0,0"
16.166666666666668,23,AV,1,0,0,15,741.34301771214,0.1,-0.30265266295487203,"0.19090277777777775,0.2594859943977591,0.355140522875817,0.1,0.15,0.03565296242896494","0,0,0"
21.916666666666668,265,AV,1,0,0,32,5502.789496653042,1.0,-30.455253316913932,"0.14769607843137256,0.2460478547854786,0.3226166666666666,1.0,0.32,0.26464233491284295","0,0,0"
32.96666666666667,183,AV,1,0,0,72,2891.134206742707,0.2,-4.813689781933565,"0.16949242424242425,0.2736652298850575,0.3641442307692308,0.2,0.72,0.13904157291209238","0,0,0"
