travel_time,id,kind,action,origin,destination,start_time,income,urgency,reward,observation,cost_table
19.116666666666667,217,AV,1,0,0,14,3882.59008652233,0.1,-1.8742974870543403,"0.0,0.3201111111111111,0.3598533333333333,0.1,0.14,0.1918348790411626","0,0,0"
48.7,183,AV,1,0,0,99,3158.0604616132755,0.3,-11.651329127315645,"0.1675,0.2847140804597702,0.3087435897435898,0.3,0.99,0.1560365975180513","0,0,0"
35.4,225,AV,2,0,0,56,4113.319853961603,0.1,-3.6770586573293125,"0.23962499999999998,0.28896846846846846,0.31416000000000005,0.1,0.56,0.20323500525627752","0,0,0"
38.516666666666666,107,AV,1,0,0,73,1581.4824060924602,0.1,-1.5382179463298298,"0.18105555555555555,0.302759587020649,0.3343611111111111,0.1,0.73,0.07813945827853724","0,0,0"
40.1,283,AV,1,0,0,78,8981.750106371177,0.1,-9.095156042057681,"0.1725,0.3089970501474926,0.34651923076923075,0.1,0.78,0.4437792573608979","0,0,0"
38.666666666666664,73,AV,2,0,0,70,1141.0395517097602,0.3,-3.3424390908669745,"0.0,0.3069546925566343,0.35687654320987655,0.3,0.7,0.056377618936200136","0,0,0"
37.06666666666667,221,AV,2,0,0,48,3987.5502105766736,0.1,-3.732454405859648,"0.2845,0.3399217391304347,0.3790694444444444,0.1,0.48,0.19702085341739287","0,0,0"
20.366666666666667,299,AV,1,0,0,20,20239.22920549412,0.2,-20.81846640497796,"0.17612499999999998,0.3017062146892655,0.3797962962962962,0.2,0.2,1.0","0,0,0"
47.4,211,AV,1,0,0,98,3742.7752140142647,0.3,-13.43996554123304,"0.28783333333333333,0.2931736842105263,0.37101388888888887,0.3,0.98,0.18492676652914503","0,0,0"
30.65,194,AV,2,0,0,43,3301.717979419838,0.4,-10.221985461537175,"0.23566666666666666,0.35047222222222224,0.3689411764705883,0.4,0.43,0.16313457127722814","0,0,0"
16.916666666666668,99,AV,1,0,0,11,1490.1599361877834,0.3,-1.9097377970083333,"0.136,0.2589376947040498,0.3371833333333334,0.3,0.11,0.0736273067051025","0,0,0"
33.483333333333334,125,AV,2,0,0,33,1848.7234685638712,0.3,-4.689501828718203,"0.153,0.32677506775067755,0.3338541666666666,0.3,0.33,0.09134357093312716","0,0,0"
12.65,156,AV,1,0,0,2,2497.1975937909187,0.1,-0.7977158980165435,"0.0,0.3040426997245179,0.3489333333333333,0.1,0.02,0.12338402655734695","0,0,0"
42.75,8,AV,2,0,0,93,491.8679742725259,0.1,-0.5309938358623859,"0.23399999999999999,0.32852044025157234,0.34384482758620694,0.1,0.93,0.024302702898339818","0,0,0"
42.56666666666667,79,AV,1,0,0,90,1234.5997004771,0.6,-7.962544532875034,"0.18455555555555553,0.32052118644067795,0.3275526315789474,0.6,0.9,0.06100033197617807","0,0,0"
40.11666666666667,278,AV,1,0,0,80,8475.089255911002,0.4,-34.34265966157876,"0.23399999999999999,0.3228928571428571,0.36939473684210516,0.4,0.8,0.41874565329841523","0,0,0"
39.81666666666667,290,AV,1,0,0,74,11185.875164713363,0.4,-44.98830937457951,"0.17041666666666663,0.2614464285714286,0.31617999999999996,0.4,0.74,0.5526828641120808","0,0,0"
39.21666666666667,188,AV,1,0,0,75,3236.647802754315,0.6,-19.23189969666895,"0.11108333333333334,0.2985790229885057,0.3569469696969697,0.6,0.75,0.1599195191621081","0,0,0"
16.5,102,AV,1,0,0,8,1517.942512651984,0.1,-0.6324760469383267,"0.16833333333333333,0.2685825958702065,0.3708402777777778,0.1,0.08,0.07500001592155126","0,0,0"
40.7,248,AV,1,0,0,76,4925.450001742355,0.2,-10.12453611469262,"0.0,0.28070833333333334,0.3271736111111111,0.2,0.76,0.24336154068581314","0,0,0"
31.633333333333333,223,AV,1,0,0,52,4021.28082322038,0.2,-6.424571550902594,"0.10275000000000001,0.26274722222222224,0.33399999999999996,0.2,0.52,0.19868744913115402","0,0,0"
24.5,263,AV,1,0,0,31,5960.007005011629,0.2,-7.3747561425648955,"0.28491666666666665,0.300454954954955,0.33366666666666667,0.2,0.31,0.29447796378499097","0,0,0"
30.266666666666666,103,AV,2,0,0,27,1526.0895405694364,0.1,-1.1664051370682225,"0.15911111111111112,0.30041815476190475,0.33760144927536223,0.1,0.27,0.07540255239340664","0,0,0"
14.35,19,AV,1,0,0,5,586.8516376274475,0.1,-0.21265962121095638,"0.0,0.3184814814814815,0.3662916666666668,0.1,0.05,0.028995750365243225","0,0,0"
20.866666666666667,277,AV,1,0,0,27,8139.327108000771,0.3,-12.866714064667883,"0.16841666666666666,0.27924110032362465,0.31887142857142853,0.3,0.27,0.40215598259005225","0,0,0"
34.166666666666664,10,AV,1,0,0,66,522.440884226393,0.3,-1.3522775412425574,"0.1035,0.33500700280112045,0.36222499999999996,0.3,0.66,0.02581327969172718","0,0,0"
16.583333333333332,288,AV,1,0,0,9,10071.894878668398,0.1,-4.217817931092195,"0.21866666666666668,0.38315151515151513,0.38530459770114944,0.1,0.09,0.497642216331751","0,0,0"
37.416666666666664,184,AV,2,0,0,65,3159.4556453821087,0.5,-14.926300344871283,"0.30266666666666664,0.33992727272727274,0.3789772727272727,0.5,0.65,0.15610553214765938","0,0,0"
43.88333333333333,158,AV,2,0,0,93,2520.757475212996,0.2,-5.58683033016483,"0.06916666666666667,0.2878275862068965,0.3310724637681159,0.2,0.93,0.12454809665027725","0,0,0"
30.25,247,AV,1,0,0,46,4818.617258984985,0.5,-18.404440919734316,"0.08616666666666667,0.3170280373831776,0.32384848484848483,0.5,0.46,0.2380830420990997","0,0,0"
44.13333333333333,66,AV,1,0,0,90,1005.9867386644172,0.8,-8.969201629573659,"0.08616666666666667,0.30449444444444446,0.32343859649122814,0.8,0.9,0.04970479500233799","0,0,0"
45.85,224,AV,1,0,0,96,4104.202624979457,0.2,-9.503923755318592,"0.0,0.3077297297297297,0.33754761904761904,0.2,0.96,0.20278453212365097","0,0,0"
16.216666666666665,97,AV,1,0,0,9,1467.6871321740252,0.3,-1.803105529804705,"0.136,0.26195575221238937,0.3091770833333334,0.3,0.09,0.07251694801576773","0,0,0"
39.93333333333333,293,AV,1,0,0,75,11940.25564443948,0.7,-84.28533992783625,"0.08666666666666666,0.28506073446327684,0.31771212121212117,0.7,0.75,0.5899560464090298","0,0,0"
33.65,13,AV,1,0,0,59,542.8991684878858,0.1,-0.46132719746508477,"0.18333333333333332,0.31249999999999994,0.36093181818181813,0.1,0.59,0.02682410298216846","0,0,0"
19.75,5,AV,1,0,0,20,457.16351791608827,0.2,-0.4560090645880174,"0.0,0.3182009345794393,0.3520942028985507,0.2,0.2,0.02258799054422424","0,0,0"
21.233333333333334,68,AV,1,0,0,21,1040.734547163155,0.2,-1.116073916738939,"0.153,0.30416199376947045,0.2995462962962963,0.2,0.21,0.05142164934229008","0,0,0"
49.28333333333333,177,AV,1,0,0,98,3046.5766145774583,0.4,-15.166207153713037,"0.1565,0.2736150442477876,0.3506153846153846,0.4,0.98,0.15052829253746666","0,0,0"
24.833333333333332,168,AV,1,0,0,33,2857.8751728516777,0.2,-3.584372060226431,"0.18616666666666667,0.30801159420289853,0.33379166666666665,0.2,0.33,0.14120474371009553","0,0,0"
29.933333333333334,2,AV,1,0,0,45,424.9057127261393,0.2,-0.6423658754681365,"0.24038888888888887,0.33398333333333335,0.3584901960784313,0.2,0.45,0.02099416476842877","0,0,0"
38.38333333333333,40,AV,1,0,0,71,807.7368269013535,0.1,-0.7829199967819096,"0.26816666666666666,0.2827470238095238,0.3269924242424242,0.1,0.71,0.039909465854662395","0,0,0"
19.216666666666665,244,AV,1,0,0,16,4705.31956239884,0.2,-4.566694827816383,"0.0,0.2815861581920904,0.3227647058823529,0.2,0.16,0.23248511663287746","0,0,0"
20.45,60,AV,1,0,0,21,938.3100494872764,0.3,-1.453669735758697,"0.0,0.2657610062893081,0.2995260416666667,0.3,0.21,0.04636095772029518","0,0,0"
14.2,275,AV,1,0,0,3,7612.519032757181,0.1,-2.7297416733624233,"0.2515833333333333,0.2906074380165289,0.34515686274509805,0.1,0.03,0.3761269243737155","0,0,0"
38.18333333333333,271,AV,2,0,0,65,7336.658338656486,0.1,-7.074193709537883,"0.21066666666666667,0.34777581120943957,0.37218840579710155,0.1,0.65,0.3624969243722426","0,0,0"
12.066666666666666,18,AV,0,0,0,24,572.7967315704935,0.3,-7.523617214213431,"0.20266666666666666,0.2773097222222223,0.3300092592592593,0.3,0.24,0.02830131156452355","0,0,0"
13.366666666666667,205,AV,1,0,0,2,3534.445695738256,0.1,-1.193024178443637,"0.15275000000000002,0.30292792792792794,0.3454733333333333,0.1,0.02,0.1746334141410286","0,0,0"
43.1,9,AV,1,0,0,90,508.6019702527906,0.4,-2.21421665837326,"0.2688333333333333,0.3453262711864407,0.37936507936507935,0.4,0.9,0.025129512843044734","0,0,0"
16.616666666666667,37,AV,1,0,0,10,777.0630287344238,0.2,-0.6521311781550678,"0.0,0.327767217630854,0.36101754385964907,0.2,0.1,0.03839390427593374","0,0,0"
47.43333333333333,249,AV,2,0,0,93,4951.479839002994,0.6,-35.58563540859222,"0.18445833333333334,0.2581543209876543,0.3253840579710145,0.6,0.93,0.2446476488175187","0,0,0"
12.0,215,AV,1,0,0,1,3783.636689084741,0.2,-2.2931131448998436,"0.23144444444444445,0.35087280701754386,0.35828260869565215,0.2,0.01,0.18694569099783895","0,0,0"
25.95,281,AV,1,0,0,35,8795.495569618428,0.2,-11.527429799575668,"0.1565,0.3377695652173913,0.3624097222222222,0.2,0.35,0.43457660765217343","0,0,0"
47.733333333333334,75,AV,1,0,0,99,1150.2916000513435,0.2,-2.773093554332532,"0.17,0.28301929824561406,0.31705555555555553,0.2,0.99,0.05683475335805212","0,0,0"
21.85,291,AV,1,0,0,27,11515.391842589095,0.1,-6.353821004054842,"0.17870833333333333,0.29070982142857144,0.31310416666666663,0.1,0.27,0.5689639524149042","0,0,0"
14.133333333333333,210,AV,1,0,0,3,3724.6301341612702,0.1,-1.329329273471699,"0.28783333333333333,0.2988613569321534,0.34348076923076926,0.1,0.03,0.1840302363466582","0,0,0"
27.9,170,AV,2,0,0,32,2909.8477340427667,0.1,-2.050119994439222,"0.21058333333333334,0.3341051051051051,0.3728947368421052,0.1,0.32,0.1437726557913017","0,0,0"
30.75,117,AV,1,0,0,47,1723.69240549938,0.4,-5.353893077687468,"0.0,0.26897270114942534,0.3405144927536231,0.4,0.47,0.08516591160652838","0,0,0"
47.88333333333333,7,AV,1,0,0,98,473.5024380788758,0.1,-0.5725473504211323,"0.16833333333333333,0.26661403508771925,0.3346733333333334,0.1,0.98,0.02339528018934334","0,0,0"
35.766666666666666,266,AV,1,0,0,67,6563.608435155774,0.6,-35.56945379253609,"0.20691666666666667,0.2994252873563218,0.33072500000000005,0.6,0.67,0.3243013045859485","0,0,0"
32.333333333333336,171,AV,1,0,0,50,2927.9701715656583,0.4,-9.56273086336259,"0.0,0.27739166666666665,0.3265462962962962,0.4,0.5,0.1446680672389853","0,0,0"
27.283333333333335,25,AV,1,0,0,40,627.4062491148882,0.1,-0.432266005808532,"0.18333333333333332,0.33262753623188407,0.3610333333333333,0.1,0.4,0.0309995130123124","0,0,0"
24.566666666666666,47,AV,1,0,0,32,857.6590975250949,0.1,-0.5320662919831608,"0.12422222222222222,0.2949110169491525,0.3463157894736842,0.1,0.32,0.04237607513690668","0,0,0"
16.4,26,AV,1,0,0,9,640.5426603936758,0.9,-2.387477188740064,"0.1912777777777778,0.321299352750809,0.38506410256410256,0.9,0.09,0.03164856990797825","0,0,0"
28.633333333333333,203,AV,1,0,0,41,3508.846318545673,0.1,-2.5371203599585295,"0.1675,0.3114719887955182,0.35568333333333335,0.1,0.41,0.17336857460921315","0,0,0"
16.516666666666666,282,AV,1,0,0,4,8975.220492497892,0.1,-3.7434526549096847,"0.18333333333333332,0.283882005899705,0.34164743589743585,0.1,0.04,0.44345663569349214","0,0,0"
26.2,198,AV,1,0,0,38,3393.6426315430986,0.2,-4.49057762355703,"0.2693333333333333,0.32591081871345023,0.35016666666666674,0.2,0.38,0.16767647606964517","0,0,0"
35.333333333333336,265,AV,2,0,0,59,6230.691172258436,0.1,-5.559370911274363,"0.1751666666666667,0.27598666666666666,0.32725490196078433,0.1,0.59,0.3078521967905309","0,0,0"
31.483333333333334,145,AV,1,0,0,49,2326.172138461347,0.6,-11.09631103422597,"0.0,0.252560606060606,0.31735897435897437,0.6,0.49,0.11493383047561351","0,0,0"
42.13333333333333,112,AV,1,0,0,89,1661.9571573900298,0.8,-14.146221191521871,"0.23399999999999999,0.3217767857142857,0.35375308641975317,0.8,0.89,0.08211563496394797","0,0,0"
40.93333333333333,113,AV,2,0,0,85,1664.0464513081895,0.7,-12.040524659465653,"0.12472222222222223,0.34540384615384623,0.35433950617283955,0.7,0.85,0.08221886487932402","0,0,0"
15.0,45,AV,1,0,0,8,844.3352662229099,0.5,-1.5991198223918748,"0.16958333333333336,0.323890350877193,0.3548106060606061,0.5,0.08,0.04171775800600685","0,0,0"
38.31666666666667,132,AV,1,0,0,73,2052.607856914241,0.6,-11.916528947085455,"0.21066666666666667,0.2926148459383754,0.32771929824561397,0.6,0.73,0.10141729391339874","0,0,0"
35.06666666666667,174,AV,1,0,0,66,2987.078671303881,0.1,-2.645123537215222,"0.10316666666666667,0.2960712121212121,0.34812820512820514,0.1,0.66,0.14758855888113623","0,0,0"
11.85,41,AV,0,0,0,31,816.2772675203604,0.1,-7.244264788386775,"0.22944444444444442,0.28394047619047624,0.3085196078431372,0.1,0.31,0.04033144045321521","0,0,0"
46.68333333333333,164,AV,1,0,0,96,2722.266725979925,0.3,-9.627612499330516,"0.201,0.26140978593272174,0.31364367816091954,0.3,0.96,0.13450446646658565","0,0,0"
40.1,219,AV,2,0,0,74,3941.04555698938,0.6,-23.94483739928396,"0.2366666666666667,0.3134893333333333,0.36,0.6,0.74,0.19472310516250035","0,0,0"
26.25,135,AV,2,0,0,12,2131.3254046090938,0.1,-1.4128104007825433,"0.0,0.2825789473684211,0.33610256410256406,0.1,0.12,0.10530664893258515","0,0,0"
37.06666666666667,212,AV,1,0,0,71,3752.1132597063192,0.1,-3.512079078108946,"0.17955555555555555,0.3071695652173913,0.3529545454545455,0.1,0.71,0.1853881499937643","0,0,0"
17.7,286,AV,1,0,0,14,9280.176126726552,0.1,-4.147957511188384,"0.2688333333333333,0.33848065476190475,0.3807543859649123,0.1,0.14,0.4585241874827607","0,0,0"
17.483333333333334,195,AV,1,0,0,11,3366.895459871004,0.4,-5.945914709435494,"0.20222222222222222,0.35841081871345026,0.37007894736842106,0.4,0.11,0.16635492516469105","0,0,0"
12.283333333333333,33,AV,1,0,0,3,742.6585956180782,0.1,-0.23036169401116316,"0.08616666666666667,0.2152920110192838,0.29159259259259257,0.1,0.03,0.03669401576896401","0,0,0"
16.366666666666667,154,AV,1,0,0,8,2458.2611968747465,0.2,-2.0319970499419204,"0.19441666666666665,0.27472934472934474,0.35210317460317453,0.2,0.08,0.1214602182679679","0,0,0"
11.1,131,AV,1,0,0,2,2022.4315636845977,0.4,-2.267574783525155,"0.10316666666666667,0.3178795518207283,0.3259083333333333,0.4,0.02,0.09992631355425287","0,0,0"
34.3,65,AV,1,0,0,64,985.8695826897422,0.1,-0.8539223910671252,"0.21766666666666665,0.2804712643678161,0.3320579710144928,0.1,0.64,0.04871082651814225","0,0,0"
29.6,228,AV,2,0,0,33,4237.057085974603,0.4,-12.668372701499825,"0.1035,0.30844848484848497,0.3334197530864198,0.4,0.33,0.20934873768929974","0,0,0"
13.966666666666667,128,AV,1,0,0,5,1927.298426803608,0.5,-3.398729128075386,"0.16283333333333336,0.32766809116809115,0.3507499999999999,0.5,0.05,0.09522588075045987","0,0,0"
37.03333333333333,173,AV,1,0,0,70,2965.4163440895786,0.1,-2.7732134328985873,"0.26816666666666666,0.264069069069069,0.3111578947368421,0.1,0.7,0.14651824503694982","0,0,0"
43.833333333333336,178,AV,1,0,0,91,3064.640983136323,0.1,-3.392258327293152,"0.20291666666666663,0.3108333333333334,0.30895333333333336,0.1,0.91,0.1514208348559242","0,0,0"
23.066666666666666,147,AV,1,0,0,30,2337.3116255789537,0.1,-1.3614643475594577,"0.10275000000000001,0.2660391156462585,0.33294166666666664,0.1,0.3,0.11548422135287985","0,0,0"
25.533333333333335,31,AV,1,0,0,35,736.5379020629116,0.1,-0.4749057516668269,"0.14166666666666666,0.2954848484848485,0.3359444444444445,0.1,0.35,0.03639159844402433","0,0,0"
34.65,220,AV,1,0,0,65,3942.222625638348,1.0,-34.49444797433554,"0.28491666666666665,0.2823333333333333,0.35409649122807024,1.0,0.65,0.19478126294296802","0,0,0"
48.733333333333334,78,AV,1,0,0,100,1174.3503864217532,0.3,-4.335606729668189,"0.16461111111111112,0.25067833333333334,0.29024242424242425,0.3,1.0,0.05802347384370573","0,0,0"
32.71666666666667,63,AV,1,0,0,53,950.4213588862824,0.3,-2.3556529387547633,"0.10083333333333334,0.26360869565217393,0.2979861111111111,0.3,0.53,0.04695936536102284","0,0,0"
22.65,85,AV,1,0,0,27,1265.4739572733297,0.2,-1.4476255117293393,"0.136,0.28263085399449034,0.33224999999999993,0.2,0.27,0.06252579801457091","0,0,0"
22.85,185,AV,1,0,0,29,3169.820795106812,0.6,-10.974303813362221,"0.22700000000000004,0.3111422764227642,0.3927023809523809,0.6,0.29,0.15661766379158035","0,0,0"
15.2,23,AV,1,0,0,5,601.3137559373858,0.5,-1.1540365012939728,"0.21866666666666668,0.3014795321637427,0.3331933333333334,0.5,0.05,0.029710309114645228","0,0,0"
39.78333333333333,22,AV,1,0,0,75,597.1498506777683,0.8,-4.79931546655836,"0.10408333333333333,0.3141625344352617,0.35517647058823526,0.8,0.75,0.029504574735270385","0,0,0"
45.86666666666667,57,AV,1,0,0,91,923.9636394510808,0.6,-6.421080645882259,"0.2333333333333333,0.27819911504424777,0.30389682539682544,0.6,0.91,0.0456521160005571","0,0,0"
34.266666666666666,101,AV,1,0,0,63,1509.578116022191,0.1,-1.3062679320461381,"0.0,0.28395575221238933,0.33103508771929824,0.1,0.63,0.07458673947980204","0,0,0"
27.366666666666667,160,AV,1,0,0,40,2563.744074524839,0.1,-1.7717456946000782,"0.18616666666666667,0.3450392156862745,0.36329999999999996,0.1,0.4,0.12667202137465233","0,0,0"
31.316666666666666,16,AV,1,0,0,46,566.7055292848979,0.4,-1.792659409976975,"0.1035,0.33345726495726496,0.3511969696969697,0.4,0.46,0.02800035137361163","0,0,0"
42.766666666666666,179,AV,1,0,0,83,3097.4575811220984,0.3,-10.035449688332456,"0.18583333333333332,0.3058305555555556,0.33193333333333336,0.3,0.83,0.15304227002287546","0,0,0"
34.45,110,AV,1,0,0,67,1596.1763216794554,0.1,-1.388592784895385,"0.21816666666666668,0.3297706422018348,0.3708620689655173,0.1,0.67,0.07886546989873305","0,0,0"
14.366666666666667,133,AV,1,0,0,7,2105.6010448069283,0.2,-1.5278014315013233,"0.05083333333333333,0.2614834983498349,0.334219298245614,0.2,0.07,0.104035634135481","0,0,0"
25.583333333333332,20,AV,1,0,0,35,588.8906571209208,0.8,-3.043593126870752,"0.16416666666666668,0.2873304093567251,0.32697826086956516,0.8,0.35,0.029096496271758268","0,0,0"
31.166666666666668,46,AV,2,0,0,32,849.0657401736111,0.3,-2.0047385531876927,"0.08633333333333333,0.2618048433048433,0.31027777777777776,0.3,0.32,0.04195148597571712","0,0,0"
31.1,86,AV,1,0,0,43,1297.4303329633815,0.4,-4.075765995470825,"0.2650333333333333,0.36090909090909096,0.38359333333333334,0.4,0.43,0.06410473046133508","0,0,0"
43.11666666666667,17,AV,1,0,0,88,571.0932451196882,0.2,-1.2436180346166947,"0.08616666666666667,0.2956964769647696,0.33811458333333333,0.2,0.88,0.028217144008856807","0,0,0"
18.95,196,AV,1,0,0,17,3382.383844415393,0.2,-3.2371804975591765,"0.21825,0.30287003058103973,0.36488888888888893,0.2,0.17,0.16712019069862674","0,0,0"
26.166666666666668,59,AV,1,0,0,37,932.1411738504048,0.4,-2.4637401396382757,"0.22163333333333335,0.3488392330383481,0.3321515151515152,0.4,0.37,0.046056159767061025","0,0,0"
13.916666666666666,252,AV,1,0,0,4,5307.329693361759,0.1,-1.8651600563792379,"0.2058333333333333,0.2950304487179487,0.35142063492063486,0.1,0.04,0.2622298329385507","0,0,0"
20.9,214,AV,1,0,0,20,3778.090807703549,0.4,-7.975969482929716,"0.22433333333333333,0.24496929824561403,0.30800724637681154,0.4,0.2,0.18667167456544997","0,0,0"
17.566666666666666,14,AV,1,0,0,12,546.8646928603165,0.4,-0.9703626031561846,"0.15786666666666668,0.30006845238095237,0.34609420289855075,0.4,0.12,0.027020035561031403","0,0,0"
46.6,124,AV,1,0,0,97,1832.3133019091129,0.1,-2.156207067398097,"0.142,0.24969696969696972,0.3155454545454545,0.1,0.97,0.09053276107035316","0,0,0"
37.1,39,AV,1,0,0,72,793.0252767736928,0.1,-0.7429605497046465,"0.20679166666666662,0.33649999999999997,0.38220512820512825,0.1,0.72,0.0391825829295129","0,0,0"
25.533333333333335,208,AV,1,0,0,34,3628.2404526711953,0.1,-2.3394210326145926,"0.0,0.3270727272727273,0.35487500000000005,0.1,0.34,0.1792677189349818","0,0,0"
36.483333333333334,150,AV,2,0,0,67,2382.718205806423,0.2,-4.390378916254429,"0.203,0.2719558404558404,0.31757407407407406,0.2,0.67,0.1177277149052501","0,0,0"
29.85,207,AV,1,0,0,44,3580.4564780460023,0.1,-2.698904693678615,"0.0,0.3013504273504274,0.34937681159420286,0.1,0.44,0.17690676071171996","0,0,0"
37.85,62,AV,1,0,0,69,948.3478854920526,0.5,-4.532192861852802,"0.18616666666666667,0.32762222222222226,0.35521929824561405,0.5,0.69,0.04685691712185437","0,0,0"
18.816666666666666,137,AV,1,0,0,15,2187.718469250836,0.3,-3.1186037270002442,"0.0,0.3218518518518519,0.3480797101449275,0.3,0.15,0.10809297365222585","0,0,0"
24.033333333333335,267,AV,1,0,0,32,6778.2755320215965,0.1,-4.113751396117484,"0.17866666666666667,0.36662121212121224,0.37042592592592594,0.1,0.32,0.3349077903708691","0,0,0"
22.95,256,AV,1,0,0,28,5502.789496653042,0.5,-15.945583200528702,"0.0,0.3237880116959064,0.3496111111111111,0.5,0.28,0.27188730562719554","0,0,0"
37.516666666666666,143,AV,1,0,0,74,2318.1098695731453,0.6,-13.176932617194822,"0.3041666666666667,0.3011333333333333,0.3380347222222222,0.6,0.74,0.11453548186231685","0,0,0"
40.06666666666667,116,AV,1,0,0,77,1718.6657268339234,0.3,-5.216758090036302,"0.12333333333333334,0.2843868501529052,0.3101358024691358,0.3,0.77,0.0849175484591763","0,0,0"
32.25,149,AV,1,0,0,57,2360.1328348572283,0.1,-1.9220778768723643,"0.26891666666666664,0.33071651090342674,0.3440317460317461,0.1,0.57,0.11661179439662402","0,0,0"
31.25,264,AV,1,0,0,48,6130.868263041086,0.4,-19.352488204043834,"0.17033333333333334,0.28543079096045193,0.3379682539682539,0.4,0.48,0.3029200470429381","0,0,0"
25.866666666666667,268,AV,1,0,0,37,7081.334819999852,0.8,-37.004146938181044,"0.28783333333333333,0.30578720238095236,0.3585925925925925,0.8,0.37,0.34988164559535495","0,0,0"
20.45,136,AV,1,0,0,19,2158.6935677652164,0.9,-10.033018968363335,"0.0,0.3172831715210356,0.3227643678160921,0.9,0.19,0.10665888240344744","0,0,0"
35.55,29,AV,2,0,0,25,682.056612603955,0.3,-1.8369024680356514,"0.0,0.3335747126436781,0.3757083333333333,0.3,0.25,0.033699732617228556","0,0,0"
37.35,197,AV,1,0,0,73,3389.778327720714,0.1,-3.1971772863729466,"0.0,0.28039256198347107,0.3324210526315789,0.1,0.73,0.1674855446965603","0,0,0"
32.166666666666664,172,AV,1,0,0,53,2964.6777926145683,0.7,-16.85723778544731,"0.0,0.3072249190938512,0.37035964912280694,0.7,0.53,0.14648175394988758","0,0,0"
24.95,239,AV,1,0,0,23,4635.813442599864,0.6,-17.524779604979788,"0.19105555555555553,0.2656462264150944,0.3428225806451613,0.6,0.23,0.22905088902009327","0,0,0"
35.833333333333336,42,AV,1,0,0,66,818.0604611907775,0.4,-2.9609932517848008,"0.21866666666666668,0.2880802469135802,0.33861111111111114,0.4,0.66,0.040419546262597174","0,0,0"
18.916666666666668,38,AV,1,0,0,17,779.2240782816187,0.1,-0.3722303572599484,"0.18616666666666667,0.3118262711864407,0.3587777777777778,0.1,0.17,0.038500679564916006","0,0,0"
33.166666666666664,255,AV,2,0,0,48,5434.023139443809,0.6,-27.30733850377065,"0.0,0.2961028985507246,0.3302933333333333,0.6,0.48,0.26848962894143685","0,0,0"
43.733333333333334,134,AV,2,0,0,97,2113.1349678504243,0.5,-11.668489384763287,"0.17033333333333334,0.2904579831932773,0.32007500000000005,0.5,0.97,0.10440787771091574","0,0,0"
29.933333333333334,32,AV,2,0,0,19,742.4887258523852,0.1,-0.5612414779591262,"0.13716666666666666,0.3385753623188406,0.3691388888888889,0.1,0.19,0.0366856226743472","0,0,0"
12.966666666666667,153,AV,1,0,0,3,2411.397471856681,0.1,-0.7895905863234418,"0.1035,0.3002679127725857,0.3365260416666666,0.1,0.03,0.11914472865409743","0,0,0"
45.96666666666667,100,AV,1,0,0,96,1503.4428459110418,0.3,-5.235473950786178,"0.28491666666666665,0.28093981481481484,0.33367391304347827,0.3,0.96,0.07428360194186243","0,0,0"
24.116666666666667,144,AV,1,0,0,31,2318.2944376966047,0.7,-9.88299846777311,"0.1035,0.2993768115942029,0.3343055555555556,0.7,0.31,0.11454460118803748","0,0,0"
32.833333333333336,298,AV,2,0,0,44,17322.90883950548,0.6,-86.1770970046106,"0.18876190476190477,0.33929545454545457,0.3388695652173912,0.6,0.44,0.8559075379611304","0,0,0"
32.733333333333334,146,AV,1,0,0,57,2329.0008356791827,0.2,-3.850301044843363,"0.10466666666666667,0.28829271708683474,0.35461458333333334,0.2,0.57,0.1150735935658535","0,0,0"
35.3,169,AV,2,0,0,65,2891.134206742707,0.3,-7.7315937498498135,"0.19458333333333336,0.3027286135693215,0.34169999999999995,0.3,0.65,0.14284803919103217","0,0,0"
25.033333333333335,27,AV,1,0,0,35,646.5589615252754,0.7,-2.861077828904354,"0.2021,0.27459333333333336,0.346625,0.7,0.35,0.03194582930805295","0,0,0"
25.966666666666665,142,AV,1,0,0,36,2280.385817754286,0.3,-4.485910484925729,"0.18583333333333332,0.31155225988700563,0.37503571428571425,0.3,0.36,0.1126715743273096","0,0,0"
12.75,82,AV,1,0,0,4,1260.3927948639828,0.2,-0.811616572450292,"0.16833333333333336,0.33413742690058484,0.3435416666666667,0.2,0.04,0.06227474288012104","0,0,0"
15.15,104,AV,1,0,0,5,1541.4014724042315,0.3,-1.769108508100311,"0.23583333333333337,0.33042424242424245,0.33600980392156865,0.3,0.05,0.07615909957607497","0,0,0"
30.9,34,AV,2,0,0,25,753.7709081553346,0.1,-0.5881697237878747,"0.2333333333333333,0.30126694915254243,0.3531031746031746,0.1,0.25,0.03724306397749163","0,0,0"
11.983333333333333,120,AV,1,0,0,0,1794.439334206041,0.1,-0.5430142598039324,"0.15094444444444446,0.33468518518518514,0.4160666666666667,0.1,0.0,0.08866144634198442","0,0,0"
29.783333333333335,55,AV,1,0,0,40,881.2906222289953,0.1,-0.6628225344794675,"0.10466666666666667,0.31098260869565214,0.3577638888888889,0.1,0.4,0.04354368505248021","0,0,0"
34.5,250,AV,1,0,0,67,4967.653125719208,0.1,-4.327879617103855,"0.2505,0.2526942028985507,0.31850694444444444,0.1,0.67,0.24544675468029653","0,0,0"
22.866666666666667,241,AV,1,0,0,25,4662.282088415262,0.5,-13.460965962343726,"0.23399999999999999,0.3463365384615384,0.3570333333333334,0.5,0.25,0.23035867824203715","0,0,0"
29.483333333333334,4,AV,1,0,0,42,437.8567856598078,0.4,-1.3039876327141415,"0.0,0.29008414239482205,0.35574603174603175,0.4,0.42,0.021634064282494894","0,0,0"
16.333333333333332,159,AV,1,0,0,7,2530.9644311939346,0.3,-3.1317489173864335,"0.0,0.2874480122324159,0.34802688172043006,0.3,0.07,0.12505241210010515","0,0,0"
39.36666666666667,213,AV,1,0,0,76,3773.692032315799,0.1,-3.7514564732028273,"0.0,0.32773976608187133,0.3667115384615384,0.1,0.76,0.18645433548879403","0,0,0"
23.116666666666667,96,AV,1,0,0,29,1454.957177165027,0.1,-0.8493373757272275,"0.27894444444444444,0.31850700280112043,0.3542685185185185,0.1,0.29,0.07188797371641335","0,0,0"
28.35,139,AV,1,0,0,38,2198.5025098873134,0.1,-1.5739279332147815,"0.12708333333333333,0.3113305322128851,0.3537254901960784,0.1,0.38,0.10862580227563756","0,0,0"
42.4,123,AV,1,0,0,85,1824.367004680513,0.2,-3.90672530295221,"0.10466666666666667,0.3073360881542699,0.3719166666666667,0.2,0.85,0.09014014250035135","0,0,0"
21.616666666666667,152,AV,1,0,0,21,2398.572127464108,0.4,-5.237286278318094,"0.21066666666666667,0.34664454277286133,0.3560333333333333,0.4,0.21,0.11851104126104732","0,0,0"
33.18333333333333,227,AV,1,0,0,54,4227.85786318916,0.2,-7.0855766040485,"0.10083333333333334,0.2902388888888889,0.3639473684210526,0.2,0.54,0.2088942133251532","0,0,0"
17.966666666666665,240,AV,1,0,0,11,4660.29795945294,0.2,-4.228788889133223,"0.0,0.31606593406593403,0.317820987654321,0.2,0.11,0.23026064442157015","0,0,0"
33.56666666666667,129,AV,1,0,0,50,1945.516475481125,0.1,-1.6491036117925026,"0.3041666666666667,0.3237792022792022,0.3615151515151515,0.1,0.5,0.09612601624932422","0,0,0"
29.7,6,AV,1,0,0,45,465.3670128771111,0.1,-0.3490252596578334,"0.153,0.3375054644808743,0.4019117647058824,0.1,0.45,0.02299331699602389","0,0,0"
31.416666666666668,35,AV,1,0,0,44,767.6170681366935,0.1,-0.6089891302347086,"0.28491666666666665,0.30323750000000005,0.3336388888888889,0.1,0.44,0.03792718884414417","0,0,0"
42.766666666666666,72,AV,2,0,0,91,1104.4445206976068,0.2,-2.3855257913384333,"0.11058333333333334,0.2943623188405798,0.3400434782608695,0.2,0.91,0.05456949518600221","0,0,0"
44.71666666666667,216,AV,1,0,0,92,3803.247088152212,0.3,-12.883979719081294,"0.14400000000000002,0.22803398058252428,0.3032314814814815,0.3,0.92,0.18791462113190488","0,0,0"
27.95,81,AV,2,0,0,28,1244.4027248274256,0.3,-2.6349284968883744,"0.17033333333333334,0.26601980198019803,0.3152202380952381,0.3,0.28,0.06148468956958209","0,0,0"
27.283333333333335,28,AV,1,0,0,40,649.7132696839626,0.6,-2.6858096527087043,"0.08616666666666667,0.317047197640118,0.3440729166666667,0.6,0.4,0.03210168050804979","0,0,0"
40.96666666666667,11,AV,2,0,0,71,539.5213747330826,0.4,-2.23256488062949,"0.26816666666666666,0.36100137741046834,0.34819607843137246,0.4,0.71,0.026657209583190285","0,0,0"
36.166666666666664,285,AV,1,0,0,69,9095.945853089892,0.3,-24.921972855056897,"0.0,0.30036956521739133,0.36200666666666664,0.3,0.69,0.44942155458275634","0,0,0"
39.85,191,AV,1,0,0,75,3257.3450634265246,0.6,-19.667454663264696,"0.06916666666666667,0.2969542772861357,0.33953333333333335,0.6,0.75,0.1609421500371313","0,0,0"
35.38333333333333,24,AV,2,0,0,53,615.3970356119416,0.7,-3.8490805329246904,"0.19208333333333333,0.3209939393939394,0.3662440476190476,0.7,0.53,0.030406149827330708","0,0,0"
29.116666666666667,237,AV,1,0,0,43,4577.590037133467,0.9,-30.291855283606694,"0.26783333333333337,0.30201980198019807,0.35516666666666663,0.9,0.43,0.2261741289975035","0,0,0"
28.866666666666667,126,AV,1,0,0,40,1888.2149669861096,0.3,-4.129278185378714,"0.21766666666666665,0.34206125356125355,0.3461287878787879,0.3,0.4,0.09329480623074009","0,0,0"
40.9,246,AV,2,0,0,78,4754.245589533712,0.1,-4.91031930838204,"0.2008333333333333,0.30908708708708704,0.35040625,0.1,0.78,0.234902502524312","0,0,0"
16.733333333333334,279,AV,1,0,0,11,8639.921150992108,0.2,-7.301751545114543,"0.1565,0.3350028011204482,0.33009166666666667,0.2,0.11,0.42688983178503276","0,0,0"
27.233333333333334,3,AV,1,0,0,40,437.5592869272848,0.1,-0.30091408873703007,"0.10466666666666667,0.28603304597701146,0.3258695652173913,0.1,0.4,0.021619365168734063","0,0,0"
50.416666666666664,176,AV,1,0,0,97,3032.1279287666234,0.4,-15.441392229830027,"0.05083333333333333,0.3040833333333333,0.353716049382716,0.4,0.97,0.14981439747436257","0,0,0"
26.283333333333335,180,AV,1,0,0,38,3101.095365071405,0.2,-4.116521372657918,"0.10466666666666667,0.2557945402298851,0.3130530303030303,0.2,0.38,0.15322200927639995","0,0,0"
20.1,206,AV,1,0,0,20,3539.477986656502,0.2,-3.593106440999782,"0.0,0.3380772727272727,0.35121111111111103,0.2,0.2,0.1748820545841577","0,0,0"
31.366666666666667,92,AV,1,0,0,48,1411.5824788559885,0.3,-3.3542906883926396,"0.19645833333333332,0.30332738095238104,0.3592083333333333,0.3,0.48,0.06974487341013964","0,0,0"
8.933333333333334,259,AV,0,0,0,12,5862.871835726062,0.1,-8.322600717150324,"0.19341666666666665,0.3146609686609686,0.3733412698412698,0.1,0.12,0.28967861256961963","0,0,0"
40.166666666666664,94,AV,1,0,0,79,1434.2863071033526,0.3,-4.364431818332171,"0.07791666666666666,0.2811227272727273,0.30162878787878783,0.3,0.79,0.07086664677496723","0,0,0"
22.15,258,AV,2,0,0,14,5844.130995646287,0.1,-3.2688763018577087,"0.11058333333333334,0.33343768115942024,0.3709347826086956,0.1,0.14,0.28875264647231946","0,0,0"
28.083333333333332,192,AV,2,0,0,17,3257.969850357721,0.2,-4.620942085734646,"0.08433333333333333,0.3341736111111111,0.3421228070175439,0.2,0.17,0.1609730201322744","0,0,0"
45.65,71,AV,1,0,0,93,1083.524948441525,0.3,-3.7471904466936077,"0.2003333333333333,0.2715534591194968,0.32679166666666665,0.3,0.93,0.053535880118764236","0,0,0"
29.916666666666668,235,AV,1,0,0,43,4569.840806868062,0.2,-6.904767885798123,"0.20858333333333334,0.35916520467836255,0.36622549019607836,0.2,0.43,0.22579124730834796","0,0,0"
46.63333333333333,297,AV,1,0,0,98,14754.343640924068,0.1,-17.37485416974139,"0.0,0.2611467889908257,0.3316666666666667,0.1,0.98,0.7289973096860264","0,0,0"
41.0,50,AV,1,0,0,80,863.5619359671642,0.3,-2.6822757102010404,"0.15766666666666665,0.293266369047619,0.31919333333333333,0.3,0.8,0.0426677284593794","0,0,0"
34.63333333333333,182,AV,1,0,0,62,3151.1733449572957,0.1,-2.7559504254298237,"0.23399999999999999,0.31189173789173785,0.33367424242424243,0.1,0.62,0.1556963119969945","0,0,0"
44.81666666666667,189,AV,1,0,0,91,3245.380745418587,0.2,-7.3458155087799515,"0.05083333333333333,0.3260607476635514,0.352090909090909,0.2,0.91,0.16035100509349434","0,0,0"
26.866666666666667,84,AV,1,0,0,38,1261.43865123121,0.1,-0.8558245394716797,"0.27411111111111114,0.34801023391812863,0.38128985507246377,0.1,0.38,0.06232641759345169","0,0,0"
47.833333333333336,165,AV,1,0,0,95,2744.255474143275,0.1,-3.314820374912121,"0.14341666666666664,0.30091284403669727,0.410325,0.1,0.95,0.13559090844222083","0,0,0"
43.38333333333333,254,AV,2,0,0,94,5354.15698790508,0.6,-35.19411777655789,"0.08433333333333333,0.3059986338797815,0.36744117647058827,0.6,0.94,0.26454352255923097","0,0,0"
26.833333333333332,251,AV,1,0,0,39,5200.876525735832,0.3,-10.572488897013496,"0.17041666666666663,0.2933903133903134,0.3267380952380952,0.3,0.39,0.25697008877808486","0,0,0"
29.516666666666666,201,AV,1,0,0,39,3456.1529418207683,0.2,-5.152227996603182,"0.0,0.29040616246498596,0.34268253968253964,0.2,0.39,0.17076504775599677","0,0,0"
41.28333333333333,51,AV,1,0,0,82,870.7377108213431,0.2,-1.815502785946521,"0.0,0.3126527777777778,0.3719242424242424,0.2,0.82,0.04302227629226974","0,0,0"
49.516666666666666,0,AV,1,0,0,100,388.2787303527966,0.3,-1.4565354897451497,"0.0,0.34135519125683056,0.39349999999999996,0.3,1.0,0.01918446233354553","0,0,0"
47.333333333333336,111,AV,1,0,0,98,1628.9397076974285,0.1,-1.9470491455642667,"0.0,0.30944859813084113,0.37188405797101454,0.1,0.98,0.0804842759157665","0,0,0"
38.86666666666667,292,AV,2,0,0,51,11662.42845360034,0.2,-22.89291511262289,"0.12958333333333333,0.3267407407407408,0.35729365079365083,0.2,0.51,0.5762288837775733","0,0,0"
11.666666666666666,269,AV,1,0,0,0,7332.887514065835,0.1,-2.1603624831002035,"0.13516666666666668,0.30780555555555555,0.3277399999999999,0.1,0.0,0.3623106117141683","0,0,0"
36.03333333333333,53,AV,1,0,0,67,873.8892656114449,0.1,-0.7951803839444208,"0.0,0.3159306784660767,0.33675308641975316,0.1,0.67,0.04317799145108845","0,0,0"
38.05,274,AV,1,0,0,74,7592.14370769901,0.2,-14.589952933229663,"0.2693333333333333,0.3630465465465465,0.38361666666666666,0.2,0.74,0.37512020001424035","0,0,0"
41.45,187,AV,1,0,0,80,3206.59631480788,0.1,-3.3563994254744096,"0.19508333333333333,0.29730909090909086,0.33177083333333335,0.1,0.8,0.15843470530673276","0,0,0"
33.483333333333334,89,AV,2,0,0,36,1348.5865378412918,0.3,-3.420846407226206,"0.10466666666666667,0.27920501474926246,0.35613461538461544,0.3,0.36,0.0666323071965214","0,0,0"
46.516666666666666,70,AV,1,0,0,95,1074.3823512953045,0.3,-3.78611255361767,"0.2693333333333333,0.26295299145299145,0.3148712121212121,0.3,0.95,0.05308415357061393","0,0,0"
37.15,295,AV,2,0,0,60,13460.811009378149,0.1,-12.628008308040359,"0.2333333333333333,0.33324731182795697,0.3681666666666667,0.1,0.6,0.6650851607394264","0,0,0"
34.03333333333333,202,AV,1,0,0,61,3487.44186130441,0.1,-2.9972038218786214,"0.18572222222222223,0.3367207977207977,0.369525,0.1,0.61,0.17231100186155868","0,0,0"
31.483333333333334,186,AV,2,0,0,40,3197.7177395395383,0.1,-2.5422932701978906,"0.0,0.29017687074829934,0.35952083333333335,0.1,0.4,0.15799602381455757","0,0,0"
22.85,257,AV,1,0,0,25,5702.891177591027,0.1,-3.290683419392803,"0.2833333333333333,0.3286836419753086,0.3656989247311827,0.1,0.25,0.28177412883109826","0,0,0"
14.216666666666667,273,AV,1,0,0,5,7572.106998522375,0.1,-2.7184374030890512,"0.141,0.35186430678466074,0.3378819444444444,0.1,0.05,0.37413020632558763","0,0,0"
47.2,130,AV,1,0,0,98,1986.5043233563797,0.7,-16.57426839487242,"0.17066666666666666,0.31179279279279276,0.33952469135802466,0.7,0.98,0.09815118467145603","0,0,0"
25.083333333333332,122,AV,1,0,0,34,1822.2981036688468,0.1,-1.1542755244198715,"0.0,0.342462643678161,0.38043055555555555,0.1,0.34,0.09003792017801585","0,0,0"
19.983333333333334,243,AV,1,0,0,16,4687.914961676448,0.2,-4.731321581691971,"0.1855,0.2755373831775701,0.30993939393939396,0.2,0.16,0.23162517278098077","0,0,0"
29.316666666666666,114,AV,1,0,0,40,1691.6338586686718,0.2,-2.5047003008402307,"0.18616666666666667,0.24221982758620694,0.300768115942029,0.2,0.4,0.08358193098625824","0,0,0"
35.516666666666666,108,AV,1,0,0,67,1592.2311391495805,0.2,-2.856098112397101,"0.0,0.2880860215053764,0.3572011494252873,0.2,0.67,0.07867054238989274","0,0,0"
24.366666666666667,260,AV,1,0,0,34,5882.279762541917,0.1,-3.6194835912610617,"0.0,0.3117260869565217,0.36199999999999993,0.1,0.34,0.29063753875296394","0,0,0"
30.866666666666667,162,AV,1,0,0,41,2580.565825479665,0.2,-4.022902280124865,"0.08666666666666666,0.2372854938271605,0.3335396825396825,0.2,0.41,0.12750316720456661","0,0,0"
39.53333333333333,233,AV,2,0,0,75,4459.768546990965,0.8,-35.618084153072616,"0.24283333333333335,0.37576495726495723,0.3562416666666667,0.8,0.75,0.22035268743240086","0,0,0"
37.4,155,AV,2,0,0,60,2476.7926805910606,0.7,-16.374351610574234,"0.2669166666666667,0.3281188405797102,0.3442753623188406,0.7,0.6,0.12237584027749006","0,0,0"
41.31666666666667,121,AV,1,0,0,83,1797.659883656486,0.9,-16.880298680244053,"0.18583333333333332,0.29371241830065364,0.32926,0.9,0.83,0.08882057045771759","0,0,0"
12.683333333333334,93,AV,1,0,0,3,1421.705549214182,0.2,-0.9107053223501621,"0.0,0.31755208333333335,0.3368333333333334,0.2,0.03,0.07024504415554754","0,0,0"
21.6,76,AV,1,0,0,25,1150.4391077840953,0.3,-1.8825367218285196,"0.2366666666666667,0.2845073746312684,0.34751282051282045,0.3,0.25,0.056842041567067104","0,0,0"
34.06666666666667,161,AV,1,0,0,62,2574.4307659940623,0.1,-2.2147039081194717,"0.13716666666666666,0.33508119658119667,0.3709166666666667,0.1,0.62,0.12720004007342384","0,0,0"
48.13333333333333,175,AV,2,0,0,97,3017.17067826153,0.3,-11.002006210630428,"0.20975000000000002,0.28259463276836155,0.32475000000000004,0.3,0.97,0.14907537474018487","0,0,0"
18.633333333333333,98,AV,1,0,0,14,1475.2077210572677,0.3,-2.082427060785385,"0.26816666666666666,0.3405744047619048,0.36177777777777786,0.3,0.14,0.07288853276372843","0,0,0"
44.15,280,AV,1,0,0,84,8689.506535985933,0.7,-67.8154544178397,"0.18583333333333332,0.35730367231638416,0.3736666666666666,0.7,0.84,0.42933979588645044","0,0,0"
39.56666666666667,261,AV,1,0,0,77,5899.132481879994,0.2,-11.788333764295544,"0.13574999999999998,0.3077990196078431,0.3176474358974359,0.2,0.77,0.29147021469961026","0,0,0"
12.2,166,AV,1,0,0,1,2818.3733061874163,0.9,-7.814580530792382,"0.203,0.35915486725663726,0.3808205128205128,0.9,0.01,0.13925299612805134","0,0,0"
24.316666666666666,67,AV,2,0,0,14,1022.032321197676,0.9,-5.648277108437156,"0.0,0.3303457300275482,0.3577156862745099,0.9,0.14,0.05049759112961852","0,0,0"
41.55,294,AV,1,0,0,78,12051.378145129962,0.1,-12.644817220458332,"0.13541666666666663,0.2880868945868946,0.3195438596491228,0.1,0.78,0.5954464976293913","0,0,0"
23.266666666666666,163,AV,1,0,0,31,2675.3892374750885,0.6,-9.431422665442485,"0.21866666666666668,0.3024043209876543,0.33374358974358975,0.6,0.31,0.13218829681264888","0,0,0"
17.45,48,AV,1,0,0,12,859.2772315809713,0.3,-1.1359384614460566,"0.2505,0.3013635057471264,0.363731884057971,0.3,0.12,0.042456025516412095","0,0,0"
18.9,238,AV,1,0,0,15,4617.971391102537,0.3,-6.6120954008968145,"0.08616666666666667,0.332819696969697,0.3370892857142857,0.3,0.15,0.2281693311644965","0,0,0"
33.11666666666667,49,AV,1,0,0,60,863.3540159882258,0.1,-0.7220052313840929,"0.17883333333333332,0.2885238095238095,0.3182280701754386,0.1,0.6,0.04265745534191888","0,0,0"
46.25,272,AV,1,0,0,94,7362.36439851089,0.4,-34.39488418496249,"0.253,0.2887787610619469,0.33789102564102563,0.4,0.94,0.36376703498729634","0,0,0"
41.333333333333336,245,AV,1,0,0,79,4707.821121085941,0.3,-14.741662096329716,"0.2833333333333333,0.298866391184573,0.33758333333333335,0.3,0.79,0.2326087161366778","0,0,0"
42.43333333333333,289,AV,1,0,0,84,10783.100237376317,0.1,-11.55461835200341,"0.18899999999999997,0.31251651651651646,0.326,0.1,0.84,0.5327821592360418","0,0,0"
44.016666666666666,95,AV,1,0,0,90,1434.4967426379471,0.2,-3.188978028036042,"0.18458333333333332,0.30637308868501534,0.3528939393939395,0.2,0.9,0.07087704418350775","0,0,0"
24.416666666666668,61,AV,1,0,0,34,943.1907669438916,0.1,-0.5815549131198658,"0.25133333333333335,0.3224205607476635,0.35503205128205123,0.1,0.34,0.046602109070826375","0,0,0"
14.85,234,AV,1,0,0,4,4549.070920567666,0.4,-6.8236063808514995,"0.0,0.27397863247863247,0.30089999999999995,0.4,0.04,0.22476502807393375","0,0,0"
42.266666666666666,36,AV,1,0,0,84,776.0711537761008,0.2,-1.6566636750641346,"0.0,0.3277599388379205,0.33875694444444443,0.2,0.84,0.03834489672983343","0,0,0"
44.43333333333333,222,AV,2,0,0,52,4015.909421979459,0.2,-9.012133433499358,"0.16833333333333333,0.26835135135135135,0.32805072463768115,0.2,0.52,0.19842205358736212","0,0,0"
44.0,88,AV,1,0,0,93,1338.7213376931895,0.2,-2.9749363059848655,"0.21866666666666668,0.32863690476190477,0.3503823529411765,0.2,0.93,0.06614487755935793","0,0,0"
39.15,200,AV,2,0,0,60,3438.9188747307694,0.2,-6.799680502308567,"0.23862499999999998,0.3473374999999999,0.36946875,0.2,0.6,0.16991352979970423","0,0,0"
24.283333333333335,232,AV,1,0,0,32,4446.537177105173,0.4,-10.90674186370747,"0.1696666666666667,0.3223698412698413,0.34350925925925924,0.4,0.32,0.21969893872727725","0,0,0"
19.683333333333334,157,AV,1,0,0,18,2520.718778515204,0.9,-11.276397262979001,"0.15175,0.267568376068376,0.3368333333333334,0.9,0.18,0.12454618468528102","0,0,0"
40.083333333333336,262,AV,1,0,0,79,5913.041300376779,1.0,-59.852122590093245,"0.18333333333333332,0.2984398148148148,0.3802745098039216,1.0,0.79,0.2921574354606168","0,0,0"
45.46666666666667,80,AV,1,0,0,96,1239.4416864014672,0.2,-2.8461253539589246,"0.30333333333333334,0.3019265232974911,0.3155079365079365,0.2,0.96,0.0612395696405775","0,0,0"
44.9,90,AV,1,0,0,92,1373.5659577718477,0.5,-7.787009028277268,"0.18494444444444444,0.3660565476190476,0.3733933333333333,0.5,0.92,0.06786651526229966","0,0,0"
30.983333333333334,105,AV,2,0,0,34,1552.9853059451273,0.2,-2.430134413932653,"0.0,0.3398348214285714,0.3571666666666667,0.2,0.34,0.07673144516410514","0,0,0"
39.583333333333336,141,AV,1,0,0,76,2239.257430619588,0.1,-2.238314982206028,"0.0,0.3007132768361582,0.32435833333333336,0.1,0.76,0.11063946200143439","0,0,0"
43.583333333333336,44,AV,1,0,0,90,837.3801312568858,0.1,-0.9216115501838201,"0.08991666666666666,0.2533246376811594,0.31428070175438594,0.1,0.9,0.04137411176852384","0,0,0"
27.65,209,AV,1,0,0,39,3654.013033637752,0.7,-17.859450067186536,"0.19945833333333332,0.2991850282485876,0.34001851851851855,0.7,0.39,0.18054111629141673","0,0,0"
17.6,119,AV,1,0,0,14,1782.711710770346,0.3,-2.3769489476937946,"0.11283333333333333,0.30010856269113156,0.33021839080459764,0.3,0.14,0.08808199623958074","0,0,0"
24.066666666666666,193,AV,1,0,0,35,3292.2479258152307,0.1,-2.000844278146967,"0.18583333333333332,0.3299234234234234,0.3655185185185186,0.1,0.35,0.16266666543415204","0,0,0"
38.05,151,AV,1,0,0,64,2397.5381966938494,0.8,-18.429561289737567,"0.24316666666666667,0.32902421652421654,0.3475,0.8,0.64,0.11845995577949263","0,0,0"
35.916666666666664,74,AV,1,0,0,68,1148.2139867956057,0.1,-1.041414621862176,"0.10316666666666667,0.3201407103825137,0.35406862745098033,0.1,0.68,0.05673210057248192","0,0,0"
21.433333333333334,287,AV,1,0,0,26,9884.322174397852,0.5,-26.749238881051426,"0.0,0.3169297520661156,0.38159649122807016,0.5,0.26,0.48837443728907737","0,0,0"
47.833333333333336,106,AV,1,0,0,98,1564.4426034616197,0.1,-1.88970971041029,"0.08616666666666667,0.2719597701149425,0.33416666666666667,0.1,0.98,0.07729753873417955","0,0,0"
43.083333333333336,69,AV,1,0,0,88,1062.4074567339185,0.2,-2.31171992900436,"0.2693333333333333,0.3116893939393939,0.3636551724137931,0.2,0.88,0.052492486050087245","0,0,0"
47.166666666666664,270,AV,2,0,0,100,7334.728577480919,0.2,-17.472459490127108,"0.18475000000000003,0.31584999999999996,0.33625925925925926,0.2,1.0,0.3624015768095477","0,0,0"
39.333333333333336,83,AV,1,0,0,75,1260.6549751070208,0.7,-8.765160012107737,"0.0,0.25978985507246377,0.33171527777777776,0.7,0.75,0.0622876969427672","0,0,0"
44.06666666666667,230,AV,1,0,0,92,4381.240268036911,0.4,-19.501682270521208,"0.21991666666666668,0.24311764705882358,0.3347192982456141,0.4,0.92,0.21647268399171962","0,0,0"
23.016666666666666,138,AV,1,0,0,29,2193.4249838744518,0.1,-1.2748821139438629,"0.26783333333333337,0.35077619047619046,0.3646507936507936,0.1,0.29,0.10837492681188801","0,0,0"
34.88333333333333,12,AV,1,0,0,63,541.9839687696077,0.1,-0.47742948090689774,"0.30333333333333334,0.3349883040935672,0.36870666666666674,0.1,0.63,0.02677888388271631","0,0,0"
42.166666666666664,181,AV,1,0,0,85,3119.7161673652217,0.2,-6.643839986055564,"0.0,0.28895175438596493,0.3387371794871795,0.2,0.85,0.15414204442718335","0,0,0"
47.13333333333333,148,AV,1,0,0,97,2347.541384251396,0.4,-11.176510159365233,"0.11058333333333334,0.33697743055555557,0.352375,0.4,0.97,0.11598966346080683","0,0,0"
16.416666666666668,52,AV,1,0,0,10,871.0408974081768,0.3,-1.0833021261957756,"0.094,0.2852608024691358,0.31949999999999995,0.3,0.1,0.0430372564372029","0,0,0"
31.85,190,AV,1,0,0,51,3251.3322332141274,0.2,-5.230047051912625,"0.2366666666666667,0.328430303030303,0.37558,0.2,0.51,0.16064506213169047","0,0,0"
12.166666666666666,226,AV,1,0,0,2,4196.147454418583,0.1,-1.2892203879316353,"0.2693333333333333,0.24486036036036032,0.30463095238095234,0.1,0.02,0.207327433856992","0,0,0"
24.066666666666666,15,AV,1,0,0,33,548.7192496267361,0.1,-0.3334808907664171,"0.15158333333333332,0.29880555555555555,0.33422222222222225,0.1,0.33,0.02711166734935643","0,0,0"
28.516666666666666,167,AV,1,0,0,42,2857.6088215719105,0.1,-2.057815106780109,"0.17725000000000002,0.3097207207207207,0.3506862745098039,0.1,0.42,0.14119158356071124","0,0,0"
49.28333333333333,87,AV,1,0,0,99,1301.8927857652438,0.7,-11.341699820098812,"0.21272222222222223,0.3303559322033899,0.34310526315789475,0.7,0.99,0.06432521577510636","0,0,0"
37.05,127,AV,1,0,0,69,1921.5023446668008,0.4,-7.191076956556057,"0.153,0.3200502873563218,0.3481884057971014,0.4,0.69,0.09493950214987396","0,0,0"
22.066666666666666,43,AV,1,0,0,27,832.3173438658397,0.6,-2.7827983921171002,"0.2833333333333333,0.30540300546448085,0.33531372549019606,0.6,0.27,0.04112396452528438","0,0,0"
51.5,199,AV,1,0,0,98,3414.9419898187493,1.0,-44.4114930494105,"0.0,0.30892592592592594,0.33151449275362316,1.0,0.98,0.16872885598290138","0,0,0"
33.31666666666667,276,AV,1,0,0,51,7864.29237148983,0.2,-13.2329296722291,"0.136,0.3371831831831832,0.3606904761904762,0.2,0.51,0.38856679232403757","0,0,0"
28.833333333333332,296,AV,2,0,0,20,14297.77376075636,0.3,-31.231248240035985,"0.20183333333333334,0.28798939393939393,0.330904761904762,0.3,0.2,0.7064386501870882","0,0,0"
49.45,64,AV,1,0,0,100,954.0002559944874,0.4,-4.765183096861354,"0.15738888888888888,0.26143137254901966,0.3490555555555555,0.4,1.0,0.04713619507483592","0,0,0"
45.9,253,AV,1,0,0,93,5341.061461458292,0.3,-18.57232735461633,"0.0,0.3232732732732733,0.34747500000000003,0.3,0.93,0.26389648574207625","0,0,0"
41.0,56,AV,1,0,0,83,904.859336063587,0.3,-2.8105479377732627,"0.13716666666666666,0.2916466049382716,0.3426166666666667,0.3,0.83,0.044708191546047354","0,0,0"
36.3,30,AV,1,0,0,67,720.4688823460104,0.4,-2.6417192352687047,"0.10316666666666667,0.28186250000000007,0.3524912280701755,0.4,0.67,0.035597644309025005","0,0,0"
36.11666666666667,109,AV,1,0,0,68,1594.6992934726818,0.4,-5.817699274335525,"0.18333333333333332,0.2584972222222222,0.3181228070175438,0.4,0.68,0.07879249141759738","0,0,0"
45.916666666666664,58,AV,1,0,0,95,926.7012599248138,0.2,-2.14904206320948,"0.2793333333333333,0.33545760233918126,0.34039130434782605,0.2,0.95,0.04578737908028891","0,0,0"
26.166666666666668,242,AV,1,0,0,37,4669.869929992837,0.2,-6.171461102768312,"0.16933333333333334,0.322718487394958,0.36574561403508776,0.2,0.37,0.23073358587812023","0,0,0"
45.63333333333333,118,AV,2,0,0,100,1751.9448432672848,0.3,-6.05659719806291,"0.08572222222222221,0.27328504672897197,0.34439166666666665,0.3,1.0,0.08656183619837181","0,0,0"
20.6,21,AV,2,0,0,2,591.6693204447811,0.1,-0.3077875757869316,"0.26899999999999996,0.3646710144927537,0.38516666666666666,0.1,0.02,0.02923378723751827","0,0,0"
33.583333333333336,54,AV,1,0,0,61,877.2934597877683,0.1,-0.7440009770506537,"0.2833333333333333,0.30245684523809524,0.36148333333333327,0.1,0.61,0.04334618926839462","0,0,0"
17.566666666666666,77,AV,1,0,0,13,1167.011530479414,0.1,-0.51768945838607,"0.28783333333333333,0.3258122977346279,0.36378205128205127,0.1,0.13,0.05766086833794136","0,0,0"
43.78333333333333,115,AV,2,0,0,79,1697.366940102563,0.1,-1.8766763264517818,"0.23483333333333334,0.3331235632183908,0.348159090909091,0.1,0.79,0.08386519678534977","0,0,0"
16.45,231,AV,1,0,0,11,4416.224882412617,0.6,-11.007105956922356,"0.124,0.28220545977011496,0.32656349206349206,0.6,0.11,0.21820123867235977","0,0,0"
36.56666666666667,204,AV,1,0,0,68,3531.3895067900216,0.2,-6.521774897219958,"0.21166666666666667,0.36618713450292395,0.38319444444444445,0.2,0.68,0.17448241091273348","0,0,0"
31.75,236,AV,1,0,0,52,4572.8741748457805,0.2,-7.332765406634017,"0.0,0.30421311475409835,0.3539537037037037,0.2,0.52,0.22594112297539634","0,0,0"
20.133333333333333,284,AV,1,0,0,19,8987.822610831106,0.8,-36.55653102317837,"0.1305,0.2764876033057851,0.33614444444444436,0.8,0.19,0.4440792937110115","0,0,0"
16.45,229,AV,1,0,0,8,4245.708624069837,0.3,-5.291053550450668,"0.23683333333333334,0.2977463768115942,0.32342028985507243,0.3,0.08,0.20977620150263931","0,0,0"
35.083333333333336,140,AV,1,0,0,63,2222.040577514192,0.6,-11.811604585018621,"0.245,0.3119843304843305,0.34419047619047616,0.6,0.63,0.1097887945708426","0,0,0"
20.5,218,AV,1,0,0,20,3933.772930850901,0.1,-2.036422855617259,"0.22977777777777778,0.3157245762711865,0.35657017543859654,0.1,0.2,0.19436377200486682","0,0,0"
28.5,91,AV,1,0,0,40,1386.7650627050614,0.1,-0.9980506133104609,"0.3041666666666667,0.29608620689655174,0.3486739130434783,0.1,0.4,0.0685186697885022","0,0,0"
39.65,1,AV,2,0,0,53,417.8295094645922,0.9,-3.765213647788882,"0.16849999999999998,0.3088362573099416,0.3287380952380953,0.9,0.53,0.020644536667985786","0,0,0"
