travel_time,id,kind,action,origin,destination,start_time,income,urgency,reward,observation,cost_table
33.483333333333334,38,AV,1,0,0,69,912.6272274022258,0.1,-0.7716616581864779,"0.43700980392156863,0.3428131868131869,0.4427358974358975,0.1,0.69,0.055679518183730216","0,0,0"
17.466666666666665,199,AV,0,0,0,37,3480.90175047103,0.9,-14.318125130657725,"0.16889523809523804,0.1845880149812734,0.2746186868686869,0.9,0.37,0.2123703156028121","0,0,0"
35.43333333333333,49,AV,2,0,0,52,1017.530975349866,1.0,-9.104675309738278,"0.27733928571428573,0.25855555555555554,0.35677053140096615,1.0,0.52,0.06207971090865948","0,0,0"
28.883333333333333,271,AV,2,0,0,41,6248.181898567973,0.5,-22.786404103994734,"0.19800537634408602,0.20378819444444446,0.30396031746031743,0.5,0.41,0.38120247477915753","0,0,0"
23.683333333333334,117,AV,0,0,0,48,2105.159940183184,0.2,-3.018040635522142,"0.24882692307692314,0.23311458333333332,0.33463725490196083,0.2,0.48,0.1284361102207503","0,0,0"
22.6,16,AV,1,0,0,46,743.7553910389753,0.1,-0.4244664605424455,"0.2328988095238095,0.22141666666666665,0.3182243589743589,0.1,0.46,0.04537662319968277","0,0,0"
24.533333333333335,178,AV,2,0,0,20,3065.2253709468137,0.1,-1.8989948426067804,"0.07387037037037036,0.13436254295532646,0.23555847953216374,0.1,0.2,0.18700984000299187","0,0,0"
8.516666666666667,93,AV,0,0,0,20,1653.1781197118603,0.3,-1.5666338625918697,"0.07387037037037036,0.13436254295532646,0.23555847953216374,0.3,0.2,0.10086063445581676","0,0,0"
26.816666666666666,281,AV,1,0,0,51,7897.119961473183,1.0,-53.4783923316934,"0.2761436781609195,0.25345652173913047,0.3517971014492754,1.0,0.51,0.4818044227603904","0,0,0"
45.78333333333333,203,AV,2,0,0,81,3580.4564780460023,0.3,-12.418578213626727,"0.4788333333333334,0.36890681003584236,0.46194907407407415,0.3,0.81,0.2184441638267638","0,0,0"
24.483333333333334,32,AV,2,0,0,26,861.805442805673,0.3,-1.598474994294866,"0.09375252525252525,0.14774659863945577,0.24541807909604527,0.3,0.26,0.052578873808229655","0,0,0"
44.15,275,AV,2,0,0,67,6947.27484286379,0.6,-46.47305822915702,"0.4297905982905983,0.33397250859106525,0.42826851851851855,0.6,0.67,0.4238542356901661","0,0,0"
35.38333333333333,138,AV,1,0,0,68,2398.572127464108,0.2,-4.286337227783081,"0.43928455284552853,0.3385765306122449,0.43861764705882356,0.2,0.68,0.14633722989645767","0,0,0"
27.766666666666666,88,AV,1,0,0,56,1579.1767070066765,0.1,-1.107284677556028,"0.33389393939393935,0.28319175627240145,0.38098437500000004,0.1,0.56,0.09634579764115309","0,0,0"
46.46666666666667,110,AV,2,0,0,65,1950.0200213032829,0.3,-6.864464418426203,"0.4126979166666667,0.32906593406593404,0.4208781094527364,0.3,0.65,0.11897100149406448","0,0,0"
37.983333333333334,184,AV,1,0,0,84,3169.820795106812,0.5,-15.202065639832544,"0.49377083333333327,0.37124561403508777,0.4581478873239436,0.5,0.84,0.1933912218493663","0,0,0"
29.433333333333334,83,AV,2,0,0,38,1528.3774584247917,0.2,-2.2719819794429146,"0.16825925925925925,0.1875574712643678,0.2769913793103449,0.2,0.38,0.09324652819114326","0,0,0"
21.5,75,AV,2,0,0,18,1421.705549214182,0.2,-1.5437711771770157,"0.071875,0.13228787878787876,0.23487903225806456,0.2,0.18,0.08673845969367815","0,0,0"
41.85,295,AV,2,0,0,61,11940.25564443948,0.5,-63.09339630300408,"0.37667054263565897,0.3117405303030302,0.406412429378531,0.5,0.61,0.7284767113133074","0,0,0"
27.183333333333334,86,AV,2,0,0,39,1552.9853059451273,0.1,-1.0660433644766425,"0.1812777777777778,0.19358075601374572,0.28732456140350876,0.1,0.39,0.09474785650168589","0,0,0"
16.966666666666665,206,AV,1,0,0,29,3651.018124108644,0.2,-3.1285660356419185,"0.1109871794871795,0.1620277777777778,0.2619142156862745,0.2,0.29,0.2227491399846658","0,0,0"
45.38333333333333,262,AV,2,0,0,79,5807.233742044462,0.2,-13.310688114130532,"0.48194252873563215,0.36924275362318854,0.46787198067632857,0.2,0.79,0.3543001644359528","0,0,0"
37.61666666666667,89,AV,1,0,0,76,1592.2311391495805,0.3,-4.537456668005812,"0.4854880952380951,0.3661666666666667,0.46296825396825414,0.3,0.76,0.09714225042061717","0,0,0"
36.4,218,AV,1,0,0,70,3942.222625638348,0.6,-21.741955086853913,"0.44552020202020204,0.3446518518518518,0.4428681592039802,0.6,0.7,0.24051556843569988","0,0,0"
25.3,12,AV,1,0,0,50,646.5589615252754,0.3,-1.2392380095901112,"0.2774032258064516,0.25144329896907214,0.35694354838709685,0.3,0.5,0.0394466550790664","0,0,0"
38.18333333333333,25,AV,1,0,0,77,806.3598325453933,0.2,-1.5550255693278585,"0.48846666666666666,0.36737788778877883,0.46623437500000003,0.2,0.77,0.049196129165071385","0,0,0"
18.266666666666666,111,AV,1,0,0,35,1996.532829496936,0.7,-6.446717116119736,"0.14745098039215687,0.17881687242798353,0.2785933333333333,0.7,0.35,0.12180875460051814","0,0,0"
34.75,241,AV,2,0,0,50,4756.448820673547,0.3,-12.52171185745498,"0.2774032258064516,0.25144329896907214,0.35694354838709685,0.3,0.5,0.2901916255057689","0,0,0"
28.683333333333334,134,AV,1,0,0,57,2335.4036410281064,0.1,-1.6915949773608467,"0.33688505747126435,0.28799833333333336,0.38283606557377065,0.1,0.57,0.14248331146892657","0,0,0"
47.75,126,AV,2,0,0,88,2198.5025098873134,0.2,-5.301944184197941,"0.49784057971014484,0.3715442176870748,0.4562004830917875,0.2,0.88,0.13413095380102685","0,0,0"
26.133333333333333,205,AV,2,0,0,31,3630.005597296026,0.1,-2.3955592493940103,"0.1196190476190476,0.16403663003663002,0.2540338541666667,0.1,0.31,0.22146716270673647","0,0,0"
34.38333333333333,82,AV,2,0,0,51,1527.6889462703334,0.2,-2.652880720669779,"0.2761436781609195,0.25345652173913047,0.3517971014492754,0.2,0.51,0.09320452196573949","0,0,0"
24.083333333333332,263,AV,2,0,0,29,5899.132481879994,0.4,-14.350583226122207,"0.1109871794871795,0.1620277777777778,0.2619142156862745,0.4,0.29,0.3599069197486334","0,0,0"
30.0,17,AV,1,0,0,57,743.7818724069466,0.3,-1.690413346379424,"0.33688505747126435,0.28799833333333336,0.38283606557377065,0.3,0.57,0.045378238831745035","0,0,0"
24.8,278,AV,1,0,0,49,7336.658338656486,0.1,-4.594674919158608,"0.26124731182795696,0.23728260869565218,0.3247313432835821,0.1,0.49,0.4476105786782528","0,0,0"
34.43333333333333,112,AV,2,0,0,54,1997.7276787447236,0.1,-1.7370813906930131,"0.3119734848484849,0.2735203703703703,0.3823809523809523,0.1,0.54,0.12188165252468854","0,0,0"
42.016666666666666,135,AV,2,0,0,64,2344.9936519099742,0.4,-9.952405717954623,"0.4098166666666667,0.3237378472222222,0.4267656250000001,0.4,0.64,0.1430683994098146","0,0,0"
30.75,260,AV,1,0,0,57,5611.673516276995,0.4,-17.430198042981576,"0.33688505747126435,0.28799833333333336,0.38283606557377065,0.4,0.57,0.3423690069822918","0,0,0"
13.833333333333334,261,AV,0,0,0,31,5721.231751015957,0.1,-2.4985784315417696,"0.1196190476190476,0.16403663003663002,0.2540338541666667,0.1,0.31,0.34905317061467583","0,0,0"
25.033333333333335,44,AV,2,0,0,33,959.5289757906356,0.4,-2.426283706460496,"0.1485175438596491,0.17336742424242424,0.27003385416666664,0.4,0.33,0.05854100058731211","0,0,0"
22.166666666666668,59,AV,1,0,0,44,1100.389953660579,0.4,-2.4638360915295796,"0.21261666666666662,0.21336254295532647,0.30980687830687836,0.4,0.44,0.06713494907273335","0,0,0"
30.7,270,AV,2,0,0,43,6197.036257351283,0.1,-4.80426800759304,"0.2056929824561404,0.20909693877551017,0.3048086419753086,0.1,0.43,0.37808207186476134","0,0,0"
43.05,208,AV,0,0,0,63,3742.7752140142647,1.0,-41.188503273564166,"0.4100729166666666,0.3216576086956522,0.42549242424242417,1.0,0.63,0.22834725321478366","0,0,0"
21.666666666666668,247,AV,1,0,0,43,4999.976398121604,0.5,-13.678386611022907,"0.2056929824561404,0.20909693877551017,0.3048086419753086,0.5,0.43,0.3050492779728728","0,0,0"
32.3,200,AV,1,0,0,61,3487.44186130441,0.2,-5.6891097030369915,"0.37667054263565897,0.3117405303030302,0.406412429378531,0.2,0.61,0.21276932870382087","0,0,0"
16.683333333333334,24,AV,1,0,0,31,802.5586880039084,0.1,-0.3381150028164614,"0.1196190476190476,0.16403663003663002,0.2540338541666667,0.1,0.31,0.04896422079080664","0,0,0"
13.65,227,AV,1,0,0,16,4434.023444374438,0.1,-1.5283944448411892,"0.06131623931623932,0.12781135531135526,0.23012222222222223,0.1,0.16,0.27052040700219254","0,0,0"
42.78333333333333,68,AV,2,0,0,80,1279.3396024785957,0.5,-6.91091068931514,"0.48598850574712643,0.36987500000000006,0.46736714975845417,0.5,0.8,0.07805269284167253","0,0,0"
20.716666666666665,257,AV,1,0,0,40,5427.330032863625,0.1,-2.8392976560814334,"0.18600000000000003,0.19440972222222225,0.2800169491525424,0.1,0.4,0.33112218459021436","0,0,0"
17.75,99,AV,1,0,0,30,1751.9448432672848,0.4,-3.1411132290903336,"0.11977586206896552,0.1667912087912088,0.26872857142857143,0.4,0.3,0.10688640644139001","0,0,0"
53.416666666666664,296,AV,0,0,0,83,13430.196447392702,0.1,-18.616068861066335,"0.4884367816091954,0.3697988505747126,0.4555315315315316,0.1,0.83,0.8193782136351887","0,0,0"
51.88333333333333,50,AV,0,0,0,78,1020.5842314575186,0.7,-9.86008038202474,"0.48243333333333327,0.36995876288659785,0.47000264550264553,0.7,0.78,0.062265990502190276","0,0,0"
11.633333333333333,210,AV,1,0,0,0,3778.090807703549,0.1,-1.1098936800408574,"0.0,0.0,0.0,0.1,0.0,0.23050186265656958","0,0,0"
29.233333333333334,95,AV,1,0,0,57,1664.0464513081895,0.5,-6.142124317328629,"0.33688505747126435,0.28799833333333336,0.38283606557377065,0.5,0.57,0.10152371292704225","0,0,0"
35.666666666666664,105,AV,1,0,0,73,1824.367004680513,0.4,-6.572635336727774,"0.4520757575757575,0.35507945736434104,0.4481338028169015,0.4,0.73,0.11130489290797409","0,0,0"
31.516666666666666,273,AV,2,0,0,47,6778.2755320215965,0.2,-10.789325783714512,"0.24756666666666663,0.2286133333333334,0.3304743589743589,0.2,0.47,0.41354356346985494","0,0,0"
19.316666666666666,274,AV,1,0,0,39,6918.069898529506,0.2,-6.749194454878532,"0.1812777777777778,0.19358075601374572,0.28732456140350876,0.2,0.39,0.42207243784292864","0,0,0"
15.533333333333333,60,AV,1,0,0,28,1122.7546975855585,0.3,-1.321221437057753,"0.10581720430107523,0.15771314102564105,0.2612515151515152,0.3,0.28,0.06849942531084642","0,0,0"
48.75,4,AV,2,0,0,71,522.2875039790788,0.3,-1.928902713559098,"0.45172549019607844,0.3506535580524344,0.45004726368159204,0.3,0.71,0.03186483561060942","0,0,0"
28.866666666666667,118,AV,2,0,0,40,2117.047321722312,0.1,-1.543234832164581,"0.18600000000000003,0.19440972222222225,0.2800169491525424,0.1,0.4,0.1291613610753066","0,0,0"
35.9,179,AV,2,0,0,55,3097.4575811220984,0.9,-25.27243799142803,"0.32430555555555557,0.27864981273408246,0.3905762711864408,0.9,0.55,0.1889763317738599","0,0,0"
21.716666666666665,214,AV,1,0,0,44,3849.958431883558,0.4,-8.445279186438174,"0.21261666666666662,0.21336254295532647,0.30980687830687836,0.4,0.44,0.23488651672693153","0,0,0"
26.516666666666666,150,AV,1,0,0,52,2574.4307659940623,0.2,-3.4477435595088832,"0.27733928571428573,0.25855555555555554,0.35677053140096615,0.2,0.52,0.1570663906838983","0,0,0"
27.866666666666667,96,AV,1,0,0,56,1691.6338586686718,0.7,-8.332863081590123,"0.33389393939393935,0.28319175627240145,0.38098437500000004,0.7,0.56,0.10320682461125344","0,0,0"
13.383333333333333,287,AV,1,0,0,22,8493.635575370567,0.1,-2.8705342453798677,"0.0836875,0.14523297491039425,0.253187134502924,0.1,0.22,0.5181979260151864","0,0,0"
31.116666666666667,284,AV,0,0,0,51,8331.964781214912,0.6,-39.78226829931374,"0.2761436781609195,0.25345652173913047,0.3517971014492754,0.6,0.51,0.5083343676501888","0,0,0"
46.0,197,AV,2,0,0,73,3427.0421228311798,0.4,-15.92363006568023,"0.4520757575757575,0.35507945736434104,0.4481338028169015,0.4,0.73,0.20908433198705015","0,0,0"
17.066666666666666,77,AV,1,0,0,33,1454.957177165027,0.2,-1.254104502876252,"0.1485175438596491,0.17336742424242424,0.27003385416666664,0.2,0.33,0.08876714628940657","0,0,0"
43.016666666666666,64,AV,0,0,0,64,1234.5997004771,0.2,-3.182240595060097,"0.4098166666666667,0.3237378472222222,0.4267656250000001,0.2,0.64,0.07532310499656578","0,0,0"
29.666666666666668,29,AV,1,0,0,57,837.3801312568858,0.1,-0.6273302330123135,"0.33688505747126435,0.28799833333333336,0.38283606557377065,0.1,0.57,0.05108868204352069","0,0,0"
17.733333333333334,54,AV,1,0,0,36,1047.1205397958274,0.7,-3.2823879547135193,"0.1501785714285714,0.180155303030303,0.2734234234234234,0.7,0.36,0.06388497448413621","0,0,0"
18.833333333333332,195,AV,0,0,0,41,3387.2787239910285,0.3,-5.332859795593261,"0.19800537634408602,0.20378819444444446,0.30396031746031743,0.3,0.41,0.20665836131437007","0,0,0"
27.633333333333333,10,AV,0,0,0,49,617.4453946714843,0.4,-2.223441859200877,"0.26124731182795696,0.23728260869565218,0.3247313432835821,0.4,0.49,0.03767043218503426","0,0,0"
24.966666666666665,249,AV,2,0,0,31,5009.92015912814,0.2,-6.3172225575538326,"0.1196190476190476,0.16403663003663002,0.2540338541666667,0.2,0.31,0.3056559482596602","0,0,0"
21.133333333333333,15,AV,1,0,0,42,742.4887258523852,0.5,-1.981219916626314,"0.20391666666666666,0.2074393939393939,0.3058575757575758,0.5,0.42,0.04529934377477431","0,0,0"
26.833333333333332,264,AV,1,0,0,52,5912.288420941998,0.4,-16.024889491105416,"0.27733928571428573,0.25855555555555554,0.35677053140096615,0.4,0.52,0.3607095654798067","0,0,0"
21.783333333333335,132,AV,1,0,0,45,2302.618320259251,0.2,-2.533267798467038,"0.2298735632183908,0.2189166666666667,0.3168101265822785,0.2,0.45,0.1404830743413262","0,0,0"
25.566666666666666,28,AV,0,0,0,48,822.5771428470101,0.4,-2.6242985473523794,"0.24882692307692314,0.23311458333333332,0.33463725490196083,0.4,0.48,0.05018554959514157","0,0,0"
25.35,79,AV,1,0,0,52,1509.578116022191,0.4,-3.865434872844701,"0.27733928571428573,0.25855555555555554,0.35677053140096615,0.4,0.52,0.09209957761185","0,0,0"
10.566666666666666,26,AV,0,0,0,20,816.2772675203604,0.2,-0.935622716841674,"0.07387037037037036,0.13436254295532646,0.23555847953216374,0.2,0.2,0.049801193296892726","0,0,0"
20.783333333333335,190,AV,0,0,0,41,3301.717979419838,0.7,-12.629922660924143,"0.19800537634408602,0.20378819444444446,0.30396031746031743,0.7,0.41,0.20143828800281033","0,0,0"
33.25,35,AV,1,0,0,67,881.2906222289953,0.4,-2.959890221122636,"0.4297905982905983,0.33397250859106525,0.42826851851851855,0.4,0.67,0.05376766740263329","0,0,0"
27.983333333333334,72,AV,1,0,0,53,1391.0507319816634,0.2,-1.9659715311424353,"0.29686574074074074,0.26350724637681167,0.3602231182795699,0.2,0.53,0.08486820489273883","0,0,0"
18.866666666666667,143,AV,1,0,0,36,2456.6540037696086,1.0,-11.704260657690224,"0.1501785714285714,0.180155303030303,0.2734234234234234,1.0,0.36,0.14988081350956411","0,0,0"
13.816666666666666,185,AV,1,0,0,22,3227.056348793521,0.4,-4.503753725841463,"0.0836875,0.14523297491039425,0.253187134502924,0.4,0.22,0.1968831711979807","0,0,0"
22.25,42,AV,1,0,0,46,950.4213588862824,0.2,-1.068024001778777,"0.2328988095238095,0.22141666666666665,0.3182243589743589,0.2,0.46,0.05798534357225696","0,0,0"
30.883333333333333,130,AV,1,0,0,62,2283.7291705859197,0.1,-1.7810396267237836,"0.38938571428571433,0.3185972222222222,0.41842090395480225,0.1,0.62,0.13933064460755065","0,0,0"
29.783333333333335,91,AV,1,0,0,60,1597.8734280578535,0.7,-8.412373195107612,"0.3658821138211383,0.3063894736842105,0.40280555555555553,0.7,0.6,0.09748648727706105","0,0,0"
42.016666666666666,124,AV,2,0,0,61,2187.718469250836,0.2,-4.642456448637506,"0.37667054263565897,0.3117405303030302,0.406412429378531,0.2,0.61,0.13347301793336488","0,0,0"
16.45,222,AV,1,0,0,27,4196.147454418583,0.5,-8.715483033483041,"0.09933333333333332,0.15178504672897197,0.24269047619047618,0.5,0.27,0.25600755869947317","0,0,0"
18.483333333333334,248,AV,1,0,0,34,5004.1281918097375,0.1,-2.3356810457563126,"0.1449349593495935,0.17483119658119659,0.27417370892018783,0.1,0.34,0.30530257950192263","0,0,0"
38.03333333333333,45,AV,0,0,0,57,968.7072844723906,0.7,-7.012681044680962,"0.33688505747126435,0.28799833333333336,0.38283606557377065,0.7,0.57,0.05910097051785686","0,0,0"
41.43333333333333,101,AV,2,0,0,63,1783.933402668827,0.5,-9.332614560258216,"0.4100729166666666,0.3216576086956522,0.42549242424242417,0.5,0.63,0.10883803304356732","0,0,0"
36.93333333333333,146,AV,1,0,0,75,2497.1975937909187,0.1,-2.329036139663584,"0.47850476190476193,0.3647666666666667,0.45678974358974345,0.1,0.75,0.1523543837582307","0,0,0"
36.56666666666667,133,AV,2,0,0,53,2329.0008356791827,0.3,-6.451802820050665,"0.29686574074074074,0.26350724637681167,0.3602231182795699,0.3,0.53,0.14209267539523954","0,0,0"
26.7,51,AV,2,0,0,9,1025.7249596144625,0.2,-1.383174566752836,"0.051424242424242435,0.11592592592592592,0.2157222222222222,0.2,0.09,0.06257962706517879","0,0,0"
48.18333333333333,216,AV,0,0,0,70,3898.759045987068,1.0,-47.93818350988473,"0.44552020202020204,0.3446518518518518,0.4428681592039802,1.0,0.7,0.237863849200441","0,0,0"
36.61666666666667,103,AV,2,0,0,55,1822.2981036688468,0.6,-10.110073065051658,"0.32430555555555557,0.27864981273408246,0.3905762711864408,0.6,0.55,0.11117866896018841","0,0,0"
31.516666666666666,176,AV,1,0,0,64,3024.224513765153,0.2,-4.813811915429213,"0.4098166666666667,0.3237378472222222,0.4267656250000001,0.2,0.64,0.1845083718192154","0,0,0"
20.25,61,AV,1,0,0,38,1141.0395517097602,0.1,-0.5834861343970366,"0.16825925925925925,0.1875574712643678,0.2769913793103449,0.1,0.38,0.06961498688640157","0,0,0"
38.166666666666664,268,AV,2,0,0,56,6081.635477498837,1.0,-58.61508940855361,"0.33389393939393935,0.28319175627240145,0.38098437500000004,1.0,0.56,0.3710414537160996","0,0,0"
25.75,128,AV,0,0,0,48,2222.040577514192,0.1,-1.944887496742183,"0.24882692307692314,0.23311458333333332,0.33463725490196083,0.1,0.48,0.13556701468666493","0,0,0"
16.633333333333333,292,AV,1,0,0,28,11185.875164713363,0.1,-4.698444197973037,"0.10581720430107523,0.15771314102564105,0.2612515151515152,0.1,0.28,0.6824518499272147","0,0,0"
34.13333333333333,115,AV,1,0,0,72,2052.607856914241,0.1,-1.7692512167341607,"0.45049999999999996,0.35232397003745314,0.45024218749999995,0.1,0.72,0.12522990007480161","0,0,0"
32.666666666666664,41,AV,0,0,0,52,933.6906207466446,0.6,-5.1212970117763215,"0.27733928571428573,0.25855555555555554,0.35677053140096615,0.6,0.52,0.05696459883606839","0,0,0"
36.016666666666666,139,AV,1,0,0,74,2401.1770329784995,0.7,-15.287291657350908,"0.46570707070707074,0.35692745098039214,0.4478194444444443,0.7,0.74,0.14649615555591702","0,0,0"
20.2,282,AV,1,0,0,38,7912.643587116454,0.2,-8.072494972714765,"0.16825925925925925,0.1875574712643678,0.2769913793103449,0.2,0.38,0.48275152138985195","0,0,0"
39.5,193,AV,2,0,0,55,3361.758609282253,0.3,-10.05980795959462,"0.32430555555555557,0.27864981273408246,0.3905762711864408,0.3,0.55,0.2051013754516725","0,0,0"
38.21666666666667,102,AV,1,0,0,74,1797.659883656486,0.1,-1.734862842266129,"0.46570707070707074,0.35692745098039214,0.4478194444444443,0.1,0.74,0.10967548761954628","0,0,0"
39.53333333333333,74,AV,2,0,0,59,1411.5824788559885,0.2,-2.818412154752866,"0.3684027777777778,0.30078006872852225,0.3962748538011695,0.2,0.59,0.08612084971759994","0,0,0"
43.56666666666667,237,AV,2,0,0,82,4662.282088415262,0.2,-10.258590386462538,"0.48413580246913585,0.37021401515151525,0.460088888888889,0.2,0.82,0.28444649964972557","0,0,0"
51.416666666666664,293,AV,0,0,0,91,11662.42845360034,0.7,-106.49753470349297,"0.5015208333333333,0.37412500000000004,0.46054761904761904,0.7,0.91,0.7115264345082908","0,0,0"
34.81666666666667,294,AV,2,0,0,50,11861.36896338871,0.3,-31.28585828853412,"0.2774032258064516,0.25144329896907214,0.35694354838709685,0.3,0.5,0.7236638235754265","0,0,0"
39.583333333333336,175,AV,0,0,0,59,3017.17067826153,0.6,-18.595404951694782,"0.3684027777777778,0.30078006872852225,0.3962748538011695,0.6,0.59,0.18407801630231177","0,0,0"
22.8,223,AV,1,0,0,44,4237.057085974603,0.2,-4.879035432334391,"0.21261666666666662,0.21336254295532647,0.30980687830687836,0.2,0.44,0.2585034611947306","0,0,0"
30.116666666666667,234,AV,2,0,0,40,4617.1597275219765,0.2,-7.022902043461458,"0.18600000000000003,0.19440972222222225,0.2800169491525424,0.2,0.4,0.28169357793271527","0,0,0"
28.383333333333333,120,AV,2,0,0,35,2133.445027811215,0.4,-6.116594078051345,"0.14745098039215687,0.17881687242798353,0.2785933333333333,0.4,0.35,0.1301617874782613","0,0,0"
29.083333333333332,211,AV,2,0,0,39,3783.636689084741,0.1,-2.7788072485071016,"0.1812777777777778,0.19358075601374572,0.28732456140350876,0.1,0.39,0.23084021767594357","0,0,0"
24.1,81,AV,0,0,0,47,1526.0895405694364,0.2,-2.3575130266526982,"0.24756666666666663,0.2286133333333334,0.3304743589743589,0.2,0.47,0.0931069419942765","0,0,0"
24.433333333333334,251,AV,1,0,0,50,5064.807770076448,0.3,-9.37501034208595,"0.2774032258064516,0.25144329896907214,0.35694354838709685,0.3,0.5,0.3090046492846745","0,0,0"
15.0,73,AV,1,0,0,14,1404.912317929139,1.0,-5.321637567913405,"0.05800555555555556,0.12732786885245903,0.22985317460317456,1.0,0.14,0.0857139022417153","0,0,0"
21.15,288,AV,1,0,0,41,8689.506535985933,0.1,-4.6409864453561225,"0.19800537634408602,0.20378819444444446,0.30396031746031743,0.1,0.41,0.5301480414465347","0,0,0"
42.18333333333333,256,AV,2,0,0,61,5386.149373461946,0.2,-11.475037091104532,"0.37667054263565897,0.3117405303030302,0.406412429378531,0.2,0.61,0.32860974664717757","0,0,0"
17.8,170,AV,1,0,0,34,2942.323800284961,0.2,-2.6451193760137532,"0.1449349593495935,0.17483119658119659,0.27417370892018783,0.2,0.34,0.17951159753004442","0,0,0"
40.016666666666666,266,AV,2,0,0,64,5960.007005011629,0.2,-12.045435032855993,"0.4098166666666667,0.3237378472222222,0.4267656250000001,0.2,0.64,0.36362088314558555","0,0,0"
8.433333333333334,168,AV,0,0,0,22,2909.8477340427667,0.4,-2.9787591808512457,"0.0836875,0.14523297491039425,0.253187134502924,0.4,0.22,0.17753022806552007","0,0,0"
42.05,253,AV,2,0,0,53,5200.876525735832,0.1,-5.522647926949285,"0.29686574074074074,0.26350724637681167,0.3602231182795699,0.1,0.53,0.3173062236049365","0,0,0"
32.95,174,AV,2,0,0,49,2991.769966736588,0.7,-17.42554906130793,"0.26124731182795696,0.23728260869565218,0.3247313432835821,0.7,0.49,0.1825283152450044","0,0,0"
6.916666666666667,144,AV,0,0,0,18,2472.005569054355,0.1,-0.9317686494770865,"0.071875,0.13228787878787876,0.23487903225806456,0.1,0.18,0.1508174147118467","0,0,0"
16.683333333333334,76,AV,1,0,0,28,1446.9812594843625,0.1,-0.609607845430912,"0.10581720430107523,0.15771314102564105,0.2612515151515152,0.1,0.28,0.08828053440648413","0,0,0"
37.21666666666667,172,AV,1,0,0,73,2971.291490045772,0.1,-2.792463761478203,"0.4520757575757575,0.35507945736434104,0.4481338028169015,0.1,0.73,0.18127892044168803","0,0,0"
24.166666666666668,3,AV,1,0,0,48,508.6019702527906,0.6,-1.8623051941074402,"0.24882692307692314,0.23311458333333332,0.33463725490196083,0.6,0.48,0.03102987923292612","0,0,0"
38.63333333333333,215,AV,2,0,0,55,3882.59008652233,0.5,-18.939065278953617,"0.32430555555555557,0.27864981273408246,0.3905762711864408,0.5,0.55,0.23687737866187128","0,0,0"
30.633333333333333,53,AV,1,0,0,58,1046.6558973464134,0.2,-1.6193211610460505,"0.36540104166666665,0.3007298245614035,0.3963703703703704,0.2,0.58,0.0638566265815816","0,0,0"
23.8,269,AV,1,0,0,47,6130.868263041086,0.2,-7.369427508099892,"0.24756666666666663,0.2286133333333334,0.3304743589743589,0.2,0.47,0.37404515303114005","0,0,0"
18.6,37,AV,1,0,0,38,904.859336063587,0.5,-2.125048440755394,"0.16825925925925925,0.1875574712643678,0.2769913793103449,0.5,0.38,0.05520559801780429","0,0,0"
21.45,279,AV,1,0,0,42,7612.519032757181,0.2,-8.246895618820279,"0.20391666666666666,0.2074393939393939,0.3058575757575758,0.2,0.42,0.46444087923489674","0,0,0"
50.06666666666667,36,AV,0,0,0,72,902.2448599555772,0.3,-3.9221509587203967,"0.45049999999999996,0.35232397003745314,0.45024218749999995,0.3,0.72,0.05504608845505409","0,0,0"
45.18333333333333,0,AV,0,0,0,62,437.5592869272848,0.2,-1.4985043997136946,"0.38938571428571433,0.3185972222222222,0.41842090395480225,0.2,0.62,0.02669555492254686","0,0,0"
35.266666666666666,151,AV,1,0,0,72,2580.565825479665,0.2,-4.5963613524536795,"0.45049999999999996,0.35232397003745314,0.45024218749999995,0.2,0.72,0.15744069154401974","0,0,0"
11.6,299,AV,1,0,0,7,16390.717038727882,0.7,-33.60924806931071,"0.05255555555555556,0.1166851851851852,0.2175714285714286,0.7,0.07,1.0","0,0,0"
38.233333333333334,94,AV,0,0,0,56,1659.6531244520008,0.3,-5.307126600369811,"0.33389393939393935,0.28319175627240145,0.38098437500000004,0.3,0.56,0.1012556754247287","0,0,0"
40.61666666666667,8,AV,2,0,0,65,610.4868582393152,0.2,-1.2523202639134774,"0.4126979166666667,0.32906593406593404,0.4208781094527364,0.2,0.65,0.03724589087816358","0,0,0"
33.916666666666664,207,AV,1,0,0,68,3667.3634505223554,0.2,-6.282057762468849,"0.43928455284552853,0.3385765306122449,0.43861764705882356,0.2,0.68,0.2237463706961161","0,0,0"
31.683333333333334,63,AV,1,0,0,60,1167.011530479414,0.2,-1.867414915354685,"0.3658821138211383,0.3063894736842105,0.40280555555555553,0.2,0.6,0.0711995410403344","0,0,0"
39.983333333333334,232,AV,2,0,0,57,4559.760277629775,0.1,-4.60389937122636,"0.33688505747126435,0.28799833333333336,0.38283606557377065,0.1,0.57,0.27819162925307067","0,0,0"
24.3,166,AV,2,0,0,26,2872.269398564857,0.2,-3.525057898238688,"0.09375252525252525,0.14774659863945577,0.24541807909604527,0.2,0.26,0.1752375684223135","0,0,0"
29.6,189,AV,2,0,0,40,3292.2479258152307,0.2,-4.9217443739460025,"0.18600000000000003,0.19440972222222225,0.2800169491525424,0.2,0.4,0.20086051867263208","0,0,0"
24.866666666666667,158,AV,1,0,0,49,2675.3892374750885,1.0,-16.800003124212257,"0.26124731182795696,0.23728260869565218,0.3247313432835821,1.0,0.49,0.16322588152511547","0,0,0"
21.6,286,AV,1,0,0,42,8475.089255911002,0.1,-4.622775957769638,"0.20391666666666666,0.2074393939393939,0.3058575757575758,0.1,0.42,0.5170664124019781","0,0,0"
15.233333333333333,171,AV,1,0,0,26,2964.6777926145683,0.1,-1.1404526525461764,"0.09375252525252525,0.14774659863945577,0.24541807909604527,0.1,0.26,0.18087541781178007","0,0,0"
19.616666666666667,191,AV,1,0,0,27,3323.1633986738134,1.0,-16.46196683602306,"0.09933333333333332,0.15178504672897197,0.24269047619047618,1.0,0.27,0.2027466761107439","0,0,0"
33.53333333333333,137,AV,1,0,0,66,2382.718205806423,0.3,-6.053066957174902,"0.42190277777777774,0.33091000000000004,0.42369753086419754,0.3,0.66,0.14536997985973107","0,0,0"
19.1,180,AV,1,0,0,36,3101.095365071405,0.5,-7.478651701119173,"0.1501785714285714,0.180155303030303,0.2734234234234234,0.5,0.36,0.18919827349493964","0,0,0"
48.45,113,AV,0,0,0,70,2034.664800296876,0.2,-5.478763109817356,"0.44552020202020204,0.3446518518518518,0.4428681592039802,0.2,0.7,0.12413519161421571","0,0,0"
33.3,204,AV,1,0,0,65,3623.60917519969,0.3,-9.141377691981035,"0.4126979166666667,0.32906593406593404,0.4208781094527364,0.3,0.65,0.2210769160762064","0,0,0"
46.483333333333334,78,AV,2,0,0,76,1467.6871321740252,1.0,-17.228027826739716,"0.4854880952380951,0.3661666666666667,0.46296825396825414,1.0,0.76,0.0895438026723409","0,0,0"
32.11666666666667,225,AV,1,0,0,63,4412.688598555705,0.7,-25.051665196093392,"0.4100729166666666,0.3216576086956522,0.42549242424242417,0.7,0.63,0.2692187649954198","0,0,0"
15.316666666666666,164,AV,1,0,0,23,2835.850686157305,0.1,-1.096863123139126,"0.08924193548387098,0.14573263888888888,0.24385714285714288,0.1,0.23,0.17301565754913437","0,0,0"
34.28333333333333,209,AV,2,0,0,46,3773.073658575576,0.5,-16.332517920222976,"0.2328988095238095,0.22141666666666665,0.3182243589743589,0.5,0.46,0.2301957656678827","0,0,0"
33.46666666666667,127,AV,1,0,0,64,2218.0502812558643,0.2,-3.749027748115973,"0.4098166666666667,0.3237378472222222,0.4267656250000001,0.2,0.64,0.13532356613899618","0,0,0"
32.28333333333333,66,AV,1,0,0,64,1265.4739572733297,0.5,-5.158297675165066,"0.4098166666666667,0.3237378472222222,0.4267656250000001,0.5,0.64,0.07720674783679542","0,0,0"
38.983333333333334,57,AV,2,0,0,56,1083.524948441525,0.1,-1.0666518747494644,"0.33389393939393935,0.28319175627240145,0.38098437500000004,0.1,0.56,0.0661060126827508","0,0,0"
27.916666666666668,229,AV,1,0,0,56,4504.939201911708,0.2,-6.35166091178629,"0.33389393939393935,0.28319175627240145,0.38098437500000004,0.2,0.56,0.27484698755200676","0,0,0"
17.416666666666668,80,AV,1,0,0,28,1519.7273932229994,0.2,-1.3367972440387497,"0.10581720430107523,0.15771314102564105,0.2612515151515152,0.2,0.28,0.09271878647115908","0,0,0"
35.9,196,AV,2,0,0,50,3414.9419898187493,0.4,-12.383476508534658,"0.2774032258064516,0.25144329896907214,0.35694354838709685,0.4,0.5,0.20834610113455965","0,0,0"
23.533333333333335,7,AV,1,0,0,48,583.3206434887895,0.9,-3.1198816235082227,"0.24882692307692314,0.23311458333333332,0.33463725490196083,0.9,0.48,0.03558847621556294","0,0,0"
27.533333333333335,224,AV,0,0,0,49,4281.8327360815,0.1,-3.4770991919219862,"0.26124731182795696,0.23728260869565218,0.3247313432835821,0.1,0.49,0.2612352300368808","0,0,0"
35.78333333333333,238,AV,1,0,0,73,4707.821121085941,0.2,-8.508158204521477,"0.4520757575757575,0.35507945736434104,0.4481338028169015,0.2,0.73,0.28722484257170267","0,0,0"
36.61666666666667,39,AV,2,0,0,53,913.5589076746268,0.7,-5.913140758050541,"0.29686574074074074,0.26350724637681167,0.3602231182795699,0.7,0.53,0.05573636013092506","0,0,0"
26.833333333333332,100,AV,2,0,0,37,1778.835052690156,0.2,-2.4107108037299256,"0.16889523809523804,0.1845880149812734,0.2746186868686869,0.2,0.37,0.10852698197932012","0,0,0"
32.18333333333333,11,AV,2,0,0,52,623.7253316558669,0.1,-0.5069080873011275,"0.27733928571428573,0.25855555555555554,0.35677053140096615,0.1,0.52,0.038053572042158534","0,0,0"
32.766666666666666,267,AV,0,0,0,52,6007.794801579103,0.5,-25.355481018317583,"0.27733928571428573,0.25855555555555554,0.35677053140096615,0.5,0.52,0.3665364234757957","0,0,0"
30.85,85,AV,1,0,0,58,1546.5147326922538,0.1,-1.204797462211011,"0.36540104166666665,0.3007298245614035,0.3963703703703704,0.1,0.58,0.09435308589844842","0,0,0"
20.416666666666668,21,AV,1,0,0,39,779.2240782816187,0.3,-1.2052392624936654,"0.1812777777777778,0.19358075601374572,0.28732456140350876,0.3,0.39,0.047540572901141116","0,0,0"
32.3,70,AV,1,0,0,61,1365.417472605012,0.2,-2.227423452784944,"0.37667054263565897,0.3117405303030302,0.406412429378531,0.2,0.61,0.08330431605760824","0,0,0"
38.96666666666667,169,AV,2,0,0,57,2927.9701715656583,0.3,-8.643427097374381,"0.33688505747126435,0.28799833333333336,0.38283606557377065,0.3,0.57,0.17863588058090862","0,0,0"
20.216666666666665,5,AV,1,0,0,39,567.9518330451218,0.1,-0.28995184069180674,"0.1812777777777778,0.19358075601374572,0.28732456140350876,0.1,0.39,0.03465082288365841","0,0,0"
21.383333333333333,47,AV,2,0,0,11,981.8973671489576,0.3,-1.5906241440051927,"0.05552777777777776,0.130475,0.23991666666666667,0.3,0.11,0.05990569935585715","0,0,0"
7.016666666666667,201,AV,0,0,0,16,3508.846318545673,0.1,-1.1217273990352392,"0.06131623931623932,0.12781135531135526,0.23012222222222223,0.1,0.16,0.2140752177134773","0,0,0"
33.7,186,AV,2,0,0,46,3236.647802754315,0.4,-11.017679894224285,"0.2328988095238095,0.22141666666666665,0.3182243589743589,0.4,0.46,0.19746834718132122","0,0,0"
34.25,187,AV,2,0,0,45,3252.767976975094,0.2,-5.626631475323079,"0.2298735632183908,0.2189166666666667,0.3168101265822785,0.2,0.45,0.19845184132515217","0,0,0"
41.43333333333333,108,AV,0,0,0,60,1929.5758599688188,0.1,-2.518908075708116,"0.3658821138211383,0.3063894736842105,0.40280555555555553,0.1,0.6,0.11772370027556629","0,0,0"
29.366666666666667,129,AV,0,0,0,49,2225.3307045190536,0.2,-3.800532576904523,"0.26124731182795696,0.23728260869565218,0.3247313432835821,0.2,0.49,0.13576774580764567","0,0,0"
15.616666666666667,33,AV,1,0,0,26,871.0408974081768,0.1,-0.3435039229256993,"0.09375252525252525,0.14774659863945577,0.24541807909604527,0.1,0.26,0.0531423302196046","0,0,0"
35.46666666666667,245,AV,2,0,0,47,4950.077303955518,0.1,-4.433402568525818,"0.24756666666666663,0.2286133333333334,0.3304743589743589,0.1,0.47,0.30200492707301985","0,0,0"
15.466666666666667,192,AV,0,0,0,32,3352.9358316496982,0.1,-1.8095641632032493,"0.136925,0.16914044943820225,0.25559836065573777,0.1,0.32,0.20456309652148852","0,0,0"
50.0,87,AV,0,0,0,72,1564.4426034616197,0.1,-2.475306317502045,"0.45049999999999996,0.35232397003745314,0.45024218749999995,0.1,0.72,0.09544686786826742","0,0,0"
22.616666666666667,160,AV,2,0,0,30,2756.9260540590044,0.2,-3.149115029762685,"0.11977586206896552,0.1667912087912088,0.26872857142857143,0.2,0.3,0.16820045441239434","0,0,0"
22.216666666666665,107,AV,0,0,0,43,1885.557658153182,0.4,-4.731394542623218,"0.2056929824561404,0.20909693877551017,0.3048086419753086,0.4,0.43,0.1150381434624244","0,0,0"
18.933333333333334,298,AV,0,0,0,40,15725.918848752755,0.2,-15.53757896648412,"0.18600000000000003,0.19440972222222225,0.2800169491525424,0.2,0.4,0.9594405669743218","0,0,0"
31.833333333333332,34,AV,1,0,0,60,873.8892656114449,0.2,-1.4049903176076262,"0.3658821138211383,0.3063894736842105,0.40280555555555553,0.2,0.6,0.05331610957267","0,0,0"
40.31666666666667,173,AV,2,0,0,64,2987.078671303881,0.2,-6.082275510003442,"0.4098166666666667,0.3237378472222222,0.4267656250000001,0.2,0.64,0.18224209863705357","0,0,0"
21.65,97,AV,2,0,0,15,1697.366940102563,0.2,-1.8559593057182062,"0.06080092592592593,0.12830246913580245,0.23164506172839505,0.2,0.15,0.10355660073272177","0,0,0"
23.583333333333332,290,AV,1,0,0,46,10426.353459350525,0.2,-12.418594398132148,"0.2328988095238095,0.22141666666666665,0.3182243589743589,0.2,0.46,0.636113321626821","0,0,0"
46.083333333333336,155,AV,2,0,0,74,2629.980017260476,0.1,-3.060561762510613,"0.46570707070707074,0.35692745098039214,0.4478194444444443,0.1,0.74,0.16045545847972215","0,0,0"
25.5,181,AV,2,0,0,35,3132.463358685509,0.9,-18.154049010563746,"0.14745098039215687,0.17881687242798353,0.2785933333333333,0.9,0.35,0.19111203928932116","0,0,0"
42.46666666666667,165,AV,2,0,0,53,2857.8751728516777,0.9,-27.582825531916953,"0.29686574074074074,0.26350724637681167,0.3602231182795699,0.9,0.53,0.17435937464475218","0,0,0"
26.466666666666665,276,AV,2,0,0,31,6995.337061486569,0.1,-4.67533470271072,"0.1196190476190476,0.16403663003663002,0.2540338541666667,0.1,0.31,0.42678651854937344","0,0,0"
36.516666666666666,1,AV,1,0,0,77,477.1303205766694,0.3,-1.319940066140761,"0.48846666666666666,0.36737788778877883,0.46623437500000003,0.3,0.77,0.029109789367317424","0,0,0"
13.783333333333333,69,AV,0,0,0,31,1323.5149786113286,0.1,-0.9606678818651384,"0.1196190476190476,0.16403663003663002,0.2540338541666667,0.1,0.31,0.0807478388824684","0,0,0"
15.3,252,AV,1,0,0,17,5168.6614957092925,0.2,-3.993965701229908,"0.06832051282051282,0.1331166666666667,0.2373442622950819,0.2,0.17,0.3153407799974102","0,0,0"
36.483333333333334,182,AV,1,0,0,74,3158.0604616132755,0.3,-8.728528220292247,"0.46570707070707074,0.35692745098039214,0.4478194444444443,0.3,0.74,0.19267372221431378","0,0,0"
34.55,148,AV,0,0,0,52,2553.8725848963804,0.7,-16.097325370131045,"0.27733928571428573,0.25855555555555554,0.35677053140096615,0.7,0.52,0.15581213310327466","0,0,0"
34.56666666666667,212,AV,0,0,0,54,3793.837230001502,0.3,-10.434871736140298,"0.3119734848484849,0.2735203703703703,0.3823809523809523,0.3,0.54,0.2314625541419236","0,0,0"
22.133333333333333,23,AV,2,0,0,13,793.0252767736928,0.4,-1.7729588679384918,"0.058636904761904765,0.12857371794871797,0.23208823529411768,0.4,0.13,0.048382586002792785","0,0,0"
24.4,30,AV,2,0,0,23,845.7864251007381,0.3,-1.5634233918528795,"0.08924193548387098,0.14573263888888888,0.24385714285714288,0.3,0.23,0.05160155123795496","0,0,0"
31.366666666666667,109,AV,2,0,0,47,1942.5668635563816,0.1,-1.53868301229508,"0.24756666666666663,0.2286133333333334,0.3304743589743589,0.1,0.47,0.11851628326976159","0,0,0"
36.45,163,AV,2,0,0,48,2793.3389947689566,0.2,-5.142283149461035,"0.24882692307692314,0.23311458333333332,0.33463725490196083,0.2,0.48,0.1704220131534742","0,0,0"
18.066666666666666,289,AV,1,0,0,32,9280.176126726552,0.1,-4.233885067917333,"0.136925,0.16914044943820225,0.25559836065573777,0.1,0.32,0.5661848779891332","0,0,0"
43.983333333333334,58,AV,2,0,0,64,1097.8259349569896,0.3,-3.6580336393326967,"0.4098166666666667,0.3237378472222222,0.4267656250000001,0.3,0.64,0.06697851792347177","0,0,0"
28.933333333333334,291,AV,2,0,0,33,10783.100237376317,0.3,-23.63568435869354,"0.1485175438596491,0.17336742424242424,0.27003385416666664,0.3,0.33,0.6578784937777936","0,0,0"
37.2,27,AV,2,0,0,46,818.0604611907775,0.1,-0.7684810393004274,"0.2328988095238095,0.22141666666666665,0.3182243589743589,0.1,0.46,0.049909986198765396","0,0,0"
43.166666666666664,156,AV,2,0,0,78,2645.062412614309,0.1,-2.8832961484305804,"0.48243333333333327,0.36995876288659785,0.47000264550264553,0.1,0.78,0.16137563758587084","0,0,0"
28.0,242,AV,1,0,0,54,4818.617258984985,0.3,-10.221309337240877,"0.3119734848484849,0.2735203703703703,0.3823809523809523,0.3,0.54,0.2939845308536281","0,0,0"
38.43333333333333,18,AV,1,0,0,74,753.5670156580491,0.1,-0.7313659672169448,"0.46570707070707074,0.35692745098039214,0.4478194444444443,0.1,0.74,0.045975231826498236","0,0,0"
26.883333333333333,55,AV,1,0,0,49,1059.8377785859489,0.1,-0.7194942495198381,"0.26124731182795696,0.23728260869565218,0.3247313432835821,0.1,0.49,0.064660855048731","0,0,0"
41.333333333333336,140,AV,2,0,0,60,2417.357356239525,0.3,-7.56950283266922,"0.3658821138211383,0.3063894736842105,0.40280555555555553,0.3,0.6,0.14748331940132994","0,0,0"
40.65,9,AV,2,0,0,63,616.3739675020589,0.1,-0.6327172166403711,"0.4100729166666666,0.3216576086956522,0.42549242424242417,0.1,0.63,0.03760506425958635","0,0,0"
30.783333333333335,240,AV,2,0,0,32,4735.166802079286,0.2,-7.361829194815187,"0.136925,0.16914044943820225,0.25559836065573777,0.2,0.32,0.28889320649554645","0,0,0"
22.2,62,AV,1,0,0,45,1141.5133047894662,0.2,-1.2798785538548563,"0.2298735632183908,0.2189166666666667,0.3168101265822785,0.2,0.45,0.06964389062981845","0,0,0"
21.066666666666666,121,AV,1,0,0,40,2137.1188228190404,0.4,-4.547673723978565,"0.18600000000000003,0.19440972222222225,0.2800169491525424,0.4,0.4,0.13038592623919196","0,0,0"
15.383333333333333,280,AV,0,0,0,35,7864.29237148983,0.2,-6.610052069768614,"0.14745098039215687,0.17881687242798353,0.2785933333333333,0.2,0.35,0.4798016067819443","0,0,0"
39.766666666666666,183,AV,0,0,0,59,3159.4556453821087,0.2,-6.845506035253965,"0.3684027777777778,0.30078006872852225,0.3962748538011695,0.2,0.59,0.19275884257637826","0,0,0"
29.766666666666666,119,AV,1,0,0,58,2123.4400354784907,0.2,-3.192309682966822,"0.36540104166666665,0.3007298245614035,0.3963703703703704,0.2,0.58,0.12955138145947123","0,0,0"
10.333333333333334,239,AV,0,0,0,26,4717.175795221327,0.2,-2.961825751714834,"0.09375252525252525,0.14774659863945577,0.24541807909604527,0.2,0.26,0.28779557258389693","0,0,0"
36.15,265,AV,1,0,0,68,5913.041300376779,0.2,-10.795779949930333,"0.43928455284552853,0.3385765306122449,0.43861764705882356,0.2,0.68,0.3607554987622251","0,0,0"
23.433333333333334,162,AV,1,0,0,48,2780.081336731352,0.2,-3.290230942293166,"0.24882692307692314,0.23311458333333332,0.33463725490196083,0.2,0.48,0.16961316153299416","0,0,0"
30.366666666666667,188,AV,1,0,0,57,3257.969850357721,0.2,-4.996650730094081,"0.33688505747126435,0.28799833333333336,0.38283606557377065,0.2,0.57,0.19876920836713918","0,0,0"
33.68333333333333,71,AV,2,0,0,49,1386.7650627050614,0.1,-1.179567420760492,"0.26124731182795696,0.23728260869565218,0.3247313432835821,0.1,0.49,0.08460673559481392","0,0,0"
27.116666666666667,136,AV,2,0,0,39,2352.9451803313505,0.1,-1.6112128823228566,"0.1812777777777778,0.19358075601374572,0.28732456140350876,0.1,0.39,0.14355352330052593","0,0,0"
36.416666666666664,220,AV,0,0,0,54,4021.28082322038,0.2,-7.896042591529065,"0.3119734848484849,0.2735203703703703,0.3823809523809523,0.2,0.54,0.2453389204217804","0,0,0"
22.883333333333333,6,AV,1,0,0,46,572.7967315704935,0.3,-0.9929923136948076,"0.2328988095238095,0.22141666666666665,0.3182243589743589,0.3,0.46,0.034946410838347895","0,0,0"
43.68333333333333,145,AV,2,0,0,65,2476.7673195544394,0.3,-8.19647366736387,"0.4126979166666667,0.32906593406593404,0.4208781094527364,0.3,0.65,0.15110792979357457","0,0,0"
43.86666666666667,194,AV,2,0,0,70,3362.377553451843,0.3,-11.173961768541984,"0.44552020202020204,0.3446518518518518,0.4428681592039802,0.3,0.7,0.20513913732433053","0,0,0"
36.25,231,AV,0,0,0,55,4549.115907877681,0.1,-4.664279082337523,"0.32430555555555557,0.27864981273408246,0.3905762711864408,0.1,0.55,0.2775422147261196","0,0,0"
27.25,13,AV,1,0,0,53,670.158540600369,0.1,-0.46115707654949634,"0.29686574074074074,0.26350724637681167,0.3602231182795699,0.1,0.53,0.04088646878699221","0,0,0"
46.65,147,AV,0,0,0,67,2520.757475212996,0.3,-9.4085860771732,"0.4297905982905983,0.33397250859106525,0.42826851851851855,0.3,0.67,0.153791775506646","0,0,0"
21.733333333333334,297,AV,1,0,0,43,14312.770160915026,0.5,-39.27578343820117,"0.2056929824561404,0.20909693877551017,0.3048086419753086,0.5,0.43,0.8732241626218611","0,0,0"
33.11666666666667,230,AV,1,0,0,68,4505.18942297478,0.1,-3.767597383607277,"0.43928455284552853,0.3385765306122449,0.43861764705882356,0.1,0.68,0.27486225357499294","0,0,0"
39.0,250,AV,2,0,0,60,5051.78348307234,0.1,-4.975241309086396,"0.3658821138211383,0.3063894736842105,0.40280555555555553,0.1,0.6,0.30821003566445676","0,0,0"
31.016666666666666,157,AV,0,0,0,50,2667.9339807116767,0.4,-8.858628178626988,"0.2774032258064516,0.25144329896907214,0.35694354838709685,0.4,0.5,0.1627710352395139","0,0,0"
44.2,84,AV,2,0,0,69,1530.6528609905624,0.1,-1.7084559711056282,"0.43700980392156863,0.3428131868131869,0.4427358974358975,0.1,0.69,0.09338535082839546","0,0,0"
29.283333333333335,52,AV,0,0,0,49,1040.734547163155,0.1,-1.2696004206084441,"0.26124731182795696,0.23728260869565218,0.3247313432835821,0.1,0.49,0.06349536415668174","0,0,0"
25.716666666666665,14,AV,1,0,0,47,741.34301771214,0.1,-0.4814361432364613,"0.24756666666666663,0.2286133333333334,0.3304743589743589,0.1,0.47,0.045229443956631026","0,0,0"
41.516666666666666,233,AV,0,0,0,60,4577.590037133467,0.2,-10.098296954965882,"0.3658821138211383,0.3063894736842105,0.40280555555555553,0.2,0.6,0.27927942544048356","0,0,0"
34.45,46,AV,2,0,0,50,978.4447105201264,0.2,-1.7023949635059776,"0.2774032258064516,0.25144329896907214,0.35694354838709685,0.2,0.5,0.05969505227918116","0,0,0"
21.333333333333332,202,AV,2,0,0,17,3520.054626539052,0.1,-1.896325724734843,"0.06832051282051282,0.1331166666666667,0.2373442622950819,0.1,0.17,0.21475903819350242","0,0,0"
14.083333333333334,213,AV,1,0,0,10,3822.7735841463273,0.1,-1.3595301677624776,"0.0535111111111111,0.12628735632183907,0.23153846153846153,0.1,0.1,0.23322796526313658","0,0,0"
31.683333333333334,285,AV,1,0,0,59,8436.938288223368,1.0,-67.50260810569286,"0.3684027777777778,0.30078006872852225,0.3962748538011695,1.0,0.59,0.5147388163854347","0,0,0"
37.2,159,AV,1,0,0,81,2747.619709803412,0.3,-7.74329190944598,"0.4788333333333334,0.36890681003584236,0.46194907407407415,0.3,0.81,0.16763267301310575","0,0,0"
30.25,255,AV,2,0,0,45,5354.15698790508,0.1,-4.089981032427493,"0.2298735632183908,0.2189166666666667,0.3168101265822785,0.1,0.45,0.3266578866107146","0,0,0"
11.916666666666666,221,AV,0,0,0,26,4034.238052294327,0.2,-2.928013642584549,"0.09375252525252525,0.14774659863945577,0.24541807909604527,0.2,0.26,0.2461294428280505","0,0,0"
33.88333333333333,254,AV,1,0,0,68,5304.212874057136,0.1,-4.538495274814039,"0.43928455284552853,0.3385765306122449,0.43861764705882356,0.1,0.68,0.32361078905360735","0,0,0"
42.266666666666666,259,AV,2,0,0,62,5502.789496653042,0.3,-17.62004313574762,"0.38938571428571433,0.3185972222222222,0.41842090395480225,0.3,0.62,0.3357259773108819","0,0,0"
22.283333333333335,56,AV,0,0,0,46,1062.4074567339185,0.2,-1.6956555300111524,"0.2328988095238095,0.22141666666666665,0.3182243589743589,0.2,0.46,0.06481763148150681","0,0,0"
46.666666666666664,219,AV,0,0,0,64,3971.0791127863904,0.1,-5.179722860185982,"0.4098166666666667,0.3237378472222222,0.4267656250000001,0.1,0.64,0.2422761068599714","0,0,0"
26.966666666666665,153,AV,1,0,0,53,2619.168197182975,0.7,-12.485142677312446,"0.29686574074074074,0.26350724637681167,0.3602231182795699,0.7,0.53,0.1597958277843746","0,0,0"
19.283333333333335,167,AV,1,0,0,38,2898.378436294527,0.1,-1.4113736745760808,"0.16825925925925925,0.1875574712643678,0.2769913793103449,0.1,0.38,0.1768304845630766","0,0,0"
11.05,123,AV,1,0,0,14,2142.030696222753,0.3,-1.7931393328228349,"0.05800555555555556,0.12732786885245903,0.22985317460317456,0.3,0.14,0.13068560034082563","0,0,0"
33.0,217,AV,1,0,0,64,3941.04555698938,0.9,-29.55784167742035,"0.4098166666666667,0.3237378472222222,0.4267656250000001,0.9,0.64,0.24044375530841652","0,0,0"
17.55,31,AV,1,0,0,29,857.6590975250949,0.2,-0.7601978364426979,"0.1109871794871795,0.1620277777777778,0.2619142156862745,0.2,0.29,0.05232590468730706","0,0,0"
22.6,149,AV,2,0,0,31,2561.5826276178027,0.5,-7.309566588909387,"0.1196190476190476,0.16403663003663002,0.2540338541666667,0.5,0.31,0.15628252391675798","0,0,0"
40.083333333333336,114,AV,2,0,0,56,2043.1688306873104,1.0,-20.681064973918275,"0.33389393939393935,0.28319175627240145,0.38098437500000004,1.0,0.56,0.1246540237293905","0,0,0"
14.05,22,AV,1,0,0,25,783.6834518391023,0.3,-0.8341479165408625,"0.09294949494949495,0.14759649122807017,0.24550806451612903,0.3,0.25,0.04781263992218401","0,0,0"
40.68333333333333,40,AV,2,0,0,55,926.7012599248138,0.1,-0.9520529358065953,"0.32430555555555557,0.27864981273408246,0.3905762711864408,0.1,0.55,0.05653817692875852","0,0,0"
15.216666666666667,198,AV,1,0,0,22,3476.696831582168,0.3,-4.0078588475183325,"0.0836875,0.14523297491039425,0.253187134502924,0.3,0.22,0.2121137728976378","0,0,0"
20.6,90,AV,1,0,0,38,1594.6992934726818,0.9,-7.466092146713011,"0.16825925925925925,0.1875574712643678,0.2769913793103449,0.9,0.38,0.09729283287026043","0,0,0"
28.45,236,AV,2,0,0,37,4656.548587392589,0.2,-6.690848854107029,"0.16889523809523804,0.1845880149812734,0.2746186868686869,0.2,0.37,0.28409669792908543","0,0,0"
23.616666666666667,142,AV,1,0,0,46,2436.431929205765,0.1,-1.4530404224261653,"0.2328988095238095,0.22141666666666665,0.3182243589743589,0.1,0.46,0.1486470618368299","0,0,0"
17.783333333333335,131,AV,1,0,0,36,2293.603195459698,0.2,-2.0599954625888035,"0.1501785714285714,0.180155303030303,0.2734234234234234,0.2,0.36,0.1399330602828654","0,0,0"
19.25,67,AV,1,0,0,36,1275.9312017726234,0.4,-2.4809773367801013,"0.1501785714285714,0.180155303030303,0.2734234234234234,0.4,0.36,0.07784474582520468","0,0,0"
27.133333333333333,92,AV,2,0,0,34,1626.914224999384,0.4,-4.45895009814646,"0.1449349593495935,0.17483119658119659,0.27417370892018783,0.4,0.34,0.09925827046829748","0,0,0"
40.96666666666667,48,AV,2,0,0,57,1014.5614647146556,1.0,-10.495757913588484,"0.33688505747126435,0.28799833333333336,0.38283606557377065,1.0,0.57,0.061898540638426994","0,0,0"
34.11666666666667,106,AV,1,0,0,70,1862.7228332236152,0.3,-4.814385908596894,"0.44552020202020204,0.3446518518518518,0.4428681592039802,0.3,0.7,0.11364498751472468","0,0,0"
17.266666666666666,98,AV,1,0,0,21,1718.6657268339234,0.2,-1.498769101851805,"0.07949999999999997,0.14068771929824558,0.24442816091954025,0.2,0.21,0.1048560427693963","0,0,0"
18.166666666666668,226,AV,1,0,0,37,4416.224882412617,0.2,-4.051923503223698,"0.16889523809523804,0.1845880149812734,0.2746186868686869,0.2,0.37,0.26943451418128866","0,0,0"
20.8,43,AV,0,0,0,40,954.0002559944874,1.0,-5.5109104355266005,"0.18600000000000003,0.19440972222222225,0.2800169491525424,1.0,0.4,0.058203692598705815","0,0,0"
16.133333333333333,152,AV,1,0,0,27,2612.3907844155665,1.0,-10.643073566137494,"0.09933333333333332,0.15178504672897197,0.24269047619047618,1.0,0.27,0.15938233685829767","0,0,0"
35.483333333333334,246,AV,1,0,0,70,4967.653125719208,0.1,-4.451234640006816,"0.44552020202020204,0.3446518518518518,0.4428681592039802,0.1,0.7,0.3030772304824535","0,0,0"
34.31666666666667,141,AV,2,0,0,44,2421.0391237858234,0.1,-2.098030116109012,"0.21261666666666662,0.21336254295532647,0.30980687830687836,0.1,0.44,0.14770794456797756","0,0,0"
32.96666666666667,154,AV,1,0,0,66,2622.7149314101284,0.4,-8.733552414695682,"0.42190277777777774,0.33091000000000004,0.42369753086419754,0.4,0.66,0.16001221454883238","0,0,0"
17.1,272,AV,0,0,0,36,6446.254396158338,0.1,-3.283609852886555,"0.1501785714285714,0.180155303030303,0.2734234234234234,0.1,0.36,0.39328690629745905","0,0,0"
35.5,19,AV,1,0,0,71,776.0711537761008,0.2,-1.391440705002605,"0.45172549019607844,0.3506535580524344,0.45004726368159204,0.2,0.71,0.04734821252434563","0,0,0"
35.55,104,AV,2,0,0,49,1823.811293294481,0.1,-1.6372851382984546,"0.26124731182795696,0.23728260869565218,0.3247313432835821,0.1,0.49,0.11127098887652025","0,0,0"
26.35,2,AV,1,0,0,53,497.26542980048754,0.1,-0.3308824261424962,"0.29686574074074074,0.26350724637681167,0.3602231182795699,0.1,0.53,0.030338235272169726","0,0,0"
45.78333333333333,283,AV,2,0,0,66,8011.326014866212,0.2,-18.524505524273977,"0.42190277777777774,0.33091000000000004,0.42369753086419754,0.2,0.66,0.48877215047621786","0,0,0"
11.85,228,AV,0,0,0,29,4446.537177105173,0.1,-1.8305925643610177,"0.1109871794871795,0.1620277777777778,0.2619142156862745,0.1,0.29,0.27128387163288364","0,0,0"
35.5,125,AV,2,0,0,56,2193.4249838744518,0.1,-1.9663279527157331,"0.33389393939393935,0.28319175627240145,0.38098437500000004,0.1,0.56,0.1338211732099237","0,0,0"
42.75,243,AV,2,0,0,64,4924.983441788647,0.1,-5.316743488294562,"0.4098166666666667,0.3237378472222222,0.4267656250000001,0.1,0.64,0.3004739469391075","0,0,0"
18.65,277,AV,1,0,0,37,7081.334819999852,0.2,-6.670045171363497,"0.16889523809523804,0.1845880149812734,0.2746186868686869,0.2,0.37,0.43203325414428906","0,0,0"
14.933333333333334,177,AV,1,0,0,24,3046.5766145774583,0.1,-1.1488773765409945,"0.09392222222222223,0.14866319444444442,0.24920833333333334,0.1,0.24,0.18587207669920885","0,0,0"
45.166666666666664,235,AV,0,0,0,62,4630.913868273173,0.3,-16.345677503813505,"0.38938571428571433,0.3185972222222222,0.41842090395480225,0.3,0.62,0.28253272003483915","0,0,0"
45.18333333333333,161,AV,2,0,0,80,2761.3662775036096,1.0,-31.507003275725104,"0.48598850574712643,0.36987500000000006,0.46736714975845417,1.0,0.8,0.16847135308230085","0,0,0"
13.0,258,AV,1,0,0,11,5480.041794665195,0.3,-5.397010858382388,"0.05552777777777776,0.130475,0.23991666666666667,0.3,0.11,0.3343381367463661","0,0,0"
27.25,65,AV,1,0,0,55,1249.5878531833848,0.9,-7.738924772556191,"0.32430555555555557,0.27864981273408246,0.3905762711864408,0.9,0.55,0.07623753434525571","0,0,0"
24.066666666666666,122,AV,1,0,0,48,2141.869626207308,0.2,-2.6034172897671324,"0.24882692307692314,0.23311458333333332,0.33463725490196083,0.2,0.48,0.13067577343605605","0,0,0"
36.21666666666667,20,AV,1,0,0,72,777.0630287344238,0.1,-0.710672542693562,"0.45049999999999996,0.35232397003745314,0.45024218749999995,0.1,0.72,0.04740872695797165","0,0,0"
29.066666666666666,116,AV,1,0,0,56,2088.64210540395,0.2,-3.066154740593005,"0.33389393939393935,0.28319175627240145,0.38098437500000004,0.2,0.56,0.12742835474914976","0,0,0"
30.066666666666666,244,AV,1,0,0,55,4934.883137056144,0.1,-3.7468557151722575,"0.32430555555555557,0.27864981273408246,0.3905762711864408,0.1,0.55,0.30107792876882894","0,0,0"
