travel_time,id,kind,action,bid_route_0,bid_route_1,bid_route_2,karma_balance,origin,destination,start_time,income,urgency,reward
14.65,44,AV,1,1,9,0,5,0,0,33,10751.672106064549,0.5,-7.325
30.666666666666668,137,AV,2,1,1,5,5,0,0,40,4968.170350229253,0.1,-3.066666666666667
19.65,50,AV,1,0,9,6,3,0,0,44,586.8516376274475,0.1,-1.9649999999999999
36.75,63,AV,1,1,9,0,3,0,0,89,3863.855435177377,0.1,-3.6750000000000003
20.033333333333335,84,AV,1,1,9,0,3,0,0,42,9280.176126726552,0.7,-14.023333333333333
38.55,132,AV,2,2,6,6,7,0,0,53,1141.5133047894662,0.1,-3.855
49.233333333333334,196,AV,2,0,0,0,8,0,0,64,4281.8327360815,0.1,-4.923333333333334
27.683333333333334,139,AV,2,0,5,0,9,0,0,33,2318.2944376966047,1.0,-27.683333333333334
34.916666666666664,118,AV,2,1,0,3,5,0,0,50,3752.1132597063192,0.1,-3.4916666666666667
38.15,106,AV,2,1,0,0,6,0,0,58,3933.772930850901,0.3,-11.444999999999999
29.316666666666666,104,AV,2,1,0,0,4,0,0,41,5670.319740923212,0.4,-11.726666666666667
47.983333333333334,263,AV,2,1,0,0,7,0,0,75,388.2787303527966,0.3,-14.395
18.15,287,AV,1,0,9,6,1,0,0,40,2520.718778515204,0.1,-1.815
43.43333333333333,103,AV,2,5,5,0,5,0,0,65,4689.4303597647895,0.1,-4.343333333333333
26.516666666666666,220,AV,2,5,0,9,3,0,0,34,1723.69240549938,0.3,-7.954999999999999
31.883333333333333,148,AV,1,1,9,0,3,0,0,66,1150.2916000513435,0.7,-22.31833333333333
21.433333333333334,252,AV,2,0,0,6,6,0,0,29,1022.032321197676,0.1,-2.1433333333333335
40.583333333333336,134,AV,2,0,0,0,7,0,0,65,2645.062412614309,0.1,-4.058333333333334
40.016666666666666,221,AV,2,1,0,0,7,0,0,65,1005.9867386644172,0.5,-20.008333333333333
17.466666666666665,46,AV,1,0,9,6,5,0,0,37,1682.490559712908,0.1,-1.7466666666666666
6.883333333333334,143,AV,0,9,9,1,12,0,0,17,2260.56382504795,0.1,-0.6883333333333335
37.78333333333333,151,AV,2,4,7,6,14,0,0,57,1234.5997004771,0.3,-11.334999999999999
24.95,81,AV,2,8,8,6,8,0,0,31,597.1498506777683,0.1,-2.495
23.533333333333335,100,AV,1,1,9,0,0,0,0,47,2953.464044858564,0.2,-4.706666666666667
7.183333333333334,10,AV,0,9,9,1,5,0,0,16,2622.7149314101284,0.1,-0.7183333333333334
30.15,215,AV,1,0,9,6,7,0,0,56,961.7772661313056,0.1,-3.015
30.166666666666668,73,AV,2,1,5,5,6,0,0,37,522.440884226393,0.6,-18.1
28.466666666666665,258,AV,2,6,3,3,6,0,0,39,6709.13861087917,0.5,-14.233333333333333
18.716666666666665,282,AV,1,1,9,0,2,0,0,38,1635.9686818612918,0.3,-5.614999999999999
29.75,67,AV,2,1,1,1,4,0,0,45,4200.245935785981,0.1,-2.975
22.916666666666668,58,AV,1,1,9,0,0,0,0,48,4679.48341028673,0.2,-4.583333333333334
27.233333333333334,224,AV,0,9,0,7,6,0,0,67,1251.6500609663929,0.2,-5.446666666666667
12.016666666666667,228,AV,1,0,9,6,3,0,0,17,2472.005569054355,0.2,-2.4033333333333338
40.56666666666667,192,AV,2,2,3,0,10,0,0,61,8689.506535985933,0.1,-4.0566666666666675
39.36666666666667,76,AV,2,0,0,4,4,0,0,57,3793.837230001502,0.1,-3.936666666666667
21.616666666666667,129,AV,1,1,9,0,3,0,0,48,2561.5826276178027,0.2,-4.323333333333333
28.45,198,AV,2,3,3,1,4,0,0,34,1047.1205397958274,0.5,-14.225
46.3,141,AV,2,3,5,1,6,0,0,77,541.9839687696077,0.5,-23.15
32.88333333333333,211,AV,1,0,9,1,12,0,0,65,776.0711537761008,0.2,-6.576666666666667
35.483333333333334,45,AV,2,8,7,6,14,0,0,46,6081.635477498837,0.1,-3.548333333333334
28.05,61,AV,1,1,9,0,2,0,0,56,381.3218977270381,0.5,-14.025
44.25,47,AV,2,1,0,0,4,0,0,81,1594.6992934726818,0.2,-8.85
26.166666666666668,0,AV,2,7,3,1,10,0,0,36,2750.2432356670683,0.3,-7.85
24.583333333333332,219,AV,1,0,9,6,0,0,0,50,3958.913906791885,0.1,-2.4583333333333335
33.61666666666667,279,AV,2,7,5,5,7,0,0,44,1460.8215047913693,0.2,-6.723333333333334
23.083333333333332,286,AV,2,7,2,1,13,0,0,11,4617.971391102537,0.4,-9.233333333333333
23.9,113,AV,2,4,2,5,10,0,0,24,2044.1603053436156,0.2,-4.78
43.8,197,AV,2,1,0,0,4,0,0,66,1997.7276787447236,0.4,-17.52
16.616666666666667,66,AV,1,8,9,6,1,0,0,35,6020.57275324985,0.2,-3.3233333333333337
46.46666666666667,208,AV,2,3,8,5,13,0,0,67,566.7055292848979,0.4,-18.58666666666667
25.466666666666665,142,AV,1,0,9,6,2,0,0,51,7912.643587116454,0.1,-2.546666666666667
19.3,171,AV,1,0,9,6,4,0,0,42,10450.70686878338,0.1,-1.9300000000000002
35.78333333333333,276,AV,2,4,6,5,6,0,0,52,3654.013033637752,0.7,-25.048333333333332
28.333333333333332,204,AV,2,1,4,3,5,0,0,44,1880.1756700095973,0.6,-17.0
25.7,294,AV,0,9,2,5,0,0,0,62,13079.31179296209,0.4,-10.280000000000001
12.4,2,AV,1,0,9,6,7,0,0,22,4687.914961676448,0.3,-3.7199999999999998
37.9,195,AV,2,1,0,0,7,0,0,54,2969.8754393798326,0.3,-11.37
35.96666666666667,146,AV,2,2,1,8,14,0,0,54,2476.7926805910606,0.1,-3.596666666666667
42.016666666666666,80,AV,2,0,2,2,6,0,0,65,1174.3503864217532,0.4,-16.80666666666667
41.7,223,AV,2,5,4,3,7,0,0,61,4266.216809230351,0.2,-8.340000000000002
31.333333333333332,185,AV,1,0,9,0,0,0,0,59,639.9143284368583,0.1,-3.1333333333333333
39.083333333333336,109,AV,2,5,0,0,5,0,0,54,3628.2404526711953,0.1,-3.9083333333333337
18.333333333333332,43,AV,1,1,9,0,1,0,0,37,2117.047321722312,0.5,-9.166666666666666
33.166666666666664,120,AV,2,3,1,3,5,0,0,49,5341.061461458292,0.6,-19.9
43.583333333333336,19,AV,2,1,0,0,7,0,0,76,1148.2139867956057,0.3,-13.075000000000001
24.333333333333332,95,AV,1,1,9,0,3,0,0,49,3256.7228478661937,0.6,-14.599999999999998
40.03333333333333,262,AV,2,2,7,5,14,0,0,62,1830.3424648913517,0.5,-20.016666666666666
33.38333333333333,65,AV,2,1,0,0,7,0,0,41,2538.843693606908,0.2,-6.676666666666667
36.733333333333334,89,AV,2,0,0,0,4,0,0,54,1111.987968807459,0.1,-3.673333333333334
28.666666666666668,206,AV,2,2,2,5,8,0,0,42,1389.0632502942228,0.1,-2.866666666666667
32.88333333333333,51,AV,1,1,9,0,7,0,0,60,3508.846318545673,0.8,-26.30666666666667
43.483333333333334,140,AV,2,1,0,0,6,0,0,63,863.3540159882258,0.2,-8.696666666666667
13.6,275,AV,0,9,3,3,5,0,0,43,1639.6236094811811,0.1,-1.36
45.4,285,AV,2,2,2,0,4,0,0,61,2198.5025098873134,0.3,-13.62
29.183333333333334,35,AV,1,1,9,0,4,0,0,59,4381.240268036911,0.5,-14.591666666666667
29.416666666666668,8,AV,2,3,5,3,11,0,0,43,2294.767722006211,0.3,-8.825
42.016666666666666,83,AV,2,3,5,2,5,0,0,55,4412.688598555705,0.5,-21.008333333333333
36.416666666666664,194,AV,2,1,0,0,6,0,0,55,4164.701887555128,0.5,-18.208333333333332
13.816666666666666,49,AV,1,1,9,0,3,0,0,31,3866.930621896856,0.6,-8.29
24.366666666666667,280,AV,2,4,1,3,4,0,0,33,4577.590037133467,0.3,-7.31
29.483333333333334,6,AV,1,0,9,0,0,0,0,57,1805.1606101798543,0.1,-2.9483333333333337
37.833333333333336,242,AV,2,1,4,3,7,0,0,61,1986.5043233563797,0.7,-26.483333333333334
29.55,246,AV,2,0,3,1,4,0,0,41,640.5426603936758,0.2,-5.91
35.666666666666664,64,AV,2,5,7,3,17,0,0,53,1083.524948441525,0.1,-3.5666666666666664
44.25,222,AV,2,3,3,6,22,0,0,69,3387.2787239910285,1.0,-44.25
33.233333333333334,24,AV,2,6,4,1,14,0,0,48,863.5619359671642,0.1,-3.3233333333333337
22.533333333333335,231,AV,2,2,1,4,5,0,0,24,2043.1688306873104,0.6,-13.520000000000001
34.916666666666664,154,AV,1,1,9,0,3,0,0,70,7958.958807233507,0.6,-20.95
24.716666666666665,40,AV,1,1,9,0,0,0,0,50,8348.421721831439,0.3,-7.414999999999999
16.15,160,AV,1,3,9,6,3,0,0,33,4707.821121085941,0.2,-3.23
47.05,261,AV,2,2,3,0,5,0,0,79,753.7709081553346,0.6,-28.229999999999997
42.0,265,AV,2,0,0,0,7,0,0,71,20239.22920549412,0.1,-4.2
22.866666666666667,254,AV,2,1,4,0,4,0,0,31,591.6693204447811,0.9,-20.580000000000002
42.06666666666667,107,AV,2,1,0,0,5,0,0,52,3783.636689084741,0.2,-8.413333333333334
38.483333333333334,218,AV,2,1,0,0,5,0,0,61,2347.541384251396,0.4,-15.393333333333334
14.466666666666667,245,AV,1,1,9,0,0,0,0,30,1475.2077210572677,0.3,-4.34
25.816666666666666,178,AV,1,0,9,6,6,0,0,52,3773.073658575576,0.1,-2.581666666666667
28.883333333333333,25,AV,2,8,5,0,13,0,0,43,1275.9312017726234,0.1,-2.8883333333333336
39.81666666666667,162,AV,2,4,2,0,11,0,0,60,2857.712092786687,0.1,-3.9816666666666674
34.68333333333333,56,AV,1,8,9,8,13,0,0,66,3398.605365942332,0.3,-10.405
36.45,111,AV,1,1,9,0,6,0,0,81,4429.527615460413,0.3,-10.935
36.71666666666667,36,AV,2,3,5,6,8,0,0,50,2756.9260540590044,0.1,-3.671666666666667
25.616666666666667,251,AV,2,7,1,1,13,0,0,42,2280.385817754286,0.3,-7.685
38.733333333333334,193,AV,2,2,3,6,6,0,0,56,7658.5640246764915,0.1,-3.8733333333333335
27.383333333333333,59,AV,2,1,0,0,6,0,0,39,3159.4556453821087,0.6,-16.43
30.816666666666666,55,AV,2,6,1,0,11,0,0,44,1822.2981036688468,0.5,-15.408333333333333
43.333333333333336,187,AV,2,7,4,8,14,0,0,69,1596.1763216794554,0.1,-4.333333333333334
26.666666666666668,212,AV,2,0,0,6,6,0,0,32,1148.9174546898266,0.1,-2.666666666666667
19.316666666666666,108,AV,1,1,9,0,3,0,0,40,8480.737499651503,0.5,-9.658333333333333
30.583333333333332,3,AV,1,1,9,0,3,0,0,60,3032.1279287666234,0.2,-6.116666666666667
30.283333333333335,156,AV,1,3,9,7,3,0,0,61,5849.7981009167725,0.1,-3.0283333333333338
23.833333333333332,34,AV,2,8,3,5,12,0,0,25,3046.5766145774583,0.1,-2.3833333333333333
26.016666666666666,237,AV,2,6,0,6,18,0,0,32,2158.6935677652164,0.8,-20.813333333333333
26.066666666666666,241,AV,1,1,9,0,1,0,0,46,877.2934597877683,0.4,-10.426666666666668
28.583333333333332,270,AV,2,1,0,0,5,0,0,43,1496.328062426438,0.5,-14.291666666666666
36.583333333333336,122,AV,1,7,9,8,7,0,0,70,3119.7161673652217,0.8,-29.26666666666667
29.0,272,AV,2,5,7,4,12,0,0,45,837.3801312568858,0.1,-2.9000000000000004
8.116666666666667,48,AV,0,9,0,3,5,0,0,30,1921.5023446668008,0.1,-0.8116666666666668
39.85,1,AV,2,0,0,0,6,0,0,54,8139.327108000771,0.1,-3.9850000000000003
49.15,99,AV,2,0,5,1,13,0,0,87,5578.433439706214,0.2,-9.83
39.083333333333336,203,AV,2,2,5,4,5,0,0,58,3065.2253709468137,0.5,-19.541666666666668
37.983333333333334,243,AV,2,0,0,0,8,0,0,61,3476.696831582168,0.1,-3.798333333333334
22.466666666666665,77,AV,2,7,0,0,7,0,0,25,4967.653125719208,1.0,-22.466666666666665
24.783333333333335,230,AV,1,1,9,0,4,0,0,50,1261.43865123121,0.7,-17.348333333333333
20.8,291,AV,1,5,9,5,2,0,0,46,3824.993837156676,0.1,-2.08
28.85,159,AV,1,1,9,0,7,0,0,58,3158.0604616132755,0.2,-5.7700000000000005
35.666666666666664,125,AV,1,1,9,0,5,0,0,73,1294.2551843223837,0.5,-17.833333333333332
43.65,91,AV,2,7,8,0,11,0,0,72,1823.811293294481,0.5,-21.825
32.766666666666666,78,AV,2,5,2,2,5,0,0,47,473.5024380788758,0.3,-9.83
35.666666666666664,158,AV,2,1,4,4,5,0,0,44,3882.59008652233,0.4,-14.266666666666666
49.71666666666667,11,AV,2,1,4,0,6,0,0,73,7081.334819999852,1.0,-49.71666666666667
23.15,115,AV,2,1,8,3,8,0,0,10,861.805442805673,0.3,-6.944999999999999
12.933333333333334,32,AV,1,8,9,6,3,0,0,19,5051.78348307234,0.3,-3.88
46.46666666666667,94,AV,2,1,0,0,8,0,0,66,3941.04555698938,0.4,-18.58666666666667
35.81666666666667,7,AV,2,4,0,0,5,0,0,54,1507.5005543882637,0.1,-3.581666666666667
28.85,186,AV,2,1,4,0,7,0,0,43,2141.869626207308,0.9,-25.965000000000003
30.466666666666665,5,AV,2,5,5,0,12,0,0,42,3048.604611013583,0.2,-6.093333333333334
40.45,234,AV,2,2,7,7,7,0,0,60,985.8695826897422,0.5,-20.225
38.3,15,AV,2,3,2,0,4,0,0,54,743.7553910389753,0.1,-3.83
17.866666666666667,27,AV,1,1,9,0,5,0,0,35,1122.7546975855585,0.4,-7.146666666666667
35.21666666666667,101,AV,2,7,1,1,7,0,0,53,5168.6614957092925,0.2,-7.043333333333334
29.133333333333333,157,AV,2,7,7,5,11,0,0,41,2587.8859091729414,0.2,-5.826666666666667
44.266666666666666,163,AV,2,1,0,0,7,0,0,65,5003.647877951615,0.4,-17.706666666666667
44.2,271,AV,2,7,6,6,12,0,0,73,497.26542980048754,0.5,-22.1
40.516666666666666,37,AV,2,8,6,3,9,0,0,58,1541.4014724042315,0.4,-16.206666666666667
22.8,225,AV,2,4,0,2,5,0,0,20,5386.149373461946,0.5,-11.4
25.966666666666665,278,AV,2,8,7,0,8,0,0,38,4196.147454418583,0.1,-2.5966666666666667
12.433333333333334,117,AV,1,1,9,0,4,0,0,18,881.2906222289953,0.5,-6.216666666666667
39.65,264,AV,2,0,0,0,6,0,0,58,17322.90883950548,0.1,-3.965
42.06666666666667,116,AV,2,2,6,6,6,0,0,75,3465.4556083993225,0.2,-8.413333333333334
18.15,53,AV,1,0,9,6,5,0,0,34,13430.196447392702,0.1,-1.815
27.5,57,AV,2,4,7,4,8,0,0,33,1899.102970895097,0.5,-13.75
44.333333333333336,41,AV,2,7,7,5,31,0,0,67,14754.343640924068,0.1,-4.433333333333334
33.2,128,AV,1,1,9,0,7,0,0,63,3531.3895067900216,0.8,-26.560000000000002
18.2,176,AV,1,8,9,6,4,0,0,40,1104.4445206976068,0.2,-3.64
37.65,21,AV,2,0,0,0,8,0,0,53,3382.383844415393,0.1,-3.765
15.933333333333334,250,AV,1,0,9,1,5,0,0,32,1150.4391077840953,0.1,-1.5933333333333335
35.93333333333333,114,AV,1,1,9,0,7,0,0,75,4669.869929992837,0.6,-21.56
45.31666666666667,166,AV,2,0,0,0,4,0,0,72,1052.4070316009115,0.1,-4.531666666666667
24.883333333333333,201,AV,1,1,9,6,6,0,0,52,9030.678864893336,0.2,-4.976666666666667
29.633333333333333,69,AV,1,1,9,0,4,0,0,59,742.6585956180782,0.4,-11.853333333333333
30.233333333333334,165,AV,1,0,9,0,16,0,0,56,2446.4664131825853,0.1,-3.0233333333333334
46.5,155,AV,2,0,1,6,7,0,0,80,877.6907461205365,0.6,-27.9
31.066666666666666,90,AV,2,1,1,0,11,0,0,47,4227.85786318916,0.3,-9.32
23.733333333333334,30,AV,0,9,8,1,2,0,0,59,5009.92015912814,0.1,-2.3733333333333335
45.68333333333333,23,AV,2,7,6,6,7,0,0,89,6031.594525491932,0.3,-13.704999999999998
26.95,217,AV,1,1,9,0,2,0,0,54,825.4433072334436,0.3,-8.084999999999999
37.416666666666664,60,AV,2,1,0,0,7,0,0,55,2314.8193170712048,0.2,-7.483333333333333
47.1,97,AV,2,3,1,6,7,0,0,86,844.3352662229099,0.8,-37.68
28.083333333333332,205,AV,1,1,9,0,1,0,0,56,1293.252850487379,0.2,-5.616666666666667
44.3,14,AV,2,4,4,9,2,0,0,63,616.3739675020589,0.2,-8.86
35.3,174,AV,1,0,9,0,4,0,0,70,1869.7531794209297,0.1,-3.53
20.516666666666666,164,AV,1,1,9,0,3,0,0,45,2629.980017260476,0.4,-8.206666666666667
39.733333333333334,71,AV,2,0,4,0,4,0,0,58,7099.697064525982,0.5,-19.866666666666667
37.166666666666664,13,AV,1,1,9,0,4,0,0,92,18628.94525544202,0.5,-18.583333333333332
24.35,190,AV,2,1,5,1,5,0,0,15,4376.119511966378,0.4,-9.740000000000002
30.616666666666667,20,AV,2,5,3,0,7,0,0,43,3456.1529418207683,0.1,-3.061666666666667
11.866666666666667,152,AV,0,9,7,1,7,0,0,37,2754.938443140308,0.1,-1.1866666666666668
42.983333333333334,4,AV,2,4,4,3,5,0,0,69,979.5720138781878,0.7,-30.08833333333333
19.366666666666667,240,AV,1,0,9,6,5,0,0,40,4021.28082322038,0.1,-1.9366666666666668
34.68333333333333,227,AV,2,0,0,6,6,0,0,48,818.0604611907775,0.3,-10.405
49.88333333333333,133,AV,2,6,6,4,6,0,0,69,15387.119225735782,0.5,-24.941666666666666
43.81666666666667,247,AV,2,1,0,0,4,0,0,59,2971.291490045772,0.3,-13.145000000000001
14.816666666666666,31,AV,1,8,9,6,0,0,0,32,2239.257430619588,0.2,-2.9633333333333334
24.433333333333334,68,AV,1,0,9,6,7,0,0,50,3024.224513765153,0.1,-2.4433333333333334
32.11666666666667,87,AV,2,6,5,8,13,0,0,45,1097.8259349569896,0.2,-6.423333333333334
16.366666666666667,74,AV,1,1,9,0,0,0,0,33,779.2240782816187,0.3,-4.91
32.666666666666664,239,AV,2,1,0,0,3,0,0,49,3151.1733449572957,0.6,-19.599999999999998
40.75,267,AV,2,4,7,1,8,0,0,65,1546.5147326922538,0.1,-4.075
38.56666666666667,210,AV,2,5,4,4,15,0,0,58,14505.369879802229,0.2,-7.713333333333335
30.583333333333332,257,AV,1,1,9,0,5,0,0,57,636.6552097563458,0.2,-6.116666666666667
9.833333333333334,179,AV,0,9,9,1,23,0,0,35,2401.1770329784995,0.1,-0.9833333333333334
28.883333333333333,202,AV,2,5,0,6,6,0,0,45,912.6272274022258,0.3,-8.665
5.25,181,AV,0,9,9,1,5,0,0,2,1391.0507319816634,0.2,-1.05
28.116666666666667,135,AV,1,0,9,6,15,0,0,55,491.0984231068265,0.1,-2.811666666666667
24.783333333333335,283,AV,2,0,0,0,5,0,0,29,7332.887514065835,0.1,-2.4783333333333335
14.566666666666666,236,AV,1,1,9,0,3,0,0,31,1824.367004680513,0.4,-5.826666666666667
12.983333333333333,180,AV,1,1,9,0,6,0,0,5,2318.1098695731453,0.5,-6.491666666666666
19.25,238,AV,1,0,9,6,5,0,0,41,1552.9853059451273,0.1,-1.925
43.78333333333333,199,AV,2,0,0,0,6,0,0,67,2329.0008356791827,0.1,-4.378333333333333
38.766666666666666,102,AV,2,0,0,6,6,0,0,47,627.4062491148882,0.1,-3.876666666666667
40.983333333333334,93,AV,2,4,0,8,14,0,0,65,4116.183110063293,0.1,-4.098333333333334
40.88333333333333,191,AV,2,1,4,8,12,0,0,61,5557.427333357366,0.6,-24.529999999999998
27.133333333333333,126,AV,2,1,0,0,5,0,0,35,5480.041794665195,0.3,-8.139999999999999
36.63333333333333,184,AV,2,1,0,0,5,0,0,45,892.1845339920479,0.5,-18.316666666666666
31.433333333333334,28,AV,1,1,9,0,5,0,0,62,1530.0661682302475,0.5,-15.716666666666667
33.21666666666667,213,AV,1,1,9,0,8,0,0,65,4609.601315671212,0.3,-9.965
33.55,259,AV,2,8,8,2,10,0,0,51,1490.1599361877834,0.1,-3.355
46.766666666666666,105,AV,2,3,6,5,6,0,0,80,2891.134206742707,0.2,-9.353333333333333
42.55,79,AV,2,1,0,0,5,0,0,62,921.9548251796884,0.6,-25.529999999999998
40.8,209,AV,2,1,0,0,8,0,0,59,2909.8477340427667,0.2,-8.16
24.766666666666666,86,AV,2,2,6,8,13,0,0,31,1794.439334206041,0.1,-2.4766666666666666
28.316666666666666,232,AV,2,0,0,6,7,0,0,36,1405.7852601227096,0.1,-2.831666666666667
22.65,62,AV,2,1,6,0,14,0,0,25,8028.27043643778,0.4,-9.06
28.2,207,AV,2,4,0,6,11,0,0,34,4416.224882412617,0.2,-5.640000000000001
37.266666666666666,175,AV,2,0,8,6,16,0,0,57,2411.397471856681,0.9,-33.54
24.533333333333335,110,AV,1,0,9,6,6,0,0,49,1059.8377785859489,0.1,-2.4533333333333336
37.45,169,AV,2,0,0,0,4,0,0,53,2835.850686157305,0.1,-3.7450000000000006
35.13333333333333,249,AV,1,1,9,0,3,0,0,67,1444.5182772575097,0.3,-10.54
39.266666666666666,298,AV,2,2,1,4,4,0,0,59,1993.780724220221,0.1,-3.9266666666666667
30.95,52,AV,2,6,6,8,23,0,0,45,946.2003450753726,0.5,-15.475
29.2,18,AV,2,3,3,1,6,0,0,41,1527.6889462703334,0.5,-14.6
41.4,88,AV,2,2,0,1,6,0,0,57,1317.647826688136,0.3,-12.42
38.18333333333333,38,AV,2,0,0,0,5,0,0,51,5307.329693361759,0.1,-3.8183333333333334
29.166666666666668,214,AV,2,0,0,0,7,0,0,32,539.5213747330826,0.2,-5.833333333333334
34.4,39,AV,2,1,0,0,4,0,0,44,600.3305173079323,0.5,-17.2
13.433333333333334,150,AV,1,0,9,6,2,0,0,27,2857.8751728516777,0.1,-1.3433333333333335
27.2,289,AV,2,0,0,0,4,0,0,37,870.7377108213431,0.1,-2.72
32.05,161,AV,2,7,3,6,13,0,0,48,6918.069898529506,0.3,-9.614999999999998
47.93333333333333,92,AV,2,3,5,0,5,0,0,74,682.056612603955,0.1,-4.793333333333333
12.983333333333333,292,AV,1,0,9,0,13,0,0,12,2458.2611968747465,0.3,-3.8949999999999996
24.5,172,AV,1,1,9,0,5,0,0,50,6197.036257351283,0.9,-22.05
29.816666666666666,273,AV,2,3,4,2,5,0,0,38,5144.150368411208,0.1,-2.981666666666667
36.5,260,AV,2,1,0,0,4,0,0,56,4135.471393234625,0.6,-21.9
13.333333333333334,144,AV,0,9,9,1,15,0,0,41,813.126641713825,0.1,-1.3333333333333335
45.983333333333334,256,AV,2,1,0,0,5,0,0,73,5984.209260784091,0.3,-13.795
38.65,145,AV,2,0,0,0,5,0,0,57,5985.732437913218,0.1,-3.865
43.65,119,AV,2,1,4,4,15,0,0,63,4343.557359248321,0.3,-13.094999999999999
32.95,229,AV,2,1,0,0,5,0,0,51,4446.537177105173,0.3,-9.885
28.2,138,AV,2,1,0,0,5,0,0,37,10721.15711953896,0.4,-11.280000000000001
35.266666666666666,288,AV,1,1,9,0,8,0,0,66,5825.994272151124,0.4,-14.106666666666667
40.13333333333333,177,AV,2,0,5,3,12,0,0,53,542.8991684878858,0.5,-20.066666666666666
25.516666666666666,299,AV,1,1,9,0,13,0,0,53,10426.353459350525,0.3,-7.654999999999999
14.933333333333334,124,AV,1,1,9,0,2,0,0,25,1386.7650627050614,0.3,-4.4799999999999995
39.78333333333333,131,AV,2,0,0,0,5,0,0,52,1404.912317929139,0.1,-3.9783333333333335
18.083333333333332,54,AV,1,1,9,0,3,0,0,36,1310.9401185904849,0.3,-5.425
40.55,82,AV,2,1,4,0,4,0,0,59,465.3670128771111,0.9,-36.495
22.75,22,AV,2,0,0,2,5,0,0,24,1046.6558973464134,0.1,-2.275
25.233333333333334,16,AV,2,8,5,9,5,0,0,39,7130.271245067938,0.8,-20.186666666666667
31.433333333333334,26,AV,1,1,9,0,3,0,0,63,1592.6375082496468,0.2,-6.286666666666667
20.1,167,AV,0,9,7,5,6,0,0,55,2222.040577514192,0.1,-2.0100000000000002
44.36666666666667,295,AV,2,0,3,1,5,0,0,74,3487.44186130441,0.6,-26.62
49.31666666666667,266,AV,2,0,0,0,12,0,0,74,19040.472291926453,0.1,-4.9316666666666675
28.2,33,AV,2,5,7,4,7,0,0,40,8326.33528790118,0.5,-14.1
39.516666666666666,226,AV,2,1,0,0,8,0,0,51,1659.6531244520008,0.7,-27.661666666666665
41.516666666666666,189,AV,2,4,1,6,14,0,0,59,2052.607856914241,0.3,-12.455
35.21666666666667,290,AV,2,1,0,0,6,0,0,45,586.3474640105957,0.3,-10.565
37.8,182,AV,1,4,9,1,11,0,0,83,2476.7673195544394,0.2,-7.56
34.95,284,AV,1,1,9,0,13,0,0,68,4660.29795945294,0.8,-27.960000000000004
31.533333333333335,12,AV,2,1,0,0,7,0,0,49,3031.4508351358254,0.4,-12.613333333333335
27.883333333333333,173,AV,2,1,0,0,7,0,0,25,3942.222625638348,0.4,-11.153333333333334
14.783333333333333,121,AV,1,0,9,6,1,0,0,31,3427.0421228311798,0.1,-1.4783333333333335
15.883333333333333,253,AV,2,5,7,4,8,0,0,0,5611.673516276995,0.1,-1.5883333333333334
33.833333333333336,149,AV,1,0,9,0,2,0,0,65,2767.495209174315,0.1,-3.3833333333333337
30.833333333333332,42,AV,2,1,0,0,7,0,0,46,2797.307504072895,0.5,-15.416666666666666
32.45,70,AV,2,2,8,5,12,0,0,50,1929.5758599688188,0.2,-6.490000000000001
38.916666666666664,170,AV,2,0,2,1,4,0,0,54,4113.319853961603,0.2,-7.783333333333333
45.3,281,AV,2,1,3,4,8,0,0,70,4459.768546990965,0.9,-40.769999999999996
26.583333333333332,153,AV,1,1,9,0,2,0,0,53,676.2529471816457,0.3,-7.975
10.1,9,AV,0,9,7,3,2,0,0,35,1454.957177165027,0.3,-3.03
21.333333333333332,123,AV,2,0,0,0,3,0,0,20,658.4091024775607,0.2,-4.266666666666667
26.633333333333333,168,AV,2,6,8,4,9,0,0,21,783.6834518391023,0.2,-5.326666666666667
24.716666666666665,29,AV,2,4,2,2,4,0,0,30,1567.0706205360798,0.4,-9.886666666666667
45.63333333333333,112,AV,2,0,0,0,8,0,0,65,1592.2311391495805,0.1,-4.5633333333333335
32.4,216,AV,2,1,0,0,6,0,0,47,2108.868816674547,0.5,-16.2
37.36666666666667,85,AV,1,1,9,0,3,0,0,82,3534.445695738256,0.5,-18.683333333333334
15.6,188,AV,1,1,9,0,5,0,0,34,2177.5877894542577,0.3,-4.68
21.416666666666668,72,AV,2,2,7,2,12,0,0,23,11861.36896338871,0.2,-4.283333333333334
22.85,296,AV,1,1,9,0,3,0,0,48,822.5771428470101,0.2,-4.57
34.31666666666667,244,AV,2,0,0,0,6,0,0,52,3368.9508766880413,0.1,-3.431666666666667
34.31666666666667,98,AV,2,1,0,0,5,0,0,34,4959.361066312568,0.5,-17.158333333333335
32.483333333333334,268,AV,2,1,0,0,8,0,0,50,2574.4307659940623,0.6,-19.49
24.816666666666666,96,AV,2,4,6,2,7,0,0,30,1832.3133019091129,0.7,-17.371666666666666
31.4,297,AV,2,4,5,2,15,0,0,48,2815.231094880572,0.2,-6.28
31.183333333333334,235,AV,1,1,9,0,3,0,0,61,5427.330032863625,0.7,-21.828333333333333
18.45,147,AV,0,9,8,7,4,0,0,51,904.859336063587,0.5,-9.225
35.13333333333333,130,AV,2,1,0,0,8,0,0,54,2398.572127464108,0.2,-7.026666666666667
45.55,17,AV,2,2,7,3,11,0,0,73,3919.41152379869,0.3,-13.665
12.0,293,AV,0,9,3,8,9,0,0,35,5913.041300376779,0.2,-2.4000000000000004
22.983333333333334,255,AV,2,7,7,2,13,0,0,20,933.6906207466446,0.5,-11.491666666666667
34.65,136,AV,1,0,9,0,2,0,0,65,854.5785374972068,0.1,-3.465
34.333333333333336,269,AV,1,1,9,0,3,0,0,68,1950.0200213032829,0.5,-17.166666666666668
25.833333333333332,183,AV,2,7,1,6,7,0,0,31,4818.617258984985,0.1,-2.5833333333333335
40.53333333333333,75,AV,2,1,0,0,4,0,0,52,7897.119961473183,0.3,-12.159999999999998
36.03333333333333,233,AV,2,2,7,5,8,0,0,51,2965.4163440895786,0.5,-18.016666666666666
36.53333333333333,274,AV,1,1,9,0,3,0,0,81,6563.608435155774,0.8,-29.226666666666667
25.916666666666668,277,AV,2,2,1,0,5,0,0,32,1074.3823512953045,0.1,-2.591666666666667
26.466666666666665,200,AV,2,2,0,2,9,0,0,34,8987.033628468456,0.8,-21.173333333333332
32.7,248,AV,1,1,9,0,3,0,0,64,610.4868582393152,0.2,-6.540000000000001
38.81666666666667,127,AV,2,0,0,0,3,0,0,54,1945.516475481125,0.1,-3.8816666666666673
