travel_time,id,kind,action,bid_route_0,bid_route_1,bid_route_2,karma_balance,origin,destination,start_time,income,urgency,reward
23.333333333333332,44,AV,2,0,0,6,6,0,0,33,10751.672106064549,0.1,-2.3333333333333335
19.433333333333334,137,AV,1,7,9,5,2,0,0,40,4968.170350229253,0.3,-5.83
29.316666666666666,50,AV,2,4,2,2,5,0,0,44,586.8516376274475,0.3,-8.795
45.85,63,AV,2,8,2,2,12,0,0,89,3863.855435177377,0.1,-4.585
30.8,84,AV,2,7,2,2,8,0,0,42,9280.176126726552,0.4,-12.32
27.916666666666668,132,AV,1,7,9,0,7,0,0,53,1141.5133047894662,0.7,-19.541666666666668
35.766666666666666,196,AV,1,8,9,2,4,0,0,64,4281.8327360815,0.3,-10.729999999999999
27.683333333333334,139,AV,2,8,8,5,11,0,0,33,2318.2944376966047,0.1,-2.7683333333333335
35.1,118,AV,2,8,8,5,10,0,0,50,3752.1132597063192,0.1,-3.5100000000000002
28.633333333333333,106,AV,1,7,9,2,5,0,0,58,3933.772930850901,0.5,-14.316666666666666
19.383333333333333,104,AV,1,7,9,0,4,0,0,41,5670.319740923212,0.8,-15.506666666666668
47.916666666666664,263,AV,2,8,2,2,13,0,0,75,388.2787303527966,0.1,-4.791666666666667
27.866666666666667,287,AV,2,7,2,0,7,0,0,40,2520.718778515204,0.9,-25.080000000000002
43.43333333333333,103,AV,2,7,2,2,7,0,0,65,4689.4303597647895,1.0,-43.43333333333333
26.616666666666667,220,AV,2,2,2,2,4,0,0,34,1723.69240549938,0.1,-2.661666666666667
32.15,148,AV,1,7,9,2,2,0,0,66,1150.2916000513435,1.0,-32.15
21.633333333333333,252,AV,2,4,2,5,7,0,0,29,1022.032321197676,0.1,-2.1633333333333336
40.53333333333333,134,AV,2,8,2,2,16,0,0,65,2645.062412614309,0.1,-4.053333333333334
39.88333333333333,221,AV,2,0,2,2,5,0,0,65,1005.9867386644172,0.2,-7.976666666666667
17.416666666666668,46,AV,1,7,9,5,4,0,0,37,1682.490559712908,0.2,-3.483333333333334
24.866666666666667,143,AV,2,8,8,5,8,0,0,17,2260.56382504795,0.1,-2.486666666666667
37.85,151,AV,2,7,2,2,7,0,0,57,1234.5997004771,0.9,-34.065000000000005
25.083333333333332,81,AV,2,8,8,5,8,0,0,31,597.1498506777683,0.1,-2.5083333333333333
35.45,100,AV,2,8,8,5,13,0,0,47,2953.464044858564,0.1,-3.5450000000000004
28.566666666666666,10,AV,2,4,2,5,6,0,0,16,2622.7149314101284,0.1,-2.856666666666667
43.166666666666664,215,AV,2,8,8,5,14,0,0,56,961.7772661313056,0.1,-4.316666666666666
30.283333333333335,73,AV,2,8,8,5,11,0,0,37,522.440884226393,0.1,-3.0283333333333338
28.5,258,AV,2,8,8,5,12,0,0,39,6709.13861087917,0.1,-2.85
29.916666666666668,282,AV,2,7,2,2,7,0,0,38,1635.9686818612918,0.4,-11.966666666666669
29.85,67,AV,2,8,8,5,12,0,0,45,4200.245935785981,0.1,-2.9850000000000003
32.86666666666667,58,AV,2,8,8,5,11,0,0,48,4679.48341028673,0.1,-3.286666666666667
45.916666666666664,224,AV,2,8,2,2,15,0,0,67,1251.6500609663929,0.1,-4.591666666666667
21.033333333333335,228,AV,2,4,2,2,4,0,0,17,2472.005569054355,0.4,-8.413333333333334
31.1,192,AV,1,7,9,2,1,0,0,61,8689.506535985933,0.5,-15.55
39.36666666666667,76,AV,2,8,8,5,14,0,0,57,3793.837230001502,0.1,-3.936666666666667
22.616666666666667,129,AV,1,7,9,2,6,0,0,48,2561.5826276178027,0.4,-9.046666666666667
17.233333333333334,198,AV,1,7,9,0,2,0,0,34,1047.1205397958274,0.8,-13.786666666666669
46.266666666666666,141,AV,2,8,2,2,11,0,0,77,541.9839687696077,0.2,-9.253333333333334
32.78333333333333,211,AV,1,7,9,2,6,0,0,65,776.0711537761008,0.5,-16.391666666666666
23.633333333333333,45,AV,1,7,9,0,3,0,0,46,6081.635477498837,0.6,-14.18
28.533333333333335,61,AV,1,7,9,2,8,0,0,56,381.3218977270381,0.4,-11.413333333333334
44.4,47,AV,2,0,2,2,4,0,0,81,1594.6992934726818,0.6,-26.639999999999997
26.133333333333333,0,AV,2,2,2,5,6,0,0,36,2750.2432356670683,0.1,-2.6133333333333333
25.016666666666666,219,AV,1,7,9,2,2,0,0,50,3958.913906791885,0.4,-10.006666666666668
33.63333333333333,279,AV,2,8,8,5,11,0,0,44,1460.8215047913693,0.1,-3.3633333333333333
23.1,286,AV,2,4,2,0,4,0,0,11,4617.971391102537,0.6,-13.860000000000001
13.383333333333333,113,AV,1,7,9,7,4,0,0,24,2044.1603053436156,0.3,-4.015
43.68333333333333,197,AV,2,0,2,2,4,0,0,66,1997.7276787447236,0.1,-4.368333333333333
27.016666666666666,66,AV,2,8,8,5,12,0,0,35,6020.57275324985,0.1,-2.7016666666666667
46.3,208,AV,2,8,2,2,14,0,0,67,566.7055292848979,0.1,-4.63
25.75,142,AV,1,7,9,2,3,0,0,51,7912.643587116454,0.4,-10.3
19.583333333333332,171,AV,1,7,9,0,3,0,0,42,10450.70686878338,0.5,-9.791666666666666
35.983333333333334,276,AV,2,8,2,2,8,0,0,52,3654.013033637752,0.4,-14.393333333333334
28.45,204,AV,2,2,2,2,4,0,0,44,1880.1756700095973,0.1,-2.845
43.43333333333333,294,AV,2,8,8,5,16,0,0,62,13079.31179296209,0.1,-4.343333333333333
20.033333333333335,2,AV,2,2,2,5,5,0,0,22,4687.914961676448,0.1,-2.0033333333333334
27.85,195,AV,1,7,9,2,5,0,0,54,2969.8754393798326,0.8,-22.28
37.11666666666667,146,AV,2,8,8,5,12,0,0,54,2476.7926805910606,0.1,-3.711666666666667
32.31666666666667,80,AV,1,7,9,5,12,0,0,65,1174.3503864217532,0.1,-3.2316666666666674
31.7,223,AV,1,7,9,2,3,0,0,61,4266.216809230351,0.4,-12.68
43.833333333333336,185,AV,2,8,8,5,14,0,0,59,639.9143284368583,0.1,-4.383333333333334
28.7,109,AV,1,7,9,2,3,0,0,54,3628.2404526711953,0.5,-14.35
18.366666666666667,43,AV,1,7,9,0,6,0,0,37,2117.047321722312,0.5,-9.183333333333334
33.18333333333333,120,AV,2,4,2,2,6,0,0,49,5341.061461458292,0.2,-6.636666666666667
43.333333333333336,19,AV,2,4,2,2,23,0,0,76,1148.2139867956057,0.1,-4.333333333333334
24.716666666666665,95,AV,1,7,9,2,2,0,0,49,3256.7228478661937,0.9,-22.244999999999997
39.55,262,AV,2,0,2,5,5,0,0,62,1830.3424648913517,0.1,-3.955
33.46666666666667,65,AV,2,4,2,2,4,0,0,41,2538.843693606908,0.9,-30.12
27.933333333333334,89,AV,1,7,9,2,3,0,0,54,1111.987968807459,0.3,-8.379999999999999
28.616666666666667,206,AV,2,4,2,2,5,0,0,42,1389.0632502942228,0.2,-5.723333333333334
45.95,51,AV,2,6,8,8,12,0,0,60,3508.846318545673,1.0,-45.95
32.516666666666666,140,AV,1,7,9,2,6,0,0,63,863.3540159882258,0.5,-16.258333333333333
32.766666666666666,275,AV,2,4,2,2,5,0,0,43,1639.6236094811811,0.5,-16.383333333333333
33.06666666666667,285,AV,1,7,9,2,4,0,0,61,2198.5025098873134,0.5,-16.533333333333335
37.766666666666666,35,AV,2,4,0,4,13,0,0,59,4381.240268036911,0.3,-11.33
20.0,8,AV,1,7,9,5,2,0,0,43,2294.767722006211,0.2,-4.0
42.21666666666667,83,AV,2,4,2,2,4,0,0,55,4412.688598555705,0.9,-37.995000000000005
36.61666666666667,194,AV,2,8,2,2,14,0,0,55,4164.701887555128,0.2,-7.323333333333334
21.916666666666668,49,AV,2,4,2,2,4,0,0,31,3866.930621896856,0.2,-4.383333333333334
24.316666666666666,280,AV,2,2,2,5,7,0,0,33,4577.590037133467,0.1,-2.4316666666666666
39.68333333333333,6,AV,2,0,2,2,6,0,0,57,1805.1606101798543,0.2,-7.9366666666666665
37.56666666666667,242,AV,2,8,2,2,12,0,0,61,1986.5043233563797,0.2,-7.5133333333333345
19.55,246,AV,1,7,9,0,3,0,0,41,640.5426603936758,1.0,-19.55
35.8,64,AV,2,4,2,2,6,0,0,53,1083.524948441525,0.8,-28.64
43.95,222,AV,2,6,2,1,12,0,0,69,3387.2787239910285,0.5,-21.975
23.1,24,AV,1,7,9,5,4,0,0,48,863.5619359671642,0.2,-4.62
12.783333333333333,231,AV,1,7,9,7,4,0,0,24,2043.1688306873104,0.3,-3.835
43.78333333333333,154,AV,2,0,2,2,4,0,0,70,7958.958807233507,0.1,-4.378333333333333
34.483333333333334,40,AV,2,8,8,5,12,0,0,50,8348.421721831439,0.1,-3.4483333333333337
26.7,160,AV,2,7,8,5,12,0,0,33,4707.821121085941,0.1,-2.67
36.25,261,AV,1,7,9,2,10,0,0,79,753.7709081553346,0.3,-10.875
42.03333333333333,265,AV,2,8,8,5,14,0,0,71,20239.22920549412,0.1,-4.203333333333333
13.583333333333334,254,AV,1,7,9,5,3,0,0,31,591.6693204447811,0.1,-1.3583333333333334
28.733333333333334,107,AV,1,7,9,2,5,0,0,52,3783.636689084741,0.4,-11.493333333333334
38.55,218,AV,2,8,8,5,12,0,0,61,2347.541384251396,0.1,-3.855
24.65,245,AV,2,4,2,0,6,0,0,30,1475.2077210572677,0.7,-17.255
26.466666666666665,178,AV,1,7,9,2,5,0,0,52,3773.073658575576,0.4,-10.586666666666666
28.933333333333334,25,AV,2,2,2,5,5,0,0,43,1275.9312017726234,0.1,-2.8933333333333335
40.2,162,AV,2,0,2,2,4,0,0,60,2857.712092786687,0.1,-4.0200000000000005
34.96666666666667,56,AV,1,7,9,2,11,0,0,66,3398.605365942332,0.6,-20.98
36.45,111,AV,1,7,9,2,3,0,0,81,4429.527615460413,0.7,-25.515
25.816666666666666,36,AV,1,7,9,5,4,0,0,50,2756.9260540590044,0.2,-5.163333333333334
25.766666666666666,251,AV,2,2,2,2,4,0,0,42,2280.385817754286,0.1,-2.5766666666666667
28.716666666666665,193,AV,1,7,9,2,3,0,0,56,7658.5640246764915,0.5,-14.358333333333333
17.833333333333332,59,AV,1,7,9,0,2,0,0,39,3159.4556453821087,0.7,-12.483333333333333
30.983333333333334,55,AV,2,8,8,5,13,0,0,44,1822.2981036688468,0.1,-3.0983333333333336
43.666666666666664,187,AV,2,8,2,2,14,0,0,69,1596.1763216794554,0.2,-8.733333333333333
15.7,212,AV,1,7,9,5,2,0,0,32,1148.9174546898266,0.3,-4.71
19.466666666666665,108,AV,1,7,9,5,4,0,0,40,8480.737499651503,0.3,-5.839999999999999
40.81666666666667,3,AV,2,8,8,5,14,0,0,60,3032.1279287666234,0.1,-4.081666666666667
40.0,156,AV,2,8,8,5,13,0,0,61,5849.7981009167725,0.1,-4.0
23.733333333333334,34,AV,2,2,2,5,5,0,0,25,3046.5766145774583,0.1,-2.3733333333333335
25.983333333333334,237,AV,2,8,8,5,12,0,0,32,2158.6935677652164,0.1,-2.5983333333333336
40.63333333333333,241,AV,2,2,2,5,5,0,0,46,877.2934597877683,0.1,-4.0633333333333335
20.1,270,AV,1,7,9,5,5,0,0,43,1496.328062426438,0.3,-6.03
36.55,122,AV,1,7,9,2,6,0,0,70,3119.7161673652217,0.5,-18.275
29.0,272,AV,2,2,2,5,6,0,0,45,837.3801312568858,0.1,-2.9000000000000004
21.166666666666668,48,AV,2,4,2,5,6,0,0,30,1921.5023446668008,0.1,-2.1166666666666667
40.06666666666667,1,AV,2,2,2,5,6,0,0,54,8139.327108000771,0.1,-4.006666666666667
37.9,99,AV,1,7,9,2,4,0,0,87,5578.433439706214,1.0,-37.9
39.166666666666664,203,AV,2,4,2,2,4,0,0,58,3065.2253709468137,0.8,-31.333333333333332
37.46666666666667,243,AV,2,8,8,5,13,0,0,61,3476.696831582168,0.1,-3.746666666666667
22.483333333333334,77,AV,2,7,2,5,7,0,0,25,4967.653125719208,0.3,-6.745
33.06666666666667,230,AV,2,4,2,2,6,0,0,50,1261.43865123121,0.4,-13.226666666666668
30.183333333333334,291,AV,2,2,2,5,5,0,0,46,3824.993837156676,0.1,-3.0183333333333335
28.683333333333334,159,AV,1,7,9,2,4,0,0,58,3158.0604616132755,0.4,-11.473333333333334
35.65,125,AV,1,7,9,2,3,0,0,73,1294.2551843223837,0.8,-28.52
34.85,91,AV,1,7,9,2,14,0,0,72,1823.811293294481,0.1,-3.4850000000000003
32.96666666666667,78,AV,2,8,8,5,13,0,0,47,473.5024380788758,0.1,-3.296666666666667
23.2,158,AV,1,7,9,0,3,0,0,44,3882.59008652233,0.6,-13.92
49.6,11,AV,2,8,2,2,14,0,0,73,7081.334819999852,0.1,-4.960000000000001
23.083333333333332,115,AV,2,4,2,5,5,0,0,10,861.805442805673,0.4,-9.233333333333333
22.766666666666666,32,AV,2,4,2,2,4,0,0,19,5051.78348307234,0.2,-4.553333333333334
46.416666666666664,94,AV,2,8,2,5,13,0,0,66,3941.04555698938,0.1,-4.641666666666667
36.233333333333334,7,AV,2,0,2,5,5,0,0,54,1507.5005543882637,0.1,-3.6233333333333335
20.033333333333335,186,AV,1,7,9,0,3,0,0,43,2141.869626207308,0.7,-14.023333333333333
20.066666666666666,5,AV,1,7,9,5,6,0,0,42,3048.604611013583,0.3,-6.02
40.766666666666666,234,AV,2,2,7,1,7,0,0,60,985.8695826897422,0.8,-32.61333333333334
38.56666666666667,15,AV,2,8,8,5,13,0,0,54,743.7553910389753,0.1,-3.8566666666666674
17.85,27,AV,1,7,9,0,2,0,0,35,1122.7546975855585,0.7,-12.495000000000001
35.43333333333333,101,AV,2,8,8,5,15,0,0,53,5168.6614957092925,0.1,-3.543333333333333
29.25,157,AV,2,4,2,2,4,0,0,41,2587.8859091729414,0.5,-14.625
44.4,163,AV,2,8,2,2,14,0,0,65,5003.647877951615,0.2,-8.88
43.916666666666664,271,AV,2,0,2,2,6,0,0,73,497.26542980048754,0.2,-8.783333333333333
40.81666666666667,37,AV,2,4,2,2,4,0,0,58,1541.4014724042315,0.5,-20.408333333333335
22.783333333333335,225,AV,2,4,2,5,6,0,0,20,5386.149373461946,0.2,-4.5566666666666675
26.016666666666666,278,AV,2,2,2,5,5,0,0,38,4196.147454418583,0.1,-2.6016666666666666
20.966666666666665,117,AV,2,4,2,5,5,0,0,18,881.2906222289953,0.1,-2.0966666666666667
40.28333333333333,264,AV,2,8,8,5,12,0,0,58,17322.90883950548,0.1,-4.028333333333333
42.38333333333333,116,AV,2,0,2,2,6,0,0,75,3465.4556083993225,0.2,-8.476666666666667
30.216666666666665,53,AV,2,4,2,2,4,0,0,34,13430.196447392702,0.7,-21.151666666666664
17.0,57,AV,1,7,9,5,3,0,0,33,1899.102970895097,0.3,-5.1
44.05,41,AV,2,8,2,2,14,0,0,67,14754.343640924068,0.2,-8.81
44.86666666666667,128,AV,2,0,2,5,6,0,0,63,3531.3895067900216,0.1,-4.486666666666667
27.033333333333335,176,AV,2,2,2,5,5,0,0,40,1104.4445206976068,0.1,-2.7033333333333336
37.916666666666664,21,AV,2,2,2,5,5,0,0,53,3382.383844415393,0.1,-3.7916666666666665
27.133333333333333,250,AV,2,4,2,5,6,0,0,32,1150.4391077840953,0.3,-8.139999999999999
46.016666666666666,114,AV,2,8,2,2,14,0,0,75,4669.869929992837,0.2,-9.203333333333333
45.583333333333336,166,AV,2,0,2,2,4,0,0,72,1052.4070316009115,0.2,-9.116666666666667
33.36666666666667,201,AV,2,0,2,2,4,0,0,52,9030.678864893336,0.2,-6.673333333333334
38.61666666666667,69,AV,2,0,2,2,6,0,0,59,742.6585956180782,0.2,-7.723333333333334
42.65,165,AV,2,0,2,2,6,0,0,56,2446.4664131825853,0.3,-12.795
46.36666666666667,155,AV,2,8,2,2,11,0,0,80,877.6907461205365,0.1,-4.636666666666667
21.983333333333334,90,AV,1,7,9,5,5,0,0,47,4227.85786318916,0.2,-4.396666666666667
40.18333333333333,30,AV,2,7,1,2,11,0,0,59,5009.92015912814,0.3,-12.054999999999998
45.63333333333333,23,AV,2,8,2,2,23,0,0,89,6031.594525491932,0.2,-9.126666666666667
37.8,217,AV,2,0,2,2,4,0,0,54,825.4433072334436,0.1,-3.78
37.55,60,AV,2,8,2,2,8,0,0,55,2314.8193170712048,0.3,-11.264999999999999
37.25,97,AV,1,7,9,2,13,0,0,86,844.3352662229099,0.4,-14.9
37.833333333333336,205,AV,2,8,8,5,15,0,0,56,1293.252850487379,0.1,-3.7833333333333337
44.483333333333334,14,AV,2,8,2,2,12,0,0,63,616.3739675020589,0.1,-4.448333333333333
35.03333333333333,174,AV,1,7,9,2,4,0,0,70,1869.7531794209297,0.8,-28.026666666666667
30.633333333333333,164,AV,2,8,2,5,8,0,0,45,2629.980017260476,0.2,-6.126666666666667
39.916666666666664,71,AV,2,8,2,2,12,0,0,58,7099.697064525982,0.2,-7.983333333333333
37.3,13,AV,1,8,9,2,13,0,0,92,18628.94525544202,0.4,-14.92
13.1,190,AV,1,7,9,5,3,0,0,15,4376.119511966378,0.1,-1.31
30.583333333333332,20,AV,2,4,2,2,6,0,0,43,3456.1529418207683,0.3,-9.174999999999999
28.416666666666668,152,AV,2,8,8,5,11,0,0,37,2754.938443140308,0.1,-2.841666666666667
43.0,4,AV,2,8,2,2,13,0,0,69,979.5720138781878,0.1,-4.3
29.583333333333332,240,AV,2,8,8,5,12,0,0,40,4021.28082322038,0.1,-2.9583333333333335
34.93333333333333,227,AV,2,8,8,5,11,0,0,48,818.0604611907775,0.1,-3.493333333333333
49.8,133,AV,2,8,2,2,13,0,0,69,15387.119225735782,0.3,-14.939999999999998
31.966666666666665,247,AV,1,7,9,2,4,0,0,59,2971.291490045772,0.5,-15.983333333333333
15.3,31,AV,1,7,9,7,6,0,0,32,2239.257430619588,0.4,-6.120000000000001
32.53333333333333,68,AV,2,4,2,2,4,0,0,50,3024.224513765153,0.5,-16.266666666666666
32.25,87,AV,2,4,2,2,6,0,0,45,1097.8259349569896,0.2,-6.45
27.0,74,AV,2,4,2,2,4,0,0,33,779.2240782816187,0.4,-10.8
23.983333333333334,239,AV,1,7,9,5,5,0,0,49,3151.1733449572957,0.3,-7.195
32.38333333333333,267,AV,1,7,9,2,6,0,0,65,1546.5147326922538,0.3,-9.715
39.21666666666667,210,AV,2,4,2,2,4,0,0,58,14505.369879802229,0.5,-19.608333333333334
30.8,257,AV,1,7,9,2,5,0,0,57,636.6552097563458,0.4,-12.32
24.416666666666668,179,AV,2,1,8,9,3,0,0,35,2401.1770329784995,0.1,-2.441666666666667
29.233333333333334,202,AV,2,4,8,1,8,0,0,45,912.6272274022258,0.2,-5.846666666666668
11.95,181,AV,1,7,9,5,4,0,0,2,1391.0507319816634,0.1,-1.195
28.5,135,AV,1,7,9,2,4,0,0,55,491.0984231068265,0.5,-14.25
24.916666666666668,283,AV,2,2,2,5,5,0,0,29,7332.887514065835,0.1,-2.491666666666667
23.9,236,AV,2,4,2,0,5,0,0,31,1824.367004680513,0.9,-21.509999999999998
24.266666666666666,180,AV,2,4,2,2,4,0,0,5,2318.1098695731453,0.2,-4.8533333333333335
19.566666666666666,238,AV,1,7,9,0,3,0,0,41,1552.9853059451273,0.9,-17.61
43.6,199,AV,2,0,2,2,4,0,0,67,2329.0008356791827,0.1,-4.36
25.583333333333332,102,AV,1,7,9,2,3,0,0,47,627.4062491148882,0.3,-7.674999999999999
41.31666666666667,93,AV,2,0,2,5,7,0,0,65,4116.183110063293,0.1,-4.131666666666667
31.35,191,AV,1,7,9,2,3,0,0,61,5557.427333357366,0.4,-12.540000000000001
16.95,126,AV,1,7,9,5,4,0,0,35,5480.041794665195,0.2,-3.39
36.7,184,AV,2,1,0,4,4,0,0,45,892.1845339920479,0.3,-11.01
40.36666666666667,28,AV,2,8,8,2,13,0,0,62,1530.0661682302475,0.1,-4.036666666666667
34.25,213,AV,1,7,9,2,5,0,0,65,4609.601315671212,0.8,-27.400000000000002
33.85,259,AV,2,8,8,5,8,0,0,51,1490.1599361877834,0.1,-3.3850000000000002
36.43333333333333,105,AV,1,7,9,2,5,0,0,80,2891.134206742707,0.5,-18.216666666666665
42.65,79,AV,2,0,2,2,4,0,0,62,921.9548251796884,0.1,-4.265
41.083333333333336,209,AV,2,0,2,2,4,0,0,59,2909.8477340427667,0.1,-4.108333333333333
14.6,86,AV,1,7,9,0,4,0,0,31,1794.439334206041,0.6,-8.76
28.4,232,AV,2,4,2,2,5,0,0,36,1405.7852601227096,0.2,-5.68
22.916666666666668,62,AV,2,7,8,5,12,0,0,25,8028.27043643778,0.1,-2.291666666666667
27.916666666666668,207,AV,2,4,2,2,4,0,0,34,4416.224882412617,0.3,-8.375
37.35,175,AV,2,8,8,5,12,0,0,57,2411.397471856681,0.1,-3.7350000000000003
25.05,110,AV,1,7,9,5,6,0,0,49,1059.8377785859489,0.3,-7.515
37.78333333333333,169,AV,2,1,6,4,13,0,0,53,2835.850686157305,0.1,-3.7783333333333333
45.15,249,AV,2,8,2,2,13,0,0,67,1444.5182772575097,0.2,-9.03
39.7,298,AV,2,8,8,5,15,0,0,59,1993.780724220221,0.1,-3.9700000000000006
31.1,52,AV,2,2,2,2,4,0,0,45,946.2003450753726,0.1,-3.1100000000000003
29.033333333333335,18,AV,2,7,2,2,8,0,0,41,1527.6889462703334,0.4,-11.613333333333335
41.71666666666667,88,AV,2,0,2,5,6,0,0,57,1317.647826688136,0.1,-4.171666666666667
38.416666666666664,38,AV,2,4,2,2,7,0,0,51,5307.329693361759,0.2,-7.683333333333334
17.2,214,AV,1,7,9,5,5,0,0,32,539.5213747330826,0.1,-1.72
34.583333333333336,39,AV,2,4,2,2,5,0,0,44,600.3305173079323,0.2,-6.916666666666668
23.533333333333335,150,AV,2,4,2,0,5,0,0,27,2857.8751728516777,0.6,-14.120000000000001
17.5,289,AV,1,7,9,5,1,0,0,37,870.7377108213431,0.2,-3.5
32.233333333333334,161,AV,2,2,2,5,6,0,0,48,6918.069898529506,0.1,-3.2233333333333336
47.88333333333333,92,AV,2,8,2,2,13,0,0,74,682.056612603955,0.1,-4.788333333333333
23.416666666666668,292,AV,2,4,2,5,5,0,0,12,2458.2611968747465,0.1,-2.341666666666667
31.816666666666666,172,AV,2,2,2,5,5,0,0,50,6197.036257351283,0.1,-3.1816666666666666
18.866666666666667,273,AV,1,7,9,5,3,0,0,38,5144.150368411208,0.4,-7.546666666666667
36.71666666666667,260,AV,2,8,8,5,12,0,0,56,4135.471393234625,0.1,-3.671666666666667
28.583333333333332,144,AV,2,4,2,2,4,0,0,41,813.126641713825,0.3,-8.575
45.8,256,AV,2,8,2,2,17,0,0,73,5984.209260784091,0.1,-4.58
38.56666666666667,145,AV,2,8,2,2,11,0,0,57,5985.732437913218,0.2,-7.713333333333335
43.61666666666667,119,AV,2,4,2,2,4,0,0,63,4343.557359248321,0.5,-21.808333333333334
25.05,229,AV,1,7,9,0,4,0,0,51,4446.537177105173,0.5,-12.525
28.483333333333334,138,AV,2,4,2,2,4,0,0,37,10721.15711953896,0.9,-25.635
47.083333333333336,288,AV,2,8,2,2,15,0,0,66,5825.994272151124,0.2,-9.416666666666668
28.683333333333334,177,AV,1,7,9,7,6,0,0,53,542.8991684878858,0.2,-5.736666666666667
27.166666666666668,299,AV,1,7,9,5,11,0,0,53,10426.353459350525,0.1,-2.716666666666667
26.5,124,AV,2,4,2,2,4,0,0,25,1386.7650627050614,0.1,-2.6500000000000004
27.65,131,AV,1,7,9,5,12,0,0,52,1404.912317929139,0.1,-2.765
29.066666666666666,54,AV,2,4,2,5,7,0,0,36,1310.9401185904849,0.1,-2.9066666666666667
40.68333333333333,82,AV,2,4,2,2,6,0,0,59,465.3670128771111,0.5,-20.341666666666665
22.916666666666668,22,AV,2,4,2,5,5,0,0,24,1046.6558973464134,0.3,-6.875
25.183333333333334,16,AV,2,4,2,2,5,0,0,39,7130.271245067938,0.3,-7.555
39.8,26,AV,2,8,2,2,13,0,0,63,1592.6375082496468,0.1,-3.98
37.15,167,AV,2,8,8,5,14,0,0,55,2222.040577514192,0.1,-3.715
35.65,295,AV,1,7,9,2,4,0,0,74,3487.44186130441,0.7,-24.955
49.25,266,AV,2,8,2,2,11,0,0,74,19040.472291926453,0.2,-9.850000000000001
28.233333333333334,33,AV,2,4,2,2,6,0,0,40,8326.33528790118,0.4,-11.293333333333335
27.133333333333333,226,AV,1,7,9,2,3,0,0,51,1659.6531244520008,0.5,-13.566666666666666
30.833333333333332,189,AV,1,7,9,2,3,0,0,59,2052.607856914241,0.3,-9.25
35.35,290,AV,2,2,2,2,4,0,0,45,586.3474640105957,0.1,-3.535
37.75,182,AV,1,8,9,2,11,0,0,83,2476.7673195544394,0.3,-11.325
44.083333333333336,284,AV,2,8,2,2,13,0,0,68,4660.29795945294,0.1,-4.408333333333334
23.916666666666668,12,AV,1,7,9,5,5,0,0,49,3031.4508351358254,0.2,-4.783333333333334
27.883333333333333,173,AV,2,7,2,5,7,0,0,25,3942.222625638348,0.2,-5.576666666666667
24.283333333333335,121,AV,2,7,8,5,12,0,0,31,3427.0421228311798,0.1,-2.4283333333333337
15.883333333333333,253,AV,2,4,2,1,4,0,0,0,5611.673516276995,0.2,-3.1766666666666667
44.85,149,AV,2,0,2,2,4,0,0,65,2767.495209174315,0.1,-4.485
21.816666666666666,42,AV,1,7,9,0,3,0,0,46,2797.307504072895,0.9,-19.635
32.46666666666667,70,AV,2,1,4,3,5,0,0,50,1929.5758599688188,0.1,-3.246666666666667
39.166666666666664,170,AV,2,8,8,5,12,0,0,54,4113.319853961603,0.1,-3.9166666666666665
35.11666666666667,281,AV,1,7,9,2,4,0,0,70,4459.768546990965,0.8,-28.093333333333334
37.7,153,AV,2,4,2,2,4,0,0,53,676.2529471816457,0.4,-15.080000000000002
28.466666666666665,9,AV,2,4,2,2,4,0,0,35,1454.957177165027,0.8,-22.773333333333333
19.65,123,AV,2,4,2,5,5,0,0,20,658.4091024775607,0.1,-1.9649999999999999
14.7,168,AV,1,7,9,5,3,0,0,21,783.6834518391023,0.2,-2.94
25.233333333333334,29,AV,2,4,2,5,6,0,0,30,1567.0706205360798,0.2,-5.046666666666667
34.85,112,AV,1,7,9,2,3,0,0,65,1592.2311391495805,0.4,-13.940000000000001
32.78333333333333,216,AV,2,2,2,5,6,0,0,47,2108.868816674547,0.1,-3.2783333333333333
37.333333333333336,85,AV,1,7,9,2,13,0,0,82,3534.445695738256,0.5,-18.666666666666668
15.633333333333333,188,AV,1,7,9,0,3,0,0,34,2177.5877894542577,0.7,-10.943333333333332
21.283333333333335,72,AV,2,4,2,2,5,0,0,23,11861.36896338871,0.5,-10.641666666666667
32.13333333333333,296,AV,2,4,2,2,6,0,0,48,822.5771428470101,0.6,-19.279999999999998
34.516666666666666,244,AV,2,8,2,2,12,0,0,52,3368.9508766880413,0.2,-6.903333333333333
34.43333333333333,98,AV,2,4,2,5,5,0,0,34,4959.361066312568,0.2,-6.886666666666667
24.616666666666667,268,AV,1,7,9,2,2,0,0,50,2574.4307659940623,0.5,-12.308333333333334
25.016666666666666,96,AV,2,4,2,5,5,0,0,30,1832.3133019091129,0.2,-5.003333333333334
31.516666666666666,297,AV,2,4,2,2,4,0,0,48,2815.231094880572,1.0,-31.516666666666666
39.71666666666667,235,AV,2,8,2,2,13,0,0,61,5427.330032863625,0.2,-7.943333333333334
33.2,147,AV,2,8,8,5,11,0,0,51,904.859336063587,0.1,-3.3200000000000003
35.25,130,AV,2,4,2,2,4,0,0,54,2398.572127464108,0.6,-21.15
45.416666666666664,17,AV,2,8,2,2,8,0,0,73,3919.41152379869,0.2,-9.083333333333334
31.183333333333334,293,AV,2,4,2,2,5,0,0,35,5913.041300376779,0.3,-9.355
12.7,255,AV,1,7,9,5,4,0,0,20,933.6906207466446,0.2,-2.54
46.21666666666667,136,AV,2,0,2,2,5,0,0,65,854.5785374972068,0.3,-13.865
34.15,269,AV,1,7,9,2,4,0,0,68,1950.0200213032829,0.5,-17.075
15.266666666666667,183,AV,1,7,9,5,2,0,0,31,4818.617258984985,0.2,-3.0533333333333337
40.75,75,AV,2,4,0,3,4,0,0,52,7897.119961473183,0.5,-20.375
25.966666666666665,233,AV,1,7,9,2,3,0,0,51,2965.4163440895786,0.3,-7.789999999999999
46.266666666666666,274,AV,2,8,2,2,16,0,0,81,6563.608435155774,0.1,-4.626666666666667
25.85,277,AV,2,4,2,2,4,0,0,32,1074.3823512953045,0.2,-5.170000000000001
26.4,200,AV,2,4,2,2,6,0,0,34,8987.033628468456,0.4,-10.56
32.21666666666667,248,AV,1,8,9,2,2,0,0,64,610.4868582393152,0.3,-9.665000000000001
38.96666666666667,127,AV,2,0,2,5,5,0,0,54,1945.516475481125,0.1,-3.896666666666667
