travel_time,id,kind,action,bid_route_0,bid_route_1,bid_route_2,karma_balance,origin,destination,start_time,income,urgency,reward
17.25,44,AV,1,1,4,3,1,0,0,33,10751.672106064549,0.1,-1.725
24.5,137,AV,1,1,4,3,4,0,0,40,4968.170350229253,0.2,-4.9
26.45,50,AV,1,3,5,4,3,0,0,44,586.8516376274475,0.3,-7.935
54.75,63,AV,1,2,5,3,14,0,0,89,3863.855435177377,0.8,-43.800000000000004
25.65,84,AV,1,1,4,3,1,0,0,42,9280.176126726552,0.1,-2.565
36.13333333333333,132,AV,1,3,5,4,4,0,0,53,1141.5133047894662,0.9,-32.52
49.083333333333336,196,AV,1,1,4,3,8,0,0,64,4281.8327360815,0.4,-19.633333333333336
19.066666666666666,139,AV,1,3,5,4,0,0,0,33,2318.2944376966047,0.6,-11.44
32.55,118,AV,1,3,5,4,2,0,0,50,3752.1132597063192,0.5,-16.275
40.53333333333333,106,AV,1,1,5,3,1,0,0,58,3933.772930850901,0.4,-16.213333333333335
24.316666666666666,104,AV,1,3,5,4,0,0,0,41,5670.319740923212,0.7,-17.021666666666665
53.416666666666664,263,AV,1,1,4,3,14,0,0,75,388.2787303527966,0.3,-16.025
23.15,287,AV,1,3,5,4,3,0,0,40,2520.718778515204,1.0,-23.15
47.55,103,AV,1,1,4,3,3,0,0,65,4689.4303597647895,0.1,-4.755
18.533333333333335,220,AV,1,3,5,4,0,0,0,34,1723.69240549938,0.9,-16.680000000000003
47.5,148,AV,1,3,5,4,14,0,0,66,1150.2916000513435,0.5,-23.75
14.966666666666667,252,AV,1,3,4,4,0,0,0,29,1022.032321197676,0.4,-5.986666666666667
46.583333333333336,134,AV,1,1,4,3,1,0,0,65,2645.062412614309,0.1,-4.658333333333334
46.483333333333334,221,AV,1,1,4,3,3,0,0,65,1005.9867386644172,0.3,-13.945
21.2,46,AV,1,3,5,4,0,0,0,37,1682.490559712908,0.4,-8.48
13.6,143,AV,1,1,4,3,0,0,0,17,2260.56382504795,0.1,-1.36
39.61666666666667,151,AV,1,3,5,4,10,0,0,57,1234.5997004771,0.8,-31.693333333333335
10.083333333333334,81,AV,0,6,5,4,0,0,0,31,597.1498506777683,0.3,-3.025
30.333333333333332,100,AV,1,1,4,3,0,0,0,47,2953.464044858564,0.1,-3.033333333333333
15.683333333333334,10,AV,1,1,4,2,0,0,0,16,2622.7149314101284,0.1,-1.5683333333333334
41.266666666666666,215,AV,1,1,4,3,10,0,0,56,961.7772661313056,0.2,-8.253333333333334
22.383333333333333,73,AV,1,1,4,3,0,0,0,37,522.440884226393,0.2,-4.476666666666667
22.616666666666667,258,AV,1,1,4,3,1,0,0,39,6709.13861087917,0.2,-4.523333333333333
23.516666666666666,282,AV,1,3,5,4,2,0,0,38,1635.9686818612918,0.3,-7.055
27.316666666666666,67,AV,1,3,5,4,5,0,0,45,4200.245935785981,0.4,-10.926666666666668
30.216666666666665,58,AV,1,1,4,3,8,0,0,48,4679.48341028673,0.1,-3.0216666666666665
50.18333333333333,224,AV,1,1,4,3,2,0,0,67,1251.6500609663929,0.2,-10.036666666666667
12.283333333333333,228,AV,1,1,4,3,1,0,0,17,2472.005569054355,0.1,-1.2283333333333335
43.3,192,AV,1,1,4,3,12,0,0,61,8689.506535985933,0.1,-4.33
40.43333333333333,76,AV,1,1,4,3,9,0,0,57,3793.837230001502,0.2,-8.086666666666666
15.033333333333333,129,AV,0,8,4,4,0,0,0,48,2561.5826276178027,0.1,-1.5033333333333334
19.566666666666666,198,AV,1,3,5,4,3,0,0,34,1047.1205397958274,0.5,-9.783333333333333
54.016666666666666,141,AV,1,2,5,3,15,0,0,77,541.9839687696077,0.5,-27.008333333333333
47.18333333333333,211,AV,1,2,5,3,11,0,0,65,776.0711537761008,0.6,-28.31
29.816666666666666,45,AV,1,1,4,3,3,0,0,46,6081.635477498837,0.1,-2.981666666666667
39.5,61,AV,1,1,4,3,8,0,0,56,381.3218977270381,0.1,-3.95
53.63333333333333,47,AV,1,1,5,3,15,0,0,81,1594.6992934726818,0.6,-32.18
20.466666666666665,0,AV,1,1,4,3,1,0,0,36,2750.2432356670683,0.2,-4.093333333333333
32.25,219,AV,1,1,4,3,0,0,0,50,3958.913906791885,0.1,-3.225
27.683333333333334,279,AV,1,3,5,4,6,0,0,44,1460.8215047913693,0.5,-13.841666666666667
12.483333333333333,286,AV,1,3,4,4,0,0,0,11,4617.971391102537,0.2,-2.4966666666666666
8.45,113,AV,0,5,5,2,0,0,0,24,2044.1603053436156,0.2,-1.69
48.766666666666666,197,AV,1,2,5,4,3,0,0,66,1997.7276787447236,0.6,-29.259999999999998
20.25,66,AV,1,3,5,4,7,0,0,35,6020.57275324985,0.5,-10.125
49.81666666666667,208,AV,1,1,5,3,5,0,0,67,566.7055292848979,0.3,-14.945
33.983333333333334,142,AV,1,1,4,3,2,0,0,51,7912.643587116454,0.2,-6.796666666666667
13.45,171,AV,0,5,7,4,3,0,0,42,10450.70686878338,0.1,-1.345
34.483333333333334,276,AV,1,3,5,4,0,0,0,52,3654.013033637752,0.4,-13.793333333333335
26.483333333333334,204,AV,1,3,4,4,0,0,0,44,1880.1756700095973,0.4,-10.593333333333334
46.1,294,AV,1,3,5,4,25,0,0,62,13079.31179296209,0.5,-23.05
12.816666666666666,2,AV,1,1,4,3,4,0,0,22,4687.914961676448,0.1,-1.2816666666666667
37.45,195,AV,1,3,5,4,4,0,0,54,2969.8754393798326,1.0,-37.45
36.666666666666664,146,AV,1,1,4,3,9,0,0,54,2476.7926805910606,0.2,-7.333333333333333
47.483333333333334,80,AV,1,1,4,3,11,0,0,65,1174.3503864217532,0.1,-4.748333333333334
44.5,223,AV,1,1,4,3,11,0,0,61,4266.216809230351,0.1,-4.45
43.4,185,AV,1,1,4,3,6,0,0,59,639.9143284368583,0.1,-4.34
37.416666666666664,109,AV,1,1,4,3,8,0,0,54,3628.2404526711953,0.2,-7.483333333333333
22.533333333333335,43,AV,1,1,4,3,5,0,0,37,2117.047321722312,0.1,-2.2533333333333334
31.516666666666666,120,AV,1,3,5,4,6,0,0,49,5341.061461458292,0.4,-12.606666666666667
52.68333333333333,19,AV,1,2,5,4,14,0,0,76,1148.2139867956057,0.8,-42.14666666666667
32.0,95,AV,1,3,5,4,11,0,0,49,3256.7228478661937,0.7,-22.4
44.96666666666667,262,AV,1,1,4,3,3,0,0,62,1830.3424648913517,0.1,-4.496666666666667
26.1,65,AV,1,1,4,3,1,0,0,41,2538.843693606908,0.1,-2.6100000000000003
37.5,89,AV,1,3,5,4,9,0,0,54,1111.987968807459,0.4,-15.0
25.216666666666665,206,AV,1,3,5,4,1,0,0,42,1389.0632502942228,0.4,-10.086666666666666
45.4,51,AV,1,1,4,3,10,0,0,60,3508.846318545673,0.3,-13.62
46.18333333333333,140,AV,1,1,4,3,20,0,0,63,863.3540159882258,0.1,-4.618333333333333
26.666666666666668,275,AV,1,3,5,4,5,0,0,43,1639.6236094811811,0.3,-8.0
46.0,285,AV,1,1,4,3,0,0,0,61,2198.5025098873134,0.3,-13.799999999999999
41.833333333333336,35,AV,1,1,4,3,11,0,0,59,4381.240268036911,0.3,-12.55
25.616666666666667,8,AV,1,3,5,4,6,0,0,43,2294.767722006211,0.6,-15.37
40.4,83,AV,1,1,4,3,6,0,0,55,4412.688598555705,0.1,-4.04
38.38333333333333,194,AV,1,1,4,3,9,0,0,55,4164.701887555128,0.2,-7.676666666666667
15.45,49,AV,1,1,4,3,1,0,0,31,3866.930621896856,0.1,-1.545
11.7,280,AV,0,6,5,4,0,0,0,33,4577.590037133467,0.3,-3.51
40.516666666666666,6,AV,1,1,4,3,12,0,0,57,1805.1606101798543,0.1,-4.051666666666667
43.05,242,AV,1,1,4,3,5,0,0,61,1986.5043233563797,0.2,-8.61
24.65,246,AV,1,3,4,4,0,0,0,41,640.5426603936758,0.5,-12.325
35.56666666666667,64,AV,1,1,4,3,6,0,0,53,1083.524948441525,0.1,-3.556666666666667
50.2,222,AV,1,1,4,3,12,0,0,69,3387.2787239910285,0.1,-5.0200000000000005
30.633333333333333,24,AV,1,1,4,3,1,0,0,48,863.5619359671642,0.1,-3.0633333333333335
13.966666666666667,231,AV,1,1,4,2,0,0,0,24,2043.1688306873104,0.2,-2.7933333333333334
50.583333333333336,154,AV,1,1,4,3,5,0,0,70,7958.958807233507,0.1,-5.058333333333334
32.81666666666667,40,AV,1,1,5,3,10,0,0,50,8348.421721831439,0.3,-9.845
18.4,160,AV,1,3,5,4,1,0,0,33,4707.821121085941,0.6,-11.04
53.56666666666667,261,AV,1,2,5,0,10,0,0,79,753.7709081553346,1.0,-53.56666666666667
50.5,265,AV,1,1,4,3,12,0,0,71,20239.22920549412,0.3,-15.149999999999999
10.033333333333333,254,AV,0,5,3,4,0,0,0,31,591.6693204447811,0.1,-1.0033333333333334
36.65,107,AV,1,3,5,4,15,0,0,52,3783.636689084741,0.6,-21.99
43.61666666666667,218,AV,1,2,5,3,6,0,0,61,2347.541384251396,0.5,-21.808333333333334
16.1,245,AV,1,1,4,3,2,0,0,30,1475.2077210572677,0.1,-1.6100000000000003
34.96666666666667,178,AV,1,1,4,3,7,0,0,52,3773.073658575576,0.1,-3.496666666666667
15.066666666666666,25,AV,0,6,5,4,6,0,0,43,1275.9312017726234,0.3,-4.52
43.43333333333333,162,AV,1,2,5,4,4,0,0,60,2857.712092786687,0.6,-26.06
49.68333333333333,56,AV,1,1,5,3,6,0,0,66,3398.605365942332,0.3,-14.904999999999998
54.416666666666664,111,AV,1,1,4,3,13,0,0,81,4429.527615460413,0.1,-5.441666666666666
33.766666666666666,36,AV,1,1,4,3,6,0,0,50,2756.9260540590044,0.2,-6.753333333333334
24.35,251,AV,1,1,4,3,5,0,0,42,2280.385817754286,0.2,-4.870000000000001
22.1,193,AV,0,8,3,4,8,0,0,56,7658.5640246764915,0.4,-8.840000000000002
23.233333333333334,59,AV,1,3,5,4,3,0,0,39,3159.4556453821087,0.5,-11.616666666666667
27.133333333333333,55,AV,1,3,5,4,1,0,0,44,1822.2981036688468,1.0,-27.133333333333333
50.333333333333336,187,AV,1,1,4,3,10,0,0,69,1596.1763216794554,0.1,-5.033333333333334
17.833333333333332,212,AV,1,1,4,3,1,0,0,32,1148.9174546898266,0.1,-1.7833333333333332
23.883333333333333,108,AV,1,1,4,3,1,0,0,40,8480.737499651503,0.2,-4.776666666666666
43.766666666666666,3,AV,1,1,4,3,7,0,0,60,3032.1279287666234,0.3,-13.129999999999999
44.483333333333334,156,AV,1,1,4,3,10,0,0,61,5849.7981009167725,0.2,-8.896666666666667
8.466666666666667,34,AV,0,5,5,2,0,0,0,25,3046.5766145774583,0.2,-1.6933333333333334
17.35,237,AV,1,3,5,4,0,0,0,32,2158.6935677652164,0.6,-10.41
32.333333333333336,241,AV,1,3,5,4,6,0,0,46,877.2934597877683,1.0,-32.333333333333336
25.9,270,AV,1,1,4,3,1,0,0,43,1496.328062426438,0.1,-2.59
52.31666666666667,122,AV,1,1,4,3,1,0,0,70,3119.7161673652217,0.1,-5.231666666666667
27.116666666666667,272,AV,1,3,5,4,1,0,0,45,837.3801312568858,0.8,-21.693333333333335
14.983333333333333,48,AV,1,1,5,3,0,0,0,30,1921.5023446668008,0.2,-2.9966666666666666
38.15,1,AV,1,1,4,3,5,0,0,54,8139.327108000771,0.1,-3.815
55.65,99,AV,1,1,4,3,15,0,0,87,5578.433439706214,0.1,-5.565
41.3,203,AV,1,1,4,3,24,0,0,58,3065.2253709468137,0.1,-4.13
43.65,243,AV,1,2,5,4,7,0,0,61,3476.696831582168,0.6,-26.189999999999998
14.55,77,AV,1,3,5,4,0,0,0,25,4967.653125719208,0.3,-4.365
32.78333333333333,230,AV,1,1,4,3,4,0,0,50,1261.43865123121,0.1,-3.2783333333333333
28.683333333333334,291,AV,1,1,4,3,5,0,0,46,3824.993837156676,0.1,-2.8683333333333336
40.68333333333333,159,AV,1,3,5,4,12,0,0,58,3158.0604616132755,1.0,-40.68333333333333
52.18333333333333,125,AV,1,1,4,3,17,0,0,73,1294.2551843223837,0.2,-10.436666666666667
51.03333333333333,91,AV,1,1,4,3,12,0,0,72,1823.811293294481,0.1,-5.1033333333333335
29.483333333333334,78,AV,1,3,5,4,3,0,0,47,473.5024380788758,0.9,-26.535
29.1,158,AV,1,3,5,4,1,0,0,44,3882.59008652233,1.0,-29.1
53.266666666666666,11,AV,1,2,5,0,11,0,0,73,7081.334819999852,1.0,-53.266666666666666
12.383333333333333,115,AV,1,3,5,4,0,0,0,10,861.805442805673,0.4,-4.953333333333333
13.383333333333333,32,AV,1,3,5,4,0,0,0,19,5051.78348307234,0.5,-6.691666666666666
50.15,94,AV,1,1,4,3,4,0,0,66,3941.04555698938,0.1,-5.015000000000001
36.96666666666667,7,AV,1,1,4,3,2,0,0,54,1507.5005543882637,0.1,-3.696666666666667
26.083333333333332,186,AV,1,3,5,4,0,0,0,43,2141.869626207308,0.6,-15.649999999999999
26.016666666666666,5,AV,1,1,4,3,6,0,0,42,3048.604611013583,0.2,-5.203333333333333
40.53333333333333,234,AV,2,0,1,4,11,0,0,60,985.8695826897422,0.2,-8.106666666666667
38.06666666666667,15,AV,1,1,4,3,0,0,0,54,743.7553910389753,0.2,-7.613333333333334
20.533333333333335,27,AV,1,3,5,4,1,0,0,35,1122.7546975855585,0.4,-8.213333333333335
36.18333333333333,101,AV,1,1,4,3,12,0,0,53,5168.6614957092925,0.1,-3.618333333333333
24.733333333333334,157,AV,1,3,4,4,0,0,0,41,2587.8859091729414,0.5,-12.366666666666667
48.13333333333333,163,AV,1,2,5,4,3,0,0,65,5003.647877951615,1.0,-48.13333333333333
51.21666666666667,271,AV,1,2,5,0,6,0,0,73,497.26542980048754,0.9,-46.095000000000006
41.983333333333334,37,AV,1,3,5,4,9,0,0,58,1541.4014724042315,0.9,-37.785000000000004
6.8,225,AV,0,5,0,3,2,0,0,20,5386.149373461946,0.4,-2.72
22.116666666666667,278,AV,1,1,4,3,3,0,0,38,4196.147454418583,0.2,-4.423333333333334
12.533333333333333,117,AV,1,1,4,3,1,0,0,18,881.2906222289953,0.1,-1.2533333333333334
42.03333333333333,264,AV,1,3,5,4,9,0,0,58,17322.90883950548,1.0,-42.03333333333333
52.016666666666666,116,AV,1,2,5,4,8,0,0,75,3465.4556083993225,0.9,-46.815
20.35,53,AV,1,1,4,6,5,0,0,34,13430.196447392702,0.2,-4.07
19.283333333333335,57,AV,1,1,4,6,2,0,0,33,1899.102970895097,0.1,-1.9283333333333337
50.166666666666664,41,AV,1,1,4,3,10,0,0,67,14754.343640924068,0.1,-5.016666666666667
47.0,128,AV,1,1,4,3,13,0,0,63,3531.3895067900216,0.1,-4.7
23.333333333333332,176,AV,1,1,4,3,4,0,0,40,1104.4445206976068,0.1,-2.3333333333333335
36.416666666666664,21,AV,1,1,5,3,1,0,0,53,3382.383844415393,0.3,-10.924999999999999
18.35,250,AV,1,3,4,4,0,0,0,32,1150.4391077840953,0.3,-5.505
53.68333333333333,114,AV,1,2,5,4,11,0,0,75,4669.869929992837,0.6,-32.209999999999994
51.88333333333333,166,AV,1,1,4,3,13,0,0,72,1052.4070316009115,0.1,-5.1883333333333335
34.016666666666666,201,AV,1,0,5,1,0,0,0,52,9030.678864893336,0.1,-3.401666666666667
42.03333333333333,69,AV,1,3,5,4,5,0,0,59,742.6585956180782,0.9,-37.83
40.666666666666664,165,AV,1,1,4,3,9,0,0,56,2446.4664131825853,0.2,-8.133333333333333
53.666666666666664,155,AV,1,1,4,3,6,0,0,80,877.6907461205365,0.1,-5.366666666666667
29.55,90,AV,1,3,5,4,3,0,0,47,4227.85786318916,0.9,-26.595000000000002
42.55,30,AV,1,1,4,3,9,0,0,59,5009.92015912814,0.1,-4.255
55.06666666666667,23,AV,1,1,4,3,18,0,0,89,6031.594525491932,0.2,-11.013333333333335
38.13333333333333,217,AV,1,3,5,4,5,0,0,54,825.4433072334436,0.8,-30.506666666666668
38.3,60,AV,1,3,5,4,12,0,0,55,2314.8193170712048,1.0,-38.3
55.06666666666667,97,AV,1,1,4,3,10,0,0,86,844.3352662229099,0.1,-5.506666666666668
38.983333333333334,205,AV,1,3,5,4,4,0,0,56,1293.252850487379,0.6,-23.39
46.666666666666664,14,AV,1,1,4,3,11,0,0,63,616.3739675020589,0.3,-13.999999999999998
50.88333333333333,174,AV,1,2,5,3,13,0,0,70,1869.7531794209297,0.6,-30.529999999999998
27.166666666666668,164,AV,1,1,5,3,6,0,0,45,2629.980017260476,0.3,-8.15
41.8,71,AV,1,3,5,4,6,0,0,58,7099.697064525982,0.9,-37.62
55.2,13,AV,1,1,4,3,14,0,0,92,18628.94525544202,0.2,-11.040000000000001
13.266666666666667,190,AV,1,3,4,4,0,0,0,15,4376.119511966378,1.0,-13.266666666666667
26.5,20,AV,1,1,4,3,6,0,0,43,3456.1529418207683,0.2,-5.300000000000001
21.983333333333334,152,AV,1,1,4,3,0,0,0,37,2754.938443140308,0.2,-4.396666666666667
50.233333333333334,4,AV,1,1,4,3,10,0,0,69,979.5720138781878,0.2,-10.046666666666667
23.916666666666668,240,AV,1,1,4,3,8,0,0,40,4021.28082322038,0.1,-2.391666666666667
31.666666666666668,227,AV,1,3,5,4,3,0,0,48,818.0604611907775,0.6,-19.0
52.31666666666667,133,AV,1,1,5,3,10,0,0,69,15387.119225735782,0.5,-26.158333333333335
44.1,247,AV,1,1,4,3,5,0,0,59,2971.291490045772,0.1,-4.41
17.266666666666666,31,AV,1,1,5,3,0,0,0,32,2239.257430619588,0.2,-3.453333333333333
32.416666666666664,68,AV,1,1,4,3,7,0,0,50,3024.224513765153,0.1,-3.2416666666666667
28.8,87,AV,1,3,5,4,0,0,0,45,1097.8259349569896,0.3,-8.64
19.133333333333333,74,AV,1,3,4,4,0,0,0,33,779.2240782816187,0.4,-7.653333333333333
31.6,239,AV,1,1,4,3,8,0,0,49,3151.1733449572957,0.1,-3.16
47.583333333333336,267,AV,1,1,5,3,11,0,0,65,1546.5147326922538,0.4,-19.033333333333335
41.916666666666664,210,AV,1,1,5,3,0,0,0,58,14505.369879802229,0.4,-16.766666666666666
41.95,257,AV,1,1,5,3,0,0,0,57,636.6552097563458,0.4,-16.78
19.283333333333335,179,AV,1,1,4,3,4,0,0,35,2401.1770329784995,0.1,-1.9283333333333337
27.266666666666666,202,AV,1,3,4,4,0,0,0,45,912.6272274022258,0.4,-10.906666666666666
5.283333333333333,181,AV,0,5,5,4,0,0,0,2,1391.0507319816634,0.3,-1.585
39.05,135,AV,1,1,4,3,2,0,0,55,491.0984231068265,0.3,-11.714999999999998
16.0,283,AV,1,3,5,4,0,0,0,29,7332.887514065835,0.5,-8.0
16.666666666666668,236,AV,1,3,4,4,0,0,0,31,1824.367004680513,0.7,-11.666666666666666
7.083333333333333,180,AV,0,4,4,4,0,0,0,5,2318.1098695731453,0.2,-1.4166666666666667
24.316666666666666,238,AV,1,1,4,3,5,0,0,41,1552.9853059451273,0.1,-2.4316666666666666
49.483333333333334,199,AV,1,3,5,4,9,0,0,67,2329.0008356791827,1.0,-49.483333333333334
32.45,102,AV,1,2,8,7,1,0,0,47,627.4062491148882,0.1,-3.2450000000000006
47.63333333333333,93,AV,1,1,4,3,9,0,0,65,4116.183110063293,0.2,-9.526666666666667
44.61666666666667,191,AV,1,1,5,3,16,0,0,61,5557.427333357366,0.5,-22.308333333333334
20.75,126,AV,1,1,4,6,3,0,0,35,5480.041794665195,0.2,-4.15
29.816666666666666,184,AV,1,3,5,4,7,0,0,45,892.1845339920479,0.5,-14.908333333333333
44.93333333333333,28,AV,1,1,4,3,4,0,0,62,1530.0661682302475,0.1,-4.493333333333333
48.6,213,AV,1,1,4,3,15,0,0,65,4609.601315671212,0.1,-4.86
33.36666666666667,259,AV,1,1,4,3,7,0,0,51,1490.1599361877834,0.2,-6.673333333333334
54.233333333333334,105,AV,1,1,4,3,2,0,0,80,2891.134206742707,0.3,-16.27
45.71666666666667,79,AV,1,1,5,3,9,0,0,62,921.9548251796884,0.3,-13.715
42.916666666666664,209,AV,1,1,4,3,9,0,0,59,2909.8477340427667,0.1,-4.291666666666667
16.633333333333333,86,AV,1,1,4,3,2,0,0,31,1794.439334206041,0.1,-1.6633333333333333
21.033333333333335,232,AV,1,3,5,4,7,0,0,36,1405.7852601227096,0.7,-14.723333333333333
14.416666666666666,62,AV,1,3,4,4,0,0,0,25,8028.27043643778,0.6,-8.649999999999999
19.9,207,AV,1,3,4,4,0,0,0,34,4416.224882412617,0.6,-11.94
40.11666666666667,175,AV,1,1,4,3,11,0,0,57,2411.397471856681,0.1,-4.011666666666667
32.21666666666667,110,AV,1,3,5,4,1,0,0,49,1059.8377785859489,1.0,-32.21666666666667
36.8,169,AV,1,1,4,3,7,0,0,53,2835.850686157305,0.1,-3.6799999999999997
44.61666666666667,249,AV,2,0,2,5,1,0,0,67,1444.5182772575097,0.1,-4.461666666666667
42.63333333333333,298,AV,1,3,5,4,11,0,0,59,1993.780724220221,0.6,-25.58
28.083333333333332,52,AV,1,3,5,4,10,0,0,45,946.2003450753726,0.6,-16.849999999999998
13.416666666666666,18,AV,0,6,5,4,4,0,0,41,1527.6889462703334,0.3,-4.0249999999999995
41.86666666666667,88,AV,1,1,4,3,4,0,0,57,1317.647826688136,0.1,-4.1866666666666665
35.03333333333333,38,AV,1,1,5,3,4,0,0,51,5307.329693361759,0.3,-10.51
19.166666666666668,214,AV,1,3,5,4,0,0,0,32,539.5213747330826,0.3,-5.75
29.083333333333332,39,AV,1,1,4,3,8,0,0,44,600.3305173079323,0.2,-5.816666666666666
15.2,150,AV,1,3,5,4,1,0,0,27,2857.8751728516777,0.5,-7.6
22.133333333333333,289,AV,1,3,5,4,0,0,0,37,870.7377108213431,0.3,-6.64
30.266666666666666,161,AV,1,1,4,3,7,0,0,48,6918.069898529506,0.1,-3.026666666666667
53.65,92,AV,1,1,4,3,9,0,0,74,682.056612603955,0.2,-10.73
12.766666666666667,292,AV,1,3,5,4,2,0,0,12,2458.2611968747465,0.6,-7.66
32.016666666666666,172,AV,1,1,5,3,4,0,0,50,6197.036257351283,0.3,-9.604999999999999
23.25,273,AV,1,3,5,4,1,0,0,38,5144.150368411208,0.6,-13.95
39.11666666666667,260,AV,1,3,5,4,5,0,0,56,4135.471393234625,0.8,-31.293333333333337
24.766666666666666,144,AV,1,3,5,4,0,0,0,41,813.126641713825,0.3,-7.43
52.11666666666667,256,AV,1,1,4,3,10,0,0,73,5984.209260784091,0.2,-10.423333333333334
40.733333333333334,145,AV,1,1,4,3,12,0,0,57,5985.732437913218,0.2,-8.146666666666667
47.06666666666667,119,AV,1,1,4,3,17,0,0,63,4343.557359248321,0.4,-18.826666666666668
16.883333333333333,229,AV,0,5,9,6,5,0,0,51,4446.537177105173,0.1,-1.6883333333333335
22.366666666666667,138,AV,1,1,4,3,3,0,0,37,10721.15711953896,0.1,-2.236666666666667
49.71666666666667,288,AV,1,1,4,3,7,0,0,66,5825.994272151124,0.1,-4.971666666666668
37.46666666666667,177,AV,1,3,5,4,1,0,0,53,542.8991684878858,0.6,-22.48
36.21666666666667,299,AV,1,3,5,4,8,0,0,53,10426.353459350525,0.9,-32.595000000000006
15.966666666666667,124,AV,1,3,5,4,0,0,0,25,1386.7650627050614,0.9,-14.370000000000001
36.2,131,AV,1,1,5,3,0,0,0,52,1404.912317929139,0.3,-10.860000000000001
21.85,54,AV,1,1,4,3,0,0,0,36,1310.9401185904849,0.2,-4.37
43.28333333333333,82,AV,1,1,5,3,10,0,0,59,465.3670128771111,0.4,-17.313333333333333
14.35,22,AV,1,3,5,4,1,0,0,24,1046.6558973464134,0.8,-11.48
22.366666666666667,16,AV,1,3,5,4,3,0,0,39,7130.271245067938,0.3,-6.71
45.416666666666664,26,AV,1,1,4,3,14,0,0,63,1592.6375082496468,0.2,-9.083333333333334
38.666666666666664,167,AV,1,1,4,3,9,0,0,55,2222.040577514192,0.1,-3.8666666666666667
52.36666666666667,295,AV,1,1,4,3,13,0,0,74,3487.44186130441,0.3,-15.709999999999999
54.016666666666666,266,AV,1,1,4,3,16,0,0,74,19040.472291926453,0.3,-16.205
23.95,33,AV,1,3,5,4,7,0,0,40,8326.33528790118,0.4,-9.58
35.95,226,AV,1,1,4,3,14,0,0,51,1659.6531244520008,0.3,-10.785
23.8,189,AV,0,7,6,2,16,0,0,59,2052.607856914241,0.5,-11.9
30.216666666666665,290,AV,1,3,4,4,0,0,0,45,586.3474640105957,0.5,-15.108333333333333
54.983333333333334,182,AV,1,1,4,3,15,0,0,83,2476.7673195544394,0.1,-5.498333333333334
50.11666666666667,284,AV,1,1,4,3,2,0,0,68,4660.29795945294,0.1,-5.011666666666667
31.633333333333333,12,AV,1,3,5,4,1,0,0,49,3031.4508351358254,0.7,-22.14333333333333
16.716666666666665,173,AV,1,1,4,3,1,0,0,25,3942.222625638348,0.1,-1.6716666666666666
16.766666666666666,121,AV,1,1,5,3,0,0,0,31,3427.0421228311798,0.2,-3.3533333333333335
4.933333333333334,253,AV,0,6,4,6,0,0,0,0,5611.673516276995,0.1,-0.4933333333333334
25.733333333333334,149,AV,0,7,6,1,5,0,0,65,2767.495209174315,0.1,-2.5733333333333337
29.1,42,AV,1,1,5,3,6,0,0,46,2797.307504072895,0.3,-8.73
32.833333333333336,70,AV,1,1,4,3,6,0,0,50,1929.5758599688188,0.2,-6.566666666666667
38.68333333333333,170,AV,1,3,5,4,5,0,0,54,4113.319853961603,0.7,-27.07833333333333
28.833333333333332,281,AV,0,5,3,2,3,0,0,70,4459.768546990965,0.3,-8.649999999999999
36.55,153,AV,1,1,5,4,13,0,0,53,676.2529471816457,0.4,-14.62
20.7,9,AV,1,3,5,4,0,0,0,35,1454.957177165027,0.4,-8.28
12.516666666666667,123,AV,1,1,4,2,0,0,0,20,658.4091024775607,0.2,-2.503333333333334
15.416666666666666,168,AV,1,3,4,4,0,0,0,21,783.6834518391023,0.9,-13.875
16.566666666666666,29,AV,1,3,5,4,0,0,0,30,1567.0706205360798,0.4,-6.626666666666667
48.93333333333333,112,AV,1,2,5,3,10,0,0,65,1592.2311391495805,0.6,-29.359999999999996
29.966666666666665,216,AV,1,1,4,3,9,0,0,47,2108.868816674547,0.2,-5.993333333333333
55.11666666666667,85,AV,1,2,5,3,20,0,0,82,3534.445695738256,0.8,-44.093333333333334
18.616666666666667,188,AV,1,3,5,4,3,0,0,34,2177.5877894542577,0.5,-9.308333333333334
13.283333333333333,72,AV,1,3,5,4,1,0,0,23,11861.36896338871,0.5,-6.641666666666667
30.433333333333334,296,AV,1,1,5,3,8,0,0,48,822.5771428470101,0.3,-9.129999999999999
18.45,244,AV,0,5,2,2,8,0,0,52,3368.9508766880413,0.4,-7.38
22.966666666666665,98,AV,1,1,4,3,1,0,0,34,4959.361066312568,0.2,-4.593333333333333
33.03333333333333,268,AV,1,3,5,4,0,0,0,50,2574.4307659940623,0.4,-13.213333333333333
16.383333333333333,96,AV,1,3,4,4,0,0,0,30,1832.3133019091129,0.3,-4.915
30.683333333333334,297,AV,1,1,4,3,0,0,0,48,2815.231094880572,0.1,-3.0683333333333334
44.7,235,AV,1,1,4,3,8,0,0,61,5427.330032863625,0.1,-4.470000000000001
33.516666666666666,147,AV,1,1,4,3,1,0,0,51,904.859336063587,0.2,-6.703333333333333
37.5,130,AV,1,1,4,3,11,0,0,54,2398.572127464108,0.1,-3.75
52.333333333333336,17,AV,1,1,4,3,22,0,0,73,3919.41152379869,0.3,-15.7
22.35,293,AV,1,3,4,4,0,0,0,35,5913.041300376779,0.6,-13.41
13.733333333333333,255,AV,1,1,4,3,1,0,0,20,933.6906207466446,0.1,-1.3733333333333333
49.3,136,AV,1,1,4,3,5,0,0,65,854.5785374972068,0.2,-9.86
50.2,269,AV,1,1,4,3,12,0,0,68,1950.0200213032829,0.1,-5.0200000000000005
17.183333333333334,183,AV,1,3,5,4,0,0,0,31,4818.617258984985,0.3,-5.155
36.9,75,AV,1,1,5,3,1,0,0,52,7897.119961473183,0.3,-11.069999999999999
34.21666666666667,233,AV,1,1,4,3,6,0,0,51,2965.4163440895786,0.2,-6.843333333333334
54.28333333333333,274,AV,1,1,4,3,18,0,0,81,6563.608435155774,0.2,-10.856666666666667
17.883333333333333,277,AV,1,3,4,4,0,0,0,32,1074.3823512953045,0.3,-5.364999999999999
19.916666666666668,200,AV,1,3,5,4,0,0,0,34,8987.033628468456,0.7,-13.941666666666666
46.55,248,AV,1,1,4,3,12,0,0,64,610.4868582393152,0.1,-4.655
38.4,127,AV,1,1,4,3,2,0,0,54,1945.516475481125,0.1,-3.84
