travel_time,id,kind,action,bid_route_0,bid_route_1,bid_route_2,karma_balance,origin,destination,start_time,income,urgency,reward
13.15,195,AV,1,3,6,1,1,0,0,37,1626.914224999384,0.3,-0.4315
30.366666666666667,143,AV,1,2,8,1,0,0,0,62,3017.17067826153,0.2,-0.5036666666666667
27.116666666666667,164,AV,1,3,6,6,5,0,0,56,2968.817229463249,0.3,-0.5711666666666666
20.866666666666667,72,AV,1,3,6,7,5,0,0,48,801.7987355487146,0.3,-0.5086666666666666
36.63333333333333,80,AV,1,1,8,6,0,0,0,69,845.7864251007381,0.4,-0.7663333333333333
10.366666666666667,43,AV,1,1,7,4,0,0,0,31,522.2875039790788,0.2,-0.3036666666666667
22.65,140,AV,1,3,9,6,0,0,0,51,4164.701887555128,0.4,-0.6265000000000001
20.533333333333335,272,AV,0,9,8,7,2,0,0,42,892.1845339920479,0.2,-0.4053333333333333
37.766666666666666,88,AV,1,3,6,6,1,0,0,72,1564.487892525026,0.6,-0.9776666666666667
23.533333333333335,105,AV,1,2,6,1,3,0,0,52,1460.8215047913693,0.2,-0.43533333333333335
12.083333333333334,260,AV,1,0,7,5,1,0,0,34,6230.691172258436,0.3,-0.42083333333333334
15.15,107,AV,1,2,6,6,7,0,0,40,1011.0784796502788,0.7,-0.8514999999999999
14.583333333333334,284,AV,1,3,8,1,1,0,0,39,1592.2311391495805,0.7,-0.8458333333333333
39.71666666666667,215,AV,0,9,8,4,3,0,0,57,2629.980017260476,0.2,-0.5971666666666666
5.2,150,AV,0,9,9,1,3,0,0,19,2750.2432356670683,0.2,-0.252
34.96666666666667,209,AV,1,3,6,4,1,0,0,69,4015.909421979459,0.3,-0.6496666666666666
25.05,224,AV,1,3,8,9,1,0,0,55,4950.077303955518,0.3,-0.5505
37.06666666666667,170,AV,1,2,7,4,1,0,0,72,2969.8754393798326,0.4,-0.7706666666666667
24.0,51,AV,1,3,6,3,10,0,0,53,1528.3774584247917,0.1,-0.33999999999999997
14.4,54,AV,1,2,4,5,4,0,0,39,921.9548251796884,0.9,-1.044
50.0,275,AV,0,9,8,7,0,0,0,72,923.9636394510808,0.3,-0.8
33.68333333333333,263,AV,1,3,6,5,2,0,0,66,2744.8905386527767,0.3,-0.6368333333333334
41.38333333333333,177,AV,0,9,6,8,0,0,0,57,4924.983441788647,0.5,-0.9138333333333333
27.7,59,AV,1,3,7,7,3,0,0,57,6007.794801579103,0.5,-0.7769999999999999
18.933333333333334,128,AV,2,0,1,8,0,0,0,45,6434.117121135291,0.1,-0.28933333333333333
21.25,232,AV,1,3,8,6,0,0,0,49,1996.532829496936,0.4,-0.6125
28.25,94,AV,1,3,7,6,0,0,0,58,5654.280440205098,0.2,-0.4825
13.916666666666666,227,AV,1,2,6,5,1,0,0,38,699.2977112166509,0.1,-0.23916666666666667
19.233333333333334,252,AV,1,2,6,4,1,0,0,46,1365.417472605012,0.4,-0.5923333333333334
22.9,15,AV,1,3,6,8,2,0,0,51,3480.90175047103,0.9,-1.129
30.2,141,AV,1,1,6,6,1,0,0,60,753.5670156580491,0.3,-0.602
10.3,203,AV,0,9,1,6,8,0,0,29,1635.9686818612918,0.1,-0.203
12.9,178,AV,1,2,5,6,2,0,0,34,2187.718469250836,0.1,-0.229
25.55,271,AV,0,9,9,8,1,0,0,45,676.2529471816457,0.4,-0.6555
43.983333333333334,247,AV,0,9,7,5,0,0,0,60,837.3801312568858,0.5,-0.9398333333333333
36.7,230,AV,1,3,6,4,2,0,0,71,2780.081336731352,0.2,-0.5670000000000001
9.316666666666666,157,AV,1,3,7,8,1,0,0,25,5354.15698790508,0.3,-0.39316666666666666
32.56666666666667,149,AV,1,3,6,5,2,0,0,64,1794.439334206041,0.7,-1.0256666666666667
25.583333333333332,274,AV,1,1,8,7,1,0,0,55,3863.855435177377,0.3,-0.5558333333333333
29.516666666666666,231,AV,1,1,8,4,1,0,0,59,2123.4400354784907,0.3,-0.5951666666666666
17.7,101,AV,1,1,7,1,1,0,0,44,1997.7276787447236,0.4,-0.577
39.95,172,AV,1,2,8,4,2,0,0,90,1447.5744631551047,0.1,-0.49950000000000006
24.083333333333332,119,AV,0,9,7,4,3,0,0,43,3301.717979419838,0.1,-0.3408333333333333
18.183333333333334,270,AV,1,3,6,4,5,0,0,45,857.6590975250949,0.2,-0.38183333333333336
26.0,243,AV,1,3,6,7,1,0,0,55,10450.70686878338,0.2,-0.46
28.65,216,AV,1,2,8,8,1,0,0,58,1830.3424648913517,0.2,-0.4865
9.416666666666666,109,AV,1,1,6,7,3,0,0,25,3361.758609282253,0.1,-0.19416666666666665
14.266666666666667,197,AV,1,2,7,6,0,0,0,38,2612.3907844155665,0.5,-0.6426666666666667
17.1,163,AV,0,9,4,6,1,0,0,39,1691.6338586686718,0.1,-0.271
38.0,171,AV,0,4,7,6,3,0,0,55,5434.023139443809,0.5,-0.88
16.283333333333335,129,AV,1,1,6,7,2,0,0,42,3046.5766145774583,0.4,-0.5628333333333334
32.21666666666667,76,AV,1,3,6,5,1,0,0,64,818.0604611907775,1.0,-1.3221666666666667
33.86666666666667,49,AV,1,3,6,6,1,0,0,67,1751.9448432672848,0.2,-0.5386666666666666
31.633333333333333,291,AV,1,3,5,3,4,0,0,63,2344.9936519099742,0.3,-0.6163333333333334
35.916666666666664,281,AV,1,1,7,5,3,0,0,68,1567.0706205360798,0.1,-0.4591666666666666
40.2,10,AV,1,1,4,6,3,0,0,94,1546.5147326922538,0.1,-0.502
51.8,278,AV,0,4,8,4,4,0,0,78,1597.8734280578535,0.3,-0.8180000000000001
12.05,144,AV,1,2,8,5,0,0,0,33,1205.4292211271013,0.2,-0.3205
10.666666666666666,83,AV,2,3,0,7,3,0,0,16,1592.6375082496468,0.2,-0.30666666666666664
33.733333333333334,35,AV,1,3,6,4,2,0,0,66,2574.4307659940623,0.1,-0.43733333333333335
14.216666666666667,29,AV,1,2,6,9,3,0,0,38,5386.149373461946,0.6,-0.7421666666666666
16.416666666666668,158,AV,1,3,6,1,15,0,0,42,2580.565825479665,0.3,-0.46416666666666667
34.516666666666666,65,AV,0,9,1,1,3,0,0,51,7177.938863287724,0.1,-0.4451666666666667
34.35,8,AV,1,3,6,6,1,0,0,67,1836.592480640456,0.2,-0.5435000000000001
31.85,248,AV,2,3,1,5,2,0,0,62,2756.9260540590044,0.3,-0.6185
36.05,5,AV,1,3,6,8,6,0,0,70,1293.252850487379,0.1,-0.4605
34.18333333333333,235,AV,1,2,6,7,5,0,0,66,975.0940381265832,0.3,-0.6418333333333333
26.166666666666668,52,AV,1,1,6,1,1,0,0,55,1963.0347272178835,0.5,-0.7616666666666667
6.85,188,AV,0,9,8,6,6,0,0,23,4505.18942297478,0.4,-0.4685
19.45,280,AV,1,2,6,6,2,0,0,47,793.0252767736928,0.4,-0.5945
36.2,286,AV,0,9,9,5,5,0,0,54,979.5720138781878,0.8,-1.1620000000000001
41.333333333333336,290,AV,0,9,8,6,5,0,0,59,5984.209260784091,0.4,-0.8133333333333334
32.666666666666664,37,AV,1,0,8,4,0,0,0,64,3368.9508766880413,0.5,-0.8266666666666667
37.6,194,AV,1,3,7,6,2,0,0,73,640.5426603936758,0.1,-0.476
26.216666666666665,44,AV,1,1,9,0,4,0,0,55,3866.930621896856,0.2,-0.46216666666666667
15.733333333333333,277,AV,1,3,6,8,3,0,0,41,4034.238052294327,0.2,-0.35733333333333334
22.233333333333334,36,AV,1,3,9,5,3,0,0,49,5341.061461458292,0.3,-0.5223333333333333
22.583333333333332,184,AV,1,3,8,7,1,0,0,50,1628.9397076974285,0.5,-0.7258333333333333
31.05,78,AV,1,2,7,7,1,0,0,63,1089.3140785512585,0.4,-0.7105
53.28333333333333,162,AV,0,9,6,8,0,0,0,79,1496.328062426438,0.2,-0.7328333333333332
25.05,239,AV,2,2,1,5,2,0,0,50,10213.823531357188,0.1,-0.35050000000000003
27.866666666666667,69,AV,1,3,8,4,0,0,0,56,4416.224882412617,0.1,-0.3786666666666667
36.1,199,AV,1,3,8,1,9,0,0,70,2446.4664131825853,0.3,-0.661
9.25,57,AV,1,3,7,7,2,0,0,24,4645.51881630073,0.1,-0.1925
18.333333333333332,241,AV,1,3,8,9,1,0,0,44,5557.427333357366,0.7,-0.8833333333333333
9.883333333333333,74,AV,1,3,5,1,11,0,0,28,807.7368269013535,0.2,-0.29883333333333334
26.666666666666668,12,AV,1,2,8,5,0,0,0,56,2250.3510049999354,0.4,-0.6666666666666667
26.05,166,AV,1,3,8,5,0,0,0,54,2797.307504072895,0.4,-0.6605000000000001
15.866666666666667,114,AV,1,3,8,3,6,0,0,41,5807.233742044462,0.1,-0.2586666666666667
39.03333333333333,41,AV,1,1,8,1,0,0,0,72,513.7357984527049,0.2,-0.5903333333333334
13.35,9,AV,1,3,8,1,4,0,0,35,3849.958431883558,0.3,-0.4335
38.06666666666667,206,AV,0,9,8,6,0,0,0,55,2538.843693606908,0.4,-0.7806666666666667
39.65,298,AV,1,3,6,4,1,0,0,79,8331.964781214912,0.1,-0.49649999999999994
28.066666666666666,255,AV,1,1,7,7,5,0,0,57,1444.5182772575097,0.3,-0.5806666666666667
6.783333333333333,146,AV,0,9,1,3,13,0,0,22,388.2787303527966,0.3,-0.36783333333333335
7.266666666666667,160,AV,1,0,7,5,5,0,0,19,2314.8193170712048,0.9,-0.9726666666666667
39.11666666666667,212,AV,1,3,8,5,0,0,0,77,5480.041794665195,0.1,-0.49116666666666664
38.983333333333334,39,AV,1,2,6,1,2,0,0,76,2553.8725848963804,0.1,-0.48983333333333334
25.183333333333334,63,AV,2,2,1,7,4,0,0,54,4549.115907877681,0.2,-0.45183333333333336
21.666666666666668,31,AV,1,3,6,0,2,0,0,49,3531.3895067900216,0.1,-0.31666666666666665
17.3,186,AV,1,2,8,1,2,0,0,43,932.0432837729122,0.2,-0.373
18.366666666666667,87,AV,1,1,7,7,0,0,0,45,1822.2981036688468,0.5,-0.6836666666666666
19.45,64,AV,1,1,6,1,0,0,0,46,3654.013033637752,0.7,-0.8945
34.516666666666666,288,AV,0,8,8,7,0,0,0,52,1832.3133019091129,0.9,-1.2451666666666668
16.35,229,AV,1,1,6,6,1,0,0,41,2872.269398564857,0.2,-0.36350000000000005
36.583333333333336,81,AV,1,3,7,7,0,0,0,70,4889.272753955773,0.4,-0.7658333333333334
34.166666666666664,121,AV,1,3,8,7,0,0,0,67,2648.588416164911,0.5,-0.8416666666666666
12.683333333333334,187,AV,2,2,1,0,18,0,0,24,985.8695826897422,0.5,-0.6268333333333334
35.53333333333333,131,AV,1,3,5,7,7,0,0,70,736.5379020629116,0.1,-0.45533333333333337
44.916666666666664,62,AV,0,7,8,8,1,0,0,64,1240.6560786390864,0.2,-0.6491666666666667
43.11666666666667,48,AV,0,9,9,9,1,0,0,61,14505.369879802229,0.2,-0.6311666666666667
30.5,145,AV,1,1,8,4,0,0,0,61,3793.837230001502,0.1,-0.405
38.3,106,AV,1,2,6,6,1,0,0,74,491.8679742725259,1.0,-1.383
40.016666666666666,201,AV,1,2,6,7,1,0,0,88,1234.5997004771,0.1,-0.5001666666666666
27.516666666666666,108,AV,0,9,9,6,8,0,0,46,4159.866430607663,0.3,-0.5751666666666666
46.81666666666667,211,AV,0,8,6,6,1,0,0,64,4662.282088415262,0.2,-0.6681666666666667
9.466666666666667,93,AV,1,3,8,6,3,0,0,26,615.3970356119416,0.1,-0.19466666666666665
24.783333333333335,181,AV,1,2,6,7,1,0,0,53,2909.8477340427667,0.3,-0.5478333333333334
23.5,122,AV,1,2,8,1,0,0,0,51,832.4581618945489,0.4,-0.635
33.06666666666667,99,AV,1,3,8,1,0,0,0,65,3227.056348793521,0.3,-0.6306666666666667
37.983333333333334,104,AV,1,1,8,8,0,0,0,72,1150.2916000513435,0.2,-0.5798333333333334
29.416666666666668,151,AV,1,1,6,6,0,0,0,59,2421.832203454489,0.4,-0.6941666666666667
29.8,223,AV,1,2,8,6,0,0,0,59,7511.51421120444,0.2,-0.498
38.71666666666667,233,AV,1,3,7,7,0,0,0,75,3251.3322332141274,0.1,-0.48716666666666664
18.433333333333334,289,AV,1,1,6,6,0,0,0,45,2403.836358207942,0.7,-0.8843333333333333
25.35,220,AV,1,2,7,5,1,0,0,54,610.4868582393152,0.1,-0.35350000000000004
36.416666666666664,25,AV,0,9,6,7,1,0,0,52,1659.6531244520008,0.4,-0.7641666666666667
22.1,14,AV,2,3,1,5,3,0,0,48,4572.8741748457805,0.1,-0.321
17.3,84,AV,1,1,6,8,2,0,0,44,3323.1633986738134,0.1,-0.273
19.516666666666666,196,AV,2,3,1,7,3,0,0,43,3773.692032315799,0.4,-0.5951666666666666
19.85,176,AV,1,2,7,1,0,0,0,47,4104.202624979457,0.1,-0.2985
39.86666666666667,257,AV,1,3,9,4,0,0,0,82,777.0630287344238,0.1,-0.4986666666666667
19.433333333333334,125,AV,1,1,8,7,0,0,0,46,381.3218977270381,0.1,-0.29433333333333334
27.283333333333335,24,AV,1,3,8,7,0,0,0,56,2337.3116255789537,0.5,-0.7728333333333334
30.4,276,AV,2,3,1,1,7,0,0,61,4656.548587392589,0.1,-0.404
32.733333333333334,6,AV,0,9,8,8,0,0,0,50,4434.023444374438,0.8,-1.1273333333333335
30.866666666666667,258,AV,1,3,8,7,1,0,0,61,948.3478854920526,0.5,-0.8086666666666666
17.75,4,AV,1,1,9,7,0,0,0,44,3278.222126324269,0.7,-0.8775
8.55,219,AV,1,1,8,4,1,0,0,24,1485.5718097438446,0.5,-0.5855
31.95,236,AV,1,2,8,8,4,0,0,63,2105.159940183184,0.1,-0.4195
22.65,228,AV,1,3,9,5,1,0,0,49,2139.4702648744856,0.3,-0.5265
23.783333333333335,102,AV,1,1,6,4,1,0,0,52,3882.59008652233,0.6,-0.8378333333333333
18.816666666666666,92,AV,0,9,7,8,2,0,0,39,2294.767722006211,0.1,-0.2881666666666667
11.6,32,AV,1,1,6,4,2,0,0,33,2033.019749384408,0.6,-0.716
7.783333333333333,180,AV,1,2,9,6,12,0,0,21,2283.7291705859197,0.1,-0.17783333333333334
12.216666666666667,204,AV,2,1,1,6,2,0,0,16,1541.4014724042315,0.1,-0.22216666666666668
23.483333333333334,264,AV,2,2,0,6,8,0,0,53,646.5589615252754,0.2,-0.43483333333333335
7.483333333333333,3,AV,1,2,6,1,1,0,0,1,1572.8756307612184,0.1,-0.17483333333333334
11.933333333333334,61,AV,0,4,7,6,3,0,0,29,2486.38103050259,0.2,-0.31933333333333336
38.13333333333333,156,AV,1,3,4,6,3,0,0,73,13748.957190518822,0.2,-0.5813333333333333
23.55,202,AV,1,2,7,6,1,0,0,50,2561.5826276178027,0.8,-1.0355
22.633333333333333,139,AV,1,3,4,6,3,0,0,50,583.3206434887895,0.5,-0.7263333333333333
15.316666666666666,147,AV,2,2,2,6,1,0,0,40,1020.5842314575186,0.3,-0.45316666666666666
37.083333333333336,225,AV,1,2,8,1,0,0,0,70,1421.705549214182,0.9,-1.2708333333333335
24.383333333333333,21,AV,1,2,6,7,2,0,0,53,1661.9571573900298,0.4,-0.6438333333333334
13.95,1,AV,2,2,1,5,2,0,0,33,7099.697064525982,0.3,-0.4395
44.95,30,AV,0,9,6,5,0,0,0,63,776.0711537761008,0.4,-0.8495
26.866666666666667,208,AV,2,3,2,2,6,0,0,56,3313.1900178081896,0.2,-0.4686666666666667
14.7,19,AV,1,1,7,5,0,0,0,39,3458.1247672483346,0.7,-0.847
14.45,34,AV,2,2,1,6,2,0,0,33,2793.3389947689566,0.5,-0.6445
37.56666666666667,249,AV,1,0,6,6,1,0,0,71,1869.7531794209297,0.1,-0.4756666666666667
19.75,132,AV,2,3,1,4,4,0,0,43,3206.59631480788,0.3,-0.4975
39.36666666666667,20,AV,1,1,4,8,5,0,0,78,3628.2404526711953,0.3,-0.6936666666666667
9.933333333333334,85,AV,1,2,7,5,1,0,0,26,2326.172138461347,0.7,-0.7993333333333332
11.1,38,AV,1,2,7,5,11,0,0,31,2260.56382504795,0.3,-0.411
25.116666666666667,154,AV,1,1,6,3,1,0,0,53,1083.524948441525,0.4,-0.6511666666666667
24.7,268,AV,1,2,7,6,1,0,0,52,1260.3927948639828,0.3,-0.5469999999999999
27.5,90,AV,0,9,7,6,2,0,0,46,9667.56212442905,0.6,-0.875
16.966666666666665,152,AV,1,3,4,6,4,0,0,42,4559.760277629775,0.1,-0.26966666666666667
24.933333333333334,75,AV,1,3,7,1,0,0,0,54,2044.1603053436156,0.4,-0.6493333333333333
21.8,96,AV,1,2,8,6,0,0,0,49,7897.119961473183,0.1,-0.318
11.183333333333334,169,AV,1,2,8,6,0,0,0,30,8326.33528790118,0.3,-0.41183333333333333
16.633333333333333,68,AV,1,3,7,7,1,0,0,42,10708.821866752483,0.1,-0.2663333333333333
31.983333333333334,110,AV,1,3,8,4,0,0,0,63,6709.13861087917,0.7,-1.0198333333333334
12.266666666666667,250,AV,1,2,5,9,4,0,0,35,567.550811201735,0.6,-0.7226666666666667
12.983333333333333,77,AV,1,3,9,8,0,0,0,35,2815.231094880572,1.0,-1.1298333333333332
13.633333333333333,293,AV,1,1,7,5,0,0,0,37,4704.305573257116,0.1,-0.23633333333333334
20.483333333333334,98,AV,2,3,1,6,22,0,0,46,9667.367812467324,0.3,-0.5048333333333334
31.383333333333333,261,AV,1,3,8,4,0,0,0,62,2078.9202215407213,0.2,-0.5138333333333334
31.683333333333334,295,AV,1,1,7,7,0,0,0,63,7081.334819999852,0.2,-0.5168333333333334
27.6,23,AV,1,2,5,8,5,0,0,56,4967.653125719208,0.6,-0.876
28.633333333333333,55,AV,2,2,1,8,4,0,0,59,2753.3979495063454,0.5,-0.7863333333333333
48.36666666666667,198,AV,0,9,7,6,0,0,0,71,961.7772661313056,0.2,-0.6836666666666666
14.666666666666666,136,AV,1,2,8,1,14,0,0,40,2241.037238818388,0.2,-0.3466666666666667
39.28333333333333,285,AV,1,3,6,5,1,0,0,78,4609.601315671212,1.0,-1.3928333333333334
33.28333333333333,259,AV,1,1,7,5,3,0,0,65,5849.7981009167725,0.4,-0.7328333333333333
10.05,133,AV,1,3,8,1,16,0,0,28,3064.640983136323,0.9,-1.0005
12.416666666666666,185,AV,1,2,7,6,0,0,0,33,8348.421721831439,0.2,-0.32416666666666666
11.316666666666666,266,AV,1,3,5,8,5,0,0,31,783.6834518391023,0.1,-0.21316666666666667
20.016666666666666,159,AV,1,3,7,1,1,0,0,47,2158.6935677652164,0.2,-0.40016666666666667
8.366666666666667,2,AV,0,9,1,6,0,0,0,23,1434.2863071033526,0.1,-0.18366666666666667
11.466666666666667,112,AV,1,1,7,5,0,0,0,32,1269.7848662283686,0.6,-0.7146666666666667
33.233333333333334,189,AV,2,3,0,1,68,0,0,67,567.9518330451218,0.1,-0.43233333333333335
22.283333333333335,267,AV,1,2,6,4,1,0,0,49,859.2772315809713,0.1,-0.32283333333333336
30.95,210,AV,0,9,5,8,1,0,0,49,2964.6777926145683,0.9,-1.2095
13.75,153,AV,1,3,7,1,0,0,0,37,877.2934597877683,0.1,-0.23750000000000002
12.633333333333333,244,AV,1,3,9,1,7,0,0,34,7334.728577480919,0.5,-0.6263333333333333
20.75,40,AV,2,3,1,7,2,0,0,44,4617.971391102537,0.6,-0.8075
41.25,217,AV,1,3,8,5,1,0,0,85,1564.4426034616197,0.1,-0.5125
18.716666666666665,207,AV,2,3,0,1,112,0,0,40,1005.9867386644172,0.7,-0.8871666666666667
32.75,113,AV,1,3,9,4,0,0,0,64,2011.9739719035176,0.4,-0.7275
29.466666666666665,26,AV,1,3,6,5,3,0,0,59,3752.1132597063192,0.5,-0.7946666666666666
39.86666666666667,292,AV,1,3,6,4,2,0,0,84,1062.4074567339185,0.2,-0.5986666666666667
40.583333333333336,13,AV,1,1,8,8,1,0,0,95,5721.231751015957,0.2,-0.6058333333333334
51.78333333333333,70,AV,0,9,8,5,3,0,0,72,946.1123250925148,0.8,-1.3178333333333334
12.15,246,AV,1,1,7,7,0,0,0,32,5899.132481879994,0.3,-0.4215
20.366666666666667,134,AV,1,2,4,6,3,0,0,47,742.4887258523852,0.4,-0.6036666666666667
48.18333333333333,297,AV,0,9,5,6,2,0,0,68,1294.2551843223837,0.3,-0.7818333333333333
40.483333333333334,245,AV,1,3,7,1,0,0,0,89,914.1934345695068,0.4,-0.8048333333333333
18.7,22,AV,1,3,7,4,12,0,0,45,802.5586880039084,0.1,-0.28700000000000003
49.93333333333333,182,AV,0,9,0,7,0,0,0,71,3245.380745418587,0.5,-0.9993333333333333
14.933333333333334,50,AV,2,3,0,4,5,0,0,30,6130.868263041086,0.4,-0.5493333333333333
20.983333333333334,174,AV,1,2,6,5,3,0,0,48,806.3598325453933,1.0,-1.2098333333333333
46.666666666666664,42,AV,0,9,6,8,0,0,0,64,2472.005569054355,0.2,-0.6666666666666666
11.8,240,AV,1,2,9,6,4,0,0,31,2212.8825544422834,0.3,-0.418
19.783333333333335,73,AV,1,3,8,1,22,0,0,46,959.5289757906356,0.1,-0.2978333333333334
15.3,265,AV,0,9,8,7,1,0,0,36,1059.8377785859489,0.4,-0.553
15.2,79,AV,1,3,7,6,1,0,0,40,3225.188153267811,0.2,-0.352
25.966666666666665,190,AV,0,5,8,6,4,0,0,45,2496.2043409386315,0.1,-0.3596666666666667
21.25,33,AV,1,1,6,5,0,0,0,48,1723.69240549938,0.1,-0.3125
22.233333333333334,282,AV,0,9,0,8,0,0,0,42,8028.27043643778,0.4,-0.6223333333333334
37.68333333333333,279,AV,1,2,8,8,2,0,0,71,3487.44186130441,0.1,-0.47683333333333333
15.566666666666666,45,AV,1,3,9,3,3,0,0,40,905.8209551718018,0.4,-0.5556666666666668
7.283333333333333,18,AV,1,2,4,6,3,0,0,14,2088.64210540395,0.3,-0.37283333333333335
31.716666666666665,120,AV,1,2,8,6,0,0,0,62,871.0408974081768,0.2,-0.5171666666666667
8.5,179,AV,0,8,9,6,2,0,0,26,1174.3503864217532,0.4,-0.48500000000000004
35.61666666666667,294,AV,2,3,1,3,10,0,0,77,2401.1770329784995,0.3,-0.6561666666666667
16.766666666666666,124,AV,1,3,6,4,1,0,0,43,5502.789496653042,0.5,-0.6676666666666666
39.45,123,AV,1,2,7,1,0,0,0,79,1244.4027248274256,1.0,-1.3945
10.333333333333334,86,AV,1,3,7,1,8,0,0,28,649.7132696839626,0.3,-0.4033333333333333
34.56666666666667,53,AV,1,2,5,5,2,0,0,68,595.9176043698985,0.4,-0.7456666666666667
23.933333333333334,137,AV,1,3,6,7,1,0,0,52,1405.7852601227096,0.1,-0.3393333333333334
34.86666666666667,127,AV,1,3,7,3,0,0,0,66,1474.807688008607,0.3,-0.6486666666666667
35.71666666666667,118,AV,1,2,8,4,0,0,0,65,1348.5865378412918,0.4,-0.7571666666666668
13.65,111,AV,0,5,8,3,3,0,0,32,2850.5966631146844,0.1,-0.23650000000000002
20.883333333333333,205,AV,1,2,6,7,2,0,0,47,881.2906222289953,0.1,-0.3088333333333333
8.483333333333333,173,AV,1,3,7,7,0,0,0,22,761.8437659652793,0.2,-0.2848333333333333
35.983333333333334,183,AV,1,2,6,6,2,0,0,69,904.859336063587,0.1,-0.4598333333333333
8.516666666666667,296,AV,1,2,6,6,1,0,0,23,1717.0377309640771,0.2,-0.2851666666666667
35.016666666666666,148,AV,1,1,7,1,0,0,0,68,863.5619359671642,0.1,-0.4501666666666667
15.933333333333334,67,AV,1,2,8,5,2,0,0,41,5009.92015912814,1.0,-1.1593333333333333
19.533333333333335,192,AV,2,3,1,6,18,0,0,45,1716.9764066453156,0.1,-0.29533333333333334
11.966666666666667,60,AV,0,9,8,1,7,0,0,30,2991.769966736588,0.4,-0.5196666666666667
20.5,16,AV,0,9,9,7,3,0,0,41,2043.1688306873104,0.1,-0.305
26.4,17,AV,1,1,7,1,0,0,0,55,3558.5090095449787,0.1,-0.364
32.766666666666666,251,AV,0,9,7,7,0,0,0,50,1782.711710770346,0.1,-0.42766666666666664
7.85,138,AV,1,1,8,1,1,0,0,18,5370.167679594476,0.2,-0.2785
38.483333333333334,47,AV,1,2,6,4,1,0,0,73,779.0639592631991,0.5,-0.8848333333333334
37.4,161,AV,1,3,9,5,2,0,0,69,4689.4303597647895,0.3,-0.6739999999999999
14.0,115,AV,1,1,7,5,0,0,0,37,854.5785374972068,0.1,-0.24000000000000002
20.416666666666668,273,AV,1,3,5,1,2,0,0,47,981.8973671489576,0.1,-0.3041666666666667
38.13333333333333,193,AV,1,2,6,7,1,0,0,72,2015.5588757501516,0.1,-0.4813333333333333
13.733333333333333,58,AV,0,9,8,7,1,0,0,32,1411.5824788559885,0.3,-0.43733333333333335
32.13333333333333,168,AV,1,2,7,4,0,0,0,63,1573.7150367511856,0.3,-0.6213333333333333
26.4,221,AV,1,3,7,1,1,0,0,55,2360.1328348572283,0.4,-0.664
28.616666666666667,213,AV,2,1,0,7,0,0,0,58,767.6170681366935,0.5,-0.7861666666666667
30.416666666666668,135,AV,1,2,6,6,1,0,0,60,2675.3892374750885,0.3,-0.6041666666666667
28.883333333333333,7,AV,1,3,7,5,0,0,0,58,541.9839687696077,0.9,-1.1888333333333334
16.933333333333334,167,AV,0,9,2,4,2,0,0,38,4459.768546990965,0.1,-0.2693333333333333
33.266666666666666,116,AV,1,2,8,9,4,0,0,65,1150.4391077840953,0.3,-0.6326666666666667
27.916666666666668,254,AV,1,1,8,8,2,0,0,56,14754.343640924068,0.3,-0.5791666666666666
8.116666666666667,27,AV,1,3,6,5,6,0,0,22,1111.987968807459,0.7,-0.7811666666666666
21.016666666666666,89,AV,1,3,8,4,1,0,0,48,926.7012599248138,0.5,-0.7101666666666666
15.233333333333333,214,AV,1,3,5,1,2,0,0,40,3534.445695738256,0.2,-0.35233333333333333
26.9,191,AV,1,3,4,6,3,0,0,55,513.3463032142733,0.5,-0.7689999999999999
13.6,11,AV,1,3,8,1,11,0,0,35,2761.3662775036096,0.6,-0.736
33.03333333333333,242,AV,1,2,5,6,2,0,0,64,873.8892656114449,1.0,-1.3303333333333334
23.9,126,AV,1,3,7,7,0,0,0,51,4717.175795221327,0.2,-0.439
33.36666666666667,253,AV,2,2,1,7,0,0,0,69,2397.5381966938494,0.2,-0.5336666666666667
31.283333333333335,0,AV,1,1,8,7,0,0,0,61,825.4433072334436,0.2,-0.5128333333333334
10.116666666666667,175,AV,0,9,7,4,0,0,0,28,3257.3450634265246,0.1,-0.20116666666666666
10.316666666666666,262,AV,1,3,8,5,1,0,0,29,1117.0806745336297,0.2,-0.3031666666666667
31.083333333333332,97,AV,0,9,6,7,0,0,0,49,13079.31179296209,0.1,-0.4108333333333333
22.433333333333334,71,AV,0,9,8,5,0,0,0,42,2164.09247058771,0.2,-0.42433333333333334
27.983333333333334,46,AV,1,3,8,7,4,0,0,56,934.0011274976006,0.2,-0.47983333333333333
28.8,56,AV,1,3,9,1,4,0,0,57,4707.821121085941,0.3,-0.5880000000000001
30.0,103,AV,1,3,6,4,2,0,0,59,506.5869000089976,0.3,-0.6
26.1,130,AV,1,3,8,1,0,0,0,54,3151.1733449572957,0.1,-0.361
5.2,91,AV,0,9,8,1,2,0,0,19,2198.5025098873134,0.4,-0.452
17.85,95,AV,2,3,0,6,1,0,0,41,3048.604611013583,0.3,-0.47850000000000004
20.3,269,AV,2,0,2,4,3,0,0,41,3623.60917519969,0.6,-0.8029999999999999
18.766666666666666,165,AV,1,3,8,4,1,0,0,45,3414.9419898187493,0.1,-0.2876666666666666
24.616666666666667,155,AV,1,1,6,7,1,0,0,52,3366.895459871004,0.3,-0.5461666666666667
41.4,234,AV,0,9,6,5,1,0,0,58,617.4453946714843,0.1,-0.514
28.916666666666668,100,AV,1,3,9,7,0,0,0,58,5913.041300376779,0.8,-1.0891666666666668
39.7,142,AV,0,9,9,5,0,0,0,55,8987.822610831106,0.2,-0.597
30.966666666666665,256,AV,2,2,1,6,3,0,0,59,3252.767976975094,0.3,-0.6096666666666666
15.316666666666666,226,AV,0,9,5,2,0,0,0,36,7130.271245067938,0.1,-0.25316666666666665
29.3,117,AV,0,5,6,8,4,0,0,46,2022.4315636845977,0.1,-0.393
24.116666666666667,222,AV,0,9,6,6,2,0,0,43,5590.116807812239,0.1,-0.3411666666666667
36.28333333333333,299,AV,1,1,8,8,0,0,0,70,968.7072844723906,0.7,-1.0628333333333333
18.966666666666665,200,AV,1,2,9,5,0,0,0,45,8987.033628468456,0.8,-0.9896666666666667
28.4,287,AV,1,2,7,7,0,0,0,57,7006.371100745904,0.1,-0.384
29.716666666666665,28,AV,1,3,8,6,0,0,0,59,3898.759045987068,0.3,-0.5971666666666666
19.916666666666668,237,AV,1,3,7,4,1,0,0,47,3382.383844415393,1.0,-1.1991666666666667
29.4,238,AV,0,9,1,9,2,0,0,47,2946.490055333797,0.1,-0.394
18.333333333333332,66,AV,1,1,8,5,0,0,0,43,2520.718778515204,0.2,-0.3833333333333333
17.25,82,AV,1,2,5,6,2,0,0,43,5427.330032863625,0.2,-0.3725
19.166666666666668,283,AV,0,9,8,1,0,0,0,39,2318.2944376966047,0.6,-0.7916666666666666
17.966666666666665,218,AV,2,3,0,8,16,0,0,42,670.158540600369,0.1,-0.2796666666666666
