travel_time,id,kind,action,origin,destination,start_time,income,urgency,reward,observation,cost_table
36.38333333333333,147,AV,2,0,0,81,2496.2043409386315,0.6,-0.9638333333333333,"0.8164037990196076,0.31302859618717505,0.341168639951427,0.6,0.81,0.12333495093088893","0,0,0"
30.783333333333335,101,AV,2,0,0,62,1628.9397076974285,0.9,-1.2078333333333333,"0.6507838565022424,0.26106227106227115,0.2948197999411591,0.9,0.62,0.0804842759157665","0,0,0"
24.616666666666667,2,AV,1,0,0,58,437.5592869272848,0.4,-0.6461666666666667,"0.5720270434518384,0.24154013139103114,0.276451517967782,0.4,0.58,0.021619365168734063","0,0,0"
31.65,222,AV,1,0,0,74,4416.224882412617,0.7,-1.0165,"0.7817194704049844,0.30281005427020863,0.33523511634935027,0.7,0.74,0.21820123867235977","0,0,0"
27.35,22,AV,2,0,0,56,632.5893922142865,0.5,-0.7735000000000001,"0.5434243520192887,0.23206315331010446,0.2669355432780847,0.5,0.56,0.031255606910295004","0,0,0"
55.666666666666664,89,AV,0,0,0,54,1526.0895405694364,0.1,-0.8532475303871923,"0.5025823330255467,0.2185658648339061,0.2528494967978043,0.1,0.54,0.07540255239340664","0,0,0"
15.8,84,AV,1,0,0,44,1460.106853854364,0.2,-0.358,"0.2899852805887763,0.1541785822021115,0.188081881533101,0.2,0.44,0.07214241407266661","0,0,0"
38.11666666666667,254,AV,0,0,0,45,5654.280440205098,0.2,-0.6342238157013753,"0.32052952465308526,0.16283768115942027,0.19783333333333328,0.2,0.45,0.2793723210896882","0,0,0"
20.1,190,AV,1,0,0,50,3476.696831582168,0.2,-0.401,"0.4306616346447087,0.19453523974581174,0.22827020433058856,0.2,0.5,0.1717801007282623","0,0,0"
13.75,208,AV,2,0,0,30,4061.843573313689,0.9,-1.0375,"0.10660204402515726,0.0974784213515049,0.1331815852923448,0.9,0.3,0.20069161389857007","0,0,0"
26.866666666666667,63,AV,1,0,0,63,1074.3823512953045,0.4,-0.6686666666666667,"0.668150074738415,0.26575881995133815,0.3003234425745498,0.4,0.63,0.05308415357061393","0,0,0"
17.15,207,AV,1,0,0,45,4021.28082322038,0.9,-1.0715,"0.32052952465308526,0.16283768115942027,0.19783333333333328,0.9,0.45,0.19868744913115402","0,0,0"
16.2,133,AV,2,0,0,36,2222.040577514192,0.4,-0.562,"0.16449591280653944,0.11658741973146534,0.15100167122455183,0.4,0.36,0.1097887945708426","0,0,0"
21.283333333333335,109,AV,2,0,0,42,1782.711710770346,0.1,-0.31283333333333335,"0.2671540616246499,0.1467189141856392,0.18113546288080445,0.1,0.42,0.08808199623958074","0,0,0"
64.35,41,AV,0,0,0,58,827.3783452591958,0.1,-1.1060910706014646,"0.5720270434518384,0.24154013139103114,0.276451517967782,0.1,0.58,0.040879933561629736","0,0,0"
24.45,266,AV,2,0,0,51,6446.254396158338,0.2,-0.4445,"0.4516521739130437,0.20001467136150225,0.23366363636363643,0.2,0.51,0.31850295931272143","0,0,0"
19.016666666666666,29,AV,2,0,0,42,742.4887258523852,0.1,-0.2901666666666667,"0.2671540616246499,0.1467189141856392,0.18113546288080445,0.1,0.42,0.0366856226743472","0,0,0"
31.583333333333332,298,AV,2,0,0,65,17322.90883950548,0.5,-0.8158333333333333,"0.6946188204683434,0.2737986952469713,0.3087894973070019,0.5,0.65,0.8559075379611304","0,0,0"
52.03333333333333,141,AV,0,0,0,53,2382.718205806423,0.1,-0.7462399551356651,"0.48371221719457047,0.21168775811209425,0.24631553544494728,0.1,0.53,0.1177277149052501","0,0,0"
33.6,268,AV,2,0,0,68,6709.13861087917,0.4,-0.736,"0.7394904109589041,0.28667679475722385,0.32049955595026647,0.4,0.68,0.3314918044931234","0,0,0"
76.7,46,AV,0,0,0,64,905.8209551718018,0.1,-1.198191278240081,"0.6742522962962965,0.26742718740538907,0.3019739676840214,0.1,0.64,0.044755704180963","0,0,0"
32.666666666666664,49,AV,1,0,0,71,938.3100494872764,0.9,-1.2266666666666666,"0.7627844284428442,0.29600756227758,0.3298654600301659,0.9,0.71,0.04636095772029518","0,0,0"
16.183333333333334,137,AV,1,0,0,44,2276.662146114732,0.3,-0.4618333333333333,"0.2899852805887763,0.1541785822021115,0.188081881533101,0.3,0.44,0.1124875914492194","0,0,0"
15.35,98,AV,0,0,0,31,1592.2311391495805,0.6,-0.9419148554965654,"0.1178676012461059,0.10138460439874317,0.13640450287095793,0.6,0.31,0.07867054238989274","0,0,0"
32.916666666666664,95,AV,0,0,0,41,1572.8756307612184,0.4,-0.9199001195429187,"0.2511198449612403,0.1418146083476272,0.17617076129814982,0.4,0.41,0.07771420614843609","0,0,0"
13.633333333333333,251,AV,0,0,0,30,5480.041794665195,0.1,-0.2910774413604015,"0.10660204402515726,0.0974784213515049,0.1331815852923448,0.1,0.3,0.27076336450488875","0,0,0"
12.9,228,AV,2,0,0,27,4549.115907877681,0.3,-0.429,"0.08509257488846396,0.0890074041811847,0.1242091332169866,0.3,0.27,0.22476725085176577","0,0,0"
31.433333333333334,110,AV,1,0,0,70,1804.2001824470888,0.1,-0.41433333333333333,"0.758405381165919,0.29305263938315557,0.32719557977596125,0.1,0.7,0.08914372005616313","0,0,0"
34.53333333333333,239,AV,2,0,0,79,4843.3187157075145,0.3,-0.6453333333333333,"0.803652867218645,0.31007750582750593,0.339020438833784,0.3,0.79,0.23930351628177382","0,0,0"
22.683333333333334,131,AV,2,0,0,46,2212.8825544422834,0.1,-0.3268333333333333,"0.35279003342449117,0.17062087912087917,0.20369921383647796,0.1,0.46,0.10933630584318776","0,0,0"
26.783333333333335,247,AV,1,0,0,62,5304.212874057136,0.6,-0.8678333333333333,"0.6507838565022424,0.26106227106227115,0.2948197999411591,0.6,0.62,0.2620758340252039","0,0,0"
12.2,235,AV,2,0,0,24,4747.153558918807,0.2,-0.322,"0.06466018402342119,0.08133078730904815,0.11654492415402569,0.2,0.24,0.23455209241022626","0,0,0"
34.43333333333333,111,AV,0,0,0,42,1805.1606101798543,0.1,-0.6105235317612228,"0.2671540616246499,0.1467189141856392,0.18113546288080445,0.1,0.42,0.08919117382641367","0,0,0"
20.866666666666667,135,AV,2,0,0,43,2250.3510049999354,0.1,-0.30866666666666664,"0.276966884328358,0.14941874258600238,0.1836550116550117,0.1,0.43,0.11118758437643748","0,0,0"
85.21666666666667,206,AV,0,0,0,75,3987.5502105766736,0.2,-1.1274008290364026,"0.7898017688319612,0.3055964296166229,0.337013537906137,0.2,0.75,0.19702085341739287","0,0,0"
73.13333333333334,280,AV,0,0,0,61,8987.033628468456,0.6,-1.364714759552735,"0.6364376543209873,0.2566112099644127,0.2890670481220656,0.6,0.61,0.4440403108844108","0,0,0"
26.2,73,AV,0,0,0,39,1234.5997004771,0.6,-1.1049937411163049,"0.2100860018298261,0.12961447520184546,0.16159242285365102,0.6,0.39,0.06100033197617807","0,0,0"
20.733333333333334,117,AV,0,0,0,34,1945.516475481125,0.2,-0.5615340321096365,"0.13778187613843354,0.10842552301255229,0.14327220630372484,0.2,0.34,0.09612601624932422","0,0,0"
25.716666666666665,28,AV,1,0,0,59,682.056612603955,0.3,-0.5571666666666666,"0.5958379931655793,0.24848980458793546,0.28222660550458717,0.3,0.59,0.033699732617228556","0,0,0"
43.46666666666667,112,AV,0,0,0,46,1836.592480640456,0.2,-0.7980126474230422,"0.35279003342449117,0.17062087912087917,0.20369921383647796,0.2,0.46,0.09074419099626069","0,0,0"
13.9,114,AV,2,0,0,30,1900.764377468582,0.2,-0.339,"0.10660204402515726,0.0974784213515049,0.1331815852923448,0.2,0.3,0.09391486000625965","0,0,0"
8.733333333333333,45,AV,1,0,0,21,902.2448599555772,0.2,-0.28733333333333333,"0.06045800730307775,0.0796300932744232,0.11511200194363458,0.2,0.21,0.04457901290582028","0,0,0"
64.35,234,AV,0,0,0,58,4689.4303597647895,0.1,-0.8074736550038131,"0.5720270434518384,0.24154013139103114,0.276451517967782,0.1,0.58,0.2317000470794511","0,0,0"
88.48333333333333,1,AV,0,0,0,95,424.9057127261393,0.1,-1.6908723227252138,"0.8548806060606062,0.32145822529530377,0.3531014158202522,0.1,0.95,0.02099416476842877","0,0,0"
11.683333333333334,143,AV,2,0,0,24,2398.572127464108,0.1,-0.21683333333333332,"0.06466018402342119,0.08133078730904815,0.11654492415402569,0.1,0.24,0.11851104126104732","0,0,0"
86.76666666666667,240,AV,0,0,0,81,4864.205776554158,0.7,-1.6293416890199608,"0.8164037990196076,0.31302859618717505,0.341168639951427,0.7,0.81,0.24033552499290464","0,0,0"
31.516666666666666,274,AV,1,0,0,72,7612.519032757181,0.5,-0.8151666666666666,"0.7659242562234369,0.29752322163433265,0.33144088447653436,0.5,0.72,0.3761269243737155","0,0,0"
17.283333333333335,209,AV,1,0,0,45,4113.319853961603,0.1,-0.27283333333333337,"0.32052952465308526,0.16283768115942027,0.19783333333333328,0.1,0.45,0.20323500525627752","0,0,0"
17.0,216,AV,2,0,0,41,4227.85786318916,0.4,-0.5700000000000001,"0.2511198449612403,0.1418146083476272,0.17617076129814982,0.4,0.41,0.2088942133251532","0,0,0"
39.68333333333333,277,AV,0,0,0,45,8326.33528790118,0.2,-0.6328635902983542,"0.32052952465308526,0.16283768115942027,0.19783333333333328,0.2,0.45,0.41139586905023645","0,0,0"
80.05,174,AV,0,0,0,67,3017.17067826153,0.1,-0.9999309013280142,"0.7254244837758109,0.2832125,0.3184036873156343,0.1,0.67,0.14907537474018487","0,0,0"
25.183333333333334,270,AV,2,0,0,52,7177.938863287724,0.3,-0.5518333333333334,"0.4774227272727275,0.2094462785983202,0.24487205387205382,0.3,0.52,0.35465475440829575","0,0,0"
13.6,288,AV,0,0,0,29,11185.875164713363,0.3,-0.46281953763853645,"0.10130610328638497,0.0955828343313373,0.13073553345388775,0.3,0.29,0.5526828641120808","0,0,0"
55.85,97,AV,0,0,0,54,1587.6148581174584,0.9,-1.6474627062042808,"0.5025823330255467,0.2185658648339061,0.2528494967978043,0.9,0.54,0.07844245657766878","0,0,0"
37.18333333333333,93,AV,2,0,0,90,1530.6528609905624,0.9,-1.2718333333333334,"0.8488220287198286,0.32003260553129537,0.3510089070048308,0.9,0.9,0.07562802147500029","0,0,0"
15.0,269,AV,2,0,0,30,6947.27484286379,0.4,-0.55,"0.10660204402515726,0.0974784213515049,0.1331815852923448,0.4,0.3,0.3432578766872154","0,0,0"
31.133333333333333,156,AV,1,0,0,68,2756.9260540590044,0.1,-0.41133333333333333,"0.7394904109589041,0.28667679475722385,0.32049955595026647,0.1,0.68,0.1362169490778143","0,0,0"
14.45,281,AV,1,0,0,39,8987.822610831106,0.6,-0.7444999999999999,"0.2100860018298261,0.12961447520184546,0.16159242285365102,0.6,0.39,0.4440792937110115","0,0,0"
13.15,292,AV,2,0,0,26,13079.31179296209,0.1,-0.2315,"0.07423141263940525,0.08509821428571433,0.12073965617715622,0.1,0.26,0.6462356673845856","0,0,0"
34.95,182,AV,2,0,0,81,3245.380745418587,0.2,-0.5495000000000001,"0.8164037990196076,0.31302859618717505,0.341168639951427,0.2,0.81,0.16035100509349434","0,0,0"
15.333333333333334,295,AV,0,0,0,32,13748.957190518822,0.2,-0.3751531699829723,"0.12399532710280375,0.10352462916316821,0.13841720729070128,0.2,0.32,0.6793221743240372","0,0,0"
13.45,195,AV,1,0,0,38,3654.013033637752,0.3,-0.4345,"0.18927600364963493,0.1246285672256546,0.15986288628862885,0.3,0.38,0.18054111629141673","0,0,0"
18.933333333333334,53,AV,1,0,0,46,979.573716991658,0.8,-0.9893333333333334,"0.35279003342449117,0.17062087912087917,0.20369921383647796,0.8,0.46,0.048399754113449336","0,0,0"
10.45,255,AV,0,0,0,25,5825.994272151124,0.1,-0.25599335649608035,"0.0685674273858921,0.0825860894941634,0.11758448389217625,0.1,0.25,0.28785652916908544","0,0,0"
24.383333333333333,257,AV,1,0,0,57,5862.8833826120845,0.1,-0.3438333333333333,"0.5551743119266055,0.23571432748538024,0.2702804804804805,0.1,0.57,0.28967918308966784","0,0,0"
11.2,152,AV,1,0,0,33,2648.588416164911,0.1,-0.212,"0.12689245810055869,0.10440516039051598,0.13897447868036106,0.1,0.33,0.13086409513292768","0,0,0"
13.233333333333333,74,AV,1,0,0,38,1261.43865123121,0.1,-0.23233333333333334,"0.18927600364963493,0.1246285672256546,0.15986288628862885,0.1,0.38,0.06232641759345169","0,0,0"
81.95,122,AV,0,0,0,67,2033.019749384408,0.1,-1.0670637411249149,"0.7254244837758109,0.2832125,0.3184036873156343,0.1,0.67,0.10044946518183244","0,0,0"
35.71666666666667,129,AV,2,0,0,85,2158.6935677652164,0.7,-1.0571666666666666,"0.8366243894993898,0.3166274853801169,0.3448637184115523,0.7,0.85,0.10665888240344744","0,0,0"
25.516666666666666,154,AV,2,0,0,51,2744.255474143275,0.2,-0.45516666666666666,"0.4516521739130437,0.20001467136150225,0.23366363636363643,0.2,0.51,0.13559090844222083","0,0,0"
19.25,168,AV,0,0,0,33,2909.5116230827134,0.3,-0.5956100881742281,"0.12689245810055869,0.10440516039051598,0.13897447868036106,0.3,0.33,0.14375604888613547","0,0,0"
11.066666666666666,32,AV,2,0,0,13,761.8437659652793,0.9,-1.0106666666666666,"0.05038011695906434,0.07233826429980275,0.10790372670807452,0.9,0.13,0.03764193577878302","0,0,0"
17.533333333333335,140,AV,2,0,0,37,2347.541384251396,0.2,-0.37533333333333335,"0.176391008174387,0.12029137323943662,0.1548946811725596,0.2,0.37,0.11598966346080683","0,0,0"
26.183333333333334,199,AV,1,0,0,60,3783.636689084741,0.3,-0.5618333333333334,"0.6196873490338164,0.2530782459157352,0.2864276172724449,0.3,0.6,0.18694569099783895","0,0,0"
34.733333333333334,173,AV,0,0,0,42,2996.640782499388,0.4,-0.8474454327721527,"0.2671540616246499,0.1467189141856392,0.18113546288080445,0.4,0.42,0.14806101319737625","0,0,0"
25.533333333333335,244,AV,1,0,0,58,4950.268578812107,0.2,-0.45533333333333337,"0.5720270434518384,0.24154013139103114,0.276451517967782,0.2,0.58,0.24458780166728444","0,0,0"
24.233333333333334,26,AV,2,0,0,48,658.4091024775607,0.5,-0.7423333333333333,"0.3884103500761035,0.18224790401850235,0.21712164224664213,0.5,0.48,0.032531332877974904","0,0,0"
57.36666666666667,78,AV,0,0,0,55,1323.5149786113286,0.3,-1.100335805171445,"0.5147954405422058,0.22268891836133226,0.2575011830819284,0.3,0.55,0.06539354662044386","0,0,0"
45.166666666666664,17,AV,0,0,0,47,600.3305173079323,0.6,-1.5513913872177603,"0.37328598306679184,0.17649140602986757,0.21025213284582572,0.6,0.47,0.029661728280885674","0,0,0"
15.866666666666667,35,AV,2,0,0,38,777.0630287344238,0.1,-0.2586666666666667,"0.18927600364963493,0.1246285672256546,0.15986288628862885,0.1,0.38,0.03839390427593374","0,0,0"
59.25,249,AV,0,0,0,55,5341.061461458292,0.4,-1.048668610334263,"0.5147954405422058,0.22268891836133226,0.2575011830819284,0.4,0.55,0.26389648574207625","0,0,0"
5.016666666666667,19,AV,0,0,0,7,616.3739675020589,0.4,-0.9368841723001243,"0.0,0.0,0.0,0.4,0.07,0.030454419051430016","0,0,0"
11.65,90,AV,2,0,0,23,1527.6889462703334,0.1,-0.21650000000000003,"0.06382976349843822,0.08101413502109704,0.11657012068248021,0.1,0.23,0.07548157742369105","0,0,0"
16.733333333333334,82,AV,2,0,0,39,1447.5744631551047,0.1,-0.2673333333333333,"0.2100860018298261,0.12961447520184546,0.16159242285365102,0.1,0.39,0.07152320122755207","0,0,0"
12.766666666666667,96,AV,1,0,0,35,1573.7150367511856,0.7,-0.8276666666666667,"0.15180788919000296,0.11323518518518526,0.14946785826277828,0.7,0.35,0.07775568035585004","0,0,0"
24.4,256,AV,2,0,0,51,5849.7981009167725,0.7,-0.944,"0.4516521739130437,0.20001467136150225,0.23366363636363643,0.7,0.51,0.28903265245540044","0,0,0"
12.683333333333334,246,AV,1,0,0,34,5064.807770076448,0.7,-0.8268333333333333,"0.13778187613843354,0.10842552301255229,0.14327220630372484,0.7,0.34,0.25024706813941117","0,0,0"
22.6,123,AV,2,0,0,48,2078.9202215407213,0.1,-0.326,"0.3884103500761035,0.18224790401850235,0.21712164224664213,0.1,0.48,0.10271736143866485","0,0,0"
54.083333333333336,273,AV,0,0,0,53,7511.51421120444,0.1,-0.680772018339415,"0.48371221719457047,0.21168775811209425,0.24631553544494728,0.1,0.53,0.3711363775239707","0,0,0"
46.71666666666667,102,AV,0,0,0,48,1635.9686818612918,0.4,-1.0505442602149007,"0.3884103500761035,0.18224790401850235,0.21712164224664213,0.4,0.48,0.08083157047389894","0,0,0"
12.433333333333334,191,AV,2,0,0,26,3523.1638559153366,0.1,-0.22433333333333333,"0.07423141263940525,0.08509821428571433,0.12073965617715622,0.1,0.26,0.1740759897594787","0,0,0"
20.15,136,AV,1,0,0,49,2255.9253983027734,0.1,-0.3015,"0.41832252085264143,0.19093914426134717,0.2256162755716004,0.1,0.49,0.11146300955425625","0,0,0"
31.216666666666665,47,AV,0,0,0,40,913.5589076746268,0.2,-0.8405527154258212,"0.2394253308128544,0.1383366309425666,0.17290598690364817,0.2,0.4,0.04513802864718944","0,0,0"
31.583333333333332,128,AV,1,0,0,72,2139.4702648744856,0.1,-0.4158333333333333,"0.7659242562234369,0.29752322163433265,0.33144088447653436,0.1,0.72,0.10570907830292801","0,0,0"
32.733333333333334,287,AV,0,0,0,40,11049.706566164488,0.1,-0.4544833755723404,"0.2394253308128544,0.1383366309425666,0.17290598690364817,0.1,0.4,0.5459549103364543","0,0,0"
28.933333333333334,210,AV,2,0,0,60,4116.183110063293,0.4,-0.6893333333333334,"0.6196873490338164,0.2530782459157352,0.2864276172724449,0.4,0.6,0.2033764758662804","0,0,0"
20.416666666666668,232,AV,2,0,0,45,4660.29795945294,0.5,-0.7041666666666667,"0.32052952465308526,0.16283768115942027,0.19783333333333328,0.5,0.45,0.23026064442157015","0,0,0"
62.71666666666667,299,AV,0,0,0,57,20239.22920549412,0.1,-0.7419893655428947,"0.5551743119266055,0.23571432748538024,0.2702804804804805,0.1,0.57,1.0","0,0,0"
31.1,43,AV,1,0,0,69,857.6590975250949,0.1,-0.41100000000000003,"0.7513652385293226,0.2915199115044249,0.32699640610961367,0.1,0.69,0.04237607513690668","0,0,0"
18.166666666666668,263,AV,1,0,0,46,6130.868263041086,0.2,-0.3816666666666667,"0.35279003342449117,0.17062087912087917,0.20369921383647796,0.2,0.46,0.3029200470429381","0,0,0"
21.683333333333334,23,AV,2,0,0,46,636.6552097563458,0.3,-0.5168333333333333,"0.35279003342449117,0.17062087912087917,0.20369921383647796,0.3,0.46,0.03145649487400044","0,0,0"
31.55,5,AV,2,0,0,61,491.0984231068265,0.1,-0.4155,"0.6364376543209873,0.2566112099644127,0.2890670481220656,0.1,0.61,0.024264680147676444","0,0,0"
14.666666666666666,291,AV,2,0,0,34,12051.378145129962,0.4,-0.5466666666666666,"0.13778187613843354,0.10842552301255229,0.14327220630372484,0.4,0.34,0.5954464976293913","0,0,0"
24.633333333333333,172,AV,1,0,0,57,2991.769966736588,0.9,-1.1463333333333334,"0.5551743119266055,0.23571432748538024,0.2702804804804805,0.9,0.57,0.14782035107959768","0,0,0"
50.71666666666667,243,AV,0,0,0,51,4925.450001742355,0.1,-0.6680748070180815,"0.4516521739130437,0.20001467136150225,0.23366363636363643,0.1,0.51,0.24336154068581314","0,0,0"
74.98333333333333,44,AV,0,0,0,62,898.3728471886773,0.9,-1.9837704073876137,"0.6507838565022424,0.26106227106227115,0.2948197999411591,0.9,0.62,0.044387700641524724","0,0,0"
35.96666666666667,160,AV,2,0,0,86,2780.081336731352,0.2,-0.5596666666666668,"0.8416261839291174,0.3177999706055262,0.3467091180866964,0.2,0.86,0.1373610283526348","0,0,0"
80.06666666666666,233,AV,0,0,0,66,4687.914961676448,0.4,-1.2646610015580821,"0.7153026939017173,0.28028439519852266,0.3159126142057176,0.4,0.66,0.23162517278098077","0,0,0"
36.38333333333333,237,AV,0,0,0,44,4756.448820673547,0.1,-0.5269055982331621,"0.2899852805887763,0.1541785822021115,0.188081881533101,0.1,0.44,0.23501136196344702","0,0,0"
32.8,8,AV,1,0,0,83,508.6019702527906,0.1,-0.42799999999999994,"0.8254983333333331,0.3140635407537248,0.3416845617227783,0.1,0.83,0.025129512843044734","0,0,0"
45.31666666666667,62,AV,0,0,0,47,1059.8377785859489,0.4,-1.1362288541650822,"0.37328598306679184,0.17649140602986757,0.21025213284582572,0.4,0.47,0.052365520832099985","0,0,0"
32.7,229,AV,1,0,0,79,4609.601315671212,0.1,-0.42700000000000005,"0.803652867218645,0.31007750582750593,0.339020438833784,0.1,0.79,0.2277557741388637","0,0,0"
25.25,55,AV,1,0,0,58,1011.0784796502788,0.2,-0.4525,"0.5720270434518384,0.24154013139103114,0.276451517967782,0.2,0.58,0.04995637281363524","0,0,0"
39.9,165,AV,0,0,0,45,2853.537244729806,0.3,-0.8041326736856402,"0.32052952465308526,0.16283768115942027,0.19783333333333328,0.3,0.45,0.14099041103577145","0,0,0"
18.05,92,AV,2,0,0,40,1530.0661682302475,0.2,-0.3805,"0.2394253308128544,0.1383366309425666,0.17290598690364817,0.2,0.4,0.07559903357460358","0,0,0"
67.75,189,AV,0,0,0,59,3465.4556083993225,0.7,-1.4640687037724223,"0.5958379931655793,0.24848980458793546,0.28222660550458717,0.7,0.59,0.17122468317412964","0,0,0"
41.61666666666667,186,AV,0,0,0,45,3386.12741774329,0.1,-0.6047634508360992,"0.32052952465308526,0.16283768115942027,0.19783333333333328,0.1,0.45,0.16730515689916173","0,0,0"
20.383333333333333,24,AV,2,0,0,44,640.5426603936758,0.3,-0.5038333333333334,"0.2899852805887763,0.1541785822021115,0.188081881533101,0.3,0.44,0.03164856990797825","0,0,0"
69.75,68,AV,0,0,0,60,1129.1321270070612,0.1,-1.0631907839432364,"0.6196873490338164,0.2530782459157352,0.2864276172724449,0.1,0.6,0.05578928503366858","0,0,0"
33.21666666666667,33,AV,1,0,0,91,767.6170681366935,0.2,-0.5321666666666667,"0.8518283739104301,0.32095876887340274,0.35249630655586317,0.2,0.91,0.03792718884414417","0,0,0"
12.733333333333333,148,AV,1,0,0,34,2520.757475212996,0.8,-0.9273333333333333,"0.13778187613843354,0.10842552301255229,0.14327220630372484,0.8,0.34,0.12454809665027725","0,0,0"
78.53333333333333,278,AV,0,0,0,65,8493.635575370567,0.1,-0.9206538974590094,"0.6946188204683434,0.2737986952469713,0.3087894973070019,0.1,0.65,0.41966200832712014","0,0,0"
26.516666666666666,283,AV,2,0,0,55,9667.367812467324,0.1,-0.36516666666666664,"0.5147954405422058,0.22268891836133226,0.2575011830819284,0.1,0.55,0.4776549400331427","0,0,0"
28.1,115,AV,1,0,0,65,1927.298426803608,0.3,-0.581,"0.6946188204683434,0.2737986952469713,0.3087894973070019,0.3,0.65,0.09522588075045987","0,0,0"
59.416666666666664,65,AV,0,0,0,55,1089.3140785512585,0.2,-1.0695693314325414,"0.5147954405422058,0.22268891836133226,0.2575011830819284,0.2,0.55,0.05382191522667051","0,0,0"
26.7,276,AV,1,0,0,59,8029.700924090037,0.2,-0.467,"0.5958379931655793,0.24848980458793546,0.28222660550458717,0.2,0.59,0.39673946287985623","0,0,0"
14.966666666666667,20,AV,1,0,0,41,626.2908344343901,0.4,-0.5496666666666667,"0.2511198449612403,0.1418146083476272,0.17617076129814982,0.4,0.41,0.030944401492541913","0,0,0"
19.7,192,AV,1,0,0,48,3558.5090095449787,0.5,-0.697,"0.3884103500761035,0.18224790401850235,0.21712164224664213,0.5,0.48,0.17582235832276605","0,0,0"
75.0,221,AV,0,0,0,62,4376.119511966378,0.1,-0.9185538864237273,"0.6507838565022424,0.26106227106227115,0.2948197999411591,0.1,0.62,0.2162196725742125","0,0,0"
33.983333333333334,14,AV,2,0,0,66,583.3206434887895,0.5,-0.8398333333333333,"0.7153026939017173,0.28028439519852266,0.3159126142057176,0.5,0.66,0.028821287489073047","0,0,0"
27.466666666666665,296,AV,0,0,0,39,15387.119225735782,0.9,-1.194163493564468,"0.2100860018298261,0.12961447520184546,0.16159242285365102,0.9,0.39,0.7602621161856702","0,0,0"
19.133333333333333,21,AV,2,0,0,41,627.4062491148882,0.1,-0.29133333333333333,"0.2511198449612403,0.1418146083476272,0.17617076129814982,0.1,0.41,0.0309995130123124","0,0,0"
78.48333333333333,12,AV,0,0,0,65,567.9518330451218,0.2,-1.5130471404646963,"0.6946188204683434,0.2737986952469713,0.3087894973070019,0.2,0.65,0.028061929991431995","0,0,0"
8.416666666666666,196,AV,0,0,0,20,3724.6301341612702,0.2,-0.3647115769514446,"0.05796428571428571,0.07852168746286396,0.11444916233391103,0.2,0.2,0.1840302363466582","0,0,0"
20.616666666666667,231,AV,1,0,0,49,4645.51881630073,0.6,-0.8061666666666667,"0.41832252085264143,0.19093914426134717,0.2256162755716004,0.6,0.49,0.2295304217929239","0,0,0"
24.433333333333334,183,AV,2,0,0,49,3323.1633986738134,0.2,-0.44433333333333336,"0.41832252085264143,0.19093914426134717,0.2256162755716004,0.2,0.49,0.16419416791681526","0,0,0"
34.65,250,AV,2,0,0,76,5354.15698790508,0.1,-0.4465,"0.7929034125533212,0.30666681442080373,0.33732110912343466,0.1,0.76,0.26454352255923097","0,0,0"
11.366666666666667,242,AV,1,0,0,28,4924.983441788647,0.3,-0.4136666666666666,"0.0925889522000633,0.09126596980255516,0.12547790459467373,0.3,0.28,0.24333848842680805","0,0,0"
22.7,145,AV,2,0,0,48,2472.005569054355,0.1,-0.32699999999999996,"0.3884103500761035,0.18224790401850235,0.21712164224664213,0.1,0.48,0.12213931390150505","0,0,0"
6.866666666666666,285,AV,0,0,0,17,10751.672106064549,0.2,-0.2965693033022076,"0.05462410394265233,0.07673118279569889,0.11283714043993229,0.2,0.17,0.5312293268137855","0,0,0"
31.333333333333332,267,AV,1,0,0,70,6563.608435155774,0.1,-0.41333333333333333,"0.758405381165919,0.29305263938315557,0.32719557977596125,0.1,0.7,0.3243013045859485","0,0,0"
11.8,166,AV,2,0,0,11,2857.8751728516777,0.1,-0.21800000000000003,"0.05030459770114946,0.07045628415300552,0.10408680555555554,0.1,0.11,0.14120474371009553","0,0,0"
34.983333333333334,134,AV,2,0,0,77,2239.194506681481,0.3,-0.6498333333333333,"0.8007901404151408,0.30964455327990503,0.3396382222222219,0.3,0.77,0.11063635299281217","0,0,0"
24.25,286,AV,0,0,0,38,10783.100237376317,0.4,-0.6703213123680463,"0.18927600364963493,0.1246285672256546,0.15986288628862885,0.4,0.38,0.5327821592360418","0,0,0"
16.983333333333334,64,AV,1,0,0,44,1083.524948441525,0.1,-0.26983333333333337,"0.2899852805887763,0.1541785822021115,0.188081881533101,0.1,0.44,0.053535880118764236","0,0,0"
30.45,214,AV,2,0,0,64,4200.245935785981,0.2,-0.5045,"0.6742522962962965,0.26742718740538907,0.3019739676840214,0.2,0.64,0.2075299357075212","0,0,0"
27.666666666666668,159,AV,0,0,0,39,2767.495209174315,0.1,-0.4850679383312002,"0.2100860018298261,0.12961447520184546,0.16159242285365102,0.1,0.39,0.1367391604233156","0,0,0"
23.233333333333334,170,AV,1,0,0,55,2946.490055333797,0.1,-0.33233333333333337,"0.5147954405422058,0.22268891836133226,0.2575011830819284,0.1,0.55,0.1455831161067115","0,0,0"
32.68333333333333,36,AV,2,0,0,67,779.0639592631991,0.1,-0.4268333333333333,"0.7254244837758109,0.2832125,0.3184036873156343,0.1,0.67,0.0384927682449347","0,0,0"
33.233333333333334,124,AV,1,0,0,100,2105.159940183184,0.2,-0.5323333333333333,"0.8592339685420449,0.3226063673708921,0.3545780399274045,0.2,1.0,0.10401383959877876","0,0,0"
28.466666666666665,144,AV,2,0,0,58,2421.0391237858234,0.4,-0.6846666666666666,"0.5720270434518384,0.24154013139103114,0.276451517967782,0.4,0.58,0.1196211129981477","0,0,0"
22.133333333333333,175,AV,2,0,0,48,3031.4508351358254,0.1,-0.32133333333333336,"0.3884103500761035,0.18224790401850235,0.21712164224664213,0.1,0.48,0.14978094295769478","0,0,0"
85.31666666666666,289,AV,0,0,0,76,11515.391842589095,0.3,-1.179218754524456,"0.7929034125533212,0.30666681442080373,0.33732110912343466,0.3,0.76,0.5689639524149042","0,0,0"
20.983333333333334,54,AV,2,0,0,45,985.0802174553831,0.1,-0.30983333333333335,"0.32052952465308526,0.16283768115942027,0.19783333333333328,0.1,0.45,0.04867182477423469","0,0,0"
28.233333333333334,121,AV,1,0,0,65,2030.86588445069,0.3,-0.5823333333333334,"0.6946188204683434,0.2737986952469713,0.3087894973070019,0.3,0.65,0.10034304487739054","0,0,0"
21.366666666666667,188,AV,1,0,0,50,3458.1247672483346,0.3,-0.5136666666666667,"0.4306616346447087,0.19453523974581174,0.22827020433058856,0.3,0.5,0.17086247367116114","0,0,0"
25.533333333333335,161,AV,1,0,0,58,2797.307504072895,0.1,-0.3553333333333334,"0.5720270434518384,0.24154013139103114,0.276451517967782,0.1,0.58,0.13821215599028547","0,0,0"
28.283333333333335,230,AV,2,0,0,53,4635.813442599864,0.2,-0.48283333333333334,"0.48371221719457047,0.21168775811209425,0.24631553544494728,0.2,0.53,0.22905088902009327","0,0,0"
17.283333333333335,217,AV,0,0,0,31,4237.057085974603,0.4,-0.64363719410572,"0.1178676012461059,0.10138460439874317,0.13640450287095793,0.4,0.31,0.20934873768929974","0,0,0"
18.85,204,AV,2,0,0,40,3919.41152379869,0.1,-0.2885,"0.2394253308128544,0.1383366309425666,0.17290598690364817,0.1,0.4,0.1936541892976206","0,0,0"
21.383333333333333,80,AV,1,0,0,51,1386.7650627050614,0.2,-0.41383333333333333,"0.4516521739130437,0.20001467136150225,0.23366363636363643,0.2,0.51,0.0685186697885022","0,0,0"
17.283333333333335,142,AV,0,0,0,33,2392.7441380289174,0.2,-0.49821238880022184,"0.12689245810055869,0.10440516039051598,0.13897447868036106,0.2,0.33,0.1182230861528751","0,0,0"
29.416666666666668,59,AV,0,0,0,39,1025.7249596144625,0.4,-0.9866427317053498,"0.2100860018298261,0.12961447520184546,0.16159242285365102,0.4,0.39,0.050680040687321244","0,0,0"
83.45,76,AV,0,0,0,69,1297.4303329633815,0.9,-1.965726288131239,"0.7513652385293226,0.2915199115044249,0.32699640610961367,0.9,0.69,0.06410473046133508","0,0,0"
31.083333333333332,86,AV,2,0,0,64,1503.4428459110418,0.3,-0.6108333333333333,"0.6742522962962965,0.26742718740538907,0.3019739676840214,0.3,0.64,0.07428360194186243","0,0,0"
13.383333333333333,0,AV,1,0,0,37,388.2787303527966,0.1,-0.23383333333333334,"0.176391008174387,0.12029137323943662,0.1548946811725596,0.1,0.37,0.01918446233354553","0,0,0"
19.616666666666667,245,AV,2,0,0,44,4959.361066312568,0.9,-1.0961666666666667,"0.2899852805887763,0.1541785822021115,0.188081881533101,0.9,0.44,0.24503705234813514","0,0,0"
22.066666666666666,198,AV,1,0,0,52,3778.090807703549,0.3,-0.5206666666666666,"0.4774227272727275,0.2094462785983202,0.24487205387205382,0.3,0.52,0.18667167456544997","0,0,0"
24.616666666666667,238,AV,2,0,0,50,4818.617258984985,0.1,-0.3461666666666667,"0.4306616346447087,0.19453523974581174,0.22827020433058856,0.1,0.5,0.2380830420990997","0,0,0"
48.78333333333333,150,AV,0,0,0,50,2538.843693606908,0.4,-1.0059973623972074,"0.4306616346447087,0.19453523974581174,0.22827020433058856,0.4,0.5,0.12544171854715278","0,0,0"
31.85,83,AV,1,0,0,73,1454.957177165027,0.1,-0.4185,"0.7764548515457603,0.30109335624284084,0.33501119288561776,0.1,0.73,0.07188797371641335","0,0,0"
81.93333333333334,178,AV,0,0,0,67,3097.4575811220984,0.1,-1.0161869599425866,"0.7254244837758109,0.2832125,0.3184036873156343,0.1,0.67,0.15304227002287546","0,0,0"
90.31666666666666,104,AV,0,0,0,95,1649.648602545546,0.3,-1.3850235782156324,"0.8548806060606062,0.32145822529530377,0.3531014158202522,0.3,0.95,0.08150748162374356","0,0,0"
28.95,197,AV,1,0,0,67,3759.463069718096,0.4,-0.6895,"0.7254244837758109,0.2832125,0.3184036873156343,0.4,0.67,0.18575129672910448","0,0,0"
19.916666666666668,181,AV,1,0,0,47,3197.7177395395383,0.8,-0.9991666666666668,"0.37328598306679184,0.17649140602986757,0.21025213284582572,0.8,0.47,0.15799602381455757","0,0,0"
24.35,194,AV,1,0,0,56,3608.770587345788,0.2,-0.4435,"0.5434243520192887,0.23206315331010446,0.2669355432780847,0.2,0.56,0.17830573243205106","0,0,0"
9.133333333333333,37,AV,1,0,0,25,779.2240782816187,0.1,-0.19133333333333333,"0.0685674273858921,0.0825860894941634,0.11758448389217625,0.1,0.25,0.038500679564916006","0,0,0"
29.783333333333335,11,AV,2,0,0,55,566.7055292848979,0.1,-0.39783333333333337,"0.5147954405422058,0.22268891836133226,0.2575011830819284,0.1,0.55,0.02800035137361163","0,0,0"
36.4,13,AV,2,0,0,83,572.7967315704935,0.7,-1.064,"0.8254983333333331,0.3140635407537248,0.3416845617227783,0.7,0.83,0.02830131156452355","0,0,0"
10.3,226,AV,0,0,0,26,4547.885280126284,0.1,-0.26896472459649856,"0.07423141263940525,0.08509821428571433,0.12073965617715622,0.1,0.26,0.2247064467698068","0,0,0"
76.76666666666667,176,AV,0,0,0,63,3032.1279287666234,0.6,-1.4666070831160578,"0.668150074738415,0.26575881995133815,0.3003234425745498,0.6,0.63,0.14981439747436257","0,0,0"
20.75,52,AV,2,0,0,45,978.4447105201264,0.2,-0.4075,"0.32052952465308526,0.16283768115942027,0.19783333333333328,0.2,0.45,0.04834397103692658","0,0,0"
32.583333333333336,171,AV,2,0,0,68,2969.8754393798326,0.4,-0.7258333333333333,"0.7394904109589041,0.28667679475722385,0.32049955595026647,0.4,0.68,0.1467385644594426","0,0,0"
15.366666666666667,163,AV,1,0,0,40,2818.3733061874163,0.9,-1.0536666666666668,"0.2394253308128544,0.1383366309425666,0.17290598690364817,0.9,0.4,0.13925299612805134","0,0,0"
27.6,169,AV,1,0,0,64,2909.8477340427667,0.4,-0.676,"0.6742522962962965,0.26742718740538907,0.3019739676840214,0.4,0.64,0.1437726557913017","0,0,0"
29.516666666666666,50,AV,0,0,0,39,943.1907669438916,0.3,-0.9132359380316253,"0.2100860018298261,0.12961447520184546,0.16159242285365102,0.3,0.39,0.046602109070826375","0,0,0"
7.866666666666666,16,AV,1,0,0,18,595.9176043698985,0.2,-0.2786666666666667,"0.05636651234567903,0.07785095447870774,0.11453703703703705,0.2,0.18,0.029443690682060725","0,0,0"
14.516666666666667,187,AV,2,0,0,29,3393.6426315430986,0.1,-0.24516666666666667,"0.10130610328638497,0.0955828343313373,0.13073553345388775,0.1,0.29,0.16767647606964517","0,0,0"
12.966666666666667,91,AV,2,0,0,27,1528.3774584247917,0.1,-0.22966666666666669,"0.08509257488846396,0.0890074041811847,0.1242091332169866,0.1,0.27,0.07551559611815158","0,0,0"
25.4,113,AV,2,0,0,52,1848.7234685638712,0.1,-0.354,"0.4774227272727275,0.2094462785983202,0.24487205387205382,0.1,0.52,0.09134357093312716","0,0,0"
54.05,153,AV,0,0,0,53,2675.3892374750885,0.2,-0.8526332162803818,"0.48371221719457047,0.21168775811209425,0.24631553544494728,0.2,0.53,0.13218829681264888","0,0,0"
11.9,264,AV,0,0,0,26,6230.691172258436,0.3,-0.46714875135133027,"0.07423141263940525,0.08509821428571433,0.12073965617715622,0.3,0.26,0.3078521967905309","0,0,0"
37.333333333333336,118,AV,2,0,0,65,1950.0200213032829,0.3,-0.6733333333333333,"0.6946188204683434,0.2737986952469713,0.3087894973070019,0.3,0.65,0.09634853192798135","0,0,0"
9.233333333333333,100,AV,1,0,0,22,1594.6992934726818,0.4,-0.49233333333333335,"0.061892270531400964,0.08005973552211582,0.11543488888888886,0.4,0.22,0.07879249141759738","0,0,0"
88.71666666666667,79,AV,0,0,0,85,1348.5865378412918,0.9,-2.009621801418505,"0.8366243894993898,0.3166274853801169,0.3448637184115523,0.9,0.85,0.0666323071965214","0,0,0"
17.116666666666667,27,AV,1,0,0,44,676.2529471816457,0.6,-0.7711666666666667,"0.2899852805887763,0.1541785822021115,0.188081881533101,0.6,0.44,0.033412979334117666","0,0,0"
9.383333333333333,69,AV,1,0,0,25,1141.0395517097602,0.3,-0.3938333333333333,"0.0685674273858921,0.0825860894941634,0.11758448389217625,0.3,0.25,0.056377618936200136","0,0,0"
13.666666666666666,241,AV,1,0,0,38,4889.272753955773,0.1,-0.23666666666666666,"0.18927600364963493,0.1246285672256546,0.15986288628862885,0.1,0.38,0.24157405918544247","0,0,0"
26.716666666666665,126,AV,1,0,0,60,2108.868816674547,0.9,-1.1671666666666667,"0.6196873490338164,0.2530782459157352,0.2864276172724449,0.9,0.6,0.10419709146344741","0,0,0"
34.46666666666667,25,AV,2,0,0,68,650.412147456106,0.1,-0.44466666666666665,"0.7394904109589041,0.28667679475722385,0.32049955595026647,0.1,0.68,0.03213621135727569","0,0,0"
31.133333333333333,252,AV,1,0,0,69,5502.789496653042,0.2,-0.5113333333333334,"0.7513652385293226,0.2915199115044249,0.32699640610961367,0.2,0.69,0.27188730562719554","0,0,0"
26.133333333333333,31,AV,1,0,0,59,743.7818724069466,0.2,-0.4613333333333333,"0.5958379931655793,0.24848980458793546,0.28222660550458717,0.2,0.59,0.03674951574761752","0,0,0"
16.733333333333334,290,AV,2,0,0,36,11940.25564443948,0.2,-0.36733333333333335,"0.16449591280653944,0.11658741973146534,0.15100167122455183,0.2,0.36,0.5899560464090298","0,0,0"
20.2,218,AV,2,0,0,44,4266.216809230351,0.2,-0.402,"0.2899852805887763,0.1541785822021115,0.188081881533101,0.2,0.44,0.2107894903464134","0,0,0"
21.433333333333334,88,AV,1,0,0,50,1517.942512651984,0.7,-0.9143333333333333,"0.4306616346447087,0.19453523974581174,0.22827020433058856,0.7,0.5,0.07500001592155126","0,0,0"
27.816666666666666,177,AV,1,0,0,64,3064.640983136323,0.4,-0.6781666666666667,"0.6742522962962965,0.26742718740538907,0.3019739676840214,0.4,0.64,0.1514208348559242","0,0,0"
4.95,215,AV,0,0,0,16,4223.122456076251,0.6,-0.7205374854435865,"0.054054040404040424,0.07668230694037144,0.11345669687814701,0.6,0.16,0.20866024161284988","0,0,0"
32.4,279,AV,2,0,0,65,8981.750106371177,0.2,-0.524,"0.6946188204683434,0.2737986952469713,0.3087894973070019,0.2,0.65,0.4437792573608979","0,0,0"
14.05,87,AV,1,0,0,38,1507.5005543882637,0.2,-0.3405,"0.18927600364963493,0.1246285672256546,0.15986288628862885,0.2,0.38,0.07448408924481369","0,0,0"
23.016666666666666,227,AV,1,0,0,53,4549.070920567666,0.2,-0.4301666666666667,"0.48371221719457047,0.21168775811209425,0.24631553544494728,0.2,0.53,0.22476502807393375","0,0,0"
18.283333333333335,261,AV,1,0,0,46,6007.794801579103,0.1,-0.2828333333333334,"0.35279003342449117,0.17062087912087917,0.20369921383647796,0.1,0.46,0.29683911084658465","0,0,0"
21.983333333333334,106,AV,2,0,0,46,1664.0464513081895,0.3,-0.5198333333333334,"0.35279003342449117,0.17062087912087917,0.20369921383647796,0.3,0.46,0.08221886487932402","0,0,0"
7.933333333333334,225,AV,1,0,0,13,4504.939201911708,0.4,-0.4793333333333334,"0.05038011695906434,0.07233826429980275,0.10790372670807452,0.4,0.13,0.2225845241521748","0,0,0"
13.0,297,AV,2,0,0,27,16390.717038727882,0.1,-0.23,"0.08509257488846396,0.0890074041811847,0.1242091332169866,0.1,0.27,0.8098488767684134","0,0,0"
15.383333333333333,119,AV,1,0,0,41,1986.5043233563797,0.1,-0.25383333333333336,"0.2511198449612403,0.1418146083476272,0.17617076129814982,0.1,0.41,0.09815118467145603","0,0,0"
8.6,15,AV,0,0,0,24,591.6693204447811,0.5,-1.0930399793156051,"0.06466018402342119,0.08133078730904815,0.11654492415402569,0.5,0.24,0.02923378723751827","0,0,0"
73.15,213,AV,0,0,0,61,4164.701887555128,0.2,-1.0035339674002726,"0.6364376543209873,0.2566112099644127,0.2890670481220656,0.2,0.61,0.20577373996162773","0,0,0"
28.483333333333334,185,AV,1,0,0,66,3368.9508766880413,0.7,-0.9848333333333332,"0.7153026939017173,0.28028439519852266,0.3159126142057176,0.7,0.66,0.16645648124650464","0,0,0"
33.516666666666666,146,AV,2,0,0,79,2486.38103050259,0.9,-1.2351666666666667,"0.803652867218645,0.31007750582750593,0.339020438833784,0.9,0.79,0.12284959102235175","0,0,0"
15.85,205,AV,1,0,0,42,3942.222625638348,0.9,-1.0585,"0.2671540616246499,0.1467189141856392,0.18113546288080445,0.9,0.42,0.19478126294296802","0,0,0"
25.683333333333334,282,AV,2,0,0,54,9095.945853089892,0.4,-0.6568333333333334,"0.5025823330255467,0.2185658648339061,0.2528494967978043,0.4,0.54,0.44942155458275634","0,0,0"
23.2,30,AV,1,0,0,51,743.7553910389753,0.4,-0.632,"0.4516521739130437,0.20001467136150225,0.23366363636363643,0.4,0.51,0.036748207329806624","0,0,0"
19.15,162,AV,1,0,0,47,2815.231094880572,0.9,-1.0915,"0.37328598306679184,0.17649140602986757,0.21025213284582572,0.9,0.47,0.1390977426213619","0,0,0"
23.6,149,AV,1,0,0,55,2533.2754137277425,0.4,-0.636,"0.5147954405422058,0.22268891836133226,0.2575011830819284,0.4,0.55,0.12516659542746134","0,0,0"
25.5,224,AV,1,0,0,57,4434.023444374438,0.7,-0.955,"0.5551743119266055,0.23571432748538024,0.2702804804804805,0.7,0.57,0.21908064775365965","0,0,0"
57.416666666666664,248,AV,0,0,0,54,5307.329693361759,0.9,-1.5306922675493913,"0.5025823330255467,0.2185658648339061,0.2528494967978043,0.9,0.54,0.2622298329385507","0,0,0"
31.983333333333334,125,AV,1,0,0,73,2105.6010448069283,0.2,-0.5198333333333334,"0.7764548515457603,0.30109335624284084,0.33501119288561776,0.2,0.73,0.104035634135481","0,0,0"
28.666666666666668,272,AV,2,0,0,56,7336.658338656486,0.2,-0.4866666666666667,"0.5434243520192887,0.23206315331010446,0.2669355432780847,0.2,0.56,0.3624969243722426","0,0,0"
26.15,258,AV,1,0,0,59,5882.279762541917,0.2,-0.4615,"0.5958379931655793,0.24848980458793546,0.28222660550458717,0.2,0.59,0.29063753875296394","0,0,0"
11.05,3,AV,1,0,0,35,437.8567856598078,0.9,-1.0105,"0.15180788919000296,0.11323518518518526,0.14946785826277828,0.9,0.35,0.021634064282494894","0,0,0"
38.15,180,AV,0,0,0,44,3158.0604616132755,0.1,-0.576495014708093,"0.2899852805887763,0.1541785822021115,0.188081881533101,0.1,0.44,0.1560365975180513","0,0,0"
8.716666666666667,108,AV,1,0,0,15,1684.196745492046,0.3,-0.38716666666666666,"0.05273054587688735,0.07444705174488565,0.11043480934809344,0.3,0.15,0.08321447068917306","0,0,0"
66.38333333333334,260,AV,0,0,0,58,5960.007005011629,0.5,-1.2141688446419168,"0.5720270434518384,0.24154013139103114,0.276451517967782,0.5,0.58,0.29447796378499097","0,0,0"
32.35,75,AV,1,0,0,72,1279.3396024785957,0.4,-0.7235,"0.7659242562234369,0.29752322163433265,0.33144088447653436,0.4,0.72,0.06321088562657848","0,0,0"
71.26666666666667,105,AV,0,0,0,60,1659.6531244520008,0.3,-1.1934273301933038,"0.6196873490338164,0.2530782459157352,0.2864276172724449,0.3,0.6,0.08200179500914358","0,0,0"
20.683333333333334,203,AV,0,0,0,34,3866.930621896856,0.7,-0.9844142442245766,"0.13778187613843354,0.10842552301255229,0.14327220630372484,0.7,0.34,0.19106116061214143","0,0,0"
19.766666666666666,253,AV,1,0,0,48,5557.427333357366,0.1,-0.29766666666666663,"0.3884103500761035,0.18224790401850235,0.21712164224664213,0.1,0.48,0.27458690629625127","0,0,0"
36.266666666666666,70,AV,2,0,0,83,1148.9174546898266,0.1,-0.46266666666666667,"0.8254983333333331,0.3140635407537248,0.3416845617227783,0.1,0.83,0.05676685821503235","0,0,0"
62.88333333333333,184,AV,0,0,0,57,3352.9358316496982,0.4,-1.1183071601713481,"0.5551743119266055,0.23571432748538024,0.2702804804804805,0.4,0.57,0.16566519394619603","0,0,0"
12.033333333333333,61,AV,0,0,0,28,1047.1205397958274,0.1,-0.5068333002411504,"0.0925889522000633,0.09126596980255516,0.12547790459467373,0.1,0.28,0.051737174828356464","0,0,0"
33.28333333333333,34,AV,1,0,0,89,776.0711537761008,0.1,-0.4328333333333333,"0.8440751995089013,0.31855536231884046,0.3483241243961352,0.1,0.89,0.03834489672983343","0,0,0"
83.36666666666666,81,AV,0,0,0,74,1446.9812594843625,0.1,-1.1409948528706166,"0.7817194704049844,0.30281005427020863,0.33523511634935027,0.1,0.74,0.07149389162960644","0,0,0"
71.53333333333333,39,AV,0,0,0,60,816.2772675203604,0.3,-1.3828555122999515,"0.6196873490338164,0.2530782459157352,0.2864276172724449,0.3,0.6,0.04033144045321521","0,0,0"
22.283333333333335,18,AV,0,0,0,35,601.3137559373858,0.2,-0.9217409286407634,"0.15180788919000296,0.11323518518518526,0.14946785826277828,0.2,0.35,0.029710309114645228","0,0,0"
31.15,40,AV,0,0,0,39,825.4433072334436,0.3,-0.9749410714473901,"0.2100860018298261,0.12961447520184546,0.16159242285365102,0.3,0.39,0.040784325275063815","0,0,0"
67.83333333333333,294,AV,0,0,0,59,13460.811009378149,0.1,-0.8006202519886052,"0.5958379931655793,0.24848980458793546,0.28222660550458717,0.1,0.59,0.6650851607394264","0,0,0"
13.333333333333334,72,AV,1,0,0,36,1200.7903182940884,0.2,-0.33333333333333337,"0.16449591280653944,0.11658741973146534,0.15100167122455183,0.2,0.36,0.05932984433854443","0,0,0"
27.716666666666665,138,AV,1,0,0,62,2318.1098695731453,0.8,-1.0771666666666668,"0.6507838565022424,0.26106227106227115,0.2948197999411591,0.8,0.62,0.11453548186231685","0,0,0"
29.666666666666668,71,AV,2,0,0,59,1150.4391077840953,0.1,-0.3966666666666667,"0.5958379931655793,0.24848980458793546,0.28222660550458717,0.1,0.59,0.056842041567067104","0,0,0"
61.15,58,AV,0,0,0,56,1022.032321197676,0.1,-1.0050327912608896,"0.5434243520192887,0.23206315331010446,0.2669355432780847,0.1,0.56,0.05049759112961852","0,0,0"
36.3,200,AV,0,0,0,43,3803.247088152212,0.9,-1.3418799657362661,"0.276966884328358,0.14941874258600238,0.1836550116550117,0.9,0.43,0.18791462113190488","0,0,0"
31.8,262,AV,2,0,0,64,6081.635477498837,0.1,-0.41800000000000004,"0.6742522962962965,0.26742718740538907,0.3019739676840214,0.1,0.64,0.3004875045265025","0,0,0"
32.88333333333333,60,AV,1,0,0,80,1040.734547163155,0.1,-0.4288333333333333,"0.8135564196401339,0.31234942028985513,0.3406897599513825,0.1,0.8,0.05142164934229008","0,0,0"
23.783333333333335,4,AV,1,0,0,54,449.0833195935783,0.3,-0.5378333333333334,"0.5025823330255467,0.2185658648339061,0.2528494967978043,0.3,0.54,0.022188756055575014","0,0,0"
52.05,201,AV,0,0,0,51,3824.993837156676,0.2,-0.7989314989179188,"0.4516521739130437,0.20001467136150225,0.23366363636363643,0.2,0.51,0.18898910617200515","0,0,0"
12.766666666666667,219,AV,1,0,0,35,4281.8327360815,0.2,-0.32766666666666666,"0.15180788919000296,0.11323518518518526,0.14946785826277828,0.2,0.35,0.21156105761770602","0,0,0"
41.833333333333336,116,AV,0,0,0,45,1942.5668635563816,0.8,-1.3727681719111782,"0.32052952465308526,0.16283768115942027,0.19783333333333328,0.8,0.45,0.09598027888478354","0,0,0"
21.9,275,AV,2,0,0,45,7658.5640246764915,0.5,-0.719,"0.32052952465308526,0.16283768115942027,0.19783333333333328,0.5,0.45,0.37840196120697644","0,0,0"
20.333333333333332,66,AV,1,0,0,49,1100.389953660579,0.4,-0.6033333333333333,"0.41832252085264143,0.19093914426134717,0.2256162755716004,0.4,0.49,0.05436916309845774","0,0,0"
66.36666666666666,139,AV,0,0,0,58,2326.172138461347,0.2,-0.9926339064679464,"0.5720270434518384,0.24154013139103114,0.276451517967782,0.2,0.58,0.11493383047561351","0,0,0"
20.883333333333333,265,AV,2,0,0,43,6427.339783247283,0.2,-0.4088333333333333,"0.276966884328358,0.14941874258600238,0.1836550116550117,0.2,0.43,0.3175684072742515","0,0,0"
19.333333333333332,85,AV,1,0,0,47,1474.807688008607,0.1,-0.29333333333333333,"0.37328598306679184,0.17649140602986757,0.21025213284582572,0.1,0.47,0.07286876753232566","0,0,0"
19.383333333333333,293,AV,1,0,0,47,13351.937436366714,0.9,-1.0938333333333334,"0.37328598306679184,0.17649140602986757,0.21025213284582572,0.9,0.47,0.6597058267783346","0,0,0"
15.15,51,AV,1,0,0,39,954.0002559944874,0.4,-0.5515,"0.2100860018298261,0.12961447520184546,0.16159242285365102,0.4,0.39,0.04713619507483592","0,0,0"
86.9,77,AV,0,0,0,83,1310.9401185904849,0.4,-1.497843404626718,"0.8254983333333331,0.3140635407537248,0.3416845617227783,0.4,0.83,0.06477223540877823","0,0,0"
25.916666666666668,157,AV,2,0,0,51,2758.442965787371,0.2,-0.45916666666666667,"0.4516521739130437,0.20001467136150225,0.23366363636363643,0.2,0.51,0.13629189816371895","0,0,0"
22.333333333333332,6,AV,0,0,0,37,497.26542980048754,0.2,-1.0266328631646464,"0.176391008174387,0.12029137323943662,0.1548946811725596,0.2,0.37,0.024569385758302514","0,0,0"
14.25,167,AV,1,0,0,37,2891.134206742707,0.7,-0.8424999999999999,"0.176391008174387,0.12029137323943662,0.1548946811725596,0.7,0.37,0.14284803919103217","0,0,0"
60.75,271,AV,0,0,0,55,7332.887514065835,0.6,-1.2484115780686045,"0.5147954405422058,0.22268891836133226,0.2575011830819284,0.6,0.55,0.3623106117141683","0,0,0"
8.616666666666667,56,AV,1,0,0,20,1014.5614647146556,0.9,-0.9861666666666666,"0.05796428571428571,0.07852168746286396,0.11444916233391103,0.9,0.2,0.05012846360963409","0,0,0"
23.95,130,AV,0,0,0,38,2198.5025098873134,0.4,-0.7759565192219757,"0.18927600364963493,0.1246285672256546,0.15986288628862885,0.4,0.38,0.10862580227563756","0,0,0"
26.0,9,AV,0,0,0,38,541.9839687696077,0.2,-1.013521907079741,"0.18927600364963493,0.1246285672256546,0.15986288628862885,0.2,0.38,0.02677888388271631","0,0,0"
43.31666666666667,193,AV,0,0,0,45,3583.4963710051925,0.2,-0.7168837878635408,"0.32052952465308526,0.16283768115942027,0.19783333333333328,0.2,0.45,0.17705695877155342","0,0,0"
27.483333333333334,236,AV,2,0,0,57,4754.245589533712,0.7,-0.9748333333333332,"0.5551743119266055,0.23571432748538024,0.2702804804804805,0.7,0.57,0.234902502524312","0,0,0"
46.96666666666667,155,AV,0,0,0,48,2747.619709803412,0.1,-0.6788520822937312,"0.3884103500761035,0.18224790401850235,0.21712164224664213,0.1,0.48,0.13575713194935043","0,0,0"
23.183333333333334,202,AV,1,0,0,53,3849.958431883558,0.4,-0.6318333333333334,"0.48371221719457047,0.21168775811209425,0.24631553544494728,0.4,0.53,0.19022258173935064","0,0,0"
6.7,48,AV,1,0,0,12,932.0432837729122,0.1,-0.167,"0.05129545454545456,0.07459242424242424,0.11224122807017547,0.1,0.12,0.04605132311658888","0,0,0"
15.816666666666666,7,AV,2,0,0,28,506.5869000089976,0.1,-0.25816666666666666,"0.0925889522000633,0.09126596980255516,0.12547790459467373,0.1,0.28,0.025029950244917432","0,0,0"
50.25,212,AV,0,0,0,50,4159.866430607663,0.3,-0.8746177001724491,"0.4306616346447087,0.19453523974581174,0.22827020433058856,0.3,0.5,0.20553482488742356","0,0,0"
23.9,120,AV,1,0,0,55,2011.9739719035176,0.2,-0.439,"0.5147954405422058,0.22268891836133226,0.2575011830819284,0.2,0.55,0.09940961444111464","0,0,0"
23.416666666666668,220,AV,1,0,0,53,4343.557359248321,0.9,-1.1341666666666668,"0.48371221719457047,0.21168775811209425,0.24631553544494728,0.9,0.53,0.21461080929254078","0,0,0"
21.933333333333334,94,AV,2,0,0,44,1564.4426034616197,0.1,-0.31933333333333336,"0.2899852805887763,0.1541785822021115,0.188081881533101,0.1,0.44,0.07729753873417955","0,0,0"
18.816666666666666,259,AV,0,0,0,33,5913.041300376779,0.8,-1.0389019794710748,"0.12689245810055869,0.10440516039051598,0.13897447868036106,0.8,0.33,0.2921574354606168","0,0,0"
15.416666666666666,57,AV,2,0,0,36,1020.5842314575186,0.2,-0.3541666666666667,"0.16449591280653944,0.11658741973146534,0.15100167122455183,0.2,0.36,0.050426042469071494","0,0,0"
26.65,99,AV,1,0,0,61,1592.6375082496468,0.1,-0.36649999999999994,"0.6364376543209873,0.2566112099644127,0.2890670481220656,0.1,0.61,0.0786906206792357","0,0,0"
22.566666666666666,132,AV,2,0,0,47,2218.0502812558643,0.7,-0.9256666666666666,"0.37328598306679184,0.17649140602986757,0.21025213284582572,0.7,0.47,0.10959163803796217","0,0,0"
13.066666666666666,179,AV,1,0,0,35,3132.463358685509,0.2,-0.33066666666666666,"0.15180788919000296,0.11323518518518526,0.14946785826277828,0.2,0.35,0.15477187035537765","0,0,0"
32.416666666666664,284,AV,1,0,0,76,10426.353459350525,0.3,-0.6241666666666666,"0.7929034125533212,0.30666681442080373,0.33732110912343466,0.3,0.76,0.5151556590169055","0,0,0"
30.8,223,AV,2,0,0,61,4429.527615460413,0.2,-0.508,"0.6364376543209873,0.2566112099644127,0.2890670481220656,0.2,0.61,0.2188585133596875","0,0,0"
19.033333333333335,103,AV,2,0,0,43,1639.6236094811811,0.1,-0.29033333333333333,"0.276966884328358,0.14941874258600238,0.1836550116550117,0.1,0.43,0.08101215677897904","0,0,0"
34.93333333333333,211,AV,2,0,0,74,4135.471393234625,0.2,-0.5493333333333332,"0.7817194704049844,0.30281005427020863,0.33523511634935027,0.2,0.74,0.20432949057724065","0,0,0"
22.25,107,AV,1,0,0,50,1682.490559712908,0.7,-0.9225,"0.4306616346447087,0.19453523974581174,0.22827020433058856,0.7,0.5,0.08313016976240285","0,0,0"
6.833333333333333,10,AV,0,0,0,18,546.8646928603165,0.2,-0.8169151012124818,"0.05636651234567903,0.07785095447870774,0.11453703703703705,0.2,0.18,0.027020035561031403","0,0,0"
18.733333333333334,127,AV,2,0,0,39,2131.3254046090938,0.2,-0.38733333333333336,"0.2100860018298261,0.12961447520184546,0.16159242285365102,0.2,0.39,0.10530664893258515","0,0,0"
33.61666666666667,42,AV,2,0,0,64,832.3173438658397,0.8,-1.1361666666666668,"0.6742522962962965,0.26742718740538907,0.3019739676840214,0.8,0.64,0.04112396452528438","0,0,0"
31.916666666666668,67,AV,2,0,0,62,1104.4445206976068,0.2,-0.5191666666666667,"0.6507838565022424,0.26106227106227115,0.2948197999411591,0.2,0.62,0.05456949518600221","0,0,0"
22.466666666666665,164,AV,1,0,0,51,2850.5966631146844,0.8,-1.0246666666666666,"0.4516521739130437,0.20001467136150225,0.23366363636363643,0.8,0.51,0.14084511984976505","0,0,0"
32.916666666666664,158,AV,1,0,0,89,2761.3662775036096,0.2,-0.5291666666666667,"0.8440751995089013,0.31855536231884046,0.3483241243961352,0.2,0.89,0.13643633606135613","0,0,0"
48.65,38,AV,0,0,0,48,807.7368269013535,0.4,-1.257908099777823,"0.3884103500761035,0.18224790401850235,0.21712164224664213,0.4,0.48,0.039909465854662395","0,0,0"
69.58333333333333,151,AV,0,0,0,59,2619.168197182975,0.5,-1.310373514572042,"0.5958379931655793,0.24848980458793546,0.28222660550458717,0.5,0.59,0.1294104716434546","0,0,0"
