travel_time,id,kind,action,origin,destination,start_time,income,urgency,reward,observation,cost_table
34.016666666666666,147,AV,1,0,0,81,2496.2043409386315,0.1,-0.4401666666666667,"0.8155878442545108,0.3130292812777285,0.34129351851851875,0.1,0.81,0.12333495093088893","0,0,0"
27.766666666666666,101,AV,1,0,0,62,1628.9397076974285,0.8,-1.0776666666666668,"0.6503238935314147,0.2610493087557603,0.2948391013964784,0.8,0.62,0.0804842759157665","0,0,0"
60.88333333333333,2,AV,0,0,0,58,437.5592869272848,0.9,-2.194454708454221,"0.5723207428391565,0.2414202391367746,0.27654174543163207,0.9,0.58,0.021619365168734063","0,0,0"
31.883333333333333,222,AV,1,0,0,74,4416.224882412617,0.6,-0.9188333333333333,"0.7806422179610095,0.30285907504363,0.33516262060379703,0.6,0.74,0.21820123867235977","0,0,0"
27.333333333333332,22,AV,2,0,0,56,632.5893922142865,0.9,-1.1733333333333333,"0.5442771028037383,0.23200607947805454,0.26693761726078785,0.9,0.56,0.031255606910295004","0,0,0"
26.5,89,AV,2,0,0,54,1526.0895405694364,0.2,-0.465,"0.5033415326395464,0.2185664612676056,0.2530645110902843,0.2,0.54,0.07540255239340664","0,0,0"
16.55,84,AV,1,0,0,44,1460.106853854364,0.4,-0.5655,"0.29055644152595356,0.154162935323383,0.18814795008912655,0.4,0.44,0.07214241407266661","0,0,0"
38.03333333333333,254,AV,0,0,0,45,5654.280440205098,0.1,-0.533390482368042,"0.3203124812481248,0.16275553560742068,0.19804830917874391,0.1,0.45,0.2793723210896882","0,0,0"
19.8,190,AV,1,0,0,50,3476.696831582168,0.2,-0.398,"0.43148275321417356,0.19454329196217493,0.22820533208606172,0.2,0.5,0.1717801007282623","0,0,0"
18.9,208,AV,0,0,0,30,4061.843573313689,0.2,-0.46285808798029543,"0.10655830164765528,0.09744263497652592,0.13312748756218912,0.2,0.3,0.20069161389857007","0,0,0"
27.883333333333333,63,AV,1,0,0,63,1074.3823512953045,0.1,-0.37883333333333336,"0.6672481617647054,0.2657240844196151,0.3003418336369155,0.1,0.63,0.05308415357061393","0,0,0"
39.81666666666667,207,AV,0,0,0,45,4021.28082322038,0.9,-1.3727697628413202,"0.3203124812481248,0.16275553560742068,0.19804830917874391,0.9,0.45,0.19868744913115402","0,0,0"
13.05,133,AV,1,0,0,36,2222.040577514192,0.1,-0.2305,"0.16530290392338587,0.11655691056910576,0.1509689633767846,0.1,0.36,0.1097887945708426","0,0,0"
16.883333333333333,109,AV,1,0,0,42,1782.711710770346,0.1,-0.26883333333333337,"0.2677608974358975,0.1467327100029682,0.181114099058037,0.1,0.42,0.08808199623958074","0,0,0"
28.183333333333334,41,AV,2,0,0,58,827.3783452591958,0.2,-0.48183333333333334,"0.5723207428391565,0.2414202391367746,0.27654174543163207,0.2,0.58,0.040879933561629736","0,0,0"
50.36666666666667,266,AV,0,0,0,51,6446.254396158338,0.4,-0.9502053202107753,"0.4526390697674421,0.20008513838748487,0.23357474466109568,0.4,0.51,0.31850295931272143","0,0,0"
34.7,29,AV,0,0,0,42,742.4887258523852,0.3,-1.051046539098081,"0.2677608974358975,0.1467327100029682,0.181114099058037,0.3,0.42,0.0366856226743472","0,0,0"
74.85,298,AV,0,0,0,65,17322.90883950548,0.4,-1.1658181076445913,"0.6935900383141764,0.27369441770933606,0.30880886850152917,0.4,0.65,0.8559075379611304","0,0,0"
25.066666666666666,141,AV,2,0,0,53,2382.718205806423,0.4,-0.6506666666666667,"0.484227454601416,0.21181402714932118,0.24642630597014928,0.4,0.53,0.1177277149052501","0,0,0"
78.4,268,AV,0,0,0,68,6709.13861087917,0.4,-1.2287151292288905,"0.7389056750857498,0.2866452952029521,0.32033408611863906,0.4,0.68,0.3314918044931234","0,0,0"
28.45,46,AV,1,0,0,64,905.8209551718018,0.2,-0.4845,"0.6737225776965263,0.26735701021355623,0.3019707682889499,0.2,0.64,0.044755704180963","0,0,0"
31.783333333333335,49,AV,1,0,0,71,938.3100494872764,0.6,-0.9178333333333333,"0.7619640012254905,0.29602970749542956,0.3297918985776128,0.6,0.71,0.04636095772029518","0,0,0"
16.9,137,AV,1,0,0,44,2276.662146114732,0.2,-0.369,"0.29055644152595356,0.154162935323383,0.18814795008912655,0.2,0.44,0.1124875914492194","0,0,0"
14.2,98,AV,2,0,0,31,1592.2311391495805,0.5,-0.642,"0.11771026856240124,0.10135287152161038,0.13633873957367926,0.5,0.31,0.07867054238989274","0,0,0"
18.483333333333334,95,AV,2,0,0,41,1572.8756307612184,0.1,-0.2848333333333334,"0.25183605769230755,0.14176762402088772,0.1761459694989107,0.1,0.41,0.07771420614843609","0,0,0"
10.233333333333333,251,AV,1,0,0,30,5480.041794665195,0.2,-0.30233333333333334,"0.10655830164765528,0.09744263497652592,0.13312748756218912,0.2,0.3,0.27076336450488875","0,0,0"
9.6,228,AV,1,0,0,27,4549.115907877681,0.2,-0.29600000000000004,"0.08536601626016256,0.08891823336317523,0.1242328562909958,0.2,0.27,0.22476725085176577","0,0,0"
32.03333333333333,110,AV,1,0,0,70,1804.2001824470888,0.7,-1.0203333333333333,"0.7578163140141061,0.29304794520547955,0.3271049783549785,0.7,0.7,0.08914372005616313","0,0,0"
33.15,239,AV,1,0,0,79,4843.3187157075145,0.3,-0.6315,"0.8031230647709328,0.3101069407208819,0.33904834254143634,0.3,0.79,0.23930351628177382","0,0,0"
18.583333333333332,131,AV,1,0,0,46,2212.8825544422834,0.2,-0.38583333333333336,"0.3527483660130721,0.17046815008726,0.20370917225950788,0.2,0.46,0.10933630584318776","0,0,0"
27.466666666666665,247,AV,1,0,0,62,5304.212874057136,0.1,-0.3746666666666667,"0.6503238935314147,0.2610493087557603,0.2948391013964784,0.1,0.62,0.2620758340252039","0,0,0"
8.616666666666667,235,AV,1,0,0,24,4747.153558918807,0.8,-0.8861666666666668,"0.06462225097024583,0.0813896129541864,0.11651690821256037,0.8,0.24,0.23455209241022626","0,0,0"
17.85,111,AV,2,0,0,42,1805.1606101798543,0.3,-0.47850000000000004,"0.2677608974358975,0.1467327100029682,0.181114099058037,0.3,0.42,0.08919117382641367","0,0,0"
20.866666666666667,135,AV,2,0,0,43,2250.3510049999354,0.6,-0.8086666666666666,"0.2775445084854304,0.1493772727272727,0.18368051831992852,0.6,0.43,0.11118758437643748","0,0,0"
34.13333333333333,206,AV,2,0,0,75,3987.5502105766736,0.4,-0.7413333333333334,"0.7888445692883895,0.3056843049327354,0.3369981429897863,0.4,0.75,0.19702085341739287","0,0,0"
30.05,280,AV,2,0,0,61,8987.033628468456,0.9,-1.2005,"0.6360615557698489,0.2565975463794134,0.2890309588217612,0.9,0.61,0.4440403108844108","0,0,0"
27.95,73,AV,0,0,0,39,1234.5997004771,0.9,-1.422493741116305,"0.2106476635514018,0.12959713610865073,0.16163430725730443,0.9,0.39,0.06100033197617807","0,0,0"
16.033333333333335,117,AV,2,0,0,34,1945.516475481125,0.1,-0.26033333333333336,"0.1379569045412419,0.10832611207394569,0.1432119441739694,0.1,0.34,0.09612601624932422","0,0,0"
66.23333333333333,28,AV,0,0,0,59,682.056612603955,0.4,-1.502179519787945,"0.5954809431524546,0.24846371783752524,0.282266511627907,0.4,0.59,0.033699732617228556","0,0,0"
18.333333333333332,112,AV,1,0,0,46,1836.592480640456,0.1,-0.2833333333333333,"0.3527483660130721,0.17046815008726,0.20370917225950788,0.1,0.46,0.09074419099626069","0,0,0"
18.95,114,AV,0,0,0,30,1900.764377468582,0.1,-0.447331240713558,"0.10655830164765528,0.09744263497652592,0.13312748756218912,0.1,0.3,0.09391486000625965","0,0,0"
12.05,45,AV,2,0,0,21,902.2448599555772,0.2,-0.3205,"0.0604292604501608,0.0796641828117238,0.11514881850175966,0.2,0.21,0.04457901290582028","0,0,0"
27.85,234,AV,2,0,0,58,4689.4303597647895,0.3,-0.5785,"0.5723207428391565,0.2414202391367746,0.27654174543163207,0.3,0.58,0.2317000470794511","0,0,0"
35.38333333333333,1,AV,2,0,0,95,424.9057127261393,0.2,-0.5538333333333334,"0.8535121608980356,0.3215375110326565,0.3531474480151228,0.2,0.95,0.02099416476842877","0,0,0"
10.133333333333333,143,AV,0,0,0,24,2398.572127464108,0.1,-0.3264077459661422,"0.06462225097024583,0.0813896129541864,0.11651690821256037,0.1,0.24,0.11851104126104732","0,0,0"
83.36666666666666,240,AV,0,0,0,81,4864.205776554158,0.8,-1.6953416890199606,"0.8155878442545108,0.3130292812777285,0.34129351851851875,0.8,0.81,0.24033552499290464","0,0,0"
31.45,274,AV,1,0,0,72,7612.519032757181,0.1,-0.4145,"0.7648158302354403,0.29760889894419307,0.3313443002780353,0.1,0.72,0.3761269243737155","0,0,0"
17.583333333333332,209,AV,1,0,0,45,4113.319853961603,0.4,-0.5758333333333333,"0.3203124812481248,0.16275553560742068,0.19804830917874391,0.4,0.45,0.20323500525627752","0,0,0"
17.133333333333333,216,AV,2,0,0,41,4227.85786318916,0.3,-0.4713333333333333,"0.25183605769230755,0.14176762402088772,0.1761459694989107,0.3,0.41,0.2088942133251532","0,0,0"
17.25,277,AV,1,0,0,45,8326.33528790118,0.1,-0.27249999999999996,"0.3203124812481248,0.16275553560742068,0.19804830917874391,0.1,0.45,0.41139586905023645","0,0,0"
76.55,174,AV,0,0,0,67,3017.17067826153,0.9,-1.7649309013280141,"0.7243251959011451,0.2830987179487179,0.31826092160383007,0.9,0.67,0.14907537474018487","0,0,0"
25.033333333333335,270,AV,2,0,0,52,7177.938863287724,0.2,-0.45033333333333336,"0.47818104514533105,0.20956577777777774,0.2449083885209712,0.2,0.52,0.35465475440829575","0,0,0"
10.0,288,AV,1,0,0,29,11185.875164713363,0.7,-0.7999999999999999,"0.10145303605313094,0.0954963061465721,0.13067068645640068,0.7,0.29,0.5526828641120808","0,0,0"
27.85,97,AV,2,0,0,54,1587.6148581174584,0.2,-0.47850000000000004,"0.5033415326395464,0.2185664612676056,0.2530645110902843,0.2,0.54,0.07844245657766878","0,0,0"
34.61666666666667,93,AV,1,0,0,90,1530.6528609905624,0.4,-0.7461666666666666,"0.847574631545939,0.3201336898395721,0.3509995348837208,0.4,0.9,0.07562802147500029","0,0,0"
20.783333333333335,269,AV,0,0,0,30,6947.27484286379,0.1,-0.3510157331642769,"0.10655830164765528,0.09744263497652592,0.13312748756218912,0.1,0.3,0.3432578766872154","0,0,0"
31.4,156,AV,1,0,0,68,2756.9260540590044,0.2,-0.514,"0.7389056750857498,0.2866452952029521,0.32033408611863906,0.2,0.68,0.1362169490778143","0,0,0"
29.55,281,AV,0,0,0,39,8987.822610831106,0.2,-0.5288784958815802,"0.2106476635514018,0.12959713610865073,0.16163430725730443,0.2,0.39,0.4440792937110115","0,0,0"
11.933333333333334,292,AV,0,0,0,26,13079.31179296209,0.2,-0.3422703199843763,"0.07435626185958259,0.0850374582954201,0.1208080397470642,0.2,0.26,0.6462356673845856","0,0,0"
33.18333333333333,182,AV,1,0,0,81,3245.380745418587,0.7,-1.0318333333333332,"0.8155878442545108,0.3130292812777285,0.34129351851851875,0.7,0.81,0.16035100509349434","0,0,0"
10.216666666666667,295,AV,1,0,0,32,13748.957190518822,0.3,-0.4021666666666667,"0.12385741444866921,0.10351258680555554,0.1383274936868687,0.3,0.32,0.6793221743240372","0,0,0"
13.283333333333333,195,AV,1,0,0,38,3654.013033637752,0.1,-0.23283333333333334,"0.19008014911463186,0.12457311534968213,0.15993462246777165,0.1,0.38,0.18054111629141673","0,0,0"
22.783333333333335,53,AV,2,0,0,46,979.573716991658,0.2,-0.4278333333333334,"0.3527483660130721,0.17046815008726,0.20370917225950788,0.2,0.46,0.048399754113449336","0,0,0"
15.05,255,AV,2,0,0,25,5825.994272151124,0.2,-0.35050000000000003,"0.06863393489030431,0.08258522540309311,0.11758205652025883,0.2,0.25,0.28785652916908544","0,0,0"
59.11666666666667,257,AV,0,0,0,57,5862.8833826120845,0.4,-1.0423360282967697,"0.5556644486692016,0.23565981531128988,0.27027670645852464,0.4,0.57,0.28967918308966784","0,0,0"
11.133333333333333,152,AV,1,0,0,33,2648.588416164911,0.1,-0.21133333333333332,"0.1269035420619861,0.10437777777777774,0.13884950840469396,0.1,0.33,0.13086409513292768","0,0,0"
15.383333333333333,74,AV,2,0,0,38,1261.43865123121,0.1,-0.25383333333333336,"0.19008014911463186,0.12457311534968213,0.15993462246777165,0.1,0.38,0.06232641759345169","0,0,0"
29.683333333333334,122,AV,1,0,0,67,2033.019749384408,0.6,-0.8968333333333334,"0.7243251959011451,0.2830987179487179,0.31826092160383007,0.6,0.67,0.10044946518183244","0,0,0"
34.25,129,AV,1,0,0,85,2158.6935677652164,0.1,-0.4425,"0.8356032196969702,0.3167560538116593,0.3449202632384448,0.1,0.85,0.10665888240344744","0,0,0"
21.616666666666667,154,AV,1,0,0,51,2744.255474143275,0.1,-0.3161666666666667,"0.4526390697674421,0.20008513838748487,0.23357474466109568,0.1,0.51,0.13559090844222083","0,0,0"
12.633333333333333,168,AV,1,0,0,33,2909.5116230827134,0.3,-0.42633333333333334,"0.1269035420619861,0.10437777777777774,0.13884950840469396,0.3,0.33,0.14375604888613547","0,0,0"
7.483333333333333,32,AV,1,0,0,13,761.8437659652793,0.1,-0.17483333333333334,"0.05049309664694281,0.07238856015779092,0.10782229580573953,0.1,0.13,0.03764193577878302","0,0,0"
13.35,140,AV,1,0,0,37,2347.541384251396,0.4,-0.5335000000000001,"0.1773134883720931,0.12027953586497894,0.15487025023169598,0.4,0.37,0.11598966346080683","0,0,0"
69.46666666666667,199,AV,0,0,0,60,3783.636689084741,0.3,-1.073955463306539,"0.61920677278402,0.2530662598081953,0.2864059011164275,0.3,0.6,0.18694569099783895","0,0,0"
34.75,173,AV,0,0,0,42,2996.640782499388,0.4,-0.8476120994388193,"0.2677608974358975,0.1467327100029682,0.181114099058037,0.4,0.42,0.14806101319737625","0,0,0"
62.63333333333333,244,AV,0,0,0,58,4950.268578812107,0.5,-1.1869361057332077,"0.5723207428391565,0.2414202391367746,0.27654174543163207,0.5,0.58,0.24458780166728444","0,0,0"
24.166666666666668,26,AV,2,0,0,48,658.4091024775607,0.1,-0.3416666666666667,"0.3891813679975241,0.1822670844524022,0.21694527829893673,0.1,0.48,0.032531332877974904","0,0,0"
23.316666666666666,78,AV,1,0,0,55,1323.5149786113286,0.2,-0.4331666666666667,"0.5153982808022921,0.22262969642320418,0.25758378623188394,0.2,0.55,0.06539354662044386","0,0,0"
41.7,17,AV,0,0,0,47,600.3305173079323,0.1,-1.0167247205510939,"0.3735530520933203,0.17636868244230208,0.21019501239157376,0.1,0.47,0.029661728280885674","0,0,0"
13.466666666666667,35,AV,1,0,0,38,777.0630287344238,0.5,-0.6346666666666667,"0.19008014911463186,0.12457311534968213,0.15993462246777165,0.5,0.38,0.03839390427593374","0,0,0"
23.666666666666668,249,AV,1,0,0,55,5341.061461458292,0.3,-0.5366666666666666,"0.5153982808022921,0.22262969642320418,0.25758378623188394,0.3,0.55,0.26389648574207625","0,0,0"
5.033333333333333,19,AV,0,0,0,7,616.3739675020589,0.1,-0.6370508389667909,"0.0,0.0,0.0,0.1,0.07,0.030454419051430016","0,0,0"
11.633333333333333,90,AV,2,0,0,23,1527.6889462703334,0.1,-0.21633333333333332,"0.06379660238751148,0.0810689655172414,0.11653837861147048,0.1,0.23,0.07548157742369105","0,0,0"
29.433333333333334,82,AV,0,0,0,39,1447.5744631551047,0.1,-0.6015765582145777,"0.2106476635514018,0.12959713610865073,0.16163430725730443,0.1,0.39,0.07152320122755207","0,0,0"
15.95,96,AV,2,0,0,35,1573.7150367511856,0.5,-0.6595,"0.15208464627741733,0.11317866549604924,0.14948240563019832,0.5,0.35,0.07775568035585004","0,0,0"
23.6,256,AV,2,0,0,51,5849.7981009167725,0.9,-1.1360000000000001,"0.4526390697674421,0.20008513838748487,0.23357474466109568,0.9,0.51,0.28903265245540044","0,0,0"
12.883333333333333,246,AV,1,0,0,34,5064.807770076448,0.2,-0.3288333333333333,"0.1379569045412419,0.10832611207394569,0.1432119441739694,0.2,0.34,0.25024706813941117","0,0,0"
19.383333333333333,123,AV,1,0,0,48,2078.9202215407213,0.3,-0.49383333333333335,"0.3891813679975241,0.1822670844524022,0.21694527829893673,0.3,0.48,0.10271736143866485","0,0,0"
23.066666666666666,273,AV,1,0,0,53,7511.51421120444,0.4,-0.6306666666666667,"0.484227454601416,0.21181402714932118,0.24642630597014928,0.4,0.53,0.3711363775239707","0,0,0"
19.116666666666667,102,AV,1,0,0,48,1635.9686818612918,0.4,-0.5911666666666667,"0.3891813679975241,0.1822670844524022,0.21694527829893673,0.4,0.48,0.08083157047389894","0,0,0"
11.9,191,AV,0,0,0,26,3523.1638559153366,0.2,-0.4041507373113813,"0.07435626185958259,0.0850374582954201,0.1208080397470642,0.2,0.26,0.1740759897594787","0,0,0"
48.63333333333333,136,AV,0,0,0,49,2255.9253983027734,0.3,-0.9193164542404797,"0.41891982323232346,0.19093553178847295,0.22553280961182995,0.3,0.49,0.11146300955425625","0,0,0"
32.96666666666667,47,AV,0,0,0,40,913.5589076746268,0.2,-0.8580527154258213,"0.24002907732293688,0.1383259414225941,0.17290247032402944,0.2,0.4,0.04513802864718944","0,0,0"
33.983333333333334,128,AV,2,0,0,72,2139.4702648744856,0.5,-0.8398333333333333,"0.7648158302354403,0.29760889894419307,0.3313443002780353,0.5,0.72,0.10570907830292801","0,0,0"
14.116666666666667,287,AV,1,0,0,40,11049.706566164488,0.2,-0.3411666666666667,"0.24002907732293688,0.1383259414225941,0.17290247032402944,0.2,0.4,0.5459549103364543","0,0,0"
29.25,210,AV,2,0,0,60,4116.183110063293,0.2,-0.4925,"0.61920677278402,0.2530662598081953,0.2864059011164275,0.2,0.6,0.2033764758662804","0,0,0"
17.7,232,AV,1,0,0,45,4660.29795945294,0.2,-0.377,"0.3203124812481248,0.16275553560742068,0.19804830917874391,0.2,0.45,0.23026064442157015","0,0,0"
59.25,299,AV,0,0,0,57,20239.22920549412,0.2,-0.8073226988762281,"0.5556644486692016,0.23565981531128988,0.27027670645852464,0.2,0.57,1.0","0,0,0"
31.383333333333333,43,AV,1,0,0,69,857.6590975250949,0.4,-0.7138333333333333,"0.7506325263811299,0.29151663614163625,0.32681809872029255,0.4,0.69,0.04237607513690668","0,0,0"
21.716666666666665,263,AV,2,0,0,46,6130.868263041086,0.1,-0.31716666666666665,"0.3527483660130721,0.17046815008726,0.20370917225950788,0.1,0.46,0.3029200470429381","0,0,0"
21.833333333333332,23,AV,2,0,0,46,636.6552097563458,0.3,-0.5183333333333333,"0.3527483660130721,0.17046815008726,0.20370917225950788,0.3,0.46,0.03145649487400044","0,0,0"
27.65,5,AV,1,0,0,61,491.0984231068265,0.2,-0.4765,"0.6360615557698489,0.2565975463794134,0.2890309588217612,0.2,0.61,0.024264680147676444","0,0,0"
14.633333333333333,291,AV,2,0,0,34,12051.378145129962,0.3,-0.4463333333333333,"0.1379569045412419,0.10832611207394569,0.1432119441739694,0.3,0.34,0.5954464976293913","0,0,0"
24.65,172,AV,1,0,0,57,2991.769966736588,0.1,-0.34650000000000003,"0.5556644486692016,0.23565981531128988,0.27027670645852464,0.1,0.57,0.14782035107959768","0,0,0"
22.766666666666666,243,AV,1,0,0,51,4925.450001742355,0.2,-0.42766666666666664,"0.4526390697674421,0.20008513838748487,0.23357474466109568,0.2,0.51,0.24336154068581314","0,0,0"
31.633333333333333,44,AV,2,0,0,62,898.3728471886773,0.4,-0.7163333333333334,"0.6503238935314147,0.2610493087557603,0.2948391013964784,0.4,0.62,0.044387700641524724","0,0,0"
86.86666666666666,160,AV,0,0,0,86,2780.081336731352,0.2,-1.1765771785054036,"0.8404559332703814,0.31789395306859214,0.3467316254955778,0.2,0.86,0.1373610283526348","0,0,0"
32.55,233,AV,2,0,0,66,4687.914961676448,0.2,-0.5255,"0.7141187235329701,0.2802321200510856,0.3158070017953321,0.2,0.66,0.23162517278098077","0,0,0"
16.966666666666665,237,AV,1,0,0,44,4756.448820673547,0.2,-0.3696666666666667,"0.29055644152595356,0.154162935323383,0.18814795008912655,0.2,0.44,0.23501136196344702","0,0,0"
33.86666666666667,8,AV,1,0,0,83,508.6019702527906,0.5,-0.8386666666666667,"0.8245137328339576,0.31409705970597057,0.3417434474252233,0.5,0.83,0.025129512843044734","0,0,0"
23.35,62,AV,2,0,0,47,1059.8377785859489,0.4,-0.6335000000000001,"0.3735530520933203,0.17636868244230208,0.21019501239157376,0.4,0.47,0.052365520832099985","0,0,0"
35.5,229,AV,2,0,0,79,4609.601315671212,0.1,-0.45499999999999996,"0.8031230647709328,0.3101069407208819,0.33904834254143634,0.1,0.79,0.2277557741388637","0,0,0"
62.6,55,AV,0,0,0,58,1011.0784796502788,0.1,-1.0227128724802519,"0.5723207428391565,0.2414202391367746,0.27654174543163207,0.1,0.58,0.04995637281363524","0,0,0"
20.883333333333333,165,AV,2,0,0,45,2853.537244729806,0.1,-0.3088333333333333,"0.3203124812481248,0.16275553560742068,0.19804830917874391,0.1,0.45,0.14099041103577145","0,0,0"
14.433333333333334,92,AV,1,0,0,40,1530.0661682302475,0.1,-0.24433333333333335,"0.24002907732293688,0.1383259414225941,0.17290247032402944,0.1,0.4,0.07559903357460358","0,0,0"
67.75,189,AV,0,0,0,59,3465.4556083993225,0.4,-1.1640687037724222,"0.5954809431524546,0.24846371783752524,0.282266511627907,0.4,0.59,0.17122468317412964","0,0,0"
17.9,186,AV,1,0,0,45,3386.12741774329,0.7,-0.879,"0.3203124812481248,0.16275553560742068,0.19804830917874391,0.7,0.45,0.16730515689916173","0,0,0"
20.283333333333335,24,AV,2,0,0,44,640.5426603936758,0.3,-0.5028333333333334,"0.29055644152595356,0.154162935323383,0.18814795008912655,0.3,0.44,0.03164856990797825","0,0,0"
69.76666666666667,68,AV,0,0,0,60,1129.1321270070612,0.3,-1.263357450609903,"0.61920677278402,0.2530662598081953,0.2864059011164275,0.3,0.6,0.05578928503366858","0,0,0"
36.016666666666666,33,AV,2,0,0,91,767.6170681366935,0.7,-1.0601666666666665,"0.8507524075799937,0.32104011249259906,0.35254429783223357,0.7,0.91,0.03792718884414417","0,0,0"
12.916666666666666,148,AV,1,0,0,34,2520.757475212996,0.1,-0.22916666666666666,"0.1379569045412419,0.10832611207394569,0.1432119441739694,0.1,0.34,0.12454809665027725","0,0,0"
33.266666666666666,278,AV,2,0,0,65,8493.635575370567,0.2,-0.5326666666666666,"0.6935900383141764,0.27369441770933606,0.30880886850152917,0.2,0.65,0.41966200832712014","0,0,0"
53.916666666666664,283,AV,0,0,0,55,9667.367812467324,0.4,-0.970198898585381,"0.5153982808022921,0.22262969642320418,0.25758378623188394,0.4,0.55,0.4776549400331427","0,0,0"
28.916666666666668,115,AV,1,0,0,65,1927.298426803608,0.2,-0.4891666666666667,"0.6935900383141764,0.27369441770933606,0.30880886850152917,0.2,0.65,0.09522588075045987","0,0,0"
24.4,65,AV,1,0,0,55,1089.3140785512585,0.2,-0.444,"0.5153982808022921,0.22262969642320418,0.25758378623188394,0.2,0.55,0.05382191522667051","0,0,0"
26.75,276,AV,1,0,0,59,8029.700924090037,0.4,-0.6675,"0.5954809431524546,0.24846371783752524,0.282266511627907,0.4,0.59,0.39673946287985623","0,0,0"
18.083333333333332,20,AV,2,0,0,41,626.2908344343901,0.1,-0.2808333333333333,"0.25183605769230755,0.14176762402088772,0.1761459694989107,0.1,0.41,0.030944401492541913","0,0,0"
19.45,192,AV,1,0,0,48,3558.5090095449787,0.1,-0.2945,"0.3891813679975241,0.1822670844524022,0.21694527829893673,0.1,0.48,0.17582235832276605","0,0,0"
31.183333333333334,221,AV,2,0,0,62,4376.119511966378,0.1,-0.4118333333333334,"0.6503238935314147,0.2610493087557603,0.2948391013964784,0.1,0.62,0.2162196725742125","0,0,0"
34.233333333333334,14,AV,2,0,0,66,583.3206434887895,0.9,-1.2423333333333333,"0.7141187235329701,0.2802321200510856,0.3158070017953321,0.9,0.66,0.028821287489073047","0,0,0"
31.016666666666666,296,AV,0,0,0,39,15387.119225735782,0.6,-0.9296634935644679,"0.2106476635514018,0.12959713610865073,0.16163430725730443,0.6,0.39,0.7602621161856702","0,0,0"
19.133333333333333,21,AV,2,0,0,41,627.4062491148882,0.4,-0.5913333333333334,"0.25183605769230755,0.14176762402088772,0.1761459694989107,0.4,0.41,0.0309995130123124","0,0,0"
74.91666666666667,12,AV,0,0,0,65,567.9518330451218,0.1,-1.3773804737980297,"0.6935900383141764,0.27369441770933606,0.30880886850152917,0.1,0.65,0.028061929991431995","0,0,0"
8.5,196,AV,0,0,0,20,3724.6301341612702,0.4,-0.565544910284778,"0.05803589743589744,0.07857117117117118,0.11447867867867868,0.4,0.2,0.1840302363466582","0,0,0"
23.8,231,AV,2,0,0,49,4645.51881630073,0.6,-0.838,"0.41891982323232346,0.19093553178847295,0.22553280961182995,0.6,0.49,0.2295304217929239","0,0,0"
48.766666666666666,183,AV,0,0,0,49,3323.1633986738134,0.1,-0.6779420952296202,"0.41891982323232346,0.19093553178847295,0.22553280961182995,0.1,0.49,0.16419416791681526","0,0,0"
81.86666666666666,250,AV,0,0,0,76,5354.15698790508,0.9,-1.774697896359351,"0.7918091221493284,0.30679712121212116,0.33728728270814273,0.9,0.76,0.26454352255923097","0,0,0"
15.75,242,AV,0,0,0,28,4924.983441788647,0.1,-0.31841391038079236,"0.09278089706356889,0.09114294294294296,0.1255096985974336,0.1,0.28,0.24333848842680805","0,0,0"
22.683333333333334,145,AV,2,0,0,48,2472.005569054355,0.9,-1.1268333333333334,"0.3891813679975241,0.1822670844524022,0.21694527829893673,0.9,0.48,0.12213931390150505","0,0,0"
12.683333333333334,285,AV,2,0,0,17,10751.672106064549,0.2,-0.3268333333333333,"0.05464071038251366,0.076812136325852,0.1127816399286987,0.2,0.17,0.5312293268137855","0,0,0"
31.4,267,AV,1,0,0,70,6563.608435155774,0.1,-0.41400000000000003,"0.7578163140141061,0.29304794520547955,0.3271049783549785,0.1,0.7,0.3243013045859485","0,0,0"
6.916666666666667,166,AV,0,0,0,11,2857.8751728516777,0.4,-0.5741397609605825,"0.0503011695906433,0.0704555555555556,0.10408333333333332,0.4,0.11,0.14120474371009553","0,0,0"
35.0,134,AV,2,0,0,77,2239.194506681481,0.4,-0.75,"0.8001099591580275,0.30966909090909095,0.3396331513497117,0.4,0.77,0.11063635299281217","0,0,0"
13.966666666666667,286,AV,1,0,0,38,10783.100237376317,0.2,-0.3396666666666667,"0.19008014911463186,0.12457311534968213,0.15993462246777165,0.2,0.38,0.5327821592360418","0,0,0"
20.983333333333334,64,AV,2,0,0,44,1083.524948441525,0.1,-0.30983333333333335,"0.29055644152595356,0.154162935323383,0.18814795008912655,0.1,0.44,0.053535880118764236","0,0,0"
28.233333333333334,214,AV,1,0,0,64,4200.245935785981,0.2,-0.48233333333333334,"0.6737225776965263,0.26735701021355623,0.3019707682889499,0.2,0.64,0.2075299357075212","0,0,0"
14.2,159,AV,1,0,0,39,2767.495209174315,0.1,-0.242,"0.2106476635514018,0.12959713610865073,0.16163430725730443,0.1,0.39,0.1367391604233156","0,0,0"
25.933333333333334,170,AV,2,0,0,55,2946.490055333797,0.1,-0.3593333333333334,"0.5153982808022921,0.22262969642320418,0.25758378623188394,0.1,0.55,0.1455831161067115","0,0,0"
29.383333333333333,36,AV,1,0,0,67,779.0639592631991,0.2,-0.49383333333333335,"0.7243251959011451,0.2830987179487179,0.31826092160383007,0.2,0.67,0.0384927682449347","0,0,0"
36.416666666666664,124,AV,2,0,0,100,2105.159940183184,0.1,-0.4641666666666666,"0.8577572936064561,0.3227280465949822,0.3545859813084112,0.1,1.0,0.10401383959877876","0,0,0"
64.35,144,AV,0,0,0,58,2421.0391237858234,0.2,-0.9674137348308871,"0.5723207428391565,0.2414202391367746,0.27654174543163207,0.2,0.58,0.1196211129981477","0,0,0"
45.05,175,AV,0,0,0,48,3031.4508351358254,0.1,-0.6494625154143587,"0.3891813679975241,0.1822670844524022,0.21694527829893673,0.1,0.48,0.14978094295769478","0,0,0"
32.28333333333333,289,AV,1,0,0,76,11515.391842589095,0.1,-0.4228333333333333,"0.7918091221493284,0.30679712121212116,0.33728728270814273,0.1,0.76,0.5689639524149042","0,0,0"
39.85,54,AV,0,0,0,45,985.0802174553831,0.1,-0.8030437261697805,"0.3203124812481248,0.16275553560742068,0.19804830917874391,0.1,0.45,0.04867182477423469","0,0,0"
31.933333333333334,121,AV,2,0,0,65,2030.86588445069,0.4,-0.7193333333333334,"0.6935900383141764,0.27369441770933606,0.30880886850152917,0.4,0.65,0.10034304487739054","0,0,0"
25.583333333333332,188,AV,2,0,0,50,3458.1247672483346,0.4,-0.6558333333333333,"0.43148275321417356,0.19454329196217493,0.22820533208606172,0.4,0.5,0.17086247367116114","0,0,0"
64.33333333333333,161,AV,0,0,0,58,2797.307504072895,0.1,-0.8505793188258822,"0.5723207428391565,0.2414202391367746,0.27654174543163207,0.1,0.58,0.13821215599028547","0,0,0"
28.183333333333334,230,AV,2,0,0,53,4635.813442599864,0.1,-0.38183333333333336,"0.484227454601416,0.21181402714932118,0.24642630597014928,0.1,0.53,0.22905088902009327","0,0,0"
20.866666666666667,217,AV,0,0,0,31,4237.057085974603,0.1,-0.3794705274390533,"0.11771026856240124,0.10135287152161038,0.13633873957367926,0.1,0.31,0.20934873768929974","0,0,0"
18.866666666666667,204,AV,2,0,0,40,3919.41152379869,0.4,-0.5886666666666667,"0.24002907732293688,0.1383259414225941,0.17290247032402944,0.4,0.4,0.1936541892976206","0,0,0"
21.066666666666666,80,AV,1,0,0,51,1386.7650627050614,0.1,-0.31066666666666665,"0.4526390697674421,0.20008513838748487,0.23357474466109568,0.1,0.51,0.0685186697885022","0,0,0"
15.7,142,AV,2,0,0,33,2392.7441380289174,0.9,-1.057,"0.1269035420619861,0.10437777777777774,0.13884950840469396,0.9,0.33,0.1182230861528751","0,0,0"
18.066666666666666,59,AV,2,0,0,39,1025.7249596144625,0.2,-0.3806666666666667,"0.2106476635514018,0.12959713610865073,0.16163430725730443,0.2,0.39,0.050680040687321244","0,0,0"
32.71666666666667,76,AV,2,0,0,69,1297.4303329633815,0.1,-0.4271666666666667,"0.7506325263811299,0.29151663614163625,0.32681809872029255,0.1,0.69,0.06410473046133508","0,0,0"
73.15,86,AV,0,0,0,64,1503.4428459110418,0.6,-1.5310420050824805,"0.6737225776965263,0.26735701021355623,0.3019707682889499,0.6,0.64,0.07428360194186243","0,0,0"
13.4,0,AV,1,0,0,37,388.2787303527966,0.1,-0.234,"0.1773134883720931,0.12027953586497894,0.15487025023169598,0.1,0.37,0.01918446233354553","0,0,0"
17.05,245,AV,1,0,0,44,4959.361066312568,0.2,-0.37050000000000005,"0.29055644152595356,0.154162935323383,0.18814795008912655,0.2,0.44,0.24503705234813514","0,0,0"
24.65,198,AV,2,0,0,52,3778.090807703549,0.3,-0.5465,"0.47818104514533105,0.20956577777777774,0.2449083885209712,0.3,0.52,0.18667167456544997","0,0,0"
24.633333333333333,238,AV,2,0,0,50,4818.617258984985,0.2,-0.44633333333333336,"0.43148275321417356,0.19454329196217493,0.22820533208606172,0.2,0.5,0.2380830420990997","0,0,0"
25.016666666666666,150,AV,2,0,0,50,2538.843693606908,0.2,-0.45016666666666666,"0.43148275321417356,0.19454329196217493,0.22820533208606172,0.2,0.5,0.12544171854715278","0,0,0"
80.0,83,AV,0,0,0,73,1454.957177165027,0.1,-1.1061916355397812,"0.7751365064404645,0.30117148699970786,0.3349075299306866,0.1,0.73,0.07188797371641335","0,0,0"
33.06666666666667,178,AV,2,0,0,67,3097.4575811220984,0.9,-1.2306666666666668,"0.7243251959011451,0.2830987179487179,0.31826092160383007,0.9,0.67,0.15304227002287546","0,0,0"
86.85,104,AV,0,0,0,95,1649.648602545546,0.2,-1.2503569115489654,"0.8535121608980356,0.3215375110326565,0.3531474480151228,0.2,0.95,0.08150748162374356","0,0,0"
33.13333333333333,197,AV,2,0,0,67,3759.463069718096,0.1,-0.43133333333333335,"0.7243251959011451,0.2830987179487179,0.31826092160383007,0.1,0.67,0.18575129672910448","0,0,0"
43.55,181,AV,0,0,0,47,3197.7177395395383,0.1,-0.6293169108206527,"0.3735530520933203,0.17636868244230208,0.21019501239157376,0.1,0.47,0.15799602381455757","0,0,0"
57.46666666666667,194,AV,0,0,0,56,3608.770587345788,0.4,-1.0577974705620306,"0.5442771028037383,0.23200607947805454,0.26693761726078785,0.4,0.56,0.17830573243205106","0,0,0"
12.283333333333333,37,AV,2,0,0,25,779.2240782816187,0.8,-0.9228333333333334,"0.06863393489030431,0.08258522540309311,0.11758205652025883,0.8,0.25,0.038500679564916006","0,0,0"
55.93333333333333,11,AV,0,0,0,55,566.7055292848979,0.4,-1.4887087928926523,"0.5153982808022921,0.22262969642320418,0.25758378623188394,0.4,0.55,0.02800035137361163","0,0,0"
36.416666666666664,13,AV,2,0,0,83,572.7967315704935,0.5,-0.8641666666666666,"0.8245137328339576,0.31409705970597057,0.3417434474252233,0.5,0.83,0.02830131156452355","0,0,0"
13.683333333333334,226,AV,0,0,0,26,4547.885280126284,0.2,-0.4027980579298319,"0.07435626185958259,0.0850374582954201,0.1208080397470642,0.2,0.26,0.2247064467698068","0,0,0"
32.21666666666667,176,AV,2,0,0,63,3032.1279287666234,0.3,-0.6221666666666668,"0.6672481617647054,0.2657240844196151,0.3003418336369155,0.3,0.63,0.14981439747436257","0,0,0"
39.9,52,AV,0,0,0,45,978.4447105201264,0.2,-0.9056090467600613,"0.3203124812481248,0.16275553560742068,0.19804830917874391,0.2,0.45,0.04834397103692658","0,0,0"
78.33333333333333,171,AV,0,0,0,68,2969.8754393798326,0.1,-0.9843476708446216,"0.7389056750857498,0.2866452952029521,0.32033408611863906,0.1,0.68,0.1467385644594426","0,0,0"
33.03333333333333,163,AV,0,0,0,40,2818.3733061874163,0.9,-1.3367777136222696,"0.24002907732293688,0.1383259414225941,0.17290247032402944,0.9,0.4,0.13925299612805134","0,0,0"
28.55,169,AV,1,0,0,64,2909.8477340427667,0.3,-0.5855,"0.6737225776965263,0.26735701021355623,0.3019707682889499,0.3,0.64,0.1437726557913017","0,0,0"
18.333333333333332,50,AV,2,0,0,39,943.1907669438916,0.4,-0.5833333333333334,"0.2106476635514018,0.12959713610865073,0.16163430725730443,0.4,0.39,0.046602109070826375","0,0,0"
7.583333333333333,16,AV,1,0,0,18,595.9176043698985,0.9,-0.9758333333333333,"0.05638836477987421,0.07791537324464147,0.11453807303807301,0.9,0.18,0.029443690682060725","0,0,0"
17.4,187,AV,0,0,0,29,3393.6426315430986,0.4,-0.6624005867947236,"0.10145303605313094,0.0954963061465721,0.13067068645640068,0.4,0.29,0.16767647606964517","0,0,0"
13.0,91,AV,2,0,0,27,1528.3774584247917,0.3,-0.43,"0.08536601626016256,0.08891823336317523,0.1242328562909958,0.3,0.27,0.07551559611815158","0,0,0"
52.266666666666666,113,AV,0,0,0,52,1848.7234685638712,0.6,-1.2849408007387821,"0.47818104514533105,0.20956577777777774,0.2449083885209712,0.6,0.52,0.09134357093312716","0,0,0"
26.883333333333333,153,AV,2,0,0,53,2675.3892374750885,0.5,-0.7688333333333333,"0.484227454601416,0.21181402714932118,0.24642630597014928,0.5,0.53,0.13218829681264888","0,0,0"
9.5,264,AV,1,0,0,26,6230.691172258436,0.1,-0.195,"0.07435626185958259,0.0850374582954201,0.1208080397470642,0.1,0.26,0.3078521967905309","0,0,0"
37.516666666666666,118,AV,2,0,0,65,1950.0200213032829,0.7,-1.0751666666666666,"0.6935900383141764,0.27369441770933606,0.30880886850152917,0.7,0.65,0.09634853192798135","0,0,0"
9.383333333333333,100,AV,1,0,0,22,1594.6992934726818,0.7,-0.7938333333333333,"0.06181212574850301,0.08010750460405157,0.11548120128381478,0.7,0.22,0.07879249141759738","0,0,0"
34.483333333333334,79,AV,1,0,0,85,1348.5865378412918,0.1,-0.4448333333333333,"0.8356032196969702,0.3167560538116593,0.3449202632384448,0.1,0.85,0.0666323071965214","0,0,0"
17.383333333333333,27,AV,1,0,0,44,676.2529471816457,0.4,-0.5738333333333334,"0.29055644152595356,0.154162935323383,0.18814795008912655,0.4,0.44,0.033412979334117666","0,0,0"
10.266666666666667,69,AV,0,0,0,25,1141.0395517097602,0.3,-0.6655848096446844,"0.06863393489030431,0.08258522540309311,0.11758205652025883,0.3,0.25,0.056377618936200136","0,0,0"
16.416666666666668,241,AV,2,0,0,38,4889.272753955773,0.9,-1.0641666666666667,"0.19008014911463186,0.12457311534968213,0.15993462246777165,0.9,0.38,0.24157405918544247","0,0,0"
71.48333333333333,126,AV,0,0,0,60,2108.868816674547,0.1,-0.9570896925852411,"0.61920677278402,0.2530662598081953,0.2864059011164275,0.1,0.6,0.10419709146344741","0,0,0"
30.583333333333332,25,AV,1,0,0,68,650.412147456106,0.2,-0.5058333333333334,"0.7389056750857498,0.2866452952029521,0.32033408611863906,0.2,0.68,0.03213621135727569","0,0,0"
34.3,252,AV,2,0,0,69,5502.789496653042,0.3,-0.643,"0.7506325263811299,0.29151663614163625,0.32681809872029255,0.3,0.69,0.27188730562719554","0,0,0"
26.383333333333333,31,AV,1,0,0,59,743.7818724069466,0.2,-0.4638333333333333,"0.5954809431524546,0.24846371783752524,0.282266511627907,0.2,0.59,0.03674951574761752","0,0,0"
24.216666666666665,290,AV,0,0,0,36,11940.25564443948,0.7,-0.9672917568601676,"0.16530290392338587,0.11655691056910576,0.1509689633767846,0.7,0.36,0.5899560464090298","0,0,0"
20.116666666666667,218,AV,2,0,0,44,4266.216809230351,0.3,-0.5011666666666666,"0.29055644152595356,0.154162935323383,0.18814795008912655,0.3,0.44,0.2107894903464134","0,0,0"
21.15,88,AV,1,0,0,50,1517.942512651984,0.4,-0.6115,"0.43148275321417356,0.19454329196217493,0.22820533208606172,0.4,0.5,0.07500001592155126","0,0,0"
31.65,177,AV,2,0,0,64,3064.640983136323,0.8,-1.1165,"0.6737225776965263,0.26735701021355623,0.3019707682889499,0.8,0.64,0.1514208348559242","0,0,0"
10.933333333333334,215,AV,2,0,0,16,4223.122456076251,0.2,-0.30933333333333335,"0.05411574074074075,0.07676050830889537,0.11341267305644301,0.2,0.16,0.20866024161284988","0,0,0"
76.63333333333334,279,AV,0,0,0,65,8981.750106371177,0.2,-0.9997343962049441,"0.6935900383141764,0.27369441770933606,0.30880886850152917,0.2,0.65,0.4437792573608979","0,0,0"
14.016666666666667,87,AV,1,0,0,38,1507.5005543882637,0.2,-0.3401666666666667,"0.19008014911463186,0.12457311534968213,0.15993462246777165,0.2,0.38,0.07448408924481369","0,0,0"
26.133333333333333,227,AV,2,0,0,53,4549.070920567666,0.5,-0.7613333333333333,"0.484227454601416,0.21181402714932118,0.24642630597014928,0.5,0.53,0.22476502807393375","0,0,0"
21.616666666666667,261,AV,2,0,0,46,6007.794801579103,0.1,-0.3161666666666667,"0.3527483660130721,0.17046815008726,0.20370917225950788,0.1,0.46,0.29683911084658465","0,0,0"
21.983333333333334,106,AV,2,0,0,46,1664.0464513081895,0.1,-0.31983333333333336,"0.3527483660130721,0.17046815008726,0.20370917225950788,0.1,0.46,0.08221886487932402","0,0,0"
6.9,225,AV,0,0,0,13,4504.939201911708,0.2,-0.3355935735320673,"0.05049309664694281,0.07238856015779092,0.10782229580573953,0.2,0.13,0.2225845241521748","0,0,0"
13.666666666666666,297,AV,0,0,0,27,16390.717038727882,0.2,-0.3549697097422784,"0.08536601626016256,0.08891823336317523,0.1242328562909958,0.2,0.27,0.8098488767684134","0,0,0"
18.716666666666665,119,AV,2,0,0,41,1986.5043233563797,0.4,-0.5871666666666666,"0.25183605769230755,0.14176762402088772,0.1761459694989107,0.4,0.41,0.09815118467145603","0,0,0"
9.416666666666666,15,AV,1,0,0,24,591.6693204447811,0.3,-0.39416666666666667,"0.06462225097024583,0.0813896129541864,0.11651690821256037,0.3,0.24,0.02923378723751827","0,0,0"
71.4,213,AV,0,0,0,61,4164.701887555128,0.9,-1.686033967400273,"0.6360615557698489,0.2565975463794134,0.2890309588217612,0.9,0.61,0.20577373996162773","0,0,0"
32.31666666666667,185,AV,2,0,0,66,3368.9508766880413,0.2,-0.5231666666666668,"0.7141187235329701,0.2802321200510856,0.3158070017953321,0.2,0.66,0.16645648124650464","0,0,0"
35.55,146,AV,2,0,0,79,2486.38103050259,0.2,-0.5555,"0.8031230647709328,0.3101069407208819,0.33904834254143634,0.2,0.79,0.12284959102235175","0,0,0"
19.733333333333334,205,AV,2,0,0,42,3942.222625638348,0.1,-0.29733333333333334,"0.2677608974358975,0.1467327100029682,0.181114099058037,0.1,0.42,0.19478126294296802","0,0,0"
23.016666666666666,282,AV,1,0,0,54,9095.945853089892,0.1,-0.33016666666666666,"0.5033415326395464,0.2185664612676056,0.2530645110902843,0.1,0.54,0.44942155458275634","0,0,0"
52.43333333333333,30,AV,0,0,0,51,743.7553910389753,0.1,-1.0276917541454778,"0.4526390697674421,0.20008513838748487,0.23357474466109568,0.1,0.51,0.036748207329806624","0,0,0"
43.516666666666666,162,AV,0,0,0,47,2815.231094880572,0.1,-0.6417298545149192,"0.3735530520933203,0.17636868244230208,0.21019501239157376,0.1,0.47,0.1390977426213619","0,0,0"
23.566666666666666,149,AV,1,0,0,55,2533.2754137277425,0.1,-0.33566666666666667,"0.5153982808022921,0.22262969642320418,0.25758378623188394,0.1,0.55,0.12516659542746134","0,0,0"
30.066666666666666,224,AV,2,0,0,57,4434.023444374438,0.3,-0.6006666666666667,"0.5556644486692016,0.23565981531128988,0.27027670645852464,0.3,0.57,0.21908064775365965","0,0,0"
27.15,248,AV,2,0,0,54,5307.329693361759,0.1,-0.37149999999999994,"0.5033415326395464,0.2185664612676056,0.2530645110902843,0.1,0.54,0.2622298329385507","0,0,0"
79.75,125,AV,0,0,0,73,2105.6010448069283,0.2,-1.1399771329497077,"0.7751365064404645,0.30117148699970786,0.3349075299306866,0.2,0.73,0.104035634135481","0,0,0"
28.666666666666668,272,AV,2,0,0,56,7336.658338656486,0.8,-1.0866666666666667,"0.5442771028037383,0.23200607947805454,0.26693761726078785,0.8,0.56,0.3624969243722426","0,0,0"
29.7,258,AV,2,0,0,59,5882.279762541917,0.4,-0.6970000000000001,"0.5954809431524546,0.24846371783752524,0.282266511627907,0.4,0.59,0.29063753875296394","0,0,0"
14.016666666666667,3,AV,2,0,0,35,437.8567856598078,0.1,-0.24016666666666667,"0.15208464627741733,0.11317866549604924,0.14948240563019832,0.1,0.35,0.021634064282494894","0,0,0"
36.483333333333334,180,AV,0,0,0,44,3158.0604616132755,0.1,-0.5598283480414263,"0.29055644152595356,0.154162935323383,0.18814795008912655,0.1,0.44,0.1560365975180513","0,0,0"
12.7,108,AV,2,0,0,15,1684.196745492046,0.2,-0.327,"0.052767373380447624,0.07445575757575755,0.11042801556420226,0.2,0.15,0.08321447068917306","0,0,0"
66.38333333333334,260,AV,0,0,0,58,5960.007005011629,0.1,-0.8141688446419169,"0.5723207428391565,0.2414202391367746,0.27654174543163207,0.1,0.58,0.29447796378499097","0,0,0"
82.01666666666667,75,AV,0,0,0,72,1279.3396024785957,0.1,-1.154662651484755,"0.7648158302354403,0.29760889894419307,0.3313443002780353,0.1,0.72,0.06321088562657848","0,0,0"
26.483333333333334,105,AV,1,0,0,60,1659.6531244520008,0.7,-0.9648333333333333,"0.61920677278402,0.2530662598081953,0.2864059011164275,0.7,0.6,0.08200179500914358","0,0,0"
15.233333333333333,203,AV,2,0,0,34,3866.930621896856,0.3,-0.4523333333333333,"0.1379569045412419,0.10832611207394569,0.1432119441739694,0.3,0.34,0.19106116061214143","0,0,0"
46.65,253,AV,0,0,0,48,5557.427333357366,0.3,-0.8204818124475166,"0.3891813679975241,0.1822670844524022,0.21694527829893673,0.3,0.48,0.27458690629625127","0,0,0"
85.2,70,AV,0,0,0,83,1148.9174546898266,0.1,-1.2131153645332955,"0.8245137328339576,0.31409705970597057,0.3417434474252233,0.1,0.83,0.05676685821503235","0,0,0"
29.683333333333334,184,AV,2,0,0,57,3352.9358316496982,0.1,-0.39683333333333337,"0.5556644486692016,0.23565981531128988,0.27027670645852464,0.1,0.57,0.16566519394619603","0,0,0"
15.5,61,AV,0,0,0,28,1047.1205397958274,0.6,-1.0414999669078169,"0.09278089706356889,0.09114294294294296,0.1255096985974336,0.6,0.28,0.051737174828356464","0,0,0"
34.2,34,AV,1,0,0,89,776.0711537761008,0.3,-0.642,"0.8429337464251668,0.31867124298789473,0.3483042205791743,0.3,0.89,0.03834489672983343","0,0,0"
31.583333333333332,81,AV,1,0,0,74,1446.9812594843625,0.8,-1.1158333333333332,"0.7806422179610095,0.30285907504363,0.33516262060379703,0.8,0.74,0.07149389162960644","0,0,0"
26.883333333333333,39,AV,1,0,0,60,816.2772675203604,0.5,-0.7688333333333333,"0.61920677278402,0.2530662598081953,0.2864059011164275,0.5,0.6,0.04033144045321521","0,0,0"
12.266666666666667,18,AV,1,0,0,35,601.3137559373858,0.4,-0.5226666666666667,"0.15208464627741733,0.11317866549604924,0.14948240563019832,0.4,0.35,0.029710309114645228","0,0,0"
17.966666666666665,40,AV,2,0,0,39,825.4433072334436,0.5,-0.6796666666666666,"0.2106476635514018,0.12959713610865073,0.16163430725730443,0.5,0.39,0.040784325275063815","0,0,0"
25.316666666666666,294,AV,1,0,0,59,13460.811009378149,0.9,-1.1531666666666667,"0.5954809431524546,0.24846371783752524,0.282266511627907,0.9,0.59,0.6650851607394264","0,0,0"
26.066666666666666,72,AV,0,0,0,36,1200.7903182940884,0.4,-0.9105021253887167,"0.16530290392338587,0.11655691056910576,0.1509689633767846,0.4,0.36,0.05932984433854443","0,0,0"
73.23333333333333,138,AV,0,0,0,62,2318.1098695731453,0.1,-0.9617491146721366,"0.6503238935314147,0.2610493087557603,0.2948391013964784,0.1,0.62,0.11453548186231685","0,0,0"
29.933333333333334,71,AV,2,0,0,59,1150.4391077840953,0.1,-0.3993333333333333,"0.5954809431524546,0.24846371783752524,0.282266511627907,0.1,0.59,0.056842041567067104","0,0,0"
57.6,58,AV,0,0,0,56,1022.032321197676,0.4,-1.2695327912608898,"0.5442771028037383,0.23200607947805454,0.26693761726078785,0.4,0.56,0.05049759112961852","0,0,0"
19.133333333333333,200,AV,2,0,0,43,3803.247088152212,0.6,-0.7913333333333333,"0.2775445084854304,0.1493772727272727,0.18368051831992852,0.6,0.43,0.18791462113190488","0,0,0"
28.85,262,AV,1,0,0,64,6081.635477498837,0.4,-0.6885000000000001,"0.6737225776965263,0.26735701021355623,0.3019707682889499,0.4,0.64,0.3004875045265025","0,0,0"
83.51666666666667,60,AV,0,0,0,80,1040.734547163155,0.3,-1.4234246098835446,"0.8127074669187141,0.312359804791482,0.34075798449612393,0.3,0.8,0.05142164934229008","0,0,0"
54.016666666666666,4,AV,0,0,0,54,449.0833195935783,0.3,-1.5081941504563139,"0.5033415326395464,0.2185664612676056,0.2530645110902843,0.3,0.54,0.022188756055575014","0,0,0"
21.583333333333332,201,AV,1,0,0,51,3824.993837156676,0.8,-1.0158333333333334,"0.4526390697674421,0.20008513838748487,0.23357474466109568,0.8,0.51,0.18898910617200515","0,0,0"
22.366666666666667,219,AV,0,0,0,35,4281.8327360815,0.4,-0.6937301227825503,"0.15208464627741733,0.11317866549604924,0.14948240563019832,0.4,0.35,0.21156105761770602","0,0,0"
18.283333333333335,116,AV,1,0,0,45,1942.5668635563816,0.1,-0.2828333333333334,"0.3203124812481248,0.16275553560742068,0.19804830917874391,0.1,0.45,0.09598027888478354","0,0,0"
41.68333333333333,275,AV,0,0,0,45,7658.5640246764915,0.8,-1.256005167509215,"0.3203124812481248,0.16275553560742068,0.19804830917874391,0.8,0.45,0.37840196120697644","0,0,0"
23.083333333333332,66,AV,2,0,0,49,1100.389953660579,0.9,-1.1308333333333334,"0.41891982323232346,0.19093553178847295,0.22553280961182995,0.9,0.49,0.05436916309845774","0,0,0"
29.866666666666667,139,AV,2,0,0,58,2326.172138461347,0.1,-0.3986666666666667,"0.5723207428391565,0.2414202391367746,0.27654174543163207,0.1,0.58,0.11493383047561351","0,0,0"
36.53333333333333,265,AV,0,0,0,43,6427.339783247283,0.1,-0.5120089425460193,"0.2775445084854304,0.1493772727272727,0.18368051831992852,0.1,0.43,0.3175684072742515","0,0,0"
19.216666666666665,85,AV,1,0,0,47,1474.807688008607,0.1,-0.2921666666666667,"0.3735530520933203,0.17636868244230208,0.21019501239157376,0.1,0.47,0.07286876753232566","0,0,0"
18.783333333333335,293,AV,1,0,0,47,13351.937436366714,0.1,-0.2878333333333334,"0.3735530520933203,0.17636868244230208,0.21019501239157376,0.1,0.47,0.6597058267783346","0,0,0"
31.383333333333333,51,AV,0,0,0,39,954.0002559944874,0.1,-0.7282986577553568,"0.2106476635514018,0.12959713610865073,0.16163430725730443,0.1,0.39,0.04713619507483592","0,0,0"
85.16666666666667,77,AV,0,0,0,83,1310.9401185904849,0.1,-1.1805100712933847,"0.8245137328339576,0.31409705970597057,0.3417434474252233,0.1,0.83,0.06477223540877823","0,0,0"
21.866666666666667,157,AV,1,0,0,51,2758.442965787371,0.2,-0.4186666666666667,"0.4526390697674421,0.20008513838748487,0.23357474466109568,0.2,0.51,0.13629189816371895","0,0,0"
25.966666666666665,6,AV,0,0,0,37,497.26542980048754,0.2,-1.0629661964979797,"0.1773134883720931,0.12027953586497894,0.15487025023169598,0.2,0.37,0.024569385758302514","0,0,0"
27.916666666666668,167,AV,0,0,0,37,2891.134206742707,0.3,-0.6829321713258207,"0.1773134883720931,0.12027953586497894,0.15487025023169598,0.3,0.37,0.14284803919103217","0,0,0"
23.716666666666665,271,AV,1,0,0,55,7332.887514065835,0.8,-1.0371666666666668,"0.5153982808022921,0.22262969642320418,0.25758378623188394,0.8,0.55,0.3623106117141683","0,0,0"
10.233333333333333,56,AV,0,0,0,20,1014.5614647146556,0.1,-0.49802759182202405,"0.05803589743589744,0.07857117117117118,0.11447867867867868,0.1,0.2,0.05012846360963409","0,0,0"
13.533333333333333,130,AV,1,0,0,38,2198.5025098873134,0.1,-0.23533333333333334,"0.19008014911463186,0.12457311534968213,0.15993462246777165,0.1,0.38,0.10862580227563756","0,0,0"
18.2,9,AV,2,0,0,38,541.9839687696077,0.4,-0.5820000000000001,"0.19008014911463186,0.12457311534968213,0.15993462246777165,0.4,0.38,0.02677888388271631","0,0,0"
21.283333333333335,193,AV,2,0,0,45,3583.4963710051925,0.8,-1.0128333333333335,"0.3203124812481248,0.16275553560742068,0.19804830917874391,0.8,0.45,0.17705695877155342","0,0,0"
60.766666666666666,236,AV,0,0,0,57,4754.245589533712,0.3,-0.9707681607628991,"0.5556644486692016,0.23565981531128988,0.27027670645852464,0.3,0.57,0.234902502524312","0,0,0"
19.9,155,AV,1,0,0,48,2747.619709803412,0.2,-0.399,"0.3891813679975241,0.1822670844524022,0.21694527829893673,0.2,0.48,0.13575713194935043","0,0,0"
22.983333333333334,202,AV,1,0,0,53,3849.958431883558,0.4,-0.6298333333333334,"0.484227454601416,0.21181402714932118,0.24642630597014928,0.4,0.53,0.19022258173935064","0,0,0"
4.933333333333334,48,AV,0,0,0,12,932.0432837729122,0.1,-0.47120679696218937,"0.05146177370030583,0.07467575757575756,0.1121121495327103,0.1,0.12,0.04605132311658888","0,0,0"
17.45,7,AV,0,0,0,28,506.5869000089976,0.1,-0.8666984954499842,"0.09278089706356889,0.09114294294294296,0.1255096985974336,0.1,0.28,0.025029950244917432","0,0,0"
50.21666666666667,212,AV,0,0,0,50,4159.866430607663,0.3,-0.8742843668391158,"0.43148275321417356,0.19454329196217493,0.22820533208606172,0.3,0.5,0.20553482488742356","0,0,0"
55.766666666666666,120,AV,0,0,0,55,2011.9739719035176,0.8,-1.5067739633759634,"0.5153982808022921,0.22262969642320418,0.25758378623188394,0.8,0.55,0.09940961444111464","0,0,0"
23.4,220,AV,1,0,0,53,4343.557359248321,0.4,-0.634,"0.484227454601416,0.21181402714932118,0.24642630597014928,0.4,0.53,0.21461080929254078","0,0,0"
38.35,94,AV,0,0,0,44,1564.4426034616197,0.1,-0.6752615892946116,"0.29055644152595356,0.154162935323383,0.18814795008912655,0.1,0.44,0.07729753873417955","0,0,0"
22.366666666666667,259,AV,0,0,0,33,5913.041300376779,0.9,-1.174401979471075,"0.1269035420619861,0.10437777777777774,0.13884950840469396,0.9,0.33,0.2921574354606168","0,0,0"
24.15,57,AV,0,0,0,36,1020.5842314575186,0.8,-1.3354492799840376,"0.16530290392338587,0.11655691056910576,0.1509689633767846,0.8,0.36,0.050426042469071494","0,0,0"
26.85,99,AV,1,0,0,61,1592.6375082496468,0.5,-0.7685,"0.6360615557698489,0.2565975463794134,0.2890309588217612,0.5,0.61,0.0786906206792357","0,0,0"
45.1,132,AV,0,0,0,47,2218.0502812558643,0.1,-0.6862539221203495,"0.3735530520933203,0.17636868244230208,0.21019501239157376,0.1,0.47,0.10959163803796217","0,0,0"
12.95,179,AV,1,0,0,35,3132.463358685509,0.2,-0.3295,"0.15208464627741733,0.11317866549604924,0.14948240563019832,0.2,0.35,0.15477187035537765","0,0,0"
32.0,284,AV,1,0,0,76,10426.353459350525,0.2,-0.52,"0.7918091221493284,0.30679712121212116,0.33728728270814273,0.2,0.76,0.5151556590169055","0,0,0"
27.983333333333334,223,AV,1,0,0,61,4429.527615460413,0.1,-0.37983333333333336,"0.6360615557698489,0.2565975463794134,0.2890309588217612,0.1,0.61,0.2188585133596875","0,0,0"
15.316666666666666,103,AV,1,0,0,43,1639.6236094811811,0.7,-0.8531666666666666,"0.2775445084854304,0.1493772727272727,0.18368051831992852,0.7,0.43,0.08101215677897904","0,0,0"
35.03333333333333,211,AV,2,0,0,74,4135.471393234625,0.2,-0.5503333333333333,"0.7806422179610095,0.30285907504363,0.33516262060379703,0.2,0.74,0.20432949057724065","0,0,0"
25.3,107,AV,2,0,0,50,1682.490559712908,0.2,-0.453,"0.43148275321417356,0.19454329196217493,0.22820533208606172,0.2,0.5,0.08313016976240285","0,0,0"
8.516666666666667,10,AV,0,0,0,18,546.8646928603165,0.1,-0.7337484345458151,"0.05638836477987421,0.07791537324464147,0.11453807303807301,0.1,0.18,0.027020035561031403","0,0,0"
18.7,127,AV,2,0,0,39,2131.3254046090938,0.1,-0.28700000000000003,"0.2106476635514018,0.12959713610865073,0.16163430725730443,0.1,0.39,0.10530664893258515","0,0,0"
29.566666666666666,42,AV,1,0,0,64,832.3173438658397,0.4,-0.6956666666666667,"0.6737225776965263,0.26735701021355623,0.3019707682889499,0.4,0.64,0.04112396452528438","0,0,0"
28.366666666666667,67,AV,1,0,0,62,1104.4445206976068,0.1,-0.3836666666666667,"0.6503238935314147,0.2610493087557603,0.2948391013964784,0.1,0.62,0.05456949518600221","0,0,0"
25.383333333333333,164,AV,2,0,0,51,2850.5966631146844,0.1,-0.35383333333333333,"0.4526390697674421,0.20008513838748487,0.23357474466109568,0.1,0.51,0.14084511984976505","0,0,0"
36.0,158,AV,2,0,0,89,2761.3662775036096,0.2,-0.56,"0.8429337464251668,0.31867124298789473,0.3483042205791743,0.2,0.89,0.13643633606135613","0,0,0"
46.93333333333333,38,AV,0,0,0,48,807.7368269013535,0.1,-0.9407414331111562,"0.3891813679975241,0.1822670844524022,0.21694527829893673,0.1,0.48,0.039909465854662395","0,0,0"
67.86666666666666,151,AV,0,0,0,59,2619.168197182975,0.2,-0.9932068479053755,"0.5954809431524546,0.24846371783752524,0.282266511627907,0.2,0.59,0.1294104716434546","0,0,0"
