travel_time,id,kind,action,origin,destination,start_time,income,urgency,reward,observation,cost_table
36.36666666666667,147,AV,2,0,0,81,2496.2043409386315,0.5,-0.8636666666666667,"0.8086048679211938,0.31341045384176636,0.3419708910188145,0.5,0.81,0.12333495093088893","0,0,0"
27.866666666666667,101,AV,1,0,0,62,1628.9397076974285,0.4,-0.6786666666666668,"0.6477719971758893,0.26223768641676737,0.2945134394102841,0.4,0.62,0.0804842759157665","0,0,0"
28.083333333333332,2,AV,2,0,0,58,437.5592869272848,0.9,-1.1808333333333334,"0.5716302599839179,0.2416624737945491,0.2765098979138925,0.9,0.58,0.021619365168734063","0,0,0"
71.13333333333334,222,AV,0,0,0,74,4416.224882412617,0.1,-0.879264656576118,"0.7752108933615824,0.3035786248869151,0.33565083970808035,0.1,0.74,0.21820123867235977","0,0,0"
52.25,22,AV,0,0,0,56,632.5893922142865,0.1,-1.0967412751340866,"0.5437081761006283,0.23232592322643358,0.26728892110349717,0.1,0.56,0.031255606910295004","0,0,0"
22.566666666666666,89,AV,1,0,0,54,1526.0895405694364,0.1,-0.32566666666666666,"0.5021458444563095,0.21877692182277642,0.2534123293703214,0.1,0.54,0.07540255239340664","0,0,0"
19.05,84,AV,2,0,0,44,1460.106853854364,0.2,-0.3905,"0.29112006360985954,0.1542816638232188,0.18855675747863238,0.2,0.44,0.07214241407266661","0,0,0"
19.766666666666666,254,AV,2,0,0,45,5654.280440205098,0.3,-0.49766666666666665,"0.3215526455026456,0.16291512119733217,0.19762422055941567,0.3,0.45,0.2793723210896882","0,0,0"
19.7,190,AV,1,0,0,50,3476.696831582168,0.1,-0.297,"0.430998846904382,0.1947751560852993,0.22844810272816132,0.1,0.5,0.1717801007282623","0,0,0"
11.833333333333334,208,AV,0,0,0,30,4061.843573313689,0.6,-0.7921914213136287,"0.10802858540055121,0.09758426874898334,0.13310910857849634,0.6,0.3,0.20069161389857007","0,0,0"
29.883333333333333,63,AV,2,0,0,63,1074.3823512953045,0.2,-0.49883333333333335,"0.6636318840579709,0.26714563540397884,0.3002350806451609,0.2,0.63,0.05308415357061393","0,0,0"
16.733333333333334,207,AV,1,0,0,45,4021.28082322038,0.1,-0.2673333333333333,"0.3215526455026456,0.16291512119733217,0.19762422055941567,0.1,0.45,0.19868744913115402","0,0,0"
18.95,133,AV,0,0,0,36,2222.040577514192,0.1,-0.4245110358180819,"0.16596481332258936,0.11694614760746155,0.1507667018748349,0.1,0.36,0.1097887945708426","0,0,0"
21.216666666666665,109,AV,2,0,0,42,1782.711710770346,0.9,-1.1121666666666667,"0.26652369153190736,0.14707524231969768,0.18132676144492124,0.9,0.42,0.08808199623958074","0,0,0"
24.5,41,AV,1,0,0,58,827.3783452591958,0.1,-0.345,"0.5716302599839179,0.2416624737945491,0.2765098979138925,0.1,0.58,0.040879933561629736","0,0,0"
24.133333333333333,266,AV,2,0,0,51,6446.254396158338,0.3,-0.5413333333333333,"0.45049246453900677,0.2003308166910212,0.2340937222518203,0.3,0.51,0.31850295931272143","0,0,0"
18.933333333333334,29,AV,2,0,0,42,742.4887258523852,0.4,-0.5893333333333334,"0.26652369153190736,0.14707524231969768,0.18132676144492124,0.4,0.42,0.0366856226743472","0,0,0"
28.683333333333334,298,AV,1,0,0,65,17322.90883950548,0.2,-0.48683333333333334,"0.6912121530513974,0.27501959831551664,0.30875777657560166,0.2,0.65,0.8559075379611304","0,0,0"
44.93333333333333,141,AV,0,0,0,53,2382.718205806423,0.1,-0.6752399551356651,"0.4828888445508553,0.21194653084601545,0.24667806531115224,0.1,0.53,0.1177277149052501","0,0,0"
67.83333333333333,268,AV,0,0,0,68,6709.13861087917,0.2,-0.9230484625622235,"0.7330747818499128,0.2871426578018551,0.3211923419809217,0.2,0.68,0.3314918044931234","0,0,0"
28.216666666666665,46,AV,1,0,0,64,905.8209551718018,0.1,-0.38216666666666665,"0.6697177165354334,0.2688778046811945,0.30194239130434786,0.1,0.64,0.044755704180963","0,0,0"
31.133333333333333,49,AV,1,0,0,71,938.3100494872764,0.2,-0.5113333333333334,"0.7575650300339514,0.29654687628951065,0.33040835998578527,0.2,0.71,0.04636095772029518","0,0,0"
19.933333333333334,137,AV,2,0,0,44,2276.662146114732,0.2,-0.3993333333333333,"0.29112006360985954,0.1542816638232188,0.18855675747863238,0.2,0.44,0.1124875914492194","0,0,0"
11.866666666666667,98,AV,0,0,0,31,1592.2311391495805,0.8,-1.1070815221632322,"0.11862109649122815,0.10133844079431233,0.1365267753720039,0.8,0.31,0.07867054238989274","0,0,0"
14.933333333333334,95,AV,1,0,0,41,1572.8756307612184,0.3,-0.44933333333333336,"0.2499227909011373,0.14207959650412472,0.17602654867256637,0.3,0.41,0.07771420614843609","0,0,0"
10.033333333333333,251,AV,0,0,0,30,5480.041794665195,0.4,-0.5550774413604015,"0.10802858540055121,0.09758426874898334,0.13310910857849634,0.4,0.3,0.27076336450488875","0,0,0"
10.333333333333334,228,AV,1,0,0,27,4549.115907877681,0.1,-0.20333333333333334,"0.08530610673190168,0.08917183430989577,0.12439731252709149,0.1,0.27,0.22476725085176577","0,0,0"
69.7,110,AV,0,0,0,70,1804.2001824470888,0.7,-1.5632786662581428,"0.7520601694175184,0.2938443760262726,0.32765308576008556,0.7,0.7,0.08914372005616313","0,0,0"
34.583333333333336,239,AV,2,0,0,79,4843.3187157075145,0.1,-0.4458333333333334,"0.7971367748802552,0.3103819579288024,0.3397592196686264,0.1,0.79,0.23930351628177382","0,0,0"
22.483333333333334,131,AV,2,0,0,46,2212.8825544422834,0.6,-0.8248333333333333,"0.35267628623661496,0.17073571428571432,0.20381469788652112,0.6,0.46,0.10933630584318776","0,0,0"
60.666666666666664,247,AV,0,0,0,62,5304.212874057136,0.3,-0.963225482672581,"0.6477719971758893,0.26223768641676737,0.2945134394102841,0.3,0.62,0.2620758340252039","0,0,0"
6.583333333333333,235,AV,0,0,0,24,4747.153558918807,0.2,-0.3290290981799053,"0.06540993265993271,0.0815828095710663,0.11632477168949774,0.2,0.24,0.23455209241022626","0,0,0"
15.283333333333333,111,AV,1,0,0,42,1805.1606101798543,0.8,-0.9528333333333334,"0.26652369153190736,0.14707524231969768,0.18132676144492124,0.8,0.42,0.08919117382641367","0,0,0"
16.516666666666666,135,AV,1,0,0,43,2250.3510049999354,0.4,-0.5651666666666667,"0.2771504580690626,0.14976386825160964,0.18397898016499917,0.4,0.43,0.11118758437643748","0,0,0"
31.416666666666668,206,AV,1,0,0,75,3987.5502105766736,0.3,-0.6141666666666667,"0.7824199608262111,0.30642143030892743,0.3374617972554229,0.3,0.75,0.19702085341739287","0,0,0"
27.166666666666668,280,AV,1,0,0,61,8987.033628468456,0.7,-0.9716666666666667,"0.6325566622399291,0.25776383134291964,0.2888769545131486,0.7,0.61,0.4440403108844108","0,0,0"
14.883333333333333,73,AV,1,0,0,39,1234.5997004771,0.1,-0.24883333333333332,"0.21013964323748685,0.12978589248350222,0.162262672398352,0.1,0.39,0.06100033197617807","0,0,0"
13.816666666666666,117,AV,0,0,0,34,1945.516475481125,0.1,-0.3923673654429698,"0.13784809299895506,0.10850685718978406,0.14364492365389758,0.1,0.34,0.09612601624932422","0,0,0"
29.0,28,AV,2,0,0,59,682.056612603955,0.2,-0.49,"0.5959340937896065,0.24866215017340118,0.28266627244853265,0.2,0.59,0.033699732617228556","0,0,0"
31.05,112,AV,0,0,0,46,1836.592480640456,0.3,-0.7738459807563756,"0.35267628623661496,0.17073571428571432,0.20381469788652112,0.3,0.46,0.09074419099626069","0,0,0"
10.733333333333333,114,AV,1,0,0,30,1900.764377468582,0.5,-0.6073333333333333,"0.10802858540055121,0.09758426874898334,0.13310910857849634,0.5,0.3,0.09391486000625965","0,0,0"
8.866666666666667,45,AV,1,0,0,21,902.2448599555772,0.1,-0.18866666666666668,"0.0613790274013852,0.07996774856203784,0.11471952094090641,0.1,0.21,0.04457901290582028","0,0,0"
53.75,234,AV,0,0,0,58,4689.4303597647895,0.1,-0.7014736550038131,"0.5716302599839179,0.2416624737945491,0.2765098979138925,0.1,0.58,0.2317000470794511","0,0,0"
77.86666666666666,1,AV,0,0,0,95,424.9057127261393,0.9,-2.384705656058547,"0.8464733615594956,0.32218876092461,0.3533577570921985,0.9,0.95,0.02099416476842877","0,0,0"
6.583333333333333,143,AV,0,0,0,24,2398.572127464108,0.1,-0.2909077459661422,"0.06540993265993271,0.0815828095710663,0.11632477168949774,0.1,0.24,0.11851104126104732","0,0,0"
76.13333333333334,240,AV,0,0,0,81,4864.205776554158,0.1,-0.9230083556866275,"0.8086048679211938,0.31341045384176636,0.3419708910188145,0.1,0.81,0.24033552499290464","0,0,0"
69.6,274,AV,0,0,0,72,7612.519032757181,0.2,-0.9354087684653503,"0.760450139470014,0.2981633391564762,0.33207455793085244,0.2,0.72,0.3761269243737155","0,0,0"
17.066666666666666,209,AV,1,0,0,45,4113.319853961603,0.2,-0.3706666666666667,"0.3215526455026456,0.16291512119733217,0.19762422055941567,0.2,0.45,0.20323500525627752","0,0,0"
17.2,216,AV,2,0,0,41,4227.85786318916,0.3,-0.472,"0.2499227909011373,0.14207959650412472,0.17602654867256637,0.3,0.41,0.2088942133251532","0,0,0"
16.783333333333335,277,AV,1,0,0,45,8326.33528790118,0.4,-0.5678333333333334,"0.3215526455026456,0.16291512119733217,0.19762422055941567,0.4,0.45,0.41139586905023645","0,0,0"
32.03333333333333,174,AV,2,0,0,67,3017.17067826153,0.2,-0.5203333333333333,"0.7198745123537061,0.2839297325855483,0.3189340863727094,0.2,0.67,0.14907537474018487","0,0,0"
44.95,270,AV,0,0,0,52,7177.938863287724,0.1,-0.591294727666793,"0.4752861719167108,0.209796049930196,0.24520096111839235,0.1,0.52,0.35465475440829575","0,0,0"
10.65,288,AV,1,0,0,29,11185.875164713363,0.1,-0.20650000000000002,"0.1023140652557319,0.09571688536766519,0.13066447426115935,0.1,0.29,0.5526828641120808","0,0,0"
48.8,97,AV,0,0,0,54,1587.6148581174584,0.2,-0.8769627062042806,"0.5021458444563095,0.21877692182277642,0.2534123293703214,0.2,0.54,0.07844245657766878","0,0,0"
33.233333333333334,93,AV,1,0,0,90,1530.6528609905624,0.4,-0.7323333333333334,"0.8412157226045532,0.3207634382169778,0.35133479067302625,0.4,0.9,0.07562802147500029","0,0,0"
11.5,269,AV,1,0,0,30,6947.27484286379,0.1,-0.21500000000000002,"0.10802858540055121,0.09758426874898334,0.13310910857849634,0.1,0.3,0.3432578766872154","0,0,0"
35.766666666666666,156,AV,2,0,0,68,2756.9260540590044,0.1,-0.45766666666666667,"0.7330747818499128,0.2871426578018551,0.3211923419809217,0.1,0.68,0.1362169490778143","0,0,0"
18.65,281,AV,2,0,0,39,8987.822610831106,0.1,-0.2865,"0.21013964323748685,0.12978589248350222,0.162262672398352,0.1,0.39,0.4440792937110115","0,0,0"
9.516666666666667,292,AV,1,0,0,26,13079.31179296209,0.1,-0.19516666666666668,"0.07451596996018822,0.08537250590438977,0.12073631711336624,0.1,0.26,0.6462356673845856","0,0,0"
31.75,182,AV,1,0,0,81,3245.380745418587,0.1,-0.4175,"0.8086048679211938,0.31341045384176636,0.3419708910188145,0.1,0.81,0.16035100509349434","0,0,0"
11.016666666666667,295,AV,1,0,0,32,13748.957190518822,0.6,-0.7101666666666666,"0.12502382208157525,0.10359530195887175,0.13867637062874513,0.6,0.32,0.6793221743240372","0,0,0"
13.2,195,AV,1,0,0,38,3654.013033637752,0.1,-0.232,"0.18918495551361572,0.12501496958053157,0.16053291522106586,0.1,0.38,0.18054111629141673","0,0,0"
31.183333333333334,53,AV,0,0,0,46,979.573716991658,0.1,-0.7180889982171582,"0.35267628623661496,0.17073571428571432,0.20381469788652112,0.1,0.46,0.048399754113449336","0,0,0"
10.416666666666666,255,AV,1,0,0,25,5825.994272151124,0.1,-0.20416666666666666,"0.06931529235382311,0.08279509991787572,0.11738818443804024,0.1,0.25,0.28785652916908544","0,0,0"
53.78333333333333,257,AV,0,0,0,57,5862.8833826120845,0.1,-0.6890026949634364,"0.5542735994207616,0.23588327694538463,0.27045871720628223,0.1,0.57,0.28967918308966784","0,0,0"
14.866666666666667,152,AV,2,0,0,33,2648.588416164911,0.4,-0.5486666666666666,"0.12756272965879265,0.10451926523297488,0.13918598708983312,0.4,0.33,0.13086409513292768","0,0,0"
13.05,74,AV,1,0,0,38,1261.43865123121,0.1,-0.2305,"0.18918495551361572,0.12501496958053157,0.16053291522106586,0.1,0.38,0.06232641759345169","0,0,0"
29.55,122,AV,1,0,0,67,2033.019749384408,0.2,-0.4955,"0.7198745123537061,0.2839297325855483,0.3189340863727094,0.2,0.67,0.10044946518183244","0,0,0"
35.766666666666666,129,AV,2,0,0,85,2158.6935677652164,0.5,-0.8576666666666666,"0.8276624252165365,0.3170186086110435,0.3455312941384178,0.5,0.85,0.10665888240344744","0,0,0"
25.483333333333334,154,AV,2,0,0,51,2744.255474143275,0.1,-0.35483333333333333,"0.45049246453900677,0.2003308166910212,0.2340937222518203,0.1,0.51,0.13559090844222083","0,0,0"
13.9,168,AV,0,0,0,33,2909.5116230827134,0.1,-0.34211008817422806,"0.12756272965879265,0.10451926523297488,0.13918598708983312,0.1,0.33,0.14375604888613547","0,0,0"
7.966666666666667,32,AV,1,0,0,13,761.8437659652793,0.1,-0.17966666666666667,"0.05068821065230392,0.07286734693877549,0.10697909698996655,0.1,0.13,0.03764193577878302","0,0,0"
17.333333333333332,140,AV,2,0,0,37,2347.541384251396,0.8,-0.9733333333333334,"0.17762357174988758,0.12078989018087866,0.15487941202358932,0.8,0.37,0.11598966346080683","0,0,0"
28.116666666666667,199,AV,2,0,0,60,3783.636689084741,0.1,-0.38116666666666665,"0.6175761144197794,0.25415753591429235,0.28646307934014176,0.1,0.6,0.18694569099783895","0,0,0"
25.9,173,AV,0,0,0,42,2996.640782499388,0.4,-0.7591120994388193,"0.26652369153190736,0.14707524231969768,0.18132676144492124,0.4,0.42,0.14806101319737625","0,0,0"
28.666666666666668,244,AV,2,0,0,58,4950.268578812107,0.2,-0.4866666666666667,"0.5716302599839179,0.2416624737945491,0.2765098979138925,0.2,0.58,0.24458780166728444","0,0,0"
36.46666666666667,26,AV,0,0,0,48,658.4091024775607,0.2,-1.02031042807749,"0.38750729385045396,0.18270036131417516,0.21699735036052467,0.2,0.48,0.032531332877974904","0,0,0"
26.15,78,AV,2,0,0,55,1323.5149786113286,0.1,-0.36150000000000004,"0.5152361408199642,0.22317804977560185,0.25775546772068497,0.1,0.55,0.06539354662044386","0,0,0"
32.85,17,AV,0,0,0,47,600.3305173079323,0.1,-0.9282247205510937,"0.3724061100869106,0.1769025963149079,0.2101666666666668,0.1,0.47,0.029661728280885674","0,0,0"
13.366666666666667,35,AV,1,0,0,38,777.0630287344238,0.1,-0.2336666666666667,"0.18918495551361572,0.12501496958053157,0.16053291522106586,0.1,0.38,0.03839390427593374","0,0,0"
27.45,249,AV,2,0,0,55,5341.061461458292,0.4,-0.6745,"0.5152361408199642,0.22317804977560185,0.25775546772068497,0.4,0.55,0.26389648574207625","0,0,0"
10.4,19,AV,2,0,0,7,616.3739675020589,0.2,-0.30400000000000005,"0.0,0.0,0.0,0.2,0.07,0.030454419051430016","0,0,0"
8.95,90,AV,1,0,0,23,1527.6889462703334,0.1,-0.1895,"0.06433532280836866,0.08131772122069046,0.11633080994583958,0.1,0.23,0.07548157742369105","0,0,0"
16.733333333333334,82,AV,2,0,0,39,1447.5744631551047,0.4,-0.5673333333333334,"0.21013964323748685,0.12978589248350222,0.162262672398352,0.4,0.39,0.07152320122755207","0,0,0"
11.9,96,AV,1,0,0,35,1573.7150367511856,0.2,-0.319,"0.15220515207945387,0.11344049647116078,0.1494106254442076,0.2,0.35,0.07775568035585004","0,0,0"
23.116666666666667,256,AV,2,0,0,51,5849.7981009167725,0.8,-1.0311666666666668,"0.45049246453900677,0.2003308166910212,0.2340937222518203,0.8,0.51,0.28903265245540044","0,0,0"
15.633333333333333,246,AV,0,0,0,34,5064.807770076448,0.5,-0.7155655912232457,"0.13784809299895506,0.10850685718978406,0.14364492365389758,0.5,0.34,0.25024706813941117","0,0,0"
22.4,123,AV,2,0,0,48,2078.9202215407213,0.4,-0.624,"0.38750729385045396,0.18270036131417516,0.21699735036052467,0.4,0.48,0.10271736143866485","0,0,0"
27.333333333333332,273,AV,2,0,0,53,7511.51421120444,0.1,-0.3733333333333333,"0.4828888445508553,0.21194653084601545,0.24667806531115224,0.1,0.53,0.3711363775239707","0,0,0"
36.3,102,AV,0,0,0,48,1635.9686818612918,0.6,-1.1463775935482339,"0.38750729385045396,0.18270036131417516,0.21699735036052467,0.6,0.48,0.08083157047389894","0,0,0"
12.566666666666666,191,AV,2,0,0,26,3523.1638559153366,0.6,-0.7256666666666667,"0.07451596996018822,0.08537250590438977,0.12073631711336624,0.6,0.26,0.1740759897594787","0,0,0"
38.083333333333336,136,AV,0,0,0,49,2255.9253983027734,0.9,-1.4138164542404796,"0.4173524714489652,0.19132918192918205,0.2257723673792556,0.9,0.49,0.11146300955425625","0,0,0"
22.45,47,AV,0,0,0,40,913.5589076746268,0.6,-1.1528860487591546,"0.23769467016164275,0.13858044292460522,0.17278433486032513,0.6,0.4,0.04513802864718944","0,0,0"
30.716666666666665,128,AV,1,0,0,72,2139.4702648744856,0.2,-0.5071666666666667,"0.760450139470014,0.2981633391564762,0.33207455793085244,0.2,0.72,0.10570907830292801","0,0,0"
23.883333333333333,287,AV,0,0,0,40,11049.706566164488,0.9,-1.1659833755723406,"0.23769467016164275,0.13858044292460522,0.17278433486032513,0.9,0.4,0.5459549103364543","0,0,0"
26.7,210,AV,1,0,0,60,4116.183110063293,0.9,-1.167,"0.6175761144197794,0.25415753591429235,0.28646307934014176,0.9,0.6,0.2033764758662804","0,0,0"
29.35,232,AV,0,0,0,45,4660.29795945294,0.9,-1.2578735663706826,"0.3215526455026456,0.16291512119733217,0.19762422055941567,0.9,0.45,0.23026064442157015","0,0,0"
28.533333333333335,299,AV,2,0,0,57,20239.22920549412,0.2,-0.48533333333333334,"0.5542735994207616,0.23588327694538463,0.27045871720628223,0.2,0.57,1.0","0,0,0"
30.683333333333334,43,AV,1,0,0,69,857.6590975250949,0.3,-0.6068333333333333,"0.7455375284638294,0.29209097633136105,0.3273406067056947,0.3,0.69,0.04237607513690668","0,0,0"
18.016666666666666,263,AV,1,0,0,46,6130.868263041086,0.3,-0.48016666666666663,"0.35267628623661496,0.17073571428571432,0.20381469788652112,0.3,0.46,0.3029200470429381","0,0,0"
21.583333333333332,23,AV,2,0,0,46,636.6552097563458,0.2,-0.41583333333333333,"0.35267628623661496,0.17073571428571432,0.20381469788652112,0.2,0.46,0.03145649487400044","0,0,0"
27.733333333333334,5,AV,1,0,0,61,491.0984231068265,0.2,-0.47733333333333333,"0.6325566622399291,0.25776383134291964,0.2888769545131486,0.2,0.61,0.024264680147676444","0,0,0"
15.383333333333333,291,AV,0,0,0,34,12051.378145129962,0.3,-0.4787267518608427,"0.13784809299895506,0.10850685718978406,0.14364492365389758,0.3,0.34,0.5954464976293913","0,0,0"
28.583333333333332,172,AV,2,0,0,57,2991.769966736588,0.5,-0.7858333333333334,"0.5542735994207616,0.23588327694538463,0.27045871720628223,0.5,0.57,0.14782035107959768","0,0,0"
43.63333333333333,243,AV,0,0,0,51,4925.450001742355,0.4,-0.8972414736847483,"0.45049246453900677,0.2003308166910212,0.2340937222518203,0.4,0.51,0.24336154068581314","0,0,0"
31.433333333333334,44,AV,2,0,0,62,898.3728471886773,0.1,-0.41433333333333333,"0.6477719971758893,0.26223768641676737,0.2945134394102841,0.1,0.62,0.044387700641524724","0,0,0"
78.03333333333333,160,AV,0,0,0,86,2780.081336731352,0.2,-1.0882438451720702,"0.8325493564136699,0.31827459814905007,0.3472405338299192,0.2,0.86,0.1373610283526348","0,0,0"
29.266666666666666,233,AV,1,0,0,66,4687.914961676448,0.2,-0.49266666666666664,"0.7111781987196355,0.2812355792535143,0.3158790955862443,0.2,0.66,0.23162517278098077","0,0,0"
19.6,237,AV,2,0,0,44,4756.448820673547,0.4,-0.5960000000000001,"0.29112006360985954,0.1542816638232188,0.18855675747863238,0.4,0.44,0.23501136196344702","0,0,0"
76.26666666666667,8,AV,0,0,0,83,508.6019702527906,0.1,-1.4525188842089836,"0.8163777985074625,0.31458750000000035,0.34239670046246906,0.1,0.83,0.025129512843044734","0,0,0"
23.283333333333335,62,AV,2,0,0,47,1059.8377785859489,0.1,-0.3328333333333333,"0.3724061100869106,0.1769025963149079,0.2101666666666668,0.1,0.47,0.052365520832099985","0,0,0"
35.43333333333333,229,AV,2,0,0,79,4609.601315671212,0.3,-0.6543333333333332,"0.7971367748802552,0.3103819579288024,0.3397592196686264,0.3,0.79,0.2277557741388637","0,0,0"
25.183333333333334,55,AV,1,0,0,58,1011.0784796502788,0.1,-0.35183333333333333,"0.5716302599839179,0.2416624737945491,0.2765098979138925,0.1,0.58,0.04995637281363524","0,0,0"
17.233333333333334,165,AV,1,0,0,45,2853.537244729806,0.7,-0.8723333333333333,"0.3215526455026456,0.16291512119733217,0.19762422055941567,0.7,0.45,0.14099041103577145","0,0,0"
24.083333333333332,92,AV,0,0,0,40,1530.0661682302475,0.9,-1.336903285227633,"0.23769467016164275,0.13858044292460522,0.17278433486032513,0.9,0.4,0.07559903357460358","0,0,0"
55.46666666666667,189,AV,0,0,0,59,3465.4556083993225,0.2,-0.8412353704390889,"0.5959340937896065,0.24866215017340118,0.28266627244853265,0.2,0.59,0.17122468317412964","0,0,0"
17.366666666666667,186,AV,1,0,0,45,3386.12741774329,0.5,-0.6736666666666666,"0.3215526455026456,0.16291512119733217,0.19762422055941567,0.5,0.45,0.16730515689916173","0,0,0"
20.216666666666665,24,AV,2,0,0,44,640.5426603936758,0.5,-0.7021666666666666,"0.29112006360985954,0.1542816638232188,0.18855675747863238,0.5,0.44,0.03164856990797825","0,0,0"
26.983333333333334,68,AV,1,0,0,60,1129.1321270070612,0.4,-0.6698333333333334,"0.6175761144197794,0.25415753591429235,0.28646307934014176,0.4,0.6,0.05578928503366858","0,0,0"
32.46666666666667,33,AV,1,0,0,91,767.6170681366935,0.2,-0.5246666666666666,"0.8438394588401207,0.3216922698178233,0.3527380826271186,0.2,0.91,0.03792718884414417","0,0,0"
17.25,148,AV,0,0,0,34,2520.757475212996,0.3,-0.5915118458241013,"0.13784809299895506,0.10850685718978406,0.14364492365389758,0.3,0.34,0.12454809665027725","0,0,0"
29.383333333333333,278,AV,1,0,0,65,8493.635575370567,0.4,-0.6938333333333333,"0.6912121530513974,0.27501959831551664,0.30875777657560166,0.4,0.65,0.41966200832712014","0,0,0"
22.916666666666668,283,AV,1,0,0,55,9667.367812467324,0.6,-0.8291666666666666,"0.5152361408199642,0.22317804977560185,0.25775546772068497,0.6,0.55,0.4776549400331427","0,0,0"
28.85,115,AV,1,0,0,65,1927.298426803608,0.3,-0.5885,"0.6912121530513974,0.27501959831551664,0.30875777657560166,0.3,0.65,0.09522588075045987","0,0,0"
28.75,65,AV,2,0,0,55,1089.3140785512585,0.4,-0.6875,"0.5152361408199642,0.22317804977560185,0.25775546772068497,0.4,0.55,0.05382191522667051","0,0,0"
26.666666666666668,276,AV,1,0,0,59,8029.700924090037,0.2,-0.4666666666666667,"0.5959340937896065,0.24866215017340118,0.28266627244853265,0.2,0.59,0.39673946287985623","0,0,0"
25.716666666666665,20,AV,0,0,0,41,626.2908344343901,0.4,-1.1361773490933593,"0.2499227909011373,0.14207959650412472,0.17602654867256637,0.4,0.41,0.030944401492541913","0,0,0"
22.233333333333334,192,AV,2,0,0,48,3558.5090095449787,0.8,-1.0223333333333333,"0.38750729385045396,0.18270036131417516,0.21699735036052467,0.8,0.48,0.17582235832276605","0,0,0"
31.0,221,AV,2,0,0,62,4376.119511966378,0.1,-0.41000000000000003,"0.6477719971758893,0.26223768641676737,0.2945134394102841,0.1,0.62,0.2162196725742125","0,0,0"
66.2,14,AV,0,0,0,66,583.3206434887895,0.2,-1.376296902310411,"0.7111781987196355,0.2812355792535143,0.3158790955862443,0.2,0.66,0.028821287489073047","0,0,0"
13.766666666666667,296,AV,1,0,0,39,15387.119225735782,0.1,-0.2376666666666667,"0.21013964323748685,0.12978589248350222,0.162262672398352,0.1,0.39,0.7602621161856702","0,0,0"
19.05,21,AV,2,0,0,41,627.4062491148882,0.3,-0.4905,"0.2499227909011373,0.14207959650412472,0.17602654867256637,0.3,0.41,0.0309995130123124","0,0,0"
32.166666666666664,12,AV,2,0,0,65,567.9518330451218,0.3,-0.6216666666666666,"0.6912121530513974,0.27501959831551664,0.30875777657560166,0.3,0.65,0.028061929991431995","0,0,0"
11.55,196,AV,2,0,0,20,3724.6301341612702,0.2,-0.3155,"0.05887146739130434,0.07896808684296436,0.11400129668049784,0.2,0.2,0.1840302363466582","0,0,0"
39.8,231,AV,0,0,0,49,4645.51881630073,0.2,-0.6625783629047687,"0.4173524714489652,0.19132918192918205,0.2257723673792556,0.2,0.49,0.2295304217929239","0,0,0"
39.93333333333333,183,AV,0,0,0,49,3323.1633986738134,0.3,-0.7896087618962869,"0.4173524714489652,0.19132918192918205,0.2257723673792556,0.3,0.49,0.16419416791681526","0,0,0"
72.88333333333334,250,AV,0,0,0,76,5354.15698790508,0.7,-1.4848645630260178,"0.7854829389346805,0.30732579442282737,0.3378646472733741,0.7,0.76,0.26454352255923097","0,0,0"
15.866666666666667,242,AV,2,0,0,28,4924.983441788647,0.2,-0.3586666666666667,"0.09332231111111114,0.09146254219148764,0.12555648608566694,0.2,0.28,0.24333848842680805","0,0,0"
37.983333333333334,145,AV,0,0,0,48,2472.005569054355,0.1,-0.6011922832303445,"0.38750729385045396,0.18270036131417516,0.21699735036052467,0.1,0.48,0.12213931390150505","0,0,0"
8.65,285,AV,1,0,0,17,10751.672106064549,0.7,-0.7865,"0.05504643514864509,0.0771090234284388,0.11207055514795786,0.7,0.17,0.5312293268137855","0,0,0"
30.683333333333334,267,AV,1,0,0,70,6563.608435155774,0.2,-0.5068333333333334,"0.7520601694175184,0.2938443760262726,0.32765308576008556,0.2,0.7,0.3243013045859485","0,0,0"
7.983333333333333,166,AV,1,0,0,11,2857.8751728516777,0.9,-0.9798333333333333,"0.05030496453900701,0.07044599627560509,0.10411370716510929,0.9,0.11,0.14120474371009553","0,0,0"
34.93333333333333,134,AV,2,0,0,77,2239.194506681481,0.9,-1.2493333333333334,"0.7940000889125985,0.31010929688759875,0.34018321291588605,0.9,0.77,0.11063635299281217","0,0,0"
17.366666666666667,286,AV,2,0,0,38,10783.100237376317,0.9,-1.0736666666666668,"0.18918495551361572,0.12501496958053157,0.16053291522106586,0.9,0.38,0.5327821592360418","0,0,0"
16.783333333333335,64,AV,1,0,0,44,1083.524948441525,0.1,-0.26783333333333337,"0.29112006360985954,0.1542816638232188,0.18855675747863238,0.1,0.44,0.053535880118764236","0,0,0"
60.68333333333333,214,AV,0,0,0,64,4200.245935785981,0.5,-1.178257722425412,"0.6697177165354334,0.2688778046811945,0.30194239130434786,0.5,0.64,0.2075299357075212","0,0,0"
17.716666666666665,159,AV,2,0,0,39,2767.495209174315,0.1,-0.2771666666666667,"0.21013964323748685,0.12978589248350222,0.162262672398352,0.1,0.39,0.1367391604233156","0,0,0"
50.3,170,AV,0,0,0,55,2946.490055333797,0.2,-0.8048160571955549,"0.5152361408199642,0.22317804977560185,0.25775546772068497,0.2,0.55,0.1455831161067115","0,0,0"
66.1,36,AV,0,0,0,67,779.0639592631991,0.4,-1.4460774977239677,"0.7198745123537061,0.2839297325855483,0.3189340863727094,0.4,0.67,0.0384927682449347","0,0,0"
36.63333333333333,124,AV,2,0,0,100,2105.159940183184,0.3,-0.6663333333333333,"0.8513947391688775,0.32330065998533336,0.3548474771659127,0.3,1.0,0.10401383959877876","0,0,0"
28.533333333333335,144,AV,2,0,0,58,2421.0391237858234,0.9,-1.1853333333333333,"0.5716302599839179,0.2416624737945491,0.2765098979138925,0.9,0.58,0.1196211129981477","0,0,0"
22.433333333333334,175,AV,2,0,0,48,3031.4508351358254,0.5,-0.7243333333333333,"0.38750729385045396,0.18270036131417516,0.21699735036052467,0.5,0.48,0.14978094295769478","0,0,0"
72.93333333333334,289,AV,0,0,0,76,11515.391842589095,0.5,-1.2553854211911226,"0.7854829389346805,0.30732579442282737,0.3378646472733741,0.5,0.76,0.5689639524149042","0,0,0"
20.683333333333334,54,AV,2,0,0,45,985.0802174553831,0.2,-0.4068333333333334,"0.3215526455026456,0.16291512119733217,0.19762422055941567,0.2,0.45,0.04867182477423469","0,0,0"
64.18333333333334,121,AV,0,0,0,65,2030.86588445069,0.4,-1.18955357537243,"0.6912121530513974,0.27501959831551664,0.30875777657560166,0.4,0.65,0.10034304487739054","0,0,0"
25.6,188,AV,2,0,0,50,3458.1247672483346,0.3,-0.556,"0.430998846904382,0.1947751560852993,0.22844810272816132,0.3,0.5,0.17086247367116114","0,0,0"
55.43333333333333,161,AV,0,0,0,58,2797.307504072895,0.4,-1.0615793188258822,"0.5716302599839179,0.2416624737945491,0.2765098979138925,0.4,0.58,0.13821215599028547","0,0,0"
47.11666666666667,230,AV,0,0,0,53,4635.813442599864,0.1,-0.6358802285290166,"0.4828888445508553,0.21194653084601545,0.24667806531115224,0.1,0.53,0.22905088902009327","0,0,0"
15.6,217,AV,2,0,0,31,4237.057085974603,0.3,-0.45599999999999996,"0.11862109649122815,0.10133844079431233,0.1365267753720039,0.3,0.31,0.20934873768929974","0,0,0"
18.75,204,AV,2,0,0,40,3919.41152379869,0.4,-0.5875,"0.23769467016164275,0.13858044292460522,0.17278433486032513,0.4,0.4,0.1936541892976206","0,0,0"
24.183333333333334,80,AV,2,0,0,51,1386.7650627050614,0.2,-0.44183333333333336,"0.45049246453900677,0.2003308166910212,0.2340937222518203,0.2,0.51,0.0685186697885022","0,0,0"
15.5,142,AV,2,0,0,33,2392.7441380289174,0.2,-0.355,"0.12756272965879265,0.10451926523297488,0.13918598708983312,0.2,0.33,0.1182230861528751","0,0,0"
17.966666666666665,59,AV,2,0,0,39,1025.7249596144625,0.2,-0.37966666666666665,"0.21013964323748685,0.12978589248350222,0.162262672398352,0.2,0.39,0.050680040687321244","0,0,0"
32.333333333333336,76,AV,2,0,0,69,1297.4303329633815,0.1,-0.42333333333333334,"0.7455375284638294,0.29209097633136105,0.3273406067056947,0.1,0.69,0.06410473046133508","0,0,0"
62.46666666666667,86,AV,0,0,0,64,1503.4428459110418,0.2,-1.0242086717491472,"0.6697177165354334,0.2688778046811945,0.30194239130434786,0.2,0.64,0.07428360194186243","0,0,0"
16.8,0,AV,2,0,0,37,388.2787303527966,0.4,-0.5680000000000001,"0.17762357174988758,0.12078989018087866,0.15487941202358932,0.4,0.37,0.01918446233354553","0,0,0"
19.466666666666665,245,AV,2,0,0,44,4959.361066312568,0.1,-0.29466666666666663,"0.29112006360985954,0.1542816638232188,0.18855675747863238,0.1,0.44,0.24503705234813514","0,0,0"
21.0,198,AV,1,0,0,52,3778.090807703549,0.2,-0.41000000000000003,"0.4752861719167108,0.209796049930196,0.24520096111839235,0.2,0.52,0.18667167456544997","0,0,0"
20.733333333333334,238,AV,1,0,0,50,4818.617258984985,0.2,-0.4073333333333333,"0.430998846904382,0.1947751560852993,0.22844810272816132,0.2,0.5,0.2380830420990997","0,0,0"
41.666666666666664,150,AV,0,0,0,50,2538.843693606908,0.2,-0.7348306957305406,"0.430998846904382,0.1947751560852993,0.22844810272816132,0.2,0.5,0.12544171854715278","0,0,0"
30.983333333333334,83,AV,1,0,0,73,1454.957177165027,0.3,-0.6098333333333333,"0.7697114756990387,0.30188190686997873,0.33542119205298043,0.3,0.73,0.07188797371641335","0,0,0"
67.73333333333333,178,AV,0,0,0,67,3097.4575811220984,0.1,-0.8741869599425864,"0.7198745123537061,0.2839297325855483,0.3189340863727094,0.1,0.67,0.15304227002287546","0,0,0"
33.266666666666666,104,AV,1,0,0,95,1649.648602545546,0.4,-0.7326666666666667,"0.8464733615594956,0.32218876092461,0.3533577570921985,0.4,0.95,0.08150748162374356","0,0,0"
29.6,197,AV,1,0,0,67,3759.463069718096,0.5,-0.796,"0.7198745123537061,0.2839297325855483,0.3189340863727094,0.5,0.67,0.18575129672910448","0,0,0"
34.766666666666666,181,AV,0,0,0,47,3197.7177395395383,0.1,-0.5414835774873193,"0.3724061100869106,0.1769025963149079,0.2101666666666668,0.1,0.47,0.15799602381455757","0,0,0"
28.333333333333332,194,AV,2,0,0,56,3608.770587345788,0.8,-1.0833333333333335,"0.5437081761006283,0.23232592322643358,0.26728892110349717,0.8,0.56,0.17830573243205106","0,0,0"
9.1,37,AV,1,0,0,25,779.2240782816187,0.1,-0.191,"0.06931529235382311,0.08279509991787572,0.11738818443804024,0.1,0.25,0.038500679564916006","0,0,0"
52.43333333333333,11,AV,0,0,0,55,566.7055292848979,0.4,-1.4537087928926522,"0.5152361408199642,0.22317804977560185,0.25775546772068497,0.4,0.55,0.02800035137361163","0,0,0"
32.45,13,AV,1,0,0,83,572.7967315704935,0.3,-0.6245,"0.8163777985074625,0.31458750000000035,0.34239670046246906,0.3,0.83,0.02830131156452355","0,0,0"
10.233333333333333,226,AV,1,0,0,26,4547.885280126284,0.1,-0.20233333333333334,"0.07451596996018822,0.08537250590438977,0.12073631711336624,0.1,0.26,0.2247064467698068","0,0,0"
32.05,176,AV,2,0,0,63,3032.1279287666234,0.9,-1.2205,"0.6636318840579709,0.26714563540397884,0.3002350806451609,0.9,0.63,0.14981439747436257","0,0,0"
20.7,52,AV,2,0,0,45,978.4447105201264,0.4,-0.607,"0.3215526455026456,0.16291512119733217,0.19762422055941567,0.4,0.45,0.04834397103692658","0,0,0"
32.583333333333336,171,AV,2,0,0,68,2969.8754393798326,0.3,-0.6258333333333334,"0.7330747818499128,0.2871426578018551,0.3211923419809217,0.3,0.68,0.1467385644594426","0,0,0"
15.25,163,AV,1,0,0,40,2818.3733061874163,0.1,-0.2525,"0.23769467016164275,0.13858044292460522,0.17278433486032513,0.1,0.4,0.13925299612805134","0,0,0"
62.46666666666667,169,AV,0,0,0,64,2909.8477340427667,0.7,-1.4277648447913336,"0.6697177165354334,0.2688778046811945,0.30194239130434786,0.7,0.64,0.1437726557913017","0,0,0"
14.8,50,AV,1,0,0,39,943.1907669438916,0.3,-0.448,"0.21013964323748685,0.12978589248350222,0.162262672398352,0.3,0.39,0.046602109070826375","0,0,0"
10.866666666666667,16,AV,2,0,0,18,595.9176043698985,0.9,-1.0086666666666666,"0.05675291295407813,0.07828216911764699,0.11386277028473547,0.9,0.18,0.029443690682060725","0,0,0"
10.383333333333333,187,AV,0,0,0,29,3393.6426315430986,0.1,-0.29223392012805693,"0.1023140652557319,0.09571688536766519,0.13066447426115935,0.1,0.29,0.16767647606964517","0,0,0"
12.933333333333334,91,AV,2,0,0,27,1528.3774584247917,0.3,-0.42933333333333334,"0.08530610673190168,0.08917183430989577,0.12439731252709149,0.3,0.27,0.07551559611815158","0,0,0"
21.9,113,AV,1,0,0,52,1848.7234685638712,0.1,-0.31899999999999995,"0.4752861719167108,0.209796049930196,0.24520096111839235,0.1,0.52,0.09134357093312716","0,0,0"
26.366666666666667,153,AV,2,0,0,53,2675.3892374750885,0.2,-0.46366666666666667,"0.4828888445508553,0.21194653084601545,0.24667806531115224,0.2,0.53,0.13218829681264888","0,0,0"
10.533333333333333,264,AV,1,0,0,26,6230.691172258436,0.2,-0.30533333333333335,"0.07451596996018822,0.08537250590438977,0.12073631711336624,0.2,0.26,0.3078521967905309","0,0,0"
64.98333333333333,118,AV,0,0,0,65,1950.0200213032829,0.5,-1.3036779076057026,"0.6912121530513974,0.27501959831551664,0.30875777657560166,0.5,0.65,0.09634853192798135","0,0,0"
13.366666666666667,100,AV,2,0,0,22,1594.6992934726818,0.3,-0.43366666666666664,"0.06279524793388437,0.0803708094327597,0.11505473921101407,0.3,0.22,0.07879249141759738","0,0,0"
36.516666666666666,79,AV,2,0,0,85,1348.5865378412918,0.4,-0.7651666666666667,"0.8276624252165365,0.3170186086110435,0.3455312941384178,0.4,0.85,0.0666323071965214","0,0,0"
20.8,27,AV,2,0,0,44,676.2529471816457,0.1,-0.30800000000000005,"0.29112006360985954,0.1542816638232188,0.18855675747863238,0.1,0.44,0.033412979334117666","0,0,0"
13.116666666666667,69,AV,2,0,0,25,1141.0395517097602,0.2,-0.3311666666666667,"0.06931529235382311,0.08279509991787572,0.11738818443804024,0.2,0.25,0.056377618936200136","0,0,0"
13.566666666666666,241,AV,1,0,0,38,4889.272753955773,0.4,-0.5356666666666667,"0.18918495551361572,0.12501496958053157,0.16053291522106586,0.4,0.38,0.24157405918544247","0,0,0"
59.15,126,AV,0,0,0,60,2108.868816674547,0.1,-0.8337563592519078,"0.6175761144197794,0.25415753591429235,0.28646307934014176,0.1,0.6,0.10419709146344741","0,0,0"
34.71666666666667,25,AV,2,0,0,68,650.412147456106,0.8,-1.1471666666666667,"0.7330747818499128,0.2871426578018551,0.3211923419809217,0.8,0.68,0.03213621135727569","0,0,0"
34.11666666666667,252,AV,2,0,0,69,5502.789496653042,0.1,-0.4411666666666667,"0.7455375284638294,0.29209097633136105,0.3273406067056947,0.1,0.69,0.27188730562719554","0,0,0"
26.45,31,AV,1,0,0,59,743.7818724069466,0.2,-0.4645,"0.5959340937896065,0.24866215017340118,0.28266627244853265,0.2,0.59,0.03674951574761752","0,0,0"
20.7,290,AV,0,0,0,36,11940.25564443948,0.4,-0.6321250901935009,"0.16596481332258936,0.11694614760746155,0.1507667018748349,0.4,0.36,0.5899560464090298","0,0,0"
19.766666666666666,218,AV,2,0,0,44,4266.216809230351,0.4,-0.5976666666666667,"0.29112006360985954,0.1542816638232188,0.18855675747863238,0.4,0.44,0.2107894903464134","0,0,0"
43.416666666666664,88,AV,0,0,0,50,1517.942512651984,0.1,-0.7318026097274303,"0.430998846904382,0.1947751560852993,0.22844810272816132,0.1,0.5,0.07500001592155126","0,0,0"
28.4,177,AV,1,0,0,64,3064.640983136323,0.2,-0.484,"0.6697177165354334,0.2688778046811945,0.30194239130434786,0.2,0.64,0.1514208348559242","0,0,0"
8.166666666666666,215,AV,1,0,0,16,4223.122456076251,0.9,-0.9816666666666667,"0.05456720916214586,0.07701571546732829,0.11248861372046677,0.9,0.16,0.20866024161284988","0,0,0"
32.35,279,AV,2,0,0,65,8981.750106371177,0.1,-0.4235,"0.6912121530513974,0.27501959831551664,0.30875777657560166,0.1,0.65,0.4437792573608979","0,0,0"
16.833333333333332,87,AV,2,0,0,38,1507.5005543882637,0.5,-0.6683333333333333,"0.18918495551361572,0.12501496958053157,0.16053291522106586,0.5,0.38,0.07448408924481369","0,0,0"
46.983333333333334,227,AV,0,0,0,53,4549.070920567666,0.4,-0.9357808653103824,"0.4828888445508553,0.21194653084601545,0.24667806531115224,0.4,0.53,0.22476502807393375","0,0,0"
32.733333333333334,261,AV,0,0,0,46,6007.794801579103,0.3,-0.6772684609314243,"0.35267628623661496,0.17073571428571432,0.20381469788652112,0.3,0.46,0.29683911084658465","0,0,0"
21.833333333333332,106,AV,2,0,0,46,1664.0464513081895,0.4,-0.6183333333333334,"0.35267628623661496,0.17073571428571432,0.20381469788652112,0.4,0.46,0.08221886487932402","0,0,0"
8.166666666666666,225,AV,1,0,0,13,4504.939201911708,0.9,-0.9816666666666667,"0.05068821065230392,0.07286734693877549,0.10697909698996655,0.9,0.13,0.2225845241521748","0,0,0"
8.3,297,AV,0,0,0,27,16390.717038727882,0.3,-0.40130304307561177,"0.08530610673190168,0.08917183430989577,0.12439731252709149,0.3,0.27,0.8098488767684134","0,0,0"
15.25,119,AV,1,0,0,41,1986.5043233563797,0.9,-1.0525,"0.2499227909011373,0.14207959650412472,0.17602654867256637,0.9,0.41,0.09815118467145603","0,0,0"
9.466666666666667,15,AV,1,0,0,24,591.6693204447811,0.6,-0.6946666666666667,"0.06540993265993271,0.0815828095710663,0.11632477168949774,0.6,0.24,0.02923378723751827","0,0,0"
29.75,213,AV,2,0,0,61,4164.701887555128,0.7,-0.9974999999999999,"0.6325566622399291,0.25776383134291964,0.2888769545131486,0.7,0.61,0.20577373996162773","0,0,0"
32.2,185,AV,2,0,0,66,3368.9508766880413,0.3,-0.622,"0.7111781987196355,0.2812355792535143,0.3158790955862443,0.3,0.66,0.16645648124650464","0,0,0"
74.36666666666666,146,AV,0,0,0,79,2486.38103050259,0.4,-1.2643239578539949,"0.7971367748802552,0.3103819579288024,0.3397592196686264,0.4,0.79,0.12284959102235175","0,0,0"
27.6,205,AV,0,0,0,42,3942.222625638348,0.3,-0.6520992030356029,"0.26652369153190736,0.14707524231969768,0.18132676144492124,0.3,0.42,0.19478126294296802","0,0,0"
25.816666666666666,282,AV,2,0,0,54,9095.945853089892,0.1,-0.35816666666666663,"0.5021458444563095,0.21877692182277642,0.2534123293703214,0.1,0.54,0.44942155458275634","0,0,0"
27.283333333333335,30,AV,2,0,0,51,743.7553910389753,0.5,-0.7728333333333334,"0.45049246453900677,0.2003308166910212,0.2340937222518203,0.5,0.51,0.036748207329806624","0,0,0"
34.6,162,AV,0,0,0,47,2815.231094880572,0.1,-0.5525631878482525,"0.3724061100869106,0.1769025963149079,0.2101666666666668,0.1,0.47,0.1390977426213619","0,0,0"
26.033333333333335,149,AV,2,0,0,55,2533.2754137277425,0.2,-0.46033333333333337,"0.5152361408199642,0.22317804977560185,0.25775546772068497,0.2,0.55,0.12516659542746134","0,0,0"
25.816666666666666,224,AV,1,0,0,57,4434.023444374438,0.1,-0.35816666666666663,"0.5542735994207616,0.23588327694538463,0.27045871720628223,0.1,0.57,0.21908064775365965","0,0,0"
22.883333333333333,248,AV,1,0,0,54,5307.329693361759,0.4,-0.6288333333333334,"0.5021458444563095,0.21877692182277642,0.2534123293703214,0.4,0.54,0.2622298329385507","0,0,0"
70.93333333333334,125,AV,0,0,0,73,2105.6010448069283,0.1,-0.951810466283041,"0.7697114756990387,0.30188190686997873,0.33542119205298043,0.1,0.73,0.104035634135481","0,0,0"
24.483333333333334,272,AV,1,0,0,56,7336.658338656486,0.1,-0.3448333333333333,"0.5437081761006283,0.23232592322643358,0.26728892110349717,0.1,0.56,0.3624969243722426","0,0,0"
26.166666666666668,258,AV,1,0,0,59,5882.279762541917,0.3,-0.5616666666666666,"0.5959340937896065,0.24866215017340118,0.28266627244853265,0.3,0.59,0.29063753875296394","0,0,0"
11.466666666666667,3,AV,1,0,0,35,437.8567856598078,0.5,-0.6146666666666667,"0.15220515207945387,0.11344049647116078,0.1494106254442076,0.5,0.35,0.021634064282494894","0,0,0"
27.6,180,AV,0,0,0,44,3158.0604616132755,0.3,-0.670995014708093,"0.29112006360985954,0.1542816638232188,0.18855675747863238,0.3,0.44,0.1560365975180513","0,0,0"
12.7,108,AV,2,0,0,15,1684.196745492046,0.1,-0.227,"0.05284228428213388,0.07490485829959503,0.10975084516565257,0.1,0.15,0.08321447068917306","0,0,0"
26.266666666666666,260,AV,1,0,0,58,5960.007005011629,0.4,-0.6626666666666667,"0.5716302599839179,0.2416624737945491,0.2765098979138925,0.4,0.58,0.29447796378499097","0,0,0"
31.6,75,AV,1,0,0,72,1279.3396024785957,0.3,-0.616,"0.760450139470014,0.2981633391564762,0.33207455793085244,0.3,0.72,0.06321088562657848","0,0,0"
26.916666666666668,105,AV,1,0,0,60,1659.6531244520008,0.1,-0.36916666666666664,"0.6175761144197794,0.25415753591429235,0.28646307934014176,0.1,0.6,0.08200179500914358","0,0,0"
14.983333333333333,203,AV,2,0,0,34,3866.930621896856,0.2,-0.34983333333333333,"0.13784809299895506,0.10850685718978406,0.14364492365389758,0.2,0.34,0.19106116061214143","0,0,0"
21.833333333333332,253,AV,2,0,0,48,5557.427333357366,0.5,-0.7183333333333333,"0.38750729385045396,0.18270036131417516,0.21699735036052467,0.5,0.48,0.27458690629625127","0,0,0"
36.2,70,AV,2,0,0,83,1148.9174546898266,0.1,-0.4620000000000001,"0.8163777985074625,0.31458750000000035,0.34239670046246906,0.1,0.83,0.05676685821503235","0,0,0"
25.366666666666667,184,AV,1,0,0,57,3352.9358316496982,0.3,-0.5536666666666666,"0.5542735994207616,0.23588327694538463,0.27045871720628223,0.3,0.57,0.16566519394619603","0,0,0"
8.516666666666667,61,AV,0,0,0,28,1047.1205397958274,0.4,-0.7716666335744837,"0.09332231111111114,0.09146254219148764,0.12555648608566694,0.4,0.28,0.051737174828356464","0,0,0"
37.2,34,AV,2,0,0,89,776.0711537761008,0.2,-0.5720000000000001,"0.8355226086187058,0.3191275010125555,0.3487580702693067,0.2,0.89,0.03834489672983343","0,0,0"
31.016666666666666,81,AV,1,0,0,74,1446.9812594843625,0.1,-0.4101666666666667,"0.7752108933615824,0.3035786248869151,0.33565083970808035,0.1,0.74,0.07149389162960644","0,0,0"
27.466666666666665,39,AV,1,0,0,60,816.2772675203604,0.5,-0.7746666666666666,"0.6175761144197794,0.25415753591429235,0.28646307934014176,0.5,0.6,0.04033144045321521","0,0,0"
17.133333333333333,18,AV,0,0,0,35,601.3137559373858,0.5,-1.1702409286407633,"0.15220515207945387,0.11344049647116078,0.1494106254442076,0.5,0.35,0.029710309114645228","0,0,0"
20.65,40,AV,0,0,0,39,825.4433072334436,0.3,-0.8699410714473901,"0.21013964323748685,0.12978589248350222,0.162262672398352,0.3,0.39,0.040784325275063815","0,0,0"
28.933333333333334,294,AV,2,0,0,59,13460.811009378149,0.9,-1.1893333333333334,"0.5959340937896065,0.24866215017340118,0.28266627244853265,0.9,0.59,0.6650851607394264","0,0,0"
13.133333333333333,72,AV,1,0,0,36,1200.7903182940884,0.1,-0.23133333333333334,"0.16596481332258936,0.11694614760746155,0.1507667018748349,0.1,0.36,0.05932984433854443","0,0,0"
28.116666666666667,138,AV,1,0,0,62,2318.1098695731453,0.2,-0.4811666666666667,"0.6477719971758893,0.26223768641676737,0.2945134394102841,0.2,0.62,0.11453548186231685","0,0,0"
26.666666666666668,71,AV,1,0,0,59,1150.4391077840953,0.2,-0.4666666666666667,"0.5959340937896065,0.24866215017340118,0.28266627244853265,0.2,0.59,0.056842041567067104","0,0,0"
29.2,58,AV,2,0,0,56,1022.032321197676,0.1,-0.392,"0.5437081761006283,0.23232592322643358,0.26728892110349717,0.1,0.56,0.05049759112961852","0,0,0"
18.8,200,AV,2,0,0,43,3803.247088152212,0.3,-0.488,"0.2771504580690626,0.14976386825160964,0.18397898016499917,0.3,0.43,0.18791462113190488","0,0,0"
28.616666666666667,262,AV,1,0,0,64,6081.635477498837,0.4,-0.6861666666666667,"0.6697177165354334,0.2688778046811945,0.30194239130434786,0.4,0.64,0.3004875045265025","0,0,0"
74.73333333333333,60,AV,0,0,0,80,1040.734547163155,0.9,-1.9355912765502112,"0.8058307012847971,0.31277831675964124,0.3415380218027122,0.9,0.8,0.05142164934229008","0,0,0"
50.483333333333334,4,AV,0,0,0,54,449.0833195935783,0.4,-1.5728608171229803,"0.5021458444563095,0.21877692182277642,0.2534123293703214,0.4,0.54,0.022188756055575014","0,0,0"
24.733333333333334,201,AV,2,0,0,51,3824.993837156676,0.4,-0.6473333333333333,"0.45049246453900677,0.2003308166910212,0.2340937222518203,0.4,0.51,0.18898910617200515","0,0,0"
11.916666666666666,219,AV,1,0,0,35,4281.8327360815,0.8,-0.9191666666666667,"0.15220515207945387,0.11344049647116078,0.1494106254442076,0.8,0.35,0.21156105761770602","0,0,0"
22.316666666666666,116,AV,2,0,0,45,1942.5668635563816,0.1,-0.32316666666666666,"0.3215526455026456,0.16291512119733217,0.19762422055941567,0.1,0.45,0.09598027888478354","0,0,0"
21.8,275,AV,2,0,0,45,7658.5640246764915,0.1,-0.318,"0.3215526455026456,0.16291512119733217,0.19762422055941567,0.1,0.45,0.37840196120697644","0,0,0"
23.083333333333332,66,AV,2,0,0,49,1100.389953660579,0.2,-0.43083333333333335,"0.4173524714489652,0.19132918192918205,0.2257723673792556,0.2,0.49,0.05436916309845774","0,0,0"
57.416666666666664,139,AV,0,0,0,58,2326.172138461347,0.3,-1.0031339064679463,"0.5716302599839179,0.2416624737945491,0.2765098979138925,0.3,0.58,0.11493383047561351","0,0,0"
16.6,265,AV,1,0,0,43,6427.339783247283,0.7,-0.866,"0.2771504580690626,0.14976386825160964,0.18397898016499917,0.7,0.43,0.3175684072742515","0,0,0"
19.116666666666667,85,AV,1,0,0,47,1474.807688008607,0.2,-0.39116666666666666,"0.3724061100869106,0.1769025963149079,0.2101666666666668,0.2,0.47,0.07286876753232566","0,0,0"
22.516666666666666,293,AV,2,0,0,47,13351.937436366714,0.2,-0.4251666666666667,"0.3724061100869106,0.1769025963149079,0.2101666666666668,0.2,0.47,0.6597058267783346","0,0,0"
15.083333333333334,51,AV,1,0,0,39,954.0002559944874,0.4,-0.5508333333333334,"0.21013964323748685,0.12978589248350222,0.162262672398352,0.4,0.39,0.04713619507483592","0,0,0"
76.33333333333333,77,AV,0,0,0,83,1310.9401185904849,0.1,-1.0921767379600513,"0.8163777985074625,0.31458750000000035,0.34239670046246906,0.1,0.83,0.06477223540877823","0,0,0"
21.866666666666667,157,AV,1,0,0,51,2758.442965787371,0.2,-0.4186666666666667,"0.45049246453900677,0.2003308166910212,0.2340937222518203,0.2,0.51,0.13629189816371895","0,0,0"
13.016666666666667,6,AV,1,0,0,37,497.26542980048754,0.1,-0.23016666666666669,"0.17762357174988758,0.12078989018087866,0.15487941202358932,0.1,0.37,0.024569385758302514","0,0,0"
18.566666666666666,167,AV,2,0,0,37,2891.134206742707,0.6,-0.7856666666666666,"0.17762357174988758,0.12078989018087866,0.15487941202358932,0.6,0.37,0.14284803919103217","0,0,0"
22.966666666666665,271,AV,1,0,0,55,7332.887514065835,0.1,-0.32966666666666666,"0.5152361408199642,0.22317804977560185,0.25775546772068497,0.1,0.55,0.3623106117141683","0,0,0"
8.783333333333333,56,AV,1,0,0,20,1014.5614647146556,0.1,-0.18783333333333335,"0.05887146739130434,0.07896808684296436,0.11400129668049784,0.1,0.2,0.05012846360963409","0,0,0"
13.6,130,AV,1,0,0,38,2198.5025098873134,0.3,-0.436,"0.18918495551361572,0.12501496958053157,0.16053291522106586,0.3,0.38,0.10862580227563756","0,0,0"
18.133333333333333,9,AV,2,0,0,38,541.9839687696077,0.3,-0.4813333333333333,"0.18918495551361572,0.12501496958053157,0.16053291522106586,0.3,0.38,0.02677888388271631","0,0,0"
17.466666666666665,193,AV,1,0,0,45,3583.4963710051925,0.6,-0.7746666666666666,"0.3215526455026456,0.16291512119733217,0.19762422055941567,0.6,0.45,0.17705695877155342","0,0,0"
27.416666666666668,236,AV,2,0,0,57,4754.245589533712,0.4,-0.6741666666666667,"0.5542735994207616,0.23588327694538463,0.27045871720628223,0.4,0.57,0.234902502524312","0,0,0"
23.75,155,AV,2,0,0,48,2747.619709803412,0.1,-0.3375,"0.38750729385045396,0.18270036131417516,0.21699735036052467,0.1,0.48,0.13575713194935043","0,0,0"
26.266666666666666,202,AV,2,0,0,53,3849.958431883558,0.2,-0.46266666666666667,"0.4828888445508553,0.21194653084601545,0.24667806531115224,0.2,0.53,0.19022258173935064","0,0,0"
4.85,48,AV,0,0,0,12,932.0432837729122,0.1,-0.470373463628856,"0.05175749063670423,0.07543576388888894,0.11105568720379151,0.1,0.12,0.04605132311658888","0,0,0"
11.416666666666666,7,AV,1,0,0,28,506.5869000089976,0.3,-0.4141666666666667,"0.09332231111111114,0.09146254219148764,0.12555648608566694,0.3,0.28,0.025029950244917432","0,0,0"
41.55,212,AV,0,0,0,50,4159.866430607663,0.1,-0.5876177001724492,"0.430998846904382,0.1947751560852993,0.22844810272816132,0.1,0.5,0.20553482488742356","0,0,0"
27.566666666666666,120,AV,2,0,0,55,2011.9739719035176,0.2,-0.4756666666666667,"0.5152361408199642,0.22317804977560185,0.25775546772068497,0.2,0.55,0.09940961444111464","0,0,0"
48.68333333333333,220,AV,0,0,0,53,4343.557359248321,0.1,-0.6559011446196833,"0.4828888445508553,0.21194653084601545,0.24667806531115224,0.1,0.53,0.21461080929254078","0,0,0"
29.483333333333334,94,AV,0,0,0,44,1564.4426034616197,0.4,-0.8865949226279449,"0.29112006360985954,0.1542816638232188,0.18855675747863238,0.4,0.44,0.07729753873417955","0,0,0"
11.45,259,AV,1,0,0,33,5913.041300376779,0.1,-0.2145,"0.12756272965879265,0.10451926523297488,0.13918598708983312,0.1,0.33,0.2921574354606168","0,0,0"
15.4,57,AV,2,0,0,36,1020.5842314575186,0.9,-1.054,"0.16596481332258936,0.11694614760746155,0.1507667018748349,0.9,0.36,0.050426042469071494","0,0,0"
59.083333333333336,99,AV,0,0,0,61,1592.6375082496468,0.1,-0.8792001138756982,"0.6325566622399291,0.25776383134291964,0.2888769545131486,0.1,0.61,0.0786906206792357","0,0,0"
22.333333333333332,132,AV,2,0,0,47,2218.0502812558643,0.4,-0.6233333333333333,"0.3724061100869106,0.1769025963149079,0.2101666666666668,0.4,0.47,0.10959163803796217","0,0,0"
18.916666666666668,179,AV,0,0,0,35,3132.463358685509,0.9,-1.184937938553432,"0.15220515207945387,0.11344049647116078,0.1494106254442076,0.9,0.35,0.15477187035537765","0,0,0"
31.666666666666668,284,AV,1,0,0,76,10426.353459350525,0.8,-1.1166666666666667,"0.7854829389346805,0.30732579442282737,0.3378646472733741,0.8,0.76,0.5151556590169055","0,0,0"
27.783333333333335,223,AV,1,0,0,61,4429.527615460413,0.4,-0.6778333333333334,"0.6325566622399291,0.25776383134291964,0.2888769545131486,0.4,0.61,0.2188585133596875","0,0,0"
18.633333333333333,103,AV,2,0,0,43,1639.6236094811811,0.2,-0.3863333333333333,"0.2771504580690626,0.14976386825160964,0.18397898016499917,0.2,0.43,0.08101215677897904","0,0,0"
31.7,211,AV,1,0,0,74,4135.471393234625,0.1,-0.41700000000000004,"0.7752108933615824,0.3035786248869151,0.33565083970808035,0.1,0.74,0.20432949057724065","0,0,0"
21.216666666666665,107,AV,1,0,0,50,1682.490559712908,0.7,-0.9121666666666666,"0.430998846904382,0.1947751560852993,0.22844810272816132,0.7,0.5,0.08313016976240285","0,0,0"
8.683333333333334,10,AV,1,0,0,18,546.8646928603165,0.4,-0.48683333333333334,"0.05675291295407813,0.07828216911764699,0.11386277028473547,0.4,0.18,0.027020035561031403","0,0,0"
22.416666666666668,127,AV,0,0,0,39,2131.3254046090938,0.3,-0.6649241499450227,"0.21013964323748685,0.12978589248350222,0.162262672398352,0.3,0.39,0.10530664893258515","0,0,0"
29.35,42,AV,1,0,0,64,832.3173438658397,0.6,-0.8935,"0.6697177165354334,0.2688778046811945,0.30194239130434786,0.6,0.64,0.04112396452528438","0,0,0"
28.283333333333335,67,AV,1,0,0,62,1104.4445206976068,0.3,-0.5828333333333333,"0.6477719971758893,0.26223768641676737,0.2945134394102841,0.3,0.62,0.05456949518600221","0,0,0"
21.583333333333332,164,AV,1,0,0,51,2850.5966631146844,0.9,-1.1158333333333332,"0.45049246453900677,0.2003308166910212,0.2340937222518203,0.9,0.51,0.14084511984976505","0,0,0"
35.93333333333333,158,AV,2,0,0,89,2761.3662775036096,0.2,-0.5593333333333332,"0.8355226086187058,0.3191275010125555,0.3487580702693067,0.2,0.89,0.13643633606135613","0,0,0"
19.716666666666665,38,AV,1,0,0,48,807.7368269013535,0.6,-0.7971666666666666,"0.38750729385045396,0.18270036131417516,0.21699735036052467,0.6,0.48,0.039909465854662395","0,0,0"
57.333333333333336,151,AV,0,0,0,59,2619.168197182975,0.9,-1.5878735145720422,"0.5959340937896065,0.24866215017340118,0.28266627244853265,0.9,0.59,0.1294104716434546","0,0,0"
