travel_time,id,kind,action,bid_route_0,bid_route_1,bid_route_2,karma_balance,origin,destination,start_time,income,urgency,reward
13.7,44,AV,2,2,1,7,0,0,0,33,10751.672106064549,0.1,-0.237
18.483333333333334,137,AV,2,1,1,7,11,0,0,40,4968.170350229253,0.1,-0.2848333333333334
17.883333333333333,50,AV,1,1,9,0,0,0,0,44,586.8516376274475,1.0,-1.1788333333333334
40.53333333333333,63,AV,1,1,7,3,7,0,0,89,3863.855435177377,0.1,-0.5053333333333333
16.8,84,AV,1,1,4,7,9,0,0,42,9280.176126726552,0.1,-0.268
25.666666666666668,132,AV,1,1,4,6,9,0,0,53,1141.5133047894662,0.1,-0.3566666666666667
25.9,196,AV,0,8,6,6,2,0,0,64,4281.8327360815,0.2,-0.459
12.866666666666667,139,AV,1,1,7,6,4,0,0,33,2318.2944376966047,0.3,-0.42866666666666664
22.483333333333334,118,AV,1,0,7,7,0,0,0,50,3752.1132597063192,0.2,-0.42483333333333334
28.666666666666668,106,AV,1,1,7,4,5,0,0,58,3933.772930850901,0.8,-1.0866666666666667
15.8,104,AV,1,0,7,0,0,0,0,41,5670.319740923212,0.1,-0.258
30.633333333333333,263,AV,0,4,1,8,4,0,0,75,388.2787303527966,0.2,-0.5063333333333333
15.266666666666667,287,AV,1,1,7,8,6,0,0,40,2520.718778515204,0.2,-0.3526666666666667
33.86666666666667,103,AV,1,2,8,0,0,0,0,65,4689.4303597647895,0.2,-0.5386666666666666
13.05,220,AV,1,1,9,6,1,0,0,34,1723.69240549938,0.4,-0.5305
34.916666666666664,148,AV,1,3,9,7,3,0,0,66,1150.2916000513435,0.2,-0.5491666666666666
10.5,252,AV,1,2,7,4,3,0,0,29,1022.032321197676,0.2,-0.305
34.0,134,AV,1,2,6,4,1,0,0,65,2645.062412614309,0.4,-0.74
33.8,221,AV,1,2,6,0,1,0,0,65,1005.9867386644172,0.5,-0.838
16.566666666666666,46,AV,2,1,1,6,2,0,0,37,1682.490559712908,0.2,-0.3656666666666667
8.733333333333333,143,AV,1,3,7,0,6,0,0,17,2260.56382504795,0.6,-0.6873333333333334
28.05,151,AV,1,1,9,0,2,0,0,57,1234.5997004771,0.1,-0.38050000000000006
6.466666666666667,81,AV,0,4,6,7,5,0,0,31,597.1498506777683,0.1,-0.16466666666666668
20.1,100,AV,1,2,7,2,7,0,0,47,2953.464044858564,0.1,-0.30100000000000005
9.783333333333333,10,AV,1,1,5,1,9,0,0,16,2622.7149314101284,0.5,-0.5978333333333333
28.016666666666666,215,AV,1,1,7,6,0,0,0,56,961.7772661313056,0.4,-0.6801666666666667
11.883333333333333,73,AV,0,7,8,3,2,0,0,37,522.440884226393,0.2,-0.31883333333333336
15.2,258,AV,1,2,9,7,3,0,0,39,6709.13861087917,0.7,-0.852
15.016666666666667,282,AV,1,1,4,8,4,0,0,38,1635.9686818612918,0.1,-0.25016666666666665
18.533333333333335,67,AV,1,1,7,0,7,0,0,45,4200.245935785981,0.4,-0.5853333333333334
20.033333333333335,58,AV,1,3,4,6,3,0,0,48,4679.48341028673,0.5,-0.7003333333333334
27.3,224,AV,0,7,4,8,3,0,0,67,1251.6500609663929,0.1,-0.373
8.0,228,AV,1,0,5,2,3,0,0,17,2472.005569054355,0.9,-0.98
31.7,192,AV,1,0,5,4,1,0,0,61,8689.506535985933,0.2,-0.517
27.35,76,AV,2,0,1,2,6,0,0,57,3793.837230001502,0.1,-0.37350000000000005
20.083333333333332,129,AV,1,2,4,6,7,0,0,48,2561.5826276178027,0.7,-0.9008333333333333
10.183333333333334,198,AV,0,9,7,7,1,0,0,34,1047.1205397958274,0.3,-0.4018333333333333
39.416666666666664,141,AV,1,1,8,3,3,0,0,77,541.9839687696077,0.1,-0.49416666666666664
31.233333333333334,211,AV,2,3,3,4,3,0,0,65,776.0711537761008,0.4,-0.7123333333333334
22.45,45,AV,2,3,2,4,7,0,0,46,6081.635477498837,0.5,-0.7245
27.85,61,AV,1,2,9,0,7,0,0,56,381.3218977270381,0.4,-0.6785000000000001
40.0,47,AV,1,2,4,4,4,0,0,81,1594.6992934726818,0.1,-0.5
14.066666666666666,0,AV,1,2,9,0,2,0,0,36,2750.2432356670683,1.0,-1.1406666666666667
22.583333333333332,219,AV,1,1,7,7,2,0,0,50,3958.913906791885,0.9,-1.1258333333333335
18.483333333333334,279,AV,1,0,6,8,11,0,0,44,1460.8215047913693,0.1,-0.2848333333333334
7.916666666666667,286,AV,1,3,7,7,13,0,0,11,4617.971391102537,0.1,-0.17916666666666667
10.333333333333334,113,AV,1,3,7,6,1,0,0,24,2044.1603053436156,0.6,-0.7033333333333334
35.55,197,AV,1,3,6,7,6,0,0,66,1997.7276787447236,0.2,-0.5555
13.85,66,AV,1,2,7,8,2,0,0,35,6020.57275324985,1.0,-1.1385
36.166666666666664,208,AV,1,1,8,4,0,0,0,67,566.7055292848979,0.1,-0.46166666666666667
23.25,142,AV,1,2,4,6,11,0,0,51,7912.643587116454,0.1,-0.3325
18.216666666666665,171,AV,2,1,2,2,6,0,0,42,10450.70686878338,0.3,-0.48216666666666663
18.616666666666667,276,AV,0,4,6,5,3,0,0,52,3654.013033637752,0.4,-0.5861666666666667
17.95,204,AV,1,2,6,0,0,0,0,44,1880.1756700095973,0.2,-0.3795
30.75,294,AV,2,1,1,4,3,0,0,62,13079.31179296209,0.6,-0.9075
9.416666666666666,2,AV,1,2,7,6,2,0,0,22,4687.914961676448,0.3,-0.39416666666666667
25.85,195,AV,1,3,7,4,0,0,0,54,2969.8754393798326,0.7,-0.9584999999999999
26.2,146,AV,1,2,7,8,3,0,0,54,2476.7926805910606,0.2,-0.462
34.21666666666667,80,AV,1,3,7,6,2,0,0,65,1174.3503864217532,0.2,-0.5421666666666667
31.483333333333334,223,AV,1,2,9,8,3,0,0,61,4266.216809230351,0.2,-0.5148333333333334
30.1,185,AV,1,2,7,2,0,0,0,59,639.9143284368583,0.1,-0.401
26.416666666666668,109,AV,2,0,2,6,1,0,0,54,3628.2404526711953,0.4,-0.6641666666666667
17.416666666666668,43,AV,2,1,3,7,3,0,0,37,2117.047321722312,0.1,-0.27416666666666667
21.766666666666666,120,AV,1,2,8,8,3,0,0,49,5341.061461458292,0.1,-0.31766666666666665
33.43333333333333,19,AV,2,1,2,7,4,0,0,76,1148.2139867956057,0.3,-0.6343333333333333
21.383333333333333,95,AV,1,1,7,4,1,0,0,49,3256.7228478661937,0.3,-0.5138333333333334
32.43333333333333,262,AV,1,1,7,6,9,0,0,62,1830.3424648913517,0.1,-0.42433333333333334
16.716666666666665,65,AV,1,0,7,6,8,0,0,41,2538.843693606908,0.5,-0.6671666666666667
26.383333333333333,89,AV,1,1,6,8,13,0,0,54,1111.987968807459,0.4,-0.6638333333333333
17.133333333333333,206,AV,1,1,6,1,3,0,0,42,1389.0632502942228,0.4,-0.5713333333333334
31.45,51,AV,1,0,7,6,0,0,0,60,3508.846318545673,0.1,-0.4145
32.983333333333334,140,AV,1,1,7,7,10,0,0,63,863.3540159882258,1.0,-1.3298333333333334
17.533333333333335,275,AV,1,1,6,8,6,0,0,43,1639.6236094811811,0.2,-0.37533333333333335
32.65,285,AV,1,0,7,6,0,0,0,61,2198.5025098873134,0.1,-0.4265
23.65,35,AV,0,9,4,6,3,0,0,59,4381.240268036911,0.1,-0.3365
16.966666666666665,8,AV,1,1,6,2,7,0,0,43,2294.767722006211,0.1,-0.26966666666666667
28.166666666666668,83,AV,2,0,2,3,6,0,0,55,4412.688598555705,0.1,-0.3816666666666667
27.166666666666668,194,AV,1,0,9,6,4,0,0,55,4164.701887555128,0.4,-0.6716666666666666
11.216666666666667,49,AV,1,1,9,3,7,0,0,31,3866.930621896856,0.5,-0.6121666666666666
12.3,280,AV,1,0,7,7,0,0,0,33,4577.590037133467,0.1,-0.22300000000000003
22.116666666666667,6,AV,0,6,2,6,3,0,0,57,1805.1606101798543,0.2,-0.4211666666666667
31.3,242,AV,1,1,7,7,0,0,0,61,1986.5043233563797,0.4,-0.7130000000000001
15.95,246,AV,1,1,6,7,8,0,0,41,640.5426603936758,0.1,-0.2595
24.95,64,AV,1,1,7,6,7,0,0,53,1083.524948441525,0.3,-0.5495
37.083333333333336,222,AV,1,1,4,6,8,0,0,69,3387.2787239910285,0.4,-0.7708333333333334
20.583333333333332,24,AV,1,1,6,8,3,0,0,48,863.5619359671642,0.2,-0.4058333333333333
9.933333333333334,231,AV,1,1,7,4,3,0,0,24,2043.1688306873104,0.4,-0.49933333333333335
37.2,154,AV,1,1,7,4,7,0,0,70,7958.958807233507,0.1,-0.4720000000000001
22.25,40,AV,1,3,6,4,0,0,0,50,8348.421721831439,0.2,-0.4225
12.933333333333334,160,AV,1,0,7,2,2,0,0,33,4707.821121085941,0.1,-0.22933333333333333
39.85,261,AV,1,3,7,2,0,0,0,79,753.7709081553346,0.2,-0.5985
28.716666666666665,265,AV,0,7,4,4,0,0,0,71,20239.22920549412,0.1,-0.38716666666666666
11.333333333333334,254,AV,1,2,9,6,1,0,0,31,591.6693204447811,0.8,-0.9133333333333333
25.316666666666666,107,AV,1,1,7,3,4,0,0,52,3783.636689084741,0.3,-0.5531666666666666
31.666666666666668,218,AV,1,1,6,8,3,0,0,61,2347.541384251396,0.3,-0.6166666666666667
13.533333333333333,245,AV,2,1,1,6,4,0,0,30,1475.2077210572677,0.4,-0.5353333333333333
24.25,178,AV,1,2,7,3,5,0,0,52,3773.073658575576,0.1,-0.3425
15.15,25,AV,0,9,9,2,0,0,0,43,1275.9312017726234,0.2,-0.35150000000000003
30.716666666666665,162,AV,1,1,7,4,5,0,0,60,2857.712092786687,0.2,-0.5071666666666667
35.983333333333334,56,AV,1,1,7,7,5,0,0,66,3398.605365942332,0.1,-0.4598333333333333
40.45,111,AV,1,0,5,0,1,0,0,81,4429.527615460413,0.2,-0.6045
17.033333333333335,36,AV,0,7,7,0,2,0,0,50,2756.9260540590044,0.1,-0.2703333333333333
13.466666666666667,251,AV,0,4,2,4,2,0,0,42,2280.385817754286,0.3,-0.43466666666666665
26.816666666666666,193,AV,2,1,1,0,7,0,0,56,7658.5640246764915,0.1,-0.36816666666666664
16.916666666666668,59,AV,2,0,1,2,7,0,0,39,3159.4556453821087,0.7,-0.8691666666666666
18.45,55,AV,1,3,7,8,1,0,0,44,1822.2981036688468,0.1,-0.2845
28.783333333333335,187,AV,0,7,7,0,0,0,0,69,1596.1763216794554,0.6,-0.8878333333333333
12.05,212,AV,1,1,7,4,5,0,0,32,1148.9174546898266,0.5,-0.6205
15.75,108,AV,1,1,6,0,5,0,0,40,8480.737499651503,0.4,-0.5575
29.033333333333335,3,AV,2,1,1,7,12,0,0,60,3032.1279287666234,0.1,-0.3903333333333333
31.883333333333333,156,AV,1,1,7,8,4,0,0,61,5849.7981009167725,0.2,-0.5188333333333333
10.133333333333333,34,AV,1,2,6,4,0,0,0,25,3046.5766145774583,0.3,-0.4013333333333333
12.133333333333333,237,AV,1,0,6,0,0,0,0,32,2158.6935677652164,0.2,-0.32133333333333336
21.033333333333335,241,AV,1,1,7,6,6,0,0,46,877.2934597877683,0.1,-0.31033333333333335
17.4,270,AV,1,1,6,0,1,0,0,43,1496.328062426438,0.2,-0.374
38.333333333333336,122,AV,1,2,7,3,12,0,0,70,3119.7161673652217,0.3,-0.6833333333333333
18.616666666666667,272,AV,1,2,7,8,6,0,0,45,837.3801312568858,0.3,-0.48616666666666664
11.833333333333334,48,AV,2,1,2,8,5,0,0,30,1921.5023446668008,0.2,-0.31833333333333336
20.516666666666666,1,AV,0,7,8,0,1,0,0,54,8139.327108000771,0.1,-0.3051666666666667
40.95,99,AV,1,1,7,7,6,0,0,87,5578.433439706214,0.2,-0.6095
28.883333333333333,203,AV,1,1,4,6,2,0,0,58,3065.2253709468137,0.1,-0.38883333333333336
31.883333333333333,243,AV,1,0,6,6,0,0,0,61,3476.696831582168,0.5,-0.8188333333333333
10.516666666666667,77,AV,1,1,5,8,4,0,0,25,4967.653125719208,0.2,-0.3051666666666667
22.633333333333333,230,AV,1,3,8,6,0,0,0,50,1261.43865123121,0.3,-0.5263333333333333
20.1,291,AV,2,0,2,3,6,0,0,46,3824.993837156676,0.8,-1.0010000000000001
29.3,159,AV,1,0,7,7,5,0,0,58,3158.0604616132755,0.1,-0.393
37.81666666666667,125,AV,1,1,4,4,9,0,0,73,1294.2551843223837,0.1,-0.47816666666666674
32.78333333333333,91,AV,2,0,2,3,8,0,0,72,1823.811293294481,0.1,-0.4278333333333333
19.8,78,AV,1,1,4,6,2,0,0,47,473.5024380788758,0.1,-0.29800000000000004
19.283333333333335,158,AV,1,3,4,9,5,0,0,44,3882.59008652233,0.1,-0.2928333333333334
38.8,11,AV,1,1,7,0,0,0,0,73,7081.334819999852,0.6,-0.988
11.633333333333333,115,AV,2,0,1,7,0,0,0,10,861.805442805673,0.2,-0.31633333333333336
8.7,32,AV,1,2,6,7,7,0,0,19,5051.78348307234,0.1,-0.187
36.36666666666667,94,AV,1,1,4,8,9,0,0,66,3941.04555698938,0.2,-0.5636666666666668
26.016666666666666,7,AV,1,1,7,8,9,0,0,54,1507.5005543882637,0.4,-0.6601666666666667
17.716666666666665,186,AV,1,1,6,4,6,0,0,43,2141.869626207308,0.1,-0.2771666666666667
19.116666666666667,5,AV,2,0,1,8,9,0,0,42,3048.604611013583,0.4,-0.5911666666666667
31.216666666666665,234,AV,1,1,6,4,1,0,0,60,985.8695826897422,0.2,-0.5121666666666667
26.816666666666666,15,AV,1,1,6,4,0,0,0,54,743.7553910389753,0.1,-0.36816666666666664
16.733333333333334,27,AV,2,1,1,0,16,0,0,35,1122.7546975855585,0.2,-0.36733333333333335
24.2,101,AV,2,1,2,8,0,0,0,53,5168.6614957092925,0.2,-0.442
16.216666666666665,157,AV,1,1,9,6,9,0,0,41,2587.8859091729414,0.8,-0.9621666666666667
34.55,163,AV,1,1,5,0,5,0,0,65,5003.647877951615,0.2,-0.5455
38.25,271,AV,1,2,7,4,5,0,0,73,497.26542980048754,0.2,-0.5825
28.366666666666667,37,AV,2,1,1,1,6,0,0,58,1541.4014724042315,0.1,-0.3836666666666667
9.416666666666666,225,AV,1,3,6,4,1,0,0,20,5386.149373461946,0.9,-0.9941666666666666
14.6,278,AV,1,3,7,0,1,0,0,38,4196.147454418583,0.9,-1.046
8.116666666666667,117,AV,1,2,4,3,5,0,0,18,881.2906222289953,0.1,-0.18116666666666667
27.966666666666665,264,AV,2,1,3,8,7,0,0,58,17322.90883950548,0.3,-0.5796666666666667
38.85,116,AV,1,2,7,6,6,0,0,75,3465.4556083993225,1.0,-1.3885
13.633333333333333,53,AV,1,1,6,2,1,0,0,34,13430.196447392702,0.2,-0.3363333333333334
10.116666666666667,57,AV,0,7,7,7,1,0,0,33,1899.102970895097,1.0,-1.1011666666666666
36.5,41,AV,1,1,7,3,13,0,0,67,14754.343640924068,0.1,-0.46499999999999997
33.56666666666667,128,AV,1,1,7,0,4,0,0,63,3531.3895067900216,0.1,-0.43566666666666676
15.35,176,AV,1,1,7,0,3,0,0,40,1104.4445206976068,0.1,-0.2535
25.733333333333334,21,AV,1,1,7,6,0,0,0,53,3382.383844415393,0.4,-0.6573333333333333
8.416666666666666,250,AV,0,4,6,0,3,0,0,32,1150.4391077840953,0.1,-0.18416666666666667
39.56666666666667,114,AV,1,1,4,4,4,0,0,75,4669.869929992837,0.1,-0.4956666666666667
38.2,166,AV,1,1,6,3,2,0,0,72,1052.4070316009115,0.4,-0.782
24.15,201,AV,1,1,7,0,6,0,0,52,9030.678864893336,0.2,-0.4415
29.55,69,AV,1,0,9,4,4,0,0,59,742.6585956180782,0.1,-0.39549999999999996
28.616666666666667,165,AV,1,2,9,4,2,0,0,56,2446.4664131825853,0.2,-0.4861666666666667
30.516666666666666,155,AV,0,9,9,7,5,0,0,80,877.6907461205365,0.4,-0.7051666666666667
19.483333333333334,90,AV,1,1,7,4,7,0,0,47,4227.85786318916,0.2,-0.39483333333333337
29.983333333333334,30,AV,1,1,6,4,0,0,0,59,5009.92015912814,0.9,-1.1998333333333333
40.81666666666667,23,AV,1,1,9,7,1,0,0,89,6031.594525491932,0.1,-0.5081666666666667
26.933333333333334,217,AV,1,1,5,3,3,0,0,54,825.4433072334436,0.8,-1.0693333333333332
27.5,60,AV,1,2,7,4,5,0,0,55,2314.8193170712048,0.3,-0.575
35.45,97,AV,2,0,1,2,6,0,0,86,844.3352662229099,0.5,-0.8545
27.933333333333334,205,AV,1,0,6,7,10,0,0,56,1293.252850487379,0.1,-0.3793333333333333
33.68333333333333,14,AV,1,3,8,7,0,0,0,63,616.3739675020589,0.4,-0.7368333333333333
37.43333333333333,174,AV,1,0,6,4,0,0,0,70,1869.7531794209297,0.2,-0.5743333333333334
19.633333333333333,164,AV,2,3,2,8,0,0,0,45,2629.980017260476,0.1,-0.29633333333333334
29.25,71,AV,1,2,7,8,4,0,0,58,7099.697064525982,0.6,-0.8925
40.983333333333334,13,AV,1,1,8,8,0,0,0,92,18628.94525544202,0.1,-0.5098333333333334
12.466666666666667,190,AV,2,1,1,6,6,0,0,15,4376.119511966378,0.2,-0.32466666666666666
17.683333333333334,20,AV,1,3,7,4,0,0,0,43,3456.1529418207683,0.2,-0.37683333333333335
14.616666666666667,152,AV,1,1,7,8,8,0,0,37,2754.938443140308,0.1,-0.24616666666666667
36.833333333333336,4,AV,1,3,9,3,8,0,0,69,979.5720138781878,0.1,-0.4683333333333334
18.066666666666666,240,AV,2,3,2,7,7,0,0,40,4021.28082322038,0.1,-0.2806666666666667
21.6,227,AV,1,2,6,6,0,0,0,48,818.0604611907775,0.3,-0.516
37.96666666666667,133,AV,1,1,7,7,7,0,0,69,15387.119225735782,0.2,-0.5796666666666668
30.75,247,AV,1,1,9,0,1,0,0,59,2971.291490045772,0.2,-0.5075000000000001
12.183333333333334,31,AV,1,1,6,8,9,0,0,32,2239.257430619588,0.4,-0.5218333333333334
22.783333333333335,68,AV,1,3,5,2,4,0,0,50,3024.224513765153,1.0,-1.2278333333333333
19.166666666666668,87,AV,1,1,5,6,5,0,0,45,1097.8259349569896,0.1,-0.2916666666666667
15.533333333333333,74,AV,2,0,1,6,0,0,0,33,779.2240782816187,0.3,-0.4553333333333333
21.566666666666666,239,AV,1,2,7,8,9,0,0,49,3151.1733449572957,0.1,-0.31566666666666665
34.483333333333334,267,AV,1,1,4,0,9,0,0,65,1546.5147326922538,0.3,-0.6448333333333334
29.466666666666665,210,AV,1,1,7,7,13,0,0,58,14505.369879802229,0.1,-0.3946666666666666
28.916666666666668,257,AV,1,2,6,8,5,0,0,57,636.6552097563458,0.8,-1.0891666666666668
13.35,179,AV,1,3,4,4,2,0,0,35,2401.1770329784995,0.3,-0.4335
15.05,202,AV,0,9,6,8,2,0,0,45,912.6272274022258,0.1,-0.2505
5.25,181,AV,0,4,7,0,4,0,0,2,1391.0507319816634,0.3,-0.3525
26.883333333333333,135,AV,2,3,1,4,3,0,0,55,491.0984231068265,0.4,-0.6688333333333334
10.883333333333333,283,AV,1,1,7,8,2,0,0,29,7332.887514065835,1.0,-1.1088333333333333
11.566666666666666,236,AV,1,1,6,6,7,0,0,31,1824.367004680513,0.1,-0.21566666666666667
12.216666666666667,180,AV,2,0,1,8,7,0,0,5,2318.1098695731453,0.8,-0.9221666666666667
16.1,238,AV,1,1,7,4,1,0,0,41,1552.9853059451273,0.2,-0.361
36.63333333333333,199,AV,1,1,7,7,3,0,0,67,2329.0008356791827,0.1,-0.4663333333333334
21.166666666666668,102,AV,1,0,7,0,3,0,0,47,627.4062491148882,0.2,-0.4116666666666667
34.8,93,AV,1,1,4,0,2,0,0,65,4116.183110063293,0.9,-1.248
25.466666666666665,191,AV,0,8,7,7,1,0,0,61,5557.427333357366,0.5,-0.7546666666666666
15.916666666666666,126,AV,2,2,1,3,6,0,0,35,5480.041794665195,0.2,-0.35916666666666663
19.783333333333335,184,AV,1,2,7,7,1,0,0,45,892.1845339920479,0.3,-0.49783333333333335
29.4,28,AV,2,1,1,7,0,0,0,62,1530.0661682302475,0.4,-0.694
34.8,213,AV,1,1,7,2,3,0,0,65,4609.601315671212,0.4,-0.748
23.45,259,AV,1,3,9,3,5,0,0,51,1490.1599361877834,0.1,-0.3345
39.68333333333333,105,AV,1,2,6,3,3,0,0,80,2891.134206742707,0.7,-1.0968333333333333
32.8,79,AV,1,3,7,4,1,0,0,62,921.9548251796884,0.1,-0.42799999999999994
30.183333333333334,209,AV,1,1,6,3,0,0,0,59,2909.8477340427667,0.2,-0.5018333333333334
8.3,86,AV,0,7,4,3,2,0,0,31,1794.439334206041,0.4,-0.48300000000000004
14.383333333333333,232,AV,1,2,4,4,2,0,0,36,1405.7852601227096,0.4,-0.5438333333333334
10.366666666666667,62,AV,1,3,5,7,3,0,0,25,8028.27043643778,0.1,-0.20366666666666666
13.3,207,AV,1,0,7,2,0,0,0,34,4416.224882412617,0.2,-0.333
28.333333333333332,175,AV,1,1,7,2,0,0,0,57,2411.397471856681,1.0,-1.2833333333333332
22.033333333333335,110,AV,1,3,4,2,2,0,0,49,1059.8377785859489,0.4,-0.6203333333333334
25.383333333333333,169,AV,2,3,1,4,2,0,0,53,2835.850686157305,0.3,-0.5538333333333334
33.083333333333336,249,AV,2,1,1,2,6,0,0,67,1444.5182772575097,0.8,-1.1308333333333334
30.233333333333334,298,AV,1,1,7,2,2,0,0,59,1993.780724220221,0.5,-0.8023333333333333
16.85,52,AV,0,9,9,6,4,0,0,45,946.2003450753726,0.1,-0.2685
16.516666666666666,18,AV,1,3,7,2,1,0,0,41,1527.6889462703334,0.1,-0.26516666666666666
29.266666666666666,88,AV,1,2,7,6,10,0,0,57,1317.647826688136,0.2,-0.49266666666666664
24.1,38,AV,1,0,7,0,4,0,0,51,5307.329693361759,0.7,-0.941
12.833333333333334,214,AV,1,0,8,7,1,0,0,32,539.5213747330826,0.5,-0.6283333333333333
21.483333333333334,39,AV,2,1,2,8,5,0,0,44,600.3305173079323,0.8,-1.0148333333333335
12.833333333333334,150,AV,2,2,1,8,5,0,0,27,2857.8751728516777,0.3,-0.42833333333333334
11.816666666666666,289,AV,0,9,1,7,3,0,0,37,870.7377108213431,0.5,-0.6181666666666666
20.783333333333335,161,AV,1,2,7,4,2,0,0,48,6918.069898529506,0.3,-0.5078333333333334
39.483333333333334,92,AV,1,0,6,3,0,0,0,74,682.056612603955,0.7,-1.0948333333333333
8.083333333333334,292,AV,1,3,4,4,3,0,0,12,2458.2611968747465,0.6,-0.6808333333333333
21.85,172,AV,2,2,1,0,8,0,0,50,6197.036257351283,0.7,-0.9185
17.9,273,AV,2,1,1,2,9,0,0,38,5144.150368411208,0.1,-0.279
26.083333333333332,260,AV,2,1,1,7,4,0,0,56,4135.471393234625,0.1,-0.36083333333333334
16.833333333333332,144,AV,1,2,6,3,3,0,0,41,813.126641713825,0.1,-0.2683333333333333
38.68333333333333,256,AV,1,3,7,7,4,0,0,73,5984.209260784091,0.1,-0.48683333333333334
23.716666666666665,145,AV,0,9,1,7,4,0,0,57,5985.732437913218,0.7,-0.9371666666666666
33.333333333333336,119,AV,1,1,9,3,5,0,0,63,4343.557359248321,0.6,-0.9333333333333333
18.45,229,AV,0,6,5,4,1,0,0,51,4446.537177105173,0.4,-0.5845
13.516666666666667,138,AV,0,6,3,6,0,0,0,37,10721.15711953896,0.1,-0.2351666666666667
35.93333333333333,288,AV,1,1,4,8,5,0,0,66,5825.994272151124,0.1,-0.45933333333333326
26.666666666666668,177,AV,2,1,1,8,5,0,0,53,542.8991684878858,0.4,-0.6666666666666667
25.883333333333333,299,AV,1,3,9,2,0,0,0,53,10426.353459350525,0.1,-0.35883333333333334
14.1,124,AV,2,0,1,8,11,0,0,25,1386.7650627050614,0.2,-0.34099999999999997
25.616666666666667,131,AV,1,1,4,4,2,0,0,52,1404.912317929139,0.1,-0.35616666666666663
14.583333333333334,54,AV,1,0,7,4,0,0,0,36,1310.9401185904849,0.8,-0.9458333333333334
30.666666666666668,82,AV,1,1,7,7,6,0,0,59,465.3670128771111,0.3,-0.6066666666666667
12.2,22,AV,2,0,1,3,12,0,0,24,1046.6558973464134,0.1,-0.222
14.816666666666666,16,AV,1,1,7,8,3,0,0,39,7130.271245067938,0.2,-0.3481666666666667
32.9,26,AV,1,2,7,7,2,0,0,63,1592.6375082496468,0.1,-0.42899999999999994
27.316666666666666,167,AV,1,2,6,2,4,0,0,55,2222.040577514192,0.4,-0.6731666666666667
33.55,295,AV,2,1,1,0,10,0,0,74,3487.44186130441,0.7,-1.0354999999999999
39.4,266,AV,1,0,7,8,2,0,0,74,19040.472291926453,0.2,-0.594
17.616666666666667,33,AV,2,3,2,2,6,0,0,40,8326.33528790118,0.9,-1.0761666666666667
24.816666666666666,226,AV,1,0,5,6,1,0,0,51,1659.6531244520008,0.4,-0.6481666666666667
31.016666666666666,189,AV,1,0,5,6,1,0,0,59,2052.607856914241,0.2,-0.5101666666666667
22.25,290,AV,2,1,1,0,6,0,0,45,586.3474640105957,0.3,-0.5225
40.38333333333333,182,AV,1,2,7,7,3,0,0,83,2476.7673195544394,0.4,-0.8038333333333334
36.3,284,AV,1,0,5,4,3,0,0,68,4660.29795945294,0.6,-0.963
21.983333333333334,12,AV,1,3,7,1,0,0,0,49,3031.4508351358254,0.4,-0.6198333333333333
11.35,173,AV,1,1,9,7,5,0,0,25,3942.222625638348,0.1,-0.2135
13.7,121,AV,2,2,1,3,6,0,0,31,3427.0421228311798,0.1,-0.237
8.216666666666667,253,AV,2,1,1,7,2,0,0,0,5611.673516276995,0.6,-0.6821666666666666
35.2,149,AV,1,1,7,2,4,0,0,65,2767.495209174315,0.2,-0.552
19.183333333333334,42,AV,1,1,9,4,1,0,0,46,2797.307504072895,1.0,-1.1918333333333333
22.883333333333333,70,AV,1,1,8,9,1,0,0,50,1929.5758599688188,0.1,-0.3288333333333333
22.15,170,AV,0,6,1,6,1,0,0,54,4113.319853961603,0.1,-0.3215
37.766666666666666,281,AV,1,0,4,0,6,0,0,70,4459.768546990965,0.1,-0.4776666666666667
20.366666666666667,153,AV,0,6,7,7,1,0,0,53,676.2529471816457,0.1,-0.30366666666666664
14.1,9,AV,1,2,6,8,2,0,0,35,1454.957177165027,0.3,-0.44099999999999995
8.15,123,AV,1,1,7,4,0,0,0,20,658.4091024775607,0.1,-0.1815
10.15,168,AV,1,2,5,4,1,0,0,21,783.6834518391023,0.9,-1.0015
11.183333333333334,29,AV,1,1,7,6,4,0,0,30,1567.0706205360798,0.3,-0.41183333333333333
27.283333333333335,112,AV,0,4,7,2,3,0,0,65,1592.2311391495805,0.3,-0.5728333333333333
21.366666666666667,216,AV,2,2,2,0,6,0,0,47,2108.868816674547,0.1,-0.31366666666666665
40.666666666666664,85,AV,1,2,6,8,10,0,0,82,3534.445695738256,0.2,-0.6066666666666667
14.066666666666666,188,AV,2,0,1,7,0,0,0,34,2177.5877894542577,0.4,-0.5406666666666666
9.65,72,AV,1,1,8,6,4,0,0,23,11861.36896338871,0.2,-0.2965
21.083333333333332,296,AV,1,1,7,2,3,0,0,48,822.5771428470101,0.2,-0.41083333333333333
24.55,244,AV,1,1,6,6,0,0,0,52,3368.9508766880413,0.1,-0.34550000000000003
19.383333333333333,98,AV,2,1,1,0,7,0,0,34,4959.361066312568,0.1,-0.29383333333333334
23.25,268,AV,1,2,7,7,7,0,0,50,2574.4307659940623,0.2,-0.4325
13.733333333333333,96,AV,2,1,1,8,9,0,0,30,1832.3133019091129,0.9,-1.0373333333333334
20.883333333333333,297,AV,1,1,4,7,5,0,0,48,2815.231094880572,0.2,-0.4088333333333333
32.31666666666667,235,AV,1,3,7,0,0,0,0,61,5427.330032863625,0.6,-0.9231666666666667
23.55,147,AV,1,1,7,0,7,0,0,51,904.859336063587,0.4,-0.6355000000000001
26.433333333333334,130,AV,1,3,7,7,0,0,0,54,2398.572127464108,0.2,-0.4643333333333333
38.833333333333336,17,AV,1,2,7,4,2,0,0,73,3919.41152379869,0.1,-0.4883333333333334
18.166666666666668,293,AV,2,1,3,4,2,0,0,35,5913.041300376779,0.2,-0.3816666666666667
12.083333333333334,255,AV,2,1,3,7,2,0,0,20,933.6906207466446,0.2,-0.32083333333333336
35.6,136,AV,1,2,7,3,0,0,0,65,854.5785374972068,0.2,-0.556
36.68333333333333,269,AV,1,1,7,7,6,0,0,68,1950.0200213032829,0.1,-0.4668333333333333
11.85,183,AV,1,1,7,6,12,0,0,31,4818.617258984985,0.6,-0.7184999999999999
25.483333333333334,75,AV,1,3,7,4,1,0,0,52,7897.119961473183,0.4,-0.6548333333333334
24.083333333333332,233,AV,1,1,4,0,4,0,0,51,2965.4163440895786,0.8,-1.0408333333333333
39.93333333333333,274,AV,1,1,8,4,5,0,0,81,6563.608435155774,1.0,-1.3993333333333333
14.783333333333333,277,AV,2,1,1,0,8,0,0,32,1074.3823512953045,0.2,-0.3478333333333333
13.666666666666666,200,AV,1,1,7,6,7,0,0,34,8987.033628468456,0.9,-1.0366666666666666
33.666666666666664,248,AV,1,1,7,7,0,0,0,64,610.4868582393152,0.1,-0.43666666666666665
27.166666666666668,127,AV,1,2,6,7,1,0,0,54,1945.516475481125,1.0,-1.2716666666666667
