travel_time,id,kind,action,bid_route_0,bid_route_1,bid_route_2,karma_balance,origin,destination,start_time,income,urgency,reward
13.65,44,AV,2,0,1,6,0,0,0,33,10751.672106064549,0.7,-0.8365
18.5,137,AV,2,0,2,6,0,0,0,40,4968.170350229253,0.1,-0.28500000000000003
19.066666666666666,50,AV,2,1,2,0,7,0,0,44,586.8516376274475,0.1,-0.29066666666666663
35.15,63,AV,2,3,2,2,7,0,0,89,3863.855435177377,0.1,-0.4515
19.033333333333335,84,AV,1,1,7,5,5,0,0,42,9280.176126726552,0.4,-0.5903333333333334
26.2,132,AV,1,2,7,6,0,0,0,53,1141.5133047894662,0.3,-0.562
34.483333333333334,196,AV,1,2,7,8,2,0,0,64,4281.8327360815,0.3,-0.6448333333333334
8.4,139,AV,0,6,0,6,0,0,0,33,2318.2944376966047,0.1,-0.184
23.233333333333334,118,AV,2,2,3,2,6,0,0,50,3752.1132597063192,0.2,-0.43233333333333335
29.416666666666668,106,AV,1,1,8,8,1,0,0,58,3933.772930850901,0.5,-0.7941666666666667
11.65,104,AV,0,9,7,8,3,0,0,41,5670.319740923212,0.1,-0.21650000000000003
30.65,263,AV,0,9,9,8,0,0,0,75,388.2787303527966,0.1,-0.4065
17.233333333333334,287,AV,2,2,2,0,7,0,0,40,2520.718778515204,0.1,-0.2723333333333333
33.733333333333334,103,AV,1,1,7,6,5,0,0,65,4689.4303597647895,0.2,-0.5373333333333333
10.05,220,AV,0,8,8,6,0,0,0,34,1723.69240549938,0.3,-0.40049999999999997
30.083333333333332,148,AV,2,1,1,6,1,0,0,66,1150.2916000513435,0.1,-0.4008333333333334
10.616666666666667,252,AV,1,1,7,6,3,0,0,29,1022.032321197676,0.2,-0.3061666666666667
33.2,134,AV,1,2,9,6,1,0,0,65,2645.062412614309,0.3,-0.632
33.63333333333333,221,AV,1,1,7,6,6,0,0,65,1005.9867386644172,0.3,-0.6363333333333333
16.15,46,AV,1,1,9,8,0,0,0,37,1682.490559712908,0.4,-0.5615
12.666666666666666,143,AV,2,0,2,3,8,0,0,17,2260.56382504795,0.1,-0.22666666666666666
26.85,151,AV,2,1,0,1,6,0,0,57,1234.5997004771,0.1,-0.36850000000000005
12.216666666666667,81,AV,1,2,4,6,3,0,0,31,597.1498506777683,0.1,-0.22216666666666668
22.65,100,AV,2,1,2,7,2,0,0,47,2953.464044858564,0.5,-0.7264999999999999
9.716666666666667,10,AV,1,0,5,2,1,0,0,16,2622.7149314101284,0.1,-0.19716666666666666
29.2,215,AV,2,2,1,6,1,0,0,56,961.7772661313056,0.3,-0.592
16.8,73,AV,1,2,4,0,5,0,0,37,522.440884226393,0.1,-0.268
17.233333333333334,258,AV,1,2,7,6,7,0,0,39,6709.13861087917,0.1,-0.2723333333333333
17.033333333333335,282,AV,1,2,6,0,3,0,0,38,1635.9686818612918,0.5,-0.6703333333333333
15.033333333333333,67,AV,0,6,1,7,2,0,0,45,4200.245935785981,0.2,-0.35033333333333333
21.883333333333333,58,AV,1,1,7,8,9,0,0,48,4679.48341028673,0.1,-0.3188333333333333
35.81666666666667,224,AV,1,2,8,3,5,0,0,67,1251.6500609663929,0.2,-0.5581666666666667
8.266666666666667,228,AV,1,2,6,0,2,0,0,17,2472.005569054355,0.2,-0.2826666666666667
23.733333333333334,192,AV,0,5,2,7,2,0,0,61,8689.506535985933,0.1,-0.3373333333333334
28.733333333333334,76,AV,1,1,7,6,2,0,0,57,3793.837230001502,0.1,-0.3873333333333333
21.0,129,AV,2,0,1,3,12,0,0,48,2561.5826276178027,0.2,-0.41000000000000003
14.7,198,AV,1,0,6,3,2,0,0,34,1047.1205397958274,0.1,-0.247
38.7,141,AV,1,1,7,7,7,0,0,77,541.9839687696077,0.1,-0.487
34.13333333333333,211,AV,1,1,7,8,7,0,0,65,776.0711537761008,0.2,-0.5413333333333333
17.083333333333332,45,AV,0,7,7,0,5,0,0,46,6081.635477498837,0.7,-0.8708333333333332
27.05,61,AV,2,2,1,6,3,0,0,56,381.3218977270381,0.3,-0.5705
38.61666666666667,47,AV,1,1,6,6,7,0,0,81,1594.6992934726818,0.1,-0.48616666666666664
15.616666666666667,0,AV,2,1,1,0,9,0,0,36,2750.2432356670683,0.2,-0.3561666666666667
23.5,219,AV,1,1,6,3,0,0,0,50,3958.913906791885,0.6,-0.835
21.016666666666666,279,AV,2,1,1,7,4,0,0,44,1460.8215047913693,0.1,-0.3101666666666667
7.9,286,AV,1,1,7,8,5,0,0,11,4617.971391102537,0.1,-0.179
9.833333333333334,113,AV,1,1,9,4,7,0,0,24,2044.1603053436156,0.4,-0.49833333333333335
35.25,197,AV,1,1,7,6,0,0,0,66,1997.7276787447236,0.8,-1.1525
14.716666666666667,66,AV,1,2,6,8,10,0,0,35,6020.57275324985,0.1,-0.24716666666666667
36.0,208,AV,1,2,4,7,11,0,0,67,566.7055292848979,0.5,-0.86
23.883333333333333,142,AV,2,1,1,6,1,0,0,51,7912.643587116454,0.2,-0.43883333333333335
18.216666666666665,171,AV,2,2,2,4,2,0,0,42,10450.70686878338,0.3,-0.48216666666666663
25.483333333333334,276,AV,1,1,7,6,2,0,0,52,3654.013033637752,0.3,-0.5548333333333333
19.716666666666665,204,AV,1,3,9,6,0,0,0,44,1880.1756700095973,0.5,-0.6971666666666667
32.88333333333333,294,AV,1,2,4,6,4,0,0,62,13079.31179296209,0.7,-1.0288333333333333
11.016666666666667,2,AV,2,2,1,3,6,0,0,22,4687.914961676448,0.1,-0.21016666666666667
26.6,195,AV,1,1,8,3,1,0,0,54,2969.8754393798326,0.4,-0.666
25.383333333333333,146,AV,2,2,2,7,1,0,0,54,2476.7926805910606,0.1,-0.35383333333333333
34.233333333333334,80,AV,1,2,7,3,0,0,0,65,1174.3503864217532,0.1,-0.44233333333333336
32.1,223,AV,1,2,9,0,1,0,0,61,4266.216809230351,0.1,-0.42100000000000004
30.866666666666667,185,AV,1,1,9,8,3,0,0,59,639.9143284368583,0.2,-0.5086666666666666
26.983333333333334,109,AV,1,0,7,8,5,0,0,54,3628.2404526711953,0.1,-0.36983333333333335
17.2,43,AV,1,2,7,3,9,0,0,37,2117.047321722312,0.3,-0.472
22.85,120,AV,1,2,7,4,3,0,0,49,5341.061461458292,0.3,-0.5285
38.21666666666667,19,AV,1,1,4,8,16,0,0,76,1148.2139867956057,0.5,-0.8821666666666668
22.783333333333335,95,AV,1,1,6,6,0,0,0,49,3256.7228478661937,0.4,-0.6278333333333334
29.433333333333334,262,AV,2,2,1,8,5,0,0,62,1830.3424648913517,0.4,-0.6943333333333334
18.966666666666665,65,AV,1,1,7,8,3,0,0,41,2538.843693606908,1.0,-1.1896666666666667
26.966666666666665,89,AV,1,1,7,8,3,0,0,54,1111.987968807459,0.4,-0.6696666666666666
19.183333333333334,206,AV,1,3,7,8,4,0,0,42,1389.0632502942228,0.5,-0.6918333333333333
32.06666666666667,51,AV,1,2,6,6,0,0,0,60,3508.846318545673,0.2,-0.5206666666666667
33.166666666666664,140,AV,1,2,8,6,4,0,0,63,863.3540159882258,0.2,-0.5316666666666667
20.283333333333335,275,AV,2,2,2,6,6,0,0,43,1639.6236094811811,0.2,-0.4028333333333334
32.483333333333334,285,AV,1,3,4,0,4,0,0,61,2198.5025098873134,0.3,-0.6248333333333334
27.45,35,AV,2,1,3,4,5,0,0,59,4381.240268036911,0.1,-0.37449999999999994
19.35,8,AV,1,2,6,3,4,0,0,43,2294.767722006211,0.3,-0.4935
28.55,83,AV,1,2,7,6,1,0,0,55,4412.688598555705,0.6,-0.8855
27.833333333333332,194,AV,1,2,7,8,9,0,0,55,4164.701887555128,0.1,-0.3783333333333333
11.85,49,AV,1,2,7,8,6,0,0,31,3866.930621896856,0.9,-1.0185
13.8,280,AV,1,1,4,7,5,0,0,33,4577.590037133467,0.3,-0.438
28.466666666666665,6,AV,1,1,4,1,3,0,0,57,1805.1606101798543,0.3,-0.5846666666666667
25.25,242,AV,0,5,4,3,2,0,0,61,1986.5043233563797,0.5,-0.7525
18.35,246,AV,2,1,1,6,0,0,0,41,640.5426603936758,0.3,-0.48350000000000004
24.633333333333333,64,AV,2,0,1,7,3,0,0,53,1083.524948441525,0.4,-0.6463333333333333
36.55,222,AV,1,2,6,7,4,0,0,69,3387.2787239910285,0.2,-0.5655
17.016666666666666,24,AV,0,6,7,2,2,0,0,48,863.5619359671642,0.5,-0.6701666666666667
10.166666666666666,231,AV,1,1,7,6,11,0,0,24,2043.1688306873104,0.1,-0.20166666666666666
36.833333333333336,154,AV,1,2,6,6,4,0,0,70,7958.958807233507,0.2,-0.5683333333333334
18.6,40,AV,0,4,4,5,5,0,0,50,8348.421721831439,0.1,-0.28600000000000003
8.4,160,AV,0,6,7,7,2,0,0,33,4707.821121085941,0.4,-0.48400000000000004
35.25,261,AV,2,1,2,8,2,0,0,79,753.7709081553346,0.5,-0.8525
37.0,265,AV,1,1,9,6,2,0,0,71,20239.22920549412,0.5,-0.87
12.233333333333333,254,AV,1,2,7,8,13,0,0,31,591.6693204447811,0.1,-0.22233333333333333
27.5,107,AV,2,2,2,6,8,0,0,52,3783.636689084741,0.1,-0.375
28.733333333333334,218,AV,2,2,1,7,8,0,0,61,2347.541384251396,0.1,-0.3873333333333333
11.283333333333333,245,AV,1,2,7,3,6,0,0,30,1475.2077210572677,0.5,-0.6128333333333333
25.35,178,AV,1,2,4,8,5,0,0,52,3773.073658575576,0.2,-0.4535
13.433333333333334,25,AV,0,7,8,8,1,0,0,43,1275.9312017726234,0.9,-1.0343333333333333
29.1,162,AV,2,2,3,6,0,0,0,60,2857.712092786687,0.9,-1.191
35.516666666666666,56,AV,1,1,7,7,0,0,0,66,3398.605365942332,0.8,-1.1551666666666667
38.9,111,AV,1,0,7,3,0,0,0,81,4429.527615460413,0.4,-0.789
24.166666666666668,36,AV,1,1,8,6,1,0,0,50,2756.9260540590044,0.2,-0.44166666666666665
16.883333333333333,251,AV,2,1,1,6,3,0,0,42,2280.385817754286,0.1,-0.26883333333333337
27.233333333333334,193,AV,2,1,1,0,14,0,0,56,7658.5640246764915,0.1,-0.3723333333333333
17.65,59,AV,1,1,7,5,0,0,0,39,3159.4556453821087,0.2,-0.3765
20.216666666666665,55,AV,1,1,6,3,1,0,0,44,1822.2981036688468,0.1,-0.3021666666666667
36.36666666666667,187,AV,1,2,9,7,4,0,0,69,1596.1763216794554,0.3,-0.6636666666666666
12.916666666666666,212,AV,1,2,9,4,1,0,0,32,1148.9174546898266,0.1,-0.22916666666666666
18.283333333333335,108,AV,1,1,9,4,2,0,0,40,8480.737499651503,0.1,-0.2828333333333334
31.5,3,AV,1,1,9,8,2,0,0,60,3032.1279287666234,0.3,-0.615
31.75,156,AV,1,1,9,8,0,0,0,61,5849.7981009167725,0.2,-0.5175000000000001
10.066666666666666,34,AV,1,1,4,6,4,0,0,25,3046.5766145774583,0.1,-0.20066666666666666
13.333333333333334,237,AV,1,2,8,7,8,0,0,32,2158.6935677652164,0.3,-0.43333333333333335
22.75,241,AV,1,2,7,7,3,0,0,46,877.2934597877683,0.8,-1.0275
19.633333333333333,270,AV,1,2,7,7,10,0,0,43,1496.328062426438,0.1,-0.29633333333333334
37.333333333333336,122,AV,1,1,8,4,0,0,0,70,3119.7161673652217,0.3,-0.6733333333333333
19.183333333333334,272,AV,2,3,1,6,0,0,0,45,837.3801312568858,0.5,-0.6918333333333333
11.183333333333334,48,AV,1,1,7,7,1,0,0,30,1921.5023446668008,0.5,-0.6118333333333333
27.2,1,AV,2,2,2,6,2,0,0,54,8139.327108000771,0.6,-0.872
39.75,99,AV,1,1,7,8,4,0,0,87,5578.433439706214,0.1,-0.49750000000000005
29.783333333333335,203,AV,1,1,8,3,1,0,0,58,3065.2253709468137,0.4,-0.6978333333333333
32.083333333333336,243,AV,1,0,7,3,0,0,0,61,3476.696831582168,0.3,-0.6208333333333333
12.05,77,AV,2,2,1,7,0,0,0,25,4967.653125719208,0.1,-0.22050000000000003
23.733333333333334,230,AV,1,2,7,0,3,0,0,50,1261.43865123121,0.2,-0.43733333333333335
15.033333333333333,291,AV,0,9,9,7,1,0,0,46,3824.993837156676,0.1,-0.2503333333333333
29.516666666666666,159,AV,1,1,7,6,0,0,0,58,3158.0604616132755,0.1,-0.39516666666666667
33.85,125,AV,2,0,1,8,1,0,0,73,1294.2551843223837,0.1,-0.4385
37.21666666666667,91,AV,1,1,4,8,12,0,0,72,1823.811293294481,0.1,-0.47216666666666673
21.783333333333335,78,AV,1,1,7,4,0,0,0,47,473.5024380788758,0.5,-0.7178333333333333
20.9,158,AV,1,1,9,6,2,0,0,44,3882.59008652233,0.1,-0.309
36.166666666666664,11,AV,2,0,3,8,4,0,0,73,7081.334819999852,0.3,-0.6616666666666666
11.616666666666667,115,AV,2,1,3,2,6,0,0,10,861.805442805673,0.9,-1.0161666666666667
9.5,32,AV,1,1,4,0,3,0,0,19,5051.78348307234,0.1,-0.195
33.78333333333333,94,AV,2,2,2,8,2,0,0,66,3941.04555698938,0.2,-0.5378333333333334
27.216666666666665,7,AV,1,1,7,6,6,0,0,54,1507.5005543882637,0.3,-0.5721666666666667
19.45,186,AV,1,2,7,8,12,0,0,43,2141.869626207308,0.3,-0.4945
13.466666666666667,5,AV,0,7,1,8,3,0,0,42,3048.604611013583,0.7,-0.8346666666666667
29.483333333333334,234,AV,2,2,1,6,3,0,0,60,985.8695826897422,0.8,-1.0948333333333333
27.233333333333334,15,AV,1,2,7,6,7,0,0,54,743.7553910389753,0.2,-0.4723333333333333
15.483333333333333,27,AV,1,1,7,5,1,0,0,35,1122.7546975855585,0.1,-0.25483333333333336
25.8,101,AV,1,1,7,4,1,0,0,53,5168.6614957092925,0.3,-0.558
18.466666666666665,157,AV,1,2,7,8,3,0,0,41,2587.8859091729414,0.1,-0.2846666666666666
34.53333333333333,163,AV,1,2,7,7,0,0,0,65,5003.647877951615,0.2,-0.5453333333333333
37.7,271,AV,1,2,6,6,0,0,0,73,497.26542980048754,0.3,-0.677
30.233333333333334,37,AV,1,1,7,7,4,0,0,58,1541.4014724042315,0.1,-0.4023333333333333
9.35,225,AV,1,0,6,0,7,0,0,20,5386.149373461946,0.4,-0.49350000000000005
16.616666666666667,278,AV,1,2,7,8,14,0,0,38,4196.147454418583,0.5,-0.6661666666666667
8.366666666666667,117,AV,1,0,9,7,0,0,0,18,881.2906222289953,0.1,-0.18366666666666667
29.983333333333334,264,AV,1,1,6,0,0,0,0,58,17322.90883950548,0.1,-0.3998333333333334
33.06666666666667,116,AV,2,2,2,6,4,0,0,75,3465.4556083993225,0.1,-0.43066666666666675
14.65,53,AV,1,0,4,5,2,0,0,34,13430.196447392702,0.8,-0.9465
14.166666666666666,57,AV,1,1,8,8,1,0,0,33,1899.102970895097,0.2,-0.3416666666666667
36.016666666666666,41,AV,1,2,9,7,6,0,0,67,14754.343640924068,0.1,-0.4601666666666666
27.366666666666667,128,AV,0,7,6,8,4,0,0,63,3531.3895067900216,0.2,-0.4736666666666667
17.716666666666665,176,AV,1,1,9,7,0,0,0,40,1104.4445206976068,0.1,-0.2771666666666667
20.4,21,AV,0,9,8,6,0,0,0,53,3382.383844415393,0.2,-0.404
13.25,250,AV,1,2,7,4,8,0,0,32,1150.4391077840953,0.3,-0.4325
34.93333333333333,114,AV,2,3,1,0,6,0,0,75,4669.869929992837,0.1,-0.44933333333333325
37.5,166,AV,1,2,8,8,0,0,0,72,1052.4070316009115,0.9,-1.275
23.3,201,AV,2,1,1,0,7,0,0,52,9030.678864893336,0.2,-0.43300000000000005
30.633333333333333,69,AV,1,0,6,2,0,0,0,59,742.6585956180782,0.2,-0.5063333333333333
29.183333333333334,165,AV,1,2,8,4,11,0,0,56,2446.4664131825853,0.1,-0.39183333333333337
38.5,155,AV,1,2,9,8,0,0,0,80,877.6907461205365,0.2,-0.585
21.55,90,AV,1,2,7,7,1,0,0,47,4227.85786318916,0.3,-0.5155
30.916666666666668,30,AV,1,3,7,7,0,0,0,59,5009.92015912814,0.5,-0.8091666666666667
39.666666666666664,23,AV,1,0,4,0,2,0,0,89,6031.594525491932,1.0,-1.3966666666666667
27.466666666666665,217,AV,1,2,7,8,2,0,0,54,825.4433072334436,0.3,-0.5746666666666667
28.033333333333335,60,AV,1,1,8,7,1,0,0,55,2314.8193170712048,0.1,-0.3803333333333333
39.5,97,AV,1,0,5,6,3,0,0,86,844.3352662229099,0.1,-0.495
28.516666666666666,205,AV,1,2,4,6,4,0,0,56,1293.252850487379,0.3,-0.5851666666666666
33.38333333333333,14,AV,1,0,9,8,5,0,0,63,616.3739675020589,1.0,-1.3338333333333332
28.983333333333334,174,AV,0,7,7,6,10,0,0,70,1869.7531794209297,0.1,-0.38983333333333337
20.65,164,AV,1,3,7,2,0,0,0,45,2629.980017260476,0.1,-0.3065
30.45,71,AV,1,2,9,8,0,0,0,58,7099.697064525982,0.2,-0.5045
39.81666666666667,13,AV,1,1,4,3,6,0,0,92,18628.94525544202,0.1,-0.49816666666666676
8.383333333333333,190,AV,1,1,9,7,0,0,0,15,4376.119511966378,0.2,-0.2838333333333333
20.066666666666666,20,AV,1,3,7,7,4,0,0,43,3456.1529418207683,0.1,-0.30066666666666664
16.483333333333334,152,AV,1,1,8,7,0,0,0,37,2754.938443140308,0.2,-0.36483333333333334
36.61666666666667,4,AV,1,0,9,7,2,0,0,69,979.5720138781878,0.1,-0.46616666666666673
18.033333333333335,240,AV,1,1,7,0,1,0,0,40,4021.28082322038,0.3,-0.48033333333333333
22.716666666666665,227,AV,1,2,7,8,9,0,0,48,818.0604611907775,0.3,-0.5271666666666667
35.96666666666667,133,AV,2,2,2,2,6,0,0,69,15387.119225735782,0.4,-0.7596666666666667
22.283333333333335,247,AV,0,7,7,4,0,0,0,59,2971.291490045772,0.8,-1.0228333333333335
13.383333333333333,31,AV,1,2,7,8,6,0,0,32,2239.257430619588,0.1,-0.23383333333333334
23.533333333333335,68,AV,1,2,4,8,4,0,0,50,3024.224513765153,0.2,-0.43533333333333335
20.933333333333334,87,AV,1,2,7,8,8,0,0,45,1097.8259349569896,0.4,-0.6093333333333334
15.5,74,AV,2,2,2,5,2,0,0,33,779.2240782816187,0.1,-0.255
23.133333333333333,239,AV,1,1,9,8,1,0,0,49,3151.1733449572957,0.2,-0.43133333333333335
30.716666666666665,267,AV,2,0,1,7,0,0,0,65,1546.5147326922538,0.5,-0.8071666666666666
30.233333333333334,210,AV,1,1,7,8,10,0,0,58,14505.369879802229,0.3,-0.6023333333333334
29.333333333333332,257,AV,1,1,9,7,2,0,0,57,636.6552097563458,0.2,-0.49333333333333335
15.016666666666667,179,AV,1,2,7,8,2,0,0,35,2401.1770329784995,0.1,-0.25016666666666665
19.133333333333333,202,AV,2,0,3,2,6,0,0,45,912.6272274022258,0.2,-0.3913333333333333
7.55,181,AV,1,1,7,4,1,0,0,2,1391.0507319816634,0.9,-0.9755
27.316666666666666,135,AV,2,2,2,7,3,0,0,55,491.0984231068265,0.4,-0.6731666666666667
11.6,283,AV,1,2,7,7,8,0,0,29,7332.887514065835,0.1,-0.216
12.433333333333334,236,AV,1,2,4,6,4,0,0,31,1824.367004680513,0.1,-0.22433333333333333
12.2,180,AV,2,1,2,7,2,0,0,5,2318.1098695731453,0.1,-0.222
18.8,238,AV,1,1,6,8,5,0,0,41,1552.9853059451273,0.5,-0.688
32.65,199,AV,2,1,1,8,5,0,0,67,2329.0008356791827,0.2,-0.5265
22.866666666666667,102,AV,1,2,6,6,6,0,0,47,627.4062491148882,0.1,-0.32866666666666666
28.866666666666667,93,AV,0,6,1,6,0,0,0,65,4116.183110063293,0.5,-0.7886666666666666
32.416666666666664,191,AV,1,2,9,8,6,0,0,61,5557.427333357366,0.2,-0.5241666666666667
15.533333333333333,126,AV,1,1,9,3,0,0,0,35,5480.041794665195,0.3,-0.4553333333333333
21.516666666666666,184,AV,1,2,6,6,0,0,0,45,892.1845339920479,0.9,-1.1151666666666666
32.81666666666667,28,AV,1,1,7,8,11,0,0,62,1530.0661682302475,0.1,-0.4281666666666667
34.81666666666667,213,AV,1,1,7,8,5,0,0,65,4609.601315671212,0.2,-0.5481666666666667
24.216666666666665,259,AV,1,1,4,0,3,0,0,51,1490.1599361877834,0.1,-0.3421666666666666
30.566666666666666,105,AV,0,4,4,4,3,0,0,80,2891.134206742707,0.5,-0.8056666666666666
25.533333333333335,79,AV,0,8,7,6,2,0,0,62,921.9548251796884,0.2,-0.45533333333333337
31.1,209,AV,1,2,8,6,4,0,0,59,2909.8477340427667,0.1,-0.41100000000000003
13.866666666666667,86,AV,2,1,1,8,1,0,0,31,1794.439334206041,0.3,-0.43866666666666665
15.916666666666666,232,AV,1,1,7,8,15,0,0,36,1405.7852601227096,0.4,-0.5591666666666667
10.466666666666667,62,AV,1,2,9,6,0,0,0,25,8028.27043643778,0.5,-0.6046666666666667
14.966666666666667,207,AV,1,0,7,8,3,0,0,34,4416.224882412617,0.5,-0.6496666666666666
29.066666666666666,175,AV,1,1,7,8,1,0,0,57,2411.397471856681,0.5,-0.7906666666666666
23.116666666666667,110,AV,1,0,9,6,2,0,0,49,1059.8377785859489,0.7,-0.9311666666666666
25.55,169,AV,2,1,1,8,6,0,0,53,2835.850686157305,0.1,-0.35550000000000004
36.21666666666667,249,AV,1,2,8,7,3,0,0,67,1444.5182772575097,0.2,-0.5621666666666667
23.666666666666668,298,AV,0,7,7,4,3,0,0,59,1993.780724220221,0.1,-0.33666666666666667
20.983333333333334,52,AV,1,1,7,8,5,0,0,45,946.2003450753726,0.7,-0.9098333333333333
11.766666666666667,18,AV,0,8,2,5,1,0,0,41,1527.6889462703334,0.1,-0.21766666666666667
29.516666666666666,88,AV,1,2,7,4,3,0,0,57,1317.647826688136,0.1,-0.39516666666666667
25.0,38,AV,1,1,6,4,0,0,0,51,5307.329693361759,0.8,-1.05
14.033333333333333,214,AV,1,1,7,0,4,0,0,32,539.5213747330826,0.4,-0.5403333333333333
20.633333333333333,39,AV,1,2,9,7,4,0,0,44,600.3305173079323,0.1,-0.30633333333333335
11.116666666666667,150,AV,1,2,7,8,5,0,0,27,2857.8751728516777,0.3,-0.4111666666666667
16.566666666666666,289,AV,2,2,2,6,0,0,0,37,870.7377108213431,1.0,-1.1656666666666666
21.733333333333334,161,AV,2,0,2,4,4,0,0,48,6918.069898529506,0.2,-0.41733333333333333
38.083333333333336,92,AV,1,1,7,4,4,0,0,74,682.056612603955,0.3,-0.6808333333333334
8.116666666666667,292,AV,1,2,8,8,3,0,0,12,2458.2611968747465,0.2,-0.2811666666666667
23.95,172,AV,1,1,6,3,0,0,0,50,6197.036257351283,0.3,-0.5395
17.516666666666666,273,AV,1,0,6,8,7,0,0,38,5144.150368411208,0.2,-0.37516666666666665
26.316666666666666,260,AV,2,1,1,5,1,0,0,56,4135.471393234625,0.8,-1.0631666666666666
19.05,144,AV,1,0,7,6,11,0,0,41,813.126641713825,0.7,-0.8905
37.65,256,AV,1,2,7,6,6,0,0,73,5984.209260784091,0.2,-0.5765
21.95,145,AV,0,6,1,2,7,0,0,57,5985.732437913218,0.2,-0.4195
31.633333333333333,119,AV,2,1,2,4,9,0,0,63,4343.557359248321,0.4,-0.7163333333333334
24.483333333333334,229,AV,1,0,9,8,4,0,0,51,4446.537177105173,0.1,-0.3448333333333333
17.15,138,AV,2,1,1,6,2,0,0,37,10721.15711953896,0.3,-0.4715
35.78333333333333,288,AV,1,2,7,6,0,0,0,66,5825.994272151124,0.8,-1.1578333333333335
26.466666666666665,177,AV,1,2,7,6,7,0,0,53,542.8991684878858,0.2,-0.4646666666666667
26.316666666666666,299,AV,1,0,7,3,1,0,0,53,10426.353459350525,0.2,-0.46316666666666667
10.883333333333333,124,AV,1,2,9,4,1,0,0,25,1386.7650627050614,1.0,-1.1088333333333333
25.883333333333333,131,AV,1,0,7,6,1,0,0,52,1404.912317929139,0.1,-0.35883333333333334
16.416666666666668,54,AV,1,2,9,8,4,0,0,36,1310.9401185904849,0.3,-0.46416666666666667
31.25,82,AV,1,1,4,7,6,0,0,59,465.3670128771111,0.1,-0.4125
10.35,22,AV,1,3,7,4,0,0,0,24,1046.6558973464134,0.4,-0.5035000000000001
17.35,16,AV,1,0,7,7,6,0,0,39,7130.271245067938,0.1,-0.2735
27.266666666666666,26,AV,0,7,1,7,1,0,0,63,1592.6375082496468,0.4,-0.6726666666666667
26.466666666666665,167,AV,2,1,2,7,1,0,0,55,2222.040577514192,0.5,-0.7646666666666666
38.03333333333333,295,AV,1,1,7,8,5,0,0,74,3487.44186130441,0.4,-0.7803333333333333
38.5,266,AV,1,3,4,9,6,0,0,74,19040.472291926453,0.3,-0.685
18.333333333333332,33,AV,1,3,7,4,2,0,0,40,8326.33528790118,0.1,-0.2833333333333333
25.25,226,AV,1,2,7,6,0,0,0,51,1659.6531244520008,0.4,-0.6525000000000001
31.466666666666665,189,AV,1,2,6,6,0,0,0,59,2052.607856914241,0.2,-0.5146666666666666
21.75,290,AV,1,1,6,6,1,0,0,45,586.3474640105957,0.2,-0.4175
39.483333333333334,182,AV,1,1,7,7,10,0,0,83,2476.7673195544394,0.1,-0.49483333333333335
33.016666666666666,284,AV,2,1,1,7,1,0,0,68,4660.29795945294,0.2,-0.5301666666666667
23.2,12,AV,1,1,7,7,7,0,0,49,3031.4508351358254,0.1,-0.33199999999999996
11.316666666666666,173,AV,1,2,4,7,3,0,0,25,3942.222625638348,0.1,-0.21316666666666667
12.633333333333333,121,AV,1,2,6,6,0,0,0,31,3427.0421228311798,0.1,-0.22633333333333333
5.683333333333334,253,AV,1,2,7,8,6,0,0,0,5611.673516276995,0.7,-0.7568333333333332
34.733333333333334,149,AV,1,1,7,4,3,0,0,65,2767.495209174315,0.1,-0.44733333333333336
21.25,42,AV,1,1,6,0,1,0,0,46,2797.307504072895,0.1,-0.3125
18.55,70,AV,0,9,9,6,1,0,0,50,1929.5758599688188,0.1,-0.2855
27.883333333333333,170,AV,1,0,4,0,2,0,0,54,4113.319853961603,0.1,-0.37883333333333336
33.86666666666667,281,AV,2,2,1,0,7,0,0,70,4459.768546990965,0.1,-0.43866666666666665
26.75,153,AV,1,1,4,6,2,0,0,53,676.2529471816457,0.1,-0.36750000000000005
10.116666666666667,9,AV,0,4,1,8,5,0,0,35,1454.957177165027,0.1,-0.20116666666666666
8.416666666666666,123,AV,1,1,4,7,4,0,0,20,658.4091024775607,0.3,-0.38416666666666666
13.8,168,AV,2,1,1,6,1,0,0,21,783.6834518391023,0.1,-0.23800000000000002
11.733333333333333,29,AV,1,0,7,6,0,0,0,30,1567.0706205360798,0.3,-0.41733333333333333
35.25,112,AV,1,2,7,4,8,0,0,65,1592.2311391495805,0.1,-0.4525
21.5,216,AV,2,2,1,7,0,0,0,47,2108.868816674547,0.5,-0.715
39.333333333333336,85,AV,1,1,9,8,6,0,0,82,3534.445695738256,0.1,-0.4933333333333334
14.033333333333333,188,AV,1,1,4,7,11,0,0,34,2177.5877894542577,0.9,-1.0403333333333333
9.833333333333334,72,AV,1,1,7,4,6,0,0,23,11861.36896338871,0.1,-0.19833333333333336
22.25,296,AV,1,2,7,8,1,0,0,48,822.5771428470101,0.2,-0.4225
25.633333333333333,244,AV,1,2,8,8,4,0,0,52,3368.9508766880413,0.7,-0.9563333333333333
16.283333333333335,98,AV,1,1,7,0,1,0,0,34,4959.361066312568,1.0,-1.1628333333333334
24.3,268,AV,1,0,8,4,1,0,0,50,2574.4307659940623,0.1,-0.34299999999999997
11.9,96,AV,1,2,7,8,8,0,0,30,1832.3133019091129,0.2,-0.319
21.383333333333333,297,AV,2,1,1,8,6,0,0,48,2815.231094880572,0.3,-0.5138333333333334
32.46666666666667,235,AV,1,1,6,4,2,0,0,61,5427.330032863625,0.4,-0.7246666666666667
23.25,147,AV,2,1,1,0,7,0,0,51,904.859336063587,0.2,-0.4325
27.466666666666665,130,AV,1,0,7,8,3,0,0,54,2398.572127464108,0.4,-0.6746666666666667
34.416666666666664,17,AV,2,1,2,8,0,0,0,73,3919.41152379869,0.1,-0.4441666666666666
16.3,293,AV,1,1,4,4,4,0,0,35,5913.041300376779,0.4,-0.5630000000000001
9.683333333333334,255,AV,1,1,6,8,2,0,0,20,933.6906207466446,0.5,-0.5968333333333333
35.11666666666667,136,AV,1,2,6,8,8,0,0,65,854.5785374972068,0.6,-0.9511666666666667
36.18333333333333,269,AV,1,1,7,4,0,0,0,68,1950.0200213032829,0.3,-0.6618333333333333
13.033333333333333,183,AV,1,1,7,8,8,0,0,31,4818.617258984985,0.3,-0.43033333333333335
26.966666666666665,75,AV,2,2,2,0,9,0,0,52,7897.119961473183,0.6,-0.8696666666666666
25.183333333333334,233,AV,1,0,7,0,1,0,0,51,2965.4163440895786,0.7,-0.9518333333333333
39.05,274,AV,1,2,5,6,2,0,0,81,6563.608435155774,0.4,-0.7905
13.616666666666667,277,AV,1,2,4,7,6,0,0,32,1074.3823512953045,0.3,-0.43616666666666665
15.016666666666667,200,AV,1,2,9,6,7,0,0,34,8987.033628468456,0.4,-0.5501666666666667
33.5,248,AV,1,1,7,6,6,0,0,64,610.4868582393152,0.1,-0.43500000000000005
26.983333333333334,127,AV,2,2,1,7,0,0,0,54,1945.516475481125,0.3,-0.5698333333333334
