travel_time,id,kind,action,bid_route_0,bid_route_1,bid_route_2,karma_balance,origin,destination,start_time,income,urgency,reward
17.1,44,AV,0,9,9,6,5,0,0,33,10751.672106064549,0.4,-0.5710000000000001
15.166666666666666,137,AV,1,1,7,5,0,0,0,40,4968.170350229253,0.4,-0.5516666666666667
18.866666666666667,50,AV,2,1,2,2,6,0,0,44,586.8516376274475,0.4,-0.5886666666666667
34.583333333333336,63,AV,1,1,7,8,2,0,0,89,3863.855435177377,0.1,-0.4458333333333334
16.033333333333335,84,AV,1,1,7,6,0,0,0,42,9280.176126726552,0.1,-0.26033333333333336
45.3,132,AV,0,6,0,0,0,0,0,53,1141.5133047894662,0.2,-0.653
29.9,196,AV,1,2,4,0,2,0,0,64,4281.8327360815,0.5,-0.7989999999999999
11.966666666666667,139,AV,1,2,7,6,9,0,0,33,2318.2944376966047,0.8,-0.9196666666666667
39.88333333333333,118,AV,0,7,7,7,5,0,0,50,3752.1132597063192,0.7,-1.0988333333333333
24.883333333333333,106,AV,1,3,6,3,3,0,0,58,3933.772930850901,0.2,-0.4488333333333333
27.55,104,AV,0,5,0,7,2,0,0,41,5670.319740923212,0.2,-0.47550000000000003
33.75,263,AV,1,1,9,3,0,0,0,75,388.2787303527966,0.1,-0.4375
24.0,287,AV,0,9,6,1,3,0,0,40,2520.718778515204,0.3,-0.54
29.1,103,AV,1,2,6,9,4,0,0,65,4689.4303597647895,0.1,-0.391
12.133333333333333,220,AV,1,3,9,7,0,0,0,34,1723.69240549938,1.0,-1.1213333333333333
30.216666666666665,148,AV,2,3,1,6,1,0,0,66,1150.2916000513435,0.4,-0.7021666666666666
8.316666666666666,252,AV,0,7,2,2,1,0,0,29,1022.032321197676,0.2,-0.2831666666666667
28.6,134,AV,1,1,5,4,1,0,0,65,2645.062412614309,0.1,-0.386
28.683333333333334,221,AV,1,1,6,6,3,0,0,65,1005.9867386644172,0.7,-0.9868333333333332
13.65,46,AV,1,2,7,4,1,0,0,37,1682.490559712908,0.1,-0.23650000000000002
12.683333333333334,143,AV,2,2,3,0,6,0,0,17,2260.56382504795,0.2,-0.3268333333333333
26.583333333333332,151,AV,2,2,1,6,0,0,0,57,1234.5997004771,0.1,-0.36583333333333334
10.466666666666667,81,AV,1,2,4,6,8,0,0,31,597.1498506777683,0.7,-0.8046666666666666
36.53333333333333,100,AV,0,7,6,5,3,0,0,47,2953.464044858564,0.1,-0.46533333333333327
9.833333333333334,10,AV,1,1,6,4,6,0,0,16,2622.7149314101284,0.4,-0.49833333333333335
28.983333333333334,215,AV,2,2,2,7,10,0,0,56,961.7772661313056,0.1,-0.38983333333333337
14.3,73,AV,1,1,7,0,0,0,0,37,522.440884226393,0.2,-0.343
17.5,258,AV,2,1,1,5,10,0,0,39,6709.13861087917,0.2,-0.375
22.416666666666668,282,AV,0,9,9,9,2,0,0,38,1635.9686818612918,0.1,-0.3241666666666667
32.86666666666667,67,AV,0,7,2,3,3,0,0,45,4200.245935785981,0.1,-0.42866666666666664
21.566666666666666,58,AV,2,3,0,2,7,0,0,48,4679.48341028673,0.3,-0.5156666666666667
30.283333333333335,224,AV,1,2,5,1,0,0,0,67,1251.6500609663929,0.7,-1.0028333333333332
10.983333333333333,228,AV,2,1,2,5,3,0,0,17,2472.005569054355,0.2,-0.30983333333333335
26.8,192,AV,1,1,7,3,2,0,0,61,8689.506535985933,0.2,-0.468
24.483333333333334,76,AV,1,3,6,9,3,0,0,57,3793.837230001502,0.6,-0.8448333333333333
18.5,129,AV,1,2,7,2,3,0,0,48,2561.5826276178027,0.4,-0.585
12.583333333333334,198,AV,1,1,5,7,3,0,0,34,1047.1205397958274,0.4,-0.5258333333333334
71.08333333333333,141,AV,0,9,9,6,1,0,0,77,541.9839687696077,0.1,-0.8108333333333333
29.2,211,AV,1,0,9,4,0,0,0,65,776.0711537761008,0.1,-0.392
22.45,45,AV,2,1,2,8,6,0,0,46,6081.635477498837,0.3,-0.5245
24.316666666666666,61,AV,1,0,4,6,4,0,0,56,381.3218977270381,0.2,-0.4431666666666667
33.96666666666667,47,AV,1,1,7,1,0,0,0,81,1594.6992934726818,0.5,-0.8396666666666667
12.95,0,AV,1,2,6,6,2,0,0,36,2750.2432356670683,0.4,-0.5295000000000001
20.433333333333334,219,AV,1,2,8,0,7,0,0,50,3958.913906791885,0.2,-0.4043333333333333
32.983333333333334,279,AV,0,4,2,0,1,0,0,44,1460.8215047913693,0.4,-0.7298333333333333
8.283333333333333,286,AV,1,1,9,8,6,0,0,11,4617.971391102537,0.5,-0.5828333333333333
6.716666666666667,113,AV,0,7,2,5,9,0,0,24,2044.1603053436156,0.5,-0.5671666666666667
29.833333333333332,197,AV,1,1,9,7,5,0,0,66,1997.7276787447236,0.3,-0.5983333333333334
12.75,66,AV,1,1,4,8,4,0,0,35,6020.57275324985,0.5,-0.6275
30.633333333333333,208,AV,1,0,6,4,0,0,0,67,566.7055292848979,0.1,-0.4063333333333333
21.666666666666668,142,AV,1,1,4,8,8,0,0,51,7912.643587116454,0.3,-0.5166666666666666
31.016666666666666,171,AV,0,4,3,1,2,0,0,42,10450.70686878338,0.9,-1.2101666666666666
43.35,276,AV,0,9,2,3,5,0,0,52,3654.013033637752,0.3,-0.7335
31.016666666666666,204,AV,0,8,0,8,3,0,0,44,1880.1756700095973,0.4,-0.7101666666666666
28.216666666666665,294,AV,1,3,5,7,2,0,0,62,13079.31179296209,0.1,-0.38216666666666665
8.683333333333334,2,AV,1,2,4,6,8,0,0,22,4687.914961676448,0.4,-0.48683333333333334
25.85,195,AV,2,2,0,6,5,0,0,54,2969.8754393798326,0.4,-0.6585000000000001
48.6,146,AV,0,5,3,0,1,0,0,54,2476.7926805910606,0.6,-1.0859999999999999
31.133333333333333,80,AV,2,2,2,0,6,0,0,65,1174.3503864217532,0.2,-0.5113333333333334
27.683333333333334,223,AV,1,1,6,8,3,0,0,61,4266.216809230351,0.5,-0.7768333333333333
57.56666666666667,185,AV,0,8,2,4,0,0,0,59,639.9143284368583,0.2,-0.7756666666666667
23.216666666666665,109,AV,1,1,9,7,3,0,0,54,3628.2404526711953,0.7,-0.9321666666666666
14.066666666666666,43,AV,1,3,7,5,0,0,0,37,2117.047321722312,0.1,-0.24066666666666667
21.966666666666665,120,AV,2,0,0,8,0,0,0,49,5341.061461458292,0.3,-0.5196666666666666
33.083333333333336,19,AV,1,2,8,8,1,0,0,76,1148.2139867956057,0.5,-0.8308333333333333
20.35,95,AV,1,2,8,4,0,0,0,49,3256.7228478661937,0.4,-0.6035
62.45,262,AV,0,6,8,7,3,0,0,62,1830.3424648913517,0.8,-1.4245
27.833333333333332,65,AV,0,6,5,4,2,0,0,41,2538.843693606908,0.3,-0.5783333333333334
22.9,89,AV,1,2,7,6,6,0,0,54,1111.987968807459,0.5,-0.729
15.716666666666667,206,AV,1,2,9,2,6,0,0,42,1389.0632502942228,0.3,-0.45716666666666667
27.35,51,AV,1,3,5,4,2,0,0,60,3508.846318545673,0.9,-1.1735
31.3,140,AV,2,2,1,0,7,0,0,63,863.3540159882258,0.3,-0.613
16.916666666666668,275,AV,1,2,7,5,0,0,0,43,1639.6236094811811,0.1,-0.26916666666666667
28.6,285,AV,1,0,9,8,3,0,0,61,2198.5025098873134,0.6,-0.886
25.583333333333332,35,AV,1,3,4,0,5,0,0,59,4381.240268036911,0.4,-0.6558333333333333
16.35,8,AV,1,1,7,0,5,0,0,43,2294.767722006211,0.1,-0.2635
52.35,83,AV,0,7,7,4,4,0,0,55,4412.688598555705,0.5,-1.0234999999999999
23.8,194,AV,1,1,5,8,9,0,0,55,4164.701887555128,0.7,-0.938
11.883333333333333,49,AV,0,6,6,2,0,0,0,31,3866.930621896856,0.1,-0.21883333333333332
14.4,280,AV,2,2,0,8,4,0,0,33,4577.590037133467,0.5,-0.644
24.85,6,AV,1,3,9,7,9,0,0,57,1805.1606101798543,0.9,-1.1485
62.35,242,AV,0,9,6,8,3,0,0,61,1986.5043233563797,0.4,-1.0235
15.333333333333334,246,AV,1,0,4,8,5,0,0,41,640.5426603936758,0.1,-0.25333333333333335
22.066666666666666,64,AV,1,2,6,5,0,0,0,53,1083.524948441525,0.1,-0.32066666666666666
30.866666666666667,222,AV,1,1,9,9,3,0,0,69,3387.2787239910285,0.3,-0.6086666666666667
38.06666666666667,24,AV,0,8,7,6,5,0,0,48,863.5619359671642,0.8,-1.1806666666666668
9.533333333333333,231,AV,1,3,9,6,0,0,0,24,2043.1688306873104,0.1,-0.19533333333333333
31.466666666666665,154,AV,1,2,7,7,10,0,0,70,7958.958807233507,0.6,-0.9146666666666666
20.6,40,AV,1,1,5,6,2,0,0,50,8348.421721831439,0.8,-1.006
15.283333333333333,160,AV,2,1,2,1,6,0,0,33,4707.821121085941,0.5,-0.6528333333333334
33.916666666666664,261,AV,1,1,6,6,10,0,0,79,753.7709081553346,0.2,-0.5391666666666666
31.75,265,AV,1,1,4,3,1,0,0,71,20239.22920549412,0.1,-0.4175
10.45,254,AV,1,1,9,6,2,0,0,31,591.6693204447811,0.1,-0.20450000000000002
22.866666666666667,107,AV,1,2,7,3,0,0,0,52,3783.636689084741,0.6,-0.8286666666666667
26.983333333333334,218,AV,1,0,7,8,5,0,0,61,2347.541384251396,0.1,-0.36983333333333335
10.316666666666666,245,AV,1,2,7,8,6,0,0,30,1475.2077210572677,0.7,-0.8031666666666666
24.666666666666668,178,AV,2,2,2,6,3,0,0,52,3773.073658575576,0.4,-0.6466666666666667
16.833333333333332,25,AV,1,2,8,6,0,0,0,43,1275.9312017726234,0.1,-0.2683333333333333
26.483333333333334,162,AV,1,2,6,7,12,0,0,60,2857.712092786687,0.2,-0.4648333333333334
30.116666666666667,56,AV,1,1,9,2,1,0,0,66,3398.605365942332,0.5,-0.8011666666666667
34.15,111,AV,1,1,7,1,3,0,0,81,4429.527615460413,0.2,-0.5415
24.05,36,AV,2,2,2,0,11,0,0,50,2756.9260540590044,0.3,-0.5405
15.816666666666666,251,AV,1,1,7,2,0,0,0,42,2280.385817754286,0.3,-0.45816666666666667
53.85,193,AV,0,7,4,7,1,0,0,56,7658.5640246764915,0.1,-0.6385
14.616666666666667,59,AV,1,2,4,6,11,0,0,39,3159.4556453821087,0.1,-0.24616666666666667
19.9,55,AV,2,0,2,8,5,0,0,44,1822.2981036688468,0.1,-0.299
31.133333333333333,187,AV,1,1,9,8,1,0,0,69,1596.1763216794554,0.2,-0.5113333333333334
13.833333333333334,212,AV,0,8,8,7,0,0,0,32,1148.9174546898266,0.1,-0.23833333333333334
15.3,108,AV,1,1,7,2,1,0,0,40,8480.737499651503,0.3,-0.45299999999999996
60.86666666666667,3,AV,0,4,1,7,5,0,0,60,3032.1279287666234,0.3,-0.9086666666666667
27.266666666666666,156,AV,1,1,6,4,0,0,0,61,5849.7981009167725,0.1,-0.3726666666666667
9.916666666666666,34,AV,1,2,7,1,3,0,0,25,3046.5766145774583,0.6,-0.6991666666666666
15.383333333333333,237,AV,0,7,2,4,0,0,0,32,2158.6935677652164,0.1,-0.25383333333333336
20.0,241,AV,1,1,8,0,4,0,0,46,877.2934597877683,0.5,-0.7
16.433333333333334,270,AV,1,2,7,3,4,0,0,43,1496.328062426438,0.1,-0.2643333333333333
69.68333333333334,122,AV,0,7,6,4,2,0,0,70,3119.7161673652217,0.1,-0.7968333333333334
34.53333333333333,272,AV,0,8,0,7,2,0,0,45,837.3801312568858,0.6,-0.9453333333333334
11.8,48,AV,2,1,0,3,5,0,0,30,1921.5023446668008,0.1,-0.21800000000000003
23.45,1,AV,1,1,7,5,4,0,0,54,8139.327108000771,0.5,-0.7344999999999999
71.1,99,AV,0,8,6,0,1,0,0,87,5578.433439706214,0.1,-0.8109999999999999
57.3,203,AV,0,8,6,3,1,0,0,58,3065.2253709468137,0.2,-0.7729999999999999
27.316666666666666,243,AV,1,2,7,6,5,0,0,61,3476.696831582168,0.1,-0.37316666666666665
9.966666666666667,77,AV,1,2,9,7,3,0,0,25,4967.653125719208,0.1,-0.19966666666666666
21.3,230,AV,1,2,8,7,9,0,0,50,1261.43865123121,0.3,-0.513
17.866666666666667,291,AV,1,2,7,7,1,0,0,46,3824.993837156676,0.4,-0.5786666666666667
24.966666666666665,159,AV,1,2,7,4,2,0,0,58,3158.0604616132755,0.4,-0.6496666666666666
32.2,125,AV,1,1,4,3,1,0,0,73,1294.2551843223837,0.2,-0.522
33.06666666666667,91,AV,2,1,3,1,12,0,0,72,1823.811293294481,0.2,-0.5306666666666667
18.383333333333333,78,AV,1,1,7,5,0,0,0,47,473.5024380788758,0.8,-0.9838333333333333
17.866666666666667,158,AV,1,0,6,6,1,0,0,44,3882.59008652233,0.5,-0.6786666666666666
36.11666666666667,11,AV,2,1,0,7,0,0,0,73,7081.334819999852,0.3,-0.6611666666666667
8.15,115,AV,1,3,7,7,4,0,0,10,861.805442805673,0.8,-0.8815000000000001
8.6,32,AV,1,3,6,1,6,0,0,19,5051.78348307234,0.1,-0.186
33.6,94,AV,2,0,2,7,3,0,0,66,3941.04555698938,0.3,-0.636
25.35,7,AV,2,0,3,1,6,0,0,54,1507.5005543882637,1.0,-1.2535
16.966666666666665,186,AV,1,1,7,6,0,0,0,43,2141.869626207308,0.3,-0.4696666666666667
16.316666666666666,5,AV,1,3,9,9,4,0,0,42,3048.604611013583,0.1,-0.26316666666666666
26.633333333333333,234,AV,1,1,8,6,4,0,0,60,985.8695826897422,0.2,-0.4663333333333333
23.483333333333334,15,AV,1,2,8,2,0,0,0,54,743.7553910389753,0.4,-0.6348333333333334
20.783333333333335,27,AV,0,8,3,0,4,0,0,35,1122.7546975855585,0.1,-0.30783333333333335
22.2,101,AV,1,0,7,4,6,0,0,53,5168.6614957092925,0.9,-1.122
15.466666666666667,157,AV,1,1,6,0,6,0,0,41,2587.8859091729414,0.1,-0.2546666666666667
29.65,163,AV,1,0,8,8,3,0,0,65,5003.647877951615,0.2,-0.4965
32.45,271,AV,1,1,9,6,3,0,0,73,497.26542980048754,0.8,-1.1245
25.5,37,AV,1,1,7,6,0,0,0,58,1541.4014724042315,0.1,-0.355
6.7,225,AV,0,6,6,9,6,0,0,20,5386.149373461946,0.5,-0.567
14.433333333333334,278,AV,1,2,7,8,2,0,0,38,4196.147454418583,0.6,-0.7443333333333333
4.95,117,AV,0,7,7,7,6,0,0,18,881.2906222289953,0.2,-0.2495
28.216666666666665,264,AV,2,0,3,6,5,0,0,58,17322.90883950548,0.3,-0.5821666666666667
32.733333333333334,116,AV,1,2,7,6,7,0,0,75,3465.4556083993225,0.1,-0.42733333333333334
19.116666666666667,53,AV,0,8,1,8,4,0,0,34,13430.196447392702,0.5,-0.6911666666666667
12.1,57,AV,1,1,9,8,2,0,0,33,1899.102970895097,0.3,-0.421
30.333333333333332,41,AV,1,2,4,3,2,0,0,67,14754.343640924068,0.2,-0.5033333333333334
64.46666666666667,128,AV,0,7,9,9,8,0,0,63,3531.3895067900216,0.1,-0.7446666666666667
24.083333333333332,176,AV,0,9,1,1,0,0,0,40,1104.4445206976068,0.1,-0.3408333333333333
22.7,21,AV,1,2,7,8,2,0,0,53,3382.383844415393,0.2,-0.427
15.5,250,AV,0,6,7,2,13,0,0,32,1150.4391077840953,0.5,-0.655
33.43333333333333,114,AV,1,0,7,7,0,0,0,75,4669.869929992837,0.4,-0.7343333333333333
32.36666666666667,166,AV,1,3,7,7,0,0,0,72,1052.4070316009115,0.7,-1.0236666666666667
21.8,201,AV,1,2,7,1,10,0,0,52,9030.678864893336,0.2,-0.41800000000000004
58.96666666666667,69,AV,0,5,6,7,3,0,0,59,742.6585956180782,0.7,-1.2896666666666667
24.933333333333334,165,AV,1,1,4,4,6,0,0,56,2446.4664131825853,0.6,-0.8493333333333333
35.166666666666664,155,AV,2,2,0,8,3,0,0,80,877.6907461205365,0.8,-1.1516666666666666
21.183333333333334,90,AV,2,1,2,6,1,0,0,47,4227.85786318916,0.1,-0.31183333333333335
59.1,30,AV,0,9,2,7,7,0,0,59,5009.92015912814,0.3,-0.891
35.06666666666667,23,AV,2,1,2,1,17,0,0,89,6031.594525491932,0.5,-0.8506666666666667
23.566666666666666,217,AV,1,1,4,8,14,0,0,54,825.4433072334436,0.1,-0.33566666666666667
50.333333333333336,60,AV,0,9,8,4,0,0,0,55,2314.8193170712048,0.1,-0.6033333333333334
34.583333333333336,97,AV,1,3,6,4,3,0,0,86,844.3352662229099,0.9,-1.2458333333333333
26.666666666666668,205,AV,2,2,3,3,8,0,0,56,1293.252850487379,0.1,-0.3666666666666667
31.75,14,AV,2,1,1,4,4,0,0,63,616.3739675020589,0.7,-1.0175
31.683333333333334,174,AV,1,2,5,0,2,0,0,70,1869.7531794209297,0.1,-0.4168333333333334
17.283333333333335,164,AV,1,1,4,3,13,0,0,45,2629.980017260476,0.1,-0.27283333333333337
28.25,71,AV,2,2,3,4,8,0,0,58,7099.697064525982,0.1,-0.38249999999999995
72.58333333333333,13,AV,0,9,4,6,9,0,0,92,18628.94525544202,0.1,-0.8258333333333333
8.666666666666666,190,AV,1,2,5,8,3,0,0,15,4376.119511966378,0.4,-0.4866666666666667
17.233333333333334,20,AV,1,2,9,7,2,0,0,43,3456.1529418207683,0.2,-0.37233333333333335
17.083333333333332,152,AV,2,1,1,5,8,0,0,37,2754.938443140308,0.3,-0.4708333333333333
32.45,4,AV,2,2,0,3,7,0,0,69,979.5720138781878,0.2,-0.5245
25.833333333333332,240,AV,0,7,3,6,0,0,0,40,4021.28082322038,0.2,-0.4583333333333333
20.083333333333332,227,AV,1,1,5,7,9,0,0,48,818.0604611907775,0.1,-0.3008333333333333
32.516666666666666,133,AV,1,1,4,5,2,0,0,69,15387.119225735782,0.8,-1.1251666666666666
26.483333333333334,247,AV,1,2,6,2,0,0,0,59,2971.291490045772,1.0,-1.2648333333333333
17.066666666666666,31,AV,0,7,0,0,1,0,0,32,2239.257430619588,0.2,-0.3706666666666667
20.65,68,AV,1,2,7,8,1,0,0,50,3024.224513765153,0.3,-0.5065
17.75,87,AV,1,1,7,0,0,0,0,45,1097.8259349569896,0.1,-0.27749999999999997
12.35,74,AV,1,1,7,5,6,0,0,33,779.2240782816187,0.1,-0.2235
20.116666666666667,239,AV,1,1,6,7,5,0,0,49,3151.1733449572957,0.6,-0.8011666666666666
30.55,267,AV,2,2,2,0,6,0,0,65,1546.5147326922538,0.3,-0.6054999999999999
25.5,210,AV,1,1,7,4,1,0,0,58,14505.369879802229,0.3,-0.5549999999999999
55.833333333333336,257,AV,0,4,6,5,2,0,0,57,636.6552097563458,0.2,-0.7583333333333333
14.666666666666666,179,AV,2,2,3,7,1,0,0,35,2401.1770329784995,0.4,-0.5466666666666666
36.15,202,AV,0,5,0,0,3,0,0,45,912.6272274022258,0.1,-0.4615
5.25,181,AV,0,8,2,5,1,0,0,2,1391.0507319816634,0.4,-0.4525
24.233333333333334,135,AV,1,2,4,6,5,0,0,55,491.0984231068265,0.5,-0.7423333333333333
10.25,283,AV,0,9,9,8,3,0,0,29,7332.887514065835,0.2,-0.3025
10.666666666666666,236,AV,1,2,8,7,6,0,0,31,1824.367004680513,1.0,-1.1066666666666667
8.183333333333334,180,AV,1,3,6,8,3,0,0,5,2318.1098695731453,0.1,-0.18183333333333335
29.283333333333335,238,AV,0,8,0,7,6,0,0,41,1552.9853059451273,0.4,-0.6928333333333334
67.88333333333334,199,AV,0,5,3,6,3,0,0,67,2329.0008356791827,0.1,-0.7788333333333334
20.2,102,AV,1,1,6,0,1,0,0,47,627.4062491148882,0.1,-0.302
29.216666666666665,93,AV,1,1,4,4,9,0,0,65,4116.183110063293,0.3,-0.5921666666666666
27.766666666666666,191,AV,1,2,7,4,0,0,0,61,5557.427333357366,0.2,-0.4776666666666667
12.883333333333333,126,AV,1,2,6,2,1,0,0,35,5480.041794665195,0.2,-0.3288333333333333
18.533333333333335,184,AV,1,1,7,7,0,0,0,45,892.1845339920479,0.2,-0.38533333333333336
28.366666666666667,28,AV,1,0,6,4,4,0,0,62,1530.0661682302475,0.1,-0.3836666666666667
29.733333333333334,213,AV,1,3,4,2,2,0,0,65,4609.601315671212,0.1,-0.3973333333333333
21.433333333333334,259,AV,1,1,6,8,4,0,0,51,1490.1599361877834,1.0,-1.2143333333333333
35.4,105,AV,2,2,2,5,0,0,0,80,2891.134206742707,0.1,-0.45399999999999996
28.683333333333334,79,AV,1,2,9,0,5,0,0,62,921.9548251796884,0.1,-0.38683333333333336
60.85,209,AV,0,5,1,6,1,0,0,59,2909.8477340427667,0.6,-1.2085
13.583333333333334,86,AV,0,5,3,6,1,0,0,31,1794.439334206041,0.1,-0.23583333333333334
16.833333333333332,232,AV,2,1,0,2,7,0,0,36,1405.7852601227096,0.1,-0.2683333333333333
10.116666666666667,62,AV,1,3,6,9,3,0,0,25,8028.27043643778,0.3,-0.40116666666666667
16.2,207,AV,2,0,1,8,1,0,0,34,4416.224882412617,0.2,-0.362
53.8,175,AV,0,9,2,7,3,0,0,57,2411.397471856681,0.3,-0.8379999999999999
39.85,110,AV,0,5,9,7,6,0,0,49,1059.8377785859489,0.5,-0.8985000000000001
46.86666666666667,169,AV,0,9,2,6,5,0,0,53,2835.850686157305,0.2,-0.6686666666666667
31.466666666666665,249,AV,1,1,6,3,7,0,0,67,1444.5182772575097,0.6,-0.9146666666666666
25.8,298,AV,1,2,6,7,2,0,0,59,1993.780724220221,0.1,-0.358
17.833333333333332,52,AV,1,0,6,9,3,0,0,45,946.2003450753726,0.2,-0.3783333333333333
29.316666666666666,18,AV,0,8,7,0,4,0,0,41,1527.6889462703334,0.3,-0.5931666666666666
25.433333333333334,88,AV,1,2,6,2,5,0,0,57,1317.647826688136,0.4,-0.6543333333333334
41.78333333333333,38,AV,0,4,2,6,7,0,0,51,5307.329693361759,0.1,-0.5178333333333334
11.933333333333334,214,AV,1,2,6,2,2,0,0,32,539.5213747330826,0.2,-0.31933333333333336
34.81666666666667,39,AV,0,7,2,0,4,0,0,44,600.3305173079323,0.1,-0.4481666666666667
8.333333333333334,150,AV,0,7,3,6,2,0,0,27,2857.8751728516777,0.4,-0.4833333333333334
14.216666666666667,289,AV,1,1,4,1,8,0,0,37,870.7377108213431,0.7,-0.8421666666666666
18.666666666666668,161,AV,1,2,6,0,6,0,0,48,6918.069898529506,0.9,-1.0866666666666667
33.31666666666667,92,AV,1,2,7,8,4,0,0,74,682.056612603955,0.2,-0.5331666666666668
8.466666666666667,292,AV,1,0,5,1,0,0,0,12,2458.2611968747465,0.4,-0.4846666666666667
20.716666666666665,172,AV,1,2,7,4,9,0,0,50,6197.036257351283,0.1,-0.30716666666666664
22.466666666666665,273,AV,0,9,9,0,1,0,0,38,5144.150368411208,0.9,-1.1246666666666667
26.1,260,AV,2,1,1,2,9,0,0,56,4135.471393234625,0.4,-0.661
15.566666666666666,144,AV,1,1,6,2,1,0,0,41,813.126641713825,0.4,-0.5556666666666668
69.55,256,AV,0,7,6,4,0,0,0,73,5984.209260784091,0.5,-1.1955
55.7,145,AV,0,7,5,3,1,0,0,57,5985.732437913218,0.6,-1.157
64.46666666666667,119,AV,0,6,4,8,7,0,0,63,4343.557359248321,0.1,-0.7446666666666667
41.416666666666664,229,AV,0,4,5,3,2,0,0,51,4446.537177105173,0.1,-0.5141666666666667
14.433333333333334,138,AV,1,3,5,1,3,0,0,37,10721.15711953896,0.5,-0.6443333333333333
30.883333333333333,288,AV,1,3,6,5,0,0,0,66,5825.994272151124,0.3,-0.6088333333333333
23.0,177,AV,1,1,7,0,5,0,0,53,542.8991684878858,0.1,-0.33
46.833333333333336,299,AV,0,5,9,0,5,0,0,53,10426.353459350525,0.1,-0.5683333333333334
6.866666666666666,124,AV,0,6,8,4,2,0,0,25,1386.7650627050614,0.8,-0.8686666666666667
26.3,131,AV,2,2,2,7,9,0,0,52,1404.912317929139,0.3,-0.563
13.916666666666666,54,AV,1,1,7,0,1,0,0,36,1310.9401185904849,0.1,-0.23916666666666667
26.066666666666666,82,AV,1,3,7,5,1,0,0,59,465.3670128771111,0.2,-0.46066666666666667
9.716666666666667,22,AV,1,1,6,5,4,0,0,24,1046.6558973464134,0.2,-0.2971666666666667
14.666666666666666,16,AV,1,0,6,9,8,0,0,39,7130.271245067938,0.1,-0.24666666666666667
65.9,26,AV,0,7,7,8,2,0,0,63,1592.6375082496468,0.2,-0.859
52.18333333333333,167,AV,0,5,3,6,10,0,0,55,2222.040577514192,0.3,-0.8218333333333332
32.71666666666667,295,AV,1,0,9,0,6,0,0,74,3487.44186130441,0.8,-1.1271666666666667
34.05,266,AV,1,0,7,6,0,0,0,74,19040.472291926453,0.2,-0.5405
25.85,33,AV,0,8,9,7,7,0,0,40,8326.33528790118,1.0,-1.2585
25.85,226,AV,2,1,0,1,7,0,0,51,1659.6531244520008,0.8,-1.0585
26.45,189,AV,1,3,8,2,3,0,0,59,2052.607856914241,0.3,-0.5645
22.3,290,AV,2,0,1,1,11,0,0,45,586.3474640105957,0.1,-0.323
35.06666666666667,182,AV,1,2,7,2,6,0,0,83,2476.7673195544394,0.5,-0.8506666666666667
30.75,284,AV,1,3,7,6,4,0,0,68,4660.29795945294,0.8,-1.1075
38.0,12,AV,0,4,6,1,4,0,0,49,3031.4508351358254,0.1,-0.48
10.383333333333333,173,AV,0,9,6,7,6,0,0,25,3942.222625638348,0.2,-0.30383333333333334
13.716666666666667,121,AV,2,1,2,8,4,0,0,31,3427.0421228311798,0.6,-0.7371666666666666
8.216666666666667,253,AV,2,1,2,9,1,0,0,0,5611.673516276995,0.2,-0.2821666666666667
32.6,149,AV,2,1,3,3,5,0,0,65,2767.495209174315,0.1,-0.42600000000000005
20.35,42,AV,2,3,1,1,8,0,0,46,2797.307504072895,0.3,-0.5035000000000001
20.916666666666668,70,AV,1,2,8,7,15,0,0,50,1929.5758599688188,0.1,-0.3091666666666667
23.8,170,AV,1,1,5,8,4,0,0,54,4113.319853961603,0.3,-0.538
31.8,281,AV,1,0,7,5,2,0,0,70,4459.768546990965,0.1,-0.41800000000000004
48.61666666666667,153,AV,0,6,4,6,18,0,0,53,676.2529471816457,0.1,-0.5861666666666667
16.7,9,AV,2,3,2,6,6,0,0,35,1454.957177165027,0.8,-0.9670000000000001
8.633333333333333,123,AV,1,1,4,6,4,0,0,20,658.4091024775607,0.2,-0.28633333333333333
13.816666666666666,168,AV,2,1,3,7,0,0,0,21,783.6834518391023,0.1,-0.23816666666666667
13.6,29,AV,2,1,1,6,6,0,0,30,1567.0706205360798,0.2,-0.336
67.93333333333334,112,AV,0,4,1,4,2,0,0,65,1592.2311391495805,0.3,-0.9793333333333334
18.466666666666665,216,AV,1,2,6,2,0,0,0,47,2108.868816674547,0.4,-0.5846666666666667
34.583333333333336,85,AV,1,0,7,1,13,0,0,82,3534.445695738256,0.3,-0.6458333333333334
20.45,188,AV,0,9,7,8,2,0,0,34,2177.5877894542577,0.5,-0.7045
11.433333333333334,72,AV,2,1,1,8,0,0,0,23,11861.36896338871,0.3,-0.41433333333333333
19.533333333333335,296,AV,1,2,6,1,0,0,0,48,822.5771428470101,0.1,-0.29533333333333334
24.116666666666667,244,AV,2,2,1,3,5,0,0,52,3368.9508766880413,0.1,-0.3411666666666667
19.4,98,AV,2,2,1,7,4,0,0,34,4959.361066312568,1.0,-1.194
21.1,268,AV,1,1,6,3,1,0,0,50,2574.4307659940623,0.3,-0.511
12.016666666666667,96,AV,0,7,9,9,2,0,0,30,1832.3133019091129,0.1,-0.22016666666666668
21.283333333333335,297,AV,2,3,3,7,2,0,0,48,2815.231094880572,0.5,-0.7128333333333333
27.85,235,AV,1,2,9,5,0,0,0,61,5427.330032863625,0.5,-0.7785
43.15,147,AV,0,7,9,8,8,0,0,51,904.859336063587,0.4,-0.8315
50.18333333333333,130,AV,0,8,7,4,2,0,0,54,2398.572127464108,0.1,-0.6018333333333333
32.68333333333333,17,AV,1,1,7,4,5,0,0,73,3919.41152379869,0.4,-0.7268333333333333
13.766666666666667,293,AV,1,3,7,8,3,0,0,35,5913.041300376779,0.1,-0.2376666666666667
9.5,255,AV,1,3,7,2,5,0,0,20,933.6906207466446,0.3,-0.395
68.0,136,AV,0,7,9,0,2,0,0,65,854.5785374972068,0.1,-0.78
30.933333333333334,269,AV,1,0,8,8,0,0,0,68,1950.0200213032829,0.3,-0.6093333333333333
10.933333333333334,183,AV,1,2,7,9,11,0,0,31,4818.617258984985,0.1,-0.20933333333333334
45.333333333333336,75,AV,0,4,4,6,2,0,0,52,7897.119961473183,0.6,-1.0533333333333332
21.866666666666667,233,AV,1,1,5,4,3,0,0,51,2965.4163440895786,0.2,-0.4186666666666667
34.28333333333333,274,AV,1,1,7,5,2,0,0,81,6563.608435155774,0.2,-0.5428333333333333
18.883333333333333,277,AV,0,9,7,7,1,0,0,32,1074.3823512953045,0.4,-0.5888333333333333
12.566666666666666,200,AV,1,1,4,8,4,0,0,34,8987.033628468456,0.4,-0.5256666666666667
66.08333333333333,248,AV,0,7,8,6,1,0,0,64,610.4868582393152,0.1,-0.7608333333333333
24.116666666666667,127,AV,1,1,8,7,2,0,0,54,1945.516475481125,0.3,-0.5411666666666667
