travel_time,id,kind,action,origin,destination,start_time,income,urgency,reward,observation,cost_table
21.866666666666667,217,AV,1,0,0,32,3882.59008652233,,-21.866666666666667,"0,0,0,0","0,0,0"
22.933333333333334,183,AV,1,0,0,50,3158.0604616132755,,-22.933333333333334,"0,0,0,0","0,0,0"
45.6,225,AV,2,0,0,87,4113.319853961603,,-45.6,"0,0,0,0","0,0,0"
22.516666666666666,107,AV,1,0,0,39,1581.4824060924602,,-22.516666666666666,"0,0,0,0","0,0,0"
31.233333333333334,283,AV,1,0,0,77,8981.750106371177,,-31.233333333333334,"0,0,0,0","0,0,0"
38.666666666666664,73,AV,1,0,0,100,1141.0395517097602,,-38.666666666666664,"0,0,0,0","0,0,0"
29.316666666666666,221,AV,2,0,0,27,3987.5502105766736,,-29.316666666666666,"0,0,0,0","0,0,0"
43.71666666666667,299,AV,2,0,0,88,20239.22920549412,,-43.71666666666667,"0,0,0,0","0,0,0"
17.683333333333334,211,AV,1,0,0,14,3742.7752140142647,,-17.683333333333334,"0,0,0,0","0,0,0"
34.13333333333333,194,AV,1,0,0,85,3301.717979419838,,-34.13333333333333,"0,0,0,0","0,0,0"
38.13333333333333,99,AV,2,0,0,63,1490.1599361877834,,-38.13333333333333,"0,0,0,0","0,0,0"
18.533333333333335,125,AV,1,0,0,27,1848.7234685638712,,-18.533333333333335,"0,0,0,0","0,0,0"
35.766666666666666,156,AV,1,0,0,95,2497.1975937909187,,-35.766666666666666,"0,0,0,0","0,0,0"
21.566666666666666,8,AV,1,0,0,37,491.8679742725259,,-21.566666666666666,"0,0,0,0","0,0,0"
34.96666666666667,79,AV,2,0,0,56,1234.5997004771,,-34.96666666666667,"0,0,0,0","0,0,0"
25.583333333333332,278,AV,1,0,0,47,8475.089255911002,,-25.583333333333332,"0,0,0,0","0,0,0"
45.13333333333333,290,AV,2,0,0,88,11185.875164713363,,-45.13333333333333,"0,0,0,0","0,0,0"
26.683333333333334,188,AV,2,0,0,22,3236.647802754315,,-26.683333333333334,"0,0,0,0","0,0,0"
17.55,102,AV,1,0,0,15,1517.942512651984,,-17.55,"0,0,0,0","0,0,0"
24.366666666666667,248,AV,2,0,0,7,4925.450001742355,,-24.366666666666667,"0,0,0,0","0,0,0"
23.85,223,AV,2,0,0,14,4021.28082322038,,-23.85,"0,0,0,0","0,0,0"
30.1,263,AV,1,0,0,57,5960.007005011629,,-30.1,"0,0,0,0","0,0,0"
32.916666666666664,103,AV,1,0,0,77,1526.0895405694364,,-32.916666666666664,"0,0,0,0","0,0,0"
50.333333333333336,19,AV,2,0,0,94,586.8516376274475,,-50.333333333333336,"0,0,0,0","0,0,0"
31.25,277,AV,1,0,0,77,8139.327108000771,,-31.25,"0,0,0,0","0,0,0"
17.316666666666666,10,AV,1,0,0,17,522.440884226393,,-17.316666666666666,"0,0,0,0","0,0,0"
30.066666666666666,288,AV,1,0,0,69,10071.894878668398,,-30.066666666666666,"0,0,0,0","0,0,0"
32.166666666666664,184,AV,1,0,0,73,3159.4556453821087,,-32.166666666666664,"0,0,0,0","0,0,0"
46.71666666666667,158,AV,2,0,0,63,2520.757475212996,,-46.71666666666667,"0,0,0,0","0,0,0"
40.28333333333333,247,AV,2,0,0,62,4818.617258984985,,-40.28333333333333,"0,0,0,0","0,0,0"
40.166666666666664,66,AV,1,0,0,95,1005.9867386644172,,-40.166666666666664,"0,0,0,0","0,0,0"
19.8,224,AV,1,0,0,31,4104.202624979457,,-19.8,"0,0,0,0","0,0,0"
41.733333333333334,97,AV,2,0,0,70,1467.6871321740252,,-41.733333333333334,"0,0,0,0","0,0,0"
21.883333333333333,293,AV,2,0,0,0,11940.25564443948,,-21.883333333333333,"0,0,0,0","0,0,0"
38.55,13,AV,2,0,0,23,542.8991684878858,,-38.55,"0,0,0,0","0,0,0"
41.85,5,AV,2,0,0,83,457.16351791608827,,-41.85,"0,0,0,0","0,0,0"
33.233333333333334,68,AV,1,0,0,80,1040.734547163155,,-33.233333333333334,"0,0,0,0","0,0,0"
18.566666666666666,177,AV,1,0,0,20,3046.5766145774583,,-18.566666666666666,"0,0,0,0","0,0,0"
28.216666666666665,168,AV,1,0,0,60,2857.8751728516777,,-28.216666666666665,"0,0,0,0","0,0,0"
47.1,2,AV,2,0,0,94,424.9057127261393,,-47.1,"0,0,0,0","0,0,0"
46.35,40,AV,2,0,0,92,807.7368269013535,,-46.35,"0,0,0,0","0,0,0"
29.733333333333334,244,AV,1,0,0,64,4705.31956239884,,-29.733333333333334,"0,0,0,0","0,0,0"
42.2,60,AV,2,0,0,77,938.3100494872764,,-42.2,"0,0,0,0","0,0,0"
29.566666666666666,275,AV,1,0,0,62,7612.519032757181,,-29.566666666666666,"0,0,0,0","0,0,0"
32.5,271,AV,1,0,0,78,7336.658338656486,,-32.5,"0,0,0,0","0,0,0"
42.983333333333334,18,AV,2,0,0,76,572.7967315704935,,-42.983333333333334,"0,0,0,0","0,0,0"
31.516666666666666,205,AV,2,0,0,40,3534.445695738256,,-31.516666666666666,"0,0,0,0","0,0,0"
29.75,9,AV,1,0,0,66,508.6019702527906,,-29.75,"0,0,0,0","0,0,0"
33.06666666666667,37,AV,2,0,0,24,777.0630287344238,,-33.06666666666667,"0,0,0,0","0,0,0"
23.733333333333334,249,AV,1,0,0,50,4951.479839002994,,-23.733333333333334,"0,0,0,0","0,0,0"
38.06666666666667,215,AV,2,0,0,62,3783.636689084741,,-38.06666666666667,"0,0,0,0","0,0,0"
29.833333333333332,281,AV,1,0,0,69,8795.495569618428,,-29.833333333333332,"0,0,0,0","0,0,0"
23.716666666666665,75,AV,1,0,0,49,1150.2916000513435,,-23.716666666666665,"0,0,0,0","0,0,0"
21.733333333333334,291,AV,2,0,0,0,11515.391842589095,,-21.733333333333334,"0,0,0,0","0,0,0"
38.4,210,AV,2,0,0,62,3724.6301341612702,,-38.4,"0,0,0,0","0,0,0"
24.883333333333333,170,AV,1,0,0,54,2909.8477340427667,,-24.883333333333333,"0,0,0,0","0,0,0"
24.616666666666667,117,AV,2,0,0,3,1723.69240549938,,-24.616666666666667,"0,0,0,0","0,0,0"
29.616666666666667,7,AV,1,0,0,65,473.5024380788758,,-29.616666666666667,"0,0,0,0","0,0,0"
43.56666666666667,266,AV,2,0,0,88,6563.608435155774,,-43.56666666666667,"0,0,0,0","0,0,0"
47.63333333333333,171,AV,2,0,0,90,2927.9701715656583,,-47.63333333333333,"0,0,0,0","0,0,0"
29.85,25,AV,1,0,0,71,627.4062491148882,,-29.85,"0,0,0,0","0,0,0"
43.983333333333334,47,AV,2,0,0,88,857.6590975250949,,-43.983333333333334,"0,0,0,0","0,0,0"
35.43333333333333,26,AV,2,0,0,59,640.5426603936758,,-35.43333333333333,"0,0,0,0","0,0,0"
13.083333333333334,203,AV,1,0,0,5,3508.846318545673,,-13.083333333333334,"0,0,0,0","0,0,0"
29.033333333333335,282,AV,1,0,0,64,8975.220492497892,,-29.033333333333335,"0,0,0,0","0,0,0"
32.733333333333334,198,AV,1,0,0,83,3393.6426315430986,,-32.733333333333334,"0,0,0,0","0,0,0"
40.9,265,AV,2,0,0,81,6230.691172258436,,-40.9,"0,0,0,0","0,0,0"
16.483333333333334,145,AV,1,0,0,4,2326.172138461347,,-16.483333333333334,"0,0,0,0","0,0,0"
36.95,112,AV,2,0,0,67,1661.9571573900298,,-36.95,"0,0,0,0","0,0,0"
38.13333333333333,113,AV,2,0,0,51,1664.0464513081895,,-38.13333333333333,"0,0,0,0","0,0,0"
27.466666666666665,45,AV,1,0,0,57,844.3352662229099,,-27.466666666666665,"0,0,0,0","0,0,0"
36.96666666666667,132,AV,2,0,0,61,2052.607856914241,,-36.96666666666667,"0,0,0,0","0,0,0"
35.15,174,AV,2,0,0,47,2987.078671303881,,-35.15,"0,0,0,0","0,0,0"
32.63333333333333,41,AV,1,0,0,84,816.2772675203604,,-32.63333333333333,"0,0,0,0","0,0,0"
16.416666666666668,164,AV,1,0,0,12,2722.266725979925,,-16.416666666666668,"0,0,0,0","0,0,0"
26.533333333333335,219,AV,2,0,0,15,3941.04555698938,,-26.533333333333335,"0,0,0,0","0,0,0"
12.516666666666667,135,AV,1,0,0,4,2131.3254046090938,,-12.516666666666667,"0,0,0,0","0,0,0"
26.0,212,AV,1,0,0,55,3752.1132597063192,,-26.0,"0,0,0,0","0,0,0"
30.133333333333333,286,AV,2,0,0,23,9280.176126726552,,-30.133333333333333,"0,0,0,0","0,0,0"
50.65,195,AV,2,0,0,98,3366.895459871004,,-50.65,"0,0,0,0","0,0,0"
12.033333333333333,33,AV,1,0,0,2,742.6585956180782,,-12.033333333333333,"0,0,0,0","0,0,0"
24.716666666666665,154,AV,2,0,0,9,2458.2611968747465,,-24.716666666666665,"0,0,0,0","0,0,0"
36.266666666666666,131,AV,1,0,0,96,2022.4315636845977,,-36.266666666666666,"0,0,0,0","0,0,0"
27.5,65,AV,1,0,0,60,985.8695826897422,,-27.5,"0,0,0,0","0,0,0"
21.666666666666668,228,AV,2,0,0,7,4237.057085974603,,-21.666666666666668,"0,0,0,0","0,0,0"
31.183333333333334,128,AV,2,0,0,30,1927.298426803608,,-31.183333333333334,"0,0,0,0","0,0,0"
41.333333333333336,173,AV,2,0,0,80,2965.4163440895786,,-41.333333333333336,"0,0,0,0","0,0,0"
26.383333333333333,178,AV,2,0,0,38,3064.640983136323,,-26.383333333333333,"0,0,0,0","0,0,0"
30.666666666666668,147,AV,2,0,0,41,2337.3116255789537,,-30.666666666666668,"0,0,0,0","0,0,0"
27.45,31,AV,1,0,0,60,736.5379020629116,,-27.45,"0,0,0,0","0,0,0"
24.05,220,AV,1,0,0,44,3942.222625638348,,-24.05,"0,0,0,0","0,0,0"
26.233333333333334,78,AV,1,0,0,60,1174.3503864217532,,-26.233333333333334,"0,0,0,0","0,0,0"
25.6,63,AV,1,0,0,52,950.4213588862824,,-25.6,"0,0,0,0","0,0,0"
37.11666666666667,85,AV,2,0,0,68,1265.4739572733297,,-37.11666666666667,"0,0,0,0","0,0,0"
26.4,185,AV,2,0,0,26,3169.820795106812,,-26.4,"0,0,0,0","0,0,0"
27.4,23,AV,1,0,0,60,601.3137559373858,,-27.4,"0,0,0,0","0,0,0"
39.53333333333333,22,AV,2,0,0,80,597.1498506777683,,-39.53333333333333,"0,0,0,0","0,0,0"
37.3,57,AV,2,0,0,63,923.9636394510808,,-37.3,"0,0,0,0","0,0,0"
28.6,101,AV,2,0,0,19,1509.578116022191,,-28.6,"0,0,0,0","0,0,0"
19.333333333333332,160,AV,1,0,0,28,2563.744074524839,,-19.333333333333332,"0,0,0,0","0,0,0"
15.5,16,AV,1,0,0,8,566.7055292848979,,-15.5,"0,0,0,0","0,0,0"
30.516666666666666,179,AV,2,0,0,27,3097.4575811220984,,-30.516666666666666,"0,0,0,0","0,0,0"
40.75,110,AV,2,0,0,85,1596.1763216794554,,-40.75,"0,0,0,0","0,0,0"
27.4,133,AV,1,0,0,57,2105.6010448069283,,-27.4,"0,0,0,0","0,0,0"
20.483333333333334,20,AV,1,0,0,32,588.8906571209208,,-20.483333333333334,"0,0,0,0","0,0,0"
29.616666666666667,46,AV,2,0,0,36,849.0657401736111,,-29.616666666666667,"0,0,0,0","0,0,0"
31.766666666666666,86,AV,2,0,0,48,1297.4303329633815,,-31.766666666666666,"0,0,0,0","0,0,0"
27.8,17,AV,1,0,0,64,571.0932451196882,,-27.8,"0,0,0,0","0,0,0"
37.766666666666666,196,AV,2,0,0,42,3382.383844415393,,-37.766666666666666,"0,0,0,0","0,0,0"
47.483333333333334,59,AV,2,0,0,96,932.1411738504048,,-47.483333333333334,"0,0,0,0","0,0,0"
18.6,252,AV,1,0,0,19,5307.329693361759,,-18.6,"0,0,0,0","0,0,0"
24.166666666666668,214,AV,1,0,0,53,3778.090807703549,,-24.166666666666668,"0,0,0,0","0,0,0"
32.083333333333336,14,AV,2,0,0,25,546.8646928603165,,-32.083333333333336,"0,0,0,0","0,0,0"
34.56666666666667,124,AV,2,0,0,54,1832.3133019091129,,-34.56666666666667,"0,0,0,0","0,0,0"
11.566666666666666,39,AV,1,0,0,1,793.0252767736928,,-11.566666666666666,"0,0,0,0","0,0,0"
33.05,208,AV,2,0,0,29,3628.2404526711953,,-33.05,"0,0,0,0","0,0,0"
26.75,150,AV,2,0,0,15,2382.718205806423,,-26.75,"0,0,0,0","0,0,0"
36.25,207,AV,1,0,0,96,3580.4564780460023,,-36.25,"0,0,0,0","0,0,0"
31.883333333333333,62,AV,1,0,0,78,948.3478854920526,,-31.883333333333333,"0,0,0,0","0,0,0"
28.8,137,AV,2,0,0,27,2187.718469250836,,-28.8,"0,0,0,0","0,0,0"
30.95,267,AV,1,0,0,76,6778.2755320215965,,-30.95,"0,0,0,0","0,0,0"
27.55,256,AV,1,0,0,59,5502.789496653042,,-27.55,"0,0,0,0","0,0,0"
27.533333333333335,143,AV,1,0,0,57,2318.1098695731453,,-27.533333333333335,"0,0,0,0","0,0,0"
43.36666666666667,116,AV,2,0,0,82,1718.6657268339234,,-43.36666666666667,"0,0,0,0","0,0,0"
30.4,149,AV,2,0,0,46,2360.1328348572283,,-30.4,"0,0,0,0","0,0,0"
25.1,264,AV,0,0,0,82,6130.868263041086,,-25.1,"0,0,0,0","0,0,0"
30.85,268,AV,1,0,0,73,7081.334819999852,,-30.85,"0,0,0,0","0,0,0"
46.03333333333333,136,AV,2,0,0,98,2158.6935677652164,,-46.03333333333333,"0,0,0,0","0,0,0"
24.5,29,AV,2,0,0,13,682.056612603955,,-24.5,"0,0,0,0","0,0,0"
25.733333333333334,197,AV,2,0,0,6,3389.778327720714,,-25.733333333333334,"0,0,0,0","0,0,0"
24.333333333333332,172,AV,2,0,0,10,2964.6777926145683,,-24.333333333333332,"0,0,0,0","0,0,0"
35.86666666666667,239,AV,1,0,0,95,4635.813442599864,,-35.86666666666667,"0,0,0,0","0,0,0"
31.033333333333335,42,AV,2,0,0,24,818.0604611907775,,-31.033333333333335,"0,0,0,0","0,0,0"
33.68333333333333,38,AV,1,0,0,90,779.2240782816187,,-33.68333333333333,"0,0,0,0","0,0,0"
35.46666666666667,255,AV,1,0,0,96,5434.023139443809,,-35.46666666666667,"0,0,0,0","0,0,0"
37.25,134,AV,2,0,0,74,2113.1349678504243,,-37.25,"0,0,0,0","0,0,0"
33.983333333333334,32,AV,1,0,0,87,742.4887258523852,,-33.983333333333334,"0,0,0,0","0,0,0"
46.8,153,AV,2,0,0,97,2411.397471856681,,-46.8,"0,0,0,0","0,0,0"
27.033333333333335,100,AV,2,0,0,22,1503.4428459110418,,-27.033333333333335,"0,0,0,0","0,0,0"
31.35,144,AV,2,0,0,42,2318.2944376966047,,-31.35,"0,0,0,0","0,0,0"
18.45,298,AV,1,0,0,16,17322.90883950548,,-18.45,"0,0,0,0","0,0,0"
24.266666666666666,146,AV,2,0,0,10,2329.0008356791827,,-24.266666666666666,"0,0,0,0","0,0,0"
32.583333333333336,169,AV,1,0,0,76,2891.134206742707,,-32.583333333333336,"0,0,0,0","0,0,0"
12.216666666666667,27,AV,1,0,0,3,646.5589615252754,,-12.216666666666667,"0,0,0,0","0,0,0"
33.65,142,AV,2,0,0,65,2280.385817754286,,-33.65,"0,0,0,0","0,0,0"
32.28333333333333,82,AV,2,0,0,41,1260.3927948639828,,-32.28333333333333,"0,0,0,0","0,0,0"
34.31666666666667,104,AV,1,0,0,90,1541.4014724042315,,-34.31666666666667,"0,0,0,0","0,0,0"
47.31666666666667,34,AV,2,0,0,100,753.7709081553346,,-47.31666666666667,"0,0,0,0","0,0,0"
10.533333333333333,120,AV,1,0,0,2,1794.439334206041,,-10.533333333333333,"0,0,0,0","0,0,0"
34.6,55,AV,2,0,0,58,881.2906222289953,,-34.6,"0,0,0,0","0,0,0"
29.3,250,AV,2,0,0,24,4967.653125719208,,-29.3,"0,0,0,0","0,0,0"
30.85,241,AV,1,0,0,70,4662.282088415262,,-30.85,"0,0,0,0","0,0,0"
23.083333333333332,4,AV,2,0,0,4,437.8567856598078,,-23.083333333333332,"0,0,0,0","0,0,0"
16.933333333333334,159,AV,1,0,0,15,2530.9644311939346,,-16.933333333333334,"0,0,0,0","0,0,0"
28.616666666666667,213,AV,0,0,0,92,3773.692032315799,,-28.616666666666667,"0,0,0,0","0,0,0"
22.566666666666666,96,AV,1,0,0,45,1454.957177165027,,-22.566666666666666,"0,0,0,0","0,0,0"
35.11666666666667,139,AV,2,0,0,59,2198.5025098873134,,-35.11666666666667,"0,0,0,0","0,0,0"
32.36666666666667,123,AV,1,0,0,79,1824.367004680513,,-32.36666666666667,"0,0,0,0","0,0,0"
23.566666666666666,152,AV,0,0,0,76,2398.572127464108,,-23.566666666666666,"0,0,0,0","0,0,0"
33.81666666666667,227,AV,2,0,0,51,4227.85786318916,,-33.81666666666667,"0,0,0,0","0,0,0"
20.75,240,AV,1,0,0,32,4660.29795945294,,-20.75,"0,0,0,0","0,0,0"
22.0,129,AV,1,0,0,40,1945.516475481125,,-22.0,"0,0,0,0","0,0,0"
45.78333333333333,6,AV,2,0,0,99,465.3670128771111,,-45.78333333333333,"0,0,0,0","0,0,0"
30.083333333333332,35,AV,2,0,0,23,767.6170681366935,,-30.083333333333332,"0,0,0,0","0,0,0"
40.4,72,AV,2,0,0,81,1104.4445206976068,,-40.4,"0,0,0,0","0,0,0"
26.183333333333334,216,AV,1,0,0,56,3803.247088152212,,-26.183333333333334,"0,0,0,0","0,0,0"
34.96666666666667,81,AV,1,0,0,94,1244.4027248274256,,-34.96666666666667,"0,0,0,0","0,0,0"
23.983333333333334,28,AV,1,0,0,53,649.7132696839626,,-23.983333333333334,"0,0,0,0","0,0,0"
25.533333333333335,11,AV,1,0,0,54,539.5213747330826,,-25.533333333333335,"0,0,0,0","0,0,0"
21.283333333333335,285,AV,2,0,0,4,9095.945853089892,,-21.283333333333335,"0,0,0,0","0,0,0"
42.38333333333333,191,AV,2,0,0,80,3257.3450634265246,,-42.38333333333333,"0,0,0,0","0,0,0"
17.666666666666668,24,AV,1,0,0,18,615.3970356119416,,-17.666666666666668,"0,0,0,0","0,0,0"
36.516666666666666,237,AV,2,0,0,66,4577.590037133467,,-36.516666666666666,"0,0,0,0","0,0,0"
35.85,126,AV,2,0,0,57,1888.2149669861096,,-35.85,"0,0,0,0","0,0,0"
40.4,246,AV,2,0,0,77,4754.245589533712,,-40.4,"0,0,0,0","0,0,0"
28.683333333333334,279,AV,2,0,0,19,8639.921150992108,,-28.683333333333334,"0,0,0,0","0,0,0"
11.966666666666667,3,AV,1,0,0,3,437.5592869272848,,-11.966666666666667,"0,0,0,0","0,0,0"
38.71666666666667,176,AV,1,0,0,98,3032.1279287666234,,-38.71666666666667,"0,0,0,0","0,0,0"
32.016666666666666,180,AV,2,0,0,38,3101.095365071405,,-32.016666666666666,"0,0,0,0","0,0,0"
29.233333333333334,206,AV,2,0,0,18,3539.477986656502,,-29.233333333333334,"0,0,0,0","0,0,0"
24.783333333333335,92,AV,1,0,0,52,1411.5824788559885,,-24.783333333333335,"0,0,0,0","0,0,0"
25.283333333333335,259,AV,2,0,0,23,5862.871835726062,,-25.283333333333335,"0,0,0,0","0,0,0"
16.35,94,AV,1,0,0,13,1434.2863071033526,,-16.35,"0,0,0,0","0,0,0"
26.466666666666665,258,AV,1,0,0,59,5844.130995646287,,-26.466666666666665,"0,0,0,0","0,0,0"
32.7,192,AV,2,0,0,53,3257.969850357721,,-32.7,"0,0,0,0","0,0,0"
39.28333333333333,71,AV,2,0,0,61,1083.524948441525,,-39.28333333333333,"0,0,0,0","0,0,0"
29.883333333333333,235,AV,2,0,0,41,4569.840806868062,,-29.883333333333333,"0,0,0,0","0,0,0"
13.766666666666667,297,AV,1,0,0,7,14754.343640924068,,-13.766666666666667,"0,0,0,0","0,0,0"
32.86666666666667,50,AV,1,0,0,81,863.5619359671642,,-32.86666666666667,"0,0,0,0","0,0,0"
32.86666666666667,182,AV,1,0,0,87,3151.1733449572957,,-32.86666666666667,"0,0,0,0","0,0,0"
25.583333333333332,189,AV,2,0,0,8,3245.380745418587,,-25.583333333333332,"0,0,0,0","0,0,0"
18.3,84,AV,1,0,0,13,1261.43865123121,,-18.3,"0,0,0,0","0,0,0"
48.36666666666667,165,AV,2,0,0,96,2744.255474143275,,-48.36666666666667,"0,0,0,0","0,0,0"
16.25,254,AV,1,0,0,13,5354.15698790508,,-16.25,"0,0,0,0","0,0,0"
33.733333333333334,251,AV,2,0,0,45,5200.876525735832,,-33.733333333333334,"0,0,0,0","0,0,0"
13.083333333333334,201,AV,1,0,0,2,3456.1529418207683,,-13.083333333333334,"0,0,0,0","0,0,0"
43.85,51,AV,2,0,0,94,870.7377108213431,,-43.85,"0,0,0,0","0,0,0"
20.866666666666667,0,AV,1,0,0,35,388.2787303527966,,-20.866666666666667,"0,0,0,0","0,0,0"
13.766666666666667,111,AV,1,0,0,3,1628.9397076974285,,-13.766666666666667,"0,0,0,0","0,0,0"
44.0,292,AV,2,0,0,95,11662.42845360034,,-44.0,"0,0,0,0","0,0,0"
47.28333333333333,269,AV,2,0,0,88,7332.887514065835,,-47.28333333333333,"0,0,0,0","0,0,0"
37.63333333333333,53,AV,2,0,0,63,873.8892656114449,,-37.63333333333333,"0,0,0,0","0,0,0"
22.883333333333333,274,AV,1,0,0,48,7592.14370769901,,-22.883333333333333,"0,0,0,0","0,0,0"
39.45,187,AV,2,0,0,66,3206.59631480788,,-39.45,"0,0,0,0","0,0,0"
30.483333333333334,89,AV,2,0,0,35,1348.5865378412918,,-30.483333333333334,"0,0,0,0","0,0,0"
30.983333333333334,70,AV,1,0,0,73,1074.3823512953045,,-30.983333333333334,"0,0,0,0","0,0,0"
29.95,295,AV,2,0,0,46,13460.811009378149,,-29.95,"0,0,0,0","0,0,0"
38.1,202,AV,2,0,0,73,3487.44186130441,,-38.1,"0,0,0,0","0,0,0"
35.583333333333336,186,AV,2,0,0,57,3197.7177395395383,,-35.583333333333336,"0,0,0,0","0,0,0"
44.75,257,AV,2,0,0,79,5702.891177591027,,-44.75,"0,0,0,0","0,0,0"
22.766666666666666,273,AV,1,0,0,44,7572.106998522375,,-22.766666666666666,"0,0,0,0","0,0,0"
22.033333333333335,130,AV,1,0,0,41,1986.5043233563797,,-22.033333333333335,"0,0,0,0","0,0,0"
42.333333333333336,122,AV,2,0,0,67,1822.2981036688468,,-42.333333333333336,"0,0,0,0","0,0,0"
33.93333333333333,243,AV,1,0,0,82,4687.914961676448,,-33.93333333333333,"0,0,0,0","0,0,0"
39.03333333333333,114,AV,2,0,0,62,1691.6338586686718,,-39.03333333333333,"0,0,0,0","0,0,0"
43.06666666666667,108,AV,2,0,0,91,1592.2311391495805,,-43.06666666666667,"0,0,0,0","0,0,0"
21.1,260,AV,1,0,0,39,5882.279762541917,,-21.1,"0,0,0,0","0,0,0"
22.966666666666665,162,AV,2,0,0,7,2580.565825479665,,-22.966666666666665,"0,0,0,0","0,0,0"
44.766666666666666,233,AV,2,0,0,97,4459.768546990965,,-44.766666666666666,"0,0,0,0","0,0,0"
21.583333333333332,155,AV,2,0,0,2,2476.7926805910606,,-21.583333333333332,"0,0,0,0","0,0,0"
41.45,121,AV,2,0,0,83,1797.659883656486,,-41.45,"0,0,0,0","0,0,0"
43.45,93,AV,2,0,0,84,1421.705549214182,,-43.45,"0,0,0,0","0,0,0"
38.36666666666667,76,AV,2,0,0,67,1150.4391077840953,,-38.36666666666667,"0,0,0,0","0,0,0"
20.05,161,AV,1,0,0,32,2574.4307659940623,,-20.05,"0,0,0,0","0,0,0"
24.566666666666666,175,AV,2,0,0,14,3017.17067826153,,-24.566666666666666,"0,0,0,0","0,0,0"
39.016666666666666,98,AV,1,0,0,100,1475.2077210572677,,-39.016666666666666,"0,0,0,0","0,0,0"
28.166666666666668,280,AV,2,0,0,17,8689.506535985933,,-28.166666666666668,"0,0,0,0","0,0,0"
27.016666666666666,261,AV,1,0,0,58,5899.132481879994,,-27.016666666666666,"0,0,0,0","0,0,0"
14.633333333333333,166,AV,1,0,0,4,2818.3733061874163,,-14.633333333333333,"0,0,0,0","0,0,0"
13.7,67,AV,1,0,0,8,1022.032321197676,,-13.7,"0,0,0,0","0,0,0"
46.45,294,AV,2,0,0,82,12051.378145129962,,-46.45,"0,0,0,0","0,0,0"
30.833333333333332,163,AV,2,0,0,31,2675.3892374750885,,-30.833333333333332,"0,0,0,0","0,0,0"
38.18333333333333,48,AV,2,0,0,81,859.2772315809713,,-38.18333333333333,"0,0,0,0","0,0,0"
14.783333333333333,238,AV,1,0,0,11,4617.971391102537,,-14.783333333333333,"0,0,0,0","0,0,0"
24.766666666666666,49,AV,2,0,0,9,863.3540159882258,,-24.766666666666666,"0,0,0,0","0,0,0"
18.533333333333335,272,AV,1,0,0,25,7362.36439851089,,-18.533333333333335,"0,0,0,0","0,0,0"
28.583333333333332,245,AV,1,0,0,63,4707.821121085941,,-28.583333333333332,"0,0,0,0","0,0,0"
30.433333333333334,289,AV,2,0,0,40,10783.100237376317,,-30.433333333333334,"0,0,0,0","0,0,0"
14.6,95,AV,1,0,0,9,1434.4967426379471,,-14.6,"0,0,0,0","0,0,0"
28.9,61,AV,1,0,0,63,943.1907669438916,,-28.9,"0,0,0,0","0,0,0"
27.866666666666667,234,AV,1,0,0,59,4549.070920567666,,-27.866666666666667,"0,0,0,0","0,0,0"
16.3,36,AV,1,0,0,8,776.0711537761008,,-16.3,"0,0,0,0","0,0,0"
22.066666666666666,222,AV,1,0,0,38,4015.909421979459,,-22.066666666666666,"0,0,0,0","0,0,0"
26.6,88,AV,2,0,0,22,1338.7213376931895,,-26.6,"0,0,0,0","0,0,0"
29.833333333333332,200,AV,1,0,0,69,3438.9188747307694,,-29.833333333333332,"0,0,0,0","0,0,0"
18.616666666666667,232,AV,1,0,0,21,4446.537177105173,,-18.616666666666667,"0,0,0,0","0,0,0"
30.5,157,AV,2,0,0,39,2520.718778515204,,-30.5,"0,0,0,0","0,0,0"
8.466666666666667,262,AV,0,0,0,14,5913.041300376779,,-8.466666666666667,"0,0,0,0","0,0,0"
28.733333333333334,80,AV,1,0,0,65,1239.4416864014672,,-28.733333333333334,"0,0,0,0","0,0,0"
34.35,90,AV,2,0,0,54,1373.5659577718477,,-34.35,"0,0,0,0","0,0,0"
28.35,105,AV,1,0,0,61,1552.9853059451273,,-28.35,"0,0,0,0","0,0,0"
43.766666666666666,141,AV,2,0,0,85,2239.257430619588,,-43.766666666666666,"0,0,0,0","0,0,0"
22.716666666666665,44,AV,1,0,0,42,837.3801312568858,,-22.716666666666665,"0,0,0,0","0,0,0"
19.1,209,AV,1,0,0,28,3654.013033637752,,-19.1,"0,0,0,0","0,0,0"
33.86666666666667,119,AV,1,0,0,94,1782.711710770346,,-33.86666666666667,"0,0,0,0","0,0,0"
31.833333333333332,193,AV,1,0,0,76,3292.2479258152307,,-31.833333333333332,"0,0,0,0","0,0,0"
16.366666666666667,151,AV,1,0,0,12,2397.5381966938494,,-16.366666666666667,"0,0,0,0","0,0,0"
37.266666666666666,74,AV,2,0,0,67,1148.2139867956057,,-37.266666666666666,"0,0,0,0","0,0,0"
28.6,287,AV,2,0,0,27,9884.322174397852,,-28.6,"0,0,0,0","0,0,0"
30.15,106,AV,1,0,0,74,1564.4426034616197,,-30.15,"0,0,0,0","0,0,0"
18.933333333333334,69,AV,1,0,0,23,1062.4074567339185,,-18.933333333333334,"0,0,0,0","0,0,0"
29.166666666666668,270,AV,2,0,0,28,7334.728577480919,,-29.166666666666668,"0,0,0,0","0,0,0"
32.55,83,AV,2,0,0,29,1260.6549751070208,,-32.55,"0,0,0,0","0,0,0"
38.55,230,AV,1,0,0,100,4381.240268036911,,-38.55,"0,0,0,0","0,0,0"
35.63333333333333,138,AV,2,0,0,25,2193.4249838744518,,-35.63333333333333,"0,0,0,0","0,0,0"
29.916666666666668,12,AV,2,0,0,28,541.9839687696077,,-29.916666666666668,"0,0,0,0","0,0,0"
37.56666666666667,181,AV,2,0,0,71,3119.7161673652217,,-37.56666666666667,"0,0,0,0","0,0,0"
34.916666666666664,148,AV,2,0,0,55,2347.541384251396,,-34.916666666666664,"0,0,0,0","0,0,0"
20.516666666666666,52,AV,1,0,0,30,871.0408974081768,,-20.516666666666666,"0,0,0,0","0,0,0"
35.45,190,AV,2,0,0,63,3251.3322332141274,,-35.45,"0,0,0,0","0,0,0"
38.016666666666666,226,AV,2,0,0,60,4196.147454418583,,-38.016666666666666,"0,0,0,0","0,0,0"
24.066666666666666,15,AV,1,0,0,41,548.7192496267361,,-24.066666666666666,"0,0,0,0","0,0,0"
19.033333333333335,167,AV,1,0,0,29,2857.6088215719105,,-19.033333333333335,"0,0,0,0","0,0,0"
33.85,87,AV,1,0,0,83,1301.8927857652438,,-33.85,"0,0,0,0","0,0,0"
23.25,127,AV,2,0,0,8,1921.5023446668008,,-23.25,"0,0,0,0","0,0,0"
29.1,43,AV,2,0,0,29,832.3173438658397,,-29.1,"0,0,0,0","0,0,0"
27.266666666666666,199,AV,2,0,0,12,3414.9419898187493,,-27.266666666666666,"0,0,0,0","0,0,0"
43.583333333333336,276,AV,2,0,0,92,7864.29237148983,,-43.583333333333336,"0,0,0,0","0,0,0"
18.65,296,AV,1,0,0,29,14297.77376075636,,-18.65,"0,0,0,0","0,0,0"
55.6,64,AV,2,0,0,98,954.0002559944874,,-55.6,"0,0,0,0","0,0,0"
33.85,253,AV,1,0,0,86,5341.061461458292,,-33.85,"0,0,0,0","0,0,0"
40.9,56,AV,2,0,0,73,904.859336063587,,-40.9,"0,0,0,0","0,0,0"
36.3,30,AV,1,0,0,96,720.4688823460104,,-36.3,"0,0,0,0","0,0,0"
43.05,109,AV,2,0,0,88,1594.6992934726818,,-43.05,"0,0,0,0","0,0,0"
21.883333333333333,58,AV,1,0,0,33,926.7012599248138,,-21.883333333333333,"0,0,0,0","0,0,0"
16.7,242,AV,1,0,0,17,4669.869929992837,,-16.7,"0,0,0,0","0,0,0"
31.95,118,AV,1,0,0,75,1751.9448432672848,,-31.95,"0,0,0,0","0,0,0"
33.583333333333336,21,AV,2,0,0,45,591.6693204447811,,-33.583333333333336,"0,0,0,0","0,0,0"
24.633333333333333,54,AV,1,0,0,53,877.2934597877683,,-24.633333333333333,"0,0,0,0","0,0,0"
26.05,77,AV,2,0,0,8,1167.011530479414,,-26.05,"0,0,0,0","0,0,0"
11.8,115,AV,1,0,0,3,1697.366940102563,,-11.8,"0,0,0,0","0,0,0"
35.916666666666664,231,AV,1,0,0,92,4416.224882412617,,-35.916666666666664,"0,0,0,0","0,0,0"
22.383333333333333,204,AV,1,0,0,44,3531.3895067900216,,-22.383333333333333,"0,0,0,0","0,0,0"
12.283333333333333,236,AV,1,0,0,4,4572.8741748457805,,-12.283333333333333,"0,0,0,0","0,0,0"
16.283333333333335,284,AV,1,0,0,14,8987.822610831106,,-16.283333333333335,"0,0,0,0","0,0,0"
36.93333333333333,229,AV,1,0,0,98,4245.708624069837,,-36.93333333333333,"0,0,0,0","0,0,0"
29.116666666666667,140,AV,1,0,0,67,2222.040577514192,,-29.116666666666667,"0,0,0,0","0,0,0"
28.683333333333334,218,AV,2,0,0,28,3933.772930850901,,-28.683333333333334,"0,0,0,0","0,0,0"
16.283333333333335,91,AV,1,0,0,7,1386.7650627050614,,-16.283333333333335,"0,0,0,0","0,0,0"
42.86666666666667,1,AV,2,0,0,82,417.8295094645922,,-42.86666666666667,"0,0,0,0","0,0,0"
