travel_time,id,kind,action,origin,destination,start_time,income,urgency,reward,observation,cost_table
40.63333333333333,217,AV,2,0,0,87,3882.59008652233,,-40.63333333333333,"0,0,0,0","0,0,0"
35.43333333333333,183,AV,2,0,0,26,3158.0604616132755,,-35.43333333333333,"0,0,0,0","0,0,0"
15.95,225,AV,1,0,0,15,4113.319853961603,,-15.95,"0,0,0,0","0,0,0"
25.75,107,AV,2,0,0,7,1581.4824060924602,,-25.75,"0,0,0,0","0,0,0"
46.166666666666664,283,AV,2,0,0,95,8981.750106371177,,-46.166666666666664,"0,0,0,0","0,0,0"
16.383333333333333,73,AV,1,0,0,14,1141.0395517097602,,-16.383333333333333,"0,0,0,0","0,0,0"
28.8,221,AV,2,0,0,22,3987.5502105766736,,-28.8,"0,0,0,0","0,0,0"
36.2,299,AV,2,0,0,66,20239.22920549412,,-36.2,"0,0,0,0","0,0,0"
33.083333333333336,211,AV,2,0,0,49,3742.7752140142647,,-33.083333333333336,"0,0,0,0","0,0,0"
34.56666666666667,194,AV,1,0,0,82,3301.717979419838,,-34.56666666666667,"0,0,0,0","0,0,0"
30.583333333333332,99,AV,2,0,0,38,1490.1599361877834,,-30.583333333333332,"0,0,0,0","0,0,0"
15.35,125,AV,0,0,0,30,1848.7234685638712,,-15.35,"0,0,0,0","0,0,0"
33.28333333333333,156,AV,1,0,0,85,2497.1975937909187,,-33.28333333333333,"0,0,0,0","0,0,0"
16.45,8,AV,1,0,0,6,491.8679742725259,,-16.45,"0,0,0,0","0,0,0"
25.366666666666667,79,AV,1,0,0,47,1234.5997004771,,-25.366666666666667,"0,0,0,0","0,0,0"
32.85,278,AV,2,0,0,29,8475.089255911002,,-32.85,"0,0,0,0","0,0,0"
16.95,290,AV,1,0,0,17,11185.875164713363,,-16.95,"0,0,0,0","0,0,0"
36.983333333333334,188,AV,2,0,0,49,3236.647802754315,,-36.983333333333334,"0,0,0,0","0,0,0"
30.416666666666668,102,AV,2,0,0,42,1517.942512651984,,-30.416666666666668,"0,0,0,0","0,0,0"
31.516666666666666,248,AV,2,0,0,42,4925.450001742355,,-31.516666666666666,"0,0,0,0","0,0,0"
43.916666666666664,223,AV,2,0,0,91,4021.28082322038,,-43.916666666666664,"0,0,0,0","0,0,0"
12.883333333333333,263,AV,1,0,0,7,5960.007005011629,,-12.883333333333333,"0,0,0,0","0,0,0"
28.716666666666665,103,AV,2,0,0,21,1526.0895405694364,,-28.716666666666665,"0,0,0,0","0,0,0"
37.916666666666664,19,AV,2,0,0,74,586.8516376274475,,-37.916666666666664,"0,0,0,0","0,0,0"
24.65,277,AV,1,0,0,47,8139.327108000771,,-24.65,"0,0,0,0","0,0,0"
11.666666666666666,10,AV,1,0,0,0,522.440884226393,,-11.666666666666666,"0,0,0,0","0,0,0"
37.333333333333336,288,AV,2,0,0,56,10071.894878668398,,-37.333333333333336,"0,0,0,0","0,0,0"
44.45,184,AV,2,0,0,52,3159.4556453821087,,-44.45,"0,0,0,0","0,0,0"
46.9,158,AV,2,0,0,94,2520.757475212996,,-46.9,"0,0,0,0","0,0,0"
31.983333333333334,247,AV,2,0,0,48,4818.617258984985,,-31.983333333333334,"0,0,0,0","0,0,0"
28.383333333333333,66,AV,2,0,0,28,1005.9867386644172,,-28.383333333333333,"0,0,0,0","0,0,0"
24.4,224,AV,1,0,0,48,4104.202624979457,,-24.4,"0,0,0,0","0,0,0"
20.633333333333333,97,AV,1,0,0,39,1467.6871321740252,,-20.633333333333333,"0,0,0,0","0,0,0"
21.583333333333332,293,AV,2,0,0,14,11940.25564443948,,-21.583333333333332,"0,0,0,0","0,0,0"
26.566666666666666,13,AV,2,0,0,19,542.8991684878858,,-26.566666666666666,"0,0,0,0","0,0,0"
27.416666666666668,5,AV,1,0,0,53,457.16351791608827,,-27.416666666666668,"0,0,0,0","0,0,0"
33.3,68,AV,1,0,0,84,1040.734547163155,,-33.3,"0,0,0,0","0,0,0"
21.6,177,AV,2,0,0,8,3046.5766145774583,,-21.6,"0,0,0,0","0,0,0"
20.55,168,AV,1,0,0,37,2857.8751728516777,,-20.55,"0,0,0,0","0,0,0"
17.316666666666666,2,AV,1,0,0,23,424.9057127261393,,-17.316666666666666,"0,0,0,0","0,0,0"
32.916666666666664,40,AV,1,0,0,77,807.7368269013535,,-32.916666666666664,"0,0,0,0","0,0,0"
20.083333333333332,244,AV,1,0,0,34,4705.31956239884,,-20.083333333333332,"0,0,0,0","0,0,0"
36.0,60,AV,1,0,0,96,938.3100494872764,,-36.0,"0,0,0,0","0,0,0"
24.566666666666666,275,AV,2,0,0,15,7612.519032757181,,-24.566666666666666,"0,0,0,0","0,0,0"
25.383333333333333,271,AV,1,0,0,44,7336.658338656486,,-25.383333333333333,"0,0,0,0","0,0,0"
45.25,18,AV,2,0,0,88,572.7967315704935,,-45.25,"0,0,0,0","0,0,0"
37.85,205,AV,1,0,0,100,3534.445695738256,,-37.85,"0,0,0,0","0,0,0"
30.183333333333334,9,AV,2,0,0,43,508.6019702527906,,-30.183333333333334,"0,0,0,0","0,0,0"
42.7,37,AV,2,0,0,83,777.0630287344238,,-42.7,"0,0,0,0","0,0,0"
31.283333333333335,249,AV,2,0,0,15,4951.479839002994,,-31.283333333333335,"0,0,0,0","0,0,0"
29.383333333333333,215,AV,2,0,0,37,3783.636689084741,,-29.383333333333333,"0,0,0,0","0,0,0"
36.166666666666664,281,AV,2,0,0,68,8795.495569618428,,-36.166666666666664,"0,0,0,0","0,0,0"
47.65,75,AV,2,0,0,97,1150.2916000513435,,-47.65,"0,0,0,0","0,0,0"
30.033333333333335,291,AV,2,0,0,24,11515.391842589095,,-30.033333333333335,"0,0,0,0","0,0,0"
24.866666666666667,210,AV,1,0,0,49,3724.6301341612702,,-24.866666666666667,"0,0,0,0","0,0,0"
38.11666666666667,170,AV,2,0,0,63,2909.8477340427667,,-38.11666666666667,"0,0,0,0","0,0,0"
20.966666666666665,117,AV,1,0,0,35,1723.69240549938,,-20.966666666666665,"0,0,0,0","0,0,0"
27.05,7,AV,1,0,0,58,473.5024380788758,,-27.05,"0,0,0,0","0,0,0"
43.5,266,AV,2,0,0,93,6563.608435155774,,-43.5,"0,0,0,0","0,0,0"
12.883333333333333,171,AV,1,0,0,2,2927.9701715656583,,-12.883333333333333,"0,0,0,0","0,0,0"
22.933333333333334,25,AV,1,0,0,44,627.4062491148882,,-22.933333333333334,"0,0,0,0","0,0,0"
25.25,47,AV,1,0,0,52,857.6590975250949,,-25.25,"0,0,0,0","0,0,0"
42.766666666666666,26,AV,2,0,0,91,640.5426603936758,,-42.766666666666666,"0,0,0,0","0,0,0"
22.083333333333332,203,AV,2,0,0,1,3508.846318545673,,-22.083333333333332,"0,0,0,0","0,0,0"
33.65,282,AV,2,0,0,43,8975.220492497892,,-33.65,"0,0,0,0","0,0,0"
11.716666666666667,198,AV,1,0,0,1,3393.6426315430986,,-11.716666666666667,"0,0,0,0","0,0,0"
34.583333333333336,265,AV,2,0,0,48,6230.691172258436,,-34.583333333333336,"0,0,0,0","0,0,0"
20.25,145,AV,0,0,0,53,2326.172138461347,,-20.25,"0,0,0,0","0,0,0"
37.96666666666667,112,AV,2,0,0,46,1661.9571573900298,,-37.96666666666667,"0,0,0,0","0,0,0"
33.266666666666666,113,AV,2,0,0,38,1664.0464513081895,,-33.266666666666666,"0,0,0,0","0,0,0"
43.11666666666667,45,AV,2,0,0,83,844.3352662229099,,-43.11666666666667,"0,0,0,0","0,0,0"
34.8,132,AV,1,0,0,86,2052.607856914241,,-34.8,"0,0,0,0","0,0,0"
37.95,174,AV,2,0,0,80,2987.078671303881,,-37.95,"0,0,0,0","0,0,0"
40.13333333333333,41,AV,2,0,0,77,816.2772675203604,,-40.13333333333333,"0,0,0,0","0,0,0"
31.416666666666668,164,AV,1,0,0,73,2722.266725979925,,-31.416666666666668,"0,0,0,0","0,0,0"
27.35,219,AV,2,0,0,17,3941.04555698938,,-27.35,"0,0,0,0","0,0,0"
43.583333333333336,135,AV,2,0,0,79,2131.3254046090938,,-43.583333333333336,"0,0,0,0","0,0,0"
36.916666666666664,212,AV,2,0,0,74,3752.1132597063192,,-36.916666666666664,"0,0,0,0","0,0,0"
12.266666666666667,286,AV,1,0,0,5,9280.176126726552,,-12.266666666666667,"0,0,0,0","0,0,0"
23.666666666666668,195,AV,0,0,0,66,3366.895459871004,,-23.666666666666668,"0,0,0,0","0,0,0"
32.03333333333333,33,AV,2,0,0,42,742.6585956180782,,-32.03333333333333,"0,0,0,0","0,0,0"
29.4,154,AV,1,0,0,69,2458.2611968747465,,-29.4,"0,0,0,0","0,0,0"
23.783333333333335,131,AV,1,0,0,45,2022.4315636845977,,-23.783333333333335,"0,0,0,0","0,0,0"
43.233333333333334,65,AV,2,0,0,85,985.8695826897422,,-43.233333333333334,"0,0,0,0","0,0,0"
42.75,228,AV,2,0,0,74,4237.057085974603,,-42.75,"0,0,0,0","0,0,0"
38.3,128,AV,2,0,0,65,1927.298426803608,,-38.3,"0,0,0,0","0,0,0"
24.283333333333335,173,AV,1,0,0,46,2965.4163440895786,,-24.283333333333335,"0,0,0,0","0,0,0"
34.666666666666664,178,AV,1,0,0,93,3064.640983136323,,-34.666666666666664,"0,0,0,0","0,0,0"
15.45,147,AV,1,0,0,14,2337.3116255789537,,-15.45,"0,0,0,0","0,0,0"
21.883333333333333,31,AV,2,0,0,0,736.5379020629116,,-21.883333333333333,"0,0,0,0","0,0,0"
12.183333333333334,220,AV,0,0,0,26,3942.222625638348,,-12.183333333333334,"0,0,0,0","0,0,0"
45.63333333333333,78,AV,2,0,0,99,1174.3503864217532,,-45.63333333333333,"0,0,0,0","0,0,0"
29.716666666666665,63,AV,1,0,0,71,950.4213588862824,,-29.716666666666665,"0,0,0,0","0,0,0"
26.55,85,AV,2,0,0,5,1265.4739572733297,,-26.55,"0,0,0,0","0,0,0"
31.266666666666666,185,AV,2,0,0,42,3169.820795106812,,-31.266666666666666,"0,0,0,0","0,0,0"
19.366666666666667,23,AV,1,0,0,26,601.3137559373858,,-19.366666666666667,"0,0,0,0","0,0,0"
55.36666666666667,22,AV,2,0,0,97,597.1498506777683,,-55.36666666666667,"0,0,0,0","0,0,0"
21.816666666666666,57,AV,1,0,0,41,923.9636394510808,,-21.816666666666666,"0,0,0,0","0,0,0"
43.8,101,AV,2,0,0,94,1509.578116022191,,-43.8,"0,0,0,0","0,0,0"
42.333333333333336,160,AV,2,0,0,74,2563.744074524839,,-42.333333333333336,"0,0,0,0","0,0,0"
47.416666666666664,16,AV,2,0,0,91,566.7055292848979,,-47.416666666666664,"0,0,0,0","0,0,0"
35.81666666666667,179,AV,1,0,0,90,3097.4575811220984,,-35.81666666666667,"0,0,0,0","0,0,0"
38.13333333333333,110,AV,2,0,0,62,1596.1763216794554,,-38.13333333333333,"0,0,0,0","0,0,0"
39.483333333333334,133,AV,2,0,0,64,2105.6010448069283,,-39.483333333333334,"0,0,0,0","0,0,0"
17.183333333333334,20,AV,1,0,0,23,588.8906571209208,,-17.183333333333334,"0,0,0,0","0,0,0"
32.55,46,AV,2,0,0,37,849.0657401736111,,-32.55,"0,0,0,0","0,0,0"
27.7,86,AV,2,0,0,27,1297.4303329633815,,-27.7,"0,0,0,0","0,0,0"
43.71666666666667,17,AV,2,0,0,89,571.0932451196882,,-43.71666666666667,"0,0,0,0","0,0,0"
20.166666666666668,196,AV,2,0,0,5,3382.383844415393,,-20.166666666666668,"0,0,0,0","0,0,0"
28.983333333333334,59,AV,2,0,0,36,932.1411738504048,,-28.983333333333334,"0,0,0,0","0,0,0"
31.4,252,AV,1,0,0,72,5307.329693361759,,-31.4,"0,0,0,0","0,0,0"
16.816666666666666,214,AV,0,0,0,36,3778.090807703549,,-16.816666666666666,"0,0,0,0","0,0,0"
35.38333333333333,14,AV,1,0,0,93,546.8646928603165,,-35.38333333333333,"0,0,0,0","0,0,0"
34.5,124,AV,1,0,0,85,1832.3133019091129,,-34.5,"0,0,0,0","0,0,0"
32.93333333333333,39,AV,2,0,0,48,793.0252767736928,,-32.93333333333333,"0,0,0,0","0,0,0"
30.966666666666665,208,AV,2,0,0,31,3628.2404526711953,,-30.966666666666665,"0,0,0,0","0,0,0"
36.983333333333334,150,AV,1,0,0,94,2382.718205806423,,-36.983333333333334,"0,0,0,0","0,0,0"
34.45,207,AV,1,0,0,90,3580.4564780460023,,-34.45,"0,0,0,0","0,0,0"
27.616666666666667,62,AV,1,0,0,60,948.3478854920526,,-27.616666666666667,"0,0,0,0","0,0,0"
23.383333333333333,137,AV,0,0,0,79,2187.718469250836,,-23.383333333333333,"0,0,0,0","0,0,0"
38.38333333333333,267,AV,2,0,0,24,6778.2755320215965,,-38.38333333333333,"0,0,0,0","0,0,0"
5.05,256,AV,0,0,0,4,5502.789496653042,,-5.05,"0,0,0,0","0,0,0"
32.86666666666667,143,AV,2,0,0,54,2318.1098695731453,,-32.86666666666667,"0,0,0,0","0,0,0"
31.766666666666666,116,AV,1,0,0,75,1718.6657268339234,,-31.766666666666666,"0,0,0,0","0,0,0"
32.7,149,AV,1,0,0,75,2360.1328348572283,,-32.7,"0,0,0,0","0,0,0"
40.63333333333333,264,AV,2,0,0,81,6130.868263041086,,-40.63333333333333,"0,0,0,0","0,0,0"
43.583333333333336,268,AV,2,0,0,85,7081.334819999852,,-43.583333333333336,"0,0,0,0","0,0,0"
31.883333333333333,136,AV,2,0,0,48,2158.6935677652164,,-31.883333333333333,"0,0,0,0","0,0,0"
30.116666666666667,29,AV,2,0,0,27,682.056612603955,,-30.116666666666667,"0,0,0,0","0,0,0"
46.95,197,AV,2,0,0,96,3389.778327720714,,-46.95,"0,0,0,0","0,0,0"
17.866666666666667,172,AV,1,0,0,21,2964.6777926145683,,-17.866666666666667,"0,0,0,0","0,0,0"
30.25,239,AV,2,0,0,43,4635.813442599864,,-30.25,"0,0,0,0","0,0,0"
18.283333333333335,42,AV,1,0,0,30,818.0604611907775,,-18.283333333333335,"0,0,0,0","0,0,0"
29.566666666666666,38,AV,2,0,0,28,779.2240782816187,,-29.566666666666666,"0,0,0,0","0,0,0"
43.35,255,AV,2,0,0,89,5434.023139443809,,-43.35,"0,0,0,0","0,0,0"
20.75,134,AV,1,0,0,41,2113.1349678504243,,-20.75,"0,0,0,0","0,0,0"
29.95,32,AV,2,0,0,25,742.4887258523852,,-29.95,"0,0,0,0","0,0,0"
17.383333333333333,153,AV,1,0,0,19,2411.397471856681,,-17.383333333333333,"0,0,0,0","0,0,0"
8.566666666666666,100,AV,0,0,0,10,1503.4428459110418,,-8.566666666666666,"0,0,0,0","0,0,0"
26.3,144,AV,2,0,0,15,2318.2944376966047,,-26.3,"0,0,0,0","0,0,0"
35.53333333333333,298,AV,2,0,0,49,17322.90883950548,,-35.53333333333333,"0,0,0,0","0,0,0"
46.983333333333334,146,AV,2,0,0,88,2329.0008356791827,,-46.983333333333334,"0,0,0,0","0,0,0"
21.333333333333332,169,AV,2,0,0,0,2891.134206742707,,-21.333333333333332,"0,0,0,0","0,0,0"
35.083333333333336,27,AV,2,0,0,44,646.5589615252754,,-35.083333333333336,"0,0,0,0","0,0,0"
44.5,142,AV,2,0,0,96,2280.385817754286,,-44.5,"0,0,0,0","0,0,0"
30.983333333333334,82,AV,2,0,0,36,1260.3927948639828,,-30.983333333333334,"0,0,0,0","0,0,0"
15.5,104,AV,1,0,0,8,1541.4014724042315,,-15.5,"0,0,0,0","0,0,0"
31.3,34,AV,1,0,0,75,753.7709081553346,,-31.3,"0,0,0,0","0,0,0"
35.416666666666664,120,AV,2,0,0,53,1794.439334206041,,-35.416666666666664,"0,0,0,0","0,0,0"
32.05,55,AV,1,0,0,78,881.2906222289953,,-32.05,"0,0,0,0","0,0,0"
35.55,250,AV,2,0,0,50,4967.653125719208,,-35.55,"0,0,0,0","0,0,0"
31.483333333333334,241,AV,2,0,0,38,4662.282088415262,,-31.483333333333334,"0,0,0,0","0,0,0"
30.016666666666666,4,AV,1,0,0,72,437.8567856598078,,-30.016666666666666,"0,0,0,0","0,0,0"
29.133333333333333,159,AV,2,0,0,28,2530.9644311939346,,-29.133333333333333,"0,0,0,0","0,0,0"
39.983333333333334,213,AV,2,0,0,74,3773.692032315799,,-39.983333333333334,"0,0,0,0","0,0,0"
26.083333333333332,96,AV,2,0,0,14,1454.957177165027,,-26.083333333333332,"0,0,0,0","0,0,0"
35.016666666666666,139,AV,2,0,0,54,2198.5025098873134,,-35.016666666666666,"0,0,0,0","0,0,0"
33.43333333333333,123,AV,2,0,0,35,1824.367004680513,,-33.43333333333333,"0,0,0,0","0,0,0"
35.71666666666667,152,AV,1,0,0,95,2398.572127464108,,-35.71666666666667,"0,0,0,0","0,0,0"
22.433333333333334,227,AV,1,0,0,41,4227.85786318916,,-22.433333333333334,"0,0,0,0","0,0,0"
45.266666666666666,240,AV,2,0,0,94,4660.29795945294,,-45.266666666666666,"0,0,0,0","0,0,0"
25.45,129,AV,2,0,0,18,1945.516475481125,,-25.45,"0,0,0,0","0,0,0"
28.983333333333334,6,AV,2,0,0,30,465.3670128771111,,-28.983333333333334,"0,0,0,0","0,0,0"
31.183333333333334,35,AV,2,0,0,36,767.6170681366935,,-31.183333333333334,"0,0,0,0","0,0,0"
40.93333333333333,72,AV,2,0,0,87,1104.4445206976068,,-40.93333333333333,"0,0,0,0","0,0,0"
25.15,216,AV,2,0,0,24,3803.247088152212,,-25.15,"0,0,0,0","0,0,0"
26.3,81,AV,1,0,0,56,1244.4027248274256,,-26.3,"0,0,0,0","0,0,0"
31.516666666666666,28,AV,1,0,0,78,649.7132696839626,,-31.516666666666666,"0,0,0,0","0,0,0"
31.983333333333334,11,AV,2,0,0,36,539.5213747330826,,-31.983333333333334,"0,0,0,0","0,0,0"
31.65,285,AV,1,0,0,62,9095.945853089892,,-31.65,"0,0,0,0","0,0,0"
22.9,191,AV,2,0,0,7,3257.3450634265246,,-22.9,"0,0,0,0","0,0,0"
31.566666666666666,24,AV,2,0,0,38,615.3970356119416,,-31.566666666666666,"0,0,0,0","0,0,0"
36.43333333333333,237,AV,1,0,0,99,4577.590037133467,,-36.43333333333333,"0,0,0,0","0,0,0"
29.25,126,AV,2,0,0,18,1888.2149669861096,,-29.25,"0,0,0,0","0,0,0"
28.883333333333333,246,AV,1,0,0,68,4754.245589533712,,-28.883333333333333,"0,0,0,0","0,0,0"
42.68333333333333,279,AV,2,0,0,88,8639.921150992108,,-42.68333333333333,"0,0,0,0","0,0,0"
49.416666666666664,3,AV,2,0,0,99,437.5592869272848,,-49.416666666666664,"0,0,0,0","0,0,0"
43.35,176,AV,2,0,0,92,3032.1279287666234,,-43.35,"0,0,0,0","0,0,0"
13.183333333333334,180,AV,1,0,0,9,3101.095365071405,,-13.183333333333334,"0,0,0,0","0,0,0"
47.016666666666666,206,AV,2,0,0,100,3539.477986656502,,-47.016666666666666,"0,0,0,0","0,0,0"
22.75,92,AV,2,0,0,7,1411.5824788559885,,-22.75,"0,0,0,0","0,0,0"
34.7,259,AV,1,0,0,89,5862.871835726062,,-34.7,"0,0,0,0","0,0,0"
35.46666666666667,94,AV,2,0,0,42,1434.2863071033526,,-35.46666666666667,"0,0,0,0","0,0,0"
27.366666666666667,258,AV,1,0,0,62,5844.130995646287,,-27.366666666666667,"0,0,0,0","0,0,0"
44.81666666666667,192,AV,2,0,0,89,3257.969850357721,,-44.81666666666667,"0,0,0,0","0,0,0"
25.183333333333334,71,AV,1,0,0,49,1083.524948441525,,-25.183333333333334,"0,0,0,0","0,0,0"
20.416666666666668,235,AV,0,0,0,53,4569.840806868062,,-20.416666666666668,"0,0,0,0","0,0,0"
25.0,297,AV,2,0,0,5,14754.343640924068,,-25.0,"0,0,0,0","0,0,0"
16.033333333333335,50,AV,1,0,0,16,863.5619359671642,,-16.033333333333335,"0,0,0,0","0,0,0"
13.65,182,AV,0,0,0,27,3151.1733449572957,,-13.65,"0,0,0,0","0,0,0"
18.9,189,AV,0,0,0,50,3245.380745418587,,-18.9,"0,0,0,0","0,0,0"
33.1,84,AV,1,0,0,80,1261.43865123121,,-33.1,"0,0,0,0","0,0,0"
23.333333333333332,165,AV,1,0,0,46,2744.255474143275,,-23.333333333333332,"0,0,0,0","0,0,0"
36.733333333333334,254,AV,2,0,0,68,5354.15698790508,,-36.733333333333334,"0,0,0,0","0,0,0"
16.016666666666666,251,AV,1,0,0,10,5200.876525735832,,-16.016666666666666,"0,0,0,0","0,0,0"
50.13333333333333,201,AV,2,0,0,93,3456.1529418207683,,-50.13333333333333,"0,0,0,0","0,0,0"
28.95,51,AV,2,0,0,29,870.7377108213431,,-28.95,"0,0,0,0","0,0,0"
40.78333333333333,0,AV,2,0,0,78,388.2787303527966,,-40.78333333333333,"0,0,0,0","0,0,0"
28.233333333333334,111,AV,1,0,0,60,1628.9397076974285,,-28.233333333333334,"0,0,0,0","0,0,0"
16.483333333333334,292,AV,1,0,0,17,11662.42845360034,,-16.483333333333334,"0,0,0,0","0,0,0"
31.15,269,AV,2,0,0,31,7332.887514065835,,-31.15,"0,0,0,0","0,0,0"
24.616666666666667,53,AV,2,0,0,11,873.8892656114449,,-24.616666666666667,"0,0,0,0","0,0,0"
22.0,274,AV,0,0,0,58,7592.14370769901,,-22.0,"0,0,0,0","0,0,0"
40.81666666666667,187,AV,2,0,0,72,3206.59631480788,,-40.81666666666667,"0,0,0,0","0,0,0"
32.55,89,AV,1,0,0,73,1348.5865378412918,,-32.55,"0,0,0,0","0,0,0"
28.133333333333333,70,AV,1,0,0,63,1074.3823512953045,,-28.133333333333333,"0,0,0,0","0,0,0"
41.45,295,AV,2,0,0,84,13460.811009378149,,-41.45,"0,0,0,0","0,0,0"
31.116666666666667,202,AV,2,0,0,33,3487.44186130441,,-31.116666666666667,"0,0,0,0","0,0,0"
13.5,186,AV,1,0,0,5,3197.7177395395383,,-13.5,"0,0,0,0","0,0,0"
15.983333333333333,257,AV,1,0,0,16,5702.891177591027,,-15.983333333333333,"0,0,0,0","0,0,0"
25.9,273,AV,2,0,0,17,7572.106998522375,,-25.9,"0,0,0,0","0,0,0"
33.583333333333336,130,AV,2,0,0,42,1986.5043233563797,,-33.583333333333336,"0,0,0,0","0,0,0"
24.266666666666666,122,AV,2,0,0,7,1822.2981036688468,,-24.266666666666666,"0,0,0,0","0,0,0"
20.033333333333335,243,AV,1,0,0,33,4687.914961676448,,-20.033333333333335,"0,0,0,0","0,0,0"
27.816666666666666,114,AV,2,0,0,7,1691.6338586686718,,-27.816666666666666,"0,0,0,0","0,0,0"
23.633333333333333,108,AV,2,0,0,16,1592.2311391495805,,-23.633333333333333,"0,0,0,0","0,0,0"
37.85,260,AV,2,0,0,67,5882.279762541917,,-37.85,"0,0,0,0","0,0,0"
36.416666666666664,162,AV,1,0,0,96,2580.565825479665,,-36.416666666666664,"0,0,0,0","0,0,0"
30.15,233,AV,2,0,0,38,4459.768546990965,,-30.15,"0,0,0,0","0,0,0"
18.866666666666667,155,AV,0,0,0,51,2476.7926805910606,,-18.866666666666667,"0,0,0,0","0,0,0"
33.63333333333333,121,AV,2,0,0,65,1797.659883656486,,-33.63333333333333,"0,0,0,0","0,0,0"
35.7,93,AV,1,0,0,93,1421.705549214182,,-35.7,"0,0,0,0","0,0,0"
27.783333333333335,76,AV,1,0,0,65,1150.4391077840953,,-27.783333333333335,"0,0,0,0","0,0,0"
40.71666666666667,161,AV,2,0,0,60,2574.4307659940623,,-40.71666666666667,"0,0,0,0","0,0,0"
21.433333333333334,175,AV,2,0,0,5,3017.17067826153,,-21.433333333333334,"0,0,0,0","0,0,0"
46.95,98,AV,2,0,0,99,1475.2077210572677,,-46.95,"0,0,0,0","0,0,0"
28.416666666666668,280,AV,2,0,0,22,8689.506535985933,,-28.416666666666668,"0,0,0,0","0,0,0"
50.56666666666667,261,AV,2,0,0,97,5899.132481879994,,-50.56666666666667,"0,0,0,0","0,0,0"
40.55,166,AV,2,0,0,76,2818.3733061874163,,-40.55,"0,0,0,0","0,0,0"
37.43333333333333,67,AV,2,0,0,64,1022.032321197676,,-37.43333333333333,"0,0,0,0","0,0,0"
35.5,294,AV,2,0,0,56,12051.378145129962,,-35.5,"0,0,0,0","0,0,0"
30.383333333333333,163,AV,1,0,0,72,2675.3892374750885,,-30.383333333333333,"0,0,0,0","0,0,0"
24.7,48,AV,1,0,0,42,859.2772315809713,,-24.7,"0,0,0,0","0,0,0"
33.666666666666664,238,AV,1,0,0,78,4617.971391102537,,-33.666666666666664,"0,0,0,0","0,0,0"
34.55,49,AV,1,0,0,87,863.3540159882258,,-34.55,"0,0,0,0","0,0,0"
28.45,272,AV,1,0,0,59,7362.36439851089,,-28.45,"0,0,0,0","0,0,0"
17.55,245,AV,1,0,0,27,4707.821121085941,,-17.55,"0,0,0,0","0,0,0"
54.78333333333333,289,AV,2,0,0,94,10783.100237376317,,-54.78333333333333,"0,0,0,0","0,0,0"
33.05,95,AV,1,0,0,83,1434.4967426379471,,-33.05,"0,0,0,0","0,0,0"
25.983333333333334,61,AV,1,0,0,54,943.1907669438916,,-25.983333333333334,"0,0,0,0","0,0,0"
23.983333333333334,234,AV,1,0,0,39,4549.070920567666,,-23.983333333333334,"0,0,0,0","0,0,0"
39.03333333333333,36,AV,2,0,0,71,776.0711537761008,,-39.03333333333333,"0,0,0,0","0,0,0"
10.3,222,AV,0,0,0,22,4015.909421979459,,-10.3,"0,0,0,0","0,0,0"
37.31666666666667,88,AV,2,0,0,49,1338.7213376931895,,-37.31666666666667,"0,0,0,0","0,0,0"
25.25,200,AV,1,0,0,49,3438.9188747307694,,-25.25,"0,0,0,0","0,0,0"
19.683333333333334,232,AV,1,0,0,31,4446.537177105173,,-19.683333333333334,"0,0,0,0","0,0,0"
48.13333333333333,157,AV,2,0,0,100,2520.718778515204,,-48.13333333333333,"0,0,0,0","0,0,0"
30.266666666666666,262,AV,2,0,0,35,5913.041300376779,,-30.266666666666666,"0,0,0,0","0,0,0"
21.6,80,AV,2,0,0,11,1239.4416864014672,,-21.6,"0,0,0,0","0,0,0"
24.1,90,AV,2,0,0,13,1373.5659577718477,,-24.1,"0,0,0,0","0,0,0"
31.716666666666665,105,AV,1,0,0,76,1552.9853059451273,,-31.716666666666665,"0,0,0,0","0,0,0"
38.78333333333333,141,AV,2,0,0,58,2239.257430619588,,-38.78333333333333,"0,0,0,0","0,0,0"
32.983333333333334,44,AV,2,0,0,26,837.3801312568858,,-32.983333333333334,"0,0,0,0","0,0,0"
34.78333333333333,209,AV,1,0,0,89,3654.013033637752,,-34.78333333333333,"0,0,0,0","0,0,0"
47.06666666666667,119,AV,2,0,0,92,1782.711710770346,,-47.06666666666667,"0,0,0,0","0,0,0"
16.083333333333332,193,AV,1,0,0,9,3292.2479258152307,,-16.083333333333332,"0,0,0,0","0,0,0"
20.666666666666668,151,AV,2,0,0,2,2397.5381966938494,,-20.666666666666668,"0,0,0,0","0,0,0"
32.86666666666667,74,AV,1,0,0,79,1148.2139867956057,,-32.86666666666667,"0,0,0,0","0,0,0"
29.9,287,AV,1,0,0,71,9884.322174397852,,-29.9,"0,0,0,0","0,0,0"
36.35,106,AV,2,0,0,53,1564.4426034616197,,-36.35,"0,0,0,0","0,0,0"
19.25,69,AV,2,0,0,1,1062.4074567339185,,-19.25,"0,0,0,0","0,0,0"
13.633333333333333,270,AV,0,0,0,28,7334.728577480919,,-13.633333333333333,"0,0,0,0","0,0,0"
24.7,83,AV,2,0,0,12,1260.6549751070208,,-24.7,"0,0,0,0","0,0,0"
30.333333333333332,230,AV,2,0,0,46,4381.240268036911,,-30.333333333333332,"0,0,0,0","0,0,0"
35.75,138,AV,2,0,0,51,2193.4249838744518,,-35.75,"0,0,0,0","0,0,0"
22.066666666666666,12,AV,0,0,0,59,541.9839687696077,,-22.066666666666666,"0,0,0,0","0,0,0"
30.116666666666667,181,AV,1,0,0,72,3119.7161673652217,,-30.116666666666667,"0,0,0,0","0,0,0"
31.933333333333334,148,AV,1,0,0,82,2347.541384251396,,-31.933333333333334,"0,0,0,0","0,0,0"
41.766666666666666,52,AV,2,0,0,78,871.0408974081768,,-41.766666666666666,"0,0,0,0","0,0,0"
29.4,190,AV,1,0,0,71,3251.3322332141274,,-29.4,"0,0,0,0","0,0,0"
17.35,226,AV,1,0,0,16,4196.147454418583,,-17.35,"0,0,0,0","0,0,0"
31.183333333333334,15,AV,1,0,0,70,548.7192496267361,,-31.183333333333334,"0,0,0,0","0,0,0"
23.766666666666666,167,AV,2,0,0,16,2857.6088215719105,,-23.766666666666666,"0,0,0,0","0,0,0"
15.433333333333334,87,AV,0,0,0,28,1301.8927857652438,,-15.433333333333334,"0,0,0,0","0,0,0"
27.35,127,AV,1,0,0,50,1921.5023446668008,,-27.35,"0,0,0,0","0,0,0"
29.233333333333334,43,AV,2,0,0,29,832.3173438658397,,-29.233333333333334,"0,0,0,0","0,0,0"
32.68333333333333,199,AV,1,0,0,79,3414.9419898187493,,-32.68333333333333,"0,0,0,0","0,0,0"
26.8,276,AV,2,0,0,22,7864.29237148983,,-26.8,"0,0,0,0","0,0,0"
18.883333333333333,296,AV,1,0,0,28,14297.77376075636,,-18.883333333333333,"0,0,0,0","0,0,0"
23.0,64,AV,2,0,0,6,954.0002559944874,,-23.0,"0,0,0,0","0,0,0"
31.633333333333333,253,AV,2,0,0,45,5341.061461458292,,-31.633333333333333,"0,0,0,0","0,0,0"
35.96666666666667,56,AV,1,0,0,93,904.859336063587,,-35.96666666666667,"0,0,0,0","0,0,0"
27.65,30,AV,1,0,0,58,720.4688823460104,,-27.65,"0,0,0,0","0,0,0"
35.016666666666666,109,AV,1,0,0,83,1594.6992934726818,,-35.016666666666666,"0,0,0,0","0,0,0"
33.95,58,AV,2,0,0,64,926.7012599248138,,-33.95,"0,0,0,0","0,0,0"
36.11666666666667,242,AV,1,0,0,93,4669.869929992837,,-36.11666666666667,"0,0,0,0","0,0,0"
31.316666666666666,118,AV,1,0,0,72,1751.9448432672848,,-31.316666666666666,"0,0,0,0","0,0,0"
20.7,21,AV,2,0,0,3,591.6693204447811,,-20.7,"0,0,0,0","0,0,0"
32.86666666666667,54,AV,1,0,0,81,877.2934597877683,,-32.86666666666667,"0,0,0,0","0,0,0"
22.3,77,AV,2,0,0,16,1167.011530479414,,-22.3,"0,0,0,0","0,0,0"
12.0,115,AV,0,0,0,25,1697.366940102563,,-12.0,"0,0,0,0","0,0,0"
19.783333333333335,231,AV,1,0,0,33,4416.224882412617,,-19.783333333333335,"0,0,0,0","0,0,0"
27.283333333333335,204,AV,1,0,0,61,3531.3895067900216,,-27.283333333333335,"0,0,0,0","0,0,0"
27.333333333333332,236,AV,1,0,0,55,4572.8741748457805,,-27.333333333333332,"0,0,0,0","0,0,0"
39.583333333333336,284,AV,2,0,0,79,8987.822610831106,,-39.583333333333336,"0,0,0,0","0,0,0"
32.35,229,AV,2,0,0,30,4245.708624069837,,-32.35,"0,0,0,0","0,0,0"
16.05,140,AV,1,0,0,18,2222.040577514192,,-16.05,"0,0,0,0","0,0,0"
15.5,218,AV,1,0,0,9,3933.772930850901,,-15.5,"0,0,0,0","0,0,0"
29.933333333333334,91,AV,2,0,0,22,1386.7650627050614,,-29.933333333333334,"0,0,0,0","0,0,0"
18.316666666666666,1,AV,1,0,0,24,417.8295094645922,,-18.316666666666666,"0,0,0,0","0,0,0"
