travel_time,id,kind,action,origin,destination,start_time,income,urgency,reward,observation,cost_table
35.78333333333333,217,AV,1,0,0,79,3882.59008652233,,-35.78333333333333,"0,0,0,0","0,0,0"
25.6,183,AV,1,0,0,47,3158.0604616132755,,-25.6,"0,0,0,0","0,0,0"
21.816666666666666,225,AV,0,0,0,60,4113.319853961603,,-21.816666666666666,"0,0,0,0","0,0,0"
29.583333333333332,107,AV,2,0,0,33,1581.4824060924602,,-29.583333333333332,"0,0,0,0","0,0,0"
42.35,283,AV,2,0,0,68,8981.750106371177,,-42.35,"0,0,0,0","0,0,0"
42.18333333333333,73,AV,2,0,0,74,1141.0395517097602,,-42.18333333333333,"0,0,0,0","0,0,0"
30.083333333333332,221,AV,1,0,0,56,3987.5502105766736,,-30.083333333333332,"0,0,0,0","0,0,0"
24.95,299,AV,1,0,0,47,20239.22920549412,,-24.95,"0,0,0,0","0,0,0"
31.516666666666666,211,AV,2,0,0,41,3742.7752140142647,,-31.516666666666666,"0,0,0,0","0,0,0"
14.833333333333334,194,AV,1,0,0,8,3301.717979419838,,-14.833333333333334,"0,0,0,0","0,0,0"
24.833333333333332,99,AV,1,0,0,42,1490.1599361877834,,-24.833333333333332,"0,0,0,0","0,0,0"
25.033333333333335,125,AV,1,0,0,47,1848.7234685638712,,-25.033333333333335,"0,0,0,0","0,0,0"
21.65,156,AV,1,0,0,32,2497.1975937909187,,-21.65,"0,0,0,0","0,0,0"
35.916666666666664,8,AV,1,0,0,80,491.8679742725259,,-35.916666666666664,"0,0,0,0","0,0,0"
29.833333333333332,79,AV,1,0,0,58,1234.5997004771,,-29.833333333333332,"0,0,0,0","0,0,0"
21.916666666666668,278,AV,0,0,0,62,8475.089255911002,,-21.916666666666668,"0,0,0,0","0,0,0"
33.7,290,AV,2,0,0,42,11185.875164713363,,-33.7,"0,0,0,0","0,0,0"
29.35,188,AV,1,0,0,51,3236.647802754315,,-29.35,"0,0,0,0","0,0,0"
36.65,102,AV,1,0,0,86,1517.942512651984,,-36.65,"0,0,0,0","0,0,0"
30.983333333333334,248,AV,1,0,0,65,4925.450001742355,,-30.983333333333334,"0,0,0,0","0,0,0"
16.85,223,AV,1,0,0,18,4021.28082322038,,-16.85,"0,0,0,0","0,0,0"
32.43333333333333,263,AV,1,0,0,68,5960.007005011629,,-32.43333333333333,"0,0,0,0","0,0,0"
34.766666666666666,103,AV,2,0,0,48,1526.0895405694364,,-34.766666666666666,"0,0,0,0","0,0,0"
32.55,19,AV,1,0,0,74,586.8516376274475,,-32.55,"0,0,0,0","0,0,0"
41.95,277,AV,2,0,0,78,8139.327108000771,,-41.95,"0,0,0,0","0,0,0"
23.833333333333332,10,AV,1,0,0,40,522.440884226393,,-23.833333333333332,"0,0,0,0","0,0,0"
32.53333333333333,288,AV,1,0,0,72,10071.894878668398,,-32.53333333333333,"0,0,0,0","0,0,0"
40.68333333333333,184,AV,2,0,0,80,3159.4556453821087,,-40.68333333333333,"0,0,0,0","0,0,0"
27.283333333333335,158,AV,1,0,0,48,2520.757475212996,,-27.283333333333335,"0,0,0,0","0,0,0"
30.133333333333333,247,AV,2,0,0,30,4818.617258984985,,-30.133333333333333,"0,0,0,0","0,0,0"
21.433333333333334,66,AV,2,0,0,6,1005.9867386644172,,-21.433333333333334,"0,0,0,0","0,0,0"
33.95,224,AV,1,0,0,74,4104.202624979457,,-33.95,"0,0,0,0","0,0,0"
13.633333333333333,97,AV,1,0,0,5,1467.6871321740252,,-13.633333333333333,"0,0,0,0","0,0,0"
12.25,293,AV,1,0,0,5,11940.25564443948,,-12.25,"0,0,0,0","0,0,0"
39.55,13,AV,1,0,0,100,542.8991684878858,,-39.55,"0,0,0,0","0,0,0"
26.283333333333335,5,AV,2,0,0,13,457.16351791608827,,-26.283333333333335,"0,0,0,0","0,0,0"
19.416666666666668,68,AV,1,0,0,30,1040.734547163155,,-19.416666666666668,"0,0,0,0","0,0,0"
38.7,177,AV,2,0,0,49,3046.5766145774583,,-38.7,"0,0,0,0","0,0,0"
12.666666666666666,168,AV,1,0,0,2,2857.8751728516777,,-12.666666666666666,"0,0,0,0","0,0,0"
27.466666666666665,2,AV,1,0,0,50,424.9057127261393,,-27.466666666666665,"0,0,0,0","0,0,0"
29.233333333333334,40,AV,1,0,0,56,807.7368269013535,,-29.233333333333334,"0,0,0,0","0,0,0"
21.5,244,AV,1,0,0,32,4705.31956239884,,-21.5,"0,0,0,0","0,0,0"
38.416666666666664,60,AV,2,0,0,58,938.3100494872764,,-38.416666666666664,"0,0,0,0","0,0,0"
20.283333333333335,275,AV,1,0,0,28,7612.519032757181,,-20.283333333333335,"0,0,0,0","0,0,0"
26.583333333333332,271,AV,2,0,0,17,7336.658338656486,,-26.583333333333332,"0,0,0,0","0,0,0"
25.25,18,AV,1,0,0,44,572.7967315704935,,-25.25,"0,0,0,0","0,0,0"
18.3,205,AV,0,0,0,53,3534.445695738256,,-18.3,"0,0,0,0","0,0,0"
18.083333333333332,9,AV,1,0,0,14,508.6019702527906,,-18.083333333333332,"0,0,0,0","0,0,0"
19.3,37,AV,1,0,0,30,777.0630287344238,,-19.3,"0,0,0,0","0,0,0"
29.016666666666666,249,AV,2,0,0,30,4951.479839002994,,-29.016666666666666,"0,0,0,0","0,0,0"
36.96666666666667,215,AV,2,0,0,64,3783.636689084741,,-36.96666666666667,"0,0,0,0","0,0,0"
35.96666666666667,281,AV,1,0,0,83,8795.495569618428,,-35.96666666666667,"0,0,0,0","0,0,0"
23.216666666666665,75,AV,1,0,0,44,1150.2916000513435,,-23.216666666666665,"0,0,0,0","0,0,0"
24.8,291,AV,2,0,0,12,11515.391842589095,,-24.8,"0,0,0,0","0,0,0"
23.75,210,AV,2,0,0,3,3724.6301341612702,,-23.75,"0,0,0,0","0,0,0"
37.86666666666667,170,AV,1,0,0,87,2909.8477340427667,,-37.86666666666667,"0,0,0,0","0,0,0"
31.733333333333334,117,AV,2,0,0,40,1723.69240549938,,-31.733333333333334,"0,0,0,0","0,0,0"
18.6,7,AV,1,0,0,28,473.5024380788758,,-18.6,"0,0,0,0","0,0,0"
32.333333333333336,266,AV,2,0,0,40,6563.608435155774,,-32.333333333333336,"0,0,0,0","0,0,0"
25.366666666666667,171,AV,0,0,0,74,2927.9701715656583,,-25.366666666666667,"0,0,0,0","0,0,0"
26.716666666666665,25,AV,1,0,0,48,627.4062491148882,,-26.716666666666665,"0,0,0,0","0,0,0"
37.53333333333333,47,AV,1,0,0,91,857.6590975250949,,-37.53333333333333,"0,0,0,0","0,0,0"
20.35,26,AV,1,0,0,31,640.5426603936758,,-20.35,"0,0,0,0","0,0,0"
37.78333333333333,203,AV,1,0,0,86,3508.846318545673,,-37.78333333333333,"0,0,0,0","0,0,0"
22.65,282,AV,1,0,0,40,8975.220492497892,,-22.65,"0,0,0,0","0,0,0"
32.43333333333333,198,AV,1,0,0,70,3393.6426315430986,,-32.43333333333333,"0,0,0,0","0,0,0"
20.366666666666667,265,AV,1,0,0,32,6230.691172258436,,-20.366666666666667,"0,0,0,0","0,0,0"
25.35,145,AV,1,0,0,40,2326.172138461347,,-25.35,"0,0,0,0","0,0,0"
22.366666666666667,112,AV,1,0,0,37,1661.9571573900298,,-22.366666666666667,"0,0,0,0","0,0,0"
25.033333333333335,113,AV,2,0,0,27,1664.0464513081895,,-25.033333333333335,"0,0,0,0","0,0,0"
36.78333333333333,45,AV,2,0,0,63,844.3352662229099,,-36.78333333333333,"0,0,0,0","0,0,0"
50.333333333333336,132,AV,2,0,0,95,2052.607856914241,,-50.333333333333336,"0,0,0,0","0,0,0"
27.2,174,AV,0,0,0,75,2987.078671303881,,-27.2,"0,0,0,0","0,0,0"
31.633333333333333,41,AV,2,0,0,38,816.2772675203604,,-31.633333333333333,"0,0,0,0","0,0,0"
28.5,164,AV,2,0,0,21,2722.266725979925,,-28.5,"0,0,0,0","0,0,0"
46.81666666666667,219,AV,2,0,0,90,3941.04555698938,,-46.81666666666667,"0,0,0,0","0,0,0"
21.566666666666666,135,AV,1,0,0,32,2131.3254046090938,,-21.566666666666666,"0,0,0,0","0,0,0"
39.13333333333333,212,AV,2,0,0,73,3752.1132597063192,,-39.13333333333333,"0,0,0,0","0,0,0"
48.0,286,AV,2,0,0,99,9280.176126726552,,-48.0,"0,0,0,0","0,0,0"
37.233333333333334,195,AV,2,0,0,55,3366.895459871004,,-37.233333333333334,"0,0,0,0","0,0,0"
20.283333333333335,33,AV,1,0,0,29,742.6585956180782,,-20.283333333333335,"0,0,0,0","0,0,0"
42.13333333333333,154,AV,2,0,0,64,2458.2611968747465,,-42.13333333333333,"0,0,0,0","0,0,0"
18.1,131,AV,1,0,0,23,2022.4315636845977,,-18.1,"0,0,0,0","0,0,0"
36.13333333333333,65,AV,1,0,0,85,985.8695826897422,,-36.13333333333333,"0,0,0,0","0,0,0"
38.46666666666667,228,AV,2,0,0,65,4237.057085974603,,-38.46666666666667,"0,0,0,0","0,0,0"
41.55,128,AV,1,0,0,94,1927.298426803608,,-41.55,"0,0,0,0","0,0,0"
12.183333333333334,173,AV,1,0,0,3,2965.4163440895786,,-12.183333333333334,"0,0,0,0","0,0,0"
16.766666666666666,178,AV,1,0,0,17,3064.640983136323,,-16.766666666666666,"0,0,0,0","0,0,0"
38.28333333333333,147,AV,2,0,0,28,2337.3116255789537,,-38.28333333333333,"0,0,0,0","0,0,0"
29.766666666666666,31,AV,1,0,0,60,736.5379020629116,,-29.766666666666666,"0,0,0,0","0,0,0"
26.65,220,AV,1,0,0,48,3942.222625638348,,-26.65,"0,0,0,0","0,0,0"
33.21666666666667,78,AV,1,0,0,68,1174.3503864217532,,-33.21666666666667,"0,0,0,0","0,0,0"
36.21666666666667,63,AV,1,0,0,85,950.4213588862824,,-36.21666666666667,"0,0,0,0","0,0,0"
27.016666666666666,85,AV,1,0,0,50,1265.4739572733297,,-27.016666666666666,"0,0,0,0","0,0,0"
24.483333333333334,185,AV,2,0,0,14,3169.820795106812,,-24.483333333333334,"0,0,0,0","0,0,0"
27.7,23,AV,2,0,0,30,601.3137559373858,,-27.7,"0,0,0,0","0,0,0"
54.68333333333333,22,AV,2,0,0,90,597.1498506777683,,-54.68333333333333,"0,0,0,0","0,0,0"
16.15,57,AV,1,0,0,13,923.9636394510808,,-16.15,"0,0,0,0","0,0,0"
43.18333333333333,101,AV,2,0,0,76,1509.578116022191,,-43.18333333333333,"0,0,0,0","0,0,0"
42.583333333333336,160,AV,2,0,0,81,2563.744074524839,,-42.583333333333336,"0,0,0,0","0,0,0"
11.966666666666667,16,AV,1,0,0,1,566.7055292848979,,-11.966666666666667,"0,0,0,0","0,0,0"
22.783333333333335,179,AV,1,0,0,40,3097.4575811220984,,-22.783333333333335,"0,0,0,0","0,0,0"
39.083333333333336,110,AV,2,0,0,65,1596.1763216794554,,-39.083333333333336,"0,0,0,0","0,0,0"
36.65,133,AV,2,0,0,39,2105.6010448069283,,-36.65,"0,0,0,0","0,0,0"
30.333333333333332,20,AV,2,0,0,42,588.8906571209208,,-30.333333333333332,"0,0,0,0","0,0,0"
21.15,46,AV,2,0,0,13,849.0657401736111,,-21.15,"0,0,0,0","0,0,0"
37.6,86,AV,2,0,0,52,1297.4303329633815,,-37.6,"0,0,0,0","0,0,0"
33.6,17,AV,1,0,0,69,571.0932451196882,,-33.6,"0,0,0,0","0,0,0"
33.95,196,AV,1,0,0,77,3382.383844415393,,-33.95,"0,0,0,0","0,0,0"
33.63333333333333,59,AV,1,0,0,75,932.1411738504048,,-33.63333333333333,"0,0,0,0","0,0,0"
38.25,252,AV,1,0,0,92,5307.329693361759,,-38.25,"0,0,0,0","0,0,0"
27.583333333333332,214,AV,1,0,0,52,3778.090807703549,,-27.583333333333332,"0,0,0,0","0,0,0"
14.9,14,AV,1,0,0,15,546.8646928603165,,-14.9,"0,0,0,0","0,0,0"
23.716666666666665,124,AV,0,0,0,71,1832.3133019091129,,-23.716666666666665,"0,0,0,0","0,0,0"
29.1,39,AV,2,0,0,21,793.0252767736928,,-29.1,"0,0,0,0","0,0,0"
38.88333333333333,208,AV,1,0,0,99,3628.2404526711953,,-38.88333333333333,"0,0,0,0","0,0,0"
23.25,150,AV,2,0,0,11,2382.718205806423,,-23.25,"0,0,0,0","0,0,0"
29.783333333333335,207,AV,2,0,0,31,3580.4564780460023,,-29.783333333333335,"0,0,0,0","0,0,0"
42.81666666666667,62,AV,2,0,0,83,948.3478854920526,,-42.81666666666667,"0,0,0,0","0,0,0"
36.93333333333333,137,AV,1,0,0,83,2187.718469250836,,-36.93333333333333,"0,0,0,0","0,0,0"
35.733333333333334,267,AV,1,0,0,79,6778.2755320215965,,-35.733333333333334,"0,0,0,0","0,0,0"
44.983333333333334,256,AV,2,0,0,91,5502.789496653042,,-44.983333333333334,"0,0,0,0","0,0,0"
14.9,143,AV,1,0,0,13,2318.1098695731453,,-14.9,"0,0,0,0","0,0,0"
40.81666666666667,116,AV,2,0,0,65,1718.6657268339234,,-40.81666666666667,"0,0,0,0","0,0,0"
29.133333333333333,149,AV,2,0,0,28,2360.1328348572283,,-29.133333333333333,"0,0,0,0","0,0,0"
20.15,264,AV,0,0,0,59,6130.868263041086,,-20.15,"0,0,0,0","0,0,0"
36.11666666666667,268,AV,1,0,0,83,7081.334819999852,,-36.11666666666667,"0,0,0,0","0,0,0"
48.016666666666666,136,AV,2,0,0,90,2158.6935677652164,,-48.016666666666666,"0,0,0,0","0,0,0"
33.2,29,AV,1,0,0,76,682.056612603955,,-33.2,"0,0,0,0","0,0,0"
27.183333333333334,197,AV,1,0,0,49,3389.778327720714,,-27.183333333333334,"0,0,0,0","0,0,0"
39.6,172,AV,2,0,0,60,2964.6777926145683,,-39.6,"0,0,0,0","0,0,0"
15.083333333333334,239,AV,1,0,0,16,4635.813442599864,,-15.083333333333334,"0,0,0,0","0,0,0"
40.71666666666667,42,AV,2,0,0,67,818.0604611907775,,-40.71666666666667,"0,0,0,0","0,0,0"
37.68333333333333,38,AV,1,0,0,89,779.2240782816187,,-37.68333333333333,"0,0,0,0","0,0,0"
14.783333333333333,255,AV,1,0,0,6,5434.023139443809,,-14.783333333333333,"0,0,0,0","0,0,0"
37.96666666666667,134,AV,2,0,0,58,2113.1349678504243,,-37.96666666666667,"0,0,0,0","0,0,0"
20.616666666666667,32,AV,2,0,0,4,742.4887258523852,,-20.616666666666667,"0,0,0,0","0,0,0"
26.05,153,AV,1,0,0,48,2411.397471856681,,-26.05,"0,0,0,0","0,0,0"
30.233333333333334,100,AV,2,0,0,34,1503.4428459110418,,-30.233333333333334,"0,0,0,0","0,0,0"
27.316666666666666,144,AV,2,0,0,17,2318.2944376966047,,-27.316666666666666,"0,0,0,0","0,0,0"
35.7,298,AV,1,0,0,77,17322.90883950548,,-35.7,"0,0,0,0","0,0,0"
38.6,146,AV,1,0,0,98,2329.0008356791827,,-38.6,"0,0,0,0","0,0,0"
29.883333333333333,169,AV,2,0,0,21,2891.134206742707,,-29.883333333333333,"0,0,0,0","0,0,0"
22.416666666666668,27,AV,1,0,0,36,646.5589615252754,,-22.416666666666668,"0,0,0,0","0,0,0"
15.316666666666666,142,AV,0,0,0,38,2280.385817754286,,-15.316666666666666,"0,0,0,0","0,0,0"
14.916666666666666,82,AV,1,0,0,11,1260.3927948639828,,-14.916666666666666,"0,0,0,0","0,0,0"
39.93333333333333,104,AV,2,0,0,72,1541.4014724042315,,-39.93333333333333,"0,0,0,0","0,0,0"
25.366666666666667,34,AV,1,0,0,47,753.7709081553346,,-25.366666666666667,"0,0,0,0","0,0,0"
36.45,120,AV,2,0,0,47,1794.439334206041,,-36.45,"0,0,0,0","0,0,0"
27.516666666666666,55,AV,1,0,0,52,881.2906222289953,,-27.516666666666666,"0,0,0,0","0,0,0"
13.233333333333333,250,AV,0,0,0,36,4967.653125719208,,-13.233333333333333,"0,0,0,0","0,0,0"
19.516666666666666,241,AV,1,0,0,30,4662.282088415262,,-19.516666666666666,"0,0,0,0","0,0,0"
40.28333333333333,4,AV,2,0,0,49,437.8567856598078,,-40.28333333333333,"0,0,0,0","0,0,0"
38.55,159,AV,1,0,0,96,2530.9644311939346,,-38.55,"0,0,0,0","0,0,0"
30.583333333333332,213,AV,1,0,0,62,3773.692032315799,,-30.583333333333332,"0,0,0,0","0,0,0"
37.3,96,AV,2,0,0,48,1454.957177165027,,-37.3,"0,0,0,0","0,0,0"
37.95,139,AV,1,0,0,91,2198.5025098873134,,-37.95,"0,0,0,0","0,0,0"
42.68333333333333,123,AV,2,0,0,85,1824.367004680513,,-42.68333333333333,"0,0,0,0","0,0,0"
25.983333333333334,152,AV,1,0,0,47,2398.572127464108,,-25.983333333333334,"0,0,0,0","0,0,0"
28.55,227,AV,1,0,0,54,4227.85786318916,,-28.55,"0,0,0,0","0,0,0"
31.133333333333333,240,AV,1,0,0,68,4660.29795945294,,-31.133333333333333,"0,0,0,0","0,0,0"
33.4,129,AV,2,0,0,45,1945.516475481125,,-33.4,"0,0,0,0","0,0,0"
33.333333333333336,6,AV,1,0,0,74,465.3670128771111,,-33.333333333333336,"0,0,0,0","0,0,0"
13.033333333333333,35,AV,1,0,0,7,767.6170681366935,,-13.033333333333333,"0,0,0,0","0,0,0"
23.133333333333333,72,AV,2,0,0,7,1104.4445206976068,,-23.133333333333333,"0,0,0,0","0,0,0"
14.95,216,AV,1,0,0,13,3803.247088152212,,-14.95,"0,0,0,0","0,0,0"
12.583333333333334,81,AV,1,0,0,6,1244.4027248274256,,-12.583333333333334,"0,0,0,0","0,0,0"
26.066666666666666,28,AV,2,0,0,13,649.7132696839626,,-26.066666666666666,"0,0,0,0","0,0,0"
30.6,11,AV,1,0,0,58,539.5213747330826,,-30.6,"0,0,0,0","0,0,0"
17.916666666666668,285,AV,1,0,0,18,9095.945853089892,,-17.916666666666668,"0,0,0,0","0,0,0"
19.266666666666666,191,AV,1,0,0,28,3257.3450634265246,,-19.266666666666666,"0,0,0,0","0,0,0"
29.216666666666665,24,AV,1,0,0,54,615.3970356119416,,-29.216666666666665,"0,0,0,0","0,0,0"
35.43333333333333,237,AV,2,0,0,29,4577.590037133467,,-35.43333333333333,"0,0,0,0","0,0,0"
25.95,126,AV,2,0,0,10,1888.2149669861096,,-25.95,"0,0,0,0","0,0,0"
37.4,246,AV,2,0,0,67,4754.245589533712,,-37.4,"0,0,0,0","0,0,0"
44.766666666666666,279,AV,2,0,0,84,8639.921150992108,,-44.766666666666666,"0,0,0,0","0,0,0"
21.75,3,AV,1,0,0,32,437.5592869272848,,-21.75,"0,0,0,0","0,0,0"
41.03333333333333,176,AV,2,0,0,84,3032.1279287666234,,-41.03333333333333,"0,0,0,0","0,0,0"
23.066666666666666,180,AV,2,0,0,9,3101.095365071405,,-23.066666666666666,"0,0,0,0","0,0,0"
29.4,206,AV,2,0,0,26,3539.477986656502,,-29.4,"0,0,0,0","0,0,0"
26.266666666666666,92,AV,1,0,0,44,1411.5824788559885,,-26.266666666666666,"0,0,0,0","0,0,0"
38.3,259,AV,2,0,0,58,5862.871835726062,,-38.3,"0,0,0,0","0,0,0"
26.133333333333333,94,AV,1,0,0,47,1434.2863071033526,,-26.133333333333333,"0,0,0,0","0,0,0"
39.416666666666664,258,AV,1,0,0,97,5844.130995646287,,-39.416666666666664,"0,0,0,0","0,0,0"
37.95,192,AV,1,0,0,96,3257.969850357721,,-37.95,"0,0,0,0","0,0,0"
30.733333333333334,71,AV,1,0,0,64,1083.524948441525,,-30.733333333333334,"0,0,0,0","0,0,0"
41.68333333333333,235,AV,2,0,0,71,4569.840806868062,,-41.68333333333333,"0,0,0,0","0,0,0"
21.616666666666667,297,AV,1,0,0,31,14754.343640924068,,-21.616666666666667,"0,0,0,0","0,0,0"
42.483333333333334,50,AV,2,0,0,76,863.5619359671642,,-42.483333333333334,"0,0,0,0","0,0,0"
24.95,182,AV,2,0,0,5,3151.1733449572957,,-24.95,"0,0,0,0","0,0,0"
12.15,189,AV,1,0,0,1,3245.380745418587,,-12.15,"0,0,0,0","0,0,0"
31.133333333333333,84,AV,2,0,0,32,1261.43865123121,,-31.133333333333333,"0,0,0,0","0,0,0"
40.75,165,AV,2,0,0,73,2744.255474143275,,-40.75,"0,0,0,0","0,0,0"
38.05,254,AV,2,0,0,46,5354.15698790508,,-38.05,"0,0,0,0","0,0,0"
8.5,251,AV,0,0,0,15,5200.876525735832,,-8.5,"0,0,0,0","0,0,0"
22.583333333333332,201,AV,1,0,0,39,3456.1529418207683,,-22.583333333333332,"0,0,0,0","0,0,0"
26.966666666666665,51,AV,2,0,0,31,870.7377108213431,,-26.966666666666665,"0,0,0,0","0,0,0"
23.216666666666665,0,AV,1,0,0,40,388.2787303527966,,-23.216666666666665,"0,0,0,0","0,0,0"
20.3,111,AV,1,0,0,31,1628.9397076974285,,-20.3,"0,0,0,0","0,0,0"
14.883333333333333,292,AV,1,0,0,11,11662.42845360034,,-14.883333333333333,"0,0,0,0","0,0,0"
22.75,269,AV,2,0,0,8,7332.887514065835,,-22.75,"0,0,0,0","0,0,0"
26.9,53,AV,2,0,0,24,873.8892656114449,,-26.9,"0,0,0,0","0,0,0"
25.233333333333334,274,AV,1,0,0,47,7592.14370769901,,-25.233333333333334,"0,0,0,0","0,0,0"
23.516666666666666,187,AV,0,0,0,70,3206.59631480788,,-23.516666666666666,"0,0,0,0","0,0,0"
27.866666666666667,89,AV,1,0,0,53,1348.5865378412918,,-27.866666666666667,"0,0,0,0","0,0,0"
14.033333333333333,70,AV,1,0,0,11,1074.3823512953045,,-14.033333333333333,"0,0,0,0","0,0,0"
46.166666666666664,295,AV,2,0,0,93,13460.811009378149,,-46.166666666666664,"0,0,0,0","0,0,0"
30.15,202,AV,1,0,0,59,3487.44186130441,,-30.15,"0,0,0,0","0,0,0"
33.36666666666667,186,AV,2,0,0,34,3197.7177395395383,,-33.36666666666667,"0,0,0,0","0,0,0"
28.816666666666666,257,AV,0,0,0,85,5702.891177591027,,-28.816666666666666,"0,0,0,0","0,0,0"
22.4,273,AV,1,0,0,34,7572.106998522375,,-22.4,"0,0,0,0","0,0,0"
22.316666666666666,130,AV,1,0,0,35,1986.5043233563797,,-22.316666666666666,"0,0,0,0","0,0,0"
33.93333333333333,122,AV,1,0,0,79,1822.2981036688468,,-33.93333333333333,"0,0,0,0","0,0,0"
34.53333333333333,243,AV,1,0,0,73,4687.914961676448,,-34.53333333333333,"0,0,0,0","0,0,0"
24.033333333333335,114,AV,1,0,0,45,1691.6338586686718,,-24.033333333333335,"0,0,0,0","0,0,0"
11.666666666666666,108,AV,1,0,0,1,1592.2311391495805,,-11.666666666666666,"0,0,0,0","0,0,0"
6.933333333333334,260,AV,0,0,0,12,5882.279762541917,,-6.933333333333334,"0,0,0,0","0,0,0"
7.3,162,AV,0,0,0,7,2580.565825479665,,-7.3,"0,0,0,0","0,0,0"
25.25,233,AV,0,0,0,75,4459.768546990965,,-25.25,"0,0,0,0","0,0,0"
20.15,155,AV,1,0,0,31,2476.7926805910606,,-20.15,"0,0,0,0","0,0,0"
24.666666666666668,121,AV,1,0,0,46,1797.659883656486,,-24.666666666666668,"0,0,0,0","0,0,0"
9.95,93,AV,0,0,0,26,1421.705549214182,,-9.95,"0,0,0,0","0,0,0"
35.5,76,AV,1,0,0,78,1150.4391077840953,,-35.5,"0,0,0,0","0,0,0"
34.15,161,AV,1,0,0,77,2574.4307659940623,,-34.15,"0,0,0,0","0,0,0"
34.516666666666666,175,AV,1,0,0,79,3017.17067826153,,-34.516666666666666,"0,0,0,0","0,0,0"
29.783333333333335,98,AV,1,0,0,58,1475.2077210572677,,-29.783333333333335,"0,0,0,0","0,0,0"
27.116666666666667,280,AV,0,0,0,83,8689.506535985933,,-27.116666666666667,"0,0,0,0","0,0,0"
27.8,261,AV,2,0,0,10,5899.132481879994,,-27.8,"0,0,0,0","0,0,0"
50.016666666666666,166,AV,2,0,0,86,2818.3733061874163,,-50.016666666666666,"0,0,0,0","0,0,0"
17.083333333333332,67,AV,1,0,0,24,1022.032321197676,,-17.083333333333332,"0,0,0,0","0,0,0"
33.85,294,AV,2,0,0,46,12051.378145129962,,-33.85,"0,0,0,0","0,0,0"
22.583333333333332,163,AV,1,0,0,36,2675.3892374750885,,-22.583333333333332,"0,0,0,0","0,0,0"
20.066666666666666,48,AV,1,0,0,31,859.2772315809713,,-20.066666666666666,"0,0,0,0","0,0,0"
31.2,238,AV,2,0,0,34,4617.971391102537,,-31.2,"0,0,0,0","0,0,0"
40.11666666666667,49,AV,2,0,0,58,863.3540159882258,,-40.11666666666667,"0,0,0,0","0,0,0"
29.716666666666665,272,AV,1,0,0,60,7362.36439851089,,-29.716666666666665,"0,0,0,0","0,0,0"
31.05,245,AV,1,0,0,67,4707.821121085941,,-31.05,"0,0,0,0","0,0,0"
26.95,289,AV,1,0,0,49,10783.100237376317,,-26.95,"0,0,0,0","0,0,0"
26.6,95,AV,2,0,0,20,1434.4967426379471,,-26.6,"0,0,0,0","0,0,0"
37.333333333333336,61,AV,1,0,0,85,943.1907669438916,,-37.333333333333336,"0,0,0,0","0,0,0"
32.13333333333333,234,AV,1,0,0,69,4549.070920567666,,-32.13333333333333,"0,0,0,0","0,0,0"
23.4,36,AV,1,0,0,38,776.0711537761008,,-23.4,"0,0,0,0","0,0,0"
39.46666666666667,222,AV,2,0,0,62,4015.909421979459,,-39.46666666666667,"0,0,0,0","0,0,0"
30.633333333333333,88,AV,1,0,0,60,1338.7213376931895,,-30.633333333333333,"0,0,0,0","0,0,0"
37.0,200,AV,1,0,0,88,3438.9188747307694,,-37.0,"0,0,0,0","0,0,0"
32.25,232,AV,1,0,0,66,4446.537177105173,,-32.25,"0,0,0,0","0,0,0"
30.666666666666668,157,AV,2,0,0,46,2520.718778515204,,-30.666666666666668,"0,0,0,0","0,0,0"
12.4,262,AV,1,0,0,6,5913.041300376779,,-12.4,"0,0,0,0","0,0,0"
28.75,80,AV,1,0,0,49,1239.4416864014672,,-28.75,"0,0,0,0","0,0,0"
26.65,90,AV,2,0,0,30,1373.5659577718477,,-26.65,"0,0,0,0","0,0,0"
24.15,105,AV,1,0,0,44,1552.9853059451273,,-24.15,"0,0,0,0","0,0,0"
27.783333333333335,141,AV,1,0,0,53,2239.257430619588,,-27.783333333333335,"0,0,0,0","0,0,0"
23.233333333333334,44,AV,2,0,0,18,837.3801312568858,,-23.233333333333334,"0,0,0,0","0,0,0"
38.2,209,AV,1,0,0,97,3654.013033637752,,-38.2,"0,0,0,0","0,0,0"
43.56666666666667,119,AV,2,0,0,83,1782.711710770346,,-43.56666666666667,"0,0,0,0","0,0,0"
44.38333333333333,193,AV,2,0,0,93,3292.2479258152307,,-44.38333333333333,"0,0,0,0","0,0,0"
44.31666666666667,151,AV,2,0,0,67,2397.5381966938494,,-44.31666666666667,"0,0,0,0","0,0,0"
24.666666666666668,74,AV,2,0,0,15,1148.2139867956057,,-24.666666666666668,"0,0,0,0","0,0,0"
17.766666666666666,287,AV,1,0,0,19,9884.322174397852,,-17.766666666666666,"0,0,0,0","0,0,0"
11.116666666666667,106,AV,1,0,0,2,1564.4426034616197,,-11.116666666666667,"0,0,0,0","0,0,0"
13.6,69,AV,1,0,0,10,1062.4074567339185,,-13.6,"0,0,0,0","0,0,0"
16.816666666666666,270,AV,1,0,0,17,7334.728577480919,,-16.816666666666666,"0,0,0,0","0,0,0"
14.016666666666667,83,AV,1,0,0,9,1260.6549751070208,,-14.016666666666667,"0,0,0,0","0,0,0"
17.95,230,AV,1,0,0,23,4381.240268036911,,-17.95,"0,0,0,0","0,0,0"
24.716666666666665,138,AV,1,0,0,42,2193.4249838744518,,-24.716666666666665,"0,0,0,0","0,0,0"
30.833333333333332,12,AV,1,0,0,50,541.9839687696077,,-30.833333333333332,"0,0,0,0","0,0,0"
21.6,181,AV,1,0,0,32,3119.7161673652217,,-21.6,"0,0,0,0","0,0,0"
26.933333333333334,148,AV,2,0,0,10,2347.541384251396,,-26.933333333333334,"0,0,0,0","0,0,0"
46.03333333333333,52,AV,2,0,0,86,871.0408974081768,,-46.03333333333333,"0,0,0,0","0,0,0"
29.716666666666665,190,AV,1,0,0,58,3251.3322332141274,,-29.716666666666665,"0,0,0,0","0,0,0"
34.96666666666667,226,AV,1,0,0,79,4196.147454418583,,-34.96666666666667,"0,0,0,0","0,0,0"
16.916666666666668,15,AV,0,0,0,38,548.7192496267361,,-16.916666666666668,"0,0,0,0","0,0,0"
23.15,167,AV,1,0,0,43,2857.6088215719105,,-23.15,"0,0,0,0","0,0,0"
8.466666666666667,87,AV,0,0,0,17,1301.8927857652438,,-8.466666666666667,"0,0,0,0","0,0,0"
28.266666666666666,127,AV,1,0,0,54,1921.5023446668008,,-28.266666666666666,"0,0,0,0","0,0,0"
30.783333333333335,43,AV,1,0,0,67,832.3173438658397,,-30.783333333333335,"0,0,0,0","0,0,0"
22.15,199,AV,2,0,0,15,3414.9419898187493,,-22.15,"0,0,0,0","0,0,0"
12.0,276,AV,1,0,0,1,7864.29237148983,,-12.0,"0,0,0,0","0,0,0"
37.7,296,AV,1,0,0,85,14297.77376075636,,-37.7,"0,0,0,0","0,0,0"
36.083333333333336,64,AV,1,0,0,86,954.0002559944874,,-36.083333333333336,"0,0,0,0","0,0,0"
36.46666666666667,253,AV,2,0,0,63,5341.061461458292,,-36.46666666666667,"0,0,0,0","0,0,0"
38.03333333333333,56,AV,2,0,0,68,904.859336063587,,-38.03333333333333,"0,0,0,0","0,0,0"
37.833333333333336,30,AV,2,0,0,54,720.4688823460104,,-37.833333333333336,"0,0,0,0","0,0,0"
28.95,109,AV,2,0,0,16,1594.6992934726818,,-28.95,"0,0,0,0","0,0,0"
21.65,58,AV,1,0,0,34,926.7012599248138,,-21.65,"0,0,0,0","0,0,0"
18.533333333333335,242,AV,1,0,0,28,4669.869929992837,,-18.533333333333335,"0,0,0,0","0,0,0"
15.35,118,AV,0,0,0,36,1751.9448432672848,,-15.35,"0,0,0,0","0,0,0"
36.3,21,AV,2,0,0,61,591.6693204447811,,-36.3,"0,0,0,0","0,0,0"
37.583333333333336,54,AV,2,0,0,59,877.2934597877683,,-37.583333333333336,"0,0,0,0","0,0,0"
31.983333333333334,77,AV,1,0,0,67,1167.011530479414,,-31.983333333333334,"0,0,0,0","0,0,0"
32.13333333333333,115,AV,1,0,0,67,1697.366940102563,,-32.13333333333333,"0,0,0,0","0,0,0"
32.95,231,AV,1,0,0,58,4416.224882412617,,-32.95,"0,0,0,0","0,0,0"
32.916666666666664,204,AV,1,0,0,73,3531.3895067900216,,-32.916666666666664,"0,0,0,0","0,0,0"
28.55,236,AV,2,0,0,22,4572.8741748457805,,-28.55,"0,0,0,0","0,0,0"
29.8,284,AV,1,0,0,55,8987.822610831106,,-29.8,"0,0,0,0","0,0,0"
26.166666666666668,229,AV,2,0,0,11,4245.708624069837,,-26.166666666666668,"0,0,0,0","0,0,0"
20.05,140,AV,1,0,0,31,2222.040577514192,,-20.05,"0,0,0,0","0,0,0"
43.5,218,AV,2,0,0,86,3933.772930850901,,-43.5,"0,0,0,0","0,0,0"
32.516666666666666,91,AV,1,0,0,70,1386.7650627050614,,-32.516666666666666,"0,0,0,0","0,0,0"
21.633333333333333,1,AV,1,0,0,33,417.8295094645922,,-21.633333333333333,"0,0,0,0","0,0,0"
