travel_time,id,kind,action,origin,destination,start_time,income,urgency,reward,observation,cost_table
31.8,217,AV,2,0,0,45,3882.59008652233,,-31.8,"0,0,0,0","0,0,0"
34.11666666666667,183,AV,1,0,0,74,3158.0604616132755,,-34.11666666666667,"0,0,0,0","0,0,0"
31.633333333333333,225,AV,1,0,0,57,4113.319853961603,,-31.633333333333333,"0,0,0,0","0,0,0"
31.083333333333332,107,AV,2,0,0,31,1581.4824060924602,,-31.083333333333332,"0,0,0,0","0,0,0"
40.45,283,AV,2,0,0,84,8981.750106371177,,-40.45,"0,0,0,0","0,0,0"
39.61666666666667,73,AV,1,0,0,90,1141.0395517097602,,-39.61666666666667,"0,0,0,0","0,0,0"
18.433333333333334,221,AV,1,0,0,21,3987.5502105766736,,-18.433333333333334,"0,0,0,0","0,0,0"
18.666666666666668,299,AV,0,0,0,51,20239.22920549412,,-18.666666666666668,"0,0,0,0","0,0,0"
26.816666666666666,211,AV,0,0,0,88,3742.7752140142647,,-26.816666666666666,"0,0,0,0","0,0,0"
30.366666666666667,194,AV,2,0,0,44,3301.717979419838,,-30.366666666666667,"0,0,0,0","0,0,0"
13.05,99,AV,1,0,0,2,1490.1599361877834,,-13.05,"0,0,0,0","0,0,0"
15.883333333333333,125,AV,1,0,0,15,1848.7234685638712,,-15.883333333333333,"0,0,0,0","0,0,0"
37.38333333333333,156,AV,2,0,0,53,2497.1975937909187,,-37.38333333333333,"0,0,0,0","0,0,0"
16.383333333333333,8,AV,1,0,0,6,491.8679742725259,,-16.383333333333333,"0,0,0,0","0,0,0"
26.416666666666668,79,AV,1,0,0,43,1234.5997004771,,-26.416666666666668,"0,0,0,0","0,0,0"
29.733333333333334,278,AV,2,0,0,23,8475.089255911002,,-29.733333333333334,"0,0,0,0","0,0,0"
24.616666666666667,290,AV,1,0,0,40,11185.875164713363,,-24.616666666666667,"0,0,0,0","0,0,0"
41.9,188,AV,2,0,0,83,3236.647802754315,,-41.9,"0,0,0,0","0,0,0"
20.65,102,AV,2,0,0,3,1517.942512651984,,-20.65,"0,0,0,0","0,0,0"
32.86666666666667,248,AV,1,0,0,71,4925.450001742355,,-32.86666666666667,"0,0,0,0","0,0,0"
31.483333333333334,223,AV,1,0,0,62,4021.28082322038,,-31.483333333333334,"0,0,0,0","0,0,0"
27.8,263,AV,1,0,0,46,5960.007005011629,,-27.8,"0,0,0,0","0,0,0"
27.05,103,AV,1,0,0,45,1526.0895405694364,,-27.05,"0,0,0,0","0,0,0"
37.666666666666664,19,AV,1,0,0,90,586.8516376274475,,-37.666666666666664,"0,0,0,0","0,0,0"
20.266666666666666,277,AV,1,0,0,26,8139.327108000771,,-20.266666666666666,"0,0,0,0","0,0,0"
32.36666666666667,10,AV,1,0,0,67,522.440884226393,,-32.36666666666667,"0,0,0,0","0,0,0"
44.68333333333333,288,AV,2,0,0,76,10071.894878668398,,-44.68333333333333,"0,0,0,0","0,0,0"
27.25,184,AV,1,0,0,45,3159.4556453821087,,-27.25,"0,0,0,0","0,0,0"
35.2,158,AV,1,0,0,80,2520.757475212996,,-35.2,"0,0,0,0","0,0,0"
28.766666666666666,247,AV,2,0,0,27,4818.617258984985,,-28.766666666666666,"0,0,0,0","0,0,0"
12.233333333333333,66,AV,1,0,0,5,1005.9867386644172,,-12.233333333333333,"0,0,0,0","0,0,0"
34.55,224,AV,1,0,0,74,4104.202624979457,,-34.55,"0,0,0,0","0,0,0"
29.9,97,AV,2,0,0,20,1467.6871321740252,,-29.9,"0,0,0,0","0,0,0"
35.53333333333333,293,AV,1,0,0,78,11940.25564443948,,-35.53333333333333,"0,0,0,0","0,0,0"
43.68333333333333,13,AV,2,0,0,93,542.8991684878858,,-43.68333333333333,"0,0,0,0","0,0,0"
39.25,5,AV,1,0,0,92,457.16351791608827,,-39.25,"0,0,0,0","0,0,0"
20.95,68,AV,1,0,0,29,1040.734547163155,,-20.95,"0,0,0,0","0,0,0"
33.71666666666667,177,AV,1,0,0,67,3046.5766145774583,,-33.71666666666667,"0,0,0,0","0,0,0"
20.866666666666667,168,AV,1,0,0,30,2857.8751728516777,,-20.866666666666667,"0,0,0,0","0,0,0"
27.75,2,AV,2,0,0,7,424.9057127261393,,-27.75,"0,0,0,0","0,0,0"
30.3,40,AV,1,0,0,58,807.7368269013535,,-30.3,"0,0,0,0","0,0,0"
25.016666666666666,244,AV,1,0,0,42,4705.31956239884,,-25.016666666666666,"0,0,0,0","0,0,0"
18.466666666666665,60,AV,1,0,0,22,938.3100494872764,,-18.466666666666665,"0,0,0,0","0,0,0"
38.31666666666667,275,AV,1,0,0,90,7612.519032757181,,-38.31666666666667,"0,0,0,0","0,0,0"
26.2,271,AV,2,0,0,26,7336.658338656486,,-26.2,"0,0,0,0","0,0,0"
11.933333333333334,18,AV,0,0,0,27,572.7967315704935,,-11.933333333333334,"0,0,0,0","0,0,0"
34.71666666666667,205,AV,1,0,0,77,3534.445695738256,,-34.71666666666667,"0,0,0,0","0,0,0"
34.083333333333336,9,AV,1,0,0,74,508.6019702527906,,-34.083333333333336,"0,0,0,0","0,0,0"
22.966666666666665,37,AV,1,0,0,23,777.0630287344238,,-22.966666666666665,"0,0,0,0","0,0,0"
13.8,249,AV,0,0,0,31,4951.479839002994,,-13.8,"0,0,0,0","0,0,0"
20.283333333333335,215,AV,1,0,0,25,3783.636689084741,,-20.283333333333335,"0,0,0,0","0,0,0"
39.016666666666666,281,AV,2,0,0,54,8795.495569618428,,-39.016666666666666,"0,0,0,0","0,0,0"
14.666666666666666,75,AV,1,0,0,5,1150.2916000513435,,-14.666666666666666,"0,0,0,0","0,0,0"
26.833333333333332,291,AV,2,0,0,9,11515.391842589095,,-26.833333333333332,"0,0,0,0","0,0,0"
33.1,210,AV,1,0,0,67,3724.6301341612702,,-33.1,"0,0,0,0","0,0,0"
30.483333333333334,170,AV,1,0,0,56,2909.8477340427667,,-30.483333333333334,"0,0,0,0","0,0,0"
46.03333333333333,117,AV,2,0,0,97,1723.69240549938,,-46.03333333333333,"0,0,0,0","0,0,0"
35.333333333333336,7,AV,1,0,0,74,473.5024380788758,,-35.333333333333336,"0,0,0,0","0,0,0"
20.633333333333333,266,AV,1,0,0,28,6563.608435155774,,-20.633333333333333,"0,0,0,0","0,0,0"
28.916666666666668,171,AV,1,0,0,52,2927.9701715656583,,-28.916666666666668,"0,0,0,0","0,0,0"
6.75,25,AV,0,0,0,9,627.4062491148882,,-6.75,"0,0,0,0","0,0,0"
20.833333333333332,47,AV,1,0,0,28,857.6590975250949,,-20.833333333333332,"0,0,0,0","0,0,0"
36.36666666666667,26,AV,2,0,0,45,640.5426603936758,,-36.36666666666667,"0,0,0,0","0,0,0"
23.666666666666668,203,AV,2,0,0,16,3508.846318545673,,-23.666666666666668,"0,0,0,0","0,0,0"
38.833333333333336,282,AV,2,0,0,67,8975.220492497892,,-38.833333333333336,"0,0,0,0","0,0,0"
28.066666666666666,198,AV,2,0,0,18,3393.6426315430986,,-28.066666666666666,"0,0,0,0","0,0,0"
25.0,265,AV,1,0,0,39,6230.691172258436,,-25.0,"0,0,0,0","0,0,0"
15.733333333333333,145,AV,1,0,0,9,2326.172138461347,,-15.733333333333333,"0,0,0,0","0,0,0"
39.95,112,AV,1,0,0,93,1661.9571573900298,,-39.95,"0,0,0,0","0,0,0"
18.15,113,AV,1,0,0,20,1664.0464513081895,,-18.15,"0,0,0,0","0,0,0"
28.366666666666667,45,AV,1,0,0,48,844.3352662229099,,-28.366666666666667,"0,0,0,0","0,0,0"
26.233333333333334,132,AV,1,0,0,41,2052.607856914241,,-26.233333333333334,"0,0,0,0","0,0,0"
11.833333333333334,174,AV,1,0,0,4,2987.078671303881,,-11.833333333333334,"0,0,0,0","0,0,0"
35.68333333333333,41,AV,2,0,0,51,816.2772675203604,,-35.68333333333333,"0,0,0,0","0,0,0"
34.2,164,AV,2,0,0,62,2722.266725979925,,-34.2,"0,0,0,0","0,0,0"
27.166666666666668,219,AV,1,0,0,45,3941.04555698938,,-27.166666666666668,"0,0,0,0","0,0,0"
45.18333333333333,135,AV,2,0,0,94,2131.3254046090938,,-45.18333333333333,"0,0,0,0","0,0,0"
29.416666666666668,212,AV,2,0,0,36,3752.1132597063192,,-29.416666666666668,"0,0,0,0","0,0,0"
38.7,286,AV,2,0,0,67,9280.176126726552,,-38.7,"0,0,0,0","0,0,0"
15.583333333333334,195,AV,1,0,0,8,3366.895459871004,,-15.583333333333334,"0,0,0,0","0,0,0"
38.766666666666666,33,AV,1,0,0,87,742.6585956180782,,-38.766666666666666,"0,0,0,0","0,0,0"
10.25,154,AV,0,0,0,15,2458.2611968747465,,-10.25,"0,0,0,0","0,0,0"
34.65,131,AV,2,0,0,46,2022.4315636845977,,-34.65,"0,0,0,0","0,0,0"
11.833333333333334,65,AV,1,0,0,1,985.8695826897422,,-11.833333333333334,"0,0,0,0","0,0,0"
41.13333333333333,228,AV,1,0,0,98,4237.057085974603,,-41.13333333333333,"0,0,0,0","0,0,0"
41.85,128,AV,1,0,0,100,1927.298426803608,,-41.85,"0,0,0,0","0,0,0"
46.983333333333334,173,AV,2,0,0,97,2965.4163440895786,,-46.983333333333334,"0,0,0,0","0,0,0"
18.916666666666668,178,AV,0,0,0,48,3064.640983136323,,-18.916666666666668,"0,0,0,0","0,0,0"
24.783333333333335,147,AV,2,0,0,10,2337.3116255789537,,-24.783333333333335,"0,0,0,0","0,0,0"
22.233333333333334,31,AV,1,0,0,31,736.5379020629116,,-22.233333333333334,"0,0,0,0","0,0,0"
19.25,220,AV,1,0,0,28,3942.222625638348,,-19.25,"0,0,0,0","0,0,0"
44.88333333333333,78,AV,2,0,0,90,1174.3503864217532,,-44.88333333333333,"0,0,0,0","0,0,0"
15.95,63,AV,1,0,0,11,950.4213588862824,,-15.95,"0,0,0,0","0,0,0"
29.4,85,AV,2,0,0,23,1265.4739572733297,,-29.4,"0,0,0,0","0,0,0"
36.85,185,AV,1,0,0,80,3169.820795106812,,-36.85,"0,0,0,0","0,0,0"
41.06666666666667,23,AV,1,0,0,92,601.3137559373858,,-41.06666666666667,"0,0,0,0","0,0,0"
40.833333333333336,22,AV,2,0,0,75,597.1498506777683,,-40.833333333333336,"0,0,0,0","0,0,0"
30.45,57,AV,2,0,0,42,923.9636394510808,,-30.45,"0,0,0,0","0,0,0"
21.966666666666665,101,AV,0,0,0,66,1509.578116022191,,-21.966666666666665,"0,0,0,0","0,0,0"
34.4,160,AV,2,0,0,46,2563.744074524839,,-34.4,"0,0,0,0","0,0,0"
19.783333333333335,16,AV,1,0,0,27,566.7055292848979,,-19.783333333333335,"0,0,0,0","0,0,0"
24.25,179,AV,1,0,0,40,3097.4575811220984,,-24.25,"0,0,0,0","0,0,0"
16.366666666666667,110,AV,1,0,0,15,1596.1763216794554,,-16.366666666666667,"0,0,0,0","0,0,0"
35.68333333333333,133,AV,1,0,0,82,2105.6010448069283,,-35.68333333333333,"0,0,0,0","0,0,0"
37.88333333333333,20,AV,1,0,0,89,588.8906571209208,,-37.88333333333333,"0,0,0,0","0,0,0"
26.783333333333335,46,AV,0,0,0,84,849.0657401736111,,-26.783333333333335,"0,0,0,0","0,0,0"
40.45,86,AV,1,0,0,99,1297.4303329633815,,-40.45,"0,0,0,0","0,0,0"
21.6,17,AV,2,0,0,10,571.0932451196882,,-21.6,"0,0,0,0","0,0,0"
40.25,196,AV,1,0,0,95,3382.383844415393,,-40.25,"0,0,0,0","0,0,0"
14.866666666666667,59,AV,1,0,0,11,932.1411738504048,,-14.866666666666667,"0,0,0,0","0,0,0"
13.766666666666667,252,AV,1,0,0,4,5307.329693361759,,-13.766666666666667,"0,0,0,0","0,0,0"
23.566666666666666,214,AV,1,0,0,32,3778.090807703549,,-23.566666666666666,"0,0,0,0","0,0,0"
37.233333333333334,14,AV,1,0,0,83,546.8646928603165,,-37.233333333333334,"0,0,0,0","0,0,0"
17.1,124,AV,1,0,0,17,1832.3133019091129,,-17.1,"0,0,0,0","0,0,0"
40.31666666666667,39,AV,2,0,0,80,793.0252767736928,,-40.31666666666667,"0,0,0,0","0,0,0"
22.45,208,AV,1,0,0,31,3628.2404526711953,,-22.45,"0,0,0,0","0,0,0"
38.53333333333333,150,AV,2,0,0,59,2382.718205806423,,-38.53333333333333,"0,0,0,0","0,0,0"
26.466666666666665,207,AV,1,0,0,43,3580.4564780460023,,-26.466666666666665,"0,0,0,0","0,0,0"
46.266666666666666,62,AV,2,0,0,97,948.3478854920526,,-46.266666666666666,"0,0,0,0","0,0,0"
22.133333333333333,137,AV,1,0,0,30,2187.718469250836,,-22.133333333333333,"0,0,0,0","0,0,0"
30.016666666666666,267,AV,1,0,0,47,6778.2755320215965,,-30.016666666666666,"0,0,0,0","0,0,0"
25.116666666666667,256,AV,0,0,0,79,5502.789496653042,,-25.116666666666667,"0,0,0,0","0,0,0"
22.083333333333332,143,AV,2,0,0,6,2318.1098695731453,,-22.083333333333332,"0,0,0,0","0,0,0"
26.266666666666666,116,AV,1,0,0,42,1718.6657268339234,,-26.266666666666666,"0,0,0,0","0,0,0"
32.15,149,AV,2,0,0,39,2360.1328348572283,,-32.15,"0,0,0,0","0,0,0"
37.28333333333333,264,AV,2,0,0,50,6130.868263041086,,-37.28333333333333,"0,0,0,0","0,0,0"
19.283333333333335,268,AV,1,0,0,23,7081.334819999852,,-19.283333333333335,"0,0,0,0","0,0,0"
28.416666666666668,136,AV,1,0,0,50,2158.6935677652164,,-28.416666666666668,"0,0,0,0","0,0,0"
24.6,29,AV,2,0,0,15,682.056612603955,,-24.6,"0,0,0,0","0,0,0"
28.983333333333334,197,AV,1,0,0,50,3389.778327720714,,-28.983333333333334,"0,0,0,0","0,0,0"
23.6,172,AV,1,0,0,39,2964.6777926145683,,-23.6,"0,0,0,0","0,0,0"
43.8,239,AV,2,0,0,93,4635.813442599864,,-43.8,"0,0,0,0","0,0,0"
22.416666666666668,42,AV,1,0,0,29,818.0604611907775,,-22.416666666666668,"0,0,0,0","0,0,0"
18.616666666666667,38,AV,1,0,0,21,779.2240782816187,,-18.616666666666667,"0,0,0,0","0,0,0"
29.1,255,AV,2,0,0,33,5434.023139443809,,-29.1,"0,0,0,0","0,0,0"
29.6,134,AV,2,0,0,32,2113.1349678504243,,-29.6,"0,0,0,0","0,0,0"
21.383333333333333,32,AV,2,0,0,1,742.4887258523852,,-21.383333333333333,"0,0,0,0","0,0,0"
40.18333333333333,153,AV,1,0,0,96,2411.397471856681,,-40.18333333333333,"0,0,0,0","0,0,0"
37.15,100,AV,1,0,0,83,1503.4428459110418,,-37.15,"0,0,0,0","0,0,0"
14.95,144,AV,1,0,0,7,2318.2944376966047,,-14.95,"0,0,0,0","0,0,0"
38.28333333333333,298,AV,2,0,0,60,17322.90883950548,,-38.28333333333333,"0,0,0,0","0,0,0"
33.2,146,AV,1,0,0,69,2329.0008356791827,,-33.2,"0,0,0,0","0,0,0"
11.633333333333333,169,AV,1,0,0,0,2891.134206742707,,-11.633333333333333,"0,0,0,0","0,0,0"
8.716666666666667,27,AV,0,0,0,12,646.5589615252754,,-8.716666666666667,"0,0,0,0","0,0,0"
26.35,142,AV,1,0,0,41,2280.385817754286,,-26.35,"0,0,0,0","0,0,0"
43.483333333333334,82,AV,2,0,0,88,1260.3927948639828,,-43.483333333333334,"0,0,0,0","0,0,0"
46.6,104,AV,2,0,0,59,1541.4014724042315,,-46.6,"0,0,0,0","0,0,0"
25.75,34,AV,1,0,0,38,753.7709081553346,,-25.75,"0,0,0,0","0,0,0"
16.233333333333334,120,AV,1,0,0,16,1794.439334206041,,-16.233333333333334,"0,0,0,0","0,0,0"
20.916666666666668,55,AV,0,0,0,49,881.2906222289953,,-20.916666666666668,"0,0,0,0","0,0,0"
35.833333333333336,250,AV,2,0,0,49,4967.653125719208,,-35.833333333333336,"0,0,0,0","0,0,0"
34.516666666666666,241,AV,1,0,0,74,4662.282088415262,,-34.516666666666666,"0,0,0,0","0,0,0"
23.333333333333332,4,AV,1,0,0,37,437.8567856598078,,-23.333333333333332,"0,0,0,0","0,0,0"
30.083333333333332,159,AV,1,0,0,59,2530.9644311939346,,-30.083333333333332,"0,0,0,0","0,0,0"
24.183333333333334,213,AV,1,0,0,36,3773.692032315799,,-24.183333333333334,"0,0,0,0","0,0,0"
26.7,96,AV,1,0,0,45,1454.957177165027,,-26.7,"0,0,0,0","0,0,0"
37.983333333333334,139,AV,2,0,0,44,2198.5025098873134,,-37.983333333333334,"0,0,0,0","0,0,0"
22.183333333333334,123,AV,2,0,0,15,1824.367004680513,,-22.183333333333334,"0,0,0,0","0,0,0"
35.9,152,AV,1,0,0,81,2398.572127464108,,-35.9,"0,0,0,0","0,0,0"
13.883333333333333,227,AV,1,0,0,7,4227.85786318916,,-13.883333333333333,"0,0,0,0","0,0,0"
36.28333333333333,240,AV,2,0,0,63,4660.29795945294,,-36.28333333333333,"0,0,0,0","0,0,0"
26.6,129,AV,1,0,0,42,1945.516475481125,,-26.6,"0,0,0,0","0,0,0"
37.583333333333336,6,AV,1,0,0,84,465.3670128771111,,-37.583333333333336,"0,0,0,0","0,0,0"
33.733333333333334,35,AV,1,0,0,71,767.6170681366935,,-33.733333333333334,"0,0,0,0","0,0,0"
26.85,72,AV,1,0,0,44,1104.4445206976068,,-26.85,"0,0,0,0","0,0,0"
34.71666666666667,216,AV,1,0,0,75,3803.247088152212,,-34.71666666666667,"0,0,0,0","0,0,0"
29.466666666666665,81,AV,1,0,0,52,1244.4027248274256,,-29.466666666666665,"0,0,0,0","0,0,0"
18.483333333333334,28,AV,1,0,0,23,649.7132696839626,,-18.483333333333334,"0,0,0,0","0,0,0"
34.916666666666664,11,AV,1,0,0,70,539.5213747330826,,-34.916666666666664,"0,0,0,0","0,0,0"
54.86666666666667,285,AV,2,0,0,95,9095.945853089892,,-54.86666666666667,"0,0,0,0","0,0,0"
39.583333333333336,191,AV,2,0,0,77,3257.3450634265246,,-39.583333333333336,"0,0,0,0","0,0,0"
38.13333333333333,24,AV,2,0,0,72,615.3970356119416,,-38.13333333333333,"0,0,0,0","0,0,0"
40.28333333333333,237,AV,2,0,0,56,4577.590037133467,,-40.28333333333333,"0,0,0,0","0,0,0"
16.366666666666667,126,AV,1,0,0,12,1888.2149669861096,,-16.366666666666667,"0,0,0,0","0,0,0"
35.9,246,AV,1,0,0,77,4754.245589533712,,-35.9,"0,0,0,0","0,0,0"
39.81666666666667,279,AV,1,0,0,92,8639.921150992108,,-39.81666666666667,"0,0,0,0","0,0,0"
18.55,3,AV,1,0,0,22,437.5592869272848,,-18.55,"0,0,0,0","0,0,0"
28.766666666666666,176,AV,2,0,0,21,3032.1279287666234,,-28.766666666666666,"0,0,0,0","0,0,0"
30.666666666666668,180,AV,1,0,0,60,3101.095365071405,,-30.666666666666668,"0,0,0,0","0,0,0"
15.916666666666666,206,AV,1,0,0,10,3539.477986656502,,-15.916666666666666,"0,0,0,0","0,0,0"
40.63333333333333,92,AV,1,0,0,97,1411.5824788559885,,-40.63333333333333,"0,0,0,0","0,0,0"
23.6,259,AV,1,0,0,36,5862.871835726062,,-23.6,"0,0,0,0","0,0,0"
30.066666666666666,94,AV,1,0,0,63,1434.2863071033526,,-30.066666666666666,"0,0,0,0","0,0,0"
32.21666666666667,258,AV,1,0,0,63,5844.130995646287,,-32.21666666666667,"0,0,0,0","0,0,0"
33.68333333333333,192,AV,1,0,0,70,3257.969850357721,,-33.68333333333333,"0,0,0,0","0,0,0"
27.966666666666665,71,AV,1,0,0,46,1083.524948441525,,-27.966666666666665,"0,0,0,0","0,0,0"
38.15,235,AV,1,0,0,90,4569.840806868062,,-38.15,"0,0,0,0","0,0,0"
14.85,297,AV,1,0,0,10,14754.343640924068,,-14.85,"0,0,0,0","0,0,0"
20.516666666666666,50,AV,1,0,0,28,863.5619359671642,,-20.516666666666666,"0,0,0,0","0,0,0"
22.133333333333333,182,AV,1,0,0,34,3151.1733449572957,,-22.133333333333333,"0,0,0,0","0,0,0"
22.45,189,AV,1,0,0,33,3245.380745418587,,-22.45,"0,0,0,0","0,0,0"
12.116666666666667,84,AV,1,0,0,3,1261.43865123121,,-12.116666666666667,"0,0,0,0","0,0,0"
30.383333333333333,165,AV,2,0,0,35,2744.255474143275,,-30.383333333333333,"0,0,0,0","0,0,0"
12.466666666666667,254,AV,1,0,0,5,5354.15698790508,,-12.466666666666667,"0,0,0,0","0,0,0"
28.233333333333334,251,AV,2,0,0,26,5200.876525735832,,-28.233333333333334,"0,0,0,0","0,0,0"
24.966666666666665,201,AV,1,0,0,40,3456.1529418207683,,-24.966666666666665,"0,0,0,0","0,0,0"
11.8,51,AV,1,0,0,0,870.7377108213431,,-11.8,"0,0,0,0","0,0,0"
21.0,0,AV,1,0,0,28,388.2787303527966,,-21.0,"0,0,0,0","0,0,0"
41.1,111,AV,1,0,0,100,1628.9397076974285,,-41.1,"0,0,0,0","0,0,0"
14.366666666666667,292,AV,1,0,0,7,11662.42845360034,,-14.366666666666667,"0,0,0,0","0,0,0"
31.1,269,AV,2,0,0,42,7332.887514065835,,-31.1,"0,0,0,0","0,0,0"
30.1,53,AV,1,0,0,53,873.8892656114449,,-30.1,"0,0,0,0","0,0,0"
31.183333333333334,274,AV,1,0,0,64,7592.14370769901,,-31.183333333333334,"0,0,0,0","0,0,0"
21.216666666666665,187,AV,2,0,0,4,3206.59631480788,,-21.216666666666665,"0,0,0,0","0,0,0"
43.35,89,AV,2,0,0,91,1348.5865378412918,,-43.35,"0,0,0,0","0,0,0"
40.21666666666667,70,AV,1,0,0,95,1074.3823512953045,,-40.21666666666667,"0,0,0,0","0,0,0"
39.78333333333333,295,AV,1,0,0,92,13460.811009378149,,-39.78333333333333,"0,0,0,0","0,0,0"
16.9,202,AV,1,0,0,12,3487.44186130441,,-16.9,"0,0,0,0","0,0,0"
40.9,186,AV,2,0,0,73,3197.7177395395383,,-40.9,"0,0,0,0","0,0,0"
29.3,257,AV,2,0,0,17,5702.891177591027,,-29.3,"0,0,0,0","0,0,0"
31.6,273,AV,1,0,0,65,7572.106998522375,,-31.6,"0,0,0,0","0,0,0"
11.966666666666667,130,AV,0,0,0,18,1986.5043233563797,,-11.966666666666667,"0,0,0,0","0,0,0"
30.383333333333333,122,AV,1,0,0,50,1822.2981036688468,,-30.383333333333333,"0,0,0,0","0,0,0"
16.433333333333334,243,AV,1,0,0,18,4687.914961676448,,-16.433333333333334,"0,0,0,0","0,0,0"
38.083333333333336,114,AV,2,0,0,55,1691.6338586686718,,-38.083333333333336,"0,0,0,0","0,0,0"
34.55,108,AV,1,0,0,73,1592.2311391495805,,-34.55,"0,0,0,0","0,0,0"
25.0,260,AV,1,0,0,40,5882.279762541917,,-25.0,"0,0,0,0","0,0,0"
22.866666666666667,162,AV,1,0,0,32,2580.565825479665,,-22.866666666666667,"0,0,0,0","0,0,0"
13.4,233,AV,1,0,0,6,4459.768546990965,,-13.4,"0,0,0,0","0,0,0"
43.4,155,AV,1,0,0,97,2476.7926805910606,,-43.4,"0,0,0,0","0,0,0"
39.25,121,AV,2,0,0,73,1797.659883656486,,-39.25,"0,0,0,0","0,0,0"
8.616666666666667,93,AV,0,0,0,11,1421.705549214182,,-8.616666666666667,"0,0,0,0","0,0,0"
39.56666666666667,76,AV,2,0,0,61,1150.4391077840953,,-39.56666666666667,"0,0,0,0","0,0,0"
23.083333333333332,161,AV,1,0,0,33,2574.4307659940623,,-23.083333333333332,"0,0,0,0","0,0,0"
31.65,175,AV,1,0,0,65,3017.17067826153,,-31.65,"0,0,0,0","0,0,0"
38.11666666666667,98,AV,1,0,0,85,1475.2077210572677,,-38.11666666666667,"0,0,0,0","0,0,0"
43.96666666666667,280,AV,2,0,0,96,8689.506535985933,,-43.96666666666667,"0,0,0,0","0,0,0"
26.383333333333333,261,AV,2,0,0,17,5899.132481879994,,-26.383333333333333,"0,0,0,0","0,0,0"
36.083333333333336,166,AV,1,0,0,82,2818.3733061874163,,-36.083333333333336,"0,0,0,0","0,0,0"
28.733333333333334,67,AV,2,0,0,29,1022.032321197676,,-28.733333333333334,"0,0,0,0","0,0,0"
43.88333333333333,294,AV,2,0,0,94,12051.378145129962,,-43.88333333333333,"0,0,0,0","0,0,0"
35.13333333333333,163,AV,2,0,0,50,2675.3892374750885,,-35.13333333333333,"0,0,0,0","0,0,0"
23.216666666666665,48,AV,1,0,0,34,859.2772315809713,,-23.216666666666665,"0,0,0,0","0,0,0"
39.266666666666666,238,AV,2,0,0,53,4617.971391102537,,-39.266666666666666,"0,0,0,0","0,0,0"
35.46666666666667,49,AV,2,0,0,46,863.3540159882258,,-35.46666666666667,"0,0,0,0","0,0,0"
18.45,272,AV,1,0,0,20,7362.36439851089,,-18.45,"0,0,0,0","0,0,0"
30.85,245,AV,2,0,0,25,4707.821121085941,,-30.85,"0,0,0,0","0,0,0"
37.61666666666667,289,AV,1,0,0,84,10783.100237376317,,-37.61666666666667,"0,0,0,0","0,0,0"
34.78333333333333,95,AV,1,0,0,72,1434.4967426379471,,-34.78333333333333,"0,0,0,0","0,0,0"
30.416666666666668,61,AV,1,0,0,58,943.1907669438916,,-30.416666666666668,"0,0,0,0","0,0,0"
29.933333333333334,234,AV,1,0,0,48,4549.070920567666,,-29.933333333333334,"0,0,0,0","0,0,0"
30.15,36,AV,0,0,0,100,776.0711537761008,,-30.15,"0,0,0,0","0,0,0"
24.233333333333334,222,AV,1,0,0,37,4015.909421979459,,-24.233333333333334,"0,0,0,0","0,0,0"
12.183333333333334,88,AV,1,0,0,2,1338.7213376931895,,-12.183333333333334,"0,0,0,0","0,0,0"
23.433333333333334,200,AV,0,0,0,70,3438.9188747307694,,-23.433333333333334,"0,0,0,0","0,0,0"
21.916666666666668,232,AV,0,0,0,65,4446.537177105173,,-21.916666666666668,"0,0,0,0","0,0,0"
31.516666666666666,157,AV,1,0,0,63,2520.718778515204,,-31.516666666666666,"0,0,0,0","0,0,0"
13.533333333333333,262,AV,1,0,0,8,5913.041300376779,,-13.533333333333333,"0,0,0,0","0,0,0"
37.5,80,AV,1,0,0,84,1239.4416864014672,,-37.5,"0,0,0,0","0,0,0"
31.933333333333334,90,AV,1,0,0,68,1373.5659577718477,,-31.933333333333334,"0,0,0,0","0,0,0"
36.1,105,AV,1,0,0,83,1552.9853059451273,,-36.1,"0,0,0,0","0,0,0"
23.85,141,AV,1,0,0,38,2239.257430619588,,-23.85,"0,0,0,0","0,0,0"
17.666666666666668,44,AV,1,0,0,19,837.3801312568858,,-17.666666666666668,"0,0,0,0","0,0,0"
25.066666666666666,209,AV,2,0,0,23,3654.013033637752,,-25.066666666666666,"0,0,0,0","0,0,0"
15.8,119,AV,1,0,0,11,1782.711710770346,,-15.8,"0,0,0,0","0,0,0"
31.916666666666668,193,AV,2,0,0,35,3292.2479258152307,,-31.916666666666668,"0,0,0,0","0,0,0"
13.533333333333333,151,AV,1,0,0,7,2397.5381966938494,,-13.533333333333333,"0,0,0,0","0,0,0"
39.7,74,AV,1,0,0,91,1148.2139867956057,,-39.7,"0,0,0,0","0,0,0"
19.283333333333335,287,AV,2,0,0,2,9884.322174397852,,-19.283333333333335,"0,0,0,0","0,0,0"
35.11666666666667,106,AV,2,0,0,51,1564.4426034616197,,-35.11666666666667,"0,0,0,0","0,0,0"
33.4,69,AV,1,0,0,65,1062.4074567339185,,-33.4,"0,0,0,0","0,0,0"
17.1,270,AV,1,0,0,17,7334.728577480919,,-17.1,"0,0,0,0","0,0,0"
14.116666666666667,83,AV,0,0,0,26,1260.6549751070208,,-14.116666666666667,"0,0,0,0","0,0,0"
18.35,230,AV,1,0,0,12,4381.240268036911,,-18.35,"0,0,0,0","0,0,0"
29.066666666666666,138,AV,2,0,0,24,2193.4249838744518,,-29.066666666666666,"0,0,0,0","0,0,0"
38.083333333333336,12,AV,2,0,0,78,541.9839687696077,,-38.083333333333336,"0,0,0,0","0,0,0"
38.36666666666667,181,AV,1,0,0,90,3119.7161673652217,,-38.36666666666667,"0,0,0,0","0,0,0"
30.116666666666667,148,AV,1,0,0,54,2347.541384251396,,-30.116666666666667,"0,0,0,0","0,0,0"
44.65,52,AV,2,0,0,97,871.0408974081768,,-44.65,"0,0,0,0","0,0,0"
17.65,190,AV,1,0,0,17,3251.3322332141274,,-17.65,"0,0,0,0","0,0,0"
37.56666666666667,226,AV,1,0,0,82,4196.147454418583,,-37.56666666666667,"0,0,0,0","0,0,0"
36.36666666666667,15,AV,1,0,0,81,548.7192496267361,,-36.36666666666667,"0,0,0,0","0,0,0"
30.866666666666667,167,AV,1,0,0,60,2857.6088215719105,,-30.866666666666667,"0,0,0,0","0,0,0"
27.383333333333333,87,AV,1,0,0,46,1301.8927857652438,,-27.383333333333333,"0,0,0,0","0,0,0"
28.066666666666666,127,AV,1,0,0,49,1921.5023446668008,,-28.066666666666666,"0,0,0,0","0,0,0"
27.966666666666665,43,AV,1,0,0,42,832.3173438658397,,-27.966666666666665,"0,0,0,0","0,0,0"
42.15,199,AV,2,0,0,77,3414.9419898187493,,-42.15,"0,0,0,0","0,0,0"
50.516666666666666,276,AV,2,0,0,97,7864.29237148983,,-50.516666666666666,"0,0,0,0","0,0,0"
26.316666666666666,296,AV,1,0,0,40,14297.77376075636,,-26.316666666666666,"0,0,0,0","0,0,0"
29.833333333333332,64,AV,2,0,0,28,954.0002559944874,,-29.833333333333332,"0,0,0,0","0,0,0"
22.15,253,AV,1,0,0,31,5341.061461458292,,-22.15,"0,0,0,0","0,0,0"
28.683333333333334,56,AV,1,0,0,46,904.859336063587,,-28.683333333333334,"0,0,0,0","0,0,0"
42.833333333333336,30,AV,2,0,0,72,720.4688823460104,,-42.833333333333336,"0,0,0,0","0,0,0"
32.75,109,AV,2,0,0,29,1594.6992934726818,,-32.75,"0,0,0,0","0,0,0"
48.13333333333333,58,AV,2,0,0,95,926.7012599248138,,-48.13333333333333,"0,0,0,0","0,0,0"
23.616666666666667,242,AV,1,0,0,38,4669.869929992837,,-23.616666666666667,"0,0,0,0","0,0,0"
10.533333333333333,118,AV,0,0,0,16,1751.9448432672848,,-10.533333333333333,"0,0,0,0","0,0,0"
30.0,21,AV,1,0,0,52,591.6693204447811,,-30.0,"0,0,0,0","0,0,0"
38.43333333333333,54,AV,1,0,0,92,877.2934597877683,,-38.43333333333333,"0,0,0,0","0,0,0"
20.9,77,AV,1,0,0,28,1167.011530479414,,-20.9,"0,0,0,0","0,0,0"
32.35,115,AV,1,0,0,66,1697.366940102563,,-32.35,"0,0,0,0","0,0,0"
30.783333333333335,231,AV,1,0,0,62,4416.224882412617,,-30.783333333333335,"0,0,0,0","0,0,0"
13.833333333333334,204,AV,1,0,0,4,3531.3895067900216,,-13.833333333333334,"0,0,0,0","0,0,0"
26.516666666666666,236,AV,1,0,0,40,4572.8741748457805,,-26.516666666666666,"0,0,0,0","0,0,0"
37.45,284,AV,2,0,0,46,8987.822610831106,,-37.45,"0,0,0,0","0,0,0"
23.566666666666666,229,AV,0,0,0,74,4245.708624069837,,-23.566666666666666,"0,0,0,0","0,0,0"
41.15,140,AV,1,0,0,100,2222.040577514192,,-41.15,"0,0,0,0","0,0,0"
35.2,218,AV,1,0,0,77,3933.772930850901,,-35.2,"0,0,0,0","0,0,0"
42.81666666666667,91,AV,2,0,0,85,1386.7650627050614,,-42.81666666666667,"0,0,0,0","0,0,0"
23.6,1,AV,1,0,0,35,417.8295094645922,,-23.6,"0,0,0,0","0,0,0"
