travel_time,id,kind,action,bid_route_0,bid_route_1,bid_route_2,karma_balance,origin,destination,start_time,income,urgency,reward,observation,cost_table
78.08333333333333,109,AV,0,6,3,0,8,0,0,82,2496.2043409386315,0.4,-1.892929292929293,"0.43389666666666665,0.2280204678362573,0.34038383838383834,0.4,0.82,0.1200484491742544,14.0","0,0,0"
72.81666666666666,84,AV,0,7,0,4,7,0,0,76,857.6590975250949,0.5,-2.2065656565656564,"0.3958916666666667,0.23113095238095238,0.3359615384615385,0.5,0.76,0.041246881470994735,14.0","0,0,0"
18.616666666666667,174,AV,1,1,5,4,0,0,0,9,2105.159940183184,0.3,-0.3384848484848485,"0.3311317829457364,0.23638978494623653,0.3170882352941176,0.3,0.09,0.10124218676253416,5.0","0,0,0"
81.68333333333334,6,AV,0,9,4,8,2,0,0,90,4864.205776554158,0.3,-1.4851515151515151,"0.3767427536231884,0.24611475409836064,0.34204545454545454,0.3,0.9,0.23393131337965753,11.0","0,0,0"
60.81666666666667,121,AV,0,4,3,9,8,0,0,64,2401.1770329784995,0.1,-0.36858585858585863,"0.529908163265306,0.2832482993197279,0.3782738095238096,0.1,0.64,0.11547835819142706,12.0","0,0,0"
23.5,235,AV,2,0,3,4,3,0,0,0,4950.268578812107,0.5,-0.7121212121212122,"0.4884795918367347,0.27351488095238097,0.35174761904761903,0.5,0.0,0.238070279798878,7.0","0,0,0"
32.166666666666664,131,AV,1,0,6,8,8,0,0,78,3031.4508351358254,0.6,-1.1696969696969697,"0.5844540229885058,0.26996875000000004,0.37334751773049646,0.6,0.78,0.14578973585520302,14.0","0,0,0"
53.833333333333336,187,AV,0,8,5,0,9,0,0,53,5051.78348307234,0.3,-0.9787878787878789,"0.3453936170212766,0.21994753086419752,0.31748290598290585,0.3,0.53,0.24295237483598997,17.0","0,0,0"
38.4,278,AV,0,6,3,0,1,0,0,42,1240.6560786390864,0.1,-0.23272727272727273,"0.39892391304347824,0.23491358024691358,0.3187666666666667,0.1,0.42,0.05966612418566248,7.0","0,0,0"
17.466666666666665,199,AV,1,2,5,2,5,0,0,13,2133.445027811215,0.1,-0.10585858585858586,"0.4666992753623188,0.2586374269005848,0.3501801801801802,0.1,0.13,0.10260248441477932,10.0","0,0,0"
42.61666666666667,99,AV,2,3,2,0,14,0,0,80,4818.617258984985,0.2,-0.5165656565656566,"0.41150740740740743,0.24802666666666673,0.3445037037037037,0.2,0.8,0.23173885231203734,14.0","0,0,0"
17.983333333333334,149,AV,1,1,5,0,2,0,0,22,4717.175795221327,0.1,-0.108989898989899,"0.44666666666666666,0.25099393939393944,0.33948333333333336,0.1,0.22,0.2268602892044136,7.0","0,0,0"
31.566666666666666,94,AV,2,1,1,7,1,0,0,37,946.1123250925148,0.2,-0.38262626262626265,"0.4142891156462584,0.23668484848484853,0.32853240740740747,0.2,0.37,0.04550080917225548,8.0","0,0,0"
64.36666666666666,198,AV,0,6,9,5,7,0,0,68,4021.28082322038,0.1,-0.39010101010101006,"0.4054224806201551,0.23251075268817212,0.3328952380952381,0.1,0.68,0.1933930322147629,13.0","0,0,0"
21.7,258,AV,1,3,8,4,3,0,0,39,676.2529471816457,1.0,-1.3151515151515152,"0.40282962962962965,0.22645114942528735,0.31970476190476194,1.0,0.39,0.03252262494189429,11.0","0,0,0"
35.93333333333333,74,AV,2,1,3,8,3,0,0,44,632.5893922142865,0.3,-0.6533333333333332,"0.4387154471544716,0.2591979166666667,0.3603645833333334,0.3,0.44,0.030422739939172414,11.0","0,0,0"
62.5,178,AV,0,5,0,2,2,0,0,66,1830.3424648913517,0.3,-1.1363636363636365,"0.4867333333333334,0.23451360544217686,0.32770370370370366,0.3,0.66,0.08802555574651609,7.0","0,0,0"
25.3,202,AV,2,3,0,2,7,0,0,3,753.7709081553346,0.4,-0.6133333333333334,"0.3528617021276596,0.2350354609929078,0.3169275362318841,0.4,0.03,0.036250649465136044,7.0","0,0,0"
13.283333333333333,76,AV,1,3,8,4,3,0,0,0,7081.334819999852,0.1,-0.08050505050505051,"0.46484946236559144,0.2428548387096774,0.3529642857142858,0.1,0.0,0.34055836266392014,11.0","0,0,0"
15.166666666666666,157,AV,1,0,4,5,3,0,0,9,2747.619709803412,0.2,-0.18383838383838383,"0.4399687500000001,0.2648735632183908,0.3540375,0.2,0.09,0.13213961680656489,7.0","0,0,0"
20.266666666666666,41,AV,1,3,8,5,8,0,0,29,5304.212874057136,0.3,-0.36848484848484847,"0.30889024390243897,0.21319727891156462,0.3365151515151515,0.3,0.29,0.25509230922226356,16.0","0,0,0"
20.3,30,AV,1,1,7,0,5,0,0,30,2352.9451803313505,0.3,-0.36909090909090914,"0.37263953488372087,0.214198275862069,0.3227136752136752,0.3,0.3,0.11315877280487406,12.0","0,0,0"
36.96666666666667,136,AV,1,1,4,9,7,0,0,91,2520.757475212996,0.3,-0.6721212121212121,"0.3950074074074075,0.23932812499999997,0.33762903225806457,0.3,0.91,0.12122926824569963,11.0","0,0,0"
40.1,169,AV,0,9,4,6,5,0,0,42,3032.1279287666234,0.1,-0.24303030303030304,"0.4351208333333333,0.24567816091954026,0.34146031746031746,0.1,0.42,0.1458222989106348,14.0","0,0,0"
90.31666666666666,184,AV,0,4,3,8,9,0,0,99,14312.770160915026,0.1,-0.5473737373737374,"0.5569126984126984,0.26592777777777776,0.34476754385964925,0.1,0.99,0.6883354191104801,13.0","0,0,0"
20.866666666666667,216,AV,0,6,6,3,1,0,0,20,5862.871835726062,0.1,-0.12646464646464647,"0.37882083333333333,0.24007462686567163,0.3261767676767676,0.1,0.2,0.2819595575743898,7.0","0,0,0"
14.033333333333333,91,AV,0,7,3,8,1,0,0,8,854.5785374972068,0.3,-0.25515151515151513,"0.41877659574468085,0.25014784946236557,0.3407258064516129,0.3,0.08,0.04109872995636468,8.0","0,0,0"
25.366666666666667,226,AV,1,2,6,5,16,0,0,52,1467.6871321740252,0.3,-0.46121212121212124,"0.6017992424242423,0.29918229166666666,0.38278124999999996,0.3,0.52,0.07058459165416232,22.0","0,0,0"
86.58333333333333,15,AV,0,7,4,2,6,0,0,98,2750.2432356670683,0.3,-1.5742424242424242,"0.41592333333333337,0.24618181818181814,0.348452380952381,0.3,0.98,0.13226578845290615,13.0","0,0,0"
45.11666666666667,154,AV,2,1,1,4,12,0,0,96,2853.537244729806,0.1,-0.2734343434343435,"0.3411451612903225,0.22785897435897437,0.34099621212121206,0.1,0.96,0.13723344490378397,16.0","0,0,0"
88.43333333333334,151,AV,0,9,0,9,8,0,0,98,859.2772315809713,0.3,-1.607878787878788,"0.405630081300813,0.21784391534391534,0.3051527777777778,0.3,0.98,0.041324701415771756,17.0","0,0,0"
59.03333333333333,119,AV,0,4,3,8,7,0,0,63,3387.2787239910285,0.1,-0.35777777777777775,"0.4925852713178295,0.28138484848484846,0.4001230158730159,0.1,0.63,0.16290235180953377,11.0","0,0,0"
21.166666666666668,132,AV,1,1,4,9,5,0,0,35,4735.166802079286,0.1,-0.1282828282828283,"0.41644715447154473,0.25108045977011495,0.3804677419354838,0.1,0.35,0.22772551984156938,9.0","0,0,0"
14.066666666666666,66,AV,0,6,8,2,2,0,0,8,863.3540159882258,0.8,-0.682020202020202,"0.3416973684210526,0.23002736318407963,0.3360238095238095,0.8,0.08,0.04152076374836295,8.0","0,0,0"
22.666666666666668,13,AV,2,2,2,0,5,0,0,3,2421.0391237858234,0.1,-0.13737373737373737,"0.4827606837606838,0.26365,0.38576829268292684,0.1,0.03,0.11643357373995898,5.0","0,0,0"
24.116666666666667,122,AV,1,3,9,9,0,0,0,48,4934.883137056144,0.3,-0.4384848484848485,"0.45959090909090905,0.24816666666666667,0.3676833333333335,0.3,0.48,0.23733035703199037,9.0","0,0,0"
32.53333333333333,225,AV,1,0,4,5,2,0,0,75,5394.467136051333,0.4,-0.7886868686868687,"0.45488405797101444,0.23042063492063491,0.3622596153846153,0.4,0.75,0.2594328529854781,6.0","0,0,0"
60.63333333333333,110,AV,0,5,0,2,3,0,0,64,1460.8215047913693,0.3,-1.1024242424242423,"0.4313659420289854,0.23674242424242425,0.3513796296296296,0.3,0.64,0.07025440717912602,8.0","0,0,0"
46.78333333333333,293,AV,0,5,6,5,1,0,0,50,2215.952556227922,0.4,-1.1341414141414141,"0.34226984126984134,0.22533879781420768,0.3425675675675675,0.4,0.5,0.10657046919438351,6.0","0,0,0"
83.2,125,AV,0,5,3,7,4,0,0,93,873.8892656114449,0.6,-3.025454545454546,"0.35095833333333337,0.24610457516339868,0.32209374999999996,0.6,0.93,0.04202742915158692,9.0","0,0,0"
19.0,96,AV,1,3,5,3,2,0,0,25,2629.980017260476,0.3,-0.34545454545454546,"0.3672546296296296,0.24296264367816092,0.32595652173913037,0.3,0.25,0.12648204205617194,7.0","0,0,0"
37.083333333333336,259,AV,1,2,5,4,3,0,0,91,1797.659883656486,0.5,-1.1237373737373737,"0.3747,0.24020338983050846,0.33826829268292685,0.5,0.91,0.08645377208765831,8.0","0,0,0"
24.233333333333334,231,AV,0,5,5,7,8,0,0,24,926.7012599248138,0.4,-0.5874747474747476,"0.47449561403508766,0.268377358490566,0.36715384615384616,0.4,0.24,0.04456728452766382,13.0","0,0,0"
15.866666666666667,179,AV,1,3,4,3,3,0,0,6,1975.501985353583,0.2,-0.19232323232323234,"0.4149290780141844,0.2429098360655738,0.35803645833333325,0.2,0.06,0.09500662497573499,7.0","0,0,0"
21.016666666666666,72,AV,0,4,5,4,10,0,0,18,1474.807688008607,0.3,-0.3821212121212121,"0.42513953488372097,0.2317449494949495,0.33884946236559144,0.3,0.18,0.07092703624941481,14.0","0,0,0"
74.81666666666666,159,AV,0,5,4,1,9,0,0,80,827.3783452591958,0.3,-1.3603030303030301,"0.41993,0.2524433962264151,0.34176126126126133,0.3,0.8,0.03979060752349248,14.0","0,0,0"
18.75,114,AV,1,0,4,0,2,0,0,22,567.9518330451218,0.2,-0.2272727272727273,"0.48194333333333333,0.2471833333333333,0.3534611111111111,0.2,0.22,0.02731416480795959,6.0","0,0,0"
12.5,14,AV,0,6,6,9,3,0,0,5,1507.5005543882637,0.6,-0.45454545454545453,"0.33549999999999996,0.2024583333333333,0.3138440860215054,0.6,0.05,0.07249931454553503,9.0","0,0,0"
36.68333333333333,40,AV,0,6,1,6,3,0,0,41,849.0657401736111,0.1,-0.2223232323232323,"0.40640322580645166,0.2671728395061728,0.32617105263157886,0.1,0.41,0.040833606321069346,9.0","0,0,0"
31.066666666666666,223,AV,0,4,8,8,5,0,0,33,4200.245935785981,0.1,-0.18828282828282827,"0.3597916666666666,0.2371953125,0.31958333333333333,0.1,0.33,0.2019998933869206,9.0","0,0,0"
52.166666666666664,1,AV,0,5,6,3,1,0,0,52,2011.9739719035176,0.2,-0.6323232323232323,"0.6012073170731707,0.2881464646464646,0.3971363636363637,0.2,0.52,0.09676065021790628,6.0","0,0,0"
38.28333333333333,240,AV,0,6,5,1,1,0,0,42,1567.0706205360798,0.1,-0.23202020202020202,"0.4125387596899225,0.22941509433962268,0.36529914529914526,0.1,0.42,0.07536418179256658,7.0","0,0,0"
34.28333333333333,28,AV,2,2,2,8,7,0,0,48,2193.4249838744518,0.6,-1.2466666666666664,"0.3584015151515152,0.22612777777777776,0.32706944444444447,0.6,0.48,0.10548706425018813,15.0","0,0,0"
45.38333333333333,51,AV,0,7,5,7,1,0,0,47,3438.9188747307694,0.1,-0.27505050505050505,"0.40950000000000003,0.23349224806201552,0.34757364341085273,0.1,0.47,0.16538585041970746,8.0","0,0,0"
69.46666666666667,145,AV,0,5,5,2,1,0,0,73,541.9839687696077,0.4,-1.6840404040404042,"0.5728062015503874,0.2872941176470588,0.3652355072463768,0.4,0.73,0.026065307980208553,6.0","0,0,0"
22.916666666666668,35,AV,1,1,4,9,6,0,0,37,1794.439334206041,0.1,-0.13888888888888892,"0.4008166666666667,0.25244252873563217,0.3297698412698413,0.1,0.37,0.08629888814619799,10.0","0,0,0"
20.216666666666665,247,AV,1,3,5,9,6,0,0,25,8333.728817076937,0.2,-0.24505050505050507,"0.3901629629629629,0.24044540229885056,0.3237162162162162,0.2,0.25,0.4007889914784327,11.0","0,0,0"
35.766666666666666,155,AV,1,1,5,5,0,0,0,82,1880.1756700095973,0.5,-1.0838383838383838,"0.40831862745098035,0.25002645502645504,0.3331434108527131,0.5,0.82,0.0904221540112152,5.0","0,0,0"
25.2,17,AV,1,1,5,5,8,0,0,50,17322.90883950548,0.2,-0.3054545454545455,"0.3858191489361702,0.2401933333333333,0.3498255813953488,0.2,0.5,0.833100202280572,13.0","0,0,0"
18.85,25,AV,1,3,4,2,7,0,0,23,2198.5025098873134,0.4,-0.456969696969697,"0.3662896825396825,0.23728571428571432,0.3297604166666667,0.4,0.23,0.10573125464497639,11.0","0,0,0"
27.0,210,AV,1,0,9,6,0,0,0,63,2113.1349678504243,0.2,-0.3272727272727273,"0.48627044025157223,0.2447925170068027,0.3686127450980392,0.2,0.63,0.10162572495605159,9.0","0,0,0"
57.5,105,AV,0,4,0,0,8,0,0,58,419.7646265090227,0.6,-2.090909090909091,"0.37155813953488376,0.24200606060606059,0.31394841269841267,0.6,0.58,0.02018748689927752,12.0","0,0,0"
29.25,38,AV,2,3,2,0,7,0,0,34,2088.64210540395,0.5,-0.8863636363636364,"0.46068253968253986,0.2524140625,0.3517745098039216,0.5,0.34,0.10044780450125744,7.0","0,0,0"
85.4,59,AV,0,5,6,0,13,0,0,93,14297.77376075636,0.6,-3.1054545454545455,"0.513948148148148,0.26015079365079363,0.3538666666666667,0.6,0.93,0.6876142062863859,18.0","0,0,0"
19.416666666666668,173,AV,1,1,5,4,4,0,0,23,1291.2118623687816,0.2,-0.2353535353535354,"0.3975916666666667,0.2405546875,0.32072222222222224,0.2,0.23,0.062097472987522495,9.0","0,0,0"
32.55,200,AV,2,1,1,4,8,0,0,48,3487.44186130441,0.3,-0.5918181818181818,"0.34929279279279285,0.25190238095238093,0.33649275362318837,0.3,0.48,0.16771943713451876,12.0","0,0,0"
20.816666666666666,98,AV,1,2,6,9,3,0,0,31,5702.616109653807,0.1,-0.12616161616161617,"0.5840050505050506,0.27934313725490195,0.3317068965517242,0.1,0.31,0.27425247563772664,9.0","0,0,0"
57.733333333333334,224,AV,0,4,0,4,1,0,0,56,736.5379020629116,0.4,-1.3995959595959597,"0.5021535087719298,0.26518253968253963,0.35835470085470084,0.4,0.56,0.03542187290142414,5.0","0,0,0"
15.183333333333334,153,AV,1,0,4,7,5,0,0,5,4429.527615460413,0.2,-0.18404040404040406,"0.49858680555555557,0.2569,0.35637387387387387,0.2,0.05,0.21302659886033296,9.0","0,0,0"
19.3,291,AV,0,5,8,4,4,0,0,16,3667.3634505223554,0.5,-0.5848484848484848,"0.42336178861788626,0.24985632183908046,0.3392276422764228,0.5,0.16,0.1763722975611855,9.0","0,0,0"
48.56666666666667,246,AV,0,9,2,9,2,0,0,52,3366.895459871004,0.1,-0.29434343434343435,"0.41800000000000004,0.2648233333333333,0.3454876543209877,0.1,0.52,0.16192207178734694,11.0","0,0,0"
71.41666666666667,97,AV,0,4,9,1,9,0,0,74,1317.647826688136,0.1,-0.4328282828282829,"0.3114087301587302,0.22895273631840798,0.3188589743589743,0.1,0.74,0.06336884186823323,13.0","0,0,0"
23.466666666666665,142,AV,1,0,7,2,1,0,0,42,2436.431929205765,0.2,-0.28444444444444444,"0.5145081300813008,0.2623396226415094,0.3768188405797101,0.2,0.42,0.11717385064309511,8.0","0,0,0"
37.88333333333333,266,AV,2,0,2,2,8,0,0,60,3465.4556083993225,0.2,-0.45919191919191915,"0.4797407407407408,0.2724109195402299,0.3486884057971015,0.2,0.6,0.1666620655399256,8.0","0,0,0"
55.7,137,AV,0,4,1,6,2,0,0,53,7099.697064525982,0.2,-0.6751515151515153,"0.5235507246376812,0.2694687499999999,0.3698913043478261,0.2,0.53,0.3414414470102487,6.0","0,0,0"
18.95,255,AV,1,1,6,9,7,0,0,23,4381.240268036911,0.3,-0.34454545454545454,"0.42774806201550386,0.2541384615384616,0.35943452380952373,0.3,0.23,0.2107043445969861,13.0","0,0,0"
18.266666666666666,195,AV,1,1,5,0,5,0,0,22,1460.106853854364,0.2,-0.22141414141414142,"0.39188725490196075,0.22741812865497074,0.321869918699187,0.2,0.22,0.07022003790282866,10.0","0,0,0"
29.45,42,AV,0,7,9,8,7,0,0,33,2123.4400354784907,0.3,-0.5354545454545454,"0.33539351851851856,0.20300512820512823,0.309316091954023,0.3,0.33,0.1021213203554731,14.0","0,0,0"
37.983333333333334,93,AV,2,3,2,1,12,0,0,63,2108.868816674547,0.3,-0.6906060606060606,"0.45951709401709406,0.25566666666666665,0.35632936507936513,0.3,0.63,0.10142055552171977,12.0","0,0,0"
35.766666666666666,124,AV,1,3,7,3,0,0,0,84,18628.94525544202,0.1,-0.21676767676767678,"0.49336742424242425,0.2763802083333333,0.36578125000000006,0.1,0.84,0.8959106235777834,7.0","0,0,0"
37.31666666666667,2,AV,1,0,5,0,2,0,0,88,1581.4824060924602,0.2,-0.4523232323232324,"0.46729166666666666,0.23423728813559322,0.3526363636363636,0.2,0.88,0.0760572790993459,7.0","0,0,0"
8.75,253,AV,0,9,6,4,6,0,0,4,1921.5023446668008,0.4,-0.21212121212121213,"0.45422868217054263,0.2683888888888889,0.37988738738738737,0.4,0.04,0.09240965283924012,15.0","0,0,0"
67.8,148,AV,0,9,8,7,3,0,0,72,2044.1603053436156,0.3,-1.2327272727272727,"0.3822477477477477,0.20335897435897432,0.319782945736434,0.3,0.72,0.09830856813100321,12.0","0,0,0"
31.166666666666668,296,AV,1,1,4,0,2,0,0,73,4843.3187157075145,0.6,-1.1333333333333333,"0.4840574712643679,0.2609371980676328,0.3509208333333333,0.6,0.73,0.2329268045654853,6.0","0,0,0"
34.55,283,AV,1,2,7,0,2,0,0,84,1310.9401185904849,0.5,-1.0469696969696969,"0.46347863247863236,0.2591555555555556,0.3539065040650407,0.5,0.84,0.06304625211008313,9.0","0,0,0"
43.28333333333333,87,AV,0,6,6,4,1,0,0,45,845.7864251007381,0.1,-0.2623232323232323,"0.30133712121212125,0.20991666666666667,0.2897268518518519,0.1,0.45,0.040675896199988425,7.0","0,0,0"
67.8,172,AV,0,7,0,4,10,0,0,71,1635.9686818612918,0.1,-0.41090909090909095,"0.5316589147286822,0.27916993464052287,0.36314912280701755,0.1,0.71,0.07867765468320913,17.0","0,0,0"
34.516666666666666,233,AV,2,3,2,0,5,0,0,44,1588.8002265047048,0.2,-0.4183838383838384,"0.43803875968992245,0.24547656250000002,0.3622121212121212,0.2,0.44,0.07640921062090368,5.0","0,0,0"
42.38333333333333,113,AV,2,2,0,2,8,0,0,86,3651.018124108644,1.0,-2.5686868686868687,"0.5792532051282051,0.29638505747126437,0.37571111111111116,1.0,0.86,0.17558621164064137,8.0","0,0,0"
38.1,262,AV,1,2,4,4,3,0,0,97,2260.56382504795,0.4,-0.9236363636363637,"0.35695,0.22623529411764712,0.33536734693877557,0.4,0.97,0.10871593202757703,7.0","0,0,0"
17.766666666666666,90,AV,1,2,4,8,7,0,0,14,1135.438045570021,0.5,-0.5383838383838384,"0.36751709401709404,0.23162500000000003,0.30980303030303025,0.5,0.14,0.0546059368091927,11.0","0,0,0"
86.66666666666667,130,AV,0,6,1,2,6,0,0,95,1457.5875839824732,0.1,-0.5252525252525253,"0.3719027777777778,0.23229591836734695,0.3345568181818181,0.1,0.95,0.07009888017699192,12.0","0,0,0"
41.583333333333336,49,AV,0,5,5,6,2,0,0,43,3758.845856207275,0.5,-1.2601010101010102,"0.44901633986928113,0.2659245283018868,0.3619814814814815,0.5,0.43,0.18077190569786353,7.0","0,0,0"
38.05,205,AV,2,1,3,2,20,0,0,71,11662.42845360034,0.1,-0.2306060606060606,"0.4589041666666666,0.26349056603773585,0.3379184397163121,0.1,0.71,0.5608741345806508,20.0","0,0,0"
25.25,133,AV,2,0,2,2,9,0,0,10,1275.9312017726234,0.9,-1.3772727272727272,"0.3437916666666667,0.22124545454545452,0.30524666666666667,0.9,0.1,0.06136258939772906,9.0","0,0,0"
36.266666666666666,250,AV,1,3,7,4,4,0,0,90,4245.708624069837,0.1,-0.2197979797979798,"0.4609397163120566,0.2602222222222222,0.35107070707070703,0.1,0.9,0.2041863030226467,11.0","0,0,0"
62.53333333333333,243,AV,0,9,7,4,0,0,0,66,566.7055292848979,0.1,-0.378989898989899,"0.4512543859649123,0.24251412429378527,0.32951937984496127,0.1,0.66,0.027254227073231246,9.0","0,0,0"
33.25,138,AV,2,1,1,5,10,0,0,38,3024.224513765153,1.0,-2.015151515151515,"0.3692148148148148,0.22672514619883039,0.3293157894736842,1.0,0.38,0.1454422047418416,15.0","0,0,0"
5.416666666666667,71,AV,0,4,2,2,6,0,0,2,7592.14370769901,0.3,-0.09848484848484848,"0.49603846153846154,0.2573477011494253,0.35793798449612413,0.3,0.02,0.36512438628106175,10.0","0,0,0"
38.7,248,AV,1,3,7,4,1,0,0,96,1782.711710770346,0.3,-0.7036363636363637,"0.4014933333333333,0.23803508771929824,0.361,0.3,0.96,0.08573487862868172,8.0","0,0,0"
28.766666666666666,58,AV,1,2,4,1,2,0,0,69,610.4868582393152,0.1,-0.17434343434343436,"0.3977631578947369,0.2404777777777778,0.34004365079365073,0.1,0.69,0.029359776109248604,6.0","0,0,0"
36.81666666666667,33,AV,0,8,8,8,6,0,0,37,1596.1763216794554,0.7,-1.561919191919192,"0.48046099290780125,0.25185534591194964,0.3551416666666667,0.7,0.37,0.07676394471545202,14.0","0,0,0"
55.583333333333336,107,AV,0,5,5,6,3,0,0,56,3866.930621896856,0.4,-1.3474747474747477,"0.5172723577235773,0.2610493827160494,0.3643047619047619,0.4,0.56,0.18596996111648273,8.0","0,0,0"
52.03333333333333,61,AV,0,7,5,0,0,0,0,52,1404.912317929139,0.6,-1.892121212121212,"0.5891388888888889,0.29269135802469143,0.39141666666666663,0.6,0.52,0.06756560039062387,7.0","0,0,0"
7.083333333333333,0,AV,0,5,6,3,4,0,0,2,1927.298426803608,0.2,-0.08585858585858586,"0.4029099099099098,0.2476216931216931,0.35422072072072064,0.2,0.02,0.0926884003201249,9.0","0,0,0"
28.35,143,AV,2,1,0,9,0,0,0,26,2043.1688306873104,0.8,-1.3745454545454547,"0.3655952380952382,0.21820056497175147,0.34630769230769226,0.8,0.26,0.09826088573860729,9.0","0,0,0"
31.466666666666665,19,AV,0,6,4,6,2,0,0,32,2813.5576138103806,0.2,-0.3814141414141414,"0.5196557971014494,0.28795128205128206,0.36382183908045973,0.2,0.32,0.13531072863744203,8.0","0,0,0"
20.016666666666666,65,AV,1,1,6,5,2,0,0,27,2187.718469250836,0.3,-0.3639393939393939,"0.4751477272727272,0.2750178571428572,0.3587476190476191,0.3,0.27,0.10521262428567076,8.0","0,0,0"
29.3,150,AV,1,0,5,0,6,0,0,69,2458.2611968747465,0.8,-1.4206060606060609,"0.475754716981132,0.2676031746031746,0.3603124999999999,0.8,0.69,0.1182236724414522,11.0","0,0,0"
30.3,282,AV,1,2,4,3,4,0,0,72,1301.8927857652438,0.2,-0.3672727272727273,"0.36333760683760685,0.22815819209039545,0.3369682539682539,0.2,0.72,0.06261114419162438,8.0","0,0,0"
41.0,83,AV,2,0,2,2,7,0,0,63,6434.117121135291,0.7,-1.7393939393939393,"0.4789254385964913,0.24362021857923502,0.339890243902439,0.7,0.63,0.3094321123996473,7.0","0,0,0"
40.6,214,AV,2,3,2,5,1,0,0,74,1062.4074567339185,0.3,-0.7381818181818183,"0.36317129629629635,0.22182499999999997,0.30711764705882355,0.3,0.74,0.05109372076651086,6.0","0,0,0"
37.45,10,AV,2,1,0,0,5,0,0,44,3274.575105225111,0.2,-0.45393939393939403,"0.42868803418803425,0.2745059523809524,0.3499111111111112,0.2,0.44,0.15748216467690215,5.0","0,0,0"
30.666666666666668,20,AV,2,0,1,3,14,0,0,41,2302.618320259251,0.1,-0.18585858585858586,"0.342439024390244,0.2194366666666666,0.31350793650793646,0.1,0.41,0.11073843349034766,14.0","0,0,0"
18.616666666666667,12,AV,1,0,5,1,2,0,0,14,2411.397471856681,0.1,-0.11282828282828283,"0.4977083333333332,0.2627972222222222,0.35804166666666676,0.1,0.14,0.11596988359144483,7.0","0,0,0"
29.1,75,AV,2,3,1,4,2,0,0,22,2612.3907844155665,0.3,-0.5290909090909091,"0.5639078947368421,0.29895977011494257,0.3965454545454545,0.3,0.22,0.12563613369419777,6.0","0,0,0"
47.016666666666666,152,AV,2,0,2,2,9,0,0,77,1014.5614647146556,0.7,-1.9946464646464643,"0.42174999999999996,0.25492009132420085,0.36091379310344834,0.7,0.77,0.04879269234230884,9.0","0,0,0"
83.2,251,AV,0,7,0,3,7,0,0,92,2968.817229463249,0.5,-2.5212121212121215,"0.4392074074074074,0.25752011494252874,0.35677477477477476,0.5,0.92,0.14277753565032827,14.0","0,0,0"
10.95,289,AV,1,2,4,6,4,0,0,0,616.3739675020589,0.4,-0.26545454545454544,"0.48423983739837406,0.27791803278688526,0.36900505050505056,0.4,0.0,0.02964290130277584,8.0","0,0,0"
25.066666666666666,241,AV,1,1,4,0,3,0,0,50,1040.734547163155,0.7,-1.0634343434343434,"0.5465069444444445,0.2439418604651163,0.35266239316239323,0.7,0.5,0.05005141860382586,7.0","0,0,0"
33.3,103,AV,0,9,3,7,7,0,0,32,1579.1767070066765,0.6,-1.2109090909090907,"0.4178796296296295,0.25379032258064516,0.32932407407407405,0.6,0.32,0.0759463925044581,16.0","0,0,0"
10.533333333333333,55,AV,0,4,6,3,7,0,0,5,3564.273841812899,0.2,-0.1276767676767677,"0.42254040404040405,0.22860000000000003,0.3127135416666667,0.2,0.05,0.17141447121316408,11.0","0,0,0"
79.88333333333334,158,AV,0,4,6,2,6,0,0,85,3256.7228478661937,0.3,-1.4524242424242426,"0.4329912280701755,0.2558726851851852,0.3628888888888889,0.3,0.85,0.15662360683568316,10.0","0,0,0"
22.633333333333333,275,AV,1,2,5,5,2,0,0,35,2767.495209174315,0.1,-0.13717171717171717,"0.3736899224806202,0.22265277777777778,0.32422222222222224,0.1,0.35,0.13309547720505432,7.0","0,0,0"
38.016666666666666,77,AV,2,1,3,9,3,0,0,68,2276.662146114732,0.2,-0.4608080808080808,"0.44921276595744686,0.2532351190476191,0.36526576576576575,0.2,0.68,0.1094901388690128,12.0","0,0,0"
74.76666666666667,272,AV,0,7,5,8,2,0,0,79,822.5771428470101,0.5,-2.2656565656565655,"0.5049722222222222,0.28334640522875815,0.39576950354609935,0.5,0.79,0.039559706192899544,9.0","0,0,0"
22.65,88,AV,1,1,9,3,1,0,0,26,1338.7213376931895,0.5,-0.6863636363636363,"0.4098020833333333,0.23562643678160922,0.3423823529411764,0.5,0.26,0.06438231751737097,10.0","0,0,0"
18.433333333333334,45,AV,1,1,8,6,0,0,0,17,2793.3389947689566,0.3,-0.33515151515151514,"0.4978435374149658,0.27841666666666665,0.36275213675213686,0.3,0.17,0.1343383667916745,8.0","0,0,0"
33.166666666666664,80,AV,1,1,5,4,3,0,0,81,1684.196745492046,0.1,-0.201010101010101,"0.453652380952381,0.2430285714285714,0.34518095238095237,0.1,0.81,0.08099705784688291,8.0","0,0,0"
37.68333333333333,160,AV,1,1,6,2,10,0,0,96,4617.1597275219765,0.2,-0.4567676767676767,"0.4558100775193798,0.24798333333333336,0.3584684684684685,0.2,0.96,0.2220502768096353,16.0","0,0,0"
30.033333333333335,197,AV,1,2,7,7,4,0,0,74,5578.433439706214,0.1,-0.18202020202020205,"0.5074466666666667,0.2787870370370371,0.329128205128205,0.1,0.74,0.2682802334230043,11.0","0,0,0"
53.85,123,AV,0,7,5,8,8,0,0,53,1899.102970895097,0.1,-0.3263636363636364,"0.3713333333333334,0.24952542372881353,0.3103943089430894,0.1,0.53,0.09133241327208338,15.0","0,0,0"
36.13333333333333,167,AV,1,1,6,2,10,0,0,86,4951.479839002994,0.2,-0.43797979797979797,"0.4599814814814815,0.23230348258706468,0.3336927083333333,0.2,0.86,0.23812853220437127,16.0","0,0,0"
22.866666666666667,106,AV,0,8,1,5,3,0,0,23,2758.442965787371,0.1,-0.1385858585858586,"0.4666666666666668,0.27066666666666667,0.3424117647058824,0.1,0.23,0.13266013312591463,11.0","0,0,0"
12.4,196,AV,1,2,6,7,1,0,0,2,5427.330032863625,0.4,-0.30060606060606065,"0.4090219298245614,0.23555660377358492,0.34984615384615386,0.4,0.02,0.26101330845259973,7.0","0,0,0"
50.46666666666667,192,AV,0,4,4,6,2,0,0,51,985.8695826897422,0.1,-0.3058585858585859,"0.4060691056910569,0.25182371794871794,0.3498198198198199,0.1,0.51,0.04741283097259167,6.0","0,0,0"
31.433333333333334,156,AV,1,3,7,1,3,0,0,72,1592.6375082496468,0.2,-0.381010101010101,"0.4235634920634921,0.24180790960451976,0.35903999999999997,0.2,0.72,0.07659375469647073,10.0","0,0,0"
80.15,22,AV,0,7,7,5,0,0,0,88,8348.421721831439,0.3,-1.4572727272727275,"0.41367021276595745,0.2329152542372881,0.3581078431372549,0.3,0.88,0.4014956084811817,7.0","0,0,0"
35.71666666666667,126,AV,2,2,2,8,0,0,0,49,13748.957190518822,0.5,-1.0823232323232324,"0.45412916666666675,0.23099061032863852,0.3228933333333333,0.5,0.49,0.6612203021265304,8.0","0,0,0"
31.066666666666666,164,AV,1,1,5,0,11,0,0,76,902.2448599555772,0.2,-0.37656565656565655,"0.4265860215053764,0.255,0.3451216216216216,0.2,0.76,0.04339111764078622,16.0","0,0,0"
30.933333333333334,176,AV,1,0,5,0,1,0,0,65,1293.252850487379,0.4,-0.74989898989899,"0.4846891025641025,0.23017610062893076,0.3373676470588235,0.4,0.65,0.06219562899759039,6.0","0,0,0"
27.0,116,AV,1,0,9,6,0,0,0,55,597.1498506777683,0.1,-0.16363636363636366,"0.4673636363636365,0.23942957746478874,0.3549999999999999,0.1,0.55,0.02871836745206032,9.0","0,0,0"
24.316666666666666,168,AV,0,5,4,1,6,0,0,26,2971.291490045772,0.1,-0.14737373737373738,"0.4308829787234042,0.23984226190476188,0.34104054054054056,0.1,0.26,0.14289652877156978,11.0","0,0,0"
39.13333333333333,227,AV,2,1,1,3,12,0,0,69,2403.836358207942,1.0,-2.371717171717172,"0.4561025641025641,0.24658333333333332,0.3467878787878787,1.0,0.69,0.11560625151506597,12.0","0,0,0"
17.516666666666666,92,AV,0,5,1,0,9,0,0,16,2857.712092786687,0.3,-0.3184848484848484,"0.5099349593495934,0.2660282485875706,0.37017916666666667,0.3,0.16,0.13743422335230565,14.0","0,0,0"
37.416666666666664,43,AV,1,3,8,4,8,0,0,91,5557.427333357366,0.4,-0.9070707070707071,"0.3828375,0.2436517857142857,0.33055681818181815,0.4,0.91,0.26726999942532587,16.0","0,0,0"
50.53333333333333,244,AV,0,5,6,7,2,0,0,51,8987.822610831106,0.4,-1.225050505050505,"0.41587588652482277,0.24553216374269005,0.3714462365591398,0.4,0.51,0.4322459296252377,7.0","0,0,0"
26.3,242,AV,1,1,6,5,6,0,0,54,1993.780724220221,0.2,-0.31878787878787884,"0.4171740740740741,0.2431090909090909,0.3339958333333334,0.2,0.54,0.09588569333476842,12.0","0,0,0"
15.966666666666667,89,AV,1,1,5,5,1,0,0,10,1446.9812594843625,0.1,-0.09676767676767678,"0.49339015151515153,0.26410763888888883,0.350237037037037,0.1,0.1,0.06958879661269593,6.0","0,0,0"
25.15,100,AV,2,3,3,4,3,0,0,17,388.2787303527966,0.3,-0.4572727272727272,"0.38132113821138214,0.2383511904761905,0.3575151515151515,0.3,0.17,0.01867325469383425,7.0","0,0,0"
17.716666666666665,237,AV,0,5,2,5,1,0,0,11,1778.835052690156,0.3,-0.3221212121212121,"0.5463130081300812,0.2681071428571429,0.3622676767676768,0.3,0.11,0.08554844085078303,6.0","0,0,0"
38.266666666666666,26,AV,2,2,1,6,1,0,0,74,946.2003450753726,0.2,-0.4638383838383838,"0.4518730158730159,0.22350819672131148,0.3534864864864865,0.2,0.74,0.04550504226418034,7.0","0,0,0"
45.983333333333334,213,AV,2,1,0,4,2,0,0,91,8436.938288223368,0.2,-0.5573737373737374,"0.4459311594202899,0.24549999999999997,0.340027027027027,0.2,0.91,0.4057525822983113,6.0","0,0,0"
24.816666666666666,268,AV,1,1,9,1,2,0,0,49,912.6272274022258,0.2,-0.30080808080808086,"0.46105691056910575,0.26675252525252524,0.346020202020202,0.2,0.49,0.04389043057374056,11.0","0,0,0"
26.55,46,AV,1,2,4,0,9,0,0,57,457.16351791608827,0.3,-0.4827272727272727,"0.27981111111111107,0.20575757575757578,0.30283333333333334,0.3,0.57,0.021986089217454062,13.0","0,0,0"
40.166666666666664,297,AV,0,9,7,3,1,0,0,42,10838.007207066395,0.1,-0.24343434343434345,"0.3928725490196078,0.2482586206896552,0.3459623655913978,0.1,0.42,0.5212257410218565,10.0","0,0,0"
21.066666666666666,270,AV,1,0,4,0,3,0,0,31,2105.6010448069283,0.3,-0.383030303030303,"0.39295959595959595,0.21977298850574709,0.3235686274509804,0.3,0.31,0.10126340054104405,7.0","0,0,0"
19.216666666666665,85,AV,0,6,2,5,0,0,0,18,8493.635575370567,0.6,-0.6987878787878786,"0.3499609929078014,0.22799666666666668,0.3044949494949495,0.6,0.18,0.40847929071828354,6.0","0,0,0"
34.81666666666667,298,AV,0,6,6,0,9,0,0,35,5009.92015912814,0.2,-0.42202020202020213,"0.44415277777777784,0.2572280701754386,0.3382714285714286,0.2,0.35,0.24093906725761643,15.0","0,0,0"
27.883333333333333,62,AV,0,9,0,5,1,0,0,29,2891.134206742707,0.3,-0.506969696969697,"0.38601388888888893,0.23777272727272725,0.3450215053763441,0.3,0.29,0.13904157291209238,10.0","0,0,0"
26.466666666666665,5,AV,1,0,5,3,0,0,0,53,13430.196447392702,0.2,-0.3208080808080808,"0.4627009803921569,0.25092380952380955,0.3545,0.2,0.53,0.6458903340456582,5.0","0,0,0"
78.28333333333333,18,AV,0,5,4,0,7,0,0,84,813.126641713825,0.6,-2.8466666666666667,"0.4279224806201551,0.25068154761904765,0.353,0.6,0.84,0.03910520894427614,12.0","0,0,0"
43.28333333333333,190,AV,0,4,3,1,5,0,0,46,2835.850686157305,0.8,-2.0985858585858583,"0.5053571428571427,0.2906361111111111,0.3713026315789474,0.8,0.46,0.13638285591431848,9.0","0,0,0"
25.066666666666666,292,AV,2,1,0,4,2,0,0,0,508.6019702527906,0.3,-0.45575757575757575,"0.48739102564102565,0.2664269005847953,0.3656559139784947,0.3,0.0,0.024459887668034006,6.0","0,0,0"
30.0,79,AV,1,2,8,0,8,0,0,62,3414.9419898187493,0.4,-0.7272727272727273,"0.4250888888888889,0.2506966666666667,0.3451185185185185,0.4,0.62,0.1642327445611401,16.0","0,0,0"
26.633333333333333,3,AV,1,3,4,6,3,0,0,54,5307.329693361759,0.5,-0.807070707070707,"0.5728238095238095,0.28289166666666665,0.39872857142857143,0.5,0.54,0.25524220453241103,7.0","0,0,0"
23.516666666666666,39,AV,1,1,4,5,1,0,0,42,1804.2001824470888,0.5,-0.7126262626262626,"0.498594696969697,0.2522716049382716,0.3635992063492064,0.5,0.42,0.08676831073101827,5.0","0,0,0"
12.366666666666667,264,AV,0,5,1,9,6,0,0,8,4015.909421979459,0.2,-0.14989898989898992,"0.3993821138211382,0.2292203389830509,0.3230833333333333,0.2,0.08,0.19313470865595408,11.0","0,0,0"
29.55,56,AV,0,9,9,7,6,0,0,31,2397.5381966938494,0.2,-0.3581818181818182,"0.5615200000000001,0.2619166666666667,0.3745648148148147,0.2,0.31,0.11530335783364105,15.0","0,0,0"
30.15,252,AV,2,0,0,3,9,0,0,31,2909.8477340427667,0.7,-1.2790909090909088,"0.34870000000000007,0.23459477124183006,0.34508695652173915,0.7,0.31,0.13994155128890565,9.0","0,0,0"
37.5,222,AV,1,1,4,3,2,0,0,93,2158.6935677652164,0.2,-0.4545454545454546,"0.42441249999999997,0.2568161764705882,0.327484375,0.2,0.93,0.10381674721197177,6.0","0,0,0"
38.68333333333333,245,AV,1,0,5,1,5,0,0,94,968.7072844723906,0.9,-2.11,"0.38994017094017097,0.2326904761904762,0.3475544217687075,0.9,0.94,0.04658745492005087,10.0","0,0,0"
25.65,273,AV,2,1,1,6,0,0,0,23,943.1907669438916,0.1,-0.15545454545454546,"0.45443888888888895,0.2488775510204082,0.3567559523809524,0.1,0.23,0.04536030443906415,6.0","0,0,0"
16.216666666666665,166,AV,1,0,4,7,6,0,0,11,646.5589615252754,0.1,-0.09828282828282828,"0.5014857142857143,0.24982552083333331,0.35194715447154473,0.1,0.11,0.031094570006892704,10.0","0,0,0"
71.2,232,AV,0,7,8,2,10,0,0,76,2838.632091159661,0.2,-0.8630303030303031,"0.4023009259259259,0.22763661202185795,0.32637984496124034,0.2,0.76,0.13651662034681394,17.0","0,0,0"
25.7,81,AV,2,3,3,7,11,0,0,2,2022.4315636845977,0.3,-0.4672727272727273,"0.43356589147286817,0.25737202380952384,0.3414268292682928,0.3,0.02,0.09726358086938654,18.0","0,0,0"
36.5,57,AV,1,0,5,1,13,0,0,87,1475.2077210572677,0.1,-0.2212121212121212,"0.42850427350427345,0.2531163522012579,0.3460975609756097,0.1,0.87,0.07094627479744654,18.0","0,0,0"
29.616666666666667,191,AV,1,2,8,6,1,0,0,60,10071.894878668398,0.2,-0.358989898989899,"0.5545072463768116,0.2535424836601307,0.34730808080808073,0.2,0.6,0.48438156307972796,9.0","0,0,0"
37.31666666666667,108,AV,1,1,5,9,5,0,0,94,1809.16611953512,0.5,-1.130808080808081,"0.5018514492753623,0.23225347222222223,0.34880434782608694,0.5,0.94,0.08700713454697676,10.0","0,0,0"
32.03333333333333,212,AV,1,1,5,1,8,0,0,76,640.5426603936758,0.5,-0.9707070707070706,"0.4811153846153846,0.26179090909090913,0.35546794871794873,0.5,0.76,0.03080523166677017,13.0","0,0,0"
47.3,257,AV,2,2,3,3,7,0,0,84,1434.2863071033526,0.4,-1.1466666666666667,"0.3961521739130434,0.2473928571428571,0.33040789473684207,0.4,0.84,0.06897826592789302,7.0","0,0,0"
16.75,69,AV,1,2,9,2,0,0,0,16,2744.8905386527767,0.3,-0.3045454545454545,"0.3496666666666667,0.2118965517241379,0.31593589743589745,0.3,0.16,0.13200836442518263,9.0","0,0,0"
65.88333333333334,112,AV,0,7,5,0,2,0,0,69,1929.5758599688188,0.1,-0.39929292929292937,"0.4231847826086957,0.2385886524822695,0.3553439716312057,0.1,0.69,0.09279792753915007,9.0","0,0,0"
21.65,24,AV,1,0,5,1,0,0,0,31,1626.914224999384,0.8,-1.0496969696969696,"0.41397727272727275,0.26884770114942524,0.32031578947368433,0.8,0.31,0.07824220415275356,5.0","0,0,0"
41.65,50,AV,0,7,5,8,1,0,0,44,1614.9493849180149,0.7,-1.7669696969696966,"0.46330416666666663,0.2410928961748634,0.34443421052631584,0.7,0.44,0.07766678631823196,8.0","0,0,0"
13.45,54,AV,1,1,8,3,1,0,0,1,5912.288420941998,0.1,-0.08151515151515151,"0.5050570175438597,0.242530303030303,0.3466064814814815,0.1,0.01,0.28433611958951305,9.0","0,0,0"
27.0,163,AV,1,0,5,0,1,0,0,61,3476.696831582168,0.3,-0.4909090909090909,"0.3763939393939394,0.24638271604938272,0.3334007936507936,0.3,0.61,0.16720268290357254,6.0","0,0,0"
18.633333333333333,230,AV,1,0,4,7,3,0,0,20,3759.463069718096,0.6,-0.6775757575757575,"0.5156239316239316,0.2559774011299435,0.3665912698412698,0.6,0.2,0.18080158897481655,7.0","0,0,0"
8.733333333333333,128,AV,0,6,9,6,4,0,0,2,1444.5182772575097,0.2,-0.10585858585858586,"0.5189133333333333,0.23819105691056916,0.3527008547008547,0.2,0.02,0.06947034589460839,10.0","0,0,0"
46.96666666666667,208,AV,2,2,2,8,7,0,0,77,4266.216809230351,0.1,-0.28464646464646465,"0.44807751937984497,0.2613666666666667,0.35143253968253974,0.1,0.77,0.20517259079705716,15.0","0,0,0"
23.433333333333334,104,AV,1,2,6,5,0,0,0,46,1597.8734280578535,0.2,-0.28404040404040404,"0.3754369369369369,0.2419461538461538,0.3219675925925926,0.2,0.46,0.07684556262848466,6.0","0,0,0"
25.233333333333334,280,AV,2,3,2,1,7,0,0,9,2965.4163440895786,0.1,-0.15292929292929294,"0.43768627450980396,0.22675661375661366,0.3187480620155038,0.1,0.09,0.14261397892212588,7.0","0,0,0"
28.716666666666665,144,AV,2,1,1,4,5,0,0,34,3580.4564780460023,0.8,-1.3923232323232324,"0.4385509259259259,0.2576729559748428,0.36053030303030303,0.8,0.34,0.17219273297301851,9.0","0,0,0"
25.183333333333334,170,AV,1,0,5,3,4,0,0,52,950.4213588862824,0.1,-0.15262626262626264,"0.39905172413793105,0.2272786885245902,0.34665740740740747,0.1,0.52,0.04570804093445438,9.0","0,0,0"
47.266666666666666,209,AV,2,1,1,6,1,0,0,95,5370.167679594476,0.1,-0.2864646464646465,"0.39369696969696977,0.24034139784946235,0.3548431372549019,0.1,0.95,0.2582642338882426,7.0","0,0,0"
21.5,281,AV,1,0,9,1,2,0,0,29,892.1845339920479,0.2,-0.2606060606060606,"0.5000243902439024,0.2524328358208955,0.34042473118279576,0.2,0.29,0.042907292454561666,11.0","0,0,0"
22.566666666666666,37,AV,1,2,5,7,10,0,0,42,4705.31956239884,0.3,-0.4103030303030303,"0.39439189189189183,0.2436982758620689,0.34505925925925923,0.3,0.42,0.2262900945532605,15.0","0,0,0"
39.1,162,AV,1,0,4,7,3,0,0,96,1824.367004680513,0.2,-0.47393939393939394,"0.36311111111111116,0.2324777777777778,0.3280571428571429,0.2,0.96,0.08773818154415255,7.0","0,0,0"
65.96666666666667,217,AV,0,9,3,6,7,0,0,68,3230.862018062417,0.1,-0.3997979797979798,"0.44221929824561407,0.2555204678362573,0.34938148148148146,0.1,0.68,0.15537989755219744,16.0","0,0,0"
29.0,207,AV,2,2,0,7,1,0,0,27,979.5720138781878,0.8,-1.4060606060606062,"0.4334081632653061,0.2554660493827161,0.3363603603603603,0.8,0.27,0.04710996579565228,8.0","0,0,0"
28.9,21,AV,2,2,1,4,3,0,0,19,3942.222625638348,0.2,-0.35030303030303034,"0.5197103174603175,0.26393965517241375,0.3758041666666667,0.2,0.19,0.18959093402168548,7.0","0,0,0"
15.633333333333333,32,AV,1,3,9,7,4,0,0,10,1587.6148581174584,0.3,-0.28424242424242424,"0.36241203703703706,0.2525846994535519,0.37357142857142855,0.3,0.1,0.07635220341429991,13.0","0,0,0"
43.61666666666667,267,AV,2,3,0,0,6,0,0,84,1074.3823512953045,0.2,-0.5286868686868686,"0.355239837398374,0.24101190476190473,0.3459195402298851,0.2,0.84,0.0516696221450731,6.0","0,0,0"
81.63333333333334,82,AV,0,7,1,0,3,0,0,90,1659.6531244520008,0.1,-0.49474747474747477,"0.45986574074074077,0.23740251572327042,0.3652407407407407,0.1,0.9,0.07981669628967558,10.0","0,0,0"
28.566666666666666,115,AV,1,0,4,0,9,0,0,67,2225.3307045190536,0.3,-0.5193939393939394,"0.4723974358974359,0.2638666666666667,0.3410509259259259,0.3,0.67,0.10702148682143131,13.0","0,0,0"
22.766666666666666,203,AV,0,8,9,9,7,0,0,20,477.1303205766694,0.3,-0.41393939393939394,"0.5027777777777778,0.2794076923076923,0.35918390804597705,0.3,0.2,0.022946340609962184,15.0","0,0,0"
27.966666666666665,165,AV,1,2,6,6,0,0,0,61,4412.688598555705,0.2,-0.33898989898989895,"0.42848299319727895,0.25025000000000003,0.3472979797979798,0.2,0.61,0.21221677018089516,6.0","0,0,0"
16.283333333333335,215,AV,1,3,7,8,8,0,0,16,3778.090807703549,0.1,-0.09868686868686871,"0.5055964912280703,0.23784408602150534,0.3322083333333333,0.1,0.16,0.18169744153788722,15.0","0,0,0"
21.9,139,AV,2,2,2,8,0,0,0,7,1244.4027248274256,0.1,-0.13272727272727272,"0.4020915032679738,0.2244090909090909,0.33389705882352944,0.1,0.07,0.05984630938009477,8.0","0,0,0"
28.65,234,AV,1,2,6,5,0,0,0,63,1017.530975349866,0.1,-0.17363636363636364,"0.49639743589743596,0.264741134751773,0.3931559139784946,0.1,0.63,0.048935503225503364,6.0","0,0,0"
37.78333333333333,117,AV,2,2,3,7,9,0,0,68,801.7987355487146,0.8,-1.831919191919192,"0.34705555555555556,0.24513383838383843,0.342140625,0.8,0.68,0.03856042278826712,16.0","0,0,0"
37.25,288,AV,2,3,0,2,6,0,0,72,4223.122456076251,0.1,-0.2257575757575758,"0.4701176470588236,0.22919945355191257,0.3501619047619047,0.1,0.72,0.20310008007368746,6.0","0,0,0"
22.616666666666667,260,AV,1,0,7,5,1,0,0,34,978.4447105201264,0.2,-0.2741414141414142,"0.39975268817204307,0.24660199004975122,0.3462222222222222,0.2,0.34,0.04705575107546101,8.0","0,0,0"
58.85,220,AV,0,8,9,1,6,0,0,61,2456.6540037696086,0.2,-0.7133333333333334,"0.43711111111111106,0.246125641025641,0.3417777777777779,0.2,0.61,0.11814637867321734,14.0","0,0,0"
16.0,135,AV,1,0,5,1,10,0,0,11,5568.958209200236,0.1,-0.09696969696969698,"0.298087962962963,0.21192349726775955,0.3181458333333334,0.1,0.11,0.2678245468795767,15.0","0,0,0"
20.5,78,AV,1,3,7,5,7,0,0,24,1022.032321197676,0.1,-0.12424242424242425,"0.5152103174603174,0.260578947368421,0.37703763440860216,0.1,0.24,0.049151983735277405,14.0","0,0,0"
31.533333333333335,276,AV,2,1,0,9,8,0,0,24,7128.986247371214,0.9,-1.7200000000000002,"0.5014397163120567,0.2681327160493827,0.35824786324786323,0.9,0.24,0.34285003400790975,17.0","0,0,0"
38.06666666666667,175,AV,1,2,5,4,1,0,0,95,3361.758609282253,0.2,-0.4614141414141415,"0.536232558139535,0.28262146892655365,0.38249122807017544,0.2,0.95,0.16167502833152653,6.0","0,0,0"
13.133333333333333,177,AV,1,0,7,9,4,0,0,6,1421.705549214182,1.0,-0.795959595959596,"0.3758518518518518,0.24333024691358024,0.32507083333333336,1.0,0.06,0.06837322712988189,11.0","0,0,0"
30.166666666666668,294,AV,2,0,2,8,0,0,0,24,1117.0806745336297,0.3,-0.5484848484848485,"0.5750555555555557,0.28951190476190475,0.39885042735042736,0.3,0.24,0.05372308684066549,8.0","0,0,0"
28.733333333333334,286,AV,1,3,4,1,8,0,0,68,449.0833195935783,0.2,-0.3482828282828283,"0.461198275862069,0.2466282051282051,0.3232722222222222,0.2,0.68,0.021597493115072083,12.0","0,0,0"
43.13333333333333,239,AV,2,0,2,9,7,0,0,77,3863.855435177377,0.4,-1.0456565656565657,"0.3132170542635659,0.24049685534591198,0.334406862745098,0.4,0.77,0.18582206801713178,16.0","0,0,0"
48.583333333333336,271,AV,0,5,5,2,1,0,0,50,1805.1606101798543,0.2,-0.5888888888888889,"0.4811585365853659,0.2698220338983051,0.34479166666666666,0.2,0.5,0.08681450000245393,6.0","0,0,0"
15.783333333333333,211,AV,1,3,4,2,4,0,0,10,1697.366940102563,0.2,-0.19131313131313132,"0.47358510638297874,0.2337040229885058,0.31960476190476195,0.2,0.1,0.08163044406947123,8.0","0,0,0"
15.866666666666667,118,AV,1,2,6,7,7,0,0,3,2035.9911412414244,0.3,-0.28848484848484846,"0.4336047619047618,0.2563728813559322,0.33432936507936506,0.3,0.03,0.09791569345106042,13.0","0,0,0"
26.183333333333334,140,AV,0,6,9,6,3,0,0,27,5458.612723313221,0.1,-0.1586868686868687,"0.4942833333333333,0.2506666666666667,0.3626619047619047,0.1,0.27,0.2625177680086071,9.0","0,0,0"
24.233333333333334,101,AV,1,3,5,1,2,0,0,49,1594.6992934726818,0.3,-0.4406060606060606,"0.44159183673469393,0.24973333333333333,0.3611388888888889,0.3,0.49,0.07669291088913349,7.0","0,0,0"
72.86666666666666,70,AV,0,7,1,0,5,0,0,77,3773.692032315799,0.3,-1.3248484848484847,"0.4810416666666666,0.25390104166666666,0.36393229166666663,0.3,0.77,0.18148589388735847,12.0","0,0,0"
26.933333333333334,290,AV,1,2,8,5,3,0,0,52,1391.0507319816634,0.6,-0.9793939393939394,"0.5146486486486487,0.2568521505376344,0.3816208333333334,0.6,0.52,0.06689896350164852,11.0","0,0,0"
33.28333333333333,285,AV,0,5,2,2,10,0,0,33,1194.3606142611325,0.2,-0.4034343434343434,"0.4920509259259259,0.24772413793103443,0.3396619047619048,0.2,0.33,0.05743966435173499,15.0","0,0,0"
85.28333333333333,68,AV,0,4,0,6,2,0,0,94,583.3206434887895,0.3,-1.5506060606060605,"0.5476965811965812,0.2618776041666666,0.3814010416666666,0.3,0.94,0.028053287735180215,6.0","0,0,0"
15.6,44,AV,0,6,4,4,8,0,0,14,1519.7273932229994,0.3,-0.28363636363636363,"0.5115793650793652,0.23964545454545455,0.366531007751938,0.3,0.14,0.07308733252801383,14.0","0,0,0"
28.316666666666666,102,AV,1,2,5,2,6,0,0,64,5985.732437913218,0.2,-0.3432323232323233,"0.4428455284552846,0.2540086206896552,0.3271989247311828,0.2,0.64,0.2878682183820371,11.0","0,0,0"
18.5,180,AV,1,0,7,2,0,0,0,14,3742.7752140142647,1.0,-1.121212121212121,"0.4441623931623932,0.2629326923076923,0.35469927536231893,1.0,0.14,0.17999902999980277,7.0","0,0,0"
13.566666666666666,279,AV,1,1,8,9,4,0,0,4,1822.2981036688468,0.1,-0.08222222222222222,"0.26246794871794876,0.20508333333333334,0.2963888888888888,0.1,0.04,0.08763868313616077,12.0","0,0,0"
37.3,256,AV,2,3,3,0,10,0,0,57,1323.5149786113286,0.1,-0.22606060606060605,"0.5337021276595745,0.25498039215686275,0.3678253968253968,0.1,0.57,0.06365100726547157,10.0","0,0,0"
23.116666666666667,182,AV,1,1,9,3,3,0,0,39,4572.8741748457805,0.4,-0.5604040404040405,"0.5494965277777777,0.2520081967213115,0.34776881720430114,0.4,0.39,0.21992047844641197,12.0","0,0,0"
25.916666666666668,53,AV,0,7,5,0,0,0,0,29,938.3100494872764,0.2,-0.31414141414141417,"0.43566346153846164,0.2404878048780488,0.3344751773049645,0.2,0.29,0.04512557903941836,7.0","0,0,0"
38.016666666666666,181,AV,2,3,2,6,6,0,0,49,1541.4014724042315,0.4,-0.9216161616161616,"0.5074333333333334,0.27349206349206345,0.36566216216216213,0.4,0.49,0.07412969094006937,12.0","0,0,0"
22.933333333333334,63,AV,1,1,6,7,1,0,0,36,1150.4391077840953,0.1,-0.138989898989899,"0.4147537878787879,0.2254632768361581,0.29771354166666664,0.1,0.36,0.05532737384270454,7.0","0,0,0"
20.35,16,AV,1,2,5,5,5,0,0,26,1717.0377309640771,0.2,-0.2466666666666667,"0.25909349593495934,0.21351149425287358,0.3299234234234234,0.2,0.26,0.08257645954513855,10.0","0,0,0"
46.05,284,AV,2,3,2,5,10,0,0,99,741.34301771214,0.4,-1.1163636363636362,"0.4867073170731707,0.25136494252873565,0.37063008130081293,0.4,0.99,0.03565296242896494,15.0","0,0,0"
38.8,204,AV,2,1,2,6,0,0,0,58,10450.70686878338,0.3,-0.7054545454545454,"0.449435606060606,0.24617486338797814,0.3332142857142857,0.3,0.58,0.5025995395474784,6.0","0,0,0"
12.0,221,AV,1,0,6,5,3,0,0,1,2052.607856914241,0.1,-0.07272727272727274,"0.4212777777777778,0.2562848484848485,0.38049999999999995,0.1,0.01,0.09871483113148809,9.0","0,0,0"
37.266666666666666,274,AV,1,0,7,7,1,0,0,83,1945.516475481125,0.4,-0.9034343434343435,"0.3689285714285714,0.2546446540880503,0.3423947368421053,0.4,0.83,0.09356454994251304,8.0","0,0,0"
18.383333333333333,219,AV,1,1,9,3,4,0,0,23,3531.3895067900216,0.3,-0.33424242424242423,"0.38341463414634147,0.2274822695035461,0.32829583333333334,0.3,0.23,0.16983298473111647,13.0","0,0,0"
6.833333333333333,29,AV,0,8,1,4,0,0,0,3,3882.59008652233,0.6,-0.24848484848484848,"0.28738775510204084,0.21745098039215688,0.3200541666666667,0.6,0.03,0.18672306229989,8.0","0,0,0"
27.633333333333333,95,AV,2,2,1,2,9,0,0,25,3236.647802754315,0.1,-0.16747474747474747,"0.5668387096774193,0.2583926940639269,0.3468888888888889,0.1,0.25,0.1556581498042776,9.0","0,0,0"
14.883333333333333,206,AV,1,3,7,2,0,0,0,8,3933.772930850901,0.3,-0.27060606060606057,"0.4331018518518519,0.23372222222222225,0.322359649122807,0.3,0.08,0.1891845679487672,7.0","0,0,0"
27.783333333333335,11,AV,0,5,1,0,0,0,0,30,1546.5147326922538,0.4,-0.6735353535353537,"0.41325757575757577,0.23935849056603775,0.3449444444444444,0.4,0.3,0.07437559988179109,5.0","0,0,0"
46.88333333333333,64,AV,0,8,8,0,0,0,0,50,5168.6614957092925,0.3,-0.8524242424242423,"0.45118859649122806,0.24119722222222223,0.33754273504273496,0.3,0.5,0.24857331857425743,8.0","0,0,0"
14.75,218,AV,1,2,9,1,3,0,0,7,3630.005597296026,0.1,-0.0893939393939394,"0.5622925925925926,0.28687345679012344,0.381712962962963,0.1,0.07,0.17457566886747292,12.0","0,0,0"
26.716666666666665,48,AV,1,0,5,4,6,0,0,59,776.0711537761008,0.1,-0.1619191919191919,"0.44299099099099093,0.2598942307692308,0.36406862745098034,0.1,0.59,0.03732312172194307,11.0","0,0,0"
29.633333333333333,287,AV,1,3,7,8,2,0,0,69,7332.887514065835,0.2,-0.35919191919191923,"0.49699999999999994,0.25564666666666663,0.3211319444444445,0.2,0.69,0.3526561345942708,9.0","0,0,0"
30.483333333333334,4,AV,1,2,4,0,2,0,0,75,753.5670156580491,0.2,-0.36949494949494954,"0.44272592592592597,0.24607777777777773,0.3344047619047618,0.2,0.75,0.03624084378629158,6.0","0,0,0"
10.433333333333334,228,AV,0,7,2,5,0,0,0,4,3278.222126324269,0.2,-0.12646464646464647,"0.42852439024390243,0.2598299319727892,0.37445833333333334,0.2,0.04,0.1576575586620336,7.0","0,0,0"
41.4,249,AV,2,3,2,1,6,0,0,78,1386.7650627050614,0.1,-0.2509090909090909,"0.5097551020408164,0.29261607142857143,0.3811619047619047,0.1,0.78,0.06669285539507566,6.0","0,0,0"
44.46666666666667,229,AV,2,3,1,8,5,0,0,96,954.0002559944874,0.4,-1.077979797979798,"0.43027651515151516,0.24291176470588233,0.3316589147286822,0.4,0.96,0.045880158673594545,13.0","0,0,0"
34.86666666666667,295,AV,0,5,2,1,14,0,0,37,626.2908344343901,0.1,-0.2113131313131313,"0.35236458333333337,0.21845833333333334,0.3250583333333333,0.1,0.37,0.03011982720037529,19.0","0,0,0"
30.5,120,AV,1,1,7,2,10,0,0,69,3628.2404526711953,0.7,-1.2939393939393937,"0.37105833333333327,0.22632485875706215,0.33852631578947373,0.7,0.69,0.17449077883210845,17.0","0,0,0"
32.78333333333333,189,AV,1,2,5,3,7,0,0,80,3523.1638559153366,0.4,-0.7947474747474748,"0.3371951219512194,0.2148857142857143,0.31607471264367815,0.4,0.8,0.16943739346690792,12.0","0,0,0"
39.03333333333333,188,AV,2,3,1,6,1,0,0,69,20793.30768626012,0.9,-2.129090909090909,"0.44032075471698107,0.2636209677419355,0.32611333333333337,0.9,0.69,1.0,7.0","0,0,0"
19.533333333333335,186,AV,1,2,5,7,3,0,0,22,1716.9764066453156,0.2,-0.2367676767676768,"0.3932777777777778,0.24975574712643678,0.369220430107527,0.2,0.22,0.08257351031167907,8.0","0,0,0"
37.516666666666666,129,AV,1,3,4,1,16,0,0,95,1020.7360413649084,0.3,-0.682121212121212,"0.40091269841269833,0.2380943396226416,0.3373428571428571,0.3,0.95,0.04908964253144747,20.0","0,0,0"
43.166666666666664,67,AV,2,3,0,0,7,0,0,83,4662.282088415262,0.3,-0.7848484848484848,"0.41373913043478266,0.22039583333333337,0.32725833333333326,0.3,0.83,0.2242203192855181,7.0","0,0,0"
69.25,238,AV,0,4,4,6,3,0,0,73,1129.1321270070612,0.2,-0.8393939393939395,"0.4042258064516129,0.2364225352112676,0.3352456140350877,0.2,0.73,0.05430267007269716,7.0","0,0,0"
40.416666666666664,86,AV,2,2,1,5,13,0,0,60,615.3970356119416,0.1,-0.24494949494949494,"0.38014492753623186,0.23637106918238993,0.3503252032520324,0.1,0.6,0.029595918306859183,18.0","0,0,0"
43.93333333333333,7,AV,2,0,1,5,0,0,0,76,636.6552097563458,0.9,-2.3963636363636365,"0.39480232558139533,0.24035519125683058,0.3265555555555555,0.9,0.76,0.030618274848933116,5.0","0,0,0"
29.55,171,AV,1,3,8,4,1,0,0,69,473.5024380788758,0.2,-0.3581818181818182,"0.36511711711711703,0.22884166666666667,0.30527477477477477,0.2,0.69,0.022771867046038015,9.0","0,0,0"
64.45,299,AV,0,8,7,3,1,0,0,66,8689.506535985933,0.4,-1.5624242424242425,"0.4035108695652175,0.24906388888888886,0.33149999999999996,0.4,0.66,0.4178991946398128,9.0","0,0,0"
29.416666666666668,127,AV,2,0,1,1,7,0,0,20,5003.647877951615,0.9,-1.6045454545454547,"0.4057348484848485,0.2298220338983051,0.342990990990991,0.9,0.2,0.24063741822365012,7.0","0,0,0"
88.5,141,AV,0,6,6,9,8,0,0,99,1517.942512651984,0.1,-0.5363636363636364,"0.36657083333333335,0.22271614583333335,0.31079166666666663,0.1,0.99,0.07300149334369807,14.0","0,0,0"
40.71666666666667,36,AV,2,0,2,0,7,0,0,84,8139.327108000771,0.1,-0.2467676767676768,"0.4737708333333333,0.26285000000000003,0.3880219298245614,0.1,0.84,0.39143974738464077,7.0","0,0,0"
18.266666666666666,254,AV,1,2,8,7,4,0,0,19,1885.557658153182,0.8,-0.8856565656565657,"0.46419819819819813,0.261360119047619,0.3483439716312056,0.8,0.19,0.09068098671954573,12.0","0,0,0"
25.116666666666667,261,AV,1,0,5,1,7,0,0,45,2218.0502812558643,0.6,-0.9133333333333332,"0.4836372549019607,0.2593655913978494,0.35004924242424246,0.6,0.45,0.10667135381839783,12.0","0,0,0"
34.81666666666667,60,AV,2,1,1,1,8,0,0,43,4656.548587392589,0.5,-1.0550505050505052,"0.532578125,0.2536005291005291,0.3779892473118279,0.5,0.43,0.22394458148039434,8.0","0,0,0"
16.833333333333332,277,AV,1,0,4,5,1,0,0,11,6995.337061486569,0.2,-0.20404040404040402,"0.48453100775193797,0.259875,0.3609848484848485,0.2,0.11,0.3364225243542649,5.0","0,0,0"
44.96666666666667,263,AV,0,6,6,5,1,0,0,48,5502.789496653042,0.3,-0.8175757575757575,"0.5320795454545455,0.2725591397849463,0.3389607843137255,0.3,0.48,0.26464233491284295,7.0","0,0,0"
38.21666666666667,269,AV,1,3,4,2,7,0,0,97,4446.537177105173,0.2,-0.4632323232323232,"0.4845188679245283,0.25725555555555557,0.3676111111111111,0.2,0.97,0.21384462944504845,11.0","0,0,0"
15.8,147,AV,0,4,8,3,10,0,0,13,4113.319853961603,1.0,-0.9575757575757576,"0.4722520325203252,0.2389650537634408,0.3465405405405406,1.0,0.13,0.19781940978440954,14.0","0,0,0"
5.333333333333333,193,AV,0,8,7,2,4,0,0,1,948.3478854920526,0.1,-0.03232323232323232,"0.4453130081300813,0.2451380208333334,0.3448833333333334,0.1,0.01,0.04560832262962691,12.0","0,0,0"
26.7,111,AV,1,0,6,7,11,0,0,58,11185.875164713363,0.2,-0.32363636363636367,"0.3779607843137255,0.2438457711442786,0.3197179487179487,0.2,0.58,0.5379555448075637,17.0","0,0,0"
26.466666666666665,52,AV,1,1,5,5,1,0,0,57,4304.4895651906745,0.1,-0.1604040404040404,"0.44569551282051284,0.2653743169398907,0.34951851851851856,0.1,0.57,0.207013219355909,6.0","0,0,0"
76.4,9,AV,0,8,8,5,1,0,0,82,2293.603195459698,0.3,-1.3890909090909092,"0.3860285714285714,0.21209950248756226,0.3162938596491228,0.3,0.82,0.11030487453303418,9.0","0,0,0"
14.866666666666667,185,AV,1,3,4,1,3,0,0,6,2078.9202215407213,1.0,-0.901010101010101,"0.48778333333333335,0.27198449612403097,0.35868803418803424,1.0,0.06,0.09998025580674873,7.0","0,0,0"
46.3,34,AV,2,1,0,3,5,0,0,88,2872.269398564857,0.1,-0.2806060606060606,"0.4565945945945946,0.25553286384976526,0.34434090909090914,0.1,0.88,0.13813431907530546,5.0","0,0,0"
46.65,73,AV,2,1,3,8,3,0,0,94,4968.170350229253,0.1,-0.2827272727272727,"0.42234146341463413,0.24039583333333334,0.34227142857142867,0.1,0.94,0.23893121888982288,11.0","0,0,0"
20.7,134,AV,1,0,4,1,1,0,0,26,588.8906571209208,0.1,-0.12545454545454546,"0.6166292517006804,0.28669753086419747,0.3809549549549549,0.1,0.26,0.02832116303987798,5.0","0,0,0"
16.166666666666668,194,AV,1,1,5,0,0,0,0,5,11049.706566164488,0.4,-0.391919191919192,"0.37359689922480627,0.2435307692307692,0.3401614583333333,0.4,0.05,0.5314068705608562,5.0","0,0,0"
42.61666666666667,161,AV,2,2,1,2,7,0,0,76,2953.464044858564,0.2,-0.5165656565656566,"0.34282905982905987,0.22373391812865495,0.3451965811965812,0.2,0.76,0.14203916420715332,7.0","0,0,0"
35.95,236,AV,2,3,0,1,8,0,0,57,3458.1247672483346,0.2,-0.43575757575757584,"0.3627500000000001,0.2404970760233918,0.31389035087719297,0.2,0.57,0.16630950781983606,8.0","0,0,0"
28.516666666666666,8,AV,2,0,3,4,12,0,0,26,4159.866430607663,0.2,-0.34565656565656566,"0.4956944444444445,0.27010897435897435,0.363474358974359,0.2,0.26,0.20005794620912742,16.0","0,0,0"
15.566666666666666,146,AV,1,0,5,4,1,0,0,10,3724.6301341612702,0.1,-0.09434343434343434,"0.36427519379844964,0.24570567375886523,0.33000980392156865,0.1,0.1,0.17912638962306346,6.0","0,0,0"
30.216666666666665,201,AV,1,1,5,0,7,0,0,72,4889.272753955773,0.3,-0.5493939393939393,"0.4671805555555555,0.2554685990338164,0.32119047619047614,0.3,0.72,0.2351368443985718,12.0","0,0,0"
27.866666666666667,27,AV,1,0,5,1,8,0,0,56,1234.5997004771,0.3,-0.5066666666666666,"0.3977857142857143,0.24900862068965515,0.336225,0.3,0.56,0.059374858445099786,13.0","0,0,0"
21.65,31,AV,1,1,4,2,2,0,0,36,3919.41152379869,0.1,-0.1312121212121212,"0.49806504065040663,0.25990983606557383,0.3648947368421052,0.1,0.36,0.18849389346499082,6.0","0,0,0"
39.3,47,AV,1,1,5,0,9,0,0,98,923.9636394510808,0.3,-0.7145454545454545,"0.4208991228070175,0.2439543010752688,0.31377916666666666,0.3,0.98,0.04443562579808411,14.0","0,0,0"
76.35,23,AV,0,9,5,3,7,0,0,82,877.2934597877683,0.4,-1.8509090909090908,"0.44801360544217694,0.2720256410256411,0.3053717948717949,0.4,0.82,0.04219114500803879,16.0","0,0,0"
30.55,265,AV,1,0,6,3,2,0,0,74,4459.768546990965,0.1,-0.18515151515151518,"0.4173564814814814,0.2411913580246913,0.35370085470085477,0.1,0.74,0.21448095773323778,8.0","0,0,0"
34.68333333333333,183,AV,2,3,2,0,10,0,0,45,1200.7903182940884,0.3,-0.6306060606060605,"0.29078682170542636,0.2054640522875817,0.3019746376811594,0.3,0.45,0.057748884228147654,10.0","0,0,0"
