travel_time,id,kind,action,origin,destination,start_time,income,urgency,reward,observation,cost_table
33.333333333333336,101,AV,1,0,0,77,1503.4428459110418,0.4,-33.333333333333336,"0.6018963414634146,0.31663706140350883,0.33842452830188685,0.4,0.77,0.0723041696201366","0,0,0"
15.266666666666667,255,AV,0,0,0,36,5590.116807812239,0.1,-15.266666666666667,"0.15937654320987651,0.12875925925925924,0.154451476793249,0.1,0.36,0.26884211459565416","0,0,0"
30.466666666666665,99,AV,1,0,0,60,1485.5718097438446,0.1,-30.466666666666665,"0.5067088888888889,0.27324853801169585,0.299122340425532,0.1,0.6,0.07144470866102204","0,0,0"
5.15,52,AV,0,0,0,12,946.1123250925148,0.1,-5.15,"0.05064814814814814,0.06866666666666667,0.10077777777777777,0.1,0.12,0.04550080917225548","0,0,0"
27.75,299,AV,0,0,0,50,20793.30768626012,0.3,-27.75,"0.3467575757575757,0.2016390243902439,0.22726149425287356,0.3,0.5,1.0","0,0,0"
19.1,278,AV,2,0,0,43,8029.700924090037,0.1,-19.1,"0.24351685393258424,0.15667251461988305,0.18247083333333328,0.1,0.43,0.386167561469594","0,0,0"
35.28333333333333,199,AV,1,0,0,82,3257.3450634265246,0.4,-35.28333333333333,"0.6445568181818183,0.32913020833333334,0.35168297101449275,0.4,0.82,0.15665353067318508","0,0,0"
32.86666666666667,157,AV,2,0,0,68,2411.397471856681,0.1,-32.86666666666667,"0.5554051282051282,0.29849279835390946,0.322693215339233,0.1,0.68,0.11596988359144483","0,0,0"
14.333333333333334,23,AV,2,0,0,31,646.5589615252754,0.8,-14.333333333333334,"0.11436309523809525,0.10424242424242423,0.13495,0.8,0.31,0.031094570006892704","0,0,0"
14.35,40,AV,2,0,0,21,857.6590975250949,0.1,-14.35,"0.06653639846743296,0.0821770833333333,0.1167037037037037,0.1,0.21,0.041246881470994735","0,0,0"
13.716666666666667,162,AV,1,0,0,37,2476.7673195544394,0.1,-13.716666666666667,"0.16929333333333332,0.13253385416666666,0.1574634703196347,0.1,0.37,0.11911367623300487","0,0,0"
26.1,239,AV,2,0,0,53,4577.590037133467,0.1,-26.1,"0.3977139917695473,0.2294017543859649,0.25464975845410626,0.1,0.53,0.22014727556589106","0,0,0"
32.05,106,AV,1,0,0,65,1567.0706205360798,0.2,-32.05,"0.5406076923076922,0.28893167701863354,0.31328508771929825,0.2,0.65,0.07536418179256658","0,0,0"
23.283333333333335,251,AV,1,0,0,50,5003.647877951615,0.1,-23.283333333333335,"0.3467575757575757,0.2016390243902439,0.22726149425287356,0.1,0.5,0.24063741822365012","0,0,0"
28.433333333333334,4,AV,1,0,0,57,465.3670128771111,0.2,-28.433333333333334,"0.46501709401709407,0.25664583333333335,0.2771545454545455,0.2,0.57,0.0223806149506756","0,0,0"
30.1,26,AV,1,0,0,59,676.2529471816457,0.2,-30.1,"0.4940705128205129,0.2693419047619047,0.2923620689655172,0.2,0.59,0.03252262494189429","0,0,0"
29.266666666666666,229,AV,0,0,0,51,4223.122456076251,0.1,-29.266666666666666,"0.37360326086956525,0.21454058721934374,0.24380909090909092,0.1,0.51,0.20310008007368746","0,0,0"
26.666666666666668,282,AV,1,0,0,54,8475.089255911002,0.6,-26.666666666666668,"0.42726623376623374,0.24079537037037035,0.26535542168674703,0.6,0.54,0.40758735376725097","0,0,0"
27.733333333333334,39,AV,1,0,0,56,849.0657401736111,0.1,-27.733333333333334,"0.45575105485232065,0.2516634408602151,0.2726462264150944,0.1,0.56,0.040833606321069346","0,0,0"
25.366666666666667,258,AV,1,0,0,53,5721.231751015957,0.6,-25.366666666666667,"0.3977139917695473,0.2294017543859649,0.25464975845410626,0.6,0.53,0.2751477464451918","0,0,0"
19.883333333333333,167,AV,1,0,0,47,2561.5826276178027,0.7,-19.883333333333333,"0.30052864583333333,0.17824358974358975,0.20444680851063832,0.7,0.47,0.12319264766665551","0,0,0"
33.983333333333334,116,AV,2,0,0,71,1716.9764066453156,0.4,-33.983333333333334,"0.5685164319248825,0.30497784810126577,0.3262792792792792,0.4,0.71,0.08257351031167907","0,0,0"
32.2,68,AV,1,0,0,68,1100.389953660579,0.2,-32.2,"0.5554051282051282,0.29849279835390946,0.322693215339233,0.2,0.68,0.052920390072797266","0,0,0"
21.35,179,AV,2,0,0,47,2818.3733061874163,0.4,-21.35,"0.30052864583333333,0.17824358974358975,0.20444680851063832,0.4,0.47,0.13554232682517134","0,0,0"
14.166666666666666,6,AV,1,0,0,38,491.0984231068265,0.6,-14.166666666666666,"0.17745180722891565,0.1351132596685083,0.16112938596491225,0.6,0.38,0.023618100136676975","0,0,0"
33.81666666666667,169,AV,1,0,0,79,2645.062412614309,0.1,-33.81666666666667,"0.6237764705882354,0.3241718106995885,0.3470985663082437,0.1,0.79,0.1272073905952983","0,0,0"
15.266666666666667,264,AV,1,0,0,40,5912.288420941998,0.3,-15.266666666666667,"0.20440175438596486,0.14585087719298248,0.17056081081081081,0.3,0.4,0.28433611958951305","0,0,0"
19.2,12,AV,1,0,0,46,571.0932451196882,0.4,-19.2,"0.2862029914529915,0.17428197674418605,0.19926296296296298,0.4,0.46,0.027465242843352784","0,0,0"
27.016666666666666,93,AV,1,0,0,54,1434.4967426379471,0.9,-27.016666666666666,"0.42726623376623374,0.24079537037037035,0.26535542168674703,0.9,0.54,0.06898838627708276","0,0,0"
29.25,297,AV,1,0,0,58,17693.100214811147,0.6,-29.25,"0.4753628691983123,0.26120781893004114,0.28277104377104373,0.6,0.58,0.8509035927219247","0,0,0"
28.733333333333334,187,AV,1,0,0,57,2909.8477340427667,0.4,-28.733333333333334,"0.46501709401709407,0.25664583333333335,0.2771545454545455,0.4,0.57,0.13994155128890565","0,0,0"
24.2,22,AV,1,0,0,50,640.5426603936758,0.5,-24.2,"0.3467575757575757,0.2016390243902439,0.22726149425287356,0.5,0.5,0.03080523166677017","0,0,0"
20.983333333333334,166,AV,1,0,0,48,2553.8725848963804,0.3,-20.983333333333334,"0.32832275132275135,0.19133783783783787,0.216411231884058,0.3,0.48,0.122821853234247","0,0,0"
21.066666666666666,245,AV,1,0,0,48,4689.4303597647895,0.4,-21.066666666666666,"0.32832275132275135,0.19133783783783787,0.216411231884058,0.4,0.48,0.22552594471842924","0,0,0"
27.8,0,AV,1,0,0,55,417.8295094645922,0.4,-27.8,"0.4470476190476191,0.2476024844720497,0.2706568627450981,0.4,0.55,0.02009442248289757","0,0,0"
35.36666666666667,242,AV,2,0,0,81,4635.813442599864,0.1,-35.36666666666667,"0.6358252032520326,0.32687878787878794,0.34948028673835124,0.1,0.81,0.222947378673338","0,0,0"
25.516666666666666,79,AV,2,0,0,53,1260.3927948639828,0.4,-25.516666666666666,"0.3977139917695473,0.2294017543859649,0.25464975845410626,0.4,0.53,0.06061531017005197","0,0,0"
33.733333333333334,244,AV,2,0,0,66,4687.914961676448,0.5,-33.733333333333334,"0.5419867724867725,0.29152480158730154,0.3148394495412844,0.5,0.66,0.22545306559254863","0,0,0"
21.316666666666666,32,AV,1,0,0,48,806.3598325453933,0.9,-21.316666666666666,"0.32832275132275135,0.19133783783783787,0.216411231884058,0.9,0.48,0.03877977687399022","0,0,0"
13.65,215,AV,0,0,0,34,3742.7752140142647,0.1,-13.65,"0.14431712962962961,0.12250443262411347,0.15276041666666665,0.1,0.34,0.17999902999980277","0,0,0"
24.35,91,AV,1,0,0,51,1405.7852601227096,0.1,-24.35,"0.37360326086956525,0.21454058721934374,0.24380909090909092,0.1,0.51,0.06760758227281125","0,0,0"
44.56666666666667,102,AV,0,0,0,74,1509.578116022191,0.1,-44.56666666666667,"0.5847540650406503,0.3119335511982571,0.3327126984126984,0.1,0.74,0.07259922946360745","0,0,0"
18.55,214,AV,1,0,0,45,3628.2404526711953,0.5,-18.55,"0.273297619047619,0.16939940828402367,0.19300957854406128,0.5,0.45,0.17449077883210845","0,0,0"
18.783333333333335,226,AV,1,0,0,46,4116.183110063293,0.7,-18.783333333333335,"0.2862029914529915,0.17428197674418605,0.19926296296296298,0.7,0.46,0.1979571106324368","0,0,0"
32.233333333333334,147,AV,1,0,0,68,2276.662146114732,0.1,-32.233333333333334,"0.5554051282051282,0.29849279835390946,0.322693215339233,0.1,0.68,0.1094901388690128","0,0,0"
11.483333333333333,89,AV,1,0,0,29,1348.5865378412918,0.1,-11.483333333333333,"0.10131099656357387,0.09811814345991561,0.13158627450980392,0.1,0.29,0.06485675863549194","0,0,0"
31.833333333333332,262,AV,2,0,0,59,5899.132481879994,0.6,-31.833333333333332,"0.4940705128205129,0.2693419047619047,0.2923620689655172,0.6,0.59,0.2837034189504176","0,0,0"
22.233333333333334,217,AV,0,0,0,44,3759.463069718096,0.1,-22.233333333333334,"0.25357407407407406,0.16088387096774193,0.18860465116279065,0.1,0.44,0.18080158897481655","0,0,0"
32.93333333333333,153,AV,0,0,0,55,2337.3116255789537,0.3,-32.93333333333333,"0.4470476190476191,0.2476024844720497,0.2706568627450981,0.3,0.55,0.11240691768935884","0,0,0"
17.816666666666666,143,AV,1,0,0,44,2212.8825544422834,0.6,-17.816666666666666,"0.25357407407407406,0.16088387096774193,0.18860465116279065,0.6,0.44,0.1064228254509272","0,0,0"
23.816666666666666,63,AV,1,0,0,51,1046.6558973464134,0.1,-23.816666666666666,"0.37360326086956525,0.21454058721934374,0.24380909090909092,0.1,0.51,0.05033619052528265","0,0,0"
35.083333333333336,8,AV,1,0,0,83,541.9839687696077,0.1,-35.083333333333336,"0.6453432539682542,0.3308395061728395,0.3546932624113475,0.1,0.83,0.026065307980208553","0,0,0"
30.4,33,AV,2,0,0,61,807.7368269013535,0.1,-30.4,"0.5127860360360361,0.2772386587771203,0.30240378006872853,0.1,0.61,0.0388459998326814","0,0,0"
33.333333333333336,100,AV,2,0,0,75,1490.1599361877834,0.1,-33.333333333333336,"0.5936124497991967,0.31433554083885207,0.33446698113207546,0.1,0.75,0.07166536265764283","0,0,0"
29.133333333333333,56,AV,1,0,0,57,968.7072844723906,0.2,-29.133333333333333,"0.46501709401709407,0.25664583333333335,0.2771545454545455,0.2,0.57,0.04658745492005087","0,0,0"
15.283333333333333,19,AV,2,0,0,36,626.2908344343901,0.2,-15.283333333333333,"0.15937654320987651,0.12875925925925924,0.154451476793249,0.2,0.36,0.03011982720037529","0,0,0"
27.466666666666665,81,AV,2,0,0,54,1261.43865123121,0.3,-27.466666666666665,"0.42726623376623374,0.24079537037037035,0.26535542168674703,0.3,0.54,0.060665607909257666","0,0,0"
12.7,73,AV,1,0,0,32,1135.438045570021,0.3,-12.7,"0.13070299145299144,0.11286556169429098,0.14141152263374487,0.3,0.32,0.0546059368091927","0,0,0"
21.3,95,AV,1,0,0,48,1457.5875839824732,0.5,-21.3,"0.32832275132275135,0.19133783783783787,0.216411231884058,0.5,0.48,0.07009888017699192","0,0,0"
35.0,121,AV,2,0,0,100,1836.3970218708375,0.1,-35.0,"0.6605060975609757,0.33529511677282386,0.36069636963696367,0.1,1.0,0.08831673390204767","0,0,0"
20.666666666666668,256,AV,0,0,0,41,5611.673516276995,0.6,-20.666666666666668,"0.21022053872053875,0.14774588477366254,0.17215189873417722,0.6,0.41,0.26987882836866295","0,0,0"
15.95,287,AV,1,0,0,41,10751.672106064549,0.9,-15.95,"0.21022053872053875,0.14774588477366254,0.17215189873417722,0.9,0.41,0.5170736791034491","0,0,0"
29.783333333333335,193,AV,1,0,0,58,3064.640983136323,0.1,-29.783333333333335,"0.4753628691983123,0.26120781893004114,0.28277104377104373,0.1,0.58,0.14738592961625765","0,0,0"
10.516666666666667,270,AV,1,0,0,19,6709.13861087917,0.2,-10.516666666666667,"0.06336222222222222,0.07942039800995025,0.11248148148148146,0.2,0.19,0.32265855495960655","0,0,0"
11.733333333333333,133,AV,1,0,0,29,2044.1603053436156,0.2,-11.733333333333333,"0.10131099656357387,0.09811814345991561,0.13158627450980392,0.2,0.29,0.09830856813100321","0,0,0"
31.9,275,AV,1,0,0,64,7336.658338656486,0.1,-31.9,"0.5373279569892473,0.28747676767676766,0.3119926253687316,0.1,0.64,0.35283748258601644","0,0,0"
34.583333333333336,172,AV,1,0,0,86,2744.255474143275,0.2,-34.583333333333336,"0.6513115079365082,0.33266359918200405,0.3567956989247312,0.2,0.86,0.13197782265092123","0,0,0"
14.916666666666666,206,AV,2,0,0,34,3438.9188747307694,0.1,-14.916666666666666,"0.14431712962962961,0.12250443262411347,0.15276041666666665,0.1,0.34,0.16538585041970746","0,0,0"
19.966666666666665,97,AV,1,0,0,47,1474.5167950508735,0.1,-19.966666666666665,"0.30052864583333333,0.17824358974358975,0.20444680851063832,0.1,0.47,0.07091304650992157","0,0,0"
27.933333333333334,3,AV,1,0,0,56,457.16351791608827,0.1,-27.933333333333334,"0.45575105485232065,0.2516634408602151,0.2726462264150944,0.1,0.56,0.021986089217454062","0,0,0"
12.883333333333333,7,AV,1,0,0,31,508.6019702527906,0.1,-12.883333333333333,"0.11436309523809525,0.10424242424242423,0.13495,0.1,0.31,0.024459887668034006","0,0,0"
43.25,246,AV,0,0,0,71,4818.617258984985,0.9,-43.25,"0.5685164319248825,0.30497784810126577,0.3262792792792792,0.9,0.71,0.23173885231203734","0,0,0"
15.566666666666666,66,AV,1,0,0,41,1089.3140785512585,0.6,-15.566666666666666,"0.21022053872053875,0.14774588477366254,0.17215189873417722,0.6,0.41,0.052387724694280345","0,0,0"
13.333333333333334,254,AV,1,0,0,34,5557.427333357366,0.4,-13.333333333333334,"0.14431712962962961,0.12250443262411347,0.15276041666666665,0.4,0.34,0.26726999942532587","0,0,0"
24.983333333333334,90,AV,1,0,0,52,1365.417472605012,0.9,-24.983333333333334,"0.38964147286821704,0.22344148936170208,0.25056565656565655,0.9,0.52,0.06566619862539994","0,0,0"
31.25,27,AV,1,0,0,62,720.4688823460104,0.3,-31.25,"0.5227615740740741,0.2787621832358675,0.3028745704467354,0.3,0.62,0.034649075232127916","0,0,0"
14.833333333333334,189,AV,1,0,0,37,2965.4163440895786,0.4,-14.833333333333334,"0.16929333333333332,0.13253385416666666,0.1574634703196347,0.4,0.37,0.14261397892212588","0,0,0"
18.2,250,AV,1,0,0,44,4967.653125719208,0.1,-18.2,"0.25357407407407406,0.16088387096774193,0.18860465116279065,0.1,0.44,0.2389063443235514","0,0,0"
34.0,252,AV,1,0,0,79,5144.150368411208,0.5,-34.0,"0.6237764705882354,0.3241718106995885,0.3470985663082437,0.5,0.79,0.2473945197189757","0,0,0"
22.0,85,AV,2,0,0,47,1282.6858023855964,0.1,-22.0,"0.30052864583333333,0.17824358974358975,0.20444680851063832,0.1,0.47,0.06168743432932387","0,0,0"
11.85,51,AV,0,0,0,33,943.1907669438916,0.2,-11.85,"0.13709956709956708,0.11712210338680927,0.14558114035087721,0.2,0.33,0.04536030443906415","0,0,0"
27.05,42,AV,1,0,0,55,870.7377108213431,0.1,-27.05,"0.4470476190476191,0.2476024844720497,0.2706568627450981,0.1,0.55,0.04187586332869553","0,0,0"
14.233333333333333,149,AV,2,0,0,31,2294.767722006211,0.6,-14.233333333333333,"0.11436309523809525,0.10424242424242423,0.13495,0.6,0.31,0.11036087940556741","0,0,0"
29.25,141,AV,1,0,0,58,2139.4702648744856,0.3,-29.25,"0.4753628691983123,0.26120781893004114,0.28277104377104373,0.3,0.58,0.10289225250527183","0,0,0"
36.416666666666664,160,AV,0,0,0,63,2436.431929205765,0.9,-36.416666666666664,"0.5334296874999999,0.28401851851851856,0.30743015873015866,0.9,0.63,0.11717385064309511","0,0,0"
12.033333333333333,291,AV,1,0,0,31,11515.391842589095,0.2,-12.033333333333333,"0.11436309523809525,0.10424242424242423,0.13495,0.2,0.31,0.5538027915682833","0,0,0"
48.4,113,AV,0,0,0,78,1635.9686818612918,0.5,-48.4,"0.6162958801498128,0.32056770833333337,0.34156227106227105,0.5,0.78,0.07867765468320913","0,0,0"
20.366666666666667,120,AV,1,0,0,47,1809.16611953512,0.4,-20.366666666666667,"0.30052864583333333,0.17824358974358975,0.20444680851063832,0.4,0.47,0.08700713454697676","0,0,0"
39.666666666666664,203,AV,0,0,0,67,3382.383844415393,0.2,-39.666666666666664,"0.5536868686868686,0.2950424242424242,0.31872935779816514,0.2,0.67,0.16266694531964326","0,0,0"
16.466666666666665,98,AV,2,0,0,39,1474.807688008607,0.2,-16.466666666666665,"0.19551595744680852,0.14197489959839357,0.1665875,0.2,0.39,0.07092703624941481","0,0,0"
20.266666666666666,28,AV,2,0,0,37,736.5379020629116,0.1,-20.266666666666666,"0.16929333333333332,0.13253385416666666,0.1574634703196347,0.1,0.37,0.03542187290142414","0,0,0"
30.116666666666667,257,AV,2,0,0,60,5702.891177591027,0.1,-30.116666666666667,"0.5067088888888889,0.27324853801169585,0.299122340425532,0.1,0.6,0.27426570431405706","0,0,0"
44.8,159,AV,0,0,0,74,2421.0391237858234,0.3,-44.8,"0.5847540650406503,0.3119335511982571,0.3327126984126984,0.3,0.74,0.11643357373995898","0,0,0"
32.2,112,AV,2,0,0,69,1628.9397076974285,0.1,-32.2,"0.558802380952381,0.3025084388185654,0.32648363095238087,0.1,0.69,0.07833961446998668","0,0,0"
13.533333333333333,237,AV,0,0,0,35,4559.760277629775,0.3,-13.533333333333333,"0.1562166666666667,0.12761233885819523,0.15407383966244725,0.3,0.35,0.21928979970044837","0,0,0"
31.15,86,AV,0,0,0,51,1293.252850487379,0.2,-31.15,"0.37360326086956525,0.21454058721934374,0.24380909090909092,0.2,0.51,0.06219562899759039","0,0,0"
34.666666666666664,170,AV,1,0,0,80,2667.9339807116767,0.2,-34.666666666666664,"0.6306626506024098,0.32543581780538305,0.34815625000000006,0.2,0.8,0.12830733911924","0,0,0"
24.45,49,AV,1,0,0,51,932.0432837729122,0.3,-24.45,"0.37360326086956525,0.21454058721934374,0.24380909090909092,0.3,0.51,0.04482419525724574","0,0,0"
18.183333333333334,186,AV,1,0,0,44,2909.5116230827134,0.1,-18.183333333333334,"0.25357407407407406,0.16088387096774193,0.18860465116279065,0.1,0.44,0.13992538690731113","0,0,0"
32.13333333333333,103,AV,1,0,0,67,1527.6889462703334,0.1,-32.13333333333333,"0.5536868686868686,0.2950424242424242,0.31872935779816514,0.1,0.67,0.07347022269476662","0,0,0"
23.416666666666668,44,AV,1,0,0,50,877.2934597877683,0.1,-23.416666666666668,"0.3467575757575757,0.2016390243902439,0.22726149425287356,0.1,0.5,0.04219114500803879","0,0,0"
22.833333333333332,30,AV,1,0,0,50,777.0630287344238,0.1,-22.833333333333332,"0.3467575757575757,0.2016390243902439,0.22726149425287356,0.1,0.5,0.037370823365822384","0,0,0"
23.05,82,AV,2,0,0,50,1265.4739572733297,0.9,-23.05,"0.3467575757575757,0.2016390243902439,0.22726149425287356,0.9,0.5,0.060859675447862215","0,0,0"
26.95,50,AV,2,0,0,54,938.3100494872764,0.3,-26.95,"0.42726623376623374,0.24079537037037035,0.26535542168674703,0.3,0.54,0.04512557903941836","0,0,0"
29.35,138,AV,2,0,0,58,2105.159940183184,0.1,-29.35,"0.4753628691983123,0.26120781893004114,0.28277104377104373,0.1,0.58,0.10124218676253416","0,0,0"
11.066666666666666,92,AV,1,0,0,30,1434.2863071033526,0.3,-11.066666666666666,"0.10867894736842108,0.10098484848484848,0.13253125000000002,0.3,0.3,0.06897826592789302","0,0,0"
17.066666666666666,71,AV,1,0,0,42,1117.0806745336297,0.3,-17.066666666666666,"0.22976632302405503,0.1522770833333333,0.17928714859437755,0.3,0.42,0.05372308684066549","0,0,0"
27.15,273,AV,2,0,0,54,7099.697064525982,0.3,-27.15,"0.42726623376623374,0.24079537037037035,0.26535542168674703,0.3,0.54,0.3414414470102487","0,0,0"
25.633333333333333,41,AV,0,0,0,47,861.805442805673,0.2,-25.633333333333333,"0.30052864583333333,0.17824358974358975,0.20444680851063832,0.2,0.47,0.04144628915269407","0,0,0"
19.983333333333334,267,AV,1,0,0,47,6427.339783247283,0.2,-19.983333333333334,"0.30052864583333333,0.17824358974358975,0.20444680851063832,0.2,0.47,0.3091061739780037","0,0,0"
50.13333333333333,148,AV,0,0,0,78,2280.385817754286,0.1,-50.13333333333333,"0.6162958801498128,0.32056770833333337,0.34156227106227105,0.1,0.78,0.10966921916233309","0,0,0"
11.9,174,AV,0,0,0,32,2753.3979495063454,0.3,-11.9,"0.13070299145299144,0.11286556169429098,0.14141152263374487,0.3,0.32,0.13241750620204337","0,0,0"
15.0,115,AV,2,0,0,22,1703.2333497257905,0.6,-15.0,"0.07001683501683503,0.08399820788530465,0.11985978835978836,0.6,0.22,0.08191257376772525","0,0,0"
23.8,80,AV,2,0,0,51,1260.6549751070208,0.3,-23.8,"0.37360326086956525,0.21454058721934374,0.24380909090909092,0.3,0.51,0.06062791904628244","0,0,0"
33.68333333333333,241,AV,2,0,0,74,4630.913868273173,0.3,-33.68333333333333,"0.5847540650406503,0.3119335511982571,0.3327126984126984,0.3,0.74,0.22271174640161776","0,0,0"
24.1,216,AV,0,0,0,46,3758.845856207275,0.1,-24.1,"0.2862029914529915,0.17428197674418605,0.19926296296296298,0.1,0.46,0.18077190569786353","0,0,0"
21.916666666666668,140,AV,1,0,0,48,2137.1188228190404,0.3,-21.916666666666668,"0.32832275132275135,0.19133783783783787,0.216411231884058,0.3,0.48,0.10277916602134513","0,0,0"
27.5,57,AV,1,0,0,55,969.457736312404,0.6,-27.5,"0.4470476190476191,0.2476024844720497,0.2706568627450981,0.6,0.55,0.04662354594757456","0,0,0"
12.266666666666667,36,AV,2,0,0,18,818.0604611907775,0.1,-12.266666666666667,"0.06156510416666666,0.07837179487179488,0.1115720720720721,0.1,0.18,0.03934248814734457","0,0,0"
25.483333333333334,290,AV,1,0,0,52,11185.875164713363,0.2,-25.483333333333334,"0.38964147286821704,0.22344148936170208,0.25056565656565655,0.2,0.52,0.5379555448075637","0,0,0"
28.166666666666668,150,AV,1,0,0,56,2302.618320259251,0.2,-28.166666666666668,"0.45575105485232065,0.2516634408602151,0.2726462264150944,0.2,0.56,0.11073843349034766","0,0,0"
12.966666666666667,185,AV,2,0,0,24,2891.134206742707,0.7,-12.966666666666667,"0.07254204204204204,0.08496666666666666,0.12313242009132416,0.7,0.24,0.13904157291209238","0,0,0"
32.766666666666666,207,AV,0,0,0,58,3465.4556083993225,0.3,-32.766666666666666,"0.4753628691983123,0.26120781893004114,0.28277104377104373,0.3,0.58,0.1666620655399256","0,0,0"
10.583333333333334,298,AV,2,0,0,16,19040.472291926453,0.6,-10.583333333333334,"0.0571530612244898,0.07534946236559138,0.1090378787878788,0.6,0.16,0.91570194503052","0,0,0"
34.43333333333333,191,AV,0,0,0,59,2969.8754393798326,0.5,-34.43333333333333,"0.4940705128205129,0.2693419047619047,0.2923620689655172,0.5,0.59,0.1428284275013291","0,0,0"
21.716666666666665,178,AV,1,0,0,48,2815.231094880572,0.3,-21.716666666666665,"0.32832275132275135,0.19133783783783787,0.216411231884058,0.3,0.48,0.13539121035278245","0,0,0"
15.133333333333333,183,AV,2,0,0,30,2857.712092786687,0.6,-15.133333333333333,"0.10867894736842108,0.10098484848484848,0.13253125000000002,0.6,0.3,0.13743422335230565","0,0,0"
17.583333333333332,35,AV,1,0,0,43,816.2772675203604,0.6,-17.583333333333332,"0.24351685393258424,0.15667251461988305,0.18247083333333328,0.6,0.43,0.03925673009012141","0,0,0"
16.3,171,AV,1,0,0,41,2675.3892374750885,0.3,-16.3,"0.21022053872053875,0.14774588477366254,0.17215189873417722,0.3,0.41,0.1286658802843062","0,0,0"
9.916666666666666,260,AV,0,0,0,29,5849.7981009167725,0.3,-9.916666666666666,"0.10131099656357387,0.09811814345991561,0.13158627450980392,0.3,0.29,0.28133081033481866","0,0,0"
22.416666666666668,195,AV,2,0,0,47,3119.7161673652217,0.2,-22.416666666666668,"0.30052864583333333,0.17824358974358975,0.20444680851063832,0.2,0.47,0.1500346272193471","0,0,0"
16.433333333333334,231,AV,2,0,0,38,4304.4895651906745,0.9,-16.433333333333334,"0.17745180722891565,0.1351132596685083,0.16112938596491225,0.9,0.38,0.207013219355909","0,0,0"
12.783333333333333,83,AV,1,0,0,33,1267.69032506861,0.2,-12.783333333333333,"0.13709956709956708,0.11712210338680927,0.14558114035087721,0.2,0.33,0.0609662658868978","0,0,0"
8.566666666666666,127,AV,0,0,0,17,1921.5023446668008,0.5,-8.566666666666666,"0.06024722222222222,0.07687698412698414,0.11062745098039219,0.5,0.17,0.09240965283924012","0,0,0"
32.416666666666664,139,AV,1,0,0,68,2113.1349678504243,0.4,-32.416666666666664,"0.5554051282051282,0.29849279835390946,0.322693215339233,0.4,0.68,0.10162572495605159","0,0,0"
24.8,182,AV,2,0,0,52,2853.537244729806,0.5,-24.8,"0.38964147286821704,0.22344148936170208,0.25056565656565655,0.5,0.52,0.13723344490378397","0,0,0"
18.35,225,AV,1,0,0,44,4113.319853961603,0.3,-18.35,"0.25357407407407406,0.16088387096774193,0.18860465116279065,0.3,0.44,0.19781940978440954","0,0,0"
37.88333333333333,263,AV,0,0,0,65,5911.733280178027,0.3,-37.88333333333333,"0.5406076923076922,0.28893167701863354,0.31328508771929825,0.3,0.65,0.28430942153971994","0,0,0"
28.183333333333334,31,AV,2,0,0,55,802.5586880039084,0.2,-28.183333333333334,"0.4470476190476191,0.2476024844720497,0.2706568627450981,0.2,0.55,0.038596970723144074","0,0,0"
28.416666666666668,259,AV,1,0,0,56,5807.233742044462,0.5,-28.416666666666668,"0.45575105485232065,0.2516634408602151,0.2726462264150944,0.5,0.56,0.27928378830664774","0,0,0"
26.633333333333333,70,AV,1,0,0,53,1111.987968807459,0.5,-26.633333333333333,"0.3977139917695473,0.2294017543859649,0.25464975845410626,0.5,0.53,0.05347816641708441","0,0,0"
11.1,29,AV,2,0,0,14,763.1985099142711,0.1,-11.1,"0.052580645161290324,0.07455303030303032,0.11062222222222223,0.1,0.14,0.03670404542797105","0,0,0"
34.35,177,AV,0,0,0,61,2797.307504072895,0.9,-34.35,"0.5127860360360361,0.2772386587771203,0.30240378006872853,0.9,0.61,0.13452922191505445","0,0,0"
9.933333333333334,9,AV,0,0,0,31,546.8646928603165,0.3,-9.933333333333334,"0.11436309523809525,0.10424242424242423,0.13495,0.3,0.31,0.026300033698903796","0,0,0"
30.833333333333332,168,AV,1,0,0,60,2574.4307659940623,0.6,-30.833333333333332,"0.5067088888888889,0.27324853801169585,0.299122340425532,0.6,0.6,0.12381054543309646","0,0,0"
33.3,188,AV,2,0,0,72,2946.490055333797,0.7,-33.3,"0.5719155251141551,0.30664069264069255,0.32905604719764014,0.7,0.72,0.14170376833700152","0,0,0"
25.866666666666667,212,AV,1,0,0,53,3539.477986656502,0.4,-25.866666666666667,"0.3977139917695473,0.2294017543859649,0.25464975845410626,0.4,0.53,0.17022197911279557","0,0,0"
12.766666666666667,292,AV,2,0,0,27,11861.36896338871,0.2,-12.766666666666667,"0.08839090909090908,0.09127347417840376,0.1262935606060606,0.2,0.27,0.57044166047841","0,0,0"
13.716666666666667,213,AV,1,0,0,34,3608.770587345788,0.2,-13.716666666666667,"0.14431712962962961,0.12250443262411347,0.15276041666666665,0.2,0.34,0.17355442634701188","0,0,0"
16.016666666666666,269,AV,1,0,0,41,6563.608435155774,0.9,-16.016666666666666,"0.21022053872053875,0.14774588477366254,0.17215189873417722,0.9,0.41,0.31565966003056356","0,0,0"
14.016666666666667,202,AV,1,0,0,35,3361.758609282253,0.4,-14.016666666666667,"0.1562166666666667,0.12761233885819523,0.15407383966244725,0.4,0.35,0.16167502833152653","0,0,0"
17.183333333333334,78,AV,1,0,0,43,1251.6500609663929,0.4,-17.183333333333334,"0.24351685393258424,0.15667251461988305,0.18247083333333328,0.4,0.43,0.0601948511440276","0,0,0"
16.65,59,AV,1,0,0,42,985.0802174553831,0.1,-16.65,"0.22976632302405503,0.1522770833333333,0.17928714859437755,0.1,0.42,0.047374868506673815","0,0,0"
39.56666666666667,119,AV,0,0,0,66,1804.2001824470888,0.5,-39.56666666666667,"0.5419867724867725,0.29152480158730154,0.3148394495412844,0.5,0.66,0.08676831073101827","0,0,0"
6.866666666666666,211,AV,0,0,0,16,3523.1638559153366,0.2,-6.866666666666666,"0.0571530612244898,0.07534946236559138,0.1090378787878788,0.2,0.16,0.16943739346690792","0,0,0"
18.3,272,AV,1,0,0,44,7081.334819999852,0.3,-18.3,"0.25357407407407406,0.16088387096774193,0.18860465116279065,0.3,0.44,0.34055836266392014","0,0,0"
30.316666666666666,58,AV,1,0,0,59,978.4447105201264,0.3,-30.316666666666666,"0.4940705128205129,0.2693419047619047,0.2923620689655172,0.3,0.59,0.04705575107546101","0,0,0"
14.266666666666667,118,AV,1,0,0,38,1794.439334206041,0.2,-14.266666666666667,"0.17745180722891565,0.1351132596685083,0.16112938596491225,0.2,0.38,0.08629888814619799","0,0,0"
23.866666666666667,67,AV,1,0,0,51,1097.8259349569896,0.5,-23.866666666666667,"0.37360326086956525,0.21454058721934374,0.24380909090909092,0.5,0.51,0.05279708026839882","0,0,0"
29.6,221,AV,1,0,0,58,3941.04555698938,0.5,-29.6,"0.4753628691983123,0.26120781893004114,0.28277104377104373,0.5,0.58,0.18953432596938674","0,0,0"
11.05,227,AV,1,0,0,28,4159.866430607663,0.3,-11.05,"0.0967996632996633,0.09580752688172046,0.12931007751937987,0.3,0.28,0.20005794620912742","0,0,0"
37.166666666666664,277,AV,2,0,0,72,7958.958807233507,0.6,-37.166666666666664,"0.5719155251141551,0.30664069264069255,0.32905604719764014,0.6,0.72,0.38276540352897576","0,0,0"
21.95,289,AV,1,0,0,49,10838.007207066395,0.4,-21.95,"0.3368671171171171,0.1968763157894737,0.22130263157894736,0.4,0.49,0.5212257410218565","0,0,0"
19.3,123,AV,2,0,0,44,1869.7531794209297,0.6,-19.3,"0.25357407407407406,0.16088387096774193,0.18860465116279065,0.6,0.44,0.0899209114602018","0,0,0"
31.116666666666667,228,AV,1,0,0,62,4164.701887555128,0.5,-31.116666666666667,"0.5227615740740741,0.2787621832358675,0.3028745704467354,0.5,0.62,0.2002904949224166","0,0,0"
34.43333333333333,43,AV,1,0,0,84,873.8892656114449,0.2,-34.43333333333333,"0.6479658634538156,0.3318222222222223,0.3567173913043478,0.2,0.84,0.04202742915158692","0,0,0"
24.983333333333334,154,AV,1,0,0,52,2344.9936519099742,0.1,-24.983333333333334,"0.38964147286821704,0.22344148936170208,0.25056565656565655,0.1,0.52,0.11277636474640867","0,0,0"
14.7,261,AV,1,0,0,36,5882.279762541917,0.2,-14.7,"0.15937654320987651,0.12875925925925924,0.154451476793249,0.2,0.36,0.2828929312881198","0,0,0"
33.666666666666664,249,AV,1,0,0,78,4951.479839002994,0.3,-33.666666666666664,"0.6162958801498128,0.32056770833333337,0.34156227106227105,0.3,0.78,0.23812853220437127","0,0,0"
23.383333333333333,2,AV,2,0,0,50,437.8567856598078,0.1,-23.383333333333333,"0.3467575757575757,0.2016390243902439,0.22726149425287356,0.1,0.5,0.021057582192617507","0,0,0"
20.25,210,AV,2,0,0,44,3520.054626539052,0.2,-20.25,"0.25357407407407406,0.16088387096774193,0.18860465116279065,0.2,0.44,0.16928786317460437","0,0,0"
50.05,117,AV,0,0,0,86,1718.6657268339234,0.5,-50.05,"0.6513115079365082,0.33266359918200405,0.3567956989247312,0.5,0.86,0.08265475376818426","0,0,0"
29.416666666666668,164,AV,0,0,0,50,2497.1975937909187,0.2,-29.416666666666668,"0.3467575757575757,0.2016390243902439,0.22726149425287356,0.2,0.5,0.12009621708435674","0,0,0"
16.116666666666667,145,AV,1,0,0,42,2222.040577514192,0.4,-16.116666666666667,"0.22976632302405503,0.1522770833333333,0.17928714859437755,0.4,0.42,0.10686325672862912","0,0,0"
23.416666666666668,253,AV,2,0,0,50,5480.041794665195,0.2,-23.416666666666668,"0.3467575757575757,0.2016390243902439,0.22726149425287356,0.2,0.5,0.26354834340696637","0,0,0"
22.233333333333334,84,AV,0,0,0,44,1275.6237969650936,0.3,-22.233333333333334,"0.25357407407407406,0.16088387096774193,0.18860465116279065,0.3,0.44,0.06134780556380672","0,0,0"
13.916666666666666,296,AV,1,0,0,33,14754.343640924068,0.1,-13.916666666666666,"0.13709956709956708,0.11712210338680927,0.14558114035087721,0.1,0.33,0.7095717460418045","0,0,0"
20.866666666666667,55,AV,2,0,0,45,961.7772661313056,0.3,-20.866666666666667,"0.273297619047619,0.16939940828402367,0.19300957854406128,0.3,0.45,0.04625417372950396","0,0,0"
31.633333333333333,124,AV,2,0,0,63,1888.2149669861096,0.2,-31.633333333333333,"0.5334296874999999,0.28401851851851856,0.30743015873015866,0.2,0.63,0.09080878306984375","0,0,0"
12.566666666666666,218,AV,1,0,0,27,3778.090807703549,0.3,-12.566666666666666,"0.08839090909090908,0.09127347417840376,0.1262935606060606,0.3,0.27,0.18169744153788722","0,0,0"
25.666666666666668,94,AV,0,0,0,47,1444.5182772575097,0.6,-25.666666666666668,"0.30052864583333333,0.17824358974358975,0.20444680851063832,0.6,0.47,0.06947034589460839","0,0,0"
8.4,232,AV,1,0,0,22,4343.557359248321,0.4,-8.4,"0.07001683501683503,0.08399820788530465,0.11985978835978836,0.4,0.22,0.2088920832022542","0,0,0"
30.683333333333334,111,AV,1,0,0,59,1614.9573615816892,0.1,-30.683333333333334,"0.4940705128205129,0.2693419047619047,0.2923620689655172,0.1,0.59,0.07766716993510497","0,0,0"
20.266666666666666,285,AV,1,0,0,47,9280.176126726552,0.3,-20.266666666666666,"0.30052864583333333,0.17824358974358975,0.20444680851063832,0.3,0.47,0.4463059108608652","0,0,0"
22.35,284,AV,1,0,0,49,8987.033628468456,0.2,-22.35,"0.3368671171171171,0.1968763157894737,0.22130263157894736,0.2,0.49,0.432207985572538","0,0,0"
16.4,247,AV,2,0,0,34,4925.450001742355,0.2,-16.4,"0.14431712962962961,0.12250443262411347,0.15276041666666665,0.2,0.34,0.23687669494724078","0,0,0"
27.466666666666665,77,AV,0,0,0,47,1249.5878531833848,0.9,-27.466666666666665,"0.30052864583333333,0.17824358974358975,0.20444680851063832,0.9,0.47,0.06009567462944302","0,0,0"
31.45,280,AV,2,0,0,70,8331.964781214912,0.2,-31.45,"0.5631176470588235,0.30398832271762194,0.3272043478260869,0.2,0.7,0.4007041547661289","0,0,0"
24.166666666666668,60,AV,0,0,0,45,985.8695826897422,0.1,-24.166666666666668,"0.273297619047619,0.16939940828402367,0.19300957854406128,0.1,0.45,0.04741283097259167","0,0,0"
30.616666666666667,14,AV,2,0,0,58,586.3474640105957,0.1,-30.616666666666667,"0.4753628691983123,0.26120781893004114,0.28277104377104373,0.1,0.58,0.028198854788170358","0,0,0"
5.183333333333334,114,AV,0,0,0,13,1691.6338586686718,0.3,-5.183333333333334,"0.051117647058823525,0.07487878787878788,0.10950000000000001,0.3,0.13,0.08135472644337755","0,0,0"
17.2,24,AV,1,0,0,42,650.412147456106,0.3,-17.2,"0.22976632302405503,0.1522770833333333,0.17928714859437755,0.3,0.42,0.0312798789528752","0,0,0"
31.5,271,AV,1,0,0,62,6783.106781750961,0.6,-31.5,"0.5227615740740741,0.2787621832358675,0.3028745704467354,0.6,0.62,0.32621586156939947","0,0,0"
23.133333333333333,48,AV,1,0,0,49,931.9887487728153,0.9,-23.133333333333333,"0.3368671171171171,0.1968763157894737,0.22130263157894736,0.9,0.49,0.04482157253839216","0,0,0"
16.983333333333334,87,AV,0,0,0,38,1297.4303329633815,0.1,-16.983333333333334,"0.17745180722891565,0.1351132596685083,0.16112938596491225,0.1,0.38,0.06239653414164128","0,0,0"
22.65,276,AV,1,0,0,49,7912.643587116454,0.1,-22.65,"0.3368671171171171,0.1968763157894737,0.22130263157894736,0.1,0.49,0.38053799359420826","0,0,0"
16.966666666666665,230,AV,0,0,0,39,4227.85786318916,0.3,-16.966666666666665,"0.19551595744680852,0.14197489959839357,0.1665875,0.3,0.39,0.20332781715065273","0,0,0"
10.333333333333334,107,AV,1,0,0,24,1572.8756307612184,0.2,-10.333333333333334,"0.07254204204204204,0.08496666666666666,0.12313242009132416,0.2,0.24,0.07564335864661634","0,0,0"
13.05,125,AV,2,0,0,28,1899.102970895097,0.1,-13.05,"0.0967996632996633,0.09580752688172046,0.12931007751937987,0.1,0.28,0.09133241327208338","0,0,0"
6.6,209,AV,0,0,0,15,3487.44186130441,0.3,-6.6,"0.05491228070175439,0.07546666666666665,0.11059803921568628,0.3,0.15,0.16771943713451876","0,0,0"
28.483333333333334,137,AV,2,0,0,55,2088.64210540395,0.9,-28.483333333333334,"0.4470476190476191,0.2476024844720497,0.2706568627450981,0.9,0.55,0.10044780450125744","0,0,0"
25.183333333333334,11,AV,1,0,0,52,567.550811201735,0.5,-25.183333333333334,"0.38964147286821704,0.22344148936170208,0.25056565656565655,0.5,0.52,0.027294878706419726","0,0,0"
22.25,184,AV,1,0,0,49,2857.8751728516777,0.4,-22.25,"0.3368671171171171,0.1968763157894737,0.22130263157894736,0.4,0.49,0.13744206626346972","0,0,0"
11.133333333333333,34,AV,2,0,0,18,813.126641713825,0.2,-11.133333333333333,"0.06156510416666666,0.07837179487179488,0.1115720720720721,0.2,0.18,0.03910520894427614","0,0,0"
20.683333333333334,69,AV,1,0,0,47,1104.4445206976068,0.9,-20.683333333333334,"0.30052864583333333,0.17824358974358975,0.20444680851063832,0.9,0.47,0.05311538391880796","0,0,0"
13.483333333333333,223,AV,1,0,0,33,3971.0791127863904,0.7,-13.483333333333333,"0.13709956709956708,0.11712210338680927,0.14558114035087721,0.7,0.33,0.19097871164626756","0,0,0"
10.0,155,AV,1,0,0,24,2382.718205806423,0.6,-10.0,"0.07254204204204204,0.08496666666666666,0.12313242009132416,0.6,0.24,0.11459062895418437","0,0,0"
23.083333333333332,192,AV,2,0,0,49,3031.4508351358254,0.4,-23.083333333333332,"0.3368671171171171,0.1968763157894737,0.22130263157894736,0.4,0.49,0.14578973585520302","0,0,0"
33.1,175,AV,1,0,0,77,2756.9260540590044,0.6,-33.1,"0.6018963414634146,0.31663706140350883,0.33842452830188685,0.6,0.77,0.1325871812054576","0,0,0"
31.1,144,AV,1,0,0,60,2218.7455195521825,0.9,-31.1,"0.5067088888888889,0.27324853801169585,0.299122340425532,0.9,0.6,0.1067047894942801","0,0,0"
25.95,176,AV,1,0,0,53,2793.3389947689566,0.8,-25.95,"0.3977139917695473,0.2294017543859649,0.25464975845410626,0.8,0.53,0.1343383667916745","0,0,0"
15.666666666666666,38,AV,1,0,0,39,837.3801312568858,0.2,-15.666666666666666,"0.19551595744680852,0.14197489959839357,0.1665875,0.2,0.39,0.04027161738246258","0,0,0"
12.116666666666667,10,AV,1,0,0,30,548.7192496267361,0.1,-12.116666666666667,"0.10867894736842108,0.10098484848484848,0.13253125000000002,0.1,0.3,0.02638922377844295","0,0,0"
22.116666666666667,128,AV,1,0,0,48,1922.439846447592,0.1,-22.116666666666667,"0.32832275132275135,0.19133783783783787,0.216411231884058,0.1,0.48,0.09245473954670083","0,0,0"
32.11666666666667,75,AV,2,0,0,66,1167.011530479414,0.6,-32.11666666666667,"0.5419867724867725,0.29152480158730154,0.3148394495412844,0.6,0.66,0.0561243813676915","0,0,0"
29.05,122,AV,1,0,0,57,1848.7234685638712,0.1,-29.05,"0.46501709401709407,0.25664583333333335,0.2771545454545455,0.1,0.57,0.08890954226515282","0,0,0"
12.166666666666666,21,AV,1,0,0,31,636.6552097563458,0.2,-12.166666666666666,"0.11436309523809525,0.10424242424242423,0.13495,0.2,0.31,0.030618274848933116","0,0,0"
16.0,5,AV,2,0,0,31,473.5024380788758,0.1,-16.0,"0.11436309523809525,0.10424242424242423,0.13495,0.1,0.31,0.022771867046038015","0,0,0"
31.75,15,AV,1,0,0,63,595.9176043698985,0.2,-31.75,"0.5334296874999999,0.28401851851851856,0.30743015873015866,0.2,0.63,0.028659105773905864","0,0,0"
15.033333333333333,61,AV,1,0,0,38,1020.5842314575186,0.1,-15.033333333333333,"0.17745180722891565,0.1351132596685083,0.16112938596491225,0.1,0.38,0.04908234162917255","0,0,0"
19.366666666666667,204,AV,1,0,0,46,3387.2787239910285,0.4,-19.366666666666667,"0.2862029914529915,0.17428197674418605,0.19926296296296298,0.4,0.46,0.16290235180953377","0,0,0"
33.36666666666667,132,AV,1,0,0,78,1993.780724220221,0.4,-33.36666666666667,"0.6162958801498128,0.32056770833333337,0.34156227106227105,0.4,0.78,0.09588569333476842","0,0,0"
46.4,105,AV,0,0,0,74,1552.9853059451273,0.2,-46.4,"0.5847540650406503,0.3119335511982571,0.3327126984126984,0.2,0.74,0.074686785256937","0,0,0"
20.416666666666668,129,AV,1,0,0,47,1929.5758599688188,0.3,-20.416666666666668,"0.30052864583333333,0.17824358974358975,0.20444680851063832,0.3,0.47,0.09279792753915007","0,0,0"
33.21666666666667,235,AV,1,0,0,75,4549.070920567666,0.1,-33.21666666666667,"0.5936124497991967,0.31433554083885207,0.33446698113207546,0.1,0.75,0.21877572290115335","0,0,0"
18.1,109,AV,1,0,0,43,1597.8734280578535,0.1,-18.1,"0.24351685393258424,0.15667251461988305,0.18247083333333328,0.1,0.43,0.07684556262848466","0,0,0"
32.88333333333333,190,AV,1,0,0,73,2968.817229463249,0.1,-32.88333333333333,"0.5789135021097046,0.3109596949891067,0.3318101851851851,0.1,0.73,0.14277753565032827","0,0,0"
16.75,62,AV,1,0,0,41,1020.7360413649084,0.3,-16.75,"0.21022053872053875,0.14774588477366254,0.17215189873417722,0.3,0.41,0.04908964253144747","0,0,0"
48.333333333333336,293,AV,0,0,0,77,12051.378145129962,0.5,-48.333333333333336,"0.6018963414634146,0.31663706140350883,0.33842452830188685,0.5,0.77,0.5795796574055083","0,0,0"
41.21666666666667,236,AV,0,0,0,69,4549.115907877681,0.4,-41.21666666666667,"0.558802380952381,0.3025084388185654,0.32648363095238087,0.4,0.69,0.21877788644870882","0,0,0"
23.783333333333335,288,AV,2,0,0,50,10783.100237376317,0.5,-23.783333333333335,"0.3467575757575757,0.2016390243902439,0.22726149425287356,0.5,0.5,0.518585133259083","0,0,0"
28.016666666666666,47,AV,2,0,0,55,923.9636394510808,0.6,-28.016666666666666,"0.4470476190476191,0.2476024844720497,0.2706568627450981,0.6,0.55,0.04443562579808411","0,0,0"
26.866666666666667,74,AV,2,0,0,54,1150.2916000513435,0.1,-26.866666666666667,"0.42726623376623374,0.24079537037037035,0.26535542168674703,0.1,0.54,0.05532027984231857","0,0,0"
33.36666666666667,240,AV,2,0,0,70,4609.601315671212,0.1,-33.36666666666667,"0.5631176470588235,0.30398832271762194,0.3272043478260869,0.1,0.7,0.2216867746691962","0,0,0"
30.116666666666667,233,AV,2,0,0,62,4459.768546990965,0.1,-30.116666666666667,"0.5227615740740741,0.2787621832358675,0.3028745704467354,0.1,0.62,0.21448095773323778","0,0,0"
22.483333333333334,25,AV,1,0,0,49,658.4091024775607,0.7,-22.483333333333334,"0.3368671171171171,0.1968763157894737,0.22130263157894736,0.7,0.49,0.03166447168540803","0,0,0"
8.583333333333334,274,AV,0,0,0,21,7130.271245067938,0.2,-8.583333333333334,"0.06653639846743296,0.0821770833333333,0.1167037037037037,0.2,0.21,0.34291183262677855","0,0,0"
32.05,283,AV,2,0,0,66,8795.495569618428,0.9,-32.05,"0.5419867724867725,0.29152480158730154,0.3148394495412844,0.9,0.66,0.42299646128116253","0,0,0"
24.083333333333332,108,AV,0,0,0,46,1596.1763216794554,0.3,-24.083333333333332,"0.2862029914529915,0.17428197674418605,0.19926296296296298,0.3,0.46,0.07676394471545202","0,0,0"
20.883333333333333,18,AV,2,0,0,44,617.4453946714843,0.1,-20.883333333333333,"0.25357407407407406,0.16088387096774193,0.18860465116279065,0.1,0.44,0.02969442880314238","0,0,0"
13.383333333333333,286,AV,1,0,0,32,9667.56212442905,0.6,-13.383333333333333,"0.13070299145299144,0.11286556169429098,0.14141152263374487,0.6,0.32,0.4649362319020181","0,0,0"
10.483333333333333,200,AV,1,0,0,25,3269.866339895674,0.1,-10.483333333333333,"0.07889393939393939,0.08747201017811705,0.12441666666666665,0.1,0.25,0.15725570886715387","0,0,0"
33.983333333333334,194,AV,1,0,0,81,3097.4575811220984,0.4,-33.983333333333334,"0.6358252032520326,0.32687878787878794,0.34948028673835124,0.4,0.81,0.14896415846185204","0,0,0"
29.883333333333333,130,AV,1,0,0,58,1942.5668635563816,0.5,-29.883333333333333,"0.4753628691983123,0.26120781893004114,0.28277104377104373,0.5,0.58,0.09342269603599423","0,0,0"
15.216666666666667,104,AV,1,0,0,39,1530.0661682302475,0.2,-15.216666666666667,"0.19551595744680852,0.14197489959839357,0.1665875,0.2,0.39,0.07358454899608351","0,0,0"
34.15,76,AV,1,0,0,81,1240.6560786390864,0.1,-34.15,"0.6358252032520326,0.32687878787878794,0.34948028673835124,0.1,0.81,0.05966612418566248","0,0,0"
20.933333333333334,46,AV,1,0,0,47,892.1845339920479,0.4,-20.933333333333334,"0.30052864583333333,0.17824358974358975,0.20444680851063832,0.4,0.47,0.042907292454561666","0,0,0"
25.616666666666667,180,AV,2,0,0,53,2835.850686157305,0.1,-25.616666666666667,"0.3977139917695473,0.2294017543859649,0.25464975845410626,0.1,0.53,0.13638285591431848","0,0,0"
26.333333333333332,220,AV,1,0,0,53,3849.958431883558,0.2,-26.333333333333332,"0.3977139917695473,0.2294017543859649,0.25464975845410626,0.2,0.53,0.18515372782308936","0,0,0"
15.383333333333333,20,AV,0,0,0,36,632.5893922142865,0.2,-15.383333333333333,"0.15937654320987651,0.12875925925925924,0.154451476793249,0.2,0.36,0.030422739939172414","0,0,0"
30.266666666666666,181,AV,2,0,0,61,2850.5966631146844,0.9,-30.266666666666666,"0.5127860360360361,0.2772386587771203,0.30240378006872853,0.9,0.61,0.13709202528649697","0,0,0"
8.416666666666666,16,AV,1,0,0,24,614.9217871931492,0.1,-8.416666666666666,"0.07254204204204204,0.08496666666666666,0.12313242009132416,0.1,0.24,0.029573062471416202","0,0,0"
10.816666666666666,142,AV,1,0,0,27,2141.869626207308,0.5,-10.816666666666666,"0.08839090909090908,0.09127347417840376,0.1262935606060606,0.5,0.27,0.10300764354209123","0,0,0"
17.883333333333333,295,AV,2,0,0,38,13430.196447392702,0.6,-17.883333333333333,"0.17745180722891565,0.1351132596685083,0.16112938596491225,0.6,0.38,0.6458903340456582","0,0,0"
34.0,265,AV,2,0,0,73,6081.635477498837,0.3,-34.0,"0.5789135021097046,0.3109596949891067,0.3318101851851851,0.3,0.73,0.29248042539751784","0,0,0"
33.516666666666666,197,AV,2,0,0,80,3206.59631480788,0.5,-33.516666666666666,"0.6306626506024098,0.32543581780538305,0.34815625000000006,0.5,0.8,0.15421290172735466","0,0,0"
30.983333333333334,88,AV,0,0,0,54,1310.9401185904849,0.4,-30.983333333333334,"0.42726623376623374,0.24079537037037035,0.26535542168674703,0.4,0.54,0.06304625211008313","0,0,0"
18.6,163,AV,1,0,0,44,2476.7926805910606,0.6,-18.6,"0.25357407407407406,0.16088387096774193,0.18860465116279065,0.6,0.44,0.1191148959060364","0,0,0"
25.45,222,AV,2,0,0,50,3958.913906791885,0.3,-25.45,"0.3467575757575757,0.2016390243902439,0.22726149425287356,0.3,0.5,0.1903936577347851","0,0,0"
18.983333333333334,126,AV,0,0,0,40,1900.764377468582,0.4,-18.983333333333334,"0.20440175438596486,0.14585087719298248,0.17056081081081081,0.4,0.4,0.09141231429593938","0,0,0"
28.95,281,AV,1,0,0,56,8348.421721831439,0.1,-28.95,"0.45575105485232065,0.2516634408602151,0.2726462264150944,0.1,0.56,0.4014956084811817","0,0,0"
46.416666666666664,146,AV,0,0,0,77,2255.9253983027734,0.3,-46.416666666666664,"0.6018963414634146,0.31663706140350883,0.33842452830188685,0.3,0.77,0.1084928589689197","0,0,0"
10.833333333333334,224,AV,1,0,0,26,3987.5502105766736,0.4,-10.833333333333334,"0.08198290598290597,0.08875802469135802,0.12464204545454544,0.4,0.26,0.1917708462137355","0,0,0"
26.683333333333334,266,AV,1,0,0,53,6130.868263041086,0.4,-26.683333333333334,"0.3977139917695473,0.2294017543859649,0.25464975845410626,0.4,0.53,0.29484814804583803","0,0,0"
26.8,205,AV,2,0,0,54,3389.778327720714,0.1,-26.8,"0.42726623376623374,0.24079537037037035,0.26535542168674703,0.1,0.54,0.16302256374345986","0,0,0"
27.366666666666667,161,AV,2,0,0,53,2446.4664131825853,0.7,-27.366666666666667,"0.3977139917695473,0.2294017543859649,0.25464975845410626,0.7,0.53,0.11765643302624577","0,0,0"
16.883333333333333,152,AV,1,0,0,42,2326.172138461347,0.4,-16.883333333333333,"0.22976632302405503,0.1522770833333333,0.17928714859437755,0.4,0.42,0.11187119305691051","0,0,0"
18.65,208,AV,0,0,0,40,3480.90175047103,0.4,-18.65,"0.20440175438596486,0.14585087719298248,0.17056081081081081,0.4,0.4,0.1674049075304721","0,0,0"
37.8,72,AV,0,0,0,65,1122.7546975855585,0.1,-37.8,"0.5406076923076922,0.28893167701863354,0.31328508771929825,0.1,0.65,0.05399596420763093","0,0,0"
41.25,110,AV,0,0,0,68,1614.9493849180149,0.1,-41.25,"0.5554051282051282,0.29849279835390946,0.322693215339233,0.1,0.68,0.07766678631823196","0,0,0"
27.516666666666666,294,AV,1,0,0,53,12197.400506638176,0.5,-27.516666666666666,"0.3977139917695473,0.2294017543859649,0.25464975845410626,0.5,0.53,0.5866022227285186","0,0,0"
23.65,198,AV,1,0,0,50,3245.380745418587,0.1,-23.65,"0.3467575757575757,0.2016390243902439,0.22726149425287356,0.1,0.5,0.156078137946426","0,0,0"
14.666666666666666,165,AV,1,0,0,38,2530.9644311939346,0.6,-14.666666666666666,"0.17745180722891565,0.1351132596685083,0.16112938596491225,0.6,0.38,0.12172014522087579","0,0,0"
19.583333333333332,13,AV,1,0,0,45,583.3206434887895,0.2,-19.583333333333332,"0.273297619047619,0.16939940828402367,0.19300957854406128,0.2,0.45,0.028053287735180215","0,0,0"
30.466666666666665,37,AV,1,0,0,58,832.4581618945489,0.4,-30.466666666666665,"0.4753628691983123,0.26120781893004114,0.28277104377104373,0.4,0.58,0.040034908079806066","0,0,0"
18.1,173,AV,2,0,0,38,2747.619709803412,0.2,-18.1,"0.17745180722891565,0.1351132596685083,0.16112938596491225,0.2,0.38,0.13213961680656489","0,0,0"
15.05,65,AV,1,0,0,38,1083.524948441525,0.9,-15.05,"0.17745180722891565,0.1351132596685083,0.16112938596491225,0.9,0.38,0.05210931155303881","0,0,0"
33.18333333333333,158,AV,2,0,0,67,2417.357356239525,0.4,-33.18333333333333,"0.5536868686868686,0.2950424242424242,0.31872935779816514,0.4,0.67,0.11625650871491097","0,0,0"
12.75,238,AV,1,0,0,32,4569.840806868062,0.4,-12.75,"0.13070299145299144,0.11286556169429098,0.14141152263374487,0.4,0.32,0.21977459651057532","0,0,0"
31.416666666666668,135,AV,1,0,0,62,2052.607856914241,0.7,-31.416666666666668,"0.5227615740740741,0.2787621832358675,0.3028745704467354,0.7,0.62,0.09871483113148809","0,0,0"
32.53333333333333,156,AV,1,0,0,72,2401.1770329784995,0.7,-32.53333333333333,"0.5719155251141551,0.30664069264069255,0.32905604719764014,0.7,0.72,0.11547835819142706","0,0,0"
6.883333333333334,219,AV,1,0,0,5,3824.993837156676,0.2,-6.883333333333334,"0.0,0.0,0.0,0.2,0.05,0.18395312063237393","0,0,0"
26.433333333333334,96,AV,1,0,0,53,1460.8215047913693,0.3,-26.433333333333334,"0.3977139917695473,0.2294017543859649,0.25464975845410626,0.3,0.53,0.07025440717912602","0,0,0"
35.88333333333333,234,AV,0,0,0,62,4547.885280126284,0.3,-35.88333333333333,"0.5227615740740741,0.2787621832358675,0.3028745704467354,0.3,0.62,0.2187187026108142","0,0,0"
10.316666666666666,17,AV,2,0,0,13,615.3970356119416,0.1,-10.316666666666666,"0.051117647058823525,0.07487878787878788,0.10950000000000001,0.1,0.13,0.029595918306859183","0,0,0"
24.733333333333334,248,AV,1,0,0,51,4950.268578812107,0.3,-24.733333333333334,"0.37360326086956525,0.21454058721934374,0.24380909090909092,0.3,0.51,0.238070279798878","0,0,0"
35.016666666666666,136,AV,2,0,0,78,2078.9202215407213,0.9,-35.016666666666666,"0.6162958801498128,0.32056770833333337,0.34156227106227105,0.9,0.78,0.09998025580674873","0,0,0"
19.8,134,AV,1,0,0,46,2046.5713793034688,0.4,-19.8,"0.2862029914529915,0.17428197674418605,0.19926296296296298,0.4,0.46,0.09842452245612708","0,0,0"
30.783333333333335,201,AV,2,0,0,57,3274.575105225111,0.1,-30.783333333333335,"0.46501709401709407,0.25664583333333335,0.2771545454545455,0.1,0.57,0.15748216467690215","0,0,0"
27.45,268,AV,1,0,0,54,6434.117121135291,0.2,-27.45,"0.42726623376623374,0.24079537037037035,0.26535542168674703,0.2,0.54,0.3094321123996473","0,0,0"
35.18333333333333,1,AV,1,0,0,87,424.9057127261393,0.1,-35.18333333333333,"0.6557128514056226,0.3347717171717172,0.3595090579710145,0.1,0.87,0.020434734056617176","0,0,0"
24.6,151,AV,1,0,0,51,2318.2944376966047,0.2,-24.6,"0.37360326086956525,0.21454058721934374,0.24380909090909092,0.2,0.51,0.11149233554738845","0,0,0"
10.583333333333334,131,AV,2,0,0,20,1945.516475481125,0.2,-10.583333333333334,"0.06460042735042734,0.08221555555555556,0.11730065359477125,0.2,0.2,0.09356454994251304","0,0,0"
22.533333333333335,279,AV,2,0,0,45,8134.997760071039,0.3,-22.533333333333335,"0.273297619047619,0.16939940828402367,0.19300957854406128,0.3,0.45,0.39123153866695837","0,0,0"
32.9,54,AV,1,0,0,75,954.0002559944874,0.2,-32.9,"0.5936124497991967,0.31433554083885207,0.33446698113207546,0.2,0.75,0.045880158673594545","0,0,0"
17.55,45,AV,1,0,0,43,877.6907461205365,0.6,-17.55,"0.24351685393258424,0.15667251461988305,0.18247083333333328,0.6,0.43,0.04221025145992046","0,0,0"
10.166666666666666,243,AV,1,0,0,26,4645.51881630073,0.9,-10.166666666666666,"0.08198290598290597,0.08875802469135802,0.12464204545454544,0.9,0.26,0.22341413335457028","0,0,0"
25.483333333333334,53,AV,1,0,0,52,946.2003450753726,0.5,-25.483333333333334,"0.38964147286821704,0.22344148936170208,0.25056565656565655,0.5,0.52,0.04550504226418034","0,0,0"
20.75,64,AV,0,0,0,41,1052.4070316009115,0.6,-20.75,"0.21022053872053875,0.14774588477366254,0.17215189873417722,0.6,0.41,0.05061277635478482","0,0,0"
43.18333333333333,196,AV,0,0,0,72,3197.7177395395383,0.3,-43.18333333333333,"0.5719155251141551,0.30664069264069255,0.32905604719764014,0.3,0.72,0.15378590976425258","0,0,0"
