travel_time,id,kind,action,origin,destination,start_time,income,urgency,reward,observation,cost_table
34.43333333333333,101,AV,2,0,0,77,1503.4428459110418,0.2,-34.43333333333333,"0.6849734299516907,0.30994152046783624,0.3414805194805195,0.2,0.77,0.0723041696201366","0,0,0"
13.666666666666666,255,AV,1,0,0,36,5590.116807812239,0.5,-13.666666666666666,"0.1673478260869565,0.12278017241379306,0.15612444444444445,0.5,0.36,0.26884211459565416","0,0,0"
27.416666666666668,99,AV,1,0,0,60,1485.5718097438446,0.4,-27.416666666666668,"0.5622723004694836,0.26766951566951563,0.3010763888888889,0.4,0.6,0.07144470866102204","0,0,0"
8.083333333333334,52,AV,1,0,0,12,946.1123250925148,0.8,-8.083333333333334,"0.05066666666666667,0.06888888888888889,0.10088888888888889,0.8,0.12,0.04550080917225548","0,0,0"
25.916666666666668,299,AV,2,0,0,50,20793.30768626012,0.4,-25.916666666666668,"0.37480303030303025,0.19437865497076026,0.22874999999999993,0.4,0.5,1.0","0,0,0"
16.95,278,AV,1,0,0,43,8029.700924090037,0.3,-16.95,"0.24766908212560385,0.15201111111111112,0.18291279069767444,0.3,0.43,0.386167561469594","0,0,0"
76.63333333333334,199,AV,0,0,0,82,3257.3450634265246,0.2,-76.63333333333334,"0.7256848958333333,0.3223003003003002,0.35270980392156864,0.2,0.82,0.15665353067318508","0,0,0"
64.3,157,AV,0,0,0,68,2411.397471856681,0.8,-64.3,"0.6341666666666667,0.2900825825825826,0.3205138888888889,0.8,0.68,0.11596988359144483","0,0,0"
8.383333333333333,23,AV,0,0,0,31,646.5589615252754,0.2,-8.383333333333333,"0.11823284313725493,0.10460330578512395,0.13459154929577466,0.2,0.31,0.031094570006892704","0,0,0"
7.0,40,AV,0,0,0,21,857.6590975250949,0.2,-7.0,"0.06542171717171716,0.08208045977011497,0.1151962962962963,0.2,0.21,0.041246881470994735","0,0,0"
13.8,162,AV,1,0,0,37,2476.7673195544394,0.7,-13.8,"0.1741301369863014,0.1269859813084112,0.15823541666666668,0.7,0.37,0.11911367623300487","0,0,0"
41.483333333333334,239,AV,0,0,0,53,4577.590037133467,0.6,-41.483333333333334,"0.4405677083333333,0.2253155737704918,0.25481081081081086,0.6,0.53,0.22014727556589106","0,0,0"
28.666666666666668,106,AV,1,0,0,65,1567.0706205360798,0.2,-28.666666666666668,"0.6071521739130435,0.281094395280236,0.31228418803418806,0.2,0.65,0.07536418179256658","0,0,0"
24.783333333333335,251,AV,2,0,0,50,5003.647877951615,0.2,-24.783333333333335,"0.37480303030303025,0.19437865497076026,0.22874999999999993,0.2,0.5,0.24063741822365012","0,0,0"
25.25,4,AV,1,0,0,57,465.3670128771111,0.2,-25.25,"0.5121488095238095,0.25221698113207547,0.2777190476190476,0.2,0.57,0.0223806149506756","0,0,0"
30.85,26,AV,2,0,0,59,676.2529471816457,0.2,-30.85,"0.552319248826291,0.26391597796143257,0.29483823529411757,0.2,0.59,0.03252262494189429","0,0,0"
21.766666666666666,229,AV,1,0,0,51,4223.122456076251,0.3,-21.766666666666666,"0.41089371980676326,0.20783862433862435,0.24194358974358976,0.3,0.51,0.20310008007368746","0,0,0"
44.9,282,AV,0,0,0,54,8475.089255911002,0.1,-44.9,"0.46994722222222224,0.23663385826771652,0.26393835616438355,0.1,0.54,0.40758735376725097","0,0,0"
50.166666666666664,39,AV,0,0,0,56,849.0657401736111,0.1,-50.166666666666664,"0.5010220883534137,0.24810897435897433,0.2724063926940639,0.1,0.56,0.040833606321069346","0,0,0"
41.483333333333334,258,AV,0,0,0,53,5721.231751015957,0.3,-41.483333333333334,"0.4405677083333333,0.2253155737704918,0.25481081081081086,0.3,0.53,0.2751477464451918","0,0,0"
27.633333333333333,167,AV,0,0,0,47,2561.5826276178027,0.4,-27.633333333333333,"0.30208008658008656,0.17150778816199377,0.20520833333333335,0.4,0.47,0.12319264766665551","0,0,0"
67.78333333333333,116,AV,0,0,0,71,1716.9764066453156,0.9,-67.78333333333333,"0.6512105263157895,0.296506230529595,0.3264718614718615,0.9,0.71,0.08257351031167907","0,0,0"
29.383333333333333,68,AV,1,0,0,68,1100.389953660579,0.2,-29.383333333333333,"0.6341666666666667,0.2900825825825826,0.3205138888888889,0.2,0.68,0.052920390072797266","0,0,0"
21.183333333333334,179,AV,2,0,0,47,2818.3733061874163,0.2,-21.183333333333334,"0.30208008658008656,0.17150778816199377,0.20520833333333335,0.2,0.47,0.13554232682517134","0,0,0"
16.933333333333334,6,AV,2,0,0,38,491.0984231068265,0.1,-16.933333333333334,"0.1817363184079602,0.12948878205128206,0.1620505617977528,0.1,0.38,0.023618100136676975","0,0,0"
72.95,169,AV,0,0,0,79,2645.062412614309,0.2,-72.95,"0.7017954545454547,0.3173888888888889,0.34968749999999993,0.2,0.79,0.1272073905952983","0,0,0"
17.066666666666666,264,AV,2,0,0,40,5912.288420941998,0.5,-17.066666666666666,"0.2135378787878788,0.1401736842105263,0.16903367003367,0.5,0.4,0.28433611958951305","0,0,0"
21.266666666666666,12,AV,2,0,0,46,571.0932451196882,0.4,-21.266666666666666,"0.29358874458874457,0.16790809968847356,0.19943201754385967,0.4,0.46,0.027465242843352784","0,0,0"
27.8,93,AV,2,0,0,54,1434.4967426379471,0.3,-27.8,"0.46994722222222224,0.23663385826771652,0.26393835616438355,0.3,0.54,0.06898838627708276","0,0,0"
53.8,297,AV,0,0,0,58,17693.100214811147,0.7,-53.8,"0.5209410569105691,0.2560877976190476,0.2852954545454546,0.7,0.58,0.8509035927219247","0,0,0"
25.716666666666665,187,AV,1,0,0,57,2909.8477340427667,0.3,-25.716666666666665,"0.5121488095238095,0.25221698113207547,0.2777190476190476,0.3,0.57,0.13994155128890565","0,0,0"
23.283333333333335,22,AV,1,0,0,50,640.5426603936758,0.1,-23.283333333333335,"0.37480303030303025,0.19437865497076026,0.22874999999999993,0.1,0.5,0.03080523166677017","0,0,0"
22.833333333333332,166,AV,2,0,0,48,2553.8725848963804,0.8,-22.833333333333332,"0.3424726368159204,0.1835825958702065,0.21814166666666668,0.8,0.48,0.122821853234247","0,0,0"
19.9,245,AV,1,0,0,48,4689.4303597647895,0.1,-19.9,"0.3424726368159204,0.1835825958702065,0.21814166666666668,0.1,0.48,0.22552594471842924","0,0,0"
24.983333333333334,0,AV,1,0,0,55,417.8295094645922,0.7,-24.983333333333334,"0.49122146118721477,0.24378735632183907,0.26989201877934277,0.7,0.55,0.02009442248289757","0,0,0"
35.5,242,AV,2,0,0,81,4635.813442599864,0.1,-35.5,"0.7136692708333332,0.3201592920353983,0.35115461847389556,0.1,0.81,0.222947378673338","0,0,0"
23.133333333333333,79,AV,1,0,0,53,1260.3927948639828,0.1,-23.133333333333333,"0.4405677083333333,0.2253155737704918,0.25481081081081086,0.1,0.53,0.06061531017005197","0,0,0"
33.78333333333333,244,AV,2,0,0,66,4687.914961676448,0.7,-33.78333333333333,"0.615704761904762,0.2827861356932153,0.31401731601731603,0.7,0.66,0.22545306559254863","0,0,0"
20.316666666666666,32,AV,1,0,0,48,806.3598325453933,0.1,-20.316666666666666,"0.3424726368159204,0.1835825958702065,0.21814166666666668,0.1,0.48,0.03877977687399022","0,0,0"
12.883333333333333,215,AV,1,0,0,34,3742.7752140142647,0.4,-12.883333333333333,"0.15409166666666668,0.11802933333333332,0.15276222222222224,0.4,0.34,0.17999902999980277","0,0,0"
22.866666666666667,91,AV,1,0,0,51,1405.7852601227096,0.6,-22.866666666666667,"0.41089371980676326,0.20783862433862435,0.24194358974358976,0.6,0.51,0.06760758227281125","0,0,0"
30.316666666666666,102,AV,1,0,0,74,1509.578116022191,0.1,-30.316666666666666,"0.6704421296296296,0.30475595238095243,0.3360548245614035,0.1,0.74,0.07259922946360745","0,0,0"
19.483333333333334,214,AV,2,0,0,45,3628.2404526711953,0.1,-19.483333333333334,"0.2806177777777778,0.1629321533923304,0.19429629629629627,0.1,0.45,0.17449077883210845","0,0,0"
17.666666666666668,226,AV,1,0,0,46,4116.183110063293,0.2,-17.666666666666668,"0.29358874458874457,0.16790809968847356,0.19943201754385967,0.2,0.46,0.1979571106324368","0,0,0"
65.81666666666666,147,AV,0,0,0,68,2276.662146114732,0.3,-65.81666666666666,"0.6341666666666667,0.2900825825825826,0.3205138888888889,0.3,0.68,0.1094901388690128","0,0,0"
14.616666666666667,89,AV,2,0,0,29,1348.5865378412918,0.1,-14.616666666666667,"0.10343459915611815,0.09807002801120446,0.12977688172043012,0.1,0.29,0.06485675863549194","0,0,0"
55.8,262,AV,0,0,0,59,5899.132481879994,0.2,-55.8,"0.552319248826291,0.26391597796143257,0.29483823529411757,0.2,0.59,0.2837034189504176","0,0,0"
20.466666666666665,217,AV,0,0,0,44,3759.463069718096,0.5,-20.466666666666665,"0.2617415458937198,0.15643393393393393,0.18985208333333337,0.5,0.44,0.18080158897481655","0,0,0"
48.86666666666667,153,AV,0,0,0,55,2337.3116255789537,0.9,-48.86666666666667,"0.49122146118721477,0.24378735632183907,0.26989201877934277,0.9,0.55,0.11240691768935884","0,0,0"
17.483333333333334,143,AV,1,0,0,44,2212.8825544422834,0.4,-17.483333333333334,"0.2617415458937198,0.15643393393393393,0.18985208333333337,0.4,0.44,0.1064228254509272","0,0,0"
36.166666666666664,63,AV,0,0,0,51,1046.6558973464134,0.7,-36.166666666666664,"0.41089371980676326,0.20783862433862435,0.24194358974358976,0.7,0.51,0.05033619052528265","0,0,0"
34.21666666666667,8,AV,1,0,0,83,541.9839687696077,0.7,-34.21666666666667,"0.7258384615384617,0.32385202492211834,0.35500189393939396,0.7,0.83,0.026065307980208553","0,0,0"
58.983333333333334,33,AV,0,0,0,61,807.7368269013535,0.5,-58.983333333333334,"0.5771380952380951,0.27091944444444443,0.3024523809523809,0.5,0.61,0.0388459998326814","0,0,0"
33.266666666666666,100,AV,2,0,0,75,1490.1599361877834,0.9,-33.266666666666666,"0.6803378378378379,0.30741141141141143,0.33776666666666666,0.9,0.75,0.07166536265764283","0,0,0"
52.03333333333333,56,AV,0,0,0,57,968.7072844723906,0.2,-52.03333333333333,"0.5121488095238095,0.25221698113207547,0.2777190476190476,0.2,0.57,0.04658745492005087","0,0,0"
13.466666666666667,19,AV,0,0,0,36,626.2908344343901,0.1,-13.466666666666667,"0.1673478260869565,0.12278017241379306,0.15612444444444445,0.1,0.36,0.03011982720037529","0,0,0"
24.766666666666666,81,AV,1,0,0,54,1261.43865123121,0.4,-24.766666666666666,"0.46994722222222224,0.23663385826771652,0.26393835616438355,0.4,0.54,0.060665607909257666","0,0,0"
12.733333333333333,73,AV,1,0,0,32,1135.438045570021,0.2,-12.733333333333333,"0.13374871794871795,0.11076851851851854,0.1440048309178744,0.2,0.32,0.0546059368091927","0,0,0"
21.85,95,AV,2,0,0,48,1457.5875839824732,0.2,-21.85,"0.3424726368159204,0.1835825958702065,0.21814166666666668,0.2,0.48,0.07009888017699192","0,0,0"
77.75,121,AV,0,0,0,100,1836.3970218708375,0.6,-77.75,"0.7368000000000001,0.32862500000000006,0.35908901515151515,0.6,1.0,0.08831673390204767","0,0,0"
15.733333333333333,256,AV,1,0,0,41,5611.673516276995,0.1,-15.733333333333333,"0.2196293532338309,0.14190549828178695,0.17118576388888887,0.1,0.41,0.26987882836866295","0,0,0"
15.833333333333334,287,AV,1,0,0,41,10751.672106064549,0.8,-15.833333333333334,"0.2196293532338309,0.14190549828178695,0.17118576388888887,0.8,0.41,0.5170736791034491","0,0,0"
54.03333333333333,193,AV,0,0,0,58,3064.640983136323,0.1,-54.03333333333333,"0.5209410569105691,0.2560877976190476,0.2852954545454546,0.1,0.58,0.14738592961625765","0,0,0"
15.333333333333334,270,AV,2,0,0,19,6709.13861087917,0.2,-15.333333333333334,"0.0631169590643275,0.07943537414965984,0.11198198198198195,0.2,0.19,0.32265855495960655","0,0,0"
15.383333333333333,133,AV,2,0,0,29,2044.1603053436156,0.5,-15.383333333333333,"0.10343459915611815,0.09807002801120446,0.12977688172043012,0.5,0.29,0.09830856813100321","0,0,0"
28.55,275,AV,1,0,0,64,7336.658338656486,0.3,-28.55,"0.6030338164251208,0.2804024024024024,0.31045208333333335,0.3,0.64,0.35283748258601644","0,0,0"
33.43333333333333,172,AV,1,0,0,86,2744.255474143275,0.2,-33.43333333333333,"0.7312822580645161,0.32565929203539823,0.3564588235294117,0.2,0.86,0.13197782265092123","0,0,0"
15.183333333333334,206,AV,2,0,0,34,3438.9188747307694,0.1,-15.183333333333334,"0.15409166666666668,0.11802933333333332,0.15276222222222224,0.1,0.34,0.16538585041970746","0,0,0"
18.733333333333334,97,AV,1,0,0,47,1474.5167950508735,0.5,-18.733333333333334,"0.30208008658008656,0.17150778816199377,0.20520833333333335,0.5,0.47,0.07091304650992157","0,0,0"
25.116666666666667,3,AV,1,0,0,56,457.16351791608827,0.1,-25.116666666666667,"0.5010220883534137,0.24810897435897433,0.2724063926940639,0.1,0.56,0.021986089217454062","0,0,0"
12.9,7,AV,1,0,0,31,508.6019702527906,0.3,-12.9,"0.11823284313725493,0.10460330578512395,0.13459154929577466,0.3,0.31,0.024459887668034006","0,0,0"
31.266666666666666,246,AV,1,0,0,71,4818.617258984985,0.1,-31.266666666666666,"0.6512105263157895,0.296506230529595,0.3264718614718615,0.1,0.71,0.23173885231203734","0,0,0"
17.316666666666666,66,AV,2,0,0,41,1089.3140785512585,0.3,-17.316666666666666,"0.2196293532338309,0.14190549828178695,0.17118576388888887,0.3,0.41,0.052387724694280345","0,0,0"
12.933333333333334,254,AV,1,0,0,34,5557.427333357366,0.2,-12.933333333333334,"0.15409166666666668,0.11802933333333332,0.15276222222222224,0.2,0.34,0.26726999942532587","0,0,0"
22.95,90,AV,1,0,0,52,1365.417472605012,0.3,-22.95,"0.4330945945945947,0.21767948717948712,0.24965942028985513,0.3,0.52,0.06566619862539994","0,0,0"
31.15,27,AV,2,0,0,62,720.4688823460104,0.4,-31.15,"0.5800472972972973,0.2725070621468927,0.3034362745098039,0.4,0.62,0.034649075232127916","0,0,0"
15.483333333333333,189,AV,0,0,0,37,2965.4163440895786,0.3,-15.483333333333333,"0.1741301369863014,0.1269859813084112,0.15823541666666668,0.3,0.37,0.14261397892212588","0,0,0"
17.716666666666665,250,AV,1,0,0,44,4967.653125719208,0.1,-17.716666666666665,"0.2617415458937198,0.15643393393393393,0.18985208333333337,0.1,0.44,0.2389063443235514","0,0,0"
33.5,252,AV,1,0,0,79,5144.150368411208,0.1,-33.5,"0.7017954545454547,0.3173888888888889,0.34968749999999993,0.1,0.79,0.2473945197189757","0,0,0"
18.85,85,AV,1,0,0,47,1282.6858023855964,0.6,-18.85,"0.30208008658008656,0.17150778816199377,0.20520833333333335,0.6,0.47,0.06168743432932387","0,0,0"
11.75,51,AV,0,0,0,33,943.1907669438916,0.9,-11.75,"0.14474011299435027,0.1138057742782152,0.14642792792792794,0.9,0.33,0.04536030443906415","0,0,0"
46.63333333333333,42,AV,0,0,0,55,870.7377108213431,0.5,-46.63333333333333,"0.49122146118721477,0.24378735632183907,0.26989201877934277,0.5,0.55,0.04187586332869553","0,0,0"
12.3,149,AV,1,0,0,31,2294.767722006211,0.1,-12.3,"0.11823284313725493,0.10460330578512395,0.13459154929577466,0.1,0.31,0.11036087940556741","0,0,0"
51.983333333333334,141,AV,0,0,0,58,2139.4702648744856,0.4,-51.983333333333334,"0.5209410569105691,0.2560877976190476,0.2852954545454546,0.4,0.58,0.10289225250527183","0,0,0"
62.93333333333333,160,AV,0,0,0,63,2436.431929205765,0.2,-62.93333333333333,"0.5941871794871795,0.2766359649122807,0.3074279835390946,0.2,0.63,0.11717385064309511","0,0,0"
11.9,291,AV,1,0,0,31,11515.391842589095,0.1,-11.9,"0.11823284313725493,0.10460330578512395,0.13459154929577466,0.1,0.31,0.5538027915682833","0,0,0"
32.35,113,AV,1,0,0,78,1635.9686818612918,0.7,-32.35,"0.6977348484848485,0.3132241887905605,0.3449341563786008,0.7,0.78,0.07867765468320913","0,0,0"
19.35,120,AV,1,0,0,47,1809.16611953512,0.7,-19.35,"0.30208008658008656,0.17150778816199377,0.20520833333333335,0.7,0.47,0.08700713454697676","0,0,0"
29.416666666666668,203,AV,1,0,0,67,3382.383844415393,0.2,-29.416666666666668,"0.628044776119403,0.2862293577981651,0.316781746031746,0.2,0.67,0.16266694531964326","0,0,0"
16.416666666666668,98,AV,2,0,0,39,1474.807688008607,0.3,-16.416666666666668,"0.20237254901960783,0.13689003436426114,0.16689298245614037,0.3,0.39,0.07092703624941481","0,0,0"
15.033333333333333,28,AV,1,0,0,37,736.5379020629116,0.4,-15.033333333333333,"0.1741301369863014,0.1269859813084112,0.15823541666666668,0.4,0.37,0.03542187290142414","0,0,0"
57.2,257,AV,0,0,0,60,5702.891177591027,0.1,-57.2,"0.5622723004694836,0.26766951566951563,0.3010763888888889,0.1,0.6,0.27426570431405706","0,0,0"
69.55,159,AV,0,0,0,74,2421.0391237858234,0.3,-69.55,"0.6704421296296296,0.30475595238095243,0.3360548245614035,0.3,0.74,0.11643357373995898","0,0,0"
29.766666666666666,112,AV,1,0,0,69,1628.9397076974285,0.6,-29.766666666666666,"0.6441688596491228,0.2941018518518519,0.3263377192982457,0.6,0.69,0.07833961446998668","0,0,0"
13.433333333333334,237,AV,1,0,0,35,4559.760277629775,0.2,-13.433333333333334,"0.16465458937198066,0.12198563218390804,0.15514000000000003,0.2,0.35,0.21928979970044837","0,0,0"
26.833333333333332,86,AV,2,0,0,51,1293.252850487379,0.9,-26.833333333333332,"0.41089371980676326,0.20783862433862435,0.24194358974358976,0.9,0.51,0.06219562899759039","0,0,0"
74.83333333333333,170,AV,0,0,0,80,2667.9339807116767,0.6,-74.83333333333333,"0.7095277777777779,0.3185643274853801,0.3495625,0.6,0.8,0.12830733911924","0,0,0"
36.38333333333333,49,AV,0,0,0,51,932.0432837729122,0.1,-36.38333333333333,"0.41089371980676326,0.20783862433862435,0.24194358974358976,0.1,0.51,0.04482419525724574","0,0,0"
22.15,186,AV,0,0,0,44,2909.5116230827134,0.6,-22.15,"0.2617415458937198,0.15643393393393393,0.18985208333333337,0.6,0.44,0.13992538690731113","0,0,0"
29.0,103,AV,1,0,0,67,1527.6889462703334,0.4,-29.0,"0.628044776119403,0.2862293577981651,0.316781746031746,0.4,0.67,0.07347022269476662","0,0,0"
24.916666666666668,44,AV,2,0,0,50,877.2934597877683,0.7,-24.916666666666668,"0.37480303030303025,0.19437865497076026,0.22874999999999993,0.7,0.5,0.04219114500803879","0,0,0"
23.066666666666666,30,AV,2,0,0,50,777.0630287344238,0.4,-23.066666666666666,"0.37480303030303025,0.19437865497076026,0.22874999999999993,0.4,0.5,0.037370823365822384","0,0,0"
21.216666666666665,82,AV,1,0,0,50,1265.4739572733297,0.3,-21.216666666666665,"0.37480303030303025,0.19437865497076026,0.22874999999999993,0.3,0.5,0.060859675447862215","0,0,0"
24.366666666666667,50,AV,1,0,0,54,938.3100494872764,0.2,-24.366666666666667,"0.46994722222222224,0.23663385826771652,0.26393835616438355,0.2,0.54,0.04512557903941836","0,0,0"
29.433333333333334,138,AV,2,0,0,58,2105.159940183184,0.1,-29.433333333333334,"0.5209410569105691,0.2560877976190476,0.2852954545454546,0.1,0.58,0.10124218676253416","0,0,0"
13.616666666666667,92,AV,2,0,0,30,1434.2863071033526,0.4,-13.616666666666667,"0.10956995884773661,0.10174561403508775,0.13113846153846154,0.4,0.3,0.06897826592789302","0,0,0"
16.733333333333334,71,AV,1,0,0,42,1117.0806745336297,0.9,-16.733333333333334,"0.23571917808219178,0.14803645833333334,0.1770750915750916,0.9,0.42,0.05372308684066549","0,0,0"
24.483333333333334,273,AV,1,0,0,54,7099.697064525982,0.3,-24.483333333333334,"0.46994722222222224,0.23663385826771652,0.26393835616438355,0.3,0.54,0.3414414470102487","0,0,0"
27.566666666666666,41,AV,0,0,0,47,861.805442805673,0.3,-27.566666666666666,"0.30208008658008656,0.17150778816199377,0.20520833333333335,0.3,0.47,0.04144628915269407","0,0,0"
29.183333333333334,267,AV,0,0,0,47,6427.339783247283,0.1,-29.183333333333334,"0.30208008658008656,0.17150778816199377,0.20520833333333335,0.1,0.47,0.3091061739780037","0,0,0"
71.38333333333334,148,AV,0,0,0,78,2280.385817754286,0.2,-71.38333333333334,"0.6977348484848485,0.3132241887905605,0.3449341563786008,0.2,0.78,0.10966921916233309","0,0,0"
10.15,174,AV,0,0,0,32,2753.3979495063454,0.5,-10.15,"0.13374871794871795,0.11076851851851854,0.1440048309178744,0.5,0.32,0.13241750620204337","0,0,0"
15.0,115,AV,2,0,0,22,1703.2333497257905,0.4,-15.0,"0.06888461538461538,0.08432850241545896,0.11666319444444445,0.4,0.22,0.08191257376772525","0,0,0"
23.766666666666666,80,AV,2,0,0,51,1260.6549751070208,0.1,-23.766666666666666,"0.41089371980676326,0.20783862433862435,0.24194358974358976,0.1,0.51,0.06062791904628244","0,0,0"
34.0,241,AV,2,0,0,74,4630.913868273173,0.6,-34.0,"0.6704421296296296,0.30475595238095243,0.3360548245614035,0.6,0.74,0.22271174640161776","0,0,0"
21.566666666666666,216,AV,2,0,0,46,3758.845856207275,0.5,-21.566666666666666,"0.29358874458874457,0.16790809968847356,0.19943201754385967,0.5,0.46,0.18077190569786353","0,0,0"
20.583333333333332,140,AV,1,0,0,48,2137.1188228190404,0.2,-20.583333333333332,"0.3424726368159204,0.1835825958702065,0.21814166666666668,0.2,0.48,0.10277916602134513","0,0,0"
48.43333333333333,57,AV,0,0,0,55,969.457736312404,0.1,-48.43333333333333,"0.49122146118721477,0.24378735632183907,0.26989201877934277,0.1,0.55,0.04662354594757456","0,0,0"
8.566666666666666,36,AV,1,0,0,18,818.0604611907775,0.1,-8.566666666666666,"0.06208653846153846,0.07780729166666667,0.11174242424242423,0.1,0.18,0.03934248814734457","0,0,0"
26.95,290,AV,2,0,0,52,11185.875164713363,0.9,-26.95,"0.4330945945945947,0.21767948717948712,0.24965942028985513,0.9,0.52,0.5379555448075637","0,0,0"
50.31666666666667,150,AV,0,0,0,56,2302.618320259251,0.9,-50.31666666666667,"0.5010220883534137,0.24810897435897433,0.2724063926940639,0.9,0.56,0.11073843349034766","0,0,0"
13.0,185,AV,2,0,0,24,2891.134206742707,0.3,-13.0,"0.07070281124497993,0.08650000000000001,0.11928248587570624,0.3,0.24,0.13904157291209238","0,0,0"
55.55,207,AV,0,0,0,58,3465.4556083993225,0.9,-55.55,"0.5209410569105691,0.2560877976190476,0.2852954545454546,0.9,0.58,0.1666620655399256","0,0,0"
10.55,298,AV,2,0,0,16,19040.472291926453,0.1,-10.55,"0.056901960784313727,0.07637121212121213,0.10888636363636366,0.1,0.16,0.91570194503052","0,0,0"
31.05,191,AV,2,0,0,59,2969.8754393798326,0.1,-31.05,"0.552319248826291,0.26391597796143257,0.29483823529411757,0.1,0.59,0.1428284275013291","0,0,0"
20.716666666666665,178,AV,1,0,0,48,2815.231094880572,0.9,-20.716666666666665,"0.3424726368159204,0.1835825958702065,0.21814166666666668,0.9,0.48,0.13539121035278245","0,0,0"
15.2,183,AV,2,0,0,30,2857.712092786687,0.2,-15.2,"0.10956995884773661,0.10174561403508775,0.13113846153846154,0.2,0.3,0.13743422335230565","0,0,0"
17.3,35,AV,1,0,0,43,816.2772675203604,0.5,-17.3,"0.24766908212560385,0.15201111111111112,0.18291279069767444,0.5,0.43,0.03925673009012141","0,0,0"
16.016666666666666,171,AV,1,0,0,41,2675.3892374750885,0.3,-16.016666666666666,"0.2196293532338309,0.14190549828178695,0.17118576388888887,0.3,0.41,0.1286658802843062","0,0,0"
12.483333333333333,260,AV,2,0,0,29,5849.7981009167725,0.7,-12.483333333333333,"0.10343459915611815,0.09807002801120446,0.12977688172043012,0.7,0.29,0.28133081033481866","0,0,0"
19.383333333333333,195,AV,1,0,0,47,3119.7161673652217,0.3,-19.383333333333333,"0.30208008658008656,0.17150778816199377,0.20520833333333335,0.3,0.47,0.1500346272193471","0,0,0"
14.233333333333333,231,AV,1,0,0,38,4304.4895651906745,0.2,-14.233333333333333,"0.1817363184079602,0.12948878205128206,0.1620505617977528,0.2,0.38,0.207013219355909","0,0,0"
14.133333333333333,83,AV,2,0,0,33,1267.69032506861,0.4,-14.133333333333333,"0.14474011299435027,0.1138057742782152,0.14642792792792794,0.4,0.33,0.0609662658868978","0,0,0"
5.083333333333333,127,AV,0,0,0,17,1921.5023446668008,0.7,-5.083333333333333,"0.059522222222222226,0.07710919540229885,0.11065555555555556,0.7,0.17,0.09240965283924012","0,0,0"
29.433333333333334,139,AV,1,0,0,68,2113.1349678504243,0.2,-29.433333333333334,"0.6341666666666667,0.2900825825825826,0.3205138888888889,0.2,0.68,0.10162572495605159","0,0,0"
23.0,182,AV,1,0,0,52,2853.537244729806,0.3,-23.0,"0.4330945945945947,0.21767948717948712,0.24965942028985513,0.3,0.52,0.13723344490378397","0,0,0"
17.066666666666666,225,AV,1,0,0,44,4113.319853961603,0.6,-17.066666666666666,"0.2617415458937198,0.15643393393393393,0.18985208333333337,0.6,0.44,0.19781940978440954","0,0,0"
32.916666666666664,263,AV,2,0,0,65,5911.733280178027,0.1,-32.916666666666664,"0.6071521739130435,0.281094395280236,0.31228418803418806,0.1,0.65,0.28430942153971994","0,0,0"
28.516666666666666,31,AV,2,0,0,55,802.5586880039084,0.1,-28.516666666666666,"0.49122146118721477,0.24378735632183907,0.26989201877934277,0.1,0.55,0.038596970723144074","0,0,0"
25.55,259,AV,1,0,0,56,5807.233742044462,0.3,-25.55,"0.5010220883534137,0.24810897435897433,0.2724063926940639,0.3,0.56,0.27928378830664774","0,0,0"
24.15,70,AV,1,0,0,53,1111.987968807459,0.2,-24.15,"0.4405677083333333,0.2253155737704918,0.25481081081081086,0.2,0.53,0.05347816641708441","0,0,0"
8.1,29,AV,1,0,0,14,763.1985099142711,0.9,-8.1,"0.0526,0.07653125,0.10911458333333332,0.9,0.14,0.03670404542797105","0,0,0"
29.75,177,AV,2,0,0,61,2797.307504072895,0.1,-29.75,"0.5771380952380951,0.27091944444444443,0.3024523809523809,0.1,0.61,0.13452922191505445","0,0,0"
10.0,9,AV,1,0,0,31,546.8646928603165,0.6,-10.0,"0.11823284313725493,0.10460330578512395,0.13459154929577466,0.6,0.31,0.026300033698903796","0,0,0"
57.35,168,AV,0,0,0,60,2574.4307659940623,0.1,-57.35,"0.5622723004694836,0.26766951566951563,0.3010763888888889,0.1,0.6,0.12381054543309646","0,0,0"
67.76666666666667,188,AV,0,0,0,72,2946.490055333797,0.2,-67.76666666666667,"0.6542747747747748,0.2991957186544343,0.329965367965368,0.2,0.72,0.14170376833700152","0,0,0"
23.616666666666667,212,AV,1,0,0,53,3539.477986656502,0.5,-23.616666666666667,"0.4405677083333333,0.2253155737704918,0.25481081081081086,0.5,0.53,0.17022197911279557","0,0,0"
9.3,292,AV,1,0,0,27,11861.36896338871,0.3,-9.3,"0.08621428571428572,0.09237702265372168,0.1238510101010101,0.3,0.27,0.57044166047841","0,0,0"
13.25,213,AV,1,0,0,34,3608.770587345788,0.9,-13.25,"0.15409166666666668,0.11802933333333332,0.15276222222222224,0.9,0.34,0.17355442634701188","0,0,0"
16.083333333333332,269,AV,1,0,0,41,6563.608435155774,0.8,-16.083333333333332,"0.2196293532338309,0.14190549828178695,0.17118576388888887,0.8,0.41,0.31565966003056356","0,0,0"
13.866666666666667,202,AV,1,0,0,35,3361.758609282253,0.9,-13.866666666666667,"0.16465458937198066,0.12198563218390804,0.15514000000000003,0.9,0.35,0.16167502833152653","0,0,0"
16.733333333333334,78,AV,1,0,0,43,1251.6500609663929,0.2,-16.733333333333334,"0.24766908212560385,0.15201111111111112,0.18291279069767444,0.2,0.43,0.0601948511440276","0,0,0"
18.55,59,AV,2,0,0,42,985.0802174553831,0.4,-18.55,"0.23571917808219178,0.14803645833333334,0.1770750915750916,0.4,0.42,0.047374868506673815","0,0,0"
64.28333333333333,119,AV,0,0,0,66,1804.2001824470888,0.3,-64.28333333333333,"0.615704761904762,0.2827861356932153,0.31401731601731603,0.3,0.66,0.08676831073101827","0,0,0"
8.316666666666666,211,AV,1,0,0,16,3523.1638559153366,0.1,-8.316666666666666,"0.056901960784313727,0.07637121212121213,0.10888636363636366,0.1,0.16,0.16943739346690792","0,0,0"
22.2,272,AV,0,0,0,44,7081.334819999852,0.1,-22.2,"0.2617415458937198,0.15643393393393393,0.18985208333333337,0.1,0.44,0.34055836266392014","0,0,0"
29.883333333333333,58,AV,2,0,0,59,978.4447105201264,0.1,-29.883333333333333,"0.552319248826291,0.26391597796143257,0.29483823529411757,0.1,0.59,0.04705575107546101","0,0,0"
15.3,118,AV,0,0,0,38,1794.439334206041,0.3,-15.3,"0.1817363184079602,0.12948878205128206,0.1620505617977528,0.3,0.38,0.08629888814619799","0,0,0"
37.81666666666667,67,AV,0,0,0,51,1097.8259349569896,0.2,-37.81666666666667,"0.41089371980676326,0.20783862433862435,0.24194358974358976,0.2,0.51,0.05279708026839882","0,0,0"
26.316666666666666,221,AV,1,0,0,58,3941.04555698938,0.3,-26.316666666666666,"0.5209410569105691,0.2560877976190476,0.2852954545454546,0.3,0.58,0.18953432596938674","0,0,0"
10.116666666666667,227,AV,1,0,0,28,4159.866430607663,0.1,-10.116666666666667,"0.09882007575757575,0.09555303030303029,0.1276989247311828,0.1,0.28,0.20005794620912742","0,0,0"
37.18333333333333,277,AV,2,0,0,72,7958.958807233507,0.9,-37.18333333333333,"0.6542747747747748,0.2991957186544343,0.329965367965368,0.9,0.72,0.38276540352897576","0,0,0"
29.316666666666666,289,AV,0,0,0,49,10838.007207066395,0.1,-29.316666666666666,"0.3672785388127853,0.18863983050847458,0.22267874396135265,0.1,0.49,0.5212257410218565","0,0,0"
23.9,123,AV,0,0,0,44,1869.7531794209297,0.4,-23.9,"0.2617415458937198,0.15643393393393393,0.18985208333333337,0.4,0.44,0.0899209114602018","0,0,0"
59.1,228,AV,0,0,0,62,4164.701887555128,0.1,-59.1,"0.5800472972972973,0.2725070621468927,0.3034362745098039,0.1,0.62,0.2002904949224166","0,0,0"
77.96666666666667,43,AV,0,0,0,84,873.8892656114449,0.4,-77.96666666666667,"0.7288307291666668,0.325262996941896,0.3562413793103448,0.4,0.84,0.04202742915158692","0,0,0"
39.9,154,AV,0,0,0,52,2344.9936519099742,0.2,-39.9,"0.4330945945945947,0.21767948717948712,0.24965942028985513,0.2,0.52,0.11277636474640867","0,0,0"
13.9,261,AV,0,0,0,36,5882.279762541917,0.8,-13.9,"0.1673478260869565,0.12278017241379306,0.15612444444444445,0.8,0.36,0.2828929312881198","0,0,0"
71.1,249,AV,0,0,0,78,4951.479839002994,0.5,-71.1,"0.6977348484848485,0.3132241887905605,0.3449341563786008,0.5,0.78,0.23812853220437127","0,0,0"
21.4,2,AV,1,0,0,50,437.8567856598078,0.6,-21.4,"0.37480303030303025,0.19437865497076026,0.22874999999999993,0.6,0.5,0.021057582192617507","0,0,0"
20.116666666666667,210,AV,2,0,0,44,3520.054626539052,0.6,-20.116666666666667,"0.2617415458937198,0.15643393393393393,0.18985208333333337,0.6,0.44,0.16928786317460437","0,0,0"
34.516666666666666,117,AV,1,0,0,86,1718.6657268339234,0.2,-34.516666666666666,"0.7312822580645161,0.32565929203539823,0.3564588235294117,0.2,0.86,0.08265475376818426","0,0,0"
32.983333333333334,164,AV,0,0,0,50,2497.1975937909187,0.2,-32.983333333333334,"0.37480303030303025,0.19437865497076026,0.22874999999999993,0.2,0.5,0.12009621708435674","0,0,0"
15.966666666666667,145,AV,1,0,0,42,2222.040577514192,0.6,-15.966666666666667,"0.23571917808219178,0.14803645833333334,0.1770750915750916,0.6,0.42,0.10686325672862912","0,0,0"
21.483333333333334,253,AV,1,0,0,50,5480.041794665195,0.1,-21.483333333333334,"0.37480303030303025,0.19437865497076026,0.22874999999999993,0.1,0.5,0.26354834340696637","0,0,0"
23.95,84,AV,0,0,0,44,1275.6237969650936,0.9,-23.95,"0.2617415458937198,0.15643393393393393,0.18985208333333337,0.9,0.44,0.06134780556380672","0,0,0"
13.4,296,AV,1,0,0,33,14754.343640924068,0.4,-13.4,"0.14474011299435027,0.1138057742782152,0.14642792792792794,0.4,0.33,0.7095717460418045","0,0,0"
20.733333333333334,55,AV,2,0,0,45,961.7772661313056,0.1,-20.733333333333334,"0.2806177777777778,0.1629321533923304,0.19429629629629627,0.1,0.45,0.04625417372950396","0,0,0"
62.53333333333333,124,AV,0,0,0,63,1888.2149669861096,0.1,-62.53333333333333,"0.5941871794871795,0.2766359649122807,0.3074279835390946,0.1,0.63,0.09080878306984375","0,0,0"
12.466666666666667,218,AV,1,0,0,27,3778.090807703549,0.1,-12.466666666666667,"0.08621428571428572,0.09237702265372168,0.1238510101010101,0.1,0.27,0.18169744153788722","0,0,0"
18.883333333333333,94,AV,1,0,0,47,1444.5182772575097,0.2,-18.883333333333333,"0.30208008658008656,0.17150778816199377,0.20520833333333335,0.2,0.47,0.06947034589460839","0,0,0"
8.533333333333333,232,AV,1,0,0,22,4343.557359248321,0.2,-8.533333333333333,"0.06888461538461538,0.08432850241545896,0.11666319444444445,0.2,0.22,0.2088920832022542","0,0,0"
27.316666666666666,111,AV,1,0,0,59,1614.9573615816892,0.1,-27.316666666666666,"0.552319248826291,0.26391597796143257,0.29483823529411757,0.1,0.59,0.07766716993510497","0,0,0"
21.5,285,AV,2,0,0,47,9280.176126726552,0.5,-21.5,"0.30208008658008656,0.17150778816199377,0.20520833333333335,0.5,0.47,0.4463059108608652","0,0,0"
21.083333333333332,284,AV,1,0,0,49,8987.033628468456,0.1,-21.083333333333332,"0.3672785388127853,0.18863983050847458,0.22267874396135265,0.1,0.49,0.432207985572538","0,0,0"
16.266666666666666,247,AV,2,0,0,34,4925.450001742355,0.2,-16.266666666666666,"0.15409166666666668,0.11802933333333332,0.15276222222222224,0.2,0.34,0.23687669494724078","0,0,0"
19.45,77,AV,1,0,0,47,1249.5878531833848,0.3,-19.45,"0.30208008658008656,0.17150778816199377,0.20520833333333335,0.3,0.47,0.06009567462944302","0,0,0"
29.95,280,AV,1,0,0,70,8331.964781214912,0.2,-29.95,"0.6468333333333334,0.29538785046728977,0.327125,0.2,0.7,0.4007041547661289","0,0,0"
18.183333333333334,60,AV,1,0,0,45,985.8695826897422,0.1,-18.183333333333334,"0.2806177777777778,0.1629321533923304,0.19429629629629627,0.1,0.45,0.04741283097259167","0,0,0"
30.55,14,AV,2,0,0,58,586.3474640105957,0.3,-30.55,"0.5209410569105691,0.2560877976190476,0.2852954545454546,0.3,0.58,0.028198854788170358","0,0,0"
11.8,114,AV,2,0,0,13,1691.6338586686718,0.6,-11.8,"0.05114102564102563,0.07523809523809524,0.1096111111111111,0.6,0.13,0.08135472644337755","0,0,0"
16.783333333333335,24,AV,1,0,0,42,650.412147456106,0.1,-16.783333333333335,"0.23571917808219178,0.14803645833333334,0.1770750915750916,0.1,0.42,0.0312798789528752","0,0,0"
60.86666666666667,271,AV,0,0,0,62,6783.106781750961,0.2,-60.86666666666667,"0.5800472972972973,0.2725070621468927,0.3034362745098039,0.2,0.62,0.32621586156939947","0,0,0"
21.566666666666666,48,AV,1,0,0,49,931.9887487728153,0.9,-21.566666666666666,"0.3672785388127853,0.18863983050847458,0.22267874396135265,0.9,0.49,0.04482157253839216","0,0,0"
16.5,87,AV,2,0,0,38,1297.4303329633815,0.2,-16.5,"0.1817363184079602,0.12948878205128206,0.1620505617977528,0.2,0.38,0.06239653414164128","0,0,0"
31.083333333333332,276,AV,0,0,0,49,7912.643587116454,0.3,-31.083333333333332,"0.3672785388127853,0.18863983050847458,0.22267874396135265,0.3,0.49,0.38053799359420826","0,0,0"
15.95,230,AV,2,0,0,39,4227.85786318916,0.5,-15.95,"0.20237254901960783,0.13689003436426114,0.16689298245614037,0.5,0.39,0.20332781715065273","0,0,0"
9.333333333333334,107,AV,1,0,0,24,1572.8756307612184,0.1,-9.333333333333334,"0.07070281124497993,0.08650000000000001,0.11928248587570624,0.1,0.24,0.07564335864661634","0,0,0"
13.133333333333333,125,AV,2,0,0,28,1899.102970895097,0.1,-13.133333333333333,"0.09882007575757575,0.09555303030303029,0.1276989247311828,0.1,0.28,0.09133241327208338","0,0,0"
7.166666666666667,209,AV,1,0,0,15,3487.44186130441,0.6,-7.166666666666667,"0.05367361111111111,0.07657142857142857,0.10940000000000001,0.6,0.15,0.16771943713451876","0,0,0"
28.516666666666666,137,AV,2,0,0,55,2088.64210540395,0.5,-28.516666666666666,"0.49122146118721477,0.24378735632183907,0.26989201877934277,0.5,0.55,0.10044780450125744","0,0,0"
26.233333333333334,11,AV,2,0,0,52,567.550811201735,0.3,-26.233333333333334,"0.4330945945945947,0.21767948717948712,0.24965942028985513,0.3,0.52,0.027294878706419726","0,0,0"
20.983333333333334,184,AV,1,0,0,49,2857.8751728516777,0.3,-20.983333333333334,"0.3672785388127853,0.18863983050847458,0.22267874396135265,0.3,0.49,0.13744206626346972","0,0,0"
8.266666666666667,34,AV,1,0,0,18,813.126641713825,0.2,-8.266666666666667,"0.06208653846153846,0.07780729166666667,0.11174242424242423,0.2,0.18,0.03910520894427614","0,0,0"
19.85,69,AV,1,0,0,47,1104.4445206976068,0.3,-19.85,"0.30208008658008656,0.17150778816199377,0.20520833333333335,0.3,0.47,0.05311538391880796","0,0,0"
13.65,223,AV,1,0,0,33,3971.0791127863904,0.7,-13.65,"0.14474011299435027,0.1138057742782152,0.14642792792792794,0.7,0.33,0.19097871164626756","0,0,0"
8.983333333333333,155,AV,1,0,0,24,2382.718205806423,0.5,-8.983333333333333,"0.07070281124497993,0.08650000000000001,0.11928248587570624,0.5,0.24,0.11459062895418437","0,0,0"
31.0,192,AV,0,0,0,49,3031.4508351358254,0.2,-31.0,"0.3672785388127853,0.18863983050847458,0.22267874396135265,0.2,0.49,0.14578973585520302","0,0,0"
34.31666666666667,175,AV,2,0,0,77,2756.9260540590044,0.1,-34.31666666666667,"0.6849734299516907,0.30994152046783624,0.3414805194805195,0.1,0.77,0.1325871812054576","0,0,0"
27.75,144,AV,1,0,0,60,2218.7455195521825,0.6,-27.75,"0.5622723004694836,0.26766951566951563,0.3010763888888889,0.6,0.6,0.1067047894942801","0,0,0"
23.35,176,AV,1,0,0,53,2793.3389947689566,0.3,-23.35,"0.4405677083333333,0.2253155737704918,0.25481081081081086,0.3,0.53,0.1343383667916745","0,0,0"
17.166666666666668,38,AV,0,0,0,39,837.3801312568858,0.2,-17.166666666666668,"0.20237254901960783,0.13689003436426114,0.16689298245614037,0.2,0.39,0.04027161738246258","0,0,0"
12.283333333333333,10,AV,1,0,0,30,548.7192496267361,0.8,-12.283333333333333,"0.10956995884773661,0.10174561403508775,0.13113846153846154,0.8,0.3,0.02638922377844295","0,0,0"
20.833333333333332,128,AV,1,0,0,48,1922.439846447592,0.1,-20.833333333333332,"0.3424726368159204,0.1835825958702065,0.21814166666666668,0.1,0.48,0.09245473954670083","0,0,0"
32.31666666666667,75,AV,2,0,0,66,1167.011530479414,0.1,-32.31666666666667,"0.615704761904762,0.2827861356932153,0.31401731601731603,0.1,0.66,0.0561243813676915","0,0,0"
29.683333333333334,122,AV,2,0,0,57,1848.7234685638712,0.1,-29.683333333333334,"0.5121488095238095,0.25221698113207547,0.2777190476190476,0.1,0.57,0.08890954226515282","0,0,0"
14.016666666666667,21,AV,2,0,0,31,636.6552097563458,0.3,-14.016666666666667,"0.11823284313725493,0.10460330578512395,0.13459154929577466,0.3,0.31,0.030618274848933116","0,0,0"
15.8,5,AV,2,0,0,31,473.5024380788758,0.3,-15.8,"0.11823284313725493,0.10460330578512395,0.13459154929577466,0.3,0.31,0.022771867046038015","0,0,0"
32.46666666666667,15,AV,2,0,0,63,595.9176043698985,0.6,-32.46666666666667,"0.5941871794871795,0.2766359649122807,0.3074279835390946,0.6,0.63,0.028659105773905864","0,0,0"
14.8,61,AV,1,0,0,38,1020.5842314575186,0.3,-14.8,"0.1817363184079602,0.12948878205128206,0.1620505617977528,0.3,0.38,0.04908234162917255","0,0,0"
18.083333333333332,204,AV,1,0,0,46,3387.2787239910285,0.4,-18.083333333333332,"0.29358874458874457,0.16790809968847356,0.19943201754385967,0.4,0.46,0.16290235180953377","0,0,0"
72.73333333333333,132,AV,0,0,0,78,1993.780724220221,0.3,-72.73333333333333,"0.6977348484848485,0.3132241887905605,0.3449341563786008,0.3,0.78,0.09588569333476842","0,0,0"
33.85,105,AV,2,0,0,74,1552.9853059451273,0.2,-33.85,"0.6704421296296296,0.30475595238095243,0.3360548245614035,0.2,0.74,0.074686785256937","0,0,0"
19.566666666666666,129,AV,1,0,0,47,1929.5758599688188,0.3,-19.566666666666666,"0.30208008658008656,0.17150778816199377,0.20520833333333335,0.3,0.47,0.09279792753915007","0,0,0"
35.266666666666666,235,AV,2,0,0,75,4549.070920567666,0.2,-35.266666666666666,"0.6803378378378379,0.30741141141141143,0.33776666666666666,0.2,0.75,0.21877572290115335","0,0,0"
18.933333333333334,109,AV,0,0,0,43,1597.8734280578535,0.2,-18.933333333333334,"0.24766908212560385,0.15201111111111112,0.18291279069767444,0.2,0.43,0.07684556262848466","0,0,0"
69.53333333333333,190,AV,0,0,0,73,2968.817229463249,0.2,-69.53333333333333,"0.6650644444444446,0.3036396396396397,0.3346036036036037,0.2,0.73,0.14277753565032827","0,0,0"
20.066666666666666,62,AV,2,0,0,41,1020.7360413649084,0.9,-20.066666666666666,"0.2196293532338309,0.14190549828178695,0.17118576388888887,0.9,0.41,0.04908964253144747","0,0,0"
31.933333333333334,293,AV,1,0,0,77,12051.378145129962,0.1,-31.933333333333334,"0.6849734299516907,0.30994152046783624,0.3414805194805195,0.1,0.77,0.5795796574055083","0,0,0"
32.483333333333334,236,AV,2,0,0,69,4549.115907877681,0.7,-32.483333333333334,"0.6441688596491228,0.2941018518518519,0.3263377192982457,0.7,0.69,0.21877788644870882","0,0,0"
34.38333333333333,288,AV,0,0,0,50,10783.100237376317,0.1,-34.38333333333333,"0.37480303030303025,0.19437865497076026,0.22874999999999993,0.1,0.5,0.518585133259083","0,0,0"
24.966666666666665,47,AV,1,0,0,55,923.9636394510808,0.3,-24.966666666666665,"0.49122146118721477,0.24378735632183907,0.26989201877934277,0.3,0.55,0.04443562579808411","0,0,0"
26.7,74,AV,2,0,0,54,1150.2916000513435,0.1,-26.7,"0.46994722222222224,0.23663385826771652,0.26393835616438355,0.1,0.54,0.05532027984231857","0,0,0"
66.0,240,AV,0,0,0,70,4609.601315671212,0.2,-66.0,"0.6468333333333334,0.29538785046728977,0.327125,0.2,0.7,0.2216867746691962","0,0,0"
27.55,233,AV,1,0,0,62,4459.768546990965,0.8,-27.55,"0.5800472972972973,0.2725070621468927,0.3034362745098039,0.8,0.62,0.21448095773323778","0,0,0"
32.61666666666667,25,AV,0,0,0,49,658.4091024775607,0.7,-32.61666666666667,"0.3672785388127853,0.18863983050847458,0.22267874396135265,0.7,0.49,0.03166447168540803","0,0,0"
9.066666666666666,274,AV,1,0,0,21,7130.271245067938,0.1,-9.066666666666666,"0.06542171717171716,0.08208045977011497,0.1151962962962963,0.1,0.21,0.34291183262677855","0,0,0"
32.25,283,AV,2,0,0,66,8795.495569618428,0.9,-32.25,"0.615704761904762,0.2827861356932153,0.31401731601731603,0.9,0.66,0.42299646128116253","0,0,0"
18.5,108,AV,1,0,0,46,1596.1763216794554,0.1,-18.5,"0.29358874458874457,0.16790809968847356,0.19943201754385967,0.1,0.46,0.07676394471545202","0,0,0"
17.816666666666666,18,AV,1,0,0,44,617.4453946714843,0.1,-17.816666666666666,"0.2617415458937198,0.15643393393393393,0.18985208333333337,0.1,0.44,0.02969442880314238","0,0,0"
12.116666666666667,286,AV,0,0,0,32,9667.56212442905,0.4,-12.116666666666667,"0.13374871794871795,0.11076851851851854,0.1440048309178744,0.4,0.32,0.4649362319020181","0,0,0"
12.466666666666667,200,AV,2,0,0,25,3269.866339895674,0.3,-12.466666666666667,"0.07732407407407407,0.08921782178217821,0.12103140096618357,0.3,0.25,0.15725570886715387","0,0,0"
74.66666666666667,194,AV,0,0,0,81,3097.4575811220984,0.1,-74.66666666666667,"0.7136692708333332,0.3201592920353983,0.35115461847389556,0.1,0.81,0.14896415846185204","0,0,0"
30.066666666666666,130,AV,2,0,0,58,1942.5668635563816,0.4,-30.066666666666666,"0.5209410569105691,0.2560877976190476,0.2852954545454546,0.4,0.58,0.09342269603599423","0,0,0"
15.133333333333333,104,AV,1,0,0,39,1530.0661682302475,0.1,-15.133333333333333,"0.20237254901960783,0.13689003436426114,0.16689298245614037,0.1,0.39,0.07358454899608351","0,0,0"
76.26666666666667,76,AV,0,0,0,81,1240.6560786390864,0.6,-76.26666666666667,"0.7136692708333332,0.3201592920353983,0.35115461847389556,0.6,0.81,0.05966612418566248","0,0,0"
20.266666666666666,46,AV,1,0,0,47,892.1845339920479,0.4,-20.266666666666666,"0.30208008658008656,0.17150778816199377,0.20520833333333335,0.4,0.47,0.042907292454561666","0,0,0"
43.13333333333333,180,AV,0,0,0,53,2835.850686157305,0.1,-43.13333333333333,"0.4405677083333333,0.2253155737704918,0.25481081081081086,0.1,0.53,0.13638285591431848","0,0,0"
24.516666666666666,220,AV,1,0,0,53,3849.958431883558,0.1,-24.516666666666666,"0.4405677083333333,0.2253155737704918,0.25481081081081086,0.1,0.53,0.18515372782308936","0,0,0"
14.2,20,AV,1,0,0,36,632.5893922142865,0.1,-14.2,"0.1673478260869565,0.12278017241379306,0.15612444444444445,0.1,0.36,0.030422739939172414","0,0,0"
30.183333333333334,181,AV,2,0,0,61,2850.5966631146844,0.2,-30.183333333333334,"0.5771380952380951,0.27091944444444443,0.3024523809523809,0.2,0.61,0.13709202528649697","0,0,0"
8.25,16,AV,0,0,0,24,614.9217871931492,0.1,-8.25,"0.07070281124497993,0.08650000000000001,0.11928248587570624,0.1,0.24,0.029573062471416202","0,0,0"
9.9,142,AV,1,0,0,27,2141.869626207308,0.8,-9.9,"0.08621428571428572,0.09237702265372168,0.1238510101010101,0.8,0.27,0.10300764354209123","0,0,0"
17.116666666666667,295,AV,0,0,0,38,13430.196447392702,0.2,-17.116666666666667,"0.1817363184079602,0.12948878205128206,0.1620505617977528,0.2,0.38,0.6458903340456582","0,0,0"
31.066666666666666,265,AV,1,0,0,73,6081.635477498837,0.1,-31.066666666666666,"0.6650644444444446,0.3036396396396397,0.3346036036036037,0.1,0.73,0.29248042539751784","0,0,0"
35.4,197,AV,2,0,0,80,3206.59631480788,0.3,-35.4,"0.7095277777777779,0.3185643274853801,0.3495625,0.3,0.8,0.15421290172735466","0,0,0"
44.983333333333334,88,AV,0,0,0,54,1310.9401185904849,0.1,-44.983333333333334,"0.46994722222222224,0.23663385826771652,0.26393835616438355,0.1,0.54,0.06304625211008313","0,0,0"
18.716666666666665,163,AV,2,0,0,44,2476.7926805910606,0.3,-18.716666666666665,"0.2617415458937198,0.15643393393393393,0.18985208333333337,0.3,0.44,0.1191148959060364","0,0,0"
25.333333333333332,222,AV,2,0,0,50,3958.913906791885,0.1,-25.333333333333332,"0.37480303030303025,0.19437865497076026,0.22874999999999993,0.1,0.5,0.1903936577347851","0,0,0"
15.633333333333333,126,AV,1,0,0,40,1900.764377468582,0.2,-15.633333333333333,"0.2135378787878788,0.1401736842105263,0.16903367003367,0.2,0.4,0.09141231429593938","0,0,0"
29.616666666666667,281,AV,2,0,0,56,8348.421721831439,0.3,-29.616666666666667,"0.5010220883534137,0.24810897435897433,0.2724063926940639,0.3,0.56,0.4014956084811817","0,0,0"
31.433333333333334,146,AV,1,0,0,77,2255.9253983027734,0.4,-31.433333333333334,"0.6849734299516907,0.30994152046783624,0.3414805194805195,0.4,0.77,0.1084928589689197","0,0,0"
9.9,224,AV,1,0,0,26,3987.5502105766736,0.3,-9.9,"0.08102434456928838,0.08992833333333333,0.12137793427230045,0.3,0.26,0.1917708462137355","0,0,0"
24.0,266,AV,1,0,0,53,6130.868263041086,0.1,-24.0,"0.4405677083333333,0.2253155737704918,0.25481081081081086,0.1,0.53,0.29484814804583803","0,0,0"
46.63333333333333,205,AV,0,0,0,54,3389.778327720714,0.8,-46.63333333333333,"0.46994722222222224,0.23663385826771652,0.26393835616438355,0.8,0.54,0.16302256374345986","0,0,0"
43.36666666666667,161,AV,0,0,0,53,2446.4664131825853,0.1,-43.36666666666667,"0.4405677083333333,0.2253155737704918,0.25481081081081086,0.1,0.53,0.11765643302624577","0,0,0"
18.633333333333333,152,AV,0,0,0,42,2326.172138461347,0.4,-18.633333333333333,"0.23571917808219178,0.14803645833333334,0.1770750915750916,0.4,0.42,0.11187119305691051","0,0,0"
15.083333333333334,208,AV,1,0,0,40,3480.90175047103,0.1,-15.083333333333334,"0.2135378787878788,0.1401736842105263,0.16903367003367,0.1,0.4,0.1674049075304721","0,0,0"
28.65,72,AV,1,0,0,65,1122.7546975855585,0.7,-28.65,"0.6071521739130435,0.281094395280236,0.31228418803418806,0.7,0.65,0.05399596420763093","0,0,0"
30.05,110,AV,1,0,0,68,1614.9493849180149,0.2,-30.05,"0.6341666666666667,0.2900825825825826,0.3205138888888889,0.2,0.68,0.07766678631823196","0,0,0"
29.7,294,AV,2,0,0,53,12197.400506638176,0.2,-29.7,"0.4405677083333333,0.2253155737704918,0.25481081081081086,0.2,0.53,0.5866022227285186","0,0,0"
34.483333333333334,198,AV,0,0,0,50,3245.380745418587,0.1,-34.483333333333334,"0.37480303030303025,0.19437865497076026,0.22874999999999993,0.1,0.5,0.156078137946426","0,0,0"
14.366666666666667,165,AV,1,0,0,38,2530.9644311939346,0.6,-14.366666666666667,"0.1817363184079602,0.12948878205128206,0.1620505617977528,0.6,0.38,0.12172014522087579","0,0,0"
18.633333333333333,13,AV,1,0,0,45,583.3206434887895,0.5,-18.633333333333333,"0.2806177777777778,0.1629321533923304,0.19429629629629627,0.5,0.45,0.028053287735180215","0,0,0"
27.416666666666668,37,AV,1,0,0,58,832.4581618945489,0.5,-27.416666666666668,"0.5209410569105691,0.2560877976190476,0.2852954545454546,0.5,0.58,0.040034908079806066","0,0,0"
15.083333333333334,173,AV,1,0,0,38,2747.619709803412,0.4,-15.083333333333334,"0.1817363184079602,0.12948878205128206,0.1620505617977528,0.4,0.38,0.13213961680656489","0,0,0"
14.85,65,AV,1,0,0,38,1083.524948441525,0.3,-14.85,"0.1817363184079602,0.12948878205128206,0.1620505617977528,0.3,0.38,0.05210931155303881","0,0,0"
29.833333333333332,158,AV,1,0,0,67,2417.357356239525,0.7,-29.833333333333332,"0.628044776119403,0.2862293577981651,0.316781746031746,0.7,0.67,0.11625650871491097","0,0,0"
10.116666666666667,238,AV,0,0,0,32,4569.840806868062,0.1,-10.116666666666667,"0.13374871794871795,0.11076851851851854,0.1440048309178744,0.1,0.32,0.21977459651057532","0,0,0"
27.75,135,AV,1,0,0,62,2052.607856914241,0.2,-27.75,"0.5800472972972973,0.2725070621468927,0.3034362745098039,0.2,0.62,0.09871483113148809","0,0,0"
30.166666666666668,156,AV,1,0,0,72,2401.1770329784995,0.1,-30.166666666666668,"0.6542747747747748,0.2991957186544343,0.329965367965368,0.1,0.72,0.11547835819142706","0,0,0"
6.866666666666666,219,AV,1,0,0,5,3824.993837156676,0.1,-6.866666666666666,"0.0,0.0,0.0,0.1,0.05,0.18395312063237393","0,0,0"
24.066666666666666,96,AV,1,0,0,53,1460.8215047913693,0.3,-24.066666666666666,"0.4405677083333333,0.2253155737704918,0.25481081081081086,0.3,0.53,0.07025440717912602","0,0,0"
60.766666666666666,234,AV,0,0,0,62,4547.885280126284,0.2,-60.766666666666666,"0.5800472972972973,0.2725070621468927,0.3034362745098039,0.2,0.62,0.2187187026108142","0,0,0"
4.916666666666667,17,AV,0,0,0,13,615.3970356119416,0.3,-4.916666666666667,"0.05114102564102563,0.07523809523809524,0.1096111111111111,0.3,0.13,0.029595918306859183","0,0,0"
38.11666666666667,248,AV,0,0,0,51,4950.268578812107,0.1,-38.11666666666667,"0.41089371980676326,0.20783862433862435,0.24194358974358976,0.1,0.51,0.238070279798878","0,0,0"
31.816666666666666,136,AV,1,0,0,78,2078.9202215407213,0.9,-31.816666666666666,"0.6977348484848485,0.3132241887905605,0.3449341563786008,0.9,0.78,0.09998025580674873","0,0,0"
25.983333333333334,134,AV,0,0,0,46,2046.5713793034688,0.3,-25.983333333333334,"0.29358874458874457,0.16790809968847356,0.19943201754385967,0.3,0.46,0.09842452245612708","0,0,0"
26.55,201,AV,1,0,0,57,3274.575105225111,0.2,-26.55,"0.5121488095238095,0.25221698113207547,0.2777190476190476,0.2,0.57,0.15748216467690215","0,0,0"
28.116666666666667,268,AV,2,0,0,54,6434.117121135291,0.4,-28.116666666666667,"0.46994722222222224,0.23663385826771652,0.26393835616438355,0.4,0.54,0.3094321123996473","0,0,0"
34.2,1,AV,1,0,0,87,424.9057127261393,0.5,-34.2,"0.7344032258064516,0.3279553571428572,0.35842829457364334,0.5,0.87,0.020434734056617176","0,0,0"
26.35,151,AV,2,0,0,51,2318.2944376966047,0.6,-26.35,"0.41089371980676326,0.20783862433862435,0.24194358974358976,0.6,0.51,0.11149233554738845","0,0,0"
6.5,131,AV,0,0,0,20,1945.516475481125,0.1,-6.5,"0.06442222222222223,0.08225151515151514,0.11601626016260162,0.1,0.2,0.09356454994251304","0,0,0"
25.966666666666665,279,AV,0,0,0,45,8134.997760071039,0.1,-25.966666666666665,"0.2806177777777778,0.1629321533923304,0.19429629629629627,0.1,0.45,0.39123153866695837","0,0,0"
31.316666666666666,54,AV,1,0,0,75,954.0002559944874,0.2,-31.316666666666666,"0.6803378378378379,0.30741141141141143,0.33776666666666666,0.2,0.75,0.045880158673594545","0,0,0"
20.45,45,AV,0,0,0,43,877.6907461205365,0.3,-20.45,"0.24766908212560385,0.15201111111111112,0.18291279069767444,0.3,0.43,0.04221025145992046","0,0,0"
11.333333333333334,243,AV,2,0,0,26,4645.51881630073,0.3,-11.333333333333334,"0.08102434456928838,0.08992833333333333,0.12137793427230045,0.3,0.26,0.22341413335457028","0,0,0"
39.766666666666666,53,AV,0,0,0,52,946.2003450753726,0.3,-39.766666666666666,"0.4330945945945947,0.21767948717948712,0.24965942028985513,0.3,0.52,0.04550504226418034","0,0,0"
16.616666666666667,64,AV,1,0,0,41,1052.4070316009115,0.1,-16.616666666666667,"0.2196293532338309,0.14190549828178695,0.17118576388888887,0.1,0.41,0.05061277635478482","0,0,0"
31.383333333333333,196,AV,1,0,0,72,3197.7177395395383,0.1,-31.383333333333333,"0.6542747747747748,0.2991957186544343,0.329965367965368,0.1,0.72,0.15378590976425258","0,0,0"
