travel_time,id,kind,action,origin,destination,start_time,income,urgency,reward,observation,cost_table
69.33333333333333,101,AV,0,0,0,77,1503.4428459110418,0.5,-69.33333333333333,"0.6712706093189964,0.309841163310962,0.34131972789115644,0.5,0.77,0.0723041696201366","0,0,0"
14.083333333333334,255,AV,1,0,0,36,5590.116807812239,0.1,-14.083333333333334,"0.17712724014336914,0.12558064516129033,0.15394565217391307,0.1,0.36,0.26884211459565416","0,0,0"
57.266666666666666,99,AV,0,0,0,60,1485.5718097438446,0.2,-57.266666666666666,"0.539440074906367,0.2682002164502164,0.2990841924398625,0.2,0.6,0.07144470866102204","0,0,0"
5.15,52,AV,0,0,0,12,946.1123250925148,0.7,-5.15,"0.05064814814814814,0.06872222222222223,0.10083333333333334,0.7,0.12,0.04550080917225548","0,0,0"
25.733333333333334,299,AV,2,0,0,50,20793.30768626012,0.2,-25.733333333333334,"0.36672072072072076,0.19770210727969345,0.2278297101449275,0.2,0.5,1.0","0,0,0"
18.8,278,AV,2,0,0,43,8029.700924090037,0.5,-18.8,"0.2623568627450981,0.15426795580110494,0.18302027027027024,0.5,0.43,0.386167561469594","0,0,0"
37.766666666666666,199,AV,2,0,0,82,3257.3450634265246,0.8,-37.766666666666666,"0.7053960784313726,0.32384630738522957,0.3528655303030303,0.8,0.82,0.15665353067318508","0,0,0"
29.383333333333333,157,AV,1,0,0,68,2411.397471856681,0.1,-29.383333333333333,"0.6181019417475727,0.29264236111111114,0.3214354838709677,0.1,0.68,0.11596988359144483","0,0,0"
14.266666666666667,23,AV,2,0,0,31,646.5589615252754,0.3,-14.266666666666667,"0.1261602564102564,0.10327634408602152,0.1361358024691358,0.3,0.31,0.031094570006892704","0,0,0"
10.533333333333333,40,AV,0,0,0,21,857.6590975250949,0.3,-10.533333333333333,"0.06924410774410776,0.08056666666666669,0.11735672514619883,0.3,0.21,0.041246881470994735","0,0,0"
14.966666666666667,162,AV,2,0,0,37,2476.7673195544394,0.3,-14.966666666666667,"0.18538351254480287,0.12959459459459463,0.15797138047138046,0.3,0.37,0.11911367623300487","0,0,0"
45.06666666666667,239,AV,0,0,0,53,4577.590037133467,0.3,-45.06666666666667,"0.42177848101265814,0.22526406926406928,0.254423676012461,0.3,0.53,0.22014727556589106","0,0,0"
28.416666666666668,106,AV,1,0,0,65,1567.0706205360798,0.4,-28.416666666666668,"0.581807560137457,0.2828715498938429,0.3125077519379845,0.4,0.65,0.07536418179256658","0,0,0"
39.9,251,AV,0,0,0,50,5003.647877951615,0.2,-39.9,"0.36672072072072076,0.19770210727969345,0.2278297101449275,0.2,0.5,0.24063741822365012","0,0,0"
25.083333333333332,4,AV,1,0,0,57,465.3670128771111,0.4,-25.083333333333332,"0.5010053763440859,0.25240717299578064,0.2780973782771536,0.4,0.57,0.0223806149506756","0,0,0"
55.65,26,AV,0,0,0,59,676.2529471816457,0.4,-55.65,"0.5252817869415808,0.2647123287671233,0.2936701030927835,0.4,0.59,0.03252262494189429","0,0,0"
20.7,229,AV,1,0,0,51,4223.122456076251,0.1,-20.7,"0.39601576576576575,0.21033526011560696,0.24339605734767025,0.1,0.51,0.20310008007368746","0,0,0"
23.733333333333334,282,AV,1,0,0,54,8475.089255911002,0.9,-23.733333333333334,"0.45075577557755786,0.2351579520697168,0.26534108527131783,0.9,0.54,0.40758735376725097","0,0,0"
27.433333333333334,39,AV,2,0,0,56,849.0657401736111,0.3,-27.433333333333334,"0.48587254901960775,0.24838067061143987,0.27408139534883724,0.3,0.56,0.040833606321069346","0,0,0"
22.583333333333332,258,AV,1,0,0,53,5721.231751015957,0.3,-22.583333333333332,"0.42177848101265814,0.22526406926406928,0.254423676012461,0.3,0.53,0.2751477464451918","0,0,0"
22.166666666666668,167,AV,2,0,0,47,2561.5826276178027,0.1,-22.166666666666668,"0.31241558441558437,0.17549321705426357,0.2037197802197802,0.1,0.47,0.12319264766665551","0,0,0"
30.333333333333332,116,AV,1,0,0,71,1716.9764066453156,0.2,-30.333333333333332,"0.6443730886850153,0.29812765957446813,0.3246851851851853,0.2,0.71,0.08257351031167907","0,0,0"
32.3,68,AV,2,0,0,68,1100.389953660579,0.1,-32.3,"0.6181019417475727,0.29264236111111114,0.3214354838709677,0.1,0.68,0.052920390072797266","0,0,0"
34.63333333333333,179,AV,0,0,0,47,2818.3733061874163,0.2,-34.63333333333333,"0.31241558441558437,0.17549321705426357,0.2037197802197802,0.2,0.47,0.13554232682517134","0,0,0"
14.45,6,AV,1,0,0,38,491.0984231068265,0.4,-14.45,"0.19195977011494253,0.13219077568134177,0.16238475177304967,0.4,0.38,0.023618100136676975","0,0,0"
35.65,169,AV,2,0,0,79,2645.062412614309,0.5,-35.65,"0.6919018518518517,0.3186170886075949,0.34853623188405797,0.5,0.79,0.1272073905952983","0,0,0"
15.083333333333334,264,AV,1,0,0,40,5912.288420941998,0.1,-15.083333333333334,"0.224404214559387,0.14253787878787877,0.16900841750841752,0.1,0.4,0.28433611958951305","0,0,0"
21.133333333333333,12,AV,2,0,0,46,571.0932451196882,0.4,-21.133333333333333,"0.30541139240506326,0.1718413654618474,0.20118245614035085,0.4,0.46,0.027465242843352784","0,0,0"
27.6,93,AV,2,0,0,54,1434.4967426379471,0.2,-27.6,"0.45075577557755786,0.2351579520697168,0.26534108527131783,0.2,0.54,0.06898838627708276","0,0,0"
29.35,297,AV,2,0,0,58,17693.100214811147,0.5,-29.35,"0.5094583333333333,0.25628867102396513,0.28452456140350874,0.5,0.58,0.8509035927219247","0,0,0"
29.333333333333332,187,AV,2,0,0,57,2909.8477340427667,0.6,-29.333333333333332,"0.5010053763440859,0.25240717299578064,0.2780973782771536,0.6,0.57,0.13994155128890565","0,0,0"
28.466666666666665,22,AV,2,0,0,50,640.5426603936758,0.6,-28.466666666666665,"0.36672072072072076,0.19770210727969345,0.2278297101449275,0.6,0.5,0.03080523166677017","0,0,0"
22.683333333333334,166,AV,2,0,0,48,2553.8725848963804,0.3,-22.683333333333334,"0.3425042194092827,0.18762745098039216,0.21472893772893772,0.3,0.48,0.122821853234247","0,0,0"
22.283333333333335,245,AV,2,0,0,48,4689.4303597647895,0.3,-22.283333333333335,"0.3425042194092827,0.18762745098039216,0.21472893772893772,0.3,0.48,0.22552594471842924","0,0,0"
25.016666666666666,0,AV,1,0,0,55,417.8295094645922,0.2,-25.016666666666666,"0.4733789473684211,0.24318046709129515,0.2712518939393939,0.2,0.55,0.02009442248289757","0,0,0"
71.03333333333333,242,AV,0,0,0,81,4635.813442599864,0.6,-71.03333333333333,"0.7020208333333333,0.32134867075664625,0.350880149812734,0.6,0.81,0.222947378673338","0,0,0"
46.71666666666667,79,AV,0,0,0,53,1260.3927948639828,0.8,-46.71666666666667,"0.42177848101265814,0.22526406926406928,0.254423676012461,0.8,0.53,0.06061531017005197","0,0,0"
64.46666666666667,244,AV,0,0,0,66,4687.914961676448,0.9,-64.46666666666667,"0.5932283333333332,0.2849664502164503,0.31486627906976744,0.9,0.66,0.22545306559254863","0,0,0"
19.066666666666666,32,AV,1,0,0,48,806.3598325453933,0.2,-19.066666666666666,"0.3425042194092827,0.18762745098039216,0.21472893772893772,0.2,0.48,0.03877977687399022","0,0,0"
13.233333333333333,215,AV,1,0,0,34,3742.7752140142647,0.7,-13.233333333333333,"0.16531720430107527,0.1193803418803419,0.15083150183150182,0.7,0.34,0.17999902999980277","0,0,0"
25.7,91,AV,2,0,0,51,1405.7852601227096,0.3,-25.7,"0.39601576576576575,0.21033526011560696,0.24339605734767025,0.3,0.51,0.06760758227281125","0,0,0"
30.516666666666666,102,AV,1,0,0,74,1509.578116022191,0.8,-30.516666666666666,"0.6556466049382718,0.3042245862884161,0.3360732600732601,0.8,0.74,0.07259922946360745","0,0,0"
19.283333333333335,214,AV,2,0,0,45,3628.2404526711953,0.2,-19.283333333333335,"0.29613333333333336,0.16733333333333333,0.19460536398467432,0.2,0.45,0.17449077883210845","0,0,0"
16.733333333333334,226,AV,1,0,0,46,4116.183110063293,0.3,-16.733333333333334,"0.30541139240506326,0.1718413654618474,0.20118245614035085,0.3,0.46,0.1979571106324368","0,0,0"
31.3,147,AV,2,0,0,68,2276.662146114732,0.5,-31.3,"0.6181019417475727,0.29264236111111114,0.3214354838709677,0.5,0.68,0.1094901388690128","0,0,0"
15.566666666666666,89,AV,0,0,0,29,1348.5865378412918,0.1,-15.566666666666666,"0.11042231638418079,0.09716906474820142,0.1338995983935743,0.1,0.29,0.06485675863549194","0,0,0"
27.5,262,AV,1,0,0,59,5899.132481879994,0.1,-27.5,"0.5252817869415808,0.2647123287671233,0.2936701030927835,0.1,0.59,0.2837034189504176","0,0,0"
19.083333333333332,217,AV,2,0,0,44,3759.463069718096,0.2,-19.083333333333332,"0.2745294117647058,0.15897928994082844,0.18960852713178294,0.2,0.44,0.18080158897481655","0,0,0"
29.95,153,AV,2,0,0,55,2337.3116255789537,0.2,-29.95,"0.4733789473684211,0.24318046709129515,0.2712518939393939,0.2,0.55,0.11240691768935884","0,0,0"
16.45,143,AV,1,0,0,44,2212.8825544422834,0.7,-16.45,"0.2745294117647058,0.15897928994082844,0.18960852713178294,0.7,0.44,0.1064228254509272","0,0,0"
24.25,63,AV,2,0,0,51,1046.6558973464134,0.1,-24.25,"0.39601576576576575,0.21033526011560696,0.24339605734767025,0.1,0.51,0.05033619052528265","0,0,0"
33.233333333333334,8,AV,1,0,0,83,541.9839687696077,0.3,-33.233333333333334,"0.7098098039215687,0.32567251461988306,0.3547103174603175,0.3,0.83,0.026065307980208553","0,0,0"
57.266666666666666,33,AV,0,0,0,61,807.7368269013535,0.2,-57.266666666666666,"0.5494109848484848,0.27170860215053766,0.30186426116838494,0.2,0.61,0.0388459998326814","0,0,0"
67.58333333333333,100,AV,0,0,0,75,1490.1599361877834,0.5,-67.58333333333333,"0.6625875420875422,0.30675659472422057,0.33755555555555555,0.5,0.75,0.07166536265764283","0,0,0"
28.766666666666666,56,AV,2,0,0,57,968.7072844723906,0.1,-28.766666666666666,"0.5010053763440859,0.25240717299578064,0.2780973782771536,0.1,0.57,0.04658745492005087","0,0,0"
15.183333333333334,19,AV,2,0,0,36,626.2908344343901,0.9,-15.183333333333334,"0.17712724014336914,0.12558064516129033,0.15394565217391307,0.9,0.36,0.03011982720037529","0,0,0"
24.133333333333333,81,AV,1,0,0,54,1261.43865123121,0.6,-24.133333333333333,"0.45075577557755786,0.2351579520697168,0.26534108527131783,0.6,0.54,0.060665607909257666","0,0,0"
15.116666666666667,73,AV,2,0,0,32,1135.438045570021,0.3,-15.116666666666667,"0.1442197802197802,0.11169916142557651,0.14265555555555556,0.3,0.32,0.0546059368091927","0,0,0"
18.566666666666666,95,AV,1,0,0,48,1457.5875839824732,0.6,-18.566666666666666,"0.3425042194092827,0.18762745098039216,0.21472893772893772,0.6,0.48,0.07009888017699192","0,0,0"
74.16666666666667,121,AV,0,0,0,100,1836.3970218708375,0.1,-74.16666666666667,"0.7196628352490424,0.33041228070175443,0.35861991869918697,0.1,1.0,0.08831673390204767","0,0,0"
19.05,256,AV,2,0,0,41,5611.673516276995,0.4,-19.05,"0.22889803921568624,0.14475690021231422,0.17057142857142857,0.4,0.41,0.26987882836866295","0,0,0"
15.4,287,AV,1,0,0,41,10751.672106064549,0.3,-15.4,"0.22889803921568624,0.14475690021231422,0.17057142857142857,0.3,0.41,0.5170736791034491","0,0,0"
26.5,193,AV,1,0,0,58,3064.640983136323,0.2,-26.5,"0.5094583333333333,0.25628867102396513,0.28452456140350874,0.2,0.58,0.14738592961625765","0,0,0"
10.583333333333334,270,AV,1,0,0,19,6709.13861087917,0.2,-10.583333333333334,"0.06616858237547892,0.07765032679738562,0.11243537414965987,0.2,0.19,0.32265855495960655","0,0,0"
11.333333333333334,133,AV,1,0,0,29,2044.1603053436156,0.1,-11.333333333333334,"0.11042231638418079,0.09716906474820142,0.1338995983935743,0.1,0.29,0.09830856813100321","0,0,0"
28.633333333333333,275,AV,1,0,0,64,7336.658338656486,0.4,-28.633333333333333,"0.5791354166666668,0.28204192872117395,0.31111960784313725,0.4,0.64,0.35283748258601644","0,0,0"
70.98333333333333,172,AV,0,0,0,86,2744.255474143275,0.4,-70.98333333333333,"0.7137142857142856,0.3274323232323233,0.35591666666666666,0.4,0.86,0.13197782265092123","0,0,0"
18.75,206,AV,0,0,0,34,3438.9188747307694,0.4,-18.75,"0.16531720430107527,0.1193803418803419,0.15083150183150182,0.4,0.34,0.16538585041970746","0,0,0"
21.683333333333334,97,AV,2,0,0,47,1474.5167950508735,0.8,-21.683333333333334,"0.31241558441558437,0.17549321705426357,0.2037197802197802,0.8,0.47,0.07091304650992157","0,0,0"
28.05,3,AV,2,0,0,56,457.16351791608827,0.1,-28.05,"0.48587254901960775,0.24838067061143987,0.27408139534883724,0.1,0.56,0.021986089217454062","0,0,0"
17.033333333333335,7,AV,2,0,0,31,508.6019702527906,0.1,-17.033333333333335,"0.1261602564102564,0.10327634408602152,0.1361358024691358,0.1,0.31,0.024459887668034006","0,0,0"
35.63333333333333,246,AV,2,0,0,71,4818.617258984985,0.4,-35.63333333333333,"0.6443730886850153,0.29812765957446813,0.3246851851851853,0.4,0.71,0.23173885231203734","0,0,0"
25.933333333333334,66,AV,0,0,0,41,1089.3140785512585,0.1,-25.933333333333334,"0.22889803921568624,0.14475690021231422,0.17057142857142857,0.1,0.41,0.052387724694280345","0,0,0"
18.816666666666666,254,AV,0,0,0,34,5557.427333357366,0.1,-18.816666666666666,"0.16531720430107527,0.1193803418803419,0.15083150183150182,0.1,0.34,0.26726999942532587","0,0,0"
45.03333333333333,90,AV,0,0,0,52,1365.417472605012,0.1,-45.03333333333333,"0.41352642276422763,0.21972697368421057,0.2492185534591195,0.1,0.52,0.06566619862539994","0,0,0"
59.083333333333336,27,AV,0,0,0,62,720.4688823460104,0.2,-59.083333333333336,"0.557025641025641,0.27343865030674847,0.30286434108527127,0.2,0.62,0.034649075232127916","0,0,0"
17.9,189,AV,2,0,0,37,2965.4163440895786,0.5,-17.9,"0.18538351254480287,0.12959459459459463,0.15797138047138046,0.5,0.37,0.14261397892212588","0,0,0"
16.666666666666668,250,AV,1,0,0,44,4967.653125719208,0.1,-16.666666666666668,"0.2745294117647058,0.15897928994082844,0.18960852713178294,0.1,0.44,0.2389063443235514","0,0,0"
35.78333333333333,252,AV,2,0,0,79,5144.150368411208,0.9,-35.78333333333333,"0.6919018518518517,0.3186170886075949,0.34853623188405797,0.9,0.79,0.2473945197189757","0,0,0"
36.333333333333336,85,AV,0,0,0,47,1282.6858023855964,0.2,-36.333333333333336,"0.31241558441558437,0.17549321705426357,0.2037197802197802,0.2,0.47,0.06168743432932387","0,0,0"
12.6,51,AV,1,0,0,33,943.1907669438916,0.1,-12.6,"0.15287765957446806,0.11505119825708063,0.14449641577060932,0.1,0.33,0.04536030443906415","0,0,0"
50.11666666666667,42,AV,0,0,0,55,870.7377108213431,0.6,-50.11666666666667,"0.4733789473684211,0.24318046709129515,0.2712518939393939,0.6,0.55,0.04187586332869553","0,0,0"
14.05,149,AV,2,0,0,31,2294.767722006211,0.6,-14.05,"0.1261602564102564,0.10327634408602152,0.1361358024691358,0.6,0.31,0.11036087940556741","0,0,0"
25.116666666666667,141,AV,1,0,0,58,2139.4702648744856,0.4,-25.116666666666667,"0.5094583333333333,0.25628867102396513,0.28452456140350874,0.4,0.58,0.10289225250527183","0,0,0"
62.95,160,AV,0,0,0,63,2436.431929205765,0.1,-62.95,"0.5741326530612245,0.27870781893004115,0.3075395833333333,0.1,0.63,0.11717385064309511","0,0,0"
11.916666666666666,291,AV,1,0,0,31,11515.391842589095,0.1,-11.916666666666666,"0.1261602564102564,0.10327634408602152,0.1361358024691358,0.1,0.31,0.5538027915682833","0,0,0"
32.5,113,AV,1,0,0,78,1635.9686818612918,0.4,-32.5,"0.6815824175824176,0.3140514541387025,0.34453166666666674,0.4,0.78,0.07867765468320913","0,0,0"
18.433333333333334,120,AV,1,0,0,47,1809.16611953512,0.1,-18.433333333333334,"0.31241558441558437,0.17549321705426357,0.2037197802197802,0.1,0.47,0.08700713454697676","0,0,0"
29.35,203,AV,1,0,0,67,3382.383844415393,0.3,-29.35,"0.60663468013468,0.28858612975391496,0.318465579710145,0.3,0.67,0.16266694531964326","0,0,0"
14.566666666666666,98,AV,1,0,0,39,1474.807688008607,0.2,-14.566666666666666,"0.21498995983935745,0.13796881720430107,0.167390522875817,0.2,0.39,0.07092703624941481","0,0,0"
22.833333333333332,28,AV,0,0,0,37,736.5379020629116,0.4,-22.833333333333332,"0.18538351254480287,0.12959459459459463,0.15797138047138046,0.4,0.37,0.03542187290142414","0,0,0"
29.9,257,AV,2,0,0,60,5702.891177591027,0.1,-29.9,"0.539440074906367,0.2682002164502164,0.2990841924398625,0.1,0.6,0.27426570431405706","0,0,0"
34.56666666666667,159,AV,2,0,0,74,2421.0391237858234,0.8,-34.56666666666667,"0.6556466049382718,0.3042245862884161,0.3360732600732601,0.8,0.74,0.11643357373995898","0,0,0"
29.516666666666666,112,AV,1,0,0,69,1628.9397076974285,0.2,-29.516666666666666,"0.6326477987421382,0.29571749408983455,0.324405017921147,0.2,0.69,0.07833961446998668","0,0,0"
13.516666666666667,237,AV,1,0,0,35,4559.760277629775,0.5,-13.516666666666667,"0.1752289377289377,0.12425165562913908,0.15339795918367344,0.5,0.35,0.21928979970044837","0,0,0"
43.53333333333333,86,AV,0,0,0,51,1293.252850487379,0.5,-43.53333333333333,"0.39601576576576575,0.21033526011560696,0.24339605734767025,0.5,0.51,0.06219562899759039","0,0,0"
32.95,170,AV,1,0,0,80,2667.9339807116767,0.2,-32.95,"0.6948026819923371,0.3197012578616353,0.34945567375886527,0.2,0.8,0.12830733911924","0,0,0"
25.85,49,AV,2,0,0,51,932.0432837729122,0.3,-25.85,"0.39601576576576575,0.21033526011560696,0.24339605734767025,0.3,0.51,0.04482419525724574","0,0,0"
31.016666666666666,186,AV,0,0,0,44,2909.5116230827134,0.6,-31.016666666666666,"0.2745294117647058,0.15897928994082844,0.18960852713178294,0.6,0.44,0.13992538690731113","0,0,0"
29.083333333333332,103,AV,1,0,0,67,1527.6889462703334,0.2,-29.083333333333332,"0.60663468013468,0.28858612975391496,0.318465579710145,0.2,0.67,0.07347022269476662","0,0,0"
20.666666666666668,44,AV,1,0,0,50,877.2934597877683,0.6,-20.666666666666668,"0.36672072072072076,0.19770210727969345,0.2278297101449275,0.6,0.5,0.04219114500803879","0,0,0"
22.816666666666666,30,AV,2,0,0,50,777.0630287344238,0.2,-22.816666666666666,"0.36672072072072076,0.19770210727969345,0.2278297101449275,0.2,0.5,0.037370823365822384","0,0,0"
39.766666666666666,82,AV,0,0,0,50,1265.4739572733297,0.5,-39.766666666666666,"0.36672072072072076,0.19770210727969345,0.2278297101449275,0.5,0.5,0.060859675447862215","0,0,0"
26.966666666666665,50,AV,2,0,0,54,938.3100494872764,0.2,-26.966666666666665,"0.45075577557755786,0.2351579520697168,0.26534108527131783,0.2,0.54,0.04512557903941836","0,0,0"
25.733333333333334,138,AV,1,0,0,58,2105.159940183184,0.6,-25.733333333333334,"0.5094583333333333,0.25628867102396513,0.28452456140350874,0.6,0.58,0.10124218676253416","0,0,0"
17.1,92,AV,0,0,0,30,1434.2863071033526,0.1,-17.1,"0.11665290519877675,0.09996734234234234,0.13492771084337352,0.1,0.3,0.06897826592789302","0,0,0"
20.0,71,AV,2,0,0,42,1117.0806745336297,0.3,-20.0,"0.24823725490196075,0.14996485943775104,0.17585955056179778,0.3,0.42,0.05372308684066549","0,0,0"
48.46666666666667,273,AV,0,0,0,54,7099.697064525982,0.9,-48.46666666666667,"0.45075577557755786,0.2351579520697168,0.26534108527131783,0.9,0.54,0.3414414470102487","0,0,0"
17.783333333333335,41,AV,1,0,0,47,861.805442805673,0.2,-17.783333333333335,"0.31241558441558437,0.17549321705426357,0.2037197802197802,0.2,0.47,0.04144628915269407","0,0,0"
21.5,267,AV,2,0,0,47,6427.339783247283,0.9,-21.5,"0.31241558441558437,0.17549321705426357,0.2037197802197802,0.9,0.47,0.3091061739780037","0,0,0"
36.71666666666667,148,AV,2,0,0,78,2280.385817754286,0.3,-36.71666666666667,"0.6815824175824176,0.3140514541387025,0.34453166666666674,0.3,0.78,0.10966921916233309","0,0,0"
17.266666666666666,174,AV,0,0,0,32,2753.3979495063454,0.1,-17.266666666666666,"0.1442197802197802,0.11169916142557651,0.14265555555555556,0.1,0.32,0.13241750620204337","0,0,0"
10.916666666666666,115,AV,1,0,0,22,1703.2333497257905,0.6,-10.916666666666666,"0.07240090090090089,0.08294155844155844,0.12021641791044776,0.6,0.22,0.08191257376772525","0,0,0"
41.43333333333333,80,AV,0,0,0,51,1260.6549751070208,0.4,-41.43333333333333,"0.39601576576576575,0.21033526011560696,0.24339605734767025,0.4,0.51,0.06062791904628244","0,0,0"
67.58333333333333,241,AV,0,0,0,74,4630.913868273173,0.5,-67.58333333333333,"0.6556466049382718,0.3042245862884161,0.3360732600732601,0.5,0.74,0.22271174640161776","0,0,0"
21.383333333333333,216,AV,2,0,0,46,3758.845856207275,0.1,-21.383333333333333,"0.30541139240506326,0.1718413654618474,0.20118245614035085,0.1,0.46,0.18077190569786353","0,0,0"
19.516666666666666,140,AV,1,0,0,48,2137.1188228190404,0.2,-19.516666666666666,"0.3425042194092827,0.18762745098039216,0.21472893772893772,0.2,0.48,0.10277916602134513","0,0,0"
24.633333333333333,57,AV,1,0,0,55,969.457736312404,0.3,-24.633333333333333,"0.4733789473684211,0.24318046709129515,0.2712518939393939,0.3,0.55,0.04662354594757456","0,0,0"
8.55,36,AV,0,0,0,18,818.0604611907775,0.1,-8.55,"0.06196296296296297,0.07682083333333334,0.11132926829268293,0.1,0.18,0.03934248814734457","0,0,0"
22.566666666666666,290,AV,1,0,0,52,11185.875164713363,0.2,-22.566666666666666,"0.41352642276422763,0.21972697368421057,0.2492185534591195,0.2,0.52,0.5379555448075637","0,0,0"
52.03333333333333,150,AV,0,0,0,56,2302.618320259251,0.1,-52.03333333333333,"0.48587254901960775,0.24838067061143987,0.27408139534883724,0.1,0.56,0.11073843349034766","0,0,0"
9.116666666666667,185,AV,1,0,0,24,2891.134206742707,0.8,-9.116666666666667,"0.07625134408602151,0.08500716845878137,0.12144675925925927,0.8,0.24,0.13904157291209238","0,0,0"
25.933333333333334,207,AV,1,0,0,58,3465.4556083993225,0.6,-25.933333333333334,"0.5094583333333333,0.25628867102396513,0.28452456140350874,0.6,0.58,0.1666620655399256","0,0,0"
6.7,298,AV,0,0,0,16,19040.472291926453,0.4,-6.7,"0.05709477124183006,0.0738525641025641,0.10837333333333334,0.4,0.16,0.91570194503052","0,0,0"
27.016666666666666,191,AV,1,0,0,59,2969.8754393798326,0.9,-27.016666666666666,"0.5252817869415808,0.2647123287671233,0.2936701030927835,0.9,0.59,0.1428284275013291","0,0,0"
23.6,178,AV,2,0,0,48,2815.231094880572,0.2,-23.6,"0.3425042194092827,0.18762745098039216,0.21472893772893772,0.2,0.48,0.13539121035278245","0,0,0"
15.0,183,AV,2,0,0,30,2857.712092786687,0.2,-15.0,"0.11665290519877675,0.09996734234234234,0.13492771084337352,0.2,0.3,0.13743422335230565","0,0,0"
16.383333333333333,35,AV,1,0,0,43,816.2772675203604,0.1,-16.383333333333333,"0.2623568627450981,0.15426795580110494,0.18302027027027024,0.1,0.43,0.03925673009012141","0,0,0"
15.6,171,AV,1,0,0,41,2675.3892374750885,0.1,-15.6,"0.22889803921568624,0.14475690021231422,0.17057142857142857,0.1,0.41,0.1286658802843062","0,0,0"
15.283333333333333,260,AV,0,0,0,29,5849.7981009167725,0.1,-15.283333333333333,"0.11042231638418079,0.09716906474820142,0.1338995983935743,0.1,0.29,0.28133081033481866","0,0,0"
22.0,195,AV,2,0,0,47,3119.7161673652217,0.6,-22.0,"0.31241558441558437,0.17549321705426357,0.2037197802197802,0.6,0.47,0.1500346272193471","0,0,0"
20.716666666666665,231,AV,0,0,0,38,4304.4895651906745,0.9,-20.716666666666665,"0.19195977011494253,0.13219077568134177,0.16238475177304967,0.9,0.38,0.207013219355909","0,0,0"
12.666666666666666,83,AV,1,0,0,33,1267.69032506861,0.9,-12.666666666666666,"0.15287765957446806,0.11505119825708063,0.14449641577060932,0.9,0.33,0.0609662658868978","0,0,0"
8.466666666666667,127,AV,1,0,0,17,1921.5023446668008,0.2,-8.466666666666667,"0.06017435897435897,0.075875,0.10942857142857143,0.2,0.17,0.09240965283924012","0,0,0"
29.3,139,AV,1,0,0,68,2113.1349678504243,0.4,-29.3,"0.6181019417475727,0.29264236111111114,0.3214354838709677,0.4,0.68,0.10162572495605159","0,0,0"
21.183333333333334,182,AV,1,0,0,52,2853.537244729806,0.7,-21.183333333333334,"0.41352642276422763,0.21972697368421057,0.2492185534591195,0.7,0.52,0.13723344490378397","0,0,0"
18.033333333333335,225,AV,2,0,0,44,4113.319853961603,0.1,-18.033333333333335,"0.2745294117647058,0.15897928994082844,0.18960852713178294,0.1,0.44,0.19781940978440954","0,0,0"
28.883333333333333,263,AV,1,0,0,65,5911.733280178027,0.3,-28.883333333333333,"0.581807560137457,0.2828715498938429,0.3125077519379845,0.3,0.65,0.28430942153971994","0,0,0"
25.05,31,AV,1,0,0,55,802.5586880039084,0.5,-25.05,"0.4733789473684211,0.24318046709129515,0.2712518939393939,0.5,0.55,0.038596970723144074","0,0,0"
52.15,259,AV,0,0,0,56,5807.233742044462,0.9,-52.15,"0.48587254901960775,0.24838067061143987,0.27408139534883724,0.9,0.56,0.27928378830664774","0,0,0"
23.8,70,AV,1,0,0,53,1111.987968807459,0.2,-23.8,"0.42177848101265814,0.22526406926406928,0.254423676012461,0.2,0.53,0.05347816641708441","0,0,0"
7.566666666666666,29,AV,1,0,0,14,763.1985099142711,0.4,-7.566666666666666,"0.05311274509803922,0.07280208333333334,0.1095462962962963,0.4,0.14,0.03670404542797105","0,0,0"
27.5,177,AV,1,0,0,61,2797.307504072895,0.1,-27.5,"0.5494109848484848,0.27170860215053766,0.30186426116838494,0.1,0.61,0.13452922191505445","0,0,0"
10.983333333333333,9,AV,1,0,0,31,546.8646928603165,0.1,-10.983333333333333,"0.1261602564102564,0.10327634408602152,0.1361358024691358,0.1,0.31,0.026300033698903796","0,0,0"
27.616666666666667,168,AV,1,0,0,60,2574.4307659940623,0.1,-27.616666666666667,"0.539440074906367,0.2682002164502164,0.2990841924398625,0.1,0.6,0.12381054543309646","0,0,0"
30.35,188,AV,1,0,0,72,2946.490055333797,0.3,-30.35,"0.6505625,0.29949417249417254,0.32946057347670243,0.3,0.72,0.14170376833700152","0,0,0"
22.9,212,AV,1,0,0,53,3539.477986656502,0.2,-22.9,"0.42177848101265814,0.22526406926406928,0.254423676012461,0.2,0.53,0.17022197911279557","0,0,0"
12.566666666666666,292,AV,2,0,0,27,11861.36896338871,0.1,-12.566666666666666,"0.09308136482939634,0.09132948717948716,0.12494176706827309,0.1,0.27,0.57044166047841","0,0,0"
15.633333333333333,213,AV,2,0,0,34,3608.770587345788,0.6,-15.633333333333333,"0.16531720430107527,0.1193803418803419,0.15083150183150182,0.6,0.34,0.17355442634701188","0,0,0"
18.566666666666666,269,AV,2,0,0,41,6563.608435155774,0.6,-18.566666666666666,"0.22889803921568624,0.14475690021231422,0.17057142857142857,0.6,0.41,0.31565966003056356","0,0,0"
13.966666666666667,202,AV,1,0,0,35,3361.758609282253,0.9,-13.966666666666667,"0.1752289377289377,0.12425165562913908,0.15339795918367344,0.9,0.35,0.16167502833152653","0,0,0"
15.833333333333334,78,AV,1,0,0,43,1251.6500609663929,0.9,-15.833333333333334,"0.2623568627450981,0.15426795580110494,0.18302027027027024,0.9,0.43,0.0601948511440276","0,0,0"
29.366666666666667,59,AV,0,0,0,42,985.0802174553831,0.6,-29.366666666666667,"0.24823725490196075,0.14996485943775104,0.17585955056179778,0.6,0.42,0.047374868506673815","0,0,0"
28.933333333333334,119,AV,1,0,0,66,1804.2001824470888,0.4,-28.933333333333334,"0.5932283333333332,0.2849664502164503,0.31486627906976744,0.4,0.66,0.08676831073101827","0,0,0"
12.116666666666667,211,AV,2,0,0,16,3523.1638559153366,0.2,-12.116666666666667,"0.05709477124183006,0.0738525641025641,0.10837333333333334,0.2,0.16,0.16943739346690792","0,0,0"
31.066666666666666,272,AV,0,0,0,44,7081.334819999852,0.2,-31.066666666666666,"0.2745294117647058,0.15897928994082844,0.18960852713178294,0.2,0.44,0.34055836266392014","0,0,0"
26.7,58,AV,1,0,0,59,978.4447105201264,0.3,-26.7,"0.5252817869415808,0.2647123287671233,0.2936701030927835,0.3,0.59,0.04705575107546101","0,0,0"
15.716666666666667,118,AV,2,0,0,38,1794.439334206041,0.6,-15.716666666666667,"0.19195977011494253,0.13219077568134177,0.16238475177304967,0.6,0.38,0.08629888814619799","0,0,0"
20.75,67,AV,1,0,0,51,1097.8259349569896,0.9,-20.75,"0.39601576576576575,0.21033526011560696,0.24339605734767025,0.9,0.51,0.05279708026839882","0,0,0"
55.416666666666664,221,AV,0,0,0,58,3941.04555698938,0.2,-55.416666666666664,"0.5094583333333333,0.25628867102396513,0.28452456140350874,0.2,0.58,0.18953432596938674","0,0,0"
13.75,227,AV,0,0,0,28,4159.866430607663,0.1,-13.75,"0.10269130434782607,0.09584903381642512,0.1312567049808429,0.1,0.28,0.20005794620912742","0,0,0"
37.2,277,AV,2,0,0,72,7958.958807233507,0.5,-37.2,"0.6505625,0.29949417249417254,0.32946057347670243,0.5,0.72,0.38276540352897576","0,0,0"
23.316666666666666,289,AV,2,0,0,49,10838.007207066395,0.1,-23.316666666666666,"0.3564380341880342,0.19308185404339256,0.22148924731182795,0.1,0.49,0.5212257410218565","0,0,0"
32.733333333333334,123,AV,0,0,0,44,1869.7531794209297,0.1,-32.733333333333334,"0.2745294117647058,0.15897928994082844,0.18960852713178294,0.1,0.44,0.0899209114602018","0,0,0"
31.233333333333334,228,AV,2,0,0,62,4164.701887555128,0.1,-31.233333333333334,"0.557025641025641,0.27343865030674847,0.30286434108527127,0.1,0.62,0.2002904949224166","0,0,0"
32.71666666666667,43,AV,1,0,0,84,873.8892656114449,0.4,-32.71666666666667,"0.7096529411764705,0.32683035714285724,0.3558218390804598,0.4,0.84,0.04202742915158692","0,0,0"
22.716666666666665,154,AV,1,0,0,52,2344.9936519099742,0.1,-22.716666666666665,"0.41352642276422763,0.21972697368421057,0.2492185534591195,0.1,0.52,0.11277636474640867","0,0,0"
20.933333333333334,261,AV,0,0,0,36,5882.279762541917,0.2,-20.933333333333334,"0.17712724014336914,0.12558064516129033,0.15394565217391307,0.2,0.36,0.2828929312881198","0,0,0"
69.38333333333334,249,AV,0,0,0,78,4951.479839002994,0.8,-69.38333333333334,"0.6815824175824176,0.3140514541387025,0.34453166666666674,0.8,0.78,0.23812853220437127","0,0,0"
19.95,2,AV,1,0,0,50,437.8567856598078,0.8,-19.95,"0.36672072072072076,0.19770210727969345,0.2278297101449275,0.8,0.5,0.021057582192617507","0,0,0"
16.733333333333334,210,AV,1,0,0,44,3520.054626539052,0.6,-16.733333333333334,"0.2745294117647058,0.15897928994082844,0.18960852713178294,0.6,0.44,0.16928786317460437","0,0,0"
72.96666666666667,117,AV,0,0,0,86,1718.6657268339234,0.2,-72.96666666666667,"0.7137142857142856,0.3274323232323233,0.35591666666666666,0.2,0.86,0.08265475376818426","0,0,0"
25.816666666666666,164,AV,2,0,0,50,2497.1975937909187,0.9,-25.816666666666666,"0.36672072072072076,0.19770210727969345,0.2278297101449275,0.9,0.5,0.12009621708435674","0,0,0"
27.4,145,AV,0,0,0,42,2222.040577514192,0.1,-27.4,"0.24823725490196075,0.14996485943775104,0.17585955056179778,0.1,0.42,0.10686325672862912","0,0,0"
41.333333333333336,253,AV,0,0,0,50,5480.041794665195,0.1,-41.333333333333336,"0.36672072072072076,0.19770210727969345,0.2278297101449275,0.1,0.5,0.26354834340696637","0,0,0"
19.05,84,AV,2,0,0,44,1275.6237969650936,0.1,-19.05,"0.2745294117647058,0.15897928994082844,0.18960852713178294,0.1,0.44,0.06134780556380672","0,0,0"
13.616666666666667,296,AV,1,0,0,33,14754.343640924068,0.7,-13.616666666666667,"0.15287765957446806,0.11505119825708063,0.14449641577060932,0.7,0.33,0.7095717460418045","0,0,0"
32.9,55,AV,0,0,0,45,961.7772661313056,0.1,-32.9,"0.29613333333333336,0.16733333333333333,0.19460536398467432,0.1,0.45,0.04625417372950396","0,0,0"
62.55,124,AV,0,0,0,63,1888.2149669861096,0.1,-62.55,"0.5741326530612245,0.27870781893004115,0.3075395833333333,0.1,0.63,0.09080878306984375","0,0,0"
12.516666666666667,218,AV,1,0,0,27,3778.090807703549,0.1,-12.516666666666667,"0.09308136482939634,0.09132948717948716,0.12494176706827309,0.1,0.27,0.18169744153788722","0,0,0"
36.28333333333333,94,AV,0,0,0,47,1444.5182772575097,0.6,-36.28333333333333,"0.31241558441558437,0.17549321705426357,0.2037197802197802,0.6,0.47,0.06947034589460839","0,0,0"
12.066666666666666,232,AV,2,0,0,22,4343.557359248321,0.6,-12.066666666666666,"0.07240090090090089,0.08294155844155844,0.12021641791044776,0.6,0.22,0.2088920832022542","0,0,0"
27.066666666666666,111,AV,1,0,0,59,1614.9573615816892,0.1,-27.066666666666666,"0.5252817869415808,0.2647123287671233,0.2936701030927835,0.1,0.59,0.07766716993510497","0,0,0"
21.45,285,AV,2,0,0,47,9280.176126726552,0.4,-21.45,"0.31241558441558437,0.17549321705426357,0.2037197802197802,0.4,0.47,0.4463059108608652","0,0,0"
24.016666666666666,284,AV,2,0,0,49,8987.033628468456,0.6,-24.016666666666666,"0.3564380341880342,0.19308185404339256,0.22148924731182795,0.6,0.49,0.432207985572538","0,0,0"
13.883333333333333,247,AV,1,0,0,34,4925.450001742355,0.4,-13.883333333333333,"0.16531720430107527,0.1193803418803419,0.15083150183150182,0.4,0.34,0.23687669494724078","0,0,0"
18.416666666666668,77,AV,1,0,0,47,1249.5878531833848,0.5,-18.416666666666668,"0.31241558441558437,0.17549321705426357,0.2037197802197802,0.5,0.47,0.06009567462944302","0,0,0"
29.516666666666666,280,AV,1,0,0,70,8331.964781214912,0.1,-29.516666666666666,"0.6392174603174603,0.2971469907407407,0.3249157509157509,0.1,0.7,0.4007041547661289","0,0,0"
21.3,60,AV,2,0,0,45,985.8695826897422,0.4,-21.3,"0.29613333333333336,0.16733333333333333,0.19460536398467432,0.4,0.45,0.04741283097259167","0,0,0"
26.716666666666665,14,AV,1,0,0,58,586.3474640105957,0.4,-26.716666666666665,"0.5094583333333333,0.25628867102396513,0.28452456140350874,0.4,0.58,0.028198854788170358","0,0,0"
11.833333333333334,114,AV,2,0,0,13,1691.6338586686718,0.2,-11.833333333333334,"0.051192982456140346,0.07316666666666667,0.11143333333333334,0.2,0.13,0.08135472644337755","0,0,0"
19.133333333333333,24,AV,2,0,0,42,650.412147456106,0.5,-19.133333333333333,"0.24823725490196075,0.14996485943775104,0.17585955056179778,0.5,0.42,0.0312798789528752","0,0,0"
27.916666666666668,271,AV,1,0,0,62,6783.106781750961,0.3,-27.916666666666668,"0.557025641025641,0.27343865030674847,0.30286434108527127,0.3,0.62,0.32621586156939947","0,0,0"
25.05,48,AV,2,0,0,49,931.9887487728153,0.2,-25.05,"0.3564380341880342,0.19308185404339256,0.22148924731182795,0.2,0.49,0.04482157253839216","0,0,0"
14.466666666666667,87,AV,1,0,0,38,1297.4303329633815,0.2,-14.466666666666667,"0.19195977011494253,0.13219077568134177,0.16238475177304967,0.2,0.38,0.06239653414164128","0,0,0"
20.083333333333332,276,AV,1,0,0,49,7912.643587116454,0.2,-20.083333333333332,"0.3564380341880342,0.19308185404339256,0.22148924731182795,0.2,0.49,0.38053799359420826","0,0,0"
14.683333333333334,230,AV,1,0,0,39,4227.85786318916,0.1,-14.683333333333334,"0.21498995983935745,0.13796881720430107,0.167390522875817,0.1,0.39,0.20332781715065273","0,0,0"
12.0,107,AV,0,0,0,24,1572.8756307612184,0.2,-12.0,"0.07625134408602151,0.08500716845878137,0.12144675925925927,0.2,0.24,0.07564335864661634","0,0,0"
10.85,125,AV,1,0,0,28,1899.102970895097,0.6,-10.85,"0.10269130434782607,0.09584903381642512,0.1312567049808429,0.6,0.28,0.09133241327208338","0,0,0"
6.616666666666666,209,AV,0,0,0,15,3487.44186130441,0.4,-6.616666666666666,"0.0551341463414634,0.07403472222222222,0.10960833333333334,0.4,0.15,0.16771943713451876","0,0,0"
28.266666666666666,137,AV,2,0,0,55,2088.64210540395,0.2,-28.266666666666666,"0.4733789473684211,0.24318046709129515,0.2712518939393939,0.2,0.55,0.10044780450125744","0,0,0"
26.066666666666666,11,AV,2,0,0,52,567.550811201735,0.2,-26.066666666666666,"0.41352642276422763,0.21972697368421057,0.2492185534591195,0.2,0.52,0.027294878706419726","0,0,0"
37.93333333333333,184,AV,0,0,0,49,2857.8751728516777,0.9,-37.93333333333333,"0.3564380341880342,0.19308185404339256,0.22148924731182795,0.9,0.49,0.13744206626346972","0,0,0"
11.05,34,AV,2,0,0,18,813.126641713825,0.2,-11.05,"0.06196296296296297,0.07682083333333334,0.11132926829268293,0.2,0.18,0.03910520894427614","0,0,0"
22.366666666666667,69,AV,2,0,0,47,1104.4445206976068,0.9,-22.366666666666667,"0.31241558441558437,0.17549321705426357,0.2037197802197802,0.9,0.47,0.05311538391880796","0,0,0"
13.716666666666667,223,AV,1,0,0,33,3971.0791127863904,0.4,-13.716666666666667,"0.15287765957446806,0.11505119825708063,0.14449641577060932,0.4,0.33,0.19097871164626756","0,0,0"
10.083333333333334,155,AV,1,0,0,24,2382.718205806423,0.6,-10.083333333333334,"0.07625134408602151,0.08500716845878137,0.12144675925925927,0.6,0.24,0.11459062895418437","0,0,0"
37.983333333333334,192,AV,0,0,0,49,3031.4508351358254,0.2,-37.983333333333334,"0.3564380341880342,0.19308185404339256,0.22148924731182795,0.2,0.49,0.14578973585520302","0,0,0"
30.766666666666666,175,AV,1,0,0,77,2756.9260540590044,0.3,-30.766666666666666,"0.6712706093189964,0.309841163310962,0.34131972789115644,0.3,0.77,0.1325871812054576","0,0,0"
31.616666666666667,144,AV,2,0,0,60,2218.7455195521825,0.9,-31.616666666666667,"0.539440074906367,0.2682002164502164,0.2990841924398625,0.9,0.6,0.1067047894942801","0,0,0"
26.383333333333333,176,AV,2,0,0,53,2793.3389947689566,0.2,-26.383333333333333,"0.42177848101265814,0.22526406926406928,0.254423676012461,0.2,0.53,0.1343383667916745","0,0,0"
18.316666666666666,38,AV,2,0,0,39,837.3801312568858,0.2,-18.316666666666666,"0.21498995983935745,0.13796881720430107,0.167390522875817,0.2,0.39,0.04027161738246258","0,0,0"
12.333333333333334,10,AV,1,0,0,30,548.7192496267361,0.1,-12.333333333333334,"0.11665290519877675,0.09996734234234234,0.13492771084337352,0.1,0.3,0.02638922377844295","0,0,0"
23.2,128,AV,2,0,0,48,1922.439846447592,0.4,-23.2,"0.3425042194092827,0.18762745098039216,0.21472893772893772,0.4,0.48,0.09245473954670083","0,0,0"
64.36666666666666,75,AV,0,0,0,66,1167.011530479414,0.4,-64.36666666666666,"0.5932283333333332,0.2849664502164503,0.31486627906976744,0.4,0.66,0.0561243813676915","0,0,0"
25.7,122,AV,1,0,0,57,1848.7234685638712,0.4,-25.7,"0.5010053763440859,0.25240717299578064,0.2780973782771536,0.4,0.57,0.08890954226515282","0,0,0"
12.283333333333333,21,AV,1,0,0,31,636.6552097563458,0.1,-12.283333333333333,"0.1261602564102564,0.10327634408602152,0.1361358024691358,0.1,0.31,0.030618274848933116","0,0,0"
12.683333333333334,5,AV,1,0,0,31,473.5024380788758,0.2,-12.683333333333334,"0.1261602564102564,0.10327634408602152,0.1361358024691358,0.2,0.31,0.022771867046038015","0,0,0"
32.46666666666667,15,AV,2,0,0,63,595.9176043698985,0.5,-32.46666666666667,"0.5741326530612245,0.27870781893004115,0.3075395833333333,0.5,0.63,0.028659105773905864","0,0,0"
22.666666666666668,61,AV,0,0,0,38,1020.5842314575186,0.3,-22.666666666666668,"0.19195977011494253,0.13219077568134177,0.16238475177304967,0.3,0.38,0.04908234162917255","0,0,0"
16.9,204,AV,1,0,0,46,3387.2787239910285,0.4,-16.9,"0.30541139240506326,0.1718413654618474,0.20118245614035085,0.4,0.46,0.16290235180953377","0,0,0"
31.416666666666668,132,AV,1,0,0,78,1993.780724220221,0.9,-31.416666666666668,"0.6815824175824176,0.3140514541387025,0.34453166666666674,0.9,0.78,0.09588569333476842","0,0,0"
30.716666666666665,105,AV,1,0,0,74,1552.9853059451273,0.2,-30.716666666666665,"0.6556466049382718,0.3042245862884161,0.3360732600732601,0.2,0.74,0.074686785256937","0,0,0"
18.5,129,AV,1,0,0,47,1929.5758599688188,0.4,-18.5,"0.31241558441558437,0.17549321705426357,0.2037197802197802,0.4,0.47,0.09279792753915007","0,0,0"
31.416666666666668,235,AV,1,0,0,75,4549.070920567666,0.3,-31.416666666666668,"0.6625875420875422,0.30675659472422057,0.33755555555555555,0.3,0.75,0.21877572290115335","0,0,0"
29.516666666666666,109,AV,0,0,0,43,1597.8734280578535,0.7,-29.516666666666666,"0.2623568627450981,0.15426795580110494,0.18302027027027024,0.7,0.43,0.07684556262848466","0,0,0"
66.05,190,AV,0,0,0,73,2968.817229463249,0.2,-66.05,"0.6551913580246915,0.3029941314553991,0.3343018518518519,0.2,0.73,0.14277753565032827","0,0,0"
15.866666666666667,62,AV,1,0,0,41,1020.7360413649084,0.6,-15.866666666666667,"0.22889803921568624,0.14475690021231422,0.17057142857142857,0.6,0.41,0.04908964253144747","0,0,0"
32.233333333333334,293,AV,1,0,0,77,12051.378145129962,0.9,-32.233333333333334,"0.6712706093189964,0.309841163310962,0.34131972789115644,0.9,0.77,0.5795796574055083","0,0,0"
29.8,236,AV,1,0,0,69,4549.115907877681,0.2,-29.8,"0.6326477987421382,0.29571749408983455,0.324405017921147,0.2,0.69,0.21877788644870882","0,0,0"
23.35,288,AV,2,0,0,50,10783.100237376317,0.7,-23.35,"0.36672072072072076,0.19770210727969345,0.2278297101449275,0.7,0.5,0.518585133259083","0,0,0"
50.266666666666666,47,AV,0,0,0,55,923.9636394510808,0.9,-50.266666666666666,"0.4733789473684211,0.24318046709129515,0.2712518939393939,0.9,0.55,0.04443562579808411","0,0,0"
24.166666666666668,74,AV,1,0,0,54,1150.2916000513435,0.6,-24.166666666666668,"0.45075577557755786,0.2351579520697168,0.26534108527131783,0.6,0.54,0.05532027984231857","0,0,0"
30.066666666666666,240,AV,1,0,0,70,4609.601315671212,0.9,-30.066666666666666,"0.6392174603174603,0.2971469907407407,0.3249157509157509,0.9,0.7,0.2216867746691962","0,0,0"
60.61666666666667,233,AV,0,0,0,62,4459.768546990965,0.1,-60.61666666666667,"0.557025641025641,0.27343865030674847,0.30286434108527127,0.1,0.62,0.21448095773323778","0,0,0"
19.366666666666667,25,AV,1,0,0,49,658.4091024775607,0.2,-19.366666666666667,"0.3564380341880342,0.19308185404339256,0.22148924731182795,0.2,0.49,0.03166447168540803","0,0,0"
10.3,274,AV,0,0,0,21,7130.271245067938,0.1,-10.3,"0.06924410774410776,0.08056666666666669,0.11735672514619883,0.1,0.21,0.34291183262677855","0,0,0"
32.083333333333336,283,AV,2,0,0,66,8795.495569618428,0.3,-32.083333333333336,"0.5932283333333332,0.2849664502164503,0.31486627906976744,0.3,0.66,0.42299646128116253","0,0,0"
17.75,108,AV,1,0,0,46,1596.1763216794554,0.3,-17.75,"0.30541139240506326,0.1718413654618474,0.20118245614035085,0.3,0.46,0.07676394471545202","0,0,0"
20.6,18,AV,2,0,0,44,617.4453946714843,0.7,-20.6,"0.2745294117647058,0.15897928994082844,0.18960852713178294,0.7,0.44,0.02969442880314238","0,0,0"
13.25,286,AV,1,0,0,32,9667.56212442905,0.3,-13.25,"0.1442197802197802,0.11169916142557651,0.14265555555555556,0.3,0.32,0.4649362319020181","0,0,0"
10.25,200,AV,1,0,0,25,3269.866339895674,0.1,-10.25,"0.08265808823529412,0.08804239766081873,0.12263518518518518,0.1,0.25,0.15725570886715387","0,0,0"
32.25,194,AV,1,0,0,81,3097.4575811220984,0.3,-32.25,"0.7020208333333333,0.32134867075664625,0.350880149812734,0.3,0.81,0.14896415846185204","0,0,0"
26.466666666666665,130,AV,1,0,0,58,1942.5668635563816,0.3,-26.466666666666665,"0.5094583333333333,0.25628867102396513,0.28452456140350874,0.3,0.58,0.09342269603599423","0,0,0"
17.6,104,AV,2,0,0,39,1530.0661682302475,0.1,-17.6,"0.21498995983935745,0.13796881720430107,0.167390522875817,0.1,0.39,0.07358454899608351","0,0,0"
32.4,76,AV,1,0,0,81,1240.6560786390864,0.4,-32.4,"0.7020208333333333,0.32134867075664625,0.350880149812734,0.4,0.81,0.05966612418566248","0,0,0"
23.133333333333333,46,AV,2,0,0,47,892.1845339920479,0.3,-23.133333333333333,"0.31241558441558437,0.17549321705426357,0.2037197802197802,0.3,0.47,0.042907292454561666","0,0,0"
25.45,180,AV,2,0,0,53,2835.850686157305,0.3,-25.45,"0.42177848101265814,0.22526406926406928,0.254423676012461,0.3,0.53,0.13638285591431848","0,0,0"
24.183333333333334,220,AV,1,0,0,53,3849.958431883558,0.1,-24.183333333333334,"0.42177848101265814,0.22526406926406928,0.254423676012461,0.1,0.53,0.18515372782308936","0,0,0"
14.316666666666666,20,AV,1,0,0,36,632.5893922142865,0.1,-14.316666666666666,"0.17712724014336914,0.12558064516129033,0.15394565217391307,0.1,0.36,0.030422739939172414","0,0,0"
58.95,181,AV,0,0,0,61,2850.5966631146844,0.6,-58.95,"0.5494109848484848,0.27170860215053766,0.30186426116838494,0.6,0.61,0.13709202528649697","0,0,0"
11.9,16,AV,0,0,0,24,614.9217871931492,0.2,-11.9,"0.07625134408602151,0.08500716845878137,0.12144675925925927,0.2,0.24,0.029573062471416202","0,0,0"
10.766666666666667,142,AV,1,0,0,27,2141.869626207308,0.1,-10.766666666666667,"0.09308136482939634,0.09132948717948716,0.12494176706827309,0.1,0.27,0.10300764354209123","0,0,0"
17.683333333333334,295,AV,2,0,0,38,13430.196447392702,0.6,-17.683333333333334,"0.19195977011494253,0.13219077568134177,0.16238475177304967,0.6,0.38,0.6458903340456582","0,0,0"
30.483333333333334,265,AV,1,0,0,73,6081.635477498837,0.2,-30.483333333333334,"0.6551913580246915,0.3029941314553991,0.3343018518518519,0.2,0.73,0.29248042539751784","0,0,0"
33.916666666666664,197,AV,2,0,0,80,3206.59631480788,0.3,-33.916666666666664,"0.6948026819923371,0.3197012578616353,0.34945567375886527,0.3,0.8,0.15421290172735466","0,0,0"
24.483333333333334,88,AV,1,0,0,54,1310.9401185904849,0.1,-24.483333333333334,"0.45075577557755786,0.2351579520697168,0.26534108527131783,0.1,0.54,0.06304625211008313","0,0,0"
18.6,163,AV,2,0,0,44,2476.7926805910606,0.6,-18.6,"0.2745294117647058,0.15897928994082844,0.18960852713178294,0.6,0.44,0.1191148959060364","0,0,0"
25.083333333333332,222,AV,2,0,0,50,3958.913906791885,0.4,-25.083333333333332,"0.36672072072072076,0.19770210727969345,0.2278297101449275,0.4,0.5,0.1903936577347851","0,0,0"
26.0,126,AV,0,0,0,40,1900.764377468582,0.4,-26.0,"0.224404214559387,0.14253787878787877,0.16900841750841752,0.4,0.4,0.09141231429593938","0,0,0"
53.93333333333333,281,AV,0,0,0,56,8348.421721831439,0.1,-53.93333333333333,"0.48587254901960775,0.24838067061143987,0.27408139534883724,0.1,0.56,0.4014956084811817","0,0,0"
31.383333333333333,146,AV,1,0,0,77,2255.9253983027734,0.4,-31.383333333333333,"0.6712706093189964,0.309841163310962,0.34131972789115644,0.4,0.77,0.1084928589689197","0,0,0"
10.733333333333333,224,AV,1,0,0,26,3987.5502105766736,0.6,-10.733333333333333,"0.08628753180661577,0.08919722222222223,0.1228239700374532,0.6,0.26,0.1917708462137355","0,0,0"
23.716666666666665,266,AV,1,0,0,53,6130.868263041086,0.2,-23.716666666666665,"0.42177848101265814,0.22526406926406928,0.254423676012461,0.2,0.53,0.29484814804583803","0,0,0"
24.25,205,AV,1,0,0,54,3389.778327720714,0.1,-24.25,"0.45075577557755786,0.2351579520697168,0.26534108527131783,0.1,0.54,0.16302256374345986","0,0,0"
46.916666666666664,161,AV,0,0,0,53,2446.4664131825853,0.2,-46.916666666666664,"0.42177848101265814,0.22526406926406928,0.254423676012461,0.2,0.53,0.11765643302624577","0,0,0"
15.666666666666666,152,AV,1,0,0,42,2326.172138461347,0.2,-15.666666666666666,"0.24823725490196075,0.14996485943775104,0.17585955056179778,0.2,0.42,0.11187119305691051","0,0,0"
16.633333333333333,208,AV,2,0,0,40,3480.90175047103,0.6,-16.633333333333333,"0.224404214559387,0.14253787878787877,0.16900841750841752,0.6,0.4,0.1674049075304721","0,0,0"
27.8,72,AV,1,0,0,65,1122.7546975855585,0.6,-27.8,"0.581807560137457,0.2828715498938429,0.3125077519379845,0.6,0.65,0.05399596420763093","0,0,0"
66.0,110,AV,0,0,0,68,1614.9493849180149,0.2,-66.0,"0.6181019417475727,0.29264236111111114,0.3214354838709677,0.2,0.68,0.07766678631823196","0,0,0"
29.483333333333334,294,AV,2,0,0,53,12197.400506638176,0.1,-29.483333333333334,"0.42177848101265814,0.22526406926406928,0.254423676012461,0.1,0.53,0.5866022227285186","0,0,0"
20.6,198,AV,1,0,0,50,3245.380745418587,0.2,-20.6,"0.36672072072072076,0.19770210727969345,0.2278297101449275,0.2,0.5,0.156078137946426","0,0,0"
24.05,165,AV,0,0,0,38,2530.9644311939346,0.3,-24.05,"0.19195977011494253,0.13219077568134177,0.16238475177304967,0.3,0.38,0.12172014522087579","0,0,0"
22.283333333333335,13,AV,2,0,0,45,583.3206434887895,0.5,-22.283333333333335,"0.29613333333333336,0.16733333333333333,0.19460536398467432,0.5,0.45,0.028053287735180215","0,0,0"
27.683333333333334,37,AV,1,0,0,58,832.4581618945489,0.4,-27.683333333333334,"0.5094583333333333,0.25628867102396513,0.28452456140350874,0.4,0.58,0.040034908079806066","0,0,0"
24.233333333333334,173,AV,0,0,0,38,2747.619709803412,0.3,-24.233333333333334,"0.19195977011494253,0.13219077568134177,0.16238475177304967,0.3,0.38,0.13213961680656489","0,0,0"
15.016666666666667,65,AV,1,0,0,38,1083.524948441525,0.2,-15.016666666666667,"0.19195977011494253,0.13219077568134177,0.16238475177304967,0.2,0.38,0.05210931155303881","0,0,0"
33.0,158,AV,2,0,0,67,2417.357356239525,0.3,-33.0,"0.60663468013468,0.28858612975391496,0.318465579710145,0.3,0.67,0.11625650871491097","0,0,0"
14.75,238,AV,2,0,0,32,4569.840806868062,0.1,-14.75,"0.1442197802197802,0.11169916142557651,0.14265555555555556,0.1,0.32,0.21977459651057532","0,0,0"
60.71666666666667,135,AV,0,0,0,62,2052.607856914241,0.3,-60.71666666666667,"0.557025641025641,0.27343865030674847,0.30286434108527127,0.3,0.62,0.09871483113148809","0,0,0"
32.766666666666666,156,AV,2,0,0,72,2401.1770329784995,0.1,-32.766666666666666,"0.6505625,0.29949417249417254,0.32946057347670243,0.1,0.72,0.11547835819142706","0,0,0"
6.833333333333333,219,AV,1,0,0,5,3824.993837156676,0.5,-6.833333333333333,"0.0,0.0,0.0,0.5,0.05,0.18395312063237393","0,0,0"
26.583333333333332,96,AV,2,0,0,53,1460.8215047913693,0.9,-26.583333333333332,"0.42177848101265814,0.22526406926406928,0.254423676012461,0.9,0.53,0.07025440717912602","0,0,0"
30.016666666666666,234,AV,2,0,0,62,4547.885280126284,0.6,-30.016666666666666,"0.557025641025641,0.27343865030674847,0.30286434108527127,0.6,0.62,0.2187187026108142","0,0,0"
5.033333333333333,17,AV,0,0,0,13,615.3970356119416,0.3,-5.033333333333333,"0.051192982456140346,0.07316666666666667,0.11143333333333334,0.3,0.13,0.029595918306859183","0,0,0"
43.483333333333334,248,AV,0,0,0,51,4950.268578812107,0.2,-43.483333333333334,"0.39601576576576575,0.21033526011560696,0.24339605734767025,0.2,0.51,0.238070279798878","0,0,0"
31.65,136,AV,1,0,0,78,2078.9202215407213,0.1,-31.65,"0.6815824175824176,0.3140514541387025,0.34453166666666674,0.1,0.78,0.09998025580674873","0,0,0"
34.71666666666667,134,AV,0,0,0,46,2046.5713793034688,0.7,-34.71666666666667,"0.30541139240506326,0.1718413654618474,0.20118245614035085,0.7,0.46,0.09842452245612708","0,0,0"
54.06666666666667,201,AV,0,0,0,57,3274.575105225111,0.9,-54.06666666666667,"0.5010053763440859,0.25240717299578064,0.2780973782771536,0.9,0.57,0.15748216467690215","0,0,0"
48.63333333333333,268,AV,0,0,0,54,6434.117121135291,0.1,-48.63333333333333,"0.45075577557755786,0.2351579520697168,0.26534108527131783,0.1,0.54,0.3094321123996473","0,0,0"
72.91666666666667,1,AV,0,0,0,87,424.9057127261393,0.6,-72.91666666666667,"0.7191570881226055,0.32934122287968437,0.35859523809523813,0.6,0.87,0.020434734056617176","0,0,0"
22.183333333333334,151,AV,1,0,0,51,2318.2944376966047,0.6,-22.183333333333334,"0.39601576576576575,0.21033526011560696,0.24339605734767025,0.6,0.51,0.11149233554738845","0,0,0"
8.466666666666667,131,AV,0,0,0,20,1945.516475481125,0.1,-8.466666666666667,"0.06758608058608058,0.08059356725146197,0.11753273809523808,0.1,0.2,0.09356454994251304","0,0,0"
17.866666666666667,279,AV,1,0,0,45,8134.997760071039,0.4,-17.866666666666667,"0.29613333333333336,0.16733333333333333,0.19460536398467432,0.4,0.45,0.39123153866695837","0,0,0"
34.233333333333334,54,AV,2,0,0,75,954.0002559944874,0.6,-34.233333333333334,"0.6625875420875422,0.30675659472422057,0.33755555555555555,0.6,0.75,0.045880158673594545","0,0,0"
16.0,45,AV,1,0,0,43,877.6907461205365,0.1,-16.0,"0.2623568627450981,0.15426795580110494,0.18302027027027024,0.1,0.43,0.04221025145992046","0,0,0"
13.533333333333333,243,AV,0,0,0,26,4645.51881630073,0.1,-13.533333333333333,"0.08628753180661577,0.08919722222222223,0.1228239700374532,0.1,0.26,0.22341413335457028","0,0,0"
22.066666666666666,53,AV,1,0,0,52,946.2003450753726,0.1,-22.066666666666666,"0.41352642276422763,0.21972697368421057,0.2492185534591195,0.1,0.52,0.04550504226418034","0,0,0"
27.833333333333332,64,AV,0,0,0,41,1052.4070316009115,0.1,-27.833333333333332,"0.22889803921568624,0.14475690021231422,0.17057142857142857,0.1,0.41,0.05061277635478482","0,0,0"
34.7,196,AV,2,0,0,72,3197.7177395395383,0.5,-34.7,"0.6505625,0.29949417249417254,0.32946057347670243,0.5,0.72,0.15378590976425258","0,0,0"
