travel_time,id,kind,action,origin,destination,start_time,income,urgency,reward,observation,cost_table
20.633333333333333,102,AV,1,0,0,25,1783.933402668827,0.6,-5.577044324505071,"0.23783823529411763,0.2596266666666667,0.32574404761904757,0.6,0.25,0.08814235881001646","0,0,0"
20.85,156,AV,1,0,0,29,2753.3979495063454,0.2,-2.899411477131682,"0.2653333333333333,0.27404106280193236,0.3388541666666666,0.2,0.29,0.13604262897318792","0,0,0"
26.916666666666668,212,AV,1,0,0,45,4113.319853961603,0.1,-2.7958802879410736,"0.29183974358974357,0.2807745901639344,0.34860937500000005,0.1,0.45,0.20323500525627752","0,0,0"
28.75,251,AV,2,0,0,32,5654.280440205098,0.3,-12.315194140598225,"0.304640350877193,0.29419808743169396,0.35546111111111117,0.3,0.32,0.2793723210896882","0,0,0"
20.683333333333334,49,AV,1,0,0,28,1068.5648373754009,0.1,-0.5581182504978419,"0.24297916666666666,0.26205952380952385,0.3335285714285714,0.1,0.28,0.052796716047137274","0,0,0"
24.866666666666667,27,AV,1,0,0,39,832.3173438658397,0.1,-0.5226504533029599,"0.23353535353535348,0.27293700787401565,0.33193888888888895,0.1,0.39,0.04112396452528438","0,0,0"
44.31666666666667,99,AV,0,0,0,96,1718.6657268339234,0.7,-13.46360487102686,"0.3115614035087719,0.29453688524590166,0.3552944444444445,0.7,0.96,0.0849175484591763","0,0,0"
44.78333333333333,7,AV,2,0,0,86,610.4868582393152,0.9,-6.2135537427615155,"0.2587546296296296,0.2898771186440678,0.3472628205128205,0.9,0.86,0.03016354289191967","0,0,0"
14.566666666666666,110,AV,1,0,0,7,1880.1756700095973,0.2,-1.3832268818084077,"0.2743409090909091,0.2735992063492063,0.3494946236559141,0.2,0.07,0.09289759263654204","0,0,0"
19.583333333333332,286,AV,2,0,0,0,8987.033628468456,0.1,-4.444345333943787,"0.24699509803921568,0.24217886178861786,0.33864583333333337,0.1,0.0,0.4440403108844108","0,0,0"
37.38333333333333,76,AV,0,0,0,87,1411.5824788559885,0.4,-5.330268518643067,"0.29094927536231874,0.28006691919191923,0.33044444444444443,0.4,0.87,0.06974487341013964","0,0,0"
37.11666666666667,165,AV,1,0,0,81,2872.269398564857,0.8,-21.537185018868474,"0.25896296296296295,0.25525,0.3616527777777778,0.8,0.81,0.1419159479544386","0,0,0"
20.4,152,AV,1,0,0,24,2645.062412614309,0.8,-10.900863276228668,"0.22613596491228072,0.2388230088495575,0.3265322580645161,0.8,0.24,0.13068987883670405","0,0,0"
37.15,238,AV,1,0,0,79,4735.166802079286,0.3,-13.326624749791323,"0.2593133333333334,0.25446078431372554,0.33891919191919184,0.3,0.79,0.2339598387864436","0,0,0"
37.583333333333336,200,AV,2,0,0,61,3628.2404526711953,0.4,-13.77387579254806,"0.2558015873015873,0.2596728971962617,0.3450675675675676,0.4,0.61,0.1792677189349818","0,0,0"
35.86666666666667,296,AV,0,0,0,76,13748.957190518822,0.1,-12.452759206227487,"0.2540833333333333,0.2607625,0.33385784313725486,0.1,0.76,0.6793221743240372","0,0,0"
22.183333333333334,159,AV,0,0,0,42,2815.231094880572,0.5,-7.885253761123826,"0.2712824074074074,0.24389890710382514,0.3416827956989248,0.5,0.42,0.1390977426213619","0,0,0"
24.083333333333332,191,AV,0,0,0,53,3386.12741774329,0.9,-18.533917116057022,"0.20441428571428574,0.22621188630490952,0.3304615384615384,0.9,0.53,0.16730515689916173","0,0,0"
35.61666666666667,144,AV,1,0,0,71,2421.832203454489,0.1,-2.1782219776019542,"0.3366323529411765,0.3045129310344828,0.36523039215686276,0.1,0.71,0.119660298268526","0,0,0"
36.4,113,AV,1,0,0,75,1900.764377468582,0.2,-3.494334512113959,"0.27248571428571433,0.2684634146341463,0.333046875,0.2,0.75,0.09391486000625965","0,0,0"
32.31666666666667,35,AV,0,0,0,73,913.5589076746268,0.4,-2.982139262594447,"0.27437398373983735,0.25642857142857145,0.3399222222222222,0.4,0.73,0.04513802864718944","0,0,0"
32.21666666666667,209,AV,0,0,0,75,3941.04555698938,0.6,-19.237477428435533,"0.29370312499999995,0.27229365079365087,0.3251071428571429,0.6,0.75,0.19472310516250035","0,0,0"
6.733333333333333,257,AV,0,0,0,5,5849.7981009167725,0.1,-0.9946626400548721,"0.33167777777777785,0.3022506775067751,0.363051724137931,0.1,0.05,0.28903265245540044","0,0,0"
20.25,239,AV,1,0,0,25,4754.245589533712,0.3,-7.293444938489216,"0.33447979797979793,0.2940264550264551,0.37538172043010753,0.3,0.25,0.234902502524312","0,0,0"
34.0,77,AV,0,0,0,75,1434.4967426379471,0.5,-6.158193087082096,"0.26425,0.2803838797814208,0.3387611111111111,0.5,0.75,0.07087704418350775","0,0,0"
29.916666666666668,45,AV,1,0,0,60,985.8695826897422,0.3,-2.2343887637980897,"0.2958480392156863,0.2613841145833334,0.3556488095238095,0.3,0.6,0.04871082651814225","0,0,0"
34.233333333333334,118,AV,0,0,0,75,2043.1688306873104,0.1,-1.7662747383130204,"0.3083518518518519,0.3134198966408269,0.37198,0.1,0.75,0.10095092110191003","0,0,0"
35.71666666666667,232,AV,1,0,0,76,4669.869929992837,0.3,-12.635771792897284,"0.2613174603174603,0.270016129032258,0.3609347826086957,0.3,0.76,0.23073358587812023","0,0,0"
21.833333333333332,108,AV,1,0,0,31,1838.9541098615327,0.8,-8.111211730365682,"0.20557619047619047,0.21709116809116813,0.3043774509803922,0.8,0.31,0.09086087672559844","0,0,0"
32.85,249,AV,2,0,0,59,5502.789496653042,0.2,-9.129628028538002,"0.29188405797101447,0.2881046831955923,0.3401203703703704,0.2,0.59,0.27188730562719554","0,0,0"
35.93333333333333,268,AV,0,0,0,80,6446.254396158338,0.5,-29.246894945533196,"0.3292976190476191,0.2810322997416021,0.34015476190476185,0.5,0.8,0.31850295931272143","0,0,0"
33.15,63,AV,1,0,0,68,1249.5878531833848,0.3,-3.138169494926455,"0.3649393939393939,0.313290404040404,0.41230666666666677,0.3,0.68,0.06174088155709868","0,0,0"
17.416666666666668,208,AV,1,0,0,19,3919.41152379869,0.8,-13.790522028180575,"0.3100227272727273,0.2779037940379404,0.35287681159420287,0.8,0.19,0.1936541892976206","0,0,0"
33.4,0,AV,1,0,0,67,491.0984231068265,0.3,-1.2426278281642424,"0.23100980392156864,0.2522773631840796,0.32050757575757577,0.3,0.67,0.024264680147676444","0,0,0"
43.0,237,AV,1,0,0,96,4705.31956239884,0.1,-5.109311646039146,"0.3127028985507246,0.27541176470588236,0.3415200000000001,0.1,0.96,0.23248511663287746","0,0,0"
30.616666666666667,221,AV,0,0,0,69,4266.216809230351,0.7,-23.088923379584628,"0.19944791666666667,0.25142578125000004,0.3135617283950617,0.7,0.69,0.2107894903464134","0,0,0"
31.666666666666668,82,AV,1,0,0,67,1460.8215047913693,0.1,-1.1681653447405733,"0.21056756756756762,0.23286414565826333,0.31861666666666666,0.1,0.67,0.07217772425813608","0,0,0"
44.766666666666666,175,AV,1,0,0,97,2996.640782499388,0.9,-30.48854977952029,"0.18210919540229883,0.2363997175141243,0.2973989898989899,0.9,0.97,0.14806101319737625","0,0,0"
7.016666666666667,101,AV,0,0,0,5,1751.9448432672848,0.1,-0.3104245702927302,"0.28621111111111114,0.27988319088319086,0.3551078431372548,0.1,0.05,0.08656183619837181","0,0,0"
20.033333333333335,67,AV,1,0,0,22,1293.252850487379,0.1,-0.6542466019721505,"0.2804827586206897,0.2597064102564103,0.33849462365591393,0.1,0.22,0.06389832524532672","0,0,0"
19.633333333333333,192,AV,1,0,0,22,3387.2787239910285,0.1,-1.6793831384096933,"0.3041973684210527,0.2884786666666667,0.35906790123456794,0.1,0.22,0.16736204178524355","0,0,0"
30.583333333333332,88,AV,1,0,0,62,1526.0895405694364,0.7,-8.250261005309094,"0.20246464646464646,0.23406047197640117,0.30266666666666664,0.7,0.62,0.07540255239340664","0,0,0"
5.316666666666666,298,AV,0,0,0,4,19040.472291926453,0.2,-5.112719411720992,"0.29717567567567577,0.2957266666666667,0.3667619047619048,0.2,0.04,0.9407706241479663","0,0,0"
42.93333333333333,169,AV,1,0,0,97,2949.689674384749,0.4,-12.79192020406585,"0.2715344827586207,0.24871120689655174,0.33523255813953484,0.4,0.97,0.14574120607241453","0,0,0"
15.35,274,AV,0,0,0,24,7592.14370769901,0.2,-5.885828581473728,"0.35275877192982447,0.31032933333333335,0.37123076923076925,0.2,0.24,0.37512020001424035","0,0,0"
41.43333333333333,37,AV,1,0,0,94,932.0432837729122,0.3,-2.9255803073983078,"0.3586197916666667,0.3050356234096692,0.39537037037037037,0.3,0.94,0.04605132311658888","0,0,0"
32.71666666666667,228,AV,1,0,0,67,4549.115907877681,0.1,-3.7583815350016363,"0.2893428571428571,0.27242818428184284,0.33609375,0.1,0.67,0.22476725085176577","0,0,0"
13.833333333333334,36,AV,1,0,0,5,921.9548251796884,0.3,-0.9661900314383098,"0.23523958333333334,0.27215994623655915,0.3445882352941176,0.3,0.05,0.04555286250374671","0,0,0"
30.566666666666666,270,AV,2,0,0,37,7130.271245067938,0.3,-16.511259423553785,"0.29998888888888886,0.2998924731182796,0.3545046296296296,0.3,0.37,0.3522995452382328","0,0,0"
47.78333333333333,39,AV,0,0,0,100,948.3478854920526,0.4,-4.577295265497836,"0.28802898550724637,0.26228095238095234,0.3529080459770114,0.4,1.0,0.04685691712185437","0,0,0"
40.88333333333333,59,AV,2,0,0,77,1205.4292211271013,0.5,-6.222470284984806,"0.26524509803921575,0.2609363867684478,0.33477333333333337,0.5,0.77,0.059559047871243866","0,0,0"
36.2,123,AV,1,0,0,77,2105.159940183184,0.2,-3.848827769425822,"0.20349479166666665,0.23796612466124661,0.3140333333333333,0.2,0.77,0.10401383959877876","0,0,0"
29.033333333333335,285,AV,1,0,0,56,8975.220492497892,0.8,-52.64253905027385,"0.21479487179487175,0.23874316939890716,0.3235833333333334,0.8,0.56,0.44345663569349214","0,0,0"
25.816666666666666,280,AV,1,0,0,43,8333.728817076937,0.1,-5.4330580545674145,"0.2282727272727273,0.23837841530054646,0.3230624999999999,0.1,0.43,0.4117611759055859","0,0,0"
43.0,151,AV,1,0,0,98,2629.980017260476,0.4,-11.4231455295152,"0.32486559139784943,0.2755564516129032,0.33458571428571415,0.4,0.98,0.1299446728211638","0,0,0"
10.216666666666667,104,AV,0,0,0,20,1804.2001824470888,0.1,-0.46547757232325987,"0.29875252525252527,0.2948397932816538,0.3480059523809525,0.1,0.2,0.08914372005616313","0,0,0"
37.416666666666664,147,AV,1,0,0,83,2476.7926805910606,0.1,-2.3402355083867556,"0.20141666666666663,0.23516942148760328,0.31128921568627455,0.1,0.83,0.12237584027749006","0,0,0"
34.016666666666666,260,AV,2,0,0,52,5899.132481879994,0.3,-15.20218358019832,"0.2456217948717949,0.2674892086330935,0.3546333333333333,0.3,0.52,0.29147021469961026","0,0,0"
44.016666666666666,288,AV,1,0,0,91,9095.945853089892,0.3,-30.33130429041718,"0.3124807692307693,0.2907768817204302,0.3489935897435897,0.3,0.91,0.44942155458275634","0,0,0"
37.68333333333333,80,AV,1,0,0,83,1454.957177165027,0.2,-2.769072540042193,"0.30931981981981976,0.2754152542372881,0.3542571428571428,0.2,0.83,0.07188797371641335","0,0,0"
43.0,96,AV,1,0,0,95,1653.1781197118603,0.2,-3.5902353104853533,"0.23747154471544715,0.25257312925170067,0.33131818181818173,0.2,0.95,0.08168187152419273","0,0,0"
12.75,217,AV,1,0,0,5,4223.122456076251,0.1,-1.359717457448793,"0.3013387096774194,0.273041975308642,0.3307777777777778,0.1,0.05,0.20866024161284988","0,0,0"
30.5,120,AV,1,0,0,61,2046.5713793034688,0.1,-1.5762734108271668,"0.26770833333333327,0.27967460317460313,0.3547604166666667,0.1,0.61,0.10111903761374018","0,0,0"
27.733333333333334,71,AV,1,0,0,48,1342.087988935639,0.2,-1.8798269474654072,"0.26811666666666667,0.25756845238095233,0.3264868421052632,0.2,0.48,0.06631122041798494","0,0,0"
36.45,215,AV,1,0,0,78,4159.866430607663,0.2,-7.657935929073198,"0.23700000000000002,0.24848677248677242,0.30866666666666676,0.2,0.78,0.20553482488742356","0,0,0"
36.516666666666666,167,AV,1,0,0,81,2898.378436294527,0.1,-2.672705031111662,"0.25482352941176467,0.2669772727272727,0.3576031746031746,0.1,0.81,0.14320596930182183","0,0,0"
19.383333333333333,227,AV,1,0,0,22,4547.885280126284,0.8,-17.80872249423188,"0.22594444444444442,0.26016096866096866,0.3554953703703703,0.8,0.22,0.2247064467698068","0,0,0"
25.716666666666665,68,AV,1,0,0,41,1294.2551843223837,0.4,-3.362013046143835,"0.29329885057471267,0.27009078590785907,0.340202380952381,0.4,0.41,0.06394784955402583","0,0,0"
35.03333333333333,279,AV,1,0,0,73,8029.700924090037,0.2,-14.20743378993035,"0.3452764227642276,0.3159027777777778,0.3864885057471264,0.2,0.73,0.39673946287985623","0,0,0"
20.65,204,AV,0,0,0,35,3783.636689084741,0.1,-1.97303276842424,"0.22940476190476194,0.24737398373983738,0.33597333333333324,0.1,0.35,0.18694569099783895","0,0,0"
31.866666666666667,258,AV,2,0,0,46,5862.8833826120845,0.3,-14.153829580245334,"0.3208548387096774,0.2753807692307692,0.3549733333333333,0.3,0.46,0.28967918308966784","0,0,0"
24.183333333333334,131,AV,2,0,0,5,2177.5877894542577,0.2,-2.6596632007560004,"0.31695833333333334,0.2482459016393442,0.3379166666666667,0.2,0.05,0.1075924269321053","0,0,0"
42.266666666666666,234,AV,2,0,0,80,4687.914961676448,0.1,-5.00359947088025,"0.2880038759689923,0.2750460704607046,0.36323611111111115,0.1,0.8,0.23162517278098077","0,0,0"
41.38333333333333,73,AV,1,0,0,91,1373.5659577718477,0.1,-1.435422673883627,"0.20930092592592597,0.2511192411924119,0.3505833333333333,0.1,0.91,0.06786651526229966","0,0,0"
16.566666666666666,214,AV,1,0,0,18,4135.471393234625,0.1,-1.730075153567011,"0.27913513513513505,0.2630700280112045,0.336698717948718,0.1,0.18,0.20432949057724065","0,0,0"
28.116666666666667,70,AV,1,0,0,48,1338.7213376931895,1.0,-9.50514687158422,"0.28726436781609205,0.28434732824427483,0.3483444444444445,1.0,0.48,0.06614487755935793","0,0,0"
39.11666666666667,114,AV,1,0,0,84,1927.298426803608,0.3,-5.711325009732409,"0.2522878787878788,0.2575780423280424,0.34237634408602147,0.3,0.84,0.09522588075045987","0,0,0"
33.45,53,AV,1,0,0,72,1122.7546975855585,0.1,-0.948387490763559,"0.2290123456790123,0.2792213333333333,0.36404838709677423,0.1,0.72,0.0554741826472708","0,0,0"
17.316666666666666,111,AV,0,0,0,26,1885.557658153182,0.2,-1.6490693660110745,"0.28443103448275864,0.3176666666666666,0.3741984126984127,0.2,0.26,0.09316351126856799","0,0,0"
30.333333333333332,290,AV,1,0,0,59,10838.007207066395,0.3,-24.905521612198026,"0.24759259259259256,0.23009090909090907,0.3276126126126126,0.3,0.59,0.5354950574957825","0,0,0"
16.333333333333332,220,AV,1,0,0,17,4245.708624069837,0.2,-3.502352231976802,"0.3073080808080808,0.2765677966101695,0.3234761904761904,0.2,0.17,0.20977620150263931","0,0,0"
35.46666666666667,130,AV,2,0,0,51,2158.6935677652164,0.1,-1.9333753839244028,"0.2951576576576576,0.2793023598820059,0.35452857142857147,0.1,0.51,0.10665888240344744","0,0,0"
15.8,129,AV,0,0,0,24,2142.030696222753,0.2,-1.7092972222383584,"0.3071486486486487,0.29073391812865496,0.39263218390804594,0.2,0.24,0.10583558664582342","0,0,0"
29.6,138,AV,1,0,0,53,2283.7291705859197,0.1,-1.7070298850844252,"0.29815625,0.29054068241469816,0.36328494623655916,0.1,0.53,0.1128367660348439","0,0,0"
32.55,201,AV,1,0,0,66,3667.3634505223554,0.3,-9.043384872310808,"0.2652764227642277,0.24071969696969692,0.3312350427350428,0.3,0.66,0.1812007469892587","0,0,0"
21.7,143,AV,1,0,0,29,2421.0391237858234,0.3,-3.980041589860028,"0.22177956989247305,0.24496428571428575,0.3269444444444444,0.3,0.29,0.1196211129981477","0,0,0"
38.06666666666667,60,AV,1,0,0,83,1234.5997004771,0.5,-5.933976674852055,"0.26165942028985506,0.2513575757575757,0.34755714285714284,0.5,0.83,0.06100033197617807","0,0,0"
26.933333333333334,206,AV,1,0,0,44,3849.958431883558,0.1,-2.6184902466009388,"0.2658983739837398,0.25563685636856376,0.329775641025641,0.1,0.44,0.19022258173935064","0,0,0"
41.516666666666666,30,AV,1,0,0,94,854.5785374972068,0.3,-2.687822142557503,"0.261183908045977,0.2675753968253968,0.37063235294117647,0.3,0.94,0.04222386775802824","0,0,0"
20.0,235,AV,1,0,0,21,4689.4303597647895,0.1,-2.3683991715983788,"0.3086376811594203,0.2590227272727272,0.3425119047619048,0.1,0.21,0.2317000470794511","0,0,0"
25.616666666666667,103,AV,0,0,0,55,1794.439334206041,0.3,-3.4823904755993498,"0.29081250000000003,0.29508399999999996,0.38370289855072465,0.3,0.55,0.08866144634198442","0,0,0"
19.316666666666666,42,AV,0,0,0,27,959.5289757906356,0.1,-0.4680530652110044,"0.28016296296296295,0.27994491525423737,0.36120370370370375,0.1,0.27,0.04740936357053375","0,0,0"
35.05,107,AV,2,0,0,47,1830.3424648913517,0.1,-1.6200379645061078,"0.32145238095238093,0.2902025641025642,0.3671066666666667,0.1,0.47,0.09043538399152518","0,0,0"
30.466666666666665,287,AV,1,0,0,60,8987.822610831106,0.4,-27.65949449932536,"0.28349019607843134,0.24583879781420762,0.3370987654320988,0.4,0.6,0.4440792937110115","0,0,0"
35.28333333333333,119,AV,1,0,0,75,2044.1603053436156,0.1,-1.8213330666718999,"0.3076785714285714,0.2875148809523809,0.34310606060606064,0.1,0.75,0.10099990886948945","0,0,0"
43.266666666666666,127,AV,2,0,0,77,2133.445027811215,0.4,-9.323944936360125,"0.27701149425287364,0.2823438320209973,0.339171568627451,0.4,0.77,0.10541137738743885","0,0,0"
40.93333333333333,55,AV,1,0,0,90,1148.2139867956057,0.1,-1.1868743903914174,"0.3089807692307692,0.2767354497354497,0.3465350877192983,0.1,0.9,0.05673210057248192","0,0,0"
37.81666666666667,84,AV,1,0,0,82,1474.5167950508735,0.3,-4.224341676730344,"0.2651981981981982,0.26142666666666664,0.36285416666666664,0.3,0.82,0.07285439480326665","0,0,0"
18.216666666666665,26,AV,1,0,0,22,825.4433072334436,0.1,-0.3797178176793577,"0.2625178571428572,0.23960856269113148,0.3086987179487179,0.1,0.22,0.040784325275063815","0,0,0"
22.933333333333334,230,AV,1,0,0,35,4577.590037133467,0.3,-7.952984710979358,"0.27317105263157887,0.28750961538461545,0.3489294871794872,0.3,0.35,0.2261741289975035","0,0,0"
42.88333333333333,75,AV,1,0,0,93,1405.7852601227096,0.9,-13.701081342029289,"0.28155050505050505,0.2768927536231884,0.3505625,0.9,0.93,0.0694584386514629","0,0,0"
31.666666666666668,92,AV,1,0,0,65,1567.0706205360798,0.1,-1.2531288632232962,"0.2684714285714286,0.27291263440860214,0.3607526881720431,0.1,0.65,0.07742738641996724","0,0,0"
22.55,203,AV,1,0,0,32,3773.073658575576,0.1,-2.1485558333555366,"0.23833333333333337,0.24112396694214877,0.30067129629629635,0.1,0.32,0.1864237822629797","0,0,0"
15.15,172,AV,1,0,0,11,2968.817229463249,0.1,-1.1357975006658643,"0.22329687500000006,0.25230687830687826,0.32108854166666667,0.1,0.11,0.1466862793696381","0,0,0"
31.4,278,AV,1,0,0,66,8028.27043643778,0.2,-12.731701601219509,"0.29002941176470587,0.27383181818181823,0.34871052631578947,0.2,0.66,0.39666878392080435","0,0,0"
35.31666666666667,269,AV,2,0,0,48,6783.106781750961,0.2,-12.098824301793172,"0.2571666666666667,0.25112301587301583,0.3285047619047619,0.2,0.48,0.33514649757064985","0,0,0"
26.933333333333334,173,AV,2,0,0,11,2987.078671303881,0.5,-10.158078983221953,"0.2599618055555556,0.262031884057971,0.3286296296296296,0.5,0.11,0.14758855888113623","0,0,0"
25.783333333333335,233,AV,1,0,0,42,4679.48341028673,0.2,-6.093569727031627,"0.30879999999999996,0.3008346354166666,0.3924691358024691,0.2,0.42,0.23120857828995","0,0,0"
31.366666666666667,74,AV,1,0,0,64,1386.7650627050614,0.5,-5.492196649854641,"0.2679496124031008,0.277533033033033,0.33629629629629626,0.5,0.64,0.0685186697885022","0,0,0"
23.883333333333333,241,AV,0,0,0,56,4950.077303955518,0.3,-8.956389869404363,"0.2766739130434782,0.25792746913580245,0.32287356321839084,0.3,0.56,0.24457835096861175","0,0,0"
26.116666666666667,291,AV,1,0,0,44,11185.875164713363,0.4,-29.508865964824647,"0.26838690476190474,0.3099205128205128,0.36971875,0.4,0.44,0.5526828641120808","0,0,0"
44.11666666666667,133,AV,1,0,0,100,2198.5025098873134,0.3,-7.347772908676413,"0.2877051282051282,0.2760052493438321,0.3380416666666667,0.3,1.0,0.10862580227563756","0,0,0"
26.633333333333333,10,AV,1,0,0,42,649.7132696839626,0.2,-0.8739409132617613,"0.2822604166666667,0.300942748091603,0.3576543209876544,0.2,0.42,0.03210168050804979","0,0,0"
32.766666666666666,226,AV,1,0,0,67,4504.939201911708,0.3,-11.182715241109113,"0.318320987654321,0.2886888888888889,0.3556011904761905,0.3,0.67,0.2225845241521748","0,0,0"
32.45,13,AV,1,0,0,67,676.2529471816457,0.2,-1.108303441214364,"0.34853125000000007,0.30683194444444445,0.3853636363636363,0.2,0.67,0.033412979334117666","0,0,0"
18.166666666666668,266,AV,1,0,0,22,6130.868263041086,0.2,-5.625123237975407,"0.2950913978494623,0.24760027100270998,0.3292656250000001,0.2,0.22,0.3029200470429381","0,0,0"
19.333333333333332,136,AV,1,0,0,22,2276.662146114732,0.1,-1.1115017211671252,"0.2932761904761904,0.2823494623655914,0.36676785714285715,0.1,0.22,0.1124875914492194","0,0,0"
23.866666666666667,219,AV,1,0,0,38,4237.057085974603,0.3,-7.660941599893474,"0.33573529411764697,0.29460156249999997,0.3450535714285714,0.3,0.38,0.20934873768929974","0,0,0"
42.81666666666667,244,AV,0,0,0,95,5370.167679594476,0.4,-23.22552317992965,"0.17814814814814814,0.23316666666666666,0.30348412698412697,0.4,0.95,0.26533459476493776","0,0,0"
44.2,205,AV,0,0,0,99,3803.247088152212,0.3,-12.735115249721801,"0.333235632183908,0.2938047263681592,0.34935185185185186,0.3,0.99,0.18791462113190488","0,0,0"
14.216666666666667,157,AV,1,0,0,4,2758.442965787371,1.0,-9.902996000911731,"0.3374784946236559,0.28991475826972013,0.36789285714285713,1.0,0.04,0.13629189816371895","0,0,0"
17.216666666666665,125,AV,1,0,0,16,2113.1349678504243,0.1,-0.9187156657363167,"0.2592047619047619,0.24742735042735048,0.31844230769230764,0.1,0.16,0.10440787771091574","0,0,0"
22.0,117,AV,1,0,0,25,2022.4315636845977,0.3,-3.3707192728076625,"0.3300611111111111,0.3134251412429379,0.3873838383838384,0.3,0.25,0.09992631355425287","0,0,0"
33.93333333333333,86,AV,2,0,0,32,1490.1599361877834,0.2,-2.553843122961555,"0.238625,0.25648400000000005,0.33559259259259266,0.2,0.32,0.0736273067051025","0,0,0"
43.4,210,AV,1,0,0,97,4021.28082322038,0.2,-8.814322612513358,"0.2701898148148148,0.2661028985507246,0.337074074074074,0.2,0.97,0.19868744913115402","0,0,0"
12.95,58,AV,1,0,0,0,1200.7903182940884,0.4,-1.570730769889742,"0.25905284552845526,0.265737003058104,0.3309722222222222,0.4,0.0,0.05932984433854443","0,0,0"
32.266666666666666,47,AV,1,0,0,51,1017.530975349866,0.1,-0.829099313248039,"0.29031904761904764,0.28753360215053764,0.3416666666666666,0.1,0.51,0.050275184149485695","0,0,0"
27.483333333333334,155,AV,1,0,0,44,2747.619709803412,0.1,-1.9069128373172672,"0.32052688172043003,0.29517578125,0.36190860215053766,0.1,0.44,0.13575713194935043","0,0,0"
32.21666666666667,1,AV,1,0,0,66,513.7357984527049,0.2,-0.8359017663376084,"0.2375,0.2583543417366947,0.3116436781609196,0.2,0.66,0.02538317014134346","0,0,0"
39.766666666666666,195,AV,1,0,0,87,3508.846318545673,0.3,-10.57084257077017,"0.29930434782608695,0.29851540616246497,0.3772466666666666,0.3,0.87,0.17336857460921315","0,0,0"
17.116666666666667,105,AV,1,0,0,19,1805.1606101798543,0.3,-2.340782760927665,"0.23809999999999998,0.2688941798941799,0.3341180555555555,0.3,0.19,0.08919117382641367","0,0,0"
13.333333333333334,150,AV,1,0,0,0,2574.4307659940623,0.1,-0.8668117057219065,"0.28271153846153846,0.28327989821882954,0.31892424242424244,0.1,0.0,0.12720004007342384","0,0,0"
32.38333333333333,292,AV,2,0,0,55,11861.36896338871,0.6,-58.19858559561683,"0.2432619047619048,0.2591994301994302,0.3532807017543859,0.6,0.55,0.5860583346804944","0,0,0"
25.016666666666666,46,AV,1,0,0,40,1011.0784796502788,0.4,-2.5549306362879944,"0.3427654320987654,0.2766349862258953,0.3492440476190477,0.4,0.4,0.04995637281363524","0,0,0"
22.283333333333335,265,AV,1,0,0,31,6081.635477498837,0.1,-3.4221997615386974,"0.31611965811965814,0.2789636363636363,0.34319117647058817,0.1,0.31,0.3004875045265025","0,0,0"
39.55,137,AV,1,0,0,84,2280.385817754286,0.9,-20.497558884586823,"0.265952380952381,0.2792161016949153,0.3721811594202899,0.9,0.84,0.1126715743273096","0,0,0"
40.13333333333333,178,AV,1,0,0,88,3048.604611013583,1.0,-30.896632589733624,"0.2960539215686275,0.27660471976401174,0.34366,1.0,0.88,0.15062849380578247","0,0,0"
21.883333333333333,163,AV,1,0,0,31,2850.5966631146844,0.5,-7.876332951745749,"0.3230862068965517,0.28508984374999996,0.3452727272727273,0.5,0.31,0.14084511984976505","0,0,0"
18.55,282,AV,1,0,0,21,8475.089255911002,0.1,-3.970022871140128,"0.2968888888888889,0.28517615176151767,0.35096774193548375,0.1,0.21,0.41874565329841523","0,0,0"
42.083333333333336,51,AV,1,0,0,93,1076.386102050743,0.1,-1.143886745655777,"0.2890980392156863,0.26737369791666665,0.3454821428571428,0.1,0.93,0.05318315688418353","0,0,0"
36.6,183,AV,1,0,0,80,3159.4556453821087,0.1,-2.9201029449743734,"0.26528571428571424,0.2864293333333333,0.35348888888888885,0.1,0.8,0.15610553214765938","0,0,0"
40.983333333333334,193,AV,0,0,0,90,3389.778327720714,0.1,-3.5081923012900824,"0.31003431372549023,0.2863018867924529,0.35007037037037037,0.1,0.9,0.1674855446965603","0,0,0"
41.25,128,AV,1,0,0,84,2139.4702648744856,0.2,-4.457229718488511,"0.2439038461538462,0.24951653944020355,0.32945454545454544,0.2,0.84,0.10570907830292801","0,0,0"
31.816666666666666,2,AV,1,0,0,63,567.550811201735,0.2,-0.9119987361819126,"0.30539705882352935,0.28670655270655265,0.3573802083333334,0.2,0.63,0.028042115904674286","0,0,0"
30.666666666666668,135,AV,0,0,0,69,2260.56382504795,0.6,-10.50362989416219,"0.29841666666666666,0.2925282258064516,0.3664537037037038,0.6,0.69,0.11169218956393358","0,0,0"
42.65,264,AV,0,0,0,95,6020.57275324985,0.1,-6.484278482982478,"0.3006149425287356,0.266797619047619,0.35036274509803916,0.1,0.95,0.2974704566128196","0,0,0"
23.683333333333334,299,AV,1,0,0,38,20239.22920549412,0.1,-12.104353830390213,"0.30392380952380954,0.28464102564102567,0.353529761904762,0.1,0.38,1.0","0,0,0"
31.0,134,AV,2,0,0,34,2222.040577514192,0.2,-3.478952419340402,"0.250005376344086,0.2566333333333333,0.36681862745098043,0.2,0.34,0.1097887945708426","0,0,0"
16.516666666666666,262,AV,1,0,0,11,5985.732437913218,0.3,-7.489723290368684,"0.22064285714285717,0.241773631840796,0.32435714285714284,0.3,0.11,0.2957490316028605","0,0,0"
39.28333333333333,283,AV,0,0,0,86,8639.921150992108,0.3,-25.712492617283328,"0.2264301075268817,0.22315406162464985,0.3194166666666666,0.3,0.86,0.42688983178503276","0,0,0"
33.15,43,AV,1,0,0,67,969.457736312404,0.2,-1.6231072706442522,"0.26071317829457363,0.27740869565217396,0.33103125000000005,0.2,0.67,0.04789993366196159","0,0,0"
41.06666666666667,29,AV,0,0,0,88,850.3216016091212,0.1,-0.8818149942613109,"0.19935784313725488,0.23524739583333332,0.32038690476190473,0.1,0.88,0.04201353682867991","0,0,0"
17.566666666666666,31,AV,1,0,0,20,859.2772315809713,0.3,-1.1435330834423532,"0.3222424242424243,0.2797521367521367,0.33203333333333335,0.3,0.2,0.042456025516412095","0,0,0"
28.683333333333334,93,AV,1,0,0,56,1614.9493849180149,0.1,-1.169750796062249,"0.21740833333333331,0.2516926229508196,0.334948717948718,0.1,0.56,0.0797930281099649","0,0,0"
33.18333333333333,21,AV,1,0,0,69,777.0630287344238,0.5,-3.255750189836359,"0.28345000000000004,0.2786284153005465,0.3627368421052632,0.5,0.69,0.03839390427593374","0,0,0"
11.883333333333333,281,AV,0,0,0,23,8348.421721831439,0.1,-2.5052292456505962,"0.24684210526315792,0.2481166666666667,0.3241799999999999,0.1,0.23,0.41248713758156286","0,0,0"
28.533333333333335,284,AV,1,0,0,52,8689.506535985933,0.3,-18.78337776465646,"0.21791666666666668,0.2664962686567164,0.34782,0.3,0.52,0.42933979588645044","0,0,0"
29.25,242,AV,1,0,0,55,4967.653125719208,0.1,-3.6692892405880513,"0.2739652777777778,0.2847350427350427,0.3627820512820513,0.1,0.55,0.24544675468029653","0,0,0"
34.2,289,AV,1,0,0,72,10783.100237376317,0.1,-9.312677477734091,"0.22398387096774194,0.24858060109289618,0.34083888888888886,0.1,0.72,0.5327821592360418","0,0,0"
19.25,179,AV,0,0,0,28,3065.2253709468137,0.3,-4.470120332630771,"0.3192307692307693,0.29123507462686565,0.37941176470588234,0.3,0.28,0.15144970887106365","0,0,0"
17.066666666666666,211,AV,1,0,0,15,4034.238052294327,0.2,-3.477323034974235,"0.2521813725490196,0.270616935483871,0.34580729166666657,0.2,0.15,0.1993276528139321","0,0,0"
13.733333333333333,90,AV,1,0,0,1,1538.317647081207,0.4,-2.133962527264166,"0.24390804597701152,0.26484626436781605,0.323625,0.4,0.01,0.07600673086224138","0,0,0"
35.56666666666667,109,AV,1,0,0,75,1862.7228332236152,0.4,-6.692004252692249,"0.2887738095238095,0.26649327956989244,0.3322559523809524,0.4,0.75,0.09203526548916015","0,0,0"
8.566666666666666,186,AV,0,0,0,11,3252.767976975094,0.1,-0.7036711869382147,"0.30425287356321834,0.28008661417322833,0.3424086021505376,0.1,0.11,0.1607160007897979","0,0,0"
27.333333333333332,62,AV,0,0,0,61,1244.4027248274256,0.7,-6.012518215917022,"0.23485353535353537,0.2806139601139601,0.35259999999999997,0.7,0.61,0.06148468956958209","0,0,0"
13.7,87,AV,1,0,0,5,1503.4428459110418,0.3,-1.560391438559187,"0.27608585858585855,0.26352604166666665,0.34317816091954023,0.3,0.05,0.07428360194186243","0,0,0"
24.133333333333333,154,AV,1,0,0,39,2722.266725979925,0.3,-4.9770735091148115,"0.2754252873563219,0.24931313131313132,0.3321379310344828,0.3,0.39,0.13450446646658565","0,0,0"
25.55,231,AV,1,0,0,42,4660.29795945294,0.4,-12.02733463272956,"0.3112763157894737,0.2967103825136612,0.36045555555555553,0.4,0.42,0.23026064442157015","0,0,0"
38.2,48,AV,1,0,0,83,1040.734547163155,0.2,-2.007881803112754,"0.2746333333333333,0.27211388888888893,0.3335131578947368,0.2,0.83,0.05142164934229008","0,0,0"
22.766666666666666,189,AV,2,0,0,8,3313.1900178081896,0.3,-5.714416116573216,"0.24385526315789469,0.2546878306878307,0.3203910256410256,0.3,0.08,0.16370139317898502","0,0,0"
17.133333333333333,25,AV,0,0,0,25,822.5771428470101,0.5,-1.779480856158936,"0.3686358024691358,0.30574088541666666,0.3710238095238095,0.5,0.25,0.04064271096963091","0,0,0"
17.5,146,AV,1,0,0,19,2476.7673195544394,0.8,-8.756248099434886,"0.26067708333333334,0.24950677506775065,0.3350128205128206,0.8,0.19,0.12237458721412664","0,0,0"
24.883333333333333,23,AV,1,0,0,41,793.0252767736928,0.1,-0.4983109167605739,"0.3034354838709677,0.2745862068965517,0.35066,0.1,0.41,0.0391825829295129","0,0,0"
23.216666666666665,5,AV,1,0,0,35,591.6693204447811,0.2,-0.6937671408919024,"0.2787013888888889,0.270031328320802,0.3470362318840579,0.2,0.35,0.02923378723751827","0,0,0"
28.183333333333334,148,AV,1,0,0,52,2520.757475212996,0.1,-1.79402394384898,"0.20011111111111113,0.2200296610169492,0.29027037037037035,0.1,0.52,0.12454809665027725","0,0,0"
31.983333333333334,252,AV,2,0,0,42,5702.616109653807,0.1,-4.605774543108441,"0.2696746031746032,0.2569146005509642,0.33687179487179486,0.1,0.42,0.28176053800041856","0,0,0"
14.183333333333334,271,AV,1,0,0,6,7332.887514065835,0.5,-13.131917665130524,"0.2729649122807017,0.27813486005089055,0.3289444444444445,0.5,0.06,0.3623106117141683","0,0,0"
25.866666666666667,149,AV,1,0,0,43,2528.765907819195,0.1,-1.651786485242168,"0.2960392156862745,0.29570737913486,0.35988888888888887,0.1,0.43,0.12494378526691811","0,0,0"
24.65,187,AV,1,0,0,37,3257.969850357721,0.5,-10.140019799408815,"0.23634803921568628,0.27214092140921403,0.34125287356321843,0.5,0.37,0.1609730201322744","0,0,0"
33.766666666666666,202,AV,2,0,0,59,3759.463069718096,0.3,-9.617010327334421,"0.19853846153846155,0.22973774509803918,0.3039444444444444,0.3,0.59,0.18575129672910448","0,0,0"
28.866666666666667,56,AV,0,0,0,62,1148.9174546898266,0.2,-1.6750210703053703,"0.24919354838709679,0.2332179487179487,0.32339743589743586,0.2,0.62,0.05676685821503235","0,0,0"
40.61666666666667,160,AV,1,0,0,88,2818.3733061874163,0.2,-5.781461066648766,"0.23221333333333333,0.22138333333333332,0.30395,0.2,0.88,0.13925299612805134","0,0,0"
29.75,293,AV,1,0,0,61,12197.400506638176,0.3,-27.490353414582252,"0.22988541666666668,0.27208518518518515,0.3289855072463769,0.3,0.61,0.6026613159421645","0,0,0"
27.85,41,AV,2,0,0,27,954.0002559944874,0.1,-0.6709319982183454,"0.2874583333333333,0.26838524590163926,0.32740104166666667,0.1,0.27,0.04713619507483592","0,0,0"
16.833333333333332,142,AV,1,0,0,15,2382.718205806423,0.1,-1.012855802973269,"0.25283333333333335,0.2846901041666667,0.34375000000000006,0.1,0.15,0.1177277149052501","0,0,0"
43.733333333333334,44,AV,1,0,0,93,981.8973671489576,0.1,-1.0843849711274685,"0.3236781609195402,0.2745925925925926,0.3562991452991453,0.1,0.93,0.048514563335367175","0,0,0"
39.11666666666667,145,AV,1,0,0,87,2436.431929205765,0.1,-2.4066943341102403,"0.22425757575757577,0.23681652661064423,0.3285857142857143,0.1,0.87,0.12038165606348158","0,0,0"
28.566666666666666,174,AV,1,0,0,54,2991.769966736588,0.1,-2.158204428866377,"0.2773791666666667,0.2716991525423729,0.30795138888888884,0.1,0.54,0.14782035107959768","0,0,0"
23.55,38,AV,1,0,0,35,946.2003450753726,0.9,-5.064322301482961,"0.2176851851851852,0.26064027777777776,0.3432892156862745,0.9,0.35,0.04675080930545112","0,0,0"
35.75,222,AV,1,0,0,77,4304.4895651906745,0.3,-11.657992572391409,"0.2890147058823529,0.2715589970501475,0.33863750000000004,0.3,0.77,0.21268050880229086","0,0,0"
41.4,197,AV,2,0,0,78,3531.3895067900216,0.1,-3.691907211644114,"0.3052222222222223,0.28764672364672367,0.3453279569892473,0.1,0.78,0.17448241091273348","0,0,0"
20.566666666666666,122,AV,1,0,0,25,2088.64210540395,0.5,-5.423788632298979,"0.33277333333333337,0.28293250688705235,0.3663444444444444,0.5,0.25,0.10319770996204586","0,0,0"
27.266666666666666,247,AV,0,0,0,59,5427.330032863625,0.1,-3.7369999721232707,"0.3184298245614035,0.2884900284900285,0.35311428571428566,0.1,0.59,0.26815892926348833","0,0,0"
15.566666666666666,184,AV,1,0,0,7,3197.7177395395383,0.1,-1.2570153067045156,"0.26814444444444446,0.2741123737373738,0.35283950617283955,0.1,0.07,0.15799602381455757","0,0,0"
22.8,115,AV,1,0,0,34,1942.5668635563816,0.1,-1.1184475881082196,"0.23647435897435895,0.2521557177615572,0.31706172839506175,0.1,0.34,0.09598027888478354","0,0,0"
30.35,188,AV,2,0,0,38,3278.222126324269,0.2,-5.024951592623312,"0.34449099099099106,0.2959031339031339,0.36538505747126443,0.2,0.38,0.16197366475964245","0,0,0"
8.583333333333334,64,AV,0,0,0,12,1265.4739572733297,0.2,-0.548585090905526,"0.25876136363636365,0.25485066666666667,0.3383968253968254,0.2,0.12,0.06252579801457091","0,0,0"
37.55,297,AV,0,0,0,82,16390.717038727882,0.2,-31.08441539415313,"0.33770588235294113,0.31632748538011696,0.37201333333333336,0.2,0.82,0.8098488767684134","0,0,0"
18.366666666666667,162,AV,1,0,0,22,2838.632091159661,0.8,-10.532567557097464,"0.24885714285714286,0.27500606060606064,0.3261866666666667,0.8,0.22,0.14025396235885745","0,0,0"
39.71666666666667,168,AV,1,0,0,87,2909.8477340427667,0.1,-2.9184205177710076,"0.2978620689655172,0.2609962406015038,0.3134107142857143,0.1,0.87,0.1437726557913017","0,0,0"
42.1,69,AV,1,0,0,94,1317.647826688136,0.5,-7.004163321157896,"0.2602916666666667,0.26546382428940574,0.3317866666666667,0.5,0.94,0.06510365653304864","0,0,0"
35.03333333333333,54,AV,2,0,0,68,1129.1321270070612,0.3,-2.996762286576821,"0.2960882352941177,0.26534848484848483,0.3548333333333333,0.3,0.68,0.05578928503366858","0,0,0"
34.166666666666664,253,AV,1,0,0,58,5721.231751015957,0.4,-19.74499173330423,"0.29064197530864194,0.28225621890547264,0.3486206896551724,0.4,0.58,0.2826803181547486","0,0,0"
29.683333333333334,72,AV,1,0,0,58,1348.5865378412918,0.1,-1.010872316454268,"0.35720202020202024,0.29397157622739023,0.35658333333333336,0.1,0.58,0.0666323071965214","0,0,0"
39.21666666666667,32,AV,2,0,0,57,871.0408974081768,0.3,-2.587827312628081,"0.25357222222222225,0.2750119047619048,0.33684343434343433,0.3,0.57,0.0430372564372029","0,0,0"
35.016666666666666,112,AV,1,0,0,77,1888.2149669861096,0.2,-3.339343136058768,"0.20980645161290326,0.24066145833333333,0.3132839506172839,0.2,0.77,0.09329480623074009","0,0,0"
23.583333333333332,181,AV,1,0,0,36,3132.463358685509,0.2,-3.731006441531983,"0.29953571428571435,0.2808346883468834,0.3435666666666667,0.2,0.36,0.15477187035537765","0,0,0"
27.1,4,AV,1,0,0,46,586.8516376274475,0.3,-1.2048241954321082,"0.2482324561403509,0.24968457300275482,0.33442473118279564,0.3,0.46,0.028995750365243225","0,0,0"
44.5,97,AV,2,0,0,96,1697.366940102563,0.7,-13.351762672776472,"0.28295726495726503,0.27988472222222227,0.3616505376344087,0.7,0.96,0.08386519678534977","0,0,0"
19.166666666666668,223,AV,1,0,0,21,4343.557359248321,0.3,-6.306933034262082,"0.24445454545454537,0.2696894586894587,0.3339375,0.3,0.21,0.21461080929254078","0,0,0"
30.333333333333332,294,AV,1,0,0,64,13351.937436366714,0.4,-40.90997665688118,"0.2476777777777778,0.2812226666666666,0.322546875,0.4,0.64,0.6597058267783346","0,0,0"
22.266666666666666,34,AV,2,0,0,5,912.6272274022258,0.2,-1.0263215284590688,"0.26223563218390805,0.2488296296296296,0.361147435897436,0.2,0.05,0.04509199526010037","0,0,0"
46.05,199,AV,0,0,0,100,3623.60917519969,0.1,-4.21381824540267,"0.27031481481481484,0.25806147540983604,0.3338585858585858,0.1,1.0,0.17903889216374055","0,0,0"
36.833333333333336,106,AV,1,0,0,78,1822.2981036688468,0.2,-3.389965327532114,"0.3149601449275362,0.27841666666666665,0.3477651515151516,0.2,0.78,0.09003792017801585","0,0,0"
22.216666666666665,19,AV,1,0,0,27,761.8437659652793,0.1,-0.4274148737507228,"0.3008166666666667,0.26591743119266054,0.3277952380952381,0.1,0.27,0.03764193577878302","0,0,0"
42.13333333333333,52,AV,1,0,0,95,1111.987968807459,0.1,-1.1831252462732562,"0.2473988095238095,0.2522674418604652,0.31812121212121214,0.1,0.95,0.05494220938540485","0,0,0"
37.81666666666667,132,AV,1,0,0,84,2187.718469250836,0.5,-10.44598738790014,"0.20394666666666666,0.2400373563218391,0.31096666666666667,0.5,0.84,0.10809297365222585","0,0,0"
35.8,198,AV,1,0,0,77,3580.4564780460023,0.6,-19.421263926370735,"0.2620897435897436,0.2510493333333333,0.3480128205128205,0.6,0.77,0.17690676071171996","0,0,0"
22.666666666666668,245,AV,1,0,0,31,5386.149373461946,0.2,-6.165962245714012,"0.2455052083333333,0.24211679790026244,0.336741935483871,0.2,0.31,0.2661242342173697","0,0,0"
40.833333333333336,166,AV,1,0,0,88,2891.134206742707,0.7,-20.868245642103293,"0.29280808080808074,0.2767025641025641,0.34206172839506166,0.7,0.88,0.14284803919103217","0,0,0"
39.266666666666666,240,AV,1,0,0,85,4756.448820673547,0.2,-9.432822745376157,"0.29675806451612907,0.2695199999999999,0.3092013888888889,0.2,0.85,0.23501136196344702","0,0,0"
33.3,254,AV,1,0,0,60,5807.233742044462,0.1,-4.883355646719207,"0.30935087719298254,0.27341388888888896,0.34160937500000005,0.1,0.6,0.28692959020732056","0,0,0"
13.683333333333334,94,AV,1,0,0,0,1626.914224999384,0.3,-1.6864855791975937,"0.2616965811965812,0.2705521739130434,0.34861428571428577,0.3,0.0,0.0803841988487261","0,0,0"
25.716666666666665,263,AV,2,0,0,11,6007.794801579103,0.1,-3.90152667459451,"0.21358333333333335,0.25611616161616163,0.34246568627450985,0.1,0.11,0.29683911084658465","0,0,0"
25.75,190,AV,1,0,0,41,3362.377553451843,0.3,-6.559183484953405,"0.28647500000000004,0.25679403794037936,0.337104938271605,0.3,0.41,0.1661316999433504","0,0,0"
16.133333333333333,273,AV,1,0,0,16,7362.36439851089,0.4,-11.997927167943674,"0.26375,0.2803613138686132,0.35138172043010757,0.4,0.16,0.36376703498729634","0,0,0"
39.96666666666667,83,AV,1,0,0,87,1467.6871321740252,0.2,-2.962553655684607,"0.34391891891891896,0.31221560846560853,0.38380246913580257,0.2,0.87,0.07251694801576773","0,0,0"
24.733333333333334,95,AV,1,0,0,41,1649.648602545546,0.1,-1.0303360800410735,"0.3242333333333333,0.28640358126721766,0.3563529411764705,0.1,0.41,0.08150748162374356","0,0,0"
39.96666666666667,259,AV,1,0,0,83,5882.279762541917,0.3,-17.81023594769636,"0.23249999999999996,0.24793557422969187,0.3170875,0.3,0.83,0.29063753875296394","0,0,0"
13.633333333333333,275,AV,0,0,0,24,7864.29237148983,0.2,-5.414975723803603,"0.26283783783783776,0.2648888888888889,0.3368466666666666,0.2,0.24,0.38856679232403757","0,0,0"
16.266666666666666,276,AV,1,0,0,8,7897.119961473183,0.4,-12.975739195955937,"0.2569019607843137,0.26701388888888883,0.31912500000000005,0.4,0.08,0.390188770594556","0,0,0"
24.0,207,AV,1,0,0,39,3898.759045987068,0.1,-2.362884270295193,"0.2782828282828283,0.24960655737704915,0.3070142857142857,0.1,0.39,0.19263377109878843","0,0,0"
26.333333333333332,79,AV,2,0,0,22,1447.5744631551047,0.1,-0.9626126480576875,"0.2882733333333334,0.25551229508196727,0.3395380952380953,0.1,0.22,0.07152320122755207","0,0,0"
31.65,124,AV,1,0,0,66,2105.6010448069283,0.7,-11.780199784772092,"0.28297916666666667,0.2569454545454546,0.3524583333333333,0.7,0.66,0.104035634135481","0,0,0"
16.566666666666666,81,AV,1,0,0,15,1457.5875839824732,0.1,-0.6097820111441828,"0.25845495495495496,0.23919945355191255,0.32245061728395064,0.1,0.15,0.0720179394770033","0,0,0"
15.2,78,AV,1,0,0,5,1446.9812594843625,0.2,-1.1108138961698135,"0.2060047619047619,0.23502266666666669,0.32409999999999994,0.2,0.05,0.07149389162960644","0,0,0"
36.3,116,AV,2,0,0,42,1997.7276787447236,0.3,-5.493751116547989,"0.26574603174603173,0.23264387464387465,0.3288064516129032,0.3,0.42,0.09870571939579707","0,0,0"
25.616666666666667,57,AV,0,0,0,57,1150.2916000513435,0.3,-2.2323209460592364,"0.27198924731182794,0.2722629310344828,0.3299612403100775,0.3,0.57,0.05683475335805212","0,0,0"
17.483333333333334,225,AV,1,0,0,19,4459.768546990965,0.5,-9.84490152734327,"0.22358333333333336,0.2405739247311828,0.29354166666666665,0.5,0.19,0.22035268743240086","0,0,0"
20.65,196,AV,0,0,0,34,3520.054626539052,0.1,-1.83558404136443,"0.2828063063063063,0.2648050847457627,0.35491333333333336,0.1,0.34,0.17392236585687273","0,0,0"
40.266666666666666,243,AV,2,0,0,71,5003.647877951615,0.1,-5.087884374213426,"0.32160476190476195,0.3009811827956989,0.38323655913978494,0.1,0.71,0.2472252192585145","0,0,0"
37.55,16,AV,1,0,0,81,742.6585956180782,0.1,-0.7042128854913846,"0.2781018518518518,0.27298985507246376,0.33941203703703715,0.1,0.81,0.03669401576896401","0,0,0"
27.533333333333335,61,AV,1,0,0,47,1240.6560786390864,0.2,-1.7252220891513224,"0.28447701149425286,0.28945967741935485,0.3523080808080808,0.2,0.47,0.06129957154209703","0,0,0"
38.28333333333333,18,AV,1,0,0,84,753.7709081553346,0.6,-4.372251959678797,"0.3113952380952381,0.29715865384615386,0.3563373983739837,0.6,0.84,0.03724306397749163","0,0,0"
20.433333333333334,100,AV,1,0,0,24,1723.69240549938,0.2,-1.778827347762828,"0.2755178571428572,0.27420801033591735,0.3398737373737374,0.2,0.24,0.08516591160652838","0,0,0"
34.083333333333336,229,AV,1,0,0,74,4569.840806868062,0.3,-11.799652083390386,"0.3078888888888889,0.2804902777777778,0.3519166666666667,0.3,0.74,0.22579124730834796","0,0,0"
25.016666666666666,89,AV,2,0,0,21,1528.3774584247917,0.2,-1.931056031225263,"0.23149479166666662,0.24218533333333334,0.3383181818181818,0.2,0.21,0.07551559611815158","0,0,0"
36.38333333333333,12,AV,1,0,0,79,658.4091024775607,0.5,-3.024636091558323,"0.31154,0.27294711538461536,0.3491127450980393,0.5,0.79,0.032531332877974904","0,0,0"
18.183333333333334,180,AV,1,0,0,20,3101.095365071405,0.2,-2.847891450583252,"0.28679268292682925,0.282672131147541,0.3787407407407407,0.2,0.2,0.15322200927639995","0,0,0"
31.75,126,AV,1,0,0,66,2131.3254046090938,0.1,-1.708827818089362,"0.26647008547008544,0.2659486111111111,0.3207204301075269,0.1,0.66,0.10530664893258515","0,0,0"
14.266666666666667,171,AV,1,0,0,4,2965.4163440895786,0.3,-3.2050459476523727,"0.24127777777777776,0.2423390804597701,0.3157239583333333,0.3,0.04,0.14651824503694982","0,0,0"
23.566666666666666,170,AV,1,0,0,36,2953.464044858564,0.6,-10.545954948055583,"0.2844961240310077,0.27745718654434254,0.34832142857142856,0.6,0.36,0.1459276939290168","0,0,0"
15.616666666666667,28,AV,1,0,0,14,844.3352662229099,0.2,-0.665944566036083,"0.35553333333333337,0.29565318627450976,0.3386052631578948,0.2,0.14,0.04171775800600685","0,0,0"
37.18333333333333,24,AV,2,0,0,63,806.3598325453933,0.1,-0.7571501626299546,"0.2476,0.27191931216931214,0.3356781609195402,0.1,0.63,0.039841429945686846","0,0,0"
21.5,216,AV,1,0,0,24,4164.701887555128,0.1,-2.2611386510715974,"0.2712839506172839,0.2680073529411765,0.3389866666666667,0.1,0.24,0.20577373996162773","0,0,0"
43.2,91,AV,2,0,0,77,1546.5147326922538,0.5,-8.43553490559411,"0.2281856060606061,0.23563841807909605,0.3035595238095237,0.5,0.77,0.07641174063449208","0,0,0"
32.81666666666667,65,AV,1,0,0,67,1291.2118623687816,0.4,-4.280128210444666,"0.3070055555555555,0.2895472813238771,0.32177192982456143,0.4,0.67,0.0637974820710203","0,0,0"
44.06666666666667,14,AV,1,0,0,99,699.2977112166509,0.7,-5.447223080470444,"0.3350777777777778,0.28676509186351706,0.3604494949494949,0.7,0.99,0.034551597993999705","0,0,0"
13.8,194,AV,1,0,0,0,3465.4556083993225,0.1,-1.2076587726240064,"0.2860959595959596,0.28368644067796606,0.3647656250000001,0.1,0.0,0.17122468317412964","0,0,0"
10.183333333333334,85,AV,0,0,0,20,1474.807688008607,0.3,-1.1377619916329027,"0.2882647058823529,0.28101729559748423,0.3202388888888889,0.3,0.2,0.07286876753232566","0,0,0"
39.5,66,AV,1,0,0,87,1291.7462447339112,0.3,-3.865452777802234,"0.27155555555555555,0.26433057851239666,0.33067129629629627,0.3,0.87,0.06382388536729725","0,0,0"
10.883333333333333,261,AV,1,0,0,1,5984.209260784091,0.3,-4.933950312237388,"0.27993055555555557,0.27937562189054727,0.32088888888888883,0.3,0.01,0.2956737729497932","0,0,0"
29.0,140,AV,1,0,0,53,2337.3116255789537,0.1,-1.711667604590648,"0.32932857142857136,0.28942011019283753,0.351021505376344,0.1,0.53,0.11548422135287985","0,0,0"
37.13333333333333,267,AV,1,0,0,82,6248.181898567973,0.1,-5.858985383000608,"0.2525046296296296,0.2854537037037037,0.34150666666666674,0.1,0.82,0.3087163960212402","0,0,0"
23.516666666666666,218,AV,1,0,0,36,4227.85786318916,0.2,-5.0214709132659126,"0.26638095238095233,0.27339393939393947,0.31294736842105264,0.2,0.36,0.2088942133251532","0,0,0"
20.116666666666667,3,AV,1,0,0,24,586.3474640105957,0.2,-0.5957250749669941,"0.25510101010101005,0.2529888888888889,0.34084343434343434,0.2,0.24,0.02897083965289678","0,0,0"
12.416666666666666,6,AV,1,0,0,1,601.3137559373858,0.2,-0.3770864883614078,"0.3060833333333333,0.28450840336134464,0.3375919540229884,0.2,0.01,0.029710309114645228","0,0,0"
14.316666666666666,20,AV,1,0,0,9,767.6170681366935,0.1,-0.2775181235393181,"0.3074597701149426,0.30710483870967736,0.36957051282051284,0.1,0.09,0.03792718884414417","0,0,0"
21.15,295,AV,1,0,0,30,13430.196447392702,0.2,-14.345891659714932,"0.27703205128205133,0.24907930107526885,0.3067611111111111,0.2,0.3,0.6635725259609666","0,0,0"
43.083333333333336,22,AV,1,0,0,95,779.0639592631991,0.3,-2.5427782003729416,"0.2630745614035088,0.2500420054200542,0.3125172413793103,0.3,0.95,0.0384927682449347","0,0,0"
35.11666666666667,121,AV,1,0,0,73,2078.9202215407213,0.3,-5.530662761093812,"0.29368376068376073,0.2505252976190476,0.35145454545454546,0.3,0.73,0.10271736143866485","0,0,0"
25.716666666666665,255,AV,1,0,0,44,5825.425317043349,0.4,-15.13237586565301,"0.30322807017543857,0.27381073446327686,0.34584313725490196,0.4,0.44,0.28782841766829664","0,0,0"
40.86666666666667,158,AV,1,0,0,88,2780.081336731352,0.5,-14.34503248666935,"0.25548333333333334,0.26707713498622593,0.33078735632183914,0.5,0.88,0.1373610283526348","0,0,0"
11.866666666666667,139,AV,0,0,0,20,2326.172138461347,0.3,-2.091205255788484,"0.307310606060606,0.28764511494252876,0.3486153846153847,0.3,0.2,0.11493383047561351","0,0,0"
25.7,9,AV,1,0,0,38,646.5589615252754,0.1,-0.4196102351313025,"0.31072916666666667,0.2744351032448377,0.3604090909090909,0.1,0.38,0.03194582930805295","0,0,0"
22.316666666666666,33,AV,0,0,0,49,877.6907461205365,0.1,-0.49462454084823165,"0.2651095238095238,0.28616536458333336,0.3403333333333334,0.1,0.49,0.043365818787322166","0,0,0"
29.566666666666666,153,AV,1,0,0,55,2667.9339807116767,0.7,-13.943772799864309,"0.25699305555555557,0.26579088050314464,0.3264246031746032,0.7,0.55,0.13181994005915215","0,0,0"
17.716666666666665,272,AV,1,0,0,20,7336.658338656486,0.2,-6.564703547131183,"0.24157870370370368,0.2738036175710594,0.34428666666666663,0.2,0.2,0.3624969243722426","0,0,0"
33.333333333333336,185,AV,1,0,0,72,3245.380745418587,0.3,-8.19540592277421,"0.23466145833333332,0.25322327044025156,0.33713095238095236,0.3,0.72,0.16035100509349434","0,0,0"
15.05,17,AV,1,0,0,11,743.7553910389753,0.2,-0.5653292239967969,"0.3097751937984496,0.2837072072072072,0.3581157407407407,0.2,0.11,0.036748207329806624","0,0,0"
13.95,50,AV,0,0,0,23,1074.3823512953045,0.2,-0.7569512020489646,"0.20986403508771928,0.2285324858757062,0.2886029411764705,0.2,0.23,0.05308415357061393","0,0,0"
39.0,236,AV,1,0,0,85,4704.305573257116,0.2,-9.266056432173107,"0.3255808080808081,0.28832392473118285,0.3748695652173913,0.2,0.85,0.2324350164471723","0,0,0"
19.733333333333334,246,AV,1,0,0,22,5394.467136051333,0.2,-5.37630394704106,"0.263452380952381,0.24804601990049752,0.30704761904761907,0.2,0.22,0.2665352065179911","0,0,0"
29.166666666666668,182,AV,1,0,0,49,3151.1733449572957,0.2,-4.641879927336085,"0.26827564102564094,0.30287020648967555,0.3518901515151515,0.2,0.49,0.1556963119969945","0,0,0"
41.81666666666667,224,AV,2,0,0,75,4376.119511966378,0.2,-9.242158127545155,"0.2143589743589744,0.24724712643678162,0.32600505050505046,0.2,0.75,0.2162196725742125","0,0,0"
34.1,176,AV,1,0,0,71,3017.17067826153,0.1,-2.598119195169651,"0.3254238095238096,0.32506060606060605,0.3766153846153847,0.1,0.71,0.14907537474018487","0,0,0"
14.9,11,AV,1,0,0,9,650.412147456106,0.1,-0.24472578275494902,"0.3169190476190476,0.295890243902439,0.3422656250000001,0.1,0.09,0.03213621135727569","0,0,0"
39.21666666666667,8,AV,0,0,0,85,617.4453946714843,0.5,-3.0573422004671778,"0.3215107526881721,0.3025413436692507,0.40231034482758615,0.5,0.85,0.03050735719243069","0,0,0"
41.233333333333334,213,AV,1,0,0,90,4116.183110063293,0.5,-21.429791696752073,"0.34603623188405797,0.3049147582697201,0.3669019607843137,0.5,0.9,0.2033764758662804","0,0,0"
27.433333333333334,161,AV,1,0,0,47,2835.850686157305,0.2,-3.9291331897432022,"0.29047747747747743,0.2899711286089238,0.33685897435897444,0.2,0.47,0.14011653592951495","0,0,0"
47.78333333333333,98,AV,2,0,0,100,1717.0377309640771,0.4,-8.28745315601685,"0.288324074074074,0.26578439153439154,0.31375,0.4,1.0,0.0848371108173414","0,0,0"
41.483333333333334,177,AV,1,0,0,93,3022.892107624705,0.1,-3.166657599275207,"0.26629047619047613,0.2693165374677003,0.3715769230769231,0.1,0.93,0.14935806482215805","0,0,0"
23.65,164,AV,2,0,0,8,2857.712092786687,0.4,-6.826756666101531,"0.19222972972972968,0.23171474358974362,0.3172453703703704,0.4,0.08,0.1411966860877753","0,0,0"
28.95,141,AV,0,0,0,67,2361.523720441912,0.1,-1.7264169622927614,"0.18765384615384614,0.22556317204301074,0.3042037037037037,0.1,0.67,0.1166805166572675","0,0,0"
36.65,248,AV,2,0,0,57,5434.023139443809,0.3,-15.087647580349667,"0.31830620155038764,0.29056784660766966,0.34030392156862743,0.3,0.57,0.26848962894143685","0,0,0"
16.3,256,AV,1,0,0,13,5844.130995646287,0.1,-2.405538768409962,"0.24502631578947362,0.2691831955922865,0.3560289855072464,0.1,0.13,0.28875264647231946","0,0,0"
11.95,277,AV,1,0,0,2,8011.326014866212,0.7,-16.92291467534239,"0.2988166666666666,0.2744188405797101,0.3497845528455285,0.7,0.02,0.395831577058847","0,0,0"
43.55,40,AV,2,0,0,98,950.4213588862824,0.6,-6.2713409362875145,"0.2989095238095238,0.2903030303030303,0.36409615384615385,0.6,0.98,0.04695936536102284","0,0,0"
45.833333333333336,15,AV,0,0,0,100,727.2326469992182,0.5,-4.208522262726958,"0.32211979166666665,0.31153562340966934,0.36088888888888887,0.5,1.0,0.03593183513143892","0,0,0"
26.933333333333334,250,AV,1,0,0,47,5611.673516276995,0.3,-11.45008131603993,"0.2799333333333333,0.28810975609756095,0.32683333333333336,0.3,0.47,0.27726715574492605","0,0,0"
