travel_time,id,kind,action,bid_route_0,bid_route_1,bid_route_2,karma_balance,origin,destination,start_time,income,urgency,reward
33.9,147,AV,2,1,0,5,24,0,0,71,1141.0395517097602,0.1,-0.43899999999999995
29.916666666666668,101,AV,1,0,4,5,10,0,0,65,2139.4702648744856,0.3,-0.5991666666666666
31.116666666666667,2,AV,0,5,3,3,7,0,0,36,2767.495209174315,0.4,-0.7111666666666667
94.4,222,AV,0,4,0,4,15,0,0,57,3849.958431883558,0.3,-1.244
14.35,22,AV,1,2,7,4,0,0,0,37,2486.38103050259,0.1,-0.2435
103.18333333333334,89,AV,0,6,3,7,1,0,0,59,3803.247088152212,0.1,-1.1318333333333335
16.1,84,AV,2,1,0,4,3,0,0,33,2421.0391237858234,0.4,-0.561
7.4,254,AV,1,3,7,3,3,0,0,16,4843.3187157075145,0.3,-0.374
87.53333333333333,190,AV,0,8,5,8,0,0,0,55,541.9839687696077,0.4,-1.2753333333333332
61.05,208,AV,0,5,7,9,7,0,0,46,4754.245589533712,0.3,-0.9104999999999999
110.45,63,AV,0,7,3,6,0,0,0,61,2756.9260540590044,0.2,-1.3045
27.833333333333332,207,AV,1,1,4,3,11,0,0,58,1011.0784796502788,0.1,-0.3783333333333333
27.8,133,AV,0,4,5,5,12,0,0,33,2969.8754393798326,0.4,-0.678
27.516666666666666,109,AV,2,1,2,1,10,0,0,50,595.9176043698985,0.8,-1.0751666666666666
34.71666666666667,41,AV,0,6,3,7,1,0,0,37,1848.7234685638712,0.1,-0.4471666666666667
15.233333333333333,266,AV,1,0,7,7,6,0,0,37,1527.6889462703334,0.1,-0.2523333333333333
27.933333333333334,29,AV,1,1,6,0,1,0,0,60,4416.224882412617,0.9,-1.1793333333333333
20.566666666666666,298,AV,1,3,7,7,4,0,0,47,1234.5997004771,0.2,-0.4056666666666667
25.266666666666666,141,AV,1,2,6,8,3,0,0,53,2496.2043409386315,0.3,-0.5526666666666666
36.78333333333333,268,AV,0,4,8,5,19,0,0,39,6007.794801579103,0.1,-0.4678333333333333
24.433333333333334,46,AV,1,3,6,1,1,0,0,53,566.7055292848979,0.4,-0.6443333333333334
24.866666666666667,49,AV,2,3,3,4,2,0,0,47,1074.3823512953045,1.0,-1.2486666666666666
28.966666666666665,137,AV,1,0,5,7,10,0,0,62,2818.3733061874163,0.2,-0.48966666666666664
33.083333333333336,98,AV,1,1,4,1,1,0,0,78,9095.945853089892,0.3,-0.6308333333333334
16.833333333333332,95,AV,1,1,4,5,7,0,0,42,4924.983441788647,0.4,-0.5683333333333334
122.35,251,AV,0,6,6,8,4,0,0,72,825.4433072334436,0.2,-1.4235
35.583333333333336,228,AV,2,3,3,1,6,0,0,76,1279.3396024785957,1.0,-1.3558333333333334
14.45,110,AV,2,3,3,1,7,0,0,30,11185.875164713363,0.5,-0.6445
15.533333333333333,239,AV,0,8,1,6,2,0,0,22,3458.1247672483346,0.1,-0.2553333333333333
10.283333333333333,131,AV,0,8,7,8,16,0,0,19,4376.119511966378,0.4,-0.5028333333333334
26.25,247,AV,2,2,0,8,2,0,0,49,4687.914961676448,0.3,-0.5625
120.66666666666667,235,AV,0,4,5,5,18,0,0,69,6709.13861087917,0.3,-1.5066666666666668
32.016666666666666,111,AV,1,2,8,4,1,0,0,84,449.0833195935783,1.0,-1.3201666666666667
14.883333333333333,135,AV,2,2,0,1,6,0,0,29,2105.159940183184,0.3,-0.4488333333333333
61.1,206,AV,0,5,5,5,10,0,0,46,4950.268578812107,0.1,-0.711
36.43333333333333,280,AV,0,8,0,5,0,0,0,39,1684.196745492046,0.2,-0.5643333333333334
27.733333333333334,73,AV,1,3,7,5,4,0,0,59,1022.032321197676,0.3,-0.5773333333333333
15.35,117,AV,1,2,5,5,2,0,0,38,4266.216809230351,0.1,-0.2535
33.7,28,AV,2,3,3,5,2,0,0,66,20239.22920549412,0.1,-0.43700000000000006
96.13333333333334,112,AV,0,6,4,5,2,0,0,57,2780.081336731352,0.1,-1.0613333333333335
17.55,114,AV,1,1,8,5,2,0,0,42,913.5589076746268,0.1,-0.2755
120.83333333333333,45,AV,0,6,0,5,0,0,0,69,7511.51421120444,0.1,-1.3083333333333333
31.3,234,AV,2,0,0,7,4,0,0,59,6947.27484286379,0.7,-1.013
14.65,1,AV,1,3,7,8,2,0,0,37,7612.519032757181,1.0,-1.1465
19.05,143,AV,2,2,3,8,8,0,0,38,1083.524948441525,1.0,-1.1905000000000001
90.88333333333334,240,AV,0,7,0,5,12,0,0,56,3759.463069718096,0.2,-1.1088333333333333
12.416666666666666,274,AV,1,0,4,3,1,0,0,29,4645.51881630073,0.5,-0.6241666666666666
19.95,209,AV,2,2,1,6,1,0,0,42,10426.353459350525,0.4,-0.5995
22.7,216,AV,1,1,7,7,2,0,0,48,1530.6528609905624,0.1,-0.32699999999999996
17.2,277,AV,0,8,7,5,19,0,0,23,2850.5966631146844,1.0,-1.172
5.133333333333334,174,AV,0,6,1,5,0,0,0,1,2996.640782499388,0.4,-0.45133333333333336
50.5,270,AV,0,4,5,1,1,0,0,44,1782.711710770346,0.8,-1.3050000000000002
24.233333333333334,288,AV,2,1,1,3,11,0,0,48,2744.255474143275,0.1,-0.3423333333333334
30.2,97,AV,2,1,1,0,11,0,0,56,3724.6301341612702,0.7,-1.002
24.383333333333333,93,AV,1,0,5,5,0,0,0,52,5304.212874057136,0.1,-0.3438333333333333
55.833333333333336,269,AV,0,6,3,1,5,0,0,45,4061.843573313689,0.4,-0.9583333333333334
122.38333333333334,156,AV,0,7,5,1,2,0,0,73,437.8567856598078,0.1,-1.3238333333333334
92.75,281,AV,0,5,6,7,2,0,0,56,943.1907669438916,0.1,-1.0275
22.2,292,AV,2,0,3,5,3,0,0,45,2222.040577514192,0.3,-0.522
82.1,182,AV,0,4,6,0,5,0,0,53,1805.1606101798543,0.1,-0.9209999999999999
36.81666666666667,295,AV,2,3,1,6,5,0,0,91,5502.789496653042,0.5,-0.8681666666666668
28.4,195,AV,1,3,4,6,3,0,0,61,2891.134206742707,0.2,-0.484
48.9,53,AV,0,4,3,7,3,0,0,43,4660.29795945294,0.6,-1.089
25.033333333333335,255,AV,1,1,4,0,1,0,0,54,7177.938863287724,0.1,-0.3503333333333334
38.05,257,AV,0,5,3,6,2,0,0,40,601.3137559373858,0.2,-0.5805
15.366666666666667,152,AV,1,1,4,0,1,0,0,39,743.7553910389753,0.1,-0.2536666666666667
43.38333333333333,74,AV,0,6,1,6,1,0,0,42,3919.41152379869,0.1,-0.5338333333333334
11.916666666666666,122,AV,0,4,4,1,4,0,0,20,2239.194506681481,0.6,-0.7191666666666666
15.866666666666667,129,AV,2,3,1,5,2,0,0,30,13351.937436366714,0.1,-0.2586666666666667
15.1,154,AV,1,3,6,4,0,0,0,38,898.3728471886773,0.1,-0.251
12.65,168,AV,1,2,5,5,3,0,0,30,682.056612603955,0.1,-0.2265
78.83333333333333,32,AV,0,8,7,3,4,0,0,52,1474.807688008607,0.5,-1.2883333333333333
14.016666666666667,140,AV,1,2,4,0,4,0,0,34,11049.706566164488,0.1,-0.24016666666666667
73.36666666666666,199,AV,0,8,4,8,3,0,0,50,600.3305173079323,0.1,-0.8336666666666666
10.266666666666667,173,AV,1,2,7,0,0,0,0,25,2991.769966736588,0.1,-0.20266666666666666
17.316666666666666,244,AV,2,0,1,5,0,0,0,33,3097.4575811220984,0.2,-0.37316666666666665
43.5,26,AV,0,6,7,3,2,0,0,42,4429.527615460413,0.1,-0.535
87.51666666666667,78,AV,0,7,5,3,4,0,0,55,3558.5090095449787,0.5,-1.3751666666666666
10.366666666666667,17,AV,0,5,7,5,2,0,0,19,424.9057127261393,0.4,-0.5036666666666667
31.65,35,AV,1,0,7,9,3,0,0,75,1649.648602545546,0.2,-0.5165
68.15,249,AV,0,4,6,6,3,0,0,48,832.3173438658397,1.0,-1.6815000000000002
30.733333333333334,19,AV,2,1,3,0,6,0,0,57,1587.6148581174584,0.2,-0.5073333333333334
16.233333333333334,90,AV,1,2,4,4,5,0,0,40,2619.168197182975,0.4,-0.5623333333333334
21.266666666666666,82,AV,1,0,6,8,2,0,0,47,3393.6426315430986,0.2,-0.4126666666666667
68.18333333333334,96,AV,0,4,4,4,7,0,0,48,572.7967315704935,0.3,-0.9818333333333333
18.066666666666666,256,AV,1,1,5,4,0,0,0,43,4818.617258984985,0.4,-0.5806666666666667
17.316666666666666,246,AV,0,7,7,4,1,0,0,23,5480.041794665195,0.1,-0.27316666666666667
28.466666666666665,123,AV,1,1,6,3,4,0,0,61,1040.734547163155,0.4,-0.6846666666666666
27.55,273,AV,2,3,1,0,10,0,0,49,5862.8833826120845,0.1,-0.37550000000000006
77.23333333333333,102,AV,0,4,6,8,8,0,0,51,3583.4963710051925,0.1,-0.8723333333333333
103.3,191,AV,0,5,1,6,2,0,0,59,6563.608435155774,0.2,-1.2329999999999999
62.71666666666667,136,AV,0,6,4,3,2,0,0,47,1592.6375082496468,0.2,-0.8271666666666666
10.6,47,AV,1,1,4,2,1,0,0,27,1310.9401185904849,0.4,-0.506
20.766666666666666,128,AV,0,8,7,9,1,0,0,28,2747.619709803412,0.1,-0.30766666666666664
30.983333333333334,287,AV,1,1,9,3,0,0,0,67,9667.367812467324,0.1,-0.4098333333333334
16.766666666666666,210,AV,1,3,5,1,2,0,0,42,491.0984231068265,0.1,-0.26766666666666666
6.816666666666666,232,AV,0,8,1,9,3,0,0,14,3368.9508766880413,1.0,-1.0681666666666667
110.41666666666667,299,AV,0,5,3,1,3,0,0,61,3465.4556083993225,1.0,-2.104166666666667
99.55,43,AV,0,6,5,1,3,0,0,58,4925.450001742355,0.9,-1.8955
111.93333333333334,263,AV,0,4,7,5,3,0,0,62,636.6552097563458,0.2,-1.3193333333333332
105.2,23,AV,0,5,4,3,0,0,0,60,3323.1633986738134,0.5,-1.552
78.75,5,AV,0,4,0,1,1,0,0,52,632.5893922142865,0.1,-0.8875
35.55,291,AV,2,1,0,5,6,0,0,66,807.7368269013535,0.4,-0.7555000000000001
22.9,172,AV,1,0,7,4,4,0,0,49,985.0802174553831,0.8,-1.029
13.633333333333333,243,AV,0,4,2,1,3,0,0,21,1148.9174546898266,0.1,-0.23633333333333334
39.96666666666667,44,AV,0,4,1,6,5,0,0,41,6081.635477498837,0.4,-0.7996666666666667
69.75,160,AV,0,5,6,2,2,0,0,48,4549.070920567666,0.4,-1.0975000000000001
118.98333333333333,233,AV,0,4,2,4,1,0,0,68,5354.15698790508,0.1,-1.2898333333333334
82.15,237,AV,0,8,7,8,15,0,0,53,5913.041300376779,0.1,-0.9215
27.0,8,AV,1,1,5,7,5,0,0,57,3778.090807703549,0.2,-0.47000000000000003
66.23333333333333,62,AV,0,4,4,6,4,0,0,48,2318.1098695731453,0.1,-0.7623333333333333
25.1,229,AV,2,2,3,0,6,0,0,47,1447.5744631551047,0.1,-0.351
6.85,55,AV,0,9,7,3,3,0,0,13,3783.636689084741,0.5,-0.5685
18.016666666666666,165,AV,2,1,1,6,1,0,0,36,4864.205776554158,0.1,-0.2801666666666667
35.68333333333333,92,AV,2,2,0,4,12,0,0,63,3866.930621896856,0.3,-0.6568333333333333
8.716666666666667,189,AV,0,4,4,0,2,0,0,13,13079.31179296209,0.6,-0.6871666666666667
71.73333333333333,186,AV,0,7,0,5,1,0,0,49,2212.8825544422834,0.1,-0.8173333333333334
64.53333333333333,24,AV,0,4,1,5,8,0,0,47,2011.9739719035176,1.0,-1.6453333333333333
12.633333333333333,68,AV,1,1,6,3,0,0,0,34,12051.378145129962,0.2,-0.32633333333333336
21.416666666666668,33,AV,1,2,5,7,3,0,0,47,1528.3774584247917,1.0,-1.2141666666666666
16.55,148,AV,1,0,7,4,6,0,0,40,3017.17067826153,0.1,-0.2655
25.866666666666667,278,AV,2,1,1,3,6,0,0,51,1460.106853854364,0.2,-0.45866666666666667
15.95,283,AV,1,3,5,3,1,0,0,39,2078.9202215407213,0.5,-0.6595
11.316666666666666,115,AV,1,2,5,3,1,0,0,25,4747.153558918807,0.1,-0.21316666666666667
12.433333333333334,65,AV,2,3,2,4,2,0,0,15,4549.115907877681,0.1,-0.22433333333333333
17.283333333333335,276,AV,2,1,2,1,5,0,0,38,7658.5640246764915,0.3,-0.4728333333333333
27.816666666666666,20,AV,0,4,4,2,5,0,0,33,3245.380745418587,1.0,-1.2781666666666667
106.7,192,AV,0,4,1,7,12,0,0,60,2758.442965787371,0.5,-1.567
75.15,221,AV,0,7,2,3,0,0,0,51,1682.490559712908,0.5,-1.2515
17.366666666666667,14,AV,2,3,2,5,5,0,0,33,388.2787303527966,0.1,-0.27366666666666667
16.116666666666667,296,AV,1,1,4,3,6,0,0,39,1530.0661682302475,0.1,-0.26116666666666666
24.116666666666667,21,AV,0,5,0,6,2,0,0,31,1900.764377468582,0.1,-0.3411666666666667
52.18333333333333,12,AV,0,8,1,6,5,0,0,44,1664.0464513081895,0.3,-0.8218333333333332
89.05,196,AV,0,6,1,1,0,0,0,55,1942.5668635563816,0.1,-0.9904999999999999
57.766666666666666,231,AV,0,5,4,5,3,0,0,45,508.6019702527906,0.1,-0.6776666666666666
10.633333333333333,183,AV,1,3,5,0,1,0,0,25,827.3783452591958,0.1,-0.20633333333333334
99.86666666666666,250,AV,0,4,0,5,11,0,0,58,3197.7177395395383,0.4,-1.3986666666666667
28.6,242,AV,2,2,1,2,13,0,0,56,1323.5149786113286,0.1,-0.386
22.316666666666666,145,AV,2,2,3,5,3,0,0,45,1200.7903182940884,0.3,-0.5231666666666667
20.3,285,AV,2,3,0,5,2,0,0,42,2533.2754137277425,0.9,-1.103
17.5,267,AV,1,2,9,5,2,0,0,42,2675.3892374750885,0.2,-0.375
26.016666666666666,166,AV,0,7,5,6,5,0,0,32,1386.7650627050614,0.4,-0.6601666666666667
45.18333333333333,134,AV,0,4,1,6,7,0,0,42,4635.813442599864,0.5,-0.9518333333333333
22.5,286,AV,1,1,5,8,4,0,0,48,15387.119225735782,0.4,-0.625
15.65,64,AV,2,1,3,6,0,0,0,25,437.5592869272848,0.2,-0.35650000000000004
89.26666666666667,214,AV,0,5,7,3,14,0,0,55,4609.601315671212,0.1,-0.9926666666666666
59.15,159,AV,0,6,7,6,1,0,0,45,6130.868263041086,0.1,-0.6915
5.366666666666666,170,AV,0,5,7,5,2,0,0,1,857.6590975250949,0.1,-0.15366666666666667
83.78333333333333,36,AV,0,8,0,9,4,0,0,53,8981.750106371177,0.1,-0.9378333333333333
21.283333333333335,124,AV,1,0,4,6,2,0,0,48,5341.061461458292,0.3,-0.5128333333333334
10.083333333333334,144,AV,1,3,7,5,0,0,0,23,816.2772675203604,0.2,-0.30083333333333334
41.86666666666667,175,AV,0,5,7,2,14,0,0,41,658.4091024775607,0.3,-0.7186666666666667
29.483333333333334,289,AV,0,5,5,4,15,0,0,34,1564.4426034616197,0.1,-0.39483333333333337
105.21666666666667,54,AV,0,5,1,0,0,0,0,59,902.2448599555772,0.4,-1.4521666666666668
18.5,121,AV,2,0,1,0,10,0,0,37,497.26542980048754,0.2,-0.385
15.55,188,AV,2,0,0,0,7,0,0,29,4889.272753955773,0.1,-0.2555
9.55,161,AV,2,3,0,3,8,0,0,7,3987.5502105766736,0.2,-0.2955
90.86666666666666,230,AV,0,6,7,0,7,0,0,55,6446.254396158338,1.0,-1.9086666666666665
20.733333333333334,217,AV,2,3,0,0,15,0,0,39,979.573716991658,0.1,-0.30733333333333335
96.16666666666667,204,AV,0,4,1,7,5,0,0,57,4504.939201911708,0.1,-1.0616666666666668
19.883333333333333,80,AV,1,0,4,2,2,0,0,46,2198.5025098873134,0.8,-0.9988333333333334
92.8,142,AV,0,7,3,1,12,0,0,56,742.4887258523852,0.1,-1.028
18.033333333333335,59,AV,2,2,1,5,0,0,0,38,5064.807770076448,0.6,-0.7803333333333333
27.15,76,AV,2,3,1,6,1,0,0,48,2853.537244729806,0.1,-0.37149999999999994
33.86666666666667,86,AV,2,0,0,3,7,0,0,68,1573.7150367511856,0.4,-0.7386666666666667
16.433333333333334,0,AV,2,3,3,7,1,0,0,31,1261.43865123121,0.2,-0.36433333333333334
19.45,245,AV,2,1,0,7,4,0,0,36,1950.0200213032829,0.2,-0.3945
52.266666666666666,198,AV,0,8,5,7,2,0,0,44,4547.885280126284,0.1,-0.6226666666666666
77.06666666666666,238,AV,0,5,5,8,6,0,0,51,5825.994272151124,0.1,-0.8706666666666666
10.95,150,AV,2,0,1,3,7,0,0,7,5960.007005011629,0.6,-0.7095
16.166666666666668,83,AV,1,3,7,5,0,0,0,39,1348.5865378412918,0.3,-0.46166666666666667
24.5,178,AV,1,2,7,7,1,0,0,52,1129.1321270070612,0.1,-0.345
70.23333333333333,104,AV,0,5,4,1,9,0,0,48,1572.8756307612184,0.2,-0.9023333333333334
33.083333333333336,197,AV,2,1,3,5,2,0,0,70,1014.5614647146556,0.1,-0.4308333333333334
34.63333333333333,181,AV,0,5,7,5,9,0,0,37,779.2240782816187,0.2,-0.5463333333333333
27.466666666666665,194,AV,1,0,6,3,0,0,0,57,3942.222625638348,0.1,-0.3746666666666667
30.466666666666665,37,AV,2,0,3,1,7,0,0,54,10783.100237376317,0.1,-0.4046666666666666
33.13333333333333,11,AV,0,6,3,1,5,0,0,36,4281.8327360815,0.1,-0.43133333333333335
27.6,13,AV,2,3,1,3,12,0,0,49,3386.12741774329,0.3,-0.5760000000000001
24.2,226,AV,2,3,1,9,2,0,0,46,3476.696831582168,0.3,-0.542
26.3,176,AV,2,1,2,2,5,0,0,48,4135.471393234625,0.2,-0.463
22.3,52,AV,2,3,0,2,10,0,0,44,2520.757475212996,0.1,-0.323
12.016666666666667,171,AV,0,6,2,1,4,0,0,20,6230.691172258436,0.2,-0.3201666666666667
94.4,163,AV,0,4,1,5,7,0,0,56,567.9518330451218,0.1,-1.044
12.8,169,AV,1,1,7,5,8,0,0,34,978.4447105201264,0.4,-0.528
13.8,50,AV,2,1,2,0,5,0,0,27,1454.957177165027,0.1,-0.23800000000000002
27.983333333333334,16,AV,2,2,0,3,6,0,0,55,4021.28082322038,1.0,-1.2798333333333334
20.733333333333334,187,AV,2,1,0,0,5,0,0,39,8987.033628468456,0.1,-0.30733333333333335
75.36666666666666,91,AV,0,7,7,6,8,0,0,50,676.2529471816457,0.1,-0.8536666666666666
115.53333333333333,113,AV,0,9,7,9,7,0,0,66,2761.3662775036096,0.3,-1.4553333333333334
38.21666666666667,153,AV,0,5,4,5,2,0,0,40,4343.557359248321,0.4,-0.7821666666666667
22.7,264,AV,1,3,7,5,0,0,0,48,640.5426603936758,0.5,-0.727
124.23333333333333,118,AV,0,7,4,7,6,0,0,77,1639.6236094811811,0.1,-1.3423333333333334
62.71666666666667,100,AV,0,4,7,0,6,0,0,46,506.5869000089976,0.4,-1.0271666666666666
16.6,79,AV,1,0,5,3,1,0,0,41,6427.339783247283,0.7,-0.866
117.0,27,AV,0,8,0,8,3,0,0,66,2946.490055333797,1.0,-2.17
31.983333333333334,69,AV,2,1,1,5,7,0,0,60,2276.662146114732,0.2,-0.5198333333333334
15.8,241,AV,1,2,9,7,1,0,0,38,3523.1638559153366,0.1,-0.258
33.88333333333333,126,AV,2,1,1,4,6,0,0,67,11940.25564443948,0.1,-0.4388333333333333
7.883333333333334,25,AV,1,3,5,5,6,0,0,18,1804.2001824470888,0.1,-0.17883333333333334
97.96666666666667,252,AV,0,8,7,9,10,0,0,57,4756.448820673547,0.2,-1.1796666666666666
13.133333333333333,31,AV,2,1,0,5,0,0,0,19,5307.329693361759,0.7,-0.8313333333333333
113.9,290,AV,0,4,0,0,2,0,0,64,1446.9812594843625,0.4,-1.5390000000000001
32.61666666666667,218,AV,2,1,1,5,1,0,0,61,16390.717038727882,0.1,-0.4261666666666667
11.966666666666667,88,AV,1,1,7,0,5,0,0,32,2250.3510049999354,0.5,-0.6196666666666667
22.95,177,AV,1,0,4,5,1,0,0,50,2033.019749384408,0.1,-0.3295
115.65,215,AV,0,4,1,5,5,0,0,65,932.0432837729122,0.2,-1.3565
13.866666666666667,279,AV,1,1,5,5,5,0,0,36,583.3206434887895,0.1,-0.23866666666666667
18.966666666666665,87,AV,0,7,7,3,1,0,0,24,3132.463358685509,0.2,-0.38966666666666666
23.55,227,AV,1,2,4,4,2,0,0,51,1100.389953660579,1.0,-1.2355
80.46666666666667,261,AV,0,5,4,4,8,0,0,52,5882.279762541917,0.2,-1.0046666666666666
40.0,106,AV,0,5,6,5,1,0,0,40,3031.4508351358254,0.1,-0.5
25.966666666666665,225,AV,0,8,4,7,5,0,0,32,8326.33528790118,0.1,-0.3596666666666667
45.21666666666667,297,AV,0,8,0,8,0,0,0,42,5654.280440205098,0.6,-1.0521666666666667
64.48333333333333,119,AV,0,8,4,5,3,0,0,47,3032.1279287666234,0.7,-1.3448333333333333
24.216666666666665,15,AV,0,9,1,8,1,0,0,31,1150.4391077840953,0.4,-0.6421666666666667
83.95,213,AV,0,5,5,0,1,0,0,53,616.3739675020589,0.1,-0.9395
13.883333333333333,185,AV,0,4,1,3,1,0,0,21,2909.5116230827134,0.9,-1.0388333333333333
22.866666666666667,146,AV,1,2,7,5,11,0,0,48,4434.023444374438,0.3,-0.5286666666666666
29.583333333333332,205,AV,0,6,7,5,12,0,0,33,938.3100494872764,0.3,-0.5958333333333333
36.333333333333336,282,AV,2,3,1,8,5,0,0,74,13748.957190518822,0.1,-0.4633333333333334
22.7,30,AV,2,2,1,7,10,0,0,46,776.0711537761008,0.4,-0.627
71.75,162,AV,0,4,4,6,6,0,0,48,1503.4428459110418,0.4,-1.1175000000000002
124.23333333333333,149,AV,0,4,1,5,6,0,0,74,4237.057085974603,0.1,-1.3423333333333334
28.033333333333335,224,AV,1,0,4,3,1,0,0,60,2108.868816674547,0.2,-0.48033333333333333
35.766666666666666,248,AV,2,3,1,8,1,0,0,70,2648.588416164911,0.4,-0.7576666666666667
73.28333333333333,125,AV,0,6,7,7,4,0,0,49,627.4062491148882,0.2,-0.9328333333333334
12.4,272,AV,1,1,8,5,9,0,0,32,650.412147456106,0.1,-0.224
109.16666666666667,258,AV,0,4,0,3,15,0,0,60,1020.5842314575186,0.1,-1.1916666666666669
85.75,3,AV,0,4,0,0,3,0,0,54,546.8646928603165,0.4,-1.2575
127.5,180,AV,0,4,2,7,3,0,0,92,2255.9253983027734,0.1,-1.375
54.15,108,AV,0,5,2,3,2,0,0,44,3064.640983136323,1.0,-1.5415
15.633333333333333,260,AV,0,6,5,0,0,0,0,22,2392.7441380289174,0.1,-0.2563333333333333
19.116666666666667,75,AV,0,4,5,0,2,0,0,26,7336.658338656486,0.2,-0.39116666666666666
33.63333333333333,105,AV,2,1,1,2,7,0,0,66,779.0639592631991,0.1,-0.43633333333333335
80.68333333333334,203,AV,0,5,1,0,0,0,0,52,4689.4303597647895,0.9,-1.7068333333333334
20.733333333333334,253,AV,2,1,0,1,12,0,0,42,1628.9397076974285,0.1,-0.30733333333333335
32.166666666666664,70,AV,2,3,2,0,12,0,0,63,8029.700924090037,0.2,-0.5216666666666667
13.966666666666667,184,AV,1,3,8,8,4,0,0,36,4113.319853961603,0.1,-0.23966666666666667
16.2,61,AV,2,0,3,5,2,0,0,32,905.8209551718018,0.1,-0.262
28.3,34,AV,2,1,1,0,5,0,0,51,11515.391842589095,0.1,-0.383
101.43333333333334,81,AV,0,4,6,5,3,0,0,58,2398.572127464108,0.5,-1.5143333333333333
57.4,39,AV,0,4,7,5,16,0,0,45,2105.6010448069283,0.4,-0.974
26.916666666666668,18,AV,2,0,0,1,7,0,0,47,2158.6935677652164,0.1,-0.36916666666666664
15.416666666666666,40,AV,1,3,4,1,1,0,0,38,2347.541384251396,0.1,-0.25416666666666665
85.68333333333334,294,AV,0,4,7,6,17,0,0,54,1836.592480640456,0.1,-0.9568333333333333
54.25,72,AV,0,5,0,7,2,0,0,44,3824.993837156676,0.1,-0.6425
19.216666666666665,138,AV,1,1,8,3,12,0,0,45,761.8437659652793,0.1,-0.2921666666666667
41.85,71,AV,0,8,7,5,8,0,0,40,3158.0604616132755,0.1,-0.5185000000000001
25.3,58,AV,1,2,7,5,17,0,0,54,2472.005569054355,1.0,-1.2530000000000001
10.283333333333333,200,AV,1,2,8,3,6,0,0,21,1635.9686818612918,0.9,-1.0028333333333332
18.6,262,AV,1,0,7,5,3,0,0,43,4200.245935785981,0.1,-0.28600000000000003
12.583333333333334,60,AV,1,1,5,5,6,0,0,33,4164.701887555128,0.3,-0.42583333333333334
18.816666666666666,4,AV,1,1,4,1,8,0,0,45,2815.231094880572,0.3,-0.48816666666666664
127.71666666666667,201,AV,0,5,1,6,2,0,0,81,1047.1205397958274,0.3,-1.5771666666666668
27.666666666666668,219,AV,2,3,0,5,25,0,0,53,1592.2311391495805,0.1,-0.3766666666666667
36.333333333333336,116,AV,2,1,3,3,8,0,0,70,2131.3254046090938,0.6,-0.9633333333333334
10.15,275,AV,1,2,8,6,0,0,0,24,1517.942512651984,0.1,-0.2015
18.9,66,AV,1,1,7,5,9,0,0,45,1986.5043233563797,0.7,-0.8889999999999999
31.583333333333332,139,AV,2,1,1,3,6,0,0,56,8987.822610831106,0.3,-0.6158333333333332
112.2,265,AV,0,4,4,5,9,0,0,63,4959.361066312568,0.2,-1.322
125.9,85,AV,0,8,5,4,4,0,0,78,2326.172138461347,0.2,-1.459
25.316666666666666,293,AV,1,1,4,8,7,0,0,53,1089.3140785512585,0.3,-0.5531666666666666
101.43333333333334,51,AV,0,4,4,5,11,0,0,58,2857.8751728516777,0.1,-1.1143333333333334
17.333333333333332,77,AV,2,0,3,5,6,0,0,34,1025.7249596144625,0.1,-0.2733333333333333
18.9,157,AV,1,2,8,3,0,0,0,44,2538.843693606908,0.4,-0.589
113.73333333333333,6,AV,0,5,7,8,3,0,0,64,4159.866430607663,0.8,-1.9373333333333334
33.0,167,AV,1,0,5,8,3,0,0,81,13460.811009378149,0.2,-0.53
119.03333333333333,271,AV,0,9,8,8,3,0,0,68,2909.8477340427667,0.4,-1.5903333333333332
22.633333333333333,56,AV,0,6,0,5,1,0,0,28,2218.0502812558643,0.1,-0.32633333333333336
8.616666666666667,130,AV,1,2,7,5,7,0,0,21,5557.427333357366,1.0,-1.0861666666666667
47.13333333333333,9,AV,0,4,8,1,8,0,0,42,1297.4303329633815,0.1,-0.5713333333333334
59.4,193,AV,0,5,0,6,1,0,0,45,1594.6992934726818,0.2,-0.794
13.733333333333333,236,AV,2,3,1,4,4,0,0,26,3352.9358316496982,0.1,-0.23733333333333334
21.233333333333334,155,AV,1,3,7,5,13,0,0,46,1526.0895405694364,0.1,-0.31233333333333335
31.183333333333334,202,AV,0,7,7,1,2,0,0,34,8493.635575370567,0.7,-1.0118333333333334
106.8,48,AV,0,8,0,8,2,0,0,60,954.0002559944874,0.1,-1.1680000000000001
113.95,7,AV,0,7,0,0,0,0,0,64,17322.90883950548,0.1,-1.2395
55.85,212,AV,0,6,5,7,4,0,0,44,3608.770587345788,0.3,-0.8585
125.88333333333334,120,AV,0,5,4,3,1,0,0,77,7332.887514065835,0.5,-1.7588333333333335
31.1,220,AV,1,0,7,5,0,0,0,64,1659.6531244520008,0.5,-0.8109999999999999
66.25,94,AV,0,6,2,5,1,0,0,47,1927.298426803608,0.1,-0.7625
98.13333333333334,259,AV,0,7,0,7,6,0,0,57,2382.718205806423,0.1,-1.0813333333333335
47.13333333333333,57,AV,0,5,0,7,6,0,0,42,4223.122456076251,0.3,-0.7713333333333333
34.68333333333333,99,AV,2,0,1,8,9,0,0,67,777.0630287344238,0.4,-0.7468333333333333
22.483333333333334,132,AV,0,5,7,7,3,0,0,28,743.7818724069466,0.1,-0.3248333333333333
17.616666666666667,179,AV,2,1,0,7,0,0,0,36,4116.183110063293,0.1,-0.27616666666666667
8.633333333333333,284,AV,0,7,4,6,0,0,0,16,591.6693204447811,0.3,-0.3863333333333333
26.333333333333332,223,AV,1,1,6,5,1,0,0,54,3654.013033637752,0.2,-0.4633333333333333
13.5,103,AV,2,3,1,7,12,0,0,25,2797.307504072895,0.3,-0.435
33.1,211,AV,0,7,1,9,5,0,0,36,1945.516475481125,0.1,-0.43100000000000005
30.366666666666667,107,AV,1,2,8,7,1,0,0,65,5849.7981009167725,0.3,-0.6036666666666667
14.666666666666666,10,AV,1,3,5,3,0,0,0,37,1104.4445206976068,0.2,-0.3466666666666667
13.833333333333334,127,AV,1,3,5,4,1,0,0,35,2030.86588445069,0.1,-0.23833333333333334
33.45,42,AV,2,1,1,7,3,0,0,62,1059.8377785859489,0.1,-0.4345
50.5,67,AV,0,9,0,8,2,0,0,43,1507.5005543882637,0.4,-0.905
20.8,164,AV,0,7,7,0,10,0,0,27,767.6170681366935,0.2,-0.40800000000000003
117.05,158,AV,0,4,7,7,14,0,0,66,4227.85786318916,0.1,-1.2705
108.78333333333333,38,AV,0,5,7,4,4,0,0,60,10751.672106064549,0.4,-1.4878333333333331
48.666666666666664,151,AV,0,4,4,5,18,0,0,42,626.2908344343901,0.1,-0.5866666666666667
