travel_time,id,kind,action,bid_route_0,bid_route_1,bid_route_2,karma_balance,origin,destination,start_time,income,urgency,reward
26.0,195,AV,2,1,0,3,4,0,0,37,1626.914224999384,0.2,-5.2
37.28333333333333,143,AV,2,5,6,5,15,0,0,62,3017.17067826153,0.4,-14.913333333333334
39.21666666666667,164,AV,2,0,1,0,5,0,0,56,2968.817229463249,0.3,-11.765
33.55,72,AV,2,0,0,6,16,0,0,48,801.7987355487146,0.2,-6.71
49.35,80,AV,2,1,0,2,3,0,0,69,845.7864251007381,0.1,-4.9350000000000005
22.916666666666668,43,AV,2,2,2,6,6,0,0,31,522.2875039790788,0.4,-9.166666666666668
18.366666666666667,140,AV,0,9,2,8,4,0,0,51,4164.701887555128,0.2,-3.673333333333334
29.783333333333335,272,AV,2,2,1,4,14,0,0,42,892.1845339920479,0.9,-26.805000000000003
35.733333333333334,88,AV,1,5,9,6,6,0,0,72,1564.487892525026,1.0,-35.733333333333334
36.96666666666667,105,AV,2,6,8,6,8,0,0,52,1460.8215047913693,0.3,-11.09
15.866666666666667,260,AV,1,4,9,6,2,0,0,34,6230.691172258436,0.1,-1.586666666666667
29.883333333333333,107,AV,2,2,3,2,5,0,0,40,1011.0784796502788,0.3,-8.965
11.683333333333334,284,AV,0,9,6,7,6,0,0,39,1592.2311391495805,0.4,-4.673333333333334
39.15,215,AV,2,2,3,3,6,0,0,57,2629.980017260476,0.4,-15.66
14.216666666666667,150,AV,1,2,9,6,0,0,0,19,2750.2432356670683,0.8,-11.373333333333335
44.6,209,AV,2,1,4,7,13,0,0,69,4015.909421979459,1.0,-44.6
26.283333333333335,224,AV,1,2,9,6,4,0,0,55,4950.077303955518,0.7,-18.398333333333333
34.766666666666666,170,AV,1,2,9,6,5,0,0,72,2969.8754393798326,0.1,-3.4766666666666666
35.266666666666666,51,AV,2,0,8,2,16,0,0,53,1528.3774584247917,0.2,-7.053333333333334
27.966666666666665,54,AV,2,6,6,3,9,0,0,39,921.9548251796884,0.1,-2.796666666666667
45.266666666666666,275,AV,2,0,2,5,6,0,0,72,923.9636394510808,0.1,-4.526666666666666
44.666666666666664,263,AV,2,4,6,5,12,0,0,66,2744.8905386527767,0.1,-4.466666666666667
38.38333333333333,177,AV,2,3,4,4,7,0,0,57,4924.983441788647,0.1,-3.8383333333333334
39.4,59,AV,2,3,3,7,15,0,0,57,6007.794801579103,0.2,-7.88
28.866666666666667,128,AV,2,5,2,6,6,0,0,45,6434.117121135291,1.0,-28.866666666666667
30.75,232,AV,2,5,2,1,12,0,0,49,1996.532829496936,0.4,-12.3
39.05,94,AV,2,2,2,6,6,0,0,58,5654.280440205098,0.4,-15.62
17.733333333333334,227,AV,1,2,9,6,5,0,0,38,699.2977112166509,0.2,-3.546666666666667
34.233333333333334,252,AV,2,3,1,1,6,0,0,46,1365.417472605012,1.0,-34.233333333333334
25.733333333333334,15,AV,1,2,9,6,17,0,0,51,3480.90175047103,0.1,-2.5733333333333337
40.85,141,AV,2,6,2,7,14,0,0,60,753.5670156580491,0.2,-8.17
15.516666666666667,203,AV,1,0,9,0,0,0,0,29,1635.9686818612918,0.5,-7.758333333333334
28.566666666666666,178,AV,2,3,1,7,8,0,0,34,2187.718469250836,0.1,-2.856666666666667
28.15,271,AV,2,0,1,0,6,0,0,45,676.2529471816457,0.5,-14.075
52.833333333333336,247,AV,2,3,1,2,14,0,0,60,837.3801312568858,0.3,-15.85
44.483333333333334,230,AV,2,2,0,3,4,0,0,71,2780.081336731352,0.1,-4.448333333333333
24.416666666666668,157,AV,2,6,3,4,17,0,0,25,5354.15698790508,0.5,-12.208333333333334
43.25,149,AV,2,4,6,1,26,0,0,64,1794.439334206041,0.3,-12.975
36.7,274,AV,2,2,1,0,5,0,0,55,3863.855435177377,0.1,-3.6700000000000004
44.3,231,AV,2,1,4,5,5,0,0,59,2123.4400354784907,0.3,-13.29
33.55,101,AV,2,7,5,6,26,0,0,44,1997.7276787447236,0.2,-6.71
44.56666666666667,172,AV,2,1,2,7,13,0,0,90,1447.5744631551047,0.1,-4.456666666666667
30.983333333333334,119,AV,2,5,0,5,5,0,0,43,3301.717979419838,0.1,-3.0983333333333336
31.766666666666666,270,AV,2,2,6,6,8,0,0,45,857.6590975250949,0.3,-9.53
40.733333333333334,243,AV,2,5,3,1,9,0,0,55,10450.70686878338,0.2,-8.146666666666667
38.13333333333333,216,AV,2,5,4,3,5,0,0,58,1830.3424648913517,1.0,-38.13333333333333
13.383333333333333,109,AV,1,2,9,6,4,0,0,25,3361.758609282253,0.5,-6.691666666666666
27.05,197,AV,2,2,8,4,17,0,0,38,2612.3907844155665,0.1,-2.705
28.75,163,AV,2,6,3,2,13,0,0,39,1691.6338586686718,0.1,-2.875
38.5,171,AV,2,4,5,3,13,0,0,55,5434.023139443809,0.5,-19.25
19.533333333333335,129,AV,1,4,9,6,5,0,0,42,3046.5766145774583,0.1,-1.9533333333333336
40.36666666666667,76,AV,2,2,2,6,6,0,0,64,818.0604611907775,0.3,-12.11
43.31666666666667,49,AV,2,4,1,9,6,0,0,67,1751.9448432672848,0.7,-30.321666666666665
41.95,291,AV,2,2,3,1,6,0,0,63,2344.9936519099742,0.9,-37.755
51.3,281,AV,2,2,2,1,6,0,0,68,1567.0706205360798,0.4,-20.52
46.833333333333336,10,AV,2,3,2,1,4,0,0,94,1546.5147326922538,0.4,-18.733333333333334
47.88333333333333,278,AV,2,6,6,4,7,0,0,78,1597.8734280578535,0.3,-14.365
26.416666666666668,144,AV,2,4,0,1,15,0,0,33,1205.4292211271013,0.2,-5.283333333333334
11.266666666666667,83,AV,1,8,9,1,6,0,0,16,1592.6375082496468,0.3,-3.3800000000000003
32.55,35,AV,1,2,9,6,12,0,0,66,2574.4307659940623,0.1,-3.255
10.1,29,AV,0,9,4,3,17,0,0,38,5386.149373461946,0.6,-6.06
28.416666666666668,158,AV,2,2,2,0,5,0,0,42,2580.565825479665,0.1,-2.841666666666667
36.28333333333333,65,AV,2,4,0,8,8,0,0,51,7177.938863287724,0.5,-18.141666666666666
45.71666666666667,8,AV,2,2,6,6,8,0,0,67,1836.592480640456,0.2,-9.143333333333334
44.88333333333333,248,AV,2,5,2,8,14,0,0,62,2756.9260540590044,0.3,-13.465
45.85,5,AV,2,5,1,3,7,0,0,70,1293.252850487379,0.1,-4.585
44.53333333333333,235,AV,2,2,1,3,5,0,0,66,975.0940381265832,0.1,-4.453333333333333
38.55,52,AV,2,2,4,2,4,0,0,55,1963.0347272178835,0.4,-15.42
25.566666666666666,188,AV,2,2,6,6,6,0,0,23,4505.18942297478,0.3,-7.67
29.516666666666666,280,AV,2,2,2,6,8,0,0,47,793.0252767736928,0.4,-11.806666666666667
20.083333333333332,286,AV,0,9,8,7,0,0,0,54,979.5720138781878,1.0,-20.083333333333332
28.433333333333334,290,AV,1,2,9,6,5,0,0,59,5984.209260784091,0.5,-14.216666666666667
42.95,37,AV,2,6,1,5,14,0,0,64,3368.9508766880413,0.1,-4.295000000000001
42.666666666666664,194,AV,2,2,2,6,8,0,0,73,640.5426603936758,0.6,-25.599999999999998
37.15,44,AV,2,6,5,4,17,0,0,55,3866.930621896856,0.2,-7.43
30.133333333333333,277,AV,2,2,1,0,5,0,0,41,4034.238052294327,0.2,-6.026666666666667
37.81666666666667,36,AV,2,4,0,3,5,0,0,49,5341.061461458292,0.3,-11.345
36.65,184,AV,2,0,5,1,5,0,0,50,1628.9397076974285,0.1,-3.665
41.05,78,AV,2,2,1,5,9,0,0,63,1089.3140785512585,0.1,-4.1049999999999995
44.833333333333336,162,AV,2,0,0,3,5,0,0,79,1496.328062426438,0.3,-13.450000000000001
37.9,239,AV,2,2,4,0,7,0,0,50,10213.823531357188,0.1,-3.79
42.88333333333333,69,AV,2,2,4,3,7,0,0,56,4416.224882412617,0.1,-4.288333333333333
44.516666666666666,199,AV,2,0,2,1,4,0,0,70,2446.4664131825853,0.3,-13.354999999999999
25.033333333333335,57,AV,2,1,1,3,3,0,0,24,4645.51881630073,0.5,-12.516666666666667
35.25,241,AV,2,2,2,6,6,0,0,44,5557.427333357366,0.3,-10.575
13.5,74,AV,1,2,9,6,7,0,0,28,807.7368269013535,0.3,-4.05
37.61666666666667,12,AV,2,2,2,0,5,0,0,56,2250.3510049999354,0.2,-7.523333333333333
44.43333333333333,166,AV,2,8,0,2,15,0,0,54,2797.307504072895,0.3,-13.329999999999998
30.0,114,AV,2,6,3,4,7,0,0,41,5807.233742044462,0.1,-3.0
48.28333333333333,41,AV,2,0,4,8,16,0,0,72,513.7357984527049,0.3,-14.485
30.266666666666666,9,AV,2,2,3,0,6,0,0,35,3849.958431883558,0.2,-6.053333333333334
27.5,206,AV,1,2,9,6,5,0,0,55,2538.843693606908,0.5,-13.75
46.016666666666666,298,AV,2,0,5,6,15,0,0,79,8331.964781214912,0.1,-4.601666666666667
28.983333333333334,255,AV,1,2,9,6,6,0,0,57,1444.5182772575097,0.1,-2.8983333333333334
24.816666666666666,146,AV,2,0,3,3,5,0,0,22,388.2787303527966,0.1,-2.481666666666667
19.1,160,AV,2,5,4,5,6,0,0,19,2314.8193170712048,0.4,-7.640000000000001
46.65,212,AV,2,3,2,0,7,0,0,77,5480.041794665195,1.0,-46.65
46.78333333333333,39,AV,2,4,5,1,17,0,0,76,2553.8725848963804,0.6,-28.069999999999997
36.0,63,AV,2,4,4,3,4,0,0,54,4549.115907877681,0.1,-3.6
34.63333333333333,31,AV,2,2,2,0,4,0,0,49,3531.3895067900216,0.5,-17.316666666666666
33.75,186,AV,2,2,6,6,6,0,0,43,932.0432837729122,0.2,-6.75
21.466666666666665,87,AV,1,4,9,4,5,0,0,45,1822.2981036688468,0.2,-4.293333333333333
23.433333333333334,64,AV,1,2,9,6,5,0,0,46,3654.013033637752,0.1,-2.3433333333333333
25.283333333333335,288,AV,1,2,9,6,7,0,0,52,1832.3133019091129,0.2,-5.0566666666666675
20.2,229,AV,1,2,9,6,4,0,0,41,2872.269398564857,0.2,-4.04
45.016666666666666,81,AV,2,2,2,6,8,0,0,70,4889.272753955773,0.3,-13.504999999999999
40.61666666666667,121,AV,2,2,0,3,5,0,0,67,2648.588416164911,0.2,-8.123333333333333
23.733333333333334,187,AV,2,2,6,6,8,0,0,24,985.8695826897422,0.4,-9.493333333333334
43.8,131,AV,2,7,4,1,9,0,0,70,736.5379020629116,0.3,-13.139999999999999
42.4,62,AV,2,4,0,0,15,0,0,64,1240.6560786390864,0.1,-4.24
41.516666666666666,48,AV,2,6,7,0,7,0,0,61,14505.369879802229,0.3,-12.455
41.1,145,AV,2,5,2,6,7,0,0,61,3793.837230001502,0.9,-36.99
45.28333333333333,106,AV,2,6,8,0,26,0,0,74,491.8679742725259,0.4,-18.113333333333333
30.283333333333335,201,AV,0,9,6,8,4,0,0,88,1234.5997004771,0.3,-9.085
33.13333333333333,108,AV,2,2,7,5,7,0,0,46,4159.866430607663,0.4,-13.253333333333334
45.96666666666667,211,AV,2,2,2,0,3,0,0,64,4662.282088415262,0.1,-4.596666666666667
22.366666666666667,93,AV,2,4,6,6,7,0,0,26,615.3970356119416,0.4,-8.946666666666667
37.96666666666667,181,AV,2,6,2,4,25,0,0,53,2909.8477340427667,0.8,-30.373333333333335
38.916666666666664,122,AV,2,2,2,0,5,0,0,51,832.4581618945489,0.1,-3.8916666666666666
41.9,99,AV,2,2,2,0,4,0,0,65,3227.056348793521,0.2,-8.38
46.1,104,AV,2,3,0,2,24,0,0,72,1150.2916000513435,0.6,-27.66
40.3,151,AV,2,4,0,9,3,0,0,59,2421.832203454489,0.3,-12.089999999999998
23.833333333333332,223,AV,0,9,7,2,6,0,0,59,7511.51421120444,0.8,-19.066666666666666
47.38333333333333,233,AV,2,1,6,7,16,0,0,75,3251.3322332141274,0.4,-18.953333333333333
21.033333333333335,289,AV,1,2,9,6,6,0,0,45,2403.836358207942,0.1,-2.1033333333333335
20.383333333333333,220,AV,0,9,2,6,7,0,0,54,610.4868582393152,0.3,-6.114999999999999
18.783333333333335,25,AV,0,9,4,4,15,0,0,52,1659.6531244520008,0.6,-11.270000000000001
33.416666666666664,14,AV,2,1,4,4,24,0,0,48,4572.8741748457805,0.5,-16.708333333333332
29.966666666666665,84,AV,2,2,2,0,5,0,0,44,3323.1633986738134,0.4,-11.986666666666666
30.916666666666668,196,AV,2,5,1,2,14,0,0,43,3773.692032315799,0.1,-3.091666666666667
32.71666666666667,176,AV,2,4,1,4,4,0,0,47,4104.202624979457,0.1,-3.271666666666667
37.15,257,AV,1,2,9,6,8,0,0,82,777.0630287344238,0.8,-29.72
32.916666666666664,125,AV,2,7,4,2,8,0,0,46,381.3218977270381,0.2,-6.583333333333333
39.583333333333336,24,AV,2,6,1,7,17,0,0,56,2337.3116255789537,0.1,-3.958333333333334
42.18333333333333,276,AV,2,6,0,2,7,0,0,61,4656.548587392589,0.2,-8.436666666666666
35.2,6,AV,2,2,0,3,7,0,0,50,4434.023444374438,0.1,-3.5200000000000005
41.75,258,AV,2,6,3,3,15,0,0,61,948.3478854920526,0.1,-4.175
31.216666666666665,4,AV,2,2,7,1,14,0,0,44,3278.222126324269,0.3,-9.364999999999998
20.183333333333334,219,AV,2,2,2,0,5,0,0,24,1485.5718097438446,0.7,-14.128333333333332
42.36666666666667,236,AV,2,5,1,3,5,0,0,63,2105.159940183184,0.2,-8.473333333333334
26.533333333333335,228,AV,1,2,9,6,1,0,0,49,2139.4702648744856,0.7,-18.573333333333334
36.9,102,AV,2,0,3,3,3,0,0,52,3882.59008652233,0.1,-3.69
28.083333333333332,92,AV,2,3,3,1,5,0,0,39,2294.767722006211,0.4,-11.233333333333334
24.55,32,AV,2,4,6,6,14,0,0,33,2033.019749384408,0.2,-4.91
20.316666666666666,180,AV,2,2,6,6,6,0,0,21,2283.7291705859197,0.4,-8.126666666666667
24.016666666666666,204,AV,2,6,7,7,14,0,0,16,1541.4014724042315,0.1,-2.401666666666667
33.65,264,AV,2,2,6,6,6,0,0,53,646.5589615252754,0.1,-3.365
22.15,3,AV,2,7,4,6,15,0,0,1,1572.8756307612184,0.2,-4.43
26.133333333333333,61,AV,2,5,2,8,12,0,0,29,2486.38103050259,0.1,-2.6133333333333333
44.31666666666667,156,AV,2,0,1,4,6,0,0,73,13748.957190518822,0.3,-13.295
41.6,202,AV,2,0,4,2,5,0,0,50,2561.5826276178027,0.5,-20.8
25.166666666666668,139,AV,1,2,9,6,5,0,0,50,583.3206434887895,0.1,-2.516666666666667
24.5,147,AV,2,2,6,6,8,0,0,40,1020.5842314575186,0.3,-7.35
47.416666666666664,225,AV,2,0,3,2,14,0,0,70,1421.705549214182,0.4,-18.966666666666665
34.53333333333333,21,AV,2,2,2,0,4,0,0,53,1661.9571573900298,0.1,-3.453333333333333
23.95,1,AV,2,3,5,4,5,0,0,33,7099.697064525982,0.5,-11.975
43.4,30,AV,2,2,2,6,7,0,0,63,776.0711537761008,0.3,-13.02
27.683333333333334,208,AV,1,5,9,6,5,0,0,56,3313.1900178081896,0.9,-24.915
27.433333333333334,19,AV,2,3,2,6,16,0,0,39,3458.1247672483346,0.1,-2.7433333333333336
24.916666666666668,34,AV,2,8,5,0,19,0,0,33,2793.3389947689566,0.2,-4.983333333333334
48.15,249,AV,2,7,3,5,15,0,0,71,1869.7531794209297,0.1,-4.815
31.566666666666666,132,AV,2,4,1,0,5,0,0,43,3206.59631480788,0.1,-3.1566666666666667
46.68333333333333,20,AV,2,3,1,5,5,0,0,78,3628.2404526711953,0.1,-4.668333333333333
26.116666666666667,85,AV,2,4,2,5,7,0,0,26,2326.172138461347,0.4,-10.446666666666667
15.0,38,AV,1,2,9,6,5,0,0,31,2260.56382504795,0.8,-12.0
38.35,154,AV,2,2,7,0,26,0,0,53,1083.524948441525,0.1,-3.8350000000000004
40.5,268,AV,2,2,0,2,7,0,0,52,1260.3927948639828,0.1,-4.05
15.033333333333333,90,AV,0,9,5,3,5,0,0,46,9667.56212442905,0.5,-7.516666666666667
32.68333333333333,152,AV,2,6,2,4,6,0,0,42,4559.760277629775,0.3,-9.804999999999998
27.45,75,AV,1,5,9,6,0,0,0,54,2044.1603053436156,1.0,-27.45
34.233333333333334,96,AV,2,2,2,6,6,0,0,49,7897.119961473183,0.5,-17.116666666666667
8.533333333333333,169,AV,0,9,5,0,4,0,0,30,8326.33528790118,1.0,-8.533333333333333
30.316666666666666,68,AV,2,7,8,8,15,0,0,42,10708.821866752483,0.1,-3.0316666666666667
40.71666666666667,110,AV,2,1,7,4,7,0,0,63,6709.13861087917,0.1,-4.071666666666667
23.783333333333335,250,AV,2,0,2,1,4,0,0,35,567.550811201735,0.2,-4.756666666666667
16.9,77,AV,1,2,9,6,12,0,0,35,2815.231094880572,0.2,-3.38
28.866666666666667,293,AV,2,2,3,3,3,0,0,37,4704.305573257116,0.4,-11.546666666666667
31.0,98,AV,2,5,6,1,7,0,0,46,9667.367812467324,0.5,-15.5
43.11666666666667,261,AV,2,3,8,5,13,0,0,62,2078.9202215407213,0.5,-21.558333333333334
41.15,295,AV,2,2,2,6,6,0,0,63,7081.334819999852,0.2,-8.23
29.85,23,AV,1,7,9,3,15,0,0,56,4967.653125719208,0.2,-5.970000000000001
39.28333333333333,55,AV,2,2,4,3,6,0,0,59,2753.3979495063454,0.3,-11.784999999999998
46.5,198,AV,2,3,1,1,6,0,0,71,961.7772661313056,0.1,-4.65
25.133333333333333,136,AV,2,2,2,6,8,0,0,40,2241.037238818388,0.4,-10.053333333333335
47.35,285,AV,2,3,7,3,7,0,0,78,4609.601315671212,0.2,-9.47
43.416666666666664,259,AV,2,2,2,0,4,0,0,65,5849.7981009167725,0.2,-8.683333333333334
23.916666666666668,133,AV,2,0,5,6,7,0,0,28,3064.640983136323,0.1,-2.391666666666667
10.116666666666667,185,AV,0,9,2,6,1,0,0,33,8348.421721831439,0.1,-1.0116666666666667
26.25,266,AV,2,2,1,4,10,0,0,31,783.6834518391023,0.2,-5.25
33.3,159,AV,2,0,4,4,7,0,0,47,2158.6935677652164,0.1,-3.33
22.233333333333334,2,AV,2,2,2,6,7,0,0,23,1434.2863071033526,0.5,-11.116666666666667
26.433333333333334,112,AV,2,4,7,2,14,0,0,32,1269.7848662283686,0.1,-2.6433333333333335
45.03333333333333,189,AV,2,4,8,7,12,0,0,67,567.9518330451218,0.9,-40.53
24.933333333333334,267,AV,1,5,9,6,5,0,0,49,859.2772315809713,1.0,-24.933333333333334
34.35,210,AV,2,2,2,6,6,0,0,49,2964.6777926145683,0.6,-20.61
28.116666666666667,153,AV,2,6,0,1,16,0,0,37,877.2934597877683,1.0,-28.116666666666667
26.533333333333335,244,AV,2,2,2,6,7,0,0,34,7334.728577480919,0.4,-10.613333333333335
32.8,40,AV,2,0,5,5,8,0,0,44,4617.971391102537,0.4,-13.12
52.18333333333333,217,AV,2,5,2,6,8,0,0,85,1564.4426034616197,0.8,-41.74666666666667
31.2,207,AV,2,2,6,6,7,0,0,40,1005.9867386644172,0.1,-3.12
41.85,113,AV,2,1,5,5,6,0,0,64,2011.9739719035176,0.2,-8.370000000000001
38.86666666666667,26,AV,2,0,1,0,6,0,0,59,3752.1132597063192,0.5,-19.433333333333334
45.983333333333334,292,AV,2,3,0,4,5,0,0,84,1062.4074567339185,1.0,-45.983333333333334
47.56666666666667,13,AV,2,3,4,0,8,0,0,95,5721.231751015957,0.2,-9.513333333333334
46.45,70,AV,2,2,2,0,2,0,0,72,946.1123250925148,0.3,-13.935
17.066666666666666,246,AV,1,4,9,6,1,0,0,32,5899.132481879994,0.1,-1.7066666666666668
33.63333333333333,134,AV,2,4,2,5,6,0,0,47,742.4887258523852,0.4,-13.453333333333333
32.5,297,AV,1,2,9,6,7,0,0,68,1294.2551843223837,0.1,-3.25
47.2,245,AV,2,2,2,0,5,0,0,89,914.1934345695068,0.1,-4.720000000000001
33.3,22,AV,2,2,2,0,5,0,0,45,802.5586880039084,0.5,-16.65
44.15,182,AV,2,4,3,1,16,0,0,71,3245.380745418587,0.6,-26.49
27.133333333333333,50,AV,2,2,1,2,6,0,0,30,6130.868263041086,0.1,-2.7133333333333334
33.13333333333333,174,AV,2,3,1,8,10,0,0,48,806.3598325453933,0.1,-3.3133333333333335
31.466666666666665,42,AV,1,2,9,6,7,0,0,64,2472.005569054355,0.1,-3.1466666666666665
28.916666666666668,240,AV,2,4,6,6,7,0,0,31,2212.8825544422834,0.1,-2.891666666666667
33.68333333333333,73,AV,2,5,0,4,7,0,0,46,959.5289757906356,0.2,-6.736666666666666
16.7,265,AV,1,2,9,6,16,0,0,36,1059.8377785859489,0.5,-8.35
28.9,79,AV,2,7,7,9,3,0,0,40,3225.188153267811,0.2,-5.78
34.93333333333333,190,AV,2,2,6,3,13,0,0,45,2496.2043409386315,0.5,-17.466666666666665
33.15,33,AV,2,6,5,1,7,0,0,48,1723.69240549938,0.5,-16.575
29.266666666666666,282,AV,2,0,2,1,5,0,0,42,8028.27043643778,0.2,-5.8533333333333335
47.416666666666664,279,AV,2,2,2,6,6,0,0,71,3487.44186130441,0.5,-23.708333333333332
29.766666666666666,45,AV,2,0,0,1,30,0,0,40,905.8209551718018,0.5,-14.883333333333333
20.25,18,AV,2,1,4,2,7,0,0,14,2088.64210540395,1.0,-20.25
45.3,120,AV,2,1,6,1,13,0,0,62,871.0408974081768,0.5,-22.65
25.333333333333332,179,AV,2,2,3,3,3,0,0,26,1174.3503864217532,0.5,-12.666666666666666
47.03333333333333,294,AV,2,2,2,6,7,0,0,77,2401.1770329784995,0.2,-9.406666666666666
28.516666666666666,124,AV,2,3,4,2,10,0,0,43,5502.789496653042,0.3,-8.555
45.8,123,AV,2,0,6,3,8,0,0,79,1244.4027248274256,0.4,-18.32
26.1,86,AV,2,0,0,2,7,0,0,28,649.7132696839626,0.4,-10.440000000000001
41.9,53,AV,2,5,7,4,7,0,0,68,595.9176043698985,0.2,-8.38
36.85,137,AV,2,2,2,0,3,0,0,52,1405.7852601227096,0.1,-3.6850000000000005
35.65,127,AV,1,2,9,6,4,0,0,66,1474.807688008607,0.5,-17.825
36.1,118,AV,1,2,9,6,4,0,0,65,1348.5865378412918,0.2,-7.220000000000001
26.85,111,AV,2,2,6,6,6,0,0,32,2850.5966631146844,0.2,-5.370000000000001
35.81666666666667,205,AV,2,2,6,6,6,0,0,47,881.2906222289953,0.2,-7.163333333333334
23.133333333333333,173,AV,2,2,6,6,7,0,0,22,761.8437659652793,0.2,-4.626666666666667
47.06666666666667,183,AV,2,2,1,6,7,0,0,69,904.859336063587,0.2,-9.413333333333334
21.966666666666665,296,AV,2,5,2,5,11,0,0,23,1717.0377309640771,0.1,-2.1966666666666668
46.3,148,AV,2,2,1,0,5,0,0,68,863.5619359671642,0.1,-4.63
28.166666666666668,67,AV,2,4,4,2,4,0,0,41,5009.92015912814,0.1,-2.816666666666667
29.033333333333335,192,AV,2,3,5,3,6,0,0,45,1716.9764066453156,0.1,-2.9033333333333338
26.15,60,AV,2,7,0,6,16,0,0,30,2991.769966736588,0.3,-7.844999999999999
28.366666666666667,16,AV,2,0,0,4,8,0,0,41,2043.1688306873104,0.2,-5.673333333333334
35.28333333333333,17,AV,2,7,4,2,16,0,0,55,3558.5090095449787,0.2,-7.056666666666667
25.283333333333335,251,AV,1,2,9,6,6,0,0,50,1782.711710770346,0.3,-7.585
22.433333333333334,138,AV,2,2,3,3,3,0,0,18,5370.167679594476,0.1,-2.2433333333333336
35.61666666666667,47,AV,1,2,9,6,7,0,0,73,779.0639592631991,0.1,-3.561666666666667
36.4,161,AV,1,2,9,6,5,0,0,69,4689.4303597647895,0.1,-3.64
27.866666666666667,115,AV,2,3,1,1,4,0,0,37,854.5785374972068,0.2,-5.573333333333334
31.55,273,AV,2,2,6,6,6,0,0,47,981.8973671489576,0.3,-9.465
46.4,193,AV,2,5,2,1,6,0,0,72,2015.5588757501516,0.3,-13.92
15.35,58,AV,1,4,9,6,4,0,0,32,1411.5824788559885,0.1,-1.5350000000000001
40.65,168,AV,2,2,6,6,7,0,0,63,1573.7150367511856,0.1,-4.065
38.03333333333333,221,AV,2,1,5,3,8,0,0,55,2360.1328348572283,0.3,-11.409999999999998
40.36666666666667,213,AV,2,1,8,8,8,0,0,58,767.6170681366935,0.1,-4.036666666666667
41.93333333333333,135,AV,2,3,8,6,16,0,0,60,2675.3892374750885,0.3,-12.579999999999998
29.55,7,AV,1,2,9,6,7,0,0,58,541.9839687696077,0.3,-8.865
25.816666666666666,167,AV,2,4,5,6,15,0,0,38,4459.768546990965,0.6,-15.489999999999998
40.81666666666667,116,AV,2,1,2,3,15,0,0,65,1150.4391077840953,0.1,-4.081666666666667
39.75,254,AV,2,2,1,4,6,0,0,56,14754.343640924068,0.5,-19.875
21.916666666666668,27,AV,2,2,2,0,5,0,0,22,1111.987968807459,0.6,-13.15
30.516666666666666,89,AV,2,4,3,3,4,0,0,48,926.7012599248138,0.2,-6.1033333333333335
27.066666666666666,214,AV,2,2,2,6,6,0,0,40,3534.445695738256,0.4,-10.826666666666668
37.983333333333334,191,AV,2,4,2,4,16,0,0,55,513.3463032142733,0.1,-3.798333333333334
29.683333333333334,11,AV,2,2,2,6,7,0,0,35,2761.3662775036096,0.6,-17.81
43.85,242,AV,2,4,8,6,11,0,0,64,873.8892656114449,0.5,-21.925
40.266666666666666,126,AV,2,1,5,7,9,0,0,51,4717.175795221327,0.2,-8.053333333333333
34.766666666666666,253,AV,1,2,9,6,5,0,0,69,2397.5381966938494,0.1,-3.4766666666666666
45.4,0,AV,2,7,6,4,11,0,0,61,825.4433072334436,0.4,-18.16
24.533333333333335,175,AV,2,3,0,8,16,0,0,28,3257.3450634265246,1.0,-24.533333333333335
13.95,262,AV,1,2,9,1,5,0,0,29,1117.0806745336297,1.0,-13.95
33.916666666666664,97,AV,2,4,0,4,4,0,0,49,13079.31179296209,0.2,-6.783333333333333
31.75,71,AV,2,0,6,7,7,0,0,42,2164.09247058771,1.0,-31.75
38.6,46,AV,2,1,1,1,6,0,0,56,934.0011274976006,1.0,-38.6
41.766666666666666,56,AV,2,1,2,0,5,0,0,57,4707.821121085941,0.1,-4.176666666666667
39.916666666666664,103,AV,2,5,3,4,6,0,0,59,506.5869000089976,0.7,-27.941666666666663
39.4,130,AV,2,1,0,5,13,0,0,54,3151.1733449572957,0.2,-7.88
14.25,91,AV,1,2,9,6,0,0,0,19,2198.5025098873134,0.4,-5.7
28.5,95,AV,2,2,2,6,7,0,0,41,3048.604611013583,0.6,-17.099999999999998
33.68333333333333,269,AV,2,3,2,6,8,0,0,41,3623.60917519969,0.5,-16.841666666666665
32.13333333333333,165,AV,2,2,6,6,6,0,0,45,3414.9419898187493,0.2,-6.426666666666667
41.61666666666667,155,AV,2,2,2,6,7,0,0,52,3366.895459871004,0.5,-20.808333333333334
39.016666666666666,234,AV,2,2,2,6,6,0,0,58,617.4453946714843,0.3,-11.705
37.8,100,AV,2,2,1,0,5,0,0,58,5913.041300376779,0.1,-3.78
22.033333333333335,142,AV,0,9,7,2,4,0,0,55,8987.822610831106,0.1,-2.2033333333333336
24.016666666666666,256,AV,0,9,6,6,4,0,0,59,3252.767976975094,0.1,-2.401666666666667
15.916666666666666,226,AV,1,1,9,3,4,0,0,36,7130.271245067938,0.1,-1.5916666666666668
33.88333333333333,117,AV,2,2,2,0,5,0,0,46,2022.4315636845977,0.3,-10.165
28.65,222,AV,2,0,3,3,5,0,0,43,5590.116807812239,0.4,-11.46
42.88333333333333,299,AV,2,4,1,4,4,0,0,70,968.7072844723906,0.2,-8.576666666666666
32.38333333333333,200,AV,2,2,2,0,3,0,0,45,8987.033628468456,0.1,-3.2383333333333333
38.483333333333334,287,AV,2,2,1,4,7,0,0,57,7006.371100745904,0.3,-11.545
38.28333333333333,28,AV,2,2,2,6,7,0,0,59,3898.759045987068,0.4,-15.313333333333333
29.55,237,AV,2,1,0,3,12,0,0,47,3382.383844415393,0.3,-8.865
35.65,238,AV,2,4,4,2,12,0,0,47,2946.490055333797,0.9,-32.085
37.266666666666666,66,AV,2,5,2,0,5,0,0,43,2520.718778515204,1.0,-37.266666666666666
31.2,82,AV,2,2,2,6,6,0,0,43,5427.330032863625,0.5,-15.6
20.75,283,AV,1,2,9,6,6,0,0,39,2318.2944376966047,0.2,-4.15
19.483333333333334,218,AV,1,7,9,0,5,0,0,42,670.158540600369,0.5,-9.741666666666667
