travel_time,id,kind,action,origin,destination,start_time,income,urgency,reward,observation,cost_table
24.233333333333334,38,AV,1,0,0,35,912.6272274022258,0.4,-3.2339393748195904,"0.4276258503401361,0.27645219638242896,0.3247222222222222,0.4,0.35,0.055679518183730216","0,0,0"
46.61666666666667,199,AV,0,0,0,62,3480.90175047103,0.3,-12.293033075842766,"0.3514300000000001,0.28512365591397854,0.36126041666666664,0.3,0.62,0.2123703156028121","0,0,0"
10.383333333333333,49,AV,0,0,0,9,1017.530975349866,0.2,-0.5336042067701738,"0.3304186046511628,0.26625631313131315,0.3458888888888889,0.2,0.09,0.06207971090865948","0,0,0"
34.583333333333336,271,AV,1,0,0,69,6248.181898567973,0.1,-6.456640336501913,"0.27062847222222214,0.2534418960244648,0.28600833333333336,0.1,0.69,0.38120247477915753","0,0,0"
20.8,117,AV,1,0,0,25,2105.159940183184,1.0,-12.057405746416725,"0.3539837398373984,0.2667786259541985,0.3350092592592593,1.0,0.25,0.1284361102207503","0,0,0"
28.25,16,AV,1,0,0,46,743.7553910389753,0.4,-3.122332302712228,"0.2702592592592593,0.24705050505050505,0.3008205128205128,0.4,0.46,0.04537662319968277","0,0,0"
32.416666666666664,178,AV,1,0,0,62,3065.2253709468137,0.2,-6.018403490312754,"0.3915354609929078,0.2930896358543417,0.3775,0.2,0.62,0.18700984000299187","0,0,0"
16.15,93,AV,1,0,0,13,1653.1781197118603,0.6,-5.045276762628263,"0.3639148936170213,0.2918530183727035,0.31257291666666664,0.6,0.13,0.10086063445581676","0,0,0"
19.566666666666666,281,AV,1,0,0,12,7897.119961473183,0.6,-24.412168774670498,"0.41290579710144926,0.25112753623188405,0.33752873563218394,0.6,0.12,0.4818044227603904","0,0,0"
23.866666666666667,203,AV,1,0,0,29,3580.4564780460023,0.2,-5.315836428082387,"0.45636333333333334,0.29397333333333336,0.3790777777777778,0.2,0.29,0.2184441638267638","0,0,0"
34.31666666666667,32,AV,1,0,0,68,861.805442805673,0.2,-2.4936510157717855,"0.2991041666666666,0.24335215053763443,0.3100789473684211,0.2,0.68,0.052578873808229655","0,0,0"
42.53333333333333,275,AV,1,0,0,100,6947.27484286379,0.3,-23.385663382561095,"0.4368104575163398,0.28608743169398904,0.35220588235294126,0.3,1.0,0.4238542356901661","0,0,0"
19.05,138,AV,1,0,0,16,2398.572127464108,1.0,-12.53858561317961,"0.39148148148148154,0.2700066137566138,0.34619298245614033,1.0,0.16,0.14633722989645767","0,0,0"
38.25,88,AV,1,0,0,81,1579.1767070066765,0.1,-2.525341137449631,"0.34538435374149656,0.25678717948717955,0.34740909090909095,0.1,0.81,0.09634579764115309","0,0,0"
38.083333333333336,110,AV,1,0,0,82,1950.0200213032829,0.1,-2.875334911059765,"0.30711538461538457,0.2561765536723164,0.31435897435897436,0.1,0.82,0.11897100149406448","0,0,0"
17.35,184,AV,1,0,0,15,3169.820795106812,0.1,-2.3887977473510906,"0.3552450980392157,0.26342424242424234,0.3604351851851852,0.1,0.15,0.1933912218493663","0,0,0"
25.3,83,AV,1,0,0,44,1528.3774584247917,0.1,-1.9764633762158392,"0.38497368421052625,0.2805014880952381,0.3641190476190477,0.1,0.44,0.09324652819114326","0,0,0"
35.31666666666667,75,AV,2,0,0,64,1421.705549214182,0.5,-6.339633962089335,"0.32055952380952385,0.2684390243902438,0.3427111111111112,0.5,0.64,0.08673845969367815","0,0,0"
62.46666666666667,295,AV,0,0,0,86,11940.25564443948,0.8,-150.68039782949216,"0.384,0.2993515625,0.3539259259259259,0.8,0.86,0.7284767113133074","0,0,0"
24.616666666666667,86,AV,1,0,0,39,1552.9853059451273,0.7,-7.757708366231764,"0.42621544715447157,0.259886815920398,0.3143222222222222,0.7,0.39,0.09474785650168589","0,0,0"
24.566666666666666,206,AV,1,0,0,38,3651.018124108644,0.2,-5.529966931764429,"0.3198869047619048,0.26587254901960783,0.3539666666666666,0.2,0.38,0.2227491399846658","0,0,0"
31.383333333333333,262,AV,1,0,0,58,5807.233742044462,0.1,-5.602281623009143,"0.3961124031007752,0.26033717948717944,0.3191960784313725,0.1,0.58,0.3543001644359528","0,0,0"
19.016666666666666,89,AV,0,0,0,17,1592.2311391495805,0.1,-0.7646194148862253,"0.43581196581196585,0.3081435897435897,0.3849166666666667,0.1,0.17,0.09714225042061717","0,0,0"
31.5,218,AV,2,0,0,42,3942.222625638348,0.5,-15.679294533788884,"0.38083024691358025,0.2811755952380952,0.35063541666666664,0.5,0.42,0.24051556843569988","0,0,0"
38.583333333333336,12,AV,1,0,0,84,646.5589615252754,0.2,-2.2599191884941185,"0.3662847222222221,0.2983525641025641,0.3387222222222222,0.2,0.84,0.0394466550790664","0,0,0"
43.083333333333336,25,AV,1,0,0,96,806.3598325453933,0.2,-2.7545792652608094,"0.35874074074074075,0.2526360856269113,0.34338333333333326,0.2,0.96,0.049196129165071385","0,0,0"
33.016666666666666,111,AV,1,0,0,66,1996.532829496936,0.5,-9.323088247545098,"0.37564583333333346,0.27656119791666667,0.3514848484848485,0.5,0.66,0.12180875460051814","0,0,0"
44.333333333333336,241,AV,1,0,0,99,4756.448820673547,0.5,-27.62490291033593,"0.4234590163934427,0.2745718654434251,0.3397592592592592,0.5,0.99,0.2901916255057689","0,0,0"
39.18333333333333,134,AV,1,0,0,90,2335.4036410281064,0.5,-12.554153956349069,"0.3656989247311828,0.28415086206896556,0.3399057971014493,0.5,0.9,0.14248331146892657","0,0,0"
35.083333333333336,126,AV,1,0,0,68,2198.5025098873134,0.1,-2.9477473835491566,"0.3762222222222222,0.28491666666666665,0.33183333333333337,0.1,0.68,0.13413095380102685","0,0,0"
24.833333333333332,205,AV,1,0,0,32,3630.005597296026,0.4,-10.105569595910906,"0.2971484848484849,0.2267513888888889,0.2971410256410256,0.4,0.32,0.22146716270673647","0,0,0"
21.95,82,AV,1,0,0,28,1527.6889462703334,0.1,-1.8467871810766114,"0.34859782608695655,0.28625706214689267,0.37493333333333323,0.1,0.28,0.09320452196573949","0,0,0"
18.833333333333332,263,AV,1,0,0,19,5899.132481879994,0.2,-6.611127697411106,"0.3837533333333334,0.27161314984709484,0.34619841269841267,0.2,0.19,0.3599069197486334","0,0,0"
23.716666666666665,17,AV,1,0,0,32,743.7818724069466,0.1,-1.4454552207218372,"0.384993710691824,0.27832231404958674,0.3672083333333333,0.1,0.32,0.045378238831745035","0,0,0"
14.316666666666666,278,AV,1,0,0,2,7336.658338656486,1.0,-27.524366636809436,"0.3919333333333334,0.2736289062500001,0.3385833333333333,1.0,0.02,0.4476105786782528","0,0,0"
34.53333333333333,112,AV,0,0,0,48,1997.7276787447236,0.2,-3.4842523151170597,"0.397739837398374,0.2789684343434344,0.3610098039215686,0.2,0.48,0.12188165252468854","0,0,0"
38.05,135,AV,1,0,0,77,2344.9936519099742,0.4,-10.012829136886314,"0.40796099290780147,0.29097333333333336,0.3408541666666667,0.4,0.77,0.1430683994098146","0,0,0"
58.95,260,AV,0,0,0,78,5611.673516276995,0.2,-16.707482514370145,"0.30647798742138355,0.24946078431372543,0.3087727272727273,0.2,0.78,0.3423690069822918","0,0,0"
29.933333333333334,261,AV,1,0,0,58,5721.231751015957,0.3,-13.973904324273558,"0.32662925170068036,0.25259580052493436,0.3583928571428572,0.3,0.58,0.34905317061467583","0,0,0"
14.3,44,AV,1,0,0,5,959.5289757906356,0.2,-1.6929931491821257,"0.3661100628930818,0.26995238095238094,0.36704901960784314,0.2,0.05,0.05854100058731211","0,0,0"
41.65,59,AV,1,0,0,92,1100.389953660579,0.1,-2.1573545851000784,"0.46484821428571427,0.2928223270440251,0.3686851851851852,0.1,0.92,0.06713494907273335","0,0,0"
42.5,270,AV,1,0,0,99,6197.036257351283,0.4,-27.603438478528233,"0.4332291666666668,0.3231521739130435,0.4033947368421053,0.4,0.99,0.37808207186476134","0,0,0"
17.816666666666666,208,AV,1,0,0,18,3742.7752140142647,0.7,-12.787536585214117,"0.35828431372549024,0.2729586776859504,0.3574351851851852,0.7,0.18,0.22834725321478366","0,0,0"
41.2,247,AV,1,0,0,86,4999.976398121604,0.1,-6.201995646530558,"0.29079824561403506,0.2560398860398861,0.3144166666666667,0.1,0.86,0.3050492779728728","0,0,0"
15.7,200,AV,0,0,0,12,3487.44186130441,0.1,-1.3826474046080615,"0.3947558139534884,0.25735138888888887,0.36318888888888884,0.1,0.12,0.21276932870382087","0,0,0"
34.46666666666667,24,AV,1,0,0,66,802.5586880039084,0.2,-2.3970466050438404,"0.2869291666666667,0.24613020833333338,0.3005873015873015,0.2,0.66,0.04896422079080664","0,0,0"
19.033333333333335,227,AV,1,0,0,20,4434.023444374438,1.0,-22.31167833954381,"0.3405294117647058,0.2640096418732783,0.3414074074074074,1.0,0.2,0.27052040700219254","0,0,0"
33.25,68,AV,1,0,0,66,1279.3396024785957,0.8,-9.593543794426932,"0.2991705426356589,0.24176330532212884,0.31325362318840577,0.8,0.66,0.07805269284167253","0,0,0"
39.983333333333334,257,AV,2,0,0,81,5427.330032863625,0.5,-27.399336592676423,"0.42814761904761894,0.29695075757575756,0.3927361111111112,0.5,0.81,0.33112218459021436","0,0,0"
21.916666666666668,99,AV,1,0,0,27,1751.9448432672848,0.9,-9.726543442789696,"0.3769555555555555,0.2801002604166667,0.33557843137254906,0.9,0.27,0.10688640644139001","0,0,0"
15.883333333333333,296,AV,1,0,0,15,13430.196447392702,0.4,-22.54709968748358,"0.4229518518518518,0.30244444444444446,0.35246875000000005,0.4,0.15,0.8193782136351887","0,0,0"
38.016666666666666,50,AV,0,0,0,52,1020.5842314575186,0.3,-2.9393341312558077,"0.311531007751938,0.255702842377261,0.3369404761904762,0.3,0.52,0.062265990502190276","0,0,0"
19.633333333333333,210,AV,1,0,0,21,3778.090807703549,0.4,-8.492577393055186,"0.4014746376811595,0.2817351421188631,0.37504444444444446,0.4,0.21,0.23050186265656958","0,0,0"
30.533333333333335,95,AV,1,0,0,52,1664.0464513081895,0.1,-2.2830526510086715,"0.35148581560283687,0.27683482142857146,0.3142619047619048,0.1,0.52,0.10152371292704225","0,0,0"
41.88333333333333,105,AV,1,0,0,90,1824.367004680513,0.2,-4.859119766634789,"0.3382456140350877,0.2736722222222222,0.3307435897435898,0.2,0.9,0.11130489290797409","0,0,0"
14.283333333333333,273,AV,1,0,0,2,6778.2755320215965,0.1,-3.4448577992182274,"0.35825531914893616,0.28045316804407716,0.326484126984127,0.1,0.02,0.41354356346985494","0,0,0"
65.65,274,AV,0,0,0,95,6918.069898529506,0.2,-22.93794388073041,"0.35681884057971014,0.29611206896551723,0.32827777777777783,0.2,0.95,0.42207243784292864","0,0,0"
34.15,60,AV,1,0,0,62,1122.7546975855585,0.2,-2.9364683294215568,"0.2960736434108526,0.2639125,0.3432368421052631,0.2,0.62,0.06849942531084642","0,0,0"
42.266666666666666,4,AV,1,0,0,95,522.2875039790788,0.2,-2.1149167593358116,"0.38712765957446804,0.2970979643765903,0.39012500000000006,0.2,0.95,0.03186483561060942","0,0,0"
30.866666666666667,118,AV,1,0,0,59,2117.047321722312,0.2,-4.3003128281394964,"0.3328103448275862,0.2526308539944903,0.3584545454545454,0.2,0.59,0.1291613610753066","0,0,0"
29.916666666666668,179,AV,1,0,0,55,3097.4575811220984,0.1,-3.340040554761855,"0.3502348484848484,0.2822632850241546,0.36293749999999997,0.1,0.55,0.1889763317738599","0,0,0"
35.06666666666667,214,AV,2,0,0,51,3849.958431883558,0.7,-23.864557148476877,"0.3655897435897436,0.24773809523809526,0.3163222222222222,0.7,0.51,0.23488651672693153","0,0,0"
25.883333333333333,150,AV,2,0,0,22,2574.4307659940623,0.4,-6.7307928949306035,"0.368624031007752,0.27591601049868775,0.30706944444444445,0.4,0.22,0.1570663906838983","0,0,0"
33.0,96,AV,0,0,0,44,1691.6338586686718,0.2,-2.8193897644477866,"0.4142864583333333,0.28813117283950623,0.35291666666666666,0.2,0.44,0.10320682461125344","0,0,0"
34.016666666666666,287,AV,1,0,0,68,8493.635575370567,0.5,-37.48045077721239,"0.366641975308642,0.2842746666666667,0.3190454545454545,0.5,0.68,0.5181979260151864","0,0,0"
57.05,284,AV,0,0,0,78,8331.964781214912,0.2,-24.00699953375307,"0.39837500000000003,0.28713510101010103,0.3694285714285714,0.2,0.78,0.5083343676501888","0,0,0"
34.0,197,AV,1,0,0,66,3427.0421228311798,0.3,-9.827229710322735,"0.3583007246376811,0.2839615384615385,0.3770980392156862,0.3,0.66,0.20908433198705015","0,0,0"
28.366666666666667,77,AV,1,0,0,49,1454.957177165027,0.3,-4.1266882771905,"0.3725975609756098,0.27540978593272164,0.31996874999999997,0.3,0.49,0.08876714628940657","0,0,0"
36.85,64,AV,1,0,0,78,1234.5997004771,0.7,-9.042045271163332,"0.33330272108843545,0.2759270833333333,0.36237500000000006,0.7,0.78,0.07532310499656578","0,0,0"
36.86666666666667,29,AV,1,0,0,83,837.3801312568858,0.2,-2.559162331936222,"0.40541503267973866,0.28794837758112096,0.35748958333333325,0.2,0.83,0.05108868204352069","0,0,0"
25.933333333333334,54,AV,1,0,0,41,1047.1205397958274,0.4,-3.742962222091427,"0.39709259259259255,0.2846999999999999,0.35696875,0.4,0.41,0.06388497448413621","0,0,0"
35.0,195,AV,2,0,0,58,3387.2787239910285,0.7,-20.956648671156614,"0.37257608695652167,0.27707421874999993,0.30022916666666666,0.7,0.58,0.20665836131437007","0,0,0"
35.983333333333334,10,AV,1,0,0,75,617.4453946714843,0.5,-3.8052706378277246,"0.39594897959183684,0.26815311653116525,0.3564166666666667,0.5,0.75,0.03767043218503426","0,0,0"
29.933333333333334,249,AV,1,0,0,53,5009.92015912814,0.1,-4.786959850923459,"0.36496405228758166,0.2723452380952381,0.34329487179487184,0.1,0.53,0.3056559482596602","0,0,0"
34.13333333333333,15,AV,1,0,0,65,742.4887258523852,0.9,-6.759912539945776,"0.361468085106383,0.27778933333333333,0.35081481481481475,0.9,0.65,0.04529934377477431","0,0,0"
10.35,264,AV,0,0,0,8,5912.288420941998,0.4,-6.181028803712089,"0.45376754385964924,0.32841796875000007,0.34763194444444445,0.4,0.08,0.3607095654798067","0,0,0"
28.8,132,AV,1,0,0,44,2302.618320259251,0.2,-4.349263011286183,"0.35202173913043483,0.2518217054263566,0.33135555555555557,0.2,0.44,0.1404830743413262","0,0,0"
47.55,28,AV,2,0,0,100,822.5771428470101,1.0,-9.87715735918569,"0.3026018518518519,0.24642156862745096,0.3135166666666667,1.0,1.0,0.05018554959514157","0,0,0"
22.066666666666666,79,AV,1,0,0,25,1509.578116022191,1.0,-9.411958862009177,"0.39966346153846155,0.29622222222222216,0.36487777777777775,1.0,0.25,0.09209957761185","0,0,0"
25.783333333333335,26,AV,1,0,0,37,816.2772675203604,0.2,-2.062946913176766,"0.4085952380952381,0.30895925925925927,0.3573627450980392,0.2,0.37,0.049801193296892726","0,0,0"
27.066666666666666,190,AV,1,0,0,42,3301.717979419838,0.2,-5.513459594762471,"0.4158099415204678,0.2862645259938838,0.3622777777777778,0.2,0.42,0.20143828800281033","0,0,0"
29.483333333333334,35,AV,0,0,0,34,881.2906222289953,0.3,-1.968438271115016,"0.40163405797101454,0.2710416666666666,0.34434999999999993,0.3,0.34,0.05376766740263329","0,0,0"
27.183333333333334,72,AV,2,0,0,5,1391.0507319816634,0.2,-1.909767461163378,"0.3070378787878789,0.26100964187327813,0.3589555555555556,0.2,0.05,0.08486820489273883","0,0,0"
57.15,143,AV,0,0,0,76,2456.6540037696086,0.6,-21.2723903508232,"0.4069855072463768,0.27254022988505744,0.3538148148148148,0.6,0.76,0.14988081350956411","0,0,0"
23.0,185,AV,1,0,0,29,3227.056348793521,0.5,-10.37150202301149,"0.4086272727272728,0.2538866120218579,0.3451538461538462,0.5,0.29,0.1968831711979807","0,0,0"
33.05,42,AV,1,0,0,66,950.4213588862824,0.1,-1.793217826040193,"0.27856666666666663,0.2561595441595442,0.2938823529411765,0.1,0.66,0.05798534357225696","0,0,0"
15.266666666666667,130,AV,1,0,0,12,2283.7291705859197,0.1,-1.8804275758656157,"0.42735507246376814,0.27257971014492755,0.3284880952380953,0.1,0.12,0.13933064460755065","0,0,0"
22.4,91,AV,1,0,0,29,1597.8734280578535,0.1,-1.9038475956690888,"0.320608024691358,0.3025491071428571,0.3303529411764706,0.1,0.29,0.09748648727706105","0,0,0"
55.36666666666667,124,AV,0,0,0,73,2187.718469250836,0.8,-24.47003621162046,"0.4234454545454544,0.3141640211640212,0.34464814814814815,0.8,0.73,0.13347301793336488","0,0,0"
35.2,222,AV,1,0,0,76,4196.147454418583,0.5,-19.64954424186037,"0.3965208333333333,0.28811065573770495,0.3489333333333333,0.5,0.76,0.25600755869947317","0,0,0"
29.0,248,AV,1,0,0,51,5004.1281918097375,1.0,-37.64639332385919,"0.39864444444444447,0.27466526610644254,0.3516666666666666,1.0,0.51,0.30530257950192263","0,0,0"
34.516666666666666,45,AV,0,0,0,46,968.7072844723906,0.1,-0.8443572332248827,"0.4080032679738562,0.3023846153846154,0.3691481481481481,0.1,0.46,0.05910097051785686","0,0,0"
20.433333333333334,101,AV,1,0,0,21,1783.933402668827,0.4,-4.681990491030273,"0.4212955974842767,0.29582786885245904,0.34827777777777785,0.4,0.21,0.10883803304356732","0,0,0"
31.95,146,AV,1,0,0,60,2497.1975937909187,0.1,-3.0147844222631277,"0.41483720930232565,0.2908874643874644,0.3390083333333333,0.1,0.6,0.1523543837582307","0,0,0"
34.85,133,AV,1,0,0,71,2329.0008356791827,0.3,-7.148915085107539,"0.3651269841269841,0.2513412073490814,0.3357142857142857,0.3,0.71,0.14209267539523954","0,0,0"
24.5,51,AV,2,0,0,7,1025.7249596144625,0.5,-3.173012816989183,"0.33925146198830414,0.2493827683615819,0.32214999999999994,0.5,0.07,0.06257962706517879","0,0,0"
13.233333333333333,216,AV,1,0,0,6,3898.759045987068,0.3,-4.908604397113297,"0.38520940170940166,0.29581923076923083,0.34728125000000004,0.3,0.06,0.237863849200441","0,0,0"
39.06666666666667,103,AV,1,0,0,86,1822.2981036688468,0.2,-4.595510736531799,"0.4188045977011495,0.27563864306784663,0.36266666666666675,0.2,0.86,0.11117866896018841","0,0,0"
17.716666666666665,176,AV,1,0,0,15,3024.224513765153,0.1,-2.353009536250992,"0.39396491228070174,0.2960434782608696,0.3377380952380953,0.1,0.15,0.1845083718192154","0,0,0"
27.483333333333334,61,AV,1,0,0,45,1141.0395517097602,0.2,-2.5838166841493226,"0.5001395348837209,0.3355449735449736,0.3978529411764706,0.2,0.45,0.06961498688640157","0,0,0"
43.18333333333333,268,AV,0,0,0,57,6081.635477498837,0.1,-6.631951819107528,"0.32541666666666663,0.23706527777777783,0.36893518518518514,0.1,0.57,0.3710414537160996","0,0,0"
43.63333333333333,128,AV,1,0,0,99,2222.040577514192,0.9,-23.03523572701574,"0.3353066666666667,0.2563248587570621,0.3603712121212121,0.9,0.99,0.13556701468666493","0,0,0"
24.833333333333332,292,AV,1,0,0,39,11185.875164713363,0.1,-8.014711277534895,"0.3658133333333333,0.25176719576719575,0.4131904761904762,0.1,0.39,0.6824518499272147","0,0,0"
25.983333333333334,115,AV,1,0,0,40,2052.607856914241,0.1,-2.3468079330510534,"0.3871212121212122,0.26837536231884057,0.3584607843137255,0.1,0.4,0.12522990007480161","0,0,0"
48.35,41,AV,0,0,0,64,933.6906207466446,0.2,-2.279997046116175,"0.39981730769230767,0.2790392156862745,0.32277192982456143,0.2,0.64,0.05696459883606839","0,0,0"
15.166666666666666,139,AV,1,0,0,11,2401.1770329784995,0.1,-1.9196427188596106,"0.3686292517006802,0.27596045197740116,0.34857246376811596,0.1,0.11,0.14649615555591702","0,0,0"
36.03333333333333,282,AV,1,0,0,80,7912.643587116454,0.3,-22.599918478971937,"0.44258490566037734,0.303591743119266,0.33929487179487183,0.3,0.8,0.48275152138985195","0,0,0"
21.95,193,AV,1,0,0,26,3361.758609282253,0.2,-4.726798054229569,"0.32114728682170546,0.24173087431693985,0.35151666666666664,0.2,0.26,0.2051013754516725","0,0,0"
41.75,102,AV,0,0,0,56,1797.659883656486,0.3,-5.685780313837749,"0.43993617021276593,0.2933933333333334,0.3629629629629628,0.3,0.56,0.10967548761954628","0,0,0"
60.45,74,AV,0,0,0,84,1411.5824788559885,0.2,-4.309604083173966,"0.309375,0.25805042016806723,0.3436888888888889,0.2,0.84,0.08612084971759994","0,0,0"
27.133333333333333,237,AV,1,0,0,45,4662.282088415262,0.3,-10.583579848409148,"0.33537606837606837,0.28287659033078877,0.3457619047619047,0.3,0.45,0.28444649964972557","0,0,0"
32.35,293,AV,1,0,0,60,11662.42845360034,0.4,-39.109046512522326,"0.378991452991453,0.2895206718346254,0.35829761904761903,0.4,0.6,0.7115264345082908","0,0,0"
23.0,294,AV,1,0,0,30,11861.36896338871,0.5,-35.44589471691166,"0.3292698412698412,0.257771144278607,0.3413452380952382,0.5,0.3,0.7236638235754265","0,0,0"
28.733333333333334,175,AV,1,0,0,47,3017.17067826153,0.4,-9.75690614364121,"0.3269583333333334,0.272171568627451,0.31570238095238096,0.4,0.47,0.18407801630231177","0,0,0"
41.233333333333334,223,AV,1,0,0,94,4237.057085974603,0.5,-23.05908929019606,"0.4168992248062016,0.29732415902140674,0.3632727272727272,0.5,0.94,0.2585034611947306","0,0,0"
17.683333333333334,234,AV,1,0,0,20,4617.1597275219765,0.3,-7.185361705682849,"0.3537619047619047,0.26828250591016545,0.35713095238095244,0.3,0.2,0.28169357793271527","0,0,0"
43.68333333333333,120,AV,2,0,0,92,2133.445027811215,0.2,-4.7068681968797925,"0.40094736842105255,0.2795505952380952,0.3418174603174603,0.2,0.92,0.1301617874782613","0,0,0"
17.55,211,AV,0,0,0,14,3783.636689084741,0.7,-11.73787291045607,"0.33115873015873026,0.25879230769230765,0.33147435897435895,0.7,0.14,0.23084021767594357","0,0,0"
31.3,81,AV,1,0,0,59,1526.0895405694364,0.1,-2.2062273388844282,"0.27885227272727275,0.2601709039548023,0.2831470588235294,0.1,0.59,0.0931069419942765","0,0,0"
19.233333333333334,251,AV,0,0,0,17,5064.807770076448,0.2,-4.919855359148334,"0.3349432624113476,0.2313871794871795,0.3325128205128205,0.2,0.17,0.3090046492846745","0,0,0"
28.833333333333332,73,AV,1,0,0,56,1404.912317929139,0.2,-3.0458739983311536,"0.4432166666666667,0.2902373737373736,0.33739583333333334,0.2,0.56,0.0857139022417153","0,0,0"
44.333333333333336,288,AV,1,0,0,95,8689.506535985933,0.4,-39.912605026468995,"0.38055660377358486,0.2918650137741046,0.36903125000000003,0.4,0.95,0.5301480414465347","0,0,0"
22.533333333333335,256,AV,1,0,0,22,5386.149373461946,0.1,-4.064845939781377,"0.32431292517006804,0.2717222222222222,0.29889583333333336,0.1,0.22,0.32860974664717757","0,0,0"
40.5,170,AV,1,0,0,91,2942.323800284961,0.2,-7.0183895914919665,"0.3900320512820513,0.28634514435695535,0.34806060606060607,0.2,0.91,0.17951159753004442","0,0,0"
31.033333333333335,266,AV,0,0,0,39,5960.007005011629,0.1,-4.6706788902911,"0.4139518518518519,0.2916506666666666,0.31010000000000004,0.1,0.39,0.36362088314558555","0,0,0"
28.833333333333332,168,AV,1,0,0,49,2909.8477340427667,0.2,-5.237404528530292,"0.44087301587301586,0.2901722222222222,0.39017647058823535,0.2,0.49,0.17753022806552007","0,0,0"
13.2,253,AV,1,0,0,4,5200.876525735832,0.2,-4.4672510171572215,"0.3426201550387597,0.2760666666666667,0.34455555555555556,0.2,0.04,0.3173062236049365","0,0,0"
15.666666666666666,174,AV,1,0,0,13,2991.769966736588,0.2,-3.367225394555886,"0.34159574468085113,0.2516921921921922,0.33782051282051284,0.2,0.13,0.1825283152450044","0,0,0"
41.05,144,AV,1,0,0,93,2472.005569054355,0.2,-6.125041848973801,"0.40178968253968256,0.25491600000000003,0.35320000000000007,0.2,0.93,0.1508174147118467","0,0,0"
39.71666666666667,76,AV,0,0,0,54,1446.9812594843625,0.3,-4.353732754231358,"0.472969696969697,0.3103243243243243,0.32983333333333337,0.3,0.54,0.08828053440648413","0,0,0"
36.25,172,AV,0,0,0,49,2971.291490045772,0.6,-16.319593411236248,"0.38410204081632654,0.2696491228070175,0.3385,0.6,0.49,0.18127892044168803","0,0,0"
33.35,3,AV,1,0,0,70,508.6019702527906,0.5,-3.1416509732235567,"0.3527333333333334,0.25757213930348255,0.32201515151515153,0.5,0.7,0.03102987923292612","0,0,0"
62.21666666666667,215,AV,0,0,0,86,3882.59008652233,1.0,-61.00045788294552,"0.3303214285714286,0.24006497175141245,0.3352916666666667,1.0,0.86,0.23687737866187128","0,0,0"
36.36666666666667,53,AV,1,0,0,81,1046.6558973464134,0.3,-3.8835898585983264,"0.2916076388888889,0.26554621848739496,0.3332753623188406,0.3,0.81,0.0638566265815816","0,0,0"
36.36666666666667,269,AV,0,0,0,50,6130.868263041086,0.2,-11.260567802992973,"0.3201846846846847,0.2568522727272728,0.3199285714285714,0.2,0.5,0.37404515303114005","0,0,0"
24.066666666666666,37,AV,1,0,0,33,904.859336063587,0.4,-3.1996917193195618,"0.300554347826087,0.263021021021021,0.3334423076923077,0.4,0.33,0.05520559801780429","0,0,0"
67.06666666666666,279,AV,0,0,0,98,7612.519032757181,0.2,-25.785165477958664,"0.3847712418300654,0.27311299435028247,0.35168749999999993,0.2,0.98,0.46444087923489674","0,0,0"
14.25,36,AV,0,0,0,11,902.2448599555772,0.9,-2.922043012356131,"0.33144230769230765,0.27884173669467793,0.33899999999999997,0.9,0.11,0.05504608845505409","0,0,0"
39.2,0,AV,1,0,0,88,437.5592869272848,0.6,-3.5988369769014494,"0.43251041666666673,0.30986554621848744,0.3544895833333333,0.6,0.88,0.02669555492254686","0,0,0"
19.316666666666666,151,AV,1,0,0,21,2580.565825479665,0.1,-2.2587861076308635,"0.37846590909090905,0.26568715846994534,0.31135294117647055,0.1,0.21,0.15744069154401974","0,0,0"
19.683333333333334,299,AV,1,0,0,24,16390.717038727882,0.3,-25.44120810951721,"0.39277927927927925,0.2826518817204301,0.35418253968253965,0.3,0.24,1.0","0,0,0"
44.93333333333333,94,AV,0,0,0,60,1659.6531244520008,0.3,-5.649526292326507,"0.4652209302325581,0.305771164021164,0.3700641025641026,0.3,0.6,0.1012556754247287","0,0,0"
5.2,8,AV,0,0,0,3,610.4868582393152,0.1,-0.08016494098092018,"0.28830999999999996,0.23973966942148764,0.3390666666666667,0.1,0.03,0.03724589087816358","0,0,0"
26.516666666666666,207,AV,1,0,0,45,3667.3634505223554,0.7,-18.18999442275567,"0.4415507246376812,0.29291666666666666,0.33530208333333333,0.7,0.45,0.2237463706961161","0,0,0"
44.3,63,AV,1,0,0,96,1167.011530479414,0.3,-4.916561424260457,"0.3359031007751938,0.2788529411764706,0.34775757575757565,0.3,0.96,0.0711995410403344","0,0,0"
50.2,232,AV,0,0,0,68,4559.760277629775,0.1,-5.780302170126634,"0.3420595238095238,0.27493713450292395,0.3102583333333333,0.1,0.68,0.27819162925307067","0,0,0"
8.783333333333333,166,AV,0,0,0,7,2872.269398564857,0.2,-1.2741464419559594,"0.35863,0.2605388888888889,0.3748333333333333,0.2,0.07,0.1752375684223135","0,0,0"
44.93333333333333,189,AV,1,0,0,94,3292.2479258152307,0.2,-8.471296639728841,"0.3223814102564104,0.2659453125,0.34489999999999993,0.2,0.94,0.20086051867263208","0,0,0"
45.516666666666666,158,AV,2,0,0,98,2675.3892374750885,0.3,-9.225363645889479,"0.3982727272727273,0.2804,0.3767843137254902,0.3,0.98,0.16322588152511547","0,0,0"
26.85,286,AV,1,0,0,46,8475.089255911002,0.2,-12.492734672788405,"0.4512037037037037,0.3152755376344087,0.39131944444444444,0.2,0.46,0.5170664124019781","0,0,0"
37.3,171,AV,1,0,0,81,2964.6777926145683,0.1,-3.7924869107202874,"0.25533625730994153,0.21245482866043616,0.3113,0.1,0.81,0.18087541781178007","0,0,0"
26.733333333333334,191,AV,1,0,0,43,3323.1633986738134,0.1,-3.2434150216636355,"0.44087499999999996,0.3072524154589372,0.3493194444444444,0.1,0.43,0.2027466761107439","0,0,0"
38.233333333333334,137,AV,1,0,0,87,2382.718205806423,0.1,-3.300486348535326,"0.4121855345911949,0.3064117647058824,0.3597638888888888,0.1,0.87,0.14536997985973107","0,0,0"
34.46666666666667,180,AV,1,0,0,69,3101.095365071405,0.3,-9.097304564353115,"0.3555158730158731,0.2476025641025641,0.3191363636363637,0.3,0.69,0.18919827349493964","0,0,0"
16.15,113,AV,1,0,0,14,2034.664800296876,0.1,-1.829793851636226,"0.335389880952381,0.2620349206349206,0.33702777777777776,0.1,0.14,0.12413519161421571","0,0,0"
13.9,204,AV,1,0,0,9,3623.60917519969,0.1,-2.271923422607972,"0.3881928104575163,0.30232894736842103,0.3568771929824561,0.1,0.09,0.2210769160762064","0,0,0"
24.983333333333334,78,AV,1,0,0,35,1467.6871321740252,0.1,-1.9259524457613066,"0.29396540880503147,0.23306932153392332,0.2957222222222222,0.1,0.35,0.0895438026723409","0,0,0"
16.016666666666666,225,AV,1,0,0,14,4412.688598555705,0.3,-6.354285029308121,"0.41550925925925924,0.2927218309859156,0.36922222222222223,0.3,0.14,0.2692187649954198","0,0,0"
25.75,164,AV,1,0,0,40,2835.850686157305,0.2,-4.688038139825788,"0.3770200000000001,0.27928787878787886,0.35993749999999997,0.2,0.4,0.17301565754913437","0,0,0"
42.583333333333336,209,AV,1,0,0,99,3773.073658575576,0.4,-17.229298312559926,"0.35162499999999997,0.25824474474474485,0.3295789473684211,0.4,0.99,0.2301957656678827","0,0,0"
22.083333333333332,127,AV,1,0,0,26,2218.0502812558643,0.2,-3.47383554096298,"0.4275570175438596,0.3189846153846153,0.364969696969697,0.2,0.26,0.13532356613899618","0,0,0"
35.78333333333333,66,AV,1,0,0,75,1265.4739572733297,0.1,-2.1435069807516154,"0.3258362573099415,0.26262711864406785,0.35001111111111116,0.1,0.75,0.07720674783679542","0,0,0"
20.9,57,AV,1,0,0,25,1083.524948441525,0.7,-5.003022726186745,"0.3987925925925925,0.2843333333333334,0.3483461538461539,0.7,0.25,0.0661060126827508","0,0,0"
50.13333333333333,229,AV,0,0,0,68,4504.939201911708,0.1,-5.703222693329301,"0.445783950617284,0.2821239316239316,0.34588888888888897,0.1,0.68,0.27484698755200676","0,0,0"
31.3,80,AV,2,0,0,33,1519.7273932229994,0.1,-1.2011986719161587,"0.35168,0.28549074074074077,0.32804761904761903,0.1,0.33,0.09271878647115908","0,0,0"
32.3,196,AV,1,0,0,62,3414.9419898187493,0.6,-17.712519131991755,"0.4302875816993465,0.2798390313390314,0.3803106060606059,0.6,0.62,0.20834610113455965","0,0,0"
42.46666666666667,7,AV,1,0,0,96,583.3206434887895,0.1,-1.6255475587581802,"0.462695652173913,0.2768785529715762,0.3689222222222222,0.1,0.96,0.03558847621556294","0,0,0"
22.633333333333333,224,AV,0,0,0,20,4281.8327360815,0.2,-4.894552908753095,"0.3608297872340425,0.26717466666666667,0.3298333333333334,0.2,0.2,0.2612352300368808","0,0,0"
26.15,238,AV,0,0,0,23,4707.821121085941,0.4,-12.435305284484581,"0.40173749999999997,0.2649693333333334,0.33800877192982454,0.4,0.23,0.28722484257170267","0,0,0"
38.05,39,AV,0,0,0,51,913.5589076746268,0.2,-1.7556018402535125,"0.39457516339869286,0.24864021164021163,0.34952564102564104,0.2,0.51,0.05573636013092506","0,0,0"
60.483333333333334,100,AV,0,0,0,85,1778.835052690156,0.9,-24.452243962926428,"0.3313645833333333,0.2801515151515151,0.367875,0.9,0.85,0.10852698197932012","0,0,0"
26.0,11,AV,1,0,0,42,623.7253316558669,0.2,-1.8190332637905322,"0.3813111111111111,0.2755638020833333,0.3471666666666667,0.2,0.42,0.038053572042158534","0,0,0"
30.383333333333333,267,AV,1,0,0,58,6007.794801579103,0.1,-5.6095159609758865,"0.33941830065359474,0.2539543010752688,0.29985555555555554,0.1,0.58,0.3665364234757957","0,0,0"
20.466666666666665,85,AV,1,0,0,22,1546.5147326922538,0.8,-7.39434374325282,"0.369517730496454,0.27268181818181814,0.3518181818181818,0.8,0.22,0.09435308589844842","0,0,0"
47.416666666666664,21,AV,2,0,0,99,779.2240782816187,0.3,-2.799106695342431,"0.46265723270440245,0.29022834645669293,0.3748666666666666,0.3,0.99,0.047540572901141116","0,0,0"
24.333333333333332,70,AV,0,0,0,21,1365.417472605012,0.7,-5.873134078292603,"0.3013368794326241,0.2602203389830509,0.3191866666666667,0.7,0.21,0.08330431605760824","0,0,0"
28.85,169,AV,1,0,0,51,2927.9701715656583,0.1,-3.133129784082557,"0.37665359477124194,0.2711585365853659,0.3310208333333333,0.1,0.51,0.17863588058090862","0,0,0"
32.71666666666667,5,AV,0,0,0,44,567.9518330451218,0.1,-0.4692295657691811,"0.4153594771241831,0.3013091168091167,0.3964999999999999,0.1,0.44,0.03465082288365841","0,0,0"
5.166666666666667,47,AV,0,0,0,2,981.8973671489576,0.3,-0.3843285149194153,"0.4048837209302325,0.265984126984127,0.34454761904761905,0.3,0.02,0.05990569935585715","0,0,0"
30.516666666666666,201,AV,1,0,0,56,3508.846318545673,0.4,-11.815989241173616,"0.4233395061728396,0.29179879879879883,0.33938235294117647,0.4,0.56,0.2140752177134773","0,0,0"
26.233333333333334,186,AV,0,0,0,24,3236.647802754315,0.5,-10.720714733870564,"0.4013301886792452,0.2719197530864198,0.33734210526315783,0.5,0.24,0.19746834718132122","0,0,0"
20.733333333333334,187,AV,1,0,0,21,3252.767976975094,1.0,-18.030485536014382,"0.40647278911564627,0.28363440860215056,0.3680444444444444,1.0,0.21,0.19845184132515217","0,0,0"
14.433333333333334,108,AV,0,0,0,8,1929.5758599688188,0.1,-0.7032881711839214,"0.4908405797101449,0.30268666666666666,0.35093939393939394,0.1,0.08,0.11772370027556629","0,0,0"
8.766666666666667,129,AV,0,0,0,6,2225.3307045190536,0.1,-0.4926447603438646,"0.4236666666666667,0.2948140350877193,0.3619420289855072,0.1,0.06,0.13576774580764567","0,0,0"
12.533333333333333,33,AV,0,0,0,8,871.0408974081768,0.1,-0.2756829776308708,"0.31640624999999994,0.2566484593837534,0.28767777777777775,0.1,0.08,0.0531423302196046","0,0,0"
31.816666666666666,245,AV,2,0,0,34,4950.077303955518,0.5,-19.885727216437466,"0.3147578616352202,0.2432352150537634,0.3696923076923077,0.5,0.34,0.30200492707301985","0,0,0"
22.216666666666665,192,AV,2,0,0,3,3352.9358316496982,0.6,-11.286523897952138,"0.4463333333333333,0.3062117486338798,0.3718611111111111,0.6,0.03,0.20456309652148852","0,0,0"
31.733333333333334,87,AV,1,0,0,62,1564.4426034616197,0.7,-9.775627533222417,"0.32292792792792796,0.2526549479166667,0.30263888888888885,0.7,0.62,0.09544686786826742","0,0,0"
38.78333333333333,160,AV,1,0,0,88,2756.9260540590044,0.1,-3.700070255806104,"0.408656862745098,0.2833613333333334,0.3694404761904762,0.1,0.88,0.16820045441239434","0,0,0"
38.25,107,AV,1,0,0,84,1885.557658153182,0.2,-4.6425545668868295,"0.4288130081300812,0.28672404371584703,0.3209090909090909,0.2,0.84,0.1150381434624244","0,0,0"
38.36666666666667,298,AV,1,0,0,84,15725.918848752755,0.7,-107.65296983535434,"0.40538392857142846,0.286297619047619,0.34902380952380946,0.7,0.84,0.9594405669743218","0,0,0"
27.283333333333335,34,AV,1,0,0,41,873.8892656114449,0.1,-1.602086164901488,"0.32404471544715435,0.2657325870646766,0.3388222222222222,0.1,0.41,0.05331610957267","0,0,0"
25.916666666666668,173,AV,1,0,0,40,2987.078671303881,0.2,-4.909854658146074,"0.4101532258064515,0.29937788778877894,0.3666754385964912,0.2,0.4,0.18224209863705357","0,0,0"
37.7,97,AV,1,0,0,82,1697.366940102563,0.5,-9.079638086094272,"0.3622642276422765,0.2812876344086021,0.3367111111111112,0.5,0.82,0.10355660073272177","0,0,0"
21.816666666666666,290,AV,1,0,0,23,10426.353459350525,0.1,-6.744148433623668,"0.3053636363636364,0.25262247474747473,0.3348690476190476,0.1,0.23,0.636113321626821","0,0,0"
15.966666666666667,155,AV,1,0,0,12,2629.980017260476,0.1,-2.0604044008987947,"0.4622169811320754,0.28694837758112096,0.3429102564102564,0.1,0.12,0.16045545847972215","0,0,0"
26.5,181,AV,1,0,0,46,3132.463358685509,0.2,-5.192438333594242,"0.4690869565217392,0.2995766129032258,0.3483166666666666,0.2,0.46,0.19111203928932116","0,0,0"
46.61666666666667,165,AV,0,0,0,63,2857.8751728516777,0.1,-3.3642579370648753,"0.4639413580246913,0.3145084745762712,0.3761851851851853,0.1,0.63,0.17435937464475218","0,0,0"
42.46666666666667,276,AV,1,0,0,99,6995.337061486569,0.2,-16.003467030865135,"0.43665,0.289385752688172,0.3508020833333333,0.2,0.99,0.42678651854937344","0,0,0"
31.9,1,AV,1,0,0,59,477.1303205766694,0.1,-1.3843549804645394,"0.42128911564625854,0.28134933333333334,0.32949999999999996,0.1,0.59,0.029109789367317424","0,0,0"
42.25,69,AV,1,0,0,98,1323.5149786113286,0.1,-2.412083531472945,"0.3556884057971015,0.25119658119658117,0.3291979166666667,0.1,0.98,0.0807478388824684","0,0,0"
12.366666666666667,252,AV,0,0,0,10,5168.6614957092925,0.5,-8.070595180589846,"0.35793840579710157,0.27320564516129037,0.3526363636363636,0.5,0.1,0.3153407799974102","0,0,0"
33.61666666666667,182,AV,2,0,0,51,3158.0604616132755,0.1,-2.6808956023038624,"0.35611,0.23733736559139784,0.3203541666666666,0.1,0.51,0.19267372221431378","0,0,0"
39.43333333333333,148,AV,1,0,0,92,2553.8725848963804,0.1,-3.5431239629060753,"0.4206666666666667,0.293810298102981,0.31072916666666667,0.1,0.92,0.15581213310327466","0,0,0"
30.466666666666665,212,AV,1,0,0,49,3793.837230001502,0.1,-3.918827633182974,"0.49501111111111123,0.285502624671916,0.35227777777777775,0.1,0.49,0.2314625541419236","0,0,0"
27.766666666666666,23,AV,0,0,0,34,793.0252767736928,0.5,-2.7802611765677026,"0.3204222222222222,0.26811061946902653,0.33037500000000003,0.5,0.34,0.048382586002792785","0,0,0"
21.033333333333335,30,AV,0,0,0,19,845.7864251007381,0.1,-0.44923504565535843,"0.37440070921985824,0.266068870523416,0.33074074074074067,0.1,0.19,0.05160155123795496","0,0,0"
36.63333333333333,109,AV,1,0,0,81,1942.5668635563816,1.0,-18.970378645189086,"0.4024603174603174,0.2830165394402036,0.33803921568627454,1.0,0.81,0.11851628326976159","0,0,0"
17.683333333333334,163,AV,1,0,0,16,2793.3389947689566,0.1,-2.2473622363004475,"0.36865853658536596,0.28761282051282056,0.38644444444444437,0.1,0.16,0.1704220131534742","0,0,0"
23.833333333333332,289,AV,1,0,0,33,9280.176126726552,0.3,-17.75587356214516,"0.32935344827586205,0.2732355769230769,0.33258333333333334,0.3,0.33,0.5661848779891332","0,0,0"
24.533333333333335,58,AV,1,0,0,30,1097.8259349569896,1.0,-7.801345859666199,"0.3371808510638297,0.2567083333333333,0.3558333333333333,1.0,0.3,0.06697851792347177","0,0,0"
33.31666666666667,291,AV,1,0,0,57,10783.100237376317,0.3,-28.216436078933402,"0.3514883720930232,0.23688671875,0.32249122807017544,0.3,0.57,0.6578784937777936","0,0,0"
36.06666666666667,27,AV,1,0,0,77,818.0604611907775,0.4,-3.980274138075493,"0.36678086419753086,0.29529790026246716,0.353537037037037,0.4,0.77,0.049909986198765396","0,0,0"
29.2,156,AV,1,0,0,48,2645.062412614309,0.4,-8.80159822710483,"0.39796527777777774,0.277042735042735,0.34818750000000004,0.4,0.48,0.16137563758587084","0,0,0"
23.916666666666668,242,AV,1,0,0,33,4818.617258984985,0.3,-9.730701725559916,"0.34932993197278916,0.2764671916010499,0.3168214285714286,0.3,0.33,0.2939845308536281","0,0,0"
24.216666666666665,18,AV,1,0,0,37,753.5670156580491,0.1,-1.4608303340703472,"0.3681205673758865,0.27399043715847,0.3639404761904762,0.1,0.37,0.045975231826498236","0,0,0"
42.06666666666667,55,AV,1,0,0,95,1059.8377785859489,0.2,-3.2517092198240194,"0.3967424242424243,0.2815889724310778,0.33516666666666667,0.2,0.95,0.064660855048731","0,0,0"
7.066666666666666,140,AV,0,0,0,3,2417.357356239525,0.2,-0.8627605379171368,"0.4274361702127659,0.27549262536873154,0.314725,0.2,0.03,0.14748331940132994","0,0,0"
29.933333333333334,9,AV,2,0,0,28,616.3739675020589,0.2,-0.9318246175367827,"0.31583687943262406,0.25767397660818714,0.3402456140350878,0.2,0.28,0.03760506425958635","0,0,0"
29.033333333333335,240,AV,1,0,0,53,4735.166802079286,0.9,-32.24492639856862,"0.35249629629629614,0.2890112781954887,0.30401388888888886,0.9,0.53,0.28889320649554645","0,0,0"
36.083333333333336,62,AV,1,0,0,79,1141.5133047894662,0.2,-3.0802830849067298,"0.3830045045045044,0.2739973958333333,0.30117592592592596,0.2,0.79,0.06964389062981845","0,0,0"
38.36666666666667,121,AV,1,0,0,82,2137.1188228190404,0.6,-13.423352348811695,"0.32851129943502827,0.2564983974358974,0.3215588235294118,0.6,0.82,0.13038592623919196","0,0,0"
17.983333333333334,280,AV,1,0,0,20,7864.29237148983,0.4,-15.285473853261829,"0.38904166666666656,0.2663517060367454,0.32025925925925924,0.4,0.2,0.4798016067819443","0,0,0"
63.75,183,AV,0,0,0,90,3159.4556453821087,0.1,-5.08624488366438,"0.33925724637681154,0.2519652777777778,0.3319285714285714,0.1,0.9,0.19275884257637826","0,0,0"
65.75,119,AV,0,0,0,94,2123.4400354784907,0.6,-21.15396702010769,"0.41524842767295594,0.28251075268817205,0.3437179487179487,0.6,0.94,0.12955138145947123","0,0,0"
55.516666666666666,239,AV,0,0,0,75,4717.175795221327,0.3,-19.839536078134138,"0.4236314102564102,0.27543732193732184,0.3410686274509803,0.3,0.75,0.28779557258389693","0,0,0"
28.533333333333335,265,AV,2,0,0,31,5913.041300376779,0.6,-25.56345127839658,"0.45018888888888897,0.30082051282051286,0.35787777777777785,0.6,0.31,0.3607554987622251","0,0,0"
19.7,162,AV,1,0,0,20,2780.081336731352,0.8,-12.064162087597502,"0.39046453900709216,0.30328333333333335,0.35125,0.8,0.2,0.16961316153299416","0,0,0"
17.233333333333334,188,AV,1,0,0,14,3257.969850357721,0.2,-3.83564042531135,"0.3292152777777778,0.25658265582655826,0.34374999999999994,0.2,0.14,0.19876920836713918","0,0,0"
19.133333333333333,71,AV,1,0,0,20,1386.7650627050614,0.1,-1.6700363181756779,"0.33674528301886797,0.2844634146341463,0.31765476190476194,0.1,0.2,0.08460673559481392","0,0,0"
29.616666666666667,136,AV,0,0,0,37,2352.9451803313505,0.2,-3.5195148025663388,"0.29211299435028243,0.24891666666666662,0.367530303030303,0.2,0.37,0.14355352330052593","0,0,0"
40.53333333333333,220,AV,1,0,0,92,4021.28082322038,0.7,-29.81240940004366,"0.3476160714285714,0.2854060606060606,0.34850000000000003,0.7,0.92,0.2453389204217804","0,0,0"
31.183333333333334,6,AV,0,0,0,42,572.7967315704935,0.3,-1.3531599555156484,"0.3891063829787234,0.2924327956989247,0.3548947368421053,0.3,0.42,0.034946410838347895","0,0,0"
51.95,145,AV,0,0,0,71,2476.7673195544394,0.5,-16.245967455915796,"0.5043560606060606,0.33982644628099173,0.4084416666666666,0.5,0.71,0.15110792979357457","0,0,0"
63.88333333333333,194,AV,0,0,0,93,3362.377553451843,1.0,-54.242395464566144,"0.3599874213836478,0.2752486338797814,0.32830000000000004,1.0,0.93,0.20513913732433053","0,0,0"
42.63333333333333,231,AV,2,0,0,62,4549.115907877681,0.6,-29.38545073826037,"0.37424702380952374,0.2722977207977208,0.3553137254901961,0.6,0.62,0.2775422147261196","0,0,0"
41.86666666666667,13,AV,1,0,0,97,670.158540600369,0.1,-1.7085177836650365,"0.32559090909090904,0.25526353276353275,0.3492028985507246,0.1,0.97,0.04088646878699221","0,0,0"
19.6,147,AV,1,0,0,20,2520.757475212996,0.1,-2.2476476392468365,"0.35548484848484846,0.28341393442622953,0.37348717948717947,0.1,0.2,0.153791775506646","0,0,0"
15.4,297,AV,1,0,0,6,14312.770160915026,0.2,-12.132154569600576,"0.4705571428571429,0.2923022988505747,0.36431666666666673,0.2,0.06,0.8732241626218611","0,0,0"
15.233333333333333,230,AV,1,0,0,11,4505.18942297478,0.1,-2.733056873989457,"0.42891987179487173,0.29540972222222217,0.3241372549019609,0.1,0.11,0.27486225357499294","0,0,0"
62.016666666666666,250,AV,0,0,0,86,5051.78348307234,0.1,-7.9114841500472135,"0.34805263157894734,0.2783893557422969,0.309952380952381,0.1,0.86,0.30821003566445676","0,0,0"
30.566666666666666,157,AV,1,0,0,58,2667.9339807116767,0.3,-7.17801883917325,"0.4268636363636363,0.2984583333333333,0.3297592592592592,0.3,0.58,0.1627710352395139","0,0,0"
6.933333333333334,84,AV,0,0,0,6,1530.6528609905624,0.1,-0.2679930935067652,"0.4000625,0.27825065616797906,0.3471666666666667,0.1,0.06,0.09338535082839546","0,0,0"
39.7,52,AV,1,0,0,84,1040.734547163155,0.1,-2.043362664706496,"0.40706000000000003,0.28012250712250714,0.36049275362318844,0.1,0.84,0.06349536415668174","0,0,0"
37.21666666666667,14,AV,2,0,0,54,741.34301771214,0.3,-2.0901754527161724,"0.3575034722222222,0.2925702479338843,0.33682142857142855,0.3,0.54,0.045229443956631026","0,0,0"
53.75,233,AV,0,0,0,71,4577.590037133467,0.1,-6.213269305452624,"0.4577361111111112,0.31008020050125323,0.3780384615384616,0.1,0.71,0.27927942544048356","0,0,0"
42.28333333333333,46,AV,1,0,0,91,978.4447105201264,0.1,-2.0447450465444277,"0.41132051282051285,0.2932485632183908,0.35178703703703706,0.1,0.91,0.05969505227918116","0,0,0"
35.96666666666667,202,AV,1,0,0,70,3520.054626539052,0.2,-7.394173303090299,"0.4077765957446809,0.3116010498687664,0.36914583333333334,0.2,0.7,0.21475903819350242","0,0,0"
20.916666666666668,213,AV,0,0,0,18,3822.7735841463273,1.0,-20.191838586294786,"0.39121874999999995,0.2898795518207283,0.35970289855072457,1.0,0.18,0.23322796526313658","0,0,0"
41.56666666666667,285,AV,1,0,0,94,8436.938288223368,0.1,-9.855944482672172,"0.3404779874213837,0.25656097560975616,0.31335714285714283,0.1,0.94,0.5147388163854347","0,0,0"
36.43333333333333,159,AV,1,0,0,79,2747.619709803412,0.2,-6.055805290934561,"0.3474280303030303,0.2699194444444444,0.3403571428571428,0.2,0.79,0.16763267301310575","0,0,0"
39.71666666666667,255,AV,0,0,0,53,5354.15698790508,0.4,-21.479724077740418,"0.3627485875706214,0.2899480122324159,0.35560714285714284,0.4,0.53,0.3266578866107146","0,0,0"
15.75,221,AV,1,0,0,16,4034.238052294327,0.7,-12.231685486501252,"0.38453409090909096,0.26936328125,0.3609444444444445,0.7,0.16,0.2461294428280505","0,0,0"
32.166666666666664,254,AV,1,0,0,57,5304.212874057136,0.3,-13.925670261275595,"0.34483333333333327,0.27705405405405403,0.33599122807017545,0.3,0.57,0.32361078905360735","0,0,0"
43.18333333333333,259,AV,0,0,0,60,5502.789496653042,0.7,-42.005089688887296,"0.28502721088435373,0.22788151041666663,0.2694545454545455,0.7,0.6,0.3357259773108819","0,0,0"
22.416666666666668,56,AV,1,0,0,29,1062.4074567339185,0.2,-2.2028097889790574,"0.36203636363636366,0.2533221288515406,0.31542708333333336,0.2,0.29,0.06481763148150681","0,0,0"
15.766666666666667,219,AV,0,0,0,12,3971.0791127863904,0.1,-1.5810777949056924,"0.34765999999999997,0.26111653116531164,0.34634313725490196,0.1,0.12,0.2422761068599714","0,0,0"
35.45,153,AV,1,0,0,69,2619.168197182975,0.2,-5.689369322734164,"0.3964693877551021,0.28825,0.3637833333333333,0.2,0.69,0.1597958277843746","0,0,0"
41.43333333333333,167,AV,0,0,0,57,2898.378436294527,0.1,-3.0325626231600142,"0.4158674242424243,0.2883669154228856,0.37752777777777774,0.1,0.57,0.1768304845630766","0,0,0"
32.733333333333334,123,AV,1,0,0,63,2142.030696222753,0.4,-8.082404524211258,"0.4295703703703703,0.27143644067796613,0.3593333333333334,0.4,0.63,0.13068560034082563","0,0,0"
15.483333333333333,217,AV,1,0,0,12,3941.04555698938,0.2,-4.081844547511055,"0.42805654761904754,0.27067630853994495,0.3575925925925926,0.2,0.12,0.24044375530841652","0,0,0"
15.05,31,AV,1,0,0,10,857.6590975250949,0.3,-1.9778613195267178,"0.4387101449275362,0.28245402298850575,0.32669298245614037,0.3,0.1,0.05232590468730706","0,0,0"
33.35,149,AV,1,0,0,67,2561.5826276178027,0.2,-5.314584880356249,"0.2963115942028986,0.23991666666666667,0.3069907407407407,0.2,0.67,0.15628252391675798","0,0,0"
45.11666666666667,114,AV,0,0,0,61,2043.1688306873104,0.2,-4.6556043978708335,"0.35931081081081073,0.25893880208333336,0.3225648148148148,0.2,0.61,0.1246540237293905","0,0,0"
11.2,22,AV,1,0,0,4,783.6834518391023,0.1,-1.2216478449645947,"0.3208825757575758,0.25888242894056845,0.3648431372549019,0.1,0.04,0.04781263992218401","0,0,0"
17.333333333333332,40,AV,0,0,0,13,926.7012599248138,0.1,-0.4056268141085043,"0.3127006802721089,0.2524206989247311,0.31683333333333336,0.1,0.13,0.05653817692875852","0,0,0"
58.81666666666667,198,AV,0,0,0,82,3476.696831582168,0.2,-10.32766255778912,"0.33268269230769226,0.24741475826972006,0.3375714285714286,0.2,0.82,0.2121137728976378","0,0,0"
27.4,90,AV,1,0,0,48,1594.6992934726818,0.2,-3.2068060929874482,"0.4007962962962964,0.2940501618122977,0.2957037037037037,0.2,0.48,0.09729283287026043","0,0,0"
11.733333333333333,236,AV,1,0,0,2,4656.548587392589,0.3,-5.139154299904523,"0.4216987179487179,0.2466765536723164,0.3467843137254903,0.3,0.02,0.28409669792908543","0,0,0"
23.066666666666666,142,AV,1,0,0,32,2436.431929205765,0.2,-3.83840218015217,"0.3269102564102564,0.24463824289405683,0.3222727272727273,0.2,0.32,0.1486470618368299","0,0,0"
15.2,131,AV,1,0,0,9,2293.603195459698,0.3,-3.6411188311354095,"0.3791637931034482,0.29406086956521743,0.3413333333333333,0.3,0.09,0.1399330602828654","0,0,0"
52.05,67,AV,0,0,0,69,1275.9312017726234,1.0,-16.770762386935615,"0.3904296296296297,0.2832735368956743,0.36164285714285715,1.0,0.69,0.07784474582520468","0,0,0"
39.65,92,AV,1,0,0,89,1626.914224999384,0.4,-7.5158736385076335,"0.35846453900709213,0.2689166666666667,0.33995238095238095,0.4,0.89,0.09925827046829748","0,0,0"
20.183333333333334,48,AV,1,0,0,22,1014.5614647146556,0.6,-4.102610943862242,"0.396936507936508,0.27465582655826565,0.35145999999999994,0.6,0.22,0.061898540638426994","0,0,0"
45.016666666666666,106,AV,1,0,0,98,1862.7228332236152,0.2,-5.2350289331119395,"0.4048208333333333,0.25641025641025644,0.3255416666666667,0.2,0.98,0.11364498751472468","0,0,0"
39.68333333333333,98,AV,1,0,0,90,1718.6657268339234,0.1,-2.72228244763955,"0.35355864197530856,0.2754133858267717,0.3266851851851852,0.1,0.9,0.1048560427693963","0,0,0"
22.6,226,AV,0,0,0,21,4416.224882412617,0.4,-10.081483064901532,"0.33209803921568626,0.2731758409785932,0.33293750000000005,0.4,0.21,0.26943451418128866","0,0,0"
30.2,43,AV,1,0,0,56,954.0002559944874,0.1,-1.7275456497735737,"0.3866976744186046,0.27508974358974353,0.3151666666666667,0.1,0.56,0.058203692598705815","0,0,0"
39.68333333333333,152,AV,1,0,0,82,2612.3907844155665,0.2,-6.235776479539952,"0.41661805555555553,0.2920063613231552,0.32466666666666666,0.2,0.82,0.15938233685829767","0,0,0"
19.066666666666666,246,AV,1,0,0,21,4967.653125719208,1.0,-24.918329864573963,"0.28616352201257866,0.2464938271604938,0.34813157894736846,1.0,0.21,0.3030772304824535","0,0,0"
48.35,141,AV,0,0,0,65,2421.0391237858234,0.4,-11.823963801519653,"0.42016666666666663,0.30295575221238935,0.3599615384615385,0.4,0.65,0.14770794456797756","0,0,0"
15.066666666666666,154,AV,1,0,0,12,2622.7149314101284,0.2,-2.9957359410730273,"0.37573750000000006,0.23604005167958658,0.29570512820512823,0.2,0.12,0.16001221454883238","0,0,0"
19.883333333333333,272,AV,1,0,0,21,6446.254396158338,0.1,-4.236692548239435,"0.3757938596491228,0.27663333333333334,0.38336904761904755,0.1,0.21,0.39328690629745905","0,0,0"
20.383333333333333,19,AV,1,0,0,22,776.0711537761008,0.3,-2.198402804379004,"0.3691969696969698,0.26592447916666667,0.33464814814814825,0.3,0.22,0.04734821252434563","0,0,0"
39.61666666666667,104,AV,1,0,0,92,1823.811293294481,0.1,-2.8245788906401437,"0.3503819444444444,0.25657246376811593,0.3370987654320987,0.1,0.92,0.11127098887652025","0,0,0"
17.3,2,AV,1,0,0,18,497.26542980048754,0.6,-2.303438172052793,"0.33894217687074835,0.25923360655737704,0.3157982456140351,0.6,0.18,0.030338235272169726","0,0,0"
53.71666666666667,283,AV,0,0,0,72,8011.326014866212,0.5,-54.336076906384264,"0.41573899371069195,0.29188844086021504,0.3600897435897435,0.5,0.72,0.48877215047621786","0,0,0"
40.583333333333336,228,AV,1,0,0,90,4446.537177105173,0.2,-10.113904062500923,"0.4341045751633987,0.297741469816273,0.34718333333333334,0.2,0.9,0.27128387163288364","0,0,0"
36.65,125,AV,2,0,0,53,2193.4249838744518,0.1,-2.0300259004797643,"0.3703401360544218,0.286906162464986,0.3358560606060606,0.1,0.53,0.1338211732099237","0,0,0"
41.18333333333333,243,AV,1,0,0,92,4924.983441788647,0.1,-6.121899867281037,"0.41113265306122443,0.290111559139785,0.37209803921568624,0.1,0.92,0.3004739469391075","0,0,0"
19.783333333333335,277,AV,1,0,0,19,7081.334819999852,0.1,-4.537687050227198,"0.37606535947712416,0.27935200000000004,0.3563928571428572,0.1,0.19,0.43203325414428906","0,0,0"
28.566666666666666,177,AV,1,0,0,48,3046.5766145774583,0.1,-3.1977408743206075,"0.4069551282051282,0.2841162464985994,0.3316929824561404,0.1,0.48,0.18587207669920885","0,0,0"
28.483333333333334,235,AV,1,0,0,46,4630.913868273173,0.1,-4.330905640100527,"0.46029696969696965,0.3092672672672672,0.3557017543859649,0.1,0.46,0.28253272003483915","0,0,0"
36.016666666666666,161,AV,1,0,0,78,2761.3662775036096,0.1,-3.511495170742972,"0.3564285714285715,0.25741729323308277,0.31782222222222223,0.1,0.78,0.16847135308230085","0,0,0"
27.75,258,AV,0,0,0,33,5480.041794665195,0.9,-34.56162722771799,"0.31719858156028363,0.24485818713450297,0.3077583333333333,0.9,0.33,0.3343381367463661","0,0,0"
24.3,65,AV,0,0,0,22,1249.5878531833848,0.1,-0.7667925462716226,"0.35482051282051275,0.26268079096045205,0.3305666666666667,0.1,0.22,0.07623753434525571","0,0,0"
35.15,122,AV,1,0,0,71,2141.869626207308,0.1,-2.901179731343103,"0.41155208333333326,0.28043304843304845,0.30513333333333326,0.1,0.71,0.13067577343605605","0,0,0"
33.05,20,AV,1,0,0,64,777.0630287344238,0.2,-2.2970673282662983,"0.36609259259259264,0.2610598705501618,0.30927536231884056,0.2,0.64,0.04740872695797165","0,0,0"
15.2,116,AV,1,0,0,4,2088.64210540395,0.3,-3.4051030304651544,"0.342090579710145,0.25077410468319555,0.3388725490196078,0.3,0.04,0.12742835474914976","0,0,0"
21.0,244,AV,1,0,0,25,4934.883137056144,0.1,-3.616983481772198,"0.3185900900900901,0.26297242206235016,0.2862261904761905,0.1,0.25,0.30107792876882894","0,0,0"
